pair_id,background_id,condition,group_id,pos_a,pos_b,distance,seq_wt,id_wt,y_wt,seq_a,id_a,y_a,seq_b,id_b,y_b,seq_ab,id_ab,y_ab,epsilon,epsilon_se,s_wt,s_a,s_b,s_ab,model_interaction,flip,epsilon_refalt,additive_zero,fold,calibrated_model,training_mean,training_median,sequence_only_kmer_ridge,majority_sign
chr10:100175060:C:T;chr10:100175082:C:T;var1;middle;OL41|K562|e3aecb97083036db,chr10:100175060:C:T;chr10:100175082:C:T;var1;middle;OL41,K562,K562_region_00253,100,122,22,ACGGGGTGGAGCAGGGAGGAAGCAGGAAGAGGAGGAGCTGCAGTCCCCCTCCAGGCCCCCTCCACCATGCATTCTTGGCCACAGGCCAGCCTCCTGCTGCCCTGGGGCTGTGCTGGGCCGTCGGGAGTGTTGCCTATTAACCAGGCGGTGTCACCTCCAGGATGCAGGGGATAATGGCAAAACTGACAATCCACTGGGGT,2d382c4ea9af75c531a2b9a014f8cc1a415bf800ee28db574eb02765ee67d569,0.0,ACGGGGTGGAGCAGGGAGGAAGCAGGAAGAGGAGGAGCTGCAGTCCCCCTCCAGGCCCCCTCCACCATGCATTCTTGGCCACAGGCCAGCCTCCTGCTGTCCTGGGGCTGTGCTGGGCCGTCGGGAGTGTTGCCTATTAACCAGGCGGTGTCACCTCCAGGATGCAGGGGATAATGGCAAAACTGACAATCCACTGGGGT,e212d1b058e225d21015105bebf716b7a18cb19bf8aaf0ae125a6d0ede42d954,-0.0441236144177728,ACGGGGTGGAGCAGGGAGGAAGCAGGAAGAGGAGGAGCTGCAGTCCCCCTCCAGGCCCCCTCCACCATGCATTCTTGGCCACAGGCCAGCCTCCTGCTGCCCTGGGGCTGTGCTGGGCCGTTGGGAGTGTTGCCTATTAACCAGGCGGTGTCACCTCCAGGATGCAGGGGATAATGGCAAAACTGACAATCCACTGGGGT,2ebe756d8a9630fbf6f747367ce4f0ba248dff37bff0b116d1f01eca48b94cfa,0.409142254821988,ACGGGGTGGAGCAGGGAGGAAGCAGGAAGAGGAGGAGCTGCAGTCCCCCTCCAGGCCCCCTCCACCATGCATTCTTGGCCACAGGCCAGCCTCCTGCTGTCCTGGGGCTGTGCTGGGCCGTTGGGAGTGTTGCCTATTAACCAGGCGGTGTCACCTCCAGGATGCAGGGGATAATGGCAAAACTGACAATCCACTGGGGT,e3aecb97083036dbaceebc31f9b9098e11d56d09bd8b23a87eea4a69c6541a64,0.540440549920417,0.1754219095162018,0.180139204836825,-300.57904150057584,-300.13688782416284,-299.6813526302576,-298.03767712879926,1.2015218250453472,-1.0,-0.1754219095162018,0.0,0,0.18731927477717447,0.18565657667894103,0.15145376406925343,0.3183317331351777,1.0
chr10:100175477:A:G;chr10:100175532:A:C;var1;middle;OL41|K562|23c60b081fc32523,chr10:100175477:A:G;chr10:100175532:A:C;var1;middle;OL41,K562,K562_region_00254,100,155,55,TCTGCCAGTGCAGAGTGGTGATGCCTCTACGCCCACAGGAGGCGCCCAGGGCGGCCATCTAGCGTCACCACGACCAGGGCCTTCAGACACCGCAGAGGCAGCTGTGTCTGTCGCTGAGGAGCACTGGAGTCCTCTCCTAAATGCTCAAACACAAACCCACAACGAGGGCTTAGGGGCAAGTTCGCTGTCTGTAATTCTCT,bbb08e59feec9d9ee6893dd50d41efe2ada2ef76a1affb83bd5bb31e03f97edc,0.0,TCTGCCAGTGCAGAGTGGTGATGCCTCTACGCCCACAGGAGGCGCCCAGGGCGGCCATCTAGCGTCACCACGACCAGGGCCTTCAGACACCGCAGAGGCGGCTGTGTCTGTCGCTGAGGAGCACTGGAGTCCTCTCCTAAATGCTCAAACACAAACCCACAACGAGGGCTTAGGGGCAAGTTCGCTGTCTGTAATTCTCT,5f8f9d9aa83387006c867b28d3f502dbd3f02c41242047b69d3b949029208ddf,0.167942703578509,TCTGCCAGTGCAGAGTGGTGATGCCTCTACGCCCACAGGAGGCGCCCAGGGCGGCCATCTAGCGTCACCACGACCAGGGCCTTCAGACACCGCAGAGGCAGCTGTGTCTGTCGCTGAGGAGCACTGGAGTCCTCTCCTAAATGCTCAAACACAACCCCACAACGAGGGCTTAGGGGCAAGTTCGCTGTCTGTAATTCTCT,b71c18a87a93a6f982137f674f7de748d47af2e772965a4bb17908758fd602ea,0.180595120461044,TCTGCCAGTGCAGAGTGGTGATGCCTCTACGCCCACAGGAGGCGCCCAGGGCGGCCATCTAGCGTCACCACGACCAGGGCCTTCAGACACCGCAGAGGCGGCTGTGTCTGTCGCTGAGGAGCACTGGAGTCCTCTCCTAAATGCTCAAACACAACCCCACAACGAGGGCTTAGGGGCAAGTTCGCTGTCTGTAATTCTCT,23c60b081fc32523f2fe6fc2fb248d5018f90f1cabeca0a2699c0bb7f2f4390f,0.337367939900282,0.011169884139271,0.20267517410117,-399.3448279080913,-397.3596059915144,-400.92333988880273,-398.74222193000605,-0.19589604221977197,1.0,0.011169884139271,0.0,0,0.1855244474739016,0.18565657667894103,0.15145376406925343,0.16138815302300064,1.0
chr10:100175477:A:G;chr10:100175536:A:T;var1;middle;OL41|K562|b8bb95a6f6554c83,chr10:100175477:A:G;chr10:100175536:A:T;var1;middle;OL41,K562,K562_region_00254,100,159,59,TCTGCCAGTGCAGAGTGGTGATGCCTCTACGCCCACAGGAGGCGCCCAGGGCGGCCATCTAGCGTCACCACGACCAGGGCCTTCAGACACCGCAGAGGCAGCTGTGTCTGTCGCTGAGGAGCACTGGAGTCCTCTCCTAAATGCTCAAACACAAACCCACAACGAGGGCTTAGGGGCAAGTTCGCTGTCTGTAATTCTCT,bbb08e59feec9d9ee6893dd50d41efe2ada2ef76a1affb83bd5bb31e03f97edc,0.0,TCTGCCAGTGCAGAGTGGTGATGCCTCTACGCCCACAGGAGGCGCCCAGGGCGGCCATCTAGCGTCACCACGACCAGGGCCTTCAGACACCGCAGAGGCGGCTGTGTCTGTCGCTGAGGAGCACTGGAGTCCTCTCCTAAATGCTCAAACACAAACCCACAACGAGGGCTTAGGGGCAAGTTCGCTGTCTGTAATTCTCT,5f8f9d9aa83387006c867b28d3f502dbd3f02c41242047b69d3b949029208ddf,0.167948556556682,TCTGCCAGTGCAGAGTGGTGATGCCTCTACGCCCACAGGAGGCGCCCAGGGCGGCCATCTAGCGTCACCACGACCAGGGCCTTCAGACACCGCAGAGGCAGCTGTGTCTGTCGCTGAGGAGCACTGGAGTCCTCTCCTAAATGCTCAAACACAAACCCTCAACGAGGGCTTAGGGGCAAGTTCGCTGTCTGTAATTCTCT,1ec5c17197ce72916932170fd1342a9e5bb9bc41e10735d80847066359781dd2,0.0909847646628364,TCTGCCAGTGCAGAGTGGTGATGCCTCTACGCCCACAGGAGGCGCCCAGGGCGGCCATCTAGCGTCACCACGACCAGGGCCTTCAGACACCGCAGAGGCGGCTGTGTCTGTCGCTGAGGAGCACTGGAGTCCTCTCCTAAATGCTCAAACACAAACCCTCAACGAGGGCTTAGGGGCAAGTTCGCTGTCTGTAATTCTCT,b8bb95a6f6554c8311996ba22e170af4598bc290f66aed0051f525425cbd161d,0.222036604150515,0.0368967170690034,0.202670340074611,-399.3448279080913,-397.3596059915144,-391.3123392558191,-388.564551468764,-0.7625658704781699,1.0,0.0368967170690034,0.0,0,0.18479662331798918,0.18565657667894103,0.15145376406925343,0.11395585728232231,1.0
chr10:100175532:A:C;chr10:100175536:A:T;var1;middle;OL41|K562|f8c55505f9345683,chr10:100175532:A:C;chr10:100175536:A:T;var1;middle;OL41,K562,K562_region_00254,100,104,4,CATCTAGCGTCACCACGACCAGGGCCTTCAGACACCGCAGAGGCAGCTGTGTCTGTCGCTGAGGAGCACTGGAGTCCTCTCCTAAATGCTCAAACACAAACCCACAACGAGGGCTTAGGGGCAAGTTCGCTGTCTGTAATTCTCTGGTGTTTTAGTTTTGAAGGCCTGGCCAGTTCTCCTCTTTTGGCACCTTGCCCATT,fb2f27c7ffd591351d140624f0c3829b117f7c65ac19b5c2de95e7c57c024b1d,0.0,CATCTAGCGTCACCACGACCAGGGCCTTCAGACACCGCAGAGGCAGCTGTGTCTGTCGCTGAGGAGCACTGGAGTCCTCTCCTAAATGCTCAAACACAACCCCACAACGAGGGCTTAGGGGCAAGTTCGCTGTCTGTAATTCTCTGGTGTTTTAGTTTTGAAGGCCTGGCCAGTTCTCCTCTTTTGGCACCTTGCCCATT,b8e0b46ad34c3eca36991be71e186624f38ca4d3bfb77c6cf65667f82be158b3,-0.263917126091006,CATCTAGCGTCACCACGACCAGGGCCTTCAGACACCGCAGAGGCAGCTGTGTCTGTCGCTGAGGAGCACTGGAGTCCTCTCCTAAATGCTCAAACACAAACCCTCAACGAGGGCTTAGGGGCAAGTTCGCTGTCTGTAATTCTCTGGTGTTTTAGTTTTGAAGGCCTGGCCAGTTCTCCTCTTTTGGCACCTTGCCCATT,c2e87dfa2e45439b1cdcf08e4abda8f7c580031e86b4ee9f98702b50b5b23acc,-0.0177393792639776,CATCTAGCGTCACCACGACCAGGGCCTTCAGACACCGCAGAGGCAGCTGTGTCTGTCGCTGAGGAGCACTGGAGTCCTCTCCTAAATGCTCAAACACAACCCCTCAACGAGGGCTTAGGGGCAAGTTCGCTGTCTGTAATTCTCTGGTGTTTTAGTTTTGAAGGCCTGGCCAGTTCTCCTCTTTTGGCACCTTGCCCATT,f8c55505f93456833105f60382fd14e0cbcd4ef0cca6614dac6260f87a71d263,-0.158969311583385,0.1226871937715985,0.236087631684617,-381.1229393770918,-392.5367091810331,-377.3036890705116,-386.6897066440433,2.027752230409533,-1.0,-0.1226871937715985,0.0,0,0.18838047552827414,0.18565657667894103,0.15145376406925343,0.23328331215594977,1.0
chr10:101190507:G:A;chr10:101190520:A:G;var1;middle;OL30|K562|114574afe48bedbb,chr10:101190507:G:A;chr10:101190520:A:G;var1;middle;OL30,K562,K562_region_00255,100,113,13,ACCTTCACCTAGCCGGCGGGGGCGGGCCCGCGGCCTCCAATGGTCGAGCCGCGTCCAAAGCTTGGCAACGCGATTAACCAATCGCCAGCTTCTGACGACGAAGGCACAGGGGAGAAGGAACGCTATTAGCCAATCCAAGAAAACAATTTATCGGCTGCCGAGAATGATGCAACCAATGCAATTTCCTCCGGCTGAGGCGT,dc3ce1fdcb951b617e4b8fe7b710b449506759481eeddeea8b157a9bf458374f,0.0,ACCTTCACCTAGCCGGCGGGGGCGGGCCCGCGGCCTCCAATGGTCGAGCCGCGTCCAAAGCTTGGCAACGCGATTAACCAATCGCCAGCTTCTGACGACAAAGGCACAGGGGAGAAGGAACGCTATTAGCCAATCCAAGAAAACAATTTATCGGCTGCCGAGAATGATGCAACCAATGCAATTTCCTCCGGCTGAGGCGT,493fb4e581e95d243c5341cd32d8e47fb91002e5e2fab6f506de39bf5ada12a3,0.127874619287552,ACCTTCACCTAGCCGGCGGGGGCGGGCCCGCGGCCTCCAATGGTCGAGCCGCGTCCAAAGCTTGGCAACGCGATTAACCAATCGCCAGCTTCTGACGACGAAGGCACAGGGGGGAAGGAACGCTATTAGCCAATCCAAGAAAACAATTTATCGGCTGCCGAGAATGATGCAACCAATGCAATTTCCTCCGGCTGAGGCGT,96a0f1a032e1b54a612467c5d045d775bc576e9c6b6df0a23da4a871e18ce564,-0.404252705832304,ACCTTCACCTAGCCGGCGGGGGCGGGCCCGCGGCCTCCAATGGTCGAGCCGCGTCCAAAGCTTGGCAACGCGATTAACCAATCGCCAGCTTCTGACGACAAAGGCACAGGGGGGAAGGAACGCTATTAGCCAATCCAAGAAAACAATTTATCGGCTGCCGAGAATGATGCAACCAATGCAATTTCCTCCGGCTGAGGCGT,114574afe48bedbbb615d44f03213ada0972d7139046ff8281c98cd95886ab80,-0.212360901662396,0.064017184882356,0.186785405873224,-295.08807864785194,-295.6297546029091,-284.2875819504261,-284.99489563703537,-0.16563773155212402,-1.0,-0.064017184882356,0.0,3,0.18113937062514301,0.18106719778262317,0.1474303780702046,0.19242382651975576,1.0
chr10:101287990:T:C;chr10:101288020:A:T;var1;middle;OL41|K562|e58df72a792512e3,chr10:101287990:T:C;chr10:101288020:A:T;var1;middle;OL41,K562,K562_region_00256,100,130,30,CGAAGAATCTCTCTTGCTTCTTGGAACGCGATAACCACATTTCTTTCTCTGTTACCCCACTACTAAAAATCAGCAATCCGCACAGAGCAGGCAGCCGCTTTGGTTCGAATGAATTAATTTGCCCAAGACAGCAGCCGCTCTTCTGAAGTCAGATTACATTTTTAAAAGTTTATACACATTGAAATTTCGCTACAGAAAGT,388a7d6e49916a0b5d4cff7a0e2a14dd67ac6c122bb947700bdd8c6c49b0420c,0.0,CGAAGAATCTCTCTTGCTTCTTGGAACGCGATAACCACATTTCTTTCTCTGTTACCCCACTACTAAAAATCAGCAATCCGCACAGAGCAGGCAGCCGCTCTGGTTCGAATGAATTAATTTGCCCAAGACAGCAGCCGCTCTTCTGAAGTCAGATTACATTTTTAAAAGTTTATACACATTGAAATTTCGCTACAGAAAGT,b7d7212b7c87ab6304dc334b0bb24602912fac2d6d7c7b04f5c4d8f4678a8f02,-0.151935536092071,CGAAGAATCTCTCTTGCTTCTTGGAACGCGATAACCACATTTCTTTCTCTGTTACCCCACTACTAAAAATCAGCAATCCGCACAGAGCAGGCAGCCGCTTTGGTTCGAATGAATTAATTTGCCCAAGACTGCAGCCGCTCTTCTGAAGTCAGATTACATTTTTAAAAGTTTATACACATTGAAATTTCGCTACAGAAAGT,91883b158f1d48485f35c6fed13f3354ae9449403f40d4ea0fe135c4a8762328,0.225037060437339,CGAAGAATCTCTCTTGCTTCTTGGAACGCGATAACCACATTTCTTTCTCTGTTACCCCACTACTAAAAATCAGCAATCCGCACAGAGCAGGCAGCCGCTCTGGTTCGAATGAATTAATTTGCCCAAGACTGCAGCCGCTCTTCTGAAGTCAGATTACATTTTTAAAAGTTTATACACATTGAAATTTCGCTACAGAAAGT,e58df72a792512e31bf95cc3332bb6edb0d5e8bafb5ff5e84856b8460d5a6aa2,0.0550534453893671,-0.0180480789559009,0.441487248398259,-386.9814809784293,-388.854332202347,-381.8761255322024,-387.3685613463167,-3.6195845901966095,-1.0,0.0180480789559009,0.0,4,0.17171317216937632,0.17620727786206916,0.145609630836647,0.31966506179377224,1.0
chr10:102103508:A:G;chr10:102103529:A:G;var1;middle;OL30|K562|3c31530790c6b9ac,chr10:102103508:A:G;chr10:102103529:A:G;var1;middle;OL30,K562,K562_region_00257,100,121,21,TTGTGACTGGCTGCTTTCACTTAGCATTCTATTTTTAAGGCTCATTATGTTACAGTACTTAGCAGTACTTCATTCTTTTTTATTCTCAAATGGTATTCCACTGTGTGGGTATCCCATATCATATTATTAGAGACAGGTTCTCACTCTGTCACCCAGGCTGGAGTGCAGTGGCACAATCATAGCTCACTGTAACCTCAAAC,bbc2d064a3fe6137a034f2e8beed427ccabb0db91f027e6610d12b1fefe25bd6,0.0,TTGTGACTGGCTGCTTTCACTTAGCATTCTATTTTTAAGGCTCATTATGTTACAGTACTTAGCAGTACTTCATTCTTTTTTATTCTCAAATGGTATTCCGCTGTGTGGGTATCCCATATCATATTATTAGAGACAGGTTCTCACTCTGTCACCCAGGCTGGAGTGCAGTGGCACAATCATAGCTCACTGTAACCTCAAAC,5072cc8344ea1f4531ef2c79934f7aa831cdd6158a7111efd6780ae002351e21,0.133622572012516,TTGTGACTGGCTGCTTTCACTTAGCATTCTATTTTTAAGGCTCATTATGTTACAGTACTTAGCAGTACTTCATTCTTTTTTATTCTCAAATGGTATTCCACTGTGTGGGTATCCCATATCGTATTATTAGAGACAGGTTCTCACTCTGTCACCCAGGCTGGAGTGCAGTGGCACAATCATAGCTCACTGTAACCTCAAAC,2041ead8127bd151c904691243183823adbb4ece8a5e6e6a380358416b2b277d,0.008715272363316,TTGTGACTGGCTGCTTTCACTTAGCATTCTATTTTTAAGGCTCATTATGTTACAGTACTTAGCAGTACTTCATTCTTTTTTATTCTCAAATGGTATTCCGCTGTGTGGGTATCCCATATCGTATTATTAGAGACAGGTTCTCACTCTGTCACCCAGGCTGGAGTGCAGTGGCACAATCATAGCTCACTGTAACCTCAAAC,3c31530790c6b9acc165d51b2de0102e128b3c53f11f2565ed5625b521e6e454,-0.10494635814935,0.247284202525182,0.286411402655249,-121.75003233831376,-127.58073791395871,-126.14201707672328,-131.51122210454196,-0.46150054782629013,1.0,0.247284202525182,0.0,4,0.1756273372752952,0.17620727786206916,0.145609630836647,0.21293794257865337,1.0
chr10:102552663:G:A;chr10:102552752:G:T;var1;middle;OL31|K562|7cdc4bf22d7a6884,chr10:102552663:G:A;chr10:102552752:G:T;var1;middle;OL31,K562,K562_region_00258,100,189,89,ACACACACAAAAAGAAAACCCCAGCCCTGGCGGTGTGGCAGTGTCAGCTCTCGCTGTTGTTCGACAGTGTAAAATTAAATTAATAAAGCCCCCAACACAGGAAAACATAACAGGAAATTAATGGCCTTTACTGTCGCTCTGATGCAGTCATTTGCAACCCTGCTTTCCGCACCAAAGACTTCATAAATGCAAGCAGTTTC,65436f5e31574a7c17ba5b33e9529ee416171640106e0a916db4d8e75437fb27,0.0,ACACACACAAAAAGAAAACCCCAGCCCTGGCGGTGTGGCAGTGTCAGCTCTCGCTGTTGTTCGACAGTGTAAAATTAAATTAATAAAGCCCCCAACACAAGAAAACATAACAGGAAATTAATGGCCTTTACTGTCGCTCTGATGCAGTCATTTGCAACCCTGCTTTCCGCACCAAAGACTTCATAAATGCAAGCAGTTTC,9236e1de2a01c5130ff65a6cb9686c434bff6be3d489dc40a468e1c8e777130a,0.336183922941026,ACACACACAAAAAGAAAACCCCAGCCCTGGCGGTGTGGCAGTGTCAGCTCTCGCTGTTGTTCGACAGTGTAAAATTAAATTAATAAAGCCCCCAACACAGGAAAACATAACAGGAAATTAATGGCCTTTACTGTCGCTCTGATGCAGTCATTTGCAACCCTGCTTTCCGCACCAAAGACTTCATAAATTCAAGCAGTTTC,2513b9743846aa3014551c3bb0b16760777c56199d84fde2b0f01849e6d6bc5f,0.159278712468477,ACACACACAAAAAGAAAACCCCAGCCCTGGCGGTGTGGCAGTGTCAGCTCTCGCTGTTGTTCGACAGTGTAAAATTAAATTAATAAAGCCCCCAACACAAGAAAACATAACAGGAAATTAATGGCCTTTACTGTCGCTCTGATGCAGTCATTTGCAACCCTGCTTTCCGCACCAAAGACTTCATAAATTCAAGCAGTTTC,7cdc4bf22d7a6884787e6b1c966d648f8ca445c5497059f1670c877edc90bc14,-0.0512347089590482,0.5466973443685512,0.531770675403291,-270.5648068973096,-274.4125000599306,-284.93873131799046,-286.0985333409626,-2.6878911396488547,1.0,0.5466973443685512,0.0,2,0.17128068154984907,0.17490732828716207,0.146091925319964,0.2564879401014796,1.0
chr10:104221529:T:C;chr10:104221539:A:G;var1;middle;OL41|K562|2d4e2bcd2bf51ada,chr10:104221529:T:C;chr10:104221539:A:G;var1;middle;OL41,K562,K562_region_00259,100,110,10,AGAAAGGCTCTCCGGGGGTCTGGAGGAAAGGGATGCAGTGGGTCAAATAGCTCCCTGGTGGTCTGGGATCGAGGGATGCACTGGTCAGGTCGGGATCCGTGCCATTAGCATAAAGGCATTTAACCCTGGTGGCACTTGGGGAGCTTTGAAAAACACCGATGCTGGGCCCGCCCGAAGAGATTCCGATTTAACTGTTCTGG,3b772b60d07c05c5518ba0476c14661a7e34c9100aae6b2af9f8ce2d30447270,0.0,AGAAAGGCTCTCCGGGGGTCTGGAGGAAAGGGATGCAGTGGGTCAAATAGCTCCCTGGTGGTCTGGGATCGAGGGATGCACTGGTCAGGTCGGGATCCGCGCCATTAGCATAAAGGCATTTAACCCTGGTGGCACTTGGGGAGCTTTGAAAAACACCGATGCTGGGCCCGCCCGAAGAGATTCCGATTTAACTGTTCTGG,3f481c34256344fec4fd5567caf9357edf6d20248eec8ee94e39c0d00f6b3064,0.351634331411266,AGAAAGGCTCTCCGGGGGTCTGGAGGAAAGGGATGCAGTGGGTCAAATAGCTCCCTGGTGGTCTGGGATCGAGGGATGCACTGGTCAGGTCGGGATCCGTGCCATTAGCGTAAAGGCATTTAACCCTGGTGGCACTTGGGGAGCTTTGAAAAACACCGATGCTGGGCCCGCCCGAAGAGATTCCGATTTAACTGTTCTGG,20e74cdcfe4e8f25641729d40f6890933cfe7aacbc09e557e9cfac61148ea182,0.302558145680992,AGAAAGGCTCTCCGGGGGTCTGGAGGAAAGGGATGCAGTGGGTCAAATAGCTCCCTGGTGGTCTGGGATCGAGGGATGCACTGGTCAGGTCGGGATCCGCGCCATTAGCGTAAAGGCATTTAACCCTGGTGGCACTTGGGGAGCTTTGAAAAACACCGATGCTGGGCCCGCCCGAAGAGATTCCGATTTAACTGTTCTGG,2d4e2bcd2bf51ada51dee4edac0cd8619eda46ad65fe8f1df7bf7b7120931db1,0.498206469504486,0.155986007587772,0.299746306027975,-377.8450736869127,-395.3522027507424,-374.6878103278577,-392.96152998134494,0.7665905896575964,1.0,0.155986007587772,0.0,0,0.18676065414221157,0.18565657667894103,0.15145376406925343,0.16641854775409348,1.0
chr10:104487382:C:T;chr10:104487443:G:A;var1;middle;OL41|K562|45ccf3aacb835e99,chr10:104487382:C:T;chr10:104487443:G:A;var1;middle;OL41,K562,K562_region_00260,100,161,61,GTAACACCCAAACAAAACAATAGGAAGTCCCTTTCTTGGCTTGGTTGGGGAGAGAATAGACTGCCTCTGTAGCTGCTGGACATGTGACTCTTCTTCCTACCTCTTCCTTCCTCCCCTGCGTCCCCCACCCCACGCATTGATTGGTTCAGCTATTGAGCTGGGCTTTGGGCCGGGTGTTGGGAATGTGAAGGCTTCAGTAA,bd5a59b92708e76da9f519bafce6910ce994645d44d49084e792fee0d096ca39,0.0,GTAACACCCAAACAAAACAATAGGAAGTCCCTTTCTTGGCTTGGTTGGGGAGAGAATAGACTGCCTCTGTAGCTGCTGGACATGTGACTCTTCTTCCTATCTCTTCCTTCCTCCCCTGCGTCCCCCACCCCACGCATTGATTGGTTCAGCTATTGAGCTGGGCTTTGGGCCGGGTGTTGGGAATGTGAAGGCTTCAGTAA,3d73171f34242810fc9e2586557cb5d47e689e53c00d7b6ac67c0777db8b438c,0.703881902252268,GTAACACCCAAACAAAACAATAGGAAGTCCCTTTCTTGGCTTGGTTGGGGAGAGAATAGACTGCCTCTGTAGCTGCTGGACATGTGACTCTTCTTCCTACCTCTTCCTTCCTCCCCTGCGTCCCCCACCCCACGCATTGATTGGTTCAGCTATTGAGCTGAGCTTTGGGCCGGGTGTTGGGAATGTGAAGGCTTCAGTAA,9549624befcb1b55a7b9aa39b0d6e6bf9c5d69b26658cf6faf04187da590305f,-0.0890105937908821,GTAACACCCAAACAAAACAATAGGAAGTCCCTTTCTTGGCTTGGTTGGGGAGAGAATAGACTGCCTCTGTAGCTGCTGGACATGTGACTCTTCTTCCTATCTCTTCCTTCCTCCCCTGCGTCCCCCACCCCACGCATTGATTGGTTCAGCTATTGAGCTGAGCTTTGGGCCGGGTGTTGGGAATGTGAAGGCTTCAGTAA,45ccf3aacb835e99a90938c3b32513fad81dc015b4b6d8d1507cd79efdeade28,0.47455463062179,-0.1403166778395959,0.242954999892428,-251.58953131735325,-259.59194403886795,-252.33358332514763,-255.98346024006605,4.352535806596279,-1.0,0.1403166778395959,0.0,1,0.1867936031361553,0.18216460459877223,0.1501433469024087,0.061121856792558896,1.0
chr10:106028154:G:A;chr10:106028157:G:T;var1;middle;OL41|K562|e1cc94382dbaadee,chr10:106028154:G:A;chr10:106028157:G:T;var1;middle;OL41,K562,K562_region_00261,100,103,3,TGCATCAGTCAATTCTGCCTACAAGGTTGATGAGTAATAGGTAAGAGCCCCACTGAGAAATAGAAATGCCATCTTCCACACATTTCCATAGCCCACTGGGTTGCTCACTATTCAATTTTTATTATCACATCACCACCACGAGAAGGTAGGTCGGAGAGCAATCATTTCATTCTATAGATGATGCAACTAAGGTCCCGAGG,96ac0b6cba4fb87d0565feea5f6814b7a78b565a21d39b5c8bfd0d3463ee12da,0.0,TGCATCAGTCAATTCTGCCTACAAGGTTGATGAGTAATAGGTAAGAGCCCCACTGAGAAATAGAAATGCCATCTTCCACACATTTCCATAGCCCACTGGATTGCTCACTATTCAATTTTTATTATCACATCACCACCACGAGAAGGTAGGTCGGAGAGCAATCATTTCATTCTATAGATGATGCAACTAAGGTCCCGAGG,fb21e405a507664239cdde9b06a5b61bbf9885da8eecca53693088ac831005d4,-0.258226802227283,TGCATCAGTCAATTCTGCCTACAAGGTTGATGAGTAATAGGTAAGAGCCCCACTGAGAAATAGAAATGCCATCTTCCACACATTTCCATAGCCCACTGGGTTTCTCACTATTCAATTTTTATTATCACATCACCACCACGAGAAGGTAGGTCGGAGAGCAATCATTTCATTCTATAGATGATGCAACTAAGGTCCCGAGG,5315707d4d2a5d4f57a2cfc9bf2a9bde6653dad1fd4f750466ee2a55674e1176,-0.280078479963809,TGCATCAGTCAATTCTGCCTACAAGGTTGATGAGTAATAGGTAAGAGCCCCACTGAGAAATAGAAATGCCATCTTCCACACATTTCCATAGCCCACTGGATTTCTCACTATTCAATTTTTATTATCACATCACCACCACGAGAAGGTAGGTCGGAGAGCAATCATTTCATTCTATAGATGATGCAACTAAGGTCCCGAGG,e1cc94382dbaadee36b9ba21ee281cf54b06119f0c8267107033c63f8b0f43ca,-0.196165356185457,0.3421399260056351,0.287129627396319,-251.9549883082509,-252.04642875492573,-250.2855832800269,-249.7143101841212,0.6627135425805477,-1.0,-0.3421399260056351,0.0,2,0.17615943286965569,0.17490732828716207,0.146091925319964,0.18878101783073284,1.0
chr10:114206683:C:T;chr10:114206754:G:C;var1;middle;OL41|K562|8f8cdaf0b773b632,chr10:114206683:C:T;chr10:114206754:G:C;var1;middle;OL41,K562,K562_region_00262,100,171,71,GCAGAGAGCAAACCCTGGCAGCGAGAGGCTGGAGTGCGGGACCTGCTACAAGCCGAGCACCTCTCGGCCAGCGCCCTCGCCAGGACTCTCCCGCTCAGGCCCCCTGCGCAGTCTCTGTTACTGTCACTTCCGGAGGTTCGCCGCCTCAAACCTCCCTCCGGAAGCAAGCTGCTGTGCCTTGTAGCGTGTGGATCCGGAGC,71b7abceff41366de30a0ec48b58c5b66702e3fa88dd92e9be8750d647f64662,0.0,GCAGAGAGCAAACCCTGGCAGCGAGAGGCTGGAGTGCGGGACCTGCTACAAGCCGAGCACCTCTCGGCCAGCGCCCTCGCCAGGACTCTCCCGCTCAGGTCCCCTGCGCAGTCTCTGTTACTGTCACTTCCGGAGGTTCGCCGCCTCAAACCTCCCTCCGGAAGCAAGCTGCTGTGCCTTGTAGCGTGTGGATCCGGAGC,7979433bd6f0d8238a4005c5db42c4f1104f8472b760ced778b7e2bef9be6dc8,-0.197830458389329,GCAGAGAGCAAACCCTGGCAGCGAGAGGCTGGAGTGCGGGACCTGCTACAAGCCGAGCACCTCTCGGCCAGCGCCCTCGCCAGGACTCTCCCGCTCAGGCCCCCTGCGCAGTCTCTGTTACTGTCACTTCCGGAGGTTCGCCGCCTCAAACCTCCCTCCGGAAGCAAGCTCCTGTGCCTTGTAGCGTGTGGATCCGGAGC,aec03c3537943745eeca75295f42e5e31a292eefb3be0798e5f323256bf116ab,0.0294346188136158,GCAGAGAGCAAACCCTGGCAGCGAGAGGCTGGAGTGCGGGACCTGCTACAAGCCGAGCACCTCTCGGCCAGCGCCCTCGCCAGGACTCTCCCGCTCAGGTCCCCTGCGCAGTCTCTGTTACTGTCACTTCCGGAGGTTCGCCGCCTCAAACCTCCCTCCGGAAGCAAGCTCCTGTGCCTTGTAGCGTGTGGATCCGGAGC,8f8cdaf0b773b632615270fe0bb9bed76ecf8d05920c0087903d40b85e862ce3,-0.0887488257290437,0.0796470138466694,0.148366399533301,-327.9991650301963,-296.81920902524143,-307.0481618028134,-292.04037357633933,-16.172167778480798,-1.0,-0.0796470138466694,0.0,1,0.1659109513983902,0.18216460459877223,0.1501433469024087,0.3047619234956323,1.0
chr10:114206754:G:C;chr10:114206837:T:C;var1;middle;OL41|K562|30e1257008c2179c,chr10:114206754:G:C;chr10:114206837:T:C;var1;middle;OL41,K562,K562_region_00262,100,183,83,CGCCCTCGCCAGGACTCTCCCGCTCAGGCCCCCTGCGCAGTCTCTGTTACTGTCACTTCCGGAGGTTCGCCGCCTCAAACCTCCCTCCGGAAGCAAGCTGCTGTGCCTTGTAGCGTGTGGATCCGGAGCCGATTCCCAGAACACGAAGGGGGGAAAAAACGCTTCTAATGATCCCTCAGAACTTGCATATTTTCATACGC,d4b1a22a898d9f85e1d1e66fe6a2108486cbae0ae6cc779cce1572a940ff7fb9,0.0,CGCCCTCGCCAGGACTCTCCCGCTCAGGCCCCCTGCGCAGTCTCTGTTACTGTCACTTCCGGAGGTTCGCCGCCTCAAACCTCCCTCCGGAAGCAAGCTCCTGTGCCTTGTAGCGTGTGGATCCGGAGCCGATTCCCAGAACACGAAGGGGGGAAAAAACGCTTCTAATGATCCCTCAGAACTTGCATATTTTCATACGC,c05919eb26514e37fb997ca1e9d5732361e751a84773b6644f574c28c726e902,0.0318505861511554,CGCCCTCGCCAGGACTCTCCCGCTCAGGCCCCCTGCGCAGTCTCTGTTACTGTCACTTCCGGAGGTTCGCCGCCTCAAACCTCCCTCCGGAAGCAAGCTGCTGTGCCTTGTAGCGTGTGGATCCGGAGCCGATTCCCAGAACACGAAGGGGGGAAAAAACGCTTCTAATGATCCCTCAGAACCTGCATATTTTCATACGC,c8797ddcafdc8702267a5e200000e31b305227efc2db54d04a85d3f360145e24,0.278705448961366,CGCCCTCGCCAGGACTCTCCCGCTCAGGCCCCCTGCGCAGTCTCTGTTACTGTCACTTCCGGAGGTTCGCCGCCTCAAACCTCCCTCCGGAAGCAAGCTCCTGTGCCTTGTAGCGTGTGGATCCGGAGCCGATTCCCAGAACACGAAGGGGGGAAAAAACGCTTCTAATGATCCCTCAGAACCTGCATATTTTCATACGC,30e1257008c2179cc7ed1f06d0b1f7dc9da5e9850abb078a063aff816042d018,0.170358380219093,0.1401976548934284,0.205647984024992,-411.2661482936237,-411.2901855255477,-405.31687752273865,-403.5371766712051,-1.8037380834575742,1.0,0.1401976548934284,0.0,1,0.18052996463266127,0.18216460459877223,0.1501433469024087,0.07563509614468336,1.0
chr10:114546582:T:G;chr10:114546666:G:T;var1;middle;OL31|K562|3990e12ccbd233ff,chr10:114546582:T:G;chr10:114546666:G:T;var1;middle;OL31,K562,K562_region_00263,100,184,84,TCATGTGTCACATTAATTGATTTTCAGATGTTAAATCAACCTTGCATTTCTGGGATAAGTCCCACTTGGTCATGATATCTAAACTTTATTAATATGTTATAGGATTCAGTTTGATAAGAATTTTGGTGTCTGTGTTTATGAAGAATATTTCTTGTAATATTTTTGTTTAACTTTTTTATCCGGGTGATACGGCCCTCATA,14071bed4b8b53f78762d36e500eef9e529a459046046acbc064c1b9145781af,0.0,TCATGTGTCACATTAATTGATTTTCAGATGTTAAATCAACCTTGCATTTCTGGGATAAGTCCCACTTGGTCATGATATCTAAACTTTATTAATATGTTAGAGGATTCAGTTTGATAAGAATTTTGGTGTCTGTGTTTATGAAGAATATTTCTTGTAATATTTTTGTTTAACTTTTTTATCCGGGTGATACGGCCCTCATA,279aa0c84f78dde190d529ed493cb1c6cb856de1f79573a979e334a75b0b8b95,-0.0619376915835821,TCATGTGTCACATTAATTGATTTTCAGATGTTAAATCAACCTTGCATTTCTGGGATAAGTCCCACTTGGTCATGATATCTAAACTTTATTAATATGTTATAGGATTCAGTTTGATAAGAATTTTGGTGTCTGTGTTTATGAAGAATATTTCTTGTAATATTTTTGTTTAACTTTTTTATCCGGTTGATACGGCCCTCATA,21f549d4ec39df648aac6f4d4f74e0f0df5f4e7512fab3167d8abdd5100d6fd0,0.213309679511863,TCATGTGTCACATTAATTGATTTTCAGATGTTAAATCAACCTTGCATTTCTGGGATAAGTCCCACTTGGTCATGATATCTAAACTTTATTAATATGTTAGAGGATTCAGTTTGATAAGAATTTTGGTGTCTGTGTTTATGAAGAATATTTCTTGTAATATTTTTGTTTAACTTTTTTATCCGGTTGATACGGCCCTCATA,3990e12ccbd233ff43b3dc6346e5be280f541f4a20829ff6fb4dccb2310aed0b,0.0495494171060402,-0.1018225708222406,0.172415687868792,-368.77422002214007,-386.55163117544726,-360.0243293393869,-376.3384894791525,1.4632510135415941,-1.0,0.1018225708222406,0.0,2,0.17732508015228504,0.17490732828716207,0.146091925319964,0.11539694982241508,1.0
chr10:115107210:T:C;chr10:115107258:C:T;var1;middle;OL29|K562|38d60b29db7c836c,chr10:115107210:T:C;chr10:115107258:C:T;var1;middle;OL29,K562,K562_region_00264,100,148,48,TTTAGTCACTTTTACTAGTTGTATTGTCTTGGGCAAGCCATTTGATTACCCAGAGCTTCTGTCTTCTCATGAGTAAATGGGGATGAGAAGCCTGTCCCTTTAAACCTGTCCTCCTGTGGAGTGCTGTCTGGGTCCTGGGGAAATCTTCCAGAGCCCTCTATTCCTATTCCTGGCTTGTTCCTCACTGACTTCTGAGTTGG,0db910dcc266297d9b2a8e66b7076565c1985eb4490a898a86ab28a0207e587c,0.0,TTTAGTCACTTTTACTAGTTGTATTGTCTTGGGCAAGCCATTTGATTACCCAGAGCTTCTGTCTTCTCATGAGTAAATGGGGATGAGAAGCCTGTCCCTCTAAACCTGTCCTCCTGTGGAGTGCTGTCTGGGTCCTGGGGAAATCTTCCAGAGCCCTCTATTCCTATTCCTGGCTTGTTCCTCACTGACTTCTGAGTTGG,39e28f5c40a2c2d1abe54ec31ce0616439f3e5480d069fb29c44b82dc189aa5f,-0.226665269792819,TTTAGTCACTTTTACTAGTTGTATTGTCTTGGGCAAGCCATTTGATTACCCAGAGCTTCTGTCTTCTCATGAGTAAATGGGGATGAGAAGCCTGTCCCTTTAAACCTGTCCTCCTGTGGAGTGCTGTCTGGGTCCTGGGGAAATCTTTCAGAGCCCTCTATTCCTATTCCTGGCTTGTTCCTCACTGACTTCTGAGTTGG,e5c7e758a570ed6e8309d408744edd14e23763c60abad2cdf8d33ed5ad57c054,-0.0984619126379935,TTTAGTCACTTTTACTAGTTGTATTGTCTTGGGCAAGCCATTTGATTACCCAGAGCTTCTGTCTTCTCATGAGTAAATGGGGATGAGAAGCCTGTCCCTCTAAACCTGTCCTCCTGTGGAGTGCTGTCTGGGTCCTGGGGAAATCTTTCAGAGCCCTCTATTCCTATTCCTGGCTTGTTCCTCACTGACTTCTGAGTTGG,38d60b29db7c836cb6ae0c1876756463330dafa7d6ab25aec132bafc1cb67c4d,-0.318029463089421,-0.0070977193413915,0.139889882944964,-213.4062894694507,-212.13562322035432,-214.72002166509628,-213.47007331252087,0.020717896520977774,1.0,-0.0070977193413915,0.0,0,0.18580266390481232,0.18565657667894103,0.15145376406925343,0.09521104672651809,1.0
chr10:115107258:C:T;chr10:115107328:C:T;var1;middle;OL29|K562|cf9c1e464982f57a,chr10:115107258:C:T;chr10:115107328:C:T;var1;middle;OL29,K562,K562_region_00264,100,170,70,CCCAGAGCTTCTGTCTTCTCATGAGTAAATGGGGATGAGAAGCCTGTCCCTTTAAACCTGTCCTCCTGTGGAGTGCTGTCTGGGTCCTGGGGAAATCTTCCAGAGCCCTCTATTCCTATTCCTGGCTTGTTCCTCACTGACTTCTGAGTTGGTCCCCTCTAAACCCAACCAGGAACTCAACTTTGGGACCCAGCCAGGGT,69a951fb5a6cfcbcd0d852728dafd13c0c0f234f3016b242b0886fe3144c319d,0.0,CCCAGAGCTTCTGTCTTCTCATGAGTAAATGGGGATGAGAAGCCTGTCCCTTTAAACCTGTCCTCCTGTGGAGTGCTGTCTGGGTCCTGGGGAAATCTTTCAGAGCCCTCTATTCCTATTCCTGGCTTGTTCCTCACTGACTTCTGAGTTGGTCCCCTCTAAACCCAACCAGGAACTCAACTTTGGGACCCAGCCAGGGT,ceb73712d1fc6db5e7c44dc8dcdbf2fa974dbf26e8ae4960cf66ce91efb08b91,0.0852405030850064,CCCAGAGCTTCTGTCTTCTCATGAGTAAATGGGGATGAGAAGCCTGTCCCTTTAAACCTGTCCTCCTGTGGAGTGCTGTCTGGGTCCTGGGGAAATCTTCCAGAGCCCTCTATTCCTATTCCTGGCTTGTTCCTCACTGACTTCTGAGTTGGTCCCCTCTAAACCCAACTAGGAACTCAACTTTGGGACCCAGCCAGGGT,554e1c43628906a338bd414c3c79308bdc7b0c1722e888123cb4a20cdf4ac25e,0.198891453144589,CCCAGAGCTTCTGTCTTCTCATGAGTAAATGGGGATGAGAAGCCTGTCCCTTTAAACCTGTCCTCCTGTGGAGTGCTGTCTGGGTCCTGGGGAAATCTTTCAGAGCCCTCTATTCCTATTCCTGGCTTGTTCCTCACTGACTTCTGAGTTGGTCCCCTCTAAACCCAACTAGGAACTCAACTTTGGGACCCAGCCAGGGT,cf9c1e464982f57a4757b769db63d74ece51755204c80682f617b9722eddf40c,0.0555930061966641,0.2285389500329313,0.210958707951162,-343.3466065974208,-362.6398016209714,-291.99777946365066,-303.9821867439896,-7.308787743211667,1.0,0.2285389500329313,0.0,0,0.17638873185925266,0.18565657667894103,0.15145376406925343,0.2642847427224764,1.0
chr10:115760976:A:T;chr10:115761021:T:A;var1;middle;OL30|K562|ea0f847c31dced98,chr10:115760976:A:T;chr10:115761021:T:A;var1;middle;OL30,K562,K562_region_00265,100,145,45,CACCTTGCCACTGGCTGTGGCCTGCGACTGAGGTCACCAGTGGAATGTGAGTAGGTGATGTGGCCACATCCAACTTGCCTTCCCCCAAATCTCTTGTGTATGTGACTGCATATGTTCTTTACCCTTCCATTGGTTTGATGCAGATAATTTTGACAACCTTGGAAGCCGTATGCTGGGGACACCAAAAAATGGGAGGAGCC,38ad712651d2edf691ffdd4230081dbe0b1fa06384084c9b12e815d02e56ba9c,0.0,CACCTTGCCACTGGCTGTGGCCTGCGACTGAGGTCACCAGTGGAATGTGAGTAGGTGATGTGGCCACATCCAACTTGCCTTCCCCCAAATCTCTTGTGTTTGTGACTGCATATGTTCTTTACCCTTCCATTGGTTTGATGCAGATAATTTTGACAACCTTGGAAGCCGTATGCTGGGGACACCAAAAAATGGGAGGAGCC,3e123baf425593de59a12fad729e5c3b594336f1f1079c691fef763e3c6aa6ce,0.19140881528425,CACCTTGCCACTGGCTGTGGCCTGCGACTGAGGTCACCAGTGGAATGTGAGTAGGTGATGTGGCCACATCCAACTTGCCTTCCCCCAAATCTCTTGTGTATGTGACTGCATATGTTCTTTACCCTTCCATTGGTTTGATGCAGAAAATTTTGACAACCTTGGAAGCCGTATGCTGGGGACACCAAAAAATGGGAGGAGCC,8dbdda75a339aa3afa1837c11dac5cd4005e7dc42e1f8c396392fbdf8a74340b,-0.342117771254242,CACCTTGCCACTGGCTGTGGCCTGCGACTGAGGTCACCAGTGGAATGTGAGTAGGTGATGTGGCCACATCCAACTTGCCTTCCCCCAAATCTCTTGTGTTTGTGACTGCATATGTTCTTTACCCTTCCATTGGTTTGATGCAGAAAATTTTGACAACCTTGGAAGCCGTATGCTGGGGACACCAAAAAATGGGAGGAGCC,ea0f847c31dced98eee50fc757a88ed139c8c1234bbd780c63df10da4ffe2405,-0.162097386309163,-0.011388430339171,0.248830892395432,-358.39816134702414,-357.05105750169605,-351.7911408902146,-353.0405677561648,-2.5965307112783194,-1.0,0.011388430339171,0.0,2,0.1714137097202133,0.17490732828716207,0.146091925319964,0.2822925080034763,1.0
chr10:115781527:T:C;chr10:115781547:T:C;var1;middle;OL30|K562|35f658a21eb76022,chr10:115781527:T:C;chr10:115781547:T:C;var1;middle;OL30,K562,K562_region_00266,100,120,20,GCTATTCAAAGCTAATGATCAAGGCAGGCAGCATTTTGAAGAAACAATTGCCATTTTCCTCCTTGCTTGTTCAGATAATGAAGGAATGTGTCTTACACATCTTCTACCCTCTCCTACCCTCCTTCCAAATAGTACCCTGGAACTGTGCTAAGTGCGTACTAAGCTCTGGATAAATACTTGTTGATTTGATTGATTCTTTG,9b1e70e3ec08b8a7b7a9ac121fe7200c3e03aa0e747696aff6f84d43e719fb9c,0.0,GCTATTCAAAGCTAATGATCAAGGCAGGCAGCATTTTGAAGAAACAATTGCCATTTTCCTCCTTGCTTGTTCAGATAATGAAGGAATGTGTCTTACACACCTTCTACCCTCTCCTACCCTCCTTCCAAATAGTACCCTGGAACTGTGCTAAGTGCGTACTAAGCTCTGGATAAATACTTGTTGATTTGATTGATTCTTTG,a8bb529f5898ff471ece0be8345c8aa0ff91c0d3c329fac02c0ef763adc1a19b,0.0163174278419391,GCTATTCAAAGCTAATGATCAAGGCAGGCAGCATTTTGAAGAAACAATTGCCATTTTCCTCCTTGCTTGTTCAGATAATGAAGGAATGTGTCTTACACATCTTCTACCCTCTCCTACCCCCCTTCCAAATAGTACCCTGGAACTGTGCTAAGTGCGTACTAAGCTCTGGATAAATACTTGTTGATTTGATTGATTCTTTG,13c07e28cd3f73e42616ccaea71a9dd086f80f8e38e9bd547d0b982b29c26b0b,0.0312506423213218,GCTATTCAAAGCTAATGATCAAGGCAGGCAGCATTTTGAAGAAACAATTGCCATTTTCCTCCTTGCTTGTTCAGATAATGAAGGAATGTGTCTTACACACCTTCTACCCTCTCCTACCCCCCTTCCAAATAGTACCCTGGAACTGTGCTAAGTGCGTACTAAGCTCTGGATAAATACTTGTTGATTTGATTGATTCTTTG,35f658a21eb760221baee446849b04662a758e24c16aa17a9012f8ac2c81d6db,0.1880641675353,-0.1404960973720391,0.334746833392084,-225.7021450847388,-225.8156267479062,-226.56962390244007,-228.53900349885225,1.855897933244762,1.0,-0.1404960973720391,0.0,3,0.18521111827047887,0.18106719778262317,0.1474303780702046,0.21134211184836013,1.0
chr10:115782367:T:C;chr10:115782424:C:G;var1;middle;OL30|K562|192d1b5fe724c80c,chr10:115782367:T:C;chr10:115782424:C:G;var1;middle;OL30,K562,K562_region_00267,100,157,57,TCAATGATGAAGCATGCAGTAAATAACCCTCCCTCCCTGGAAGTGAAGACAGCCTGTGGGGGAGAACTGGCTCCATTAAAGGCTTCAAGCCACAGGAGTTGTTTTCTCCGGAGATGATGAACGTGGGCTGGAAAAAGAGACAAGAGTCACCTACTTCGTGCAGCTTTTTCCCCCCAAACTGCTAAAAGTCCTTTACCCTC,d5d9d2a220c9d430c70f735f7b8fdfd868839b07358335a56b8cde402f08d0dd,0.0,TCAATGATGAAGCATGCAGTAAATAACCCTCCCTCCCTGGAAGTGAAGACAGCCTGTGGGGGAGAACTGGCTCCATTAAAGGCTTCAAGCCACAGGAGTCGTTTTCTCCGGAGATGATGAACGTGGGCTGGAAAAAGAGACAAGAGTCACCTACTTCGTGCAGCTTTTTCCCCCCAAACTGCTAAAAGTCCTTTACCCTC,6d931aa188450fd26104ca0c010ad9011227e6b797bda2b7b8455efe52ac9864,0.201206986968153,TCAATGATGAAGCATGCAGTAAATAACCCTCCCTCCCTGGAAGTGAAGACAGCCTGTGGGGGAGAACTGGCTCCATTAAAGGCTTCAAGCCACAGGAGTTGTTTTCTCCGGAGATGATGAACGTGGGCTGGAAAAAGAGACAAGAGTCACCTACTTGGTGCAGCTTTTTCCCCCCAAACTGCTAAAAGTCCTTTACCCTC,1dfe15f629485d55ec89c966194cd61c53edd36d6dc06b33daf639081f255791,-0.0813322267643098,TCAATGATGAAGCATGCAGTAAATAACCCTCCCTCCCTGGAAGTGAAGACAGCCTGTGGGGGAGAACTGGCTCCATTAAAGGCTTCAAGCCACAGGAGTCGTTTTCTCCGGAGATGATGAACGTGGGCTGGAAAAAGAGACAAGAGTCACCTACTTGGTGCAGCTTTTTCCCCCCAAACTGCTAAAAGTCCTTTACCCTC,192d1b5fe724c80c34b29c69f31e4d0340ffa126b61cb48169169786456ab5dd,0.13697185541972,0.0170970952158768,0.159773409936329,-372.4025841713883,-383.93942273408175,-356.864381571766,-362.7268966957927,5.674323438666761,-1.0,-0.0170970952158768,0.0,1,0.1881384425720769,0.18216460459877223,0.1501433469024087,0.12882226167805896,1.0
chr10:115782368:G:A;chr10:115782424:C:G;var1;middle;OL30|K562|84a880d057769f45,chr10:115782368:G:A;chr10:115782424:C:G;var1;middle;OL30,K562,K562_region_00267,100,156,56,CAATGATGAAGCATGCAGTAAATAACCCTCCCTCCCTGGAAGTGAAGACAGCCTGTGGGGGAGAACTGGCTCCATTAAAGGCTTCAAGCCACAGGAGTTGTTTTCTCCGGAGATGATGAACGTGGGCTGGAAAAAGAGACAAGAGTCACCTACTTCGTGCAGCTTTTTCCCCCCAAACTGCTAAAAGTCCTTTACCCTCA,baf52e9bc764d2eb8f86c4feaa9770e648159d47feea4b12c3d7fe90b8d2ca39,0.0,CAATGATGAAGCATGCAGTAAATAACCCTCCCTCCCTGGAAGTGAAGACAGCCTGTGGGGGAGAACTGGCTCCATTAAAGGCTTCAAGCCACAGGAGTTATTTTCTCCGGAGATGATGAACGTGGGCTGGAAAAAGAGACAAGAGTCACCTACTTCGTGCAGCTTTTTCCCCCCAAACTGCTAAAAGTCCTTTACCCTCA,a8f46cd504a2cffa462f7de09b55853dcc7e0c394c9eb039f124effa77ca3a95,-0.162895047970705,CAATGATGAAGCATGCAGTAAATAACCCTCCCTCCCTGGAAGTGAAGACAGCCTGTGGGGGAGAACTGGCTCCATTAAAGGCTTCAAGCCACAGGAGTTGTTTTCTCCGGAGATGATGAACGTGGGCTGGAAAAAGAGACAAGAGTCACCTACTTGGTGCAGCTTTTTCCCCCCAAACTGCTAAAAGTCCTTTACCCTCA,f85fd5332ea08c6c76ca481b717207332ddf2f5ba28011b1a312058f9a073d71,-0.144911955277768,CAATGATGAAGCATGCAGTAAATAACCCTCCCTCCCTGGAAGTGAAGACAGCCTGTGGGGGAGAACTGGCTCCATTAAAGGCTTCAAGCCACAGGAGTTATTTTCTCCGGAGATGATGAACGTGGGCTGGAAAAAGAGACAAGAGTCACCTACTTGGTGCAGCTTTTTCCCCCCAAACTGCTAAAAGTCCTTTACCCTCA,84a880d057769f450394ee322e8466dd6a2c1848be22553debae745095938b26,-0.319523691853534,0.011716688605061,0.151395294365979,-338.1718563239556,-344.45822469331324,-342.0429798259865,-349.05413481243886,0.7247866170946509,1.0,0.011716688605061,0.0,1,0.18310258647409727,0.18216460459877223,0.1501433469024087,0.09881222392574962,1.0
chr10:115786233:G:A;chr10:115786236:G:A;var1;middle;OL31|K562|31ac71bda5f39f2c,chr10:115786233:G:A;chr10:115786236:G:A;var1;middle;OL31,K562,K562_region_00268,100,103,3,GGCAGTATCCCTGGCCTCTACTAACTAGATGCCAGTAGCAGCCCCCTCTCCAGTTTCAACACCTAAAAATGTCCCCAGACATGGCCAAATGTCTGCCAGGGAGACAAAAATGCCCCCAGTTGAGAAACACTGGCCCTCATACTGCTTTAAATGACAAGTTCCTTTTGGACAGGGACTAACCTAATTTGTACAGACTTCAG,bdb25bf3035280623c9cd31e6aa52d56aa0eaa713ae91d90145c0ff39a42ab61,0.0,GGCAGTATCCCTGGCCTCTACTAACTAGATGCCAGTAGCAGCCCCCTCTCCAGTTTCAACACCTAAAAATGTCCCCAGACATGGCCAAATGTCTGCCAGAGAGACAAAAATGCCCCCAGTTGAGAAACACTGGCCCTCATACTGCTTTAAATGACAAGTTCCTTTTGGACAGGGACTAACCTAATTTGTACAGACTTCAG,82d0395d4d41252bd46acd5dd5fc5b9536160ff8ef35955af5664fa71ab02ec4,-0.201048012481997,GGCAGTATCCCTGGCCTCTACTAACTAGATGCCAGTAGCAGCCCCCTCTCCAGTTTCAACACCTAAAAATGTCCCCAGACATGGCCAAATGTCTGCCAGGGAAACAAAAATGCCCCCAGTTGAGAAACACTGGCCCTCATACTGCTTTAAATGACAAGTTCCTTTTGGACAGGGACTAACCTAATTTGTACAGACTTCAG,1c7af1a8d312ce316722bd7db6440d2b26eb3fed916345d0e883a3a32fa449d2,-0.111387704982497,GGCAGTATCCCTGGCCTCTACTAACTAGATGCCAGTAGCAGCCCCCTCTCCAGTTTCAACACCTAAAAATGTCCCCAGACATGGCCAAATGTCTGCCAGAGAAACAAAAATGCCCCCAGTTGAGAAACACTGGCCCTCATACTGCTTTAAATGACAAGTTCCTTTTGGACAGGGACTAACCTAATTTGTACAGACTTCAG,31ac71bda5f39f2cceafdfb37aea89b10f7398c602abb066363001b90134cdda,-0.0128976457836722,0.2995380716808218,0.33226437941312,-155.4162971228361,-157.61820755712688,-157.75633321888745,-160.17013753950596,-0.21189388632774353,-1.0,-0.2995380716808218,0.0,1,0.18214957038490287,0.18216460459877223,0.1501433469024087,0.319832225367078,1.0
chr10:118397884:A:G;chr10:118397894:A:G;var1;middle;OL31|K562|494f42e1c270e464,chr10:118397884:A:G;chr10:118397894:A:G;var1;middle;OL31,K562,K562_region_00269,100,110,10,CCCCTGGAGGATTCAGAGCTTGGAACAATAATATTTTCATAGATCATTTTTTCAATAAGATGAGTTCATTAAATGGGTTGTATTTCTTTGGACAGGTTGAAGATATAAGATATCAGTCACACTTTCTGGAAAAGAGAAAGTGAATGGGTACATCAGGATTGCTTTGTATGGAAGTAATGAAAACTCAAAACAATATGAGA,2045b0c3ac437dd33a110d22f628ef349d1b08cbd17401e1ace1fcd824eee5fd,0.0,CCCCTGGAGGATTCAGAGCTTGGAACAATAATATTTTCATAGATCATTTTTTCAATAAGATGAGTTCATTAAATGGGTTGTATTTCTTTGGACAGGTTGGAGATATAAGATATCAGTCACACTTTCTGGAAAAGAGAAAGTGAATGGGTACATCAGGATTGCTTTGTATGGAAGTAATGAAAACTCAAAACAATATGAGA,3b1102354ffa52f84c79aa99b61d421e64f2d886f8bade194bbe7bb2d9df4325,-0.327530398789913,CCCCTGGAGGATTCAGAGCTTGGAACAATAATATTTTCATAGATCATTTTTTCAATAAGATGAGTTCATTAAATGGGTTGTATTTCTTTGGACAGGTTGAAGATATAAGGTATCAGTCACACTTTCTGGAAAAGAGAAAGTGAATGGGTACATCAGGATTGCTTTGTATGGAAGTAATGAAAACTCAAAACAATATGAGA,56550546117c834446ff6579eb8df1786ac7e3cfa4730ab5875019aecae6dda5,-0.244981419502408,CCCCTGGAGGATTCAGAGCTTGGAACAATAATATTTTCATAGATCATTTTTTCAATAAGATGAGTTCATTAAATGGGTTGTATTTCTTTGGACAGGTTGGAGATATAAGGTATCAGTCACACTTTCTGGAAAAGAGAAAGTGAATGGGTACATCAGGATTGCTTTGTATGGAAGTAATGAAAACTCAAAACAATATGAGA,494f42e1c270e464b4c45dcb4b5780243a60900ba54366d2bb6015e90b99d97b,-0.681501145250682,0.1089893269583609,0.221799120100616,-329.15867873327807,-323.9083297178149,-324.5072515932843,-319.4215913116932,0.1646887338720262,1.0,0.1089893269583609,0.0,2,0.1754342684819648,0.17490732828716207,0.146091925319964,0.15423394505358767,1.0
chr10:119533256:A:G;chr10:119533345:A:G;var1;middle;OL27|K562|33b200bba95eb5ce,chr10:119533256:A:G;chr10:119533345:A:G;var1;middle;OL27,K562,K562_region_00270,100,189,89,TGCCCACTAAGGCCTCACTTCCCGGAGGATAGCCGGAGAGGAACAAGGGGGCTCTCTCTGTTCATTGAAGCTCAGGTGACAAGACTTCATGGTCTACCAATCAGCCCAAATGCCCGCCAACCTTCAGACTCTCTGTGGTTGGACAATCTTGCTTCAATCAGAAGTAAGGAACTAATAGCATAATATTCAGGATGCTGAGT,6933d87d2c3f1ad5056bc803ed983b3d8635eee9ebcee81fe647f14e0a7c3184,0.0,TGCCCACTAAGGCCTCACTTCCCGGAGGATAGCCGGAGAGGAACAAGGGGGCTCTCTCTGTTCATTGAAGCTCAGGTGACAAGACTTCATGGTCTACCAGTCAGCCCAAATGCCCGCCAACCTTCAGACTCTCTGTGGTTGGACAATCTTGCTTCAATCAGAAGTAAGGAACTAATAGCATAATATTCAGGATGCTGAGT,c397b61d9f49cffc8faef9199114b81c9d48f7e78a54fe0486b015a4b1c12518,-0.293538786909302,TGCCCACTAAGGCCTCACTTCCCGGAGGATAGCCGGAGAGGAACAAGGGGGCTCTCTCTGTTCATTGAAGCTCAGGTGACAAGACTTCATGGTCTACCAATCAGCCCAAATGCCCGCCAACCTTCAGACTCTCTGTGGTTGGACAATCTTGCTTCAATCAGAAGTAAGGAACTAATAGCATAATATTCGGGATGCTGAGT,541d670084eacff67cefe2a785d25d062506eee802030684223eb051d26d501f,-0.113733613555431,TGCCCACTAAGGCCTCACTTCCCGGAGGATAGCCGGAGAGGAACAAGGGGGCTCTCTCTGTTCATTGAAGCTCAGGTGACAAGACTTCATGGTCTACCAGTCAGCCCAAATGCCCGCCAACCTTCAGACTCTCTGTGGTTGGACAATCTTGCTTCAATCAGAAGTAAGGAACTAATAGCATAATATTCGGGATGCTGAGT,33b200bba95eb5ce781fa363b5ae194cd2160871a30105907a5e43a54a1098e1,-0.531029917522715,0.1237575170579819,0.112724295678279,-345.6020572418347,-365.97421684861183,-368.4668275476433,-396.9379733614624,8.098986207041946,1.0,0.1237575170579819,0.0,1,0.19060539114278946,0.18216460459877223,0.1501433469024087,0.23984673598846257,1.0
chr10:121028387:C:T;chr10:121028390:G:T;var1;middle;OL27|K562|38dc0ee44152d5bf,chr10:121028387:C:T;chr10:121028390:G:T;var1;middle;OL27,K562,K562_region_00271,100,103,3,ATAGGGTTGGACTGGTGCTGCCTCTTTAGTGCCTAAGAAACGCTACCCTGGCCCTGTCTCCAGGCCTTGATCTCAAGGTGGGATTCATCCATCATCCACCACGGCCCAGGAGCCAGCTGTCCTCACTTCTGGGGTGACTTGTGAGTAGATAACAAAGGGGGTGCCCTCACCCTGCAGCGGAGTCCCCATGGGCCTTGGGG,87e3121a3989755ab022d9089a83dc2d3de06551ce39bb0fc05af1bdb38eddc1,0.0,ATAGGGTTGGACTGGTGCTGCCTCTTTAGTGCCTAAGAAACGCTACCCTGGCCCTGTCTCCAGGCCTTGATCTCAAGGTGGGATTCATCCATCATCCACTACGGCCCAGGAGCCAGCTGTCCTCACTTCTGGGGTGACTTGTGAGTAGATAACAAAGGGGGTGCCCTCACCCTGCAGCGGAGTCCCCATGGGCCTTGGGG,6ad26008d036db100a8717284823e921a9e0557d265c06ace4933a53aa90b20f,-0.0410999212808119,ATAGGGTTGGACTGGTGCTGCCTCTTTAGTGCCTAAGAAACGCTACCCTGGCCCTGTCTCCAGGCCTTGATCTCAAGGTGGGATTCATCCATCATCCACCACTGCCCAGGAGCCAGCTGTCCTCACTTCTGGGGTGACTTGTGAGTAGATAACAAAGGGGGTGCCCTCACCCTGCAGCGGAGTCCCCATGGGCCTTGGGG,189009a2c1917bec2c287ea803b4145c2a1cf8351899146786f197ea88453436,-0.192456362843095,ATAGGGTTGGACTGGTGCTGCCTCTTTAGTGCCTAAGAAACGCTACCCTGGCCCTGTCTCCAGGCCTTGATCTCAAGGTGGGATTCATCCATCATCCACTACTGCCCAGGAGCCAGCTGTCCTCACTTCTGGGGTGACTTGTGAGTAGATAACAAAGGGGGTGCCCTCACCCTGCAGCGGAGTCCCCATGGGCCTTGGGG,38dc0ee44152d5bf9011f32b468797e9bb46f36da8ade3c72c95c9369c440b58,0.475943737280213,0.7095000214041198,0.19929142642237,-355.4287679736736,-398.7563775122399,-303.1766246382613,-333.1903530183481,13.313881158479433,-1.0,-0.7095000214041198,0.0,1,0.19591123318179834,0.18216460459877223,0.1501433469024087,0.12952591066070443,1.0
chr10:122897959:G:A;chr10:122897984:G:T;var1;middle;OL29|K562|39fc7d50f145ca59,chr10:122897959:G:A;chr10:122897984:G:T;var1;middle;OL29,K562,K562_region_00272,100,125,25,GCATGTGCAATTACTCAACACATCTTTAAAACTGTAAACACTTGTTCACATGTGGAGAAGTTTAGAGCCGTACAGGCTTGGAAAACCCACCTGGCAGGCGGGTTCCCTCCGCTTCTCTCCAGTTGAGTAACCATCCTCGGCGCCCACTCCTCCTCTGAGAGCCAAACACCATCAGCAGAGAAATCATTAAGGAGTGGGGG,794f7bf950959ec66ef9a5e657eceacff10aac7e689f01b174ee24d73d4c318f,0.0,GCATGTGCAATTACTCAACACATCTTTAAAACTGTAAACACTTGTTCACATGTGGAGAAGTTTAGAGCCGTACAGGCTTGGAAAACCCACCTGGCAGGCAGGTTCCCTCCGCTTCTCTCCAGTTGAGTAACCATCCTCGGCGCCCACTCCTCCTCTGAGAGCCAAACACCATCAGCAGAGAAATCATTAAGGAGTGGGGG,6e1c49d6923be4f9b07a7ec6194008b825bff4953f91af52c6eb187a2952c53e,-0.192040953919717,GCATGTGCAATTACTCAACACATCTTTAAAACTGTAAACACTTGTTCACATGTGGAGAAGTTTAGAGCCGTACAGGCTTGGAAAACCCACCTGGCAGGCGGGTTCCCTCCGCTTCTCTCCAGTTTAGTAACCATCCTCGGCGCCCACTCCTCCTCTGAGAGCCAAACACCATCAGCAGAGAAATCATTAAGGAGTGGGGG,0c0094409eeca6813fe3ae95a7566a43e705ac07cb6e03e635f9c927a2e1fc7a,-0.224849622833301,GCATGTGCAATTACTCAACACATCTTTAAAACTGTAAACACTTGTTCACATGTGGAGAAGTTTAGAGCCGTACAGGCTTGGAAAACCCACCTGGCAGGCAGGTTCCCTCCGCTTCTCTCCAGTTTAGTAACCATCCTCGGCGCCCACTCCTCCTCTGAGAGCCAAACACCATCAGCAGAGAAATCATTAAGGAGTGGGGG,39fc7d50f145ca597f8efe0eae69178d7384747699b676648f1bd4a49fcbfd6f,-0.103488847825545,0.313401728927473,0.252222673792089,-352.2652222523466,-349.3035563889425,-339.69193113059737,-337.383025665069,-0.6527603978756815,-1.0,-0.313401728927473,0.0,1,0.1817010152189129,0.18216460459877223,0.1501433469024087,0.2869531614556656,1.0
chr10:12292286:C:G;chr10:12292344:A:G;var1;middle;OL41|K562|2469b16dcc6d4fdd,chr10:12292286:C:G;chr10:12292344:A:G;var1;middle;OL41,K562,K562_region_00198,100,158,58,CATGGTTTTCCATGACAATTTTTAATTACATCCTTTGCCAAGACCTCTAGAAAATTACACCTGCTGAGCAGATATCCCAAGGAGCATGTGCTATTTTAACATCCCCTTGGTTTTCTTTGACAGAAGAGAAATCAGCAGGAGGACGACTGATGAGCGTACTGGAACTGGAGAAGAGGAGGCCCCGCCCCACCGCTCCGGGA,9df4e909f7698893708be6377e0bc6e63dd880c92740b829d4c60e0dd0bfbd05,0.0,CATGGTTTTCCATGACAATTTTTAATTACATCCTTTGCCAAGACCTCTAGAAAATTACACCTGCTGAGCAGATATCCCAAGGAGCATGTGCTATTTTAAGATCCCCTTGGTTTTCTTTGACAGAAGAGAAATCAGCAGGAGGACGACTGATGAGCGTACTGGAACTGGAGAAGAGGAGGCCCCGCCCCACCGCTCCGGGA,1dbb249890b7cb31f541e37f084a8e8059a795cf60a582a258e9606e29915a64,-0.188535876846674,CATGGTTTTCCATGACAATTTTTAATTACATCCTTTGCCAAGACCTCTAGAAAATTACACCTGCTGAGCAGATATCCCAAGGAGCATGTGCTATTTTAACATCCCCTTGGTTTTCTTTGACAGAAGAGAAATCAGCAGGAGGACGACTGATGAGCGTGCTGGAACTGGAGAAGAGGAGGCCCCGCCCCACCGCTCCGGGA,9d262bb35a042117b070245334221580a1862cbb06b795add10c9723b0688b7b,0.174346306034589,CATGGTTTTCCATGACAATTTTTAATTACATCCTTTGCCAAGACCTCTAGAAAATTACACCTGCTGAGCAGATATCCCAAGGAGCATGTGCTATTTTAAGATCCCCTTGGTTTTCTTTGACAGAAGAGAAATCAGCAGGAGGACGACTGATGAGCGTGCTGGAACTGGAGAAGAGGAGGCCCCGCCCCACCGCTCCGGGA,2469b16dcc6d4fdd929780cc9ff995120b7e7c99a26954599324ff4afad6560f,-0.0310482453294216,-0.0168586745173366,0.174587250997337,-315.7811061451212,-318.8922077137977,-318.8111117538065,-320.97848291974515,0.9437304027377991,-1.0,0.0168586745173366,0.0,1,0.18332534861079666,0.18216460459877223,0.1501433469024087,0.23951319233000196,1.0
chr10:124017423:G:A;chr10:124017511:G:C;var1;middle;OL41|K562|2fe32fc8802b2703,chr10:124017423:G:A;chr10:124017511:G:C;var1;middle;OL41,K562,K562_region_00273,100,188,88,CTGAGAAGCAAGTGGCCCCAGAATATAATGGATCATTCCTGCCGCCGGAGACCTATGTTATGGCTCTAACAACGCCCATCCTGTGCAACTACTATGAAGGTTAGAGAAAATGATTGCAGCTGCTGGGCAGGTGGTAAAGCTTAATCAATGGTGGAGATGATCATGACAATGAAGATTACAGGGACTTGGCGAAGAAGTGG,d797c31031c6d222892f879328f090f91f5ae6d339243a56aae3e4bc73f0c12a,0.0,CTGAGAAGCAAGTGGCCCCAGAATATAATGGATCATTCCTGCCGCCGGAGACCTATGTTATGGCTCTAACAACGCCCATCCTGTGCAACTACTATGAAGATTAGAGAAAATGATTGCAGCTGCTGGGCAGGTGGTAAAGCTTAATCAATGGTGGAGATGATCATGACAATGAAGATTACAGGGACTTGGCGAAGAAGTGG,ee654bc7fe76711acb210417af8868e0e55dc6e09c892557708123a59c278322,0.277384970141592,CTGAGAAGCAAGTGGCCCCAGAATATAATGGATCATTCCTGCCGCCGGAGACCTATGTTATGGCTCTAACAACGCCCATCCTGTGCAACTACTATGAAGGTTAGAGAAAATGATTGCAGCTGCTGGGCAGGTGGTAAAGCTTAATCAATGGTGGAGATGATCATGACAATGAAGATTACAGGGACTTCGCGAAGAAGTGG,c0c3ebdd7e486599d69f5d100624223cbe6e3ad78a2628d4072911e0125f4fd1,-0.0371092056265924,CTGAGAAGCAAGTGGCCCCAGAATATAATGGATCATTCCTGCCGCCGGAGACCTATGTTATGGCTCTAACAACGCCCATCCTGTGCAACTACTATGAAGATTAGAGAAAATGATTGCAGCTGCTGGGCAGGTGGTAAAGCTTAATCAATGGTGGAGATGATCATGACAATGAAGATTACAGGGACTTCGCGAAGAAGTGG,2fe32fc8802b2703d5188b51d65424a2e1fd79a6f5eaf3646a280ce67ef56c19,0.061119012813368,-0.1791567517016316,0.344659464396241,-300.1882538944483,-284.7563189268112,-286.91795843839645,-285.38749128580093,-13.901467815041542,-1.0,0.1791567517016316,0.0,4,0.15896968972816336,0.17620727786206916,0.145609630836647,0.17772369146468955,1.0
chr10:124202610:T:A;chr10:124202612:G:T;var1;middle;OL31|K562|595015d3f51eab25,chr10:124202610:T:A;chr10:124202612:G:T;var1;middle;OL31,K562,K562_region_00274,100,102,2,GCCTCCCGAGTACCTGGGACTACGGTGCCTGCCACCACGCTCAGCTAAGTTTTTGTATTTTTTTTTCAGTAGAGACGGGGTTTCACCGTGTTAGCCAGGTTGGTCTGGATCTCCTGACTTCATGATCTGCCCGCCTTGGCCTCCCAAAGTGCTGGGATTACAGGCGTGAGCCACCACGCCCGGCCATTCACTATTTTAAC,aa50012ad18c7937626e5a211f86b87b085527b37deaa69314e147e5dd7f9977,0.0,GCCTCCCGAGTACCTGGGACTACGGTGCCTGCCACCACGCTCAGCTAAGTTTTTGTATTTTTTTTTCAGTAGAGACGGGGTTTCACCGTGTTAGCCAGGATGGTCTGGATCTCCTGACTTCATGATCTGCCCGCCTTGGCCTCCCAAAGTGCTGGGATTACAGGCGTGAGCCACCACGCCCGGCCATTCACTATTTTAAC,efac2b59ecaff47449fe013c6ab550e86b5111c152dbcdb251c8de9b923c5592,0.246570730971151,GCCTCCCGAGTACCTGGGACTACGGTGCCTGCCACCACGCTCAGCTAAGTTTTTGTATTTTTTTTTCAGTAGAGACGGGGTTTCACCGTGTTAGCCAGGTTTGTCTGGATCTCCTGACTTCATGATCTGCCCGCCTTGGCCTCCCAAAGTGCTGGGATTACAGGCGTGAGCCACCACGCCCGGCCATTCACTATTTTAAC,6494256e85239be746d4f5ad033e07fb6ecb09f6ecc0efad65e7c11713848162,0.0008119874797413,GCCTCCCGAGTACCTGGGACTACGGTGCCTGCCACCACGCTCAGCTAAGTTTTTGTATTTTTTTTTCAGTAGAGACGGGGTTTCACCGTGTTAGCCAGGATTGTCTGGATCTCCTGACTTCATGATCTGCCCGCCTTGGCCTCCCAAAGTGCTGGGATTACAGGCGTGAGCCACCACGCCCGGCCATTCACTATTTTAAC,595015d3f51eab25a69b3b356d362270f65129a3fbc10cb902ba9c59dac25fe2,0.297360334166648,-0.0499776157157556,0.282988320032341,-79.03660182887688,-71.01808147365227,-82.3713075760752,-75.44948685867712,1.0966996378265321,1.0,-0.0499776157157556,0.0,4,0.17755858822140397,0.17620727786206916,0.145609630836647,0.03224134790451247,1.0
chr10:125650709:G:C;chr10:125650793:A:C;var1;middle;OL41|K562|bd13176e768af4b7,chr10:125650709:G:C;chr10:125650793:A:C;var1;middle;OL41,K562,K562_region_00275,100,184,84,AGCCTCCCAATTGCACAGCTCCCTCTTTACCTAAGGGCATAAGCCAGAGCTGAAATGCATGTCAGGGTCAAGGACAAGTTCTGGGAAGCTGGGCGGGCCGGCAGGAAGCGCAGATACAGTCCCTAGGGAGGCAGAGGCGGCAACAGGGAGATTCCCGGGACTGGCCCATCCCAGACACACACAATGGGAGAAGCCAGTTG,82c4f37742edc18401eb5e4c0aaab9669c2dd662949b1f05c845346943460e28,0.0,AGCCTCCCAATTGCACAGCTCCCTCTTTACCTAAGGGCATAAGCCAGAGCTGAAATGCATGTCAGGGTCAAGGACAAGTTCTGGGAAGCTGGGCGGGCCCGCAGGAAGCGCAGATACAGTCCCTAGGGAGGCAGAGGCGGCAACAGGGAGATTCCCGGGACTGGCCCATCCCAGACACACACAATGGGAGAAGCCAGTTG,848b4775b61939129eae8545e3daa15d380be00f1ea544d0ddb11db826c0349c,-0.367895262207252,AGCCTCCCAATTGCACAGCTCCCTCTTTACCTAAGGGCATAAGCCAGAGCTGAAATGCATGTCAGGGTCAAGGACAAGTTCTGGGAAGCTGGGCGGGCCGGCAGGAAGCGCAGATACAGTCCCTAGGGAGGCAGAGGCGGCAACAGGGAGATTCCCGGGACTGGCCCATCCCAGACACACACACTGGGAGAAGCCAGTTG,6f4126b4a4c1a6b8c4b8499a5b0c8b05f48c5ce7d75a7127f6203bb726eeba66,0.216758972300459,AGCCTCCCAATTGCACAGCTCCCTCTTTACCTAAGGGCATAAGCCAGAGCTGAAATGCATGTCAGGGTCAAGGACAAGTTCTGGGAAGCTGGGCGGGCCCGCAGGAAGCGCAGATACAGTCCCTAGGGAGGCAGAGGCGGCAACAGGGAGATTCCCGGGACTGGCCCATCCCAGACACACACACTGGGAGAAGCCAGTTG,bd13176e768af4b7a9fc6010240d02c5f64f5ad16be10089e9ddaaa637e29038,-0.0522275773574886,0.0989087125493043,0.211848665321343,-254.2093047201633,-256.757620036602,-263.27996175922453,-299.1459392160177,-33.31766214035446,-1.0,-0.0989087125493043,0.0,4,0.13490503872513324,0.17620727786206916,0.145609630836647,0.38467406581108726,1.0
chr10:126424823:G:A;chr10:126424835:C:T;var1;middle;OL41|K562|2d5e5841bb45fa4c,chr10:126424823:G:A;chr10:126424835:C:T;var1;middle;OL41,K562,K562_region_00276,100,112,12,CTAAACTGATCTTCCTAAAAACGCTGGGTGGCAGGACCAGCAAGGTGAGAAATCAGAGGCCCAGTGAGGGTTACAGGGCAAATTAGGTCCAGCAAGTAGGCAGTCTGTGCCCACTACCTTCCAGCCAGGAAACTGAATCGTTTGACTGCCAAAGGGATTACAGGGGAGAGCGGTTCCTACGGCCCGGTCCCCAGGATCAT,d634b2c5f3929ec202bcbe2dc7be81a31e295083cd72a1d0accfe39fa4a72f5a,0.0,CTAAACTGATCTTCCTAAAAACGCTGGGTGGCAGGACCAGCAAGGTGAGAAATCAGAGGCCCAGTGAGGGTTACAGGGCAAATTAGGTCCAGCAAGTAGACAGTCTGTGCCCACTACCTTCCAGCCAGGAAACTGAATCGTTTGACTGCCAAAGGGATTACAGGGGAGAGCGGTTCCTACGGCCCGGTCCCCAGGATCAT,24c71fe9ce34b6a5fb4bee0d56a0c7992a644d69b6ecdeb495cfaf1564a2653e,0.002749523813214,CTAAACTGATCTTCCTAAAAACGCTGGGTGGCAGGACCAGCAAGGTGAGAAATCAGAGGCCCAGTGAGGGTTACAGGGCAAATTAGGTCCAGCAAGTAGGCAGTCTGTGCCTACTACCTTCCAGCCAGGAAACTGAATCGTTTGACTGCCAAAGGGATTACAGGGGAGAGCGGTTCCTACGGCCCGGTCCCCAGGATCAT,fa6873c10d6e63fa6ad2d768aedc417f7a8474fc5218f5e31930a48f430f544a,-0.321978582461895,CTAAACTGATCTTCCTAAAAACGCTGGGTGGCAGGACCAGCAAGGTGAGAAATCAGAGGCCCAGTGAGGGTTACAGGGCAAATTAGGTCCAGCAAGTAGACAGTCTGTGCCTACTACCTTCCAGCCAGGAAACTGAATCGTTTGACTGCCAAAGGGATTACAGGGGAGAGCGGTTCCTACGGCCCGGTCCCCAGGATCAT,2d5e5841bb45fa4cbd30d192ee2f66bc1aac96e559eb3d4afdc9113ffc2d14c7,-0.173137133328717,0.146091925319964,0.423283482099721,-272.43429009988904,-284.7369201630354,-270.4617043733597,-274.9134122505784,7.8509221859276295,-1.0,-0.146091925319964,0.0,0,0.19585968748955881,0.18565657667894103,0.15145376406925343,0.10363581106481479,1.0
chr10:127475630:C:T;chr10:127475662:C:T;var1;middle;OL41|K562|71fa201244b7f8f5,chr10:127475630:C:T;chr10:127475662:C:T;var1;middle;OL41,K562,K562_region_00277,100,132,32,CACGCAATCGTCGAGGACACTGCGCCTGCTGCTTTGCTCATCTCCCGCCCCGTATGAGCTCCCTGCCTTCCTGATCCCAAACAGAACCATCTTTAACCACGCCCTGGCGCACTCCATCTGAAACAAGGCTTCGCCAGAACTGTTAATAGCCTCACATCTCTTCAAAAGGTGGCTTCGGGTTGTGTGGGGATGAAAGGACA,ea4495de11913bf4637c186f819b9b67b2bf10ba68106aade5cf9c8c8250d23c,0.0,CACGCAATCGTCGAGGACACTGCGCCTGCTGCTTTGCTCATCTCCCGCCCCGTATGAGCTCCCTGCCTTCCTGATCCCAAACAGAACCATCTTTAACCATGCCCTGGCGCACTCCATCTGAAACAAGGCTTCGCCAGAACTGTTAATAGCCTCACATCTCTTCAAAAGGTGGCTTCGGGTTGTGTGGGGATGAAAGGACA,5535b588839ee04a567bcef8f25da03c3c6eb1e8be1a781615cf71874ec6e5a6,-0.81299807289141,CACGCAATCGTCGAGGACACTGCGCCTGCTGCTTTGCTCATCTCCCGCCCCGTATGAGCTCCCTGCCTTCCTGATCCCAAACAGAACCATCTTTAACCACGCCCTGGCGCACTCCATCTGAAACAAGGCTTTGCCAGAACTGTTAATAGCCTCACATCTCTTCAAAAGGTGGCTTCGGGTTGTGTGGGGATGAAAGGACA,bcc676ddaacf63fc1f72d94fa3fc8dff9031e1f6eaa1b5bdc44a4881e8c2eecb,-0.246269703787534,CACGCAATCGTCGAGGACACTGCGCCTGCTGCTTTGCTCATCTCCCGCCCCGTATGAGCTCCCTGCCTTCCTGATCCCAAACAGAACCATCTTTAACCATGCCCTGGCGCACTCCATCTGAAACAAGGCTTTGCCAGAACTGTTAATAGCCTCACATCTCTTCAAAAGGTGGCTTCGGGTTGTGTGGGGATGAAAGGACA,71fa201244b7f8f53e81d67b3dc8ec304eae7d1208f35dde608ba0fc1a0062f5,-1.23222998416474,0.1729622074857959,0.30026321477365,-323.1345945522189,-315.27411288395524,-356.9909685328603,-350.1054405346513,0.9749536700546741,1.0,0.1729622074857959,0.0,4,0.17740769489100314,0.17620727786206916,0.145609630836647,0.22615047219163892,1.0
chr10:130457648:C:T;chr10:130457732:G:A;var1;middle;OL29|K562|1a50e2ecc860e25a,chr10:130457648:C:T;chr10:130457732:G:A;var1;middle;OL29,K562,K562_region_00278,100,184,84,CAGCACTGGCCTAGGAAGGTTGTGGGTCTTCCAGCTCTTTGAGAGGGGACCCCATGTCCTATTCCTCTGAATACCAGCAACAGAGTCACTTTAGGAAGGCGCAGCCCAGTGCACCCGTGAAGGGCTTTGGATTCAGTGTTAATCAGCATCCATGATCCACACTGTCCCGGAGTTCAGGACTTCGTGGTGAGGGATGCTGG,f9ddacf62946f41982a8745a5e1889a71a89fe129037dacaddd3e61519c47d4e,0.0,CAGCACTGGCCTAGGAAGGTTGTGGGTCTTCCAGCTCTTTGAGAGGGGACCCCATGTCCTATTCCTCTGAATACCAGCAACAGAGTCACTTTAGGAAGGTGCAGCCCAGTGCACCCGTGAAGGGCTTTGGATTCAGTGTTAATCAGCATCCATGATCCACACTGTCCCGGAGTTCAGGACTTCGTGGTGAGGGATGCTGG,0eca7dd29c701948cec2c9b371669bb1ff3583f8766b92a981876399203d26ec,0.0351103916372413,CAGCACTGGCCTAGGAAGGTTGTGGGTCTTCCAGCTCTTTGAGAGGGGACCCCATGTCCTATTCCTCTGAATACCAGCAACAGAGTCACTTTAGGAAGGCGCAGCCCAGTGCACCCGTGAAGGGCTTTGGATTCAGTGTTAATCAGCATCCATGATCCACACTGTCCCGGAGTTCAGGACTTCATGGTGAGGGATGCTGG,a342153eb30b540dcf863951e81690858780cdc62eae951dc97ac546d0426b67,-0.108873298142613,CAGCACTGGCCTAGGAAGGTTGTGGGTCTTCCAGCTCTTTGAGAGGGGACCCCATGTCCTATTCCTCTGAATACCAGCAACAGAGTCACTTTAGGAAGGTGCAGCCCAGTGCACCCGTGAAGGGCTTTGGATTCAGTGTTAATCAGCATCCATGATCCACACTGTCCCGGAGTTCAGGACTTCATGGTGAGGGATGCTGG,1a50e2ecc860e25a4a8d3e57fbd53c4b97b531190d340c44c30761e0c9e86dd9,0.133323963615276,0.2070868701206477,0.123272461870024,-379.70041535561904,-351.73941496771295,-371.22950271843,-342.80568235041574,0.46281998010817915,-1.0,-0.2070868701206477,0.0,1,0.18283605117314025,0.18216460459877223,0.1501433469024087,0.278396868675069,1.0
chr10:132954191:G:C;chr10:132954247:C:T;var1;middle;OL29|K562|09c78d6ada046d40,chr10:132954191:G:C;chr10:132954247:C:T;var1;middle;OL29,K562,K562_region_00279,100,156,56,TCTCAAATGCGAGCTAAATGGCAGCTTCCCCGCCAACTCCTCCTCCCTCACTAAACCACACTGACATTTAATTCAACATTAGAGTCCCCTCCCTGACAAGTGACTCCTCCTGTCCCTTCTCTGACATAATAAAAGACTCAATTATGCAAAAGGGCCGAAGTGACATTTGGTTTCTCTTCAGCACTACTTACTCAAAGAAG,0bb5f60a1adb37d1049c30a4a487c50a403e50304396f2dd1d8d4d449e74da42,0.0,TCTCAAATGCGAGCTAAATGGCAGCTTCCCCGCCAACTCCTCCTCCCTCACTAAACCACACTGACATTTAATTCAACATTAGAGTCCCCTCCCTGACAACTGACTCCTCCTGTCCCTTCTCTGACATAATAAAAGACTCAATTATGCAAAAGGGCCGAAGTGACATTTGGTTTCTCTTCAGCACTACTTACTCAAAGAAG,7b88fce4a1ce1b7fb7cc8e7e243122d2a4266d3f568fe701396b0cab7caf8a18,0.343287900603767,TCTCAAATGCGAGCTAAATGGCAGCTTCCCCGCCAACTCCTCCTCCCTCACTAAACCACACTGACATTTAATTCAACATTAGAGTCCCCTCCCTGACAAGTGACTCCTCCTGTCCCTTCTCTGACATAATAAAAGACTCAATTATGCAAAAGGGCTGAAGTGACATTTGGTTTCTCTTCAGCACTACTTACTCAAAGAAG,8e4d2bc06152dbb7264b80352087e1da38f9d4f800df1f03b8d13892439e169c,0.478313036607153,TCTCAAATGCGAGCTAAATGGCAGCTTCCCCGCCAACTCCTCCTCCCTCACTAAACCACACTGACATTTAATTCAACATTAGAGTCCCCTCCCTGACAACTGACTCCTCCTGTCCCTTCTCTGACATAATAAAAGACTCAATTATGCAAAAGGGCTGAAGTGACATTTGGTTTCTCTTCAGCACTACTTACTCAAAGAAG,09c78d6ada046d407316e389a0310d6155607e51b4db42a4768b7b2a00d8f3e1,0.735002859873717,0.086598077337203,0.23169550162801,-299.6049719187431,-295.2345251762308,-274.8064746852033,-273.13026234833524,2.694234405644238,1.0,0.086598077337203,0.0,0,0.1892364975051486,0.18565657667894103,0.15145376406925343,0.3790504475727587,1.0
chr10:13343488:C:A;chr10:13343521:A:C;var1;middle;OL41|K562|f71885762bb78060,chr10:13343488:C:A;chr10:13343521:A:C;var1;middle;OL41,K562,K562_region_00199,100,133,33,CCTGTAGCCCCCAGTCATGTTCCCCACGCTTGCTCGATCTCTCACTAAACTTTCACGTAGACCCTTAGAGTTACAAGCCCTTAAAAGGGCCAAGAATTTCTTTTTCAGGGACCTCGGTTGCAAGTCTGCCGAAGTTCCCGGCCTAATACAGCCCTTCTTTAATCCGGTGTCTGAGTTTTGTCTGCGGCTCGTCCTGCTGC,60c45ac6880502286f5c07ff392a4aecdc08b8a0bfc3c7d97687542d27b7dd1e,0.0,CCTGTAGCCCCCAGTCATGTTCCCCACGCTTGCTCGATCTCTCACTAAACTTTCACGTAGACCCTTAGAGTTACAAGCCCTTAAAAGGGCCAAGAATTTATTTTTCAGGGACCTCGGTTGCAAGTCTGCCGAAGTTCCCGGCCTAATACAGCCCTTCTTTAATCCGGTGTCTGAGTTTTGTCTGCGGCTCGTCCTGCTGC,62114ec0ac0425145554d34bdb1c1fea93f70d9c8437cf1f5c91dca8b99ccf80,-0.338291485438875,CCTGTAGCCCCCAGTCATGTTCCCCACGCTTGCTCGATCTCTCACTAAACTTTCACGTAGACCCTTAGAGTTACAAGCCCTTAAAAGGGCCAAGAATTTCTTTTTCAGGGACCTCGGTTGCAAGTCTGCCGACGTTCCCGGCCTAATACAGCCCTTCTTTAATCCGGTGTCTGAGTTTTGTCTGCGGCTCGTCCTGCTGC,2a629ee80322c3ba73c0ced8196aea91edf0f8b6a53ebdfd373cd6e7d6d25698,-0.396916809355172,CCTGTAGCCCCCAGTCATGTTCCCCACGCTTGCTCGATCTCTCACTAAACTTTCACGTAGACCCTTAGAGTTACAAGCCCTTAAAAGGGCCAAGAATTTATTTTTCAGGGACCTCGGTTGCAAGTCTGCCGACGTTCCCGGCCTAATACAGCCCTTCTTTAATCCGGTGTCTGAGTTTTGTCTGCGGCTCGTCCTGCTGC,f71885762bb78060079812505c8da9464f45149cff436b86b76b019df089f70a,-0.26090198036237,0.474306314431677,0.440494439401164,-397.07906593894586,-406.2145963534713,-390.6266499995254,-397.3183438628912,2.4438365511596203,-1.0,-0.474306314431677,0.0,4,0.17922824495894474,0.17620727786206916,0.145609630836647,0.1779984019074406,1.0
chr10:134000091:G:A;chr10:134000130:C:T;var1;middle;OL41|K562|4a7e09816b303dc2,chr10:134000091:G:A;chr10:134000130:C:T;var1;middle;OL41,K562,K562_region_00280,100,139,39,GGGTGTGGTTCCCAGAGCGTCGCGGCCCGGGGTTGACTGGCTCGGAATCCCGGGGCCTTGGGCGCCTCGCGTCTCCTGGGACCTGGGTTCCGCGCTGGAGGGCAGCGGGGGCGCGGGCGGGGCCTGGCAGGACGTGGCCGGACTCTCTCCCTCGCCTCCCCGGGGTGCAAACCCCGCGCACATCAGCTGGAGCAGGTTGA,1246815a6234fc84c4e5044ffce0b72a06bd83f6727056b771213160fec293f5,0.0,GGGTGTGGTTCCCAGAGCGTCGCGGCCCGGGGTTGACTGGCTCGGAATCCCGGGGCCTTGGGCGCCTCGCGTCTCCTGGGACCTGGGTTCCGCGCTGGAAGGCAGCGGGGGCGCGGGCGGGGCCTGGCAGGACGTGGCCGGACTCTCTCCCTCGCCTCCCCGGGGTGCAAACCCCGCGCACATCAGCTGGAGCAGGTTGA,63abf8ac7af1a2d383d15dc785194751660313071d4b218f19eed0659205461c,0.0244371257050884,GGGTGTGGTTCCCAGAGCGTCGCGGCCCGGGGTTGACTGGCTCGGAATCCCGGGGCCTTGGGCGCCTCGCGTCTCCTGGGACCTGGGTTCCGCGCTGGAGGGCAGCGGGGGCGCGGGCGGGGCCTGGCAGGACGTGGCTGGACTCTCTCCCTCGCCTCCCCGGGGTGCAAACCCCGCGCACATCAGCTGGAGCAGGTTGA,742e2b61253866d15b812382b220f48531a93e17458541fdb24151e7aa003120,-0.0941342399719691,GGGTGTGGTTCCCAGAGCGTCGCGGCCCGGGGTTGACTGGCTCGGAATCCCGGGGCCTTGGGCGCCTCGCGTCTCCTGGGACCTGGGTTCCGCGCTGGAAGGCAGCGGGGGCGCGGGCGGGGCCTGGCAGGACGTGGCTGGACTCTCTCCCTCGCCTCCCCGGGGTGCAAACCCCGCGCACATCAGCTGGAGCAGGTTGA,4a7e09816b303dc2edb39e0979e6a0f2199875654900bb6938ebf86753be6c4b,0.139428208188451,0.2091253224553317,0.510157599414581,-267.36299081519246,-249.9026322737336,-278.0082470756024,-260.8991941586137,-0.3513056244701147,-1.0,-0.2091253224553317,0.0,4,0.17576391411051026,0.17620727786206916,0.145609630836647,0.1429763929796927,1.0
chr10:134146006:G:A;chr10:134146084:C:T;var1;middle;OL41|K562|ae0cdd0c027839ed,chr10:134146006:G:A;chr10:134146084:C:T;var1;middle;OL41,K562,K562_region_00281,100,178,78,GGCCCAGAGCGTCGGACCCAACTCAGCCTCGCCCGGATGGGGAAATCGAGGCAGGGAGCGGGGGTGGGCGTGCGTGGGGATCCCTTGAAGGCAGCCTCGGAAACCCCACGGAGCCTGCGCTGCCTGGGCCCTGTGTGAGTCCAGGCTGTTGTTTCACTTCTGGTTTTAAGATACTTTCCCTGTTCTGAGGTTTGAAGCCT,264f4d191b7502db257c6a3489888366684ccd9c9c81fab3589b0c40a6e9f3bb,0.0,GGCCCAGAGCGTCGGACCCAACTCAGCCTCGCCCGGATGGGGAAATCGAGGCAGGGAGCGGGGGTGGGCGTGCGTGGGGATCCCTTGAAGGCAGCCTCGAAAACCCCACGGAGCCTGCGCTGCCTGGGCCCTGTGTGAGTCCAGGCTGTTGTTTCACTTCTGGTTTTAAGATACTTTCCCTGTTCTGAGGTTTGAAGCCT,6051b699c1b39f3b135ba7cc60fd7149f52c0686d8a57a1a3dc0a1f0d09587ce,-0.0705406111893057,GGCCCAGAGCGTCGGACCCAACTCAGCCTCGCCCGGATGGGGAAATCGAGGCAGGGAGCGGGGGTGGGCGTGCGTGGGGATCCCTTGAAGGCAGCCTCGGAAACCCCACGGAGCCTGCGCTGCCTGGGCCCTGTGTGAGTCCAGGCTGTTGTTTCACTTCTGGTTTTAAGATACTTTTCCTGTTCTGAGGTTTGAAGCCT,70cb417bf2076255cce166e4b55eeb0fb46c39a24b4385a31889a339a08880c9,-0.0794918436877102,GGCCCAGAGCGTCGGACCCAACTCAGCCTCGCCCGGATGGGGAAATCGAGGCAGGGAGCGGGGGTGGGCGTGCGTGGGGATCCCTTGAAGGCAGCCTCGAAAACCCCACGGAGCCTGCGCTGCCTGGGCCCTGTGTGAGTCCAGGCTGTTGTTTCACTTCTGGTTTTAAGATACTTTTCCTGTTCTGAGGTTTGAAGCCT,ae0cdd0c027839ed956c2cc1c9fafc76e957c48735a938377a0b86557486bb56,-0.189903319787888,0.0398708649108721,0.17228763267065,-316.0389155044686,-323.76908637257293,-301.98307492991444,-308.61503832088783,-1.0982074771309271,1.0,0.0398708649108721,0.0,4,0.17483819550074303,0.17620727786206916,0.145609630836647,0.15528550712774603,1.0
chr10:134295750:A:T;chr10:134295815:C:T;var1;middle;OL41|K562|806d9369ff7c8cd2,chr10:134295750:A:T;chr10:134295815:C:T;var1;middle;OL41,K562,K562_region_00282,100,165,65,TATCGCTCTTTGTTAAAGATGCTCTACAAGCTGGAATTCAAAGCCGCCTCGTTGAGAGTGACTCATGCCCTAGGCATCTCCCACACATACGTGAAACACACATGTTAATAAGCCTCTGCTTGTTTTTCTTCTATTCATCTCTGTTTTGTAAGAGGGATCTGTTCCGACTAAGAACTCACAGGGTTCTTATTTTCCCCTGC,8520e9653a3f91614ad02553f90391f4c9e5230584e33de661f1f042007ce7ac,0.0,TATCGCTCTTTGTTAAAGATGCTCTACAAGCTGGAATTCAAAGCCGCCTCGTTGAGAGTGACTCATGCCCTAGGCATCTCCCACACATACGTGAAACACTCATGTTAATAAGCCTCTGCTTGTTTTTCTTCTATTCATCTCTGTTTTGTAAGAGGGATCTGTTCCGACTAAGAACTCACAGGGTTCTTATTTTCCCCTGC,323de6bfaed62ac552337e6e9540938e5d066ed0ce506197b3eea14969b72c84,0.326236035849686,TATCGCTCTTTGTTAAAGATGCTCTACAAGCTGGAATTCAAAGCCGCCTCGTTGAGAGTGACTCATGCCCTAGGCATCTCCCACACATACGTGAAACACACATGTTAATAAGCCTCTGCTTGTTTTTCTTCTATTCATCTCTGTTTTGTAAGAGGGATCTGTTCTGACTAAGAACTCACAGGGTTCTTATTTTCCCCTGC,763f8abdab0d1d4559a50f1cdb4e21429a931a8833a7f4b5844c3136b62fc58e,0.0422313792605139,TATCGCTCTTTGTTAAAGATGCTCTACAAGCTGGAATTCAAAGCCGCCTCGTTGAGAGTGACTCATGCCCTAGGCATCTCCCACACATACGTGAAACACTCATGTTAATAAGCCTCTGCTTGTTTTTCTTCTATTCATCTCTGTTTTGTAAGAGGGATCTGTTCTGACTAAGAACTCACAGGGTTCTTATTTTCCCCTGC,806d9369ff7c8cd26f03383f5cab7b87a71caf3e8d7b5bf307a0f913bb7e94ab,0.740206162700101,-0.371738747589901,0.166299564464835,-376.7157730436884,-394.01976888114586,-340.88361134100705,-375.4562618553173,17.268654676852748,1.0,-0.371738747589901,0.0,3,0.21625526805807388,0.18106719778262317,0.1474303780702046,0.13889946957337065,1.0
chr10:134902396:C:G;chr10:134902398:C:T;var1;middle;OL29|K562|edc27abd8144aecb,chr10:134902396:C:G;chr10:134902398:C:T;var1;middle;OL29,K562,K562_region_00283,100,102,2,TGGGACTTTGACCTTCCAGAGGCCATGGAGGCTGGCGGGGAGCAGGGCGCCACCTGATCGCCTCCCCCTGGACGCCTCCTCCAGCGGCGCTCACGCTTCCGCAACTTTGCAGCGCTCATGGTGAGTACGGGGGTCCCGGGGGTCCTGCAGCTGGGGGCTAGGCCGCTGCGGGGGGGCGGCCACCCGTATGGGGACTCCCA,4888df240c28e00ea75c6304e56aa5c6d8dca8ca3f4a68f562a2c17f90457d6e,0.0,TGGGACTTTGACCTTCCAGAGGCCATGGAGGCTGGCGGGGAGCAGGGCGCCACCTGATCGCCTCCCCCTGGACGCCTCCTCCAGCGGCGCTCACGCTTCGGCAACTTTGCAGCGCTCATGGTGAGTACGGGGGTCCCGGGGGTCCTGCAGCTGGGGGCTAGGCCGCTGCGGGGGGGCGGCCACCCGTATGGGGACTCCCA,e13c765971f04139ed9f9bc1cef4a455f5a38da0561d304a92bc54ba7736fa52,-0.344028140904378,TGGGACTTTGACCTTCCAGAGGCCATGGAGGCTGGCGGGGAGCAGGGCGCCACCTGATCGCCTCCCCCTGGACGCCTCCTCCAGCGGCGCTCACGCTTCCGTAACTTTGCAGCGCTCATGGTGAGTACGGGGGTCCCGGGGGTCCTGCAGCTGGGGGCTAGGCCGCTGCGGGGGGGCGGCCACCCGTATGGGGACTCCCA,779c97035388439114f332f22745b4c0adc7245004a9d10615199d41d994f585,0.0327248266811498,TGGGACTTTGACCTTCCAGAGGCCATGGAGGCTGGCGGGGAGCAGGGCGCCACCTGATCGCCTCCCCCTGGACGCCTCCTCCAGCGGCGCTCACGCTTCGGTAACTTTGCAGCGCTCATGGTGAGTACGGGGGTCCCGGGGGTCCTGCAGCTGGGGGCTAGGCCGCTGCGGGGGGGCGGCCACCCGTATGGGGACTCCCA,edc27abd8144aecbb954e83ac4a2fd79a4541adeeac132273106b3493ff1bb36,-0.333366286935392,-0.0220629727121637,0.0897903767712166,-246.53824649006128,-257.22359874099493,-253.23820074647665,-253.81815710663795,10.105395890772343,-1.0,0.0220629727121637,0.0,0,0.1987553073715954,0.18565657667894103,0.15145376406925343,0.25134512475147064,1.0
chr10:135040148:G:A;chr10:135040163:C:A;var1;middle;OL41|K562|283e5922e79b7b20,chr10:135040148:G:A;chr10:135040163:C:A;var1;middle;OL41,K562,K562_region_00284,100,115,15,CTGAAAACGAATCTGCCGGTCCACAGCGACGCCCTCTGATGCCGCAGAGAAAGGCCCGGGCCTGCCAGACGTGTGTCACAACTCAGGCCCCGCCAGGAGGAAAGCTACCGCCAGCACTCCCAGGCCGTGGGAACAAGCAAACGCACCGGCTGGGGCAGGAAACACTTGCTTCTGGTTGTGACTGCAAACAGCCTAAAAGA,f7bc022532769d12d99e2deaa16056d5d22acaa5d9637b7d03791a957b3e83e6,0.0,CTGAAAACGAATCTGCCGGTCCACAGCGACGCCCTCTGATGCCGCAGAGAAAGGCCCGGGCCTGCCAGACGTGTGTCACAACTCAGGCCCCGCCAGGAGAAAAGCTACCGCCAGCACTCCCAGGCCGTGGGAACAAGCAAACGCACCGGCTGGGGCAGGAAACACTTGCTTCTGGTTGTGACTGCAAACAGCCTAAAAGA,f08bf1e639aafcce2230e23f22687407be49f9f4d502c52e2a8455746ab4fac7,-0.322523364602813,CTGAAAACGAATCTGCCGGTCCACAGCGACGCCCTCTGATGCCGCAGAGAAAGGCCCGGGCCTGCCAGACGTGTGTCACAACTCAGGCCCCGCCAGGAGGAAAGCTACCGCCAGAACTCCCAGGCCGTGGGAACAAGCAAACGCACCGGCTGGGGCAGGAAACACTTGCTTCTGGTTGTGACTGCAAACAGCCTAAAAGA,e5d989dfdb273bb9509d37c0f09d1e816ea4e9c90ae7b05c47b3ee84a8934176,-0.0677579190717751,CTGAAAACGAATCTGCCGGTCCACAGCGACGCCCTCTGATGCCGCAGAGAAAGGCCCGGGCCTGCCAGACGTGTGTCACAACTCAGGCCCCGCCAGGAGAAAAGCTACCGCCAGAACTCCCAGGCCGTGGGAACAAGCAAACGCACCGGCTGGGGCAGGAAACACTTGCTTCTGGTTGTGACTGCAAACAGCCTAAAAGA,283e5922e79b7b200f4afd3e119353f76948cdfbaf05d04bf5f7931340c545a9,-0.232659940207777,0.1576213434668111,0.199389097289127,-356.16181040299125,-355.23708929121494,-365.07953962381,-363.4580884410534,0.6967300709802657,-1.0,-0.1576213434668111,0.0,3,0.1828763392725537,0.18106719778262317,0.1474303780702046,0.13359433473426144,1.0
chr10:13535359:C:G;chr10:13535398:C:T;var1;middle;OL32|K562|c3e5fea53b94f575,chr10:13535359:C:G;chr10:13535398:C:T;var1;middle;OL32,K562,K562_region_00200,100,139,39,GTAATCCTGTTTCAGGATTACATTTGGGGTTAGACTGATCCGTTCCTAATAATCTACAGGTGCCAAAACTGATAAAGATGAGACAGTGATGATCATTTGCGCAAGACTGATCAAAAGAAGCCGTCTGGGATGATTCTACATTAGGGACCAGTAAGCATGTGGGAAAAGCCTATTAGTTACTTAATTAGGACCAGTGAATC,61db11ca9b73b751ab89f342c1a6616dc5a1fc0134a086bd33576249dcb94467,0.0,GTAATCCTGTTTCAGGATTACATTTGGGGTTAGACTGATCCGTTCCTAATAATCTACAGGTGCCAAAACTGATAAAGATGAGACAGTGATGATCATTTGGGCAAGACTGATCAAAAGAAGCCGTCTGGGATGATTCTACATTAGGGACCAGTAAGCATGTGGGAAAAGCCTATTAGTTACTTAATTAGGACCAGTGAATC,19d5fc3722f75a906db550e0fad3028afe8def7a2cde8e377069c1bfda813a08,-0.540652554331708,GTAATCCTGTTTCAGGATTACATTTGGGGTTAGACTGATCCGTTCCTAATAATCTACAGGTGCCAAAACTGATAAAGATGAGACAGTGATGATCATTTGCGCAAGACTGATCAAAAGAAGCCGTCTGGGATGATTCTATATTAGGGACCAGTAAGCATGTGGGAAAAGCCTATTAGTTACTTAATTAGGACCAGTGAATC,9d05842b145dc63a316a9fa436f4e2d171db47748fce88e652cd3fd6d400a929,-0.686428111804078,GTAATCCTGTTTCAGGATTACATTTGGGGTTAGACTGATCCGTTCCTAATAATCTACAGGTGCCAAAACTGATAAAGATGAGACAGTGATGATCATTTGGGCAAGACTGATCAAAAGAAGCCGTCTGGGATGATTCTATATTAGGGACCAGTAAGCATGTGGGAAAAGCCTATTAGTTACTTAATTAGGACCAGTGAATC,c3e5fea53b94f5757c95df3ad642785f1a0ee138a16df1def84f7ea082493597,-0.736618335035578,-0.490462331100208,0.409153479781648,-278.00007659196854,-272.95577189326286,-279.69407418370247,-274.3600479364395,-0.2897215485572815,1.0,-0.490462331100208,0.0,0,0.1854039390816284,0.18565657667894103,0.15145376406925343,0.07096068729593763,1.0
chr10:15139081:C:A;chr10:15139109:T:C;var1;middle;OL41|K562|ae581032b015ccd1,chr10:15139081:C:A;chr10:15139109:T:C;var1;middle;OL41,K562,K562_region_00201,100,128,28,GCCCTCGGGATACCATTGGCTATAGGCTGGCCTCCGAACAACTGGACGGTCCAAGTCCTGAGCGTCTGGTTACCCGGGCAACCGCATGGTCTCGCGATACATACCTCGCGCCTGCGCACTGCCCCTGTAGCGGGGGTGGGGGGACCCGGTCCGGAGACTCCACCCCGGGGCCTAAACTCGAGTCTAAAAGATTGGGCCTC,04f8e427a0df81d22c07d85655939414482b0e8c933eaa01ef541bb1eddbfd0c,0.0,GCCCTCGGGATACCATTGGCTATAGGCTGGCCTCCGAACAACTGGACGGTCCAAGTCCTGAGCGTCTGGTTACCCGGGCAACCGCATGGTCTCGCGATAAATACCTCGCGCCTGCGCACTGCCCCTGTAGCGGGGGTGGGGGGACCCGGTCCGGAGACTCCACCCCGGGGCCTAAACTCGAGTCTAAAAGATTGGGCCTC,ddfb96ff53f6301e22fb88d23889423b74eaaf480d8d7932bf8e7a1b8524587c,-0.24502647563851,GCCCTCGGGATACCATTGGCTATAGGCTGGCCTCCGAACAACTGGACGGTCCAAGTCCTGAGCGTCTGGTTACCCGGGCAACCGCATGGTCTCGCGATACATACCTCGCGCCTGCGCACTGCCCCTGCAGCGGGGGTGGGGGGACCCGGTCCGGAGACTCCACCCCGGGGCCTAAACTCGAGTCTAAAAGATTGGGCCTC,4cddc7b8fbc0102991b8aee382168f2a08dc778225a84dfbccf34cdb37a0c5b2,-0.270784903669719,GCCCTCGGGATACCATTGGCTATAGGCTGGCCTCCGAACAACTGGACGGTCCAAGTCCTGAGCGTCTGGTTACCCGGGCAACCGCATGGTCTCGCGATAAATACCTCGCGCCTGCGCACTGCCCCTGCAGCGGGGGTGGGGGGACCCGGTCCGGAGACTCCACCCCGGGGCCTAAACTCGAGTCTAAAAGATTGGGCCTC,ae581032b015ccd1920abd654d74988f243d9ef3b2fd831ca1e197485db586b3,-0.294838679548293,-0.220972699759936,0.163593295332961,-304.22671985346824,-300.3854590430856,-283.9336121827364,-289.03437503427267,8.942023661918938,1.0,-0.220972699759936,0.0,4,0.1872821716117566,0.17620727786206916,0.145609630836647,0.2186233520550916,1.0
chr10:16479251:C:G;chr10:16479256:T:C;var1;middle;OL41|K562|59adbfea522a62b0,chr10:16479251:C:G;chr10:16479256:T:C;var1;middle;OL41,K562,K562_region_00202,100,105,5,CGCGAGGGTCCTGCCGGAAGGAAGGATTTTCTAGCCGCTGCGCTTGGGCCCTGCCGCCTCTCCTTAAGTGCTTGAGGGACGTTGCAAAGAGCGCCAGTCCCGTGTGGCGCCAGCTCCCTGTGGCTCGACAGCAATGCCCGGGGGCGTCATCGGGTAGCTGTGCTAAGCCTCCTTTAATAAGCTTTTTTTTTTTTTTTTTT,6ffa5baa10bcd82e54f21974001c5c1e47c3abc78622bc59aa8ecfdd81544352,0.0,CGCGAGGGTCCTGCCGGAAGGAAGGATTTTCTAGCCGCTGCGCTTGGGCCCTGCCGCCTCTCCTTAAGTGCTTGAGGGACGTTGCAAAGAGCGCCAGTCGCGTGTGGCGCCAGCTCCCTGTGGCTCGACAGCAATGCCCGGGGGCGTCATCGGGTAGCTGTGCTAAGCCTCCTTTAATAAGCTTTTTTTTTTTTTTTTTT,f6d4e198c4da687da5b670a6aafff6c13463600a85fa31218247d3988d645fcc,-0.0814052007404981,CGCGAGGGTCCTGCCGGAAGGAAGGATTTTCTAGCCGCTGCGCTTGGGCCCTGCCGCCTCTCCTTAAGTGCTTGAGGGACGTTGCAAAGAGCGCCAGTCCCGTGCGGCGCCAGCTCCCTGTGGCTCGACAGCAATGCCCGGGGGCGTCATCGGGTAGCTGTGCTAAGCCTCCTTTAATAAGCTTTTTTTTTTTTTTTTTT,05bc6c044d3e909c6f93ad87b5f932db6c10aa34c19aa91c7969ba9d76622210,0.275603137604872,CGCGAGGGTCCTGCCGGAAGGAAGGATTTTCTAGCCGCTGCGCTTGGGCCCTGCCGCCTCTCCTTAAGTGCTTGAGGGACGTTGCAAAGAGCGCCAGTCGCGTGCGGCGCCAGCTCCCTGTGGCTCGACAGCAATGCCCGGGGGCGTCATCGGGTAGCTGTGCTAAGCCTCCTTTAATAAGCTTTTTTTTTTTTTTTTTT,59adbfea522a62b056ad69aafcfad283bc8e29544737d0acc62ff0765800e104,0.141161077844997,-0.0530368590193768,0.246516244964782,-289.8953418764286,-276.4372939122841,-294.87932216376066,-269.5794762719888,11.84179792762734,-1.0,0.0530368590193768,0.0,1,0.19441347701146128,0.18216460459877223,0.1501433469024087,0.0913706442439237,1.0
chr10:16859335:C:G;chr10:16859400:G:C;var1;middle;OL41|K562|5c53b3ff12a19e0e,chr10:16859335:C:G;chr10:16859400:G:C;var1;middle;OL41,K562,K562_region_00203,100,165,65,GATGGAGTGGGAAGGGTTCAGCCCCGCTGCGGCCACGCAGCGAGAAGCAACCCCAAGTGCAACACCGCACACACTCACCACGGAAGGTAGCCCCTAAGACGATGGGCGTGCAACCACAAGCTTCGGCAGAACGCACTCCAGCTGCCCTCACTCCCTGCAACACCGGCACTGAACAGCGAACACGCCCTGTCTCGGCGCCC,aae36d4597251598e30612f10b83e3cbf15d230e4c813a982233645576e6a310,0.0,GATGGAGTGGGAAGGGTTCAGCCCCGCTGCGGCCACGCAGCGAGAAGCAACCCCAAGTGCAACACCGCACACACTCACCACGGAAGGTAGCCCCTAAGAGGATGGGCGTGCAACCACAAGCTTCGGCAGAACGCACTCCAGCTGCCCTCACTCCCTGCAACACCGGCACTGAACAGCGAACACGCCCTGTCTCGGCGCCC,63362bc93b4c7600a4dfefa25953b3a57157abd05f2c8e45c01f6121e3087ac6,-0.0105457818641653,GATGGAGTGGGAAGGGTTCAGCCCCGCTGCGGCCACGCAGCGAGAAGCAACCCCAAGTGCAACACCGCACACACTCACCACGGAAGGTAGCCCCTAAGACGATGGGCGTGCAACCACAAGCTTCGGCAGAACGCACTCCAGCTGCCCTCACTCCCTGCAACACCCGCACTGAACAGCGAACACGCCCTGTCTCGGCGCCC,596c7e7dcdd884cb2f420d33d5ce4ce6e94d3dd5caa744d5774c633c9f8ce1ed,0.327915069777804,GATGGAGTGGGAAGGGTTCAGCCCCGCTGCGGCCACGCAGCGAGAAGCAACCCCAAGTGCAACACCGCACACACTCACCACGGAAGGTAGCCCCTAAGAGGATGGGCGTGCAACCACAAGCTTCGGCAGAACGCACTCCAGCTGCCCTCACTCCCTGCAACACCCGCACTGAACAGCGAACACGCCCTGTCTCGGCGCCC,5c53b3ff12a19e0e4d0be9db33b0fefe0649e68da93e0c5c197e03631d128e2f,0.0808203972121002,-0.2365488907015384,0.326129119411144,-267.694417193532,-267.1331432014704,-265.72729778289795,-265.5835001319647,-0.4174763411283493,-1.0,0.2365488907015384,0.0,2,0.17458658906365945,0.17490732828716207,0.146091925319964,0.21446698792932442,1.0
chr10:17010732:T:A;chr10:17010742:T:C;var1;middle;OL41|K562|0dc494135f842473,chr10:17010732:T:A;chr10:17010742:T:C;var1;middle;OL41,K562,K562_region_00204,100,110,10,TCTCACACTGAGCTACAAGCAGCCTTTCTAGGAGATCAATAAGAGCTTGCAGAGCTACATGAATCGAAGACTTAGAAGAAAGGCTCTAATTAAGCAATTTAACTGTCAGTCAGAGGTCACTTTAATACTCAGCCTTCGTGAAAGGAAACGTAATGAAGCCACTTGTGTGCTGACCAGACAAGGCCATGCCCAGCCGATGG,84b3dc12de835fe9f661d17a38a229b2eb96ca507526f9c5961bd269c5921d54,0.0,TCTCACACTGAGCTACAAGCAGCCTTTCTAGGAGATCAATAAGAGCTTGCAGAGCTACATGAATCGAAGACTTAGAAGAAAGGCTCTAATTAAGCAATTAAACTGTCAGTCAGAGGTCACTTTAATACTCAGCCTTCGTGAAAGGAAACGTAATGAAGCCACTTGTGTGCTGACCAGACAAGGCCATGCCCAGCCGATGG,6bf9a336ff95238a9beed52de3d076899bd9762b10ebba2e507da41427ef33d9,0.0988024105967785,TCTCACACTGAGCTACAAGCAGCCTTTCTAGGAGATCAATAAGAGCTTGCAGAGCTACATGAATCGAAGACTTAGAAGAAAGGCTCTAATTAAGCAATTTAACTGTCAGCCAGAGGTCACTTTAATACTCAGCCTTCGTGAAAGGAAACGTAATGAAGCCACTTGTGTGCTGACCAGACAAGGCCATGCCCAGCCGATGG,b2e8c3b5578832bf41291e4c57b4ff09b0a43e9c4154d2023658d49e221c2675,0.240123438098797,TCTCACACTGAGCTACAAGCAGCCTTTCTAGGAGATCAATAAGAGCTTGCAGAGCTACATGAATCGAAGACTTAGAAGAAAGGCTCTAATTAAGCAATTAAACTGTCAGCCAGAGGTCACTTTAATACTCAGCCTTCGTGAAAGGAAACGTAATGAAGCCACTTGTGTGCTGACCAGACAAGGCCATGCCCAGCCGATGG,0dc494135f842473fd616bb4c72e75c55f4ea696d5f3495cfd0612de2b384852,-0.13753572305454,0.4764615717501155,0.331580086595331,-353.50544343329966,-352.53166428022087,-365.6078403759748,-365.8734280206263,1.2393667977303267,1.0,0.4764615717501155,0.0,1,0.1836261408659465,0.18216460459877223,0.1501433469024087,0.22431518053660632,1.0
chr10:17010732:T:A;chr10:17010798:T:C;var1;middle;OL41|K562|96faa38a16a94cce,chr10:17010732:T:A;chr10:17010798:T:C;var1;middle;OL41,K562,K562_region_00204,100,166,66,TCTCACACTGAGCTACAAGCAGCCTTTCTAGGAGATCAATAAGAGCTTGCAGAGCTACATGAATCGAAGACTTAGAAGAAAGGCTCTAATTAAGCAATTTAACTGTCAGTCAGAGGTCACTTTAATACTCAGCCTTCGTGAAAGGAAACGTAATGAAGCCACTTGTGTGCTGACCAGACAAGGCCATGCCCAGCCGATGG,84b3dc12de835fe9f661d17a38a229b2eb96ca507526f9c5961bd269c5921d54,0.0,TCTCACACTGAGCTACAAGCAGCCTTTCTAGGAGATCAATAAGAGCTTGCAGAGCTACATGAATCGAAGACTTAGAAGAAAGGCTCTAATTAAGCAATTAAACTGTCAGTCAGAGGTCACTTTAATACTCAGCCTTCGTGAAAGGAAACGTAATGAAGCCACTTGTGTGCTGACCAGACAAGGCCATGCCCAGCCGATGG,6bf9a336ff95238a9beed52de3d076899bd9762b10ebba2e507da41427ef33d9,0.0983701723015459,TCTCACACTGAGCTACAAGCAGCCTTTCTAGGAGATCAATAAGAGCTTGCAGAGCTACATGAATCGAAGACTTAGAAGAAAGGCTCTAATTAAGCAATTTAACTGTCAGTCAGAGGTCACTTTAATACTCAGCCTTCGTGAAAGGAAACGTAATGAAGCCACTTGCGTGCTGACCAGACAAGGCCATGCCCAGCCGATGG,1613101a934a5c8023eca11293d3d8e318645533d42ad1e29fbeda7e718624b5,0.138707118875944,TCTCACACTGAGCTACAAGCAGCCTTTCTAGGAGATCAATAAGAGCTTGCAGAGCTACATGAATCGAAGACTTAGAAGAAAGGCTCTAATTAAGCAATTAAACTGTCAGTCAGAGGTCACTTTAATACTCAGCCTTCGTGAAAGGAAACGTAATGAAGCCACTTGCGTGCTGACCAGACAAGGCCATGCCCAGCCGATGG,96faa38a16a94cceb4bb5087370a38d775a634e190961765deaad22d4d7bbf76,0.262808163032518,-0.0257308718550281,0.255473234547455,-353.50544343329966,-352.53166428022087,-364.5602762931958,-363.49848068878055,-0.08801645133644342,1.0,-0.0257308718550281,0.0,1,0.18227560822619826,0.18216460459877223,0.1501433469024087,0.26170982064665027,1.0
chr10:17010742:T:C;chr10:17010798:T:C;var1;middle;OL41|K562|27a4e70af0f87cb2,chr10:17010742:T:C;chr10:17010798:T:C;var1;middle;OL41,K562,K562_region_00204,100,156,56,AGCTACAAGCAGCCTTTCTAGGAGATCAATAAGAGCTTGCAGAGCTACATGAATCGAAGACTTAGAAGAAAGGCTCTAATTAAGCAATTTAACTGTCAGTCAGAGGTCACTTTAATACTCAGCCTTCGTGAAAGGAAACGTAATGAAGCCACTTGTGTGCTGACCAGACAAGGCCATGCCCAGCCGATGGGTCCCACAGC,69a40b47c39e14016d396e23ba53fd1f9d253b0682b5c99d62169d8593e0fcbe,0.0,AGCTACAAGCAGCCTTTCTAGGAGATCAATAAGAGCTTGCAGAGCTACATGAATCGAAGACTTAGAAGAAAGGCTCTAATTAAGCAATTTAACTGTCAGCCAGAGGTCACTTTAATACTCAGCCTTCGTGAAAGGAAACGTAATGAAGCCACTTGTGTGCTGACCAGACAAGGCCATGCCCAGCCGATGGGTCCCACAGC,523718ec5c120945daa7971c336f8d7159fda3d623bdf4a52c7e9e519f417417,0.253188782201239,AGCTACAAGCAGCCTTTCTAGGAGATCAATAAGAGCTTGCAGAGCTACATGAATCGAAGACTTAGAAGAAAGGCTCTAATTAAGCAATTTAACTGTCAGTCAGAGGTCACTTTAATACTCAGCCTTCGTGAAAGGAAACGTAATGAAGCCACTTGCGTGCTGACCAGACAAGGCCATGCCCAGCCGATGGGTCCCACAGC,0250eb53349b2395321d3adcaa94d5698da8fb68663022cc4eab6158317af0b8,0.205206067848371,AGCTACAAGCAGCCTTTCTAGGAGATCAATAAGAGCTTGCAGAGCTACATGAATCGAAGACTTAGAAGAAAGGCTCTAATTAAGCAATTTAACTGTCAGCCAGAGGTCACTTTAATACTCAGCCTTCGTGAAAGGAAACGTAATGAAGCCACTTGCGTGCTGACCAGACAAGGCCATGCCCAGCCGATGGGTCCCACAGC,27a4e70af0f87cb233f14d41a901b87a13bd337b958f8223477f8db3c940ca68,0.0047195608861202,0.4536752891634898,0.251145948992075,-335.7779782228172,-345.2063825512305,-346.04688130132854,-356.2874507531524,0.8121651234105798,1.0,0.4536752891634898,0.0,1,0.18319148885016318,0.18216460459877223,0.1501433469024087,0.12301999569079983,1.0
chr10:17180649:G:A;chr10:17180675:A:C;var1;middle;OL41|K562|9e74dab640373067,chr10:17180649:G:A;chr10:17180675:A:C;var1;middle;OL41,K562,K562_region_00205,100,126,26,CTTTTTGAAAGCAGTGTGGTCTTGGCTCAAGGCACATAAAGCAGACATTTGTTCTCCATGCTCATTATTACAATGACTACAATTATCTTTGAGTAGAATGAAAAAGAATTATGAGTTAATCATTAACATTTAAATTGCTGAGGTTTGGCAGAGCTTTTCCTGAGAAAGCAGATTGTTGAGAGTTTGGAGAACTTTTCCAC,4836e65e1227a019e5d15ce07d141fcd8163be8542d55faae961b23dbef6f51b,0.0,CTTTTTGAAAGCAGTGTGGTCTTGGCTCAAGGCACATAAAGCAGACATTTGTTCTCCATGCTCATTATTACAATGACTACAATTATCTTTGAGTAGAATAAAAAAGAATTATGAGTTAATCATTAACATTTAAATTGCTGAGGTTTGGCAGAGCTTTTCCTGAGAAAGCAGATTGTTGAGAGTTTGGAGAACTTTTCCAC,4b971a3d28a189b50a26bc4706a8c19b779586d30401ada6127d1d5f6d88daed,0.0264246588497668,CTTTTTGAAAGCAGTGTGGTCTTGGCTCAAGGCACATAAAGCAGACATTTGTTCTCCATGCTCATTATTACAATGACTACAATTATCTTTGAGTAGAATGAAAAAGAATTATGAGTTAATCATTACCATTTAAATTGCTGAGGTTTGGCAGAGCTTTTCCTGAGAAAGCAGATTGTTGAGAGTTTGGAGAACTTTTCCAC,bf88fe1765a11f5c1cdf51f3fa6c637b9d998b2bcf80e0700a08a0bdf6ad2485,0.582652543239935,CTTTTTGAAAGCAGTGTGGTCTTGGCTCAAGGCACATAAAGCAGACATTTGTTCTCCATGCTCATTATTACAATGACTACAATTATCTTTGAGTAGAATAAAAAAGAATTATGAGTTAATCATTACCATTTAAATTGCTGAGGTTTGGCAGAGCTTTTCCTGAGAAAGCAGATTGTTGAGAGTTTGGAGAACTTTTCCAC,9e74dab640373067b0dbb73b83bc15584c704a173c581f61bce526a6cb0b86af,1.42984156122071,-0.8207643591310083,0.279032503922873,-246.63662192225456,-248.99452143907547,-250.9282684624195,-252.610280930996,-0.6758870482444195,1.0,-0.8207643591310083,0.0,2,0.17421032218112292,0.17490732828716207,0.146091925319964,0.09132023673108036,1.0
chr10:18226707:C:T;chr10:18226714:G:A;var1;middle;OL30|K562|996429d0525269bc,chr10:18226707:C:T;chr10:18226714:G:A;var1;middle;OL30,K562,K562_region_00206,100,107,7,GAAGGGGAAGCAAGGACCTTCTTTACATGGTGAGGAGAGACACGTGCAAGCATGGAAATGCCAGATGCTTATAAAACCATCAGATCTCATGAGAACTCACTATCATGAGAACAGCATGGGGGGAAACTGCCCCCAGATCCAATTACCTCCCTCCCTCGACACATGGGAATTACAATTTGAGATGAGATTTGGGTAGGGAC,2d084a599672043a37f89128a4b23f246028e2236b96adfbd7e58643501eee1b,0.0,GAAGGGGAAGCAAGGACCTTCTTTACATGGTGAGGAGAGACACGTGCAAGCATGGAAATGCCAGATGCTTATAAAACCATCAGATCTCATGAGAACTCATTATCATGAGAACAGCATGGGGGGAAACTGCCCCCAGATCCAATTACCTCCCTCCCTCGACACATGGGAATTACAATTTGAGATGAGATTTGGGTAGGGAC,65a1ed21c44e0be1d86bd3a4450b75a57dc6cfefef19f3a7bd3d8db55ef258c6,0.182775164132273,GAAGGGGAAGCAAGGACCTTCTTTACATGGTGAGGAGAGACACGTGCAAGCATGGAAATGCCAGATGCTTATAAAACCATCAGATCTCATGAGAACTCACTATCATAAGAACAGCATGGGGGGAAACTGCCCCCAGATCCAATTACCTCCCTCCCTCGACACATGGGAATTACAATTTGAGATGAGATTTGGGTAGGGAC,665a811775f1e1d5badf51e52ab4240f529625ab0f2972c1989d7cd69cf9f405,0.0683743248110017,GAAGGGGAAGCAAGGACCTTCTTTACATGGTGAGGAGAGACACGTGCAAGCATGGAAATGCCAGATGCTTATAAAACCATCAGATCTCATGAGAACTCATTATCATAAGAACAGCATGGGGGGAAACTGCCCCCAGATCCAATTACCTCCCTCCCTCGACACATGGGAATTACAATTTGAGATGAGATTTGGGTAGGGAC,996429d0525269bc69883271949a6a8628bddea13d70c229d4cf964111828eb0,0.0846676311010467,0.166481857842228,0.189606675626651,-404.349913851358,-406.48375806282274,-399.393699541688,-397.3387513083872,-4.188792444765511,1.0,0.166481857842228,0.0,0,0.18039601763891255,0.18565657667894103,0.15145376406925343,0.23623769679491788,1.0
chr10:18425442:A:G;chr10:18425519:G:A;var1;middle;OL41|K562|b4f7468cda1ac7cf,chr10:18425442:A:G;chr10:18425519:G:A;var1;middle;OL41,K562,K562_region_00207,100,177,77,TGTTACTCTGTGTTTGAAATCTTTTACAAGCCAGACAAGAGTCTGAATGGGTACATTGTATTGGATTAGTGTTCAATGCATGCTAATTAAACTAGTTTGAGTTATAAAGGAAGAAGTAGTATAATGTTCTCATGGGAGTCAGGCTTAGGTAAATGTTGTCATTGTACGTTAAAACTGGCAAAGTTGTATGCTGTGTTTTA,9b7ed915e5d34dff1e222bf1eda6921fd33c298a1b4f89d83147595313387558,0.0,TGTTACTCTGTGTTTGAAATCTTTTACAAGCCAGACAAGAGTCTGAATGGGTACATTGTATTGGATTAGTGTTCAATGCATGCTAATTAAACTAGTTTGGGTTATAAAGGAAGAAGTAGTATAATGTTCTCATGGGAGTCAGGCTTAGGTAAATGTTGTCATTGTACGTTAAAACTGGCAAAGTTGTATGCTGTGTTTTA,b157b29df36cf74e227e39cd6bf8efc0feeff28d6886430630ce0aefdbe05d5d,-0.0171370350409975,TGTTACTCTGTGTTTGAAATCTTTTACAAGCCAGACAAGAGTCTGAATGGGTACATTGTATTGGATTAGTGTTCAATGCATGCTAATTAAACTAGTTTGAGTTATAAAGGAAGAAGTAGTATAATGTTCTCATGGGAGTCAGGCTTAGGTAAATGTTGTCATTGTACGTTAAAACTAGCAAAGTTGTATGCTGTGTTTTA,cd7234e8c20fa966a933b96bee227c174ad842ea26f25f5bd491b473ac3f6cf4,0.179755279795121,TGTTACTCTGTGTTTGAAATCTTTTACAAGCCAGACAAGAGTCTGAATGGGTACATTGTATTGGATTAGTGTTCAATGCATGCTAATTAAACTAGTTTGGGTTATAAAGGAAGAAGTAGTATAATGTTCTCATGGGAGTCAGGCTTAGGTAAATGTTGTCATTGTACGTTAAAACTAGCAAAGTTGTATGCTGTGTTTTA,b4f7468cda1ac7cfdd3b855339573cd55e8275cea2bfa11c74f4c48031997586,0.079354258680919,-0.0832639860732044,0.389151108317499,-263.21380949020386,-263.1854262948036,-273.38691033422947,-285.6364348400384,-12.277907701209188,-1.0,0.0832639860732044,0.0,4,0.16098194850901412,0.17620727786206916,0.145609630836647,-0.022093373613431055,1.0
chr10:19777907:C:T;chr10:19777982:G:A;var1;middle;OL41|K562|739fa75b823afaba,chr10:19777907:C:T;chr10:19777982:G:A;var1;middle;OL41,K562,K562_region_00208,100,175,75,TTAAGAATACTTTGCATTTTCTAAGAAGTAGTTTGGGTTATTACATGGGTTATTAAGATCCCGTGTACTGAAAAAATTTAGCGGGGGCGGAGGAGAAGGCGGGCTCCCAATCCGGTTCTATCCGGTTCTCCCACCATCCCCCGCCAGGGGTCTCAGCAGCTCGGAGGGTGGAGGGGCGGCAGCGCCAGGCACCGCGCACG,628c71ac8ed733a11e7d33e0b53bd320be6d05ca7ed9994907b9d7817d8a051d,0.0,TTAAGAATACTTTGCATTTTCTAAGAAGTAGTTTGGGTTATTACATGGGTTATTAAGATCCCGTGTACTGAAAAAATTTAGCGGGGGCGGAGGAGAAGGTGGGCTCCCAATCCGGTTCTATCCGGTTCTCCCACCATCCCCCGCCAGGGGTCTCAGCAGCTCGGAGGGTGGAGGGGCGGCAGCGCCAGGCACCGCGCACG,349e7e6f216ac95c868b5de177ed6ee340cd0037a3daf40fc8515f08d8aacd8a,-2.33258418993298,TTAAGAATACTTTGCATTTTCTAAGAAGTAGTTTGGGTTATTACATGGGTTATTAAGATCCCGTGTACTGAAAAAATTTAGCGGGGGCGGAGGAGAAGGCGGGCTCCCAATCCGGTTCTATCCGGTTCTCCCACCATCCCCCGCCAGGGGTCTCAGCAGCTCGGAGGGTGGAGGAGCGGCAGCGCCAGGCACCGCGCACG,cd44bd35b3adea88f2944c9bb4d07f4670fcafe9f68747609feca725b5585fe7,0.533043271550493,TTAAGAATACTTTGCATTTTCTAAGAAGTAGTTTGGGTTATTACATGGGTTATTAAGATCCCGTGTACTGAAAAAATTTAGCGGGGGCGGAGGAGAAGGTGGGCTCCCAATCCGGTTCTATCCGGTTCTCCCACCATCCCCCGCCAGGGGTCTCAGCAGCTCGGAGGGTGGAGGAGCGGCAGCGCCAGGCACCGCGCACG,739fa75b823afabac628655def43d83c801082d44c803a987c1be435fdc7348a,-1.51831599560445,0.2812249227780368,0.304792717455087,-329.94172049174085,-333.5219952026382,-329.14440236845985,-332.5308955477085,0.19378153164871037,-1.0,-0.2812249227780368,0.0,3,0.18186330766177866,0.18106719778262317,0.1474303780702046,0.12337583677471212,1.0
chr10:19777982:G:A;chr10:19778056:G:A;var1;middle;OL41|K562|d05b9d8d0cb63ea5,chr10:19777982:G:A;chr10:19778056:G:A;var1;middle;OL41,K562,K562_region_00208,100,174,74,ATTTAGCGGGGGCGGAGGAGAAGGCGGGCTCCCAATCCGGTTCTATCCGGTTCTCCCACCATCCCCCGCCAGGGGTCTCAGCAGCTCGGAGGGTGGAGGGGCGGCAGCGCCAGGCACCGCGCACGCGCCTTTCCGGAGCCAGAATGCCCAAGAGGAAGGTCAGCTCTGCTGAAGGGGCCGCCACAGGAAAAGCCTAACAG,8d647f66f459f19715905820527ad7f7c93f4d09bbde9b903c8ef9ae5ce04d21,0.0,ATTTAGCGGGGGCGGAGGAGAAGGCGGGCTCCCAATCCGGTTCTATCCGGTTCTCCCACCATCCCCCGCCAGGGGTCTCAGCAGCTCGGAGGGTGGAGGAGCGGCAGCGCCAGGCACCGCGCACGCGCCTTTCCGGAGCCAGAATGCCCAAGAGGAAGGTCAGCTCTGCTGAAGGGGCCGCCACAGGAAAAGCCTAACAG,c7723b1d1e0d3f7ed37670a569bfa7c52988b3207325133738b0d6a95b8b6914,0.606580825634538,ATTTAGCGGGGGCGGAGGAGAAGGCGGGCTCCCAATCCGGTTCTATCCGGTTCTCCCACCATCCCCCGCCAGGGGTCTCAGCAGCTCGGAGGGTGGAGGGGCGGCAGCGCCAGGCACCGCGCACGCGCCTTTCCGGAGCCAGAATGCCCAAGAGGAAGGTCAGCTCTGCTGAAAGGGCCGCCACAGGAAAAGCCTAACAG,b8a31f36b6aab564283c0f74f7b118c57429eb160eec0ff5acdf203a228cdffa,-0.0408793224797851,ATTTAGCGGGGGCGGAGGAGAAGGCGGGCTCCCAATCCGGTTCTATCCGGTTCTCCCACCATCCCCCGCCAGGGGTCTCAGCAGCTCGGAGGGTGGAGGAGCGGCAGCGCCAGGCACCGCGCACGCGCCTTTCCGGAGCCAGAATGCCCAAGAGGAAGGTCAGCTCTGCTGAAAGGGCCGCCACAGGAAAAGCCTAACAG,d05b9d8d0cb63ea54f7bf2d66fe29ca56c6b4f0579229b57ab5f82d60491cd5a,0.575926712445951,0.010225209291198,0.204356953290336,-350.2505004359409,-344.85780179174617,-355.94054188777227,-350.1446051800158,0.4032380635617301,-1.0,-0.010225209291198,0.0,3,0.18228519195275047,0.18106719778262317,0.1474303780702046,0.16135656930158276,1.0
chr10:20143106:G:C;chr10:20143109:C:T;var1;middle;OL29|K562|68b92825f26efde7,chr10:20143106:G:C;chr10:20143109:C:T;var1;middle;OL29,K562,K562_region_00209,100,103,3,CGTAGTGACAGGAGACAAGGCTATCACAGCCACAACTGGGTGTCTTACATGTGCTATCAGACTGGCTGGAATTTCTGGGGGCTGCTCTCCCCTGCAGCAGGGCGAGTGGATGAGGCCTGGGAGGCAAGTGGCCTGAGCAGATCGGGACATCATATAAACTGTGTTTAGGACAGTCTCTACATAATTGCCTGAAATGATAG,f3e07961523729f50368e7aacbc7a9ea590ce0e4382e9843e248e203480cb194,0.0,CGTAGTGACAGGAGACAAGGCTATCACAGCCACAACTGGGTGTCTTACATGTGCTATCAGACTGGCTGGAATTTCTGGGGGCTGCTCTCCCCTGCAGCACGGCGAGTGGATGAGGCCTGGGAGGCAAGTGGCCTGAGCAGATCGGGACATCATATAAACTGTGTTTAGGACAGTCTCTACATAATTGCCTGAAATGATAG,209a5dd1594f7d3a0bcfe4ef90254c05fd465526bf49bef14514fa11b250dd17,0.29500024467872,CGTAGTGACAGGAGACAAGGCTATCACAGCCACAACTGGGTGTCTTACATGTGCTATCAGACTGGCTGGAATTTCTGGGGGCTGCTCTCCCCTGCAGCAGGGTGAGTGGATGAGGCCTGGGAGGCAAGTGGCCTGAGCAGATCGGGACATCATATAAACTGTGTTTAGGACAGTCTCTACATAATTGCCTGAAATGATAG,8c2793c3753f005d0266f345811f3268098ab645c4f50315a74e543c90f6af63,0.253332019272263,CGTAGTGACAGGAGACAAGGCTATCACAGCCACAACTGGGTGTCTTACATGTGCTATCAGACTGGCTGGAATTTCTGGGGGCTGCTCTCCCCTGCAGCACGGTGAGTGGATGAGGCCTGGGAGGCAAGTGGCCTGAGCAGATCGGGACATCATATAAACTGTGTTTAGGACAGTCTCTACATAATTGCCTGAAATGATAG,68b92825f26efde7d828d56c815836c9d1f1488696573252d05662a52420bac3,0.4506210876843,0.097711176266683,0.108979609674921,-287.0552824139595,-299.4285822659731,-287.82408332824707,-292.3459287956357,-7.851454384624958,1.0,0.097711176266683,0.0,4,0.16646814484904215,0.17620727786206916,0.145609630836647,0.19533103464020926,1.0
chr10:28442788:T:C;chr10:28442841:G:A;var1;middle;OL29|K562|1d092c7abe38ce86,chr10:28442788:T:C;chr10:28442841:G:A;var1;middle;OL29,K562,K562_region_00210,100,153,53,GTTTTATACCTGTCAATGATGTACAGACTCCACCATGGTCATCTGCATTACATTACATTAAGTAAACTAAAGCTGTAATCCTTTTATTGGCTTCTATTATGAGTACAAAAAAGTACTGAAAATTACTGCCCAGTAGTTTGACTCTTCAGCATGTTAATTAATGGTACCAGATCTAGAATTAGCACATGCATGCATACACC,01061cf7d9bcd22d187969ace8b74b13dc2886cb7447fcfcf36c0dbfc9b76ee5,0.0,GTTTTATACCTGTCAATGATGTACAGACTCCACCATGGTCATCTGCATTACATTACATTAAGTAAACTAAAGCTGTAATCCTTTTATTGGCTTCTATTACGAGTACAAAAAAGTACTGAAAATTACTGCCCAGTAGTTTGACTCTTCAGCATGTTAATTAATGGTACCAGATCTAGAATTAGCACATGCATGCATACACC,e651e53c0211f731ff19ff9fb6557bc3aa95f467f9904ceb4d5b38bc018ada31,0.0317662792010868,GTTTTATACCTGTCAATGATGTACAGACTCCACCATGGTCATCTGCATTACATTACATTAAGTAAACTAAAGCTGTAATCCTTTTATTGGCTTCTATTATGAGTACAAAAAAGTACTGAAAATTACTGCCCAGTAGTTTGACTCTTCAGCATATTAATTAATGGTACCAGATCTAGAATTAGCACATGCATGCATACACC,f3340d80d25baa55b89d13deee6f76daf9c9ee340e7b235239d57200cf0cc6c5,-0.383594571297881,GTTTTATACCTGTCAATGATGTACAGACTCCACCATGGTCATCTGCATTACATTACATTAAGTAAACTAAAGCTGTAATCCTTTTATTGGCTTCTATTACGAGTACAAAAAAGTACTGAAAATTACTGCCCAGTAGTTTGACTCTTCAGCATATTAATTAATGGTACCAGATCTAGAATTAGCACATGCATGCATACACC,1d092c7abe38ce86c07142dce2fbbd53ab754aeffcc887f92b259e73dbefd647,0.0205197142717295,0.3723480063685236,0.239108713505554,-252.1002452969551,-253.4075475931168,-252.348397731781,-253.7851411551237,-0.12944112718105316,-1.0,-0.3723480063685236,0.0,2,0.17500599162333746,0.17490732828716207,0.146091925319964,0.2240666292718794,1.0
chr10:28780293:C:T;chr10:28780373:T:C;var1;middle;OL27|K562|ee894946f290ed2e,chr10:28780293:C:T;chr10:28780373:T:C;var1;middle;OL27,K562,K562_region_00211,100,180,80,AGGGAGGAGGAGAAATTGTGCAGTTACTCAGCAGTGAAGGTAATGTTGATGGTGGAACTGCTAGTGACCACCAGAAATGCAAAGAAGAATGTCAACTCCCTCAGCCTCAATAGAGAGAGGGAGGGAGGCAGGGAGAGGAAAGGGGAGGGAGAATGAAGAGATTCTGAAAGAAAAATGAATTGGCCAGGTGCAGTGGCTCA,ff7a4d25dbb4b511e8f4c62dd449cab14be6423303d820281eadf13c44db8da6,0.0,AGGGAGGAGGAGAAATTGTGCAGTTACTCAGCAGTGAAGGTAATGTTGATGGTGGAACTGCTAGTGACCACCAGAAATGCAAAGAAGAATGTCAACTCCTTCAGCCTCAATAGAGAGAGGGAGGGAGGCAGGGAGAGGAAAGGGGAGGGAGAATGAAGAGATTCTGAAAGAAAAATGAATTGGCCAGGTGCAGTGGCTCA,a705efe20e32e07907b6473b7a2b8384da485f2dcd713064439ab031f70e067a,0.926825925298375,AGGGAGGAGGAGAAATTGTGCAGTTACTCAGCAGTGAAGGTAATGTTGATGGTGGAACTGCTAGTGACCACCAGAAATGCAAAGAAGAATGTCAACTCCCTCAGCCTCAATAGAGAGAGGGAGGGAGGCAGGGAGAGGAAAGGGGAGGGAGAATGAAGAGATTCTGAAAGAAAAATGAACTGGCCAGGTGCAGTGGCTCA,981502a1daff26897c9ab8f6d91a81739e6bb7bf3758a0b84df8e82962440211,0.153236945974705,AGGGAGGAGGAGAAATTGTGCAGTTACTCAGCAGTGAAGGTAATGTTGATGGTGGAACTGCTAGTGACCACCAGAAATGCAAAGAAGAATGTCAACTCCTTCAGCCTCAATAGAGAGAGGGAGGGAGGCAGGGAGAGGAAAGGGGAGGGAGAATGAAGAGATTCTGAAAGAAAAATGAACTGGCCAGGTGCAGTGGCTCA,ee894946f290ed2eedb028cf701faa04ef26b3f2492cccb8aeaf2c5443c1b61d,0.0752837541575837,1.0047791171154965,0.117956864346277,-208.6773268803954,-208.8710254468024,-209.5904444083572,-209.4732415862381,-0.31090138852613336,1.0,1.0047791171154965,0.0,2,0.17474177081142697,0.17490732828716207,0.146091925319964,0.03937310024790425,1.0
chr10:3629849:A:G;chr10:3629908:C:T;var1;middle;OL29|K562|2755e0d7f28d6353,chr10:3629849:A:G;chr10:3629908:C:T;var1;middle;OL29,K562,K562_region_00191,100,159,59,GGCAGGAGAATCACTTGAGCCCAGGAGTTTGAGGCCAGCCAGGGCAACATAGCAAGACCCTGTCTCTGAAATAATATAATTAAAATTTTTTAAATTGGAAGAAATAAGAAAATTGGATAAATTCTGCCCTTCTTTGCAAGTCTTGGGAAAGATATGCTCGCATTCTCTCTAATGAATAGGATTTTAAAGAAGAAAGTCCT,3bdd7339e2034f52afb6598338ab996075b536ea73cc164dbff56b0b66194e55,0.0,GGCAGGAGAATCACTTGAGCCCAGGAGTTTGAGGCCAGCCAGGGCAACATAGCAAGACCCTGTCTCTGAAATAATATAATTAAAATTTTTTAAATTGGAGGAAATAAGAAAATTGGATAAATTCTGCCCTTCTTTGCAAGTCTTGGGAAAGATATGCTCGCATTCTCTCTAATGAATAGGATTTTAAAGAAGAAAGTCCT,bf2660422e8d60b83949712b6569380d0bd689bede0e9cf1b31072557474d4aa,0.435667713377546,GGCAGGAGAATCACTTGAGCCCAGGAGTTTGAGGCCAGCCAGGGCAACATAGCAAGACCCTGTCTCTGAAATAATATAATTAAAATTTTTTAAATTGGAAGAAATAAGAAAATTGGATAAATTCTGCCCTTCTTTGCAAGTCTTGGGAAAGATATGCTTGCATTCTCTCTAATGAATAGGATTTTAAAGAAGAAAGTCCT,ad6eba8a2886dae08996864c832e0b4b99fc712bc0a440e92aebb5d5750c4136,0.0306628825133666,GGCAGGAGAATCACTTGAGCCCAGGAGTTTGAGGCCAGCCAGGGCAACATAGCAAGACCCTGTCTCTGAAATAATATAATTAAAATTTTTTAAATTGGAGGAAATAAGAAAATTGGATAAATTCTGCCCTTCTTTGCAAGTCTTGGGAAAGATATGCTTGCATTCTCTCTAATGAATAGGATTTTAAAGAAGAAAGTCCT,2755e0d7f28d6353c47bee234e8bbd15e0d6b227b4372eeba264089f9623c477,0.222568781904669,0.2437618139862436,0.321321537287884,-193.0809542480856,-191.4666068637744,-188.29275850951672,-186.84514481201768,0.16673368681219358,1.0,0.2437618139862436,0.0,0,0.18599020489256032,0.18565657667894103,0.15145376406925343,0.1994814802887593,1.0
chr10:44871062:G:A;chr10:44871135:G:C;var1;middle;OL27|K562|d20d460093290744,chr10:44871062:G:A;chr10:44871135:G:C;var1;middle;OL27,K562,K562_region_00212,100,173,73,TGGCCACAGCCTGGTCTCCACAGGAATGCAGACTGCAAGTGTGTGGAGCTGGTGAGCTCCCCAGTGAGCGCAGGCCTTCTAAGAGAGGAAGTGGAGGGCGGGCTGGGGGGCTCAGCAACCTGGGCATTCCTGGAGCTCCCAGGCTATTCTGGACAGAGTCCTGAGCACACAGGCTCCGCGTCACAGACCCCCGCCCCAGT,0ad5b7f6780d1cac4a05ebd0bafb06024c4069e551b7b9a3494251296dda2b79,0.0,TGGCCACAGCCTGGTCTCCACAGGAATGCAGACTGCAAGTGTGTGGAGCTGGTGAGCTCCCCAGTGAGCGCAGGCCTTCTAAGAGAGGAAGTGGAGGGCAGGCTGGGGGGCTCAGCAACCTGGGCATTCCTGGAGCTCCCAGGCTATTCTGGACAGAGTCCTGAGCACACAGGCTCCGCGTCACAGACCCCCGCCCCAGT,c61a7820758220b4840a0555582033ed104d153477373bcffc554a9d2c9a716e,-0.182749714274706,TGGCCACAGCCTGGTCTCCACAGGAATGCAGACTGCAAGTGTGTGGAGCTGGTGAGCTCCCCAGTGAGCGCAGGCCTTCTAAGAGAGGAAGTGGAGGGCGGGCTGGGGGGCTCAGCAACCTGGGCATTCCTGGAGCTCCCAGGCTATTCTGGACAGAGTCCTGAGCACACAGCCTCCGCGTCACAGACCCCCGCCCCAGT,a5dba3ffa48844f4bf7e39d63f311837650a662161196c92dc166972c65ad5ab,0.123882540654482,TGGCCACAGCCTGGTCTCCACAGGAATGCAGACTGCAAGTGTGTGGAGCTGGTGAGCTCCCCAGTGAGCGCAGGCCTTCTAAGAGAGGAAGTGGAGGGCAGGCTGGGGGGCTCAGCAACCTGGGCATTCCTGGAGCTCCCAGGCTATTCTGGACAGAGTCCTGAGCACACAGCCTCCGCGTCACAGACCCCCGCCCCAGT,d20d46009329074406c52ed6531007797bb1c7b412f6a709f8bc7b5729691dda,-0.0948590690123654,-0.0359918953921414,0.110569793097117,-231.79990650713444,-228.3110043257475,-231.1002365350724,-229.94041690044105,-2.329082546755558,-1.0,0.0359918953921414,0.0,2,0.1718031358714288,0.17490732828716207,0.146091925319964,0.24198184638062037,1.0
chr10:44880207:C:G;chr10:44880260:T:C;var1;middle;OL27|K562|69e16ef302de7f26,chr10:44880207:C:G;chr10:44880260:T:C;var1;middle;OL27,K562,K562_region_00213,100,153,53,TCCCGAACGCTCTCTTGGGGCGTTCCTGCCCAGTTGTCCCGGCTGACCTCGCTCTGCAGCCAGCTTGAGGTCAGGCGGTCGCTCTCTGCAGGTCACAAACCCTCGGCGCAAAAGTAGGGCTTTGAACGCGACACCGCACCAGAGCGCCCAGCTAAGCGAGCTGCCTCCACCCCCACTGTGTCGGGCGGCGCAAACTGCGG,957dc2ad3903d00ce65ac414615100c457e55e48ca909c55fa16aa99142e5f1a,0.0,TCCCGAACGCTCTCTTGGGGCGTTCCTGCCCAGTTGTCCCGGCTGACCTCGCTCTGCAGCCAGCTTGAGGTCAGGCGGTCGCTCTCTGCAGGTCACAAAGCCTCGGCGCAAAAGTAGGGCTTTGAACGCGACACCGCACCAGAGCGCCCAGCTAAGCGAGCTGCCTCCACCCCCACTGTGTCGGGCGGCGCAAACTGCGG,708a730fbc283801a94e577e25d5db217e71a4efeb7d0fbb3a2aa062363441a9,0.115525358384848,TCCCGAACGCTCTCTTGGGGCGTTCCTGCCCAGTTGTCCCGGCTGACCTCGCTCTGCAGCCAGCTTGAGGTCAGGCGGTCGCTCTCTGCAGGTCACAAACCCTCGGCGCAAAAGTAGGGCTTTGAACGCGACACCGCACCAGAGCGCCCAGCCAAGCGAGCTGCCTCCACCCCCACTGTGTCGGGCGGCGCAAACTGCGG,1f9a2c4f44f7d67cca0c9906994bfbb7e07f15c3056143d20bfa1f28cc1c62b8,0.153087184413549,TCCCGAACGCTCTCTTGGGGCGTTCCTGCCCAGTTGTCCCGGCTGACCTCGCTCTGCAGCCAGCTTGAGGTCAGGCGGTCGCTCTCTGCAGGTCACAAAGCCTCGGCGCAAAAGTAGGGCTTTGAACGCGACACCGCACCAGAGCGCCCAGCCAAGCGAGCTGCCTCCACCCCCACTGTGTCGGGCGGCGCAAACTGCGG,69e16ef302de7f26c22c767acb9ccf963a900d0fb32783bf9ffbc7d16de49a83,-0.0317112060289139,0.3003237488273109,0.200598776963462,-271.63232880830765,-268.9903927743435,-269.6660401523113,-266.49466252326965,-0.5294415950775146,1.0,0.3003237488273109,0.0,3,0.18040660219049734,0.18106719778262317,0.1474303780702046,0.3216336074509606,1.0
chr10:47139995:C:T;chr10:47140059:C:T;var1;middle;OL41|K562|0a97b23903be4f56,chr10:47139995:C:T;chr10:47140059:C:T;var1;middle;OL41,K562,K562_region_00214,100,164,64,ATGACTCAGCATATGGTTGATCTGAGAATATGTTCTGTGTACAGATAGGAAGAATGTATATTCTGTGGTTGTTGGGTGGAGTGAATGTCTATGAGGCCCCTGTAGATAAAATAATAGCTGAAATTAGAAAAAGAGGTTTAACCAGCTTTACTCATTTAAAATGCAAATGTGCTATTAGATAAGGGCCACATCACTTGGCA,8eb9a18342b0d00f2ab108c0563fbcb5c2ee94025de817beef8a25dba402da44,0.0,ATGACTCAGCATATGGTTGATCTGAGAATATGTTCTGTGTACAGATAGGAAGAATGTATATTCTGTGGTTGTTGGGTGGAGTGAATGTCTATGAGGCCCTTGTAGATAAAATAATAGCTGAAATTAGAAAAAGAGGTTTAACCAGCTTTACTCATTTAAAATGCAAATGTGCTATTAGATAAGGGCCACATCACTTGGCA,07dfb18c362eca5e9fe1f0708b52c7f54f90c791f8e7938813f79238f3732ef6,0.101705995692567,ATGACTCAGCATATGGTTGATCTGAGAATATGTTCTGTGTACAGATAGGAAGAATGTATATTCTGTGGTTGTTGGGTGGAGTGAATGTCTATGAGGCCCCTGTAGATAAAATAATAGCTGAAATTAGAAAAAGAGGTTTAACCAGCTTTACTCATTTAAAATGTAAATGTGCTATTAGATAAGGGCCACATCACTTGGCA,dba2f5f56e73d08b3fc5adf21e46b1e4f0aec94c1c97e4a89ff75a5d9e2a2060,-0.427383114135075,ATGACTCAGCATATGGTTGATCTGAGAATATGTTCTGTGTACAGATAGGAAGAATGTATATTCTGTGGTTGTTGGGTGGAGTGAATGTCTATGAGGCCCTTGTAGATAAAATAATAGCTGAAATTAGAAAAAGAGGTTTAACCAGCTTTACTCATTTAAAATGTAAATGTGCTATTAGATAAGGGCCACATCACTTGGCA,0a97b23903be4f560ed7c880de67e633d9569590798bbfe3a18e1d2410c7ced2,-0.56666777589095,0.2409906574484419,0.244438394616183,-336.24127517454326,-345.92830755747855,-338.36293492279947,-347.09847595449537,-0.9514913512393832,1.0,0.2409906574484419,0.0,1,0.18139707443669764,0.18216460459877223,0.1501433469024087,0.11469542781453289,1.0
chr10:48722514:A:G;chr10:48722524:C:G;var1;middle;OL41|K562|58d25260ebbb73da,chr10:48722514:A:G;chr10:48722524:C:G;var1;middle;OL41,K562,K562_region_00215,100,110,10,GAGCCAGTGCTACCCATGTACACGTGCACACACCAGGTGCGTGTGGAAAGGGAGAGATTGGGAGCCAGGGCTTTGCCTGCTGCCTCCCCCTGCACCCCCAACTTATACTCACTTGACACATCTAATGCCTCAAATCTAAGTTTGTGTCCTTCGCCTGCTGGACTGGATCCCACCGCCTGCCTGGTGCCACAGTGACTCCT,3aa8919ec3908a9bc51bdee9dc28c9ab365fe5b5d3c3a24964de7e3e1e374669,0.0,GAGCCAGTGCTACCCATGTACACGTGCACACACCAGGTGCGTGTGGAAAGGGAGAGATTGGGAGCCAGGGCTTTGCCTGCTGCCTCCCCCTGCACCCCCGACTTATACTCACTTGACACATCTAATGCCTCAAATCTAAGTTTGTGTCCTTCGCCTGCTGGACTGGATCCCACCGCCTGCCTGGTGCCACAGTGACTCCT,5dcc597cf466a9d1501d1df06ba6e35f831a917a48ff1cb7b2a2f8c3cfd6aec7,0.293267579388504,GAGCCAGTGCTACCCATGTACACGTGCACACACCAGGTGCGTGTGGAAAGGGAGAGATTGGGAGCCAGGGCTTTGCCTGCTGCCTCCCCCTGCACCCCCAACTTATACTGACTTGACACATCTAATGCCTCAAATCTAAGTTTGTGTCCTTCGCCTGCTGGACTGGATCCCACCGCCTGCCTGGTGCCACAGTGACTCCT,03952f0067c440a72a8d4ddf6f6196b376582ae1ac7640efe232599f97d791ed,0.317906740801184,GAGCCAGTGCTACCCATGTACACGTGCACACACCAGGTGCGTGTGGAAAGGGAGAGATTGGGAGCCAGGGCTTTGCCTGCTGCCTCCCCCTGCACCCCCGACTTATACTGACTTGACACATCTAATGCCTCAAATCTAAGTTTGTGTCCTTCGCCTGCTGGACTGGATCCCACCGCCTGCCTGGTGCCACAGTGACTCCT,58d25260ebbb73daf7bee44cd8f08a061162ec319c394a26327f9ee2db9f30cc,-0.245702013486853,0.856876333676541,0.453813887977096,-296.1144661130384,-303.3405097890645,-285.23855436523445,-298.565189973684,6.10059193242347,1.0,0.856876333676541,0.0,0,0.19361158361002126,0.18565657667894103,0.15145376406925343,0.3506240279907602,1.0
chr10:48885021:G:A;chr10:48885061:A:G;var1;middle;OL41|K562|55864854ae194098,chr10:48885021:G:A;chr10:48885061:A:G;var1;middle;OL41,K562,K562_region_00216,100,140,40,TTTTTCTTTTTTTTTCAGAAATGGCTTCTCTCTGTTACTGAGGCTGGATTGCAGTGGCATTATCTCGACTCACTGCAGCCTCTGCCTCCTGGGCTCAAGGAATCCTTCGACCTCAGCCTCCCGAGTAGCTGGGACTACAAGTGAGCACCACCATGTCCACCTATATAATTTTTGTATTTTTTTTTTTTTTTGTAGAGACA,d0da47c11623eece95bb5423f2a0e3f6d7813df674fbf89e68efcadc5fef5d93,0.0,TTTTTCTTTTTTTTTCAGAAATGGCTTCTCTCTGTTACTGAGGCTGGATTGCAGTGGCATTATCTCGACTCACTGCAGCCTCTGCCTCCTGGGCTCAAGAAATCCTTCGACCTCAGCCTCCCGAGTAGCTGGGACTACAAGTGAGCACCACCATGTCCACCTATATAATTTTTGTATTTTTTTTTTTTTTTGTAGAGACA,47cbb5e916e056dd4caf7feaa1477958172b3e2dcfc57f265dc2268eabb31214,-0.0544132588538527,TTTTTCTTTTTTTTTCAGAAATGGCTTCTCTCTGTTACTGAGGCTGGATTGCAGTGGCATTATCTCGACTCACTGCAGCCTCTGCCTCCTGGGCTCAAGGAATCCTTCGACCTCAGCCTCCCGAGTAGCTGGGACTACAGGTGAGCACCACCATGTCCACCTATATAATTTTTGTATTTTTTTTTTTTTTTGTAGAGACA,b162685d1ebd0b0b429ce3cb8bdd98e58e4a3bc0a756b0c6f9d59ce195aa123b,-0.0468830952896919,TTTTTCTTTTTTTTTCAGAAATGGCTTCTCTCTGTTACTGAGGCTGGATTGCAGTGGCATTATCTCGACTCACTGCAGCCTCTGCCTCCTGGGCTCAAGAAATCCTTCGACCTCAGCCTCCCGAGTAGCTGGGACTACAGGTGAGCACCACCATGTCCACCTATATAATTTTTGTATTTTTTTTTTTTTTTGTAGAGACA,55864854ae1940988b63b4eabbefbfee891f02e1cffeb7a11920e379d7ee1de8,-0.0603258655529134,-0.0409704885906311,0.140001895852228,-122.31041147839278,-121.53592335619032,-119.47667531576008,-118.81675078719854,0.1145635936409235,1.0,-0.0409704885906311,0.0,4,0.17634131769223488,0.17620727786206916,0.145609630836647,0.19520973385447754,1.0
chr10:48953014:C:T;chr10:48953049:C:T;var1;middle;OL41|K562|c506aa923efa2f61,chr10:48953014:C:T;chr10:48953049:C:T;var1;middle;OL41,K562,K562_region_00217,100,135,35,CCTCTGTAAAGATGACAGACGAGGGAGATCTCACGTTCTGGGGGTGCCCTATAGCCCTCTTTTGGCCAGAAGCGGTGGATCACGCCTGTAATCCCAGCCCTTTGGGAGGCCGAGGCAGGAGGATTGCTTGAGCCCAGGAGTTCAAGACCAATCTGGGCAACATAGGGAGGCTACGTCTCTCAAAAAATAAATAAATACAT,46fdefeac65ba94919de067f7d435f94f29c865785a09199d5faa44508d79485,0.0,CCTCTGTAAAGATGACAGACGAGGGAGATCTCACGTTCTGGGGGTGCCCTATAGCCCTCTTTTGGCCAGAAGCGGTGGATCACGCCTGTAATCCCAGCCTTTTGGGAGGCCGAGGCAGGAGGATTGCTTGAGCCCAGGAGTTCAAGACCAATCTGGGCAACATAGGGAGGCTACGTCTCTCAAAAAATAAATAAATACAT,42f0d19de0fa3425f9057fcb6894cf4336487cc62f08f0a72c3bbb712a200b68,0.206732968898612,CCTCTGTAAAGATGACAGACGAGGGAGATCTCACGTTCTGGGGGTGCCCTATAGCCCTCTTTTGGCCAGAAGCGGTGGATCACGCCTGTAATCCCAGCCCTTTGGGAGGCCGAGGCAGGAGGATTGCTTGAGCCTAGGAGTTCAAGACCAATCTGGGCAACATAGGGAGGCTACGTCTCTCAAAAAATAAATAAATACAT,e71dfe962916cc78ee5d324e84f0fcec67f5cd27c77bbd27a73e8d2e59c67d28,-0.0678227745783934,CCTCTGTAAAGATGACAGACGAGGGAGATCTCACGTTCTGGGGGTGCCCTATAGCCCTCTTTTGGCCAGAAGCGGTGGATCACGCCTGTAATCCCAGCCTTTTGGGAGGCCGAGGCAGGAGGATTGCTTGAGCCTAGGAGTTCAAGACCAATCTGGGCAACATAGGGAGGCTACGTCTCTCAAAAAATAAATAAATACAT,c506aa923efa2f6105c8ba2470fbac4d9aac6d2d70e961451d3287bbd195173c,0.288180653395057,0.1492704590748383,0.416828218707235,-156.82366182096305,-159.73731010127813,-160.36260093003511,-163.18667716626078,0.08957204408940811,-1.0,-0.1492704590748383,0.0,1,0.18245629384181455,0.18216460459877223,0.1501433469024087,0.32210219355803427,1.0
chr10:48957354:A:G;chr10:48957435:A:G;var1;middle;OL41|K562|eedab9df124ffd2d,chr10:48957354:A:G;chr10:48957435:A:G;var1;middle;OL41,K562,K562_region_00218,100,181,81,TGTCAGCAGGGTGGTCTTGATTTTTAGGCCATGTGTCTAATGGCATCAGCTCTGTGGCCGACACCTGTGTACCAAGCCCATTCACTATCTAGCTTAGCCAGCCGTGGACTCCTGCTCTTTGTTAAAAGTATTTACCTTCATTCCTACTAGCACAGTTGACCAAAGACCCAGTTGATCCCAAACACTAGTAATGCATCAAT,477d7171c70becd453e53f9cbf11c7542e04230104d89c45ba4b55f8c1ac32ea,0.0,TGTCAGCAGGGTGGTCTTGATTTTTAGGCCATGTGTCTAATGGCATCAGCTCTGTGGCCGACACCTGTGTACCAAGCCCATTCACTATCTAGCTTAGCCGGCCGTGGACTCCTGCTCTTTGTTAAAAGTATTTACCTTCATTCCTACTAGCACAGTTGACCAAAGACCCAGTTGATCCCAAACACTAGTAATGCATCAAT,f11392d7e78c648ef59f190e50123a091a5bd6eaafeddc2081054efc0c09aa44,0.581416726934765,TGTCAGCAGGGTGGTCTTGATTTTTAGGCCATGTGTCTAATGGCATCAGCTCTGTGGCCGACACCTGTGTACCAAGCCCATTCACTATCTAGCTTAGCCAGCCGTGGACTCCTGCTCTTTGTTAAAAGTATTTACCTTCATTCCTACTAGCACAGTTGACCAAAGACCCAGTTGATCCCAGACACTAGTAATGCATCAAT,1dd33ecf298ea81edd0ef485c1265d0ddf21bc0f108b565e66b99c76057d468f,1.80379663743698,TGTCAGCAGGGTGGTCTTGATTTTTAGGCCATGTGTCTAATGGCATCAGCTCTGTGGCCGACACCTGTGTACCAAGCCCATTCACTATCTAGCTTAGCCGGCCGTGGACTCCTGCTCTTTGTTAAAAGTATTTACCTTCATTCCTACTAGCACAGTTGACCAAAGACCCAGTTGATCCCAGACACTAGTAATGCATCAAT,eedab9df124ffd2d29a33a9af70ecd9ddbcfc619c7ded28eb1190ec2b089803f,0.216346648061699,2.168866716310046,0.603729369022046,-382.6494066347368,-387.0483187320642,-391.3253022162244,-392.83416581247,-2.8900485010817647,1.0,2.168866716310046,0.0,2,0.17098632408681252,0.17490732828716207,0.146091925319964,0.09218236456667092,1.0
chr10:48959560:G:A;chr10:48959607:G:T;var1;middle;OL41|K562|b3c8079288d63521,chr10:48959560:G:A;chr10:48959607:G:T;var1;middle;OL41,K562,K562_region_00219,100,147,47,TGCTTTGTAATACTTGTTATAGCAGTGGTAACAGTTGAGATTTGCCTGTTTGACCACTTGCAGGGCACCGTGCCAGATTCCCCATGTGCAATGTTCCTCGCAGTTGTGACGCCCATCGTAGGAGGGCGGCGTTAGCACCCCTCCATGCAAGCGGATGGTGCAGGCTGGGTCGCCTGGGCACAGCGCCTGACTATTTTCCT,fe34f8d884cc4c79c858192f7f5024890a8b57f64febcdcbba34c5f832ef0bd6,0.0,TGCTTTGTAATACTTGTTATAGCAGTGGTAACAGTTGAGATTTGCCTGTTTGACCACTTGCAGGGCACCGTGCCAGATTCCCCATGTGCAATGTTCCTCACAGTTGTGACGCCCATCGTAGGAGGGCGGCGTTAGCACCCCTCCATGCAAGCGGATGGTGCAGGCTGGGTCGCCTGGGCACAGCGCCTGACTATTTTCCT,03a3d04aad47548db3c4ce9d19a55b8db55eccee57603051e87dfa3bd65ded81,0.0536175006407295,TGCTTTGTAATACTTGTTATAGCAGTGGTAACAGTTGAGATTTGCCTGTTTGACCACTTGCAGGGCACCGTGCCAGATTCCCCATGTGCAATGTTCCTCGCAGTTGTGACGCCCATCGTAGGAGGGCGGCGTTAGCACCCCTCCATTCAAGCGGATGGTGCAGGCTGGGTCGCCTGGGCACAGCGCCTGACTATTTTCCT,0fac8f735fc963008831205f8413e9036a2061bbac4040669c570983e4ce5625,-0.144311882114301,TGCTTTGTAATACTTGTTATAGCAGTGGTAACAGTTGAGATTTGCCTGTTTGACCACTTGCAGGGCACCGTGCCAGATTCCCCATGTGCAATGTTCCTCACAGTTGTGACGCCCATCGTAGGAGGGCGGCGTTAGCACCCCTCCATTCAAGCGGATGGTGCAGGCTGGGTCGCCTGGGCACAGCGCCTGACTATTTTCCT,b3c8079288d6352158e3fc6be0c5fca9fdd5a156e3d0a912572783bf9dbca576,-0.0931695841887426,-0.0024752027151711,0.317128053069308,-336.6198845691979,-289.7057257592678,-330.63769431831315,-315.42964743450284,-31.706111926119775,-1.0,0.0024752027151711,0.0,1,0.1501060972915132,0.18216460459877223,0.1501433469024087,0.02836276373488711,1.0
chr10:49093976:G:A;chr10:49094059:C:A;var1;middle;OL41|K562|2b546d5c440d1f5a,chr10:49093976:G:A;chr10:49094059:C:A;var1;middle;OL41,K562,K562_region_00220,100,183,83,TCTCTTTCCAATTGGAAAATGTTCCCTACCTCCAAAGTCTTTCACTTTTAACTTATGTGGAAGATAATTATCGTGCTATTTAGGGAAAAATAATCAAGTGTGTTATATTCAGATATATTTATAGTAGAAGGGACCAGTGCATACTGAATATTATTACTCTCCTAGGCACTACGGCTTTGGAACCACTACTTTGCCTTCTG,7b3cba94616e00a509a5b1e292368f492b6ea7e9ddb70d58bcbdb804ed6433b9,0.0,TCTCTTTCCAATTGGAAAATGTTCCCTACCTCCAAAGTCTTTCACTTTTAACTTATGTGGAAGATAATTATCGTGCTATTTAGGGAAAAATAATCAAGTATGTTATATTCAGATATATTTATAGTAGAAGGGACCAGTGCATACTGAATATTATTACTCTCCTAGGCACTACGGCTTTGGAACCACTACTTTGCCTTCTG,a6a0b92361e58f922d562dbe00b3fa716830c43df64179cb40226b7908defab9,0.0392972053206456,TCTCTTTCCAATTGGAAAATGTTCCCTACCTCCAAAGTCTTTCACTTTTAACTTATGTGGAAGATAATTATCGTGCTATTTAGGGAAAAATAATCAAGTGTGTTATATTCAGATATATTTATAGTAGAAGGGACCAGTGCATACTGAATATTATTACTCTCCTAGGCACTACGGCTTTGGAAACACTACTTTGCCTTCTG,9b450d8b3535730f85d9059235b8480a6c419c85eae37d705078f1ce55ae3269,0.0348835661963454,TCTCTTTCCAATTGGAAAATGTTCCCTACCTCCAAAGTCTTTCACTTTTAACTTATGTGGAAGATAATTATCGTGCTATTTAGGGAAAAATAATCAAGTATGTTATATTCAGATATATTTATAGTAGAAGGGACCAGTGCATACTGAATATTATTACTCTCCTAGGCACTACGGCTTTGGAAACACTACTTTGCCTTCTG,2b546d5c440d1f5a7abcc1318ba48e5828d561079317ad5eb8d606ccd47fce1d,-0.181816089675487,0.255996861192478,0.25547716243215,-288.5790286511183,-271.09104216098785,-274.3957749605179,-267.4950917959213,10.587303325533867,1.0,0.255996861192478,0.0,0,0.19937426369226488,0.18565657667894103,0.15145376406925343,0.31987167183601983,1.0
chr10:49810853:C:T;chr10:49810917:C:T;var1;middle;OL41|K562|7afd0a315dff7fe1,chr10:49810853:C:T;chr10:49810917:C:T;var1;middle;OL41,K562,K562_region_00221,100,164,64,ATGGTTCCTGCTTTCACGAAGCTCATGGAGCAATGCAAGTGACAGATATTCACCAATCAGTCACACTCAGGAGTATACAACTGCAACCTATGGTAAATACCATAAAGAAAAGGAGAGATGGAGCAGAGGATCCAGCCTGGACTGGGGTGTGTGGGAAGACTTCCCTGGCTGGCAACACTTGAACTATACTATAACTGGAG,9d994b5685e7ae02a30ab2197108744cb6c587c2b8765bdb51a1acccaed3670f,0.0,ATGGTTCCTGCTTTCACGAAGCTCATGGAGCAATGCAAGTGACAGATATTCACCAATCAGTCACACTCAGGAGTATACAACTGCAACCTATGGTAAATATCATAAAGAAAAGGAGAGATGGAGCAGAGGATCCAGCCTGGACTGGGGTGTGTGGGAAGACTTCCCTGGCTGGCAACACTTGAACTATACTATAACTGGAG,e19278551e00352af7e697d3d54f0f256befca7f4fd123dca113cea9f4df2f8e,-0.0389805424291396,ATGGTTCCTGCTTTCACGAAGCTCATGGAGCAATGCAAGTGACAGATATTCACCAATCAGTCACACTCAGGAGTATACAACTGCAACCTATGGTAAATACCATAAAGAAAAGGAGAGATGGAGCAGAGGATCCAGCCTGGACTGGGGTGTGTGGGAAGACTTCTCTGGCTGGCAACACTTGAACTATACTATAACTGGAG,80adf5d939a7cb47d6346b248ce3fab9acee56c42c19baa3ef3eac192e72ebd3,0.143308533462749,ATGGTTCCTGCTTTCACGAAGCTCATGGAGCAATGCAAGTGACAGATATTCACCAATCAGTCACACTCAGGAGTATACAACTGCAACCTATGGTAAATATCATAAAGAAAAGGAGAGATGGAGCAGAGGATCCAGCCTGGACTGGGGTGTGTGGGAAGACTTCTCTGGCTGGCAACACTTGAACTATACTATAACTGGAG,7afd0a315dff7fe1088f0ec0a48455c98e10eacf46798e0da50fb5721f1d62e5,-0.0307095725664599,-0.1350375636000693,0.299639077282075,-210.96070639416573,-212.7213451527059,-212.35548119992012,-214.3497317358852,-0.23361177742489758,-1.0,0.1350375636000693,0.0,4,0.17590978519661982,0.17620727786206916,0.145609630836647,0.24165167880809055,1.0
chr10:50215410:T:G;chr10:50215461:C:T;var1;middle;OL41|K562|a9c77ee701153185,chr10:50215410:T:G;chr10:50215461:C:T;var1;middle;OL41,K562,K562_region_00222,100,151,51,GTTACTCAGAAGAAAACACAGAGCCTGTCTGAACATCACAGATTGCAGGGCAGACAGTGATGTGGTGTCACTGGAGGATGAAAGGCAACTTGATATGGATGAAGAGCATGAGGGGGTAAGCCTGTCTGGGTATAAGGAGGCAGCAGGAGACGCCCCTGCCTTCGTTAAATAGCTAGGAAGTCCTAGAATGGGCTGAAATT,f10c50d111065c304e9887d8254b9a18eb8edbe4ab0b945c1a771dec1e06ad64,0.0,GTTACTCAGAAGAAAACACAGAGCCTGTCTGAACATCACAGATTGCAGGGCAGACAGTGATGTGGTGTCACTGGAGGATGAAAGGCAACTTGATATGGAGGAAGAGCATGAGGGGGTAAGCCTGTCTGGGTATAAGGAGGCAGCAGGAGACGCCCCTGCCTTCGTTAAATAGCTAGGAAGTCCTAGAATGGGCTGAAATT,24cd79c3de9855c4892336b176a1afc404b53522b44137ec6db88ce704b322d8,0.143279929952037,GTTACTCAGAAGAAAACACAGAGCCTGTCTGAACATCACAGATTGCAGGGCAGACAGTGATGTGGTGTCACTGGAGGATGAAAGGCAACTTGATATGGATGAAGAGCATGAGGGGGTAAGCCTGTCTGGGTATAAGGAGGCAGCAGGAGATGCCCCTGCCTTCGTTAAATAGCTAGGAAGTCCTAGAATGGGCTGAAATT,486e1aa9d4571ef070c5f915c9b4e7d1e36618321b443f10d8bc42e39295f222,-0.320380160643474,GTTACTCAGAAGAAAACACAGAGCCTGTCTGAACATCACAGATTGCAGGGCAGACAGTGATGTGGTGTCACTGGAGGATGAAAGGCAACTTGATATGGAGGAAGAGCATGAGGGGGTAAGCCTGTCTGGGTATAAGGAGGCAGCAGGAGATGCCCCTGCCTTCGTTAAATAGCTAGGAAGTCCTAGAATGGGCTGAAATT,a9c77ee7011531856615d78a99053f053d6d68d3a5838ad46b014b2b1d2446ec,-0.202131244018685,-0.0250310133272479,0.316418751499783,-395.12429205630906,-421.27036530547775,-404.7004088915419,-428.2657818086445,2.580700332066101,-1.0,0.0250310133272479,0.0,3,0.1866710046885753,0.18106719778262317,0.1474303780702046,-0.04652986245281732,1.0
chr10:5062171:C:T;chr10:5062212:G:A;var1;middle;OL41|K562|d088c23c44a76a09,chr10:5062171:C:T;chr10:5062212:G:A;var1;middle;OL41,K562,K562_region_00192,100,141,41,TTTTCTGTGTGGGTAAAACATTTGATTTTACTGAACATGCTCCATAGTTACATGGCAGGATGTTTTGATTGGCATAAAAAGTAACCAAACTTCCAAATGCGAAGTAGGTCACCGGAAGAGTACAGGACTCTTTGTGAGTTGTTTTTCTCTCCAGTCCAATATTTTCCTCAACATGTTTTCTAAATAACATAGGAATTTCA,d316c9ed783e3dc984e08fbcf9b78c29d07605c0d4f742e056b8cbe401a2d7d4,0.0,TTTTCTGTGTGGGTAAAACATTTGATTTTACTGAACATGCTCCATAGTTACATGGCAGGATGTTTTGATTGGCATAAAAAGTAACCAAACTTCCAAATGTGAAGTAGGTCACCGGAAGAGTACAGGACTCTTTGTGAGTTGTTTTTCTCTCCAGTCCAATATTTTCCTCAACATGTTTTCTAAATAACATAGGAATTTCA,c1e853f39b36d11070fb429fda099c1aae8198a3bceeab2dcd03562c9d8d2d73,0.0257180829389138,TTTTCTGTGTGGGTAAAACATTTGATTTTACTGAACATGCTCCATAGTTACATGGCAGGATGTTTTGATTGGCATAAAAAGTAACCAAACTTCCAAATGCGAAGTAGGTCACCGGAAGAGTACAGGACTCTTTGTGAGTTATTTTTCTCTCCAGTCCAATATTTTCCTCAACATGTTTTCTAAATAACATAGGAATTTCA,9338a2b1bbbc6d48306e165f35598f145ebb9d80a6c5509fb58d3a7efe23b640,-0.182214952932045,TTTTCTGTGTGGGTAAAACATTTGATTTTACTGAACATGCTCCATAGTTACATGGCAGGATGTTTTGATTGGCATAAAAAGTAACCAAACTTCCAAATGTGAAGTAGGTCACCGGAAGAGTACAGGACTCTTTGTGAGTTATTTTTCTCTCCAGTCCAATATTTTCCTCAACATGTTTTCTAAATAACATAGGAATTTCA,d088c23c44a76a098db041e827825bb15320791c778f2892851012ad3f48e070,-0.131559275377393,0.0249375946157381,0.363939279017426,-362.2465946748853,-349.76059101335704,-363.0164489056915,-351.45329798944294,-0.9228527452796698,-1.0,-0.0249375946157381,0.0,1,0.18142621249620886,0.18216460459877223,0.1501433469024087,0.17607967687157056,1.0
chr10:51579518:T:A;chr10:51579520:A:G;var1;middle;OL41|K562|d4bb56dbf7c596e4,chr10:51579518:T:A;chr10:51579520:A:G;var1;middle;OL41,K562,K562_region_00223,100,102,2,GTTGCCTGATATACTGGTGCCTTTCATCCCAAGGGGAAATAAGGCAGATGCTAGAAGAGTCTGGAAAACCCTGTGCCATTCTAGAAAATTCTATTCAGCTTACTTAGATTACTAACTACTTAGATTTTTGATTACTCCTCTGTGTGATTCCTCAGGCACTGTGACCAGTAAAAATATGAAATGAGTGAGCAGTATCCTCT,ccf5b52c8d53d641572ed48d28cafc16e394013dced39d11848c55282bf6e74c,0.0,GTTGCCTGATATACTGGTGCCTTTCATCCCAAGGGGAAATAAGGCAGATGCTAGAAGAGTCTGGAAAACCCTGTGCCATTCTAGAAAATTCTATTCAGCATACTTAGATTACTAACTACTTAGATTTTTGATTACTCCTCTGTGTGATTCCTCAGGCACTGTGACCAGTAAAAATATGAAATGAGTGAGCAGTATCCTCT,e5c58cf2af2997032abe0a29b9e4ab139568ce027332e4b835220e85e9f9f7da,-0.0321718591581295,GTTGCCTGATATACTGGTGCCTTTCATCCCAAGGGGAAATAAGGCAGATGCTAGAAGAGTCTGGAAAACCCTGTGCCATTCTAGAAAATTCTATTCAGCTTGCTTAGATTACTAACTACTTAGATTTTTGATTACTCCTCTGTGTGATTCCTCAGGCACTGTGACCAGTAAAAATATGAAATGAGTGAGCAGTATCCTCT,a16cd6c592ec1320855816c9029513a353d653ad7374a211e735947e659d6c0b,0.0001269914112297,GTTGCCTGATATACTGGTGCCTTTCATCCCAAGGGGAAATAAGGCAGATGCTAGAAGAGTCTGGAAAACCCTGTGCCATTCTAGAAAATTCTATTCAGCATGCTTAGATTACTAACTACTTAGATTTTTGATTACTCCTCTGTGTGATTCCTCAGGCACTGTGACCAGTAAAAATATGAAATGAGTGAGCAGTATCCTCT,d4bb56dbf7c596e4d6a4452b7e632d4e0317a65e0dca34334eb735ad56906275,0.1492768206513,0.1813216883981998,0.423593742202123,-280.21874260157347,-282.1561566218734,-282.1745370235294,-283.7341825775802,0.3777684662491083,-1.0,-0.1813216883981998,0.0,1,0.18274951637197606,0.18216460459877223,0.1501433469024087,-0.007244257532969367,1.0
chr10:51984357:G:T;chr10:51984405:C:G;var1;middle;OL41|K562|23a6d6e6c28c4d30,chr10:51984357:G:T;chr10:51984405:C:G;var1;middle;OL41,K562,K562_region_00224,100,148,48,ATTCAGTGAGGATAGCCTGCCCTCTTGTGACAGAGACGTGAGTGCTCACAAAATGCCCATGTGCTCTTCTATTTCCCAGTCTCATTTGCAAGGTGGGGCGTGTGAATACCTCTGACTAATAACATGTGTGCAGAAGGACTACCCAATCTTCACTAGACTTTCCATGAGTGGAAAATAAGTCTTCAATGTGTTAAGCCACT,d1e59a445efb6e09945eb86109bd612f1bf798613c24a4e114f03ac2e4de3c19,0.0,ATTCAGTGAGGATAGCCTGCCCTCTTGTGACAGAGACGTGAGTGCTCACAAAATGCCCATGTGCTCTTCTATTTCCCAGTCTCATTTGCAAGGTGGGGCTTGTGAATACCTCTGACTAATAACATGTGTGCAGAAGGACTACCCAATCTTCACTAGACTTTCCATGAGTGGAAAATAAGTCTTCAATGTGTTAAGCCACT,81e0f9f1a66dba14ae1f2869bac73d6d0b667b9509dbbbb192f7df221af9d25f,0.250551516067434,ATTCAGTGAGGATAGCCTGCCCTCTTGTGACAGAGACGTGAGTGCTCACAAAATGCCCATGTGCTCTTCTATTTCCCAGTCTCATTTGCAAGGTGGGGCGTGTGAATACCTCTGACTAATAACATGTGTGCAGAAGGACTACCCAATGTTCACTAGACTTTCCATGAGTGGAAAATAAGTCTTCAATGTGTTAAGCCACT,a5133038d6a7a9464a0f294a9228a26ac16e75a51d2e25a8b4e10b1e293140c7,-0.546619511930034,ATTCAGTGAGGATAGCCTGCCCTCTTGTGACAGAGACGTGAGTGCTCACAAAATGCCCATGTGCTCTTCTATTTCCCAGTCTCATTTGCAAGGTGGGGCTTGTGAATACCTCTGACTAATAACATGTGTGCAGAAGGACTACCCAATGTTCACTAGACTTTCCATGAGTGGAAAATAAGTCTTCAATGTGTTAAGCCACT,23a6d6e6c28c4d30c93ebb077323a4d70c8c022f250d9dff4bfe49c1d2c22068,-0.306771365384586,-0.0107033695219859,0.250601464436599,-263.3876364827156,-255.80191003531212,-269.027435824275,-258.5743692368269,2.867340140044689,-1.0,0.0107033695219859,0.0,2,0.17936954744363234,0.17490732828716207,0.146091925319964,0.22456798071164527,1.0
chr10:52419989:C:A;chr10:52420016:T:C;var1;middle;OL41|K562|6c9fd37c4c9ef22f,chr10:52419989:C:A;chr10:52420016:T:C;var1;middle;OL41,K562,K562_region_00225,100,127,27,GTGGTCCTTCACCGAGCTTCCCAGTGCGCTCTCCCTACCTGCTGTCCGACAAGGAGGTGCGCGAGATCGTGCAGCAGAGCCTCTCCGTGGGCAACTTTGCCGCGGGGCTCCTCCACCGCCGAGAACTTCCGGCTGCAGTACAACCATTTCCGGGCTTGCAACAAGAAGCAGCTGGACCCTACGCAGCTGCGGCTCATCTA,ef64bd2d25563d87cfec7d5a79f59f7f998bc0ef224e8ad5a2d4b6f194ff7773,0.0,GTGGTCCTTCACCGAGCTTCCCAGTGCGCTCTCCCTACCTGCTGTCCGACAAGGAGGTGCGCGAGATCGTGCAGCAGAGCCTCTCCGTGGGCAACTTTGACGCGGGGCTCCTCCACCGCCGAGAACTTCCGGCTGCAGTACAACCATTTCCGGGCTTGCAACAAGAAGCAGCTGGACCCTACGCAGCTGCGGCTCATCTA,9e0c75c61e2e3988eb650e4950b79cd4081a005f6038c43672ed1bafaf69a33e,0.104825301064365,GTGGTCCTTCACCGAGCTTCCCAGTGCGCTCTCCCTACCTGCTGTCCGACAAGGAGGTGCGCGAGATCGTGCAGCAGAGCCTCTCCGTGGGCAACTTTGCCGCGGGGCTCCTCCACCGCCGAGAACCTCCGGCTGCAGTACAACCATTTCCGGGCTTGCAACAAGAAGCAGCTGGACCCTACGCAGCTGCGGCTCATCTA,058ce6683bff419fc9fd4bf5472861c0f7a6cd6736709a8930b3c2d789614ac4,-3.30177094159466,GTGGTCCTTCACCGAGCTTCCCAGTGCGCTCTCCCTACCTGCTGTCCGACAAGGAGGTGCGCGAGATCGTGCAGCAGAGCCTCTCCGTGGGCAACTTTGACGCGGGGCTCCTCCACCGCCGAGAACCTCCGGCTGCAGTACAACCATTTCCGGGCTTGCAACAAGAAGCAGCTGGACCCTACGCAGCTGCGGCTCATCTA,6c9fd37c4c9ef22f7ec85281c068274b0b0a517db997536f10e31d944e684ba0,-3.25040036583709,-0.0534547253067949,0.256873496497726,-252.1582109676674,-266.3678951719776,-253.92490160278976,-266.467606857419,1.6669789496809244,-1.0,0.0534547253067949,0.0,3,0.18483060040978477,0.18106719778262317,0.1474303780702046,0.0556702024684404,1.0
chr10:52642500:C:T;chr10:52642516:G:T;var1;middle;OL30|K562|1969bba8487074f8,chr10:52642500:C:T;chr10:52642516:G:T;var1;middle;OL30,K562,K562_region_00226,100,116,16,AGATGCTTTTCCTGGGGGCAGTTGGATTGTGAGAGCTGCACTTTGCAGGAGCCTGGTTACTGTTTCTGTGAATAAGATAAAATGGTGTTTATCCTCTGTCGATCAATACTGTCTTGTTTGAACTTATTGAGTCATTTTAGAGACACATAAGGTAATGAAAACCATTGTGCAATAGTACCCACAGTACTACTCAGCTTTCT,be5cc0f57ddac02a87253aa7d56099c7f2d72fd1deaf4a4ecab36e8b7f1aebab,0.0,AGATGCTTTTCCTGGGGGCAGTTGGATTGTGAGAGCTGCACTTTGCAGGAGCCTGGTTACTGTTTCTGTGAATAAGATAAAATGGTGTTTATCCTCTGTTGATCAATACTGTCTTGTTTGAACTTATTGAGTCATTTTAGAGACACATAAGGTAATGAAAACCATTGTGCAATAGTACCCACAGTACTACTCAGCTTTCT,576c76357255764e526951aebd8e206f8ff8572938466216b1048a84d9fe4556,-0.371606956935956,AGATGCTTTTCCTGGGGGCAGTTGGATTGTGAGAGCTGCACTTTGCAGGAGCCTGGTTACTGTTTCTGTGAATAAGATAAAATGGTGTTTATCCTCTGTCGATCAATACTGTCTTTTTTGAACTTATTGAGTCATTTTAGAGACACATAAGGTAATGAAAACCATTGTGCAATAGTACCCACAGTACTACTCAGCTTTCT,4c06b8c53b87980e83dd474f5704338d147a2a66633a53a70893133744b9e2d0,-0.552112721952645,AGATGCTTTTCCTGGGGGCAGTTGGATTGTGAGAGCTGCACTTTGCAGGAGCCTGGTTACTGTTTCTGTGAATAAGATAAAATGGTGTTTATCCTCTGTTGATCAATACTGTCTTTTTTGAACTTATTGAGTCATTTTAGAGACACATAAGGTAATGAAAACCATTGTGCAATAGTACCCACAGTACTACTCAGCTTTCT,1969bba8487074f8baaa46610a36daa7263978904f8a10feca23766cbf801766,-0.420691499139917,0.5030281797486841,0.276417705040003,-300.4555242424831,-299.3118546688929,-295.42894482798874,-290.82720796810463,3.4580672862939537,-1.0,-0.5030281797486841,0.0,4,0.1804852940113296,0.17620727786206916,0.145609630836647,0.16391193888045402,1.0
chr10:52643179:C:T;chr10:52643221:T:C;var1;middle;OL30|K562|2e585872392ccd98,chr10:52643179:C:T;chr10:52643221:T:C;var1;middle;OL30,K562,K562_region_00227,100,142,42,GGGTCAGATCTTACCCCCATTTCACATTTGAGGAATCTGAGATTCAGTGGAGTCAAACAATATGCCCAAGGTCACAAACCTAGGGAGTTTTACAATAGGCGTTTCCACTTAGCTGTGTCGAGGCACAAAGCCTAGTGTTCTTTCCGTAATTAATTTTAAAAGTTTCTCAGATAGGCATAGTCCTATTTGGTGGAAGACTA,6d7908a0b690e5d25f81e35ec9d10415dd69e97ae3ac8a2d145150c9445910a6,0.0,GGGTCAGATCTTACCCCCATTTCACATTTGAGGAATCTGAGATTCAGTGGAGTCAAACAATATGCCCAAGGTCACAAACCTAGGGAGTTTTACAATAGGTGTTTCCACTTAGCTGTGTCGAGGCACAAAGCCTAGTGTTCTTTCCGTAATTAATTTTAAAAGTTTCTCAGATAGGCATAGTCCTATTTGGTGGAAGACTA,bbdbb63f8b8ee7842369e5b6fdae5c3e31116674f81049e901cde602fc9e735f,0.144836524801601,GGGTCAGATCTTACCCCCATTTCACATTTGAGGAATCTGAGATTCAGTGGAGTCAAACAATATGCCCAAGGTCACAAACCTAGGGAGTTTTACAATAGGCGTTTCCACTTAGCTGTGTCGAGGCACAAAGCCTAGTGTTCTCTCCGTAATTAATTTTAAAAGTTTCTCAGATAGGCATAGTCCTATTTGGTGGAAGACTA,1d157e8accc4e643ad665280a2295484a2bffd659c2ef3a14e7051a72d38b27a,-0.0441473209118375,GGGTCAGATCTTACCCCCATTTCACATTTGAGGAATCTGAGATTCAGTGGAGTCAAACAATATGCCCAAGGTCACAAACCTAGGGAGTTTTACAATAGGTGTTTCCACTTAGCTGTGTCGAGGCACAAAGCCTAGTGTTCTCTCCGTAATTAATTTTAAAAGTTTCTCAGATAGGCATAGTCCTATTTGGTGGAAGACTA,2e585872392ccd988b4ed186d581a4a29610b81c40b6279a7b364db6ca6139a8,0.0921994074472913,-0.0084897964424722,0.170422159175444,-240.01953629031777,-236.53283040225503,-240.50441812351343,-237.2366703413427,-0.21895810589199982,-1.0,0.0084897964424722,0.0,1,0.18214238296627108,0.18216460459877223,0.1501433469024087,0.15846906235792377,1.0
chr10:5335965:C:T;chr10:5336050:G:C;var1;middle;OL41|K562|c6ed37b0cc117349,chr10:5335965:C:T;chr10:5336050:G:C;var1;middle;OL41,K562,K562_region_00193,100,185,85,GAGGTTCAGAACACCAGGGGCATCTTGAGGTAACAGCATCAGTCATGAACCAGGATATAAAAATCCATGCTGCTTATTTAAACAGGATGTGTAATCAGACGGTTGGAGTATCTACAAAGAAGCCAGTCAGGAAACAATAAAGCAACCCAGAGGCTTTTAAACACAGGAAGTCGCTACCCTCCTAGGCTAGAGAAACAGAG,eb7b873a5aca79c18a11e77dd212499973dd7bf88c5ad307d5e9603331a9136a,0.0,GAGGTTCAGAACACCAGGGGCATCTTGAGGTAACAGCATCAGTCATGAACCAGGATATAAAAATCCATGCTGCTTATTTAAACAGGATGTGTAATCAGATGGTTGGAGTATCTACAAAGAAGCCAGTCAGGAAACAATAAAGCAACCCAGAGGCTTTTAAACACAGGAAGTCGCTACCCTCCTAGGCTAGAGAAACAGAG,bb7ab6b9b4c82b9f01e2d7a3f02bed60b231db5a2b3b191722a9a4d03b7f3141,-0.360974386019524,GAGGTTCAGAACACCAGGGGCATCTTGAGGTAACAGCATCAGTCATGAACCAGGATATAAAAATCCATGCTGCTTATTTAAACAGGATGTGTAATCAGACGGTTGGAGTATCTACAAAGAAGCCAGTCAGGAAACAATAAAGCAACCCAGAGGCTTTTAAACACAGGAAGTCGCTACCCTCCTACGCTAGAGAAACAGAG,553a69e268cb91517746bed8fc7973b5ddd4e90d94021f11dfcf10dcd940c927,1.06324113511967,GAGGTTCAGAACACCAGGGGCATCTTGAGGTAACAGCATCAGTCATGAACCAGGATATAAAAATCCATGCTGCTTATTTAAACAGGATGTGTAATCAGATGGTTGGAGTATCTACAAAGAAGCCAGTCAGGAAACAATAAAGCAACCCAGAGGCTTTTAAACACAGGAAGTCGCTACCCTCCTACGCTAGAGAAACAGAG,c6ed37b0cc1173490ce4bbb2dbd004a06062ec3e956100d49d550cdc4ce25f16,0.732702519053324,0.0304357699531779,0.20375522543388,-377.80643412377685,-349.2953708874993,-424.9115401422605,-396.8978255512193,-0.49734864523634315,-1.0,-0.0304357699531779,0.0,3,0.18047124334188697,0.18106719778262317,0.1474303780702046,0.2501532193712287,1.0
chr10:60144998:C:A;chr10:60145079:A:G;var1;middle;OL41|K562|d303b62962299307,chr10:60144998:C:A;chr10:60145079:A:G;var1;middle;OL41,K562,K562_region_00228,100,181,81,GGTTGGGGTGAGGCCGCCGCCGCGGTCCCTCCATCACCCTCCTGGCCCGGCAGAGGAACCCACTGCTCCGGGCGGCCGGGGACAGAGGTGGCTCAACAGCGCCGCCTCGAAGCCAGAGCCCTCCGCAGGCTAGAGGATTGCGGTTTCCCTTCATCTCCGCGGCTCTTATTCCTCCCCCGCAAGGCCGCCCACCGGGGTAC,b9089e131e83561a51a42125677a2631a219361cd6bc4cd5d7c796a5d388c149,0.0,GGTTGGGGTGAGGCCGCCGCCGCGGTCCCTCCATCACCCTCCTGGCCCGGCAGAGGAACCCACTGCTCCGGGCGGCCGGGGACAGAGGTGGCTCAACAGAGCCGCCTCGAAGCCAGAGCCCTCCGCAGGCTAGAGGATTGCGGTTTCCCTTCATCTCCGCGGCTCTTATTCCTCCCCCGCAAGGCCGCCCACCGGGGTAC,3b2f8288793643722fb912c7383dd159078f3cddacffdcd20c879ff237a28f78,-0.700941991989539,GGTTGGGGTGAGGCCGCCGCCGCGGTCCCTCCATCACCCTCCTGGCCCGGCAGAGGAACCCACTGCTCCGGGCGGCCGGGGACAGAGGTGGCTCAACAGCGCCGCCTCGAAGCCAGAGCCCTCCGCAGGCTAGAGGATTGCGGTTTCCCTTCATCTCCGCGGCTCTTATTCCTCCCCCGCGAGGCCGCCCACCGGGGTAC,3ca752291b3818bb781363e952ea42b232835d8ef0e12e8185f7f440c58a1160,-0.0666911131671435,GGTTGGGGTGAGGCCGCCGCCGCGGTCCCTCCATCACCCTCCTGGCCCGGCAGAGGAACCCACTGCTCCGGGCGGCCGGGGACAGAGGTGGCTCAACAGAGCCGCCTCGAAGCCAGAGCCCTCCGCAGGCTAGAGGATTGCGGTTTCCCTTCATCTCCGCGGCTCTTATTCCTCCCCCGCGAGGCCGCCCACCGGGGTAC,d303b629622993076b741a4da85a9e9391a5cbc6a52b564855984143f0eba4e4,-0.949249865317761,0.1816167601610785,0.387909585062466,-314.9127454874106,-278.8159588165581,-274.3228864222765,-259.3398350253701,21.113735273946077,1.0,0.1816167601610785,0.0,3,0.22399997330368446,0.18106719778262317,0.1474303780702046,0.2048911546513672,1.0
chr10:6075148:C:T;chr10:6075211:G:A;var1;middle;OL33|K562|792b0cff673c564b,chr10:6075148:C:T;chr10:6075211:G:A;var1;middle;OL33,K562,K562_region_00194,100,163,63,AAAGTATTTGGCCAGGCATGGTGGCTCACGCCTGTAATCTCAGCACTTTAGGAGGCTGAGACAGGTGGATCATTTTAAGTCAGGAGTTTGAGACCAGCCCGGTCAACATGGCGAAACCCTTTCTCTACTAAGGAGGCAGAGGTTGCAGTGAGCTGAGATCACGCCACTGCCCTCCAGCCTGGGCAACAGAGTGAGACTCT,7e0cd6f008fd834ccb9b5a9b1bbef366dc240fe773a4138b0dc0f5789779ef93,0.0,AAAGTATTTGGCCAGGCATGGTGGCTCACGCCTGTAATCTCAGCACTTTAGGAGGCTGAGACAGGTGGATCATTTTAAGTCAGGAGTTTGAGACCAGCCTGGTCAACATGGCGAAACCCTTTCTCTACTAAGGAGGCAGAGGTTGCAGTGAGCTGAGATCACGCCACTGCCCTCCAGCCTGGGCAACAGAGTGAGACTCT,d758ac6b56be408ac4af86958e2b99af68063649f0e836a2af04a1672da2ed2f,-0.287786751380703,AAAGTATTTGGCCAGGCATGGTGGCTCACGCCTGTAATCTCAGCACTTTAGGAGGCTGAGACAGGTGGATCATTTTAAGTCAGGAGTTTGAGACCAGCCCGGTCAACATGGCGAAACCCTTTCTCTACTAAGGAGGCAGAGGTTGCAGTGAGCTGAGATCACACCACTGCCCTCCAGCCTGGGCAACAGAGTGAGACTCT,8b0db8f6794698df58d4f7261c3942c33fcb2e301b9b7aaeba9ee12d121eb092,-0.178450435955762,AAAGTATTTGGCCAGGCATGGTGGCTCACGCCTGTAATCTCAGCACTTTAGGAGGCTGAGACAGGTGGATCATTTTAAGTCAGGAGTTTGAGACCAGCCTGGTCAACATGGCGAAACCCTTTCTCTACTAAGGAGGCAGAGGTTGCAGTGAGCTGAGATCACACCACTGCCCTCCAGCCTGGGCAACAGAGTGAGACTCT,792b0cff673c564b9a0eeae1559a4428d5585aeac75c1a0edd34d0d8da492612,-0.2313531638217,0.2348840235147649,0.139645795885149,-83.05809939466417,-78.10105274571106,-81.61835516337305,-76.53390126535669,0.1274072490632534,-1.0,-0.2348840235147649,0.0,0,0.18593969447197267,0.18565657667894103,0.15145376406925343,0.09853889633468549,1.0
chr10:63808661:G:A;chr10:63808666:C:A;var1;middle;OL27|K562|0869842f6a235d58,chr10:63808661:G:A;chr10:63808666:C:A;var1;middle;OL27,K562,K562_region_00229,100,105,5,TTTAGGTCTAAGTGCTTTTCACCAAAATGCTAGGAAGGGAAGATCATAGTAACAAGTCTTAGAACAGAGGGGATATTGTTTTGTTTGTTTTAATGAAATGCCTGCGACCTGCTACCCCAAGTTTTGTTTGTCAGCTTTCTGCTCAGCTGTTATTTTGATAAGGGACTTGAAAGTACATCCTTCCCTCGCGGTCATTAAAG,53b24b81d68068c02ee8317844bf7ff6dd86897f2ba803b1354c40628d3549d7,0.0,TTTAGGTCTAAGTGCTTTTCACCAAAATGCTAGGAAGGGAAGATCATAGTAACAAGTCTTAGAACAGAGGGGATATTGTTTTGTTTGTTTTAATGAAATACCTGCGACCTGCTACCCCAAGTTTTGTTTGTCAGCTTTCTGCTCAGCTGTTATTTTGATAAGGGACTTGAAAGTACATCCTTCCCTCGCGGTCATTAAAG,f0652db0029503b2739da31b86d4f892fc8d2f436703cfb1ab083d6b6572e0d9,-0.194408372522635,TTTAGGTCTAAGTGCTTTTCACCAAAATGCTAGGAAGGGAAGATCATAGTAACAAGTCTTAGAACAGAGGGGATATTGTTTTGTTTGTTTTAATGAAATGCCTGAGACCTGCTACCCCAAGTTTTGTTTGTCAGCTTTCTGCTCAGCTGTTATTTTGATAAGGGACTTGAAAGTACATCCTTCCCTCGCGGTCATTAAAG,e82946f81a35a52a0931f00dc6f310bf695660089394fd493327dbf51e202060,0.124934520520803,TTTAGGTCTAAGTGCTTTTCACCAAAATGCTAGGAAGGGAAGATCATAGTAACAAGTCTTAGAACAGAGGGGATATTGTTTTGTTTGTTTTAATGAAATACCTGAGACCTGCTACCCCAAGTTTTGTTTGTCAGCTTTCTGCTCAGCTGTTATTTTGATAAGGGACTTGAAAGTACATCCTTCCCTCGCGGTCATTAAAG,0869842f6a235d58b11802de669d2429cff5b50fa33299d2ad82119a6c3d2214,-0.246749181328709,0.177275329326877,0.0898720454628522,-355.3560081742471,-326.7991000995971,-348.6917997067794,-315.1647431361489,-4.970148495980538,1.0,0.177275329326877,0.0,0,0.17939245298788742,0.18565657667894103,0.15145376406925343,0.04566388575056865,1.0
chr10:64396916:C:T;chr10:64396921:G:A;var1;middle;OL28|K562|7b9f7d8077d77c8e,chr10:64396916:C:T;chr10:64396921:G:A;var1;middle;OL28,K562,K562_region_00230,100,105,5,CTTCTCTCCAACTTATACTCTGGCCATCAGAGTTCTAGAAGTTCCCCCAGAGCATCATGCTTTTCAATGTATTTGCAAAGGCAAAAAAAAAAAAATACACTTGCGTTTCATTCCCACCTAGACAGCGCCTACTTCTTCATGAAGGCCTAGTCCAAGCATTCTCTCTTTAGTCTTCTATAACTTTCCCCATCCCCCCAACT,6486d67b719d017cd7e1a152fada3b1a69f556b83527542cdb2994f0f2e19957,0.0,CTTCTCTCCAACTTATACTCTGGCCATCAGAGTTCTAGAAGTTCCCCCAGAGCATCATGCTTTTCAATGTATTTGCAAAGGCAAAAAAAAAAAAATACATTTGCGTTTCATTCCCACCTAGACAGCGCCTACTTCTTCATGAAGGCCTAGTCCAAGCATTCTCTCTTTAGTCTTCTATAACTTTCCCCATCCCCCCAACT,b53ff881d4ce349c84f0466cee5c15d3ab940b4227962d50dd6793187969ed42,-0.140792596491177,CTTCTCTCCAACTTATACTCTGGCCATCAGAGTTCTAGAAGTTCCCCCAGAGCATCATGCTTTTCAATGTATTTGCAAAGGCAAAAAAAAAAAAATACACTTGCATTTCATTCCCACCTAGACAGCGCCTACTTCTTCATGAAGGCCTAGTCCAAGCATTCTCTCTTTAGTCTTCTATAACTTTCCCCATCCCCCCAACT,9fbef0eeef8328b767358d8448dd12030c403a477c029143a5a29557defe9fdd,0.231344647520908,CTTCTCTCCAACTTATACTCTGGCCATCAGAGTTCTAGAAGTTCCCCCAGAGCATCATGCTTTTCAATGTATTTGCAAAGGCAAAAAAAAAAAAATACATTTGCATTTCATTCCCACCTAGACAGCGCCTACTTCTTCATGAAGGCCTAGTCCAAGCATTCTCTCTTTAGTCTTCTATAACTTTCCCCATCCCCCCAACT,7b9f7d8077d77c8eda324241a28241a54eda8f0f52879b426eac696b7dba2f0b,0.278938447262812,0.1883863962330809,0.319404786445557,-243.35404884442687,-243.41154155135155,-239.12442782334983,-238.44311724230647,0.7388032879680395,-1.0,-0.1883863962330809,0.0,3,0.18296108253243523,0.18106719778262317,0.1474303780702046,0.2462128846503861,1.0
chr10:64564892:G:T;chr10:64564934:C:G;var1;middle;OL29|K562|167554842bf09b7c,chr10:64564892:G:T;chr10:64564934:C:G;var1;middle;OL29,K562,K562_region_00231,100,142,42,TCCCGGCACGCAGAGGAGCAGCCGACCATGCCCCGAGACAACATGGCCTCCTTGATCCAACGGATCGCCCGCCAGGCTTGCCTCACCTTCCGGGGCAGCGGGGGCGGCCGCGGCGCTTCCGATCGCGACGCGGCTTCTGGCCCGGAGGCGCCGATGCAGCCGGGCTTCCCCGAGAACCTGAGCAAGCTGAAGAGCCTCCT,2c2a1651f68e933347f9a34daf12ce28d3c8bcac8d7b20494caec39a2f3677b8,0.0,TCCCGGCACGCAGAGGAGCAGCCGACCATGCCCCGAGACAACATGGCCTCCTTGATCCAACGGATCGCCCGCCAGGCTTGCCTCACCTTCCGGGGCAGCTGGGGCGGCCGCGGCGCTTCCGATCGCGACGCGGCTTCTGGCCCGGAGGCGCCGATGCAGCCGGGCTTCCCCGAGAACCTGAGCAAGCTGAAGAGCCTCCT,69b6bb4bf49d59b4cdacf36e5ccc160cfae501d6864fcb63353c7c2cbfe2fd2f,-1.24102239691623,TCCCGGCACGCAGAGGAGCAGCCGACCATGCCCCGAGACAACATGGCCTCCTTGATCCAACGGATCGCCCGCCAGGCTTGCCTCACCTTCCGGGGCAGCGGGGGCGGCCGCGGCGCTTCCGATCGCGACGCGGCTTCTGGCGCGGAGGCGCCGATGCAGCCGGGCTTCCCCGAGAACCTGAGCAAGCTGAAGAGCCTCCT,85d51c84d69fd2cb310e6cc73d203acb3fcb798d9fc65846a0e2f16db9d52cff,0.446437705718245,TCCCGGCACGCAGAGGAGCAGCCGACCATGCCCCGAGACAACATGGCCTCCTTGATCCAACGGATCGCCCGCCAGGCTTGCCTCACCTTCCGGGGCAGCTGGGGCGGCCGCGGCGCTTCCGATCGCGACGCGGCTTCTGGCGCGGAGGCGCCGATGCAGCCGGGCTTCCCCGAGAACCTGAGCAAGCTGAAGAGCCTCCT,167554842bf09b7c33192d3e89991d708f6515ff1e04646229f197825d62c1d6,-0.837060434337497,-0.0424757431395119,0.160645448287727,-280.4162735082209,-300.573087323457,-279.580640621949,-301.662053424865,-1.9245989876799285,-1.0,0.0424757431395119,0.0,2,0.17239209663667412,0.17490732828716207,0.146091925319964,0.20194761502360942,1.0
chr10:64629323:A:G;chr10:64629327:G:A;var1;middle;OL28|K562|310277ccfb36b0d6,chr10:64629323:A:G;chr10:64629327:G:A;var1;middle;OL28,K562,K562_region_00232,100,104,4,GTCCTTATAAGAAGAGGAGAAGGGATACCGAGCAGACACATGAGGAAAGGTGTCATGCGAGGCATTGAGATGCTGCAGCTGCAAGCCAAAAAAGGCTAGAAAGGGGCAAGGAAGGTGTCTCCCCTACAAGGAAGGTGTCTTCTCTACAAGGAAGGCCCTGATGACACCTTGACTTTGGACTTCTAGCCTCCCAATATGTG,d7a9a612708d2f863927c548e226d538761b3c32e30aea03acc3f888283fab54,0.0,GTCCTTATAAGAAGAGGAGAAGGGATACCGAGCAGACACATGAGGAAAGGTGTCATGCGAGGCATTGAGATGCTGCAGCTGCAAGCCAAAAAAGGCTAGGAAGGGGCAAGGAAGGTGTCTCCCCTACAAGGAAGGTGTCTTCTCTACAAGGAAGGCCCTGATGACACCTTGACTTTGGACTTCTAGCCTCCCAATATGTG,a59e8bcf5791a3097cce94a76e8788d8f1336a65447e894b7ee41da743ef0e33,0.0674912129408642,GTCCTTATAAGAAGAGGAGAAGGGATACCGAGCAGACACATGAGGAAAGGTGTCATGCGAGGCATTGAGATGCTGCAGCTGCAAGCCAAAAAAGGCTAGAAAGAGGCAAGGAAGGTGTCTCCCCTACAAGGAAGGTGTCTTCTCTACAAGGAAGGCCCTGATGACACCTTGACTTTGGACTTCTAGCCTCCCAATATGTG,697488459c639cb6d2baab4707e406a0845640baf6377dd6c4209607c40e2f23,0.116128019490145,GTCCTTATAAGAAGAGGAGAAGGGATACCGAGCAGACACATGAGGAAAGGTGTCATGCGAGGCATTGAGATGCTGCAGCTGCAAGCCAAAAAAGGCTAGGAAGAGGCAAGGAAGGTGTCTCCCCTACAAGGAAGGTGTCTTCTCTACAAGGAAGGCCCTGATGACACCTTGACTTTGGACTTCTAGCCTCCCAATATGTG,310277ccfb36b0d6e24c828829e465d24e6bf006bd6f01647021afcf4df42b1e,0.144547063628518,0.0390721688024912,0.156697223916624,-314.5769630053546,-254.6329676765017,-332.46111790300347,-297.2017198408721,24.68459726672154,1.0,0.0390721688024912,0.0,0,0.21748066454817053,0.18565657667894103,0.15145376406925343,0.13096939341306635,1.0
chr10:65027610:A:T;chr10:65027641:C:T;var1;middle;OL27|K562|75bf86086cb31b49,chr10:65027610:A:T;chr10:65027641:C:T;var1;middle;OL27,K562,K562_region_00233,100,131,31,TTTTAAGGTCATTTATCAGTGTTAAACATACTTTTTAAAAATAGTCTACGGCCAAAATAAATATAGTTGAGAGCCTGCATTTCTAGTAGGGCCTACCAAACTATAGGAAGAATGCTTAGAACAACTGTATCCTGTTTGGGGCTCCATGCTGCACCACATTCCATTCACATGAGGAAGACGCGAACAGATGAGCCCTCCCC,8a4f8183b44a58854d7da06c0ab1b4b53b43ca104d1069f8408bfe48f4a28d75,0.0,TTTTAAGGTCATTTATCAGTGTTAAACATACTTTTTAAAAATAGTCTACGGCCAAAATAAATATAGTTGAGAGCCTGCATTTCTAGTAGGGCCTACCAATCTATAGGAAGAATGCTTAGAACAACTGTATCCTGTTTGGGGCTCCATGCTGCACCACATTCCATTCACATGAGGAAGACGCGAACAGATGAGCCCTCCCC,253276448401245de1e42f0860954bb13674b473346cd2b530362443eac6e030,0.104921253865313,TTTTAAGGTCATTTATCAGTGTTAAACATACTTTTTAAAAATAGTCTACGGCCAAAATAAATATAGTTGAGAGCCTGCATTTCTAGTAGGGCCTACCAAACTATAGGAAGAATGCTTAGAACAACTGTATTCTGTTTGGGGCTCCATGCTGCACCACATTCCATTCACATGAGGAAGACGCGAACAGATGAGCCCTCCCC,8025d306781a7b90d4a395f52d8591cec314c7dfd6d074c48f4adc3ef638de65,-0.15548702435274,TTTTAAGGTCATTTATCAGTGTTAAACATACTTTTTAAAAATAGTCTACGGCCAAAATAAATATAGTTGAGAGCCTGCATTTCTAGTAGGGCCTACCAATCTATAGGAAGAATGCTTAGAACAACTGTATTCTGTTTGGGGCTCCATGCTGCACCACATTCCATTCACATGAGGAAGACGCGAACAGATGAGCCCTCCCC,75bf86086cb31b49fa0892e1e9655aef6981a0329763ca55906bcaef181bbff7,-0.121018840903762,-0.0704530704163349,0.130906872840708,-323.4859068989754,-324.3883811654523,-313.8908601626754,-316.1710235271603,-1.377689098007977,-1.0,0.0704530704163349,0.0,0,0.18400656617795236,0.18565657667894103,0.15145376406925343,0.20758982046026872,1.0
chr10:70975897:C:T;chr10:70975916:C:T;var1;middle;OL27|K562|483c97e7d8ca8f8c,chr10:70975897:C:T;chr10:70975916:C:T;var1;middle;OL27,K562,K562_region_00234,100,119,19,GCGTTTGGAAGTCTCTACATTGGTTTTCTTATTATGGAAGTTTGCTCTCCCACACAGTTTCTGATTCTTTTGCAGCAAGTGGAATACCAGCAGGTCACACTGATTTATGTTATGACGACTTAACTTTGGACTTACCATTAAAAAGAATACAGGGCAGAATTCAAGAGCTGTTTTCTTTAGTAACAGGAATAGAATTTCCA,7a8a308f8e69911ffa9a8988956737dc8253034c4727cec01d2068b313d7c6de,0.0,GCGTTTGGAAGTCTCTACATTGGTTTTCTTATTATGGAAGTTTGCTCTCCCACACAGTTTCTGATTCTTTTGCAGCAAGTGGAATACCAGCAGGTCACATTGATTTATGTTATGACGACTTAACTTTGGACTTACCATTAAAAAGAATACAGGGCAGAATTCAAGAGCTGTTTTCTTTAGTAACAGGAATAGAATTTCCA,4b26b3fdbf62e109a0304467e2f1bad8b20ec25078395b7a42222f72b1fcf2b5,0.0367927008261966,GCGTTTGGAAGTCTCTACATTGGTTTTCTTATTATGGAAGTTTGCTCTCCCACACAGTTTCTGATTCTTTTGCAGCAAGTGGAATACCAGCAGGTCACACTGATTTATGTTATGACGATTTAACTTTGGACTTACCATTAAAAAGAATACAGGGCAGAATTCAAGAGCTGTTTTCTTTAGTAACAGGAATAGAATTTCCA,4a6171b522a4082811e512dbf019e9032501f1523deb0373443435be0f8381a7,0.0464753127648376,GCGTTTGGAAGTCTCTACATTGGTTTTCTTATTATGGAAGTTTGCTCTCCCACACAGTTTCTGATTCTTTTGCAGCAAGTGGAATACCAGCAGGTCACATTGATTTATGTTATGACGATTTAACTTTGGACTTACCATTAAAAAGAATACAGGGCAGAATTCAAGAGCTGTTTTCTTTAGTAACAGGAATAGAATTTCCA,483c97e7d8ca8f8c2e16546d3a63df3d00e7554ad9e7491b8fdc36db884c09ea,0.310034140245842,-0.2267661266548078,0.152369548655617,-400.78783184848726,-412.8320557456464,-376.65836325194687,-372.8341168081388,-15.868470340967178,1.0,-0.2267661266548078,0.0,2,0.15208869255893626,0.17490732828716207,0.146091925319964,0.157620723839348,1.0
chr10:70977308:T:G;chr10:70977395:A:C;var1;middle;OL27|K562|c61d33229671f447,chr10:70977308:T:G;chr10:70977395:A:C;var1;middle;OL27,K562,K562_region_00235,100,187,87,CCGTGAGATTACAGAGATCTTTGGTTATGGTTTGCATCTTTTGACCACTGGCTACTGTAACCTCTTATCCCTATGTCGAACAAATCAATGACAGTTGGTTCATACTGCACTGCCCAGGTTACATTTTTTTTTTTTTTTGAAATGGAGTCTCACTCTGTTGCCCAGGCTGGAGTGCAGTGGTGCAATATTGGCTCACTGCA,43db54fed845cf059c4aee6f1d26bc356f6d532d79930875809def36c4fc4d67,0.0,CCGTGAGATTACAGAGATCTTTGGTTATGGTTTGCATCTTTTGACCACTGGCTACTGTAACCTCTTATCCCTATGTCGAACAAATCAATGACAGTTGGTGCATACTGCACTGCCCAGGTTACATTTTTTTTTTTTTTTGAAATGGAGTCTCACTCTGTTGCCCAGGCTGGAGTGCAGTGGTGCAATATTGGCTCACTGCA,7b25b5be098bf5031c20d31922e9999df263efecd9dfca79361a214a35b827e0,0.0930778558736158,CCGTGAGATTACAGAGATCTTTGGTTATGGTTTGCATCTTTTGACCACTGGCTACTGTAACCTCTTATCCCTATGTCGAACAAATCAATGACAGTTGGTTCATACTGCACTGCCCAGGTTACATTTTTTTTTTTTTTTGAAATGGAGTCTCACTCTGTTGCCCAGGCTGGAGTGCAGTGGTGCAATCTTGGCTCACTGCA,b5f3ccdcf49ab6442759b00a5a069dab619ac2c81bee9264a06a8a82647ceaef,0.0377024462650704,CCGTGAGATTACAGAGATCTTTGGTTATGGTTTGCATCTTTTGACCACTGGCTACTGTAACCTCTTATCCCTATGTCGAACAAATCAATGACAGTTGGTGCATACTGCACTGCCCAGGTTACATTTTTTTTTTTTTTTGAAATGGAGTCTCACTCTGTTGCCCAGGCTGGAGTGCAGTGGTGCAATCTTGGCTCACTGCA,c61d33229671f4473cdb6130dc81bc010105f952f2a9ff3bb469aaec0b00fead,0.265973045309396,-0.1351927431707097,0.179904671228302,-191.9697052333504,-191.6633771751076,-187.03028801316395,-186.89614263363185,0.1721826787106977,1.0,-0.1351927431707097,0.0,3,0.18181980356728072,0.18106719778262317,0.1474303780702046,0.15336770077759015,1.0
chr10:72240570:C:G;chr10:72240614:T:G;var1;middle;OL41|K562|b811c5b7a2202582,chr10:72240570:C:G;chr10:72240614:T:G;var1;middle;OL41,K562,K562_region_00236,100,144,44,CCTTGGCTGGCACTGTGAGAACTTGTGTGAACACACTTGCCTGCCTCCAAACAGGTGGTGCACAGACCTGGGTTACCCAGGCACCTGTGGGGGATGCCCCGTGTGGGCAGAGACGTGAGTGCGTGTGTGTGCTCAGGTTTACATCTGTGTGGGCAGAGACGTAGAGGAGCTGGATACATATATACTTGAGGACAGACACA,d79e2728e4511a5b33ee5b51fae248b757d6b89b26bcf248af732a77b637e887,0.0,CCTTGGCTGGCACTGTGAGAACTTGTGTGAACACACTTGCCTGCCTCCAAACAGGTGGTGCACAGACCTGGGTTACCCAGGCACCTGTGGGGGATGCCCGGTGTGGGCAGAGACGTGAGTGCGTGTGTGTGCTCAGGTTTACATCTGTGTGGGCAGAGACGTAGAGGAGCTGGATACATATATACTTGAGGACAGACACA,f4f0c1ce5ece6d236c6cbc4cc54c78b42fefb2cf4539c8aa0136278ca54d5392,-0.0760493602397671,CCTTGGCTGGCACTGTGAGAACTTGTGTGAACACACTTGCCTGCCTCCAAACAGGTGGTGCACAGACCTGGGTTACCCAGGCACCTGTGGGGGATGCCCCGTGTGGGCAGAGACGTGAGTGCGTGTGTGTGCTCAGGTTTACAGCTGTGTGGGCAGAGACGTAGAGGAGCTGGATACATATATACTTGAGGACAGACACA,a20a6b19c0953723639ebbd2e1310e3ffd77263815034b5221eaa2e79b077f87,-0.0097767183941772,CCTTGGCTGGCACTGTGAGAACTTGTGTGAACACACTTGCCTGCCTCCAAACAGGTGGTGCACAGACCTGGGTTACCCAGGCACCTGTGGGGGATGCCCGGTGTGGGCAGAGACGTGAGTGCGTGTGTGTGCTCAGGTTTACAGCTGTGTGGGCAGAGACGTAGAGGAGCTGGATACATATATACTTGAGGACAGACACA,b811c5b7a2202582e13e62efe78ec0db193269cb36cb3f0f0241482cab59d466,-0.0656475033988254,0.0201785752351189,0.334691739818149,-236.120940476656,-235.8968548476696,-236.12814052402973,-235.75866277515888,0.14539211988446255,-1.0,-0.0201785752351189,0.0,3,0.18176584241452068,0.18106719778262317,0.1474303780702046,0.09249611212690735,1.0
chr10:7709892:G:A;chr10:7709942:C:T;var1;middle;OL41|K562|570288c0a640a38e,chr10:7709892:G:A;chr10:7709942:C:T;var1;middle;OL41,K562,K562_region_00195,100,150,50,CCTGCGGCTGTGACACTTAACCAAGGACCAGTCTCCTCTGTAGAGCCTCCTACTCCGTTTCTTGCCAACACCCACTGCCTCCCGGGCCCTACCCCACGCGCCCCCGCAACTCTTTCTTCCTCTCCCTCAAGGTGCAATATGCTTCTTTGCGGACTTGCTTAATTTCTGTCGCCAGAGGACGCGAGAAGGCCAGCCTGGTC,9eba6977d7d3895219b7d98a59b5296378d62e189622be93256bbf82bc863dc7,0.0,CCTGCGGCTGTGACACTTAACCAAGGACCAGTCTCCTCTGTAGAGCCTCCTACTCCGTTTCTTGCCAACACCCACTGCCTCCCGGGCCCTACCCCACGCACCCCCGCAACTCTTTCTTCCTCTCCCTCAAGGTGCAATATGCTTCTTTGCGGACTTGCTTAATTTCTGTCGCCAGAGGACGCGAGAAGGCCAGCCTGGTC,2ba85364f8bdd632345ab93df37ddd981939d757d7999954b595a769fe4b8e9d,-0.108652636824167,CCTGCGGCTGTGACACTTAACCAAGGACCAGTCTCCTCTGTAGAGCCTCCTACTCCGTTTCTTGCCAACACCCACTGCCTCCCGGGCCCTACCCCACGCGCCCCCGCAACTCTTTCTTCCTCTCCCTCAAGGTGCAATATGCTTCTTTGTGGACTTGCTTAATTTCTGTCGCCAGAGGACGCGAGAAGGCCAGCCTGGTC,1d5f0f03d93e17d002041287040cc3f4498b481da92fcac2d3ac2d9116735ad0,0.0024517961463697,CCTGCGGCTGTGACACTTAACCAAGGACCAGTCTCCTCTGTAGAGCCTCCTACTCCGTTTCTTGCCAACACCCACTGCCTCCCGGGCCCTACCCCACGCACCCCCGCAACTCTTTCTTCCTCTCCCTCAAGGTGCAATATGCTTCTTTGTGGACTTGCTTAATTTCTGTCGCCAGAGGACGCGAGAAGGCCAGCCTGGTC,570288c0a640a38eb408cc706efa7478a341a354fc20b9f438c271ee7cdce0ed,-0.56446027675383,0.4582594360760327,0.291293284643983,-406.8531738361344,-410.2479735026136,-415.5295056649484,-416.3015826730989,-2.622722658328712,1.0,0.4582594360760327,0.0,0,0.18240745951136303,0.18565657667894103,0.15145376406925343,0.37492367486613826,1.0
chr10:78194791:T:C;chr10:78194812:A:G;var1;middle;OL32|K562|e288222a31c1ea9f,chr10:78194791:T:C;chr10:78194812:A:G;var1;middle;OL32,K562,K562_region_00237,100,121,21,GTGTTAGGAGTTGGGTTTACAGAGGTAATTAAGATACAGACCCTTCTTATTCTTAAGTTTCTCATGAAACACAGCCTGGATTATCCTTCCCTCCCACCCTGCCACGTTTCTGCCCCATAAACTAGACCATTCTCTGGTAATCTACTTAGTTTTTTAGATAAACTAAGAATAATCTATATGACATAGTCCTTCCCAGTACT,72bda1b1c68b3f6b78e79555ab8345a7a19049cbce85023fbbd2f9d993addf0b,0.0,GTGTTAGGAGTTGGGTTTACAGAGGTAATTAAGATACAGACCCTTCTTATTCTTAAGTTTCTCATGAAACACAGCCTGGATTATCCTTCCCTCCCACCCCGCCACGTTTCTGCCCCATAAACTAGACCATTCTCTGGTAATCTACTTAGTTTTTTAGATAAACTAAGAATAATCTATATGACATAGTCCTTCCCAGTACT,de29eacc970cdea3b674e8fc9312ae9b0149948e606d27b0be08b0905bce7e8a,0.261692794450041,GTGTTAGGAGTTGGGTTTACAGAGGTAATTAAGATACAGACCCTTCTTATTCTTAAGTTTCTCATGAAACACAGCCTGGATTATCCTTCCCTCCCACCCTGCCACGTTTCTGCCCCATAAGCTAGACCATTCTCTGGTAATCTACTTAGTTTTTTAGATAAACTAAGAATAATCTATATGACATAGTCCTTCCCAGTACT,f1e5b302c26b31057aab254e2b1d39ab8b1b10296ede4b6ac7c45e9228f94cad,0.186692512937475,GTGTTAGGAGTTGGGTTTACAGAGGTAATTAAGATACAGACCCTTCTTATTCTTAAGTTTCTCATGAAACACAGCCTGGATTATCCTTCCCTCCCACCCCGCCACGTTTCTGCCCCATAAGCTAGACCATTCTCTGGTAATCTACTTAGTTTTTTAGATAAACTAAGAATAATCTATATGACATAGTCCTTCCCAGTACT,e288222a31c1ea9f0d06fa71e94d9b34fec821d171403a148c0a6c821d3f0584,0.316460087568588,0.131925219818928,0.279572424219485,-261.88066329061985,-261.976648427546,-273.110345184803,-275.044856749475,1.838526427745819,1.0,0.131925219818928,0.0,4,0.1784780167409688,0.17620727786206916,0.145609630836647,0.10763079597781255,1.0
chr10:79680434:A:T;chr10:79680514:C:A;var1;middle;OL30|K562|56887c8922b8eaed,chr10:79680434:A:T;chr10:79680514:C:A;var1;middle;OL30,K562,K562_region_00238,100,180,80,CCACTGCTGGGCACAGTGCCAAAGCTGAGCCAGTCTTAGTCCTCTAGCCCTGGCCACAGTGACCGGGCCTCATGTGGACACATAACACTGGCCAGACCAATCAGAATCCTACCATGAGGTTTGTCTGCCTGGGCTGATTGGATAGAGCTCCCTTTCTTCCCTGGTCAGGGGCTGTGAACCTGAACAGAGGGGCCTGAGGT,8e25e0522bc8973af36924bce78ef66b3c6735c261ae531c47fb00cd95db5c30,0.0,CCACTGCTGGGCACAGTGCCAAAGCTGAGCCAGTCTTAGTCCTCTAGCCCTGGCCACAGTGACCGGGCCTCATGTGGACACATAACACTGGCCAGACCATTCAGAATCCTACCATGAGGTTTGTCTGCCTGGGCTGATTGGATAGAGCTCCCTTTCTTCCCTGGTCAGGGGCTGTGAACCTGAACAGAGGGGCCTGAGGT,113760c5075a778e7efbf5fb817b9319c2acb86d01ba6a9fe70eaaf05bbd849a,-2.00422257272692,CCACTGCTGGGCACAGTGCCAAAGCTGAGCCAGTCTTAGTCCTCTAGCCCTGGCCACAGTGACCGGGCCTCATGTGGACACATAACACTGGCCAGACCAATCAGAATCCTACCATGAGGTTTGTCTGCCTGGGCTGATTGGATAGAGCTCCCTTTCTTCCCTGGTCAGGGGCTGTGAACATGAACAGAGGGGCCTGAGGT,54229488201494b7d208c360d916f05f4f0d4ddf260d0d1124331417e8828dce,-0.208790430022916,CCACTGCTGGGCACAGTGCCAAAGCTGAGCCAGTCTTAGTCCTCTAGCCCTGGCCACAGTGACCGGGCCTCATGTGGACACATAACACTGGCCAGACCATTCAGAATCCTACCATGAGGTTTGTCTGCCTGGGCTGATTGGATAGAGCTCCCTTTCTTCCCTGGTCAGGGGCTGTGAACATGAACAGAGGGGCCTGAGGT,56887c8922b8eaed6d4cc2d35852a05a676aeb4f2d4d91d960d523c13a95759f,-2.27508762925509,0.0620746265052538,0.197697694866199,-241.0598580241204,-255.8473966941237,-241.0686104595661,-241.19734501838684,-14.65880411118252,1.0,0.0620746265052538,0.0,2,0.1538500643932168,0.17490732828716207,0.146091925319964,0.265590714721125,1.0
chr10:80944095:T:C;chr10:80944147:C:G;var1;middle;OL32|K562|f62c12ae0ef0c011,chr10:80944095:T:C;chr10:80944147:C:G;var1;middle;OL32,K562,K562_region_00239,100,152,52,ACAGAAAGCGCTGGCCAGAGTGGCTCTCCCTGCCCCTGCCTCTCCTTCCACCCCTCTCCCGATGTGCACACACAGCATTGTGAGCTGTGAGCGTGAGAATAGGCCTTGGAGACTGGCAGGTGTGACTCATGGCTCTGCCATGCACTTACTGCGTGGCCTTGGGCAGGTCACTTAACCCCTCAATTCCCTCTATTGAGGGA,f35ab46ad6b857719f89a6adf7a7ebc7a0f0b4944c33f697599598dd4849bda5,0.0,ACAGAAAGCGCTGGCCAGAGTGGCTCTCCCTGCCCCTGCCTCTCCTTCCACCCCTCTCCCGATGTGCACACACAGCATTGTGAGCTGTGAGCGTGAGAACAGGCCTTGGAGACTGGCAGGTGTGACTCATGGCTCTGCCATGCACTTACTGCGTGGCCTTGGGCAGGTCACTTAACCCCTCAATTCCCTCTATTGAGGGA,233a0cecff2595d15bd49f5c06bdd4e822548dca886ce66869d8a804506f5322,0.0547704758257032,ACAGAAAGCGCTGGCCAGAGTGGCTCTCCCTGCCCCTGCCTCTCCTTCCACCCCTCTCCCGATGTGCACACACAGCATTGTGAGCTGTGAGCGTGAGAATAGGCCTTGGAGACTGGCAGGTGTGACTCATGGCTCTGCCATGCACTTACTGGGTGGCCTTGGGCAGGTCACTTAACCCCTCAATTCCCTCTATTGAGGGA,fbb565357e5a62971e53d298e57a24d9a763d06c96e81569f5e2e2c8582fced6,-0.474353602921358,ACAGAAAGCGCTGGCCAGAGTGGCTCTCCCTGCCCCTGCCTCTCCTTCCACCCCTCTCCCGATGTGCACACACAGCATTGTGAGCTGTGAGCGTGAGAACAGGCCTTGGAGACTGGCAGGTGTGACTCATGGCTCTGCCATGCACTTACTGGGTGGCCTTGGGCAGGTCACTTAACCCCTCAATTCCCTCTATTGAGGGA,f62c12ae0ef0c011931e9ea7162cb294376e8160cab845cff1efe1bbbe2cc981,-0.731209031565872,0.3116259044702172,0.36100178127951,-204.7043257281184,-201.182554602623,-203.33044117316604,-199.6736423745752,-0.13502767309543628,1.0,0.3116259044702172,0.0,2,0.1749978571608037,0.17490732828716207,0.146091925319964,0.2049143119901122,1.0
chr10:81045207:T:C;chr10:81045280:T:C;var1;middle;OL28|K562|7fe5b88e7aef01a4,chr10:81045207:T:C;chr10:81045280:T:C;var1;middle;OL28,K562,K562_region_00240,100,173,73,TCCAAGGTGTGCGGGACTCTGGGCCTCATACATGTTAGGCACTTACACTTAACCCTCACGGCAGCCTTCGAAGGGAGGGGCTGAATCAGCCCCATTTCATAGATGAGGTTGCTGAGGCATACAGAGAGTGAGCAGTGGTTTCATCGCTTCCCTCTGTGTCCTTCTCTCACTTTCTGGGCCCCAGTGGCCATGTGGCCACA,cd131c0ee7681efaf2451d512c25a05e90fa8f0722670539cee9a0650b2617e4,0.0,TCCAAGGTGTGCGGGACTCTGGGCCTCATACATGTTAGGCACTTACACTTAACCCTCACGGCAGCCTTCGAAGGGAGGGGCTGAATCAGCCCCATTTCACAGATGAGGTTGCTGAGGCATACAGAGAGTGAGCAGTGGTTTCATCGCTTCCCTCTGTGTCCTTCTCTCACTTTCTGGGCCCCAGTGGCCATGTGGCCACA,101ebe067867c82d77cc839859f7545fd52abefc36091a6ac91da258ecd2dc90,-0.0512568130113415,TCCAAGGTGTGCGGGACTCTGGGCCTCATACATGTTAGGCACTTACACTTAACCCTCACGGCAGCCTTCGAAGGGAGGGGCTGAATCAGCCCCATTTCATAGATGAGGTTGCTGAGGCATACAGAGAGTGAGCAGTGGTTTCATCGCTTCCCTCTGTGTCCTTCTCTCACTTCCTGGGCCCCAGTGGCCATGTGGCCACA,25cc9365e45d52649a173c096f86a5a82aec4d4b48b6159a7b8f2e56e742133e,0.52997647204215,TCCAAGGTGTGCGGGACTCTGGGCCTCATACATGTTAGGCACTTACACTTAACCCTCACGGCAGCCTTCGAAGGGAGGGGCTGAATCAGCCCCATTTCACAGATGAGGTTGCTGAGGCATACAGAGAGTGAGCAGTGGTTTCATCGCTTCCCTCTGTGTCCTTCTCTCACTTCCTGGGCCCCAGTGGCCATGTGGCCACA,7fe5b88e7aef01a49cc50a6bbb709f17df4a5c9be9fd5bfa46f1a8fa7d824b33,0.255717177897796,-0.2230024811330125,0.133016773667562,-216.9628111757338,-213.3499617818743,-213.1243600230664,-210.3975087646395,-0.885998135432601,-1.0,0.2230024811330125,0.0,1,0.18146370984564328,0.18216460459877223,0.1501433469024087,0.18593315358856013,1.0
chr10:81132829:G:C;chr10:81132867:C:T;var1;middle;OL27|K562|d578d9dc39b92ef5,chr10:81132829:G:C;chr10:81132867:C:T;var1;middle;OL27,K562,K562_region_00241,100,138,38,CCCCTCCCAAGAGAAAGCAGCCAGGCCAGGTGCCCTCAGAGAGCGCCAGAGGAGGAAGGCGGGTCTGGCCTCAGCCTTCTTCTCAGTTTCAGTCTCCCCGACCAGGCCCTCCCAGGTCTAAGCAGGAGAATCTCAGACTGTTCCTCCCCACAATTGTGCAAGTGCTTACTGGACCCCATGCCCAAGAGAGCTGTGTGGTC,01350c6e3c59fbfc42168a5105e7512b4111809c9d3c59bc180ab2db2da24f4a,0.0,CCCCTCCCAAGAGAAAGCAGCCAGGCCAGGTGCCCTCAGAGAGCGCCAGAGGAGGAAGGCGGGTCTGGCCTCAGCCTTCTTCTCAGTTTCAGTCTCCCCCACCAGGCCCTCCCAGGTCTAAGCAGGAGAATCTCAGACTGTTCCTCCCCACAATTGTGCAAGTGCTTACTGGACCCCATGCCCAAGAGAGCTGTGTGGTC,ed113e384695aaa8a7e05b31bc2c8ed124e5e2a6fc1f841b98b6f1737efdb8f0,-0.316118565257378,CCCCTCCCAAGAGAAAGCAGCCAGGCCAGGTGCCCTCAGAGAGCGCCAGAGGAGGAAGGCGGGTCTGGCCTCAGCCTTCTTCTCAGTTTCAGTCTCCCCGACCAGGCCCTCCCAGGTCTAAGCAGGAGAATCTCAGATTGTTCCTCCCCACAATTGTGCAAGTGCTTACTGGACCCCATGCCCAAGAGAGCTGTGTGGTC,09908f375e7834d79b4ac73a5925820893c52b45478ae49ff52e0663ea499c41,-0.0685816920677142,CCCCTCCCAAGAGAAAGCAGCCAGGCCAGGTGCCCTCAGAGAGCGCCAGAGGAGGAAGGCGGGTCTGGCCTCAGCCTTCTTCTCAGTTTCAGTCTCCCCCACCAGGCCCTCCCAGGTCTAAGCAGGAGAATCTCAGATTGTTCCTCCCCACAATTGTGCAAGTGCTTACTGGACCCCATGCCCAAGAGAGCTGTGTGGTC,d578d9dc39b92ef52607599ebf180464f0e17899393f646d3b1f4982124ac06a,-0.0513482476265969,0.3333520096984953,0.3574314514739,-241.02504271268845,-235.85166887938976,-242.2598781585693,-237.20235177874565,-0.11584745347499847,-1.0,-0.3333520096984953,0.0,2,0.17502578511132671,0.17490732828716207,0.146091925319964,0.17742673284428212,1.0
chr10:88511303:C:T;chr10:88511326:G:T;var1;middle;OL31|K562|1e5b267153ff2455,chr10:88511303:C:T;chr10:88511326:G:T;var1;middle;OL31,K562,K562_region_00242,100,123,23,GGAATTCTTGAGTAGAATCAGTGTTTAGGGATACTAAGAAGAATCAGACATGGGTCTTTTCATTTTTGAATGTATGTATGGGTTTTTTGTGTGTATACACACAAACATATGTACATGCATACGTACATATATGTACATATGTGTACATGCATACTTACATATGCACACATATGCACGCATACACATGTGCACATATGCGT,1f7505fb62cd8d5f34ebcdb27988ae628626744fec708ef54328daf684189403,0.0,GGAATTCTTGAGTAGAATCAGTGTTTAGGGATACTAAGAAGAATCAGACATGGGTCTTTTCATTTTTGAATGTATGTATGGGTTTTTTGTGTGTATACATACAAACATATGTACATGCATACGTACATATATGTACATATGTGTACATGCATACTTACATATGCACACATATGCACGCATACACATGTGCACATATGCGT,6fe196a3f23649e6f09db8f9070a42d5bde4c6f49c8c0041ff64034fbf7a62b2,0.0908500893522855,GGAATTCTTGAGTAGAATCAGTGTTTAGGGATACTAAGAAGAATCAGACATGGGTCTTTTCATTTTTGAATGTATGTATGGGTTTTTTGTGTGTATACACACAAACATATGTACATGCATACTTACATATATGTACATATGTGTACATGCATACTTACATATGCACACATATGCACGCATACACATGTGCACATATGCGT,d3ac917ec6f2787eb8af8c69c6a59e8400cfb2e05744cc5de6d12273b43ba2a0,-0.0377910657031074,GGAATTCTTGAGTAGAATCAGTGTTTAGGGATACTAAGAAGAATCAGACATGGGTCTTTTCATTTTTGAATGTATGTATGGGTTTTTTGTGTGTATACATACAAACATATGTACATGCATACTTACATATATGTACATATGTGTACATGCATACTTACATATGCACACATATGCACGCATACACATGTGCACATATGCGT,1e5b267153ff2455b8820eaec7aeb2cd389f96bf34e21badafc3ebe450a8f235,0.162270956732833,0.1092119330836549,0.234490281330196,-206.52323380298915,-212.5260042734444,-193.85622053314,-198.626853894908,1.2321371086872546,-1.0,-0.1092119330836549,0.0,3,0.18395474831724334,0.18106719778262317,0.1474303780702046,0.2565541143917887,1.0
chr10:88718761:T:G;chr10:88718833:C:A;var1;middle;OL41|K562|ea1688152a12e76e,chr10:88718761:T:G;chr10:88718833:C:A;var1;middle;OL41,K562,K562_region_00243,100,172,72,AGGGAGGCATTTTGGGAGGGGGCGAGGCCCTGGCTATCAAGGTGGGGTCTCCAGACCCTGGAGCACCCACAATGCCCTGTGCACACCTATGTGTGTTTGTCTTTGGCCTCCTCGGGGCCTCTGGGTGTCAGAGACCGCAGACAGGGCTGGCTACCTGTCTGTGCACGCACACACACATTCCCAAGCATACCAGCCTCCCC,b3e61dcf58b26dae46f8fc2742a1799f780ec8494446b08ec8444eab6ab8edf5,0.0,AGGGAGGCATTTTGGGAGGGGGCGAGGCCCTGGCTATCAAGGTGGGGTCTCCAGACCCTGGAGCACCCACAATGCCCTGTGCACACCTATGTGTGTTTGGCTTTGGCCTCCTCGGGGCCTCTGGGTGTCAGAGACCGCAGACAGGGCTGGCTACCTGTCTGTGCACGCACACACACATTCCCAAGCATACCAGCCTCCCC,409f69c2a506ccd76a29ffcef1a1b0035f5b16f3b2d2603f1d0d82a09ad529d3,0.0880488092793695,AGGGAGGCATTTTGGGAGGGGGCGAGGCCCTGGCTATCAAGGTGGGGTCTCCAGACCCTGGAGCACCCACAATGCCCTGTGCACACCTATGTGTGTTTGTCTTTGGCCTCCTCGGGGCCTCTGGGTGTCAGAGACCGCAGACAGGGCTGGCTACCTGTCTGTGCACGCACAAACACATTCCCAAGCATACCAGCCTCCCC,b5d6cad6ab0529ec55ac94e18add03c900488df8ad5f395e92eb37363fe85b5f,0.0089388858440556,AGGGAGGCATTTTGGGAGGGGGCGAGGCCCTGGCTATCAAGGTGGGGTCTCCAGACCCTGGAGCACCCACAATGCCCTGTGCACACCTATGTGTGTTTGGCTTTGGCCTCCTCGGGGCCTCTGGGTGTCAGAGACCGCAGACAGGGCTGGCTACCTGTCTGTGCACGCACAAACACATTCCCAAGCATACCAGCCTCCCC,ea1688152a12e76ec6e348bd1f949deb55cc7e02eac11e6b97d514aeba0e99e9,-0.396359693024988,0.4933473881484131,0.266223267681963,-221.31480192393064,-220.77639949321747,-226.1836277619004,-225.8272823318839,0.1820570006966591,1.0,0.4933473881484131,0.0,2,0.1754595580827174,0.17490732828716207,0.146091925319964,0.18741662942088697,1.0
chr10:89826993:T:C;chr10:89827001:G:C;var1;middle;OL31|K562|60fc72fcdb4f5119,chr10:89826993:T:C;chr10:89827001:G:C;var1;middle;OL31,K562,K562_region_00244,100,108,8,GGAAGTACTGAAATACTGAGACAAACTGTTCTTATGGTTTTTAGAGGTTGGTCAAAACCAGGAAGGACAAGACATCAGAAGGCTGGTTCTCTCTGGGTTTTCTCTGAGTAGGGGATAAGAGCTGGGTCTTGGGTCCCTTGACCATGTTTTTATTCTTCCTTTGAATTGGTTGGGCTCGGCAAAGTCAGTCAAGAACTTGA,f1e4825827a2898a4b1038137c55ccfc55aed5578d62ad433012c157008a523e,0.0,GGAAGTACTGAAATACTGAGACAAACTGTTCTTATGGTTTTTAGAGGTTGGTCAAAACCAGGAAGGACAAGACATCAGAAGGCTGGTTCTCTCTGGGTTCTCTCTGAGTAGGGGATAAGAGCTGGGTCTTGGGTCCCTTGACCATGTTTTTATTCTTCCTTTGAATTGGTTGGGCTCGGCAAAGTCAGTCAAGAACTTGA,5e64a374282d151b9b6aaf78ccd01080fdd73dc58d854096b0def2156e8650a6,-0.0011243904137455,GGAAGTACTGAAATACTGAGACAAACTGTTCTTATGGTTTTTAGAGGTTGGTCAAAACCAGGAAGGACAAGACATCAGAAGGCTGGTTCTCTCTGGGTTTTCTCTGACTAGGGGATAAGAGCTGGGTCTTGGGTCCCTTGACCATGTTTTTATTCTTCCTTTGAATTGGTTGGGCTCGGCAAAGTCAGTCAAGAACTTGA,b9668043e003a54552a8e3f677f549e8b46b20f5e5a954549ef8a7b3a6f25d95,-0.024132526834667,GGAAGTACTGAAATACTGAGACAAACTGTTCTTATGGTTTTTAGAGGTTGGTCAAAACCAGGAAGGACAAGACATCAGAAGGCTGGTTCTCTCTGGGTTCTCTCTGACTAGGGGATAAGAGCTGGGTCTTGGGTCCCTTGACCATGTTTTTATTCTTCCTTTGAATTGGTTGGGCTCGGCAAAGTCAGTCAAGAACTTGA,60fc72fcdb4f51193dd52ce01385e3d410a71e262d96a99d33fb1bd8887335d4,0.103564974426029,0.1288218916744415,0.142676114471179,-358.20488314540125,-351.4994017216377,-357.81721485126764,-353.50268700602464,-2.3909535785205662,-1.0,-0.1288218916744415,0.0,2,0.17171304664679357,0.17490732828716207,0.146091925319964,0.10620161617483803,1.0
chr10:9043246:A:G;chr10:9043313:T:C;var1;middle;OL28|K562|24e007980971ff68,chr10:9043246:A:G;chr10:9043313:T:C;var1;middle;OL28,K562,K562_region_00196,100,167,67,ATGTTATATGCTCCAGGCCGTCGTCAGAAGGGTGATAAAAGAAAATGAACGGGCCGGGCGCGGTGGCTCACGCCTGTAATCTCAGCACTTTGGGAGGCTAAGGCAGGCAATCACGAGGTCAGGAGATCGAGACCATCCCGGCTAACACGGTGAAACCTCGTCTCTATTAAAAATACAAAAAAATTAGTCGGGCGTGGTGG,2e54e5c6894d3317d0f28e8f002a5ad70205f3e96acba4855d2beda3dfa293ce,0.0,ATGTTATATGCTCCAGGCCGTCGTCAGAAGGGTGATAAAAGAAAATGAACGGGCCGGGCGCGGTGGCTCACGCCTGTAATCTCAGCACTTTGGGAGGCTGAGGCAGGCAATCACGAGGTCAGGAGATCGAGACCATCCCGGCTAACACGGTGAAACCTCGTCTCTATTAAAAATACAAAAAAATTAGTCGGGCGTGGTGG,b12a35259b4d4686ac19c45b7d6ce0c723b2372733b9b239743fe7fa971b08f2,0.0714371436000071,ATGTTATATGCTCCAGGCCGTCGTCAGAAGGGTGATAAAAGAAAATGAACGGGCCGGGCGCGGTGGCTCACGCCTGTAATCTCAGCACTTTGGGAGGCTAAGGCAGGCAATCACGAGGTCAGGAGATCGAGACCATCCCGGCTAACACGGTGAAACCTCGTCTCTACTAAAAATACAAAAAAATTAGTCGGGCGTGGTGG,e0be7cfbd79ef8b88aff9cc9405f63304bec3d6da22227d5db798e705b5a8b75,-0.0232934618643408,ATGTTATATGCTCCAGGCCGTCGTCAGAAGGGTGATAAAAGAAAATGAACGGGCCGGGCGCGGTGGCTCACGCCTGTAATCTCAGCACTTTGGGAGGCTGAGGCAGGCAATCACGAGGTCAGGAGATCGAGACCATCCCGGCTAACACGGTGAAACCTCGTCTCTACTAAAAATACAAAAAAATTAGTCGGGCGTGGTGG,24e007980971ff6892747fb3aefafde4dd5ae65350d003a9f96b564fa9ee22fe,0.109916513894969,0.0617728321593026,0.214356617107485,-112.48953660554253,-107.86686468240804,-109.03496513026766,-104.38704976649024,0.02524344064295292,-1.0,-0.0617728321593026,0.0,1,0.18239084335591688,0.18216460459877223,0.1501433469024087,0.25261561808291016,1.0
chr10:9043562:A:G;chr10:9043595:T:C;var1;middle;OL28|K562|c393c6e73a1edd9c,chr10:9043562:A:G;chr10:9043595:T:C;var1;middle;OL28,K562,K562_region_00197,100,133,33,AGCGAGACTCTGTCAAAAAGAAAGAAAAAAGAAAAGAAAAGAAAAGAAAAGAAAAGAGGAAAATGAACATTTATTGAGAGCCTGTCCTATGTGTTAGGTACTTTAGGTCATTTGATACAGGTGGTAATAATATTGAGATACAGGAATTATCGTCACTTTTTTTTTTTTTTTTTTTTTTTTTTGAGATGGAGTCTCACTCT,0b6ea6e5662d916af6d04e9c62e989884feb079385475bf4d54c5caf18c7572b,0.0,AGCGAGACTCTGTCAAAAAGAAAGAAAAAAGAAAAGAAAAGAAAAGAAAAGAAAAGAGGAAAATGAACATTTATTGAGAGCCTGTCCTATGTGTTAGGTGCTTTAGGTCATTTGATACAGGTGGTAATAATATTGAGATACAGGAATTATCGTCACTTTTTTTTTTTTTTTTTTTTTTTTTTGAGATGGAGTCTCACTCT,e55b6edebf0781f7c531d4746aa5f66af579f51974109dad93633e28aefefe53,-0.298053398140147,AGCGAGACTCTGTCAAAAAGAAAGAAAAAAGAAAAGAAAAGAAAAGAAAAGAAAAGAGGAAAATGAACATTTATTGAGAGCCTGTCCTATGTGTTAGGTACTTTAGGTCATTTGATACAGGTGGTAATAATACTGAGATACAGGAATTATCGTCACTTTTTTTTTTTTTTTTTTTTTTTTTTGAGATGGAGTCTCACTCT,f4dae9e5a3a788740c5e32c25ff25932fe0b9562c591f4487cf76a01dc7f0796,-0.342981992131793,AGCGAGACTCTGTCAAAAAGAAAGAAAAAAGAAAAGAAAAGAAAAGAAAAGAAAAGAGGAAAATGAACATTTATTGAGAGCCTGTCCTATGTGTTAGGTGCTTTAGGTCATTTGATACAGGTGGTAATAATACTGAGATACAGGAATTATCGTCACTTTTTTTTTTTTTTTTTTTTTTTTTTGAGATGGAGTCTCACTCT,c393c6e73a1edd9c5c34395b81d3b145a5f2090f49c0bb9a5f5e0c9cb56c62fa,-0.355370525817507,-0.2856648644544329,0.167330626194622,-131.9818168261554,-131.0411786090117,-130.77340338844806,-129.61144819343463,-0.22131697786971927,1.0,-0.2856648644544329,0.0,4,0.17592502351034342,0.17620727786206916,0.145609630836647,-0.04729389944316839,1.0
chr10:9043562:A:G;chr10:9043614:G:A;var1;middle;OL28|K562|df36f7028cd80403,chr10:9043562:A:G;chr10:9043614:G:A;var1;middle;OL28,K562,K562_region_00197,100,152,52,AGCGAGACTCTGTCAAAAAGAAAGAAAAAAGAAAAGAAAAGAAAAGAAAAGAAAAGAGGAAAATGAACATTTATTGAGAGCCTGTCCTATGTGTTAGGTACTTTAGGTCATTTGATACAGGTGGTAATAATATTGAGATACAGGAATTATCGTCACTTTTTTTTTTTTTTTTTTTTTTTTTTGAGATGGAGTCTCACTCT,0b6ea6e5662d916af6d04e9c62e989884feb079385475bf4d54c5caf18c7572b,0.0,AGCGAGACTCTGTCAAAAAGAAAGAAAAAAGAAAAGAAAAGAAAAGAAAAGAAAAGAGGAAAATGAACATTTATTGAGAGCCTGTCCTATGTGTTAGGTGCTTTAGGTCATTTGATACAGGTGGTAATAATATTGAGATACAGGAATTATCGTCACTTTTTTTTTTTTTTTTTTTTTTTTTTGAGATGGAGTCTCACTCT,e55b6edebf0781f7c531d4746aa5f66af579f51974109dad93633e28aefefe53,-0.297962116172502,AGCGAGACTCTGTCAAAAAGAAAGAAAAAAGAAAAGAAAAGAAAAGAAAAGAAAAGAGGAAAATGAACATTTATTGAGAGCCTGTCCTATGTGTTAGGTACTTTAGGTCATTTGATACAGGTGGTAATAATATTGAGATACAGGAATTATCATCACTTTTTTTTTTTTTTTTTTTTTTTTTTGAGATGGAGTCTCACTCT,c27cdfd4a282c273c786805eaefce406e624ba16907f05d4c2b5992f0017a1ac,-0.426758816309519,AGCGAGACTCTGTCAAAAAGAAAGAAAAAAGAAAAGAAAAGAAAAGAAAAGAAAAGAGGAAAATGAACATTTATTGAGAGCCTGTCCTATGTGTTAGGTGCTTTAGGTCATTTGATACAGGTGGTAATAATATTGAGATACAGGAATTATCATCACTTTTTTTTTTTTTTTTTTTTTTTTTTGAGATGGAGTCTCACTCT,df36f7028cd804031411f491be6d7c47bf8870bd0bbef43c60bc616b10ad65ba,-0.453038385667797,-0.271682546814224,0.141863146719707,-131.9818168261554,-131.0411786090117,-128.1348498351872,-127.0242696260102,-0.1699419920332872,1.0,-0.271682546814224,0.0,4,0.1759886982492611,0.17620727786206916,0.145609630836647,-0.08270706665696373,1.0
chr10:9043595:T:C;chr10:9043614:G:A;var1;middle;OL28|K562|9bd9b13d6ccecee5,chr10:9043595:T:C;chr10:9043614:G:A;var1;middle;OL28,K562,K562_region_00197,100,119,19,AAGAAAAGAAAAGAAAAGAAAAGAGGAAAATGAACATTTATTGAGAGCCTGTCCTATGTGTTAGGTACTTTAGGTCATTTGATACAGGTGGTAATAATATTGAGATACAGGAATTATCGTCACTTTTTTTTTTTTTTTTTTTTTTTTTTGAGATGGAGTCTCACTCTGTCCCCCAGGCTGGAGTGCAGTGGTGTGATCTC,e7c808187077ffca5f69f984ca3f4e592a50c005fc2f5b29a3a389ae26b32bfe,0.0,AAGAAAAGAAAAGAAAAGAAAAGAGGAAAATGAACATTTATTGAGAGCCTGTCCTATGTGTTAGGTACTTTAGGTCATTTGATACAGGTGGTAATAATACTGAGATACAGGAATTATCGTCACTTTTTTTTTTTTTTTTTTTTTTTTTTGAGATGGAGTCTCACTCTGTCCCCCAGGCTGGAGTGCAGTGGTGTGATCTC,acfa384f6d108de2f8972ff40e6d83a06321d97c7ceea5fac581efbac90fe2c9,0.0218526862888041,AAGAAAAGAAAAGAAAAGAAAAGAGGAAAATGAACATTTATTGAGAGCCTGTCCTATGTGTTAGGTACTTTAGGTCATTTGATACAGGTGGTAATAATATTGAGATACAGGAATTATCATCACTTTTTTTTTTTTTTTTTTTTTTTTTTGAGATGGAGTCTCACTCTGTCCCCCAGGCTGGAGTGCAGTGGTGTGATCTC,3e934977fa73ff4a71f1cfd8f2bc35d584319f6a1d93d7bc32204534e0d464a5,0.027422533804522,AAGAAAAGAAAAGAAAAGAAAAGAGGAAAATGAACATTTATTGAGAGCCTGTCCTATGTGTTAGGTACTTTAGGTCATTTGATACAGGTGGTAATAATACTGAGATACAGGAATTATCATCACTTTTTTTTTTTTTTTTTTTTTTTTTTGAGATGGAGTCTCACTCTGTCCCCCAGGCTGGAGTGCAGTGGTGTGATCTC,9bd9b13d6ccecee57fcef62f4e367bfd2cf3d3c4f2e72b6eff34ad22f3c7ba2f,-0.325496415102082,0.374771635195408,0.250377207238385,-122.02773330989294,-120.45227775489911,-116.74908181722276,-115.02046126499772,-0.15316499723121524,1.0,0.374771635195408,0.0,4,0.17600949184650405,0.17620727786206916,0.145609630836647,-0.06500988231718452,1.0
chr10:91002845:C:T;chr10:91002927:C:T;var1;middle;OL41|K562|7cf43297d04cdcb6,chr10:91002845:C:T;chr10:91002927:C:T;var1;middle;OL41,K562,K562_region_00245,100,182,82,AGAGGACCCGTGGTCAAGAATGATTCTGCAGATTCCAGGCTAGGTCATTAGGAGGATGCTGGTGCTATTAATAATAGAGGAGGAAGTCAGGAGGGGAAGCGGGATGCATGAGAAGAGGACGCGTTTCACTTTGGGTGTGAAAGGCCTTCTCCATTCTTTTTATCTATTTGCCTTTAAACACCGGAAATAACACCAGTGGC,d3cf11464aa37ef831647fc0117f7ffc24c4f37cd3996b0e3a0a711e2b51d361,0.0,AGAGGACCCGTGGTCAAGAATGATTCTGCAGATTCCAGGCTAGGTCATTAGGAGGATGCTGGTGCTATTAATAATAGAGGAGGAAGTCAGGAGGGGAAGTGGGATGCATGAGAAGAGGACGCGTTTCACTTTGGGTGTGAAAGGCCTTCTCCATTCTTTTTATCTATTTGCCTTTAAACACCGGAAATAACACCAGTGGC,8ae9e80ce014c99fffa45522f1bf610fe56ebc1f7732c3421b4cd8d86bcd8aac,-0.153492134319974,AGAGGACCCGTGGTCAAGAATGATTCTGCAGATTCCAGGCTAGGTCATTAGGAGGATGCTGGTGCTATTAATAATAGAGGAGGAAGTCAGGAGGGGAAGCGGGATGCATGAGAAGAGGACGCGTTTCACTTTGGGTGTGAAAGGCCTTCTCCATTCTTTTTATCTATTTGCCTTTAAACACTGGAAATAACACCAGTGGC,7104bc502b9888462377771c51e4c45a7350f88b6ae9a10c09287644a185bb9d,-0.936845907206992,AGAGGACCCGTGGTCAAGAATGATTCTGCAGATTCCAGGCTAGGTCATTAGGAGGATGCTGGTGCTATTAATAATAGAGGAGGAAGTCAGGAGGGGAAGTGGGATGCATGAGAAGAGGACGCGTTTCACTTTGGGTGTGAAAGGCCTTCTCCATTCTTTTTATCTATTTGCCTTTAAACACTGGAAATAACACCAGTGGC,7cf43297d04cdcb6cfee086a42475793160b8fcb1f2d81e28e9c5702c9f051a7,-0.804068940166964,0.2862691013600019,0.208718082308206,-378.94089803285897,-374.1522648492828,-365.50096593797207,-362.9219675408676,-2.2096347864717245,-1.0,-0.2862691013600019,0.0,0,0.18293802478351806,0.18565657667894103,0.15145376406925343,0.23725623732110337,1.0
chr10:91296924:G:A;chr10:91296961:A:G;var1;middle;OL28|K562|033688518c05a20f,chr10:91296924:G:A;chr10:91296961:A:G;var1;middle;OL28,K562,K562_region_00246,100,137,37,ACCTCATGATCTGCCCGACAAAGAGTTACTGATGAACAGTAGGGAGCATTTGCCACGCAGCAAGGCACCGTAGGTATGTTTTTTTTTTTTTTTTTTTTGGGAAGGAGTCTCGTTTTGTTTGTTTTCTAAAGAAGGGATTTCACTATGTCGCTAAGGCTAGAGTGCTGTGGTGCGATCATAGCTCATTGCAGTCTCGAACT,b4a180719d5deabb1f82f76f0a62a5f2c8641c38efe0d2a7bb679465a416393a,0.0,ACCTCATGATCTGCCCGACAAAGAGTTACTGATGAACAGTAGGGAGCATTTGCCACGCAGCAAGGCACCGTAGGTATGTTTTTTTTTTTTTTTTTTTTGAGAAGGAGTCTCGTTTTGTTTGTTTTCTAAAGAAGGGATTTCACTATGTCGCTAAGGCTAGAGTGCTGTGGTGCGATCATAGCTCATTGCAGTCTCGAACT,299b9491b3ccb3d755ce1cb25acba256ca3cff4004e39e74cf9f63c18af6a751,0.0441947387270599,ACCTCATGATCTGCCCGACAAAGAGTTACTGATGAACAGTAGGGAGCATTTGCCACGCAGCAAGGCACCGTAGGTATGTTTTTTTTTTTTTTTTTTTTGGGAAGGAGTCTCGTTTTGTTTGTTTTCTAAAGAAGGGGTTTCACTATGTCGCTAAGGCTAGAGTGCTGTGGTGCGATCATAGCTCATTGCAGTCTCGAACT,b3e71329649c0d96ca60b7b8399811903d43afa53dd67656d912a06cab5adba0,0.246996713153035,ACCTCATGATCTGCCCGACAAAGAGTTACTGATGAACAGTAGGGAGCATTTGCCACGCAGCAAGGCACCGTAGGTATGTTTTTTTTTTTTTTTTTTTTGAGAAGGAGTCTCGTTTTGTTTGTTTTCTAAAGAAGGGGTTTCACTATGTCGCTAAGGCTAGAGTGCTGTGGTGCGATCATAGCTCATTGCAGTCTCGAACT,033688518c05a20f410f06118e624442f98f9ad4b8fa03846b91be23e6d605c5,0.114541544307673,0.1766499075724219,0.172617847468145,-262.751104131632,-265.01409378362587,-269.8001085357391,-269.65935224835994,-2.4037459393730387,1.0,0.1766499075724219,0.0,3,0.17663140572306582,0.18106719778262317,0.1474303780702046,0.10806615884081666,1.0
chr10:91596866:T:G;chr10:91596920:T:G;var1;middle;OL41|K562|8329affd4e8d6a3e,chr10:91596866:T:G;chr10:91596920:T:G;var1;middle;OL41,K562,K562_region_00247,100,154,54,GGGGGACACCGTCCGGAAGTGAAGGCCAGGAAAACAGAGGGGAGAGACAGCGGGGTGGGGTGGGAGCAGTCGCTGCTGTGAACTCGCTGGAGCCCAGACTCACGCAACTAAGGGGCAGCAGTGGGAAGAGAAACGGAGGGGTGGTGGGGGAGCTGGCGCTCTGAACGCCTGTTCCTTCTGTTCAGACTAGTCTTTGTTTA,0354c04f1993acaebb852cb40adf7c3f7d0ca00f2ebfbfdb167d3b6b4c9a84ef,0.0,GGGGGACACCGTCCGGAAGTGAAGGCCAGGAAAACAGAGGGGAGAGACAGCGGGGTGGGGTGGGAGCAGTCGCTGCTGTGAACTCGCTGGAGCCCAGACGCACGCAACTAAGGGGCAGCAGTGGGAAGAGAAACGGAGGGGTGGTGGGGGAGCTGGCGCTCTGAACGCCTGTTCCTTCTGTTCAGACTAGTCTTTGTTTA,d8a361c3c5deb306943bd262e973bc7cf2c8c5af1b0de057df22e8f6f2fc0890,0.178167129528554,GGGGGACACCGTCCGGAAGTGAAGGCCAGGAAAACAGAGGGGAGAGACAGCGGGGTGGGGTGGGAGCAGTCGCTGCTGTGAACTCGCTGGAGCCCAGACTCACGCAACTAAGGGGCAGCAGTGGGAAGAGAAACGGAGGGGTGGTGGGGGAGCGGGCGCTCTGAACGCCTGTTCCTTCTGTTCAGACTAGTCTTTGTTTA,c1898a4032f9fb79de0afcedd53dca6f9faf3ff984150139d4e48d64f5a98f84,-0.135930436095824,GGGGGACACCGTCCGGAAGTGAAGGCCAGGAAAACAGAGGGGAGAGACAGCGGGGTGGGGTGGGAGCAGTCGCTGCTGTGAACTCGCTGGAGCCCAGACGCACGCAACTAAGGGGCAGCAGTGGGAAGAGAAACGGAGGGGTGGTGGGGGAGCGGGCGCTCTGAACGCCTGTTCCTTCTGTTCAGACTAGTCTTTGTTTA,8329affd4e8d6a3ed0e64ea7c77dbacada0dd885559586926e5e4bcdef68eefb,-0.0005017010295782,-0.0427383944623082,0.176911359346357,-349.00698243640363,-363.1041276343167,-348.5176872983575,-360.2923193369061,2.322513159364462,-1.0,0.0427383944623082,0.0,2,0.17857623530950995,0.17490732828716207,0.146091925319964,0.0032570616924243734,1.0
chr10:91596866:T:G;chr10:91596946:G:C;var1;middle;OL41|K562|bb5ffcd121e5f559,chr10:91596866:T:G;chr10:91596946:G:C;var1;middle;OL41,K562,K562_region_00247,100,180,80,GGGGGACACCGTCCGGAAGTGAAGGCCAGGAAAACAGAGGGGAGAGACAGCGGGGTGGGGTGGGAGCAGTCGCTGCTGTGAACTCGCTGGAGCCCAGACTCACGCAACTAAGGGGCAGCAGTGGGAAGAGAAACGGAGGGGTGGTGGGGGAGCTGGCGCTCTGAACGCCTGTTCCTTCTGTTCAGACTAGTCTTTGTTTA,0354c04f1993acaebb852cb40adf7c3f7d0ca00f2ebfbfdb167d3b6b4c9a84ef,0.0,GGGGGACACCGTCCGGAAGTGAAGGCCAGGAAAACAGAGGGGAGAGACAGCGGGGTGGGGTGGGAGCAGTCGCTGCTGTGAACTCGCTGGAGCCCAGACGCACGCAACTAAGGGGCAGCAGTGGGAAGAGAAACGGAGGGGTGGTGGGGGAGCTGGCGCTCTGAACGCCTGTTCCTTCTGTTCAGACTAGTCTTTGTTTA,d8a361c3c5deb306943bd262e973bc7cf2c8c5af1b0de057df22e8f6f2fc0890,0.17819970233763,GGGGGACACCGTCCGGAAGTGAAGGCCAGGAAAACAGAGGGGAGAGACAGCGGGGTGGGGTGGGAGCAGTCGCTGCTGTGAACTCGCTGGAGCCCAGACTCACGCAACTAAGGGGCAGCAGTGGGAAGAGAAACGGAGGGGTGGTGGGGGAGCTGGCGCTCTGAACGCCTGTTCCTTCTCTTCAGACTAGTCTTTGTTTA,cf533302add2c03bc1b48092f0a4617b784b56c40f8a7697656a28c6f2376515,-0.124593348844915,GGGGGACACCGTCCGGAAGTGAAGGCCAGGAAAACAGAGGGGAGAGACAGCGGGGTGGGGTGGGAGCAGTCGCTGCTGTGAACTCGCTGGAGCCCAGACGCACGCAACTAAGGGGCAGCAGTGGGAAGAGAAACGGAGGGGTGGTGGGGGAGCTGGCGCTCTGAACGCCTGTTCCTTCTCTTCAGACTAGTCTTTGTTTA,bb5ffcd121e5f55945c7c716177311e5b5c9fdf2d9f146b647b1dab56f9462f3,0.262960280362276,0.209353926869561,0.170748505025361,-349.00698243640363,-363.1041276343167,-323.23717426136136,-351.43994783237576,-14.105628373101354,-1.0,-0.209353926869561,0.0,2,0.15465553299312718,0.17490732828716207,0.146091925319964,0.0008156789738865411,1.0
chr10:91596920:T:G;chr10:91596946:G:C;var1;middle;OL41|K562|e53cc0d70488890f,chr10:91596920:T:G;chr10:91596946:G:C;var1;middle;OL41,K562,K562_region_00247,100,126,26,GTGGGGTGGGAGCAGTCGCTGCTGTGAACTCGCTGGAGCCCAGACTCACGCAACTAAGGGGCAGCAGTGGGAAGAGAAACGGAGGGGTGGTGGGGGAGCTGGCGCTCTGAACGCCTGTTCCTTCTGTTCAGACTAGTCTTTGTTTATTTTGCAGCGCAGGAAGGCGGAAGGGAAGGCGGAGACCGGCAAGAGAGGGGAGA,e32c0962e21a91d986855faed73b4a25c750e9c10d99851073f15fffef5e9e38,0.0,GTGGGGTGGGAGCAGTCGCTGCTGTGAACTCGCTGGAGCCCAGACTCACGCAACTAAGGGGCAGCAGTGGGAAGAGAAACGGAGGGGTGGTGGGGGAGCGGGCGCTCTGAACGCCTGTTCCTTCTGTTCAGACTAGTCTTTGTTTATTTTGCAGCGCAGGAAGGCGGAAGGGAAGGCGGAGACCGGCAAGAGAGGGGAGA,58251a62dcd5bc08d05eca650399937c0d67fb93f82794d5b2cd6f63109d1239,-0.107554573297387,GTGGGGTGGGAGCAGTCGCTGCTGTGAACTCGCTGGAGCCCAGACTCACGCAACTAAGGGGCAGCAGTGGGAAGAGAAACGGAGGGGTGGTGGGGGAGCTGGCGCTCTGAACGCCTGTTCCTTCTCTTCAGACTAGTCTTTGTTTATTTTGCAGCGCAGGAAGGCGGAAGGGAAGGCGGAGACCGGCAAGAGAGGGGAGA,8e5a7b52463ff06c191678db473c9ddfb669b6e26b1af77de5fefd24529c1632,-0.15376977205747,GTGGGGTGGGAGCAGTCGCTGCTGTGAACTCGCTGGAGCCCAGACTCACGCAACTAAGGGGCAGCAGTGGGAAGAGAAACGGAGGGGTGGTGGGGGAGCGGGCGCTCTGAACGCCTGTTCCTTCTCTTCAGACTAGTCTTTGTTTATTTTGCAGCGCAGGAAGGCGGAAGGGAAGGCGGAGACCGGCAAGAGAGGGGAGA,e53cc0d70488890f9bc785c81b6c54b01ad4c91c6b11fe9deb3239cdd4b2ffc7,0.0053163225699968,0.2666406679248538,0.19057954745146,-257.7129056453705,-257.7705013155937,-254.2921132147312,-253.25308150053024,1.0966273844242096,-1.0,-0.2666406679248538,0.0,2,0.17679124650610312,0.17490732828716207,0.146091925319964,0.08966548502603573,1.0
chr10:91597627:C:G;chr10:91597636:A:G;var1;middle;OL41|K562|a9c9d5fb01b5f0fb,chr10:91597627:C:G;chr10:91597636:A:G;var1;middle;OL41,K562,K562_region_00248,100,109,9,GAGGCTGGGGTCACCCGGTTGGGCCGCATTTCCGGGGCCGTCACCTGTCGGGCTGCCAGGCCGCGCGTACCTTGTCCCATCGGGGGCTCTGCTCTGCCCCCTGCGCTGATGACGCGGGTGGAAGGGAGGTATCAGGGGCACTCTGGGGAGCTGTACCTGGCGGGCACCCCCCAGCTGCTCTCCGTGGGGTACGACACCGA,732c90fc273788e0958f8368db3a225f5904d6968945a82f616842c4fa96de80,0.0,GAGGCTGGGGTCACCCGGTTGGGCCGCATTTCCGGGGCCGTCACCTGTCGGGCTGCCAGGCCGCGCGTACCTTGTCCCATCGGGGGCTCTGCTCTGCCCGCTGCGCTGATGACGCGGGTGGAAGGGAGGTATCAGGGGCACTCTGGGGAGCTGTACCTGGCGGGCACCCCCCAGCTGCTCTCCGTGGGGTACGACACCGA,29d7891e21ceafa52a592f4dc1a925c9bb638495de0b2c199a9d0b3385a1929a,0.355459895740104,GAGGCTGGGGTCACCCGGTTGGGCCGCATTTCCGGGGCCGTCACCTGTCGGGCTGCCAGGCCGCGCGTACCTTGTCCCATCGGGGGCTCTGCTCTGCCCCCTGCGCTGGTGACGCGGGTGGAAGGGAGGTATCAGGGGCACTCTGGGGAGCTGTACCTGGCGGGCACCCCCCAGCTGCTCTCCGTGGGGTACGACACCGA,254c6a58f9933df639b5d9921e4a1a402274f26ff4864e9eb713650bd6177ac9,-0.213515113019062,GAGGCTGGGGTCACCCGGTTGGGCCGCATTTCCGGGGCCGTCACCTGTCGGGCTGCCAGGCCGCGCGTACCTTGTCCCATCGGGGGCTCTGCTCTGCCCGCTGCGCTGGTGACGCGGGTGGAAGGGAGGTATCAGGGGCACTCTGGGGAGCTGTACCTGGCGGGCACCCCCCAGCTGCTCTCCGTGGGGTACGACACCGA,a9c9d5fb01b5f0fb1ed063df0954705097fbe26908e16b1d2a95eadd92d4470f,0.0746575592278231,-0.0672872234932188,0.337517794397902,-260.6021269373596,-263.82773680984974,-255.81135534867644,-260.37469763308764,-1.3377324119210812,-1.0,0.0672872234932188,0.0,4,0.17454132558557464,0.17620727786206916,0.145609630836647,0.2859303507505966,1.0
chr10:94839642:G:A;chr10:94839724:G:T;var1;middle;OL27|K562|65fceb3da88196fc,chr10:94839642:G:A;chr10:94839724:G:T;var1;middle;OL27,K562,K562_region_00249,100,182,82,TGATGTAGATTTGGCCAAAACTGTGGAAGGAGGGGACATGACCCCTCTTGGACTCACTCTGGAAAATGACCCTTCGGGCTCCTAGCAGCATGGTGTAGCGATAGGGGTGCTGTGCTGTCCAGGGCTGCTGCGGGTGGGCGACCAAGCTGGTGCCCTCTGCTTCCCCTTGCGCAATGCCCTTGGCCCTTGCTGCCTCCCAT,5a06b9d4c50815ea02ee60780b97ea34711e4e243162c9b91063f168b09d1833,0.0,TGATGTAGATTTGGCCAAAACTGTGGAAGGAGGGGACATGACCCCTCTTGGACTCACTCTGGAAAATGACCCTTCGGGCTCCTAGCAGCATGGTGTAGCAATAGGGGTGCTGTGCTGTCCAGGGCTGCTGCGGGTGGGCGACCAAGCTGGTGCCCTCTGCTTCCCCTTGCGCAATGCCCTTGGCCCTTGCTGCCTCCCAT,1308cbaf06033c7cda24e9d670cf41adcc37defe8de3a6e55ccafe4ca8c2b2f3,0.066785200870951,TGATGTAGATTTGGCCAAAACTGTGGAAGGAGGGGACATGACCCCTCTTGGACTCACTCTGGAAAATGACCCTTCGGGCTCCTAGCAGCATGGTGTAGCGATAGGGGTGCTGTGCTGTCCAGGGCTGCTGCGGGTGGGCGACCAAGCTGGTGCCCTCTGCTTCCCCTTGCGCAATGCCCTTTGCCCTTGCTGCCTCCCAT,4c68b317c6b1dfdda2791ff014d5efcac6da7d5099f33cdd333300989bb25846,0.241630086633939,TGATGTAGATTTGGCCAAAACTGTGGAAGGAGGGGACATGACCCCTCTTGGACTCACTCTGGAAAATGACCCTTCGGGCTCCTAGCAGCATGGTGTAGCAATAGGGGTGCTGTGCTGTCCAGGGCTGCTGCGGGTGGGCGACCAAGCTGGTGCCCTCTGCTTCCCCTTGCGCAATGCCCTTTGCCCTTGCTGCCTCCCAT,65fceb3da88196fcc9a31ef97be1ca28011e662825104c23b53c8a357ed0372b,0.0505927782031472,0.2578225093017428,0.117080382180391,-354.3210307888221,-346.9043503822759,-363.6396540252026,-354.399340279866,-1.823633338790387,1.0,0.2578225093017428,0.0,0,0.18343380056657516,0.18565657667894103,0.15145376406925343,0.21693323239092302,1.0
chr10:95067043:G:A;chr10:95067066:T:A;var1;middle;OL29|K562|e5bad9673eaad861,chr10:95067043:G:A;chr10:95067066:T:A;var1;middle;OL29,K562,K562_region_00250,100,123,23,CACCCCCCCGCCAAGTTGTTGCAACCAAAATGTCTCCAGACGTTGGCAAATGTCCTCTTGGGGGTGGGGAGCAAAAATCTCCCCTAATTGGGAACCACTGGTTTATTTTTATTTTTATTTTTTTTTTGAGATGGAGTCTTGCTCTGTCGCCTAGGCTGGAGTGCAGTGGCGCGATCTCGGCTCACTGCAACCTCCGCCTC,b7c98fda2c40711a6fc1edc7bb2e4eebf589d71728be13d6ddf25d27771d932f,0.0,CACCCCCCCGCCAAGTTGTTGCAACCAAAATGTCTCCAGACGTTGGCAAATGTCCTCTTGGGGGTGGGGAGCAAAAATCTCCCCTAATTGGGAACCACTAGTTTATTTTTATTTTTATTTTTTTTTTGAGATGGAGTCTTGCTCTGTCGCCTAGGCTGGAGTGCAGTGGCGCGATCTCGGCTCACTGCAACCTCCGCCTC,6472e0962a79d8480429d6dd82c99cea7938eb6d0cc1591f35170dbab19f12a8,0.130527541760025,CACCCCCCCGCCAAGTTGTTGCAACCAAAATGTCTCCAGACGTTGGCAAATGTCCTCTTGGGGGTGGGGAGCAAAAATCTCCCCTAATTGGGAACCACTGGTTTATTTTTATTTTTATTTTTATTTTGAGATGGAGTCTTGCTCTGTCGCCTAGGCTGGAGTGCAGTGGCGCGATCTCGGCTCACTGCAACCTCCGCCTC,4a53a96922d7219d4d8637379a45783515ad4cbfe1d9683eac4455fe959f5c0c,-0.0742552607808084,CACCCCCCCGCCAAGTTGTTGCAACCAAAATGTCTCCAGACGTTGGCAAATGTCCTCTTGGGGGTGGGGAGCAAAAATCTCCCCTAATTGGGAACCACTAGTTTATTTTTATTTTTATTTTTATTTTGAGATGGAGTCTTGCTCTGTCGCCTAGGCTGGAGTGCAGTGGCGCGATCTCGGCTCACTGCAACCTCCGCCTC,e5bad9673eaad8615cd306d7c787760539ff9ca8bb6bbd41cc8306b352ab749f,0.0308684841797619,-0.0254037967994547,0.104574251102315,-143.68054330162704,-149.60893821483478,-141.23013986088336,-147.1667738207616,-0.008239046670496464,-1.0,0.0254037967994547,0.0,3,0.18145640076005787,0.18106719778262317,0.1474303780702046,0.038949928020907354,1.0
chr10:99482986:T:C;chr10:99483037:G:C;var1;middle;OL41|K562|e29487d94edeadc6,chr10:99482986:T:C;chr10:99483037:G:C;var1;middle;OL41,K562,K562_region_00251,100,151,51,GAGGCTGACCCTCCAGGCTTCATACTTGCCTGTCCCTCCAGCTAGAGGCAAGTTATCCTTGCTGCCATCTCCAGGATGCCTGAAGGCAGTGCTCTGACATGCAGTTGTGAAGCACTTCTGAGTCAAGGCTGGGAAGAGGGAGAAAGGGAAGTAGCTTTAGGAAGGACCTACCATGAGCCAAGAACATAATGGGTGCCTTA,44c915ad86b02b6c5b875ffd272535d5aba1b3fffa0f2f66dc776c16584ecf39,0.0,GAGGCTGACCCTCCAGGCTTCATACTTGCCTGTCCCTCCAGCTAGAGGCAAGTTATCCTTGCTGCCATCTCCAGGATGCCTGAAGGCAGTGCTCTGACACGCAGTTGTGAAGCACTTCTGAGTCAAGGCTGGGAAGAGGGAGAAAGGGAAGTAGCTTTAGGAAGGACCTACCATGAGCCAAGAACATAATGGGTGCCTTA,71a46675367b888ee5deb5e29f9b8f581a8fb0a836e6972c65f3e51692f58ac5,0.506854273049243,GAGGCTGACCCTCCAGGCTTCATACTTGCCTGTCCCTCCAGCTAGAGGCAAGTTATCCTTGCTGCCATCTCCAGGATGCCTGAAGGCAGTGCTCTGACATGCAGTTGTGAAGCACTTCTGAGTCAAGGCTGGGAAGAGGGAGAAAGGGAACTAGCTTTAGGAAGGACCTACCATGAGCCAAGAACATAATGGGTGCCTTA,b45a72d3f720946448ec5e66f9a39b24f3db3784c38acb46e9dbdd18cf40fb34,0.0467495316047982,GAGGCTGACCCTCCAGGCTTCATACTTGCCTGTCCCTCCAGCTAGAGGCAAGTTATCCTTGCTGCCATCTCCAGGATGCCTGAAGGCAGTGCTCTGACACGCAGTTGTGAAGCACTTCTGAGTCAAGGCTGGGAAGAGGGAGAAAGGGAACTAGCTTTAGGAAGGACCTACCATGAGCCAAGAACATAATGGGTGCCTTA,e29487d94edeadc61326f014ce14ff24b70ceff5a787302083c4ce036fd94911,-0.0709100654853236,0.6245138701393649,0.269171953073975,-240.7580503001809,-240.26544366776943,-231.11322508007288,-232.5719942301512,1.951375782489805,1.0,0.6245138701393649,0.0,0,0.18828237850428117,0.18565657667894103,0.15145376406925343,0.05700778606695606,1.0
chr10:99772373:G:T;chr10:99772404:G:A;var1;middle;OL31|K562|b9e154adaf549fa5,chr10:99772373:G:T;chr10:99772404:G:A;var1;middle;OL31,K562,K562_region_00252,100,131,31,AACTTTTCCTGCTGGCTTGTCAGTGCATCTGGCAGCCAAGGCAAGGCTGACTGAGGCTGATGTCTTAATGAAGGGAAGAGCAAGGAAGATCTGAAGACTGTCTCCCCATATGGAGACAGATGCTCCTGCCGGCAAATGAGCTTGCTGTTCAAGGACCCAGAGACCAAAATGAAGGGGCTGGGCACTGCCTTCAGAGCCAG,9e55c35b6f9e32fb9876a2ba9c20b800d585f0edb82e1d90b028a06069695ec9,0.0,AACTTTTCCTGCTGGCTTGTCAGTGCATCTGGCAGCCAAGGCAAGGCTGACTGAGGCTGATGTCTTAATGAAGGGAAGAGCAAGGAAGATCTGAAGACTTTCTCCCCATATGGAGACAGATGCTCCTGCCGGCAAATGAGCTTGCTGTTCAAGGACCCAGAGACCAAAATGAAGGGGCTGGGCACTGCCTTCAGAGCCAG,680c6f149542997dc367c96db8917b69eb7054bfa0f3f2add919fd23d1a75b43,0.0645657730165591,AACTTTTCCTGCTGGCTTGTCAGTGCATCTGGCAGCCAAGGCAAGGCTGACTGAGGCTGATGTCTTAATGAAGGGAAGAGCAAGGAAGATCTGAAGACTGTCTCCCCATATGGAGACAGATGCTCCTGCCAGCAAATGAGCTTGCTGTTCAAGGACCCAGAGACCAAAATGAAGGGGCTGGGCACTGCCTTCAGAGCCAG,af4c8224fbc70aad3666678a09c2a6be0514e85c2fb913835fb4a0a83837e3c0,-0.0255567718189852,AACTTTTCCTGCTGGCTTGTCAGTGCATCTGGCAGCCAAGGCAAGGCTGACTGAGGCTGATGTCTTAATGAAGGGAAGAGCAAGGAAGATCTGAAGACTTTCTCCCCATATGGAGACAGATGCTCCTGCCAGCAAATGAGCTTGCTGTTCAAGGACCCAGAGACCAAAATGAAGGGGCTGGGCACTGCCTTCAGAGCCAG,b9e154adaf549fa5c8d105079d85af149dea42caa07af673ffd2cdffe20b9011,-0.0259996049196684,0.0650086061172423,0.282837918519236,-342.772505979985,-339.05628951545805,-332.25287332199514,-327.54576017241925,-0.9908966850489378,1.0,0.0650086061172423,0.0,0,0.18450335786763955,0.18565657667894103,0.15145376406925343,0.0183256201565056,1.0
chr11:102401633:G:A;chr11:102401661:T:C;var1;middle;OL41|K562|ce62fed4578ebb02,chr11:102401633:G:A;chr11:102401661:T:C;var1;middle;OL41,K562,K562_region_00387,100,128,28,ATAGGTGACTCATTTGAGTGTTTTCTTTCTTTTTAGAGTCTACAGAACTTTGAAAGTATGTGTTATTTTTCATTAACTAAAACGAGGAAGTATTACATCGTTATTGGCAGGAAGCACACAATGTATTTGTCTTTCAAAGGATTTTTTTTTCTGTCTGCTGCATAAATTGACTCCATGAGAAACCTCATTTTTTTGCCAAA,cc4bd96e1ebcb7e418b3f7c8acb51e89cb2212cf28c0a62170c2ac2b8f72ed7e,0.0,ATAGGTGACTCATTTGAGTGTTTTCTTTCTTTTTAGAGTCTACAGAACTTTGAAAGTATGTGTTATTTTTCATTAACTAAAACGAGGAAGTATTACATCATTATTGGCAGGAAGCACACAATGTATTTGTCTTTCAAAGGATTTTTTTTTCTGTCTGCTGCATAAATTGACTCCATGAGAAACCTCATTTTTTTGCCAAA,baa3b8e05ee4fb72f463115a5640ec89ff576194a4ffff46c79bc6aaf7a44623,-0.140070028430937,ATAGGTGACTCATTTGAGTGTTTTCTTTCTTTTTAGAGTCTACAGAACTTTGAAAGTATGTGTTATTTTTCATTAACTAAAACGAGGAAGTATTACATCGTTATTGGCAGGAAGCACACAATGTATTCGTCTTTCAAAGGATTTTTTTTTCTGTCTGCTGCATAAATTGACTCCATGAGAAACCTCATTTTTTTGCCAAA,be8227a36c7ef149cebfcd57293d88e8e99f8f140fdd659cd11c861cf642bece,0.202262531051436,ATAGGTGACTCATTTGAGTGTTTTCTTTCTTTTTAGAGTCTACAGAACTTTGAAAGTATGTGTTATTTTTCATTAACTAAAACGAGGAAGTATTACATCATTATTGGCAGGAAGCACACAATGTATTCGTCTTTCAAAGGATTTTTTTTTCTGTCTGCTGCATAAATTGACTCCATGAGAAACCTCATTTTTTTGCCAAA,ce62fed4578ebb020c00f08174b87be229c72db8e7f69350427a8545dc86163e,0.0591520456196095,-0.0030404570008894,0.226086770500224,-336.63377001928166,-321.0219305474311,-348.40628214762546,-333.1322242852766,-0.3377816095016897,-1.0,0.0030404570008894,0.0,3,0.1807926409374575,0.18106719778262317,0.1474303780702046,0.15681872805978742,1.0
chr11:103673277:A:C;chr11:103673294:T:A;var1;middle;OL33|K562|f9879ae9685a5ee4,chr11:103673277:A:C;chr11:103673294:T:A;var1;middle;OL33,K562,K562_region_00388,100,117,17,TATACTCTTGTCACTTTGCCAGGGAGAGCCTTTGTCTACATTGATTACCCATCATCTGGAAAATGACAATAATGACCACCACCACTCCCCTCAGAAATCACAACTAACCATCTAGGTCCTCCGTTGGTGGACCTGTAAGCTAGAACAGCACTTTAAGTGATGGAGTTAGGACCACTTCAGAAAAGTCTTCATGTGAAAGG,534af5d7def852ee9db344ba09fb70d078717276af566688285b7e319607a0a2,0.0,TATACTCTTGTCACTTTGCCAGGGAGAGCCTTTGTCTACATTGATTACCCATCATCTGGAAAATGACAATAATGACCACCACCACTCCCCTCAGAAATCCCAACTAACCATCTAGGTCCTCCGTTGGTGGACCTGTAAGCTAGAACAGCACTTTAAGTGATGGAGTTAGGACCACTTCAGAAAAGTCTTCATGTGAAAGG,a3f07d690189d8d53fddc8948eea2f6c4ffdf66986ba28b7797d6349e4c5c212,0.149957166711308,TATACTCTTGTCACTTTGCCAGGGAGAGCCTTTGTCTACATTGATTACCCATCATCTGGAAAATGACAATAATGACCACCACCACTCCCCTCAGAAATCACAACTAACCATCTAGGACCTCCGTTGGTGGACCTGTAAGCTAGAACAGCACTTTAAGTGATGGAGTTAGGACCACTTCAGAAAAGTCTTCATGTGAAAGG,505903da9d267d7d4cf4ede659e18e564560b34ebfc6e7550c372a230511d04b,0.149242482876295,TATACTCTTGTCACTTTGCCAGGGAGAGCCTTTGTCTACATTGATTACCCATCATCTGGAAAATGACAATAATGACCACCACCACTCCCCTCAGAAATCCCAACTAACCATCTAGGACCTCCGTTGGTGGACCTGTAAGCTAGAACAGCACTTTAAGTGATGGAGTTAGGACCACTTCAGAAAAGTCTTCATGTGAAAGG,f9879ae9685a5ee4cba6a47daed172356e6d6c7bbb864b048318d1926db3a731,0.240967495824463,0.0582321537631399,0.219567817298792,-390.5269046421163,-381.1095339134336,-394.5424555051141,-387.5087154712528,2.3836306948213632,1.0,0.0582321537631399,0.0,4,0.1791536251391776,0.17620727786206916,0.145609630836647,0.1482945132673717,1.0
chr11:10471680:G:A;chr11:10471738:A:G;var1;middle;OL41|K562|e13f3da9adc040e8,chr11:10471680:G:A;chr11:10471738:A:G;var1;middle;OL41,K562,K562_region_00328,100,158,58,GGGGGCCGCGGGTGCCAACTCTGGAAACTGCACTCCAAGCGTTTCAGGAAGGAAGACGTGGTCAGCAGGCTCAGATGCCAGGAAGAGGTGAGCGAGGGAGGCTGCACGGCACCCAGTGGCTTTGGCAACTAGGAGGTCATTCAGGACTTTGAGGGGCAGGTGAAGGCAGAGCGAGGAGGGTTGGAGAGGGAGCGTGTGCA,05b1c862fde2e5e5d2e26b6ce1cdfb0f83fb902b829d82522939be1d2635fa09,0.0,GGGGGCCGCGGGTGCCAACTCTGGAAACTGCACTCCAAGCGTTTCAGGAAGGAAGACGTGGTCAGCAGGCTCAGATGCCAGGAAGAGGTGAGCGAGGGAAGCTGCACGGCACCCAGTGGCTTTGGCAACTAGGAGGTCATTCAGGACTTTGAGGGGCAGGTGAAGGCAGAGCGAGGAGGGTTGGAGAGGGAGCGTGTGCA,d4e362fc0755bb0f16c146756e0bea0ca7b0500c5a99eaade86b5e7a48d7d859,0.288610344086462,GGGGGCCGCGGGTGCCAACTCTGGAAACTGCACTCCAAGCGTTTCAGGAAGGAAGACGTGGTCAGCAGGCTCAGATGCCAGGAAGAGGTGAGCGAGGGAGGCTGCACGGCACCCAGTGGCTTTGGCAACTAGGAGGTCATTCAGGACTTTGAGGGGCGGGTGAAGGCAGAGCGAGGAGGGTTGGAGAGGGAGCGTGTGCA,997fd5ba6d6fd36adc72aee1640886c26c9dae293724e7c40927e2327b0071c5,1.34937543440052,GGGGGCCGCGGGTGCCAACTCTGGAAACTGCACTCCAAGCGTTTCAGGAAGGAAGACGTGGTCAGCAGGCTCAGATGCCAGGAAGAGGTGAGCGAGGGAAGCTGCACGGCACCCAGTGGCTTTGGCAACTAGGAGGTCATTCAGGACTTTGAGGGGCGGGTGAAGGCAGAGCGAGGAGGGTTGGAGAGGGAGCGTGTGCA,e13f3da9adc040e8a620d09cdc18ae01732979047df39e037017978bba94178e,1.3252155885049,0.312770189982082,0.270141445475292,-221.5282128974796,-223.3112305738032,-226.26836391538384,-227.51293458417052,-0.5384470075368881,1.0,0.312770189982082,0.0,2,0.17441044599267028,0.17490732828716207,0.146091925319964,-0.01398680182648579,1.0
chr11:10478228:C:T;chr11:10478269:G:C;var1;middle;OL31|K562|e5b37c4c9bf2b060,chr11:10478228:C:T;chr11:10478269:G:C;var1;middle;OL31,K562,K562_region_00329,100,141,41,CAAGTTCATCAGAGCGTGTTGCATGTAACAGTGAGATAAGCTGTATCATTGGCTGACTGATGCTGGTGAATTCACAGCTAAGCCTCCCAAGCCTGCTGGCTTCAGCTGACAAAGGGTTGGAAGCCAGGCGTGAACATGCAGCTGGAGCTGAAGCTCTGCTTGGCATCTGCAGAGTGAGCTTTCCTTGTCAGGCCTGGCCT,dc40f215caf6250102011c3ca022bb26caeda2f8bc2b2d74839ffc9020cad243,0.0,CAAGTTCATCAGAGCGTGTTGCATGTAACAGTGAGATAAGCTGTATCATTGGCTGACTGATGCTGGTGAATTCACAGCTAAGCCTCCCAAGCCTGCTGGTTTCAGCTGACAAAGGGTTGGAAGCCAGGCGTGAACATGCAGCTGGAGCTGAAGCTCTGCTTGGCATCTGCAGAGTGAGCTTTCCTTGTCAGGCCTGGCCT,37d261c4c6a47424d975e190381a69024476e3879edc2324fe38ae84994dd16b,0.116407065663806,CAAGTTCATCAGAGCGTGTTGCATGTAACAGTGAGATAAGCTGTATCATTGGCTGACTGATGCTGGTGAATTCACAGCTAAGCCTCCCAAGCCTGCTGGCTTCAGCTGACAAAGGGTTGGAAGCCAGGCGTGAACATGCACCTGGAGCTGAAGCTCTGCTTGGCATCTGCAGAGTGAGCTTTCCTTGTCAGGCCTGGCCT,e4e24f202752012bfd5fc3c88798eef05e72826d5a1c40a2fa58eb85fadef357,-0.0645061280711805,CAAGTTCATCAGAGCGTGTTGCATGTAACAGTGAGATAAGCTGTATCATTGGCTGACTGATGCTGGTGAATTCACAGCTAAGCCTCCCAAGCCTGCTGGTTTCAGCTGACAAAGGGTTGGAAGCCAGGCGTGAACATGCACCTGGAGCTGAAGCTCTGCTTGGCATCTGCAGAGTGAGCTTTCCTTGTCAGGCCTGGCCT,e5b37c4c9bf2b0605313c4dd99f36d6a01a7cabf2bd54ffde328a5c77cdf0a91,-0.022720719810227,-0.0746216574028525,0.149770478723238,-267.7210955917835,-282.0995268635452,-276.7401790190488,-299.29394781403244,-8.17533752322197,-1.0,0.0746216574028525,0.0,4,0.1660667204212931,0.17620727786206916,0.145609630836647,0.25626309663511815,1.0
chr11:10519816:G:T;chr11:10519896:A:G;var1;middle;OL31|K562|9d23803d609ea542,chr11:10519816:G:T;chr11:10519896:A:G;var1;middle;OL31,K562,K562_region_00330,100,180,80,AGGTGTGGCAGCGCAGGGACTCTGCACAAAGTGTGGGGCTTGGTGAGAAGCGGTGGGCGTACACCTGGCAGGACCTGGACAGAGACTGAAGGAGGCACTGGGGGGAGTCTAGGATGCCTCCCAGGTGCCTGGCTTTGCAGGAGCATGGATGATGTGCTGTCCGAAGGTTGCTGCCAGCAATGGAGGAAGAGCAGGTATGG,183e3d1c1ffc29898b1ec3112d593a66c0fe88279fdfc97da7f723fa4b2efe49,0.0,AGGTGTGGCAGCGCAGGGACTCTGCACAAAGTGTGGGGCTTGGTGAGAAGCGGTGGGCGTACACCTGGCAGGACCTGGACAGAGACTGAAGGAGGCACTTGGGGGAGTCTAGGATGCCTCCCAGGTGCCTGGCTTTGCAGGAGCATGGATGATGTGCTGTCCGAAGGTTGCTGCCAGCAATGGAGGAAGAGCAGGTATGG,02dd19ab82cbd1a464c8dcde6087e4d0b06ff922240f6157aace521769c2900a,0.196115295282534,AGGTGTGGCAGCGCAGGGACTCTGCACAAAGTGTGGGGCTTGGTGAGAAGCGGTGGGCGTACACCTGGCAGGACCTGGACAGAGACTGAAGGAGGCACTGGGGGGAGTCTAGGATGCCTCCCAGGTGCCTGGCTTTGCAGGAGCATGGATGATGTGCTGTCCGAAGGTTGCTGCCAGCAGTGGAGGAAGAGCAGGTATGG,d9c65db13826cd110c83ce29dcc0adc4d1e861d81e38a3c4db01390975de8579,0.127200132048835,AGGTGTGGCAGCGCAGGGACTCTGCACAAAGTGTGGGGCTTGGTGAGAAGCGGTGGGCGTACACCTGGCAGGACCTGGACAGAGACTGAAGGAGGCACTTGGGGGAGTCTAGGATGCCTCCCAGGTGCCTGGCTTTGCAGGAGCATGGATGATGTGCTGTCCGAAGGTTGCTGCCAGCAGTGGAGGAAGAGCAGGTATGG,9d23803d609ea542aa77ad96968b1bb6fcd9e30db94c43f44a854238a29027e0,-0.138526565527306,0.461841992858675,0.253071796934896,-353.5685187933268,-356.5951839730842,-352.6784105276456,-355.4094369006343,-0.29563880676869303,1.0,0.461841992858675,0.0,0,0.18539633902380234,0.18565657667894103,0.15145376406925343,0.16035817209832068,1.0
chr11:10638972:G:A;chr11:10639018:A:G;var1;middle;OL27|K562|032bb722f9ca1d72,chr11:10638972:G:A;chr11:10639018:A:G;var1;middle;OL27,K562,K562_region_00331,100,146,46,TTCCCCACAAATACAGAAGGAGCAAGGGAAAAAGAGGGAGATTATACTAGATATACTTTTTTGAAATTAAAAGTATTAGAGTTTAATTGAACTTGAAGTGAAGTGAAACTGTAGGACCTGCTGAATTTTGGTAATTGCTTCCTCCAAAGAAGAGAAATTGGTTTCTGAAAGTACAAAGAATGTATTATGAAATGCATTTT,4d7e4b3f562609f4ada1f742e37be4d3f67eaf71297e7f8408e7f9ce3fa4c1d9,0.0,TTCCCCACAAATACAGAAGGAGCAAGGGAAAAAGAGGGAGATTATACTAGATATACTTTTTTGAAATTAAAAGTATTAGAGTTTAATTGAACTTGAAGTAAAGTGAAACTGTAGGACCTGCTGAATTTTGGTAATTGCTTCCTCCAAAGAAGAGAAATTGGTTTCTGAAAGTACAAAGAATGTATTATGAAATGCATTTT,712353075176587530a0e41852c015552df1cb68a1ff82c82034b981a9326e82,0.065317297934343,TTCCCCACAAATACAGAAGGAGCAAGGGAAAAAGAGGGAGATTATACTAGATATACTTTTTTGAAATTAAAAGTATTAGAGTTTAATTGAACTTGAAGTGAAGTGAAACTGTAGGACCTGCTGAATTTTGGTAATTGCTTCCTCCGAAGAAGAGAAATTGGTTTCTGAAAGTACAAAGAATGTATTATGAAATGCATTTT,878b0ab23757930f2a05dae58f4f152b0875d9b269a4b634f67b3c0e435bd6b7,0.0894089428905691,TTCCCCACAAATACAGAAGGAGCAAGGGAAAAAGAGGGAGATTATACTAGATATACTTTTTTGAAATTAAAAGTATTAGAGTTTAATTGAACTTGAAGTAAAGTGAAACTGTAGGACCTGCTGAATTTTGGTAATTGCTTCCTCCGAAGAAGAGAAATTGGTTTCTGAAAGTACAAAGAATGTATTATGAAATGCATTTT,032bb722f9ca1d7266de78e433437f03742b79ba0298c42d593d8153b4a00ddb,0.205407199855921,-0.0506809590310089,0.13234834385563,-244.04448440670967,-245.0066210031509,-280.21041993494146,-276.6302400366403,-4.542316494742408,1.0,-0.0506809590310089,0.0,3,0.17232392810847488,0.18106719778262317,0.1474303780702046,0.2053818666003518,1.0
chr11:10669172:A:G;chr11:10669228:T:C;var1;middle;OL27|K562|0c9871a59cd10552,chr11:10669172:A:G;chr11:10669228:T:C;var1;middle;OL27,K562,K562_region_00332,100,156,56,ACTGACCTGCCCCTGGGGGCTTCTAAAACCCTTTGGAGGAGGATGGGAGTTGTTCAGGTGGAAGCTAGAGCCGGTGAAAATTGGGCTCTTACAGCTAACATGAGCCTCTTTGTACCCTCAGGTTTACAAGGCACTTCAGAGGATGCTGCACTGTCTGGGTGAGTCAGCTTCCTACTGTGGCTGCTGGTCACAGTCCAGGA,1b156c1ce04e53c15655bde3ff90f2d19a504b5f023debad5ec1636618d5471a,0.0,ACTGACCTGCCCCTGGGGGCTTCTAAAACCCTTTGGAGGAGGATGGGAGTTGTTCAGGTGGAAGCTAGAGCCGGTGAAAATTGGGCTCTTACAGCTAACGTGAGCCTCTTTGTACCCTCAGGTTTACAAGGCACTTCAGAGGATGCTGCACTGTCTGGGTGAGTCAGCTTCCTACTGTGGCTGCTGGTCACAGTCCAGGA,ba74b54559f0ef1d2b753fef2476f493727f07c7b6bc1491de50e996e1f7b34a,-0.0066378668089444,ACTGACCTGCCCCTGGGGGCTTCTAAAACCCTTTGGAGGAGGATGGGAGTTGTTCAGGTGGAAGCTAGAGCCGGTGAAAATTGGGCTCTTACAGCTAACATGAGCCTCTTTGTACCCTCAGGTTTACAAGGCACTTCAGAGGATGCTGCACTGTCCGGGTGAGTCAGCTTCCTACTGTGGCTGCTGGTCACAGTCCAGGA,419daecbaeeb3addceae728ad360d5d9435f54e5c5bda0c1f1da2a08a7724afa,-0.0539432095665903,ACTGACCTGCCCCTGGGGGCTTCTAAAACCCTTTGGAGGAGGATGGGAGTTGTTCAGGTGGAAGCTAGAGCCGGTGAAAATTGGGCTCTTACAGCTAACGTGAGCCTCTTTGTACCCTCAGGTTTACAAGGCACTTCAGAGGATGCTGCACTGTCCGGGTGAGTCAGCTTCCTACTGTGGCTGCTGGTCACAGTCCAGGA,0c9871a59cd10552354b55e74128f9f518b651c18ced350129d5cc61d9eed854,0.0244879599532075,0.0850690363287422,0.106874928499507,-359.2908833078109,-359.1798275108449,-360.5780395460315,-368.0553589072079,-7.588375158142355,-1.0,-0.0850690363287422,0.0,3,0.16618860118536577,0.18106719778262317,0.1474303780702046,0.10957512851355773,1.0
chr11:10670073:A:G;chr11:10670109:C:G;var1;middle;OL28|K562|d19993864bf4a8c1,chr11:10670073:A:G;chr11:10670109:C:G;var1;middle;OL28,K562,K562_region_00333,100,136,36,GGTCTTGGATGGCTGAGGAATCTGGTGTTCAAAAAATTCCCAGGGTGACTGAGTGGGGCTCACGTTATAGAGAGCTTTGCCTGCCTGGGCGGAGCTTAGATGTGACCTGGGATTCTTCTAGCACTGGCAGTCTGTCATTCTGTGGTCCCCTCAGGTCCCAGGCTTGTGTTCTGACAGCTTCTATTCCTGCTAGAACCCCT,66c1f10a3611921ce3967b0e17632323a94784532094abb179f644fbf0ba27b7,0.0,GGTCTTGGATGGCTGAGGAATCTGGTGTTCAAAAAATTCCCAGGGTGACTGAGTGGGGCTCACGTTATAGAGAGCTTTGCCTGCCTGGGCGGAGCTTAGGTGTGACCTGGGATTCTTCTAGCACTGGCAGTCTGTCATTCTGTGGTCCCCTCAGGTCCCAGGCTTGTGTTCTGACAGCTTCTATTCCTGCTAGAACCCCT,dadd0f9f09d35bdfb01b137009586ec4028e60d3d3cafb3eef6a53dafd64101e,-0.282384771379072,GGTCTTGGATGGCTGAGGAATCTGGTGTTCAAAAAATTCCCAGGGTGACTGAGTGGGGCTCACGTTATAGAGAGCTTTGCCTGCCTGGGCGGAGCTTAGATGTGACCTGGGATTCTTCTAGCACTGGCAGTCTGTGATTCTGTGGTCCCCTCAGGTCCCAGGCTTGTGTTCTGACAGCTTCTATTCCTGCTAGAACCCCT,8582cd606ada3db41e2581b3daca27825ae1eb8daeb4d95c700cfaa2a0af93c1,-1.42613148281595,GGTCTTGGATGGCTGAGGAATCTGGTGTTCAAAAAATTCCCAGGGTGACTGAGTGGGGCTCACGTTATAGAGAGCTTTGCCTGCCTGGGCGGAGCTTAGGTGTGACCTGGGATTCTTCTAGCACTGGCAGTCTGTGATTCTGTGGTCCCCTCAGGTCCCAGGCTTGTGTTCTGACAGCTTCTATTCCTGCTAGAACCCCT,d19993864bf4a8c1cb0f386eb8ad857a98de7a21333c8ac67142a10b5750ff22,-1.59955661809017,-0.1089596361048519,0.106444686119649,-370.79033269546926,-381.46292809583247,-328.89418150670826,-327.7425255160779,-11.824251390993595,1.0,-0.1089596361048519,0.0,0,0.17058912271454035,0.18565657667894103,0.15145376406925343,0.10385301000167259,1.0
chr11:107729126:G:A;chr11:107729205:C:G;var1;middle;OL41|K562|3299a0af93c0b1e6,chr11:107729126:G:A;chr11:107729205:C:G;var1;middle;OL41,K562,K562_region_00389,100,179,79,AGCCCGAGGTGGGCACTCCTCCTTCACAGCATCCCCGGGGACCTCGTCCCTCCACCGCGGAACGCCCCAGAGGACCGACCTAATAGTGCCACAGGGTGGGTTTCCCCCCAAATCCTCCAAAATACATCGCCACGATTTCGAAACGGGAGCCGAGGGAGACGCACCAAGTGCTTCCCGACGCCAGGTGAAGCGCACCATAC,cb6ad9326ea41577447cf30f407849d7276a177dc6f5ab7d052d32207d0e43e7,0.0,AGCCCGAGGTGGGCACTCCTCCTTCACAGCATCCCCGGGGACCTCGTCCCTCCACCGCGGAACGCCCCAGAGGACCGACCTAATAGTGCCACAGGGTGGATTTCCCCCCAAATCCTCCAAAATACATCGCCACGATTTCGAAACGGGAGCCGAGGGAGACGCACCAAGTGCTTCCCGACGCCAGGTGAAGCGCACCATAC,0ec989446e0a74e95180cfcb8326eb5a33adde406302841afcc94d0e4b2c92ca,0.125155132864886,AGCCCGAGGTGGGCACTCCTCCTTCACAGCATCCCCGGGGACCTCGTCCCTCCACCGCGGAACGCCCCAGAGGACCGACCTAATAGTGCCACAGGGTGGGTTTCCCCCCAAATCCTCCAAAATACATCGCCACGATTTCGAAACGGGAGCCGAGGGAGACGCACCAAGTGCTTCCCGAGGCCAGGTGAAGCGCACCATAC,fb39df1503c6056c09054cd919a1d58a4dcddbe32ed063bbf9566b49a5fc331e,0.0301620026577739,AGCCCGAGGTGGGCACTCCTCCTTCACAGCATCCCCGGGGACCTCGTCCCTCCACCGCGGAACGCCCCAGAGGACCGACCTAATAGTGCCACAGGGTGGATTTCCCCCCAAATCCTCCAAAATACATCGCCACGATTTCGAAACGGGAGCCGAGGGAGACGCACCAAGTGCTTCCCGAGGCCAGGTGAAGCGCACCATAC,3299a0af93c0b1e6610fa65570a9c207f06b32928fd5b79f215c479c6ae5878e,0.059030368754464,0.0962867667681959,0.613114493027036,-388.00160519964993,-382.8250210713595,-308.98315013200045,-308.9890995658934,5.18253356218338,1.0,0.0962867667681959,0.0,3,0.19191157922444482,0.18106719778262317,0.1474303780702046,0.25630919513790346,1.0
chr11:107992325:T:A;chr11:107992346:G:C;var1;middle;OL41|K562|360b46ee35c1e0a9,chr11:107992325:T:A;chr11:107992346:G:C;var1;middle;OL41,K562,K562_region_00390,100,121,21,TGGAGGAAGCGGGATGGGCGGTGCCCGCGCCGGGCCGCTAGGGGTGCGGGGTTGGGGAGGAGGCCGCTAGTCTACGCCTGTGGAGCCGATACTCAGCCCTCTGCGACCATGGCTGTGCTGGCGGCACTTCTGCGCAGCGGCGCCCGCAGCCGCAGCCCCCTGCTCCGGAGGCTGGTGCAGGTGAGCGGGGTTCGTCCCCA,64c7e01ed2ad1265603f06b042d7b6a27ba9badbb7b018fe07ae0d831d11bf59,0.0,TGGAGGAAGCGGGATGGGCGGTGCCCGCGCCGGGCCGCTAGGGGTGCGGGGTTGGGGAGGAGGCCGCTAGTCTACGCCTGTGGAGCCGATACTCAGCCCACTGCGACCATGGCTGTGCTGGCGGCACTTCTGCGCAGCGGCGCCCGCAGCCGCAGCCCCCTGCTCCGGAGGCTGGTGCAGGTGAGCGGGGTTCGTCCCCA,769eea0ba2e63201729b807d4520583c9fa9f79cbb727181b9598ff3ca09f590,-0.08749767117338,TGGAGGAAGCGGGATGGGCGGTGCCCGCGCCGGGCCGCTAGGGGTGCGGGGTTGGGGAGGAGGCCGCTAGTCTACGCCTGTGGAGCCGATACTCAGCCCTCTGCGACCATGGCTGTGCTGCCGGCACTTCTGCGCAGCGGCGCCCGCAGCCGCAGCCCCCTGCTCCGGAGGCTGGTGCAGGTGAGCGGGGTTCGTCCCCA,e975ec5672663e1ce8136d30f3e890527d2bbf507f51253115f382d4ec3e6836,-0.220476263392954,TGGAGGAAGCGGGATGGGCGGTGCCCGCGCCGGGCCGCTAGGGGTGCGGGGTTGGGGAGGAGGCCGCTAGTCTACGCCTGTGGAGCCGATACTCAGCCCACTGCGACCATGGCTGTGCTGCCGGCACTTCTGCGCAGCGGCGCCCGCAGCCGCAGCCCCCTGCTCCGGAGGCTGGTGCAGGTGAGCGGGGTTCGTCCCCA,360b46ee35c1e0a94b2eb33b151343b012ccbc39eb64685a163fb0efa071e977,-0.071891705814235,0.236082228752099,0.204912101184583,-292.64504077099264,-301.3361355923116,-287.3771354164928,-307.1481900168583,-11.079959779046476,-1.0,-0.236082228752099,0.0,0,0.17154508222959514,0.18565657667894103,0.15145376406925343,0.1099832799661841,1.0
chr11:11144344:G:C;chr11:11144363:A:G;var1;middle;OL29|K562|c321ababb471f14f,chr11:11144344:G:C;chr11:11144363:A:G;var1;middle;OL29,K562,K562_region_00334,100,119,19,AGGACCTGAAACGTCTGTTCCCATCCACAGTCCTGGCACAGAGGATGAAAGAGATTTGCAAGGTGTGAGCTTTCAACCATCTCCCACCCACAGATCCCTGTACTCCTCCCTACATGGTAAAATAATTACTTCTCTCTCAGAGCTCCAGCATGACCTCAGGGAGGCCCAGACTCTCAGACTGCCTCATCTCATTACCAGCA,1c28189592bc19b9d89bcb44de8cb739c2d71d2550dd45cd3968cbbf69364211,0.0,AGGACCTGAAACGTCTGTTCCCATCCACAGTCCTGGCACAGAGGATGAAAGAGATTTGCAAGGTGTGAGCTTTCAACCATCTCCCACCCACAGATCCCTCTACTCCTCCCTACATGGTAAAATAATTACTTCTCTCTCAGAGCTCCAGCATGACCTCAGGGAGGCCCAGACTCTCAGACTGCCTCATCTCATTACCAGCA,9b84d623ce76b180bb1df96d28e1fd315684835429fb1d9acf8fa3a54a74039a,-0.0967046323597367,AGGACCTGAAACGTCTGTTCCCATCCACAGTCCTGGCACAGAGGATGAAAGAGATTTGCAAGGTGTGAGCTTTCAACCATCTCCCACCCACAGATCCCTGTACTCCTCCCTACATGGTGAAATAATTACTTCTCTCTCAGAGCTCCAGCATGACCTCAGGGAGGCCCAGACTCTCAGACTGCCTCATCTCATTACCAGCA,e0e88aa20324443252bcef531cefc6b47e2be20b769b0d0f90c5e05ad7d12f6c,0.0318889337027899,AGGACCTGAAACGTCTGTTCCCATCCACAGTCCTGGCACAGAGGATGAAAGAGATTTGCAAGGTGTGAGCTTTCAACCATCTCCCACCCACAGATCCCTCTACTCCTCCCTACATGGTGAAATAATTACTTCTCTCTCAGAGCTCCAGCATGACCTCAGGGAGGCCCAGACTCTCAGACTGCCTCATCTCATTACCAGCA,c321ababb471f14f90eaa602feaf0df063d18255111a30c732185241035a4c0f,0.0170156847373218,0.0818313833942686,0.273470801336123,-321.75797531194985,-313.8942585643381,-329.348394555971,-322.39776425622404,-0.9130864478647709,-1.0,-0.0818313833942686,0.0,3,0.17963387032472605,0.18106719778262317,0.1474303780702046,0.34794754589888754,1.0
chr11:11144344:G:C;chr11:11144400:T:A;var1;middle;OL29|K562|1fae3aea15b102d7,chr11:11144344:G:C;chr11:11144400:T:A;var1;middle;OL29,K562,K562_region_00334,100,156,56,AGGACCTGAAACGTCTGTTCCCATCCACAGTCCTGGCACAGAGGATGAAAGAGATTTGCAAGGTGTGAGCTTTCAACCATCTCCCACCCACAGATCCCTGTACTCCTCCCTACATGGTAAAATAATTACTTCTCTCTCAGAGCTCCAGCATGACCTCAGGGAGGCCCAGACTCTCAGACTGCCTCATCTCATTACCAGCA,1c28189592bc19b9d89bcb44de8cb739c2d71d2550dd45cd3968cbbf69364211,0.0,AGGACCTGAAACGTCTGTTCCCATCCACAGTCCTGGCACAGAGGATGAAAGAGATTTGCAAGGTGTGAGCTTTCAACCATCTCCCACCCACAGATCCCTCTACTCCTCCCTACATGGTAAAATAATTACTTCTCTCTCAGAGCTCCAGCATGACCTCAGGGAGGCCCAGACTCTCAGACTGCCTCATCTCATTACCAGCA,9b84d623ce76b180bb1df96d28e1fd315684835429fb1d9acf8fa3a54a74039a,-0.0961434137546118,AGGACCTGAAACGTCTGTTCCCATCCACAGTCCTGGCACAGAGGATGAAAGAGATTTGCAAGGTGTGAGCTTTCAACCATCTCCCACCCACAGATCCCTGTACTCCTCCCTACATGGTAAAATAATTACTTCTCTCTCAGAGCTCCAGCATGACCACAGGGAGGCCCAGACTCTCAGACTGCCTCATCTCATTACCAGCA,c0cc006dad5d11f6bf81cbaa11d4359ba8d5f821890a2aa7de731338cf0ed4a3,0.305426572169636,AGGACCTGAAACGTCTGTTCCCATCCACAGTCCTGGCACAGAGGATGAAAGAGATTTGCAAGGTGTGAGCTTTCAACCATCTCCCACCCACAGATCCCTCTACTCCTCCCTACATGGTAAAATAATTACTTCTCTCTCAGAGCTCCAGCATGACCACAGGGAGGCCCAGACTCTCAGACTGCCTCATCTCATTACCAGCA,1fae3aea15b102d74345d694f15cb5b2b01b697341055b87a479699351567f85,0.414121244411789,0.2048380859967648,0.258941875961594,-321.75797531194985,-313.8942585643381,-320.1413277797401,-312.8219764083624,-0.5443653762340546,-1.0,-0.2048380859967648,0.0,3,0.18037654292820393,0.18106719778262317,0.1474303780702046,0.3676956182346761,1.0
chr11:11144363:A:G;chr11:11144400:T:A;var1;middle;OL29|K562|c3d5233531419913,chr11:11144363:A:G;chr11:11144400:T:A;var1;middle;OL29,K562,K562_region_00334,100,137,37,CCCATCCACAGTCCTGGCACAGAGGATGAAAGAGATTTGCAAGGTGTGAGCTTTCAACCATCTCCCACCCACAGATCCCTGTACTCCTCCCTACATGGTAAAATAATTACTTCTCTCTCAGAGCTCCAGCATGACCTCAGGGAGGCCCAGACTCTCAGACTGCCTCATCTCATTACCAGCAAGGTCTTGTCTAAGAACTG,b737f5b9b05a5e6a40cf6723c595dc2b91ca99062352eb7d38079788187514b2,0.0,CCCATCCACAGTCCTGGCACAGAGGATGAAAGAGATTTGCAAGGTGTGAGCTTTCAACCATCTCCCACCCACAGATCCCTGTACTCCTCCCTACATGGTGAAATAATTACTTCTCTCTCAGAGCTCCAGCATGACCTCAGGGAGGCCCAGACTCTCAGACTGCCTCATCTCATTACCAGCAAGGTCTTGTCTAAGAACTG,cbd6106580c03434d822779ac3c27139a3008b199302ebd1741a8c158b6a6b64,-0.0829213395830237,CCCATCCACAGTCCTGGCACAGAGGATGAAAGAGATTTGCAAGGTGTGAGCTTTCAACCATCTCCCACCCACAGATCCCTGTACTCCTCCCTACATGGTAAAATAATTACTTCTCTCTCAGAGCTCCAGCATGACCACAGGGAGGCCCAGACTCTCAGACTGCCTCATCTCATTACCAGCAAGGTCTTGTCTAAGAACTG,1a3449e1e9023e455156109484c27d8e40d0fab7b19c3a173b8c6530b06396bb,0.369285334050652,CCCATCCACAGTCCTGGCACAGAGGATGAAAGAGATTTGCAAGGTGTGAGCTTTCAACCATCTCCCACCCACAGATCCCTGTACTCCTCCCTACATGGTGAAATAATTACTTCTCTCTCAGAGCTCCAGCATGACCACAGGGAGGCCCAGACTCTCAGACTGCCTCATCTCATTACCAGCAAGGTCTTGTCTAAGAACTG,c3d5233531419913b66f03d25e95e2b2d4cbbd156589cf68cbde3637d4053df9,0.466418408233046,0.1800544137654177,0.184466033684788,-284.9872419498861,-283.9330665655434,-288.5775264278054,-286.1930975429714,1.3302535004913807,-1.0,-0.1800544137654177,0.0,3,0.1841523729222673,0.18106719778262317,0.1474303780702046,0.3551118254096085,1.0
chr11:116660686:G:A;chr11:116660768:G:A;var1;middle;OL31|K562|d25e9119c812f3b4,chr11:116660686:G:A;chr11:116660768:G:A;var1;middle;OL31,K562,K562_region_00391,100,182,82,AGTAACTCATGAGCATTCCCAAATGAGCACTGGGAGGCTGGGTTTGCAAAGCCTGGTGAATGTAATGCATCCAGATTGGGGAGTCGCAGGAGGCTGGATGTGCAGGAGACAGCAGCCCCTTTGGTGGCCTCCCTGTCCTGCACAGGACCTTCCACCCTCCACCCAACAGGCCACTTTCAAGGACTGAACCATGCTAGAGG,954089bdb6465cb9ee478a69ae7682ea39eeef3e2e7135d06d3c378f026dbfa0,0.0,AGTAACTCATGAGCATTCCCAAATGAGCACTGGGAGGCTGGGTTTGCAAAGCCTGGTGAATGTAATGCATCCAGATTGGGGAGTCGCAGGAGGCTGGATATGCAGGAGACAGCAGCCCCTTTGGTGGCCTCCCTGTCCTGCACAGGACCTTCCACCCTCCACCCAACAGGCCACTTTCAAGGACTGAACCATGCTAGAGG,940af856bdc49dc8596b8256b8e55d36d99ff4fa8497a837cf661a3846547bd6,-0.0650887354999202,AGTAACTCATGAGCATTCCCAAATGAGCACTGGGAGGCTGGGTTTGCAAAGCCTGGTGAATGTAATGCATCCAGATTGGGGAGTCGCAGGAGGCTGGATGTGCAGGAGACAGCAGCCCCTTTGGTGGCCTCCCTGTCCTGCACAGGACCTTCCACCCTCCACCCAACAGGCCACTTTCAAGAACTGAACCATGCTAGAGG,e9fe927c3d3e00dca0f6334da189822d1308b02e3ba88e76c5c1c61d387ab922,-0.36039721421324,AGTAACTCATGAGCATTCCCAAATGAGCACTGGGAGGCTGGGTTTGCAAAGCCTGGTGAATGTAATGCATCCAGATTGGGGAGTCGCAGGAGGCTGGATATGCAGGAGACAGCAGCCCCTTTGGTGGCCTCCCTGTCCTGCACAGGACCTTCCACCCTCCACCCAACAGGCCACTTTCAAGAACTGAACCATGCTAGAGG,d25e9119c812f3b4bea67e5140a8c6d702b000eadf202a95e1bcc26344ca034c,0.0218850667686748,0.447371016481835,0.233645245033039,-302.4848034734605,-318.3391292364104,-299.9558804254048,-314.7637292065192,1.0464769818354398,-1.0,-0.447371016481835,0.0,0,0.18712013697856492,0.18565657667894103,0.15145376406925343,0.31357152298011826,1.0
chr11:116680418:T:C;chr11:116680448:C:A;var1;middle;OL41|K562|c56cb121a4bb9958,chr11:116680418:T:C;chr11:116680448:C:A;var1;middle;OL41,K562,K562_region_00392,100,130,30,TGGGACTACAGGCATGAACCACCATGCCTGGCTAATTTTTGTATTTTTAGTAGAGACTGTCACACGCGAGACAGGGTTTCACCATGTTTGCCAGGCTCTTGAACTACTGACCTCAAGTGACCCGCCCACCGCAGCCTCCCAAAGTCCTGGAATTACAGGCATGAGCCACCGTGCCTGGCTTGTTTTAATTTTTTATTATA,f40468886299cbb609191235f2d1f2020ea0c63b27b4c342f27a60fdb04dc8c6,0.0,TGGGACTACAGGCATGAACCACCATGCCTGGCTAATTTTTGTATTTTTAGTAGAGACTGTCACACGCGAGACAGGGTTTCACCATGTTTGCCAGGCTCTCGAACTACTGACCTCAAGTGACCCGCCCACCGCAGCCTCCCAAAGTCCTGGAATTACAGGCATGAGCCACCGTGCCTGGCTTGTTTTAATTTTTTATTATA,9cf72f3e7ed3d4f51eae59b7b7b2d9fa40360d553bd56b3fe5db296c6455bcb8,-0.0078947140277338,TGGGACTACAGGCATGAACCACCATGCCTGGCTAATTTTTGTATTTTTAGTAGAGACTGTCACACGCGAGACAGGGTTTCACCATGTTTGCCAGGCTCTTGAACTACTGACCTCAAGTGACCCGCCCACAGCAGCCTCCCAAAGTCCTGGAATTACAGGCATGAGCCACCGTGCCTGGCTTGTTTTAATTTTTTATTATA,3ce6409d684c960141500a7b8ee332b7f74929fdcfead8d2b0361c78920d7a72,-0.0026921196847521,TGGGACTACAGGCATGAACCACCATGCCTGGCTAATTTTTGTATTTTTAGTAGAGACTGTCACACGCGAGACAGGGTTTCACCATGTTTGCCAGGCTCTCGAACTACTGACCTCAAGTGACCCGCCCACAGCAGCCTCCCAAAGTCCTGGAATTACAGGCATGAGCCACCGTGCCTGGCTTGTTTTAATTTTTTATTATA,c56cb121a4bb99585fc38749fc7081d2224d65b122e53c6c0c7272dc1e2f8960,-0.09663499981573,0.086048166103244,0.22304004727814,-106.88064089370891,-107.6127402773127,-109.97432819241658,-110.8482444100082,0.14181683398784628,1.0,0.086048166103244,0.0,3,0.18175864112582493,0.18106719778262317,0.1474303780702046,0.12550258618320245,1.0
chr11:116708663:T:G;chr11:116708702:C:A;var1;middle;OL41|K562|0ff1a9a614b75100,chr11:116708663:T:G;chr11:116708702:C:A;var1;middle;OL41,K562,K562_region_00393,100,139,39,AGTGTCTGCAGGCTTGCAGGTCTCCCGGGTGGGGTCGGGGTTCCCTGCACTCATCCCCTTCCCCTCCATGGGAGTGTGTGGGCAGTTGCCATTGTCCATTGTGTTGGCAGAGGAGGGGAGGGGAGGGACGCTGGGACTCCTCCACCAAGGAGACTGCCTCCCCCACCACCAGCATTCCAGGGAGACTACTTCACTCCCCT,281b31243f5d40462676611e6794f6b9ddfdf8d259374690956f62cfbe9346e1,0.0,AGTGTCTGCAGGCTTGCAGGTCTCCCGGGTGGGGTCGGGGTTCCCTGCACTCATCCCCTTCCCCTCCATGGGAGTGTGTGGGCAGTTGCCATTGTCCATGGTGTTGGCAGAGGAGGGGAGGGGAGGGACGCTGGGACTCCTCCACCAAGGAGACTGCCTCCCCCACCACCAGCATTCCAGGGAGACTACTTCACTCCCCT,c45f30074dd26fc025e80c098a940f2e0e853ceb899be699050c488147c5596a,0.118217767999071,AGTGTCTGCAGGCTTGCAGGTCTCCCGGGTGGGGTCGGGGTTCCCTGCACTCATCCCCTTCCCCTCCATGGGAGTGTGTGGGCAGTTGCCATTGTCCATTGTGTTGGCAGAGGAGGGGAGGGGAGGGACGCTGGGACTACTCCACCAAGGAGACTGCCTCCCCCACCACCAGCATTCCAGGGAGACTACTTCACTCCCCT,7b7d8af3ad8c808d7e7a7914c0e12693d77d80aebc7964939af7584aa3576327,-0.433982569995577,AGTGTCTGCAGGCTTGCAGGTCTCCCGGGTGGGGTCGGGGTTCCCTGCACTCATCCCCTTCCCCTCCATGGGAGTGTGTGGGCAGTTGCCATTGTCCATGGTGTTGGCAGAGGAGGGGAGGGGAGGGACGCTGGGACTACTCCACCAAGGAGACTGCCTCCCCCACCACCAGCATTCCAGGGAGACTACTTCACTCCCCT,0ff1a9a614b75100f36274cdabac27ceaed61c652979d4c15341728203997351,-0.556657278918557,0.2408924769220509,0.430851569860094,-234.54942655935884,-234.03357817977667,-235.96495117992163,-236.9750530719757,1.5259502716362476,1.0,0.2408924769220509,0.0,1,0.1839177223182471,0.18216460459877223,0.1501433469024087,0.20472969377462197,1.0
chr11:117068977:A:G;chr11:117069061:A:G;var1;middle;OL41|K562|2da22424fc4c4bf6,chr11:117068977:A:G;chr11:117069061:A:G;var1;middle;OL41,K562,K562_region_00394,100,184,84,CCAGGCCTGGCAGCCCCCTCCTAGGGCCTTGTTTGGCTAGGGGTGGTGCCGGGTGTGGCAGTGTGTGTGTAGTGGAGAGTGTTAGGTCTTCCCTACCAGATGCCCTTGCAGGGGAGTGCCACAGCAGTCAGTCCAGGGATCCCACTGTTAGTCTCACCTTTTTTAACCTCTTATCTCTCCCCAAGATCCCTGAAGCCAGG,71207cc9a4e889f2708e77ccd087e2d6ba26e1da14af5e7eb422696453b77e40,0.0,CCAGGCCTGGCAGCCCCCTCCTAGGGCCTTGTTTGGCTAGGGGTGGTGCCGGGTGTGGCAGTGTGTGTGTAGTGGAGAGTGTTAGGTCTTCCCTACCAGGTGCCCTTGCAGGGGAGTGCCACAGCAGTCAGTCCAGGGATCCCACTGTTAGTCTCACCTTTTTTAACCTCTTATCTCTCCCCAAGATCCCTGAAGCCAGG,cc66e161111b1054de63fd6fe731c2ee677a8341b8860fde8b96ab0c6bf9b244,0.0445521898628622,CCAGGCCTGGCAGCCCCCTCCTAGGGCCTTGTTTGGCTAGGGGTGGTGCCGGGTGTGGCAGTGTGTGTGTAGTGGAGAGTGTTAGGTCTTCCCTACCAGATGCCCTTGCAGGGGAGTGCCACAGCAGTCAGTCCAGGGATCCCACTGTTAGTCTCACCTTTTTTAACCTCTTATCTCTCCCCAGGATCCCTGAAGCCAGG,54ab05774cf6f2f34ecab3cafcadad65e662221cfd3a5c421ed2da2a7dbd058a,2.08546893966239,CCAGGCCTGGCAGCCCCCTCCTAGGGCCTTGTTTGGCTAGGGGTGGTGCCGGGTGTGGCAGTGTGTGTGTAGTGGAGAGTGTTAGGTCTTCCCTACCAGGTGCCCTTGCAGGGGAGTGCCACAGCAGTCAGTCCAGGGATCCCACTGTTAGTCTCACCTTTTTTAACCTCTTATCTCTCCCCAGGATCCCTGAAGCCAGG,2da22424fc4c4bf622e112edc4a724c39f37223f2c39bc07705376959ad6fb51,2.11179944384213,0.0182216856831223,0.176750059694276,-242.5039641559124,-241.12178505957127,-241.21567258238792,-239.337751954794,-0.4957415312528042,1.0,0.0182216856831223,0.0,3,0.1804744803674276,0.18106719778262317,0.1474303780702046,0.275373052232743,1.0
chr11:117700323:A:G;chr11:117700410:A:C;var1;middle;OL30|K562|67c46701291da681,chr11:117700323:A:G;chr11:117700410:A:C;var1;middle;OL30,K562,K562_region_00395,100,187,87,GCCTGTCCCATGCTCCCAAGTGGAAACCTGCCCACTCAGCCCAGAGCGGCTGAGTGGAAATTCCCCAAGCTGGGGTTAGAGAAGTTTACAAACCTCGGGACTGGGTGAGACTTAGAGGTACCTGGTCCAAACATATTCTAAGTGGTCCAGAAAAGTGGAGCTCTCAGCCAAATCCCCCCCACCCACACCGCCAGTATACA,e9813eae42c5322a7aaf76e8d2f95a67627595fdb81f07a13dcc3a818ae6750c,0.0,GCCTGTCCCATGCTCCCAAGTGGAAACCTGCCCACTCAGCCCAGAGCGGCTGAGTGGAAATTCCCCAAGCTGGGGTTAGAGAAGTTTACAAACCTCGGGGCTGGGTGAGACTTAGAGGTACCTGGTCCAAACATATTCTAAGTGGTCCAGAAAAGTGGAGCTCTCAGCCAAATCCCCCCCACCCACACCGCCAGTATACA,347b2d481fe2ccc94408bde8e697726736b8a604e1f9277960b89ca3e6620e0f,0.273900074184836,GCCTGTCCCATGCTCCCAAGTGGAAACCTGCCCACTCAGCCCAGAGCGGCTGAGTGGAAATTCCCCAAGCTGGGGTTAGAGAAGTTTACAAACCTCGGGACTGGGTGAGACTTAGAGGTACCTGGTCCAAACATATTCTAAGTGGTCCAGAAAAGTGGAGCTCTCAGCCAAATCCCCCCCACCCACCCCGCCAGTATACA,dd7f6e80147724537c7645f82563e04dc837d920c592e9f9f59a8ad2a5370474,0.303093318505586,GCCTGTCCCATGCTCCCAAGTGGAAACCTGCCCACTCAGCCCAGAGCGGCTGAGTGGAAATTCCCCAAGCTGGGGTTAGAGAAGTTTACAAACCTCGGGGCTGGGTGAGACTTAGAGGTACCTGGTCCAAACATATTCTAAGTGGTCCAGAAAAGTGGAGCTCTCAGCCAAATCCCCCCCACCCACCCCGCCAGTATACA,67c46701291da6815c1abfe3dd268b8a82c59f2d8d8ff323f709d323b16e805a,0.447789981145871,0.129203411544551,0.270677487722744,-319.32507228758186,-308.0480945473537,-300.80088726850227,-295.8967412160709,6.372831687796804,1.0,0.129203411544551,0.0,2,0.18447382656252473,0.17490732828716207,0.146091925319964,0.08449171599894545,1.0
chr11:118550522:T:C;chr11:118550524:C:T;var1;middle;OL41|K562|8dff427f41b85dbd,chr11:118550522:T:C;chr11:118550524:C:T;var1;middle;OL41,K562,K562_region_00396,100,102,2,CCAAAGTCCAGCCTTTGAGGCGTGGCCACCTGAGGGGACGTGTGCTTGGTCTGTGTGTGGCCCGCTTGCCCCTCCTGCTCTCAGGGCACAGTGGCCACCTCCCTTGCTTCTACTTTGCCTCTTCTATTTCACAGTCTCAGCTGGTGCCAATGGCTCAGGCCCTTCCCTCAGAGCATGGTGGTGGGGGTGGGGAGTGGGCA,ec5c8ce528567ca097ade82b1d3f4889448beb23007498ccacdb1104b3a5b7c9,0.0,CCAAAGTCCAGCCTTTGAGGCGTGGCCACCTGAGGGGACGTGTGCTTGGTCTGTGTGTGGCCCGCTTGCCCCTCCTGCTCTCAGGGCACAGTGGCCACCCCCCTTGCTTCTACTTTGCCTCTTCTATTTCACAGTCTCAGCTGGTGCCAATGGCTCAGGCCCTTCCCTCAGAGCATGGTGGTGGGGGTGGGGAGTGGGCA,c78604230731db26cd373de48437501f6c19078aa3a75badb355d8c24788fa98,0.0305444336684331,CCAAAGTCCAGCCTTTGAGGCGTGGCCACCTGAGGGGACGTGTGCTTGGTCTGTGTGTGGCCCGCTTGCCCCTCCTGCTCTCAGGGCACAGTGGCCACCTCTCTTGCTTCTACTTTGCCTCTTCTATTTCACAGTCTCAGCTGGTGCCAATGGCTCAGGCCCTTCCCTCAGAGCATGGTGGTGGGGGTGGGGAGTGGGCA,3dbc364e2db2427a79948f6a10c68bee042acb38fcf144b26125488c6e4b6516,0.101681506167156,CCAAAGTCCAGCCTTTGAGGCGTGGCCACCTGAGGGGACGTGTGCTTGGTCTGTGTGTGGCCCGCTTGCCCCTCCTGCTCTCAGGGCACAGTGGCCACCCCTCTTGCTTCTACTTTGCCTCTTCTATTTCACAGTCTCAGCTGGTGCCAATGGCTCAGGCCCTTCCCTCAGAGCATGGTGGTGGGGGTGGGGAGTGGGCA,8dff427f41b85dbd0c4c0c57213cefeec3a2fa682f6997e79cfbd8c09ca8f63d,0.0699232606421785,0.0623026791934106,0.242640958320932,-235.18375275842843,-225.66933983564377,-220.5985125899315,-221.0263210311532,9.942221364006372,1.0,0.0623026791934106,0.0,3,0.20149847295928958,0.18106719778262317,0.1474303780702046,0.27557552855964246,1.0
chr11:118889132:A:G;chr11:118889185:T:C;var1;middle;OL41|K562|10f90fe8433ffa41,chr11:118889132:A:G;chr11:118889185:T:C;var1;middle;OL41,K562,K562_region_00397,100,153,53,GTCAAGATGTCGGACAAAAAGGAAGCGCTGCTCAGAAACGGGCCCAAAAACCACCGTCCGCTGTGAGTACTTCCGGGGCAAAAGGCGGAGCCAGGCAGAAGAAGTCCCACGGCGAAGCGCTCGCCCTCTAGCCTGAGGCGGAAGACAGGAAGTGGATTCTAGTTCCCAAGCCGCACCGCCTAAATACTGCCGGAGTCTGC,70921496579a6931a52c8d7439bdcdb0ae0641146476a10f785f3b8e51b3c5ef,0.0,GTCAAGATGTCGGACAAAAAGGAAGCGCTGCTCAGAAACGGGCCCAAAAACCACCGTCCGCTGTGAGTACTTCCGGGGCAAAAGGCGGAGCCAGGCAGAGGAAGTCCCACGGCGAAGCGCTCGCCCTCTAGCCTGAGGCGGAAGACAGGAAGTGGATTCTAGTTCCCAAGCCGCACCGCCTAAATACTGCCGGAGTCTGC,eb6c8e8d1a46baebad6cde6b2ac62f696fc04b8f2b676a234d7b939b4b973705,0.27139492806533,GTCAAGATGTCGGACAAAAAGGAAGCGCTGCTCAGAAACGGGCCCAAAAACCACCGTCCGCTGTGAGTACTTCCGGGGCAAAAGGCGGAGCCAGGCAGAAGAAGTCCCACGGCGAAGCGCTCGCCCTCTAGCCTGAGGCGGAAGACAGGAAGCGGATTCTAGTTCCCAAGCCGCACCGCCTAAATACTGCCGGAGTCTGC,cee7370d90ee9090a18e2fcbe75227b8ac687cb38065a85320eaf38bbb5e2934,0.0180979557983956,GTCAAGATGTCGGACAAAAAGGAAGCGCTGCTCAGAAACGGGCCCAAAAACCACCGTCCGCTGTGAGTACTTCCGGGGCAAAAGGCGGAGCCAGGCAGAGGAAGTCCCACGGCGAAGCGCTCGCCCTCTAGCCTGAGGCGGAAGACAGGAAGCGGATTCTAGTTCCCAAGCCGCACCGCCTAAATACTGCCGGAGTCTGC,10f90fe8433ffa4166fde3157df6bb5103c04fb7e3456591d478fe73fb2b8088,0.302602912745012,-0.0131100288812863,0.199460279371217,-418.545845025219,-412.7355184368789,-428.5372060453519,-423.8965184804984,1.1696390234865817,1.0,-0.0131100288812863,0.0,2,0.1768975573557017,0.17490732828716207,0.146091925319964,0.05403962957121121,1.0
chr11:118942048:G:A;chr11:118942067:T:C;var1;middle;OL41|K562|0acd1903cf421172,chr11:118942048:G:A;chr11:118942067:T:C;var1;middle;OL41,K562,K562_region_00398,100,119,19,CTAACTTTTTAAATGACGTTGGACAAGTATCTTTACCTTTCTTGTTCCTGGTGCCCCAGATTTACAACAGTCTACTCTCTCAGGAATACTCTTGATAAAGTAGTAGATTATTACATTTTTCTTACTTGCAGAATTTCTGTACTAGATAGTGATAATATATACAGAGAAAGAAATTGTGATCTCTGGTTATATATTTAATA,a0cf515f7e330f3d4b035d6d210009c4417802f4ec7e209359442bdd5d7e9140,0.0,CTAACTTTTTAAATGACGTTGGACAAGTATCTTTACCTTTCTTGTTCCTGGTGCCCCAGATTTACAACAGTCTACTCTCTCAGGAATACTCTTGATAAAATAGTAGATTATTACATTTTTCTTACTTGCAGAATTTCTGTACTAGATAGTGATAATATATACAGAGAAAGAAATTGTGATCTCTGGTTATATATTTAATA,dbf04dceaf5e40254bc86248edc2ecbc5580537885a119a3ff51f6061c522ff5,-0.291778219552325,CTAACTTTTTAAATGACGTTGGACAAGTATCTTTACCTTTCTTGTTCCTGGTGCCCCAGATTTACAACAGTCTACTCTCTCAGGAATACTCTTGATAAAGTAGTAGATTATTACATTTCTCTTACTTGCAGAATTTCTGTACTAGATAGTGATAATATATACAGAGAAAGAAATTGTGATCTCTGGTTATATATTTAATA,1982a941242de0e3866e47883c8d65f381153d537e5f97493090874d9f008070,-0.879138228880392,CTAACTTTTTAAATGACGTTGGACAAGTATCTTTACCTTTCTTGTTCCTGGTGCCCCAGATTTACAACAGTCTACTCTCTCAGGAATACTCTTGATAAAATAGTAGATTATTACATTTCTCTTACTTGCAGAATTTCTGTACTAGATAGTGATAATATATACAGAGAAAGAAATTGTGATCTCTGGTTATATATTTAATA,0acd1903cf4211724a757f5db2f97e8e4c8a1bc6e565fe86eb9259012a232e1b,-0.592880893047827,0.57803555538489,0.411948254389068,-282.8168650902808,-283.6735209338367,-285.9114211741835,-287.98323229141533,-1.2151552736759754,-1.0,-0.57803555538489,0.0,2,0.17342510404407807,0.17490732828716207,0.146091925319964,0.00043253940991672124,1.0
chr11:118942638:A:C;chr11:118942654:T:A;var1;middle;OL41|K562|85a697ed98a85dd6,chr11:118942638:A:C;chr11:118942654:T:A;var1;middle;OL41,K562,K562_region_00399,100,116,16,GAAGGTTTCTCCCAAGTAAGGACTCAGTGAGAAGGGACAGGGAGAGGGCTGGACTTGTTCCCCAGAATCCGCCTGATTTTAAAATCCTAATGCCTGGATACTGCCAATCTCCTACTCCTACTCCGGTGTTATGTAGGTAACATTTCTGTTTTTTTTTTTTGAGATGGAGTCTCGCTCTGTCACCCAGGAGTGCAGTGGCG,189816bf506b46c6a5d9a5f712568225a622a3ae1305a9438fc5691e94358d25,0.0,GAAGGTTTCTCCCAAGTAAGGACTCAGTGAGAAGGGACAGGGAGAGGGCTGGACTTGTTCCCCAGAATCCGCCTGATTTTAAAATCCTAATGCCTGGATCCTGCCAATCTCCTACTCCTACTCCGGTGTTATGTAGGTAACATTTCTGTTTTTTTTTTTTGAGATGGAGTCTCGCTCTGTCACCCAGGAGTGCAGTGGCG,b2f2e2c123ce8dc7fc470674b251698bd868a8ecaa82a919774363251021c982,-0.059395435683749,GAAGGTTTCTCCCAAGTAAGGACTCAGTGAGAAGGGACAGGGAGAGGGCTGGACTTGTTCCCCAGAATCCGCCTGATTTTAAAATCCTAATGCCTGGATACTGCCAATCTCCTACACCTACTCCGGTGTTATGTAGGTAACATTTCTGTTTTTTTTTTTTGAGATGGAGTCTCGCTCTGTCACCCAGGAGTGCAGTGGCG,c99a54e899a91ed01d63a87ba16c6dfacd4cc01c1fdebe2cf4b962b0c1b4d183,-0.222925623535249,GAAGGTTTCTCCCAAGTAAGGACTCAGTGAGAAGGGACAGGGAGAGGGCTGGACTTGTTCCCCAGAATCCGCCTGATTTTAAAATCCTAATGCCTGGATCCTGCCAATCTCCTACACCTACTCCGGTGTTATGTAGGTAACATTTCTGTTTTTTTTTTTTGAGATGGAGTCTCGCTCTGTCACCCAGGAGTGCAGTGGCG,85a697ed98a85dd6c69b2cc7ef3c698339054aa325aa65e4a78117cf24aee296,-0.0942225200924064,0.1880985391265915,0.226217828753628,-223.94766598148271,-202.7032512221485,-227.69620250817388,-207.0509430123493,-0.5991552635096014,-1.0,-0.1880985391265915,0.0,0,0.18500650600655505,0.18565657667894103,0.15145376406925343,0.07902997208643193,1.0
chr11:119238381:T:C;chr11:119238455:G:A;var1;middle;OL32|K562|51ec6172c8d55b2c,chr11:119238381:T:C;chr11:119238455:G:A;var1;middle;OL32,K562,K562_region_00400,100,174,74,AGTGCACCTTGGGGAGAGAGGGTCAGCCCATCCTCCCCACTCTCTGTAGGAAGGTCTGCTTCCCTGCATGACGTGGACCCCAAGAGGCCAAAAGCTCTGTGCACCTTTGAGCCCAGGCAGTCTGGCCTGAACCAGCTGGATTCCAGAGGCCCACACACCTCCTTCTTTTGCATGTGTCTCCGTCTGGGGCGCTAGTTTTA,7c4626b2867a60e1d82c33c3750a0a4037ede691b312a39bfae945f07c0d9160,0.0,AGTGCACCTTGGGGAGAGAGGGTCAGCCCATCCTCCCCACTCTCTGTAGGAAGGTCTGCTTCCCTGCATGACGTGGACCCCAAGAGGCCAAAAGCTCTGCGCACCTTTGAGCCCAGGCAGTCTGGCCTGAACCAGCTGGATTCCAGAGGCCCACACACCTCCTTCTTTTGCATGTGTCTCCGTCTGGGGCGCTAGTTTTA,e0ee237fb351213c4a68801775736848c1866878d06f8ba9390cbc92d3e8bcc7,-0.0076010385762052,AGTGCACCTTGGGGAGAGAGGGTCAGCCCATCCTCCCCACTCTCTGTAGGAAGGTCTGCTTCCCTGCATGACGTGGACCCCAAGAGGCCAAAAGCTCTGTGCACCTTTGAGCCCAGGCAGTCTGGCCTGAACCAGCTGGATTCCAGAGGCCCACACACCTCCTTCTTTTGCATATGTCTCCGTCTGGGGCGCTAGTTTTA,eef8742d232edd29be8797f7067455adff24d72f9d3c4e7a8048b0f7a19d8779,-0.441148087907047,AGTGCACCTTGGGGAGAGAGGGTCAGCCCATCCTCCCCACTCTCTGTAGGAAGGTCTGCTTCCCTGCATGACGTGGACCCCAAGAGGCCAAAAGCTCTGCGCACCTTTGAGCCCAGGCAGTCTGGCCTGAACCAGCTGGATTCCAGAGGCCCACACACCTCCTTCTTTTGCATATGTCTCCGTCTGGGGCGCTAGTTTTA,51ec6172c8d55b2c8130aeb572e506ba329812a7782cb35c8151a8b803d73408,-0.171794174160774,0.2769549523224782,0.2585928208804,-284.6406615115702,-289.8010585778393,-269.7716759108007,-284.8073334756773,-9.875260498607531,-1.0,-0.2769549523224782,0.0,4,0.16395981664554368,0.17620727786206916,0.145609630836647,0.2433247850878124,1.0
chr11:120039274:C:T;chr11:120039306:C:G;var1;middle;OL41|K562|8088f6049317ee32,chr11:120039274:C:T;chr11:120039306:C:G;var1;middle;OL41,K562,K562_region_00401,100,132,32,GCACATCTGGTGGGAGCCTCAGGCCGGGAACACCCTGGGGTGGGGAAGGGATCTCTGCGAAGGGAGGGGGTCTGCAGTCCAACAAGTGATGGCCTGGGGCGGCTTCAGGGAGTAGGGAGGGGCTGGACCGACGCCCGAATCCCACATATATGTGTAACGCATTGGAGTCTGCACTTGCGTGACCCTGTCACCGTCACCTC,66175c0d9c236b0c350bc8debfa21c2f692a2e91affae142fe1bb7f5d89db2d1,0.0,GCACATCTGGTGGGAGCCTCAGGCCGGGAACACCCTGGGGTGGGGAAGGGATCTCTGCGAAGGGAGGGGGTCTGCAGTCCAACAAGTGATGGCCTGGGGTGGCTTCAGGGAGTAGGGAGGGGCTGGACCGACGCCCGAATCCCACATATATGTGTAACGCATTGGAGTCTGCACTTGCGTGACCCTGTCACCGTCACCTC,a121822ff445c4d1c60ae598429c21f433a51372d2a9c0118dc6c0ae046d8f30,-0.0573615889276879,GCACATCTGGTGGGAGCCTCAGGCCGGGAACACCCTGGGGTGGGGAAGGGATCTCTGCGAAGGGAGGGGGTCTGCAGTCCAACAAGTGATGGCCTGGGGCGGCTTCAGGGAGTAGGGAGGGGCTGGACCGAGGCCCGAATCCCACATATATGTGTAACGCATTGGAGTCTGCACTTGCGTGACCCTGTCACCGTCACCTC,1272bbc97ea9afbf82abb078d67ec51835b6bda4143af4ba62a76797b245440c,-0.295437672047495,GCACATCTGGTGGGAGCCTCAGGCCGGGAACACCCTGGGGTGGGGAAGGGATCTCTGCGAAGGGAGGGGGTCTGCAGTCCAACAAGTGATGGCCTGGGGTGGCTTCAGGGAGTAGGGAGGGGCTGGACCGAGGCCCGAATCCCACATATATGTGTAACGCATTGGAGTCTGCACTTGCGTGACCCTGTCACCGTCACCTC,8088f6049317ee329a85baf2494e59686da1a98d51b0f9f2b55838c396238b0d,-0.274514735016494,0.0782845259586889,0.237395502223349,-382.967539700272,-400.4771012488054,-358.73374070442514,-380.1072716519702,-3.863969399011694,-1.0,-0.0782845259586889,0.0,2,0.16956821651615114,0.17490732828716207,0.146091925319964,0.224824743297418,1.0
chr11:120195689:G:A;chr11:120195702:T:C;var1;middle;OL41|K562|402c5c23e5281bbf,chr11:120195689:G:A;chr11:120195702:T:C;var1;middle;OL41,K562,K562_region_00402,100,113,13,TCTCAGGCCTGAGCACTTTCCTGCTCATCAATTCCTGTTTCACGACTTAAATTCAAGCACGAGGGCAAGAACGATGTCTTACATCCCCCACAATGCCTAGTAAGGGTGCAAGTACTTAGTAGGTACTCGATAAATTGATTGGATGAGCTGTCCCATTGAGGGGAGGGGAGAAGTGGATAATGATTTAAACAAACAACAAC,2866bdef8eb9e3dcc79c624d7130d01b402310443b1f4098bca497c566dd2515,0.0,TCTCAGGCCTGAGCACTTTCCTGCTCATCAATTCCTGTTTCACGACTTAAATTCAAGCACGAGGGCAAGAACGATGTCTTACATCCCCCACAATGCCTAATAAGGGTGCAAGTACTTAGTAGGTACTCGATAAATTGATTGGATGAGCTGTCCCATTGAGGGGAGGGGAGAAGTGGATAATGATTTAAACAAACAACAAC,2c7baf179b7b224093bceb6dc34296ada8bf865606dea3240b2bfd48ef8a46bd,0.432190668805954,TCTCAGGCCTGAGCACTTTCCTGCTCATCAATTCCTGTTTCACGACTTAAATTCAAGCACGAGGGCAAGAACGATGTCTTACATCCCCCACAATGCCTAGTAAGGGTGCAAGCACTTAGTAGGTACTCGATAAATTGATTGGATGAGCTGTCCCATTGAGGGGAGGGGAGAAGTGGATAATGATTTAAACAAACAACAAC,086f9098799adeb80eeb6252624801a836038bbad819425103242beb0d0719dc,-0.0844534497845596,TCTCAGGCCTGAGCACTTTCCTGCTCATCAATTCCTGTTTCACGACTTAAATTCAAGCACGAGGGCAAGAACGATGTCTTACATCCCCCACAATGCCTAATAAGGGTGCAAGCACTTAGTAGGTACTCGATAAATTGATTGGATGAGCTGTCCCATTGAGGGGAGGGGAGAAGTGGATAATGATTTAAACAAACAACAAC,402c5c23e5281bbfe133903eeee66de82916640763a7206651c11ec660208614,0.10630106670701,-0.2414361523143844,0.231222114776664,-233.1400144770741,-234.3110844641924,-233.279667198658,-237.5577228367329,-3.1069856509566023,-1.0,0.2414361523143844,0.0,0,0.18178547773948672,0.18565657667894103,0.15145376406925343,0.2897547709489505,1.0
chr11:122519281:T:G;chr11:122519352:G:A;var1;middle;OL28|K562|0d7b45a474f1c599,chr11:122519281:T:G;chr11:122519352:G:A;var1;middle;OL28,K562,K562_region_00403,100,171,71,AAAACCCGGTCTCTACTAAAAATACAAAAAAAATTAGATGGGCGTGGTGGTGCATGCCTGTAATTCCAGCTACCTGGGAGGCTGAGGCAGGAGACTTGCTGAAATCCGGGAGGCGGAGGTTGCAGTGAGCCAAGATTGCACCATTGCACTCTAACATGGGTGACAAGAGCGAAATGCCATCTAAAAAAAAAAAAAGAAAA,e883c05f0a0820df40f8cfb341051dce7424a9be3dadb47f1fd144f2a2b9c421,0.0,AAAACCCGGTCTCTACTAAAAATACAAAAAAAATTAGATGGGCGTGGTGGTGCATGCCTGTAATTCCAGCTACCTGGGAGGCTGAGGCAGGAGACTTGCGGAAATCCGGGAGGCGGAGGTTGCAGTGAGCCAAGATTGCACCATTGCACTCTAACATGGGTGACAAGAGCGAAATGCCATCTAAAAAAAAAAAAAGAAAA,b0437b8674350168fb2970430e3d0c5c1ce234813144aec916371f7f4f77f285,0.798405796461952,AAAACCCGGTCTCTACTAAAAATACAAAAAAAATTAGATGGGCGTGGTGGTGCATGCCTGTAATTCCAGCTACCTGGGAGGCTGAGGCAGGAGACTTGCTGAAATCCGGGAGGCGGAGGTTGCAGTGAGCCAAGATTGCACCATTGCACTCTAACATGGGTGACAAGAGCAAAATGCCATCTAAAAAAAAAAAAAGAAAA,e413a56e8453498e61ca4af08470bb985adfc13deddb162133f60f9957abbba2,0.369485063783749,AAAACCCGGTCTCTACTAAAAATACAAAAAAAATTAGATGGGCGTGGTGGTGCATGCCTGTAATTCCAGCTACCTGGGAGGCTGAGGCAGGAGACTTGCGGAAATCCGGGAGGCGGAGGTTGCAGTGAGCCAAGATTGCACCATTGCACTCTAACATGGGTGACAAGAGCAAAATGCCATCTAAAAAAAAAAAAAGAAAA,0d7b45a474f1c599335b964f8c11bd1597f8d3a69e4c9b00f532f694c254f896,0.682851231151522,0.4850396290941789,0.193726238446005,-87.7022771127522,-93.3219738136977,-84.98296503350139,-90.70375763159244,0.10109589714555511,1.0,0.4850396290941789,0.0,3,0.181676621608885,0.18106719778262317,0.1474303780702046,0.1828624082825545,1.0
chr11:122520528:G:C;chr11:122520558:A:G;var1;middle;OL28|K562|f1cfeda87386c138,chr11:122520528:G:C;chr11:122520558:A:G;var1;middle;OL28,K562,K562_region_00404,100,130,30,AGCTGGGACTACAGGCATGTGCCACCAAACCCAGCTAGTTTTTGTATTTTTAGTAGACACGAGGTTTCAGCATGTTGGCCAGGCTGGTCTCTATCTCCTGACGTCGTGATCCTCCCACCTTGGCCTCCCAAAGTGCTGGGATTACAGATGTGAGCCCTGGTCTGTTTTTTTTTTTTTAATTATTTATTTATTATATTTTT,43a2d94b15ae38198302c95e92118fe928a6985f5cdd41b8d8e621e5b6e11222,0.0,AGCTGGGACTACAGGCATGTGCCACCAAACCCAGCTAGTTTTTGTATTTTTAGTAGACACGAGGTTTCAGCATGTTGGCCAGGCTGGTCTCTATCTCCTCACGTCGTGATCCTCCCACCTTGGCCTCCCAAAGTGCTGGGATTACAGATGTGAGCCCTGGTCTGTTTTTTTTTTTTTAATTATTTATTTATTATATTTTT,bd3be4934138298c7214ccc1be4ade56c275463bd03d5498cfc0a6ab0326fb57,-0.0141278290540665,AGCTGGGACTACAGGCATGTGCCACCAAACCCAGCTAGTTTTTGTATTTTTAGTAGACACGAGGTTTCAGCATGTTGGCCAGGCTGGTCTCTATCTCCTGACGTCGTGATCCTCCCACCTTGGCCTCCCGAAGTGCTGGGATTACAGATGTGAGCCCTGGTCTGTTTTTTTTTTTTTAATTATTTATTTATTATATTTTT,83f8799bbf58df393b302cfa9964176ccfbad97f6f71b313539323153cd80857,-0.0287104196984563,AGCTGGGACTACAGGCATGTGCCACCAAACCCAGCTAGTTTTTGTATTTTTAGTAGACACGAGGTTTCAGCATGTTGGCCAGGCTGGTCTCTATCTCCTCACGTCGTGATCCTCCCACCTTGGCCTCCCGAAGTGCTGGGATTACAGATGTGAGCCCTGGTCTGTTTTTTTTTTTTTAATTATTTATTTATTATATTTTT,f1cfeda87386c138cdff8db9ef8041fb1b6e942b3d23551495805b1caeb95a11,-0.151691198043126,0.1088529492906032,0.122853008917357,-91.70210367022082,-96.51241279486568,-95.88380514457822,-100.62248070631176,-0.07163356291130185,1.0,0.1088529492906032,0.0,3,0.18132871245026164,0.18106719778262317,0.1474303780702046,0.17481191882901778,1.0
chr11:122521105:C:T;chr11:122521123:C:T;var1;middle;OL30|K562|846a950afff487c2,chr11:122521105:C:T;chr11:122521123:C:T;var1;middle;OL30,K562,K562_region_00405,100,118,18,GTGATCTCGCCTCACTGCAACCTCTCCCTCCCTGGTTCAAGCGATTCACCTGCCTCAGCCTCCTGAGTAACTGGGATTATAGGCATGCACCACCATGCCCGGCTAATTTTGTGTTTTCAGTAGAGCCGGGGTTTCTCCATGTTGGTCAGTCTGGTCTCGAACTCGCGACCTCAGGTGATCCGACCCCCTCAGCCTCCCAA,55e9d88bc38456367ee20ae5591c05572c9bc2263ee88aaaa064b66d7b68f153,0.0,GTGATCTCGCCTCACTGCAACCTCTCCCTCCCTGGTTCAAGCGATTCACCTGCCTCAGCCTCCTGAGTAACTGGGATTATAGGCATGCACCACCATGCCTGGCTAATTTTGTGTTTTCAGTAGAGCCGGGGTTTCTCCATGTTGGTCAGTCTGGTCTCGAACTCGCGACCTCAGGTGATCCGACCCCCTCAGCCTCCCAA,09b5f475c4eba6ddc55cd159546a6e43f77b42378cc25ea33047ab8580297955,-0.190898955950134,GTGATCTCGCCTCACTGCAACCTCTCCCTCCCTGGTTCAAGCGATTCACCTGCCTCAGCCTCCTGAGTAACTGGGATTATAGGCATGCACCACCATGCCCGGCTAATTTTGTGTTTTTAGTAGAGCCGGGGTTTCTCCATGTTGGTCAGTCTGGTCTCGAACTCGCGACCTCAGGTGATCCGACCCCCTCAGCCTCCCAA,3e97a2a611b430f8fe6bf365d84a90b5127070d286148993d932ad9d255731a5,-0.102406725774491,GTGATCTCGCCTCACTGCAACCTCTCCCTCCCTGGTTCAAGCGATTCACCTGCCTCAGCCTCCTGAGTAACTGGGATTATAGGCATGCACCACCATGCCTGGCTAATTTTGTGTTTTTAGTAGAGCCGGGGTTTCTCCATGTTGGTCAGTCTGGTCTCGAACTCGCGACCTCAGGTGATCCGACCCCCTCAGCCTCCCAA,846a950afff487c20005b150561873f8658a5636b66cfa6b7b206b9c1aa8ac26,-0.169427240593883,0.123878441130742,0.213911370083437,-90.72174948919564,-89.35790628008544,-88.50250731408596,-87.14121103100479,-0.0025469260290265083,-1.0,-0.123878441130742,0.0,0,0.18577278283652435,0.18565657667894103,0.15145376406925343,0.23158413414231346,1.0
chr11:122524668:A:G;chr11:122524741:G:A;var1;middle;OL30|K562|b61a0d42e73f7b62,chr11:122524668:A:G;chr11:122524741:G:A;var1;middle;OL30,K562,K562_region_00406,100,173,73,TGGTTTACAAAGCGCTTTCACATACATTATTATCTCTTGACTAAGATCCAGATCATTTGACTTTCAGCCCAGGCATTTGGAAACAATTCAGAATACTGGATAAAATCCAGCATGTTTTACCGAACACATCCAAGGAGGCTAATACTAGGTATGGTGTTGCCAGCCCAGTCTTGTCTTTTTGCTCCATGTCCTGGAAGAGC,62a1d8912743c1959ac4c0fe991d99e12898b2b35fa41667ae10489e2f0e2b1e,0.0,TGGTTTACAAAGCGCTTTCACATACATTATTATCTCTTGACTAAGATCCAGATCATTTGACTTTCAGCCCAGGCATTTGGAAACAATTCAGAATACTGGGTAAAATCCAGCATGTTTTACCGAACACATCCAAGGAGGCTAATACTAGGTATGGTGTTGCCAGCCCAGTCTTGTCTTTTTGCTCCATGTCCTGGAAGAGC,6d8ef121be2a4df064e22a55e68dc0916ec68cfc0770f031c82391f3a7887203,0.0224177463593742,TGGTTTACAAAGCGCTTTCACATACATTATTATCTCTTGACTAAGATCCAGATCATTTGACTTTCAGCCCAGGCATTTGGAAACAATTCAGAATACTGGATAAAATCCAGCATGTTTTACCGAACACATCCAAGGAGGCTAATACTAGGTATGGTGTTGCCAGCCCAGTCTTATCTTTTTGCTCCATGTCCTGGAAGAGC,d632fa34529de6cc2d8613d8a09f58fb4c6f9aec2712dd48c8f9cb0b9a89a7e2,1.31536264901668,TGGTTTACAAAGCGCTTTCACATACATTATTATCTCTTGACTAAGATCCAGATCATTTGACTTTCAGCCCAGGCATTTGGAAACAATTCAGAATACTGGGTAAAATCCAGCATGTTTTACCGAACACATCCAAGGAGGCTAATACTAGGTATGGTGTTGCCAGCCCAGTCTTATCTTTTTGCTCCATGTCCTGGAAGAGC,b61a0d42e73f7b629c11fc991266da04af59d76cbe6b17390b2bb3c584a3da63,1.22468149116328,0.1130989042127743,0.188105825990518,-292.8065827600658,-300.4985296642408,-262.0169150605798,-259.2110464274883,-10.497815537266433,1.0,0.1130989042127743,0.0,2,0.15990880018033032,0.17490732828716207,0.146091925319964,0.19221080277157582,1.0
chr11:122585573:T:G;chr11:122585598:T:A;var1;middle;OL27|K562|aa9051552d2a9e84,chr11:122585573:T:G;chr11:122585598:T:A;var1;middle;OL27,K562,K562_region_00407,100,125,25,ATGGTGTTGAAGAACAGAGGTGTCTGGCAAGCCTGTGTCTGAGCCCGGGATGCACTCATTATCTGCATAACCTTGTACAAAGTATTTACCTTCTCCTTCTCTCATCTGTAAAGTGAGTGCAATTTTAGTACCCATGTCATAGAGTTGTTCTGAAGACTAAATGAAATAAATTTTTTGTTGTTGTTCTTGTTGTTTTTTGA,283fe37a528819a5ad94438a21876b889b4ef21488b5882e594b2a70ba5cff1a,0.0,ATGGTGTTGAAGAACAGAGGTGTCTGGCAAGCCTGTGTCTGAGCCCGGGATGCACTCATTATCTGCATAACCTTGTACAAAGTATTTACCTTCTCCTTCGCTCATCTGTAAAGTGAGTGCAATTTTAGTACCCATGTCATAGAGTTGTTCTGAAGACTAAATGAAATAAATTTTTTGTTGTTGTTCTTGTTGTTTTTTGA,e373e69a3b18d31c3a77ce6585906e1731a30985683f5fb604f2f14b143008c4,-0.404460636342448,ATGGTGTTGAAGAACAGAGGTGTCTGGCAAGCCTGTGTCTGAGCCCGGGATGCACTCATTATCTGCATAACCTTGTACAAAGTATTTACCTTCTCCTTCTCTCATCTGTAAAGTGAGTGCAATTATAGTACCCATGTCATAGAGTTGTTCTGAAGACTAAATGAAATAAATTTTTTGTTGTTGTTCTTGTTGTTTTTTGA,b59adaa5b4c1be5a8eb065265dc2c65d35f5c775e7f73dc6b84db7f179732a95,0.20495524540674,ATGGTGTTGAAGAACAGAGGTGTCTGGCAAGCCTGTGTCTGAGCCCGGGATGCACTCATTATCTGCATAACCTTGTACAAAGTATTTACCTTCTCCTTCGCTCATCTGTAAAGTGAGTGCAATTATAGTACCCATGTCATAGAGTTGTTCTGAAGACTAAATGAAATAAATTTTTTGTTGTTGTTCTTGTTGTTTTTTGA,aa9051552d2a9e84be9b103e31b6272b17df6c158890991a1aec23a1e01143b2,-0.217762136097184,-0.018256745161476,0.1942140409165,-184.39508638624105,-189.25375774130225,-183.13534934725607,-187.88434958737344,0.1096711149438363,-1.0,0.018256745161476,0.0,4,0.1763352538987637,0.17620727786206916,0.145609630836647,0.10193922973787008,1.0
chr11:124677941:C:T;chr11:124677969:G:C;var1;middle;OL41|K562|3184f49a27429e05,chr11:124677941:C:T;chr11:124677969:G:C;var1;middle;OL41,K562,K562_region_00408,100,128,28,GCTTAGCCGGGGCAAAATGCAGTTAGAATGGAAAAGCTAATGGCAAGGCATCCCAACAACAGCCTCCTCCTCCTCAAGCACATGGGGCACTTGTGTGTGCCTCTCAGCCTGAGAGCTCCTGATGACTGTCCTGGGGAGGTTCCCAACCACACTGTCTTGGCAGCTGGTGGAGGCAGGTGGTGATTCCAATTTACTGCCAT,48929fd2a2ac9eed2f2e86228522827ab855a8c89eed3102da20905ace99d031,0.0,GCTTAGCCGGGGCAAAATGCAGTTAGAATGGAAAAGCTAATGGCAAGGCATCCCAACAACAGCCTCCTCCTCCTCAAGCACATGGGGCACTTGTGTGTGTCTCTCAGCCTGAGAGCTCCTGATGACTGTCCTGGGGAGGTTCCCAACCACACTGTCTTGGCAGCTGGTGGAGGCAGGTGGTGATTCCAATTTACTGCCAT,6ada4ccf4607faf1825b99e08f0cf2992f4b642910525f3f68deca132b64e3b6,0.393624865196105,GCTTAGCCGGGGCAAAATGCAGTTAGAATGGAAAAGCTAATGGCAAGGCATCCCAACAACAGCCTCCTCCTCCTCAAGCACATGGGGCACTTGTGTGTGCCTCTCAGCCTGAGAGCTCCTGATGACTCTCCTGGGGAGGTTCCCAACCACACTGTCTTGGCAGCTGGTGGAGGCAGGTGGTGATTCCAATTTACTGCCAT,71be0d427cba9e7cedd124e815bd597ee04112d57b51c94b164e525d1e383f75,0.351250611935893,GCTTAGCCGGGGCAAAATGCAGTTAGAATGGAAAAGCTAATGGCAAGGCATCCCAACAACAGCCTCCTCCTCCTCAAGCACATGGGGCACTTGTGTGTGTCTCTCAGCCTGAGAGCTCCTGATGACTCTCCTGGGGAGGTTCCCAACCACACTGTCTTGGCAGCTGGTGGAGGCAGGTGGTGATTCCAATTTACTGCCAT,3184f49a27429e05c8f1e588dc5c164e9655b6c23d47b8b2695e979849593f76,0.347895589362209,0.3969798877697891,0.192262504972631,-298.24982748623006,-294.8868172261864,-315.7754088921938,-297.204811131116,-15.20758750103414,1.0,0.3969798877697891,0.0,1,0.16689235383002782,0.18216460459877223,0.1501433469024087,0.3233135325916094,1.0
chr11:124823981:C:T;chr11:124824066:C:T;var1;middle;OL41|K562|d351d44a829d10eb,chr11:124823981:C:T;chr11:124824066:C:T;var1;middle;OL41,K562,K562_region_00409,100,185,85,GACTCCGCTTACCCACACGTCCCCGCCCCCTCAGCCGGACAGGAAGAGGAAATGACGATACCTCGGGCGCTCGAAACTCCACCTCTCACGCCTTCCCAGCTCCGGGAGGGGACGCGGGCTCCGGAAAGGGCGGGCATAAGGCTACGGATGGGCGGGACGGAGCAGCCCACCGCAAAGTGGCGGTCTACTTGAGGCGGTTA,2b2c442f7d1c2889362eb468871cd331e419f0b7060b92dd7886800f61f0e420,0.0,GACTCCGCTTACCCACACGTCCCCGCCCCCTCAGCCGGACAGGAAGAGGAAATGACGATACCTCGGGCGCTCGAAACTCCACCTCTCACGCCTTCCCAGTTCCGGGAGGGGACGCGGGCTCCGGAAAGGGCGGGCATAAGGCTACGGATGGGCGGGACGGAGCAGCCCACCGCAAAGTGGCGGTCTACTTGAGGCGGTTA,6b9ff4fcd39e8732d775607646d53c261f010bf3610a29d0b703e14af58cf311,0.111282798584422,GACTCCGCTTACCCACACGTCCCCGCCCCCTCAGCCGGACAGGAAGAGGAAATGACGATACCTCGGGCGCTCGAAACTCCACCTCTCACGCCTTCCCAGCTCCGGGAGGGGACGCGGGCTCCGGAAAGGGCGGGCATAAGGCTACGGATGGGCGGGACGGAGCAGCCCACCGCAAAGTGGCGGTTTACTTGAGGCGGTTA,60fff29b29b46ca693b4d6078678f2014f08338cd6d39d017712c4e5a5580ae9,0.239593527786951,GACTCCGCTTACCCACACGTCCCCGCCCCCTCAGCCGGACAGGAAGAGGAAATGACGATACCTCGGGCGCTCGAAACTCCACCTCTCACGCCTTCCCAGTTCCGGGAGGGGACGCGGGCTCCGGAAAGGGCGGGCATAAGGCTACGGATGGGCGGGACGGAGCAGCCCACCGCAAAGTGGCGGTTTACTTGAGGCGGTTA,d351d44a829d10ebbc2c999b06890ba0d2afcea689d1fd2e79111ece88d40075,0.25562774076987,0.095248585601503,0.209858823982557,-302.94014858826995,-296.97342574596405,-324.8777849767357,-323.45637553185225,4.545313397422433,1.0,0.095248585601503,0.0,3,0.19062809966451996,0.18106719778262317,0.1474303780702046,0.2131292445112174,1.0
chr11:126275960:T:C;chr11:126276006:C:T;var1;middle;OL30|K562|7c55e28eb35e22e9,chr11:126275960:T:C;chr11:126276006:C:T;var1;middle;OL30,K562,K562_region_00410,100,146,46,TGATTGCCCCAGGGAGCAGCTTCCTGCTTTCTGGTGGAAGGGAGGGGCAGACAGTGGGTGTGTCCTGCTCCAGTGTCTAGGCAGGAGAGTTTGTGAAGCTGACCGGACACCTGTGGCTCTTATTTCCTAGGTGGCCCGAGGCAGCCGGGATGACAGCTCTCCCCAGGAATCCTGCTGCCTGCTGAGAAACATGGTCAGCA,c914fdcf95fe68058c0a33cb0511e25b04f362ac6246ef446b4824c18611efb9,0.0,TGATTGCCCCAGGGAGCAGCTTCCTGCTTTCTGGTGGAAGGGAGGGGCAGACAGTGGGTGTGTCCTGCTCCAGTGTCTAGGCAGGAGAGTTTGTGAAGCCGACCGGACACCTGTGGCTCTTATTTCCTAGGTGGCCCGAGGCAGCCGGGATGACAGCTCTCCCCAGGAATCCTGCTGCCTGCTGAGAAACATGGTCAGCA,cc6d8875b81a6f8847bab6f9cf5f36485a30060fa6dee4dc633339c34942078c,-0.0851230414100808,TGATTGCCCCAGGGAGCAGCTTCCTGCTTTCTGGTGGAAGGGAGGGGCAGACAGTGGGTGTGTCCTGCTCCAGTGTCTAGGCAGGAGAGTTTGTGAAGCTGACCGGACACCTGTGGCTCTTATTTCCTAGGTGGCCCGAGGCAGCTGGGATGACAGCTCTCCCCAGGAATCCTGCTGCCTGCTGAGAAACATGGTCAGCA,99eeea6effbd5f40e40f8fbc4b4d35babad963ad36ecefa808a7b1b7d866b86b,-0.0399124823721403,TGATTGCCCCAGGGAGCAGCTTCCTGCTTTCTGGTGGAAGGGAGGGGCAGACAGTGGGTGTGTCCTGCTCCAGTGTCTAGGCAGGAGAGTTTGTGAAGCCGACCGGACACCTGTGGCTCTTATTTCCTAGGTGGCCCGAGGCAGCTGGGATGACAGCTCTCCCCAGGAATCCTGCTGCCTGCTGAGAAACATGGTCAGCA,7c55e28eb35e22e995af483967bec36efd6bdec97ed2b7f702e0029b05e96632,-0.133362293146378,0.0083267693641569,0.125182485624618,-303.99746528919786,-307.50654522981495,-273.1462574135512,-284.2249234970659,7.569586142897606,1.0,0.0083267693641569,0.0,2,0.18621639780892513,0.17490732828716207,0.146091925319964,0.2293537908973138,1.0
chr11:126287754:G:T;chr11:126287785:G:A;var1;middle;OL27|K562|42cf217ff2bfad85,chr11:126287754:G:T;chr11:126287785:G:A;var1;middle;OL27,K562,K562_region_00411,100,131,31,AACTGCTTTATATTGGTGGTTTTCTTTTTCTTTCTTTCTTTTTTTTTTTTTTTTGAGACAGAGTTTCACTCTTGTCACCCAGGCAAGAGTACAATGGCAGGATCTCAGTTCACTGCAACCTCCGACCCCCGGGTTCAATGGATTCTCCTGCCTCAGCCTCCCGAGTAGCTGGGATTACAGGCGCCTGCCACCACGCCCAG,03d0531eb0b07970706f877aa0d3d31d03b6baa5a30dc2b64a366c93a1769d5b,0.0,AACTGCTTTATATTGGTGGTTTTCTTTTTCTTTCTTTCTTTTTTTTTTTTTTTTGAGACAGAGTTTCACTCTTGTCACCCAGGCAAGAGTACAATGGCATGATCTCAGTTCACTGCAACCTCCGACCCCCGGGTTCAATGGATTCTCCTGCCTCAGCCTCCCGAGTAGCTGGGATTACAGGCGCCTGCCACCACGCCCAG,432c38c0c34c61ab169a65251c60ac09550281c1b9f7137d0aca4df7e01d7466,-0.0796224516416218,AACTGCTTTATATTGGTGGTTTTCTTTTTCTTTCTTTCTTTTTTTTTTTTTTTTGAGACAGAGTTTCACTCTTGTCACCCAGGCAAGAGTACAATGGCAGGATCTCAGTTCACTGCAACCTCCGACCCCCAGGTTCAATGGATTCTCCTGCCTCAGCCTCCCGAGTAGCTGGGATTACAGGCGCCTGCCACCACGCCCAG,c52e77ef6c663e9b742d1e9b72e9cbbd1ee3c87dbad5662511982d6c9091fc68,0.0509046071327067,AACTGCTTTATATTGGTGGTTTTCTTTTTCTTTCTTTCTTTTTTTTTTTTTTTTGAGACAGAGTTTCACTCTTGTCACCCAGGCAAGAGTACAATGGCATGATCTCAGTTCACTGCAACCTCCGACCCCCAGGTTCAATGGATTCTCCTGCCTCAGCCTCCCGAGTAGCTGGGATTACAGGCGCCTGCCACCACGCCCAG,42cf217ff2bfad857103a421dfd85d7ef57a25dd7aca2415e238f63857d67e78,-0.127007885302794,0.0982900407938789,0.0863513462725918,-89.11403504526243,-86.62725945329294,-88.0737434066832,-85.42261776933447,-0.16435004537925124,1.0,0.0982900407938789,0.0,2,0.17495516141599138,0.17490732828716207,0.146091925319964,0.32827516818550606,1.0
chr11:128650925:A:G;chr11:128650952:C:T;var1;middle;OL28|K562|32325e4b778f183e,chr11:128650925:A:G;chr11:128650952:C:T;var1;middle;OL28,K562,K562_region_00412,100,127,27,ATCTCAAAGAGAATGGCAAAAATGCCTAAGTTTCACAAAATACAACCTTGAATTCACTTTAAACAAAGGAAAAAGTCTAGTTTTAGGAAAGAAGGGAGAATGTGTTTTACATGTAACAACAAATTGCTTTTTCAAAGTGCTGGGTACAGAAGAGGTATGAATTGAAGTTTAATTTGAAAAGATTGGATATCAGCATTCTG,b0334978ba370c4e0a6356495c7817d8140564b2eb75fed9126e963080be2299,0.0,ATCTCAAAGAGAATGGCAAAAATGCCTAAGTTTCACAAAATACAACCTTGAATTCACTTTAAACAAAGGAAAAAGTCTAGTTTTAGGAAAGAAGGGAGAGTGTGTTTTACATGTAACAACAAATTGCTTTTTCAAAGTGCTGGGTACAGAAGAGGTATGAATTGAAGTTTAATTTGAAAAGATTGGATATCAGCATTCTG,35abfafabfcc181074ff482cb9855514861fc3ccbdd73b431d3491a8f7016eec,-0.129960714275272,ATCTCAAAGAGAATGGCAAAAATGCCTAAGTTTCACAAAATACAACCTTGAATTCACTTTAAACAAAGGAAAAAGTCTAGTTTTAGGAAAGAAGGGAGAATGTGTTTTACATGTAACAACAAATTGTTTTTTCAAAGTGCTGGGTACAGAAGAGGTATGAATTGAAGTTTAATTTGAAAAGATTGGATATCAGCATTCTG,ecf14982c3d34aac102c91e195bb2c13264759ee5788d7c04cc901cee9b22836,-0.0706888152223363,ATCTCAAAGAGAATGGCAAAAATGCCTAAGTTTCACAAAATACAACCTTGAATTCACTTTAAACAAAGGAAAAAGTCTAGTTTTAGGAAAGAAGGGAGAGTGTGTTTTACATGTAACAACAAATTGTTTTTTCAAAGTGCTGGGTACAGAAGAGGTATGAATTGAAGTTTAATTTGAAAAGATTGGATATCAGCATTCTG,32325e4b778f183eef5dd7a22ac5270877f2912f73f6f4289ccf79363b5cda3b,-0.0862349047373816,0.1144146247602267,0.146849439838008,-281.2938781157136,-262.2955241594464,-283.69660119339824,-278.75503252539784,-14.056785288266838,-1.0,-0.1144146247602267,0.0,1,0.16806322588324185,0.18216460459877223,0.1501433469024087,0.15915281982012242,1.0
chr11:130080037:C:G;chr11:130080065:G:A;var1;middle;OL41|K562|cfd83ced38bd2417,chr11:130080037:C:G;chr11:130080065:G:A;var1;middle;OL41,K562,K562_region_00413,100,128,28,CTACTGACCCAACTGGGGGCAAAGGTTTGAAGACACAGCCTCCCCCGCCAGCCCCAAGCTGGGCCGAGGCGCGTTTGTGCATATCTGCCTCCCCTGTCTCTAAGGAGCAGCGGGAACGGAGCTTCGGGGCCTCCTCAGTGAAGGTGGTGGGGCTGCCGGATCTGGGCTGTGGGGCCCTTGGGCCACGCTCTTGAGGAAGC,86a8a2353d970254e32b528d215ff733e712b0da75592273812aa551e6e39d4d,0.0,CTACTGACCCAACTGGGGGCAAAGGTTTGAAGACACAGCCTCCCCCGCCAGCCCCAAGCTGGGCCGAGGCGCGTTTGTGCATATCTGCCTCCCCTGTCTGTAAGGAGCAGCGGGAACGGAGCTTCGGGGCCTCCTCAGTGAAGGTGGTGGGGCTGCCGGATCTGGGCTGTGGGGCCCTTGGGCCACGCTCTTGAGGAAGC,c6248e5ad9dff168521e498cefa00d74cafc8bddec74b4d2ae9c71dfd0055d56,0.294795582858833,CTACTGACCCAACTGGGGGCAAAGGTTTGAAGACACAGCCTCCCCCGCCAGCCCCAAGCTGGGCCGAGGCGCGTTTGTGCATATCTGCCTCCCCTGTCTCTAAGGAGCAGCGGGAACGGAGCTTCGGAGCCTCCTCAGTGAAGGTGGTGGGGCTGCCGGATCTGGGCTGTGGGGCCCTTGGGCCACGCTCTTGAGGAAGC,55948fc531e8548fd63c5275d76813f04648217b094e925cb254331ad9abb0f0,0.0131317040738671,CTACTGACCCAACTGGGGGCAAAGGTTTGAAGACACAGCCTCCCCCGCCAGCCCCAAGCTGGGCCGAGGCGCGTTTGTGCATATCTGCCTCCCCTGTCTGTAAGGAGCAGCGGGAACGGAGCTTCGGAGCCTCCTCAGTGAAGGTGGTGGGGCTGCCGGATCTGGGCTGTGGGGCCCTTGGGCCACGCTCTTGAGGAAGC,cfd83ced38bd24173d862ac85c42bbbbb49ac726a87d4a759da72cd8077e9a5f,0.184398112485799,0.1235291744469011,0.328132976869119,-352.6832848562626,-353.97355564613827,-351.45947482576594,-355.23118024808355,2.4814346324419603,1.0,0.1235291744469011,0.0,3,0.1864710651645067,0.18106719778262317,0.1474303780702046,0.03889011405216081,1.0
chr11:13010967:A:G;chr11:13010975:A:G;var1;middle;OL41|K562|5e28d44bbb7e8ab4,chr11:13010967:A:G;chr11:13010975:A:G;var1;middle;OL41,K562,K562_region_00335,100,108,8,TGCACTGAGCCGGGATCACGCCATTGCACTCCAGCCTGGGAAACAGATGAGACTCCGTCTCCAAAAAAAAAAAAAAAAAAAAAGAACTACCCGAGACGGAGTAGTTTATAAAGAAAGGAGGTTTAATTAACTCACCGTTCCGCATGGCTGGGGAGGCCTCAGGAAACTGCAGAGGGTGAGAGGGAAGCAAGCAGTTTCTT,20468f39d53fc4a4f8549ea66644637970c8e7426e00d4d745304a7894cdc63b,0.0,TGCACTGAGCCGGGATCACGCCATTGCACTCCAGCCTGGGAAACAGATGAGACTCCGTCTCCAAAAAAAAAAAAAAAAAAAAAGAACTACCCGAGACGGGGTAGTTTATAAAGAAAGGAGGTTTAATTAACTCACCGTTCCGCATGGCTGGGGAGGCCTCAGGAAACTGCAGAGGGTGAGAGGGAAGCAAGCAGTTTCTT,5d9ed4f54c92f427debf277fa2b09c0be3d117414e2cb42c1143ec8e09ccb9da,0.0645592827588416,TGCACTGAGCCGGGATCACGCCATTGCACTCCAGCCTGGGAAACAGATGAGACTCCGTCTCCAAAAAAAAAAAAAAAAAAAAAGAACTACCCGAGACGGAGTAGTTTGTAAAGAAAGGAGGTTTAATTAACTCACCGTTCCGCATGGCTGGGGAGGCCTCAGGAAACTGCAGAGGGTGAGAGGGAAGCAAGCAGTTTCTT,854b28bbb1dec40a45c5985957334fb6fb6fa6b37f5657a62284379231363db5,0.357044710408196,TGCACTGAGCCGGGATCACGCCATTGCACTCCAGCCTGGGAAACAGATGAGACTCCGTCTCCAAAAAAAAAAAAAAAAAAAAAGAACTACCCGAGACGGGGTAGTTTGTAAAGAAAGGAGGTTTAATTAACTCACCGTTCCGCATGGCTGGGGAGGCCTCAGGAAACTGCAGAGGGTGAGAGGGAAGCAAGCAGTTTCTT,5e28d44bbb7e8ab436c7eb3c1b0c86779cc83b935458c3c58922d6e113733cd8,0.0816054811616105,0.3399985120054271,0.393439162386122,-118.89444138854742,-114.42672048439272,-121.7505546673201,-116.59398855804466,-0.6888452051207423,1.0,0.3399985120054271,0.0,1,0.18166430109733744,0.18216460459877223,0.1501433469024087,0.06448811735851794,1.0
chr11:13010967:A:G;chr11:13011003:C:A;var1;middle;OL41|K562|547cc0ad253a556d,chr11:13010967:A:G;chr11:13011003:C:A;var1;middle;OL41,K562,K562_region_00335,100,136,36,TGCACTGAGCCGGGATCACGCCATTGCACTCCAGCCTGGGAAACAGATGAGACTCCGTCTCCAAAAAAAAAAAAAAAAAAAAAGAACTACCCGAGACGGAGTAGTTTATAAAGAAAGGAGGTTTAATTAACTCACCGTTCCGCATGGCTGGGGAGGCCTCAGGAAACTGCAGAGGGTGAGAGGGAAGCAAGCAGTTTCTT,20468f39d53fc4a4f8549ea66644637970c8e7426e00d4d745304a7894cdc63b,0.0,TGCACTGAGCCGGGATCACGCCATTGCACTCCAGCCTGGGAAACAGATGAGACTCCGTCTCCAAAAAAAAAAAAAAAAAAAAAGAACTACCCGAGACGGGGTAGTTTATAAAGAAAGGAGGTTTAATTAACTCACCGTTCCGCATGGCTGGGGAGGCCTCAGGAAACTGCAGAGGGTGAGAGGGAAGCAAGCAGTTTCTT,5d9ed4f54c92f427debf277fa2b09c0be3d117414e2cb42c1143ec8e09ccb9da,0.0641883980494143,TGCACTGAGCCGGGATCACGCCATTGCACTCCAGCCTGGGAAACAGATGAGACTCCGTCTCCAAAAAAAAAAAAAAAAAAAAAGAACTACCCGAGACGGAGTAGTTTATAAAGAAAGGAGGTTTAATTAACTCACAGTTCCGCATGGCTGGGGAGGCCTCAGGAAACTGCAGAGGGTGAGAGGGAAGCAAGCAGTTTCTT,1a84fc121d0cb97a8fdc5c2ce0d5dd95f781f392cc118c37617ae675ae72bdda,0.133589134298445,TGCACTGAGCCGGGATCACGCCATTGCACTCCAGCCTGGGAAACAGATGAGACTCCGTCTCCAAAAAAAAAAAAAAAAAAAAAGAACTACCCGAGACGGGGTAGTTTATAAAGAAAGGAGGTTTAATTAACTCACAGTTCCGCATGGCTGGGGAGGCCTCAGGAAACTGCAGAGGGTGAGAGGGAAGCAAGCAGTTTCTT,547cc0ad253a556d3a5e1cd628472f57f6e132dd2c67ec8fd94d683ef63f422f,-0.02829106991575,0.2260686022636092,0.322467406178536,-118.89444138854742,-114.42672048439272,-112.03300772793592,-109.31976598035544,1.7544791565742344,1.0,0.2260686022636092,0.0,1,0.1841502367171225,0.18216460459877223,0.1501433469024087,0.15986813546436843,1.0
chr11:131449365:A:C;chr11:131449439:A:G;var1;middle;OL29|K562|2c0b606ad29769fd,chr11:131449365:A:C;chr11:131449439:A:G;var1;middle;OL29,K562,K562_region_00414,100,174,74,TTTTATAGTATATAAAACAAAATATTCAAGAGTTCTGCATTACTGTAAACCAGTCAGGCAGTCCCCTAGAGTACTGTCTAATCATTGCATCCCATTTTTAAAAGGTTTGAGAGGCCCCACGTCGGCCTGGAGGATAATATTACAGGACCCCATAATATGTGAGCAAACAAAATAGAGCTTTTAATGTCCCTGTGGGGGAA,28c85781e80f7768e8ae35038b2d89552b52727775f0b0cb2ab4762ad9730789,0.0,TTTTATAGTATATAAAACAAAATATTCAAGAGTTCTGCATTACTGTAAACCAGTCAGGCAGTCCCCTAGAGTACTGTCTAATCATTGCATCCCATTTTTCAAAGGTTTGAGAGGCCCCACGTCGGCCTGGAGGATAATATTACAGGACCCCATAATATGTGAGCAAACAAAATAGAGCTTTTAATGTCCCTGTGGGGGAA,dde839d4d130662f0e3a3516b6e908916315f1f615e028109c9c42fd468a7aaf,-0.0349067308281603,TTTTATAGTATATAAAACAAAATATTCAAGAGTTCTGCATTACTGTAAACCAGTCAGGCAGTCCCCTAGAGTACTGTCTAATCATTGCATCCCATTTTTAAAAGGTTTGAGAGGCCCCACGTCGGCCTGGAGGATAATATTACAGGACCCCATAATATGTGAGCAAACAAAATGGAGCTTTTAATGTCCCTGTGGGGGAA,0402f0f6ae98abda83d0954e3b61609106c27da678d7dd46875f0d4d987ab174,0.206929390289758,TTTTATAGTATATAAAACAAAATATTCAAGAGTTCTGCATTACTGTAAACCAGTCAGGCAGTCCCCTAGAGTACTGTCTAATCATTGCATCCCATTTTTCAAAGGTTTGAGAGGCCCCACGTCGGCCTGGAGGATAATATTACAGGACCCCATAATATGTGAGCAAACAAAATGGAGCTTTTAATGTCCCTGTGGGGGAA,2c0b606ad29769fdc34a6c81966b01acad96b72a6cd867a486e63c234ae6d830,0.121669128788207,-0.0503535306733906,0.207526976451505,-395.6046960365493,-372.1116777185816,-411.7477142370772,-409.2660487103276,-21.011352791218087,-1.0,0.0503535306733906,0.0,1,0.160987371630394,0.18216460459877223,0.1501433469024087,0.27738634008866764,1.0
chr11:13349477:T:C;chr11:13349479:C:G;var1;middle;OL29|K562|c8159266d235f9c9,chr11:13349477:T:C;chr11:13349479:C:G;var1;middle;OL29,K562,K562_region_00336,100,102,2,AAAAAAATAAACGACAAGACAAATACAAGCCCAGCATTTTTCATGAGACGTTTTCCCTGAAGTTGATCTGGAAGGCTATGTGCTCTTTTGTCATTGTGCTACTCCACATTCACAGCCATGAAGGGTGTCATGTTTCTGCAGGGTGTTTGTATTTAAGGGTTGTTGGGCAATTTGGCAACACTATACCTGTTTCATTGATA,59329d64c4476e127e9bae827c03029f4294f0d95cd93eec8a4030116cea4372,0.0,AAAAAAATAAACGACAAGACAAATACAAGCCCAGCATTTTTCATGAGACGTTTTCCCTGAAGTTGATCTGGAAGGCTATGTGCTCTTTTGTCATTGTGCCACTCCACATTCACAGCCATGAAGGGTGTCATGTTTCTGCAGGGTGTTTGTATTTAAGGGTTGTTGGGCAATTTGGCAACACTATACCTGTTTCATTGATA,b4659a1d5dbbec9237e850c983ee4dc76bf6d2209ff4320b8c0761eb7b986360,-0.116757768247722,AAAAAAATAAACGACAAGACAAATACAAGCCCAGCATTTTTCATGAGACGTTTTCCCTGAAGTTGATCTGGAAGGCTATGTGCTCTTTTGTCATTGTGCTAGTCCACATTCACAGCCATGAAGGGTGTCATGTTTCTGCAGGGTGTTTGTATTTAAGGGTTGTTGGGCAATTTGGCAACACTATACCTGTTTCATTGATA,fb205faad41a2e4de0993004324d8d8116c30faf4d26949591ae287c5fb70560,0.0219035717685535,AAAAAAATAAACGACAAGACAAATACAAGCCCAGCATTTTTCATGAGACGTTTTCCCTGAAGTTGATCTGGAAGGCTATGTGCTCTTTTGTCATTGTGCCAGTCCACATTCACAGCCATGAAGGGTGTCATGTTTCTGCAGGGTGTTTGTATTTAAGGGTTGTTGGGCAATTTGGCAACACTATACCTGTTTCATTGATA,c8159266d235f9c9cdd15b66b337f950a970df3bdcc43abc7984b5bda38de3d3,-0.231509456318335,0.1366552598391665,0.137398887016535,-401.4510664112168,-399.2364967822796,-401.3452365442645,-401.9896999124903,2.8590329971630695,1.0,0.1366552598391665,0.0,4,0.179742844133395,0.17620727786206916,0.145609630836647,-0.002006971762783416,1.0
chr11:133821132:C:A;chr11:133821144:G:A;var1;middle;OL41|K562|9eae476e780deb0e,chr11:133821132:C:A;chr11:133821144:G:A;var1;middle;OL41,K562,K562_region_00415,100,112,12,GACCCAAAGCACAGCGAACACCCAGAAAGGACGAGGCGGCGGGGGAGAGACCTGGTCCAAAACGCCGACGGTGTCCTGTTCTCCCTGCAGGAAGGCAGACGGGTACGGGTTGTTCTGGACAGCCTTCTGCCTGCGGGAAAGCCCCCACACCCAACCCGACAGCACCTCAGAGCATTTCCACCCTTCAGTGATCTCCCCTT,09a3c1426d9c98b443d936b4a6c95ef06111a1cf0211e048a6723c5396dbfaa0,0.0,GACCCAAAGCACAGCGAACACCCAGAAAGGACGAGGCGGCGGGGGAGAGACCTGGTCCAAAACGCCGACGGTGTCCTGTTCTCCCTGCAGGAAGGCAGAAGGGTACGGGTTGTTCTGGACAGCCTTCTGCCTGCGGGAAAGCCCCCACACCCAACCCGACAGCACCTCAGAGCATTTCCACCCTTCAGTGATCTCCCCTT,6ad72d0c0bab622916ba07e75107203bca74289f99623859f4d7c1467a8b41cf,-0.219582260772192,GACCCAAAGCACAGCGAACACCCAGAAAGGACGAGGCGGCGGGGGAGAGACCTGGTCCAAAACGCCGACGGTGTCCTGTTCTCCCTGCAGGAAGGCAGACGGGTACGGGTTATTCTGGACAGCCTTCTGCCTGCGGGAAAGCCCCCACACCCAACCCGACAGCACCTCAGAGCATTTCCACCCTTCAGTGATCTCCCCTT,dae481bb6bb771c778c163b682e6f515884503fce1be7c066d14734ce6f32b8d,-0.179299561521157,GACCCAAAGCACAGCGAACACCCAGAAAGGACGAGGCGGCGGGGGAGAGACCTGGTCCAAAACGCCGACGGTGTCCTGTTCTCCCTGCAGGAAGGCAGAAGGGTACGGGTTATTCTGGACAGCCTTCTGCCTGCGGGAAAGCCCCCACACCCAACCCGACAGCACCTCAGAGCATTTCCACCCTTCAGTGATCTCCCCTT,9eae476e780deb0e95017e953b3566c561e9131d6e4a0411839f338adcb47e5c,-0.192153172069483,0.206728650223866,0.46414361776349,-255.2413100004196,-254.68024523556232,-254.036143258214,-255.28906200826168,-1.8139835149049475,-1.0,-0.206728650223866,0.0,3,0.1778192965948189,0.18106719778262317,0.1474303780702046,0.29107776177285166,1.0
chr11:134611854:C:T;chr11:134611935:G:A;var1;middle;OL30|K562|8a94bc3f8f00de9a,chr11:134611854:C:T;chr11:134611935:G:A;var1;middle;OL30,K562,K562_region_00416,100,181,81,CTGGCCACAGAGGAGGGACAGGTCAGGCCGGAGTAGTGTGTGCTGTACTCAACGCTGCCTGCAACCCTGAGGACTGATGTAAGTCTTCCAAATTCAACACGCAAGCTCTGCCTCCAGTTCAGATCAGCTTTTAAAAGGGGCGGACAATGTCTTATCTAGAGGGAAATTCCACAGATGCTTGTTCTATTTCCAGGTCTTGC,2efe4acff8c44a1cd53dd692426bad3f3a758f020161ee65e3e00f03af30d49d,0.0,CTGGCCACAGAGGAGGGACAGGTCAGGCCGGAGTAGTGTGTGCTGTACTCAACGCTGCCTGCAACCCTGAGGACTGATGTAAGTCTTCCAAATTCAACATGCAAGCTCTGCCTCCAGTTCAGATCAGCTTTTAAAAGGGGCGGACAATGTCTTATCTAGAGGGAAATTCCACAGATGCTTGTTCTATTTCCAGGTCTTGC,d675526dff366843393ad865839867efdf030d98edb11003c84aa1de636f7aa8,-0.0273474097418473,CTGGCCACAGAGGAGGGACAGGTCAGGCCGGAGTAGTGTGTGCTGTACTCAACGCTGCCTGCAACCCTGAGGACTGATGTAAGTCTTCCAAATTCAACACGCAAGCTCTGCCTCCAGTTCAGATCAGCTTTTAAAAGGGGCGGACAATGTCTTATCTAGAGGGAAATTCCACAGATGCTTATTCTATTTCCAGGTCTTGC,830d1ce6ef7c55ad83fec707a16d3b12b5d39051196865a2ca16eaec6b0116a5,-0.229563182870121,CTGGCCACAGAGGAGGGACAGGTCAGGCCGGAGTAGTGTGTGCTGTACTCAACGCTGCCTGCAACCCTGAGGACTGATGTAAGTCTTCCAAATTCAACATGCAAGCTCTGCCTCCAGTTCAGATCAGCTTTTAAAAGGGGCGGACAATGTCTTATCTAGAGGGAAATTCCACAGATGCTTATTCTATTTCCAGGTCTTGC,8a94bc3f8f00de9a168ba6cb16e18eece813f699779e096e178b6446da957b12,-0.17952330510134,0.0773872875106282,0.228053512820571,-349.0177515638061,-368.3714612834156,-394.5867454246618,-391.0643312339671,22.87612391030416,-1.0,-0.0773872875106282,0.0,1,0.2056402401996395,0.18216460459877223,0.1501433469024087,0.20878745272612753,1.0
chr11:134625044:G:A;chr11:134625076:G:A;var1;middle;OL41|K562|368fba873f8586b3,chr11:134625044:G:A;chr11:134625076:G:A;var1;middle;OL41,K562,K562_region_00417,100,132,32,GGGCCAGGAATGGGCCAGCCATGCATGCACACGTGTTTGTGTATGGGCTGTGTGTGTGCATGCTGGGGTGCAGGGATGCTAAGAGATGCCCTGTGCTTCGTAGGCAATGCTTCTGGCAATTCTGAAACTTTGTGAGATGAGTTCTGTGACAGCTTCTGCCTCACAGATAGAAACATGAGGCACGGGAAGTTAAATAGCGT,a2170352b79e54ed72bd5265f057aa6b24d2dc0f1d3be0a3ec24581dfccee51a,0.0,GGGCCAGGAATGGGCCAGCCATGCATGCACACGTGTTTGTGTATGGGCTGTGTGTGTGCATGCTGGGGTGCAGGGATGCTAAGAGATGCCCTGTGCTTCATAGGCAATGCTTCTGGCAATTCTGAAACTTTGTGAGATGAGTTCTGTGACAGCTTCTGCCTCACAGATAGAAACATGAGGCACGGGAAGTTAAATAGCGT,eb5415f88e8aa887d3593ede630cbeeaa68d2098a98eb1ec4990485b4b0b62e0,0.308573514968526,GGGCCAGGAATGGGCCAGCCATGCATGCACACGTGTTTGTGTATGGGCTGTGTGTGTGCATGCTGGGGTGCAGGGATGCTAAGAGATGCCCTGTGCTTCGTAGGCAATGCTTCTGGCAATTCTGAAACTTTATGAGATGAGTTCTGTGACAGCTTCTGCCTCACAGATAGAAACATGAGGCACGGGAAGTTAAATAGCGT,0985cba1ae2f55f64a0ad9b667cc5781372906db56432dbc511572aef311cb87,-0.248682491221182,GGGCCAGGAATGGGCCAGCCATGCATGCACACGTGTTTGTGTATGGGCTGTGTGTGTGCATGCTGGGGTGCAGGGATGCTAAGAGATGCCCTGTGCTTCATAGGCAATGCTTCTGGCAATTCTGAAACTTTATGAGATGAGTTCTGTGACAGCTTCTGCCTCACAGATAGAAACATGAGGCACGGGAAGTTAAATAGCGT,368fba873f8586b34b9da9b2c1a9ace39605ffadfda2972b331c36b1b53baf21,0.0427705187315848,-0.0171205050157591,0.276231431019216,-243.71437143487856,-248.34573780139908,-231.2025491707027,-242.2307466957718,-6.3968311585485935,-1.0,0.0171205050157591,0.0,3,0.16858859172678786,0.18106719778262317,0.1474303780702046,0.11823058336811629,1.0
chr11:134625046:A:C;chr11:134625076:G:A;var1;middle;OL41|K562|9d4c0d27c18cc754,chr11:134625046:A:C;chr11:134625076:G:A;var1;middle;OL41,K562,K562_region_00417,100,130,30,GCCAGGAATGGGCCAGCCATGCATGCACACGTGTTTGTGTATGGGCTGTGTGTGTGCATGCTGGGGTGCAGGGATGCTAAGAGATGCCCTGTGCTTCGTAGGCAATGCTTCTGGCAATTCTGAAACTTTGTGAGATGAGTTCTGTGACAGCTTCTGCCTCACAGATAGAAACATGAGGCACGGGAAGTTAAATAGCGTGC,b773d136902537e7d49c91a330fc1bd63ba84c847059c2f1bc9cac551d37dd54,0.0,GCCAGGAATGGGCCAGCCATGCATGCACACGTGTTTGTGTATGGGCTGTGTGTGTGCATGCTGGGGTGCAGGGATGCTAAGAGATGCCCTGTGCTTCGTCGGCAATGCTTCTGGCAATTCTGAAACTTTGTGAGATGAGTTCTGTGACAGCTTCTGCCTCACAGATAGAAACATGAGGCACGGGAAGTTAAATAGCGTGC,d668c761fa612a280bce0ae235d32b136fd1a333dccecf608c4e8beb88b02730,0.130366437121314,GCCAGGAATGGGCCAGCCATGCATGCACACGTGTTTGTGTATGGGCTGTGTGTGTGCATGCTGGGGTGCAGGGATGCTAAGAGATGCCCTGTGCTTCGTAGGCAATGCTTCTGGCAATTCTGAAACTTTATGAGATGAGTTCTGTGACAGCTTCTGCCTCACAGATAGAAACATGAGGCACGGGAAGTTAAATAGCGTGC,7afbd5f23757931e90ed5b16e8bce4450d20104acdee40b6ca3b92fbb0ba359f,0.332643686923184,GCCAGGAATGGGCCAGCCATGCATGCACACGTGTTTGTGTATGGGCTGTGTGTGTGCATGCTGGGGTGCAGGGATGCTAAGAGATGCCCTGTGCTTCGTCGGCAATGCTTCTGGCAATTCTGAAACTTTATGAGATGAGTTCTGTGACAGCTTCTGCCTCACAGATAGAAACATGAGGCACGGGAAGTTAAATAGCGTGC,9d4c0d27c18cc754f17a2f2222b337cd606db8bd7b8eb61ffb2ee2dd0c57678f,0.409678896753367,0.053331227291131,0.31166783985046,-213.32354632392529,-239.19567856937647,-212.54577930271623,-231.67472392134368,-6.7431876268237545,1.0,0.053331227291131,0.0,3,0.167890965581128,0.18106719778262317,0.1474303780702046,0.1447802583570813,1.0
chr11:134625518:T:C;chr11:134625552:C:A;var1;middle;OL41|K562|da555287df77c1de,chr11:134625518:T:C;chr11:134625552:C:A;var1;middle;OL41,K562,K562_region_00418,100,134,34,ACAGGGACAGGATGGAGTGGGGCACTGGGTGCTTCAAGCCAAGTGTCCCGTGGATGAATGACCAGGCCAAGGTTTGGGTAGAGCATGGGGACGGTTGGGTTCTGGAGCATTAGAGCTCCCCACGGCTGCTGAACGGTTCCTCTCAGAGTCAGCACACTGAGTGGGGCCTTGTGAGGAAGGCGAGGCAAGCCGTGGAGCTA,933816d7205c256fbeed10c2745046acee03eef3f364d662b6beb57e611778db,0.0,ACAGGGACAGGATGGAGTGGGGCACTGGGTGCTTCAAGCCAAGTGTCCCGTGGATGAATGACCAGGCCAAGGTTTGGGTAGAGCATGGGGACGGTTGGGCTCTGGAGCATTAGAGCTCCCCACGGCTGCTGAACGGTTCCTCTCAGAGTCAGCACACTGAGTGGGGCCTTGTGAGGAAGGCGAGGCAAGCCGTGGAGCTA,5a676337a86615d523192e49e8e72dd6849f66fe45eba760efe54e38ddb8c2ad,-0.0051802803421967,ACAGGGACAGGATGGAGTGGGGCACTGGGTGCTTCAAGCCAAGTGTCCCGTGGATGAATGACCAGGCCAAGGTTTGGGTAGAGCATGGGGACGGTTGGGTTCTGGAGCATTAGAGCTCCCCACGGCTGCTGAAAGGTTCCTCTCAGAGTCAGCACACTGAGTGGGGCCTTGTGAGGAAGGCGAGGCAAGCCGTGGAGCTA,3a428c99934236cba6e55da4b8716ac90e9680d496db09e44929d3d4dd27a50c,-0.0189520522861305,ACAGGGACAGGATGGAGTGGGGCACTGGGTGCTTCAAGCCAAGTGTCCCGTGGATGAATGACCAGGCCAAGGTTTGGGTAGAGCATGGGGACGGTTGGGCTCTGGAGCATTAGAGCTCCCCACGGCTGCTGAAAGGTTCCTCTCAGAGTCAGCACACTGAGTGGGGCCTTGTGAGGAAGGCGAGGCAAGCCGTGGAGCTA,da555287df77c1def33236a57939c0b88d7c94ceaa681a3617ec5022f0374f93,-0.0357161140922844,0.0115837814639572,0.28890016146219,-339.39649983495474,-328.6654579862952,-343.060741873458,-325.5619850605726,-6.767714964225888,1.0,0.0115837814639572,0.0,0,0.17708367946192072,0.18565657667894103,0.15145376406925343,-0.09206299625413814,1.0
chr11:134626123:A:G;chr11:134626169:T:G;var1;middle;OL41|K562|061a1b085e02876c,chr11:134626123:A:G;chr11:134626169:T:G;var1;middle;OL41,K562,K562_region_00419,100,146,46,GCTACAATCTAGTAACAATGTGGTGGAGAGAAAGGAGGAAAATAGGCCACACCAAAGGACTTACTAGTTATGCAATGCACTCGAATCCAGTTTAAGTTCAGCGCTCTCATCTGTAAAAGTGGGGCAAGAATTTGCCTTTTGATGTTGGGAGATCAAGTTCTTGGCTGAGGGAGGGTTTGGAAATTATAGATCACTCACAA,913ec4252180a500bdddb66329c86012726d2077b7d373c5332fc505a9c31ac5,0.0,GCTACAATCTAGTAACAATGTGGTGGAGAGAAAGGAGGAAAATAGGCCACACCAAAGGACTTACTAGTTATGCAATGCACTCGAATCCAGTTTAAGTTCGGCGCTCTCATCTGTAAAAGTGGGGCAAGAATTTGCCTTTTGATGTTGGGAGATCAAGTTCTTGGCTGAGGGAGGGTTTGGAAATTATAGATCACTCACAA,b03e55dcaa8111437413678d81a196ef992107e0e40dbfa319cba9f32ba7a07c,0.0299841424983589,GCTACAATCTAGTAACAATGTGGTGGAGAGAAAGGAGGAAAATAGGCCACACCAAAGGACTTACTAGTTATGCAATGCACTCGAATCCAGTTTAAGTTCAGCGCTCTCATCTGTAAAAGTGGGGCAAGAATTTGCCTTTTGATGTGGGGAGATCAAGTTCTTGGCTGAGGGAGGGTTTGGAAATTATAGATCACTCACAA,f7869d1a848d48fa1419813c63f2adc2577860fe0c14c8b61a2366bc0d6c4a88,0.123529478611506,GCTACAATCTAGTAACAATGTGGTGGAGAGAAAGGAGGAAAATAGGCCACACCAAAGGACTTACTAGTTATGCAATGCACTCGAATCCAGTTTAAGTTCGGCGCTCTCATCTGTAAAAGTGGGGCAAGAATTTGCCTTTTGATGTGGGGAGATCAAGTTCTTGGCTGAGGGAGGGTTTGGAAATTATAGATCACTCACAA,061a1b085e02876cbd5b2bab050dbcc1e6019b91567512674d922c7df4f034ce,0.14673081265437,0.0067828084554948,0.230464567671202,-260.4714801684022,-326.3767190501094,-252.81515309214592,-279.28260957449675,-39.437782399356365,1.0,0.0067828084554948,0.0,3,0.10203798974770632,0.18106719778262317,0.1474303780702046,0.12755649026378063,1.0
chr11:16359555:T:C;chr11:16359567:G:A;var1;middle;OL31|K562|a7feb27e04b3a677,chr11:16359555:T:C;chr11:16359567:G:A;var1;middle;OL31,K562,K562_region_00337,100,112,12,TCACATTTAAAGATTTTTTTTCTAATCAGGAAGTGGGAATTAGTAGAGCTTCTTTGCTTTGTCTTCACCTTCTCTGACAGAAAACTTCCTCTGTGGTCATGACATTTCAAAGTAAAACCCTTCCTGTACCCAAGAGATAAGAAACTTTTAGGGCTTGTTTCTAACAGTTCATGAATGAGGGCCATGAGGGCCATTACAGA,e4d1ec5245480c92d9969a2d74a634eb04ef5691e375929b03603c95a9e2e1b3,0.0,TCACATTTAAAGATTTTTTTTCTAATCAGGAAGTGGGAATTAGTAGAGCTTCTTTGCTTTGTCTTCACCTTCTCTGACAGAAAACTTCCTCTGTGGTCACGACATTTCAAAGTAAAACCCTTCCTGTACCCAAGAGATAAGAAACTTTTAGGGCTTGTTTCTAACAGTTCATGAATGAGGGCCATGAGGGCCATTACAGA,3a5df0bfac850618d439a31d6d24df0f088ec5206e678ba36b15338bf101f128,-0.419102060588983,TCACATTTAAAGATTTTTTTTCTAATCAGGAAGTGGGAATTAGTAGAGCTTCTTTGCTTTGTCTTCACCTTCTCTGACAGAAAACTTCCTCTGTGGTCATGACATTTCAAAATAAAACCCTTCCTGTACCCAAGAGATAAGAAACTTTTAGGGCTTGTTTCTAACAGTTCATGAATGAGGGCCATGAGGGCCATTACAGA,d93f11505a13d22dc8b9f3dd3d46da66cfd9b1836eb955808ce6068440a4ecd7,0.090605178809055,TCACATTTAAAGATTTTTTTTCTAATCAGGAAGTGGGAATTAGTAGAGCTTCTTTGCTTTGTCTTCACCTTCTCTGACAGAAAACTTCCTCTGTGGTCACGACATTTCAAAATAAAACCCTTCCTGTACCCAAGAGATAAGAAACTTTTAGGGCTTGTTTCTAACAGTTCATGAATGAGGGCCATGAGGGCCATTACAGA,a7feb27e04b3a677cfe77ccce89fcb0fa28fa8cccc87d7e70db03705fc69efff,-0.826823817104966,0.4983269353250379,0.125167635961238,-291.8833063170314,-264.5787885822356,-289.12189519172534,-254.29298205301168,-7.5243954039178504,1.0,0.4983269353250379,0.0,3,0.16631746827297117,0.18106719778262317,0.1474303780702046,0.2781998758059397,1.0
chr11:1689409:G:A;chr11:1689461:C:G;var1;middle;OL41|K562|a8b09f656e6b56a9,chr11:1689409:G:A;chr11:1689461:C:G;var1;middle;OL41,K562,K562_region_00305,100,152,52,CTCACTTCGGAGCACGCAGGCTGATTGTGGAGACATCTCCCAGCCAGGATGTGTCAACAGGGAATGTGCTGGGGACAGCGGGAGTTCACAGCCACCCCCGCAGGCGCCTTCCTGGAGCACGTCCACAGGCCATGTGCAGCTGCATCCCCCACGACGGCAGGGACAAGTTCCTTCCATAGGGCCCGGGTGGCCCCCAGAGC,071331babbd50a8e2123900696d4e9dcc7a7f6a2822899cbaf37d3443d2f5108,0.0,CTCACTTCGGAGCACGCAGGCTGATTGTGGAGACATCTCCCAGCCAGGATGTGTCAACAGGGAATGTGCTGGGGACAGCGGGAGTTCACAGCCACCCCCACAGGCGCCTTCCTGGAGCACGTCCACAGGCCATGTGCAGCTGCATCCCCCACGACGGCAGGGACAAGTTCCTTCCATAGGGCCCGGGTGGCCCCCAGAGC,cffabd7e57b29fc23a263f3ef328383b66f7bd3e047578fc0f0a9c6204697173,-0.24867368468274,CTCACTTCGGAGCACGCAGGCTGATTGTGGAGACATCTCCCAGCCAGGATGTGTCAACAGGGAATGTGCTGGGGACAGCGGGAGTTCACAGCCACCCCCGCAGGCGCCTTCCTGGAGCACGTCCACAGGCCATGTGCAGCTGCATCCCCCAGGACGGCAGGGACAAGTTCCTTCCATAGGGCCCGGGTGGCCCCCAGAGC,c00c3ad3b2062faf01af612b8db0021ce2b0bce530f4f4606ad0ca0ec239c407,0.632716206536705,CTCACTTCGGAGCACGCAGGCTGATTGTGGAGACATCTCCCAGCCAGGATGTGTCAACAGGGAATGTGCTGGGGACAGCGGGAGTTCACAGCCACCCCCACAGGCGCCTTCCTGGAGCACGTCCACAGGCCATGTGCAGCTGCATCCCCCAGGACGGCAGGGACAAGTTCCTTCCATAGGGCCCGGGTGGCCCCCAGAGC,a8b09f656e6b56a9b0e8be347fc960b53d3ff6c7dbfe63f5d3952545f267c50a,0.41590212528024,0.0318596034262749,0.398783403203952,-425.39497059746645,-419.8027935230639,-402.6680316149723,-393.1667695222423,3.909085018327403,-1.0,-0.0318596034262749,0.0,4,0.18104429049311765,0.17620727786206916,0.145609630836647,0.11650021100293788,1.0
chr11:17298814:A:G;chr11:17298859:G:C;var1;middle;OL41|K562|5f0e9c4c3ef1332e,chr11:17298814:A:G;chr11:17298859:G:C;var1;middle;OL41,K562,K562_region_00338,100,145,45,TAGTGAGGAGGGACACCCACCAATTCCAGGCGATGCTCCCCTGTGCCGCTCAGCAAAGCTAGGCCCGGGGATCCTGCTCTTCTCCGGTCTGGTTAAGCCAGCAACCTCTGACACTTAGGAGAAAGTTAGTGTAAGTCGTGATATGCTTTTCACTTAAGTGACAAATTAGGTACGAGATGAACCCTTTTGGTTTTAGGAGA,02763595c767ed2c398207ac05352234f23b63e45e612ff68368d6c761745637,0.0,TAGTGAGGAGGGACACCCACCAATTCCAGGCGATGCTCCCCTGTGCCGCTCAGCAAAGCTAGGCCCGGGGATCCTGCTCTTCTCCGGTCTGGTTAAGCCGGCAACCTCTGACACTTAGGAGAAAGTTAGTGTAAGTCGTGATATGCTTTTCACTTAAGTGACAAATTAGGTACGAGATGAACCCTTTTGGTTTTAGGAGA,0112d5c0a14ebfd0bf910fee34996002f2c0bcd642b01b4cc2281e4b2e64dec8,0.0451374900283028,TAGTGAGGAGGGACACCCACCAATTCCAGGCGATGCTCCCCTGTGCCGCTCAGCAAAGCTAGGCCCGGGGATCCTGCTCTTCTCCGGTCTGGTTAAGCCAGCAACCTCTGACACTTAGGAGAAAGTTAGTGTAAGTCGTGATATCCTTTTCACTTAAGTGACAAATTAGGTACGAGATGAACCCTTTTGGTTTTAGGAGA,2f51f26ac3f1976c586ca17b12ef391707916db7a545d44b135d6e3cc45be748,-0.186563994120753,TAGTGAGGAGGGACACCCACCAATTCCAGGCGATGCTCCCCTGTGCCGCTCAGCAAAGCTAGGCCCGGGGATCCTGCTCTTCTCCGGTCTGGTTAAGCCGGCAACCTCTGACACTTAGGAGAAAGTTAGTGTAAGTCGTGATATCCTTTTCACTTAAGTGACAAATTAGGTACGAGATGAACCCTTTTGGTTTTAGGAGA,5f0e9c4c3ef1332e6ee3775494c8e82efcbd3322f9d9e2e21747e9667f86fc48,-0.0659864073781428,0.0754400967143073,0.267174760240749,-396.81835065130144,-399.3460077662021,-387.0862358491868,-389.6552677070722,-0.04137474298477173,-1.0,-0.0754400967143073,0.0,2,0.17513422339905452,0.17490732828716207,0.146091925319964,0.2634071247831319,1.0
chr11:17406607:C:G;chr11:17406632:T:C;var1;middle;OL41|K562|fde62ff40996a739,chr11:17406607:C:G;chr11:17406632:T:C;var1;middle;OL41,K562,K562_region_00339,100,125,25,CAGTCACAGCCTGAAATGGCTGCTAAGAAGCTAGCCTTGACCCAGAGGTGATGGGGAACTACCGAAGGTATTTCATGATGAGGGTGGGGGGTGACCCACCCTTCTAAGACCACCCTGGAGGCTGTGTGGCAGATGGACTACAGTGGGTGAGATGGAGACAAGGGGACCAGGTCACAGGCATTGCCACAGCCCCTAAAATC,cad35f1ad37231c6c1cf1c661614b691b765b84ff5a196d24e2fa4ceca4c2597,0.0,CAGTCACAGCCTGAAATGGCTGCTAAGAAGCTAGCCTTGACCCAGAGGTGATGGGGAACTACCGAAGGTATTTCATGATGAGGGTGGGGGGTGACCCACGCTTCTAAGACCACCCTGGAGGCTGTGTGGCAGATGGACTACAGTGGGTGAGATGGAGACAAGGGGACCAGGTCACAGGCATTGCCACAGCCCCTAAAATC,c507d7c10b422414a67756fa93b7217f360f5f1dea1278dc7a837223d0c6a574,-0.353020716766895,CAGTCACAGCCTGAAATGGCTGCTAAGAAGCTAGCCTTGACCCAGAGGTGATGGGGAACTACCGAAGGTATTTCATGATGAGGGTGGGGGGTGACCCACCCTTCTAAGACCACCCTGGAGGCTGCGTGGCAGATGGACTACAGTGGGTGAGATGGAGACAAGGGGACCAGGTCACAGGCATTGCCACAGCCCCTAAAATC,27a6e634e2e16c27eef1203d7393896c6137d0118670125f612c3231d9c4d090,-0.211559390033605,CAGTCACAGCCTGAAATGGCTGCTAAGAAGCTAGCCTTGACCCAGAGGTGATGGGGAACTACCGAAGGTATTTCATGATGAGGGTGGGGGGTGACCCACGCTTCTAAGACCACCCTGGAGGCTGCGTGGCAGATGGACTACAGTGGGTGAGATGGAGACAAGGGGACCAGGTCACAGGCATTGCCACAGCCCCTAAAATC,fde62ff40996a739e23e4aebae21c1d4a564f105340abe9c24fd9eec9fae96cc,0.598475125706131,1.163055232506631,0.227289587507042,-258.16775796609,-266.8697650930844,-264.30395216681063,-274.12684778450057,-1.1208884906955063,-1.0,-1.163055232506631,0.0,4,0.17481008439582302,0.17620727786206916,0.145609630836647,0.17915090740689793,1.0
chr11:18433720:C:G;chr11:18433780:A:G;var1;middle;OL41|K562|33e4cf6d08c59574,chr11:18433720:C:G;chr11:18433780:A:G;var1;middle;OL41,K562,K562_region_00340,100,160,60,AGTCCTGAAGTTACAGAAGTTAATAATTTTTTAAAATCCTGCAAACAATGCATGGATATCCCCGTCTTGCACACTCTTTGGGCCAGTCTAGAATTCTTCCCATCAGCATTTCGGTGATCTGGACCGCCGCCACCCACACTGCGCTCCAGGGCAGAAAAGACGCCCCATGCCCGCGCCTGGGCCGGCGGGGGGCGGAGCTT,7bc70aa3b5ebdbaeada13f53d6f939b42a6911f344bd14746ed15bce1d5523cf,0.0,AGTCCTGAAGTTACAGAAGTTAATAATTTTTTAAAATCCTGCAAACAATGCATGGATATCCCCGTCTTGCACACTCTTTGGGCCAGTCTAGAATTCTTCGCATCAGCATTTCGGTGATCTGGACCGCCGCCACCCACACTGCGCTCCAGGGCAGAAAAGACGCCCCATGCCCGCGCCTGGGCCGGCGGGGGGCGGAGCTT,7b88610c1da227ecdc0cf9d403004cc70d120a874dc2f1b4055e3e09e5d4e49a,-0.184196071101989,AGTCCTGAAGTTACAGAAGTTAATAATTTTTTAAAATCCTGCAAACAATGCATGGATATCCCCGTCTTGCACACTCTTTGGGCCAGTCTAGAATTCTTCCCATCAGCATTTCGGTGATCTGGACCGCCGCCACCCACACTGCGCTCCAGGGCAGAAAAGGCGCCCCATGCCCGCGCCTGGGCCGGCGGGGGGCGGAGCTT,166b96ccbc4a449c14b3877fa27b7f028c7b3ede4ab493cfaae1a3fa2120eb0d,0.146770923592907,AGTCCTGAAGTTACAGAAGTTAATAATTTTTTAAAATCCTGCAAACAATGCATGGATATCCCCGTCTTGCACACTCTTTGGGCCAGTCTAGAATTCTTCGCATCAGCATTTCGGTGATCTGGACCGCCGCCACCCACACTGCGCTCCAGGGCAGAAAAGGCGCCCCATGCCCGCGCCTGGGCCGGCGGGGGGCGGAGCTT,33e4cf6d08c59574e9950b89566a191be01b078fdd1d78981e802a9456d92159,0.0591948668579742,0.0966200143670562,0.236119223891357,-355.8464428349398,-364.6252780770883,-345.8367193010636,-354.738637215225,-0.12308267201296985,-1.0,-0.0966200143670562,0.0,4,0.17604677622085713,0.17620727786206916,0.145609630836647,0.33799374896777085,1.0
chr11:18433840:C:T;chr11:18433889:A:C;var1;middle;OL41|K562|171c47a7e921da13,chr11:18433840:C:T;chr11:18433889:A:C;var1;middle;OL41,K562,K562_region_00340,100,149,49,GGACCGCCGCCACCCACACTGCGCTCCAGGGCAGAAAAGACGCCCCATGCCCGCGCCTGGGCCGGCGGGGGGCGGAGCTTGCGTGCTGACGCATAAGAGCCGAGCGGGGGAACGTGCGTGTCTCGAGTCGCACGGAGGGCAACCGTCGACGGGCTTAGCGCCTCAACTGTCGTTGGTGTATTTTTCTGGTGTCACTTCTG,1f76b38474da0b4d880974fa3996f0ea44c71a013ee1f026c8ad6e71d01c70f1,0.0,GGACCGCCGCCACCCACACTGCGCTCCAGGGCAGAAAAGACGCCCCATGCCCGCGCCTGGGCCGGCGGGGGGCGGAGCTTGCGTGCTGACGCATAAGAGTCGAGCGGGGGAACGTGCGTGTCTCGAGTCGCACGGAGGGCAACCGTCGACGGGCTTAGCGCCTCAACTGTCGTTGGTGTATTTTTCTGGTGTCACTTCTG,93a5d91ac6eb180d990ccdd83dbe8f5f4dcab13dc719f2ca1b14293d0ae65287,-0.197200094268641,GGACCGCCGCCACCCACACTGCGCTCCAGGGCAGAAAAGACGCCCCATGCCCGCGCCTGGGCCGGCGGGGGGCGGAGCTTGCGTGCTGACGCATAAGAGCCGAGCGGGGGAACGTGCGTGTCTCGAGTCGCACGGAGGGCAACCGTCGCCGGGCTTAGCGCCTCAACTGTCGTTGGTGTATTTTTCTGGTGTCACTTCTG,0678a2d26067c282a2adc822f035c96337ed4258840318db7a950ff8bda31125,1.63595599787369,GGACCGCCGCCACCCACACTGCGCTCCAGGGCAGAAAAGACGCCCCATGCCCGCGCCTGGGCCGGCGGGGGGCGGAGCTTGCGTGCTGACGCATAAGAGTCGAGCGGGGGAACGTGCGTGTCTCGAGTCGCACGGAGGGCAACCGTCGCCGGGCTTAGCGCCTCAACTGTCGTTGGTGTATTTTTCTGGTGTCACTTCTG,171c47a7e921da139edba3fa7f1f6878653d00bab027b2a736b652bad831006e,1.45661253382743,0.017856630222381,0.132489980865993,-416.69590243604034,-377.09944067010656,-406.2235390557908,-358.72608772153035,7.900989568326622,-1.0,-0.017856630222381,0.0,4,0.18599190217353334,0.17620727786206916,0.145609630836647,0.16498070571185125,1.0
chr11:18479739:T:C;chr11:18479762:T:A;var1;middle;OL41|K562|539fa1f2403b1e08,chr11:18479739:T:C;chr11:18479762:T:A;var1;middle;OL41,K562,K562_region_00341,100,123,23,CAGCTGCTGCTTGGCTTTGGTTGCAGGAGTGGAGGGAATTTTGGGGCTTCTGATGGGAGGTTCCAGGGCCCAGGATAGGGCAGTGCCATGGGGCTGCACTTGTTTCATGGCCCTATCCATGATGGGAGGTCCTAGATAGATCTCAGGTGGAGGTGGTGGATAGGAGTACAGAAGGGCAGGAGTGCATTCCATTGCAACTG,94e7957336e8ffb803bceeb81a62be89c39a63c6b1862e992ecd04c969b2ef17,0.0,CAGCTGCTGCTTGGCTTTGGTTGCAGGAGTGGAGGGAATTTTGGGGCTTCTGATGGGAGGTTCCAGGGCCCAGGATAGGGCAGTGCCATGGGGCTGCACCTGTTTCATGGCCCTATCCATGATGGGAGGTCCTAGATAGATCTCAGGTGGAGGTGGTGGATAGGAGTACAGAAGGGCAGGAGTGCATTCCATTGCAACTG,4740898358c1653360db8b0e7f06b447166a654ea07bca9ddb228cee66e8b359,-0.415870982702314,CAGCTGCTGCTTGGCTTTGGTTGCAGGAGTGGAGGGAATTTTGGGGCTTCTGATGGGAGGTTCCAGGGCCCAGGATAGGGCAGTGCCATGGGGCTGCACTTGTTTCATGGCCCTATCCATGAAGGGAGGTCCTAGATAGATCTCAGGTGGAGGTGGTGGATAGGAGTACAGAAGGGCAGGAGTGCATTCCATTGCAACTG,3fd70a163e6dfbe09f0fc646ef6e239dfe7150f618de99e866fa88da450e5512,-0.149100836243089,CAGCTGCTGCTTGGCTTTGGTTGCAGGAGTGGAGGGAATTTTGGGGCTTCTGATGGGAGGTTCCAGGGCCCAGGATAGGGCAGTGCCATGGGGCTGCACCTGTTTCATGGCCCTATCCATGAAGGGAGGTCCTAGATAGATCTCAGGTGGAGGTGGTGGATAGGAGTACAGAAGGGCAGGAGTGCATTCCATTGCAACTG,539fa1f2403b1e0837952f34937c6e162e86fa6b614224e9a4f92cf417082794,0.018970665412718,0.5839424843581209,0.316158560759368,-287.37150671333075,-277.7556335357949,-282.4806622248143,-276.7893851259724,-3.9245960786939236,-1.0,-0.5839424843581209,0.0,2,0.16947993916875653,0.17490732828716207,0.146091925319964,0.08062617720263392,1.0
chr11:1864564:A:G;chr11:1864592:G:C;var1;middle;OL41|K562|caec773102135e72,chr11:1864564:A:G;chr11:1864592:G:C;var1;middle;OL41,K562,K562_region_00306,100,128,28,CACGTCCCATGCAGAGCCAGGCAGGCAACAGGCAGAGCGAGGGACAGGCGGCGGTGGGGCCTGGCCATGGACCCCTTGCAGGGGACATGGCACCTTTCCAGAGCCTGTGCCTACTGGGAAAGGGGGCGGGACCCAATCCCACAGGGCGTCAGGGGGGTGTGGCAGAGGAGTTGGGGCAGGCGCATCACACCTGGCTGCCA,e24e9033a43ec55a0b4d665c1d6ea8d6f2b313123995919dec7586bf6ba90c2e,0.0,CACGTCCCATGCAGAGCCAGGCAGGCAACAGGCAGAGCGAGGGACAGGCGGCGGTGGGGCCTGGCCATGGACCCCTTGCAGGGGACATGGCACCTTTCCGGAGCCTGTGCCTACTGGGAAAGGGGGCGGGACCCAATCCCACAGGGCGTCAGGGGGGTGTGGCAGAGGAGTTGGGGCAGGCGCATCACACCTGGCTGCCA,33ea08a6449cf8d2e4b1555e48ee28599e7291ab74d69a372e245a93fa25b237,0.0808569373126625,CACGTCCCATGCAGAGCCAGGCAGGCAACAGGCAGAGCGAGGGACAGGCGGCGGTGGGGCCTGGCCATGGACCCCTTGCAGGGGACATGGCACCTTTCCAGAGCCTGTGCCTACTGGGAAAGGGGGCCGGACCCAATCCCACAGGGCGTCAGGGGGGTGTGGCAGAGGAGTTGGGGCAGGCGCATCACACCTGGCTGCCA,636be5b732656883b022e37e5dd78e2b0d6b0635e9312883996f836685c9cf41,-1.30158553882366,CACGTCCCATGCAGAGCCAGGCAGGCAACAGGCAGAGCGAGGGACAGGCGGCGGTGGGGCCTGGCCATGGACCCCTTGCAGGGGACATGGCACCTTTCCGGAGCCTGTGCCTACTGGGAAAGGGGGCCGGACCCAATCCCACAGGGCGTCAGGGGGGTGTGGCAGAGGAGTTGGGGCAGGCGCATCACACCTGGCTGCCA,caec773102135e721ed611780c737dbea8d6a177ea8c5457e47b7770d8aa035d,-1.45752193719198,0.2367933356809826,0.292897633348146,-298.4476301101968,-315.8787465142086,-302.9145884984173,-313.243738357909,-7.101966544520053,1.0,0.2367933356809826,0.0,3,0.16716831831906606,0.18106719778262317,0.1474303780702046,0.3214585971204863,1.0
chr11:1876867:C:T;chr11:1876945:G:A;var1;middle;OL30|K562|5665bef64788e784,chr11:1876867:C:T;chr11:1876945:G:A;var1;middle;OL30,K562,K562_region_00307,100,178,78,CAGAACCACCCCTCCATGATGTGGTCTCTCAGATGCCCCCAGGACAGGACTGTCCTCTCCCACGAGGCCTCAGGCCAAAGAAGGTCCCCTGACCCTGGGCGGGGTCCAGGCTCCGCTTCGGCTACCAGCCAGGCTGGACTGCGGTTCCTCCACTCGGGGGCACTCCTGTCTCGCCCCGCTGTCCAGCAGACAGTCACTAG,620ced63e33ed20e7ef6c93c52b8826f14663d4de3565f48b6b4c8c577fb8c1e,0.0,CAGAACCACCCCTCCATGATGTGGTCTCTCAGATGCCCCCAGGACAGGACTGTCCTCTCCCACGAGGCCTCAGGCCAAAGAAGGTCCCCTGACCCTGGGTGGGGTCCAGGCTCCGCTTCGGCTACCAGCCAGGCTGGACTGCGGTTCCTCCACTCGGGGGCACTCCTGTCTCGCCCCGCTGTCCAGCAGACAGTCACTAG,5e6e1108f4a834cd5bf2c9342c3bdee57bb9ef2812c5378022a6941340f6e850,-0.721000320599444,CAGAACCACCCCTCCATGATGTGGTCTCTCAGATGCCCCCAGGACAGGACTGTCCTCTCCCACGAGGCCTCAGGCCAAAGAAGGTCCCCTGACCCTGGGCGGGGTCCAGGCTCCGCTTCGGCTACCAGCCAGGCTGGACTGCGGTTCCTCCACTCGGGGGCACTCCTGTCTCGCCCCACTGTCCAGCAGACAGTCACTAG,f3e33b33f952c988b7ba14add7a8d3a8303702c9009a1146b8d6e19b659c3129,-0.340430127554678,CAGAACCACCCCTCCATGATGTGGTCTCTCAGATGCCCCCAGGACAGGACTGTCCTCTCCCACGAGGCCTCAGGCCAAAGAAGGTCCCCTGACCCTGGGTGGGGTCCAGGCTCCGCTTCGGCTACCAGCCAGGCTGGACTGCGGTTCCTCCACTCGGGGGCACTCCTGTCTCGCCCCACTGTCCAGCAGACAGTCACTAG,5665bef64788e78438b25a660d9a8c62574ae0678b57fb5332f8cba797f09528,-0.596973085254676,0.4644573628994459,0.203563677049909,-356.31892323715147,-362.251086282311,-367.0555991069414,-373.7978300928371,-0.8100679407361895,-1.0,-0.4644573628994459,0.0,4,0.1751953189033696,0.17620727786206916,0.145609630836647,0.30414197589354375,1.0
chr11:207400:A:G;chr11:207462:A:G;var1;middle;OL31|K562|520aa0638c9cc5ac,chr11:207400:A:G;chr11:207462:A:G;var1;middle;OL31,K562,K562_region_00285,100,162,62,ACCCCGAGCCCAGTCCGCCATCGTGCCCTGCCCCGGCTCCTCGACGCGGACACCGACGCGGCCACAGCCGCCTCAGACGTGGCGCAGTCGCGGGGAAAGAGCTTCCGGCCCCGCCCCCAGCTAGCGATGGCCCCGCCTCCGCACCGACCACGCCCCTAGATAGCCCAGCCCCTTCCGCTTCGGGCTCGCTGACTTCCGGC,471262ca7d1654cbf375ae126afe36ce570c4f1bf1b135d3534e9da898a4472b,0.0,ACCCCGAGCCCAGTCCGCCATCGTGCCCTGCCCCGGCTCCTCGACGCGGACACCGACGCGGCCACAGCCGCCTCAGACGTGGCGCAGTCGCGGGGAAAGGGCTTCCGGCCCCGCCCCCAGCTAGCGATGGCCCCGCCTCCGCACCGACCACGCCCCTAGATAGCCCAGCCCCTTCCGCTTCGGGCTCGCTGACTTCCGGC,cb30f3aac0cf2f2faaa31397d926b4a330f4e197c016271b2799094abd76296c,-0.21975439794378,ACCCCGAGCCCAGTCCGCCATCGTGCCCTGCCCCGGCTCCTCGACGCGGACACCGACGCGGCCACAGCCGCCTCAGACGTGGCGCAGTCGCGGGGAAAGAGCTTCCGGCCCCGCCCCCAGCTAGCGATGGCCCCGCCTCCGCACCGACCACGCCCCTAGATGGCCCAGCCCCTTCCGCTTCGGGCTCGCTGACTTCCGGC,e0f3d74d0fbbd6c3fa09b241252c5954316b38f7b7942ca757f265711e358621,-0.127192309361023,ACCCCGAGCCCAGTCCGCCATCGTGCCCTGCCCCGGCTCCTCGACGCGGACACCGACGCGGCCACAGCCGCCTCAGACGTGGCGCAGTCGCGGGGAAAGGGCTTCCGGCCCCGCCCCCAGCTAGCGATGGCCCCGCCTCCGCACCGACCACGCCCCTAGATGGCCCAGCCCCTTCCGCTTCGGGCTCGCTGACTTCCGGC,520aa0638c9cc5acf6db66619cc2dbbc0e3162cd624800c8977d76c3fd97ff45,0.250808661630911,0.597755368935714,0.298125180630139,-261.58920320495963,-228.7324983272701,-225.04954210855067,-223.88094902597368,-31.688111795112547,-1.0,-0.597755368935714,0.0,2,0.12905401555492577,0.17490732828716207,0.146091925319964,0.24187700124343864,1.0
chr11:2197112:A:G;chr11:2197148:G:A;var1;middle;OL41|K562|58b4b3cd4a52c584,chr11:2197112:A:G;chr11:2197148:G:A;var1;middle;OL41,K562,K562_region_00308,100,136,36,CTCCACAATGGAGCGTGTTCTCTCTCAACAGCCTCTCAGCCCGAGGCTTAATCACCCAGATTAATCACCCAGCACGTCTGTGCCCTGGGACTGGTGCCCACTCCCCGCGTGGGGCAGGGTCAGAGTGCTGACTTCGACCTGGCTGTGAGGCTGCTCCGCCCACAGGGCGAGTCTCTGAGGCCACCAGGCCTGCTCCCCAG,6c5b9fec2cb25e69b2a217527b0a165857d154a219b6f586d49f21fb79ae2bda,0.0,CTCCACAATGGAGCGTGTTCTCTCTCAACAGCCTCTCAGCCCGAGGCTTAATCACCCAGATTAATCACCCAGCACGTCTGTGCCCTGGGACTGGTGCCCGCTCCCCGCGTGGGGCAGGGTCAGAGTGCTGACTTCGACCTGGCTGTGAGGCTGCTCCGCCCACAGGGCGAGTCTCTGAGGCCACCAGGCCTGCTCCCCAG,e6c4c54398f5220bc5b2a733bc8deab49ef6c3fce5f7d6479a49ecab229ca614,0.130804892524273,CTCCACAATGGAGCGTGTTCTCTCTCAACAGCCTCTCAGCCCGAGGCTTAATCACCCAGATTAATCACCCAGCACGTCTGTGCCCTGGGACTGGTGCCCACTCCCCGCGTGGGGCAGGGTCAGAGTGCTGACTTCAACCTGGCTGTGAGGCTGCTCCGCCCACAGGGCGAGTCTCTGAGGCCACCAGGCCTGCTCCCCAG,a73c82c3d81026b96501091a8727d07c62ce5379a3b3b1d44ddc6de937ba1f89,0.346466961554908,CTCCACAATGGAGCGTGTTCTCTCTCAACAGCCTCTCAGCCCGAGGCTTAATCACCCAGATTAATCACCCAGCACGTCTGTGCCCTGGGACTGGTGCCCGCTCCCCGCGTGGGGCAGGGTCAGAGTGCTGACTTCAACCTGGCTGTGAGGCTGCTCCGCCCACAGGGCGAGTCTCTGAGGCCACCAGGCCTGCTCCCCAG,58b4b3cd4a52c5842001c5ef684cad398fd87708ccef44afdc02e1d4b7d07f2d,0.508602669149223,-0.0313308150700419,0.324892615398051,-222.124288700521,-222.74085959419608,-218.9287920594216,-219.65702098235488,0.11165802925819435,1.0,-0.0313308150700419,0.0,1,0.18247876500368315,0.18216460459877223,0.1501433469024087,0.22154585377777578,1.0
chr11:2215584:A:G;chr11:2215587:T:C;var1;middle;OL28|K562|892d7c4bb5833f2d,chr11:2215584:A:G;chr11:2215587:T:C;var1;middle;OL28,K562,K562_region_00309,100,103,3,AGTCAGAGTGTGTGAGCCCGGCCCTGTGTGCACACATGTGAGAGTCAGAGTGTGTGAGCCCGGCCCTGTGTGCACACATGTGAGAGTCAGAGTGTGTGAACCTGGCCCTGTGTGCACCCGTGTGTGCATGCCGAGGGTCAATGGAAGACCAGGCCACCTGTGAAGGCCAGCTTAGCCTGCTGAGAGCGGTGATGGTGGCT,e55674f769ae83a1f483690d667b0ec5f14a582d07e4e4e81e739bda6f8d7330,0.0,AGTCAGAGTGTGTGAGCCCGGCCCTGTGTGCACACATGTGAGAGTCAGAGTGTGTGAGCCCGGCCCTGTGTGCACACATGTGAGAGTCAGAGTGTGTGAGCCTGGCCCTGTGTGCACCCGTGTGTGCATGCCGAGGGTCAATGGAAGACCAGGCCACCTGTGAAGGCCAGCTTAGCCTGCTGAGAGCGGTGATGGTGGCT,de4b6b3a2e283222320c99f20c1f04e491fa131dccbb693032d3c379653b85b9,0.0639959725129723,AGTCAGAGTGTGTGAGCCCGGCCCTGTGTGCACACATGTGAGAGTCAGAGTGTGTGAGCCCGGCCCTGTGTGCACACATGTGAGAGTCAGAGTGTGTGAACCCGGCCCTGTGTGCACCCGTGTGTGCATGCCGAGGGTCAATGGAAGACCAGGCCACCTGTGAAGGCCAGCTTAGCCTGCTGAGAGCGGTGATGGTGGCT,b18f94703774a9378a6bb944262d831c37aa623b3b2c6f46595721cc6eae3e3b,0.149353939321418,AGTCAGAGTGTGTGAGCCCGGCCCTGTGTGCACACATGTGAGAGTCAGAGTGTGTGAGCCCGGCCCTGTGTGCACACATGTGAGAGTCAGAGTGTGTGAGCCCGGCCCTGTGTGCACCCGTGTGTGCATGCCGAGGGTCAATGGAAGACCAGGCCACCTGTGAAGGCCAGCTTAGCCTGCTGAGAGCGGTGATGGTGGCT,892d7c4bb5833f2d03128f1934ac06114d8f290ed4ca885bf33762a3731777ca,0.383009061864993,-0.1696591500306027,0.155469161888348,-122.06926932703936,-115.0567298035021,-121.64506869498292,-112.7721956265159,-1.8603335449297447,1.0,-0.1696591500306027,0.0,0,0.1833866632474112,0.18565657667894103,0.15145376406925343,0.15544669257568677,1.0
chr11:2322383:G:A;chr11:2322415:G:T;var1;middle;OL41|K562|7ce768d0ba2c2e24,chr11:2322383:G:A;chr11:2322415:G:T;var1;middle;OL41,K562,K562_region_00310,100,132,32,GACGGGGGTCCTGGTTGTCCCTCCTGGTTCTCCTGGTTCTCCCTCCGCAGAGGGAGGGAGGCGGTGGCCTCAGCAGTTCCTCCAGCAGCGTTCCTGAGCGGGCGGCAGCTGGGCCCTCTTCCCACAGCCACGCTGGGGTTGCCATGCCTGCAGGTCTTGGGGCCCCCTCCCCCTTGATGAGGTCCTGACCAAATGCAGGA,0e98722d6a31c5271926c357835abf84b8c4ff83b46be364b3dc82f1499006ab,0.0,GACGGGGGTCCTGGTTGTCCCTCCTGGTTCTCCTGGTTCTCCCTCCGCAGAGGGAGGGAGGCGGTGGCCTCAGCAGTTCCTCCAGCAGCGTTCCTGAGCAGGCGGCAGCTGGGCCCTCTTCCCACAGCCACGCTGGGGTTGCCATGCCTGCAGGTCTTGGGGCCCCCTCCCCCTTGATGAGGTCCTGACCAAATGCAGGA,66324b120c72d1624be7ad4dd64eef4f60f9099fb6508140675aa7a2b5087dfb,0.0593900951887274,GACGGGGGTCCTGGTTGTCCCTCCTGGTTCTCCTGGTTCTCCCTCCGCAGAGGGAGGGAGGCGGTGGCCTCAGCAGTTCCTCCAGCAGCGTTCCTGAGCGGGCGGCAGCTGGGCCCTCTTCCCACAGCCACTCTGGGGTTGCCATGCCTGCAGGTCTTGGGGCCCCCTCCCCCTTGATGAGGTCCTGACCAAATGCAGGA,b8029fff0ba5a8234ad035f557e245cff5c0595b19ecc413867071a2effd4b44,0.234743680589318,GACGGGGGTCCTGGTTGTCCCTCCTGGTTCTCCTGGTTCTCCCTCCGCAGAGGGAGGGAGGCGGTGGCCTCAGCAGTTCCTCCAGCAGCGTTCCTGAGCAGGCGGCAGCTGGGCCCTCTTCCCACAGCCACTCTGGGGTTGCCATGCCTGCAGGTCTTGGGGCCCCCTCCCCCTTGATGAGGTCCTGACCAAATGCAGGA,7ce768d0ba2c2e24bade157e5c4aca9ba0be5dd1bb2f80a39bf72026e77c7a3f,0.0816308504288623,0.212502925349183,0.484380440818046,-319.2020443014335,-313.9595607055817,-317.4748131306842,-315.1486479884479,2.9163184536155313,1.0,0.212502925349183,0.0,1,0.1853323383399203,0.18216460459877223,0.1501433469024087,0.32784331348158646,1.0
chr11:26594718:A:C;chr11:26594757:A:G;var1;middle;OL41|K562|ac03a2aa8190eec4,chr11:26594718:A:C;chr11:26594757:A:G;var1;middle;OL41,K562,K562_region_00342,100,139,39,GCGCCAAGGGCCGTTCAGCTCAATATGCCTGAGGTTCATACTTGGTTTCTGCTGCACAAGGAGATAGGTTTTCAACTGCTGAGCGAGAAACGAAACTTTAGCTAAAATGCAGGAGCTAGTAAGCTTCAAATGGAATGCAAAGAATCTGCCCAGTTAATTGGCCCGAGGAAAGAACAAGGTAATTCTATAGTTTTAAATTT,610bf1049114bab31476a0dac0400951c3afb871e071d6e2c8202961d345c381,0.0,GCGCCAAGGGCCGTTCAGCTCAATATGCCTGAGGTTCATACTTGGTTTCTGCTGCACAAGGAGATAGGTTTTCAACTGCTGAGCGAGAAACGAAACTTTCGCTAAAATGCAGGAGCTAGTAAGCTTCAAATGGAATGCAAAGAATCTGCCCAGTTAATTGGCCCGAGGAAAGAACAAGGTAATTCTATAGTTTTAAATTT,511778b59479822ceffd001c4e718655d8fcb9ea88b0b76d36bd4beaa5db9fd0,-0.0488033427435103,GCGCCAAGGGCCGTTCAGCTCAATATGCCTGAGGTTCATACTTGGTTTCTGCTGCACAAGGAGATAGGTTTTCAACTGCTGAGCGAGAAACGAAACTTTAGCTAAAATGCAGGAGCTAGTAAGCTTCAAATGGAATGCGAAGAATCTGCCCAGTTAATTGGCCCGAGGAAAGAACAAGGTAATTCTATAGTTTTAAATTT,972d71ab7c780425d9b2d544ea2745ff50843f2a4cb015458e4552c6c7ffb487,0.299292132818404,GCGCCAAGGGCCGTTCAGCTCAATATGCCTGAGGTTCATACTTGGTTTCTGCTGCACAAGGAGATAGGTTTTCAACTGCTGAGCGAGAAACGAAACTTTCGCTAAAATGCAGGAGCTAGTAAGCTTCAAATGGAATGCGAAGAATCTGCCCAGTTAATTGGCCCGAGGAAAGAACAAGGTAATTCTATAGTTTTAAATTT,ac03a2aa8190eec4c6ac06c78d1a4c203c5b806a5d8af97d2b52742848d5ffdd,0.135573570065702,-0.1149152200091917,0.217875212309204,-365.0131692294962,-369.6476756413467,-371.4081584496889,-373.3556716046296,2.6869932569098296,-1.0,0.1149152200091917,0.0,0,0.18922719705768756,0.18565657667894103,0.15145376406925343,0.1831454376556238,1.0
chr11:26605240:C:A;chr11:26605250:G:A;var1;middle;OL41|K562|b4dca76243117c09,chr11:26605240:C:A;chr11:26605250:G:A;var1;middle;OL41,K562,K562_region_00343,100,110,10,TAAGGTGTTAACCAAAAAGACCGAGGAATTTTCCCCAGGCATGGAGATGTACAATGTCCCATATTCATGGCACTTTTGCCAAACGCAGAACCTGTTTAGCAAGGTTTCTGTTTCTACCTCATGTGTAGTGGTGTTGCAATAGTGCATTGGGAAAGCACATTATGCTTGAGGATGATGCTGAAAATAAACCTGGGGAATGG,7f92573b8918fa53df65cf2cdbab3f4dc24f9a731d9b88bea407c4bacddec012,0.0,TAAGGTGTTAACCAAAAAGACCGAGGAATTTTCCCCAGGCATGGAGATGTACAATGTCCCATATTCATGGCACTTTTGCCAAACGCAGAACCTGTTTAGAAAGGTTTCTGTTTCTACCTCATGTGTAGTGGTGTTGCAATAGTGCATTGGGAAAGCACATTATGCTTGAGGATGATGCTGAAAATAAACCTGGGGAATGG,7545fb71ec16f93bbe38a31ca55c0c7646a8d489da254778c22ba11014af265d,0.258337214728436,TAAGGTGTTAACCAAAAAGACCGAGGAATTTTCCCCAGGCATGGAGATGTACAATGTCCCATATTCATGGCACTTTTGCCAAACGCAGAACCTGTTTAGCAAGGTTTCTATTTCTACCTCATGTGTAGTGGTGTTGCAATAGTGCATTGGGAAAGCACATTATGCTTGAGGATGATGCTGAAAATAAACCTGGGGAATGG,294785d687a1fea5c2721e676b00a59ae12f38770562e59736a2d68e23875a82,-0.455909430480139,TAAGGTGTTAACCAAAAAGACCGAGGAATTTTCCCCAGGCATGGAGATGTACAATGTCCCATATTCATGGCACTTTTGCCAAACGCAGAACCTGTTTAGAAAGGTTTCTATTTCTACCTCATGTGTAGTGGTGTTGCAATAGTGCATTGGGAAAGCACATTATGCTTGAGGATGATGCTGAAAATAAACCTGGGGAATGG,b4dca76243117c095609648772342aaf4a8278346a05164e7ac082e14591552f,0.0886711764336785,0.2862433921853815,0.369279624136115,-346.5703558018431,-316.4175664111972,-282.0915350615978,-280.79375929012895,-28.855013619177043,-1.0,-0.2862433921853815,0.0,4,0.14043609581139838,0.17620727786206916,0.145609630836647,0.21564675319408422,1.0
chr11:2752593:G:A;chr11:2752609:G:A;var1;middle;OL41|K562|656b67e46afc7e11,chr11:2752593:G:A;chr11:2752609:G:A;var1;middle;OL41,K562,K562_region_00311,100,116,16,GCGGAATCCAAGGGGCCTCACCGCCCATGCACCCCACTGTTGCATGGAGAGAACAATGCCCAAATGCCCTCGTCCCACAGTCGGCATGCCAGACCCCTCGGGAATTCAGGCCTTGGTGAGTCTGGCACATTCCGGCTGTGTGTCAGCGGGAGAGGCCTGGGAAAGGGAGCCAGCACTGCAGGCCGCCCACCACACGCCCA,48da9b796a4af576252351a3bcf28dccd394151b546d8fdfc525df9d30f50306,0.0,GCGGAATCCAAGGGGCCTCACCGCCCATGCACCCCACTGTTGCATGGAGAGAACAATGCCCAAATGCCCTCGTCCCACAGTCGGCATGCCAGACCCCTCAGGAATTCAGGCCTTGGTGAGTCTGGCACATTCCGGCTGTGTGTCAGCGGGAGAGGCCTGGGAAAGGGAGCCAGCACTGCAGGCCGCCCACCACACGCCCA,cfd0bf220fa2d2b81a334e3200cc3783aa837728e9955d4d860f307df5af21c2,0.140085325465154,GCGGAATCCAAGGGGCCTCACCGCCCATGCACCCCACTGTTGCATGGAGAGAACAATGCCCAAATGCCCTCGTCCCACAGTCGGCATGCCAGACCCCTCGGGAATTCAGGCCTTGATGAGTCTGGCACATTCCGGCTGTGTGTCAGCGGGAGAGGCCTGGGAAAGGGAGCCAGCACTGCAGGCCGCCCACCACACGCCCA,96ce475298c1bce9c2928b920aedb898baa2c9fcf6cbd3fdbc8cedacc7fb1fda,0.143119051979608,GCGGAATCCAAGGGGCCTCACCGCCCATGCACCCCACTGTTGCATGGAGAGAACAATGCCCAAATGCCCTCGTCCCACAGTCGGCATGCCAGACCCCTCAGGAATTCAGGCCTTGATGAGTCTGGCACATTCCGGCTGTGTGTCAGCGGGAGAGGCCTGGGAAAGGGAGCCAGCACTGCAGGCCGCCCACCACACGCCCA,656b67e46afc7e11286cdfee1b9f76261b721be96e0e1b787424e1dbdd05c7a7,0.144962656111462,0.1382417213333,0.23062389594955,-252.8831482082605,-251.14903473854065,-254.982459500432,-252.852785140276,-0.39556089043614406,1.0,0.1382417213333,0.0,1,0.18196270025220565,0.18216460459877223,0.1501433469024087,0.18081032104512237,1.0
chr11:287959:G:A;chr11:288003:T:G;var1;middle;OL41|K562|0e5ef5a3666d0b13,chr11:287959:G:A;chr11:288003:T:G;var1;middle;OL41,K562,K562_region_00286,100,144,44,GTCAGGGAACCCAGGCAGTTGCAGGAGGGGGTTTGCGCCGGGTGGAGCTTGCGTGAGGAGCGCTTTTGGATCGTCCTCCGTGAGTTGGGCGCCATGGCTGCCTTCTGGGCAGAGTGCAGGGCCTGCCTTAAATGTTGTGGGGGTTCTGTTCTCAACAAAGGCGTAAGTTGGGAGCGACTGAGCCACTCCAGGAGGAGGTG,54bd4cf6247107fc2606e73468942bc23adbf2fe893d234e3e4c1305c01ca8e0,0.0,GTCAGGGAACCCAGGCAGTTGCAGGAGGGGGTTTGCGCCGGGTGGAGCTTGCGTGAGGAGCGCTTTTGGATCGTCCTCCGTGAGTTGGGCGCCATGGCTACCTTCTGGGCAGAGTGCAGGGCCTGCCTTAAATGTTGTGGGGGTTCTGTTCTCAACAAAGGCGTAAGTTGGGAGCGACTGAGCCACTCCAGGAGGAGGTG,1c111f19f8568f1faff716f339dbfa2fc3ea8f45d1cd3252437e09c6f870e6b8,-0.212542480903108,GTCAGGGAACCCAGGCAGTTGCAGGAGGGGGTTTGCGCCGGGTGGAGCTTGCGTGAGGAGCGCTTTTGGATCGTCCTCCGTGAGTTGGGCGCCATGGCTGCCTTCTGGGCAGAGTGCAGGGCCTGCCTTAAATGTTGTGGGGGGTCTGTTCTCAACAAAGGCGTAAGTTGGGAGCGACTGAGCCACTCCAGGAGGAGGTG,5f95fd6189f317cbd53cf3d4de55d12bbdfe24f8844ce6ae5358849cd68990a5,0.102223627535473,GTCAGGGAACCCAGGCAGTTGCAGGAGGGGGTTTGCGCCGGGTGGAGCTTGCGTGAGGAGCGCTTTTGGATCGTCCTCCGTGAGTTGGGCGCCATGGCTACCTTCTGGGCAGAGTGCAGGGCCTGCCTTAAATGTTGTGGGGGGTCTGTTCTCAACAAAGGCGTAAGTTGGGAGCGACTGAGCCACTCCAGGAGGAGGTG,0e5ef5a3666d0b13dcbf02b2079de494df24f794a90f2d59e9929b2ed7a3c2b7,-0.129058308799381,-0.0187394554317459,0.286072436396117,-371.1737193334848,-331.5844908207655,-369.0077051557601,-337.7639124020934,-8.345435759052691,-1.0,0.0187394554317459,0.0,1,0.17387418060309195,0.18216460459877223,0.1501433469024087,-0.011959415054825312,1.0
chr11:2924591:G:A;chr11:2924610:G:A;var1;middle;OL41|K562|79618b1ed72604cb,chr11:2924591:G:A;chr11:2924610:G:A;var1;middle;OL41,K562,K562_region_00312,100,119,19,CCCGGATCAACTGGACTTTTGCCCCCTGCTCCGCCAGCCTCCTGCTTGGATCTCTCCTGGGTCTCCCTGCTGCGCCTGTCCAGGATGCAGGGAGCTCGGGCTCCCAGGGACCAGGGCCGGTCCCCCGGCAGGATGAGCGCTCTAGGCCGGTCCTCGGTCATCTTGCTTACCTACGTGCTGGCCGCCACAGAACTTACCTG,2dd1609ae563d9a91b11b5700f4c3942ee2bcb70879734823e72181db6fbda1b,0.0,CCCGGATCAACTGGACTTTTGCCCCCTGCTCCGCCAGCCTCCTGCTTGGATCTCTCCTGGGTCTCCCTGCTGCGCCTGTCCAGGATGCAGGGAGCTCGGACTCCCAGGGACCAGGGCCGGTCCCCCGGCAGGATGAGCGCTCTAGGCCGGTCCTCGGTCATCTTGCTTACCTACGTGCTGGCCGCCACAGAACTTACCTG,a74818cc257ca7fb406c4358b9d6b7661658c70c6f388508300fdbe3a8618278,-0.522788057703491,CCCGGATCAACTGGACTTTTGCCCCCTGCTCCGCCAGCCTCCTGCTTGGATCTCTCCTGGGTCTCCCTGCTGCGCCTGTCCAGGATGCAGGGAGCTCGGGCTCCCAGGGACCAGGGCCAGTCCCCCGGCAGGATGAGCGCTCTAGGCCGGTCCTCGGTCATCTTGCTTACCTACGTGCTGGCCGCCACAGAACTTACCTG,0e7bc0b0aff4d1b63feb40f1e08f5abb87b12a1c631c05f1ac9853deb506a2a9,-0.424227423066923,CCCGGATCAACTGGACTTTTGCCCCCTGCTCCGCCAGCCTCCTGCTTGGATCTCTCCTGGGTCTCCCTGCTGCGCCTGTCCAGGATGCAGGGAGCTCGGACTCCCAGGGACCAGGGCCAGTCCCCCGGCAGGATGAGCGCTCTAGGCCGGTCCTCGGTCATCTTGCTTACCTACGTGCTGGCCGCCACAGAACTTACCTG,79618b1ed72604cb0389d4bf0ee8231517701e1065872e685899dbd727a883dd,-0.149364663348835,0.7976508174215791,0.516309062190955,-311.2692073065555,-320.10357857705094,-306.2832402589265,-309.5342897006776,5.583321828744374,-1.0,-0.7976508174215791,0.0,1,0.18804585390595036,0.18216460459877223,0.1501433469024087,0.17932079463710737,1.0
chr11:2925574:C:A;chr11:2925621:G:T;var1;middle;OL41|K562|eb8b71081ad73b2a,chr11:2925574:C:A;chr11:2925621:G:T;var1;middle;OL41,K562,K562_region_00313,100,147,47,TGCGTGGGCTCAGACAGCTGCCCTCCTCCTCTCAGCCCTCAGAGCCTGGACCTGGGCATCTAGGCGGGAGTGGGGATGGGCCTTTGGCACCATTCCGGGCCTGGCAGAGGCTCCCAGCCCGAGGGTGAGCCTAAGGATCCCTCCCCGCCGTGCCTCAGGCGCCCCGCCCACTCCTGCTAAATGGCTGGGGCCAAGCCCTG,40d148d0c9947292075dbcf00a79e37fb8228d4f968c7253e9932743af2eb644,0.0,TGCGTGGGCTCAGACAGCTGCCCTCCTCCTCTCAGCCCTCAGAGCCTGGACCTGGGCATCTAGGCGGGAGTGGGGATGGGCCTTTGGCACCATTCCGGGACTGGCAGAGGCTCCCAGCCCGAGGGTGAGCCTAAGGATCCCTCCCCGCCGTGCCTCAGGCGCCCCGCCCACTCCTGCTAAATGGCTGGGGCCAAGCCCTG,3a660943341686f5c58c6d78b9e752316b0c17885a5fb57f36fe85e8df54a530,0.168516349932774,TGCGTGGGCTCAGACAGCTGCCCTCCTCCTCTCAGCCCTCAGAGCCTGGACCTGGGCATCTAGGCGGGAGTGGGGATGGGCCTTTGGCACCATTCCGGGCCTGGCAGAGGCTCCCAGCCCGAGGGTGAGCCTAAGGATCCCTCCCCTCCGTGCCTCAGGCGCCCCGCCCACTCCTGCTAAATGGCTGGGGCCAAGCCCTG,8c9c38df88dff6f3e62cb1f3115812b90fe63998c6a9d6de1e3cf0f44364232c,-0.0207250379807731,TGCGTGGGCTCAGACAGCTGCCCTCCTCCTCTCAGCCCTCAGAGCCTGGACCTGGGCATCTAGGCGGGAGTGGGGATGGGCCTTTGGCACCATTCCGGGACTGGCAGAGGCTCCCAGCCCGAGGGTGAGCCTAAGGATCCCTCCCCTCCGTGCCTCAGGCGCCCCGCCCACTCCTGCTAAATGGCTGGGGCCAAGCCCTG,eb8b71081ad73b2adb442241c84b3ce76d6e8b5faab83b559eb428720a413734,0.243177696234009,0.0953863842820081,0.255203996308248,-232.62182515859604,-236.85653325915337,-232.83777862787247,-235.88807916641235,1.1844075620174408,-1.0,-0.0953863842820081,0.0,2,0.17691906154186582,0.17490732828716207,0.146091925319964,0.24192232511015366,1.0
chr11:297601:A:T;chr11:297603:A:T;var1;middle;OL41|K562|5363d40650ecaa0d,chr11:297601:A:T;chr11:297603:A:T;var1;middle;OL41,K562,K562_region_00287,100,102,2,GCACCCAGCACCAGGGGACTCAGAGAATGTTGCACACATGCCCATTTTCTGCCTTTCTGGATATAGTTTGGTTGGGGTGTGTGTGTGTGTGTGTGTGTGAGAGAGAAAGGGAAGCTGCTATCCTTCCCACATGTGTTTGTGTGTGTGTCCAGCCCCACCCATGGGATCGTCCCCGCCCTGCCTTTCTAGCCACCCTCACT,e4ea73efeba8560e847ab162fa8e67dda78b76bfb8128c4dbba3a948964f75c6,0.0,GCACCCAGCACCAGGGGACTCAGAGAATGTTGCACACATGCCCATTTTCTGCCTTTCTGGATATAGTTTGGTTGGGGTGTGTGTGTGTGTGTGTGTGTGTGAGAGAAAGGGAAGCTGCTATCCTTCCCACATGTGTTTGTGTGTGTGTCCAGCCCCACCCATGGGATCGTCCCCGCCCTGCCTTTCTAGCCACCCTCACT,a4d5c99847fb23f114e7858ee46686e3926679391537624f0ce60d649f645e67,-0.109294672376807,GCACCCAGCACCAGGGGACTCAGAGAATGTTGCACACATGCCCATTTTCTGCCTTTCTGGATATAGTTTGGTTGGGGTGTGTGTGTGTGTGTGTGTGTGAGTGAGAAAGGGAAGCTGCTATCCTTCCCACATGTGTTTGTGTGTGTGTCCAGCCCCACCCATGGGATCGTCCCCGCCCTGCCTTTCTAGCCACCCTCACT,d39e2ac53447bc9821b6e415208f48a6d61303c1c48c781c953e450025ba0e0c,-0.0908433154889042,GCACCCAGCACCAGGGGACTCAGAGAATGTTGCACACATGCCCATTTTCTGCCTTTCTGGATATAGTTTGGTTGGGGTGTGTGTGTGTGTGTGTGTGTGTGTGAGAAAGGGAAGCTGCTATCCTTCCCACATGTGTTTGTGTGTGTGTCCAGCCCCACCCATGGGATCGTCCCCGCCCTGCCTTTCTAGCCACCCTCACT,5363d40650ecaa0da0b217d297e328d333893b1384e1f5c4bdc43bf8fab13bc5,-0.268462097052344,0.0683241091866327,0.168840264567161,-241.2227449406637,-244.6540318181505,-245.6451505771838,-253.1332873032661,4.056849848595476,1.0,0.0683241091866327,0.0,1,0.1864927604536248,0.18216460459877223,0.1501433469024087,0.06887991446103055,1.0
chr11:297601:A:T;chr11:297638:T:A;var1;middle;OL41|K562|b90285cc79a455f1,chr11:297601:A:T;chr11:297638:T:A;var1;middle;OL41,K562,K562_region_00287,100,137,37,GCACCCAGCACCAGGGGACTCAGAGAATGTTGCACACATGCCCATTTTCTGCCTTTCTGGATATAGTTTGGTTGGGGTGTGTGTGTGTGTGTGTGTGTGAGAGAGAAAGGGAAGCTGCTATCCTTCCCACATGTGTTTGTGTGTGTGTCCAGCCCCACCCATGGGATCGTCCCCGCCCTGCCTTTCTAGCCACCCTCACT,e4ea73efeba8560e847ab162fa8e67dda78b76bfb8128c4dbba3a948964f75c6,0.0,GCACCCAGCACCAGGGGACTCAGAGAATGTTGCACACATGCCCATTTTCTGCCTTTCTGGATATAGTTTGGTTGGGGTGTGTGTGTGTGTGTGTGTGTGTGAGAGAAAGGGAAGCTGCTATCCTTCCCACATGTGTTTGTGTGTGTGTCCAGCCCCACCCATGGGATCGTCCCCGCCCTGCCTTTCTAGCCACCCTCACT,a4d5c99847fb23f114e7858ee46686e3926679391537624f0ce60d649f645e67,-0.109302117520924,GCACCCAGCACCAGGGGACTCAGAGAATGTTGCACACATGCCCATTTTCTGCCTTTCTGGATATAGTTTGGTTGGGGTGTGTGTGTGTGTGTGTGTGTGAGAGAGAAAGGGAAGCTGCTATCCTTCCCACATGTGTATGTGTGTGTGTCCAGCCCCACCCATGGGATCGTCCCCGCCCTGCCTTTCTAGCCACCCTCACT,cce831e74a28e20b31a9a957e79bb48021de899aebb024e7055435a1dfaf40cf,-0.011956252129729,GCACCCAGCACCAGGGGACTCAGAGAATGTTGCACACATGCCCATTTTCTGCCTTTCTGGATATAGTTTGGTTGGGGTGTGTGTGTGTGTGTGTGTGTGTGAGAGAAAGGGAAGCTGCTATCCTTCCCACATGTGTATGTGTGTGTGTCCAGCCCCACCCATGGGATCGTCCCCGCCCTGCCTTTCTAGCCACCCTCACT,b90285cc79a455f1c8e52d01d599901dd51ffd02ea63683ac6249db9c53d7912,-0.111938499901391,-0.009319869749262,0.175835162350642,-241.2227449406637,-244.6540318181505,-233.80354168335907,-237.04349190066569,-0.19133666018018403,1.0,-0.009319869749262,0.0,1,0.18217048612639236,0.18216460459877223,0.1501433469024087,0.13056506651278246,1.0
chr11:297603:A:T;chr11:297638:T:A;var1;middle;OL41|K562|ba658b89d86ebf52,chr11:297603:A:T;chr11:297638:T:A;var1;middle;OL41,K562,K562_region_00287,100,135,35,ACCCAGCACCAGGGGACTCAGAGAATGTTGCACACATGCCCATTTTCTGCCTTTCTGGATATAGTTTGGTTGGGGTGTGTGTGTGTGTGTGTGTGTGAGAGAGAAAGGGAAGCTGCTATCCTTCCCACATGTGTTTGTGTGTGTGTCCAGCCCCACCCATGGGATCGTCCCCGCCCTGCCTTTCTAGCCACCCTCACTGG,8de99b3135154f0d8ed64455d898978292f6b7999001c6f144a4c556867217cc,0.0,ACCCAGCACCAGGGGACTCAGAGAATGTTGCACACATGCCCATTTTCTGCCTTTCTGGATATAGTTTGGTTGGGGTGTGTGTGTGTGTGTGTGTGTGAGTGAGAAAGGGAAGCTGCTATCCTTCCCACATGTGTTTGTGTGTGTGTCCAGCCCCACCCATGGGATCGTCCCCGCCCTGCCTTTCTAGCCACCCTCACTGG,dac1d53da79f4eda4f7ae1b26be61f307dc5b44cd17f777771eb2c1e23c13bbf,0.0523543819610489,ACCCAGCACCAGGGGACTCAGAGAATGTTGCACACATGCCCATTTTCTGCCTTTCTGGATATAGTTTGGTTGGGGTGTGTGTGTGTGTGTGTGTGTGAGAGAGAAAGGGAAGCTGCTATCCTTCCCACATGTGTATGTGTGTGTGTCCAGCCCCACCCATGGGATCGTCCCCGCCCTGCCTTTCTAGCCACCCTCACTGG,2b9d83a6c82a062319c2761da4a416ed0b831378969f5cc3ca91cb0761660ce1,0.118138480831152,ACCCAGCACCAGGGGACTCAGAGAATGTTGCACACATGCCCATTTTCTGCCTTTCTGGATATAGTTTGGTTGGGGTGTGTGTGTGTGTGTGTGTGTGAGTGAGAAAGGGAAGCTGCTATCCTTCCCACATGTGTATGTGTGTGTGTCCAGCCCCACCCATGGGATCGTCCCCGCCCTGCCTTTCTAGCCACCCTCACTGG,ba658b89d86ebf52ccfa348833a0e54b90f47354d99e97a67bffb7cf78f76f06,-0.0625688670053207,0.2330617297975216,0.141672203089864,-233.6779266097583,-232.42898659221828,-220.8034647873137,-220.70322636514905,1.1487015953753428,1.0,0.2330617297975216,0.0,1,0.18353389447429144,0.18216460459877223,0.1501433469024087,0.33069420349186196,1.0
chr11:306877:C:T;chr11:306884:T:C;var1;middle;OL41|K562|d93bfa52163cce9d,chr11:306877:C:T;chr11:306884:T:C;var1;middle;OL41,K562,K562_region_00288,100,107,7,AAGCCCAGGAAAATGGGCCCATGTAGCACATCAGGAATTAAACAGGGCGCAGGTCGCGGTGCACATAGGCCTGCAGGCCACGTTCCTGCCCCTGTGACCCGCACTGTCCCCTCTGACAAGCTCAAGTGCACAGCATCAGCTCTGTTTGCTGCAATAGCCTCTGCCAAGGAAGGTCCAGGAAGAAGCCCAGAGGCCACACA,58730d423f1702f954d1924a72d04eaac476810340d93a730181c310cf5de896,0.0,AAGCCCAGGAAAATGGGCCCATGTAGCACATCAGGAATTAAACAGGGCGCAGGTCGCGGTGCACATAGGCCTGCAGGCCACGTTCCTGCCCCTGTGACCTGCACTGTCCCCTCTGACAAGCTCAAGTGCACAGCATCAGCTCTGTTTGCTGCAATAGCCTCTGCCAAGGAAGGTCCAGGAAGAAGCCCAGAGGCCACACA,c8dd142c99a274f2708024f42a6be3e6593a69227915080ee53ee4bafed322a5,-0.0702285113935418,AAGCCCAGGAAAATGGGCCCATGTAGCACATCAGGAATTAAACAGGGCGCAGGTCGCGGTGCACATAGGCCTGCAGGCCACGTTCCTGCCCCTGTGACCCGCACTGCCCCCTCTGACAAGCTCAAGTGCACAGCATCAGCTCTGTTTGCTGCAATAGCCTCTGCCAAGGAAGGTCCAGGAAGAAGCCCAGAGGCCACACA,6d865ebb2766b2b0d75e44224fc0abe094dfb6b4589360c03aede025dfdadcfe,0.188070190317421,AAGCCCAGGAAAATGGGCCCATGTAGCACATCAGGAATTAAACAGGGCGCAGGTCGCGGTGCACATAGGCCTGCAGGCCACGTTCCTGCCCCTGTGACCTGCACTGCCCCCTCTGACAAGCTCAAGTGCACAGCATCAGCTCTGTTTGCTGCAATAGCCTCTGCCAAGGAAGGTCCAGGAAGAAGCCCAGAGGCCACACA,d93bfa52163cce9d8e9841ab9d5883c7e63e8e02b88b2a272ab26050b80fa16e,0.730547997936862,0.6127063190129828,0.201354148306896,-248.9134150147438,-244.9164955317974,-248.89073771238327,-245.05132780969143,-0.15750958025455475,-1.0,-0.6127063190129828,0.0,3,0.18115574222891095,0.18106719778262317,0.1474303780702046,0.2740222190551952,1.0
chr11:306878:G:A;chr11:306884:T:C;var1;middle;OL41|K562|43a51cb089da8332,chr11:306878:G:A;chr11:306884:T:C;var1;middle;OL41,K562,K562_region_00288,100,106,6,AGCCCAGGAAAATGGGCCCATGTAGCACATCAGGAATTAAACAGGGCGCAGGTCGCGGTGCACATAGGCCTGCAGGCCACGTTCCTGCCCCTGTGACCCGCACTGTCCCCTCTGACAAGCTCAAGTGCACAGCATCAGCTCTGTTTGCTGCAATAGCCTCTGCCAAGGAAGGTCCAGGAAGAAGCCCAGAGGCCACACAA,3b309e56c693975a9af2761db846d473b7949d5f04da6d8f6fd83fbe06068de9,0.0,AGCCCAGGAAAATGGGCCCATGTAGCACATCAGGAATTAAACAGGGCGCAGGTCGCGGTGCACATAGGCCTGCAGGCCACGTTCCTGCCCCTGTGACCCACACTGTCCCCTCTGACAAGCTCAAGTGCACAGCATCAGCTCTGTTTGCTGCAATAGCCTCTGCCAAGGAAGGTCCAGGAAGAAGCCCAGAGGCCACACAA,b3e3e27be309ddca8051d6f705bba5e9067ef82c0a66f02b6307920278d1115f,0.235354652898784,AGCCCAGGAAAATGGGCCCATGTAGCACATCAGGAATTAAACAGGGCGCAGGTCGCGGTGCACATAGGCCTGCAGGCCACGTTCCTGCCCCTGTGACCCGCACTGCCCCCTCTGACAAGCTCAAGTGCACAGCATCAGCTCTGTTTGCTGCAATAGCCTCTGCCAAGGAAGGTCCAGGAAGAAGCCCAGAGGCCACACAA,3b813489ba3b612f7b73a29b48e3c42490330d8d4ed10b5dac1893149201cf23,0.438480270332051,AGCCCAGGAAAATGGGCCCATGTAGCACATCAGGAATTAAACAGGGCGCAGGTCGCGGTGCACATAGGCCTGCAGGCCACGTTCCTGCCCCTGTGACCCACACTGCCCCCTCTGACAAGCTCAAGTGCACAGCATCAGCTCTGTTTGCTGCAATAGCCTCTGCCAAGGAAGGTCCAGGAAGAAGCCCAGAGGCCACACAA,43a51cb089da8332092fb4779445ce84653292bef4b5961da7c69f400fb7e66c,0.66991770771893,0.0039172155119049,0.349984945945771,-249.6840640604496,-244.219637349248,-249.95049291849136,-245.588523671031,1.1024574637412456,1.0,0.0039172155119049,0.0,3,0.18369354946819413,0.18106719778262317,0.1474303780702046,0.17374055854316992,1.0
chr11:307999:T:G;chr11:308015:T:C;var1;middle;OL41|K562|c52e498386c5cf97,chr11:307999:T:G;chr11:308015:T:C;var1;middle;OL41,K562,K562_region_00289,100,116,16,GGGTGTGGAGACTCCCAACACAGGGGAAGTCTCCAGGACCCCACACCACTAACAAGATGAGACTTGTGCTCCTTTGGGCTCTAGAGAGGAAGCCCCTCTTAGCCCTCAGCCCCTCTTTCCTCCCTCTCCTAAAGTAATTTGATCCTCAGGAATTTGTTCTGCCCTTATCTGGCCCTGGCCAGCTCTGCATTTGACAAATG,256968937b830da30deec77e383cbf28a6dd427acc5f9a12210ac132ba8db40e,0.0,GGGTGTGGAGACTCCCAACACAGGGGAAGTCTCCAGGACCCCACACCACTAACAAGATGAGACTTGTGCTCCTTTGGGCTCTAGAGAGGAAGCCCCTCTGAGCCCTCAGCCCCTCTTTCCTCCCTCTCCTAAAGTAATTTGATCCTCAGGAATTTGTTCTGCCCTTATCTGGCCCTGGCCAGCTCTGCATTTGACAAATG,440a1160868bf19e3eb7b4f8aaba89411b54d6552113f2ec96a6a7377318728d,-0.238096557971761,GGGTGTGGAGACTCCCAACACAGGGGAAGTCTCCAGGACCCCACACCACTAACAAGATGAGACTTGTGCTCCTTTGGGCTCTAGAGAGGAAGCCCCTCTTAGCCCTCAGCCCCTCCTTCCTCCCTCTCCTAAAGTAATTTGATCCTCAGGAATTTGTTCTGCCCTTATCTGGCCCTGGCCAGCTCTGCATTTGACAAATG,bd4b5b98f1310ca5f8a415acd954f5819879b1da5d7179285345af79376d80c7,1.01288450139819,GGGTGTGGAGACTCCCAACACAGGGGAAGTCTCCAGGACCCCACACCACTAACAAGATGAGACTTGTGCTCCTTTGGGCTCTAGAGAGGAAGCCCCTCTGAGCCCTCAGCCCCTCCTTCCTCCCTCTCCTAAAGTAATTTGATCCTCAGGAATTTGTTCTGCCCTTATCTGGCCCTGGCCAGCTCTGCATTTGACAAATG,c52e498386c5cf9775590f4b2f677498b3ec8ce64640b6f3aa0ff7c4b8988653,1.05695169236703,0.2821637489406009,0.43266615410596,-285.16933264164254,-290.18429364985786,-281.1725074057467,-284.1270028718281,2.0604655421339544,-1.0,-0.2821637489406009,0.0,0,0.18842249212648637,0.18565657667894103,0.15145376406925343,0.32232658716926255,1.0
chr11:307999:T:G;chr11:308059:T:C;var1;middle;OL41|K562|5f29c5717fc33d3b,chr11:307999:T:G;chr11:308059:T:C;var1;middle;OL41,K562,K562_region_00289,100,160,60,GGGTGTGGAGACTCCCAACACAGGGGAAGTCTCCAGGACCCCACACCACTAACAAGATGAGACTTGTGCTCCTTTGGGCTCTAGAGAGGAAGCCCCTCTTAGCCCTCAGCCCCTCTTTCCTCCCTCTCCTAAAGTAATTTGATCCTCAGGAATTTGTTCTGCCCTTATCTGGCCCTGGCCAGCTCTGCATTTGACAAATG,256968937b830da30deec77e383cbf28a6dd427acc5f9a12210ac132ba8db40e,0.0,GGGTGTGGAGACTCCCAACACAGGGGAAGTCTCCAGGACCCCACACCACTAACAAGATGAGACTTGTGCTCCTTTGGGCTCTAGAGAGGAAGCCCCTCTGAGCCCTCAGCCCCTCTTTCCTCCCTCTCCTAAAGTAATTTGATCCTCAGGAATTTGTTCTGCCCTTATCTGGCCCTGGCCAGCTCTGCATTTGACAAATG,440a1160868bf19e3eb7b4f8aaba89411b54d6552113f2ec96a6a7377318728d,-0.23811164876277,GGGTGTGGAGACTCCCAACACAGGGGAAGTCTCCAGGACCCCACACCACTAACAAGATGAGACTTGTGCTCCTTTGGGCTCTAGAGAGGAAGCCCCTCTTAGCCCTCAGCCCCTCTTTCCTCCCTCTCCTAAAGTAATTTGATCCTCAGGAATTTGTTCCGCCCTTATCTGGCCCTGGCCAGCTCTGCATTTGACAAATG,45cd38f47e8e62517d7b00d19203776da16dd0c49815af884568d042ea0d200a,0.415961952648248,GGGTGTGGAGACTCCCAACACAGGGGAAGTCTCCAGGACCCCACACCACTAACAAGATGAGACTTGTGCTCCTTTGGGCTCTAGAGAGGAAGCCCCTCTGAGCCCTCAGCCCCTCTTTCCTCCCTCTCCTAAAGTAATTTGATCCTCAGGAATTTGTTCCGCCCTTATCTGGCCCTGGCCAGCTCTGCATTTGACAAATG,5f29c5717fc33d3b78f2e477beaf446dd0d9d4b6afcb89ab59a4c18715e17452,0.480038433104075,0.302188129218597,0.422926982312037,-285.16933264164254,-290.18429364985786,-297.7033648476936,-301.7956764639821,0.922649391926825,-1.0,-0.302188129218597,0.0,0,0.1869610942580783,0.18565657667894103,0.15145376406925343,0.3742856779463466,1.0
chr11:307999:T:G;chr11:308065:T:C;var1;middle;OL41|K562|47923360b6825b54,chr11:307999:T:G;chr11:308065:T:C;var1;middle;OL41,K562,K562_region_00289,100,166,66,GGGTGTGGAGACTCCCAACACAGGGGAAGTCTCCAGGACCCCACACCACTAACAAGATGAGACTTGTGCTCCTTTGGGCTCTAGAGAGGAAGCCCCTCTTAGCCCTCAGCCCCTCTTTCCTCCCTCTCCTAAAGTAATTTGATCCTCAGGAATTTGTTCTGCCCTTATCTGGCCCTGGCCAGCTCTGCATTTGACAAATG,256968937b830da30deec77e383cbf28a6dd427acc5f9a12210ac132ba8db40e,0.0,GGGTGTGGAGACTCCCAACACAGGGGAAGTCTCCAGGACCCCACACCACTAACAAGATGAGACTTGTGCTCCTTTGGGCTCTAGAGAGGAAGCCCCTCTGAGCCCTCAGCCCCTCTTTCCTCCCTCTCCTAAAGTAATTTGATCCTCAGGAATTTGTTCTGCCCTTATCTGGCCCTGGCCAGCTCTGCATTTGACAAATG,440a1160868bf19e3eb7b4f8aaba89411b54d6552113f2ec96a6a7377318728d,-0.238016176048846,GGGTGTGGAGACTCCCAACACAGGGGAAGTCTCCAGGACCCCACACCACTAACAAGATGAGACTTGTGCTCCTTTGGGCTCTAGAGAGGAAGCCCCTCTTAGCCCTCAGCCCCTCTTTCCTCCCTCTCCTAAAGTAATTTGATCCTCAGGAATTTGTTCTGCCCTCATCTGGCCCTGGCCAGCTCTGCATTTGACAAATG,f9ab1758d86db6184b11c970a2c859c5e80e6f0dd8e0a350f61838ef69e7d813,-0.605263634860778,GGGTGTGGAGACTCCCAACACAGGGGAAGTCTCCAGGACCCCACACCACTAACAAGATGAGACTTGTGCTCCTTTGGGCTCTAGAGAGGAAGCCCCTCTGAGCCCTCAGCCCCTCTTTCCTCCCTCTCCTAAAGTAATTTGATCCTCAGGAATTTGTTCTGCCCTCATCTGGCCCTGGCCAGCTCTGCATTTGACAAATG,47923360b6825b54e6b50742ff2652cff6732e08c3450bf49c225b3ea2198955,-0.592459546769899,0.250820264139725,0.487706685859354,-285.16933264164254,-290.18429364985786,-279.35846646875143,-284.2434449918801,0.1299824850866571,-1.0,-0.250820264139725,0.0,0,0.18594300207525688,0.18565657667894103,0.15145376406925343,0.2995065234616722,1.0
chr11:308015:T:C;chr11:308059:T:C;var1;middle;OL41|K562|e4c7a05b153b5262,chr11:308015:T:C;chr11:308059:T:C;var1;middle;OL41,K562,K562_region_00289,100,144,44,AACACAGGGGAAGTCTCCAGGACCCCACACCACTAACAAGATGAGACTTGTGCTCCTTTGGGCTCTAGAGAGGAAGCCCCTCTTAGCCCTCAGCCCCTCTTTCCTCCCTCTCCTAAAGTAATTTGATCCTCAGGAATTTGTTCTGCCCTTATCTGGCCCTGGCCAGCTCTGCATTTGACAAATGCCAGGAAGAGGAAACT,2e4df6103916206336be18422786da5f3e5c5037c3ec63cef6988a3fd7c702d3,0.0,AACACAGGGGAAGTCTCCAGGACCCCACACCACTAACAAGATGAGACTTGTGCTCCTTTGGGCTCTAGAGAGGAAGCCCCTCTTAGCCCTCAGCCCCTCCTTCCTCCCTCTCCTAAAGTAATTTGATCCTCAGGAATTTGTTCTGCCCTTATCTGGCCCTGGCCAGCTCTGCATTTGACAAATGCCAGGAAGAGGAAACT,09ee8be22add571658c668de599211ba132d1e321793fb7ddc1959f06bbfab1d,0.178174380568111,AACACAGGGGAAGTCTCCAGGACCCCACACCACTAACAAGATGAGACTTGTGCTCCTTTGGGCTCTAGAGAGGAAGCCCCTCTTAGCCCTCAGCCCCTCTTTCCTCCCTCTCCTAAAGTAATTTGATCCTCAGGAATTTGTTCCGCCCTTATCTGGCCCTGGCCAGCTCTGCATTTGACAAATGCCAGGAAGAGGAAACT,661cee7576d0221be37cea2c4ff9df439f0e567fac6028c3fe71558978baffc7,0.381617662445139,AACACAGGGGAAGTCTCCAGGACCCCACACCACTAACAAGATGAGACTTGTGCTCCTTTGGGCTCTAGAGAGGAAGCCCCTCTTAGCCCTCAGCCCCTCCTTCCTCCCTCTCCTAAAGTAATTTGATCCTCAGGAATTTGTTCCGCCCTTATCTGGCCCTGGCCAGCTCTGCATTTGACAAATGCCAGGAAGAGGAAACT,e4c7a05b153b5262e2464214d24f16e39a3b7b0281b21f1931cf7c56949af197,0.892043109393029,-0.3322510663797789,0.367475202486467,-318.6412291559391,-312.681984509225,-330.3192787539447,-324.18095017643645,-0.17908393079414964,1.0,-0.3322510663797789,0.0,0,0.18554604075485157,0.18565657667894103,0.15145376406925343,0.2883271928233897,1.0
chr11:308015:T:C;chr11:308065:T:C;var1;middle;OL41|K562|0a160290144743b8,chr11:308015:T:C;chr11:308065:T:C;var1;middle;OL41,K562,K562_region_00289,100,150,50,AACACAGGGGAAGTCTCCAGGACCCCACACCACTAACAAGATGAGACTTGTGCTCCTTTGGGCTCTAGAGAGGAAGCCCCTCTTAGCCCTCAGCCCCTCTTTCCTCCCTCTCCTAAAGTAATTTGATCCTCAGGAATTTGTTCTGCCCTTATCTGGCCCTGGCCAGCTCTGCATTTGACAAATGCCAGGAAGAGGAAACT,2e4df6103916206336be18422786da5f3e5c5037c3ec63cef6988a3fd7c702d3,0.0,AACACAGGGGAAGTCTCCAGGACCCCACACCACTAACAAGATGAGACTTGTGCTCCTTTGGGCTCTAGAGAGGAAGCCCCTCTTAGCCCTCAGCCCCTCCTTCCTCCCTCTCCTAAAGTAATTTGATCCTCAGGAATTTGTTCTGCCCTTATCTGGCCCTGGCCAGCTCTGCATTTGACAAATGCCAGGAAGAGGAAACT,09ee8be22add571658c668de599211ba132d1e321793fb7ddc1959f06bbfab1d,0.178313133975122,AACACAGGGGAAGTCTCCAGGACCCCACACCACTAACAAGATGAGACTTGTGCTCCTTTGGGCTCTAGAGAGGAAGCCCCTCTTAGCCCTCAGCCCCTCTTTCCTCCCTCTCCTAAAGTAATTTGATCCTCAGGAATTTGTTCTGCCCTCATCTGGCCCTGGCCAGCTCTGCATTTGACAAATGCCAGGAAGAGGAAACT,9e6818f2b5b607be5cb7118816ed08e2ccf75fe5770293ac66e924c2c0372027,-0.0086374382652447,AACACAGGGGAAGTCTCCAGGACCCCACACCACTAACAAGATGAGACTTGTGCTCCTTTGGGCTCTAGAGAGGAAGCCCCTCTTAGCCCTCAGCCCCTCCTTCCTCCCTCTCCTAAAGTAATTTGATCCTCAGGAATTTGTTCTGCCCTCATCTGGCCCTGGCCAGCTCTGCATTTGACAAATGCCAGGAAGAGGAAACT,0a160290144743b8bd54c695cc8261e7a31f3a64797352e6c44acdaa3f514167,0.144836814755468,-0.0248388809544092,0.355680305251197,-318.6412291559391,-312.681984509225,-311.7837586067617,-306.56291603599675,-0.738402075949125,-1.0,0.0248388809544092,0.0,0,0.18482765901546191,0.18565657667894103,0.15145376406925343,0.21354803833871538,1.0
chr11:308059:T:C;chr11:308065:T:C;var1;middle;OL41|K562|a4118a2a38de70a6,chr11:308059:T:C;chr11:308065:T:C;var1;middle;OL41,K562,K562_region_00289,100,106,6,GACTTGTGCTCCTTTGGGCTCTAGAGAGGAAGCCCCTCTTAGCCCTCAGCCCCTCTTTCCTCCCTCTCCTAAAGTAATTTGATCCTCAGGAATTTGTTCTGCCCTTATCTGGCCCTGGCCAGCTCTGCATTTGACAAATGCCAGGAAGAGGAAACTGTTGAGAAAACGGAACTACTGGGGAAAGGGAGGGCTCACTGAGA,25839fc21545e139f3cfa51fa8b49eb696204a0beebf4717dd70faf5e544ec09,0.0,GACTTGTGCTCCTTTGGGCTCTAGAGAGGAAGCCCCTCTTAGCCCTCAGCCCCTCTTTCCTCCCTCTCCTAAAGTAATTTGATCCTCAGGAATTTGTTCCGCCCTTATCTGGCCCTGGCCAGCTCTGCATTTGACAAATGCCAGGAAGAGGAAACTGTTGAGAAAACGGAACTACTGGGGAAAGGGAGGGCTCACTGAGA,87c0f49f94b87d0fe31ef193927d04a7da12927f40dd51b650a65e5ef9e1f9b9,0.581364653900815,GACTTGTGCTCCTTTGGGCTCTAGAGAGGAAGCCCCTCTTAGCCCTCAGCCCCTCTTTCCTCCCTCTCCTAAAGTAATTTGATCCTCAGGAATTTGTTCTGCCCTCATCTGGCCCTGGCCAGCTCTGCATTTGACAAATGCCAGGAAGAGGAAACTGTTGAGAAAACGGAACTACTGGGGAAAGGGAGGGCTCACTGAGA,13511a09ba3dccdca0bcd9bd75e3735afc3743a455c1cf48be4cafee28a2508a,-0.348585227016822,GACTTGTGCTCCTTTGGGCTCTAGAGAGGAAGCCCCTCTTAGCCCTCAGCCCCTCTTTCCTCCCTCTCCTAAAGTAATTTGATCCTCAGGAATTTGTTCCGCCCTCATCTGGCCCTGGCCAGCTCTGCATTTGACAAATGCCAGGAAGAGGAAACTGTTGAGAAAACGGAACTACTGGGGAAAGGGAGGGCTCACTGAGA,a4118a2a38de70a60c878223405d9404dc707020bac90fd0623820a05f7fb647,0.247159354515209,0.0143799276312159,0.20426104624625,-296.2527733996976,-294.1656106626615,-288.16029008687474,-288.1387536600232,-2.065626310184598,-1.0,-0.0143799276312159,0.0,0,0.18312298760043746,0.18565657667894103,0.15145376406925343,0.13440359709316183,1.0
chr11:308178:T:C;chr11:308180:A:G;var1;middle;OL30|K562|e29dc7db56ef87d2,chr11:308178:T:C;chr11:308180:A:G;var1;middle;OL30,K562,K562_region_00289,100,102,2,CAGCTCTGCATTTGACAAATGCCAGGAAGAGGAAACTGTTGAGAAAACGGAACTACTGGGGAAAGGGAGGGCTCACTGAGAACCATCCCGGTAACCCGATCACCGCTGGTCACCATGAACCACATTGTGCAAACCTTCTCTCCTGTCAACAGCGGCCAGCCTCCCAACTACGAGATGCTCAAGGAGGAGCAGGAAGTGGC,a9af6f45794e3312fff64dce4e6617ff50c7fbb11b7c585926947ab36d181282,0.0,CAGCTCTGCATTTGACAAATGCCAGGAAGAGGAAACTGTTGAGAAAACGGAACTACTGGGGAAAGGGAGGGCTCACTGAGAACCATCCCGGTAACCCGACCACCGCTGGTCACCATGAACCACATTGTGCAAACCTTCTCTCCTGTCAACAGCGGCCAGCCTCCCAACTACGAGATGCTCAAGGAGGAGCAGGAAGTGGC,8e149f2d1b23e7880ca8b3d52d531bd8db9e89366e3d1b3f678f2b3f29533600,-0.305994542058024,CAGCTCTGCATTTGACAAATGCCAGGAAGAGGAAACTGTTGAGAAAACGGAACTACTGGGGAAAGGGAGGGCTCACTGAGAACCATCCCGGTAACCCGATCGCCGCTGGTCACCATGAACCACATTGTGCAAACCTTCTCTCCTGTCAACAGCGGCCAGCCTCCCAACTACGAGATGCTCAAGGAGGAGCAGGAAGTGGC,f569db9e0c8fe3185ac6bf1962171c36296916630414d14fe5ea661aac191340,0.383664505460605,CAGCTCTGCATTTGACAAATGCCAGGAAGAGGAAACTGTTGAGAAAACGGAACTACTGGGGAAAGGGAGGGCTCACTGAGAACCATCCCGGTAACCCGACCGCCGCTGGTCACCATGAACCACATTGTGCAAACCTTCTCTCCTGTCAACAGCGGCCAGCCTCCCAACTACGAGATGCTCAAGGAGGAGCAGGAAGTGGC,e29dc7db56ef87d2ac63f90d270f4d12451c202a5cbc83e35a46c82812cf303d,0.519590615107349,0.4419206517047681,0.221274133468999,-269.3392685409636,-313.9650738714263,-264.907600319013,-326.71599116083235,-17.18258551135665,-1.0,-0.4419206517047681,0.0,0,0.16370694050936485,0.18565657667894103,0.15145376406925343,0.16963616956766492,1.0
chr11:308290:T:C;chr11:308363:G:C;var1;middle;OL41|K562|f367d2fa632ddd5c,chr11:308290:T:C;chr11:308363:G:C;var1;middle;OL41,K562,K562_region_00289,100,173,73,CCATGAACCACATTGTGCAAACCTTCTCTCCTGTCAACAGCGGCCAGCCTCCCAACTACGAGATGCTCAAGGAGGAGCAGGAAGTGGCTATGCTGGGGGTGCCCCACAACCCTGCTCCCCCGATGTCCACCGTGATCCACATCCGCAGCGAGACCTCCGTGCCTGACCATGTGGTCTGGTCCCTGTTCAACACCCTCTTC,4829636f8fd1c80568f424eda852f9d8296f17627ab726717e26703f73185986,0.0,CCATGAACCACATTGTGCAAACCTTCTCTCCTGTCAACAGCGGCCAGCCTCCCAACTACGAGATGCTCAAGGAGGAGCAGGAAGTGGCTATGCTGGGGGCGCCCCACAACCCTGCTCCCCCGATGTCCACCGTGATCCACATCCGCAGCGAGACCTCCGTGCCTGACCATGTGGTCTGGTCCCTGTTCAACACCCTCTTC,5416634d13f29c4b11ba86b82c8386ec8db17a400200e6da5c04575d28f00c71,0.0234266353781519,CCATGAACCACATTGTGCAAACCTTCTCTCCTGTCAACAGCGGCCAGCCTCCCAACTACGAGATGCTCAAGGAGGAGCAGGAAGTGGCTATGCTGGGGGTGCCCCACAACCCTGCTCCCCCGATGTCCACCGTGATCCACATCCGCAGCGAGACCTCCGTGCCTGACCATGTCGTCTGGTCCCTGTTCAACACCCTCTTC,9e0cb54803c9406b4dde903ddd7a287da31857d96a2263402789f678708e836a,-0.466565599747945,CCATGAACCACATTGTGCAAACCTTCTCTCCTGTCAACAGCGGCCAGCCTCCCAACTACGAGATGCTCAAGGAGGAGCAGGAAGTGGCTATGCTGGGGGCGCCCCACAACCCTGCTCCCCCGATGTCCACCGTGATCCACATCCGCAGCGAGACCTCCGTGCCTGACCATGTCGTCTGGTCCCTGTTCAACACCCTCTTC,f367d2fa632ddd5cfc5c2d62bc1653838a47065dc4d0e661cd60b5afbfbd5b9b,-0.290434370333133,0.15270459403666,0.50751614748749,-240.71667348966,-244.17199185490608,-246.2308389246464,-248.60907559469345,1.0770816951990128,-1.0,-0.15270459403666,0.0,0,0.1871594453174953,0.18565657667894103,0.15145376406925343,0.1563620538621,1.0
chr11:308354:T:C;chr11:308426:G:C;var1;middle;OL41|K562|4e827fcb416fa4e3,chr11:308354:T:C;chr11:308426:G:C;var1;middle;OL41,K562,K562_region_00289,100,172,72,GCTCAAGGAGGAGCAGGAAGTGGCTATGCTGGGGGTGCCCCACAACCCTGCTCCCCCGATGTCCACCGTGATCCACATCCGCAGCGAGACCTCCGTGCCTGACCATGTGGTCTGGTCCCTGTTCAACACCCTCTTCATGAACACCTGCTGCCTGGGCTTCATAGCATTCGCGTACTCCGTGAAGGTGCGTATGGCCCTGG,738f7cf9ed83ed065c17a006f895edce44cc2d7878ca936090f32279bae73815,0.0,GCTCAAGGAGGAGCAGGAAGTGGCTATGCTGGGGGTGCCCCACAACCCTGCTCCCCCGATGTCCACCGTGATCCACATCCGCAGCGAGACCTCCGTGCCCGACCATGTGGTCTGGTCCCTGTTCAACACCCTCTTCATGAACACCTGCTGCCTGGGCTTCATAGCATTCGCGTACTCCGTGAAGGTGCGTATGGCCCTGG,6cfcfb70419bcd3af01bc0b58eeca1bcc8747d048ff93c5da0d1cac44fc96b28,-0.297557819386357,GCTCAAGGAGGAGCAGGAAGTGGCTATGCTGGGGGTGCCCCACAACCCTGCTCCCCCGATGTCCACCGTGATCCACATCCGCAGCGAGACCTCCGTGCCTGACCATGTGGTCTGGTCCCTGTTCAACACCCTCTTCATGAACACCTGCTGCCTGGGCTTCATAGCATTCGCCTACTCCGTGAAGGTGCGTATGGCCCTGG,c536a1de8261fc15c8406856c78178ad9720372d5da6143cdc373f04762ad02e,-0.0800631746877947,GCTCAAGGAGGAGCAGGAAGTGGCTATGCTGGGGGTGCCCCACAACCCTGCTCCCCCGATGTCCACCGTGATCCACATCCGCAGCGAGACCTCCGTGCCCGACCATGTGGTCTGGTCCCTGTTCAACACCCTCTTCATGAACACCTGCTGCCTGGGCTTCATAGCATTCGCCTACTCCGTGAAGGTGCGTATGGCCCTGG,4e827fcb416fa4e3831568905753159645c68b2801264b870fbaf7f6406b3213,-0.382147030407907,0.0045260363337552,0.366041124583309,-237.7547079697252,-238.6215632352978,-230.149833040312,-231.0744921453297,0.057803839445114136,1.0,0.0045260363337552,0.0,0,0.18585029665982933,0.18565657667894103,0.15145376406925343,0.30199479923010003,1.0
chr11:308363:G:C;chr11:308426:G:C;var1;middle;OL41|K562|a9486b6c2f3e2aff,chr11:308363:G:C;chr11:308426:G:C;var1;middle;OL41,K562,K562_region_00289,100,163,63,GGAGCAGGAAGTGGCTATGCTGGGGGTGCCCCACAACCCTGCTCCCCCGATGTCCACCGTGATCCACATCCGCAGCGAGACCTCCGTGCCTGACCATGTGGTCTGGTCCCTGTTCAACACCCTCTTCATGAACACCTGCTGCCTGGGCTTCATAGCATTCGCGTACTCCGTGAAGGTGCGTATGGCCCTGGCGGAAATCC,db23f50b7221a16ca15903b2d9cc1bf465aa61c5d6e7e19056f8bf08055d26ed,0.0,GGAGCAGGAAGTGGCTATGCTGGGGGTGCCCCACAACCCTGCTCCCCCGATGTCCACCGTGATCCACATCCGCAGCGAGACCTCCGTGCCTGACCATGTCGTCTGGTCCCTGTTCAACACCCTCTTCATGAACACCTGCTGCCTGGGCTTCATAGCATTCGCGTACTCCGTGAAGGTGCGTATGGCCCTGGCGGAAATCC,3552b71f50ada468795c774e9504967a117d9741eadc8f5fc3ad8bf02328e6fc,-0.290440489723269,GGAGCAGGAAGTGGCTATGCTGGGGGTGCCCCACAACCCTGCTCCCCCGATGTCCACCGTGATCCACATCCGCAGCGAGACCTCCGTGCCTGACCATGTGGTCTGGTCCCTGTTCAACACCCTCTTCATGAACACCTGCTGCCTGGGCTTCATAGCATTCGCCTACTCCGTGAAGGTGCGTATGGCCCTGGCGGAAATCC,705db09998f03d92e3805535d80ccf0b4e307f081568bd83b4fee5a0e60850d1,-0.0445393860216141,GGAGCAGGAAGTGGCTATGCTGGGGGTGCCCCACAACCCTGCTCCCCCGATGTCCACCGTGATCCACATCCGCAGCGAGACCTCCGTGCCTGACCATGTCGTCTGGTCCCTGTTCAACACCCTCTTCATGAACACCTGCTGCCTGGGCTTCATAGCATTCGCCTACTCCGTGAAGGTGCGTATGGCCCTGGCGGAAATCC,a9486b6c2f3e2affea9abc94cc4ce65ab80457cbf15682b8be5795fed9df330e,-0.366226304180919,0.0312464284360358,0.330536063532165,-243.1194048784673,-248.1450523510576,-236.2636348977685,-241.57570570521057,0.28642333485177573,1.0,0.0312464284360358,0.0,0,0.18614393288849687,0.18565657667894103,0.15145376406925343,0.3456946273913283,1.0
chr11:3147917:G:C;chr11:3148003:G:A;var1;middle;OL41|K562|e625ea98c3674a08,chr11:3147917:G:C;chr11:3148003:G:A;var1;middle;OL41,K562,K562_region_00314,100,186,86,CATGGTGGCGTGGCCAGGCTTCTCAGGCCGCTGCCTGGTGTGAGGCAGGCGAAGCGTGGGTGCGGATGACCTGGGAGGGGCAGGAAGTCAGCCGGAGGTGGTGGCAGGAACAGGACACTGCCTGAGAGGTGTAATAAACGCCAGCAAGCGTCACTGTGGGAGGAGTGTGCCAGGAGAACTGGCAGGGCCTCCAGGACCTA,7db2a63cf71a68fcd7c24020c73b277afb3770fcc1aad2fdbb4174e5a549f950,0.0,CATGGTGGCGTGGCCAGGCTTCTCAGGCCGCTGCCTGGTGTGAGGCAGGCGAAGCGTGGGTGCGGATGACCTGGGAGGGGCAGGAAGTCAGCCGGAGGTCGTGGCAGGAACAGGACACTGCCTGAGAGGTGTAATAAACGCCAGCAAGCGTCACTGTGGGAGGAGTGTGCCAGGAGAACTGGCAGGGCCTCCAGGACCTA,d92d702dca70da50ada3b254cdca3d698fdaebc154d701be696bb862112b7c88,-0.271482854970657,CATGGTGGCGTGGCCAGGCTTCTCAGGCCGCTGCCTGGTGTGAGGCAGGCGAAGCGTGGGTGCGGATGACCTGGGAGGGGCAGGAAGTCAGCCGGAGGTGGTGGCAGGAACAGGACACTGCCTGAGAGGTGTAATAAACGCCAGCAAGCGTCACTGTGGGAGGAGTGTGCCAGGAGAACTGGCAGAGCCTCCAGGACCTA,5a8624444226b3143c1555850a586e3ee7ff9a972430f52e8ac8d2a2708855eb,-0.110847671709743,CATGGTGGCGTGGCCAGGCTTCTCAGGCCGCTGCCTGGTGTGAGGCAGGCGAAGCGTGGGTGCGGATGACCTGGGAGGGGCAGGAAGTCAGCCGGAGGTCGTGGCAGGAACAGGACACTGCCTGAGAGGTGTAATAAACGCCAGCAAGCGTCACTGTGGGAGGAGTGTGCCAGGAGAACTGGCAGAGCCTCCAGGACCTA,e625ea98c3674a08a0b7b886d0dffd5bc14dd91707c9cf941ab2e5062dbaf6cc,-0.14551487811104,0.23681564856936,0.213170078290028,-344.2133581540548,-355.714264935581,-338.31225131545216,-348.7649119317066,1.0482461652717916,-1.0,-0.23681564856936,0.0,0,0.18712240929725388,0.18565657667894103,0.15145376406925343,0.2617761386485977,1.0
chr11:3148003:G:A;chr11:3148037:G:A;var1;middle;OL41|K562|aedb989b23662e2d,chr11:3148003:G:A;chr11:3148037:G:A;var1;middle;OL41,K562,K562_region_00314,100,134,34,GTCAGCCGGAGGTGGTGGCAGGAACAGGACACTGCCTGAGAGGTGTAATAAACGCCAGCAAGCGTCACTGTGGGAGGAGTGTGCCAGGAGAACTGGCAGGGCCTCCAGGACCTACAGGGAGGAAGCTGGGACAGGAGCTGGTAGGAACCGGCATCCTGGGCCTGCTGTAGTGTGCAATTGGGGGTCTGTGAAGGCCAGAG,8fadbe52980856794187b88f057c072f1d8b21b9439bcb59e59784f56a3f0ebd,0.0,GTCAGCCGGAGGTGGTGGCAGGAACAGGACACTGCCTGAGAGGTGTAATAAACGCCAGCAAGCGTCACTGTGGGAGGAGTGTGCCAGGAGAACTGGCAGAGCCTCCAGGACCTACAGGGAGGAAGCTGGGACAGGAGCTGGTAGGAACCGGCATCCTGGGCCTGCTGTAGTGTGCAATTGGGGGTCTGTGAAGGCCAGAG,01f4d469d9fccdc71df5a9689537a4482c42dbe8c9d9c7835997432d68e31b46,0.336289131335642,GTCAGCCGGAGGTGGTGGCAGGAACAGGACACTGCCTGAGAGGTGTAATAAACGCCAGCAAGCGTCACTGTGGGAGGAGTGTGCCAGGAGAACTGGCAGGGCCTCCAGGACCTACAGGGAGGAAGCTGGGACAAGAGCTGGTAGGAACCGGCATCCTGGGCCTGCTGTAGTGTGCAATTGGGGGTCTGTGAAGGCCAGAG,704f439d9619191e1d6d68abedfd04c2e1dc8440a29d00d9cf43e6b8f4f33cfd,0.19223111779719,GTCAGCCGGAGGTGGTGGCAGGAACAGGACACTGCCTGAGAGGTGTAATAAACGCCAGCAAGCGTCACTGTGGGAGGAGTGTGCCAGGAGAACTGGCAGAGCCTCCAGGACCTACAGGGAGGAAGCTGGGACAAGAGCTGGTAGGAACCGGCATCCTGGGCCTGCTGTAGTGTGCAATTGGGGGTCTGTGAAGGCCAGAG,aedb989b23662e2d50f717710c10fcb73637a4efba877e26e59fbf6f787b8d42,-0.199580284827528,0.72810053396036,0.342413314315081,-359.90523237222806,-380.70492905401625,-376.6569293118082,-386.4349802013021,-11.021645792294294,1.0,0.72810053396036,0.0,0,0.17161998003792955,0.18565657667894103,0.15145376406925343,0.11542628338005524,1.0
chr11:320115:G:A;chr11:320166:T:C;var1;middle;OL41|K562|5169f7bd8e51cb7e,chr11:320115:G:A;chr11:320166:T:C;var1;middle;OL41,K562,K562_region_00290,100,151,51,ACCAGGATCCCCCAGCTGAGAGCCGCGTGCTATGGCTCCGTCTCCTCATTGGCTCTCCCCGCCCTGAGATCAGGGACCACCTCCTCCCCTTCCTCACCCGGGCTCAGACTCTCCAGGAGCCTCGGGGCTCATCCTCCTTCTGCCTTGACCTCAGCACAGGCTGTTCTCCCCACCATGGGGTGAAGTCACCTGTGAGTTCC,a580ad00c19a13d08f35bfb5a9095aec49d15766beda65b16ca0ed8a48afa3f3,0.0,ACCAGGATCCCCCAGCTGAGAGCCGCGTGCTATGGCTCCGTCTCCTCATTGGCTCTCCCCGCCCTGAGATCAGGGACCACCTCCTCCCCTTCCTCACCCAGGCTCAGACTCTCCAGGAGCCTCGGGGCTCATCCTCCTTCTGCCTTGACCTCAGCACAGGCTGTTCTCCCCACCATGGGGTGAAGTCACCTGTGAGTTCC,b9d0ed01d2e2436a9fa9d773e5b6ebd40e95e33cdbc34a399eabdb6b7ad7807a,-0.459190701508074,ACCAGGATCCCCCAGCTGAGAGCCGCGTGCTATGGCTCCGTCTCCTCATTGGCTCTCCCCGCCCTGAGATCAGGGACCACCTCCTCCCCTTCCTCACCCGGGCTCAGACTCTCCAGGAGCCTCGGGGCTCATCCTCCTTCTGCCTTGACCCCAGCACAGGCTGTTCTCCCCACCATGGGGTGAAGTCACCTGTGAGTTCC,88e15e0fec818bd20f44e29c720dc1781f9fc4d9de426fddde58befcfa8b7cbf,-0.350919092630966,ACCAGGATCCCCCAGCTGAGAGCCGCGTGCTATGGCTCCGTCTCCTCATTGGCTCTCCCCGCCCTGAGATCAGGGACCACCTCCTCCCCTTCCTCACCCAGGCTCAGACTCTCCAGGAGCCTCGGGGCTCATCCTCCTTCTGCCTTGACCCCAGCACAGGCTGTTCTCCCCACCATGGGGTGAAGTCACCTGTGAGTTCC,5169f7bd8e51cb7e4dc1dba64e97a96829f6b3e7e643ccd62e57b49aebe05feb,-0.591656258289487,-0.218453535849553,0.273973970904214,-308.9474162576953,-289.7631016802043,-286.8566614398733,-271.175377168227,3.5030303058447316,1.0,-0.218453535849553,0.0,3,0.18852874826656613,0.18106719778262317,0.1474303780702046,0.2483083791627339,1.0
chr11:320805:G:T;chr11:320836:C:T;var1;middle;OL30|K562|787b67b232f29032,chr11:320805:G:T;chr11:320836:C:T;var1;middle;OL30,K562,K562_region_00291,100,131,31,GTGGGGCGCCCCCAGCACAGCCACCTCGTGCTCCTCCTTGAGCATCTCATAGTTGGGGGGCTGGCCACTGTTGACAGGAGAGAAGAAGGTTTGGACAGTGTGATTCATGGTGTCCAGCGAAGACCAGCGGCGGTCGGGTTACTGGGATGGTTCTCAGTGAGCCCTCCCTTTCCCCAGTAGTTTCGGTTTCTCAACAGTTT,39911affdcc5fad52ad52a1b157961d5bc87188c00ef53dcf113d1275e89b7fb,0.0,GTGGGGCGCCCCCAGCACAGCCACCTCGTGCTCCTCCTTGAGCATCTCATAGTTGGGGGGCTGGCCACTGTTGACAGGAGAGAAGAAGGTTTGGACAGTTTGATTCATGGTGTCCAGCGAAGACCAGCGGCGGTCGGGTTACTGGGATGGTTCTCAGTGAGCCCTCCCTTTCCCCAGTAGTTTCGGTTTCTCAACAGTTT,e08abd2363fee43caf318af1a346e1a90fcc1ad2452904fd268d409eaee7fc10,-0.0914127951109578,GTGGGGCGCCCCCAGCACAGCCACCTCGTGCTCCTCCTTGAGCATCTCATAGTTGGGGGGCTGGCCACTGTTGACAGGAGAGAAGAAGGTTTGGACAGTGTGATTCATGGTGTCCAGCGAAGACCAGCGGTGGTCGGGTTACTGGGATGGTTCTCAGTGAGCCCTCCCTTTCCCCAGTAGTTTCGGTTTCTCAACAGTTT,f50e122ab85f5ed6c2d55445dadf142ab7c44900dad24f393631dd4389f6bf9d,-0.760727652975182,GTGGGGCGCCCCCAGCACAGCCACCTCGTGCTCCTCCTTGAGCATCTCATAGTTGGGGGGCTGGCCACTGTTGACAGGAGAGAAGAAGGTTTGGACAGTTTGATTCATGGTGTCCAGCGAAGACCAGCGGTGGTCGGGTTACTGGGATGGTTCTCAGTGAGCCCTCCCTTTCCCCAGTAGTTTCGGTTTCTCAACAGTTT,787b67b232f290325d3ce456acd79b2fe8d30e4a11bca69199787fea09f9dd9b,-0.756976777877572,0.0951636702085677,0.164767428873142,-308.10933919996023,-305.7778621604666,-303.98049188777804,-300.2935362411663,1.3554786071181297,-1.0,-0.0951636702085677,0.0,4,0.17787932180485433,0.17620727786206916,0.145609630836647,0.28561013386907413,1.0
chr11:324630:G:C;chr11:324635:G:A;var1;middle;OL41|K562|cac819a9b3841823,chr11:324630:G:C;chr11:324635:G:A;var1;middle;OL41,K562,K562_region_00292,100,105,5,TGGAATCTGTGTAAATACTTGCCTTCTGCTCTTTTCCTAGCCAGAGAGCTCTTGTCAGAGCTATTAGCTCTGCTTTCTAAGCAGAAGTTTCTGCAGACAGAGACGGTACCTCTACTGCTGAGTCCAAAGTCACCGCGGCATACCCAGCTCGGCAGACTCCCCTTAGTACGAAACTGCTTCCATCAGTAAAATATTCAATG,56b7a8b289943244385b2e1216af77cd87c2db61bb9a293e7046b694f32dbfd6,0.0,TGGAATCTGTGTAAATACTTGCCTTCTGCTCTTTTCCTAGCCAGAGAGCTCTTGTCAGAGCTATTAGCTCTGCTTTCTAAGCAGAAGTTTCTGCAGACACAGACGGTACCTCTACTGCTGAGTCCAAAGTCACCGCGGCATACCCAGCTCGGCAGACTCCCCTTAGTACGAAACTGCTTCCATCAGTAAAATATTCAATG,d69ca82873711c1e20017c35beea0dcb98ecbacf827986a57e114b8aa7e486f6,0.0837802944585009,TGGAATCTGTGTAAATACTTGCCTTCTGCTCTTTTCCTAGCCAGAGAGCTCTTGTCAGAGCTATTAGCTCTGCTTTCTAAGCAGAAGTTTCTGCAGACAGAGACAGTACCTCTACTGCTGAGTCCAAAGTCACCGCGGCATACCCAGCTCGGCAGACTCCCCTTAGTACGAAACTGCTTCCATCAGTAAAATATTCAATG,7420cb4c4157c8adb60b7bc9e7c805da0f1a30000fb5aa04ee7e91276f047495,-0.0882771098218034,TGGAATCTGTGTAAATACTTGCCTTCTGCTCTTTTCCTAGCCAGAGAGCTCTTGTCAGAGCTATTAGCTCTGCTTTCTAAGCAGAAGTTTCTGCAGACACAGACAGTACCTCTACTGCTGAGTCCAAAGTCACCGCGGCATACCCAGCTCGGCAGACTCCCCTTAGTACGAAACTGCTTCCATCAGTAAAATATTCAATG,cac819a9b3841823c3569a14f30cae66cb088ee347d606c42c0b505ef84f7dec,-0.487300376337822,0.4828035609745195,0.366640454128773,-420.6191227144445,-424.71142503316514,-410.6448779718776,-417.2712838028092,2.5341035122109474,1.0,0.4828035609745195,0.0,4,0.17934012285213066,0.17620727786206916,0.145609630836647,0.23717385134665353,1.0
chr11:324630:G:C;chr11:324699:C:T;var1;middle;OL41|K562|0cdead62853ef61f,chr11:324630:G:C;chr11:324699:C:T;var1;middle;OL41,K562,K562_region_00292,100,169,69,TGGAATCTGTGTAAATACTTGCCTTCTGCTCTTTTCCTAGCCAGAGAGCTCTTGTCAGAGCTATTAGCTCTGCTTTCTAAGCAGAAGTTTCTGCAGACAGAGACGGTACCTCTACTGCTGAGTCCAAAGTCACCGCGGCATACCCAGCTCGGCAGACTCCCCTTAGTACGAAACTGCTTCCATCAGTAAAATATTCAATG,56b7a8b289943244385b2e1216af77cd87c2db61bb9a293e7046b694f32dbfd6,0.0,TGGAATCTGTGTAAATACTTGCCTTCTGCTCTTTTCCTAGCCAGAGAGCTCTTGTCAGAGCTATTAGCTCTGCTTTCTAAGCAGAAGTTTCTGCAGACACAGACGGTACCTCTACTGCTGAGTCCAAAGTCACCGCGGCATACCCAGCTCGGCAGACTCCCCTTAGTACGAAACTGCTTCCATCAGTAAAATATTCAATG,d69ca82873711c1e20017c35beea0dcb98ecbacf827986a57e114b8aa7e486f6,0.0837203870056654,TGGAATCTGTGTAAATACTTGCCTTCTGCTCTTTTCCTAGCCAGAGAGCTCTTGTCAGAGCTATTAGCTCTGCTTTCTAAGCAGAAGTTTCTGCAGACAGAGACGGTACCTCTACTGCTGAGTCCAAAGTCACCGCGGCATACCCAGCTCGGCAGACTCCCCTTAGTATGAAACTGCTTCCATCAGTAAAATATTCAATG,9003bd3794b44c07e28b5061a97a2001040e5f42b800127ee9f18a67a89b4b3b,-0.405430600058639,TGGAATCTGTGTAAATACTTGCCTTCTGCTCTTTTCCTAGCCAGAGAGCTCTTGTCAGAGCTATTAGCTCTGCTTTCTAAGCAGAAGTTTCTGCAGACACAGACGGTACCTCTACTGCTGAGTCCAAAGTCACCGCGGCATACCCAGCTCGGCAGACTCCCCTTAGTATGAAACTGCTTCCATCAGTAAAATATTCAATG,0cdead62853ef61f406d75140d942a38bc8a13f65c1b261800dd467c38b95522,-0.943500000706428,0.6217897876534544,0.522314245750684,-420.6191227144445,-424.71142503316514,-390.8330107923248,-394.42029171600007,-0.5050213950453895,1.0,0.6217897876534544,0.0,4,0.1755733970446745,0.17620727786206916,0.145609630836647,0.2183619416193689,1.0
chr11:324635:G:A;chr11:324699:C:T;var1;middle;OL41|K562|90b71d3f940b6e18,chr11:324635:G:A;chr11:324699:C:T;var1;middle;OL41,K562,K562_region_00292,100,164,64,TCTGTGTAAATACTTGCCTTCTGCTCTTTTCCTAGCCAGAGAGCTCTTGTCAGAGCTATTAGCTCTGCTTTCTAAGCAGAAGTTTCTGCAGACAGAGACGGTACCTCTACTGCTGAGTCCAAAGTCACCGCGGCATACCCAGCTCGGCAGACTCCCCTTAGTACGAAACTGCTTCCATCAGTAAAATATTCAATGTCCAG,383cbf84e0fed8b0547e0fa36d52abe243f60db7da5c8577fa3ad5e7d6ef6b7d,0.0,TCTGTGTAAATACTTGCCTTCTGCTCTTTTCCTAGCCAGAGAGCTCTTGTCAGAGCTATTAGCTCTGCTTTCTAAGCAGAAGTTTCTGCAGACAGAGACAGTACCTCTACTGCTGAGTCCAAAGTCACCGCGGCATACCCAGCTCGGCAGACTCCCCTTAGTACGAAACTGCTTCCATCAGTAAAATATTCAATGTCCAG,4860934de0f9a178e4c09e4e05785f21087f05fda2540ed75bf944822f948762,-0.0080796069009807,TCTGTGTAAATACTTGCCTTCTGCTCTTTTCCTAGCCAGAGAGCTCTTGTCAGAGCTATTAGCTCTGCTTTCTAAGCAGAAGTTTCTGCAGACAGAGACGGTACCTCTACTGCTGAGTCCAAAGTCACCGCGGCATACCCAGCTCGGCAGACTCCCCTTAGTATGAAACTGCTTCCATCAGTAAAATATTCAATGTCCAG,05495866175342fae3b445f7a50b6bccf62ea7ed1ad8616533ddec9029a2d1fb,-0.189755218140229,TCTGTGTAAATACTTGCCTTCTGCTCTTTTCCTAGCCAGAGAGCTCTTGTCAGAGCTATTAGCTCTGCTTTCTAAGCAGAAGTTTCTGCAGACAGAGACAGTACCTCTACTGCTGAGTCCAAAGTCACCGCGGCATACCCAGCTCGGCAGACTCCCCTTAGTATGAAACTGCTTCCATCAGTAAAATATTCAATGTCCAG,90b71d3f940b6e1890e9e00659e6044693ccaed887d6a48a90067bbcd4d131a8,0.359192276128822,0.5570271011700316,0.54013425500754,-434.98457284108736,-420.4108787641162,-405.7928793106694,-393.1670128359692,-1.9478276022709906,-1.0,-0.5570271011700316,0.0,4,0.17378516670147978,0.17620727786206916,0.145609630836647,0.28986621613189956,1.0
chr11:3259809:G:A;chr11:3259830:C:T;var1;middle;OL33|K562|0b104ca18bcbafc8,chr11:3259809:G:A;chr11:3259830:C:T;var1;middle;OL33,K562,K562_region_00315,100,121,21,TTCCTCGGAAGTAAAACAAAGAGAGATAAACAACATTAATAATTTGACAATCAAAAGAGAATGTGTGTGTCAGAAGAGAAAAAGGAATCTATTCCATTAGGGCACTGACTAAAAGCATCACGAAGAAAATGATAACCTGGCTCATCTTTAGAGGATTATTATAGCCAAGAAATAATTCATGATTCAATCCACACTAACAA,7e0adcdd8e3dc1ee36d1ded343922c8c7984641076579544aed9c03d493dce2a,0.0,TTCCTCGGAAGTAAAACAAAGAGAGATAAACAACATTAATAATTTGACAATCAAAAGAGAATGTGTGTGTCAGAAGAGAAAAAGGAATCTATTCCATTAAGGCACTGACTAAAAGCATCACGAAGAAAATGATAACCTGGCTCATCTTTAGAGGATTATTATAGCCAAGAAATAATTCATGATTCAATCCACACTAACAA,cd4881534f524fbe7038ec73183b3dc8213fd49edc1ff029a5d4d74eb7d9903d,-0.064858574511719,TTCCTCGGAAGTAAAACAAAGAGAGATAAACAACATTAATAATTTGACAATCAAAAGAGAATGTGTGTGTCAGAAGAGAAAAAGGAATCTATTCCATTAGGGCACTGACTAAAAGCATCATGAAGAAAATGATAACCTGGCTCATCTTTAGAGGATTATTATAGCCAAGAAATAATTCATGATTCAATCCACACTAACAA,36853aa1089c33d263e118baa8f80d136613133b9e9b1fe82a4d55aa9909a41b,-0.315906963878327,TTCCTCGGAAGTAAAACAAAGAGAGATAAACAACATTAATAATTTGACAATCAAAAGAGAATGTGTGTGTCAGAAGAGAAAAAGGAATCTATTCCATTAAGGCACTGACTAAAAGCATCATGAAGAAAATGATAACCTGGCTCATCTTTAGAGGATTATTATAGCCAAGAAATAATTCATGATTCAATCCACACTAACAA,0b104ca18bcbafc89efe8daed142cb86ce6028340d2b8f52a9f3a465bfe0532b,-0.117930881325074,0.262834657064972,0.194665160001156,-259.76766487956047,-258.04168593883514,-252.5954496562481,-254.28970992565155,-3.420239210128784,-1.0,-0.262834657064972,0.0,1,0.17888527193724404,0.18216460459877223,0.1501433469024087,0.11564146007529737,1.0
chr11:3260150:G:C;chr11:3260189:T:C;var1;middle;OL33|K562|e9d1bf0cb4d043cd,chr11:3260150:G:C;chr11:3260189:T:C;var1;middle;OL33,K562,K562_region_00316,100,139,39,ATACTTCCCTGATTATAAAGTGCAGCAAGAACCAATTGGCCATACCGGCCCCTTTCAAGTTGACTTTGCTGGAACTTTACCTAAAAATATATTATTCCAGTCAAAGCCTTGGTAAAATAACCAGGGTCTCCAATTGTGTCCCATTTCAAAAGAAAACATTCTTACTAAACCTATGCAAACAACTAAATGCCATAAAATCA,721e954df4a187e75e7199a57392c4b8c9f5dbca4b4a24a5117fc8a0f7da08ad,0.0,ATACTTCCCTGATTATAAAGTGCAGCAAGAACCAATTGGCCATACCGGCCCCTTTCAAGTTGACTTTGCTGGAACTTTACCTAAAAATATATTATTCCACTCAAAGCCTTGGTAAAATAACCAGGGTCTCCAATTGTGTCCCATTTCAAAAGAAAACATTCTTACTAAACCTATGCAAACAACTAAATGCCATAAAATCA,8df4d07c9e7754f69afc12d5aa0c8750cce516acbb78c86aef8c44bae0cf54ca,0.133168135036993,ATACTTCCCTGATTATAAAGTGCAGCAAGAACCAATTGGCCATACCGGCCCCTTTCAAGTTGACTTTGCTGGAACTTTACCTAAAAATATATTATTCCAGTCAAAGCCTTGGTAAAATAACCAGGGTCTCCAATTGTGCCCCATTTCAAAAGAAAACATTCTTACTAAACCTATGCAAACAACTAAATGCCATAAAATCA,4b6ab0435f1cef604061c35d3a69adb01a757abf6ec308e22e71005a455efbe7,0.377182074304071,ATACTTCCCTGATTATAAAGTGCAGCAAGAACCAATTGGCCATACCGGCCCCTTTCAAGTTGACTTTGCTGGAACTTTACCTAAAAATATATTATTCCACTCAAAGCCTTGGTAAAATAACCAGGGTCTCCAATTGTGCCCCATTTCAAAAGAAAACATTCTTACTAAACCTATGCAAACAACTAAATGCCATAAAATCA,e9d1bf0cb4d043cd0ece7717ac05935b21f6feb3f40397da0b8c3fb4b611b804,0.392512071664449,0.117838137676615,0.287117389612535,-397.027123556938,-406.1695450330153,-403.378903650213,-411.3243411346338,-1.1969839916565093,1.0,0.117838137676615,0.0,3,0.17906204803359332,0.18106719778262317,0.1474303780702046,0.333920695998861,1.0
chr11:3260189:T:C;chr11:3260259:G:A;var1;middle;OL33|K562|fcf784ebb9e75821,chr11:3260189:T:C;chr11:3260259:G:A;var1;middle;OL33,K562,K562_region_00316,100,170,70,CCATACCGGCCCCTTTCAAGTTGACTTTGCTGGAACTTTACCTAAAAATATATTATTCCAGTCAAAGCCTTGGTAAAATAACCAGGGTCTCCAATTGTGTCCCATTTCAAAAGAAAACATTCTTACTAAACCTATGCAAACAACTAAATGCCATAAAATCAGAATATTCGCTAATAGTGTCTGAATTTTGAAGAATTCAG,c0a52aaa9119ac1edc7868733bd79e1211f5dfe7f1c1e1a16bd6a87b3ed80212,0.0,CCATACCGGCCCCTTTCAAGTTGACTTTGCTGGAACTTTACCTAAAAATATATTATTCCAGTCAAAGCCTTGGTAAAATAACCAGGGTCTCCAATTGTGCCCCATTTCAAAAGAAAACATTCTTACTAAACCTATGCAAACAACTAAATGCCATAAAATCAGAATATTCGCTAATAGTGTCTGAATTTTGAAGAATTCAG,f966aead5620a47a9d86acba724045a594b75049f07dacc49a123dc4efab3838,0.0587464000368887,CCATACCGGCCCCTTTCAAGTTGACTTTGCTGGAACTTTACCTAAAAATATATTATTCCAGTCAAAGCCTTGGTAAAATAACCAGGGTCTCCAATTGTGTCCCATTTCAAAAGAAAACATTCTTACTAAACCTATGCAAACAACTAAATGCCATAAAATCAGAATATTCACTAATAGTGTCTGAATTTTGAAGAATTCAG,a10c824d85a7b99ea21b29e49c0d910d169cd62d808b4591b3c3ed1a6c0c9a7c,-0.0535134881718582,CCATACCGGCCCCTTTCAAGTTGACTTTGCTGGAACTTTACCTAAAAATATATTATTCCAGTCAAAGCCTTGGTAAAATAACCAGGGTCTCCAATTGTGCCCCATTTCAAAAGAAAACATTCTTACTAAACCTATGCAAACAACTAAATGCCATAAAATCAGAATATTCACTAATAGTGTCTGAATTTTGAAGAATTCAG,fcf784ebb9e75821b57ebe64b82515d406f60e40fbff6831f6ef2baa5bedb949,0.26499525922508,0.2597623473600495,0.307137699400299,-311.08038007630967,-319.523587083444,-300.9462505157572,-308.1262833822984,1.263174140593037,-1.0,-0.2597623473600495,0.0,3,0.18401726265413154,0.18106719778262317,0.1474303780702046,0.3055010659476432,1.0
chr11:330973:C:T;chr11:330989:G:A;var1;middle;OL41|K562|84d5968c2b49a310,chr11:330973:C:T;chr11:330989:G:A;var1;middle;OL41,K562,K562_region_00293,100,116,16,CAGACCCCACACCTGCCACAGGCCCACACTGGAGGGAGTCAGCGGCTGAGGGTCGGGCCGTTCGTTACCACCGCACAGCCTGGCTCATCCTGGCTGACTCGGGGCAGTGCTGCCCGGGCCAGGCGGAGCAGGGAGGACGTGGTGGGGTGTTTGGAAGGCGGAGCAAGAACCTAATAAATGTGAGCCCTGGACTCTGAGGC,3467a8e87ef78603e2cb4eba2c6a24907113c593f2f5197399092f9186a78215,0.0,CAGACCCCACACCTGCCACAGGCCCACACTGGAGGGAGTCAGCGGCTGAGGGTCGGGCCGTTCGTTACCACCGCACAGCCTGGCTCATCCTGGCTGACTTGGGGCAGTGCTGCCCGGGCCAGGCGGAGCAGGGAGGACGTGGTGGGGTGTTTGGAAGGCGGAGCAAGAACCTAATAAATGTGAGCCCTGGACTCTGAGGC,22d071ed2d42740bb981f9ee7cf22daa823096c693d26855e2b32fdc99a900c7,-0.0694453716432424,CAGACCCCACACCTGCCACAGGCCCACACTGGAGGGAGTCAGCGGCTGAGGGTCGGGCCGTTCGTTACCACCGCACAGCCTGGCTCATCCTGGCTGACTCGGGGCAGTGCTGCCCAGGCCAGGCGGAGCAGGGAGGACGTGGTGGGGTGTTTGGAAGGCGGAGCAAGAACCTAATAAATGTGAGCCCTGGACTCTGAGGC,8efc80e3b532a951aab402df04f4d414419d30d80c5129dbc89cca3312045ce7,0.0036407711062603,CAGACCCCACACCTGCCACAGGCCCACACTGGAGGGAGTCAGCGGCTGAGGGTCGGGCCGTTCGTTACCACCGCACAGCCTGGCTCATCCTGGCTGACTTGGGGCAGTGCTGCCCAGGCCAGGCGGAGCAGGGAGGACGTGGTGGGGTGTTTGGAAGGCGGAGCAAGAACCTAATAAATGTGAGCCCTGGACTCTGAGGC,84d5968c2b49a310892c043ec315d464fd6f4a4c75c4a3e3c5636c8705b30a51,0.10607709276034,0.171881693297322,0.222804414714708,-235.05768521130085,-241.7677023038268,-234.4162773936987,-241.46907567977905,-0.3427811935544014,-1.0,-0.171881693297322,0.0,3,0.1807825708481938,0.18106719778262317,0.1474303780702046,0.24059279947072454,1.0
chr11:332795:A:G;chr11:332857:C:A;var1;middle;OL41|K562|b23af5ceac5059d7,chr11:332795:A:G;chr11:332857:C:A;var1;middle;OL41,K562,K562_region_00294,100,162,62,TCTATAGGCAAGAAAGGAGCTGAGGAAGCCACTCAACTCTCCAGCACCCACCCTGTGCGGCCACGGAGGACCGTGGGGATGGGAAGTGTCCCCTCCACCAAGCACAGCCCTCATCTCTTCCCGGAAGTTGCTCCCCGGCGTCAGCGTCCTCACCCAGCCACCCCTGGGACTTTGGAGTTGCTGCAGAGCATGACTGCTGG,a3dbb3f35b62c84ac2c1ae27d5302d3313daa21f44bfae220877f87f5d6b4419,0.0,TCTATAGGCAAGAAAGGAGCTGAGGAAGCCACTCAACTCTCCAGCACCCACCCTGTGCGGCCACGGAGGACCGTGGGGATGGGAAGTGTCCCCTCCACCGAGCACAGCCCTCATCTCTTCCCGGAAGTTGCTCCCCGGCGTCAGCGTCCTCACCCAGCCACCCCTGGGACTTTGGAGTTGCTGCAGAGCATGACTGCTGG,a17d700bed1c6f9902202ccfd87cd5a03935a400738e52414dd4c4df3c2bedae,-0.115770013811468,TCTATAGGCAAGAAAGGAGCTGAGGAAGCCACTCAACTCTCCAGCACCCACCCTGTGCGGCCACGGAGGACCGTGGGGATGGGAAGTGTCCCCTCCACCAAGCACAGCCCTCATCTCTTCCCGGAAGTTGCTCCCCGGCGTCAGCGTCCTCACCCAGCCACACCTGGGACTTTGGAGTTGCTGCAGAGCATGACTGCTGG,6585cee8c2896778d2b2c34bc54bd8371b1d4b7d2f80d1c3f6f0fce0a92a8606,0.107275797687822,TCTATAGGCAAGAAAGGAGCTGAGGAAGCCACTCAACTCTCCAGCACCCACCCTGTGCGGCCACGGAGGACCGTGGGGATGGGAAGTGTCCCCTCCACCGAGCACAGCCCTCATCTCTTCCCGGAAGTTGCTCCCCGGCGTCAGCGTCCTCACCCAGCCACACCTGGGACTTTGGAGTTGCTGCAGAGCATGACTGCTGG,b23af5ceac5059d75255112c19146e8e2e951b0e96abf5f2632e7e49dfc32e84,0.0373111118276538,0.0458053279512997,0.247355504584822,-342.96526298020035,-345.8047721213661,-352.33809006982483,-356.2242990373634,-1.0466998263727874,-1.0,-0.0458053279512997,0.0,1,0.18130020553817966,0.18216460459877223,0.1501433469024087,0.4098229742268524,1.0
chr11:332798:C:G;chr11:332857:C:A;var1;middle;OL41|K562|7faa950a58626c6e,chr11:332798:C:G;chr11:332857:C:A;var1;middle;OL41,K562,K562_region_00294,100,159,59,ATAGGCAAGAAAGGAGCTGAGGAAGCCACTCAACTCTCCAGCACCCACCCTGTGCGGCCACGGAGGACCGTGGGGATGGGAAGTGTCCCCTCCACCAAGCACAGCCCTCATCTCTTCCCGGAAGTTGCTCCCCGGCGTCAGCGTCCTCACCCAGCCACCCCTGGGACTTTGGAGTTGCTGCAGAGCATGACTGCTGGGAT,54e0c60ed9e2357959db5c98efbcfad85d251eebba3e44dcc221a108af07584a,0.0,ATAGGCAAGAAAGGAGCTGAGGAAGCCACTCAACTCTCCAGCACCCACCCTGTGCGGCCACGGAGGACCGTGGGGATGGGAAGTGTCCCCTCCACCAAGGACAGCCCTCATCTCTTCCCGGAAGTTGCTCCCCGGCGTCAGCGTCCTCACCCAGCCACCCCTGGGACTTTGGAGTTGCTGCAGAGCATGACTGCTGGGAT,8ec1ef9cdf4064b521fb9622a6f8a0656630e14395fb13ac789fb0e1fe88e866,0.232480535214073,ATAGGCAAGAAAGGAGCTGAGGAAGCCACTCAACTCTCCAGCACCCACCCTGTGCGGCCACGGAGGACCGTGGGGATGGGAAGTGTCCCCTCCACCAAGCACAGCCCTCATCTCTTCCCGGAAGTTGCTCCCCGGCGTCAGCGTCCTCACCCAGCCACACCTGGGACTTTGGAGTTGCTGCAGAGCATGACTGCTGGGAT,49dc86549ba13e6a6d107349273f42f620a0c885d313333e78ab80e389a14e7c,0.364674673833959,ATAGGCAAGAAAGGAGCTGAGGAAGCCACTCAACTCTCCAGCACCCACCCTGTGCGGCCACGGAGGACCGTGGGGATGGGAAGTGTCCCCTCCACCAAGGACAGCCCTCATCTCTTCCCGGAAGTTGCTCCCCGGCGTCAGCGTCCTCACCCAGCCACACCTGGGACTTTGGAGTTGCTGCAGAGCATGACTGCTGGGAT,7faa950a58626c6e31b2580bcbf4f6ad05c6787a081afa4e169d61cf570411cb,0.366408078463834,0.230747130584198,0.199213849537815,-360.0841180433053,-348.62074796983507,-371.753498102189,-360.4640299741877,0.1739019454689128,1.0,0.230747130584198,0.0,1,0.18254209444567168,0.18216460459877223,0.1501433469024087,0.29026554088902673,1.0
chr11:3400334:A:G;chr11:3400422:C:T;var1;middle;OL41|K562|7984262aefa64181,chr11:3400334:A:G;chr11:3400422:C:T;var1;middle;OL41,K562,K562_region_00317,100,188,88,CTGTCTCTCAGGAGGCCTGGCCCCTACACTCACCATCTCCTGGCCTCCAGAGAGCCTGGCGTTTCACTTCTGGATCTCCCGGTGCCTGCGGGTCACACGACCTACGGCTAGCAGGGGACACAGAGCCGCGGGGACAGGAAGTGGAGCTCTGTCGGGACAAAGGCCCCGCTAGATCCCGGAAGCCGTCCTCTCCTCTCCAG,8916f7ae006780ceb5afdd155623044147f7938b8bc3a8cbcf95812a9c064284,0.0,CTGTCTCTCAGGAGGCCTGGCCCCTACACTCACCATCTCCTGGCCTCCAGAGAGCCTGGCGTTTCACTTCTGGATCTCCCGGTGCCTGCGGGTCACACGGCCTACGGCTAGCAGGGGACACAGAGCCGCGGGGACAGGAAGTGGAGCTCTGTCGGGACAAAGGCCCCGCTAGATCCCGGAAGCCGTCCTCTCCTCTCCAG,c5196ac056695864599a1f10b0cbb4da671a90725ca2b3f2fdd0e2254362d53f,-0.15054606255241,CTGTCTCTCAGGAGGCCTGGCCCCTACACTCACCATCTCCTGGCCTCCAGAGAGCCTGGCGTTTCACTTCTGGATCTCCCGGTGCCTGCGGGTCACACGACCTACGGCTAGCAGGGGACACAGAGCCGCGGGGACAGGAAGTGGAGCTCTGTCGGGACAAAGGCCCCGCTAGATCCCGGAAGCCGTCTTCTCCTCTCCAG,9e5234442cc900fcd0d2b704399b4fc78a2aac915c9427e53bfdfc2f05d47c44,-0.206259975537383,CTGTCTCTCAGGAGGCCTGGCCCCTACACTCACCATCTCCTGGCCTCCAGAGAGCCTGGCGTTTCACTTCTGGATCTCCCGGTGCCTGCGGGTCACACGGCCTACGGCTAGCAGGGGACACAGAGCCGCGGGGACAGGAAGTGGAGCTCTGTCGGGACAAAGGCCCCGCTAGATCCCGGAAGCCGTCTTCTCCTCTCCAG,7984262aefa64181f72a30f69e4f89c32a47acbee80791607c485b415182d8c4,-0.340037639099225,-0.0167683989905679,0.189735265643894,-241.3612544126809,-239.7724702581764,-243.8802206814289,-242.1675017774105,-0.12393474951394978,1.0,-0.0167683989905679,0.0,0,0.18561687372373908,0.18565657667894103,0.15145376406925343,0.06955075426977175,1.0
chr11:3400422:C:T;chr11:3400487:A:C;var1;middle;OL41|K562|7e54f8c0b501e1f1,chr11:3400422:C:T;chr11:3400487:A:C;var1;middle;OL41,K562,K562_region_00317,100,165,65,CGGGTCACACGACCTACGGCTAGCAGGGGACACAGAGCCGCGGGGACAGGAAGTGGAGCTCTGTCGGGACAAAGGCCCCGCTAGATCCCGGAAGCCGTCCTCTCCTCTCCAGACATGTGCCTGATTGGACAGTCCCCGCCCCTACTCCTCTGATTGGATAGGGCATCACGCCCCGCCCCCTCAGGCCCTGAGTGACAGGA,6f7695d268b3dc4d88cd25d38587bfc3c060a2ceefc35eeb396d017afbcd5f68,0.0,CGGGTCACACGACCTACGGCTAGCAGGGGACACAGAGCCGCGGGGACAGGAAGTGGAGCTCTGTCGGGACAAAGGCCCCGCTAGATCCCGGAAGCCGTCTTCTCCTCTCCAGACATGTGCCTGATTGGACAGTCCCCGCCCCTACTCCTCTGATTGGATAGGGCATCACGCCCCGCCCCCTCAGGCCCTGAGTGACAGGA,7595f6ed1af9eb35dcfb8363da7a4a29cba7a22eccaae66c898f60ea39e21582,-0.138713935865229,CGGGTCACACGACCTACGGCTAGCAGGGGACACAGAGCCGCGGGGACAGGAAGTGGAGCTCTGTCGGGACAAAGGCCCCGCTAGATCCCGGAAGCCGTCCTCTCCTCTCCAGACATGTGCCTGATTGGACAGTCCCCGCCCCTACTCCTCTGATTGGATAGGGCCTCACGCCCCGCCCCCTCAGGCCCTGAGTGACAGGA,e58e1a44a40a9b710ad249deb3b69718bbfda03e458e1281120977d7d5bba7a9,0.0009391211285828,CGGGTCACACGACCTACGGCTAGCAGGGGACACAGAGCCGCGGGGACAGGAAGTGGAGCTCTGTCGGGACAAAGGCCCCGCTAGATCCCGGAAGCCGTCTTCTCCTCTCCAGACATGTGCCTGATTGGACAGTCCCCGCCCCTACTCCTCTGATTGGATAGGGCCTCACGCCCCGCCCCCTCAGGCCCTGAGTGACAGGA,7e54f8c0b501e1f19b9e6f30de0b9f817d2be2678f5317e733e6a8a203a9a8b6,-0.0517780070350585,0.0859968077015877,0.190736116842794,-333.45223332883324,-341.80833635303134,-321.1828966891044,-330.7331079345895,-1.1941082212870242,-1.0,-0.0859968077015877,0.0,0,0.18424235532707953,0.18565657667894103,0.15145376406925343,0.23371883574490276,1.0
chr11:3663201:A:G;chr11:3663273:C:T;var1;middle;OL41|K562|38f925867c59c77c,chr11:3663201:A:G;chr11:3663273:C:T;var1;middle;OL41,K562,K562_region_00318,100,172,72,AGACGTGAGGGCCAGGGGTCCGGGTGAGGGCGGGACCAGAGGTGCTGGAGTCCTGGTTTCGAGGGGCTGGAGGCAGATCTGGACCCTGTCTCCAGGCGCACGGGATCCCGGGTCCAGGATTAGGGCCCCGGCGGGGCGTGGGCGGGGCCTGGGAGTTTATTGCCCGCCCCCCGCCCCAAGTCTCCGCCCCCGACTCCCCA,3fe5bb1244509329957f2183e2e266678c904e42bdd6fb8eb6c0ea5ab9bfad27,0.0,AGACGTGAGGGCCAGGGGTCCGGGTGAGGGCGGGACCAGAGGTGCTGGAGTCCTGGTTTCGAGGGGCTGGAGGCAGATCTGGACCCTGTCTCCAGGCGCGCGGGATCCCGGGTCCAGGATTAGGGCCCCGGCGGGGCGTGGGCGGGGCCTGGGAGTTTATTGCCCGCCCCCCGCCCCAAGTCTCCGCCCCCGACTCCCCA,e59696ed3a183ddda7c1dbb510c6cbf69713643c25b0041cd53a0e6f1e15ec91,0.0939876277226066,AGACGTGAGGGCCAGGGGTCCGGGTGAGGGCGGGACCAGAGGTGCTGGAGTCCTGGTTTCGAGGGGCTGGAGGCAGATCTGGACCCTGTCTCCAGGCGCACGGGATCCCGGGTCCAGGATTAGGGCCCCGGCGGGGCGTGGGCGGGGCCTGGGAGTTTATTGCCCGCCCCCTGCCCCAAGTCTCCGCCCCCGACTCCCCA,4abea2fd3c5202c3b25add11fb500267450f46fa7f569cdf03c9d556bb6c0523,0.0305461106408933,AGACGTGAGGGCCAGGGGTCCGGGTGAGGGCGGGACCAGAGGTGCTGGAGTCCTGGTTTCGAGGGGCTGGAGGCAGATCTGGACCCTGTCTCCAGGCGCGCGGGATCCCGGGTCCAGGATTAGGGCCCCGGCGGGGCGTGGGCGGGGCCTGGGAGTTTATTGCCCGCCCCCTGCCCCAAGTCTCCGCCCCCGACTCCCCA,38f925867c59c77c4d520a7cd5c41c3c74087b13637c20043d30a85f7c3f25a5,0.0964323074281535,0.0281014309353464,0.164260918901444,-275.7744540347485,-275.0788363449974,-297.1103127854294,-292.8029246124788,-3.611770483199507,1.0,0.0281014309353464,0.0,1,0.17869040038375986,0.18216460459877223,0.1501433469024087,-0.04708610710495925,1.0
chr11:3663224:G:A;chr11:3663273:C:T;var1;middle;OL41|K562|8dd23406b8885d16,chr11:3663224:G:A;chr11:3663273:C:T;var1;middle;OL41,K562,K562_region_00318,100,149,49,GTGAGGGCGGGACCAGAGGTGCTGGAGTCCTGGTTTCGAGGGGCTGGAGGCAGATCTGGACCCTGTCTCCAGGCGCACGGGATCCCGGGTCCAGGATTAGGGCCCCGGCGGGGCGTGGGCGGGGCCTGGGAGTTTATTGCCCGCCCCCCGCCCCAAGTCTCCGCCCCCGACTCCCCACACCCCTTCCTCAGAGCCTCCAG,155400493df070477a680ff30dc05ada70623fa41ccc137d7600827022807f30,0.0,GTGAGGGCGGGACCAGAGGTGCTGGAGTCCTGGTTTCGAGGGGCTGGAGGCAGATCTGGACCCTGTCTCCAGGCGCACGGGATCCCGGGTCCAGGATTAAGGCCCCGGCGGGGCGTGGGCGGGGCCTGGGAGTTTATTGCCCGCCCCCCGCCCCAAGTCTCCGCCCCCGACTCCCCACACCCCTTCCTCAGAGCCTCCAG,02b80af9f0e49a23ffa37cb1e6824c07ea52f7de2b86f26e9ad9fdb57ebe5393,0.117088907137538,GTGAGGGCGGGACCAGAGGTGCTGGAGTCCTGGTTTCGAGGGGCTGGAGGCAGATCTGGACCCTGTCTCCAGGCGCACGGGATCCCGGGTCCAGGATTAGGGCCCCGGCGGGGCGTGGGCGGGGCCTGGGAGTTTATTGCCCGCCCCCTGCCCCAAGTCTCCGCCCCCGACTCCCCACACCCCTTCCTCAGAGCCTCCAG,eb37464c626192d0467c3e5f7c182321a3801780b1725e8c4ab877708420fba1,0.0077743676728784,GTGAGGGCGGGACCAGAGGTGCTGGAGTCCTGGTTTCGAGGGGCTGGAGGCAGATCTGGACCCTGTCTCCAGGCGCACGGGATCCCGGGTCCAGGATTAAGGCCCCGGCGGGGCGTGGGCGGGGCCTGGGAGTTTATTGCCCGCCCCCTGCCCCAAGTCTCCGCCCCCGACTCCCCACACCCCTTCCTCAGAGCCTCCAG,8dd23406b8885d16abe49d5f25b34392f8a4aa2f77b8baf0eb96997dff7be6e3,-0.0876116589971967,0.2124749338076131,0.216006495032229,-238.12981137819588,-256.08360608434305,-249.88006139779463,-272.9112744727172,5.0774183687753975,1.0,0.2124749338076131,0.0,1,0.1875311275556442,0.18216460459877223,0.1501433469024087,0.06430365726579099,1.0
chr11:3663409:T:C;chr11:3663422:A:G;var1;middle;OL41|K562|6c5484dfab597ca1,chr11:3663409:T:C;chr11:3663422:A:G;var1;middle;OL41,K562,K562_region_00318,100,113,13,CCTCAGAGCCTCCAGTCTGGGGACCTTTCCGAGACTGTAAAGGCGGGGCCGCAGTTTGGCTCCGCCTGAGAGGGGAGGGCCGGGGGCGGAGGACCCACTTGAAGGCTGCGGAAGCCGCCAGCGGGAGGGAGCGCCGAGGGCTCTGGCGGGCGCTGCGCTGTCCCCGGAGGAGTCCGGAGTCCGGCTGAAAGCAAAGGTTC,1f0f76c714a78bd5b1ebc5e93abc3292fbead74ea5ac85648fc1b5a47d143877,0.0,CCTCAGAGCCTCCAGTCTGGGGACCTTTCCGAGACTGTAAAGGCGGGGCCGCAGTTTGGCTCCGCCTGAGAGGGGAGGGCCGGGGGCGGAGGACCCACTCGAAGGCTGCGGAAGCCGCCAGCGGGAGGGAGCGCCGAGGGCTCTGGCGGGCGCTGCGCTGTCCCCGGAGGAGTCCGGAGTCCGGCTGAAAGCAAAGGTTC,c79604bd8eff83dd4804b426467784aa59b789a873ff576c53ddd27f3cf2af4d,-0.0167613110602926,CCTCAGAGCCTCCAGTCTGGGGACCTTTCCGAGACTGTAAAGGCGGGGCCGCAGTTTGGCTCCGCCTGAGAGGGGAGGGCCGGGGGCGGAGGACCCACTTGAAGGCTGCGGAGGCCGCCAGCGGGAGGGAGCGCCGAGGGCTCTGGCGGGCGCTGCGCTGTCCCCGGAGGAGTCCGGAGTCCGGCTGAAAGCAAAGGTTC,e833d764ec6f7051f221af0e0230869a18b8dc9232a835e8ae54b69f89e33dc7,-0.586378865534215,CCTCAGAGCCTCCAGTCTGGGGACCTTTCCGAGACTGTAAAGGCGGGGCCGCAGTTTGGCTCCGCCTGAGAGGGGAGGGCCGGGGGCGGAGGACCCACTCGAAGGCTGCGGAGGCCGCCAGCGGGAGGGAGCGCCGAGGGCTCTGGCGGGCGCTGCGCTGTCCCCGGAGGAGTCCGGAGTCCGGCTGAAAGCAAAGGTTC,6c5484dfab597ca16746c22a14ab7b708cd83ef60263b2c7fd8b29d235b611a2,-0.382221233661468,0.2209189429330396,0.238441565065854,-365.197141634766,-366.6454096622765,-352.57074831728823,-356.13669116422534,-2.117674819426611,-1.0,-0.2209189429330396,0.0,1,0.18021055288097593,0.18216460459877223,0.1501433469024087,0.1748852944197673,1.0
chr11:3855868:C:T;chr11:3855917:C:A;var1;middle;OL28|K562|b0c2bca3c86e0a69,chr11:3855868:C:T;chr11:3855917:C:A;var1;middle;OL28,K562,K562_region_00319,100,149,49,ATGCCTGAAATAGGCAAAAATCTCTCTTCCCAGTACCAGGCTGACCTGGCTCCGGCAGGAAGTATAGCCCATGGGGGTCTAACCCTATCTGAATGTGGTCCCTGGAGCCCGGCTTGTACCCAGTGGGGCCTGGCCTTGGGGTGTGGCCCAGGCAGGCCCAGAATGGGGGAGGGAAAGGAAGCAGCCTGATTGCCAGATCT,84bfba8cafb9e8990fed98de445e970b341fcecf7046ea8b61b9514bd4256397,0.0,ATGCCTGAAATAGGCAAAAATCTCTCTTCCCAGTACCAGGCTGACCTGGCTCCGGCAGGAAGTATAGCCCATGGGGGTCTAACCCTATCTGAATGTGGTTCCTGGAGCCCGGCTTGTACCCAGTGGGGCCTGGCCTTGGGGTGTGGCCCAGGCAGGCCCAGAATGGGGGAGGGAAAGGAAGCAGCCTGATTGCCAGATCT,e9480fb503c87820e93d1a5f4e9c291d28372e6640d17d2de54e53865df7b4a9,0.287533240439404,ATGCCTGAAATAGGCAAAAATCTCTCTTCCCAGTACCAGGCTGACCTGGCTCCGGCAGGAAGTATAGCCCATGGGGGTCTAACCCTATCTGAATGTGGTCCCTGGAGCCCGGCTTGTACCCAGTGGGGCCTGGCCTTGGGGTGTGGCCAAGGCAGGCCCAGAATGGGGGAGGGAAAGGAAGCAGCCTGATTGCCAGATCT,89774533e2c9be4de9ac2abc4925addacef58788e396e5488d56a76263109e14,0.736254254373441,ATGCCTGAAATAGGCAAAAATCTCTCTTCCCAGTACCAGGCTGACCTGGCTCCGGCAGGAAGTATAGCCCATGGGGGTCTAACCCTATCTGAATGTGGTTCCTGGAGCCCGGCTTGTACCCAGTGGGGCCTGGCCTTGGGGTGTGGCCAAGGCAGGCCCAGAATGGGGGAGGGAAAGGAAGCAGCCTGATTGCCAGATCT,b0c2bca3c86e0a6997bd8b5d46f40b255b5c3d51a665e444f0bd2a6df2c16d36,1.1500609886809,-0.1262734938680549,0.163442188603194,-234.30293321609497,-241.60414949804544,-235.0057333111763,-235.72847819328308,-6.578471399843693,1.0,-0.1262734938680549,0.0,1,0.17567196059019163,0.18216460459877223,0.1501433469024087,0.17810797683644106,1.0
chr11:3856553:C:T;chr11:3856593:C:T;var1;middle;OL41|K562|5d8027f1d6de551a,chr11:3856553:C:T;chr11:3856593:C:T;var1;middle;OL41,K562,K562_region_00320,100,140,40,AATGACTGAATGAAGTCGATGCAATCATGTCTTTGCATATGGGAGTTCCTCTTCCTGGAATGCGACTCACCCCCCTTCAGATCCTTCCTGTCCTTCAGGCCCAGTACTGTTCCCCAGCTTCTCCAGGACATCACAGCAACCCCCTCTTCTGCCTTACCTTTCCCAGCATTGACCGTACTTTTCATTGTGCTGAACTAACT,8adf3c9d5dd405eb9206ede8e5c5e7b6b933d61345d18088e48eb42905f01f00,0.0,AATGACTGAATGAAGTCGATGCAATCATGTCTTTGCATATGGGAGTTCCTCTTCCTGGAATGCGACTCACCCCCCTTCAGATCCTTCCTGTCCTTCAGGTCCAGTACTGTTCCCCAGCTTCTCCAGGACATCACAGCAACCCCCTCTTCTGCCTTACCTTTCCCAGCATTGACCGTACTTTTCATTGTGCTGAACTAACT,2d42b81f0fb1b549247fe7f7b60c063678e7ff8fe7ad471b1f3e4cd5d3b967af,0.10024031835511,AATGACTGAATGAAGTCGATGCAATCATGTCTTTGCATATGGGAGTTCCTCTTCCTGGAATGCGACTCACCCCCCTTCAGATCCTTCCTGTCCTTCAGGCCCAGTACTGTTCCCCAGCTTCTCCAGGACATCACAGCAATCCCCTCTTCTGCCTTACCTTTCCCAGCATTGACCGTACTTTTCATTGTGCTGAACTAACT,e4c53bb787b636bbd17af64ab715ba396b75d1c98aeaed9596dedc2555ac6254,-0.223988029774632,AATGACTGAATGAAGTCGATGCAATCATGTCTTTGCATATGGGAGTTCCTCTTCCTGGAATGCGACTCACCCCCCTTCAGATCCTTCCTGTCCTTCAGGTCCAGTACTGTTCCCCAGCTTCTCCAGGACATCACAGCAATCCCCTCTTCTGCCTTACCTTTCCCAGCATTGACCGTACTTTTCATTGTGCTGAACTAACT,5d8027f1d6de551a348460bee5fbba71e8d2ddcb8df67b6f50b835b7d6b23279,-0.386259507430526,0.262511796011004,0.475692747990746,-344.28264306811616,-360.1239815959707,-340.69491336867213,-358.2254144044128,1.6891625078861239,1.0,0.262511796011004,0.0,0,0.18794559481519013,0.18565657667894103,0.15145376406925343,0.4632218434503904,1.0
chr11:44598235:A:G;chr11:44598323:T:C;var1;middle;OL27|K562|70567f4c2190eec1,chr11:44598235:A:G;chr11:44598323:T:C;var1;middle;OL27,K562,K562_region_00344,100,188,88,GTCTTGCAGTGGGAGGGCACTGGCTGGTCACCGGGAGACCCCTTTCAAATCCTGCTCTGCTGCTGCCTGGCTGTGTGGCCTGGGGGCAAGTCACTGCCCAGTTTGGGACATCTGAGTCCTCCTTTCTCATAATGATCCCTTATGCTTTACAGCTCTTGGCAGTGGACATTTTCTCATGTACTTATTCTCCGTCCCTCAAG,0bf61d37a15e63088fcea132d04692d35db887de174b49825d2db181519da4ed,0.0,GTCTTGCAGTGGGAGGGCACTGGCTGGTCACCGGGAGACCCCTTTCAAATCCTGCTCTGCTGCTGCCTGGCTGTGTGGCCTGGGGGCAAGTCACTGCCCGGTTTGGGACATCTGAGTCCTCCTTTCTCATAATGATCCCTTATGCTTTACAGCTCTTGGCAGTGGACATTTTCTCATGTACTTATTCTCCGTCCCTCAAG,cc0ade7160710a53793c93492e9de6705d1c3490dc7cfea88debe06b48c7a80f,0.276349819840004,GTCTTGCAGTGGGAGGGCACTGGCTGGTCACCGGGAGACCCCTTTCAAATCCTGCTCTGCTGCTGCCTGGCTGTGTGGCCTGGGGGCAAGTCACTGCCCAGTTTGGGACATCTGAGTCCTCCTTTCTCATAATGATCCCTTATGCTTTACAGCTCTTGGCAGTGGACATTTTCTCATGTACTTATTCCCCGTCCCTCAAG,979c576485006ba5d9220c5e21236ffafea4a4928084d93294efff0773eafba7,-0.43905798779003,GTCTTGCAGTGGGAGGGCACTGGCTGGTCACCGGGAGACCCCTTTCAAATCCTGCTCTGCTGCTGCCTGGCTGTGTGGCCTGGGGGCAAGTCACTGCCCGGTTTGGGACATCTGAGTCCTCCTTTCTCATAATGATCCCTTATGCTTTACAGCTCTTGGCAGTGGACATTTTCTCATGTACTTATTCCCCGTCCCTCAAG,70567f4c2190eec1ad013a5c70c0b90bdbbc3f9bd6b1d21da0c0b16099b0f721,-0.367178053087476,-0.2044698851374499,0.231439597847276,-306.70532262697816,-314.27471068967134,-309.3736638657283,-318.142894952558,-1.1998430241364986,-1.0,0.2044698851374499,0.0,3,0.17905628941208046,0.18106719778262317,0.1474303780702046,0.18816370146105674,1.0
chr11:4647517:A:G;chr11:4647575:T:A;var1;middle;OL41|K562|72317612f0b212b4,chr11:4647517:A:G;chr11:4647575:T:A;var1;middle;OL41,K562,K562_region_00321,100,158,58,AATGGCCATTTATCTGCTGATGGGACAGTATTGAGGCTAAAATTTGGCTACAGAGGACATTTTGCTCCTAATTGTTGAAGGCAGAGCTTTCCCATTCACAGTTGAAGCCTTTCTAGCAGTGCGAAAAGCCAGGATTGGGACACCGCAGTTTATGGCATAGGACTCACAATGTGCCTCATGAAGAGGATTTCTGTTTCCAC,007b61c572f6f98dd4f9f1d43d7f8ef6f40745badb6b9551c33341a18b900606,0.0,AATGGCCATTTATCTGCTGATGGGACAGTATTGAGGCTAAAATTTGGCTACAGAGGACATTTTGCTCCTAATTGTTGAAGGCAGAGCTTTCCCATTCACGGTTGAAGCCTTTCTAGCAGTGCGAAAAGCCAGGATTGGGACACCGCAGTTTATGGCATAGGACTCACAATGTGCCTCATGAAGAGGATTTCTGTTTCCAC,b9db45f221deb3f1ac4ae5e14aa23a16cef129c758d2f5ec1ae46bd7bcc24248,0.130012649399818,AATGGCCATTTATCTGCTGATGGGACAGTATTGAGGCTAAAATTTGGCTACAGAGGACATTTTGCTCCTAATTGTTGAAGGCAGAGCTTTCCCATTCACAGTTGAAGCCTTTCTAGCAGTGCGAAAAGCCAGGATTGGGACACCGCAGTTTATGGCAAAGGACTCACAATGTGCCTCATGAAGAGGATTTCTGTTTCCAC,f9be11aee3141155148b5b7f5103c73bf1e9ef46c776de5e3620d066e7962988,-0.105686118326214,AATGGCCATTTATCTGCTGATGGGACAGTATTGAGGCTAAAATTTGGCTACAGAGGACATTTTGCTCCTAATTGTTGAAGGCAGAGCTTTCCCATTCACGGTTGAAGCCTTTCTAGCAGTGCGAAAAGCCAGGATTGGGACACCGCAGTTTATGGCAAAGGACTCACAATGTGCCTCATGAAGAGGATTTCTGTTTCCAC,72317612f0b212b402e869d1e9783a14de22c864f632811799dcab49efa39add,-0.0729007450434761,-0.0972272761170801,0.239509574081729,-374.4147773000877,-377.1294752247632,-384.57467099418864,-388.1808562739752,-0.89148735511111,-1.0,0.0972272761170801,0.0,3,0.1796773749022572,0.18106719778262317,0.1474303780702046,0.15666883907401324,1.0
chr11:4664442:G:A;chr11:4664460:G:A;var1;middle;OL41|K562|21ab184381431c27,chr11:4664442:G:A;chr11:4664460:G:A;var1;middle;OL41,K562,K562_region_00322,100,118,18,GAGGTATTTAGTTTTACATTCAAATTGTTCTCTAACTCTCTAAAATGTTCTCTGACTATTTTTGCCCTTAAGGGAGAAACCAGATGTCATTGGTCTTACGTGGCTGGTGTTGGGGGTGGGGAGGGTTAAAGAAACCACGTTCTCTGTCCTCAGCCAGAAGTTCAGTAATCCAAGGCCAGAGAGTGGACGGCAGAGGCACT,1b5f7ecab721be2e99b6fea1ebe76d54cb4e675d1f7e8043c7965bc78f8ba439,0.0,GAGGTATTTAGTTTTACATTCAAATTGTTCTCTAACTCTCTAAAATGTTCTCTGACTATTTTTGCCCTTAAGGGAGAAACCAGATGTCATTGGTCTTACATGGCTGGTGTTGGGGGTGGGGAGGGTTAAAGAAACCACGTTCTCTGTCCTCAGCCAGAAGTTCAGTAATCCAAGGCCAGAGAGTGGACGGCAGAGGCACT,90952f6eed5f1c22b8b567d0e1be531a0df363a6196b663d18f33a053f0df9cb,-1.48078686145179,GAGGTATTTAGTTTTACATTCAAATTGTTCTCTAACTCTCTAAAATGTTCTCTGACTATTTTTGCCCTTAAGGGAGAAACCAGATGTCATTGGTCTTACGTGGCTGGTGTTGGGGGTAGGGAGGGTTAAAGAAACCACGTTCTCTGTCCTCAGCCAGAAGTTCAGTAATCCAAGGCCAGAGAGTGGACGGCAGAGGCACT,36e4c42e474bd516b78061f64e9a7b16887e0134a873eb289524631fdc8c1862,-1.37412391601965,GAGGTATTTAGTTTTACATTCAAATTGTTCTCTAACTCTCTAAAATGTTCTCTGACTATTTTTGCCCTTAAGGGAGAAACCAGATGTCATTGGTCTTACATGGCTGGTGTTGGGGGTAGGGAGGGTTAAAGAAACCACGTTCTCTGTCCTCAGCCAGAAGTTCAGTAATCCAAGGCCAGAGAGTGGACGGCAGAGGCACT,21ab184381431c27a5fe77cc4d810c0b739dcb56e5f9053c53b20593c595a11e,-2.60554242834168,-0.2493683491297598,0.193936129920848,-261.97531600669026,-280.77348885545507,-264.7496323660016,-282.4461891758256,-1.10161603894079,1.0,-0.2493683491297598,0.0,0,0.1843611512134805,0.18565657667894103,0.15145376406925343,0.11923041956122976,1.0
chr11:4664442:G:A;chr11:4664483:T:C;var1;middle;OL41|K562|4b148841a5a3cff1,chr11:4664442:G:A;chr11:4664483:T:C;var1;middle;OL41,K562,K562_region_00322,100,141,41,GAGGTATTTAGTTTTACATTCAAATTGTTCTCTAACTCTCTAAAATGTTCTCTGACTATTTTTGCCCTTAAGGGAGAAACCAGATGTCATTGGTCTTACGTGGCTGGTGTTGGGGGTGGGGAGGGTTAAAGAAACCACGTTCTCTGTCCTCAGCCAGAAGTTCAGTAATCCAAGGCCAGAGAGTGGACGGCAGAGGCACT,1b5f7ecab721be2e99b6fea1ebe76d54cb4e675d1f7e8043c7965bc78f8ba439,0.0,GAGGTATTTAGTTTTACATTCAAATTGTTCTCTAACTCTCTAAAATGTTCTCTGACTATTTTTGCCCTTAAGGGAGAAACCAGATGTCATTGGTCTTACATGGCTGGTGTTGGGGGTGGGGAGGGTTAAAGAAACCACGTTCTCTGTCCTCAGCCAGAAGTTCAGTAATCCAAGGCCAGAGAGTGGACGGCAGAGGCACT,90952f6eed5f1c22b8b567d0e1be531a0df363a6196b663d18f33a053f0df9cb,-1.48084190864503,GAGGTATTTAGTTTTACATTCAAATTGTTCTCTAACTCTCTAAAATGTTCTCTGACTATTTTTGCCCTTAAGGGAGAAACCAGATGTCATTGGTCTTACGTGGCTGGTGTTGGGGGTGGGGAGGGTTAAAGAAACCACGTCCTCTGTCCTCAGCCAGAAGTTCAGTAATCCAAGGCCAGAGAGTGGACGGCAGAGGCACT,45648cb079adff694cdc143c7a69b9e762699f603878d231eeea2d611a688c57,0.0667773553885221,GAGGTATTTAGTTTTACATTCAAATTGTTCTCTAACTCTCTAAAATGTTCTCTGACTATTTTTGCCCTTAAGGGAGAAACCAGATGTCATTGGTCTTACATGGCTGGTGTTGGGGGTGGGGAGGGTTAAAGAAACCACGTCCTCTGTCCTCAGCCAGAAGTTCAGTAATCCAAGGCCAGAGAGTGGACGGCAGAGGCACT,4b148841a5a3cff15e94c430a042c6077070b25a1e7828b0df464618792b3ffc,-1.30462857409273,0.109435979163778,0.234116204768274,-261.97531600669026,-280.77348885545507,-278.22760150860995,-289.40234713372774,7.623427223647013,-1.0,-0.109435979163778,0.0,0,0.19556749559819753,0.18565657667894103,0.15145376406925343,0.2256516722225818,1.0
chr11:4664460:G:A;chr11:4664483:T:C;var1;middle;OL41|K562|17161149d6665367,chr11:4664460:G:A;chr11:4664483:T:C;var1;middle;OL41,K562,K562_region_00322,100,123,23,TTCAAATTGTTCTCTAACTCTCTAAAATGTTCTCTGACTATTTTTGCCCTTAAGGGAGAAACCAGATGTCATTGGTCTTACGTGGCTGGTGTTGGGGGTGGGGAGGGTTAAAGAAACCACGTTCTCTGTCCTCAGCCAGAAGTTCAGTAATCCAAGGCCAGAGAGTGGACGGCAGAGGCACTGTCCCTGGGGACCTTGGT,8e1745cfc81664d6d0ef7194e107a8db2f6305c4abef5eaceb8378cc657ed932,0.0,TTCAAATTGTTCTCTAACTCTCTAAAATGTTCTCTGACTATTTTTGCCCTTAAGGGAGAAACCAGATGTCATTGGTCTTACGTGGCTGGTGTTGGGGGTAGGGAGGGTTAAAGAAACCACGTTCTCTGTCCTCAGCCAGAAGTTCAGTAATCCAAGGCCAGAGAGTGGACGGCAGAGGCACTGTCCCTGGGGACCTTGGT,fbdec6dc8d4826c38a85822e4db5fc46ecb961baf430d98f2e13d2f4278df168,-1.54541386224335,TTCAAATTGTTCTCTAACTCTCTAAAATGTTCTCTGACTATTTTTGCCCTTAAGGGAGAAACCAGATGTCATTGGTCTTACGTGGCTGGTGTTGGGGGTGGGGAGGGTTAAAGAAACCACGTCCTCTGTCCTCAGCCAGAAGTTCAGTAATCCAAGGCCAGAGAGTGGACGGCAGAGGCACTGTCCCTGGGGACCTTGGT,a84f77458e32108a305208868ea540d31cd6b4c94cfa2adb972d9ab8bd3797de,0.0384417936625272,TTCAAATTGTTCTCTAACTCTCTAAAATGTTCTCTGACTATTTTTGCCCTTAAGGGAGAAACCAGATGTCATTGGTCTTACGTGGCTGGTGTTGGGGGTAGGGAGGGTTAAAGAAACCACGTCCTCTGTCCTCAGCCAGAAGTTCAGTAATCCAAGGCCAGAGAGTGGACGGCAGAGGCACTGTCCCTGGGGACCTTGGT,17161149d66653674c0a7394f81558723f58f9709e5b520ac5e8601aacdac6a0,-1.43124913181608,0.0757229367647427,0.236648796954761,-278.8897620257921,-285.1576470737345,-272.53638195525855,-278.8549466435797,-0.05067964037868933,-1.0,-0.0757229367647427,0.0,0,0.18571096173639454,0.18565657667894103,0.15145376406925343,0.2317951751499308,1.0
chr11:531165:A:C;chr11:531224:A:G;var1;middle;OL41|K562|2625b8fde41414d9,chr11:531165:A:C;chr11:531224:A:G;var1;middle;OL41,K562,K562_region_00295,100,159,59,TGTGGCGTCCCCTGGAGAGAAGGGCGAGTGTGGCGTCCCCTGGAGAGAAGGGGGAGTGTGGCGTCCCCTGGACAGAAGGGGGAGTGTGGCGTCCCCTGGAGAGAAGGGCGAGTGTGGTGTTCGCTGGAGAGAAGGGCGAGTGTGGTATTCCCTGGACAAAAGGGGGAGTGTCCCTGCAGCCCTGGCCAGCCAGCGGCATG,3c7b66efa8c215ef13ab716b386ef53e7daad6ff18dd4b2ef427c96c7cbf0705,0.0,TGTGGCGTCCCCTGGAGAGAAGGGCGAGTGTGGCGTCCCCTGGAGAGAAGGGGGAGTGTGGCGTCCCCTGGACAGAAGGGGGAGTGTGGCGTCCCCTGGCGAGAAGGGCGAGTGTGGTGTTCGCTGGAGAGAAGGGCGAGTGTGGTATTCCCTGGACAAAAGGGGGAGTGTCCCTGCAGCCCTGGCCAGCCAGCGGCATG,2390185d4ed035addb1cc9bb6725a5ee909ce40719fed19c64bfde94b51b19b0,0.577979548839883,TGTGGCGTCCCCTGGAGAGAAGGGCGAGTGTGGCGTCCCCTGGAGAGAAGGGGGAGTGTGGCGTCCCCTGGACAGAAGGGGGAGTGTGGCGTCCCCTGGAGAGAAGGGCGAGTGTGGTGTTCGCTGGAGAGAAGGGCGAGTGTGGTATTCCCTGGACAGAAGGGGGAGTGTCCCTGCAGCCCTGGCCAGCCAGCGGCATG,0d6c5fa924279e3a5186051410afe4c1eb3442c6241cd9ecb13f6a083472285a,0.0296506390800904,TGTGGCGTCCCCTGGAGAGAAGGGCGAGTGTGGCGTCCCCTGGAGAGAAGGGGGAGTGTGGCGTCCCCTGGACAGAAGGGGGAGTGTGGCGTCCCCTGGCGAGAAGGGCGAGTGTGGTGTTCGCTGGAGAGAAGGGCGAGTGTGGTATTCCCTGGACAGAAGGGGGAGTGTCCCTGCAGCCCTGGCCAGCCAGCGGCATG,2625b8fde41414d90b908f431b0e7110a99698a1083da3f289daa745e429695e,0.495140451078119,0.1124897368418543,0.231568415348634,-104.68264401180204,-111.9141417327337,-98.13591897749576,-106.37273555417778,1.0053188557503745,1.0,0.1124897368418543,0.0,2,0.17665829390589347,0.17490732828716207,0.146091925319964,0.016286738877065166,1.0
chr11:537469:T:C;chr11:537502:C:T;var1;middle;OL41|K562|6fd0fa32ef97cd54,chr11:537469:T:C;chr11:537502:C:T;var1;middle;OL41,K562,K562_region_00296,100,133,33,GTGGCCCCGCCCTAGCGACCGTTGCTAAGGGGCGTGGCTCAGCCGCACGGAACCCGAGCCCCCGGCGACTTATAAATATTTGCGTATTCAAATGAGGCCTGGCTCCCGTTGCTATGGCGCCCAGGCCGCAACCCCGCGGCGGCCGGAAGAACAGCCTGGAGTAGGAGACAGCGCCTGGAGGTGGAGGGCGCCCAGGGCCG,549253349dfc2b503cb1faec02bdf8d5417092a793edba7f2fe28db9e1d3a2b0,0.0,GTGGCCCCGCCCTAGCGACCGTTGCTAAGGGGCGTGGCTCAGCCGCACGGAACCCGAGCCCCCGGCGACTTATAAATATTTGCGTATTCAAATGAGGCCCGGCTCCCGTTGCTATGGCGCCCAGGCCGCAACCCCGCGGCGGCCGGAAGAACAGCCTGGAGTAGGAGACAGCGCCTGGAGGTGGAGGGCGCCCAGGGCCG,463ccfdcfb439be32376d31e1b2da2288f38a1d80751e2c6d6a625cae6668c59,0.301258605331614,GTGGCCCCGCCCTAGCGACCGTTGCTAAGGGGCGTGGCTCAGCCGCACGGAACCCGAGCCCCCGGCGACTTATAAATATTTGCGTATTCAAATGAGGCCTGGCTCCCGTTGCTATGGCGCCCAGGCCGCAACTCCGCGGCGGCCGGAAGAACAGCCTGGAGTAGGAGACAGCGCCTGGAGGTGGAGGGCGCCCAGGGCCG,cde6aa1024f82c896d5c72198a95aeabab151ea38ed034e7c06157aa2e128a56,0.008529434965965,GTGGCCCCGCCCTAGCGACCGTTGCTAAGGGGCGTGGCTCAGCCGCACGGAACCCGAGCCCCCGGCGACTTATAAATATTTGCGTATTCAAATGAGGCCCGGCTCCCGTTGCTATGGCGCCCAGGCCGCAACTCCGCGGCGGCCGGAAGAACAGCCTGGAGTAGGAGACAGCGCCTGGAGGTGGAGGGCGCCCAGGGCCG,6fd0fa32ef97cd54c5b0e747a6e079aaa30052b75bab82383fe9bfd9065c2b36,-0.326754212506955,0.636542252804534,0.250088669306279,-232.76429809257388,-229.15540513768792,-228.5713625587523,-226.37345122359693,1.4109816197305918,1.0,0.636542252804534,0.0,0,0.1875883025084248,0.18565657667894103,0.15145376406925343,0.18292308183929143,1.0
chr11:54807391:C:A;chr11:54807400:A:T;var1;middle;OL31|K562|4a74728f80f21c73,chr11:54807391:C:A;chr11:54807400:A:T;var1;middle;OL31,K562,K562_region_00345,100,109,9,CATTAAGCTTCTTTCTGGATTTTATCTGAAGATATTTCCTTTTTCACCATAGGCCTCAAAGCAATACAAAATATCTTTTTACAGATTCTAAGAAAACAGCGTTTCCAAACTACTGAATGAAAATAGTTTTAACTCTGTGAGATGAACACACAAACCACAAAGTGATTTCTCAGTTAGCTTGCTTCTAGTTTTTTTTCTGG,3ec48f8306bd2b2311a9239c7a47aec139115c777ae9b847d1b884d9e74c1ee8,0.0,CATTAAGCTTCTTTCTGGATTTTATCTGAAGATATTTCCTTTTTCACCATAGGCCTCAAAGCAATACAAAATATCTTTTTACAGATTCTAAGAAAACAGAGTTTCCAAACTACTGAATGAAAATAGTTTTAACTCTGTGAGATGAACACACAAACCACAAAGTGATTTCTCAGTTAGCTTGCTTCTAGTTTTTTTTCTGG,98af88b77bafc50274abef2af27d93e1b8f0a74975c6478b38f309d84029ad2c,-0.235621625370049,CATTAAGCTTCTTTCTGGATTTTATCTGAAGATATTTCCTTTTTCACCATAGGCCTCAAAGCAATACAAAATATCTTTTTACAGATTCTAAGAAAACAGCGTTTCCAATCTACTGAATGAAAATAGTTTTAACTCTGTGAGATGAACACACAAACCACAAAGTGATTTCTCAGTTAGCTTGCTTCTAGTTTTTTTTCTGG,a1b8857004442749d5c05b7d28e2ad9e4b2dfb7962d7cedf5c4a192a07bc6a77,0.0612262889986184,CATTAAGCTTCTTTCTGGATTTTATCTGAAGATATTTCCTTTTTCACCATAGGCCTCAAAGCAATACAAAATATCTTTTTACAGATTCTAAGAAAACAGAGTTTCCAATCTACTGAATGAAAATAGTTTTAACTCTGTGAGATGAACACACAAACCACAAAGTGATTTCTCAGTTAGCTTGCTTCTAGTTTTTTTTCTGG,4a74728f80f21c732a6278dbda9f71c4027009959f9febb6aa507c8a8792ee99,0.0834519400647262,0.2578472764361568,0.252190099444736,-326.8672753558494,-316.76378425583243,-322.8826246445533,-319.2823222554289,-6.503188710892573,-1.0,-0.2578472764361568,0.0,3,0.1683743678964288,0.18106719778262317,0.1474303780702046,0.23240809864596904,1.0
chr11:5641911:C:A;chr11:5641917:G:A;var1;middle;OL41|K562|7226abf3aba83146,chr11:5641911:C:A;chr11:5641917:G:A;var1;middle;OL41,K562,K562_region_00323,100,106,6,ATTCTTTTCTACTTCTGTAGTAATTCTCTTTCTTTGGAAATCACTTTCTCTGTCTGCCCAGCTAAGTCTCCATTTTTCAGGTTATGGGTGCACATTATGCCTTACGGTGGGAGGGGCAGAAGTACTGTCATGGGCTCCCTCTGCAATGGTGTTTGTCAGTGTTCTCTTCCTCCAGATTAGCTTCTTCTTTCCATTAAGTG,ec0f8f647e74f18a6bf4cb07a0668c9ff90d0b45ace5d06dfad2f5ca4da142ca,0.0,ATTCTTTTCTACTTCTGTAGTAATTCTCTTTCTTTGGAAATCACTTTCTCTGTCTGCCCAGCTAAGTCTCCATTTTTCAGGTTATGGGTGCACATTATGACTTACGGTGGGAGGGGCAGAAGTACTGTCATGGGCTCCCTCTGCAATGGTGTTTGTCAGTGTTCTCTTCCTCCAGATTAGCTTCTTCTTTCCATTAAGTG,eb48c6c9c2c8708f549c31171c6d2f62aa1c1b59b075b9efd584668630bc3a9b,-0.0562725819001103,ATTCTTTTCTACTTCTGTAGTAATTCTCTTTCTTTGGAAATCACTTTCTCTGTCTGCCCAGCTAAGTCTCCATTTTTCAGGTTATGGGTGCACATTATGCCTTACAGTGGGAGGGGCAGAAGTACTGTCATGGGCTCCCTCTGCAATGGTGTTTGTCAGTGTTCTCTTCCTCCAGATTAGCTTCTTCTTTCCATTAAGTG,e165455295925c531726059e03eec80413dac6f9f7b7b0c697156deac91ee71a,-0.506908703264324,ATTCTTTTCTACTTCTGTAGTAATTCTCTTTCTTTGGAAATCACTTTCTCTGTCTGCCCAGCTAAGTCTCCATTTTTCAGGTTATGGGTGCACATTATGACTTACAGTGGGAGGGGCAGAAGTACTGTCATGGGCTCCCTCTGCAATGGTGTTTGTCAGTGTTCTCTTCCTCCAGATTAGCTTCTTCTTTCCATTAAGTG,7226abf3aba831462f23a44c16b43a75dc3bfc6cd004e68e7b06c3d53551518a,0.051984284178232,0.6151655693426663,0.510676062247297,-397.577613982372,-387.4290717598051,-398.35467293486,-387.6761842323467,0.5299464799463749,-1.0,-0.6151655693426663,0.0,4,0.17685614794290558,0.17620727786206916,0.145609630836647,0.32254022185498016,1.0
chr11:5642001:T:C;chr11:5642026:A:T;var1;middle;OL41|K562|14bf1d026616c30c,chr11:5642001:T:C;chr11:5642026:A:T;var1;middle;OL41,K562,K562_region_00323,100,125,25,CACATTATGCCTTACGGTGGGAGGGGCAGAAGTACTGTCATGGGCTCCCTCTGCAATGGTGTTTGTCAGTGTTCTCTTCCTCCAGATTAGCTTCTTCTTTCCATTAAGTGAGAGGCTCTGGTAGACCTCAGGAATGAAGCAAAGCCTGTTCTGCTCCTACAGTGAGATAGCAAGGCAAAAGCTGCTGTGCAGTGTTCACA,8b8554d80392c5d2fbe1377f9416e4e7d75ed703c03a85c525dca02fa126ee13,0.0,CACATTATGCCTTACGGTGGGAGGGGCAGAAGTACTGTCATGGGCTCCCTCTGCAATGGTGTTTGTCAGTGTTCTCTTCCTCCAGATTAGCTTCTTCTTCCCATTAAGTGAGAGGCTCTGGTAGACCTCAGGAATGAAGCAAAGCCTGTTCTGCTCCTACAGTGAGATAGCAAGGCAAAAGCTGCTGTGCAGTGTTCACA,ab05e9295fb730e41a0bb083a0564e369e418c85267473f81ce17a94d1c1ae65,-0.187454793735842,CACATTATGCCTTACGGTGGGAGGGGCAGAAGTACTGTCATGGGCTCCCTCTGCAATGGTGTTTGTCAGTGTTCTCTTCCTCCAGATTAGCTTCTTCTTTCCATTAAGTGAGAGGCTCTGGTAGTCCTCAGGAATGAAGCAAAGCCTGTTCTGCTCCTACAGTGAGATAGCAAGGCAAAAGCTGCTGTGCAGTGTTCACA,34489da5ee9b78f05e5cbafd31fed4c92014332f52bcad57d8d9e77cf9bf2c92,0.273537629280129,CACATTATGCCTTACGGTGGGAGGGGCAGAAGTACTGTCATGGGCTCCCTCTGCAATGGTGTTTGTCAGTGTTCTCTTCCTCCAGATTAGCTTCTTCTTCCCATTAAGTGAGAGGCTCTGGTAGTCCTCAGGAATGAAGCAAAGCCTGTTCTGCTCCTACAGTGAGATAGCAAGGCAAAAGCTGCTGTGCAGTGTTCACA,14bf1d026616c30c6a28eb6d184126dd1cc25dd4df601b16a7650e00bcc5f225,0.16085858805643,0.074775752512143,0.274975621072305,-335.41337899444625,-345.117689905921,-337.14753566356376,-351.655382926343,-4.803536351304501,-1.0,-0.074775752512143,0.0,4,0.17024576895646448,0.17620727786206916,0.145609630836647,0.22475528236691233,1.0
chr11:5690691:A:C;chr11:5690741:T:C;var1;middle;OL30|K562|41bc7a6a98a2af9d,chr11:5690691:A:C;chr11:5690741:T:C;var1;middle;OL30,K562,K562_region_00324,100,150,50,GAGCCACCGCACCCAGCTAGTTTACATTCTTAATGGTTTTAGGTAATCTACTCCTCTTTATCACCACAAATACTGTTTTGTTTTAGCAGATATGTACCAATGCAATGTCTTTGGTCTCCTTTATGCCAGACACAATTTTTCCACATAGATTTTTTTTCAAGAACAAAGCCAATAGCTGGATCTACACATACAATCAAATA,9556abbb2311c20aedc7e5b58085d35a3e9ccbc73a8fe6a6b16e9a4d330d296b,0.0,GAGCCACCGCACCCAGCTAGTTTACATTCTTAATGGTTTTAGGTAATCTACTCCTCTTTATCACCACAAATACTGTTTTGTTTTAGCAGATATGTACCACTGCAATGTCTTTGGTCTCCTTTATGCCAGACACAATTTTTCCACATAGATTTTTTTTCAAGAACAAAGCCAATAGCTGGATCTACACATACAATCAAATA,d6441034aef3efaf8a297b553ffeae62f25e86e4194e4ad3932848abbfecdc6b,0.2599098810257,GAGCCACCGCACCCAGCTAGTTTACATTCTTAATGGTTTTAGGTAATCTACTCCTCTTTATCACCACAAATACTGTTTTGTTTTAGCAGATATGTACCAATGCAATGTCTTTGGTCTCCTTTATGCCAGACACAATTTTTCCACATAGACTTTTTTTCAAGAACAAAGCCAATAGCTGGATCTACACATACAATCAAATA,9feaf58a20265aee55ccbfd0d816190e64b15963a4422f0555c1faebaa1e64ee,0.0929919304452018,GAGCCACCGCACCCAGCTAGTTTACATTCTTAATGGTTTTAGGTAATCTACTCCTCTTTATCACCACAAATACTGTTTTGTTTTAGCAGATATGTACCACTGCAATGTCTTTGGTCTCCTTTATGCCAGACACAATTTTTCCACATAGACTTTTTTTCAAGAACAAAGCCAATAGCTGGATCTACACATACAATCAAATA,41bc7a6a98a2af9d36bdd70bb5116b144d2593d37f6a0191b028f5925cb65984,0.041549792403738,0.3113520190671638,0.218792018150086,-310.3798833214678,-321.384609922301,-321.89684922853485,-332.5927289198153,-0.3088469095528126,1.0,0.3113520190671638,0.0,4,0.1758165379223347,0.17620727786206916,0.145609630836647,0.33532194668428306,1.0
chr11:57202184:G:A;chr11:57202260:A:T;var1;middle;OL41|K562|91bf772a7f2e2bca,chr11:57202184:G:A;chr11:57202260:A:T;var1;middle;OL41,K562,K562_region_00346,100,176,76,ATAACAAGCTGAAGGAGAGCTTGTTTAAAAATCAGGTATATCCACCCACCGGAATGGGTAAAATTTAAAAGAATGAAAATATCAAGGTGGAGCTTGGACGCAGAACAACTGGAGGGAGTAAGCAGTAAGAACCACTTTGGAAAAGTGTCTGGCAGTTTCGAAATAAGTTAAACAAACACTTAATGAATCAGCCAAGTTCA,1e70cd4cdf9ab1d31702c0a3d2e0426da012ff33697a3102a72ccb5fe9ab67a6,0.0,ATAACAAGCTGAAGGAGAGCTTGTTTAAAAATCAGGTATATCCACCCACCGGAATGGGTAAAATTTAAAAGAATGAAAATATCAAGGTGGAGCTTGGACACAGAACAACTGGAGGGAGTAAGCAGTAAGAACCACTTTGGAAAAGTGTCTGGCAGTTTCGAAATAAGTTAAACAAACACTTAATGAATCAGCCAAGTTCA,f602e9ffd289e2b673412a44fada8d1bf1f7ed81fc513e5c01aea78c9207685e,-0.294528628746176,ATAACAAGCTGAAGGAGAGCTTGTTTAAAAATCAGGTATATCCACCCACCGGAATGGGTAAAATTTAAAAGAATGAAAATATCAAGGTGGAGCTTGGACGCAGAACAACTGGAGGGAGTAAGCAGTAAGAACCACTTTGGAAAAGTGTCTGGCAGTTTCGAAATAAGTTAAACAATCACTTAATGAATCAGCCAAGTTCA,0f0575d8678e8df41bb1762f2b925399cb39262d498df6f40f7bdf13cd9de093,-0.296674423089261,ATAACAAGCTGAAGGAGAGCTTGTTTAAAAATCAGGTATATCCACCCACCGGAATGGGTAAAATTTAAAAGAATGAAAATATCAAGGTGGAGCTTGGACACAGAACAACTGGAGGGAGTAAGCAGTAAGAACCACTTTGGAAAAGTGTCTGGCAGTTTCGAAATAAGTTAAACAATCACTTAATGAATCAGCCAAGTTCA,91bf772a7f2e2bca36a5a77f974395cdaf311a3fc6427fdc305f16b2ec3db9bc,0.0656535652694999,0.6568566171049369,0.450977761929603,-385.08196162979584,-379.03270129847806,-381.5501535315998,-379.73837572790217,-4.237482527620159,-1.0,-0.6568566171049369,0.0,3,0.17293792023805382,0.18106719778262317,0.1474303780702046,0.12312074404272491,1.0
chr11:57209360:C:T;chr11:57209367:T:C;var1;middle;OL41|K562|f4f03e43d4439a14,chr11:57209360:C:T;chr11:57209367:T:C;var1;middle;OL41,K562,K562_region_00347,100,107,7,AATACAAAAAAATTAGCCAGGCGTGGTGGTGCGTGCCTGTAGTCCTAACTACTCAGGAGGCTAAGGCCGGAGAATCGATTGAACCGGGGAGGTAGATGTCGCAGTGTGCCGAGATTGCGCCACTGCACTCCAGCCTGGGTGACAAAGCAAGACCCTGTATCAAAAGAAAAAAAAATTTGAGCTATTTCTTGTAAATGTTT,3e91fb043721eac3255c490125329e3554e9b4072a979f8d01982536ee16543e,0.0,AATACAAAAAAATTAGCCAGGCGTGGTGGTGCGTGCCTGTAGTCCTAACTACTCAGGAGGCTAAGGCCGGAGAATCGATTGAACCGGGGAGGTAGATGTTGCAGTGTGCCGAGATTGCGCCACTGCACTCCAGCCTGGGTGACAAAGCAAGACCCTGTATCAAAAGAAAAAAAAATTTGAGCTATTTCTTGTAAATGTTT,d8aed3494637bcde029cd0581d63ff4ad9bff9ef8600309883f983e8e9441a72,0.0688452609482254,AATACAAAAAAATTAGCCAGGCGTGGTGGTGCGTGCCTGTAGTCCTAACTACTCAGGAGGCTAAGGCCGGAGAATCGATTGAACCGGGGAGGTAGATGTCGCAGTGCGCCGAGATTGCGCCACTGCACTCCAGCCTGGGTGACAAAGCAAGACCCTGTATCAAAAGAAAAAAAAATTTGAGCTATTTCTTGTAAATGTTT,4e985dc58e4480cbd4841126e67e3b193d0c8f2e131819293598121dfd8ddf1c,-0.324154952941819,AATACAAAAAAATTAGCCAGGCGTGGTGGTGCGTGCCTGTAGTCCTAACTACTCAGGAGGCTAAGGCCGGAGAATCGATTGAACCGGGGAGGTAGATGTTGCAGTGCGCCGAGATTGCGCCACTGCACTCCAGCCTGGGTGACAAAGCAAGACCCTGTATCAAAAGAAAAAAAAATTTGAGCTATTTCTTGTAAATGTTT,f4f03e43d4439a1491151196981838e55a1f6f2d3ac5d0631fc97d47269bfdca,-0.0999029338028752,0.1554067581907184,0.26237167690457,-117.82375413738193,-113.22361814510076,-118.03958385344596,-113.53623477742076,-0.09678691625596514,-1.0,-0.1554067581907184,0.0,1,0.1822666848055148,0.18216460459877223,0.1501433469024087,0.20028079058462442,1.0
chr11:58436406:T:C;chr11:58436478:A:C;var1;middle;OL28|K562|05736fb408b56477,chr11:58436406:T:C;chr11:58436478:A:C;var1;middle;OL28,K562,K562_region_00348,100,172,72,TGAATAATATCACAGGGTGCACACCCACTATGACATTAAAAGTATTATCTCCCAAAGATATTACAAATAATATCACAGGGCGTACACTTACTATAATATTGAAATTAATATCTCCCTAAGATATTACAAAAAATATCACAGTGTTTGTACACACACTGTAAAATTAGAAGTAATAGCTCCCTAGGATATTATGAATATTA,cfa8cc3c737877d24d1e02c7f7fd68767d8d8f775786f3c09b3de6aa4fcedf3a,0.0,TGAATAATATCACAGGGTGCACACCCACTATGACATTAAAAGTATTATCTCCCAAAGATATTACAAATAATATCACAGGGCGTACACTTACTATAATATCGAAATTAATATCTCCCTAAGATATTACAAAAAATATCACAGTGTTTGTACACACACTGTAAAATTAGAAGTAATAGCTCCCTAGGATATTATGAATATTA,32bb0320df2af6668f531a64ac3d50f736c126bceec27f8f670578cc99df8eee,0.250502596299874,TGAATAATATCACAGGGTGCACACCCACTATGACATTAAAAGTATTATCTCCCAAAGATATTACAAATAATATCACAGGGCGTACACTTACTATAATATTGAAATTAATATCTCCCTAAGATATTACAAAAAATATCACAGTGTTTGTACACACACTGTAAAATTAGAAGTCATAGCTCCCTAGGATATTATGAATATTA,2d1def2b46343648373f01be26afb164cd8e72bf89e1499b3c06a61d43ef87c1,0.343698126725935,TGAATAATATCACAGGGTGCACACCCACTATGACATTAAAAGTATTATCTCCCAAAGATATTACAAATAATATCACAGGGCGTACACTTACTATAATATCGAAATTAATATCTCCCTAAGATATTACAAAAAATATCACAGTGTTTGTACACACACTGTAAAATTAGAAGTCATAGCTCCCTAGGATATTATGAATATTA,05736fb408b56477eae4a4954725f6e8b086e1e5ac176ad16c3b23d531726e97,0.2120207373601,0.3821799856657091,0.345711116025398,-190.9081127084792,-195.80851339409128,-201.53899008687583,-206.38120722584424,-0.058183546643704176,1.0,0.3821799856657091,0.0,4,0.17612721293138062,0.17620727786206916,0.145609630836647,0.27604072012429426,1.0
chr11:61560035:C:T;chr11:61560081:G:A;var1;middle;OL41|K562|b2badc5f9da0a8ff,chr11:61560035:C:T;chr11:61560081:G:A;var1;middle;OL41,K562,K562_region_00349,100,146,46,GGATCTCCGGCGTCTGAGGAGATAAGCGCGGTGTGGGTCAGACCCCGAGGGGTCCTCGCATCTCCGTCTGGAACTCCCCTCAACGCTCTCACCATTTTGCCCCGCGAAGGCTAATCCGCCGCTCCGCCACCGGAAGAACACGTCGGCAGGAGCAGGCGCCTAGCACAACCGGAAAAGGAAGTGCCTCCGGCGCAAGTGGC,a77d1f3ffeeaee838c8608900e69b51a8fee09ad6617e73526dea9ea1394b662,0.0,GGATCTCCGGCGTCTGAGGAGATAAGCGCGGTGTGGGTCAGACCCCGAGGGGTCCTCGCATCTCCGTCTGGAACTCCCCTCAACGCTCTCACCATTTTGTCCCGCGAAGGCTAATCCGCCGCTCCGCCACCGGAAGAACACGTCGGCAGGAGCAGGCGCCTAGCACAACCGGAAAAGGAAGTGCCTCCGGCGCAAGTGGC,e63896161c054e8d590361c9af4f02be1dbdc45e1961e5424d0aadbeed3b5cdd,-0.0021824454136855,GGATCTCCGGCGTCTGAGGAGATAAGCGCGGTGTGGGTCAGACCCCGAGGGGTCCTCGCATCTCCGTCTGGAACTCCCCTCAACGCTCTCACCATTTTGCCCCGCGAAGGCTAATCCGCCGCTCCGCCACCGGAAGAACACGTCGACAGGAGCAGGCGCCTAGCACAACCGGAAAAGGAAGTGCCTCCGGCGCAAGTGGC,cbfa5819342d063c553f746d08292ff7ea28483c5e8a2a4ef0776a7219eb8de5,-0.348409948819365,GGATCTCCGGCGTCTGAGGAGATAAGCGCGGTGTGGGTCAGACCCCGAGGGGTCCTCGCATCTCCGTCTGGAACTCCCCTCAACGCTCTCACCATTTTGTCCCGCGAAGGCTAATCCGCCGCTCCGCCACCGGAAGAACACGTCGACAGGAGCAGGCGCCTAGCACAACCGGAAAAGGAAGTGCCTCCGGCGCAAGTGGC,b2badc5f9da0a8ffc580a6f8734aae5abf02ed82978ba56ac51189a21a7b7555,-0.40430157722869,0.0537091829956394,0.19941341944054,-386.1234000194818,-394.10039614792913,-384.4735365882516,-391.5830277726054,-0.8675049440935254,1.0,0.0537091829956394,0.0,2,0.17393131103211135,0.17490732828716207,0.146091925319964,0.10265783510408702,1.0
chr11:62369881:G:A;chr11:62369884:C:G;var1;middle;OL41|K562|0ecacb207ddfe03f,chr11:62369881:G:A;chr11:62369884:C:G;var1;middle;OL41,K562,K562_region_00350,100,103,3,TGTGTGCAGGGGCGCCGTTCGCGCCCTCCAGGAAAATGCGCGATCGGGAATGTCTCGAAGTCAGTCCAGGAAAGAGTCGGCCCCTAGTCGTGGGGGATTGGGCCAGGGAAGGGCAGGGCGGGGCGGGGCCACGCCGCCGGGCCAGTCGGTCCCGCCAGGCAGCGATCAAACGTCGAGGGAGGAGGCGGGGGACAGGGAGG,85cf30743e8c04cb02220a75471df71c8e036a5e3b1d25db7494fdd67f23e7c4,0.0,TGTGTGCAGGGGCGCCGTTCGCGCCCTCCAGGAAAATGCGCGATCGGGAATGTCTCGAAGTCAGTCCAGGAAAGAGTCGGCCCCTAGTCGTGGGGGATTAGGCCAGGGAAGGGCAGGGCGGGGCGGGGCCACGCCGCCGGGCCAGTCGGTCCCGCCAGGCAGCGATCAAACGTCGAGGGAGGAGGCGGGGGACAGGGAGG,6ce82119048680253b03ee19f29b317e5156a88569ab74c11d38408db7b22b6c,-0.46729768752812,TGTGTGCAGGGGCGCCGTTCGCGCCCTCCAGGAAAATGCGCGATCGGGAATGTCTCGAAGTCAGTCCAGGAAAGAGTCGGCCCCTAGTCGTGGGGGATTGGGGCAGGGAAGGGCAGGGCGGGGCGGGGCCACGCCGCCGGGCCAGTCGGTCCCGCCAGGCAGCGATCAAACGTCGAGGGAGGAGGCGGGGGACAGGGAGG,16ae4b52e4e70d95061ddb12eecf42df981c01d50ca6d94b63101eab3f417715,-0.136153864540772,TGTGTGCAGGGGCGCCGTTCGCGCCCTCCAGGAAAATGCGCGATCGGGAATGTCTCGAAGTCAGTCCAGGAAAGAGTCGGCCCCTAGTCGTGGGGGATTAGGGCAGGGAAGGGCAGGGCGGGGCGGGGCCACGCCGCCGGGCCAGTCGGTCCCGCCAGGCAGCGATCAAACGTCGAGGGAGGAGGCGGGGGACAGGGAGG,0ecacb207ddfe03fbfd2fc5fecacf785b4f0f5aed1355c94447ec94642a4f83e,-0.33051225046812,0.272939301600772,0.309440426204278,-307.0151959536597,-306.2704561939463,-317.0486267954111,-303.3519676811993,12.951919354498386,-1.0,-0.272939301600772,0.0,3,0.20756056274546666,0.18106719778262317,0.1474303780702046,0.2486961992812365,1.0
chr11:62623019:A:G;chr11:62623051:T:C;var1;middle;OL41|K562|260f6c609b72b273,chr11:62623019:A:G;chr11:62623051:T:C;var1;middle;OL41,K562,K562_region_00351,100,132,32,TCCAACGTGCGCGTAAATCCTGCAGACAGGAGCCCAATAAGACATTAGGTCAACTCAGGGCATTTCGAAAACGCTATTTTCTGAACAGACGGCTAAGCAAGAGGCTTGCAGGGCCCATCTCCTCAGAGTTATTTATCCTCACGGAGCTCAGTACAGGTCTGTGAAAAGGTCCTCATCATAGGAAGGGGGACCTACACGGC,46a422f8c5b9635113add1f5bebe8ce13f11fb61c6a44363ea917a42cf268d6c,0.0,TCCAACGTGCGCGTAAATCCTGCAGACAGGAGCCCAATAAGACATTAGGTCAACTCAGGGCATTTCGAAAACGCTATTTTCTGAACAGACGGCTAAGCAGGAGGCTTGCAGGGCCCATCTCCTCAGAGTTATTTATCCTCACGGAGCTCAGTACAGGTCTGTGAAAAGGTCCTCATCATAGGAAGGGGGACCTACACGGC,af173d5b54f8c61589f0b3beeef356a775e6915bbacdfd503a9b8cd6264c23e0,0.336609998762127,TCCAACGTGCGCGTAAATCCTGCAGACAGGAGCCCAATAAGACATTAGGTCAACTCAGGGCATTTCGAAAACGCTATTTTCTGAACAGACGGCTAAGCAAGAGGCTTGCAGGGCCCATCTCCTCAGAGTTACTTATCCTCACGGAGCTCAGTACAGGTCTGTGAAAAGGTCCTCATCATAGGAAGGGGGACCTACACGGC,f8559f64874bcc7411253e5485b31c4df14b48c8eab8d481be64ccb0b558d7aa,0.171934179921291,TCCAACGTGCGCGTAAATCCTGCAGACAGGAGCCCAATAAGACATTAGGTCAACTCAGGGCATTTCGAAAACGCTATTTTCTGAACAGACGGCTAAGCAGGAGGCTTGCAGGGCCCATCTCCTCAGAGTTACTTATCCTCACGGAGCTCAGTACAGGTCTGTGAAAAGGTCCTCATCATAGGAAGGGGGACCTACACGGC,260f6c609b72b273069092b6d89d1aeb6b0e50ac2cac10db6e6f76d03e69ff20,0.607150841497087,-0.098606662813669,0.353197543573501,-444.2456742795184,-448.3126542069949,-439.0746993627399,-441.997978954576,-1.1437003356404034,1.0,-0.098606662813669,0.0,1,0.18120151335268597,0.18216460459877223,0.1501433469024087,0.05678675986519005,1.0
chr11:6354524:G:A;chr11:6354605:G:A;var1;middle;OL41|K562|3a8e9486fe8585c7,chr11:6354524:G:A;chr11:6354605:G:A;var1;middle;OL41,K562,K562_region_00325,100,181,81,TCCTCACAATGACCCTCTGAGATATGCAATATTACTATCCCATTTCACAGTGAGGAGATGGGGAAACAAAGAGATTAGATTACTTCCCAAGATCACACTGCTGATAAATAGCAGGGCTGGGATCCAACCCTGGCATCTGCTCCTTAGGCAAATAAACCATGTTACCAAAAATATCACAGCGGCTGGAGAAGCAATCTGAA,bd936434215feb8569bc9a9fd7f38be6a782dd9d4410efc9436adf596d30152a,0.0,TCCTCACAATGACCCTCTGAGATATGCAATATTACTATCCCATTTCACAGTGAGGAGATGGGGAAACAAAGAGATTAGATTACTTCCCAAGATCACACTACTGATAAATAGCAGGGCTGGGATCCAACCCTGGCATCTGCTCCTTAGGCAAATAAACCATGTTACCAAAAATATCACAGCGGCTGGAGAAGCAATCTGAA,479e6da9af13ba621ff4ccf8f59e45ca6c508316b18b7b3dc6bbf6d39c5ddffa,-0.0076711708179571,TCCTCACAATGACCCTCTGAGATATGCAATATTACTATCCCATTTCACAGTGAGGAGATGGGGAAACAAAGAGATTAGATTACTTCCCAAGATCACACTGCTGATAAATAGCAGGGCTGGGATCCAACCCTGGCATCTGCTCCTTAGGCAAATAAACCATGTTACCAAAAATATCACAGCAGCTGGAGAAGCAATCTGAA,669acf0e20bffad2e024dec02e128900373f99262d9b3febd492a8e075c704b0,-0.0896661216034105,TCCTCACAATGACCCTCTGAGATATGCAATATTACTATCCCATTTCACAGTGAGGAGATGGGGAAACAAAGAGATTAGATTACTTCCCAAGATCACACTACTGATAAATAGCAGGGCTGGGATCCAACCCTGGCATCTGCTCCTTAGGCAAATAAACCATGTTACCAAAAATATCACAGCAGCTGGAGAAGCAATCTGAA,3a8e9486fe8585c73df7dd5378a52bba96c74f806836dfb147ed7dad5607e65f,0.0871500751075591,0.1844873675289267,0.448432780379702,-188.35003477334976,-191.29485701024527,-182.99795956537127,-185.862046726048,0.08073507621878662,-1.0,-0.1844873675289267,0.0,3,0.18163561114040336,0.18106719778262317,0.1474303780702046,0.16963791408207396,1.0
chr11:64004643:C:G;chr11:64004723:G:C;var1;middle;OL31|K562|d923906c5428d0e6,chr11:64004643:C:G;chr11:64004723:G:C;var1;middle;OL31,K562,K562_region_00352,100,180,80,AAACACAGTCTCAAAGAGAGAGAGAGAGAGAGAGAGAGAGAGAGAGAGAGAGTAGGATGCTGGGATTTCCTGATCTTCCTCTTGTTTGTCTGTGTCTGTCTATCTTACTTTTCAGACCTAAAAAAAAGGACAGTGCTGTGAAGCCAGACAGGTGAGTCTTTTGGACTCCAGCTGAGTAGGGGTATGGGGAGTACAAGTGA,a4434b0a919bf75b9145eeb24f091ef33e18b4fe0991bac72ac1ebf014d64a59,0.0,AAACACAGTCTCAAAGAGAGAGAGAGAGAGAGAGAGAGAGAGAGAGAGAGAGTAGGATGCTGGGATTTCCTGATCTTCCTCTTGTTTGTCTGTGTCTGTGTATCTTACTTTTCAGACCTAAAAAAAAGGACAGTGCTGTGAAGCCAGACAGGTGAGTCTTTTGGACTCCAGCTGAGTAGGGGTATGGGGAGTACAAGTGA,ae22aa505327db80aa6e5b578920be565e1e6624296a548c2b46ae7838280935,-0.249900950638245,AAACACAGTCTCAAAGAGAGAGAGAGAGAGAGAGAGAGAGAGAGAGAGAGAGTAGGATGCTGGGATTTCCTGATCTTCCTCTTGTTTGTCTGTGTCTGTCTATCTTACTTTTCAGACCTAAAAAAAAGGACAGTGCTGTGAAGCCAGACAGGTGAGTCTTTTGGACTCCAGCTGAGTAGCGGTATGGGGAGTACAAGTGA,d7a9068ac4ffe1d52453f85969c5b4be5b6b28bf75349777fb2ac07e08e6755e,-0.0227426243492231,AAACACAGTCTCAAAGAGAGAGAGAGAGAGAGAGAGAGAGAGAGAGAGAGAGTAGGATGCTGGGATTTCCTGATCTTCCTCTTGTTTGTCTGTGTCTGTGTATCTTACTTTTCAGACCTAAAAAAAAGGACAGTGCTGTGAAGCCAGACAGGTGAGTCTTTTGGACTCCAGCTGAGTAGCGGTATGGGGAGTACAAGTGA,d923906c5428d0e60ec1733e5f4c458fd106b1a6a2008120700f16e7b61597e2,-0.136556055824188,0.1360875191632801,0.168627270592991,-211.4367893708404,-211.724658789346,-218.58390014222823,-229.03283517924137,-10.161065618507536,-1.0,-0.1360875191632801,0.0,3,0.1610067255911885,0.18106719778262317,0.1474303780702046,-0.04626428494532994,1.0
chr11:64006907:G:T;chr11:64006909:T:G;var1;middle;OL28|K562|a892ade35c466dd1,chr11:64006907:G:T;chr11:64006909:T:G;var1;middle;OL28,K562,K562_region_00353,100,102,2,ACTTCACTCCCACCTCCCTGAAAGGGAAGCACCGCAAGTCTGGGGCTGGTGGGCCTGGTTTGGGCGGCAGGCTCCCCTCAACCCAACCCACAGTTTTTTGTTTTTTTTTTTGTTTTTGGACAGAGTCTCACTCTGTCACCCAGGCTGGAGTGCAATGGCACAATCTCCACTCACTGCAACCTCCATCTCCTGGGTTCAAG,dc6f5f0c9b9584494771b667d42577c367847b1971b9cd4884a784641505ac81,0.0,ACTTCACTCCCACCTCCCTGAAAGGGAAGCACCGCAAGTCTGGGGCTGGTGGGCCTGGTTTGGGCGGCAGGCTCCCCTCAACCCAACCCACAGTTTTTTTTTTTTTTTTTTGTTTTTGGACAGAGTCTCACTCTGTCACCCAGGCTGGAGTGCAATGGCACAATCTCCACTCACTGCAACCTCCATCTCCTGGGTTCAAG,f3692f3617d319510a280e12b00cd6fd3e308789a80213e531dc7ff69a3cdea7,-0.0108977164158624,ACTTCACTCCCACCTCCCTGAAAGGGAAGCACCGCAAGTCTGGGGCTGGTGGGCCTGGTTTGGGCGGCAGGCTCCCCTCAACCCAACCCACAGTTTTTTGTGTTTTTTTTTGTTTTTGGACAGAGTCTCACTCTGTCACCCAGGCTGGAGTGCAATGGCACAATCTCCACTCACTGCAACCTCCATCTCCTGGGTTCAAG,002f0732ee31c8337b1007b396605f7a6d381f41c6af52482054612b14a9c5ff,-0.127623207136989,ACTTCACTCCCACCTCCCTGAAAGGGAAGCACCGCAAGTCTGGGGCTGGTGGGCCTGGTTTGGGCGGCAGGCTCCCCTCAACCCAACCCACAGTTTTTTTTGTTTTTTTTTGTTTTTGGACAGAGTCTCACTCTGTCACCCAGGCTGGAGTGCAATGGCACAATCTCCACTCACTGCAACCTCCATCTCCTGGGTTCAAG,a892ade35c466dd15c426a70628b53f9a862b16ea46ab9e72c7b61f5c2fb85fe,-0.126485319856083,0.0120356036967683,0.18794195119854,-154.82656960841268,-148.76856391970068,-158.46488709095863,-151.62401264160872,0.782868760637939,-1.0,-0.0120356036967683,0.0,0,0.18678156163624557,0.18565657667894103,0.15145376406925343,0.2480611793913387,1.0
chr11:64016229:C:T;chr11:64016284:G:A;var1;middle;OL41|K562|bc7bae2def157701,chr11:64016229:C:T;chr11:64016284:G:A;var1;middle;OL41,K562,K562_region_00354,100,155,55,GCTCACAGGGCTCAGTTCAGGGAAGGGTAGAGTGAGCTGACCCCTCCCCTTCCCGTGCCCCTCCTCCGGCCTCAGCCTCCCTTCAGCCAGTCTGGGTGCCGAGGAAGGGCTGACCCTCGCTCTTGCGGATTAGGTAGGATCCACCCTCTCCACCGGGAGCCCTATCCGTGGCCTGGCCTCCTGCCCTAAGCCTGGCCTGA,aabad59dd1d80872f1b4c8b401c838250b8e3cfeb9ceca0973e8f2537d227ac9,0.0,GCTCACAGGGCTCAGTTCAGGGAAGGGTAGAGTGAGCTGACCCCTCCCCTTCCCGTGCCCCTCCTCCGGCCTCAGCCTCCCTTCAGCCAGTCTGGGTGCTGAGGAAGGGCTGACCCTCGCTCTTGCGGATTAGGTAGGATCCACCCTCTCCACCGGGAGCCCTATCCGTGGCCTGGCCTCCTGCCCTAAGCCTGGCCTGA,8a21581184789c8311a7bc6fdb76e8ab768e5dff5f6e5d6211b139529f72f29b,0.0748227267188487,GCTCACAGGGCTCAGTTCAGGGAAGGGTAGAGTGAGCTGACCCCTCCCCTTCCCGTGCCCCTCCTCCGGCCTCAGCCTCCCTTCAGCCAGTCTGGGTGCCGAGGAAGGGCTGACCCTCGCTCTTGCGGATTAGGTAGGATCCACCCTCTCCACCAGGAGCCCTATCCGTGGCCTGGCCTCCTGCCCTAAGCCTGGCCTGA,1bde0d54a294dcd325d6e260779b8c9043c565db59e75fdb9c5727c4557b9879,-0.300342007548153,GCTCACAGGGCTCAGTTCAGGGAAGGGTAGAGTGAGCTGACCCCTCCCCTTCCCGTGCCCCTCCTCCGGCCTCAGCCTCCCTTCAGCCAGTCTGGGTGCTGAGGAAGGGCTGACCCTCGCTCTTGCGGATTAGGTAGGATCCACCCTCTCCACCAGGAGCCCTATCCGTGGCCTGGCCTCCTGCCCTAAGCCTGGCCTGA,bc7bae2def1577014da4042052a071115827979167e62c45ab2068bd92309b55,-0.165376950810142,0.0601423300191622,0.284419215382681,-242.4117652475834,-236.56111942231647,-262.5361715601757,-248.0355460420251,8.649979692883676,-1.0,-0.0601423300191622,0.0,2,0.18778953816948774,0.17490732828716207,0.146091925319964,0.2075646168095869,1.0
chr11:64158683:C:T;chr11:64158706:G:A;var1;middle;OL41|K562|b4d2346ce8122856,chr11:64158683:C:T;chr11:64158706:G:A;var1;middle;OL41,K562,K562_region_00355,100,123,23,GCAGGTGGATGAATTGAGGTCAGGAGTTCGAGAGCAGCCTGGCCAACATGGTGAAACCCCATCTCTACTAAAAAAATACAAAGATTTAGTGGTGGCCCGCGCCTGTAGTCCCAGCTACTTGGGAGGCTGAGGCAGGAAAACCACATGAGCCCAGTGGGTGGAGGTTGCGGTGAGCTGCGATTGCACCACTGCACTCCAGC,948e2601452ac7566a8602767588f92b9cde2d884cc93c7c71396ba3e7b3a252,0.0,GCAGGTGGATGAATTGAGGTCAGGAGTTCGAGAGCAGCCTGGCCAACATGGTGAAACCCCATCTCTACTAAAAAAATACAAAGATTTAGTGGTGGCCCGTGCCTGTAGTCCCAGCTACTTGGGAGGCTGAGGCAGGAAAACCACATGAGCCCAGTGGGTGGAGGTTGCGGTGAGCTGCGATTGCACCACTGCACTCCAGC,4a84f8625e0ae6f1d60597ddda85d8828f7ab7c16451cbcb07b9e3c667be83c3,-0.0222681894950387,GCAGGTGGATGAATTGAGGTCAGGAGTTCGAGAGCAGCCTGGCCAACATGGTGAAACCCCATCTCTACTAAAAAAATACAAAGATTTAGTGGTGGCCCGCGCCTGTAGTCCCAGCTACTTGGAAGGCTGAGGCAGGAAAACCACATGAGCCCAGTGGGTGGAGGTTGCGGTGAGCTGCGATTGCACCACTGCACTCCAGC,7045a2457ded40050b650720a7caba4f7b0fe601c4e69610317db6d2687caf88,0.21757129112895,GCAGGTGGATGAATTGAGGTCAGGAGTTCGAGAGCAGCCTGGCCAACATGGTGAAACCCCATCTCTACTAAAAAAATACAAAGATTTAGTGGTGGCCCGTGCCTGTAGTCCCAGCTACTTGGAAGGCTGAGGCAGGAAAACCACATGAGCCCAGTGGGTGGAGGTTGCGGTGAGCTGCGATTGCACCACTGCACTCCAGC,b4d2346ce8122856f5b562ad010b45beed99e1ebec881094c70aaa75c66a2550,0.15682714387424,-0.0384759577596713,0.37917358624729,-93.0241795796901,-89.67852394748479,-96.19711737846956,-92.76024144282565,0.09122030343860388,-1.0,0.0384759577596713,0.0,4,0.17631238575415425,0.17620727786206916,0.145609630836647,0.1774512425972955,1.0
chr11:64819168:G:A;chr11:64819218:A:G;var1;middle;OL41|K562|2bab8f0f17c9a35b,chr11:64819168:G:A;chr11:64819218:A:G;var1;middle;OL41,K562,K562_region_00356,100,150,50,GCAGGGATAACAGGCATGAACCACTGTGGCCAGACTTCAGGTCTCATTTCTGAACTGCGACATCATATCATACAAGGGGGGGGATGGAGTTTGACAGCAGTGGCGTGTTTGTGTGCAATTACAGTTGAGTGGGTATCGGTTCAAATGCCATGCTTAGCACTCTGGGATATTATATGTAAGGGAAGATGAAGAAGTTCTGG,7f08880c3df365d553bb9cff99e1818cf3b956a07f0882132c3c47a6425ee0d4,0.0,GCAGGGATAACAGGCATGAACCACTGTGGCCAGACTTCAGGTCTCATTTCTGAACTGCGACATCATATCATACAAGGGGGGGGATGGAGTTTGACAGCAATGGCGTGTTTGTGTGCAATTACAGTTGAGTGGGTATCGGTTCAAATGCCATGCTTAGCACTCTGGGATATTATATGTAAGGGAAGATGAAGAAGTTCTGG,0547472581d8d6cf3a046f92cf484e4189b27b65f4d625e5460bdd40fc7c0054,0.572763922056458,GCAGGGATAACAGGCATGAACCACTGTGGCCAGACTTCAGGTCTCATTTCTGAACTGCGACATCATATCATACAAGGGGGGGGATGGAGTTTGACAGCAGTGGCGTGTTTGTGTGCAATTACAGTTGAGTGGGTATCGGTTCAAATGCCGTGCTTAGCACTCTGGGATATTATATGTAAGGGAAGATGAAGAAGTTCTGG,6e1092bb4a3340ba24860c316021741018b0d0b6f7a867f1ea3f2679ccbcdeac,0.630025584681302,GCAGGGATAACAGGCATGAACCACTGTGGCCAGACTTCAGGTCTCATTTCTGAACTGCGACATCATATCATACAAGGGGGGGGATGGAGTTTGACAGCAATGGCGTGTTTGTGTGCAATTACAGTTGAGTGGGTATCGGTTCAAATGCCGTGCTTAGCACTCTGGGATATTATATGTAAGGGAAGATGAAGAAGTTCTGG,2bab8f0f17c9a35b32ce4c06fa35768beb99be8fc09cac738f880627276f2419,0.153496259677994,1.0492932470597658,0.25618841074536,-259.6497355848551,-261.0124959871173,-262.65843765437603,-264.2937154676765,0.27251741103827953,1.0,1.0492932470597658,0.0,2,0.17559127575406347,0.17490732828716207,0.146091925319964,0.13746108076115549,1.0
chr11:64947240:T:C;chr11:64947279:A:C;var1;middle;OL41|K562|8c3d596134f8e6f0,chr11:64947240:T:C;chr11:64947279:A:C;var1;middle;OL41,K562,K562_region_00357,100,139,39,TCTACTAAAAATACAAAAATTAGCCTGGTGTGGTGGCGGGCGCCTGTAATCCCAGCTACTGGGGAGGCTGAGGCAGGAGAATTGCTTGAACCCAGGAGGTGGAGGTTGCAGTGAGCCAGGATCGCGCCACTGCATTCCAACCTGGGTGATGGAGCGGGACTCCATCTCAAAAACAAAAACAAACACCAGAAAACAAACAA,0b030d8ac8e4eeb9a985d5d85c7aa06548f2d9e193eea25cd177e5f741d2f403,0.0,TCTACTAAAAATACAAAAATTAGCCTGGTGTGGTGGCGGGCGCCTGTAATCCCAGCTACTGGGGAGGCTGAGGCAGGAGAATTGCTTGAACCCAGGAGGCGGAGGTTGCAGTGAGCCAGGATCGCGCCACTGCATTCCAACCTGGGTGATGGAGCGGGACTCCATCTCAAAAACAAAAACAAACACCAGAAAACAAACAA,1593e776d06ef985a70feaf3816cb8294d39e8c70e8f69b0a7b2949365ba10c9,-0.377701513661705,TCTACTAAAAATACAAAAATTAGCCTGGTGTGGTGGCGGGCGCCTGTAATCCCAGCTACTGGGGAGGCTGAGGCAGGAGAATTGCTTGAACCCAGGAGGTGGAGGTTGCAGTGAGCCAGGATCGCGCCACTGCATTCCCACCTGGGTGATGGAGCGGGACTCCATCTCAAAAACAAAAACAAACACCAGAAAACAAACAA,e3fb2d5ea89d96c0aa056e6bc47a381a5c889e5d095d4b5da42ae72076a8dc20,0.115984378036581,TCTACTAAAAATACAAAAATTAGCCTGGTGTGGTGGCGGGCGCCTGTAATCCCAGCTACTGGGGAGGCTGAGGCAGGAGAATTGCTTGAACCCAGGAGGCGGAGGTTGCAGTGAGCCAGGATCGCGCCACTGCATTCCCACCTGGGTGATGGAGCGGGACTCCATCTCAAAAACAAAAACAAACACCAGAAAACAAACAA,8c3d596134f8e6f08b26086300a005e751231d73eaa41d16fc40e7107b7897ff,0.227787598155223,0.489504733780347,0.336463631951312,-71.88252690155059,-72.18904396891594,-74.18989352043718,-74.46617626398802,0.0302343238145113,-1.0,-0.489504733780347,0.0,4,0.17623679904075706,0.17620727786206916,0.145609630836647,0.28232169496057713,1.0
chr11:64979848:A:G;chr11:64979912:C:T;var1;middle;OL41|K562|549b2acdec33e9ca,chr11:64979848:A:G;chr11:64979912:C:T;var1;middle;OL41,K562,K562_region_00358,100,164,64,AGGAGGCCTGACCCCTACCTTTCTTGCACACTTCGGCCCGTTGAGGTGAGGCTCTGGCTGAAATTCAAACCTCTACTTAGCACACACCCGGCCCCCCAGAGAGCTCCCCCGAGCACAGAGCCGCCTTCAGGTCCCTCTGTGGGGAGCCCCTGTGACCCAGACACCTGCACTTACATAAGCCGCTCCAGGGCCTGCTGGGA,03e9561ee4ddf886c2ecb76c592e2624f9dfb6e63b59ae94b861ff16b747d0ef,0.0,AGGAGGCCTGACCCCTACCTTTCTTGCACACTTCGGCCCGTTGAGGTGAGGCTCTGGCTGAAATTCAAACCTCTACTTAGCACACACCCGGCCCCCCAGGGAGCTCCCCCGAGCACAGAGCCGCCTTCAGGTCCCTCTGTGGGGAGCCCCTGTGACCCAGACACCTGCACTTACATAAGCCGCTCCAGGGCCTGCTGGGA,1c2887f0d15ec51d0b6964aa95bc7ad3370604fa813c6f2002b334ed1780428a,-0.0806003328509408,AGGAGGCCTGACCCCTACCTTTCTTGCACACTTCGGCCCGTTGAGGTGAGGCTCTGGCTGAAATTCAAACCTCTACTTAGCACACACCCGGCCCCCCAGAGAGCTCCCCCGAGCACAGAGCCGCCTTCAGGTCCCTCTGTGGGGAGCCCCTGTGACCCAGACATCTGCACTTACATAAGCCGCTCCAGGGCCTGCTGGGA,9983794c2645a8330b6c2b25e0c444219b3a8701f497e2ceb4aa7745dd54100f,0.0829198593810802,AGGAGGCCTGACCCCTACCTTTCTTGCACACTTCGGCCCGTTGAGGTGAGGCTCTGGCTGAAATTCAAACCTCTACTTAGCACACACCCGGCCCCCCAGGGAGCTCCCCCGAGCACAGAGCCGCCTTCAGGTCCCTCTGTGGGGAGCCCCTGTGACCCAGACATCTGCACTTACATAAGCCGCTCCAGGGCCTGCTGGGA,549b2acdec33e9ca077239c56b47ceb4fbebc99abf78f407d028fb00729efe5d,1.01739089546978,1.0150713689396405,0.477472197851422,-347.0994532001205,-348.6667314027436,-348.2051126454025,-348.4415509980172,1.3308398500084877,-1.0,-1.0150713689396405,0.0,2,0.17713227879249752,0.17490732828716207,0.146091925319964,0.3789957184225249,1.0
chr11:654091:G:A;chr11:654109:A:G;var1;middle;OL41|K562|84091c7edcb78812,chr11:654091:G:A;chr11:654109:A:G;var1;middle;OL41,K562,K562_region_00297,100,118,18,GACCTTGTGGCAGCCGGTGCACTCGCTCATAGCCTCCCGGCCGCAGTTAACGCAGGACTGCTGCAAGAAGGACACAACAGGCCAGTCAGTGACGTGGCCGTGGAGAGCCCCTGAGACACCGGGGACAGAGGCAGGTGCAGGCAGGAGGCCCCAAGTTCCCCCCATTGGACCCCCTTTTTTTTTTTTTTTTTTTTTGAGAT,17998efa1646276844ffb3fa5d9b1fa3744ddab0a38d5ac4b5921e72bfeb6d19,0.0,GACCTTGTGGCAGCCGGTGCACTCGCTCATAGCCTCCCGGCCGCAGTTAACGCAGGACTGCTGCAAGAAGGACACAACAGGCCAGTCAGTGACGTGGCCATGGAGAGCCCCTGAGACACCGGGGACAGAGGCAGGTGCAGGCAGGAGGCCCCAAGTTCCCCCCATTGGACCCCCTTTTTTTTTTTTTTTTTTTTTGAGAT,cd2586776ad17aa1d8083d192f53628110c9318c8069d76e9ebe5d2d5922a3b4,0.0962844870798193,GACCTTGTGGCAGCCGGTGCACTCGCTCATAGCCTCCCGGCCGCAGTTAACGCAGGACTGCTGCAAGAAGGACACAACAGGCCAGTCAGTGACGTGGCCGTGGAGAGCCCCTGAGACGCCGGGGACAGAGGCAGGTGCAGGCAGGAGGCCCCAAGTTCCCCCCATTGGACCCCCTTTTTTTTTTTTTTTTTTTTTGAGAT,f597ec94154e87124579697bd778c70e8cc4ed9fbf9a2444d35721c5ed89534a,0.284519748109016,GACCTTGTGGCAGCCGGTGCACTCGCTCATAGCCTCCCGGCCGCAGTTAACGCAGGACTGCTGCAAGAAGGACACAACAGGCCAGTCAGTGACGTGGCCATGGAGAGCCCCTGAGACGCCGGGGACAGAGGCAGGTGCAGGCAGGAGGCCCCAAGTTCCCCCCATTGGACCCCCTTTTTTTTTTTTTTTTTTTTTGAGAT,84091c7edcb78812c2b22c88d6a5f0a8b5d70dfa2d0f5ca5cd89886d3353227c,0.271038091914621,0.1097661432742142,0.201782913760479,-219.50870351633057,-223.74555864813732,-220.4990301132202,-224.9226893428713,0.18680409784440144,1.0,0.1097661432742142,0.0,4,0.17643085339077666,0.17620727786206916,0.145609630836647,0.16815134769851262,1.0
chr11:65653242:C:T;chr11:65653309:T:C;var1;middle;OL41|K562|8fee98f33c3bc853,chr11:65653242:C:T;chr11:65653309:T:C;var1;middle;OL41,K562,K562_region_00359,100,167,67,ACGAGAGGAGGGTCCTCTTAGGGCTTGAAATTCCTTCTTAGGAAGCAGCTCCCACCTGCAACCTCAGCTGGGTGTCCGAGTTCTGGCCTCTCTCTGCCTCAAGTCACTGTGTGACGTGTCTCAAGTCACTTCTCTATGACCCTTCCCCATCTGTGCGAAGAGAAGGTTCCAGCTCAAGTTTACTAGTGGATACAGTGGGA,5abc5890ebb83f48f4a5904088ec40e786f24aa520f90263664d5f9de9fcaf09,0.0,ACGAGAGGAGGGTCCTCTTAGGGCTTGAAATTCCTTCTTAGGAAGCAGCTCCCACCTGCAACCTCAGCTGGGTGTCCGAGTTCTGGCCTCTCTCTGCCTTAAGTCACTGTGTGACGTGTCTCAAGTCACTTCTCTATGACCCTTCCCCATCTGTGCGAAGAGAAGGTTCCAGCTCAAGTTTACTAGTGGATACAGTGGGA,53e5ded8d376dcd0936ae65e42d114ad4c936db7beac202af51c911eaf482ba4,0.297585476094507,ACGAGAGGAGGGTCCTCTTAGGGCTTGAAATTCCTTCTTAGGAAGCAGCTCCCACCTGCAACCTCAGCTGGGTGTCCGAGTTCTGGCCTCTCTCTGCCTCAAGTCACTGTGTGACGTGTCTCAAGTCACTTCTCTATGACCCTTCCCCATCTGTGCGAAGAGAAGGCTCCAGCTCAAGTTTACTAGTGGATACAGTGGGA,19727bd47033a97bc8f18b687405b6b3025eb2c7f0fe768f36c470004f74d6e1,0.156870534768951,ACGAGAGGAGGGTCCTCTTAGGGCTTGAAATTCCTTCTTAGGAAGCAGCTCCCACCTGCAACCTCAGCTGGGTGTCCGAGTTCTGGCCTCTCTCTGCCTTAAGTCACTGTGTGACGTGTCTCAAGTCACTTCTCTATGACCCTTCCCCATCTGTGCGAAGAGAAGGCTCCAGCTCAAGTTTACTAGTGGATACAGTGGGA,8fee98f33c3bc8531b264b3f2cdcbfa26fb58caf12f10a9e87b0731ba8d88508,0.21966204498666,0.234793965876798,0.209058650193044,-322.8810820977669,-328.1308126843069,-318.835814813152,-323.3976048962213,-0.6879405034705997,1.0,0.234793965876798,0.0,0,0.18489247127396535,0.18565657667894103,0.15145376406925343,0.1653709126155565,1.0
chr11:66342611:G:A;chr11:66342691:G:A;var1;middle;OL28|K562|587fcd7184de6571,chr11:66342611:G:A;chr11:66342691:G:A;var1;middle;OL28,K562,K562_region_00360,100,180,80,GATCTAAATAATTCTTGTCGTAAAATGGGCAAACGGTCTGAGGTGCCTGACGTCCAGGCATTCTTTTACACATCGGTCCCTCCCTAGTCTCTGTGCCCAGTGCACAGAGACTTTCCCTCCTATCTGTCCCCTCAGTCCCAACCCCAAGTGTCGCTGAGTCTTTCTAATCTTCCTTTTCTGCAGACCCATCTGACCTCTTC,b48c6d35f7f5edbda03ada7536daaf9b2e7bba200a1551c1cdd41837be7b3b3d,0.0,GATCTAAATAATTCTTGTCGTAAAATGGGCAAACGGTCTGAGGTGCCTGACGTCCAGGCATTCTTTTACACATCGGTCCCTCCCTAGTCTCTGTGCCCAATGCACAGAGACTTTCCCTCCTATCTGTCCCCTCAGTCCCAACCCCAAGTGTCGCTGAGTCTTTCTAATCTTCCTTTTCTGCAGACCCATCTGACCTCTTC,02b442ef67335ff393cf56647bd0950ba9ae939c3eb8d8e10a3a406d81c8bd22,0.644190000806956,GATCTAAATAATTCTTGTCGTAAAATGGGCAAACGGTCTGAGGTGCCTGACGTCCAGGCATTCTTTTACACATCGGTCCCTCCCTAGTCTCTGTGCCCAGTGCACAGAGACTTTCCCTCCTATCTGTCCCCTCAGTCCCAACCCCAAGTGTCGCTGAGTCTTTCTAATCTTCCTTTTCTACAGACCCATCTGACCTCTTC,94acf8ba9bad0917def95c9298bf503ffb8ea4520118fb964e658e7f5bdc13e1,-0.115602112440205,GATCTAAATAATTCTTGTCGTAAAATGGGCAAACGGTCTGAGGTGCCTGACGTCCAGGCATTCTTTTACACATCGGTCCCTCCCTAGTCTCTGTGCCCAATGCACAGAGACTTTCCCTCCTATCTGTCCCCTCAGTCCCAACCCCAAGTGTCGCTGAGTCTTTCTAATCTTCCTTTTCTACAGACCCATCTGACCTCTTC,587fcd7184de6571e412cd371835b3cad2837e9024f1ce6ec8bb63e5146389a5,0.565139955534521,0.03655206716777,0.15381718581786,-363.77306205336936,-392.2172424462624,-354.86291653173976,-376.7371724459808,6.569924478652013,-1.0,-0.03655206716777,0.0,1,0.1890496627773514,0.18216460459877223,0.1501433469024087,0.18260108726981256,1.0
chr11:67200812:C:T;chr11:67200819:C:T;var1;middle;OL41|K562|1f7c19d073a46fb8,chr11:67200812:C:T;chr11:67200819:C:T;var1;middle;OL41,K562,K562_region_00361,100,107,7,AGGGGCAGGGGCAGAGGTGGGAGTAGCCCCCCTCCTGGGGCAAGGGCAGGGCCTGGTGGGAGGCCCACAAGGCTCCTCTCACCTTCCTCCTCCTCCAGCCGCCCTTCACCGCAGAGAACCGGAAGAAAACCATGGATAAGATCATCAGGGGCAAGCTGGCACTGCCCCCCTACCTCACCCCAGATGCCCGGGACCTTGTC,b45113bf9fdc01c97f018b7966ba0f02bbe187290cc68fa2b41ea839f14a9d6e,0.0,AGGGGCAGGGGCAGAGGTGGGAGTAGCCCCCCTCCTGGGGCAAGGGCAGGGCCTGGTGGGAGGCCCACAAGGCTCCTCTCACCTTCCTCCTCCTCCAGCTGCCCTTCACCGCAGAGAACCGGAAGAAAACCATGGATAAGATCATCAGGGGCAAGCTGGCACTGCCCCCCTACCTCACCCCAGATGCCCGGGACCTTGTC,f5028007e31481d2c34544b4eecb8cdb098351f378162e13086b1c89db3aab9d,-0.231214018806909,AGGGGCAGGGGCAGAGGTGGGAGTAGCCCCCCTCCTGGGGCAAGGGCAGGGCCTGGTGGGAGGCCCACAAGGCTCCTCTCACCTTCCTCCTCCTCCAGCCGCCCTTTACCGCAGAGAACCGGAAGAAAACCATGGATAAGATCATCAGGGGCAAGCTGGCACTGCCCCCCTACCTCACCCCAGATGCCCGGGACCTTGTC,bda8ae61371492c3d155ecb6739f6878843e4d45701c9132da0ac91e80ec79f4,0.248189824743068,AGGGGCAGGGGCAGAGGTGGGAGTAGCCCCCCTCCTGGGGCAAGGGCAGGGCCTGGTGGGAGGCCCACAAGGCTCCTCTCACCTTCCTCCTCCTCCAGCTGCCCTTTACCGCAGAGAACCGGAAGAAAACCATGGATAAGATCATCAGGGGCAAGCTGGCACTGCCCCCCTACCTCACCCCAGATGCCCGGGACCTTGTC,1f7c19d073a46fb8fe72850d2988d5724e024bb30d369fad4cc48d3bb57319d8,-0.0254321442820316,-0.0424079502181905,0.434299542210114,-204.6616155207157,-201.36458160728216,-208.25754959136248,-205.8506198041141,-0.8901041261851788,-1.0,0.0424079502181905,0.0,0,0.1846328146613826,0.18565657667894103,0.15145376406925343,0.20039525302283692,1.0
chr11:674458:G:A;chr11:674499:G:A;var1;middle;OL41|K562|524d71719528fbd4,chr11:674458:G:A;chr11:674499:G:A;var1;middle;OL41,K562,K562_region_00298,100,141,41,GTCACTTTTCTTTAGGAAAAGCTTCATTTGTAAATGACTCTCCACAGCTCCCTTTTCCAGAAAGGTGGGGCAGGGGCCTTGTGAGCCAAGGTGGGGCTTGCGCAGCTGGGCACAGGCACCAGGGTGGCCTGGGGTTACTCGGCACAGGTCGTGTCTTCCCATTTGTTCCAAGGTTACCTCCTTCCGCTCTGCGTCAGCGT,5eb3b5788bf5f635ba74b97de23e5eee6358f03ce1c61be1b4b437c0d3b0f339,0.0,GTCACTTTTCTTTAGGAAAAGCTTCATTTGTAAATGACTCTCCACAGCTCCCTTTTCCAGAAAGGTGGGGCAGGGGCCTTGTGAGCCAAGGTGGGGCTTACGCAGCTGGGCACAGGCACCAGGGTGGCCTGGGGTTACTCGGCACAGGTCGTGTCTTCCCATTTGTTCCAAGGTTACCTCCTTCCGCTCTGCGTCAGCGT,1b0baeff060ca7d5431ed010ef0453c5f4896a6806f4cd972ba092108eb8753f,-0.0360725961114289,GTCACTTTTCTTTAGGAAAAGCTTCATTTGTAAATGACTCTCCACAGCTCCCTTTTCCAGAAAGGTGGGGCAGGGGCCTTGTGAGCCAAGGTGGGGCTTGCGCAGCTGGGCACAGGCACCAGGGTGGCCTGGGGTTACTCAGCACAGGTCGTGTCTTCCCATTTGTTCCAAGGTTACCTCCTTCCGCTCTGCGTCAGCGT,94627a921362ad7d059793912f74383df2c694c4e03fa107933c95ac049268bf,0.0654535073563038,GTCACTTTTCTTTAGGAAAAGCTTCATTTGTAAATGACTCTCCACAGCTCCCTTTTCCAGAAAGGTGGGGCAGGGGCCTTGTGAGCCAAGGTGGGGCTTACGCAGCTGGGCACAGGCACCAGGGTGGCCTGGGGTTACTCAGCACAGGTCGTGTCTTCCCATTTGTTCCAAGGTTACCTCCTTCCGCTCTGCGTCAGCGT,524d71719528fbd40b02d296f4d4abc792c93c8bb6f762660e79a75686fbfcbd,0.135136213956857,0.105755302711982,0.188490634962662,-318.8259630315006,-328.1323230774142,-313.4498213781044,-321.6998146441765,1.0563667798414826,-1.0,-0.105755302711982,0.0,1,0.1834399493516215,0.18216460459877223,0.1501433469024087,0.10258520734581465,1.0
chr11:68597805:T:A;chr11:68597886:G:T;var1;middle;OL31|K562|a6bda101caf96ab5,chr11:68597805:T:A;chr11:68597886:G:T;var1;middle;OL31,K562,K562_region_00362,100,181,81,ACTGCACTCCAGCCTGGGCAACAGAGTGAGACCCTGTCTCAAAAAAAATAAAAGAAAGGCTGAGTGGGGTTGGGGGATTGGGGGTGGAGATCGCCCACCTGGAGCCCACCTGCTGGGAGCTCACACAGACCTCCTTGCCCGGAGCACACGGGGTGCCCACCAACTCCCAGGTGGAGCATGGGAGCCAGGCCACATGCCAT,fec466d680f7f3b80aa4da971830fcf4d68711212664d5df6f20ebc10044602b,0.0,ACTGCACTCCAGCCTGGGCAACAGAGTGAGACCCTGTCTCAAAAAAAATAAAAGAAAGGCTGAGTGGGGTTGGGGGATTGGGGGTGGAGATCGCCCACCAGGAGCCCACCTGCTGGGAGCTCACACAGACCTCCTTGCCCGGAGCACACGGGGTGCCCACCAACTCCCAGGTGGAGCATGGGAGCCAGGCCACATGCCAT,d4d8a2c3545ebeeb5b18647672e7d8555d4a943fa883136e6fa2244654fee671,-0.0764200111193754,ACTGCACTCCAGCCTGGGCAACAGAGTGAGACCCTGTCTCAAAAAAAATAAAAGAAAGGCTGAGTGGGGTTGGGGGATTGGGGGTGGAGATCGCCCACCTGGAGCCCACCTGCTGGGAGCTCACACAGACCTCCTTGCCCGGAGCACACGGGGTGCCCACCAACTCCCAGGTGGAGCATGTGAGCCAGGCCACATGCCAT,8ff3ecc5e25c9b54d11c0f44b87f6a54cae9e9148be50f542713a2e2c8d1e874,-0.0420589428606932,ACTGCACTCCAGCCTGGGCAACAGAGTGAGACCCTGTCTCAAAAAAAATAAAAGAAAGGCTGAGTGGGGTTGGGGGATTGGGGGTGGAGATCGCCCACCAGGAGCCCACCTGCTGGGAGCTCACACAGACCTCCTTGCCCGGAGCACACGGGGTGCCCACCAACTCCCAGGTGGAGCATGTGAGCCAGGCCACATGCCAT,a6bda101caf96ab506e0a0ee73939210614ef5918dff9299594551d50308ce50,-0.170393389185596,0.0519144352055273,0.23703265646385,-177.18562649842352,-189.07562370691448,-177.65439821127802,-184.739648043178,-4.804747376590996,1.0,0.0519144352055273,0.0,2,0.1681983677171857,0.17490732828716207,0.146091925319964,0.31699518057114284,1.0
chr11:68659403:A:G;chr11:68659488:G:A;var1;middle;OL41|K562|248ca30a6e773487,chr11:68659403:A:G;chr11:68659488:G:A;var1;middle;OL41,K562,K562_region_00363,100,185,85,GCAACTGCAGTTATAGCAAGAGCTGTGAGGGACAGAATTCTGCAGCCGCTCAGCTATGTGGCCCATGCCCCGTGGGTGCCATCCCTCAGGATGCCCACTATGGGGGATGTCCTCAGTGCAGACCTGCTAGGACAGCCCTACACCTGCTTGCGGATTCACTGCTGCTTTGGGGACAGTGCTAGGCGTCATGGGTTGGAACA,251bee8292e3df953c21b16587e32c11a26e9ca00f9cbfeb269c2b1e6c35f6ef,0.0,GCAACTGCAGTTATAGCAAGAGCTGTGAGGGACAGAATTCTGCAGCCGCTCAGCTATGTGGCCCATGCCCCGTGGGTGCCATCCCTCAGGATGCCCACTGTGGGGGATGTCCTCAGTGCAGACCTGCTAGGACAGCCCTACACCTGCTTGCGGATTCACTGCTGCTTTGGGGACAGTGCTAGGCGTCATGGGTTGGAACA,e1b200eae119e7c441ff107ec94e727106b9e8a3f6606fc619ef226e2b2978e8,-0.197582666206043,GCAACTGCAGTTATAGCAAGAGCTGTGAGGGACAGAATTCTGCAGCCGCTCAGCTATGTGGCCCATGCCCCGTGGGTGCCATCCCTCAGGATGCCCACTATGGGGGATGTCCTCAGTGCAGACCTGCTAGGACAGCCCTACACCTGCTTGCGGATTCACTGCTGCTTTGGGGACAGTGCTAGGCATCATGGGTTGGAACA,1b149d01b4a8067a1588aec88c855971e3f471c24dfd30b0fba1dd931a3f5dca,0.286411691469783,GCAACTGCAGTTATAGCAAGAGCTGTGAGGGACAGAATTCTGCAGCCGCTCAGCTATGTGGCCCATGCCCCGTGGGTGCCATCCCTCAGGATGCCCACTGTGGGGGATGTCCTCAGTGCAGACCTGCTAGGACAGCCCTACACCTGCTTGCGGATTCACTGCTGCTTTGGGGACAGTGCTAGGCATCATGGGTTGGAACA,248ca30a6e773487e7d746af27784f14e6b3999b0de49da361b2ec533b1ea61e,0.0892471307704676,0.0004181055067275,0.206541250023336,-251.1392000168562,-248.58464422822,-247.0080254971981,-244.2074629664421,0.24600674211978912,-1.0,-0.0004181055067275,0.0,2,0.17555267407668235,0.17490732828716207,0.146091925319964,0.14409235623870803,1.0
chr11:69077491:G:T;chr11:69077580:T:G;var1;middle;OL28|K562|8e3e76c7a848b9e8,chr11:69077491:G:T;chr11:69077580:T:G;var1;middle;OL28,K562,K562_region_00364,100,189,89,TTCAAGGGAACATTCCTCTTTGGACTCGGTCCACTCAGTGTCCTCTTGGAAAACCACAGGGAGGGCTGGAAACAGTCTTAGACTCACATGAGGGGGAAAGGGAGACCAGATCCTTCTCCCAGCTCTGCTTGTGGCTCTCTGTGTGATCCCATGAAGAGAGGAGGAGCAGTGACTCTCACCTGAAATGCTCCCAGCCAAAC,ec3c363f815d12f8ddff62d0c34a6b1da770b91c506e03bc7ea7808adcb627a0,0.0,TTCAAGGGAACATTCCTCTTTGGACTCGGTCCACTCAGTGTCCTCTTGGAAAACCACAGGGAGGGCTGGAAACAGTCTTAGACTCACATGAGGGGGAAATGGAGACCAGATCCTTCTCCCAGCTCTGCTTGTGGCTCTCTGTGTGATCCCATGAAGAGAGGAGGAGCAGTGACTCTCACCTGAAATGCTCCCAGCCAAAC,6d37af0acdda4910cb2ef54124f6f9a7c0e0165c276c0742c5814926568fa92a,0.199333671118517,TTCAAGGGAACATTCCTCTTTGGACTCGGTCCACTCAGTGTCCTCTTGGAAAACCACAGGGAGGGCTGGAAACAGTCTTAGACTCACATGAGGGGGAAAGGGAGACCAGATCCTTCTCCCAGCTCTGCTTGTGGCTCTCTGTGTGATCCCATGAAGAGAGGAGGAGCAGTGACTCTCACCTGAAATGCGCCCAGCCAAAC,40a1fe1b2a4c136b7246ca89e89070e47939c6d03a3d11211c79b1c643ff2461,0.19569205260386,TTCAAGGGAACATTCCTCTTTGGACTCGGTCCACTCAGTGTCCTCTTGGAAAACCACAGGGAGGGCTGGAAACAGTCTTAGACTCACATGAGGGGGAAATGGAGACCAGATCCTTCTCCCAGCTCTGCTTGTGGCTCTCTGTGTGATCCCATGAAGAGAGGAGGAGCAGTGACTCTCACCTGAAATGCGCCCAGCCAAAC,8e3e76c7a848b9e81ee3ba3f4080bc52d57b49f40c0eb254110b2dff793653c7,0.187720683860262,0.207305039862115,0.170002716113602,-306.4443729547784,-307.30866933998186,-269.0716309529962,-269.6569608862046,-0.27896645199507475,1.0,0.207305039862115,0.0,2,0.17478827066101388,0.17490732828716207,0.146091925319964,0.25503808809006123,1.0
chr11:69174982:A:G;chr11:69174986:G:T;var1;middle;OL29|K562|b9442a5d2fb4611e,chr11:69174982:A:G;chr11:69174986:G:T;var1;middle;OL29,K562,K562_region_00365,100,104,4,GGTGGGCCATGTGTCTTTTTCACTGTAAAGGGGATCACAGGTAGCTTCCCACGCCCACAAATAAAGATTCACAGATTTTTAAAGGCTGCTTGCAATTCCATCAGGCAGAGGTTTGATGATTTCACCAGTATCAACAGACATGCAGACCATTGCCAGTTTTCTGGTATTACAGCCCCTGACACCCCTGGATGTATCATCTT,c36a3302ecc0db10ebd24626b9650d24bfb96694c552e37c8cdf7194c7b784ca,0.0,GGTGGGCCATGTGTCTTTTTCACTGTAAAGGGGATCACAGGTAGCTTCCCACGCCCACAAATAAAGATTCACAGATTTTTAAAGGCTGCTTGCAATTCCGTCAGGCAGAGGTTTGATGATTTCACCAGTATCAACAGACATGCAGACCATTGCCAGTTTTCTGGTATTACAGCCCCTGACACCCCTGGATGTATCATCTT,d68e497e8b22cb6ecdd99a4b29862fcadba63eaa88ad3b61194935d050919a8d,0.153954488128369,GGTGGGCCATGTGTCTTTTTCACTGTAAAGGGGATCACAGGTAGCTTCCCACGCCCACAAATAAAGATTCACAGATTTTTAAAGGCTGCTTGCAATTCCATCATGCAGAGGTTTGATGATTTCACCAGTATCAACAGACATGCAGACCATTGCCAGTTTTCTGGTATTACAGCCCCTGACACCCCTGGATGTATCATCTT,0f529668c36619bf5880ed04d192e09f547594f69abb9b4cbd811ca3759ebf1c,-0.156800004672588,GGTGGGCCATGTGTCTTTTTCACTGTAAAGGGGATCACAGGTAGCTTCCCACGCCCACAAATAAAGATTCACAGATTTTTAAAGGCTGCTTGCAATTCCGTCATGCAGAGGTTTGATGATTTCACCAGTATCAACAGACATGCAGACCATTGCCAGTTTTCTGGTATTACAGCCCCTGACACCCCTGGATGTATCATCTT,b9442a5d2fb4611e2996213e3979fb8f692796171aabb9c3e629f2652e328d41,-0.155317113521849,-0.15247159697763,0.213101544274867,-344.3146490938961,-349.4936067510862,-326.8647136404179,-337.3231303815264,-5.279459083918425,-1.0,0.15247159697763,0.0,4,0.1696559049350774,0.17620727786206916,0.145609630836647,0.2852162386813786,1.0
chr11:695955:C:T;chr11:696036:C:T;var1;middle;OL41|K562|ebac5a2ac1abb54f,chr11:695955:C:T;chr11:696036:C:T;var1;middle;OL41,K562,K562_region_00299,100,181,81,GGCGGGGTGGGGGCTTCCGGGCTTGCAGCGGCGGGCGCGGCGTTTCCCTGTGGTGACAATCCGGTTTCCGCTTTCGGTGCGCTCACGGGGCCGTGCCACCGTCTCTACGTGAGCGAGACAGCTCCGTCACCCCATCGAGAAGCGCGGCCTGGCCTGGCCTGGGTGGCGGGCGTCCTGCACCCCGAAGAGCTCCCCCGCGC,2c75fd5deaf90021a3f0d1990ad0a8b6f26aa2b4c8eea47a88ba4afd21524e6a,0.0,GGCGGGGTGGGGGCTTCCGGGCTTGCAGCGGCGGGCGCGGCGTTTCCCTGTGGTGACAATCCGGTTTCCGCTTTCGGTGCGCTCACGGGGCCGTGCCACTGTCTCTACGTGAGCGAGACAGCTCCGTCACCCCATCGAGAAGCGCGGCCTGGCCTGGCCTGGGTGGCGGGCGTCCTGCACCCCGAAGAGCTCCCCCGCGC,5960012b9c563b966327f32d39bc986319e4a03c2ce6586d1800bfc67959adec,0.321007568746433,GGCGGGGTGGGGGCTTCCGGGCTTGCAGCGGCGGGCGCGGCGTTTCCCTGTGGTGACAATCCGGTTTCCGCTTTCGGTGCGCTCACGGGGCCGTGCCACCGTCTCTACGTGAGCGAGACAGCTCCGTCACCCCATCGAGAAGCGCGGCCTGGCCTGGCCTGGGTGGCGGGCGTCCTGCACTCCGAAGAGCTCCCCCGCGC,bbbd46f855dbcea1b896bc012142d4e348121ea85f84df6ae7763059dffdd3fd,-0.111127268871144,GGCGGGGTGGGGGCTTCCGGGCTTGCAGCGGCGGGCGCGGCGTTTCCCTGTGGTGACAATCCGGTTTCCGCTTTCGGTGCGCTCACGGGGCCGTGCCACTGTCTCTACGTGAGCGAGACAGCTCCGTCACCCCATCGAGAAGCGCGGCCTGGCCTGGCCTGGGTGGCGGGCGTCCTGCACTCCGAAGAGCTCCCCCGCGC,ebac5a2ac1abb54fb53079222bbb97c93a82259a1bfe6dfa022f7f23b31f6589,0.569123621897766,0.359243322022477,0.243162041494878,-317.854476839304,-321.11528643779457,-329.18484191037714,-334.2946469625458,-1.8489954536781283,-1.0,-0.359243322022477,0.0,1,0.18048391797980876,0.18216460459877223,0.1501433469024087,0.16082670047020708,1.0
chr11:70253389:C:T;chr11:70253475:C:T;var1;middle;OL31|K562|9964abf849b68b66,chr11:70253389:C:T;chr11:70253475:C:T;var1;middle;OL31,K562,K562_region_00366,100,186,86,CCTCGTCCTCCTGGGTTGCCTAGAATCTCGGTAGTTTTGGCCAAAGGGCTCATCTGCTGGCCTCTGTGGATGGCGCCCTGAGGCCTCCGTAACCCTCCCCGGCTGCTCTTTCAGATGTGGAAAGCTTCAGCAGGCCACGCTGTGTCCATCGCCCAGGATGACGCGGGGGCCGATGACTGGGAGACCGACCCTGATTTTGT,0fdb7c18a07ab1e2a91a6d51df37cb4b80a04dc2382acc6ddb8f25da61111ae8,0.0,CCTCGTCCTCCTGGGTTGCCTAGAATCTCGGTAGTTTTGGCCAAAGGGCTCATCTGCTGGCCTCTGTGGATGGCGCCCTGAGGCCTCCGTAACCCTCCCTGGCTGCTCTTTCAGATGTGGAAAGCTTCAGCAGGCCACGCTGTGTCCATCGCCCAGGATGACGCGGGGGCCGATGACTGGGAGACCGACCCTGATTTTGT,bcf8f7f5bce924e7a3050ad3658f9aaa6ae3a5c71a25c89c73af7d2f39426dd3,0.0341491351453004,CCTCGTCCTCCTGGGTTGCCTAGAATCTCGGTAGTTTTGGCCAAAGGGCTCATCTGCTGGCCTCTGTGGATGGCGCCCTGAGGCCTCCGTAACCCTCCCCGGCTGCTCTTTCAGATGTGGAAAGCTTCAGCAGGCCACGCTGTGTCCATCGCCCAGGATGACGCGGGGGCCGATGACTGGGAGACTGACCCTGATTTTGT,bbe78b25ceffc2c3b272a4915edb044cbe185fba714b873d4b65173fd0d69a8b,-0.104681036855826,CCTCGTCCTCCTGGGTTGCCTAGAATCTCGGTAGTTTTGGCCAAAGGGCTCATCTGCTGGCCTCTGTGGATGGCGCCCTGAGGCCTCCGTAACCCTCCCTGGCTGCTCTTTCAGATGTGGAAAGCTTCAGCAGGCCACGCTGTGTCCATCGCCCAGGATGACGCGGGGGCCGATGACTGGGAGACTGACCCTGATTTTGT,9964abf849b68b66feb706f0b9ffcf5ea4d1b31bf0e9ae4f8b8de8f56c2fe790,-0.043924497532587,0.0266074041779385,0.191244333354769,-244.6017894949764,-258.70642706472427,-252.0161173846573,-287.9916431866586,-21.870888232253492,-1.0,-0.0266074041779385,0.0,3,0.13742097170857712,0.18106719778262317,0.1474303780702046,0.0883227193889483,1.0
chr11:71164471:G:A;chr11:71164544:A:C;var1;middle;OL41|K562|fa8083565e852199,chr11:71164471:G:A;chr11:71164544:A:C;var1;middle;OL41,K562,K562_region_00367,100,173,73,CGCACTCAACCAGTGGGCCCTGGACTTCGAGGGCAATTTGCAAAGAATTTTAAAGAGTGAGTCTGGGGCGGCGGGGGCACCGGTTTGGGGTGGCGCACGGGCACCGTGGCTGGGCCCAGGCTTGCCCGTGGCGTGCTCACAGCCTTGCCCTGGGAAACTCTCGGCCCTGGGCATGGGATCAGGTGAGATAATGGGCAATG,a57faafe418c07ee567c1f73859bf188670ce5e63bab16316a84d458e57ef38a,0.0,CGCACTCAACCAGTGGGCCCTGGACTTCGAGGGCAATTTGCAAAGAATTTTAAAGAGTGAGTCTGGGGCGGCGGGGGCACCGGTTTGGGGTGGCGCACGAGCACCGTGGCTGGGCCCAGGCTTGCCCGTGGCGTGCTCACAGCCTTGCCCTGGGAAACTCTCGGCCCTGGGCATGGGATCAGGTGAGATAATGGGCAATG,92e11ba4086dfe8c7b755712240e25a29c2e223c0163760e3916fb8fa75c4106,-0.278556360168841,CGCACTCAACCAGTGGGCCCTGGACTTCGAGGGCAATTTGCAAAGAATTTTAAAGAGTGAGTCTGGGGCGGCGGGGGCACCGGTTTGGGGTGGCGCACGGGCACCGTGGCTGGGCCCAGGCTTGCCCGTGGCGTGCTCACAGCCTTGCCCTGGGAAACTCTCGGCCCTGGGCCTGGGATCAGGTGAGATAATGGGCAATG,9866b48d4a9e7a980c762781af6bea5a89a0204816e93f0e86d4b6b11529af2c,0.106950144847978,CGCACTCAACCAGTGGGCCCTGGACTTCGAGGGCAATTTGCAAAGAATTTTAAAGAGTGAGTCTGGGGCGGCGGGGGCACCGGTTTGGGGTGGCGCACGAGCACCGTGGCTGGGCCCAGGCTTGCCCGTGGCGTGCTCACAGCCTTGCCCTGGGAAACTCTCGGCCCTGGGCCTGGGATCAGGTGAGATAATGGGCAATG,fa8083565e8521999864de881153e889f992af84cb31b52819317dfaaa4c0ab8,0.305255353280316,0.476861568601179,0.442647236613912,-243.23515821248293,-246.6254494935274,-241.68761357665065,-244.9404206424952,0.1374842151998905,-1.0,-0.476861568601179,0.0,2,0.17539465650324337,0.17490732828716207,0.146091925319964,0.15663545275017532,1.0
chr11:71278828:A:G;chr11:71278915:C:A;var1;middle;OL41|K562|e8ab115dd0177d7a,chr11:71278828:A:G;chr11:71278915:C:A;var1;middle;OL41,K562,K562_region_00368,100,187,87,TGCTAGGGGACATGGCTATCGTTAGTTTCACGACGTTAAAAGGAAATGCTGCTTAAGACAGTTCACTCAAAAATCCAAACTGGGAAACTCCAGAAGGTGACAGCAGACATGAACGCAGAGTTCATTACATATGGGCCCTGTACATTCCCACAACCCACAGGACACCGAGCAACTAGGTAACAAAACCGAAAATGCATGCT,7272d4f2cbb3c405321a7485f4bfc2804b8c8b94a6db449947d21af3546c4c99,0.0,TGCTAGGGGACATGGCTATCGTTAGTTTCACGACGTTAAAAGGAAATGCTGCTTAAGACAGTTCACTCAAAAATCCAAACTGGGAAACTCCAGAAGGTGGCAGCAGACATGAACGCAGAGTTCATTACATATGGGCCCTGTACATTCCCACAACCCACAGGACACCGAGCAACTAGGTAACAAAACCGAAAATGCATGCT,c30cb2b1743b3904a3bbbed7ff01c87e0923ab5123e3262a6f23a71bb6d83cc0,2.6968261938326,TGCTAGGGGACATGGCTATCGTTAGTTTCACGACGTTAAAAGGAAATGCTGCTTAAGACAGTTCACTCAAAAATCCAAACTGGGAAACTCCAGAAGGTGACAGCAGACATGAACGCAGAGTTCATTACATATGGGCCCTGTACATTCCCACAACCCACAGGACACCGAGCAACTAGGTAACAAAACAGAAAATGCATGCT,f4a3abca33c1c5836c36fcfc49fe4e3df56cf59e51d14acf96f8dad374721902,-0.0907297948172825,TGCTAGGGGACATGGCTATCGTTAGTTTCACGACGTTAAAAGGAAATGCTGCTTAAGACAGTTCACTCAAAAATCCAAACTGGGAAACTCCAGAAGGTGGCAGCAGACATGAACGCAGAGTTCATTACATATGGGCCCTGTACATTCCCACAACCCACAGGACACCGAGCAACTAGGTAACAAAACAGAAAATGCATGCT,e8ab115dd0177d7afa3dbd99738674c9507587daca1310e91c6cd806b954fe32,2.42371770595372,-0.1823786930615978,0.179051346311934,-439.1317416364327,-440.8187085464597,-427.5581354198512,-427.39206082280725,1.853041507070884,-1.0,0.1823786930615978,0.0,4,0.17849600689456877,0.17620727786206916,0.145609630836647,0.10260988674854782,1.0
chr11:72341342:G:A;chr11:72341377:G:A;var1;middle;OL41|K562|5efb5af276724199,chr11:72341342:G:A;chr11:72341377:G:A;var1;middle;OL41,K562,K562_region_00369,100,135,35,CAAGGGTGGTAGAAGGTTCAGGAATGAAGAAAGCACAGTCCCGAGGCTCAAAGAGCTCACAGTGCAGAGAAGACAAGGCAGACACACATACAGAGTCACGTGATGGAGAAAACAGGGTGCTCGTGGCACAGCACGGTGGGCGACAGACAGCAGAGCGCCCTGGCATCTGACTGCCAGGGCAGGAGAGCTCAGAGGAGGGA,a847eeef0cd108a809437eeee57c0ec27858c1b9af461361f13dee22cf40904a,0.0,CAAGGGTGGTAGAAGGTTCAGGAATGAAGAAAGCACAGTCCCGAGGCTCAAAGAGCTCACAGTGCAGAGAAGACAAGGCAGACACACATACAGAGTCACATGATGGAGAAAACAGGGTGCTCGTGGCACAGCACGGTGGGCGACAGACAGCAGAGCGCCCTGGCATCTGACTGCCAGGGCAGGAGAGCTCAGAGGAGGGA,1aaf285e6734418001e7c8df5ee09435964e67a9a96e61faea2db954280c3122,-0.241104720308491,CAAGGGTGGTAGAAGGTTCAGGAATGAAGAAAGCACAGTCCCGAGGCTCAAAGAGCTCACAGTGCAGAGAAGACAAGGCAGACACACATACAGAGTCACGTGATGGAGAAAACAGGGTGCTCGTGGCACAGCACAGTGGGCGACAGACAGCAGAGCGCCCTGGCATCTGACTGCCAGGGCAGGAGAGCTCAGAGGAGGGA,a77a5a298684a030f6b8923561e6bea67f0c90dbd7b72b45cdaae535024f1012,-0.089954145862335,CAAGGGTGGTAGAAGGTTCAGGAATGAAGAAAGCACAGTCCCGAGGCTCAAAGAGCTCACAGTGCAGAGAAGACAAGGCAGACACACATACAGAGTCACATGATGGAGAAAACAGGGTGCTCGTGGCACAGCACAGTGGGCGACAGACAGCAGAGCGCCCTGGCATCTGACTGCCAGGGCAGGAGAGCTCAGAGGAGGGA,5efb5af276724199c79708ebe8446ffcacfcdf30e6d38e7d9ab39a10ddff2ed5,-0.0653834217430679,0.2656754444277581,0.359292814988875,-210.56694719940424,-210.7791929915548,-208.9070494920016,-208.8273483961821,0.29194688797005597,-1.0,-0.2656754444277581,0.0,4,0.1765611685548848,0.17620727786206916,0.145609630836647,0.35622403844196504,1.0
chr11:72354025:G:A;chr11:72354028:C:A;var1;middle;OL41|K562|e98db4897fdd8a4e,chr11:72354025:G:A;chr11:72354028:C:A;var1;middle;OL41,K562,K562_region_00370,100,103,3,CCCTCAGCCTAGGAGGCAGGGGGAAGTCGGGAGAATGTTGGAGGTCGCTGTGAGACGGACAGGCCCTGGAGCAGTCGCCCATCTGCGAGGGAGACACGTGCGCACAGACACCGAGCGCACACACGGCGGCCGCCACTGACTGGGGCCCCCAGGCCTGGGTGGGCAGGTCTCTGTCGCCGTCCCCGGAGCCGGAGAGGGTG,bcb802ca1d18887dea8f44b6bd15e0300d4839faaae6fcad43d168f571f4584b,0.0,CCCTCAGCCTAGGAGGCAGGGGGAAGTCGGGAGAATGTTGGAGGTCGCTGTGAGACGGACAGGCCCTGGAGCAGTCGCCCATCTGCGAGGGAGACACGTACGCACAGACACCGAGCGCACACACGGCGGCCGCCACTGACTGGGGCCCCCAGGCCTGGGTGGGCAGGTCTCTGTCGCCGTCCCCGGAGCCGGAGAGGGTG,031ecc552132a77959bdb7b99277c4791746ce0f9dfcc99f23be55702c88d9c1,-0.608825445719249,CCCTCAGCCTAGGAGGCAGGGGGAAGTCGGGAGAATGTTGGAGGTCGCTGTGAGACGGACAGGCCCTGGAGCAGTCGCCCATCTGCGAGGGAGACACGTGCGAACAGACACCGAGCGCACACACGGCGGCCGCCACTGACTGGGGCCCCCAGGCCTGGGTGGGCAGGTCTCTGTCGCCGTCCCCGGAGCCGGAGAGGGTG,34970f291c9a00a3f3719059bc5b4e633450ba4c274938ae65cbf75357a8aa10,-0.472475048656571,CCCTCAGCCTAGGAGGCAGGGGGAAGTCGGGAGAATGTTGGAGGTCGCTGTGAGACGGACAGGCCCTGGAGCAGTCGCCCATCTGCGAGGGAGACACGTACGAACAGACACCGAGCGCACACACGGCGGCCGCCACTGACTGGGGCCCCCAGGCCTGGGTGGGCAGGTCTCTGTCGCCGTCCCCGGAGCCGGAGAGGGTG,e98db4897fdd8a4ea32e9ed932fc56a37eb90a306170c78c948d4fc269b36189,-0.0484439540619899,1.03285654031383,0.368425666638972,-259.6470218487084,-267.4598231734708,-248.2515003234148,-266.31759354658425,-10.253291898407042,-1.0,-1.03285654031383,0.0,3,0.16082096476363633,0.18106719778262317,0.1474303780702046,0.07408628843438353,1.0
chr11:72435983:A:G;chr11:72435996:A:G;var1;middle;OL41|K562|6a86e980c475effe,chr11:72435983:A:G;chr11:72435996:A:G;var1;middle;OL41,K562,K562_region_00371,100,113,13,CTCAAACTACAAGGGGCTAGACCTTTTCCCGACCATGGCGCCTGGCCTCCTCCTCATGTTGCCTAAATGGCTATGTTCAGACAGGCTCTGAGAGTAGGCATTGGTACCCTGGAGCCCTGGGGTGTGGACAGGACTTCCTCCTACCCAGCAAGCCTCCTGAACTCAGATGTCAGTGCCAGGAGGGCCCAGAAGTCTATGGA,3f027be5c4ed358c46c8fedeb606482e3a6936c5538785cd81748f62d6837d54,0.0,CTCAAACTACAAGGGGCTAGACCTTTTCCCGACCATGGCGCCTGGCCTCCTCCTCATGTTGCCTAAATGGCTATGTTCAGACAGGCTCTGAGAGTAGGCGTTGGTACCCTGGAGCCCTGGGGTGTGGACAGGACTTCCTCCTACCCAGCAAGCCTCCTGAACTCAGATGTCAGTGCCAGGAGGGCCCAGAAGTCTATGGA,475bfb349dc35c97e3dd8f6bc0682487e11018727625d246deae9356ef470703,-0.315401338887356,CTCAAACTACAAGGGGCTAGACCTTTTCCCGACCATGGCGCCTGGCCTCCTCCTCATGTTGCCTAAATGGCTATGTTCAGACAGGCTCTGAGAGTAGGCATTGGTACCCTGGGGCCCTGGGGTGTGGACAGGACTTCCTCCTACCCAGCAAGCCTCCTGAACTCAGATGTCAGTGCCAGGAGGGCCCAGAAGTCTATGGA,d7c97f2994d6be5de7167dd33b501893a8b39a8fae58115ec9ee0fa6b9f842c5,-0.146482827860336,CTCAAACTACAAGGGGCTAGACCTTTTCCCGACCATGGCGCCTGGCCTCCTCCTCATGTTGCCTAAATGGCTATGTTCAGACAGGCTCTGAGAGTAGGCGTTGGTACCCTGGGGCCCTGGGGTGTGGACAGGACTTCCTCCTACCCAGCAAGCCTCCTGAACTCAGATGTCAGTGCCAGGAGGGCCCAGAAGTCTATGGA,6a86e980c475effe79beaddfeabd3272c4abf6810424faf78f367e14376a5f4e,-0.565274340785836,0.103390174038144,0.415868539579818,-308.89002140797675,-319.6403854105156,-270.3144725235179,-296.68237040843815,15.617533882381395,1.0,0.103390174038144,0.0,2,0.19793486040882105,0.17490732828716207,0.146091925319964,0.20632277074610497,1.0
chr11:72460694:T:C;chr11:72460762:A:T;var1;middle;OL31|K562|51d8e2c22625b094,chr11:72460694:T:C;chr11:72460762:A:T;var1;middle;OL31,K562,K562_region_00372,100,168,68,TGTGCAGTGTCCAGCACACAGCAGGTACTCAACAAAGAATGTTCCCTCTCCCAGCCGGGAGTGGTGGCTCACACCTGTAACCCCAGCAGTTTGGGAGGCTGAGGCGGGCAGATCACGAGGTCAGGAGATTGAGACCATCCTGGCTAACAAGGTGAAACCCCGTCTCTACTAAAAATACAAAAATTAGCCAGGTGTGGTGG,2451745f3e72b35692f1523e7215e2b5f5a97d11fe6aca6d84f60504a1d0e776,0.0,TGTGCAGTGTCCAGCACACAGCAGGTACTCAACAAAGAATGTTCCCTCTCCCAGCCGGGAGTGGTGGCTCACACCTGTAACCCCAGCAGTTTGGGAGGCCGAGGCGGGCAGATCACGAGGTCAGGAGATTGAGACCATCCTGGCTAACAAGGTGAAACCCCGTCTCTACTAAAAATACAAAAATTAGCCAGGTGTGGTGG,5ff2546c992c6b463c8e7728c8318ee2ff1aa4ce4e04c8bd29992b59fef7c658,0.426914323172686,TGTGCAGTGTCCAGCACACAGCAGGTACTCAACAAAGAATGTTCCCTCTCCCAGCCGGGAGTGGTGGCTCACACCTGTAACCCCAGCAGTTTGGGAGGCTGAGGCGGGCAGATCACGAGGTCAGGAGATTGAGACCATCCTGGCTAACAAGGTGAAACCCCGTCTCTTCTAAAAATACAAAAATTAGCCAGGTGTGGTGG,42c6d46cdb2a8a00ab295c3073461b9a19127097d6e43da70eab2f24563a2e39,0.28244677138582,TGTGCAGTGTCCAGCACACAGCAGGTACTCAACAAAGAATGTTCCCTCTCCCAGCCGGGAGTGGTGGCTCACACCTGTAACCCCAGCAGTTTGGGAGGCCGAGGCGGGCAGATCACGAGGTCAGGAGATTGAGACCATCCTGGCTAACAAGGTGAAACCCCGTCTCTTCTAAAAATACAAAAATTAGCCAGGTGTGGTGG,51d8e2c22625b0947ad54422d6778ec4dcd776c2bd4ce46bbf63f527237b7884,0.215178011385151,0.494183083173355,0.283510213902769,-80.02924453560263,-80.12350442074239,-84.64011349901557,-84.77579624997452,0.04142286581918597,1.0,0.494183083173355,0.0,2,0.1752547834118103,0.17490732828716207,0.146091925319964,0.2752405183811895,1.0
chr11:74171965:G:A;chr11:74171972:A:G;var1;middle;OL41|K562|bcfb26dd4fbe2a55,chr11:74171965:G:A;chr11:74171972:A:G;var1;middle;OL41,K562,K562_region_00373,100,107,7,GAAAGGATACTCTGGCTGTCATGTGGACTGGAGGGAGCTGGAATTGAGGCAGTGAGCCCAGCTACCAGAGTCTTGAAATAGTTTAGTGTAAGATGCTGAGTCATGAATTGGGGCAGAGAGGATAACAAAGTAGGGAAGTGGGGGTAGAGACAGTCGTAAGACCTGAGGAGGAAATGGCTAAGTGAGGGTTGAAGGAGGAA,8c8ab3b69ad791d180e1c642574fe458db90452a55867d07833dc185a3fe79bc,0.0,GAAAGGATACTCTGGCTGTCATGTGGACTGGAGGGAGCTGGAATTGAGGCAGTGAGCCCAGCTACCAGAGTCTTGAAATAGTTTAGTGTAAGATGCTGAATCATGAATTGGGGCAGAGAGGATAACAAAGTAGGGAAGTGGGGGTAGAGACAGTCGTAAGACCTGAGGAGGAAATGGCTAAGTGAGGGTTGAAGGAGGAA,9ed6955eef4d0db4c4f643ac95716b59fab006b5b69d5b163e4aa57f2a6634f6,-1.89057892514961,GAAAGGATACTCTGGCTGTCATGTGGACTGGAGGGAGCTGGAATTGAGGCAGTGAGCCCAGCTACCAGAGTCTTGAAATAGTTTAGTGTAAGATGCTGAGTCATGAGTTGGGGCAGAGAGGATAACAAAGTAGGGAAGTGGGGGTAGAGACAGTCGTAAGACCTGAGGAGGAAATGGCTAAGTGAGGGTTGAAGGAGGAA,0b0a50ded4a94db9b1a95edd91d8ec500b7e9a008f755b5167e9d0752b6ba797,0.355420868161329,GAAAGGATACTCTGGCTGTCATGTGGACTGGAGGGAGCTGGAATTGAGGCAGTGAGCCCAGCTACCAGAGTCTTGAAATAGTTTAGTGTAAGATGCTGAATCATGAGTTGGGGCAGAGAGGATAACAAAGTAGGGAAGTGGGGGTAGAGACAGTCGTAAGACCTGAGGAGGAAATGGCTAAGTGAGGGTTGAAGGAGGAA,bcfb26dd4fbe2a5587622e7b5048fff6b15ea7f341b217937e0311723299cbb5,-1.21715437038195,0.3180036866063307,0.196040268082904,-282.5693987538107,-271.18823993578553,-257.9001268269494,-246.02117409557104,0.49779391335323453,-1.0,-0.3180036866063307,0.0,4,0.1768162976879611,0.17620727786206916,0.145609630836647,-0.0813475388080909,1.0
chr11:75427984:T:A;chr11:75428027:A:T;var1;middle;OL41|K562|c549513896336ed4,chr11:75427984:T:A;chr11:75428027:A:T;var1;middle;OL41,K562,K562_region_00374,100,143,43,GAGGTGCCTATCAGGCATTCAAGTGAAGATGTCAAGGAGCCACCTAGAGATTCAAGTTTAGAGCCCCAGGGAGCAGAGCTGCAGATGCAGATTTGGAAGTCTTTGCTGTGTAAATACAATGCAAGGTGTGAGCCTGGATGAGATCTCAGAGAGCAGAAACTGGAGAGAAAAGAGAAGTCCCGAGGATGGAGTGGAGGAGG,e92f086004a5352fb9ad17f40858d12d1e2ce6c7c90ca8ed7bbd0973bde90c7f,0.0,GAGGTGCCTATCAGGCATTCAAGTGAAGATGTCAAGGAGCCACCTAGAGATTCAAGTTTAGAGCCCCAGGGAGCAGAGCTGCAGATGCAGATTTGGAAGACTTTGCTGTGTAAATACAATGCAAGGTGTGAGCCTGGATGAGATCTCAGAGAGCAGAAACTGGAGAGAAAAGAGAAGTCCCGAGGATGGAGTGGAGGAGG,4438e289065e0a6cf72be2ad79e1851dc3d021eff80c64919609434937cb5e1d,0.68050766240605,GAGGTGCCTATCAGGCATTCAAGTGAAGATGTCAAGGAGCCACCTAGAGATTCAAGTTTAGAGCCCCAGGGAGCAGAGCTGCAGATGCAGATTTGGAAGTCTTTGCTGTGTAAATACAATGCAAGGTGTGAGCCTGGATGAGTTCTCAGAGAGCAGAAACTGGAGAGAAAAGAGAAGTCCCGAGGATGGAGTGGAGGAGG,19dafd2f88091e8141f89609453e76f4f4efe8f06395f4a623466bf86ee8e872,0.559858086354268,GAGGTGCCTATCAGGCATTCAAGTGAAGATGTCAAGGAGCCACCTAGAGATTCAAGTTTAGAGCCCCAGGGAGCAGAGCTGCAGATGCAGATTTGGAAGACTTTGCTGTGTAAATACAATGCAAGGTGTGAGCCTGGATGAGTTCTCAGAGAGCAGAAACTGGAGAGAAAAGAGAAGTCCCGAGGATGGAGTGGAGGAGG,c549513896336ed420f2e76bf222d090f163a04bf0edb23264af62359e08c16a,0.300937008229428,0.93942874053089,0.426528695011593,-355.4266637991532,-349.805341452593,-352.0998676597956,-345.64698559010867,-0.831559723126702,1.0,0.93942874053089,0.0,2,0.17398365018007553,0.17490732828716207,0.146091925319964,-0.005315606701990105,1.0
chr11:75455309:A:G;chr11:75455373:A:T;var1;middle;OL30|K562|c75c942ef8ae91b2,chr11:75455309:A:G;chr11:75455373:A:T;var1;middle;OL30,K562,K562_region_00375,100,164,64,GCTATGCTTCTGCAAGAACATCTATATGTGTGTATGGGCTTGTGTGAAAGCATGTACACACCTGTGCATGAGTCTGTGGGTGCATGTCTGTGCACTAGCATGTGTGCTTCACAAGCATAGTCACGCAAGTATGCTCCTGTGCCCCCATGTGTCTGAGGGTGCAAGACTCTGGGTGTGACTCTGTGCATGTTTATCAGCAG,060e85fef0cbaf8ecd73f896f13c6f72015a721f7eb8f2bd2e2fef222a25640c,0.0,GCTATGCTTCTGCAAGAACATCTATATGTGTGTATGGGCTTGTGTGAAAGCATGTACACACCTGTGCATGAGTCTGTGGGTGCATGTCTGTGCACTAGCGTGTGTGCTTCACAAGCATAGTCACGCAAGTATGCTCCTGTGCCCCCATGTGTCTGAGGGTGCAAGACTCTGGGTGTGACTCTGTGCATGTTTATCAGCAG,eb319a1d16be28bc0732d9b77a2c259d5c7a413271dddf2db50a367e65cd7f35,-0.08076308919137,GCTATGCTTCTGCAAGAACATCTATATGTGTGTATGGGCTTGTGTGAAAGCATGTACACACCTGTGCATGAGTCTGTGGGTGCATGTCTGTGCACTAGCATGTGTGCTTCACAAGCATAGTCACGCAAGTATGCTCCTGTGCCCCCATGTGTCTGAGGGTGCATGACTCTGGGTGTGACTCTGTGCATGTTTATCAGCAG,04c7790e9f8372707215175f6dfd52bf92dd9aecaae1916d05c51327935e4d3b,0.685199044249932,GCTATGCTTCTGCAAGAACATCTATATGTGTGTATGGGCTTGTGTGAAAGCATGTACACACCTGTGCATGAGTCTGTGGGTGCATGTCTGTGCACTAGCGTGTGTGCTTCACAAGCATAGTCACGCAAGTATGCTCCTGTGCCCCCATGTGTCTGAGGGTGCATGACTCTGGGTGTGACTCTGTGCATGTTTATCAGCAG,c75c942ef8ae91b285345a45a436c6d6fe886a4e8354ad6e95ffc027cf043373,0.725518875391525,0.1210829203329629,0.143872122223554,-218.1255649328232,-222.10503597557545,-213.25092792510983,-217.1403808966279,0.0900180712341978,-1.0,-0.1210829203329629,0.0,3,0.1816543088135406,0.18106719778262317,0.1474303780702046,0.21380130342971002,1.0
chr11:75459865:G:A;chr11:75459869:G:A;var1;middle;OL31|K562|5e50bf6fa41d4908,chr11:75459865:G:A;chr11:75459869:G:A;var1;middle;OL31,K562,K562_region_00376,100,104,4,TCATCTCACTAGGGAGTGCCAGACAGTGGGCGCAGGTCAGTGAGTGCGCGCACTGTGCGCGAGCCGAAGCAGGGCGAGGCATTGCCTCACTTGGGAAGCGCAAGGGGTCAGGGAGTTCCCTTTCCGAGTCAAAGAAAGGGGTGACGGATGCACCTGGAAAATCAGGTCACTCCCTCCCGAATATTGTGCTTTTCCGACCG,8cdcc0225993e654c2140d19c97d93abc0ec87d425dce33338cc9d2a7337140f,0.0,TCATCTCACTAGGGAGTGCCAGACAGTGGGCGCAGGTCAGTGAGTGCGCGCACTGTGCGCGAGCCGAAGCAGGGCGAGGCATTGCCTCACTTGGGAAGCACAAGGGGTCAGGGAGTTCCCTTTCCGAGTCAAAGAAAGGGGTGACGGATGCACCTGGAAAATCAGGTCACTCCCTCCCGAATATTGTGCTTTTCCGACCG,49f14b04a13fbd078ad78533193b092cad7ddba96f041161859bfeb86aa11b82,-0.0716192173762345,TCATCTCACTAGGGAGTGCCAGACAGTGGGCGCAGGTCAGTGAGTGCGCGCACTGTGCGCGAGCCGAAGCAGGGCGAGGCATTGCCTCACTTGGGAAGCGCAAAGGGTCAGGGAGTTCCCTTTCCGAGTCAAAGAAAGGGGTGACGGATGCACCTGGAAAATCAGGTCACTCCCTCCCGAATATTGTGCTTTTCCGACCG,fe48ac5d7a7e59d676f9b00c628ce12308b06db3ce3b2e05a35c91be47b1feb9,-0.165308193187959,TCATCTCACTAGGGAGTGCCAGACAGTGGGCGCAGGTCAGTGAGTGCGCGCACTGTGCGCGAGCCGAAGCAGGGCGAGGCATTGCCTCACTTGGGAAGCACAAAGGGTCAGGGAGTTCCCTTTCCGAGTCAAAGAAAGGGGTGACGGATGCACCTGGAAAATCAGGTCACTCCCTCCCGAATATTGTGCTTTTCCGACCG,5e50bf6fa41d49088021618ff09450ff69d24f72387e56cfd1e8f24a0d9e55d9,-0.16133495757867,0.0755924529855235,0.207019129278753,-316.21009392431006,-318.1091305753216,-314.7546949139796,-317.94300121301785,-1.289269648026675,-1.0,-0.0755924529855235,0.0,1,0.18105340533048395,0.18216460459877223,0.1501433469024087,0.2435157632496828,1.0
chr11:75509317:C:A;chr11:75509352:G:A;var1;middle;OL31|K562|84d13c87b3449bd1,chr11:75509317:C:A;chr11:75509352:G:A;var1;middle;OL31,K562,K562_region_00377,100,135,35,TAGAAACTGAAGCCAGTAAGTAGGGTATGACAGACCCTGGCCTCTCCCTTCCAGAGCTGACCTGGTTCCCATCTACTCCTTTGGAGAGAATGAAGTGTACAAGCAGGTGATCTTCGAGGAGGGCTCCTGGGGCCGATGGGTCCAGAAGAAGTTCCAGAAATACATTGGTTTCGCCCCATGCATCTTCCATGGTCGAGGCC,bd32526b184614de36a7fa8e7adc59b12debae1d1932b895bd8912badc093cae,0.0,TAGAAACTGAAGCCAGTAAGTAGGGTATGACAGACCCTGGCCTCTCCCTTCCAGAGCTGACCTGGTTCCCATCTACTCCTTTGGAGAGAATGAAGTGTAAAAGCAGGTGATCTTCGAGGAGGGCTCCTGGGGCCGATGGGTCCAGAAGAAGTTCCAGAAATACATTGGTTTCGCCCCATGCATCTTCCATGGTCGAGGCC,7ec1de891dbdfcce4685479cc9c2514dd0c8ac2b692c702b26818d2ef051fbed,0.0894753163812795,TAGAAACTGAAGCCAGTAAGTAGGGTATGACAGACCCTGGCCTCTCCCTTCCAGAGCTGACCTGGTTCCCATCTACTCCTTTGGAGAGAATGAAGTGTACAAGCAGGTGATCTTCGAGGAGGGCTCCTGGGGCCAATGGGTCCAGAAGAAGTTCCAGAAATACATTGGTTTCGCCCCATGCATCTTCCATGGTCGAGGCC,a23f523785cb9865f1d2024f65e974f7f7dc369b5b4e0aefc2767b127ee3b36f,-0.156236627630865,TAGAAACTGAAGCCAGTAAGTAGGGTATGACAGACCCTGGCCTCTCCCTTCCAGAGCTGACCTGGTTCCCATCTACTCCTTTGGAGAGAATGAAGTGTAAAAGCAGGTGATCTTCGAGGAGGGCTCCTGGGGCCAATGGGTCCAGAAGAAGTTCCAGAAATACATTGGTTTCGCCCCATGCATCTTCCATGGTCGAGGCC,84d13c87b3449bd18982a77e3ee0dc275c7670b24098f2f9e1e785c93c32cc0e,-0.385777630899469,0.3190163196498835,0.247803866008008,-266.1187862595543,-314.95293035078794,-263.0661612036638,-318.07723867776804,6.176933382870629,1.0,0.3190163196498835,0.0,2,0.1841885827918181,0.17490732828716207,0.146091925319964,0.16688352967121667,1.0
chr11:76292573:A:T;chr11:76292575:C:T;var1;middle;OL30|K562|b09ed50732a323e8,chr11:76292573:A:T;chr11:76292575:C:T;var1;middle;OL30,K562,K562_region_00378,100,102,2,ATGTCTGGTGGAGCAAAACTCCCTATTCTCATCTTGTTTTCTTCTGTAATGTCTTTGTTATAGTTTTTGTACCTTTTAATGGTTCCTTTAAAAATTCTTAACACAGTTATTTATGTAAAAGTTTTCTGAAAATAATTTTAATATCACTATTAATTTGAATAATTTACTTTAAGATTTGTATAACAGAGAAAGTGAGAGCT,7ce598ddc7a72eae23a5aeb78b3c688b6f5b791c36f843e877ab3829fa2e0646,0.0,ATGTCTGGTGGAGCAAAACTCCCTATTCTCATCTTGTTTTCTTCTGTAATGTCTTTGTTATAGTTTTTGTACCTTTTAATGGTTCCTTTAAAAATTCTTTACACAGTTATTTATGTAAAAGTTTTCTGAAAATAATTTTAATATCACTATTAATTTGAATAATTTACTTTAAGATTTGTATAACAGAGAAAGTGAGAGCT,a3080fd15546b1437cb6ca6174e3f65e998d018516751d61756bfa57e42832b1,-0.137517365378281,ATGTCTGGTGGAGCAAAACTCCCTATTCTCATCTTGTTTTCTTCTGTAATGTCTTTGTTATAGTTTTTGTACCTTTTAATGGTTCCTTTAAAAATTCTTAATACAGTTATTTATGTAAAAGTTTTCTGAAAATAATTTTAATATCACTATTAATTTGAATAATTTACTTTAAGATTTGTATAACAGAGAAAGTGAGAGCT,fda62119011ab48bf2a0b85530eabbbe4e2fe7e287e9921d7df7b226c07ebacc,-0.0391303116502187,ATGTCTGGTGGAGCAAAACTCCCTATTCTCATCTTGTTTTCTTCTGTAATGTCTTTGTTATAGTTTTTGTACCTTTTAATGGTTCCTTTAAAAATTCTTTATACAGTTATTTATGTAAAAGTTTTCTGAAAATAATTTTAATATCACTATTAATTTGAATAATTTACTTTAAGATTTGTATAACAGAGAAAGTGAGAGCT,b09ed50732a323e8250c3ec9fe266c270fd536280f37464768f06c7984433c49,0.0987449348255996,0.2753926118540993,0.177519915563517,-243.05409643054008,-243.4415767416358,-243.24242944270367,-248.1321610845625,-4.50225133076313,-1.0,-0.2753926118540993,0.0,1,0.1777843896663948,0.18216460459877223,0.1501433469024087,0.3695077728333148,1.0
chr11:76293726:G:T;chr11:76293758:G:A;var1;middle;OL33|K562|d0a1e01ff1e854d4,chr11:76293726:G:T;chr11:76293758:G:A;var1;middle;OL33,K562,K562_region_00379,100,132,32,TCACTTCCCGGATGGGGCGGCTGCCGGGCGGAGGGGCACTTCTCAGAGGGGGCGGCCGGGCAGAGACACTCCTCACCTCCCAGAAGGGGTCGCGGCCGGGCAGAGGCACTCCTCACATCCCAGACGGGGCAGCGGGGCAGAGGTGCTCCCCACGTCTCAGACGAGGGGCTGCCGGGCAGAGACGTTCCTCACTTCCTAGA,242f14d4e8ec0abe261456dfb0ca3592fdcadb254cfe05966193e20e5607ff36,0.0,TCACTTCCCGGATGGGGCGGCTGCCGGGCGGAGGGGCACTTCTCAGAGGGGGCGGCCGGGCAGAGACACTCCTCACCTCCCAGAAGGGGTCGCGGCCGGTCAGAGGCACTCCTCACATCCCAGACGGGGCAGCGGGGCAGAGGTGCTCCCCACGTCTCAGACGAGGGGCTGCCGGGCAGAGACGTTCCTCACTTCCTAGA,92ea71492e0ffdd81e779c8e43074cc63e7f3d86c6fa21d0c04d8523c37ed85d,0.239072638984295,TCACTTCCCGGATGGGGCGGCTGCCGGGCGGAGGGGCACTTCTCAGAGGGGGCGGCCGGGCAGAGACACTCCTCACCTCCCAGAAGGGGTCGCGGCCGGGCAGAGGCACTCCTCACATCCCAGACGGGGCAACGGGGCAGAGGTGCTCCCCACGTCTCAGACGAGGGGCTGCCGGGCAGAGACGTTCCTCACTTCCTAGA,208d85e0897a2b1e2d3e8c776899ead64902c8d413e319482e743559e40cacf4,-0.0196126093356632,TCACTTCCCGGATGGGGCGGCTGCCGGGCGGAGGGGCACTTCTCAGAGGGGGCGGCCGGGCAGAGACACTCCTCACCTCCCAGAAGGGGTCGCGGCCGGTCAGAGGCACTCCTCACATCCCAGACGGGGCAACGGGGCAGAGGTGCTCCCCACGTCTCAGACGAGGGGCTGCCGGGCAGAGACGTTCCTCACTTCCTAGA,d0a1e01ff1e854d4f18c36c221c594711d2b436c5ee114502b572ff21b0e9e7f,0.103424480991711,-0.1160355486569208,0.221403572726405,-175.54284598585218,-187.924311388284,-180.2205821247772,-190.7461126279086,1.8559348993004505,-1.0,0.1160355486569208,0.0,0,0.1881597953407125,0.18565657667894103,0.15145376406925343,0.2093700128880975,1.0
chr11:76293726:G:T;chr11:76293805:G:C;var1;middle;OL33|K562|1295122807cf5ad9,chr11:76293726:G:T;chr11:76293805:G:C;var1;middle;OL33,K562,K562_region_00379,100,179,79,TCACTTCCCGGATGGGGCGGCTGCCGGGCGGAGGGGCACTTCTCAGAGGGGGCGGCCGGGCAGAGACACTCCTCACCTCCCAGAAGGGGTCGCGGCCGGGCAGAGGCACTCCTCACATCCCAGACGGGGCAGCGGGGCAGAGGTGCTCCCCACGTCTCAGACGAGGGGCTGCCGGGCAGAGACGTTCCTCACTTCCTAGA,242f14d4e8ec0abe261456dfb0ca3592fdcadb254cfe05966193e20e5607ff36,0.0,TCACTTCCCGGATGGGGCGGCTGCCGGGCGGAGGGGCACTTCTCAGAGGGGGCGGCCGGGCAGAGACACTCCTCACCTCCCAGAAGGGGTCGCGGCCGGTCAGAGGCACTCCTCACATCCCAGACGGGGCAGCGGGGCAGAGGTGCTCCCCACGTCTCAGACGAGGGGCTGCCGGGCAGAGACGTTCCTCACTTCCTAGA,92ea71492e0ffdd81e779c8e43074cc63e7f3d86c6fa21d0c04d8523c37ed85d,0.239023877654591,TCACTTCCCGGATGGGGCGGCTGCCGGGCGGAGGGGCACTTCTCAGAGGGGGCGGCCGGGCAGAGACACTCCTCACCTCCCAGAAGGGGTCGCGGCCGGGCAGAGGCACTCCTCACATCCCAGACGGGGCAGCGGGGCAGAGGTGCTCCCCACGTCTCAGACGAGGGGCTGCCGGGCACAGACGTTCCTCACTTCCTAGA,aaaf893d79fefb3db59843203292cbbd316831018642ed05a7c0e1f611fa58ce,-0.073934290701906,TCACTTCCCGGATGGGGCGGCTGCCGGGCGGAGGGGCACTTCTCAGAGGGGGCGGCCGGGCAGAGACACTCCTCACCTCCCAGAAGGGGTCGCGGCCGGTCAGAGGCACTCCTCACATCCCAGACGGGGCAGCGGGGCAGAGGTGCTCCCCACGTCTCAGACGAGGGGCTGCCGGGCACAGACGTTCCTCACTTCCTAGA,1295122807cf5ad90b2a6bf1be9587359f9be1cffe1f7d02cec1b12968ca172f,0.0470417267624968,-0.1180478601901882,0.213955002902526,-175.54284598585218,-187.924311388284,-199.71173855219968,-215.18417232157665,-3.090968366945191,-1.0,0.1180478601901882,0.0,0,0.18180605015332327,0.18565657667894103,0.15145376406925343,0.30982029113541015,1.0
chr11:76293758:G:A;chr11:76293805:G:C;var1;middle;OL33|K562|646aa1ef8210654e,chr11:76293758:G:A;chr11:76293805:G:C;var1;middle;OL33,K562,K562_region_00379,100,147,47,GGGGCACTTCTCAGAGGGGGCGGCCGGGCAGAGACACTCCTCACCTCCCAGAAGGGGTCGCGGCCGGGCAGAGGCACTCCTCACATCCCAGACGGGGCAGCGGGGCAGAGGTGCTCCCCACGTCTCAGACGAGGGGCTGCCGGGCAGAGACGTTCCTCACTTCCTAGACAGGATGGCGGCCGGGCAGAGACGCTCCTCAC,63fedb3acd38058424af6dc6b1b084645bafebc455b764e7c7bc85b37ad379ff,0.0,GGGGCACTTCTCAGAGGGGGCGGCCGGGCAGAGACACTCCTCACCTCCCAGAAGGGGTCGCGGCCGGGCAGAGGCACTCCTCACATCCCAGACGGGGCAACGGGGCAGAGGTGCTCCCCACGTCTCAGACGAGGGGCTGCCGGGCAGAGACGTTCCTCACTTCCTAGACAGGATGGCGGCCGGGCAGAGACGCTCCTCAC,d37e9b0f48e26505cea69c7718549d63152f23d14e3105d9cdbe1437505c6c21,-0.178249939215848,GGGGCACTTCTCAGAGGGGGCGGCCGGGCAGAGACACTCCTCACCTCCCAGAAGGGGTCGCGGCCGGGCAGAGGCACTCCTCACATCCCAGACGGGGCAGCGGGGCAGAGGTGCTCCCCACGTCTCAGACGAGGGGCTGCCGGGCACAGACGTTCCTCACTTCCTAGACAGGATGGCGGCCGGGCAGAGACGCTCCTCAC,e3081db499f868ee606d3099e20c61da28e4abb94094ad438f56060e72914869,-0.184300671773853,GGGGCACTTCTCAGAGGGGGCGGCCGGGCAGAGACACTCCTCACCTCCCAGAAGGGGTCGCGGCCGGGCAGAGGCACTCCTCACATCCCAGACGGGGCAACGGGGCAGAGGTGCTCCCCACGTCTCAGACGAGGGGCTGCCGGGCACAGACGTTCCTCACTTCCTAGACAGGATGGCGGCCGGGCAGAGACGCTCCTCAC,646aa1ef8210654ed007755b047d0e209adef9ec323d4c7f258b92e12dc24733,-0.290537018820639,-0.072013592169062,0.143810529736575,-141.68754294980317,-146.97204144764692,-153.79637914523482,-159.57342805340886,0.49255041033029556,1.0,-0.072013592169062,0.0,0,0.18640868011384662,0.18565657667894103,0.15145376406925343,0.2326014996064979,1.0
chr11:76504698:G:A;chr11:76504732:A:G;var1;middle;OL41|K562|e584a901ec92de28,chr11:76504698:G:A;chr11:76504732:A:G;var1;middle;OL41,K562,K562_region_00380,100,134,34,GTTTGTTTAAACCCCAGGAAGGGTGGGTATGAATGAGCAGATCAGCTTAGCAGGGGAGGTGGGGCCTTTGGTGGTAATGAGCCCTGCGGTGAGGAGCTCGCCCAGGGGAACAAAAGGGGCCTGAAGCAACTTAATATTTTCCTTTTGGTTCCAGACATTGGAACACTCTGTCCTGCCTCAGCTGGGACCATGCCCAGGAT,4d1e8e583ca5990f6f697b64ac20763986d434a1358e26e7ef3f21e6b3e7e733,0.0,GTTTGTTTAAACCCCAGGAAGGGTGGGTATGAATGAGCAGATCAGCTTAGCAGGGGAGGTGGGGCCTTTGGTGGTAATGAGCCCTGCGGTGAGGAGCTCACCCAGGGGAACAAAAGGGGCCTGAAGCAACTTAATATTTTCCTTTTGGTTCCAGACATTGGAACACTCTGTCCTGCCTCAGCTGGGACCATGCCCAGGAT,b65d5694554f84321c4bc192d092265854650ee734711029995e50a102807a09,-0.0618232482640127,GTTTGTTTAAACCCCAGGAAGGGTGGGTATGAATGAGCAGATCAGCTTAGCAGGGGAGGTGGGGCCTTTGGTGGTAATGAGCCCTGCGGTGAGGAGCTCGCCCAGGGGAACAAAAGGGGCCTGAAGCAACTTAGTATTTTCCTTTTGGTTCCAGACATTGGAACACTCTGTCCTGCCTCAGCTGGGACCATGCCCAGGAT,1770e98c7c7358ce820c64a8e55ffb82d650dafc5c2d8352dbbfe0a0fd4dd565,-0.577050564643054,GTTTGTTTAAACCCCAGGAAGGGTGGGTATGAATGAGCAGATCAGCTTAGCAGGGGAGGTGGGGCCTTTGGTGGTAATGAGCCCTGCGGTGAGGAGCTCACCCAGGGGAACAAAAGGGGCCTGAAGCAACTTAGTATTTTCCTTTTGGTTCCAGACATTGGAACACTCTGTCCTGCCTCAGCTGGGACCATGCCCAGGAT,e584a901ec92de28f0548720994d291dccffe425f0b96850f17d4f742e6cbc87,-0.939547384004819,0.3006735710977521,0.191071274685841,-308.6723418906331,-298.6667235842906,-346.71678435686044,-313.3196391128004,-23.391526937717515,1.0,0.3006735710977521,0.0,3,0.13435812341151193,0.18106719778262317,0.1474303780702046,0.1345878954959409,1.0
chr11:76922946:G:A;chr11:76923017:G:A;var1;middle;OL30|K562|df665247c08c0f7f,chr11:76922946:G:A;chr11:76923017:G:A;var1;middle;OL30,K562,K562_region_00381,100,171,71,GACCGCCCTGTCCCCATAGTCCATCGTCGCCTACTTCAACAAGCACGCAGGGAAGTCCAAGGAGGAGGCCAAGCTGGCCTTCCTGAAGCTCATCTTCAAGTGGCCCACCTTTGGCTCAGCCTTCTTCGAGGTGAAGGTACACCATGGGCTTCTCAGAGCAGAGGAGGAGGGGAACAGGGCATTGATAAAGCACAGAGACT,b74edfbb6adef382451be8d54bd3b4f1edc7b40e430cf567d25b8a38d8c2ae39,0.0,GACCGCCCTGTCCCCATAGTCCATCGTCGCCTACTTCAACAAGCACGCAGGGAAGTCCAAGGAGGAGGCCAAGCTGGCCTTCCTGAAGCTCATCTTCAAATGGCCCACCTTTGGCTCAGCCTTCTTCGAGGTGAAGGTACACCATGGGCTTCTCAGAGCAGAGGAGGAGGGGAACAGGGCATTGATAAAGCACAGAGACT,d7b848df23580abbbbf2a1225826109c8b300afe0eec97cc38561403ac1d398e,0.0837093435537848,GACCGCCCTGTCCCCATAGTCCATCGTCGCCTACTTCAACAAGCACGCAGGGAAGTCCAAGGAGGAGGCCAAGCTGGCCTTCCTGAAGCTCATCTTCAAGTGGCCCACCTTTGGCTCAGCCTTCTTCGAGGTGAAGGTACACCATGGGCTTCTCAGAGCAGAGGAGGAGGAGAACAGGGCATTGATAAAGCACAGAGACT,2d95fe586a129c514d9bf9388111771dfec3d54781c72a7b270e6d4372c810e1,-0.489976347791694,GACCGCCCTGTCCCCATAGTCCATCGTCGCCTACTTCAACAAGCACGCAGGGAAGTCCAAGGAGGAGGCCAAGCTGGCCTTCCTGAAGCTCATCTTCAAATGGCCCACCTTTGGCTCAGCCTTCTTCGAGGTGAAGGTACACCATGGGCTTCTCAGAGCAGAGGAGGAGGAGAACAGGGCATTGATAAAGCACAGAGACT,df665247c08c0f7f9484d4295d3da62e18bbc61baa88c7c69e5049cd1d16431c,-0.0856491673291105,0.3206178369087987,0.236865673625309,-246.49814679217525,-251.9446805857588,-242.34234430850483,-247.3986128770048,0.3902652250835388,-1.0,-0.3206178369087987,0.0,1,0.18276223107265413,0.18216460459877223,0.1501433469024087,0.11873275611525327,1.0
chr11:77734001:G:C;chr11:77734007:C:T;var1;middle;OL41|K562|bef5f4ad1b61e13a,chr11:77734001:G:C;chr11:77734007:C:T;var1;middle;OL41,K562,K562_region_00382,100,106,6,GGAAGAGACAAGGGAAAGGAACTAAAGACCCAATGTAGAGGGAGGAAGCAAAAGGGCAAAGAGGAAAGGCTGGACAGAGCCAAACCAGAAAGGGACACCGAGGCGCGAAAGGAGAGTGATCCCAGCAGGAGGGACGGCAAAGATTGAAGAGAGCGACCAGCCCGAGGTGAAGGGGGACAGCGCGCCAGAAGCAGGGGGCT,a2165be2adee692fa347c042a2fa5aed34707cb597426da351f16251245a578c,0.0,GGAAGAGACAAGGGAAAGGAACTAAAGACCCAATGTAGAGGGAGGAAGCAAAAGGGCAAAGAGGAAAGGCTGGACAGAGCCAAACCAGAAAGGGACACCCAGGCGCGAAAGGAGAGTGATCCCAGCAGGAGGGACGGCAAAGATTGAAGAGAGCGACCAGCCCGAGGTGAAGGGGGACAGCGCGCCAGAAGCAGGGGGCT,f2c55098b274c91ac31c8a551c3543bad3e91d74536893609d3e0681ca7dcb16,0.0741992965968846,GGAAGAGACAAGGGAAAGGAACTAAAGACCCAATGTAGAGGGAGGAAGCAAAAGGGCAAAGAGGAAAGGCTGGACAGAGCCAAACCAGAAAGGGACACCGAGGCGTGAAAGGAGAGTGATCCCAGCAGGAGGGACGGCAAAGATTGAAGAGAGCGACCAGCCCGAGGTGAAGGGGGACAGCGCGCCAGAAGCAGGGGGCT,9a8ae61ff3f129986df17a1db61fc1815ad14c21375aa656d0e175f0e210db32,-0.139790313505397,GGAAGAGACAAGGGAAAGGAACTAAAGACCCAATGTAGAGGGAGGAAGCAAAAGGGCAAAGAGGAAAGGCTGGACAGAGCCAAACCAGAAAGGGACACCCAGGCGTGAAAGGAGAGTGATCCCAGCAGGAGGGACGGCAAAGATTGAAGAGAGCGACCAGCCCGAGGTGAAGGGGGACAGCGCGCCAGAAGCAGGGGGCT,bef5f4ad1b61e13ad82055132b5c8ebe4f5c3e8d4f0e95f81a1d0d4210be1778,0.106168545897539,0.1717595628060514,0.437949714699579,-305.06655315775424,-299.3726977277547,-309.2621509323362,-292.8491023960524,10.719193106284308,-1.0,-0.1717595628060514,0.0,2,0.1908024801990658,0.17490732828716207,0.146091925319964,0.004048714974882572,1.0
chr11:780395:C:T;chr11:780410:T:G;var1;middle;OL41|K562|ed3641ef75db1a9e,chr11:780395:C:T;chr11:780410:T:G;var1;middle;OL41,K562,K562_region_00300,100,115,15,CCTCAGCCATTGTCCAGCTTCGTGTCAAGTCCTGGCGTGGGGCTCACCGCCTGCCCCTTGACCGTGGAGTTCGGACGCGTCTCACAGTGAGTGCCCCAGCAGAGCAGGGTTGGGTGCTGAGCATCAGCAGCTCTGCCAGAGCAAGTGGCAATTCCCTGGAACCTGGGGTCTTGCCTTTGTTTGGAGACCGAGAGACTCAC,66298b609e8b26e74f669d89ce5ccd0f50963351182d3de724faeacfd9548828,0.0,CCTCAGCCATTGTCCAGCTTCGTGTCAAGTCCTGGCGTGGGGCTCACCGCCTGCCCCTTGACCGTGGAGTTCGGACGCGTCTCACAGTGAGTGCCCCAGTAGAGCAGGGTTGGGTGCTGAGCATCAGCAGCTCTGCCAGAGCAAGTGGCAATTCCCTGGAACCTGGGGTCTTGCCTTTGTTTGGAGACCGAGAGACTCAC,13335cc9b2fa03fa6217824c6ab8a5a171239a78c9aea6ee8d815c768e6b3d33,0.275825368098723,CCTCAGCCATTGTCCAGCTTCGTGTCAAGTCCTGGCGTGGGGCTCACCGCCTGCCCCTTGACCGTGGAGTTCGGACGCGTCTCACAGTGAGTGCCCCAGCAGAGCAGGGTTGGGGGCTGAGCATCAGCAGCTCTGCCAGAGCAAGTGGCAATTCCCTGGAACCTGGGGTCTTGCCTTTGTTTGGAGACCGAGAGACTCAC,ed111cd032444f0843523bab549cd3af467ae41e3e7eb9e13229f3b0f4ed2083,0.359807930350586,CCTCAGCCATTGTCCAGCTTCGTGTCAAGTCCTGGCGTGGGGCTCACCGCCTGCCCCTTGACCGTGGAGTTCGGACGCGTCTCACAGTGAGTGCCCCAGTAGAGCAGGGTTGGGGGCTGAGCATCAGCAGCTCTGCCAGAGCAAGTGGCAATTCCCTGGAACCTGGGGTCTTGCCTTTGTTTGGAGACCGAGAGACTCAC,ed3641ef75db1a9e59149bd4cde2d83f51a6c4c4ec98f1d056dc871b65468ac7,0.226894062294443,0.4087392361548659,0.363043316115831,-326.0691631552763,-336.4922114014625,-322.74145683832467,-337.1455120095052,3.98100692499429,1.0,0.4087392361548659,0.0,0,0.19088921320668079,0.18565657667894103,0.15145376406925343,0.231100789720929,1.0
chr11:805578:G:T;chr11:805589:G:A;var1;middle;OL41|K562|cdc76dad5c939e6e,chr11:805578:G:T;chr11:805589:G:A;var1;middle;OL41,K562,K562_region_00301,100,111,11,CTCCCCCGCCCGGAAGGCCACGAAACCCGCCCTTTCCGAGGTTCTCGGGGCCCCGGGCCGCTCCGAGGCAGACCCGGCCCCAGGTGCGTTCCCAGGCCGGGGTGACGGGGGTACTCTTGCCGCTGCCCCGCACCCACCCCTGCTACAAGCCGGAACAATTGCAGTGTCCTTTCCAAACCAGCCCAAACGGCCTCCTCCGG,ddde172b6a2d338f7425f4fb96d0f5c91cdb597e4e8d57e5fd07117d50084d0a,0.0,CTCCCCCGCCCGGAAGGCCACGAAACCCGCCCTTTCCGAGGTTCTCGGGGCCCCGGGCCGCTCCGAGGCAGACCCGGCCCCAGGTGCGTTCCCAGGCCGTGGTGACGGGGGTACTCTTGCCGCTGCCCCGCACCCACCCCTGCTACAAGCCGGAACAATTGCAGTGTCCTTTCCAAACCAGCCCAAACGGCCTCCTCCGG,b130992f8b2100d17bf939f123acaec2c65a516083a95b320344a67a78d47681,0.0576061408122844,CTCCCCCGCCCGGAAGGCCACGAAACCCGCCCTTTCCGAGGTTCTCGGGGCCCCGGGCCGCTCCGAGGCAGACCCGGCCCCAGGTGCGTTCCCAGGCCGGGGTGACGGGGATACTCTTGCCGCTGCCCCGCACCCACCCCTGCTACAAGCCGGAACAATTGCAGTGTCCTTTCCAAACCAGCCCAAACGGCCTCCTCCGG,009a1d0440029283cd4d3d55dfb2c3016e75f07293f9e44b458378a854ce364f,0.044719357908734,CTCCCCCGCCCGGAAGGCCACGAAACCCGCCCTTTCCGAGGTTCTCGGGGCCCCGGGCCGCTCCGAGGCAGACCCGGCCCCAGGTGCGTTCCCAGGCCGTGGTGACGGGGATACTCTTGCCGCTGCCCCGCACCCACCCCTGCTACAAGCCGGAACAATTGCAGTGTCCTTTCCAAACCAGCCCAAACGGCCTCCTCCGG,cdc76dad5c939e6e31d3602d5c63f7a82cb06e3d1feeaaa851c1fdc8fc70e266,0.414849436055531,-0.3125239373345125,0.370179978527765,-358.5006400854327,-380.7335331008071,-346.0799070599023,-373.9214744406054,5.608674365328625,1.0,-0.3125239373345125,0.0,3,0.192769905813485,0.18106719778262317,0.1474303780702046,0.195515456260397,1.0
chr11:833898:T:C;chr11:833975:G:T;var1;middle;OL41|K562|630420b6f89ee1b4,chr11:833898:T:C;chr11:833975:G:T;var1;middle;OL41,K562,K562_region_00302,100,177,77,ATCGGTGGCAGACGCACACCCCGCCCCCCGGTGGCAGACACATCCCCCCGCTGGTGGCAGGGTCTGCCTGTGCCACCCTTCCTGCGTGTATTTAGGCCCTGGCTCCTTCATGGAGGGTGAATATCCCCTCTCAGCTCAGTGGTAAGGTCTGTCCCCCTCCAGCTCCATTCCATGATGCCTCTTTCCCAGGCTGTAGCTGC,c827ebeda9d1d436488f554b640b39c0d65bb9c51dde36883b0a7fc8846083a1,0.0,ATCGGTGGCAGACGCACACCCCGCCCCCCGGTGGCAGACACATCCCCCCGCTGGTGGCAGGGTCTGCCTGTGCCACCCTTCCTGCGTGTATTTAGGCCCCGGCTCCTTCATGGAGGGTGAATATCCCCTCTCAGCTCAGTGGTAAGGTCTGTCCCCCTCCAGCTCCATTCCATGATGCCTCTTTCCCAGGCTGTAGCTGC,7d7a568fe3c4ef381039c654d6a1697a1c571eeca5f2f10075edcceb517002f2,-0.18421818241523,ATCGGTGGCAGACGCACACCCCGCCCCCCGGTGGCAGACACATCCCCCCGCTGGTGGCAGGGTCTGCCTGTGCCACCCTTCCTGCGTGTATTTAGGCCCTGGCTCCTTCATGGAGGGTGAATATCCCCTCTCAGCTCAGTGGTAAGGTCTGTCCCCCTCCAGCTCCATTCCATGATTCCTCTTTCCCAGGCTGTAGCTGC,aee791cf3db7708ce3398c7e4d4c4b5b0f150bc83537115f5772dfdc5e09530f,0.261000606856889,ATCGGTGGCAGACGCACACCCCGCCCCCCGGTGGCAGACACATCCCCCCGCTGGTGGCAGGGTCTGCCTGTGCCACCCTTCCTGCGTGTATTTAGGCCCCGGCTCCTTCATGGAGGGTGAATATCCCCTCTCAGCTCAGTGGTAAGGTCTGTCCCCCTCCAGCTCCATTCCATGATTCCTCTTTCCCAGGCTGTAGCTGC,630420b6f89ee1b4a5b772f9395faff14b39a428003ef54befd46cb7245b23b0,0.259256982991313,0.182474558549654,0.473460379931503,-352.4600833267905,-371.9930911744013,-346.7181521076709,-365.4892215868458,0.7619383684359491,-1.0,-0.182474558549654,0.0,0,0.18675467888322492,0.18565657667894103,0.15145376406925343,0.4748063498043227,1.0
chr11:834098:C:T;chr11:834108:G:A;var1;middle;OL41|K562|694fc4d502ec8bc2,chr11:834098:C:T;chr11:834108:G:A;var1;middle;OL41,K562,K562_region_00303,100,110,10,CGCTGTTTGTGGGGGAAGGGCCAGTGATGGGTCTGGAGCGAAGGCCAAGAGTGGGGCACCTGGGGGAAGGTATGAGGTCCCTCCCAGGATCAGACTGTCCCGAAATGTCGTCTGCCTTGGGAGGCCAAGGCGGGTGGAACATCTAAGGTCAGGAGTTCGAGACCAGCCTGGTCCACATGGTGAAACTCTGTCTGTACTAA,2450482f1cd2a172784843dcf4227e32b6841a99b65b1099ed41bf65a858886e,0.0,CGCTGTTTGTGGGGGAAGGGCCAGTGATGGGTCTGGAGCGAAGGCCAAGAGTGGGGCACCTGGGGGAAGGTATGAGGTCCCTCCCAGGATCAGACTGTCTCGAAATGTCGTCTGCCTTGGGAGGCCAAGGCGGGTGGAACATCTAAGGTCAGGAGTTCGAGACCAGCCTGGTCCACATGGTGAAACTCTGTCTGTACTAA,9ca37fd40fdb382d15ad533683138c7741198b84d66bc1dd991647c6ec982220,0.263629085274116,CGCTGTTTGTGGGGGAAGGGCCAGTGATGGGTCTGGAGCGAAGGCCAAGAGTGGGGCACCTGGGGGAAGGTATGAGGTCCCTCCCAGGATCAGACTGTCCCGAAATGTCATCTGCCTTGGGAGGCCAAGGCGGGTGGAACATCTAAGGTCAGGAGTTCGAGACCAGCCTGGTCCACATGGTGAAACTCTGTCTGTACTAA,34db35faed04a4b9024c889bb64eea2551a1cbe3688a0841bdc7a984c910f3dc,0.489198855068608,CGCTGTTTGTGGGGGAAGGGCCAGTGATGGGTCTGGAGCGAAGGCCAAGAGTGGGGCACCTGGGGGAAGGTATGAGGTCCCTCCCAGGATCAGACTGTCTCGAAATGTCATCTGCCTTGGGAGGCCAAGGCGGGTGGAACATCTAAGGTCAGGAGTTCGAGACCAGCCTGGTCCACATGGTGAAACTCTGTCTGTACTAA,694fc4d502ec8bc2b155299c5ff3e19c54da3ec3d0f702cca9e572f527f592c6,0.161514474197366,0.5913134661453581,0.318175440367714,-222.15695959841835,-231.8172378023155,-206.05841170810163,-214.02476632641628,-1.6939235855824961,1.0,0.5913134661453581,0.0,0,0.18360039826938965,0.18565657667894103,0.15145376406925343,0.17865177816895594,1.0
chr11:838634:C:G;chr11:838672:C:T;var1;middle;OL41|K562|b91f9d4d7acdc52c,chr11:838634:C:G;chr11:838672:C:T;var1;middle;OL41,K562,K562_region_00304,100,138,38,CTGGGGCCTTGCCTTGCAGCCACATGGCCCCATCCCAGTTGGGGAAGCCAGGTGAGCTCTGACCCTTGGGCCTGGGCCTCTGCCCCTCCCAACCCAGCCCTCGTCTCCCTCGACAGCGCCCCTGCTGTCTTCCCCACCGCAGTCACCACCACCCGAAATGCCACGTGGTCACTGTGCACTGCCCTGTTCATGTGCCTCTG,8979dc738c5e4339c986177d63a18496bf2b58d59bf9731ecf0e7e23c6d3ede5,0.0,CTGGGGCCTTGCCTTGCAGCCACATGGCCCCATCCCAGTTGGGGAAGCCAGGTGAGCTCTGACCCTTGGGCCTGGGCCTCTGCCCCTCCCAACCCAGCCGTCGTCTCCCTCGACAGCGCCCCTGCTGTCTTCCCCACCGCAGTCACCACCACCCGAAATGCCACGTGGTCACTGTGCACTGCCCTGTTCATGTGCCTCTG,a63fb844e46d9b4c7b22db441e5c9c08fda5a64d3e448bf68aac13169c8006f3,-0.138095445650921,CTGGGGCCTTGCCTTGCAGCCACATGGCCCCATCCCAGTTGGGGAAGCCAGGTGAGCTCTGACCCTTGGGCCTGGGCCTCTGCCCCTCCCAACCCAGCCCTCGTCTCCCTCGACAGCGCCCCTGCTGTCTTCCCCACTGCAGTCACCACCACCCGAAATGCCACGTGGTCACTGTGCACTGCCCTGTTCATGTGCCTCTG,d77d13a76db869f714e6cee3f0b7c2ba01305ad0986bf68bc34492749cf04c34,-0.11540297819773,CTGGGGCCTTGCCTTGCAGCCACATGGCCCCATCCCAGTTGGGGAAGCCAGGTGAGCTCTGACCCTTGGGCCTGGGCCTCTGCCCCTCCCAACCCAGCCGTCGTCTCCCTCGACAGCGCCCCTGCTGTCTTCCCCACTGCAGTCACCACCACCCGAAATGCCACGTGGTCACTGTGCACTGCCCTGTTCATGTGCCTCTG,b91f9d4d7acdc52c496cacf22078ea6315df0241df4349cc374e66f06ec4452c,-0.356974725202276,0.103476301353625,0.359272881885076,-307.52517606830224,-300.7218360677361,-304.04506458342075,-297.9587055752054,0.7169809923507273,1.0,0.103476301353625,0.0,3,0.18291712838295227,0.18106719778262317,0.1474303780702046,0.365301123039631,1.0
chr11:9078598:A:G;chr11:9078676:C:T;var1;middle;OL41|K562|8cd90e6a4bfe114f,chr11:9078598:A:G;chr11:9078676:C:T;var1;middle;OL41,K562,K562_region_00326,100,178,78,TTGCAAAACCTCTTCATCCCTAGCTTTTCCCAGAAATCCTGGCATTTCTTCAGTAAATTTGTTCTGTGCAAGTATTTGTTCTACCAAGACCGATCAGTGAAAAATGAGAAAAACCTAGTTTCTTCCCTAGGAATTGATGCCATTTTATGAAATCTGTTATTAATATCAGCCAGTTGTCGAGAAAGTGCACTTGTTCAGTA,ec966de2d034460b6057f4387e99c7c51cfcd5e738214f50a02a4a88bc79ed0f,0.0,TTGCAAAACCTCTTCATCCCTAGCTTTTCCCAGAAATCCTGGCATTTCTTCAGTAAATTTGTTCTGTGCAAGTATTTGTTCTACCAAGACCGATCAGTGGAAAATGAGAAAAACCTAGTTTCTTCCCTAGGAATTGATGCCATTTTATGAAATCTGTTATTAATATCAGCCAGTTGTCGAGAAAGTGCACTTGTTCAGTA,d0a33998b3592a2ac4fd13bc309600a67809121315f4d3b1dec26e364e3a303a,-0.0237050748249472,TTGCAAAACCTCTTCATCCCTAGCTTTTCCCAGAAATCCTGGCATTTCTTCAGTAAATTTGTTCTGTGCAAGTATTTGTTCTACCAAGACCGATCAGTGAAAAATGAGAAAAACCTAGTTTCTTCCCTAGGAATTGATGCCATTTTATGAAATCTGTTATTAATATCAGCCAGTTGTTGAGAAAGTGCACTTGTTCAGTA,88d0db77f3edb27d3b3257cc769756307ba8c84ac50513712179af419fea5ac5,-0.008955525360555,TTGCAAAACCTCTTCATCCCTAGCTTTTCCCAGAAATCCTGGCATTTCTTCAGTAAATTTGTTCTGTGCAAGTATTTGTTCTACCAAGACCGATCAGTGGAAAATGAGAAAAACCTAGTTTCTTCCCTAGGAATTGATGCCATTTTATGAAATCTGTTATTAATATCAGCCAGTTGTTGAGAAAGTGCACTTGTTCAGTA,8cd90e6a4bfe114fcb8a6832c9f4b90f96e1cbe8ded5a21756cff3d1fe93ea2f,-0.413074884990397,0.3804142848048948,0.345154242198851,-292.27234334871173,-290.8725089207292,-297.1691614445299,-304.3341001011431,8.5647730845958,1.0,0.3804142848048948,0.0,1,0.19107930128271713,0.18216460459877223,0.1501433469024087,0.06934871406317587,1.0
chr11:93865567:G:A;chr11:93865569:G:T;var1;middle;OL41|K562|89edd9a080d99675,chr11:93865567:G:A;chr11:93865569:G:T;var1;middle;OL41,K562,K562_region_00383,100,102,2,CATGGAACCTGGGCAGTGTCAGAAGTGTGTACTAAAGCCTGATGCTGTGGAAAGGCAGAAGGAGGGGTTTCTTCTGACTCATGAACAGTGAGAGTTTCAGGGCAGAGTTGGCCCCTGAGGCAGGATTCCAAGTGTGTGGAGCAGTGTTGGCTGAAGCTGAGACGTGTGAGACAACATGTGGCTGCTGGAGCTTTAGTGGC,335a0149e78884e1e98925e7c53820730c76ae37316977abac5f05371b4e68ed,0.0,CATGGAACCTGGGCAGTGTCAGAAGTGTGTACTAAAGCCTGATGCTGTGGAAAGGCAGAAGGAGGGGTTTCTTCTGACTCATGAACAGTGAGAGTTTCAAGGCAGAGTTGGCCCCTGAGGCAGGATTCCAAGTGTGTGGAGCAGTGTTGGCTGAAGCTGAGACGTGTGAGACAACATGTGGCTGCTGGAGCTTTAGTGGC,eb949b5e02d65aed3757f8a0c171182d95fcccb8ebbb16c842fb34af8c116152,0.020805151227488,CATGGAACCTGGGCAGTGTCAGAAGTGTGTACTAAAGCCTGATGCTGTGGAAAGGCAGAAGGAGGGGTTTCTTCTGACTCATGAACAGTGAGAGTTTCAGGTCAGAGTTGGCCCCTGAGGCAGGATTCCAAGTGTGTGGAGCAGTGTTGGCTGAAGCTGAGACGTGTGAGACAACATGTGGCTGCTGGAGCTTTAGTGGC,26b6c7b17216442b62ce790359e248e6d2685c906aa344826ee75c9a3fa1c8ec,0.273207198055981,CATGGAACCTGGGCAGTGTCAGAAGTGTGTACTAAAGCCTGATGCTGTGGAAAGGCAGAAGGAGGGGTTTCTTCTGACTCATGAACAGTGAGAGTTTCAAGTCAGAGTTGGCCCCTGAGGCAGGATTCCAAGTGTGTGGAGCAGTGTTGGCTGAAGCTGAGACGTGTGAGACAACATGTGGCTGCTGGAGCTTTAGTGGC,89edd9a080d996752ffc48b432f3fe090abdde30c6a2d1e0f5d51ddc67cb638e,0.175050788531342,0.1189615607521269,0.173833776712447,-315.8876874111593,-321.53907956089824,-328.7654722649604,-332.7911486569792,-1.6257157577201724,1.0,0.1189615607521269,0.0,1,0.18071109164453317,0.18216460459877223,0.1501433469024087,0.01313954340111484,1.0
chr11:93865567:G:A;chr11:93865651:G:T;var1;middle;OL41|K562|6ff6f45bd9510928,chr11:93865567:G:A;chr11:93865651:G:T;var1;middle;OL41,K562,K562_region_00383,100,184,84,CATGGAACCTGGGCAGTGTCAGAAGTGTGTACTAAAGCCTGATGCTGTGGAAAGGCAGAAGGAGGGGTTTCTTCTGACTCATGAACAGTGAGAGTTTCAGGGCAGAGTTGGCCCCTGAGGCAGGATTCCAAGTGTGTGGAGCAGTGTTGGCTGAAGCTGAGACGTGTGAGACAACATGTGGCTGCTGGAGCTTTAGTGGC,335a0149e78884e1e98925e7c53820730c76ae37316977abac5f05371b4e68ed,0.0,CATGGAACCTGGGCAGTGTCAGAAGTGTGTACTAAAGCCTGATGCTGTGGAAAGGCAGAAGGAGGGGTTTCTTCTGACTCATGAACAGTGAGAGTTTCAAGGCAGAGTTGGCCCCTGAGGCAGGATTCCAAGTGTGTGGAGCAGTGTTGGCTGAAGCTGAGACGTGTGAGACAACATGTGGCTGCTGGAGCTTTAGTGGC,eb949b5e02d65aed3757f8a0c171182d95fcccb8ebbb16c842fb34af8c116152,0.0210535938300447,CATGGAACCTGGGCAGTGTCAGAAGTGTGTACTAAAGCCTGATGCTGTGGAAAGGCAGAAGGAGGGGTTTCTTCTGACTCATGAACAGTGAGAGTTTCAGGGCAGAGTTGGCCCCTGAGGCAGGATTCCAAGTGTGTGGAGCAGTGTTGGCTGAAGCTGAGACGTGTGAGACAACATGTGGCTTCTGGAGCTTTAGTGGC,9b693a6ce87acdadcae28f021c73d18ff7153a80d008f441dfbfda5172d182a2,0.104517961730236,CATGGAACCTGGGCAGTGTCAGAAGTGTGTACTAAAGCCTGATGCTGTGGAAAGGCAGAAGGAGGGGTTTCTTCTGACTCATGAACAGTGAGAGTTTCAAGGCAGAGTTGGCCCCTGAGGCAGGATTCCAAGTGTGTGGAGCAGTGTTGGCTGAAGCTGAGACGTGTGAGACAACATGTGGCTTCTGGAGCTTTAGTGGC,6ff6f45bd9510928dee6d21273eb22aeef369cc22826d239bae1124e20f5bf14,-0.145680609963048,0.2712521655233287,0.215821072404143,-315.8876874111593,-321.53907956089824,-337.99270382896066,-342.177187314257,-1.4669086644425988,1.0,0.2712521655233287,0.0,1,0.1808726683127981,0.18216460459877223,0.1501433469024087,0.09425329902996908,1.0
chr11:93865569:G:T;chr11:93865651:G:T;var1;middle;OL41|K562|d9ac51682fc80496,chr11:93865569:G:T;chr11:93865651:G:T;var1;middle;OL41,K562,K562_region_00383,100,182,82,TGGAACCTGGGCAGTGTCAGAAGTGTGTACTAAAGCCTGATGCTGTGGAAAGGCAGAAGGAGGGGTTTCTTCTGACTCATGAACAGTGAGAGTTTCAGGGCAGAGTTGGCCCCTGAGGCAGGATTCCAAGTGTGTGGAGCAGTGTTGGCTGAAGCTGAGACGTGTGAGACAACATGTGGCTGCTGGAGCTTTAGTGGCAC,a976f82cb9ee93b212b0ddc531adfe461b077a7ade395a89c8ab892edaee4131,0.0,TGGAACCTGGGCAGTGTCAGAAGTGTGTACTAAAGCCTGATGCTGTGGAAAGGCAGAAGGAGGGGTTTCTTCTGACTCATGAACAGTGAGAGTTTCAGGTCAGAGTTGGCCCCTGAGGCAGGATTCCAAGTGTGTGGAGCAGTGTTGGCTGAAGCTGAGACGTGTGAGACAACATGTGGCTGCTGGAGCTTTAGTGGCAC,7d91c47d1dbcdb5b5b63ce9ce02b12672b07bed4d7be0f7daf2779eb64734a71,0.0380353392377463,TGGAACCTGGGCAGTGTCAGAAGTGTGTACTAAAGCCTGATGCTGTGGAAAGGCAGAAGGAGGGGTTTCTTCTGACTCATGAACAGTGAGAGTTTCAGGGCAGAGTTGGCCCCTGAGGCAGGATTCCAAGTGTGTGGAGCAGTGTTGGCTGAAGCTGAGACGTGTGAGACAACATGTGGCTTCTGGAGCTTTAGTGGCAC,08df7b6ccac14a7e4680885a3a9ab7ab0b995e5eb51c99b08b15774a3221766c,-0.535908613333254,TGGAACCTGGGCAGTGTCAGAAGTGTGTACTAAAGCCTGATGCTGTGGAAAGGCAGAAGGAGGGGTTTCTTCTGACTCATGAACAGTGAGAGTTTCAGGTCAGAGTTGGCCCCTGAGGCAGGATTCCAAGTGTGTGGAGCAGTGTTGGCTGAAGCTGAGACGTGTGAGACAACATGTGGCTTCTGGAGCTTTAGTGGCAC,d9ac51682fc80496432707d448694869feb296cf186832e6eac80f3e2402803c,-0.228986898144178,0.2688863759513297,0.186111545019063,-322.709109665826,-334.2815453447401,-342.6650147791952,-356.6240597125143,-2.3866092544049593,-1.0,-0.2688863759513297,0.0,1,0.17993692826453914,0.18216460459877223,0.1501433469024087,0.09126477387703372,1.0
chr11:93923594:C:T;chr11:93923633:T:G;var1;middle;OL30|K562|b44d380051513f79,chr11:93923594:C:T;chr11:93923633:T:G;var1;middle;OL30,K562,K562_region_00384,100,139,39,ACTTTGTAATGATCGCCATTCTAACTGGTGTGAGATGGTATCTCACTGTGGTTTTGATTTGCATTTCTCTGATGGCCAGTGATGATGAGCATTTTTTCACGTGTCTGTTGGCTGCATAAATGTCTTCTTTTGAGAAGTTTCTGTTCATATCCTTCACCCACTTTTTGATGGGGTTTCTTTTTCTTGTAAATTTGTTTGAG,3b4cf80e56274030a3cf74b2405d4bdd9be2781aaa5edb8c8de5855ba75f37b9,0.0,ACTTTGTAATGATCGCCATTCTAACTGGTGTGAGATGGTATCTCACTGTGGTTTTGATTTGCATTTCTCTGATGGCCAGTGATGATGAGCATTTTTTCATGTGTCTGTTGGCTGCATAAATGTCTTCTTTTGAGAAGTTTCTGTTCATATCCTTCACCCACTTTTTGATGGGGTTTCTTTTTCTTGTAAATTTGTTTGAG,33aff298458b3d30e2ab81a2974403e210e73690eca391200df21fa3354b238f,-0.0702443529361537,ACTTTGTAATGATCGCCATTCTAACTGGTGTGAGATGGTATCTCACTGTGGTTTTGATTTGCATTTCTCTGATGGCCAGTGATGATGAGCATTTTTTCACGTGTCTGTTGGCTGCATAAATGTCTTCTTTTGAGAAGTGTCTGTTCATATCCTTCACCCACTTTTTGATGGGGTTTCTTTTTCTTGTAAATTTGTTTGAG,a6fb83da9848384e8403255af94ebe251bc8f91f3cc074a44e51a5f114750a24,0.0288698711320229,ACTTTGTAATGATCGCCATTCTAACTGGTGTGAGATGGTATCTCACTGTGGTTTTGATTTGCATTTCTCTGATGGCCAGTGATGATGAGCATTTTTTCATGTGTCTGTTGGCTGCATAAATGTCTTCTTTTGAGAAGTGTCTGTTCATATCCTTCACCCACTTTTTGATGGGGTTTCTTTTTCTTGTAAATTTGTTTGAG,b44d380051513f79dd1ec2a9773def670d7fadd4c48ad676313c5af58c352a26,-0.176522416785781,0.1351479349816502,0.138390751149799,-90.18006901210174,-91.93379964260384,-86.95303341234103,-88.4500802764669,-0.25668376637622714,1.0,0.1351479349816502,0.0,0,0.18544637242593232,0.18565657667894103,0.15145376406925343,0.02445145257221476,1.0
chr11:95187743:T:C;chr11:95187799:G:T;var1;middle;OL30|K562|74f6d58eeadc390f,chr11:95187743:T:C;chr11:95187799:G:T;var1;middle;OL30,K562,K562_region_00385,100,156,56,AGGAGAGAAGGTAGAAAATGAGAAAGTGTTTCTTCAATGAATCCCTTCTAGATATTACTCTAGTCATCTCATTTGAGGTCCTACAGCATCTATTATATATACCAAATCTTTCACTCCCTACTGTATACAAGTGTGTGACTTAAATTCCGCTCTAGGCTTGCTTTCCCCTCAGAGATTCTCCTACTCTTTGGCCTGAATTC,f1de775727903ccb8495a85f2925ccafe311f78250de754cf65910d3dfd8c993,0.0,AGGAGAGAAGGTAGAAAATGAGAAAGTGTTTCTTCAATGAATCCCTTCTAGATATTACTCTAGTCATCTCATTTGAGGTCCTACAGCATCTATTATATACACCAAATCTTTCACTCCCTACTGTATACAAGTGTGTGACTTAAATTCCGCTCTAGGCTTGCTTTCCCCTCAGAGATTCTCCTACTCTTTGGCCTGAATTC,3fdd9c924f12cc9c40f93dfb7c7b825239cf58fccbb33ed0dcb780ba9ec7b87d,-0.336216362745721,AGGAGAGAAGGTAGAAAATGAGAAAGTGTTTCTTCAATGAATCCCTTCTAGATATTACTCTAGTCATCTCATTTGAGGTCCTACAGCATCTATTATATATACCAAATCTTTCACTCCCTACTGTATACAAGTGTGTGACTTAAATTCCGCTCTAGTCTTGCTTTCCCCTCAGAGATTCTCCTACTCTTTGGCCTGAATTC,66724a7185e6ca805eb7ff2db9c7510d454ddb2176bc66ad076925432753a2df,-0.32328245841729,AGGAGAGAAGGTAGAAAATGAGAAAGTGTTTCTTCAATGAATCCCTTCTAGATATTACTCTAGTCATCTCATTTGAGGTCCTACAGCATCTATTATATACACCAAATCTTTCACTCCCTACTGTATACAAGTGTGTGACTTAAATTCCGCTCTAGTCTTGCTTTCCCCTCAGAGATTCTCCTACTCTTTGGCCTGAATTC,74f6d58eeadc390f291230fc09db04c516802814e3a2ff026d874dae59f09faf,-0.342823962757718,-0.3166748584052929,0.349240218232456,-370.9392945414874,-344.7630476546474,-375.2472346157301,-351.40137539838906,2.3303876694989754,1.0,-0.3166748584052929,0.0,0,0.18876917697666679,0.18565657667894103,0.15145376406925343,0.23634540961608466,1.0
chr11:95425470:A:G;chr11:95425526:C:T;var1;middle;OL33|K562|368f441ef21c0bf1,chr11:95425470:A:G;chr11:95425526:C:T;var1;middle;OL33,K562,K562_region_00386,100,156,56,TCTAAATCATTCTTTCCTTATCAAAGCTGCACCTTTTCCTGCATTTGCCATCTTGATGAATATCAGTCTTCCAAATTTAATCACTCAAACTAGAAGACAAGAGATGTTGTCTATACTCCTCTTTGCCCCTCAAAACCTCTGCCACAATCCATCCACTTATCCAATTCTAAGAGATTCCACCTCCAAACTGTCTCTTGAAT,1cba55e76d6dcc7070fd4c9905fef52e5d8ac208b276d865109ce9591a3147e9,0.0,TCTAAATCATTCTTTCCTTATCAAAGCTGCACCTTTTCCTGCATTTGCCATCTTGATGAATATCAGTCTTCCAAATTTAATCACTCAAACTAGAAGACAGGAGATGTTGTCTATACTCCTCTTTGCCCCTCAAAACCTCTGCCACAATCCATCCACTTATCCAATTCTAAGAGATTCCACCTCCAAACTGTCTCTTGAAT,fda22a7b7bdd5eb3392a097a80ac8e7f18b1292666b67c3884b908462fad5258,-0.215310683048864,TCTAAATCATTCTTTCCTTATCAAAGCTGCACCTTTTCCTGCATTTGCCATCTTGATGAATATCAGTCTTCCAAATTTAATCACTCAAACTAGAAGACAAGAGATGTTGTCTATACTCCTCTTTGCCCCTCAAAACCTCTGCCACAATCCATCCATTTATCCAATTCTAAGAGATTCCACCTCCAAACTGTCTCTTGAAT,5a234649e656c7641baec02764e18a00924ae3c0f23757cfe2543fd28d82cfdb,-0.510048891532185,TCTAAATCATTCTTTCCTTATCAAAGCTGCACCTTTTCCTGCATTTGCCATCTTGATGAATATCAGTCTTCCAAATTTAATCACTCAAACTAGAAGACAGGAGATGTTGTCTATACTCCTCTTTGCCCCTCAAAACCTCTGCCACAATCCATCCATTTATCCAATTCTAAGAGATTCCACCTCCAAACTGTCTCTTGAAT,368f441ef21c0bf129a37e7548027c83c38150b368613f721fb8aff1cff5ca75,-0.0392319331591574,0.6861276414218916,0.33827928006957,-294.9388407263905,-302.0751525303349,-294.205732579343,-300.9689893545583,0.37305502872914076,-1.0,-0.6861276414218916,0.0,0,0.18625520163147077,0.18565657667894103,0.15145376406925343,0.12802271641240628,1.0
chr11:9569854:T:A;chr11:9569857:G:C;var1;middle;OL27|K562|1b5978ed94bb9ee4,chr11:9569854:T:A;chr11:9569857:G:C;var1;middle;OL27,K562,K562_region_00327,100,103,3,CCAGGCATGGTGGCAGGCACCTGTAATCCCAGCTACTTGGGAGGCTGAGGCAGGAGAATCACTTGAACCCGGGAGGCGGAGGTTGCAGTGAGCCGAGATTGCGCCACTGCACTCCAGCCTAGGTGACGAGGGAAATTCCGTCTCAAAAAAAAAAAAAAAAATTAAGACAATATAGTTGATGAATAACTCTAAGATCTGGT,49bdd13088fe440130292aeb54a5915cba37b8cc3b6c7940a52321721d8637cc,0.0,CCAGGCATGGTGGCAGGCACCTGTAATCCCAGCTACTTGGGAGGCTGAGGCAGGAGAATCACTTGAACCCGGGAGGCGGAGGTTGCAGTGAGCCGAGATAGCGCCACTGCACTCCAGCCTAGGTGACGAGGGAAATTCCGTCTCAAAAAAAAAAAAAAAAATTAAGACAATATAGTTGATGAATAACTCTAAGATCTGGT,4e7dcfb12c8b36a96dc003912065e0d8606c18867df889929c0892702f2882d0,0.221495435425097,CCAGGCATGGTGGCAGGCACCTGTAATCCCAGCTACTTGGGAGGCTGAGGCAGGAGAATCACTTGAACCCGGGAGGCGGAGGTTGCAGTGAGCCGAGATTGCCCCACTGCACTCCAGCCTAGGTGACGAGGGAAATTCCGTCTCAAAAAAAAAAAAAAAAATTAAGACAATATAGTTGATGAATAACTCTAAGATCTGGT,1cb7dd6d11b5dc022e0819d5330d127bae9f1bef083bd09c2ff0e05b14aa3cd3,-0.128435464662764,CCAGGCATGGTGGCAGGCACCTGTAATCCCAGCTACTTGGGAGGCTGAGGCAGGAGAATCACTTGAACCCGGGAGGCGGAGGTTGCAGTGAGCCGAGATAGCCCCACTGCACTCCAGCCTAGGTGACGAGGGAAATTCCGTCTCAAAAAAAAAAAAAAAAATTAAGACAATATAGTTGATGAATAACTCTAAGATCTGGT,1b5978ed94bb9ee4ab17244ca6cbcf30331eca74095a0a10210d277cb45a911d,0.262100671754457,0.169040700992124,0.232273119362055,-96.46814577141777,-99.2758723422885,-100.10231593018398,-102.9468386764638,-0.03679617540909419,-1.0,-0.169040700992124,0.0,3,0.18139888140795155,0.18106719778262317,0.1474303780702046,0.1492729004843755,1.0
chr12:10096010:G:C;chr12:10096086:G:C;var1;middle;OL41|K562|5eac9478b3f62f67,chr12:10096010:G:C;chr12:10096086:G:C;var1;middle;OL41,K562,K562_region_00438,100,176,76,CTGACGACCCGGTTTTTCTGAGGGGTGGTGCGGCAGCAAGACAGTAGGAGAAACAGCACAGCAACCTAGCATCCTCCACTCAGCCGCGCAGGTGGACTTGGGCCAGATGGCCCCCAGGGGCGTGTCATGTGCCTTCTCTGACGTTTGTACGAGGCAGGGGCAGCAACGGCAGCCGGGCATGCACCAACGGTGCCTCTGCC,8b8ec019882b4af6fe823f1eea7b25cb2eed243dff2db2a67fa4acdcddd83773,0.0,CTGACGACCCGGTTTTTCTGAGGGGTGGTGCGGCAGCAAGACAGTAGGAGAAACAGCACAGCAACCTAGCATCCTCCACTCAGCCGCGCAGGTGGACTTCGGCCAGATGGCCCCCAGGGGCGTGTCATGTGCCTTCTCTGACGTTTGTACGAGGCAGGGGCAGCAACGGCAGCCGGGCATGCACCAACGGTGCCTCTGCC,1ad04eb9b30f03e4800a07b8c57f068d89538925bc372ec4f99eec22ed428fbe,-0.43571432476161,CTGACGACCCGGTTTTTCTGAGGGGTGGTGCGGCAGCAAGACAGTAGGAGAAACAGCACAGCAACCTAGCATCCTCCACTCAGCCGCGCAGGTGGACTTGGGCCAGATGGCCCCCAGGGGCGTGTCATGTGCCTTCTCTGACGTTTGTACGAGGCAGGGGCAGCAACGGCAGCCGCGCATGCACCAACGGTGCCTCTGCC,292123ba9fe840cc86008fb916ecf8b699801856b6435eec5f7c228bc5fc5264,2.15846174618888,CTGACGACCCGGTTTTTCTGAGGGGTGGTGCGGCAGCAAGACAGTAGGAGAAACAGCACAGCAACCTAGCATCCTCCACTCAGCCGCGCAGGTGGACTTCGGCCAGATGGCCCCCAGGGGCGTGTCATGTGCCTTCTCTGACGTTTGTACGAGGCAGGGGCAGCAACGGCAGCCGCGCATGCACCAACGGTGCCTCTGCC,5eac9478b3f62f6773c853e024065f764a2b049d09573a77cb07286338c7cfd3,1.92965080658906,0.20690338516179,0.58680552848119,-363.5641623996198,-370.6000530272722,-362.362467947416,-372.6188567285426,-3.220498153474182,-1.0,-0.20690338516179,0.0,1,0.17908849645186672,0.18216460459877223,0.1501433469024087,0.11029290221301466,1.0
chr12:105616243:G:A;chr12:105616245:C:T;var1;middle;OL41|K562|1f9c6d69c1bbea28,chr12:105616243:G:A;chr12:105616245:C:T;var1;middle;OL41,K562,K562_region_00479,100,102,2,AGCTGAGATAAACAAGTGTCTGAGCCTGAGGCAGACAGTGCAGAGCGGGGCATGGAGGTATTCCTGAGGCAGAAACAGCAGGGTGTGGTGAGTGAGGAAGGCGGGGGAGTCAGAAAGAACTGTGCTGCCCATGTGGAAGGCCAGATGGAGAACGGTGCCTTCAGCCAAGGAACTGAGGAGGGGATATGAATTTGGAAATG,8005d3f06f174f40d97a8e51a3e9aa82b183aa8911662f8fc40d4e5d1d3a7204,0.0,AGCTGAGATAAACAAGTGTCTGAGCCTGAGGCAGACAGTGCAGAGCGGGGCATGGAGGTATTCCTGAGGCAGAAACAGCAGGGTGTGGTGAGTGAGGAAAGCGGGGGAGTCAGAAAGAACTGTGCTGCCCATGTGGAAGGCCAGATGGAGAACGGTGCCTTCAGCCAAGGAACTGAGGAGGGGATATGAATTTGGAAATG,daaa83222ec5148240bb2525902b77c2e4d800417f07863057d2aafe0af08c7f,-0.22820349396818,AGCTGAGATAAACAAGTGTCTGAGCCTGAGGCAGACAGTGCAGAGCGGGGCATGGAGGTATTCCTGAGGCAGAAACAGCAGGGTGTGGTGAGTGAGGAAGGTGGGGGAGTCAGAAAGAACTGTGCTGCCCATGTGGAAGGCCAGATGGAGAACGGTGCCTTCAGCCAAGGAACTGAGGAGGGGATATGAATTTGGAAATG,7daaa6cc68c0a12b58ac8bb79a493d54d2bca4a5f2a997f5d578b325722e7a2f,-0.351891821941855,AGCTGAGATAAACAAGTGTCTGAGCCTGAGGCAGACAGTGCAGAGCGGGGCATGGAGGTATTCCTGAGGCAGAAACAGCAGGGTGTGGTGAGTGAGGAAAGTGGGGGAGTCAGAAAGAACTGTGCTGCCCATGTGGAAGGCCAGATGGAGAACGGTGCCTTCAGCCAAGGAACTGAGGAGGGGATATGAATTTGGAAATG,1f9c6d69c1bbea28c37e9ea1449d9075baa0c97228d68f6312707d9992c52578,-0.375334176476932,-0.2047611394331029,0.222700940347763,-364.347576280823,-366.6185176189174,-364.11930249107536,-366.9267022318672,0.5364584026974057,1.0,-0.2047611394331029,0.0,1,0.1829109738402119,0.18216460459877223,0.1501433469024087,0.1348133553161967,1.0
chr12:10562025:C:T;chr12:10562089:A:C;var1;middle;OL41|K562|86444fbad3e2f118,chr12:10562025:C:T;chr12:10562089:A:C;var1;middle;OL41,K562,K562_region_00439,100,164,64,CCTTTCTGCATTCAACTGCACATCCTAGAACAATAATATTGAAGATCTATTTAATGTTTTACCTTTGCAGTGATATGTCTTGTCATTCCCTTGATGATCCGAAGAAGCATTTTGAAGGTTTAATTCTACTTGGAATATTTCCTGTTTGGTTCCTGAAATGGAGATTTTATTGCCCTTAAGTTTCCTTTGCTGCCTCTTTG,97d225db134bd65c410802b72334fc528dfba3d9b055a1580cbd3fdc38a7a24f,0.0,CCTTTCTGCATTCAACTGCACATCCTAGAACAATAATATTGAAGATCTATTTAATGTTTTACCTTTGCAGTGATATGTCTTGTCATTCCCTTGATGATCTGAAGAAGCATTTTGAAGGTTTAATTCTACTTGGAATATTTCCTGTTTGGTTCCTGAAATGGAGATTTTATTGCCCTTAAGTTTCCTTTGCTGCCTCTTTG,3db5d6a23d63f28694a433bcae2fb6a7080b168875fcc3940e0aee83fcbfb4fe,-0.0022337074375299,CCTTTCTGCATTCAACTGCACATCCTAGAACAATAATATTGAAGATCTATTTAATGTTTTACCTTTGCAGTGATATGTCTTGTCATTCCCTTGATGATCCGAAGAAGCATTTTGAAGGTTTAATTCTACTTGGAATATTTCCTGTTTGGTTCCTGAAATGGAGCTTTTATTGCCCTTAAGTTTCCTTTGCTGCCTCTTTG,7278e1d5ade52c80a37a862de98957b878d5f36a36cdeb2d042d0d94d21afb0a,-0.11668095253083,CCTTTCTGCATTCAACTGCACATCCTAGAACAATAATATTGAAGATCTATTTAATGTTTTACCTTTGCAGTGATATGTCTTGTCATTCCCTTGATGATCTGAAGAAGCATTTTGAAGGTTTAATTCTACTTGGAATATTTCCTGTTTGGTTCCTGAAATGGAGCTTTTATTGCCCTTAAGTTTCCTTTGCTGCCTCTTTG,86444fbad3e2f11834bb60a01dae2b121e9ee4ddcb17d3d6266fcda30b48afd9,-0.269139612114152,0.1502249521457921,0.186105494022605,-322.08676285436377,-325.86055828025565,-339.4459392721765,-339.14006322296336,-4.079671475104988,1.0,0.1502249521457921,0.0,2,0.16925413685345428,0.17490732828716207,0.146091925319964,0.14220698886336192,1.0
chr12:10581591:A:G;chr12:10581595:G:C;var1;middle;OL27|K562|d2ab4ca8c5642496,chr12:10581591:A:G;chr12:10581595:G:C;var1;middle;OL27,K562,K562_region_00440,100,104,4,TTCATTGAAAATGCTTTTAAAACTTGATGAACGACTACTAAAAATATACACCTACTAACGTATCCACAAAAATAATAAATTTAACATTTTAAAAAATTGATAAGGGCCAGGCACAGTGATGCCTCCCAAAGTGCTGGGATTATAGGCTTGAGCCACCAGAACTGGCCTATTTCTAGATTAAACATGGCAATACCATTATG,fb0ddc13e203268c9ce840adb891d5b70cc84e0d8091e3dddda1a37f7464b052,0.0,TTCATTGAAAATGCTTTTAAAACTTGATGAACGACTACTAAAAATATACACCTACTAACGTATCCACAAAAATAATAAATTTAACATTTTAAAAAATTGGTAAGGGCCAGGCACAGTGATGCCTCCCAAAGTGCTGGGATTATAGGCTTGAGCCACCAGAACTGGCCTATTTCTAGATTAAACATGGCAATACCATTATG,29f61cb0c88eb8949d92c136e2cb5e80e6024d9d1d74fde69233d18dd7612cd9,-0.397173424674016,TTCATTGAAAATGCTTTTAAAACTTGATGAACGACTACTAAAAATATACACCTACTAACGTATCCACAAAAATAATAAATTTAACATTTTAAAAAATTGATAACGGCCAGGCACAGTGATGCCTCCCAAAGTGCTGGGATTATAGGCTTGAGCCACCAGAACTGGCCTATTTCTAGATTAAACATGGCAATACCATTATG,0066f42a2d4027ff4c52dcc2fcca93e3cdc528da95037a7e0cb4b61de1b2c84d,-0.101885637546441,TTCATTGAAAATGCTTTTAAAACTTGATGAACGACTACTAAAAATATACACCTACTAACGTATCCACAAAAATAATAAATTTAACATTTTAAAAAATTGGTAACGGCCAGGCACAGTGATGCCTCCCAAAGTGCTGGGATTATAGGCTTGAGCCACCAGAACTGGCCTATTTCTAGATTAAACATGGCAATACCATTATG,d2ab4ca8c5642496c8dca0e9d5f80255cc4eea67dc96635c45605572ee9a9376,-0.19108698471635,0.307972077504107,0.238375866609294,-289.59713916573673,-299.444327571895,-307.40463513694704,-313.73881029337645,3.5130132497288287,-1.0,-0.307972077504107,0.0,0,0.1902881275573543,0.18565657667894103,0.15145376406925343,0.2607180262412237,1.0
chr12:1058688:A:C;chr12:1058738:C:G;var1;middle;OL41|K562|f5fa32c950934648,chr12:1058688:A:C;chr12:1058738:C:G;var1;middle;OL41,K562,K562_region_00421,100,150,50,TGAGCCCCTCACTGCACTGGTGAACTAGAACAGGCCTCTGGACTCAGCATCTCTACGCTGAGACCTCAGGATCAGGTCCACCGCAGCCCCAGGTTCTCGACCCGGAAGCTGAGCCTTCCCACGCTCCACACCCACGGCTAGAACCACCCCGGGGGAAGCCGCTCTCCTCCCCCACTTACGCGCCTCGGGCAGCGCGCGGT,55ec092ee55f67620ca17a2e53473ead369176b45d9b6396348ed9a8ca741bd3,0.0,TGAGCCCCTCACTGCACTGGTGAACTAGAACAGGCCTCTGGACTCAGCATCTCTACGCTGAGACCTCAGGATCAGGTCCACCGCAGCCCCAGGTTCTCGCCCCGGAAGCTGAGCCTTCCCACGCTCCACACCCACGGCTAGAACCACCCCGGGGGAAGCCGCTCTCCTCCCCCACTTACGCGCCTCGGGCAGCGCGCGGT,08007345006dee2f27682efe5e0d5c5a074696b19edeee81f39f522c8aa4cd34,0.0866335481879835,TGAGCCCCTCACTGCACTGGTGAACTAGAACAGGCCTCTGGACTCAGCATCTCTACGCTGAGACCTCAGGATCAGGTCCACCGCAGCCCCAGGTTCTCGACCCGGAAGCTGAGCCTTCCCACGCTCCACACCCACGGCTAGAACCACCCGGGGGGAAGCCGCTCTCCTCCCCCACTTACGCGCCTCGGGCAGCGCGCGGT,33ee9acde3dade2a0dd262d5872106f86a580de955a7d7376a5d5ddd1e2d030e,-0.225800902833305,TGAGCCCCTCACTGCACTGGTGAACTAGAACAGGCCTCTGGACTCAGCATCTCTACGCTGAGACCTCAGGATCAGGTCCACCGCAGCCCCAGGTTCTCGCCCCGGAAGCTGAGCCTTCCCACGCTCCACACCCACGGCTAGAACCACCCGGGGGGAAGCCGCTCTCCTCCCCCACTTACGCGCCTCGGGCAGCGCGCGGT,f5fa32c950934648d0b3638491f74a6f0b73b421a31e7aafb2684a80054c5312,-0.297031919784664,0.1578645651393424,0.372253562222499,-327.8237434779294,-311.2950623142533,-342.355156037258,-329.7555990694091,3.929124195827171,1.0,0.1578645651393424,0.0,3,0.18938698036379817,0.18106719778262317,0.1474303780702046,0.0477031230381017,1.0
chr12:11000560:G:C;chr12:11000612:G:A;var1;middle;OL41|K562|1cf1bd30ba4bfd65,chr12:11000560:G:C;chr12:11000612:G:A;var1;middle;OL41,K562,K562_region_00441,100,152,52,GTGAAAGCCTGCACATGATCACTAAACAGCTGTGGCAACTATTTATCATCTGTAGTGACACAGCTGAGTGGGTCAACACAGAGAAAAGACATTCATGCAGTGATTTTTTTGTTTTGTTTTGTGTTACTCCCTGAAGCCACATAACCGTGCGGGGGAACACTGGGGGAAGAAAGAAGCAGTTAAGGATGGAGGAGTCAGAA,3c1744fa01fdcb843e55a6ab44f676140d0f10c0ca0d1550a364664e82ade3bd,0.0,GTGAAAGCCTGCACATGATCACTAAACAGCTGTGGCAACTATTTATCATCTGTAGTGACACAGCTGAGTGGGTCAACACAGAGAAAAGACATTCATGCACTGATTTTTTTGTTTTGTTTTGTGTTACTCCCTGAAGCCACATAACCGTGCGGGGGAACACTGGGGGAAGAAAGAAGCAGTTAAGGATGGAGGAGTCAGAA,bc21ca11e0f6805fe231516aea5a4b375c022d373421593bc8709d08ee9bb615,0.304084807246613,GTGAAAGCCTGCACATGATCACTAAACAGCTGTGGCAACTATTTATCATCTGTAGTGACACAGCTGAGTGGGTCAACACAGAGAAAAGACATTCATGCAGTGATTTTTTTGTTTTGTTTTGTGTTACTCCCTGAAGCCACATAACCGTGCGAGGGAACACTGGGGGAAGAAAGAAGCAGTTAAGGATGGAGGAGTCAGAA,2cbc50df7191f52f39b958e765fcb1a6381819b1d1a242c1c42fd252e253f090,0.0826784935001175,GTGAAAGCCTGCACATGATCACTAAACAGCTGTGGCAACTATTTATCATCTGTAGTGACACAGCTGAGTGGGTCAACACAGAGAAAAGACATTCATGCACTGATTTTTTTGTTTTGTTTTGTGTTACTCCCTGAAGCCACATAACCGTGCGAGGGAACACTGGGGGAAGAAAGAAGCAGTTAAGGATGGAGGAGTCAGAA,1cf1bd30ba4bfd65cc699e7595dcb3da29cca359293cfb4d76e35166fe8e1c10,0.436591553505654,-0.0498282527589235,0.217862148405534,-241.73598278686404,-242.30944772996008,-240.49207380227745,-241.03264760039747,-0.03289114497601986,1.0,-0.0498282527589235,0.0,3,0.1814067468632822,0.18106719778262317,0.1474303780702046,0.12134788495462823,1.0
chr12:110086928:C:A;chr12:110087006:G:A;var1;middle;OL28|K562|dee7c228aac1ada9,chr12:110086928:C:A;chr12:110087006:G:A;var1;middle;OL28,K562,K562_region_00480,100,178,78,AGGTAGAGGTGAACTCAGTGCTAACCTGGAAGTCAGGTGGAAGTTGGGACCAACTCCGTGGAGAGACACTCTGGTTGGGGAGGAGGTGCCTTTCGTAGACCCTCATGGTTATTAGCATGGAATTTGGACTTTGGAGCCATAATCCTGTTGTCTTCTTTCATTTAAAGAATATGGGCCGGGCGCGGTGACTCACATCTCTA,2296445fb6c41946bf56135adc0f782f6cb6a3be10ae540c552a057dc7f4fa5d,0.0,AGGTAGAGGTGAACTCAGTGCTAACCTGGAAGTCAGGTGGAAGTTGGGACCAACTCCGTGGAGAGACACTCTGGTTGGGGAGGAGGTGCCTTTCGTAGAACCTCATGGTTATTAGCATGGAATTTGGACTTTGGAGCCATAATCCTGTTGTCTTCTTTCATTTAAAGAATATGGGCCGGGCGCGGTGACTCACATCTCTA,9831bf4561fce71f6aeb4b7b9ab5f879399b0f8d64a459a306422c4c7b3151a2,0.43154709805348,AGGTAGAGGTGAACTCAGTGCTAACCTGGAAGTCAGGTGGAAGTTGGGACCAACTCCGTGGAGAGACACTCTGGTTGGGGAGGAGGTGCCTTTCGTAGACCCTCATGGTTATTAGCATGGAATTTGGACTTTGGAGCCATAATCCTGTTGTCTTCTTTCATTTAAAGAATATGGGCCAGGCGCGGTGACTCACATCTCTA,427bee0400a988ead2d9a241ff337370671a36372a00f3b5921c9694aa9f94c9,-0.565200526538492,AGGTAGAGGTGAACTCAGTGCTAACCTGGAAGTCAGGTGGAAGTTGGGACCAACTCCGTGGAGAGACACTCTGGTTGGGGAGGAGGTGCCTTTCGTAGAACCTCATGGTTATTAGCATGGAATTTGGACTTTGGAGCCATAATCCTGTTGTCTTCTTTCATTTAAAGAATATGGGCCAGGCGCGGTGACTCACATCTCTA,dee7c228aac1ada92477f04ac421c29eb309e22a4c33d8bfad8fcd804a810d54,0.0332518383629277,0.1669052668479396,0.388277601386271,-358.05344187514856,-359.81405521743,-360.516871497035,-361.8849190897308,0.39256574958568535,-1.0,-0.1669052668479396,0.0,4,0.17668587671079491,0.17620727786206916,0.145609630836647,0.0545948851712577,1.0
chr12:110087006:G:A;chr12:110087038:C:T;var1;middle;OL28|K562|db0cc75f188e10ad,chr12:110087006:G:A;chr12:110087038:C:T;var1;middle;OL28,K562,K562_region_00480,100,132,32,GGAGGAGGTGCCTTTCGTAGACCCTCATGGTTATTAGCATGGAATTTGGACTTTGGAGCCATAATCCTGTTGTCTTCTTTCATTTAAAGAATATGGGCCGGGCGCGGTGACTCACATCTCTAATCCCAGCGCTTTGGGAGGCCAAGGCGGGTAGATCACGTGAGGTCAGGAGTTTGAGAGGCCAGCCTGGCAACATGGCA,16c74882ad7801ad3d1b5fc214b04aeb2f49fd9608dec4688b5d61bfcb539913,0.0,GGAGGAGGTGCCTTTCGTAGACCCTCATGGTTATTAGCATGGAATTTGGACTTTGGAGCCATAATCCTGTTGTCTTCTTTCATTTAAAGAATATGGGCCAGGCGCGGTGACTCACATCTCTAATCCCAGCGCTTTGGGAGGCCAAGGCGGGTAGATCACGTGAGGTCAGGAGTTTGAGAGGCCAGCCTGGCAACATGGCA,07020effb02c056d2f502ff1d85898f40acece53aa075aac4ad15c771f821fb7,-0.491089093842459,GGAGGAGGTGCCTTTCGTAGACCCTCATGGTTATTAGCATGGAATTTGGACTTTGGAGCCATAATCCTGTTGTCTTCTTTCATTTAAAGAATATGGGCCGGGCGCGGTGACTCACATCTCTAATCCCAGCGTTTTGGGAGGCCAAGGCGGGTAGATCACGTGAGGTCAGGAGTTTGAGAGGCCAGCCTGGCAACATGGCA,dca88d7f67a0041b4b51037b831a9d4f2b2857ce7dd32fd414daa1030c304618,0.0647803790951976,GGAGGAGGTGCCTTTCGTAGACCCTCATGGTTATTAGCATGGAATTTGGACTTTGGAGCCATAATCCTGTTGTCTTCTTTCATTTAAAGAATATGGGCCAGGCGCGGTGACTCACATCTCTAATCCCAGCGTTTTGGGAGGCCAAGGCGGGTAGATCACGTGAGGTCAGGAGTTTGAGAGGCCAGCCTGGCAACATGGCA,db0cc75f188e10ad8e1c90a56a2efabcfcd8a30e10e09004c3ad7232f33b9ca5,-0.46081425578432,-0.0345055410370586,0.33882942620984,-222.92056444706395,-225.45561952563003,-229.34408673318103,-232.1900631939061,-0.3109213821589947,-1.0,0.0345055410370586,0.0,4,0.17581396679750733,0.17620727786206916,0.145609630836647,0.046282460400693254,1.0
chr12:11324344:C:T;chr12:11324364:G:A;var1;middle;OL41|K562|37e21cb6ec3d7380,chr12:11324344:C:T;chr12:11324364:G:A;var1;middle;OL41,K562,K562_region_00442,100,120,20,GGCGAGCCCCACAGTCTCGCGAGAGTGCTCAGGCGCTCTTCGTGGCTGCCCTCTTAGCTGCTAGCGGAGCTCCTCAGGGGGCGGCCGGGAGCCTACAATCCCTAGAAAGAGAATACGCTGTTCCGGAAACAGAACTGCAGTTAAGACCCTCGAAAACATCTAAGAAAGTGTGCATCCTAAAACACCTGACGAATTTCAGA,50c1c5829e25dfa9bd668385f8532953e889f99f80499a3301f92cec4cb6037e,0.0,GGCGAGCCCCACAGTCTCGCGAGAGTGCTCAGGCGCTCTTCGTGGCTGCCCTCTTAGCTGCTAGCGGAGCTCCTCAGGGGGCGGCCGGGAGCCTACAATTCCTAGAAAGAGAATACGCTGTTCCGGAAACAGAACTGCAGTTAAGACCCTCGAAAACATCTAAGAAAGTGTGCATCCTAAAACACCTGACGAATTTCAGA,f74cb521fa303fa2c4e5f69015e06c1ed275b141d56fcf764c432b4058295b06,0.47645795092479,GGCGAGCCCCACAGTCTCGCGAGAGTGCTCAGGCGCTCTTCGTGGCTGCCCTCTTAGCTGCTAGCGGAGCTCCTCAGGGGGCGGCCGGGAGCCTACAATCCCTAGAAAGAGAATACGCTATTCCGGAAACAGAACTGCAGTTAAGACCCTCGAAAACATCTAAGAAAGTGTGCATCCTAAAACACCTGACGAATTTCAGA,d59bf2059f55dcaa4dd60fa74020e2a9a8bf599e3ada62b6ac1d3d44ab4d4ccd,-0.0673815234003964,GGCGAGCCCCACAGTCTCGCGAGAGTGCTCAGGCGCTCTTCGTGGCTGCCCTCTTAGCTGCTAGCGGAGCTCCTCAGGGGGCGGCCGGGAGCCTACAATTCCTAGAAAGAGAATACGCTATTCCGGAAACAGAACTGCAGTTAAGACCCTCGAAAACATCTAAGAAAGTGTGCATCCTAAAACACCTGACGAATTTCAGA,37e21cb6ec3d7380b83a6e60bc89bff2fa14c5797ff2eaecdcc6572531422215,0.409422383659975,0.0003459561355814,0.200857675060943,-409.40858835424297,-419.4136434125248,-416.4214233221719,-426.1501203514636,0.2763580289901597,-1.0,-0.0003459561355814,0.0,1,0.18264633734992222,0.18216460459877223,0.1501433469024087,0.3008918426749288,1.0
chr12:115553034:G:A;chr12:115553115:C:T;var1;middle;OL30|K562|c8b92782477f47ef,chr12:115553034:G:A;chr12:115553115:C:T;var1;middle;OL30,K562,K562_region_00481,100,181,81,ATCATCTAGGTTTGTATAGATACATTCTATGAGGGTCACACAACAAAATCACCTAACGACACAGTTCTCAGAAGGTATCCCTGTTGTTAAGAGATACATGAATGCATTTACTGGGTCCCTGCATGTCTCAGGCCTCTCACAGGCACTGGAGAGATGGTAACCAGCAAGACAAAATTCATTCTTGCCCTCAGAGAGCTTAG,e825c3f7bd4cf2e6e184d3b3be9ac4b53483880108dd4f4a2c7a0a3eba53f27b,0.0,ATCATCTAGGTTTGTATAGATACATTCTATGAGGGTCACACAACAAAATCACCTAACGACACAGTTCTCAGAAGGTATCCCTGTTGTTAAGAGATACATAAATGCATTTACTGGGTCCCTGCATGTCTCAGGCCTCTCACAGGCACTGGAGAGATGGTAACCAGCAAGACAAAATTCATTCTTGCCCTCAGAGAGCTTAG,8471c62bff36de5da6051a0c5ca105246384e8b35da4065bb0ed2a0eed8abe6e,0.257827239135559,ATCATCTAGGTTTGTATAGATACATTCTATGAGGGTCACACAACAAAATCACCTAACGACACAGTTCTCAGAAGGTATCCCTGTTGTTAAGAGATACATGAATGCATTTACTGGGTCCCTGCATGTCTCAGGCCTCTCACAGGCACTGGAGAGATGGTAACCAGCAAGACAAAATTCATTTTTGCCCTCAGAGAGCTTAG,9b0bf1e6717ab16b4bb4a19fc829bc43905a0dc7117a7988b53147e5fc5da582,0.593141929695283,ATCATCTAGGTTTGTATAGATACATTCTATGAGGGTCACACAACAAAATCACCTAACGACACAGTTCTCAGAAGGTATCCCTGTTGTTAAGAGATACATAAATGCATTTACTGGGTCCCTGCATGTCTCAGGCCTCTCACAGGCACTGGAGAGATGGTAACCAGCAAGACAAAATTCATTTTTGCCCTCAGAGAGCTTAG,c8b92782477f47ef290faf3b53f24310ac223f0808ad82e9b417952cecae6717,0.326346825161105,0.524622343669737,0.321618615344319,-151.6100904699415,-152.21005776245147,-153.30179456528276,-153.80497509613633,-0.09678676165640354,1.0,0.524622343669737,0.0,1,0.18226668496281057,0.18216460459877223,0.1501433469024087,0.20984881654410603,1.0
chr12:116975822:T:C;chr12:116975847:T:C;var1;middle;OL41|K562|89a4b5054d7d32bf,chr12:116975822:T:C;chr12:116975847:T:C;var1;middle;OL41,K562,K562_region_00482,100,125,25,TCCTGTTTCCTCCATTCCCGTTGGTAATGGACATTTATTTAACTTTTACTCCCCCTCCATTCTCATTTAGAAAAGAAAGTGAACTGATATTAACCAATCTTTGTTTTGCCTTCTTTAACACTAATGCATATGCAAAATAGTTACCACTATTGATAATATCTTATTGCTGCTGTGATATATGTGTGTATATGTACAGATCT,89816d60313dab1a7067ad06a5c88640188494306101e63174e2a4797d076898,0.0,TCCTGTTTCCTCCATTCCCGTTGGTAATGGACATTTATTTAACTTTTACTCCCCCTCCATTCTCATTTAGAAAAGAAAGTGAACTGATATTAACCAATCCTTGTTTTGCCTTCTTTAACACTAATGCATATGCAAAATAGTTACCACTATTGATAATATCTTATTGCTGCTGTGATATATGTGTGTATATGTACAGATCT,3977f42d670b413af7d51fccea036dbaa17e90f3a880af843a1b393422ecb1a8,0.235709560056058,TCCTGTTTCCTCCATTCCCGTTGGTAATGGACATTTATTTAACTTTTACTCCCCCTCCATTCTCATTTAGAAAAGAAAGTGAACTGATATTAACCAATCTTTGTTTTGCCTTCTTTAACACTAACGCATATGCAAAATAGTTACCACTATTGATAATATCTTATTGCTGCTGTGATATATGTGTGTATATGTACAGATCT,0135699eb948c648a93addd5d0b044c53eac38bfcc655de7c59229c222a08ca9,-0.0621888790135636,TCCTGTTTCCTCCATTCCCGTTGGTAATGGACATTTATTTAACTTTTACTCCCCCTCCATTCTCATTTAGAAAAGAAAGTGAACTGATATTAACCAATCCTTGTTTTGCCTTCTTTAACACTAACGCATATGCAAAATAGTTACCACTATTGATAATATCTTATTGCTGCTGTGATATATGTGTGTATATGTACAGATCT,89a4b5054d7d32bf3d3f0082cfd273603c686a69444272908ffafbbf5a3cecda,0.0597905200247494,-0.113730161017745,0.319298532693594,-247.29126806557176,-248.5506840348244,-251.96307776123285,-253.14432188123465,0.07817184925082188,-1.0,0.113730161017745,0.0,2,0.1753082929029089,0.17490732828716207,0.146091925319964,0.17483839348153865,1.0
chr12:11791628:G:C;chr12:11791685:A:G;var1;middle;OL31|K562|a10751bcb493782e,chr12:11791628:G:C;chr12:11791685:A:G;var1;middle;OL31,K562,K562_region_00443,100,157,57,AAGCCCAATCTTGGATATATTATTTCTACTTATATTGGAGTGCTGCTGTGGACGCCCAACCTATGGCTTAGTGAGTCAAACAACATCAAGTTCATAATGGGGAGTTCATATTGCATAACAACTTGATAGTCCAAAGTCAAGCATTCAGTCTTTTCTAGGGTTCAGTAGCAAATCAGAAGCTATTTATTAAAAAGAGAAAG,c810fd5fe4f8a606558eae35ec53901a750208a39ad178357b8aa754f1990e74,0.0,AAGCCCAATCTTGGATATATTATTTCTACTTATATTGGAGTGCTGCTGTGGACGCCCAACCTATGGCTTAGTGAGTCAAACAACATCAAGTTCATAATGCGGAGTTCATATTGCATAACAACTTGATAGTCCAAAGTCAAGCATTCAGTCTTTTCTAGGGTTCAGTAGCAAATCAGAAGCTATTTATTAAAAAGAGAAAG,c177fca1bc8a72a04a07c405323f9796ee8c7cc482b6002346da9a37ec03292c,0.599762693380861,AAGCCCAATCTTGGATATATTATTTCTACTTATATTGGAGTGCTGCTGTGGACGCCCAACCTATGGCTTAGTGAGTCAAACAACATCAAGTTCATAATGGGGAGTTCATATTGCATAACAACTTGATAGTCCAAAGTCAAGCATTCAGTCTTTTCTGGGGTTCAGTAGCAAATCAGAAGCTATTTATTAAAAAGAGAAAG,0a25e7c88dade990065808ad214c4d8e858cbf893d8d0773c5d0dd67d04c37f5,0.090923717004637,AAGCCCAATCTTGGATATATTATTTCTACTTATATTGGAGTGCTGCTGTGGACGCCCAACCTATGGCTTAGTGAGTCAAACAACATCAAGTTCATAATGCGGAGTTCATATTGCATAACAACTTGATAGTCCAAAGTCAAGCATTCAGTCTTTTCTGGGGTTCAGTAGCAAATCAGAAGCTATTTATTAAAAAGAGAAAG,a10751bcb493782e016c8d38e40b1ad67985eda09c1a1fcf8a61ebd47473b223,1.02661704749008,-0.335930637104582,0.587846459319516,-375.0008453540504,-371.9513286640868,-369.46643607970327,-365.6893204851076,-0.7275989046320319,1.0,-0.335930637104582,0.0,0,0.1848415344834204,0.18565657667894103,0.15145376406925343,0.18522583547750313,1.0
chr12:118501565:T:C;chr12:118501598:G:A;var1;middle;OL41|K562|ac2c764f4da5ee42,chr12:118501565:T:C;chr12:118501598:G:A;var1;middle;OL41,K562,K562_region_00483,100,133,33,CCCAACCTCCCCCCACCACATCTTAAAATGTAAATAATGGAGAAGGAGCTGCTTATTTTTCTTTGCAGCAGTTCCTGGCCAGTCCCAACGTGAGAAATATCAGTTGGCACTTATTGCATCATAATACATTTTGCCTAGTAAGGATGATTTTCTAAGTCTCAGTGCATGGGTTATTGCAATTTTCCATCTTGTGTTTTCCT,a559db82f814ba546144018f0442b6f91bceaaf99eb132862efe9324d148ef4e,0.0,CCCAACCTCCCCCCACCACATCTTAAAATGTAAATAATGGAGAAGGAGCTGCTTATTTTTCTTTGCAGCAGTTCCTGGCCAGTCCCAACGTGAGAAATACCAGTTGGCACTTATTGCATCATAATACATTTTGCCTAGTAAGGATGATTTTCTAAGTCTCAGTGCATGGGTTATTGCAATTTTCCATCTTGTGTTTTCCT,1601829d766a9ac63d359fa02968ee59e120dd1b276ed77e61d8d83f9887a622,-0.0787028769694827,CCCAACCTCCCCCCACCACATCTTAAAATGTAAATAATGGAGAAGGAGCTGCTTATTTTTCTTTGCAGCAGTTCCTGGCCAGTCCCAACGTGAGAAATATCAGTTGGCACTTATTGCATCATAATACATTTTACCTAGTAAGGATGATTTTCTAAGTCTCAGTGCATGGGTTATTGCAATTTTCCATCTTGTGTTTTCCT,3afc0ac9c45a8e42f314d9a1f37c35fb345f5d29e71e0eb08bad1f9a908a3d67,-0.461986882378725,CCCAACCTCCCCCCACCACATCTTAAAATGTAAATAATGGAGAAGGAGCTGCTTATTTTTCTTTGCAGCAGTTCCTGGCCAGTCCCAACGTGAGAAATACCAGTTGGCACTTATTGCATCATAATACATTTTACCTAGTAAGGATGATTTTCTAAGTCTCAGTGCATGGGTTATTGCAATTTTCCATCTTGTGTTTTCCT,ac2c764f4da5ee42a197ae21ea8f8403d6b6ca6bb3eb046c206aeab13ca12bbd,0.0716630874164928,0.6123528467647004,0.484297159119257,-300.8493769001216,-306.4387866789475,-308.4969290420413,-314.9654613910243,-0.8791225701571079,-1.0,-0.6123528467647004,0.0,2,0.17391439482925658,0.17490732828716207,0.146091925319964,0.23631934458105486,1.0
chr12:119709698:A:G;chr12:119709787:A:T;var1;middle;OL33|K562|809b340da59aa02b,chr12:119709698:A:G;chr12:119709787:A:T;var1;middle;OL33,K562,K562_region_00484,100,189,89,AACTGAGGCTCCAACACTCCTAGTACTTTATCCTAGTACTTTATGGCACAGCTAGAAAATGTTGGAAGTAAGGTTTGAACCTGAGTCTCTCTTATTCCAAAGCCTTCACTTTTAATCTTTGTGCAGAGAGACTGGATGACGGGCTATGGTGATTTCCATTTGTAATTGAAATGATCAATTTCTCACCAATGTAGCTATTA,0e11cb587bad0ffd334ac279b57b375bdefd31f2d195e3a3c86bb060af739578,0.0,AACTGAGGCTCCAACACTCCTAGTACTTTATCCTAGTACTTTATGGCACAGCTAGAAAATGTTGGAAGTAAGGTTTGAACCTGAGTCTCTCTTATTCCAGAGCCTTCACTTTTAATCTTTGTGCAGAGAGACTGGATGACGGGCTATGGTGATTTCCATTTGTAATTGAAATGATCAATTTCTCACCAATGTAGCTATTA,bfa4e078c1d8910895ca809e054df6a62db95b57b5a4a3735d1f8bd6c83302d7,-0.036598540551654,AACTGAGGCTCCAACACTCCTAGTACTTTATCCTAGTACTTTATGGCACAGCTAGAAAATGTTGGAAGTAAGGTTTGAACCTGAGTCTCTCTTATTCCAAAGCCTTCACTTTTAATCTTTGTGCAGAGAGACTGGATGACGGGCTATGGTGATTTCCATTTGTAATTGAAATGATCAATTTCTCACCATTGTAGCTATTA,01f2d41c376e99d0af9018778623115cc858060ff9ee1e4ab44537e76e716630,0.285826341609016,AACTGAGGCTCCAACACTCCTAGTACTTTATCCTAGTACTTTATGGCACAGCTAGAAAATGTTGGAAGTAAGGTTTGAACCTGAGTCTCTCTTATTCCAGAGCCTTCACTTTTAATCTTTGTGCAGAGAGACTGGATGACGGGCTATGGTGATTTCCATTTGTAATTGAAATGATCAATTTCTCACCATTGTAGCTATTA,809b340da59aa02ba63e5f0d6bac281b067910f115b585a187af6153914b7685,0.395298094826092,0.14607029376873,0.14950709975488,-217.047822766006,-218.1304833777249,-218.4649510197341,-225.0436989963055,-5.496087364852514,-1.0,-0.14607029376873,0.0,2,0.16719172079818187,0.17490732828716207,0.146091925319964,0.05451248692916848,1.0
chr12:120043595:T:C;chr12:120043649:G:A;var1;middle;OL28|K562|2f6772e8bcaa700f,chr12:120043595:T:C;chr12:120043649:G:A;var1;middle;OL28,K562,K562_region_00485,100,154,54,AGTGCTGGGATTAGAGGCGTGAGCCACAACATCTGGCCCTGCCTTACCCTTTGATAGGAAACAGCTTTGATTGTTCTGGAAGCTTTCTCTTTTAACAGATTTACCCCCATCAATATAAGAAGCATCATACAATACTCTCAATCAAGCCTGGCAGAATTCCTCCCTAGCTTTTGGCTCTAACCATAGACAGCCAAAAGGAC,f95f948982e88af5c7eacbed68b0ea51d32376f1f3b8dc4ce71d147502e902cd,0.0,AGTGCTGGGATTAGAGGCGTGAGCCACAACATCTGGCCCTGCCTTACCCTTTGATAGGAAACAGCTTTGATTGTTCTGGAAGCTTTCTCTTTTAACAGACTTACCCCCATCAATATAAGAAGCATCATACAATACTCTCAATCAAGCCTGGCAGAATTCCTCCCTAGCTTTTGGCTCTAACCATAGACAGCCAAAAGGAC,c1cdf026d15e7c985f8271009dcd94349f578e51be8c9e8b743ef21a7996b1bd,0.432487164342494,AGTGCTGGGATTAGAGGCGTGAGCCACAACATCTGGCCCTGCCTTACCCTTTGATAGGAAACAGCTTTGATTGTTCTGGAAGCTTTCTCTTTTAACAGATTTACCCCCATCAATATAAGAAGCATCATACAATACTCTCAATCAAGCCTGGCAAAATTCCTCCCTAGCTTTTGGCTCTAACCATAGACAGCCAAAAGGAC,0b00fffad6776f0a0d2c050ef1e7d98486014973c002bc7e30c02f45c4079415,0.37058642258084,AGTGCTGGGATTAGAGGCGTGAGCCACAACATCTGGCCCTGCCTTACCCTTTGATAGGAAACAGCTTTGATTGTTCTGGAAGCTTTCTCTTTTAACAGACTTACCCCCATCAATATAAGAAGCATCATACAATACTCTCAATCAAGCCTGGCAAAATTCCTCCCTAGCTTTTGGCTCTAACCATAGACAGCCAAAAGGAC,2f6772e8bcaa700fecdef7b2db457c1c3d97a7cc3405312c876175000c0bb385,0.618353531209851,0.184720055713483,0.413091732444509,-265.7329933550209,-264.9249374996871,-262.4435305632651,-256.08431164734066,-5.551163060590625,1.0,0.184720055713483,0.0,0,0.1786462046189566,0.18565657667894103,0.15145376406925343,0.14416883861213187,1.0
chr12:121222556:T:C;chr12:121222578:T:C;var1;middle;OL33|K562|0adb7214096374c5,chr12:121222556:T:C;chr12:121222578:T:C;var1;middle;OL33,K562,K562_region_00486,100,122,22,CTTCATATACATTAACTTGCAAAAATGCAGACAGTTCTACGGATTATACGTAGGACATGGATTATCCAGGCCCTATGAGTCTTTCTTTCCCAACGAGATTATGAGCTCCTTGTTCTCTTCATGGTGCCTTTCATTACAGCAGACACTCAGGAATATTTGTTGAAGTGAACTACTACCTCCTGGTGTTAACCATCTGGATG,945c64103d3c867716dbfa03957f343ef253601ea7e8e54142623ccf186d12c2,0.0,CTTCATATACATTAACTTGCAAAAATGCAGACAGTTCTACGGATTATACGTAGGACATGGATTATCCAGGCCCTATGAGTCTTTCTTTCCCAACGAGATCATGAGCTCCTTGTTCTCTTCATGGTGCCTTTCATTACAGCAGACACTCAGGAATATTTGTTGAAGTGAACTACTACCTCCTGGTGTTAACCATCTGGATG,59ba9a577a9871e7b0348b3a17e78d54425501a8905784bcf7a15b4dd7f7f20a,0.0339488087461994,CTTCATATACATTAACTTGCAAAAATGCAGACAGTTCTACGGATTATACGTAGGACATGGATTATCCAGGCCCTATGAGTCTTTCTTTCCCAACGAGATTATGAGCTCCTTGTTCTCTTCACGGTGCCTTTCATTACAGCAGACACTCAGGAATATTTGTTGAAGTGAACTACTACCTCCTGGTGTTAACCATCTGGATG,4f9d9070b294393c128cc148dc5ac4b27203618da54fa214988ea91206543c0c,0.232228001066908,CTTCATATACATTAACTTGCAAAAATGCAGACAGTTCTACGGATTATACGTAGGACATGGATTATCCAGGCCCTATGAGTCTTTCTTTCCCAACGAGATCATGAGCTCCTTGTTCTCTTCACGGTGCCTTTCATTACAGCAGACACTCAGGAATATTTGTTGAAGTGAACTACTACCTCCTGGTGTTAACCATCTGGATG,0adb7214096374c5d8032f56ad84f4fa3b68bc6e7401aa0c52d38e33a4d006ce,0.378051753281357,-0.1118749434682496,0.271974014780956,-352.1830925680697,-344.2731335125864,-345.1907015517354,-335.4835727121681,-1.7971697840839624,1.0,-0.1118749434682496,0.0,0,0.18346779004935004,0.18565657667894103,0.15145376406925343,0.14439994785252824,1.0
chr12:121420260:A:G;chr12:121420263:A:G;var1;middle;OL31|K562|12e8eb5529ec726d,chr12:121420260:A:G;chr12:121420263:A:G;var1;middle;OL31,K562,K562_region_00487,100,103,3,CCACTGCCCTCAGCCTTCAAACCCCAATCTTGAAGTATTCTGATCCTGCCCATCAGGCAGCATCAGGGCACTGAGACTCAGGAAAACAGTAGCCACGGCAGGAGGGGGGGGGGACAGAGGATCTGACGTCCCCAACAAAAGCCAGACTGCCTGCATCCTAATCCTAGCTCTGCCCCTTTCTAGCTTGAGCAGGTGATTTT,6d45f5f26fae0227d983b90c54882350b8a5e4dfeed50bd0ab8ea4de9080e6cf,0.0,CCACTGCCCTCAGCCTTCAAACCCCAATCTTGAAGTATTCTGATCCTGCCCATCAGGCAGCATCAGGGCACTGAGACTCAGGAAAACAGTAGCCACGGCGGGAGGGGGGGGGGACAGAGGATCTGACGTCCCCAACAAAAGCCAGACTGCCTGCATCCTAATCCTAGCTCTGCCCCTTTCTAGCTTGAGCAGGTGATTTT,a11b9f7abfcd01e1e52f8ad0ec490994223fd5832ac49c22a3cf333d4d814975,-0.171179884154633,CCACTGCCCTCAGCCTTCAAACCCCAATCTTGAAGTATTCTGATCCTGCCCATCAGGCAGCATCAGGGCACTGAGACTCAGGAAAACAGTAGCCACGGCAGGGGGGGGGGGGGACAGAGGATCTGACGTCCCCAACAAAAGCCAGACTGCCTGCATCCTAATCCTAGCTCTGCCCCTTTCTAGCTTGAGCAGGTGATTTT,549ab1edc5b88093c099c394646e734db173d909e4a78d78dbabf659fc4a50bc,-0.725039518694433,CCACTGCCCTCAGCCTTCAAACCCCAATCTTGAAGTATTCTGATCCTGCCCATCAGGCAGCATCAGGGCACTGAGACTCAGGAAAACAGTAGCCACGGCGGGGGGGGGGGGGGACAGAGGATCTGACGTCCCCAACAAAAGCCAGACTGCCTGCATCCTAATCCTAGCTCTGCCCCTTTCTAGCTTGAGCAGGTGATTTT,12e8eb5529ec726d56526879a58631ea7f29c526f4bc48a47eea79cbbca11d65,0.136116546725042,1.032335949574108,0.462970764371882,-226.7609616741538,-221.46791243180635,-218.24984399974343,-211.1342657059431,1.8225290514528751,-1.0,-1.032335949574108,0.0,0,0.18811688925713482,0.18565657667894103,0.15145376406925343,0.17849177292840085,1.0
chr12:121431225:G:A;chr12:121431300:C:T;var1;middle;OL29|K562|7194172cc810d7de,chr12:121431225:G:A;chr12:121431300:C:T;var1;middle;OL29,K562,K562_region_00488,100,175,75,TGAACACAGGTTAAGAAAGTGATGGCATGTGTGCTGTGTGTTTGTCATCAGTAGATTAGATGATTTCTAAGTTCTAGCTGTAAGCTCCTCTGGTTCAGCGCCATGGCAATGAGAAAGAATCAAGGGCAAGGTCAGGGGAATGGACGTGGGAAGGTGAGAGTGGCCAGTACCCCACTCACGGCTTTCTGTGCCTGCAGAGT,15220d5aabb19389e72c6048c0a3b2fc296786d353cbe74b6d227272a6df89bd,0.0,TGAACACAGGTTAAGAAAGTGATGGCATGTGTGCTGTGTGTTTGTCATCAGTAGATTAGATGATTTCTAAGTTCTAGCTGTAAGCTCCTCTGGTTCAGCACCATGGCAATGAGAAAGAATCAAGGGCAAGGTCAGGGGAATGGACGTGGGAAGGTGAGAGTGGCCAGTACCCCACTCACGGCTTTCTGTGCCTGCAGAGT,9971e8208936d064bfc86347cb0a8591fc593489df3edfab8cd97fed63309949,-0.496084059977833,TGAACACAGGTTAAGAAAGTGATGGCATGTGTGCTGTGTGTTTGTCATCAGTAGATTAGATGATTTCTAAGTTCTAGCTGTAAGCTCCTCTGGTTCAGCGCCATGGCAATGAGAAAGAATCAAGGGCAAGGTCAGGGGAATGGACGTGGGAAGGTGAGAGTGGCCAGTACCCCATTCACGGCTTTCTGTGCCTGCAGAGT,d9eb74367d04c08e444f66a3f773c9b42fea39e3527bfa46bf38b813c56e2f09,-0.365484911679841,TGAACACAGGTTAAGAAAGTGATGGCATGTGTGCTGTGTGTTTGTCATCAGTAGATTAGATGATTTCTAAGTTCTAGCTGTAAGCTCCTCTGGTTCAGCACCATGGCAATGAGAAAGAATCAAGGGCAAGGTCAGGGGAATGGACGTGGGAAGGTGAGAGTGGCCAGTACCCCATTCACGGCTTTCTGTGCCTGCAGAGT,7194172cc810d7dec817b37d828c1eb7e3f56056fdee9343eb044bfeec800160,-0.590971485781116,-0.2705974858765579,0.13270551307631,-254.60283525288105,-249.40967206656933,-256.7984895557165,-251.5880910903216,-0.01723527908319511,1.0,-0.2705974858765579,0.0,1,0.18234762381286088,0.18216460459877223,0.1501433469024087,0.05630336597085675,1.0
chr12:121435342:C:T;chr12:121435427:G:A;var1;middle;OL29|K562|88f39743c9c11bc1,chr12:121435342:C:T;chr12:121435427:G:A;var1;middle;OL29,K562,K562_region_00489,100,185,85,GGGGCCCAGCTGATTCCCTCCCCTTCCACTCCAGGCCTGGCCTCCACGCAGGCACAGAGTGTGCCGGTCATCAACAGCATGGGCAGCAGCCTGACCACCCTGCAGCCCGTCCAGTTCTCCCAGCCGCTGCACCCCTCCTACCAGCAGCCGCTCATGCCACCTGTGCAGAGCCATGTGACCCAGAGCCCCTTCATGGCCAC,1d92bda5596f679c63ace9b2fe1e55c5c00a1a4e839379dee060942597353d7c,0.0,GGGGCCCAGCTGATTCCCTCCCCTTCCACTCCAGGCCTGGCCTCCACGCAGGCACAGAGTGTGCCGGTCATCAACAGCATGGGCAGCAGCCTGACCACCTTGCAGCCCGTCCAGTTCTCCCAGCCGCTGCACCCCTCCTACCAGCAGCCGCTCATGCCACCTGTGCAGAGCCATGTGACCCAGAGCCCCTTCATGGCCAC,b1a292e07bb79940887770bb56cc01e02c1d36bd577ea6c0b0ae79c24942d6a6,-0.237751186515406,GGGGCCCAGCTGATTCCCTCCCCTTCCACTCCAGGCCTGGCCTCCACGCAGGCACAGAGTGTGCCGGTCATCAACAGCATGGGCAGCAGCCTGACCACCCTGCAGCCCGTCCAGTTCTCCCAGCCGCTGCACCCCTCCTACCAGCAGCCGCTCATGCCACCTGTGCAGAGCCATGTGACCCAGAACCCCTTCATGGCCAC,91ccb7edd55a9cfbf32243855c7ef29c5e0d080519f0af1dbf3112be70f5758e,0.239546134240216,GGGGCCCAGCTGATTCCCTCCCCTTCCACTCCAGGCCTGGCCTCCACGCAGGCACAGAGTGTGCCGGTCATCAACAGCATGGGCAGCAGCCTGACCACCTTGCAGCCCGTCCAGTTCTCCCAGCCGCTGCACCCCTCCTACCAGCAGCCGCTCATGCCACCTGTGCAGAGCCATGTGACCCAGAACCCCTTCATGGCCAC,88f39743c9c11bc1c525bbc70280dc01a3a81811c66cf4e64479e45baea53ea2,0.0471034450385806,0.0453084973137705,0.258902206631088,-183.9624693552032,-185.708236402832,-185.3482850030996,-187.5211528688669,-0.42710081813854117,-1.0,-0.0453084973137705,0.0,0,0.18522749074092504,0.18565657667894103,0.15145376406925343,0.2647160045991358,1.0
chr12:122265106:T:C;chr12:122265163:A:G;var1;middle;OL41|K562|2dd4da0003f601ed,chr12:122265106:T:C;chr12:122265163:A:G;var1;middle;OL41,K562,K562_region_00490,100,157,57,CAGAGGCCTGGGATGCTCCAAAGGTTAATGGCTGGGGCAGAGGCCCAGGGAGGCCAAGAGCAGGACGTGACACAAGGGTTTCGGAAGGATCCCCGATTTTGAACGCTTGTGGGGTGAGAGGGGTCTGGGTGAGAGCCAAGGAGGGGGTCAGGGTAGACAAAACTTTCGGCTGAAATGGGGAAAAGACAGCGCCAGGCAAG,7cdead04adbd8422ab0183bc96f664499f0d189644ca848a2e6cc8322d87bf67,0.0,CAGAGGCCTGGGATGCTCCAAAGGTTAATGGCTGGGGCAGAGGCCCAGGGAGGCCAAGAGCAGGACGTGACACAAGGGTTTCGGAAGGATCCCCGATTTCGAACGCTTGTGGGGTGAGAGGGGTCTGGGTGAGAGCCAAGGAGGGGGTCAGGGTAGACAAAACTTTCGGCTGAAATGGGGAAAAGACAGCGCCAGGCAAG,dbcba2686b33a49d2cc27592ed6365741affbb3e92400e33dc06497abf691c27,-0.44525831494841,CAGAGGCCTGGGATGCTCCAAAGGTTAATGGCTGGGGCAGAGGCCCAGGGAGGCCAAGAGCAGGACGTGACACAAGGGTTTCGGAAGGATCCCCGATTTTGAACGCTTGTGGGGTGAGAGGGGTCTGGGTGAGAGCCAAGGAGGGGGTCAGGGTAGGCAAAACTTTCGGCTGAAATGGGGAAAAGACAGCGCCAGGCAAG,de40b11e387fb9679706ef80514d78c13b4f777aa71ffde128282205691c7c26,-0.339196758950424,CAGAGGCCTGGGATGCTCCAAAGGTTAATGGCTGGGGCAGAGGCCCAGGGAGGCCAAGAGCAGGACGTGACACAAGGGTTTCGGAAGGATCCCCGATTTCGAACGCTTGTGGGGTGAGAGGGGTCTGGGTGAGAGCCAAGGAGGGGGTCAGGGTAGGCAAAACTTTCGGCTGAAATGGGGAAAAGACAGCGCCAGGCAAG,2dd4da0003f601ed42dabfd2b9db7d462c31bbdffa15fdba1007769ea57f52db,0.225574120077204,1.0100291939760382,0.417478647576662,-299.47113935276866,-289.16011426597834,-300.8473880942911,-298.9618870113045,-8.42552400380373,-1.0,-1.0100291939760382,0.0,3,0.16450242819298386,0.18106719778262317,0.1474303780702046,0.15329268275515057,1.0
chr12:124721371:C:T;chr12:124721419:T:A;var1;middle;OL41|K562|b9c579a7d47e941a,chr12:124721371:C:T;chr12:124721419:T:A;var1;middle;OL41,K562,K562_region_00491,100,148,48,TCCTGTCCTGTGCCCACTCCCCGGCCACCACCTTGGGAGTAAATGTTAGCTGAGAAGCTGTTGCTCACCCAGAGAGGAAGTTGGGTGTAATTAGAAAACCGAATCATAACTTAGATATTTTACAGCTCCCTCTGTTATCATGGACTCTGGAACATTCCACAGAGTCTCAATACCCTGAGTAATTTCTGGGGAATTCTGAC,717c32788efc21b6bd1074c5bccb0a2c49e8b9986da6eadbf8bb05714e0d1a55,0.0,TCCTGTCCTGTGCCCACTCCCCGGCCACCACCTTGGGAGTAAATGTTAGCTGAGAAGCTGTTGCTCACCCAGAGAGGAAGTTGGGTGTAATTAGAAAACTGAATCATAACTTAGATATTTTACAGCTCCCTCTGTTATCATGGACTCTGGAACATTCCACAGAGTCTCAATACCCTGAGTAATTTCTGGGGAATTCTGAC,16f38743a29a8e447809d2760881c72472654c2984a489785ba591d26f23a341,0.741925223885698,TCCTGTCCTGTGCCCACTCCCCGGCCACCACCTTGGGAGTAAATGTTAGCTGAGAAGCTGTTGCTCACCCAGAGAGGAAGTTGGGTGTAATTAGAAAACCGAATCATAACTTAGATATTTTACAGCTCCCTCTGTTATCATGGACTCAGGAACATTCCACAGAGTCTCAATACCCTGAGTAATTTCTGGGGAATTCTGAC,e7f273929df7819a1ba7495f86d1f5213fea0dda8cdef28744d0889195499df3,0.307143124309138,TCCTGTCCTGTGCCCACTCCCCGGCCACCACCTTGGGAGTAAATGTTAGCTGAGAAGCTGTTGCTCACCCAGAGAGGAAGTTGGGTGTAATTAGAAAACTGAATCATAACTTAGATATTTTACAGCTCCCTCTGTTATCATGGACTCAGGAACATTCCACAGAGTCTCAATACCCTGAGTAATTTCTGGGGAATTCTGAC,b9c579a7d47e941a99d46f4b6cb2fde952ed8913ebbc70bf765d401a9224c703,0.80756465025907,0.2415036979357659,0.445279199044047,-374.833444497548,-361.4187770121498,-397.5533566012164,-387.3287112492253,3.190022133407126,1.0,0.2415036979357659,0.0,0,0.18987328151318333,0.18565657667894103,0.15145376406925343,0.17297215204902178,1.0
chr12:125316031:G:T;chr12:125316055:A:C;var1;middle;OL28|K562|6c40de254c14717e,chr12:125316031:G:T;chr12:125316055:A:C;var1;middle;OL28,K562,K562_region_00492,100,124,24,GGATTACAGACGTGAGCCACTGCGCCTGGCCTAAAGCAAAAAATTATTGATCCAGGGTTGGGTACTCTTCAGATGTTCAATACACCCTCAAGTGGTGTCGCTAATAAGAGAGCACCTACAGCCACCAAGGCCCAATCAGGGTCCCAGTGCCCCGTCAAATCTGATTTCTGAAGCAGAGCAGCGAGGCCAGCCAGGAGACC,f4a3818f6f77c79be7a434202f184d45e294a744f9a9516e8db757788ad0bc68,0.0,GGATTACAGACGTGAGCCACTGCGCCTGGCCTAAAGCAAAAAATTATTGATCCAGGGTTGGGTACTCTTCAGATGTTCAATACACCCTCAAGTGGTGTCTCTAATAAGAGAGCACCTACAGCCACCAAGGCCCAATCAGGGTCCCAGTGCCCCGTCAAATCTGATTTCTGAAGCAGAGCAGCGAGGCCAGCCAGGAGACC,f4e83f76f772cca4901c5a9bc372e60e42e482dce0575ebcb766d0e39bb7e169,0.21993361237079,GGATTACAGACGTGAGCCACTGCGCCTGGCCTAAAGCAAAAAATTATTGATCCAGGGTTGGGTACTCTTCAGATGTTCAATACACCCTCAAGTGGTGTCGCTAATAAGAGAGCACCTACAGCCCCCAAGGCCCAATCAGGGTCCCAGTGCCCCGTCAAATCTGATTTCTGAAGCAGAGCAGCGAGGCCAGCCAGGAGACC,9d2c6c30ab7030e4c83f8c664e3f28aba3a11350346ca5cc7c06e0c0c5a096d9,0.150988034981923,GGATTACAGACGTGAGCCACTGCGCCTGGCCTAAAGCAAAAAATTATTGATCCAGGGTTGGGTACTCTTCAGATGTTCAATACACCCTCAAGTGGTGTCTCTAATAAGAGAGCACCTACAGCCCCCAAGGCCCAATCAGGGTCCCAGTGCCCCGTCAAATCTGATTTCTGAAGCAGAGCAGCGAGGCCAGCCAGGAGACC,6c40de254c14717ea3746e6e295508bfd8099f6f4fcb58f36307dbdaebc4fd34,0.20005037019091,0.170871277161803,0.2599091535268,-250.5209232843481,-248.62791140610352,-249.626647349447,-249.2882077917457,1.554572320543258,1.0,0.170871277161803,0.0,3,0.18460419261719338,0.18106719778262317,0.1474303780702046,0.2202609744325297,1.0
chr12:125799139:C:G;chr12:125799181:G:A;var1;middle;OL41|K562|5f5c28f014b786df,chr12:125799139:C:G;chr12:125799181:G:A;var1;middle;OL41,K562,K562_region_00493,100,142,42,TCCTGGGTTTCTTGTGCTGCATTGAGGAGGCGCTTCCTGCACCCGGGCTCAGAGGGGCTCAGCTACTACTTCCTGGAAGAGACTGAGCCAGCAAGGCTTCAACGGGGCAAATTCTCTAAACTGGGAACCGCACAAGAGGTCGCGAACCCTCGCGAGGGAGGCACAAAGATCTTTTCTTCCAGCTCAAATGAGTGAAGTTG,ce477da752ccffda8aba6ac6e9c7fd9676f0590e476936c9e9d86a8ea8ba330d,0.0,TCCTGGGTTTCTTGTGCTGCATTGAGGAGGCGCTTCCTGCACCCGGGCTCAGAGGGGCTCAGCTACTACTTCCTGGAAGAGACTGAGCCAGCAAGGCTTGAACGGGGCAAATTCTCTAAACTGGGAACCGCACAAGAGGTCGCGAACCCTCGCGAGGGAGGCACAAAGATCTTTTCTTCCAGCTCAAATGAGTGAAGTTG,4d782174fc990b31f67dbf02a6476bbc9d297fd5edf50e61a9bde7e8aa01df00,0.0476942707555563,TCCTGGGTTTCTTGTGCTGCATTGAGGAGGCGCTTCCTGCACCCGGGCTCAGAGGGGCTCAGCTACTACTTCCTGGAAGAGACTGAGCCAGCAAGGCTTCAACGGGGCAAATTCTCTAAACTGGGAACCGCACAAGAGGTCACGAACCCTCGCGAGGGAGGCACAAAGATCTTTTCTTCCAGCTCAAATGAGTGAAGTTG,7c92cfd7cfb32ba9309d8745fcf8759fc867e38b818439a89ab9a873fe47542d,0.334347252643909,TCCTGGGTTTCTTGTGCTGCATTGAGGAGGCGCTTCCTGCACCCGGGCTCAGAGGGGCTCAGCTACTACTTCCTGGAAGAGACTGAGCCAGCAAGGCTTGAACGGGGCAAATTCTCTAAACTGGGAACCGCACAAGAGGTCACGAACCCTCGCGAGGGAGGCACAAAGATCTTTTCTTCCAGCTCAAATGAGTGAAGTTG,5f5c28f014b786df0a8518f5a6d03a6a711bb5b0252c455dd4cfa762edd1211c,0.340580588791012,0.0414609346084533,0.223061896600919,-412.5947794672102,-402.634768572636,-413.3285560756922,-409.1365934964269,5.768048315308931,1.0,0.0414609346084533,0.0,2,0.18359321307434712,0.17490732828716207,0.146091925319964,0.15191199124032556,1.0
chr12:12618204:T:A;chr12:12618259:G:T;var1;middle;OL41|K562|e0d75cfcf6692e6d,chr12:12618204:T:A;chr12:12618259:G:T;var1;middle;OL41,K562,K562_region_00444,100,155,55,CACAAAGGATAAGCATTAGCAGCTCATACACGTGACAGAGCCAGATTCAGCCTTGGCCTGACTGATTTCCACATCCAGAATTCCCCTCATATAGGGAGATAGAAATCTCAGGATCTCAACAAGGTACAAATAACGCACATTCCCAGAACATAGAGCCAGGGACAGTCCCCTCTCAGTTCTCTTCTAAAGGTGGTTCTGGC,4cd8831fd941dff2b486ce9981ca62072d03744127a87216034a129034dc3a85,0.0,CACAAAGGATAAGCATTAGCAGCTCATACACGTGACAGAGCCAGATTCAGCCTTGGCCTGACTGATTTCCACATCCAGAATTCCCCTCATATAGGGAGAAAGAAATCTCAGGATCTCAACAAGGTACAAATAACGCACATTCCCAGAACATAGAGCCAGGGACAGTCCCCTCTCAGTTCTCTTCTAAAGGTGGTTCTGGC,04d082000857e3ab1d4323eb28040598bdde15b96c1a08e4702fccba0da084a7,-0.213614424805795,CACAAAGGATAAGCATTAGCAGCTCATACACGTGACAGAGCCAGATTCAGCCTTGGCCTGACTGATTTCCACATCCAGAATTCCCCTCATATAGGGAGATAGAAATCTCAGGATCTCAACAAGGTACAAATAACGCACATTCCCAGAACATAGATCCAGGGACAGTCCCCTCTCAGTTCTCTTCTAAAGGTGGTTCTGGC,af84177cdf4f3b8117ed32e7ee236aca3b5a9aff0ce4ce73b3e1b292cc7a1175,-0.159738584697391,CACAAAGGATAAGCATTAGCAGCTCATACACGTGACAGAGCCAGATTCAGCCTTGGCCTGACTGATTTCCACATCCAGAATTCCCCTCATATAGGGAGAAAGAAATCTCAGGATCTCAACAAGGTACAAATAACGCACATTCCCAGAACATAGATCCAGGGACAGTCCCCTCTCAGTTCTCTTCTAAAGGTGGTTCTGGC,e0d75cfcf6692e6dfcc0dfdd8946d0d32325517c8d7a87687aaeb9a5f3ff8f8f,-0.547063583996051,0.173710574492865,0.460717737617166,-339.2440760200843,-345.2512709037401,-325.9181537274271,-330.98861993290484,-0.9367286781780422,1.0,0.173710574492865,0.0,4,0.17503833415181347,0.17620727786206916,0.145609630836647,0.24435927741075134,1.0
chr12:126467920:C:A;chr12:126467943:G:A;var1;middle;OL41|K562|2a83d6ab2d1bb108,chr12:126467920:C:A;chr12:126467943:G:A;var1;middle;OL41,K562,K562_region_00494,100,123,23,GAGGCTGTGAGAAGATCAAGGTAACTGGACAACTCTTTGCACACCCCCAGGGGCAGAGTGCCTGCCAGCAGGACTTCCCAAAGCAGTCGCCAGGCTCCACGAAGCGGCGCTGATACTTTGGGGGCTTCCGCCTAGTGCAGGGCGGGGCCCGTGGGCAGGACCCTCCCCCCCCCAGGCTCCTCCCAGAAAGAGCGCGAGGC,488714f8cfe7f1b6e930f93fd14c5495bbc23dfdb59be8f59c9c9c79cb0b43fa,0.0,GAGGCTGTGAGAAGATCAAGGTAACTGGACAACTCTTTGCACACCCCCAGGGGCAGAGTGCCTGCCAGCAGGACTTCCCAAAGCAGTCGCCAGGCTCCAAGAAGCGGCGCTGATACTTTGGGGGCTTCCGCCTAGTGCAGGGCGGGGCCCGTGGGCAGGACCCTCCCCCCCCCAGGCTCCTCCCAGAAAGAGCGCGAGGC,5de0a57743dbffc690810a7cfa7a11c9942316fb4f06f234832d32cf07fd6ec7,-0.107837936445568,GAGGCTGTGAGAAGATCAAGGTAACTGGACAACTCTTTGCACACCCCCAGGGGCAGAGTGCCTGCCAGCAGGACTTCCCAAAGCAGTCGCCAGGCTCCACGAAGCGGCGCTGATACTTTGGGAGCTTCCGCCTAGTGCAGGGCGGGGCCCGTGGGCAGGACCCTCCCCCCCCCAGGCTCCTCCCAGAAAGAGCGCGAGGC,15cdebb5654c3ec08aea3ced47ad35417f76ccac323613af330a5cf33a780bed,0.877667019369202,GAGGCTGTGAGAAGATCAAGGTAACTGGACAACTCTTTGCACACCCCCAGGGGCAGAGTGCCTGCCAGCAGGACTTCCCAAAGCAGTCGCCAGGCTCCAAGAAGCGGCGCTGATACTTTGGGAGCTTCCGCCTAGTGCAGGGCGGGGCCCGTGGGCAGGACCCTCCCCCCCCCAGGCTCCTCCCAGAAAGAGCGCGAGGC,2a83d6ab2d1bb108bd02919c9aedeae02a5666e56b12cadbc06504fd7e7ef1f3,0.929224594781356,0.1593955118577219,0.2148302091721,-331.3785675563849,-324.946649053134,-338.5601346013136,-328.1579214821104,3.970294615952355,-1.0,-0.1593955118577219,0.0,2,0.18097553833642868,0.17490732828716207,0.146091925319964,0.029216268560030456,1.0
chr12:126467943:G:A;chr12:126468018:G:A;var1;middle;OL41|K562|518f5766ff62fdaa,chr12:126467943:G:A;chr12:126468018:G:A;var1;middle;OL41,K562,K562_region_00494,100,175,75,ACTGGACAACTCTTTGCACACCCCCAGGGGCAGAGTGCCTGCCAGCAGGACTTCCCAAAGCAGTCGCCAGGCTCCACGAAGCGGCGCTGATACTTTGGGGGCTTCCGCCTAGTGCAGGGCGGGGCCCGTGGGCAGGACCCTCCCCCCCCCAGGCTCCTCCCAGAAAGAGCGCGAGGCGGAGGGGAGGGGCTGCACGTTCC,2d3cd07e9eef8e702b5e6e3bf55774360b465dc06253cf38af7d2bee187ac727,0.0,ACTGGACAACTCTTTGCACACCCCCAGGGGCAGAGTGCCTGCCAGCAGGACTTCCCAAAGCAGTCGCCAGGCTCCACGAAGCGGCGCTGATACTTTGGGAGCTTCCGCCTAGTGCAGGGCGGGGCCCGTGGGCAGGACCCTCCCCCCCCCAGGCTCCTCCCAGAAAGAGCGCGAGGCGGAGGGGAGGGGCTGCACGTTCC,92190da2fb347323d61df666a6b9472c73843b03e6954368d27dad3c8c4327ce,0.645923814357166,ACTGGACAACTCTTTGCACACCCCCAGGGGCAGAGTGCCTGCCAGCAGGACTTCCCAAAGCAGTCGCCAGGCTCCACGAAGCGGCGCTGATACTTTGGGGGCTTCCGCCTAGTGCAGGGCGGGGCCCGTGGGCAGGACCCTCCCCCCCCCAGGCTCCTCCCAGAAAGAGCGCGAAGCGGAGGGGAGGGGCTGCACGTTCC,0cbbb7a56d57d51cbc33c9f41d9ed878e2dc02ac9f43e4285f7be4331ea9eb29,-0.181094444208859,ACTGGACAACTCTTTGCACACCCCCAGGGGCAGAGTGCCTGCCAGCAGGACTTCCCAAAGCAGTCGCCAGGCTCCACGAAGCGGCGCTGATACTTTGGGAGCTTCCGCCTAGTGCAGGGCGGGGCCCGTGGGCAGGACCCTCCCCCCCCCAGGCTCCTCCCAGAAAGAGCGCGAAGCGGAGGGGAGGGGCTGCACGTTCC,518f5766ff62fdaad811162077a89e54ecc542d2bef00ff73ea356a3bb234e50,0.564952309675176,0.100122939526869,0.337939486042718,-381.1181978301611,-395.7573020467535,-379.0244888947345,-400.0375383147039,-6.373945203376991,-1.0,-0.100122939526869,0.0,2,0.16591348880888787,0.17490732828716207,0.146091925319964,0.1660994003079448,1.0
chr12:126468005:A:C;chr12:126468018:G:A;var1;middle;OL41|K562|19bd2a31534fcae3,chr12:126468005:A:C;chr12:126468018:G:A;var1;middle;OL41,K562,K562_region_00494,100,113,13,GTCGCCAGGCTCCACGAAGCGGCGCTGATACTTTGGGGGCTTCCGCCTAGTGCAGGGCGGGGCCCGTGGGCAGGACCCTCCCCCCCCCAGGCTCCTCCCAGAAAGAGCGCGAGGCGGAGGGGAGGGGCTGCACGTTCCTGGTGTTTGCCTATTAGCGGGAACCATCAGCGGACAAGACACCCCCGTTTCCTGGACTCCTA,c3772caa6ab0be58539971f18e9d186c558ccea5fee4a3b591e8a4c64387ca2f,0.0,GTCGCCAGGCTCCACGAAGCGGCGCTGATACTTTGGGGGCTTCCGCCTAGTGCAGGGCGGGGCCCGTGGGCAGGACCCTCCCCCCCCCAGGCTCCTCCCCGAAAGAGCGCGAGGCGGAGGGGAGGGGCTGCACGTTCCTGGTGTTTGCCTATTAGCGGGAACCATCAGCGGACAAGACACCCCCGTTTCCTGGACTCCTA,9da8a7e4da2d1c8fe1f419080d29fd2c8c1009a172eeac42e2e33137ef785270,-0.20065995301819,GTCGCCAGGCTCCACGAAGCGGCGCTGATACTTTGGGGGCTTCCGCCTAGTGCAGGGCGGGGCCCGTGGGCAGGACCCTCCCCCCCCCAGGCTCCTCCCAGAAAGAGCGCGAAGCGGAGGGGAGGGGCTGCACGTTCCTGGTGTTTGCCTATTAGCGGGAACCATCAGCGGACAAGACACCCCCGTTTCCTGGACTCCTA,426b0d576f9aba776b7935e116bd4dd54f15ed5c71fafd1f134991e2ff39f7ec,-0.189702480050214,GTCGCCAGGCTCCACGAAGCGGCGCTGATACTTTGGGGGCTTCCGCCTAGTGCAGGGCGGGGCCCGTGGGCAGGACCCTCCCCCCCCCAGGCTCCTCCCCGAAAGAGCGCGAAGCGGAGGGGAGGGGCTGCACGTTCCTGGTGTTTGCCTATTAGCGGGAACCATCAGCGGACAAGACACCCCCGTTTCCTGGACTCCTA,19bd2a31534fcae3f10d055497a165eb88689e02bc48c4cf1c7841f6aad1cb9a,-0.353882573054029,-0.036479860014375,0.25287129521241,-267.9714649319649,-264.16323329508305,-333.9113987023011,-290.33299621474,-39.77017085067928,1.0,-0.036479860014375,0.0,2,0.11728588412085117,0.17490732828716207,0.146091925319964,0.16698796192898485,1.0
chr12:127941262:C:G;chr12:127941275:A:G;var1;middle;OL41|K562|3b13dbf85fa87fef,chr12:127941262:C:G;chr12:127941275:A:G;var1;middle;OL41,K562,K562_region_00495,100,113,13,ATAGCCATTCCCCACCAGACACAGGTGCCTGTCAGGGTCTCAGAGTGGGGAATCACATCCTGTTTTCCTGGAACCCTTTCCACCTGAGAGCTCTTCAAGCCGAGCCATGAACACGTGCGACTGAACATTGCTGAGAGAAACGGAAAAGTTGCTTTTGCTTTCCTAGATGCCTCACGCACAGCCTCTAGTTCCCTGGAAAC,cef3501d9fa78daf991156d8921ba25f30455069eb03c92a6e2b2afb518479c3,0.0,ATAGCCATTCCCCACCAGACACAGGTGCCTGTCAGGGTCTCAGAGTGGGGAATCACATCCTGTTTTCCTGGAACCCTTTCCACCTGAGAGCTCTTCAAGGCGAGCCATGAACACGTGCGACTGAACATTGCTGAGAGAAACGGAAAAGTTGCTTTTGCTTTCCTAGATGCCTCACGCACAGCCTCTAGTTCCCTGGAAAC,0b244a0a31a8e223c43df8c887c6ba1670ea6a726cfc2882f753c86249752232,0.0355063647040062,ATAGCCATTCCCCACCAGACACAGGTGCCTGTCAGGGTCTCAGAGTGGGGAATCACATCCTGTTTTCCTGGAACCCTTTCCACCTGAGAGCTCTTCAAGCCGAGCCATGAACGCGTGCGACTGAACATTGCTGAGAGAAACGGAAAAGTTGCTTTTGCTTTCCTAGATGCCTCACGCACAGCCTCTAGTTCCCTGGAAAC,cd84b0f46b8ce05a00eb90e0c709fd0680d189d45ee5cfda14a41151d9b9ec6f,-0.27591976304436,ATAGCCATTCCCCACCAGACACAGGTGCCTGTCAGGGTCTCAGAGTGGGGAATCACATCCTGTTTTCCTGGAACCCTTTCCACCTGAGAGCTCTTCAAGGCGAGCCATGAACGCGTGCGACTGAACATTGCTGAGAGAAACGGAAAAGTTGCTTTTGCTTTCCTAGATGCCTCACGCACAGCCTCTAGTTCCCTGGAAAC,3b13dbf85fa87fefef4c8bcad0a7726e726cfd756afeb9dbac8382885751138f,-0.195417233898734,0.0449961644416198,0.241987033713748,-348.09173788130283,-363.6940760239959,-346.2771343179047,-359.5391406137496,2.3403318468481302,-1.0,-0.0449961644416198,0.0,3,0.18618685799220844,0.18106719778262317,0.1474303780702046,0.12875211876892317,1.0
chr12:131519661:G:A;chr12:131519684:T:C;var1;middle;OL41|K562|124177efe565cf2e,chr12:131519661:G:A;chr12:131519684:T:C;var1;middle;OL41,K562,K562_region_00496,100,123,23,GGGCCCCTGTCACTCAGAGTGAAGACAGACCCTGACCTGTGACTCACAGCCCTGTGTGGTCAGCCCAGCCTCATCTTGAACCTCTCTCCTCCTCTGTCCGTGCCCTCACCTCCGGGCCTTTGTACACGCTGTCCCCTCTGCCCAGAGCACTCTCCTCCTCCCCTTCCTGGTCGCTCCTGGTCGTCGTCCTGTCTCAGCTC,5fdbec8622ccf887f39fed8a5970b07ff92ccd59156def0fa29d84152a749a87,0.0,GGGCCCCTGTCACTCAGAGTGAAGACAGACCCTGACCTGTGACTCACAGCCCTGTGTGGTCAGCCCAGCCTCATCTTGAACCTCTCTCCTCCTCTGTCCATGCCCTCACCTCCGGGCCTTTGTACACGCTGTCCCCTCTGCCCAGAGCACTCTCCTCCTCCCCTTCCTGGTCGCTCCTGGTCGTCGTCCTGTCTCAGCTC,0038c6ca312f8f0934e3887f10af7605be04cb61fa43c9b21d841ec6476e3794,-0.0009855330050923,GGGCCCCTGTCACTCAGAGTGAAGACAGACCCTGACCTGTGACTCACAGCCCTGTGTGGTCAGCCCAGCCTCATCTTGAACCTCTCTCCTCCTCTGTCCGTGCCCTCACCTCCGGGCCTTTGCACACGCTGTCCCCTCTGCCCAGAGCACTCTCCTCCTCCCCTTCCTGGTCGCTCCTGGTCGTCGTCCTGTCTCAGCTC,9f0cda470e3d5bf513c1522ff33ce632a02e0825c824560d202543c85a0f6c0f,-0.558811164845504,GGGCCCCTGTCACTCAGAGTGAAGACAGACCCTGACCTGTGACTCACAGCCCTGTGTGGTCAGCCCAGCCTCATCTTGAACCTCTCTCCTCCTCTGTCCATGCCCTCACCTCCGGGCCTTTGCACACGCTGTCCCCTCTGCCCAGAGCACTCTCCTCCTCCCCTTCCTGGTCGCTCCTGGTCGTCGTCCTGTCTCAGCTC,124177efe565cf2e962fc9b988e411e36af4caac962e897cf0e1efaafc97f29b,-0.203060152432328,0.3567365454182682,0.50611465397339,-203.8738797456026,-197.96257686428729,-198.23200483433905,-191.7168552558869,0.6038466971368166,-1.0,-0.3567365454182682,0.0,3,0.1826892549359655,0.18106719778262317,0.1474303780702046,0.3022192706504759,1.0
chr12:132674034:G:C;chr12:132674116:T:C;var1;middle;OL41|K562|d613e57b576283dc,chr12:132674034:G:C;chr12:132674116:T:C;var1;middle;OL41,K562,K562_region_00497,100,182,82,CCACAGCTCTTCCACCCTCGGGGAGGTGTTCTTCCCCCTCTGCTGAGCCTGCATGAAGACGCGTGCGCTCAGGCCGGCGTCTGCAGTGTAGACACAGCTGCCTAGGCTCACTTGTGGTGTGGACGCTGTGCTGTGCCGGTGTTGCGCTGTGTCCGGTGCAGGCGCCGTCCTCTGGCTTCTCTGGGGTGTGTGCAGCGTCG,105808dc77355dffdcfb14479f083da0da06dffaadd87284d84f4673e6f09f4f,0.0,CCACAGCTCTTCCACCCTCGGGGAGGTGTTCTTCCCCCTCTGCTGAGCCTGCATGAAGACGCGTGCGCTCAGGCCGGCGTCTGCAGTGTAGACACAGCTCCCTAGGCTCACTTGTGGTGTGGACGCTGTGCTGTGCCGGTGTTGCGCTGTGTCCGGTGCAGGCGCCGTCCTCTGGCTTCTCTGGGGTGTGTGCAGCGTCG,d611919d55cf47ce65615d19096a5bd22eeedf64175b8940cf30b682f6852419,-0.131323346215929,CCACAGCTCTTCCACCCTCGGGGAGGTGTTCTTCCCCCTCTGCTGAGCCTGCATGAAGACGCGTGCGCTCAGGCCGGCGTCTGCAGTGTAGACACAGCTGCCTAGGCTCACTTGTGGTGTGGACGCTGTGCTGTGCCGGTGTTGCGCTGTGTCCGGTGCAGGCGCCGTCCTCTGGCTTCTCCGGGGTGTGTGCAGCGTCG,921e2399db4b66689816d488c74636b1c49e0628aa04dcd1c802b2bf8a00b994,-0.191801226838511,CCACAGCTCTTCCACCCTCGGGGAGGTGTTCTTCCCCCTCTGCTGAGCCTGCATGAAGACGCGTGCGCTCAGGCCGGCGTCTGCAGTGTAGACACAGCTCCCTAGGCTCACTTGTGGTGTGGACGCTGTGCTGTGCCGGTGTTGCGCTGTGTCCGGTGCAGGCGCCGTCCTCTGGCTTCTCCGGGGTGTGTGCAGCGTCG,d613e57b576283dc503214dd29bef4fe1fd996f4383e6343ece063e408bba28b,-0.0629390593395094,0.2601855137149306,0.310713979789976,-344.0295173851773,-370.8311630715616,-340.9122216401156,-367.1277805748396,0.5860867516602752,-1.0,-0.2601855137149306,0.0,3,0.18265348311287344,0.18106719778262317,0.1474303780702046,0.1428437991846938,1.0
chr12:132674034:G:C;chr12:132674118:G:T;var1;middle;OL41|K562|73d8b21fe7530b66,chr12:132674034:G:C;chr12:132674118:G:T;var1;middle;OL41,K562,K562_region_00497,100,184,84,CCACAGCTCTTCCACCCTCGGGGAGGTGTTCTTCCCCCTCTGCTGAGCCTGCATGAAGACGCGTGCGCTCAGGCCGGCGTCTGCAGTGTAGACACAGCTGCCTAGGCTCACTTGTGGTGTGGACGCTGTGCTGTGCCGGTGTTGCGCTGTGTCCGGTGCAGGCGCCGTCCTCTGGCTTCTCTGGGGTGTGTGCAGCGTCG,105808dc77355dffdcfb14479f083da0da06dffaadd87284d84f4673e6f09f4f,0.0,CCACAGCTCTTCCACCCTCGGGGAGGTGTTCTTCCCCCTCTGCTGAGCCTGCATGAAGACGCGTGCGCTCAGGCCGGCGTCTGCAGTGTAGACACAGCTCCCTAGGCTCACTTGTGGTGTGGACGCTGTGCTGTGCCGGTGTTGCGCTGTGTCCGGTGCAGGCGCCGTCCTCTGGCTTCTCTGGGGTGTGTGCAGCGTCG,d611919d55cf47ce65615d19096a5bd22eeedf64175b8940cf30b682f6852419,-0.13137309108845,CCACAGCTCTTCCACCCTCGGGGAGGTGTTCTTCCCCCTCTGCTGAGCCTGCATGAAGACGCGTGCGCTCAGGCCGGCGTCTGCAGTGTAGACACAGCTGCCTAGGCTCACTTGTGGTGTGGACGCTGTGCTGTGCCGGTGTTGCGCTGTGTCCGGTGCAGGCGCCGTCCTCTGGCTTCTCTGTGGTGTGTGCAGCGTCG,6c0ec3d5d01ebc9fbf35ad43eab8634ed36ff67bec72950b9ab75a85438f6b59,0.124772495467222,CCACAGCTCTTCCACCCTCGGGGAGGTGTTCTTCCCCCTCTGCTGAGCCTGCATGAAGACGCGTGCGCTCAGGCCGGCGTCTGCAGTGTAGACACAGCTCCCTAGGCTCACTTGTGGTGTGGACGCTGTGCTGTGCCGGTGTTGCGCTGTGTCCGGTGCAGGCGCCGTCCTCTGGCTTCTCTGTGGTGTGTGCAGCGTCG,73d8b21fe7530b66b377b3786286e10eea1f2ce4307f24cde4aad45384c018e2,-0.0105525227766027,-0.0039519271553747,0.240820969116208,-344.0295173851773,-370.8311630715616,-352.90681556088384,-377.70132391154766,2.007137335720472,-1.0,0.0039519271553747,0.0,3,0.18551574246862496,0.18106719778262317,0.1474303780702046,0.150703595503477,1.0
chr12:132674116:T:C;chr12:132674118:G:T;var1;middle;OL41|K562|173c734556bc210c,chr12:132674116:T:C;chr12:132674118:G:T;var1;middle;OL41,K562,K562_region_00497,100,102,2,GCAGTGTAGACACAGCTGCCTAGGCTCACTTGTGGTGTGGACGCTGTGCTGTGCCGGTGTTGCGCTGTGTCCGGTGCAGGCGCCGTCCTCTGGCTTCTCTGGGGTGTGTGCAGCGTCGACGCTGTCCCGGCGGGGCTCGGAGGGAACCGCCCGGCGTAGTGTGAGGGGCGGGGCCGCTCCTGCGGAGTCCACGGAGCTCG,e5ff2030a5c76f3653c004e3dee67470a4b50c55352789d9dcaa6c9b13e621f2,0.0,GCAGTGTAGACACAGCTGCCTAGGCTCACTTGTGGTGTGGACGCTGTGCTGTGCCGGTGTTGCGCTGTGTCCGGTGCAGGCGCCGTCCTCTGGCTTCTCCGGGGTGTGTGCAGCGTCGACGCTGTCCCGGCGGGGCTCGGAGGGAACCGCCCGGCGTAGTGTGAGGGGCGGGGCCGCTCCTGCGGAGTCCACGGAGCTCG,1da91ce28d665e4297f41c7969c6c57d27104b643bd370c25166a0f4e6be6d06,-0.321926609474839,GCAGTGTAGACACAGCTGCCTAGGCTCACTTGTGGTGTGGACGCTGTGCTGTGCCGGTGTTGCGCTGTGTCCGGTGCAGGCGCCGTCCTCTGGCTTCTCTGTGGTGTGTGCAGCGTCGACGCTGTCCCGGCGGGGCTCGGAGGGAACCGCCCGGCGTAGTGTGAGGGGCGGGGCCGCTCCTGCGGAGTCCACGGAGCTCG,91ca0fa5bd82ae8c169bb1b3d27f16543eee53088a1bdd5ad65e58b3e0ab5ce6,0.267116436258673,GCAGTGTAGACACAGCTGCCTAGGCTCACTTGTGGTGTGGACGCTGTGCTGTGCCGGTGTTGCGCTGTGTCCGGTGCAGGCGCCGTCCTCTGGCTTCTCCGTGGTGTGTGCAGCGTCGACGCTGTCCCGGCGGGGCTCGGAGGGAACCGCCCGGCGTAGTGTGAGGGGCGGGGCCGCTCCTGCGGAGTCCACGGAGCTCG,173c734556bc210c29d77c114b8e760136279b364e2237fcc830fd3a2d38e0e1,-0.281286880217032,-0.226476707000866,0.24685747685877,-394.660879551433,-374.7582951076329,-388.17449595266953,-393.46218808507547,-25.190276576206088,-1.0,0.226476707000866,0.0,3,0.13073510813030467,0.18106719778262317,0.1474303780702046,-0.014444095094234333,1.0
chr12:133181399:T:C;chr12:133181425:A:G;var1;middle;OL41|K562|2a92edbdf227478b,chr12:133181399:T:C;chr12:133181425:A:G;var1;middle;OL41,K562,K562_region_00498,100,126,26,AGGGCAGGCACTGCAGGAAGATGGTCTTAGGGGTGCAGAGCGTGTGTGGGGCCAGGCTGTTGATGGTACAGCAGTTGCTCTGGCACTCCTCGTGTCTCCTGCATGGCTCCCCGATGCCCTGAAACACCACTCACCAGCTCGCTCACCTGTTCCTGGGCAGGGCCTGCAGACTCAGCACTCAGGAAAGGCCTGCCCTCTCC,322cc35fb37832dea985db5c7e3495e5e077103aa69771567f97ca5a3febb267,0.0,AGGGCAGGCACTGCAGGAAGATGGTCTTAGGGGTGCAGAGCGTGTGTGGGGCCAGGCTGTTGATGGTACAGCAGTTGCTCTGGCACTCCTCGTGTCTCCCGCATGGCTCCCCGATGCCCTGAAACACCACTCACCAGCTCGCTCACCTGTTCCTGGGCAGGGCCTGCAGACTCAGCACTCAGGAAAGGCCTGCCCTCTCC,d945547376631c082a73c261be2a059cb0cc107b415dae3db00c22193a178a42,-0.445924963034501,AGGGCAGGCACTGCAGGAAGATGGTCTTAGGGGTGCAGAGCGTGTGTGGGGCCAGGCTGTTGATGGTACAGCAGTTGCTCTGGCACTCCTCGTGTCTCCTGCATGGCTCCCCGATGCCCTGAAACGCCACTCACCAGCTCGCTCACCTGTTCCTGGGCAGGGCCTGCAGACTCAGCACTCAGGAAAGGCCTGCCCTCTCC,8961778da66203b02a8a6d192bd89edfd598445dc8088b698f28818e5718b8b7,-0.13224753579379,AGGGCAGGCACTGCAGGAAGATGGTCTTAGGGGTGCAGAGCGTGTGTGGGGCCAGGCTGTTGATGGTACAGCAGTTGCTCTGGCACTCCTCGTGTCTCCCGCATGGCTCCCCGATGCCCTGAAACGCCACTCACCAGCTCGCTCACCTGTTCCTGGGCAGGGCCTGCAGACTCAGCACTCAGGAAAGGCCTGCCCTCTCC,2a92edbdf227478b226be739a1c98db564d6077695d107b5d85ae036ab7eb124,-0.102977977404217,0.475194521424074,0.328911956831891,-267.4762316606939,-270.6609763875604,-300.5432135593146,-300.3798123151064,3.3481459710747004,-1.0,-0.475194521424074,0.0,4,0.18034905628913617,0.17620727786206916,0.145609630836647,0.16622695336077425,1.0
chr12:14926776:G:T;chr12:14926835:T:C;var1;middle;OL41|K562|1666ca69466aa9be,chr12:14926776:G:T;chr12:14926835:T:C;var1;middle;OL41,K562,K562_region_00445,100,159,59,GTTCCTCCCGTCAGCACAGGAAGCATTCACGTCTGGTCATCACTCTAGCTTCAGACTCAAAAGTGAACGATTGGCTGGCTGTGAGCCGCAGGACCCTGCGGGGAGACCAGGGTGGTCTCTACACTGTTGGGTAGCTAGCTGGAGGCAAGGCGCTTGTATAAGAAACAGTCCACGGACCCTGTCCTGGGCAGGCAGAATTC,7bb2796dbc64f0bf41a971f59625a36ffa7e8c6daf7c991db673ef084e6b14ad,0.0,GTTCCTCCCGTCAGCACAGGAAGCATTCACGTCTGGTCATCACTCTAGCTTCAGACTCAAAAGTGAACGATTGGCTGGCTGTGAGCCGCAGGACCCTGCTGGGAGACCAGGGTGGTCTCTACACTGTTGGGTAGCTAGCTGGAGGCAAGGCGCTTGTATAAGAAACAGTCCACGGACCCTGTCCTGGGCAGGCAGAATTC,62a01ee8d9bf344e4c49e2d1740303cec6e92311fb1c700710bac52a8bdc83a3,0.126201669405742,GTTCCTCCCGTCAGCACAGGAAGCATTCACGTCTGGTCATCACTCTAGCTTCAGACTCAAAAGTGAACGATTGGCTGGCTGTGAGCCGCAGGACCCTGCGGGGAGACCAGGGTGGTCTCTACACTGTTGGGTAGCTAGCTGGAGGCAAGGCGCTTGTACAAGAAACAGTCCACGGACCCTGTCCTGGGCAGGCAGAATTC,b745c01254f95da917da36041c924a005ef2fe384990cf2410b704cb953d3ae1,0.085996620266088,GTTCCTCCCGTCAGCACAGGAAGCATTCACGTCTGGTCATCACTCTAGCTTCAGACTCAAAAGTGAACGATTGGCTGGCTGTGAGCCGCAGGACCCTGCTGGGAGACCAGGGTGGTCTCTACACTGTTGGGTAGCTAGCTGGAGGCAAGGCGCTTGTACAAGAAACAGTCCACGGACCCTGTCCTGGGCAGGCAGAATTC,1666ca69466aa9bed3b5f5c08aac7c6a1fa84d1b4ff19479956d6b7f63116609,0.0624182417077,0.14978004796413,0.479215537379836,-315.5522793792188,-312.3556212401017,-318.30233358964324,-312.9844851754606,-2.121190275065601,1.0,0.14978004796413,0.0,2,0.17210584382747757,0.17490732828716207,0.146091925319964,0.07275996878929558,1.0
chr12:1629503:A:G;chr12:1629523:G:A;var1;middle;OL29|K562|6728292f778bd7a5,chr12:1629503:A:G;chr12:1629523:G:A;var1;middle;OL29,K562,K562_region_00422,100,120,20,GACCAGCCTAGCCAACATGGTGAAACATGGTGAAACCCAGTCTCTACTAAAAACACAAAAAATTAGCCAGGTGTGGTGGTGCATATTTGTAATCCCAGCAGTTTGGGAGGCTGAGGCACGAGAATCACTTGAACCCAGGAGACAGAGGTTGCAGTGAGCCAAGATCATGCCACTGCACTCCAGCCTGGGCTGTAACAGAG,09e600669b3d8273bc1525c8a2fb42588dd2ee38d3fdc117a7c978afed1022a5,0.0,GACCAGCCTAGCCAACATGGTGAAACATGGTGAAACCCAGTCTCTACTAAAAACACAAAAAATTAGCCAGGTGTGGTGGTGCATATTTGTAATCCCAGCGGTTTGGGAGGCTGAGGCACGAGAATCACTTGAACCCAGGAGACAGAGGTTGCAGTGAGCCAAGATCATGCCACTGCACTCCAGCCTGGGCTGTAACAGAG,98b1adead24b965db7180cf73b8beea683d148f154b70f2ccafe28573e3d8d56,0.27932300655679,GACCAGCCTAGCCAACATGGTGAAACATGGTGAAACCCAGTCTCTACTAAAAACACAAAAAATTAGCCAGGTGTGGTGGTGCATATTTGTAATCCCAGCAGTTTGGGAGGCTGAGGCACAAGAATCACTTGAACCCAGGAGACAGAGGTTGCAGTGAGCCAAGATCATGCCACTGCACTCCAGCCTGGGCTGTAACAGAG,641f2f5e4130edbe166bc5b5d24c8ddec9ab419d0f9397ab922ba746c4be21f6,-0.0611764786110118,GACCAGCCTAGCCAACATGGTGAAACATGGTGAAACCCAGTCTCTACTAAAAACACAAAAAATTAGCCAGGTGTGGTGGTGCATATTTGTAATCCCAGCGGTTTGGGAGGCTGAGGCACAAGAATCACTTGAACCCAGGAGACAGAGGTTGCAGTGAGCCAAGATCATGCCACTGCACTCCAGCCTGGGCTGTAACAGAG,6728292f778bd7a53a0e63e034b55a8bc9403b502b390b2f7d8eee57f1633729,0.140685664612858,-0.0774608633329201,0.215192072467071,-73.93468784261495,-76.73467541392893,-71.68035157117993,-74.6295820819214,-0.149242939427495,-1.0,0.0774608633329201,0.0,0,0.18558436817810572,0.18565657667894103,0.15145376406925343,0.209858355733155,1.0
chr12:19158080:C:T;chr12:19158099:G:T;var1;middle;OL29|K562|f0c2024a0f328eb6,chr12:19158080:C:T;chr12:19158099:G:T;var1;middle;OL29,K562,K562_region_00446,100,119,19,GTTATTTACAACCCAGTGCTCAAAGGTTCCTCACTTGAGAAGATTAAGAAAAATGCTGATGTTTTAGAGATAGTCCAAAATATAGAGTTCTAAATGTCACCAAATAGGATATAAAGCCGTATACCAGGCATTTTGGTAAACCACGTTCTATGTTTCCACTAGATAAACCAACTAGGGTAAATGTTACACAGTTGAGATTG,9f79b6fbc229f45e179ff2593d341be7f4d3b41f047dccedcd91adba883fb292,0.0,GTTATTTACAACCCAGTGCTCAAAGGTTCCTCACTTGAGAAGATTAAGAAAAATGCTGATGTTTTAGAGATAGTCCAAAATATAGAGTTCTAAATGTCATCAAATAGGATATAAAGCCGTATACCAGGCATTTTGGTAAACCACGTTCTATGTTTCCACTAGATAAACCAACTAGGGTAAATGTTACACAGTTGAGATTG,8e088a644e1471e6d1de067795d85736d74d72145a42917646dfc3fd11284051,0.0204976436544304,GTTATTTACAACCCAGTGCTCAAAGGTTCCTCACTTGAGAAGATTAAGAAAAATGCTGATGTTTTAGAGATAGTCCAAAATATAGAGTTCTAAATGTCACCAAATAGGATATAAAGCCTTATACCAGGCATTTTGGTAAACCACGTTCTATGTTTCCACTAGATAAACCAACTAGGGTAAATGTTACACAGTTGAGATTG,a36352e68f3e66cf67ad1624e0d42528de8639c96a4eae825f0d1929c2923523,-0.0045467390429192,GTTATTTACAACCCAGTGCTCAAAGGTTCCTCACTTGAGAAGATTAAGAAAAATGCTGATGTTTTAGAGATAGTCCAAAATATAGAGTTCTAAATGTCATCAAATAGGATATAAAGCCTTATACCAGGCATTTTGGTAAACCACGTTCTATGTTTCCACTAGATAAACCAACTAGGGTAAATGTTACACAGTTGAGATTG,f0c2024a0f328eb61d335a72f8c4b55802086b4c29ef733000656eba73580323,0.10414775755068,0.0881968529391687,0.225770629294297,-344.78863497357816,-341.4940520958044,-343.3631802983582,-340.8559281947091,-0.7873307741247118,-1.0,-0.0881968529391687,0.0,0,0.18476481556293683,0.18565657667894103,0.15145376406925343,0.09680062553820504,1.0
chr12:20470199:A:G;chr12:20470221:A:C;var1;middle;OL31|K562|8e16847bc1f9f3cc,chr12:20470199:A:G;chr12:20470221:A:C;var1;middle;OL31,K562,K562_region_00447,100,122,22,TAATTAGATTGTTTGTAATACAAATGATAAATGCTTGAGGGAATGGATACCCCATTCTCCATGATGTGATTATTACGCATTGCATGCCTGTAGCAAAACATCTCATGTACGCCATAAATATATACGCCTACTATGTACCCACAAAAATTAAAAATGAATAATGTCACTTGTACTCTAAGAAACAAACTTACTGTGCTAAT,2c0426f31b00f26713bef6793b07b342f09e1b933384a730d15dbf5b83abbb8a,0.0,TAATTAGATTGTTTGTAATACAAATGATAAATGCTTGAGGGAATGGATACCCCATTCTCCATGATGTGATTATTACGCATTGCATGCCTGTAGCAAAACGTCTCATGTACGCCATAAATATATACGCCTACTATGTACCCACAAAAATTAAAAATGAATAATGTCACTTGTACTCTAAGAAACAAACTTACTGTGCTAAT,49fd3a6463bf20f2c03e22b56847cf84bde11fb366f01cb2d2536602b6d88fb7,-0.503780094812182,TAATTAGATTGTTTGTAATACAAATGATAAATGCTTGAGGGAATGGATACCCCATTCTCCATGATGTGATTATTACGCATTGCATGCCTGTAGCAAAACATCTCATGTACGCCATAAATATCTACGCCTACTATGTACCCACAAAAATTAAAAATGAATAATGTCACTTGTACTCTAAGAAACAAACTTACTGTGCTAAT,f112fa5fab2edcb9adaeb5ec067248f1b7bbe84e60995ed415726e2eefdb802e,-0.165175677236627,TAATTAGATTGTTTGTAATACAAATGATAAATGCTTGAGGGAATGGATACCCCATTCTCCATGATGTGATTATTACGCATTGCATGCCTGTAGCAAAACGTCTCATGTACGCCATAAATATCTACGCCTACTATGTACCCACAAAAATTAAAAATGAATAATGTCACTTGTACTCTAAGAAACAAACTTACTGTGCTAAT,8e16847bc1f9f3cccb5e86d4cffe8fc880927a37567dd2a444f1ba15838556f0,-0.240554035456508,0.4284017365923009,0.354264225101342,-145.1256928369403,-179.8343098219484,-143.5546207446605,-155.6042974703014,22.658940259367228,-1.0,-0.4284017365923009,0.0,3,0.22711230264345988,0.18106719778262317,0.1474303780702046,0.24676966823796337,1.0
chr12:20581334:C:T;chr12:20581339:A:T;var1;middle;OL29|K562|3dbd1e5f6c404879,chr12:20581334:C:T;chr12:20581339:A:T;var1;middle;OL29,K562,K562_region_00448,100,105,5,ACGGAGTCTCGCTCTGTCGCCCAGGCTGGAGTGCAGAGGTGCGATCTCCACTCACTGCAAGCTCCACCTCCCGGGTTCAGGCTATCCTCCTGCCTCAGCCTCCCAAGCAGCTGCGACTACAGGCGCCCGCCGCCACGCCCGGCTAATTTTTTTTGTATTTTTAGTAGAGACGGGGTTTCACCGTGTTTGCCAGGATGGTC,630e5a05822ee0b046534979a1503e69efa6b642bda265bc29b49440713adbcd,0.0,ACGGAGTCTCGCTCTGTCGCCCAGGCTGGAGTGCAGAGGTGCGATCTCCACTCACTGCAAGCTCCACCTCCCGGGTTCAGGCTATCCTCCTGCCTCAGCTTCCCAAGCAGCTGCGACTACAGGCGCCCGCCGCCACGCCCGGCTAATTTTTTTTGTATTTTTAGTAGAGACGGGGTTTCACCGTGTTTGCCAGGATGGTC,67e20b426af1e1824815c69db0087109e7abd3b074c35da63dc252963a7da7ef,0.0053046436189943,ACGGAGTCTCGCTCTGTCGCCCAGGCTGGAGTGCAGAGGTGCGATCTCCACTCACTGCAAGCTCCACCTCCCGGGTTCAGGCTATCCTCCTGCCTCAGCCTCCCTAGCAGCTGCGACTACAGGCGCCCGCCGCCACGCCCGGCTAATTTTTTTTGTATTTTTAGTAGAGACGGGGTTTCACCGTGTTTGCCAGGATGGTC,c84dbb71c7475113feea1342e129e82d3484cc07566a8e9ed79dcf9ab7a4e4d4,-0.188375443160446,ACGGAGTCTCGCTCTGTCGCCCAGGCTGGAGTGCAGAGGTGCGATCTCCACTCACTGCAAGCTCCACCTCCCGGGTTCAGGCTATCCTCCTGCCTCAGCTTCCCTAGCAGCTGCGACTACAGGCGCCCGCCGCCACGCCCGGCTAATTTTTTTTGTATTTTTAGTAGAGACGGGGTTTCACCGTGTTTGCCAGGATGGTC,3dbd1e5f6c4048790e91ef2460aa6094252f58eee8071e4dfeb6bbaf936ba37f,-0.467729506705317,0.2846587071638653,0.116148107907164,-67.03613618202507,-71.14315810613334,-68.92864146456122,-73.14441650174558,0.10875311307609081,1.0,0.2846587071638653,0.0,3,0.1816920446615068,0.18106719778262317,0.1474303780702046,0.1204038595413781,1.0
chr12:20582640:A:T;chr12:20582651:A:G;var1;middle;OL31|K562|e530816d4f1383cd,chr12:20582640:A:T;chr12:20582651:A:G;var1;middle;OL31,K562,K562_region_00449,100,111,11,AGGCTCACTTTAACTTAGAAGGTAGATATTGTTGAGTGACTTTAGTTAGCATCTGCTGCATTCAAAACATGCTGGGAGGTGAGGGATTATGAAAGAGAAAGTTGAAATACATAGATTTGGACAATAGAAAAAGTATGTTTAATTTTTTCTAGTTATTGTTGATGTTTTATTTTTTACCTTCATCATTTCAGTTTCTTATT,2cbc1539590c46b198fd97beea31d3147d53afb5aa6653112ac82dd8cae83d0e,0.0,AGGCTCACTTTAACTTAGAAGGTAGATATTGTTGAGTGACTTTAGTTAGCATCTGCTGCATTCAAAACATGCTGGGAGGTGAGGGATTATGAAAGAGAATGTTGAAATACATAGATTTGGACAATAGAAAAAGTATGTTTAATTTTTTCTAGTTATTGTTGATGTTTTATTTTTTACCTTCATCATTTCAGTTTCTTATT,dee322d00b1c48c4fd67672fcaed071136e76a1ed3167dadc5fedddc29227b18,0.145690539216602,AGGCTCACTTTAACTTAGAAGGTAGATATTGTTGAGTGACTTTAGTTAGCATCTGCTGCATTCAAAACATGCTGGGAGGTGAGGGATTATGAAAGAGAAAGTTGAAATACGTAGATTTGGACAATAGAAAAAGTATGTTTAATTTTTTCTAGTTATTGTTGATGTTTTATTTTTTACCTTCATCATTTCAGTTTCTTATT,20a4b2c72d5b0026fb888ebbe45f07593e44c26744ff95c8304a69212bd2ed6f,0.178496219248449,AGGCTCACTTTAACTTAGAAGGTAGATATTGTTGAGTGACTTTAGTTAGCATCTGCTGCATTCAAAACATGCTGGGAGGTGAGGGATTATGAAAGAGAATGTTGAAATACGTAGATTTGGACAATAGAAAAAGTATGTTTAATTTTTTCTAGTTATTGTTGATGTTTTATTTTTTACCTTCATCATTTCAGTTTCTTATT,e530816d4f1383cd6a24588868f08399304e84f72522299a1a3d13526e429179,0.0884537231544101,0.2357330353106408,0.217095469499588,-373.778338002041,-359.87826028466225,-378.5118735758588,-369.0091594066471,4.39736354816705,1.0,0.2357330353106408,0.0,4,0.1816494684294316,0.17620727786206916,0.145609630836647,-0.05919119656681304,1.0
chr12:21323527:T:C;chr12:21323556:C:T;var1;middle;OL30|K562|038b0df7d0d1d5a9,chr12:21323527:T:C;chr12:21323556:C:T;var1;middle;OL30,K562,K562_region_00450,100,129,29,TTTAATGATTAGGACCTGAACAATTTTCATCACTATTCTATGGCACAAAGACTGCATACATTTTTACAAGATGTTAGAATTGACTATCTTTGAAGAAAATCTTCATAATTTTTGTCTAACTCTGTTGCCCCTTTCTCCTGTTTTATTATTCCCATCATCAACTTAATACAACTAGTTTTGATACTCTTCTACATTTTATG,a2fcaf4aea1e447bc3606bfb867140018b0bee333cc583864c0850656b631a00,0.0,TTTAATGATTAGGACCTGAACAATTTTCATCACTATTCTATGGCACAAAGACTGCATACATTTTTACAAGATGTTAGAATTGACTATCTTTGAAGAAAACCTTCATAATTTTTGTCTAACTCTGTTGCCCCTTTCTCCTGTTTTATTATTCCCATCATCAACTTAATACAACTAGTTTTGATACTCTTCTACATTTTATG,8ceb4ad7726ab8982618b7ed3e43b681cf041a0b5003e144333ea50afa9cedea,-0.47295641650056,TTTAATGATTAGGACCTGAACAATTTTCATCACTATTCTATGGCACAAAGACTGCATACATTTTTACAAGATGTTAGAATTGACTATCTTTGAAGAAAATCTTCATAATTTTTGTCTAACTCTGTTGCTCCTTTCTCCTGTTTTATTATTCCCATCATCAACTTAATACAACTAGTTTTGATACTCTTCTACATTTTATG,9ba642a901ea62f80d2507c282ef1d8fa0e326baadcb05379533bfc426bbe7a2,0.0872314121037774,TTTAATGATTAGGACCTGAACAATTTTCATCACTATTCTATGGCACAAAGACTGCATACATTTTTACAAGATGTTAGAATTGACTATCTTTGAAGAAAACCTTCATAATTTTTGTCTAACTCTGTTGCTCCTTTCTCCTGTTTTATTATTCCCATCATCAACTTAATACAACTAGTTTTGATACTCTTCTACATTTTATG,038b0df7d0d1d5a90225e1958a32edbe45ae32a5c50ef9786c47e9a572afe699,-0.0816970698173805,0.3040279345794021,0.347198688915628,-255.87440019845965,-257.6426864862442,-255.01841592788696,-256.8047212064266,-0.018018990755081177,-1.0,-0.3040279345794021,0.0,2,0.175168231262656,0.17490732828716207,0.146091925319964,0.06683111213220484,1.0
chr12:24059999:T:C;chr12:24060075:G:C;var1;middle;OL29|K562|ed4c2fd8d5412de5,chr12:24059999:T:C;chr12:24060075:G:C;var1;middle;OL29,K562,K562_region_00451,100,176,76,ATGCTTACCCATTCTCAATATCTCTAATAAGGTATCTTTAAAAATTATCTGCAGAATCCCTGCTACAGGGACAATCTTTTCTGCTTTCTATCAGAACAATTGGTAGTGAAAAAGGAATTAATTCCATTTCTATTGTTCTATCGTTGAATAAACCTGTCAGGCCTAAGTTTGGGAGGTGTCTGTGTCTTGTTTATATATGC,13951b3b71f8b4702a61081868c3a45e91d9be9fa198eb346496ccef9258bab8,0.0,ATGCTTACCCATTCTCAATATCTCTAATAAGGTATCTTTAAAAATTATCTGCAGAATCCCTGCTACAGGGACAATCTTTTCTGCTTTCTATCAGAACAACTGGTAGTGAAAAAGGAATTAATTCCATTTCTATTGTTCTATCGTTGAATAAACCTGTCAGGCCTAAGTTTGGGAGGTGTCTGTGTCTTGTTTATATATGC,f4461a441835ceab1ea2a71e1ae224c6511351825dc782c131e63b1cfc6793c8,-0.0950885656205106,ATGCTTACCCATTCTCAATATCTCTAATAAGGTATCTTTAAAAATTATCTGCAGAATCCCTGCTACAGGGACAATCTTTTCTGCTTTCTATCAGAACAATTGGTAGTGAAAAAGGAATTAATTCCATTTCTATTGTTCTATCGTTGAATAAACCTGTCAGGCCTAAGTTTGGGAGCTGTCTGTGTCTTGTTTATATATGC,7418b8b141118bb5f2f845926985f6504c1fa798cde640fb29bb5dc6d196b4d7,-0.170485201203682,ATGCTTACCCATTCTCAATATCTCTAATAAGGTATCTTTAAAAATTATCTGCAGAATCCCTGCTACAGGGACAATCTTTTCTGCTTTCTATCAGAACAACTGGTAGTGAAAAAGGAATTAATTCCATTTCTATTGTTCTATCGTTGAATAAACCTGTCAGGCCTAAGTTTGGGAGCTGTCTGTGTCTTGTTTATATATGC,ed4c2fd8d5412de52ff9dbc457bb8450629e8a5d8a0796917487d554b0202d33,-0.294412180804211,0.0288384139800184,0.16880377829052,-268.01487866044044,-267.85014337301254,-266.82136526703835,-266.59672251343727,-0.059907466173172,1.0,0.0288384139800184,0.0,3,0.18135233098324816,0.18106719778262317,0.1474303780702046,0.20334508449576563,1.0
chr12:2509608:A:G;chr12:2509650:T:G;var1;middle;OL29|K562|577d2abdf89d5fa5,chr12:2509608:A:G;chr12:2509650:T:G;var1;middle;OL29,K562,K562_region_00423,100,142,42,GAAGTGGACTCCAGGTGGTGCCTACGGGGCAGGGGCTTATGTGCCCATAACTGACTCCATCTACCTACCAAGTTCTCATTAGGGTCAAAGCATGCGATCAGAGTCAGAGGCTGGGTTTGAGAACCTGCTCCTTTTACCGAATAATTTCATCCCCATGCTGTACGAGCAAACTTGACTTTGCTGACCTTATCTGTAGCATG,c3f9348025b0ee7ec5a7ec6d05c826bea7f1beb0488706f3f17c03c005986a91,0.0,GAAGTGGACTCCAGGTGGTGCCTACGGGGCAGGGGCTTATGTGCCCATAACTGACTCCATCTACCTACCAAGTTCTCATTAGGGTCAAAGCATGCGATCGGAGTCAGAGGCTGGGTTTGAGAACCTGCTCCTTTTACCGAATAATTTCATCCCCATGCTGTACGAGCAAACTTGACTTTGCTGACCTTATCTGTAGCATG,2ff1626f500c5c4441c188d7803886753faba0822a634c3d4d3013126abf04bc,0.0463071321904243,GAAGTGGACTCCAGGTGGTGCCTACGGGGCAGGGGCTTATGTGCCCATAACTGACTCCATCTACCTACCAAGTTCTCATTAGGGTCAAAGCATGCGATCAGAGTCAGAGGCTGGGTTTGAGAACCTGCTCCTTTTACCGAAGAATTTCATCCCCATGCTGTACGAGCAAACTTGACTTTGCTGACCTTATCTGTAGCATG,7b0885f148783d871f8f6194febe263dccbc53cb92e20ca3b24b0bc88ae7ff2d,0.0104539035499907,GAAGTGGACTCCAGGTGGTGCCTACGGGGCAGGGGCTTATGTGCCCATAACTGACTCCATCTACCTACCAAGTTCTCATTAGGGTCAAAGCATGCGATCGGAGTCAGAGGCTGGGTTTGAGAACCTGCTCCTTTTACCGAAGAATTTCATCCCCATGCTGTACGAGCAAACTTGACTTTGCTGACCTTATCTGTAGCATG,577d2abdf89d5fa5ab99083deadf23d462a6c135b92414898176c2621a854e3f,-0.0197817945512314,0.0765428302916464,0.107952187664698,-453.950172431767,-461.547760354355,-445.2346786810085,-455.3666186286137,2.534352025017199,1.0,0.0765428302916464,0.0,4,0.17934043086171544,0.17620727786206916,0.145609630836647,0.14585838341582502,1.0
chr12:26426338:G:A;chr12:26426420:T:C;var1;middle;OL27|K562|65dd9043496cd7dd,chr12:26426338:G:A;chr12:26426420:T:C;var1;middle;OL27,K562,K562_region_00452,100,182,82,AAGTATTAATACAATAGACTGGGTGGCTTAAACAGCAGAAATTTATTTTCTCATGGTTCTAGATGTTAGAAGTCCAAGATCAAGGTGCTGGCAGAGTTGGTTTCTTTTGAAGCCTCTCTCCTCTGCTTGCAGATGGTTGTCTCTTCCCTTTATCTTCGCAGGGTCTTCCTTCTATGGTATCTTCTCTCTTTATAAGGACA,400b16c48a0f100b42c9d84ac5891bdc4b58c6075924348712834eb6cf1341b9,0.0,AAGTATTAATACAATAGACTGGGTGGCTTAAACAGCAGAAATTTATTTTCTCATGGTTCTAGATGTTAGAAGTCCAAGATCAAGGTGCTGGCAGAGTTGATTTCTTTTGAAGCCTCTCTCCTCTGCTTGCAGATGGTTGTCTCTTCCCTTTATCTTCGCAGGGTCTTCCTTCTATGGTATCTTCTCTCTTTATAAGGACA,c46e46d90e5bc02ea4b91dfd963ab50ca4d734f286003eb38a2ee1d6b311bed7,0.10715139405891,AAGTATTAATACAATAGACTGGGTGGCTTAAACAGCAGAAATTTATTTTCTCATGGTTCTAGATGTTAGAAGTCCAAGATCAAGGTGCTGGCAGAGTTGGTTTCTTTTGAAGCCTCTCTCCTCTGCTTGCAGATGGTTGTCTCTTCCCTTTATCTTCGCAGGGTCTTCCTTCTATGGTATCCTCTCTCTTTATAAGGACA,e36c52d88d9bc4689664d4f0dc564d186206fe8bbf5de515180e571711fe2bd2,-0.111774278906369,AAGTATTAATACAATAGACTGGGTGGCTTAAACAGCAGAAATTTATTTTCTCATGGTTCTAGATGTTAGAAGTCCAAGATCAAGGTGCTGGCAGAGTTGATTTCTTTTGAAGCCTCTCTCCTCTGCTTGCAGATGGTTGTCTCTTCCCTTTATCTTCGCAGGGTCTTCCTTCTATGGTATCCTCTCTCTTTATAAGGACA,65dd9043496cd7dd3d0cf40559a9d387a41043eef4dc23362a5d0d99fe7ec54a,-0.167065676811778,0.162442791964319,0.180755204329107,-128.350074082613,-130.33111340366304,-130.55315146874636,-132.53150582592934,-0.0026849638670682907,1.0,0.162442791964319,0.0,0,0.18577260554232597,0.18565657667894103,0.15145376406925343,0.2726937190444108,1.0
chr12:26475565:T:G;chr12:26475582:G:A;var1;middle;OL32|K562|c724d04383f2061d,chr12:26475565:T:G;chr12:26475582:G:A;var1;middle;OL32,K562,K562_region_00453,100,117,17,AGGCGACAGAGCCAGACTGTGTCTCAAAAAAAAAAAAAAGCAATTTATTTACGTATTTTTAATTTTTAATTATGTTAAAAAATTTGTGTAGGTACATAGTAGGTGTATATATTTATGGGGTACATTAGATGTTTTGATACAGACATGCAATGTTAAATAAGCACATCATGAAGAATGAGGTGTCCATCTCCTCAAGCATT,dd9ace6b5dd23810445f1109d89be1449ac0ead4db90082b5b709b3431acc725,0.0,AGGCGACAGAGCCAGACTGTGTCTCAAAAAAAAAAAAAAGCAATTTATTTACGTATTTTTAATTTTTAATTATGTTAAAAAATTTGTGTAGGTACATAGGAGGTGTATATATTTATGGGGTACATTAGATGTTTTGATACAGACATGCAATGTTAAATAAGCACATCATGAAGAATGAGGTGTCCATCTCCTCAAGCATT,4dce835faa83b8ac39259ba5b64c6025ece2dea0a4dc43f5fa54e816786b7487,0.255567437250085,AGGCGACAGAGCCAGACTGTGTCTCAAAAAAAAAAAAAAGCAATTTATTTACGTATTTTTAATTTTTAATTATGTTAAAAAATTTGTGTAGGTACATAGTAGGTGTATATATTTATAGGGTACATTAGATGTTTTGATACAGACATGCAATGTTAAATAAGCACATCATGAAGAATGAGGTGTCCATCTCCTCAAGCATT,c929ed9ee12a2b3d04fc29d112453ff01bd106cc6d68ca23dda02a28d7af1433,0.4616139925347,AGGCGACAGAGCCAGACTGTGTCTCAAAAAAAAAAAAAAGCAATTTATTTACGTATTTTTAATTTTTAATTATGTTAAAAAATTTGTGTAGGTACATAGGAGGTGTATATATTTATAGGGTACATTAGATGTTTTGATACAGACATGCAATGTTAAATAAGCACATCATGAAGAATGAGGTGTCCATCTCCTCAAGCATT,c724d04383f2061d0bfba20148e332b7f26dc883618ea049fb6224d4b7f960eb,-0.002420124009039,0.719601553793824,0.317221248487599,-130.25995916500688,-136.28023858787492,-151.49005718668923,-161.21553621534258,3.7051996057853103,1.0,0.719601553793824,0.0,0,0.1905349694843448,0.18565657667894103,0.15145376406925343,0.22120932024953704,1.0
chr12:26589726:A:G;chr12:26589770:G:A;var1;middle;OL32|K562|adc9f9cde779a086,chr12:26589726:A:G;chr12:26589770:G:A;var1;middle;OL32,K562,K562_region_00454,100,144,44,AAATGATATACTTCATTGTATAATTTGGTAATATTGATAAATTGGTCCCATTCCCATGCCTTAAAGTCAAATAAAAAAACTCAAACCCATAGCACAGATATATTTCTAATGAAAATTCCTATGACAGTCACAGTTACCTGAAAGTATGAAACCTAATCATGTGACATAGTATTCCTGATGGGGAACTAGTGATTTATAAT,24c96db53e6cbf1bb6f6c75b7445bd288b34721ab63d205e9a278ae5686d2bb0,0.0,AAATGATATACTTCATTGTATAATTTGGTAATATTGATAAATTGGTCCCATTCCCATGCCTTAAAGTCAAATAAAAAAACTCAAACCCATAGCACAGATGTATTTCTAATGAAAATTCCTATGACAGTCACAGTTACCTGAAAGTATGAAACCTAATCATGTGACATAGTATTCCTGATGGGGAACTAGTGATTTATAAT,37b66b23e8f0d1306927b04a27ff1c8f9ecafb9d7ebcadf22fee4b0426b74e23,0.542522912271222,AAATGATATACTTCATTGTATAATTTGGTAATATTGATAAATTGGTCCCATTCCCATGCCTTAAAGTCAAATAAAAAAACTCAAACCCATAGCACAGATATATTTCTAATGAAAATTCCTATGACAGTCACAGTTACCTGAAAATATGAAACCTAATCATGTGACATAGTATTCCTGATGGGGAACTAGTGATTTATAAT,d569d3980d4c8a98da51238eab282d253dd7264d52a7ff9642bd48c53e284c39,0.446763780662651,AAATGATATACTTCATTGTATAATTTGGTAATATTGATAAATTGGTCCCATTCCCATGCCTTAAAGTCAAATAAAAAAACTCAAACCCATAGCACAGATGTATTTCTAATGAAAATTCCTATGACAGTCACAGTTACCTGAAAATATGAAACCTAATCATGTGACATAGTATTCCTGATGGGGAACTAGTGATTTATAAT,adc9f9cde779a0860913688bcc410a44bdfaad342766af3ed10f35929aabfd6a,0.447057403608101,0.542229289325772,0.546153612590491,-315.3556373741012,-320.01907854457386,-311.175554896472,-316.71187266963534,0.8728766026906669,1.0,0.542229289325772,0.0,4,0.17728117941838423,0.17620727786206916,0.145609630836647,0.4004665700504336,1.0
chr12:26986011:G:T;chr12:26986098:G:A;var1;middle;OL41|K562|350a32e337c2f3e2,chr12:26986011:G:T;chr12:26986098:G:A;var1;middle;OL41,K562,K562_region_00455,100,187,87,AGCCGCAGCTGCGGACACCCCGCGAAGAGCGCAGCCCAGGCGCCCAGAGAAGCCGCAGCCGCCGCCGCCTCCCCGGCAGGTTTCCTGTTCCTTTCTGAAGTTTTCTCTCCAACACCTTTGCTCCTCCTCCTCCTCCTTCCCTCTCCGCTCCCCACTCCGTGTCCACTCCCTGCTCTGCGACCCGCTGCGGCCGTCACAGC,b4e40ec8ef27fb1d424635058327e004fc85792a52bfab0af81da27af9ac8fb2,0.0,AGCCGCAGCTGCGGACACCCCGCGAAGAGCGCAGCCCAGGCGCCCAGAGAAGCCGCAGCCGCCGCCGCCTCCCCGGCAGGTTTCCTGTTCCTTTCTGAATTTTTCTCTCCAACACCTTTGCTCCTCCTCCTCCTCCTTCCCTCTCCGCTCCCCACTCCGTGTCCACTCCCTGCTCTGCGACCCGCTGCGGCCGTCACAGC,d8399ed807bf666d5acb91cac8dfb0ed84d7692fa6090ece945accedd9152603,-0.358898969168765,AGCCGCAGCTGCGGACACCCCGCGAAGAGCGCAGCCCAGGCGCCCAGAGAAGCCGCAGCCGCCGCCGCCTCCCCGGCAGGTTTCCTGTTCCTTTCTGAAGTTTTCTCTCCAACACCTTTGCTCCTCCTCCTCCTCCTTCCCTCTCCGCTCCCCACTCCGTGTCCACTCCCTGCTCTGCGACCCGCTACGGCCGTCACAGC,323a6656eae41f89a2779d2e09e005700dce325c9616f104b77461a8b99d384c,-0.842997300919684,AGCCGCAGCTGCGGACACCCCGCGAAGAGCGCAGCCCAGGCGCCCAGAGAAGCCGCAGCCGCCGCCGCCTCCCCGGCAGGTTTCCTGTTCCTTTCTGAATTTTTCTCTCCAACACCTTTGCTCCTCCTCCTCCTCCTTCCCTCTCCGCTCCCCACTCCGTGTCCACTCCCTGCTCTGCGACCCGCTACGGCCGTCACAGC,350a32e337c2f3e2040d3e41f19e04e97ee3207a6b32ee205a98e4a4da2b16e2,-0.815152973311661,0.386743296776788,0.335183696730695,-207.55314476788044,-211.13459742814305,-211.8592013884336,-215.3159921467304,0.12466190196582261,-1.0,-0.386743296776788,0.0,4,0.17635383364986737,0.17620727786206916,0.145609630836647,0.21473258784410593,1.0
chr12:29103864:G:A;chr12:29103922:A:G;var1;middle;OL29|K562|e5bb3ffe8caedeef,chr12:29103864:G:A;chr12:29103922:A:G;var1;middle;OL29,K562,K562_region_00456,100,158,58,GTATGTGTCAAATTATCTTCCTATTTAAGGCTGAATAATATTCCATTGTATGTATAAACCACATCGTGTTTACCCATTTATCTGCTGATGGACACTTGAGTTGCCTTCACATTTTGTCTATCATGAATGATACCGTTATGAAAATAAGTGTATCAATATCTGTTCTCGTCTAAGAAATTCTTCATCAGCATTGTGAGGAG,1270478a5cff45ad54ff93b21577099e504f3286de1b035242d4de76a0547c8d,0.0,GTATGTGTCAAATTATCTTCCTATTTAAGGCTGAATAATATTCCATTGTATGTATAAACCACATCGTGTTTACCCATTTATCTGCTGATGGACACTTGAATTGCCTTCACATTTTGTCTATCATGAATGATACCGTTATGAAAATAAGTGTATCAATATCTGTTCTCGTCTAAGAAATTCTTCATCAGCATTGTGAGGAG,0cccdf9c55aa670ffd61f8ba9dd6ec133fc22750c5f853898b37b76a36bfd07b,0.0180745374766561,GTATGTGTCAAATTATCTTCCTATTTAAGGCTGAATAATATTCCATTGTATGTATAAACCACATCGTGTTTACCCATTTATCTGCTGATGGACACTTGAGTTGCCTTCACATTTTGTCTATCATGAATGATACCGTTATGAAAATAAGTGTATCAATGTCTGTTCTCGTCTAAGAAATTCTTCATCAGCATTGTGAGGAG,713c66145586ffd752006f352b11c1f74a5964e2311416b488d67620e64af68f,0.184319579374986,GTATGTGTCAAATTATCTTCCTATTTAAGGCTGAATAATATTCCATTGTATGTATAAACCACATCGTGTTTACCCATTTATCTGCTGATGGACACTTGAATTGCCTTCACATTTTGTCTATCATGAATGATACCGTTATGAAAATAAGTGTATCAATGTCTGTTCTCGTCTAAGAAATTCTTCATCAGCATTGTGAGGAG,e5bb3ffe8caedeefcdce8e8424f2d083cd6747ecf4c522006f9aade8c1ad1193,-0.0207915358735651,0.2231856527252072,0.222041803333915,-218.3346000611782,-202.4136088080704,-217.67633312381804,-206.41547598317263,4.660134112462373,1.0,0.2231856527252072,0.0,2,0.18198000041812482,0.17490732828716207,0.146091925319964,0.045048762592432484,1.0
chr12:30948824:G:C;chr12:30948848:G:C;var1;middle;OL41|K562|150668bf132b90f3,chr12:30948824:G:C;chr12:30948848:G:C;var1;middle;OL41,K562,K562_region_00457,100,124,24,GAGCCGGATGGGCCTTCCGAGGTCGGGCCGTGCCCCGCTGGGCAGCGCAGAGGGGGTGTGTAGGGCACGCGACTTGGAGCCAGGTCCAGACCCATCCTGGCTCCTCTCAGGGCTCCTTCCCCTGCCCCCATTCCACCCCAGCCCTGCTGGCTGTCCCGCAGGACCCAGCGCCGCGGTAGCCTTCTCTGAACTGCGGCTCA,05f6d346f6b4e650d388c213731d61a405c3cae7f598ee74e7ba62601924e8da,0.0,GAGCCGGATGGGCCTTCCGAGGTCGGGCCGTGCCCCGCTGGGCAGCGCAGAGGGGGTGTGTAGGGCACGCGACTTGGAGCCAGGTCCAGACCCATCCTGCCTCCTCTCAGGGCTCCTTCCCCTGCCCCCATTCCACCCCAGCCCTGCTGGCTGTCCCGCAGGACCCAGCGCCGCGGTAGCCTTCTCTGAACTGCGGCTCA,8ce0067907ddcc7d54870696c26d1a3b540213668ab3eccc356ceed0dd8f5754,0.369477149509853,GAGCCGGATGGGCCTTCCGAGGTCGGGCCGTGCCCCGCTGGGCAGCGCAGAGGGGGTGTGTAGGGCACGCGACTTGGAGCCAGGTCCAGACCCATCCTGGCTCCTCTCAGGGCTCCTTCCCCTCCCCCCATTCCACCCCAGCCCTGCTGGCTGTCCCGCAGGACCCAGCGCCGCGGTAGCCTTCTCTGAACTGCGGCTCA,14e9bd3125d4c7eef4515576fd80193691ca00ea4eda790f3b083c3b8537375b,0.56692571283478,GAGCCGGATGGGCCTTCCGAGGTCGGGCCGTGCCCCGCTGGGCAGCGCAGAGGGGGTGTGTAGGGCACGCGACTTGGAGCCAGGTCCAGACCCATCCTGCCTCCTCTCAGGGCTCCTTCCCCTCCCCCCATTCCACCCCAGCCCTGCTGGCTGTCCCGCAGGACCCAGCGCCGCGGTAGCCTTCTCTGAACTGCGGCTCA,150668bf132b90f35a5d848ef5cce62e2bcfe5ba237f1ea8205d3436f73a5221,0.672679260485748,0.263723601858885,0.448055624799466,-256.50114619452506,-265.40771228354424,-252.0431932499632,-244.0647302791476,-16.885029059834807,1.0,0.263723601858885,0.0,0,0.1640891185650252,0.18565657667894103,0.15145376406925343,0.33845267600148105,1.0
chr12:3420653:T:C;chr12:3420674:A:T;var1;middle;OL41|K562|3034e52a361508c1,chr12:3420653:T:C;chr12:3420674:A:T;var1;middle;OL41,K562,K562_region_00424,100,121,21,ACATGTTGGCTGTCTGCAAAGCGGAGAAACATCCCTCGTGTTGCTTTATGAAGCTCCTTTCATGCAGGCCAGGCATCTAGCCTTCAGGCCTTTGCTCTCTCCGTCCCCAACTGCCTGGAAAGCCGGTGCCTCCTTGTCCTTCAATACCCAGCTCAGCTCAGTCATGGCTCCACTAAGCCATGCCAGGTAGCAGCGATGGC,f59659ecc8288ad9699fca93407a60f864e178d93d6358acc5e6a29936d630f9,0.0,ACATGTTGGCTGTCTGCAAAGCGGAGAAACATCCCTCGTGTTGCTTTATGAAGCTCCTTTCATGCAGGCCAGGCATCTAGCCTTCAGGCCTTTGCTCTCCCCGTCCCCAACTGCCTGGAAAGCCGGTGCCTCCTTGTCCTTCAATACCCAGCTCAGCTCAGTCATGGCTCCACTAAGCCATGCCAGGTAGCAGCGATGGC,91fa4fd18656107c7f8ee144c04f4f47906c884100105b659fba6614fd45ef2b,-0.371644860222353,ACATGTTGGCTGTCTGCAAAGCGGAGAAACATCCCTCGTGTTGCTTTATGAAGCTCCTTTCATGCAGGCCAGGCATCTAGCCTTCAGGCCTTTGCTCTCTCCGTCCCCAACTGCCTGGAATGCCGGTGCCTCCTTGTCCTTCAATACCCAGCTCAGCTCAGTCATGGCTCCACTAAGCCATGCCAGGTAGCAGCGATGGC,4a2a719a9eb25e057a9569ec4588c35df2fb1c2430be8262c70e88964f2e6959,0.113320049412557,ACATGTTGGCTGTCTGCAAAGCGGAGAAACATCCCTCGTGTTGCTTTATGAAGCTCCTTTCATGCAGGCCAGGCATCTAGCCTTCAGGCCTTTGCTCTCCCCGTCCCCAACTGCCTGGAATGCCGGTGCCTCCTTGTCCTTCAATACCCAGCTCAGCTCAGTCATGGCTCCACTAAGCCATGCCAGGTAGCAGCGATGGC,3034e52a361508c1252fe7414db8032afb5e59aac21ef4f9433b771f5c45ca50,-0.623550859663141,0.3652260488533451,0.464632003761494,-383.31788286753,-387.2125999946147,-376.1495771827176,-380.47275735251606,0.4284630427137017,1.0,0.3652260488533451,0.0,3,0.18233599973776968,0.18106719778262317,0.1474303780702046,0.32893127315064574,1.0
chr12:4331204:C:A;chr12:4331207:A:G;var1;middle;OL27|K562|f901e85122eba3fd,chr12:4331204:C:A;chr12:4331207:A:G;var1;middle;OL27,K562,K562_region_00425,100,103,3,CCAGGCTGGAGTGCAGTGGCATGATCTCAGTTCACTGAAACCTCTGCCTCCCGGGTTCAAGGGATTCTCCTGCCTCAGCCTCCAGAGCAGCCAGGATTACACACCACCATGTCTGGCTAATTTTTGTATTTTCAGTAGAGACAGGGTTTTACCATGTTGGCCAGGATGGTCTCGATCTCCTGACCTTGTGATCCACTCAC,b7103f5bd1578b743cadf3fcd75abd756aa37cdffa6717a1e104ffd1d190c243,0.0,CCAGGCTGGAGTGCAGTGGCATGATCTCAGTTCACTGAAACCTCTGCCTCCCGGGTTCAAGGGATTCTCCTGCCTCAGCCTCCAGAGCAGCCAGGATTAAACACCACCATGTCTGGCTAATTTTTGTATTTTCAGTAGAGACAGGGTTTTACCATGTTGGCCAGGATGGTCTCGATCTCCTGACCTTGTGATCCACTCAC,0c6f42f36c36811d50ad6c99fb1525b8183a5bd8d3251fd39224b95311c07e5a,0.0498804180842008,CCAGGCTGGAGTGCAGTGGCATGATCTCAGTTCACTGAAACCTCTGCCTCCCGGGTTCAAGGGATTCTCCTGCCTCAGCCTCCAGAGCAGCCAGGATTACACGCCACCATGTCTGGCTAATTTTTGTATTTTCAGTAGAGACAGGGTTTTACCATGTTGGCCAGGATGGTCTCGATCTCCTGACCTTGTGATCCACTCAC,02af647d34dfe1d54ed52f1cd5bd85860a2849213dd869800c21dcd32808e143,0.192757483156956,CCAGGCTGGAGTGCAGTGGCATGATCTCAGTTCACTGAAACCTCTGCCTCCCGGGTTCAAGGGATTCTCCTGCCTCAGCCTCCAGAGCAGCCAGGATTAAACGCCACCATGTCTGGCTAATTTTTGTATTTTCAGTAGAGACAGGGTTTTACCATGTTGGCCAGGATGGTCTCGATCTCCTGACCTTGTGATCCACTCAC,f901e85122eba3fd5d7f93ab429a4bd42ef41a45f2cd1bc32d398e983d39d040,-0.0740352627607283,0.3166731640018851,0.216201967287347,-60.85302260750905,-66.69500038214028,-63.74131217086688,-69.44828339619562,-0.13500654930248857,1.0,0.3166731640018851,0.0,0,0.18560265323248706,0.18565657667894103,0.15145376406925343,0.1539413342000197,1.0
chr12:4713938:T:C;chr12:4714008:T:G;var1;middle;OL41|K562|5624a3ea340d3a42,chr12:4713938:T:C;chr12:4714008:T:G;var1;middle;OL41,K562,K562_region_00426,100,170,70,CGACAGTGCCCACGTTGGAGTTCGTTATCAATAAAGCAGGGACAGTCACACCTCCTTTATAATCAGGTTGCTGGCGGATTTGATGCTGTGATGGTGTAATGGGAGTTCTAAGTGCTGGCCAGCTGCACTTCCCTTTCACTGCCAGCGGGGGCGCAGTCTAACTGAGAAGTTGTCCTGGGGGAGAGCGTTCTGGAGGGTAA,38ca54b214702c895fc606cde98da1e400118d211fa6d20deff1f693c4334fde,0.0,CGACAGTGCCCACGTTGGAGTTCGTTATCAATAAAGCAGGGACAGTCACACCTCCTTTATAATCAGGTTGCTGGCGGATTTGATGCTGTGATGGTGTAACGGGAGTTCTAAGTGCTGGCCAGCTGCACTTCCCTTTCACTGCCAGCGGGGGCGCAGTCTAACTGAGAAGTTGTCCTGGGGGAGAGCGTTCTGGAGGGTAA,cbe3a29425ac2e6a99737f1b829d337b5380c4a688dba355cd017805cd165df7,-0.0905521430862291,CGACAGTGCCCACGTTGGAGTTCGTTATCAATAAAGCAGGGACAGTCACACCTCCTTTATAATCAGGTTGCTGGCGGATTTGATGCTGTGATGGTGTAATGGGAGTTCTAAGTGCTGGCCAGCTGCACTTCCCTTTCACTGCCAGCGGGGGCGCAGTCTAACTGAGAAGGTGTCCTGGGGGAGAGCGTTCTGGAGGGTAA,9d9ebff18aba258d769037635869ad6b148bd148a7a35f31a6f35e1f3668de08,0.136310873442928,CGACAGTGCCCACGTTGGAGTTCGTTATCAATAAAGCAGGGACAGTCACACCTCCTTTATAATCAGGTTGCTGGCGGATTTGATGCTGTGATGGTGTAACGGGAGTTCTAAGTGCTGGCCAGCTGCACTTCCCTTTCACTGCCAGCGGGGGCGCAGTCTAACTGAGAAGGTGTCCTGGGGGAGAGCGTTCTGGAGGGTAA,5624a3ea340d3a42eea885fb958701a8de59d9b69a4f148d34e5474d5e2875c9,-0.0006764961884251,-0.046435226545124,0.211314351947212,-275.82434594631195,-280.55130887031555,-273.3110998272896,-282.9884777069092,-4.950414955615997,-1.0,0.046435226545124,0.0,2,0.16798626394463667,0.17490732828716207,0.146091925319964,0.07372191660960557,1.0
chr12:4757841:C:T;chr12:4757896:T:C;var1;middle;OL41|K562|e5108b96f720e1c4,chr12:4757841:C:T;chr12:4757896:T:C;var1;middle;OL41,K562,K562_region_00427,100,155,55,TGAGAGAATGTGCTTGGCGGGCTCGACGCACATTTATTTACTTGGGACACACCCTATTTTGGTTTCTCTTCTCCACTTTTCCCCTCGTTCTTGTCCCCCCTTTTCTCTCTCCTGGGCCCTGGATCTCCTGAGCGCGGAGGGCTACGCCTCCTTCTTCCTCCGGACTCACCAGGGCTGCCAGCTTAGCTTACATTTTCAGG,69f342c78d49c6bdcb3cf9e9da234c99aa26a80dfb33748c3920609975ae5685,0.0,TGAGAGAATGTGCTTGGCGGGCTCGACGCACATTTATTTACTTGGGACACACCCTATTTTGGTTTCTCTTCTCCACTTTTCCCCTCGTTCTTGTCCCCCTTTTTCTCTCTCCTGGGCCCTGGATCTCCTGAGCGCGGAGGGCTACGCCTCCTTCTTCCTCCGGACTCACCAGGGCTGCCAGCTTAGCTTACATTTTCAGG,08dd2cc2a3f4fc68f9ea1051961a5ae2e47d8507507b6bc80af1f80baa603f04,0.131550719971375,TGAGAGAATGTGCTTGGCGGGCTCGACGCACATTTATTTACTTGGGACACACCCTATTTTGGTTTCTCTTCTCCACTTTTCCCCTCGTTCTTGTCCCCCCTTTTCTCTCTCCTGGGCCCTGGATCTCCTGAGCGCGGAGGGCTACGCCTCCTTCCTCCTCCGGACTCACCAGGGCTGCCAGCTTAGCTTACATTTTCAGG,af74dadb8f69cccab1dad1cf808610d759e6acf528758fd4e794bb3b7ecdf869,0.363812122191192,TGAGAGAATGTGCTTGGCGGGCTCGACGCACATTTATTTACTTGGGACACACCCTATTTTGGTTTCTCTTCTCCACTTTTCCCCTCGTTCTTGTCCCCCTTTTTCTCTCTCCTGGGCCCTGGATCTCCTGAGCGCGGAGGGCTACGCCTCCTTCCTCCTCCGGACTCACCAGGGCTGCCAGCTTAGCTTACATTTTCAGG,e5108b96f720e1c4625cdd62beae2f31017c04ef215d4ac45be6de57df207d51,0.0693120531396766,0.4260507890228904,0.470277870773493,-277.22872365266085,-283.8041826542467,-274.696013212204,-283.54610002972186,2.2746278159320354,1.0,0.4260507890228904,0.0,1,0.18467945670123628,0.18216460459877223,0.1501433469024087,0.25781228687021746,1.0
chr12:48132159:A:T;chr12:48132176:T:C;var1;middle;OL41|K562|1deb890b11befcf6,chr12:48132159:A:T;chr12:48132176:T:C;var1;middle;OL41,K562,K562_region_00458,100,117,17,GCCTGAGGGAGAAACCCTGTCCTGCCCTGTGCAGCAGCAGGGAGGCCAAGCTCCCTCTGAACCAAGGATCAGGGACTGTAAGATCCTTGGTTATGTGGCATCATGTGTACTTCGCCTCAGCACACCCAGAGGCCCAGCGGGGACCAGGCAGAGGACAGAAGGCAGAGGCCAGGAGAGAAAGGCTTAGAGAGAAGAGGGCT,067d6d936aae3f336b66517aa39bf266f89f89e6dc4ef062d9c3a17c0a1bfcd2,0.0,GCCTGAGGGAGAAACCCTGTCCTGCCCTGTGCAGCAGCAGGGAGGCCAAGCTCCCTCTGAACCAAGGATCAGGGACTGTAAGATCCTTGGTTATGTGGCTTCATGTGTACTTCGCCTCAGCACACCCAGAGGCCCAGCGGGGACCAGGCAGAGGACAGAAGGCAGAGGCCAGGAGAGAAAGGCTTAGAGAGAAGAGGGCT,49725a870adb161927033277b9a7fc39bde5eacb7538593456adfc2e6f0a4635,-0.0777796976777332,GCCTGAGGGAGAAACCCTGTCCTGCCCTGTGCAGCAGCAGGGAGGCCAAGCTCCCTCTGAACCAAGGATCAGGGACTGTAAGATCCTTGGTTATGTGGCATCATGTGTACTTCGCCCCAGCACACCCAGAGGCCCAGCGGGGACCAGGCAGAGGACAGAAGGCAGAGGCCAGGAGAGAAAGGCTTAGAGAGAAGAGGGCT,aac955848773b96502b8fedf97a473e984639b1fe6c632f6153c3ea2dfb57846,0.134978248250641,GCCTGAGGGAGAAACCCTGTCCTGCCCTGTGCAGCAGCAGGGAGGCCAAGCTCCCTCTGAACCAAGGATCAGGGACTGTAAGATCCTTGGTTATGTGGCTTCATGTGTACTTCGCCCCAGCACACCCAGAGGCCCAGCGGGGACCAGGCAGAGGACAGAAGGCAGAGGCCAGGAGAGAAAGGCTTAGAGAGAAGAGGGCT,1deb890b11befcf6b0329c0cfa5d00580da938a0e81d0e21fb9edc76d18e1c92,-0.103366145340969,0.1605646959138768,0.333412869012002,-266.7294652010314,-240.92070064507425,-276.7827438330278,-253.46346357418224,2.4894842971116304,1.0,0.1605646959138768,0.0,0,0.18897351884017585,0.18565657667894103,0.15145376406925343,0.05173775321275123,1.0
chr12:48152995:G:A;chr12:48153045:G:A;var1;middle;OL41|K562|f8bb62152e883f1a,chr12:48152995:G:A;chr12:48153045:G:A;var1;middle;OL41,K562,K562_region_00459,100,150,50,AGGAGGCCGCAACGGCCGGGGTGTCAGGGATCCGGCGGTGAGTGGCTGCACTGGCCGCCACGTGGCCGGGAGGAGAAATGCAAACAAGGAAACCGGGGAGAGCGGGGAGGGGGTGAGTCACTGCGGCCTCACCCGGGAGGGAAATCCGGGCTGGGGCCGCTTCCCGGCTGGGGGTGTCTGCCTCCTGTTTCGGTTCAGGG,029f5977c4b808eaf290b2222d3dba5f74c9812a20db3163277c0a89b33936c9,0.0,AGGAGGCCGCAACGGCCGGGGTGTCAGGGATCCGGCGGTGAGTGGCTGCACTGGCCGCCACGTGGCCGGGAGGAGAAATGCAAACAAGGAAACCGGGGAAAGCGGGGAGGGGGTGAGTCACTGCGGCCTCACCCGGGAGGGAAATCCGGGCTGGGGCCGCTTCCCGGCTGGGGGTGTCTGCCTCCTGTTTCGGTTCAGGG,9b4647938ae89d0ca3ba3c31d39d4a0e8000f1a2642afa80bf4e53d86f0d227e,-0.157378590776981,AGGAGGCCGCAACGGCCGGGGTGTCAGGGATCCGGCGGTGAGTGGCTGCACTGGCCGCCACGTGGCCGGGAGGAGAAATGCAAACAAGGAAACCGGGGAGAGCGGGGAGGGGGTGAGTCACTGCGGCCTCACCCGGGAGGGAAATCCGGACTGGGGCCGCTTCCCGGCTGGGGGTGTCTGCCTCCTGTTTCGGTTCAGGG,72bf89dcac3c114aef5809258a549828541313f94695cef8900a85c2111d7ef7,0.2568430932126,AGGAGGCCGCAACGGCCGGGGTGTCAGGGATCCGGCGGTGAGTGGCTGCACTGGCCGCCACGTGGCCGGGAGGAGAAATGCAAACAAGGAAACCGGGGAAAGCGGGGAGGGGGTGAGTCACTGCGGCCTCACCCGGGAGGGAAATCCGGACTGGGGCCGCTTCCCGGCTGGGGGTGTCTGCCTCCTGTTTCGGTTCAGGG,f8bb62152e883f1a79ca66ae4490983ec7ab627134993615d2bbfa06e11f1098,0.089071010303602,-0.010393492132017,0.189244945013688,-307.6046254695393,-317.0370870557381,-319.72830702061765,-329.526183366077,-0.3654147592606023,-1.0,0.010393492132017,0.0,0,0.18530671959959286,0.18565657667894103,0.15145376406925343,0.11551096241470776,1.0
chr12:48591976:C:A;chr12:48592027:C:T;var1;middle;OL41|K562|a1b3f8f26e41d441,chr12:48591976:C:A;chr12:48592027:C:T;var1;middle;OL41,K562,K562_region_00460,100,151,51,GGGGATCCTAAGCCTCAAGGTCCGCATCTCCCGCTGGAGGGACTGAGCAGCCGCACTGGTGTCCCAGAATAGATCGTGTTCCCCAGAGGTTGTCAGGTTCCCGCAATTCGGCGCGGGCGAGGCGGCCAAAGAGAGGGCGCTCATTGGCTGCCACAGCCCCGGTCCGAGAGGCCGAAGAAGGCTGATTCGTCACAGGCCGT,dcd62255fc3453393b7a250392ac575ad89fdfa4b43f691a7928c86c59285d18,0.0,GGGGATCCTAAGCCTCAAGGTCCGCATCTCCCGCTGGAGGGACTGAGCAGCCGCACTGGTGTCCCAGAATAGATCGTGTTCCCCAGAGGTTGTCAGGTTACCGCAATTCGGCGCGGGCGAGGCGGCCAAAGAGAGGGCGCTCATTGGCTGCCACAGCCCCGGTCCGAGAGGCCGAAGAAGGCTGATTCGTCACAGGCCGT,e1f9f7a221ffead052a0dd1b5d1de9b1f80e1931a5e43c3ba46b029589ff81f2,0.1808226252974,GGGGATCCTAAGCCTCAAGGTCCGCATCTCCCGCTGGAGGGACTGAGCAGCCGCACTGGTGTCCCAGAATAGATCGTGTTCCCCAGAGGTTGTCAGGTTCCCGCAATTCGGCGCGGGCGAGGCGGCCAAAGAGAGGGCGCTCATTGGCTGTCACAGCCCCGGTCCGAGAGGCCGAAGAAGGCTGATTCGTCACAGGCCGT,8387c41b437e43a1ac022928ac04d7514b46f4770d4411b7696b45afa551b4c1,0.176421703080961,GGGGATCCTAAGCCTCAAGGTCCGCATCTCCCGCTGGAGGGACTGAGCAGCCGCACTGGTGTCCCAGAATAGATCGTGTTCCCCAGAGGTTGTCAGGTTACCGCAATTCGGCGCGGGCGAGGCGGCCAAAGAGAGGGCGCTCATTGGCTGTCACAGCCCCGGTCCGAGAGGCCGAAGAAGGCTGATTCGTCACAGGCCGT,a1b3f8f26e41d441ab326fab1129635ab90549366718022995cb093a331e398f,0.250160480198545,0.107083848179816,0.23467852023751,-274.7365242242813,-276.0740507543087,-277.066337198019,-278.4902773797512,0.08641365170478821,1.0,0.107083848179816,0.0,3,0.1816470488443067,0.18106719778262317,0.1474303780702046,-0.052123491138093725,1.0
chr12:50067549:G:C;chr12:50067637:C:T;var1;middle;OL41|K562|a09ebdc7cf0374fa,chr12:50067549:G:C;chr12:50067637:C:T;var1;middle;OL41,K562,K562_region_00461,100,188,88,GCAGCTCCTAGACAATGAGAGTTATTTTCAGCCAGCACTTTAACACAAGCCAGCTGGCCAGTGAGCAGGGCGGGAGTCCTCCTCCACCCAGCCCGCCCAGACGGCAGGCCAGCCGGCCCAGCCCATTGCCTACACTGCTGCTGCCGCCGCCTCCACGTCACTGTTTGTTTATCTCATTGTTCCAGCACAGCTCCTTCTAA,7c4190a217ffec6de8b70ecd29a04a5f271dc37c6ada7da9912f2b42dbf8a8bb,0.0,GCAGCTCCTAGACAATGAGAGTTATTTTCAGCCAGCACTTTAACACAAGCCAGCTGGCCAGTGAGCAGGGCGGGAGTCCTCCTCCACCCAGCCCGCCCACACGGCAGGCCAGCCGGCCCAGCCCATTGCCTACACTGCTGCTGCCGCCGCCTCCACGTCACTGTTTGTTTATCTCATTGTTCCAGCACAGCTCCTTCTAA,6233f1549f99dd8c59114c2447dc23c5b1b9d7040b7159c5feb4afb664f12c9b,0.999116586541548,GCAGCTCCTAGACAATGAGAGTTATTTTCAGCCAGCACTTTAACACAAGCCAGCTGGCCAGTGAGCAGGGCGGGAGTCCTCCTCCACCCAGCCCGCCCAGACGGCAGGCCAGCCGGCCCAGCCCATTGCCTACACTGCTGCTGCCGCCGCCTCCACGTCACTGTTTGTTTATCTCATTGTTCCAGCATAGCTCCTTCTAA,f5214c574fde8f9358a12e517eafdf42730c2279cfc240ee433d612f3d896433,-0.068459184382097,GCAGCTCCTAGACAATGAGAGTTATTTTCAGCCAGCACTTTAACACAAGCCAGCTGGCCAGTGAGCAGGGCGGGAGTCCTCCTCCACCCAGCCCGCCCACACGGCAGGCCAGCCGGCCCAGCCCATTGCCTACACTGCTGCTGCCGCCGCCTCCACGTCACTGTTTGTTTATCTCATTGTTCCAGCATAGCTCCTTCTAA,a09ebdc7cf0374fa8087d2bb6192cca63813e0013de9451191194febc7393164,0.936676146600829,0.0060187444413779,0.190254841822048,-251.37666363129392,-245.00482512265444,-309.8337247923482,-307.42458827700466,-3.962701993295923,-1.0,-0.0060187444413779,0.0,0,0.18068640559287588,0.18565657667894103,0.15145376406925343,0.22043937796845736,1.0
chr12:52252294:T:C;chr12:52252338:G:A;var1;middle;OL32|K562|30e40fc0915ea5f8,chr12:52252294:T:C;chr12:52252338:G:A;var1;middle;OL32,K562,K562_region_00462,100,144,44,GGAGTTCAAGACCAACCTGGCCAACATGGTGAAACCCCGTCTCTATTAAAAATACAAAAAAATTAGCCTGGCATGGTGGCACACACCTGTAATCCCAGTTACTTGGGAGGCTGAGGCACAAGAGTTGCTTGAACCCAGGAAGCGGAGGTTGCAGTGAGCTGAGATTGCACCACTGCACTCCAGCCTGAGTGACAGAGTGA,7ab8825d45bfbfd01a32a5b1cd5b031800781963d55ac9c251f39516a4ca2c48,0.0,GGAGTTCAAGACCAACCTGGCCAACATGGTGAAACCCCGTCTCTATTAAAAATACAAAAAAATTAGCCTGGCATGGTGGCACACACCTGTAATCCCAGTCACTTGGGAGGCTGAGGCACAAGAGTTGCTTGAACCCAGGAAGCGGAGGTTGCAGTGAGCTGAGATTGCACCACTGCACTCCAGCCTGAGTGACAGAGTGA,5c62beefe5e0efa31f1c0ecc5211ce9123141cffee048de608763889cc5272df,-0.318706037537443,GGAGTTCAAGACCAACCTGGCCAACATGGTGAAACCCCGTCTCTATTAAAAATACAAAAAAATTAGCCTGGCATGGTGGCACACACCTGTAATCCCAGTTACTTGGGAGGCTGAGGCACAAGAGTTGCTTGAACCCAGGAAGCAGAGGTTGCAGTGAGCTGAGATTGCACCACTGCACTCCAGCCTGAGTGACAGAGTGA,b45b8d466141fd5cb8cbdf27822c14540ec66980df998326a1ef99a6d62362be,-0.214672401333992,GGAGTTCAAGACCAACCTGGCCAACATGGTGAAACCCCGTCTCTATTAAAAATACAAAAAAATTAGCCTGGCATGGTGGCACACACCTGTAATCCCAGTCACTTGGGAGGCTGAGGCACAAGAGTTGCTTGAACCCAGGAAGCAGAGGTTGCAGTGAGCTGAGATTGCACCACTGCACTCCAGCCTGAGTGACAGAGTGA,30e40fc0915ea5f803e8b2bdd6b0147e62bb49dce06ed1988e363c4aff6cbc87,0.246823437659408,0.7802018765308429,0.298320241196948,-52.677802035585046,-56.21392235020176,-50.29345656372607,-53.82433711644262,0.005239761900156736,-1.0,-0.7802018765308429,0.0,3,0.18148354957964843,0.18106719778262317,0.1474303780702046,0.317366911866107,1.0
chr12:53212223:T:C;chr12:53212292:C:T;var1;middle;OL30|K562|11f61629edd4b4df,chr12:53212223:T:C;chr12:53212292:C:T;var1;middle;OL30,K562,K562_region_00463,100,169,69,AGAACTTCCTATGCAAGAGCGCCTTTACACCCTAGAGTGAGAGAGAAAGAGAGATGAGTTTCTTTCCCTGAAAACGGGGAAAGACATTGCCTTCATATGTGGGCCAGAGGCAGGTGGCTGAACAAGGCGCCACTACCCAGCAGCCACAGCTGGAAGCTTGTCCCCTGCCCCTCCCCAGACCTCCACACGCAGATTCTGCT,124aef893320aeae37ded0b5d7e40577959fd52bb57c10775dc822859e9f8778,0.0,AGAACTTCCTATGCAAGAGCGCCTTTACACCCTAGAGTGAGAGAGAAAGAGAGATGAGTTTCTTTCCCTGAAAACGGGGAAAGACATTGCCTTCATATGCGGGCCAGAGGCAGGTGGCTGAACAAGGCGCCACTACCCAGCAGCCACAGCTGGAAGCTTGTCCCCTGCCCCTCCCCAGACCTCCACACGCAGATTCTGCT,dd09c9bffbd45111c454eb3ede07099ebffab5efbea1268bbafb9fc283ec6b99,0.0202286354006188,AGAACTTCCTATGCAAGAGCGCCTTTACACCCTAGAGTGAGAGAGAAAGAGAGATGAGTTTCTTTCCCTGAAAACGGGGAAAGACATTGCCTTCATATGTGGGCCAGAGGCAGGTGGCTGAACAAGGCGCCACTACCCAGCAGCCACAGCTGGAAGCTTGTCCCCTGCTCCTCCCCAGACCTCCACACGCAGATTCTGCT,4736a35c9d57a61d51180c4519dc606bf9bccb789c49c1acf1e5394d500127c7,-0.25765033278105,AGAACTTCCTATGCAAGAGCGCCTTTACACCCTAGAGTGAGAGAGAAAGAGAGATGAGTTTCTTTCCCTGAAAACGGGGAAAGACATTGCCTTCATATGCGGGCCAGAGGCAGGTGGCTGAACAAGGCGCCACTACCCAGCAGCCACAGCTGGAAGCTTGTCCCCTGCTCCTCCCCAGACCTCCACACGCAGATTCTGCT,11f61629edd4b4df1901e700353cdd692c2070c535b7031e551e58a11688112c,-0.284988956384392,0.0475672590039608,0.107520619802851,-308.3896445762366,-320.9266694439575,-310.6541508520022,-323.03197720227763,-0.15919851744547486,1.0,0.0475672590039608,0.0,4,0.17600201383326194,0.17620727786206916,0.145609630836647,0.19623277230092695,1.0
chr12:54387947:G:A;chr12:54388003:G:C;var1;middle;OL29|K562|b1136fc737b7ceee,chr12:54387947:G:A;chr12:54388003:G:C;var1;middle;OL29,K562,K562_region_00464,100,156,56,TGAGATCTCTCGTCGGCTGCTGGGGCTCCGGCTCAGCCTGGCAGATCCGCTGTGGCCTCTCTGGGACCTCGCCCCGGCCCACGGCCTGACTTCGGCTCGGAGATGCAGCCCTTCCCGAGAACAGGTGAAGAAGACGGCGGCAGCGGGGACTGGGGGCTTCGGGTGGGAACGCCAGGGCTCAGGGCTTTGTGTGGGTCGTG,a05833bc3dd3a2860b81155e9ec4c8fe6a965614970b3e4339330fc4a2293a58,0.0,TGAGATCTCTCGTCGGCTGCTGGGGCTCCGGCTCAGCCTGGCAGATCCGCTGTGGCCTCTCTGGGACCTCGCCCCGGCCCACGGCCTGACTTCGGCTCGAAGATGCAGCCCTTCCCGAGAACAGGTGAAGAAGACGGCGGCAGCGGGGACTGGGGGCTTCGGGTGGGAACGCCAGGGCTCAGGGCTTTGTGTGGGTCGTG,3d7526e678c0355fbbfd0e7a4fc3679d46afb17fea098e95e53308bd9634717e,-0.0959374373135582,TGAGATCTCTCGTCGGCTGCTGGGGCTCCGGCTCAGCCTGGCAGATCCGCTGTGGCCTCTCTGGGACCTCGCCCCGGCCCACGGCCTGACTTCGGCTCGGAGATGCAGCCCTTCCCGAGAACAGGTGAAGAAGACGGCGGCAGCGGGGACTGGGGCCTTCGGGTGGGAACGCCAGGGCTCAGGGCTTTGTGTGGGTCGTG,6077351860e0bff3ac903444064c559194a3572174bed212d0931572a879fad8,0.0274350811965202,TGAGATCTCTCGTCGGCTGCTGGGGCTCCGGCTCAGCCTGGCAGATCCGCTGTGGCCTCTCTGGGACCTCGCCCCGGCCCACGGCCTGACTTCGGCTCGAAGATGCAGCCCTTCCCGAGAACAGGTGAAGAAGACGGCGGCAGCGGGGACTGGGGCCTTCGGGTGGGAACGCCAGGGCTCAGGGCTTTGTGTGGGTCGTG,b1136fc737b7ceeee09dd5524bcd9c8b5d9d43255c09e4f4b670d919f84237e3,-0.107145363328589,0.038643007211551,0.124996403285212,-316.05227994546294,-316.8724641148001,-318.4470658833161,-319.08669822569937,-0.18055182695388794,1.0,0.038643007211551,0.0,2,0.1749315703120752,0.17490732828716207,0.146091925319964,0.15699018867351028,1.0
chr12:54485620:T:C;chr12:54485624:A:G;var1;middle;OL27|K562|a8f563a11d37268d,chr12:54485620:T:C;chr12:54485624:A:G;var1;middle;OL27,K562,K562_region_00465,100,104,4,CTTGCTGGGGCTTTAAAGTAGCTGTCCTTCTGTGAGCACAGTGTTGGCACCATCTTCCAGGGAAGGACTTGTCTTCCTCAGTCTCCAGTTAGCCTTGTGTGAGACATTATGCTGGGAATGTTGGGGTTCCAGATACCTGGTCTCTGACCATGGGGTTTCTGCTCTAGACATGGGTGAACTGACATCTCCCTGGCATCCTC,0a6c78f3a047c879197ff91432f368217bea49e95375f8a535fbe43fb97b110a,0.0,CTTGCTGGGGCTTTAAAGTAGCTGTCCTTCTGTGAGCACAGTGTTGGCACCATCTTCCAGGGAAGGACTTGTCTTCCTCAGTCTCCAGTTAGCCTTGTGCGAGACATTATGCTGGGAATGTTGGGGTTCCAGATACCTGGTCTCTGACCATGGGGTTTCTGCTCTAGACATGGGTGAACTGACATCTCCCTGGCATCCTC,fee037055ee467b8944c4140644ec6cee4369ceb216c9858e02c92285c5eab13,0.0522665611707637,CTTGCTGGGGCTTTAAAGTAGCTGTCCTTCTGTGAGCACAGTGTTGGCACCATCTTCCAGGGAAGGACTTGTCTTCCTCAGTCTCCAGTTAGCCTTGTGTGAGGCATTATGCTGGGAATGTTGGGGTTCCAGATACCTGGTCTCTGACCATGGGGTTTCTGCTCTAGACATGGGTGAACTGACATCTCCCTGGCATCCTC,e89b9199c2b42460b330752f9813ea2ea34e24d55fd4d7a47c0a240170e62591,0.147736286364303,CTTGCTGGGGCTTTAAAGTAGCTGTCCTTCTGTGAGCACAGTGTTGGCACCATCTTCCAGGGAAGGACTTGTCTTCCTCAGTCTCCAGTTAGCCTTGTGCGAGGCATTATGCTGGGAATGTTGGGGTTCCAGATACCTGGTCTCTGACCATGGGGTTTCTGCTCTAGACATGGGTGAACTGACATCTCCCTGGCATCCTC,a8f563a11d37268dcf4808a70feebeac78395789aa89f7ff3437c9e490ccf6d2,-0.0760234373864515,0.2760262849215182,0.180914316077922,-251.43590103648603,-260.20780840702355,-244.37166430056087,-254.0539486706257,0.9103769995273296,1.0,0.2760262849215182,0.0,0,0.1869453317395997,0.18565657667894103,0.15145376406925343,0.20923895396655007,1.0
chr12:54536459:T:C;chr12:54536534:C:G;var1;middle;OL41|K562|e0a6c4b5806fb752,chr12:54536459:T:C;chr12:54536534:C:G;var1;middle;OL41,K562,K562_region_00466,100,175,75,AGAGCTTGCGGTGAGCAGAGATCACACAACTGCACTCCAGCCTGGGCAACAGAGCGAGACTCCATCTCAAAAAAAAAAAAAAAAGACTTGGCTCCTCACTTGTATTGTGGGAATCCCAGCCTAAATTGGACATGTGGATGTTGAGCAATAGAGGACAGACAAACAAAGGAATCTCCAGACCCTGCAGGACCCAAGGCAGC,f6faa99b2ed93c0d7fa330b892d28031cbf49c8069e1c2895776cdd8822051aa,0.0,AGAGCTTGCGGTGAGCAGAGATCACACAACTGCACTCCAGCCTGGGCAACAGAGCGAGACTCCATCTCAAAAAAAAAAAAAAAAGACTTGGCTCCTCACCTGTATTGTGGGAATCCCAGCCTAAATTGGACATGTGGATGTTGAGCAATAGAGGACAGACAAACAAAGGAATCTCCAGACCCTGCAGGACCCAAGGCAGC,314227e6d0526536378aeddbf597a03b4c94d3f65dc6be4b85448fff79eef32f,-0.256545790094065,AGAGCTTGCGGTGAGCAGAGATCACACAACTGCACTCCAGCCTGGGCAACAGAGCGAGACTCCATCTCAAAAAAAAAAAAAAAAGACTTGGCTCCTCACTTGTATTGTGGGAATCCCAGCCTAAATTGGACATGTGGATGTTGAGCAATAGAGGACAGACAAACAAAGGAATCTGCAGACCCTGCAGGACCCAAGGCAGC,9beb7c9d4a00c6ef24b32daa78fe03eb37d8922a885454cf3c580c347b61b405,0.197376191288571,AGAGCTTGCGGTGAGCAGAGATCACACAACTGCACTCCAGCCTGGGCAACAGAGCGAGACTCCATCTCAAAAAAAAAAAAAAAAGACTTGGCTCCTCACCTGTATTGTGGGAATCCCAGCCTAAATTGGACATGTGGATGTTGAGCAATAGAGGACAGACAAACAAAGGAATCTGCAGACCCTGCAGGACCCAAGGCAGC,e0a6c4b5806fb7529a75492144bb23e10eb05a7360554b2491ad9cd2d09b9e30,-0.122824842214303,-0.063655243408809,0.475666951569878,-204.0563761931844,-194.2717593377456,-192.0446094488725,-189.3726089517586,-7.112616358324885,-1.0,0.063655243408809,0.0,2,0.1648379238843778,0.17490732828716207,0.146091925319964,0.15573422223726074,1.0
chr12:54592103:G:A;chr12:54592187:T:C;var1;middle;OL27|K562|bded4846ba0daa6a,chr12:54592103:G:A;chr12:54592187:T:C;var1;middle;OL27,K562,K562_region_00467,100,184,84,GATGGGGTTTCACCATCTTGGCCAGACTGATCTTGAACTCCTGACCTCGTGATCCACTTGCCTCGGCCTCCCAAAGTGCTGGGATTACAGGCGTGAGCCGCCGCGCCTGGCCTAGCCATCTTTTTCTTTTTTGTTTTTTTTGAGGTGGAGTCTCGCTCTGTTGCCCAGGCTGGAGTGCAGTGATGCAATCTTGACTCACT,9d37989e928e29a6355809047671aeb46a4707a7c0521a5a17aad9120a9bc72b,0.0,GATGGGGTTTCACCATCTTGGCCAGACTGATCTTGAACTCCTGACCTCGTGATCCACTTGCCTCGGCCTCCCAAAGTGCTGGGATTACAGGCGTGAGCCACCGCGCCTGGCCTAGCCATCTTTTTCTTTTTTGTTTTTTTTGAGGTGGAGTCTCGCTCTGTTGCCCAGGCTGGAGTGCAGTGATGCAATCTTGACTCACT,2cc98dc72aa0bbe5be73050d0ce998a025a3bdb2a72ac1d7cdb3728d778a2eb1,-0.117070905847435,GATGGGGTTTCACCATCTTGGCCAGACTGATCTTGAACTCCTGACCTCGTGATCCACTTGCCTCGGCCTCCCAAAGTGCTGGGATTACAGGCGTGAGCCGCCGCGCCTGGCCTAGCCATCTTTTTCTTTTTTGTTTTTTTTGAGGTGGAGTCTCGCTCTGTTGCCCAGGCTGGAGTGCAGTGACGCAATCTTGACTCACT,e9d5defee4ba6011d9334bc48ffc56ad6275b27bc87a9a3b4866452d0867b0e3,1.02491639125935,GATGGGGTTTCACCATCTTGGCCAGACTGATCTTGAACTCCTGACCTCGTGATCCACTTGCCTCGGCCTCCCAAAGTGCTGGGATTACAGGCGTGAGCCACCGCGCCTGGCCTAGCCATCTTTTTCTTTTTTGTTTTTTTTGAGGTGGAGTCTCGCTCTGTTGCCCAGGCTGGAGTGCAGTGACGCAATCTTGACTCACT,bded4846ba0daa6ac5582aafc044338c05a1ceafc651302710e931dc9e704f0e,0.89175106176148,-0.016094423650435,0.0930961338038559,-80.34306749259122,-75.76817269274034,-81.76822457043454,-77.24891774123535,-0.05558797065168619,-1.0,0.016094423650435,0.0,1,0.18230860225535525,0.18216460459877223,0.1501433469024087,-0.06377182038863224,1.0
chr12:57753833:T:A;chr12:57753835:T:A;var1;middle;OL27|K562|d9a4e4f6d8cae1ff,chr12:57753833:T:A;chr12:57753835:T:A;var1;middle;OL27,K562,K562_region_00468,100,102,2,CTTGAACTGCACAGGTCCACTTATATGTGAATTGTTTTCAGTAAATAAATAAATAAATATATATATATATATACACACATATATATATATATATATATTTTTTTTTTTTTTTTGGTCGCTCAGGCTGGAGTGTAGTGGCGTGATCTCAGATCACTGCAACCTCCGCCTTCTGGGCTCAAACAATTCTCCTGCCTCAGCCT,8b68824be3b2ee73a7f9ee174052db889a02fdd98c2cff6e523557d0e6084611,0.0,CTTGAACTGCACAGGTCCACTTATATGTGAATTGTTTTCAGTAAATAAATAAATAAATATATATATATATATACACACATATATATATATATATATATTATTTTTTTTTTTTTGGTCGCTCAGGCTGGAGTGTAGTGGCGTGATCTCAGATCACTGCAACCTCCGCCTTCTGGGCTCAAACAATTCTCCTGCCTCAGCCT,b262e658fbc213b461ab71a99f44c10678f8049e07a9cf8ae4a1cc0450fe3f6d,-0.309057200632231,CTTGAACTGCACAGGTCCACTTATATGTGAATTGTTTTCAGTAAATAAATAAATAAATATATATATATATATACACACATATATATATATATATATATTTTATTTTTTTTTTTGGTCGCTCAGGCTGGAGTGTAGTGGCGTGATCTCAGATCACTGCAACCTCCGCCTTCTGGGCTCAAACAATTCTCCTGCCTCAGCCT,b51b42b6cd73f9e661af1252d413168e64882480bdde9db1463478b5b29f9e72,-0.0304405317162639,CTTGAACTGCACAGGTCCACTTATATGTGAATTGTTTTCAGTAAATAAATAAATAAATATATATATATATATACACACATATATATATATATATATATTATATTTTTTTTTTTGGTCGCTCAGGCTGGAGTGTAGTGGCGTGATCTCAGATCACTGCAACCTCCGCCTTCTGGGCTCAAACAATTCTCCTGCCTCAGCCT,d9a4e4f6d8cae1ffc90f3306561d93bdcaa35c442b25c3c53269c19b9c16e490,0.164874418017803,0.5043721503662979,0.209622977332418,-77.20262452377938,-82.17906090104952,-85.91245787311345,-85.95522863371298,4.933665616670623,-1.0,-0.5043721503662979,0.0,4,0.18231416728310532,0.17620727786206916,0.145609630836647,-0.053225429953121906,1.0
chr12:63830564:G:T;chr12:63830572:T:A;var1;middle;OL31|K562|f663514820855516,chr12:63830564:G:T;chr12:63830572:T:A;var1;middle;OL31,K562,K562_region_00469,100,108,8,ATTGCTTCAAAGAGAATAAAATACCTAGGAATCCAACTTACAGGGGATGTAAAGGACCTCTTCAAGGAGAACTACAAACCACTGCTCAATGAAATAAAAGAGGATACTAACAAATAGAAGAACATTCCATGCTCATGGGTAGGAAGAATCAATATCGTGAAAATGGCCATACTGCCCAAGGTAATTTATAGATTCAATGC,dcbd05eca833679c50e4c4c65522456d5627628c6db1cc92caf224ecd6cdcafa,0.0,ATTGCTTCAAAGAGAATAAAATACCTAGGAATCCAACTTACAGGGGATGTAAAGGACCTCTTCAAGGAGAACTACAAACCACTGCTCAATGAAATAAAATAGGATACTAACAAATAGAAGAACATTCCATGCTCATGGGTAGGAAGAATCAATATCGTGAAAATGGCCATACTGCCCAAGGTAATTTATAGATTCAATGC,b6298eed496593e7a7386141d5a214d307e3debd08c9b2d096f4de37453dacd2,-0.0221633047677938,ATTGCTTCAAAGAGAATAAAATACCTAGGAATCCAACTTACAGGGGATGTAAAGGACCTCTTCAAGGAGAACTACAAACCACTGCTCAATGAAATAAAAGAGGATACAAACAAATAGAAGAACATTCCATGCTCATGGGTAGGAAGAATCAATATCGTGAAAATGGCCATACTGCCCAAGGTAATTTATAGATTCAATGC,633032cf0e95329c853c7c5a5d05b83ced27ab67f1e1e26294c4e23d80dbb54a,-0.170272776056067,ATTGCTTCAAAGAGAATAAAATACCTAGGAATCCAACTTACAGGGGATGTAAAGGACCTCTTCAAGGAGAACTACAAACCACTGCTCAATGAAATAAAATAGGATACAAACAAATAGAAGAACATTCCATGCTCATGGGTAGGAAGAATCAATATCGTGAAAATGGCCATACTGCCCAAGGTAATTTATAGATTCAATGC,f6635148208555164885b3cc049dd2cdfbf983e8f8be07ba91997c05f0144ac1,0.0211047121849716,0.2135407930088323,0.483295821964291,-111.73894008155912,-118.51302732992916,-110.39913371531291,-115.16127457935364,2.011946384329306,-1.0,-0.2135407930088323,0.0,4,0.17869295539795893,0.17620727786206916,0.145609630836647,0.19351659157788142,1.0
chr12:63830564:G:T;chr12:63830580:A:G;var1;middle;OL31|K562|631fa2c7b87d74ab,chr12:63830564:G:T;chr12:63830580:A:G;var1;middle;OL31,K562,K562_region_00469,100,116,16,ATTGCTTCAAAGAGAATAAAATACCTAGGAATCCAACTTACAGGGGATGTAAAGGACCTCTTCAAGGAGAACTACAAACCACTGCTCAATGAAATAAAAGAGGATACTAACAAATAGAAGAACATTCCATGCTCATGGGTAGGAAGAATCAATATCGTGAAAATGGCCATACTGCCCAAGGTAATTTATAGATTCAATGC,dcbd05eca833679c50e4c4c65522456d5627628c6db1cc92caf224ecd6cdcafa,0.0,ATTGCTTCAAAGAGAATAAAATACCTAGGAATCCAACTTACAGGGGATGTAAAGGACCTCTTCAAGGAGAACTACAAACCACTGCTCAATGAAATAAAATAGGATACTAACAAATAGAAGAACATTCCATGCTCATGGGTAGGAAGAATCAATATCGTGAAAATGGCCATACTGCCCAAGGTAATTTATAGATTCAATGC,b6298eed496593e7a7386141d5a214d307e3debd08c9b2d096f4de37453dacd2,-0.022293465838205,ATTGCTTCAAAGAGAATAAAATACCTAGGAATCCAACTTACAGGGGATGTAAAGGACCTCTTCAAGGAGAACTACAAACCACTGCTCAATGAAATAAAAGAGGATACTAACAAATGGAAGAACATTCCATGCTCATGGGTAGGAAGAATCAATATCGTGAAAATGGCCATACTGCCCAAGGTAATTTATAGATTCAATGC,ef7d8436e4a30675205be698d15261fd361b71c6ccdd9a61808d97abf5d296c0,-0.107940975222846,ATTGCTTCAAAGAGAATAAAATACCTAGGAATCCAACTTACAGGGGATGTAAAGGACCTCTTCAAGGAGAACTACAAACCACTGCTCAATGAAATAAAATAGGATACTAACAAATGGAAGAACATTCCATGCTCATGGGTAGGAAGAATCAATATCGTGAAAATGGCCATACTGCCCAAGGTAATTTATAGATTCAATGC,631fa2c7b87d74ab062609db8d641501aee43056c8ff142523412dc67ced3619,0.14477638778279,0.275010828843841,0.447634589642122,-111.73894008155912,-118.51302732992916,-107.43335714796558,-113.00539557635784,1.2020488199777901,-1.0,-0.275010828843841,0.0,4,0.17768915919012462,0.17620727786206916,0.145609630836647,0.23119508399634942,1.0
chr12:63830572:T:A;chr12:63830580:A:G;var1;middle;OL31|K562|455724c93f25d8b6,chr12:63830572:T:A;chr12:63830580:A:G;var1;middle;OL31,K562,K562_region_00469,100,108,8,AAAGAGAATAAAATACCTAGGAATCCAACTTACAGGGGATGTAAAGGACCTCTTCAAGGAGAACTACAAACCACTGCTCAATGAAATAAAAGAGGATACTAACAAATAGAAGAACATTCCATGCTCATGGGTAGGAAGAATCAATATCGTGAAAATGGCCATACTGCCCAAGGTAATTTATAGATTCAATGCCATCCCCA,f5515c32566238e6ee7e13ef4dcbf20e7484450b8f29971e63ec1c7fa52fa3a7,0.0,AAAGAGAATAAAATACCTAGGAATCCAACTTACAGGGGATGTAAAGGACCTCTTCAAGGAGAACTACAAACCACTGCTCAATGAAATAAAAGAGGATACAAACAAATAGAAGAACATTCCATGCTCATGGGTAGGAAGAATCAATATCGTGAAAATGGCCATACTGCCCAAGGTAATTTATAGATTCAATGCCATCCCCA,a08d62391a942dd0cd47652700da4e42294cd4dde455e7fcfd4b03624a3f3998,-0.0423496056027906,AAAGAGAATAAAATACCTAGGAATCCAACTTACAGGGGATGTAAAGGACCTCTTCAAGGAGAACTACAAACCACTGCTCAATGAAATAAAAGAGGATACTAACAAATGGAAGAACATTCCATGCTCATGGGTAGGAAGAATCAATATCGTGAAAATGGCCATACTGCCCAAGGTAATTTATAGATTCAATGCCATCCCCA,ce0c3dfb9fa565002fc8a23421ee3ce4d6c446bfc242f394d7586bb33915b883,-0.0170516641330781,AAAGAGAATAAAATACCTAGGAATCCAACTTACAGGGGATGTAAAGGACCTCTTCAAGGAGAACTACAAACCACTGCTCAATGAAATAAAAGAGGATACAAACAAATGGAAGAACATTCCATGCTCATGGGTAGGAAGAATCAATATCGTGAAAATGGCCATACTGCCCAAGGTAATTTATAGATTCAATGCCATCCCCA,455724c93f25d8b6285fc3ddea6670272bf392c849306a68046e4707dc7585c6,0.525282474896946,0.5846837446328147,0.327520461723828,-106.96453534485772,-106.06808183388785,-103.9209735360928,-102.66398876486346,0.3605312602594495,-1.0,-0.5846837446328147,0.0,4,0.17664617280215145,0.17620727786206916,0.145609630836647,0.28995242137584676,1.0
chr12:64062023:A:C;chr12:64062065:T:C;var1;middle;OL41|K562|47345a49757bc592,chr12:64062023:A:C;chr12:64062065:T:C;var1;middle;OL41,K562,K562_region_00470,100,142,42,ACTGGAAGGGGCCGAGAAGAAAGGTCTTGGCCACCACCTCTAGCTCCAAGCCTTTTCGCTCTTTCAGACTTTGGATCCTCCCCGGGGAGGACCTCCAGGAGCCCCTTGGCAGTTTCCCGCCGCCTAGGGCCGACTTTTCCATCTCCTCCTCTACCTCCGGCTCCCGGGCGAGGGAGGCCCCGCGCCGCCCCTTAGACTGG,be4f9932c9e259129a0d1cab50af70a21eb27fc3204af78babea1806ae0f3989,0.0,ACTGGAAGGGGCCGAGAAGAAAGGTCTTGGCCACCACCTCTAGCTCCAAGCCTTTTCGCTCTTTCAGACTTTGGATCCTCCCCGGGGAGGACCTCCAGGCGCCCCTTGGCAGTTTCCCGCCGCCTAGGGCCGACTTTTCCATCTCCTCCTCTACCTCCGGCTCCCGGGCGAGGGAGGCCCCGCGCCGCCCCTTAGACTGG,67c9e0db7fee318bc187c2414136dece09aabd245415257fb1d1726e7f83e2c7,0.16088570689966,ACTGGAAGGGGCCGAGAAGAAAGGTCTTGGCCACCACCTCTAGCTCCAAGCCTTTTCGCTCTTTCAGACTTTGGATCCTCCCCGGGGAGGACCTCCAGGAGCCCCTTGGCAGTTTCCCGCCGCCTAGGGCCGACTTTTCCACCTCCTCCTCTACCTCCGGCTCCCGGGCGAGGGAGGCCCCGCGCCGCCCCTTAGACTGG,331dc9e982ab09082a453abbf8d56fa0bce42be2436143666da55b0ae90ccd2f,0.48867282548847,ACTGGAAGGGGCCGAGAAGAAAGGTCTTGGCCACCACCTCTAGCTCCAAGCCTTTTCGCTCTTTCAGACTTTGGATCCTCCCCGGGGAGGACCTCCAGGCGCCCCTTGGCAGTTTCCCGCCGCCTAGGGCCGACTTTTCCACCTCCTCCTCTACCTCCGGCTCCCGGGCGAGGGAGGCCCCGCGCCGCCCCTTAGACTGG,47345a49757bc5928e6a5bb51d6ef0ae6b142f187afd5d94daae734c2ba2ad28,0.22759929678064,0.42195923560749,0.511306396234329,-369.7045858989004,-371.3498015252408,-368.918901177356,-371.6725609421264,1.1084441384300021,1.0,0.42195923560749,0.0,4,0.17757314448837844,0.17620727786206916,0.145609630836647,0.2772442404844927,1.0
chr12:64062052:G:A;chr12:64062065:T:C;var1;middle;OL41|K562|a9e859fdc060610f,chr12:64062052:G:A;chr12:64062065:T:C;var1;middle;OL41,K562,K562_region_00470,100,113,13,GCCACCACCTCTAGCTCCAAGCCTTTTCGCTCTTTCAGACTTTGGATCCTCCCCGGGGAGGACCTCCAGGAGCCCCTTGGCAGTTTCCCGCCGCCTAGGGCCGACTTTTCCATCTCCTCCTCTACCTCCGGCTCCCGGGCGAGGGAGGCCCCGCGCCGCCCCTTAGACTGGCTGCGGCCGGAAGATTGCAGCCGCTTTGA,47ca164e9ac81010a929b87a86763f2e7689814dca7a614be62164c5f08f7085,0.0,GCCACCACCTCTAGCTCCAAGCCTTTTCGCTCTTTCAGACTTTGGATCCTCCCCGGGGAGGACCTCCAGGAGCCCCTTGGCAGTTTCCCGCCGCCTAGGACCGACTTTTCCATCTCCTCCTCTACCTCCGGCTCCCGGGCGAGGGAGGCCCCGCGCCGCCCCTTAGACTGGCTGCGGCCGGAAGATTGCAGCCGCTTTGA,799c5b2f8b76ab865b374f504f3503c2aa084751107f317f99f437d320281fd7,0.0148568428580567,GCCACCACCTCTAGCTCCAAGCCTTTTCGCTCTTTCAGACTTTGGATCCTCCCCGGGGAGGACCTCCAGGAGCCCCTTGGCAGTTTCCCGCCGCCTAGGGCCGACTTTTCCACCTCCTCCTCTACCTCCGGCTCCCGGGCGAGGGAGGCCCCGCGCCGCCCCTTAGACTGGCTGCGGCCGGAAGATTGCAGCCGCTTTGA,6df60f2d4f532f1bb2071b8bded5aa522e297c3bd92751d7b600fb653a7bb578,0.265975530836368,GCCACCACCTCTAGCTCCAAGCCTTTTCGCTCTTTCAGACTTTGGATCCTCCCCGGGGAGGACCTCCAGGAGCCCCTTGGCAGTTTCCCGCCGCCTAGGACCGACTTTTCCACCTCCTCCTCTACCTCCGGCTCCCGGGCGAGGGAGGCCCCGCGCCGCCCCTTAGACTGGCTGCGGCCGGAAGATTGCAGCCGCTTTGA,a9e859fdc060610f93fe452db269e47f60e15b6e177e11348d882cbf35abafa7,0.211111587239866,0.0697207864545587,0.324712292125413,-259.92234696727246,-253.491862019524,-252.8647115305066,-251.6270423084497,5.19281572569156,1.0,0.0697207864545587,0.0,4,0.18263536086133686,0.17620727786206916,0.145609630836647,0.2312784623438615,1.0
chr12:64062052:G:A;chr12:64062132:G:A;var1;middle;OL41|K562|93d85025e24ccbca,chr12:64062052:G:A;chr12:64062132:G:A;var1;middle;OL41,K562,K562_region_00470,100,180,80,GCCACCACCTCTAGCTCCAAGCCTTTTCGCTCTTTCAGACTTTGGATCCTCCCCGGGGAGGACCTCCAGGAGCCCCTTGGCAGTTTCCCGCCGCCTAGGGCCGACTTTTCCATCTCCTCCTCTACCTCCGGCTCCCGGGCGAGGGAGGCCCCGCGCCGCCCCTTAGACTGGCTGCGGCCGGAAGATTGCAGCCGCTTTGA,47ca164e9ac81010a929b87a86763f2e7689814dca7a614be62164c5f08f7085,0.0,GCCACCACCTCTAGCTCCAAGCCTTTTCGCTCTTTCAGACTTTGGATCCTCCCCGGGGAGGACCTCCAGGAGCCCCTTGGCAGTTTCCCGCCGCCTAGGACCGACTTTTCCATCTCCTCCTCTACCTCCGGCTCCCGGGCGAGGGAGGCCCCGCGCCGCCCCTTAGACTGGCTGCGGCCGGAAGATTGCAGCCGCTTTGA,799c5b2f8b76ab865b374f504f3503c2aa084751107f317f99f437d320281fd7,0.014411351615763,GCCACCACCTCTAGCTCCAAGCCTTTTCGCTCTTTCAGACTTTGGATCCTCCCCGGGGAGGACCTCCAGGAGCCCCTTGGCAGTTTCCCGCCGCCTAGGGCCGACTTTTCCATCTCCTCCTCTACCTCCGGCTCCCGGGCGAGGGAGGCCCCGCGCCGCCCCTTAGACTGGCTGCGGCCAGAAGATTGCAGCCGCTTTGA,42c7fb59d93641f7e2420b225a5c0088634cc68cce9985658a41e971dfc1bf3c,-0.484897455203565,GCCACCACCTCTAGCTCCAAGCCTTTTCGCTCTTTCAGACTTTGGATCCTCCCCGGGGAGGACCTCCAGGAGCCCCTTGGCAGTTTCCCGCCGCCTAGGACCGACTTTTCCATCTCCTCCTCTACCTCCGGCTCCCGGGCGAGGGAGGCCCCGCGCCGCCCCTTAGACTGGCTGCGGCCAGAAGATTGCAGCCGCTTTGA,93d85025e24ccbcaf16f3394ee663d8a1c358a8078140f65e53cb45711b7ba25,-0.670120915808226,0.199634812220424,0.387735009671879,-259.92234696727246,-253.491862019524,-248.48727940022945,-248.5513417124748,6.494547259993823,1.0,0.199634812220424,0.0,4,0.1842487416582,0.17620727786206916,0.145609630836647,0.2924787890567298,1.0
chr12:64062065:T:C;chr12:64062132:G:A;var1;middle;OL41|K562|7cd2e88cd2054bfa,chr12:64062065:T:C;chr12:64062132:G:A;var1;middle;OL41,K562,K562_region_00470,100,167,67,GCTCCAAGCCTTTTCGCTCTTTCAGACTTTGGATCCTCCCCGGGGAGGACCTCCAGGAGCCCCTTGGCAGTTTCCCGCCGCCTAGGGCCGACTTTTCCATCTCCTCCTCTACCTCCGGCTCCCGGGCGAGGGAGGCCCCGCGCCGCCCCTTAGACTGGCTGCGGCCGGAAGATTGCAGCCGCTTTGAGCTTACTCCTTGT,aa7ba3f2b96b6526f19fa6c0af75658314e6649f416ef7de15cdab56046166cb,0.0,GCTCCAAGCCTTTTCGCTCTTTCAGACTTTGGATCCTCCCCGGGGAGGACCTCCAGGAGCCCCTTGGCAGTTTCCCGCCGCCTAGGGCCGACTTTTCCACCTCCTCCTCTACCTCCGGCTCCCGGGCGAGGGAGGCCCCGCGCCGCCCCTTAGACTGGCTGCGGCCGGAAGATTGCAGCCGCTTTGAGCTTACTCCTTGT,f32c31cc2ce414e7ff88a1171ce798c642bc31af3b1d5520dd55a642f23ba70b,0.298738806791047,GCTCCAAGCCTTTTCGCTCTTTCAGACTTTGGATCCTCCCCGGGGAGGACCTCCAGGAGCCCCTTGGCAGTTTCCCGCCGCCTAGGGCCGACTTTTCCATCTCCTCCTCTACCTCCGGCTCCCGGGCGAGGGAGGCCCCGCGCCGCCCCTTAGACTGGCTGCGGCCAGAAGATTGCAGCCGCTTTGAGCTTACTCCTTGT,560db98ce4c4168bdab5a0d690e656cdad32907ba0316433fd077432023772c6,-0.0674128039601784,GCTCCAAGCCTTTTCGCTCTTTCAGACTTTGGATCCTCCCCGGGGAGGACCTCCAGGAGCCCCTTGGCAGTTTCCCGCCGCCTAGGGCCGACTTTTCCACCTCCTCCTCTACCTCCGGCTCCCGGGCGAGGGAGGCCCCGCGCCGCCCCTTAGACTGGCTGCGGCCAGAAGATTGCAGCCGCTTTGAGCTTACTCCTTGT,7cd2e88cd2054bfac0de79487a4f7998ae3e0770a9d673c696e0f2f44ab2e46f,-0.0086690576805862,-0.2399950605114547,0.360990784389574,-252.1743494719267,-251.6208269521594,-252.8609707057476,-251.746089451015,0.5613587349653244,-1.0,0.2399950605114547,0.0,4,0.17689508064730605,0.17620727786206916,0.145609630836647,0.1618124128453438,1.0
chr12:64062496:T:C;chr12:64062561:C:T;var1;middle;OL41|K562|b77a179db115131f,chr12:64062496:T:C;chr12:64062561:C:T;var1;middle;OL41,K562,K562_region_00471,100,165,65,GCGAGCAGCACCCCCGCCTCTGCGCTTCCCAGAGCGTGCAGCTTCCGGTGAGGGCAGCCCCACGCACAGCCCCCCACACCCTCCCCAGCGCCTGCAGCCTCCGGTGCGCGCAGGCCCCAAGCCCACATGCGCAGTCCTCACCTTGCGCGCAGCCCCATGTACAGCCCCGGACGGGCTCCCAGCCCCACTGGCGCAGAACC,2e0fc63b7e2ab25e9ec1bea8a920fdadf169d0ab152320c938b49e4000d6a363,0.0,GCGAGCAGCACCCCCGCCTCTGCGCTTCCCAGAGCGTGCAGCTTCCGGTGAGGGCAGCCCCACGCACAGCCCCCCACACCCTCCCCAGCGCCTGCAGCCCCCGGTGCGCGCAGGCCCCAAGCCCACATGCGCAGTCCTCACCTTGCGCGCAGCCCCATGTACAGCCCCGGACGGGCTCCCAGCCCCACTGGCGCAGAACC,8b84c669f02a3b1aff41a396047384feb98a048cdcf2b713f669da57e86fa255,-1.54837597937683,GCGAGCAGCACCCCCGCCTCTGCGCTTCCCAGAGCGTGCAGCTTCCGGTGAGGGCAGCCCCACGCACAGCCCCCCACACCCTCCCCAGCGCCTGCAGCCTCCGGTGCGCGCAGGCCCCAAGCCCACATGCGCAGTCCTCACCTTGCGCGCAGCCCCATGTACAGTCCCGGACGGGCTCCCAGCCCCACTGGCGCAGAACC,9fba6359fc5baae289364e055723fa4b6a477fc1e7a2a7793f13ab37c85a7468,-0.0524620634525621,GCGAGCAGCACCCCCGCCTCTGCGCTTCCCAGAGCGTGCAGCTTCCGGTGAGGGCAGCCCCACGCACAGCCCCCCACACCCTCCCCAGCGCCTGCAGCCCCCGGTGCGCGCAGGCCCCAAGCCCACATGCGCAGTCCTCACCTTGCGCGCAGCCCCATGTACAGTCCCGGACGGGCTCCCAGCCCCACTGGCGCAGAACC,b77a179db115131fed8fcc2e1cb6f99d41aefd258d8679d2b449289b5a8bc354,-1.52465723336721,0.076180809462182,0.410819778319366,-231.4474356025457,-228.0428173914552,-235.73830837011337,-232.46588955819607,-0.1321993991732313,-1.0,-0.076180809462182,0.0,2,0.17500197535630554,0.17490732828716207,0.146091925319964,0.2857025582977334,1.0
chr12:65995687:G:A;chr12:65995727:G:A;var1;middle;OL29|K562|8a80113e6a21c8a1,chr12:65995687:G:A;chr12:65995727:G:A;var1;middle;OL29,K562,K562_region_00472,100,140,40,TACTCCAACTAGATCATGAAGCAGGATATCCCAACATCTCTGTAGTACCACCGGAGGTGATCGACAAATGTTGGTTAAATGAAATTAATGAATGGAGGGGATGGATATGACTTTTCTTTACCTGAATATGTTTTTCTCTGGGGCAAGTTTTTGGTAGAGAAAAGTAGGGCTAATGTAAGAGAGAAAGATAAGTTCCTTCT,4eb28cf978e1d37d4961e83ea3c7a72d18d8025c01573cd2bb1cfb407f4dfb08,0.0,TACTCCAACTAGATCATGAAGCAGGATATCCCAACATCTCTGTAGTACCACCGGAGGTGATCGACAAATGTTGGTTAAATGAAATTAATGAATGGAGGGAATGGATATGACTTTTCTTTACCTGAATATGTTTTTCTCTGGGGCAAGTTTTTGGTAGAGAAAAGTAGGGCTAATGTAAGAGAGAAAGATAAGTTCCTTCT,b01cea603c28cf272ccca1813ec51f9cf7c223df27b10fe5fd4dd71629f625d4,0.107662267037861,TACTCCAACTAGATCATGAAGCAGGATATCCCAACATCTCTGTAGTACCACCGGAGGTGATCGACAAATGTTGGTTAAATGAAATTAATGAATGGAGGGGATGGATATGACTTTTCTTTACCTGAATATGTTTTTCTCTAGGGCAAGTTTTTGGTAGAGAAAAGTAGGGCTAATGTAAGAGAGAAAGATAAGTTCCTTCT,586edb66a7320d267f8e913fe9b2f6329285e293cb11e8f52e52543382cc2ff9,0.114496455829314,TACTCCAACTAGATCATGAAGCAGGATATCCCAACATCTCTGTAGTACCACCGGAGGTGATCGACAAATGTTGGTTAAATGAAATTAATGAATGGAGGGAATGGATATGACTTTTCTTTACCTGAATATGTTTTTCTCTAGGGCAAGTTTTTGGTAGAGAAAAGTAGGGCTAATGTAAGAGAGAAAGATAAGTTCCTTCT,8a80113e6a21c8a123ca2160f12d073a30cb84a292769a24c6ce164d5b7ee12b,0.287438227685581,-0.065279504818406,0.255913815108508,-314.2822248931043,-312.5901555845048,-325.9601247238461,-323.7835423983633,-0.4845130168833407,1.0,-0.065279504818406,0.0,2,0.17448897824372306,0.17490732828716207,0.146091925319964,0.0290812435235743,1.0
chr12:6901077:A:G;chr12:6901134:C:T;var1;middle;OL41|K562|6c8b14202f0827e4,chr12:6901077:A:G;chr12:6901134:C:T;var1;middle;OL41,K562,K562_region_00428,100,157,57,ACGGAGGCTGCAGTGAGGCCTGACTGTGCCACTGCACTCCAGCCTGGGCGAGAGTGAGGCCCTGTCTCAAAATAACTTTGATGAAGGTGGGGAATCAGAAGTAGGTGGGCAGGGGTCTGGGTTTGCAAGGCTCTGAGTTTGAGCTCTGTTCTGTACCTTTGAGGGGATGAGGGAAGGAGGGTGGGCACGGTTCCCCCGAT,1e7b40bf924d29960ba417ea75c13ae628340c984be6b143f0b5b8579827b12f,0.0,ACGGAGGCTGCAGTGAGGCCTGACTGTGCCACTGCACTCCAGCCTGGGCGAGAGTGAGGCCCTGTCTCAAAATAACTTTGATGAAGGTGGGGAATCAGAGGTAGGTGGGCAGGGGTCTGGGTTTGCAAGGCTCTGAGTTTGAGCTCTGTTCTGTACCTTTGAGGGGATGAGGGAAGGAGGGTGGGCACGGTTCCCCCGAT,bd24b095bc940f439d89a58efd8cf431ccdde9c1d11fcba746d9d89bf5b070b0,-0.12238077153232,ACGGAGGCTGCAGTGAGGCCTGACTGTGCCACTGCACTCCAGCCTGGGCGAGAGTGAGGCCCTGTCTCAAAATAACTTTGATGAAGGTGGGGAATCAGAAGTAGGTGGGCAGGGGTCTGGGTTTGCAAGGCTCTGAGTTTGAGCTCTGTTCTGTACTTTTGAGGGGATGAGGGAAGGAGGGTGGGCACGGTTCCCCCGAT,e2e2c838824a22c27acee17e7a5d0f4e76293f13e41b324e7a8b91010614fb7d,-0.123608893381521,ACGGAGGCTGCAGTGAGGCCTGACTGTGCCACTGCACTCCAGCCTGGGCGAGAGTGAGGCCCTGTCTCAAAATAACTTTGATGAAGGTGGGGAATCAGAGGTAGGTGGGCAGGGGTCTGGGTTTGCAAGGCTCTGAGTTTGAGCTCTGTTCTGTACTTTTGAGGGGATGAGGGAAGGAGGGTGGGCACGGTTCCCCCGAT,6c8b14202f0827e4b3c1f9afcaee63b42b63896e861307e28c7f9b7fa90f3c77,-0.0813574224022382,0.1646322425116028,0.308781288406048,-193.3525021709501,-191.05592248775065,-204.08609455823893,-201.9636059757322,-0.1740911006927206,-1.0,-0.1646322425116028,0.0,3,0.18112234397234,0.18106719778262317,0.1474303780702046,0.2813099976459307,1.0
chr12:69371471:C:T;chr12:69371558:C:T;var1;middle;OL41|K562|53d8652e5a55f75d,chr12:69371471:C:T;chr12:69371558:C:T;var1;middle;OL41,K562,K562_region_00473,100,187,87,TATTTATTGACAAAGGGAACAGTGATTCTAGACAAGCAGCTCTCTTGTCCTTCTCAAAAATAAGAAAGAGAATCTGTTGCATTTTCCAGTGCAGAGCACCCAGAGTGAAAACTGCATATTGTATGTTATTTCTCCTTGATTTTGTGAATGCTTTCTATCAAAGAGTGAAAATTATTTATGTAAACTCGCTCATGCCTTCT,c710f199fe9a5d8a6e6d103f55abb9af9c904f800ca91efe0519c159b1213e25,0.0,TATTTATTGACAAAGGGAACAGTGATTCTAGACAAGCAGCTCTCTTGTCCTTCTCAAAAATAAGAAAGAGAATCTGTTGCATTTTCCAGTGCAGAGCACTCAGAGTGAAAACTGCATATTGTATGTTATTTCTCCTTGATTTTGTGAATGCTTTCTATCAAAGAGTGAAAATTATTTATGTAAACTCGCTCATGCCTTCT,df808672eef2e591976ef3fc67123b653ffee1c8ffd50d382640e1a0a5d76683,0.137851992169006,TATTTATTGACAAAGGGAACAGTGATTCTAGACAAGCAGCTCTCTTGTCCTTCTCAAAAATAAGAAAGAGAATCTGTTGCATTTTCCAGTGCAGAGCACCCAGAGTGAAAACTGCATATTGTATGTTATTTCTCCTTGATTTTGTGAATGCTTTCTATCAAAGAGTGAAAATTATTTATGTAAACTTGCTCATGCCTTCT,ee5c9bcf5474779cb746ab6857ba5887ba14b8d5d847075df2a1eeecc6737c92,0.0670729743991485,TATTTATTGACAAAGGGAACAGTGATTCTAGACAAGCAGCTCTCTTGTCCTTCTCAAAAATAAGAAAGAGAATCTGTTGCATTTTCCAGTGCAGAGCACTCAGAGTGAAAACTGCATATTGTATGTTATTTCTCCTTGATTTTGTGAATGCTTTCTATCAAAGAGTGAAAATTATTTATGTAAACTTGCTCATGCCTTCT,53d8652e5a55f75d9c39dc2fa94ed77808c211a738a4ed60d4f6e237ad651987,0.0485633005831851,0.1563616659849694,0.411163953852588,-321.0625228341669,-313.481469062157,-317.519407492131,-311.9263636311516,1.988009911030531,1.0,0.1563616659849694,0.0,1,0.184387840217468,0.18216460459877223,0.1501433469024087,0.07351471406089179,1.0
chr12:69753530:C:A;chr12:69753595:C:T;var1;middle;OL41|K562|e04d32d6b9a6e65f,chr12:69753530:C:A;chr12:69753595:C:T;var1;middle;OL41,K562,K562_region_00474,100,165,65,TGATGTGACTGCAGCCGCCAGGCGCGTGCGCAGTGTACACTGCGTGCGCATACGCGAGCCCGTTGCGCCTGCGCGCGGTGCGGCCGTCGCCCCTCTTTTCGCGGCGTTCTCCACCTGCGCGGGCCTGAATGGCCTTCAGGAGCACAGTCGGCCTGAGGAGTTGACGGTTACTCACCGCCGTGAGCCCAAGTAACTCGCCC,00c3f1bd35479c4fc8f4d8dbae847987751782eda60b98993ae3761cb715fc2c,0.0,TGATGTGACTGCAGCCGCCAGGCGCGTGCGCAGTGTACACTGCGTGCGCATACGCGAGCCCGTTGCGCCTGCGCGCGGTGCGGCCGTCGCCCCTCTTTTAGCGGCGTTCTCCACCTGCGCGGGCCTGAATGGCCTTCAGGAGCACAGTCGGCCTGAGGAGTTGACGGTTACTCACCGCCGTGAGCCCAAGTAACTCGCCC,4611b88fd83870421c13fe680fa8b6f0289381f4fb8775e5c881b10055470fa5,-0.121889218899943,TGATGTGACTGCAGCCGCCAGGCGCGTGCGCAGTGTACACTGCGTGCGCATACGCGAGCCCGTTGCGCCTGCGCGCGGTGCGGCCGTCGCCCCTCTTTTCGCGGCGTTCTCCACCTGCGCGGGCCTGAATGGCCTTCAGGAGCACAGTCGGCCTGAGGAGTTGATGGTTACTCACCGCCGTGAGCCCAAGTAACTCGCCC,07ab50196b06b9d1316600e90ea2692cae3db0a913aa7caa000e5545989e5560,-0.104018420798676,TGATGTGACTGCAGCCGCCAGGCGCGTGCGCAGTGTACACTGCGTGCGCATACGCGAGCCCGTTGCGCCTGCGCGCGGTGCGGCCGTCGCCCCTCTTTTAGCGGCGTTCTCCACCTGCGCGGGCCTGAATGGCCTTCAGGAGCACAGTCGGCCTGAGGAGTTGATGGTTACTCACCGCCGTGAGCCCAAGTAACTCGCCC,e04d32d6b9a6e65ff336e8e0a044ccd7389f591971842f1f088a9ffb31f2f0e3,-0.279426988685094,0.053519348986475,0.210716706176675,-267.8509257789701,-324.5453119988088,-267.4208578746766,-322.12707689078525,-1.9881672037299722,1.0,0.053519348986475,0.0,1,0.1803423190925936,0.18216460459877223,0.1501433469024087,0.1141909159202872,1.0
chr12:6976685:G:A;chr12:6976688:A:G;var1;middle;OL41|K562|21bc6e429080400b,chr12:6976685:G:A;chr12:6976688:A:G;var1;middle;OL41,K562,K562_region_00429,100,103,3,GCGGGGGGCAGGGCTCCGGGGGACTGGGCGGGCCATGGCGGAGGACGGCGAGGAGGCGGAGTTCCACTTCGCGGCGCTCTATATAAGTGGGCAGTGGCCGCGACTGCGCGCAGACACTGACCTTCAGCGCCTCGGCTCCAGCGCCATGGCGCCCTCCAGGAAGTTCTTCGTTGGGGGAAACTGGAAGATGAACGGGCGGA,0047cf973b48cca2b2dc47ec1ce6150b774dff7cf2cf9d550661355566aedbae,0.0,GCGGGGGGCAGGGCTCCGGGGGACTGGGCGGGCCATGGCGGAGGACGGCGAGGAGGCGGAGTTCCACTTCGCGGCGCTCTATATAAGTGGGCAGTGGCCACGACTGCGCGCAGACACTGACCTTCAGCGCCTCGGCTCCAGCGCCATGGCGCCCTCCAGGAAGTTCTTCGTTGGGGGAAACTGGAAGATGAACGGGCGGA,a6500aec469d4848ec11ba53220327338f43a561d47c21f6fe5785db2254ddca,-0.16626113531807,GCGGGGGGCAGGGCTCCGGGGGACTGGGCGGGCCATGGCGGAGGACGGCGAGGAGGCGGAGTTCCACTTCGCGGCGCTCTATATAAGTGGGCAGTGGCCGCGGCTGCGCGCAGACACTGACCTTCAGCGCCTCGGCTCCAGCGCCATGGCGCCCTCCAGGAAGTTCTTCGTTGGGGGAAACTGGAAGATGAACGGGCGGA,8961bb203aa35eb2ee2747abaec383d6ea6f248f7d4bbaa3507ad12d9ec9f27d,-0.038474664147574,GCGGGGGGCAGGGCTCCGGGGGACTGGGCGGGCCATGGCGGAGGACGGCGAGGAGGCGGAGTTCCACTTCGCGGCGCTCTATATAAGTGGGCAGTGGCCACGGCTGCGCGCAGACACTGACCTTCAGCGCCTCGGCTCCAGCGCCATGGCGCCCTCCAGGAAGTTCTTCGTTGGGGGAAACTGGAAGATGAACGGGCGGA,21bc6e429080400b7ff5793de7d5d985c07830c905e8f482fd9cf811412ec6be,-0.15746520575061,0.047270593715034,0.20719742240322,-252.0496902707964,-288.8084751497954,-262.9696865081787,-291.94102900195867,7.7874423852190375,-1.0,-0.047270593715034,0.0,4,0.18585117050964087,0.17620727786206916,0.145609630836647,0.016580994019533835,1.0
chr12:6982162:C:T;chr12:6982177:C:T;var1;middle;OL41|K562|ef043e411b79c902,chr12:6982162:C:T;chr12:6982177:C:T;var1;middle;OL41,K562,K562_region_00430,100,115,15,CATGGAGGTGAGGAGCTAGAGGACTCCCCGAAAGAGGCTTGCTGGGGCGTCTTTCTCTTCTGAAAGTTGAGCTCCAGTTTGGATTGACCTGGAAGGGAGCTGGGAGAAAAGGGGCGTGAAGAGCAGAATCCTGGCGGGGGCTCGTCACCCAGGTACCCCATCCTTTCACCCAAGTTTGCCAACGGGCCCGCTCCTCCCTC,4ad70dd1b112fc9939d1bfabbe2b47152b273711d720f2648d11f27451939c5e,0.0,CATGGAGGTGAGGAGCTAGAGGACTCCCCGAAAGAGGCTTGCTGGGGCGTCTTTCTCTTCTGAAAGTTGAGCTCCAGTTTGGATTGACCTGGAAGGGAGTTGGGAGAAAAGGGGCGTGAAGAGCAGAATCCTGGCGGGGGCTCGTCACCCAGGTACCCCATCCTTTCACCCAAGTTTGCCAACGGGCCCGCTCCTCCCTC,30c1f23d5d9a6a8c2552ef5341a677734b6fbd4afa575e548260b6e1b8675b76,-0.0309428616125545,CATGGAGGTGAGGAGCTAGAGGACTCCCCGAAAGAGGCTTGCTGGGGCGTCTTTCTCTTCTGAAAGTTGAGCTCCAGTTTGGATTGACCTGGAAGGGAGCTGGGAGAAAAGGGGTGTGAAGAGCAGAATCCTGGCGGGGGCTCGTCACCCAGGTACCCCATCCTTTCACCCAAGTTTGCCAACGGGCCCGCTCCTCCCTC,5b6a86cdcaa826995bf5fe1f88b176cee3dcd2b5a1a59eb91679c73512283b85,-0.0266586715078411,CATGGAGGTGAGGAGCTAGAGGACTCCCCGAAAGAGGCTTGCTGGGGCGTCTTTCTCTTCTGAAAGTTGAGCTCCAGTTTGGATTGACCTGGAAGGGAGTTGGGAGAAAAGGGGTGTGAAGAGCAGAATCCTGGCGGGGGCTCGTCACCCAGGTACCCCATCCTTTCACCCAAGTTTGCCAACGGGCCCGCTCCTCCCTC,ef043e411b79c9022c37d7efee0b94e1f90e9eeaac7b7e2b1cd478f425e6f46b,0.252575793038171,0.3101773261585666,0.224037367263516,-416.1139156958088,-426.99802387785167,-416.48640131019056,-429.0572937061079,-1.686784213874489,-1.0,-0.3101773261585666,0.0,4,0.1741087068315979,0.17620727786206916,0.145609630836647,0.1037891961557215,1.0
chr12:70068747:G:A;chr12:70068823:G:A;var1;middle;OL33|K562|f969a745070c7484,chr12:70068747:G:A;chr12:70068823:G:A;var1;middle;OL33,K562,K562_region_00475,100,176,76,GCACAACCCATGGTTTAGGTTTGCCTTTTTTTTTTTTTTTTTTTTTGGAGACAGAGTTTCGCTCTTGTTGCCCAGGCTGGAGTGCAATGGCTTGATCTCGGCTCACCGCAACCTCCGCCTCCCAGGTTCAAGTGATTCTCCTGCCTCAGCCTCCCAAAGTGCTGGGATTACAGGCGTGTGCCACCACACCCAGCAGGTTT,80e11ff7df109cad74fda6f917024120d97f38b5c52dd13acc878ce8fd245403,0.0,GCACAACCCATGGTTTAGGTTTGCCTTTTTTTTTTTTTTTTTTTTTGGAGACAGAGTTTCGCTCTTGTTGCCCAGGCTGGAGTGCAATGGCTTGATCTCAGCTCACCGCAACCTCCGCCTCCCAGGTTCAAGTGATTCTCCTGCCTCAGCCTCCCAAAGTGCTGGGATTACAGGCGTGTGCCACCACACCCAGCAGGTTT,1c29a5a47d5d2c968d299101a5abab963f9e3e8255318480efe133cec4271155,-0.0487089811474333,GCACAACCCATGGTTTAGGTTTGCCTTTTTTTTTTTTTTTTTTTTTGGAGACAGAGTTTCGCTCTTGTTGCCCAGGCTGGAGTGCAATGGCTTGATCTCGGCTCACCGCAACCTCCGCCTCCCAGGTTCAAGTGATTCTCCTGCCTCAGCCTCCCAAAGTGCTGGGATTACAGGCATGTGCCACCACACCCAGCAGGTTT,8966e33634fefb1ade30e37329986c9d18524ec35046e449ac8fa340467fbdbb,0.216031887471733,GCACAACCCATGGTTTAGGTTTGCCTTTTTTTTTTTTTTTTTTTTTGGAGACAGAGTTTCGCTCTTGTTGCCCAGGCTGGAGTGCAATGGCTTGATCTCAGCTCACCGCAACCTCCGCCTCCCAGGTTCAAGTGATTCTCCTGCCTCAGCCTCCCAAAGTGCTGGGATTACAGGCATGTGCCACCACACCCAGCAGGTTT,f969a745070c748435e2b1df07e4e9b16a99e873dce9af252c6316a6ec9e77b4,0.0367128695400569,-0.1306100367842428,0.15451625837849,-79.16478840634227,-79.13810462178662,-77.89933817228302,-77.52945348992944,0.34320089779794216,-1.0,0.1306100367842428,0.0,0,0.1862168573319123,0.18565657667894103,0.15145376406925343,0.1792776259398983,1.0
chr12:70113230:C:T;chr12:70113243:G:A;var1;middle;OL41|K562|88c6fe2d30920f80,chr12:70113230:C:T;chr12:70113243:G:A;var1;middle;OL41,K562,K562_region_00476,100,113,13,GGAGTTGGAGTATGAATAAAATGGTTACTGTAAGTGAAAATGCTCTGTAAATACAAAAGCACTCTGCAAATATCAGAGACTATTAGTATTATGAAGTTACTAAAATAAAAAAGCACATTAGCTGAGCTAACAGCCTTGAAACACAATGAGCAACTCCTGGGGGAAAAGACACACAGCTGACCAGACACACAGCCCAGAGT,60c86d8c2bc469e68f71f340b107895ec42eab538583d0cdd3fa84426f7176b1,0.0,GGAGTTGGAGTATGAATAAAATGGTTACTGTAAGTGAAAATGCTCTGTAAATACAAAAGCACTCTGCAAATATCAGAGACTATTAGTATTATGAAGTTATTAAAATAAAAAAGCACATTAGCTGAGCTAACAGCCTTGAAACACAATGAGCAACTCCTGGGGGAAAAGACACACAGCTGACCAGACACACAGCCCAGAGT,2911a1141d914042c8778d593647326bab74fd14a4a64119bfeecafbc7d78c03,2.26593830809902,GGAGTTGGAGTATGAATAAAATGGTTACTGTAAGTGAAAATGCTCTGTAAATACAAAAGCACTCTGCAAATATCAGAGACTATTAGTATTATGAAGTTACTAAAATAAAAAAACACATTAGCTGAGCTAACAGCCTTGAAACACAATGAGCAACTCCTGGGGGAAAAGACACACAGCTGACCAGACACACAGCCCAGAGT,397a7dd6cf746230241a81d1e749647f06f4365c1a5e239f7d85eec5cc32e7f0,0.376563719908978,GGAGTTGGAGTATGAATAAAATGGTTACTGTAAGTGAAAATGCTCTGTAAATACAAAAGCACTCTGCAAATATCAGAGACTATTAGTATTATGAAGTTATTAAAATAAAAAAACACATTAGCTGAGCTAACAGCCTTGAAACACAATGAGCAACTCCTGGGGGAAAAGACACACAGCTGACCAGACACACAGCCCAGAGT,88c6fe2d30920f80ec3386144d90b8afe4faf18b44521b0e64bfff0dc390cd9a,0.184854013431497,2.457648014576501,0.407431774019562,-298.7718245405704,-277.0058307349682,-302.8937107413076,-281.3984752111137,0.2707582754082978,1.0,2.457648014576501,0.0,2,0.17558871431035689,0.17490732828716207,0.146091925319964,0.06363629795289602,1.0
chr12:7014076:C:G;chr12:7014107:T:A;var1;middle;OL41|K562|a9bd329a920b1944,chr12:7014076:C:G;chr12:7014107:T:A;var1;middle;OL41,K562,K562_region_00431,100,131,31,CCGCGCCTCATCCGGGTTCCCGGGACGGGAAAGTGGCGTGGTAACCAGGCAACTACTGATCAATCCCCTCCCCGGCTGATTTGCGCATCAGGTAGTCGCCGCTCTACTCTCAACGGTGGCGAGCTGCAGTTGCCAAGTGCCCCGTCCCCGTTGCCATAACAGCAGTACACAACCCCTCCTTCCCCTCGCCCGCTTGCTAA,dca5873c044ca75ee56b8c546f6e2c61254fea536ac44aadccbd99364ea38248,0.0,CCGCGCCTCATCCGGGTTCCCGGGACGGGAAAGTGGCGTGGTAACCAGGCAACTACTGATCAATCCCCTCCCCGGCTGATTTGCGCATCAGGTAGTCGCGGCTCTACTCTCAACGGTGGCGAGCTGCAGTTGCCAAGTGCCCCGTCCCCGTTGCCATAACAGCAGTACACAACCCCTCCTTCCCCTCGCCCGCTTGCTAA,9f60e4e90b36ca566c4cd13b41f87382a97798d1c386a09ec2aebe80ebc1af6e,0.30495989303332,CCGCGCCTCATCCGGGTTCCCGGGACGGGAAAGTGGCGTGGTAACCAGGCAACTACTGATCAATCCCCTCCCCGGCTGATTTGCGCATCAGGTAGTCGCCGCTCTACTCTCAACGGTGGCGAGCTGCAGTAGCCAAGTGCCCCGTCCCCGTTGCCATAACAGCAGTACACAACCCCTCCTTCCCCTCGCCCGCTTGCTAA,3b793493897460665e32b43425acd66ec391ca53ca67c21a24e38973e58f177c,0.283749374982695,CCGCGCCTCATCCGGGTTCCCGGGACGGGAAAGTGGCGTGGTAACCAGGCAACTACTGATCAATCCCCTCCCCGGCTGATTTGCGCATCAGGTAGTCGCGGCTCTACTCTCAACGGTGGCGAGCTGCAGTAGCCAAGTGCCCCGTCCCCGTTGCCATAACAGCAGTACACAACCCCTCCTTCCCCTCGCCCGCTTGCTAA,a9bd329a920b1944a725952e1720be362bd0c1039fd8a251146002d7b2c22125,-0.0255584846479352,0.6142677526639502,0.42986700385089,-335.44932411052287,-345.39601616188884,-329.1864808453247,-339.5234362790361,0.390263382345438,1.0,0.6142677526639502,0.0,2,0.17576272340826254,0.17490732828716207,0.146091925319964,-0.024615280784212323,1.0
chr12:7053085:A:G;chr12:7053149:A:C;var1;middle;OL41|K562|e5b3a6958bbce9c0,chr12:7053085:A:G;chr12:7053149:A:C;var1;middle;OL41,K562,K562_region_00432,100,164,64,ACAGCTCTTTTAGAATTTGTCTAGTAGGCTTTCTGGCTTTTTACCGGAAAGCCCCTCTTATGATGTTTGTTGCCAATGATAGATTGTTTTCACTGTGCAAAAATTATGGGTAGTTTTGGTGGTCTTGATGCAGTTGTAAGCTTGGGGTATGAAGGTTTGGGCCACGCCTGGGCGCTTCCGGCTGCGCCGGATGCTGTTTC,35ba3cd01de64cc2ac8bf84a58f1e9390c840f54314046e6cbd29f44578477b1,0.0,ACAGCTCTTTTAGAATTTGTCTAGTAGGCTTTCTGGCTTTTTACCGGAAAGCCCCTCTTATGATGTTTGTTGCCAATGATAGATTGTTTTCACTGTGCAGAAATTATGGGTAGTTTTGGTGGTCTTGATGCAGTTGTAAGCTTGGGGTATGAAGGTTTGGGCCACGCCTGGGCGCTTCCGGCTGCGCCGGATGCTGTTTC,ce80f3b0deedcf6bf62db9af57f5cbcd484a442ecd8fb9dfd51cb9340f251f8d,-0.0549210094515279,ACAGCTCTTTTAGAATTTGTCTAGTAGGCTTTCTGGCTTTTTACCGGAAAGCCCCTCTTATGATGTTTGTTGCCAATGATAGATTGTTTTCACTGTGCAAAAATTATGGGTAGTTTTGGTGGTCTTGATGCAGTTGTAAGCTTGGGGTATGAAGGTTTGGGCCCCGCCTGGGCGCTTCCGGCTGCGCCGGATGCTGTTTC,a7a48df25411b2fb7b47a357edfe7c4cb93934b454c0d86972d2be9d1d0e13a2,-0.22102486274888,ACAGCTCTTTTAGAATTTGTCTAGTAGGCTTTCTGGCTTTTTACCGGAAAGCCCCTCTTATGATGTTTGTTGCCAATGATAGATTGTTTTCACTGTGCAGAAATTATGGGTAGTTTTGGTGGTCTTGATGCAGTTGTAAGCTTGGGGTATGAAGGTTTGGGCCCCGCCTGGGCGCTTCCGGCTGCGCCGGATGCTGTTTC,e5b3a6958bbce9c0bc9e410a7bd813a53b5c4b809faa829c86f91fd67040fadb,-0.116439697565825,0.1595061746345829,0.107705013224076,-383.072808500845,-372.38621148327366,-384.9307623603381,-376.0497553646565,-1.8055900218897136,-1.0,-0.1595061746345829,0.0,2,0.17256538331295593,0.17490732828716207,0.146091925319964,-0.06525827521205207,1.0
chr12:723902:G:A;chr12:723981:A:G;var1;middle;OL27|K562|5ecef31be2600900,chr12:723902:G:A;chr12:723981:A:G;var1;middle;OL27,K562,K562_region_00420,100,179,79,AAGAGGATTCCTGCTTCCCTCTTATCCAGAGAAGTCACTTAGTTAGCTCATTTTTTTTTCCTCCAAAGAAGGGAACAAAGGCTTGACACCTCAGGGCTCGGCCTGCCTGTTTTTTGAGCTGTGTTTGCACCCAGAGCTGAGTGTCTGTCTAGCTCAGGTTCCCAGAGGCCTAGGGGCAAGACCATGTCTTCACACGTCGG,4a6ccf06754efea85fb007f67abd5099c85d4f791c3edc89c002f277e6b1872e,0.0,AAGAGGATTCCTGCTTCCCTCTTATCCAGAGAAGTCACTTAGTTAGCTCATTTTTTTTTCCTCCAAAGAAGGGAACAAAGGCTTGACACCTCAGGGCTCAGCCTGCCTGTTTTTTGAGCTGTGTTTGCACCCAGAGCTGAGTGTCTGTCTAGCTCAGGTTCCCAGAGGCCTAGGGGCAAGACCATGTCTTCACACGTCGG,3cb807426aece80d9dd62898a007400468d287566fcb9d37d238e922635ec84f,0.188307551804131,AAGAGGATTCCTGCTTCCCTCTTATCCAGAGAAGTCACTTAGTTAGCTCATTTTTTTTTCCTCCAAAGAAGGGAACAAAGGCTTGACACCTCAGGGCTCGGCCTGCCTGTTTTTTGAGCTGTGTTTGCACCCAGAGCTGAGTGTCTGTCTAGCTCAGGTTCCCAGAGGCCTAGGGGCAGGACCATGTCTTCACACGTCGG,e30c539b84c29c82ad1f6d5a1b4ea394a89982019492f2d288564c28ee5545f3,0.0454993264268211,AAGAGGATTCCTGCTTCCCTCTTATCCAGAGAAGTCACTTAGTTAGCTCATTTTTTTTTCCTCCAAAGAAGGGAACAAAGGCTTGACACCTCAGGGCTCAGCCTGCCTGTTTTTTGAGCTGTGTTTGCACCCAGAGCTGAGTGTCTGTCTAGCTCAGGTTCCCAGAGGCCTAGGGGCAGGACCATGTCTTCACACGTCGG,5ecef31be2600900deeb583804d68d5b027f9020c372defe4fd7c080e6b410fc,0.474025264723202,-0.2402183864922499,0.191776958398388,-384.8285220072139,-367.3102285340429,-365.35091646341607,-348.47221604082733,0.6395930505823344,1.0,-0.2402183864922499,0.0,2,0.17612576756397247,0.17490732828716207,0.146091925319964,0.08721370224196079,1.0
chr12:8210637:A:G;chr12:8210697:A:G;var1;middle;OL41|K562|2a8d17217d4d10d6,chr12:8210637:A:G;chr12:8210697:A:G;var1;middle;OL41,K562,K562_region_00433,100,160,60,GAAGAGGAGTGGAAAATAGGTGCCCAACCGGTAGGCAGTTAGAAGAAACAGAACTCCCCAAACCACAGCTTTCATAACATTTCATGAGTCAGTTTTCACACAATAGATGCTTATTTAGTTGTAATAGTGGAAACTCTATGTAATAGTGGAAATTTCTATATCCTGTACCCAGGGGTGTTCCCAGGGACAGGCATCATTGC,5e315f84917789a472cb6f54fd7aefb12e09993f7e6768c84703e4775fc67616,0.0,GAAGAGGAGTGGAAAATAGGTGCCCAACCGGTAGGCAGTTAGAAGAAACAGAACTCCCCAAACCACAGCTTTCATAACATTTCATGAGTCAGTTTTCACGCAATAGATGCTTATTTAGTTGTAATAGTGGAAACTCTATGTAATAGTGGAAATTTCTATATCCTGTACCCAGGGGTGTTCCCAGGGACAGGCATCATTGC,e65e57a662f8b461cfd0d85c021899fc3c15d8b3269ad4ebc59e090e070aa1f4,0.361235384574475,GAAGAGGAGTGGAAAATAGGTGCCCAACCGGTAGGCAGTTAGAAGAAACAGAACTCCCCAAACCACAGCTTTCATAACATTTCATGAGTCAGTTTTCACACAATAGATGCTTATTTAGTTGTAATAGTGGAAACTCTATGTAATAGTGGAAATTTCTATGTCCTGTACCCAGGGGTGTTCCCAGGGACAGGCATCATTGC,3e5affdae3d007d45de0ecfa24be8257652082fc5957df0ea8c9426395478151,0.160544357680608,GAAGAGGAGTGGAAAATAGGTGCCCAACCGGTAGGCAGTTAGAAGAAACAGAACTCCCCAAACCACAGCTTTCATAACATTTCATGAGTCAGTTTTCACGCAATAGATGCTTATTTAGTTGTAATAGTGGAAACTCTATGTAATAGTGGAAATTTCTATGTCCTGTACCCAGGGGTGTTCCCAGGGACAGGCATCATTGC,2a8d17217d4d10d645cb4036d6f0f00398dd611bcdadfd914b641bb88dbff92e,0.421295441791099,0.100484300463984,0.411016064030079,-381.301697738003,-398.8600180461072,-380.5609861672856,-394.99386391974986,-3.125442555639893,1.0,0.100484300463984,0.0,4,0.17232561739980087,0.17620727786206916,0.145609630836647,0.19189582213859305,1.0
chr12:8379795:G:C;chr12:8379813:A:G;var1;middle;OL41|K562|457b4e800fcf0aea,chr12:8379795:G:C;chr12:8379813:A:G;var1;middle;OL41,K562,K562_region_00434,100,118,18,GTCATGTCATTGTTGCCTTAACCAAGCCTCTTTTAATTTTTCAAACGGAAGAGCCCCTGTCCCTCAGTTACTGCTGCTGAGCCCTTTCAAGATGACTCAGTGAGGAGGGGGAAAAGCAGAAGCGGTGTGGGAAGAGGCGGGGTCTGGGCCAGCTGCTGGTCCTGCTCTCCTCCCTCCTTTGGCCTCTAGGCTCCCAGGAG,e5ef837a85a0b9d746ee7a24f4b421f52fcaf28c892a46e6f1a763f9fe579734,0.0,GTCATGTCATTGTTGCCTTAACCAAGCCTCTTTTAATTTTTCAAACGGAAGAGCCCCTGTCCCTCAGTTACTGCTGCTGAGCCCTTTCAAGATGACTCACTGAGGAGGGGGAAAAGCAGAAGCGGTGTGGGAAGAGGCGGGGTCTGGGCCAGCTGCTGGTCCTGCTCTCCTCCCTCCTTTGGCCTCTAGGCTCCCAGGAG,724332a9e87d153c68cd07d4ff8667f61cf8d358f4db46d58b413d522f533845,0.502340057530603,GTCATGTCATTGTTGCCTTAACCAAGCCTCTTTTAATTTTTCAAACGGAAGAGCCCCTGTCCCTCAGTTACTGCTGCTGAGCCCTTTCAAGATGACTCAGTGAGGAGGGGGAAAAGCGGAAGCGGTGTGGGAAGAGGCGGGGTCTGGGCCAGCTGCTGGTCCTGCTCTCCTCCCTCCTTTGGCCTCTAGGCTCCCAGGAG,d40242af5d2ad632c69a5c4d9e5b4ae210691874f1548f3785710c10f10eadc7,2.18579999964354,GTCATGTCATTGTTGCCTTAACCAAGCCTCTTTTAATTTTTCAAACGGAAGAGCCCCTGTCCCTCAGTTACTGCTGCTGAGCCCTTTCAAGATGACTCACTGAGGAGGGGGAAAAGCGGAAGCGGTGTGGGAAGAGGCGGGGTCTGGGCCAGCTGCTGGTCCTGCTCTCCTCCCTCCTTTGGCCTCTAGGCTCCCAGGAG,457b4e800fcf0aea5a3822d93db4dafeda87b4deb139bece86740977ca8ef957,2.38700397178403,0.3011360853901133,0.143833409967222,-293.9570999611169,-298.82438518851995,-294.4534321539104,-298.4608611948788,-0.8598561864346266,1.0,0.3011360853901133,0.0,1,0.18149030770682106,0.18216460459877223,0.1501433469024087,0.08911507659297123,1.0
chr12:8379795:G:C;chr12:8379866:T:C;var1;middle;OL41|K562|1a8ec698ca021bef,chr12:8379795:G:C;chr12:8379866:T:C;var1;middle;OL41,K562,K562_region_00434,100,171,71,GTCATGTCATTGTTGCCTTAACCAAGCCTCTTTTAATTTTTCAAACGGAAGAGCCCCTGTCCCTCAGTTACTGCTGCTGAGCCCTTTCAAGATGACTCAGTGAGGAGGGGGAAAAGCAGAAGCGGTGTGGGAAGAGGCGGGGTCTGGGCCAGCTGCTGGTCCTGCTCTCCTCCCTCCTTTGGCCTCTAGGCTCCCAGGAG,e5ef837a85a0b9d746ee7a24f4b421f52fcaf28c892a46e6f1a763f9fe579734,0.0,GTCATGTCATTGTTGCCTTAACCAAGCCTCTTTTAATTTTTCAAACGGAAGAGCCCCTGTCCCTCAGTTACTGCTGCTGAGCCCTTTCAAGATGACTCACTGAGGAGGGGGAAAAGCAGAAGCGGTGTGGGAAGAGGCGGGGTCTGGGCCAGCTGCTGGTCCTGCTCTCCTCCCTCCTTTGGCCTCTAGGCTCCCAGGAG,724332a9e87d153c68cd07d4ff8667f61cf8d358f4db46d58b413d522f533845,0.502242828465469,GTCATGTCATTGTTGCCTTAACCAAGCCTCTTTTAATTTTTCAAACGGAAGAGCCCCTGTCCCTCAGTTACTGCTGCTGAGCCCTTTCAAGATGACTCAGTGAGGAGGGGGAAAAGCAGAAGCGGTGTGGGAAGAGGCGGGGTCTGGGCCAGCTGCTGGTCCTGCTCTCCCCCCTCCTTTGGCCTCTAGGCTCCCAGGAG,704c78ba4df9bacb6225b176254fcc7061a33cc8558e1903fa34787928de1f4b,-0.457327283870074,GTCATGTCATTGTTGCCTTAACCAAGCCTCTTTTAATTTTTCAAACGGAAGAGCCCCTGTCCCTCAGTTACTGCTGCTGAGCCCTTTCAAGATGACTCACTGAGGAGGGGGAAAAGCAGAAGCGGTGTGGGAAGAGGCGGGGTCTGGGCCAGCTGCTGGTCCTGCTCTCCCCCCTCCTTTGGCCTCTAGGCTCCCAGGAG,1a8ec698ca021bef512961e59c3f50710f2ec51b9d2683c07e6e9890b31f5ebb,0.314032224270972,0.269116679675577,0.125918952914717,-293.9570999611169,-298.82438518851995,-298.70524412114173,-303.2035379949957,0.3689913535490632,-1.0,-0.269116679675577,0.0,1,0.18274058618757566,0.18216460459877223,0.1501433469024087,0.053128553764145464,1.0
chr12:8379813:A:G;chr12:8379866:T:C;var1;middle;OL41|K562|49ece1716e2e6418,chr12:8379813:A:G;chr12:8379866:T:C;var1;middle;OL41,K562,K562_region_00434,100,153,53,TAACCAAGCCTCTTTTAATTTTTCAAACGGAAGAGCCCCTGTCCCTCAGTTACTGCTGCTGAGCCCTTTCAAGATGACTCAGTGAGGAGGGGGAAAAGCAGAAGCGGTGTGGGAAGAGGCGGGGTCTGGGCCAGCTGCTGGTCCTGCTCTCCTCCCTCCTTTGGCCTCTAGGCTCCCAGGAGTGGTTTGGAACCTGCGCC,1ec5ec9ae5c6f6b3e8ab5730644062185a26d26987eb87f846eeaf4337c41d87,0.0,TAACCAAGCCTCTTTTAATTTTTCAAACGGAAGAGCCCCTGTCCCTCAGTTACTGCTGCTGAGCCCTTTCAAGATGACTCAGTGAGGAGGGGGAAAAGCGGAAGCGGTGTGGGAAGAGGCGGGGTCTGGGCCAGCTGCTGGTCCTGCTCTCCTCCCTCCTTTGGCCTCTAGGCTCCCAGGAGTGGTTTGGAACCTGCGCC,5f35acea81984b8345c0ff004d7919dd8c6dcfa094b9f794468484be8c665d7d,2.09831307944119,TAACCAAGCCTCTTTTAATTTTTCAAACGGAAGAGCCCCTGTCCCTCAGTTACTGCTGCTGAGCCCTTTCAAGATGACTCAGTGAGGAGGGGGAAAAGCAGAAGCGGTGTGGGAAGAGGCGGGGTCTGGGCCAGCTGCTGGTCCTGCTCTCCCCCCTCCTTTGGCCTCTAGGCTCCCAGGAGTGGTTTGGAACCTGCGCC,263943d1384d20f625416509352f85a46bc6b54d03925a1eb8af57a4b501564a,-0.513097493888488,TAACCAAGCCTCTTTTAATTTTTCAAACGGAAGAGCCCCTGTCCCTCAGTTACTGCTGCTGAGCCCTTTCAAGATGACTCAGTGAGGAGGGGGAAAAGCGGAAGCGGTGTGGGAAGAGGCGGGGTCTGGGCCAGCTGCTGGTCCTGCTCTCCCCCCTCCTTTGGCCTCTAGGCTCCCAGGAGTGGTTTGGAACCTGCGCC,49ece1716e2e641818052dd06ef141056cc28910dd897635d96926c03b67405f,1.87694584759898,0.2917302620462778,0.13403253409848,-292.65108466055244,-293.413458194118,-302.6105588488281,-302.6321605751291,0.7407718072645366,-1.0,-0.2917302620462778,0.0,1,0.18311885044389814,0.18216460459877223,0.1501433469024087,-0.09339105219894828,1.0
chr12:9393573:T:C;chr12:9393624:C:T;var1;middle;OL41|K562|3d7dd44bd0d4aa20,chr12:9393573:T:C;chr12:9393624:C:T;var1;middle;OL41,K562,K562_region_00435,100,151,51,ATACTGTATGAAATAATAAGGGCTCTGAGACTCACAGAGAGTAGACTTACGTACCTCAACTAGTAAGGCCTTGACTACAGTGTCCTTCTGCGCAAGTGGTGGGACGTCAGTCAACTCATTGTCACACACTTCCTGAGAATGCATGGCTTCCGCAGTGGCTGTGAAATTCACCTTTCCTGGGGAATAAAGTTCTTAAGAGT,b43307ae386ab3054188605e958443a31358223839fdc3cead099e3e69d7361d,0.0,ATACTGTATGAAATAATAAGGGCTCTGAGACTCACAGAGAGTAGACTTACGTACCTCAACTAGTAAGGCCTTGACTACAGTGTCCTTCTGCGCAAGTGGCGGGACGTCAGTCAACTCATTGTCACACACTTCCTGAGAATGCATGGCTTCCGCAGTGGCTGTGAAATTCACCTTTCCTGGGGAATAAAGTTCTTAAGAGT,a0f0283cdddc9dbff1cec86dbbc427ebe685199bfb0ab1aa21b463ce990f75c6,0.408315669117424,ATACTGTATGAAATAATAAGGGCTCTGAGACTCACAGAGAGTAGACTTACGTACCTCAACTAGTAAGGCCTTGACTACAGTGTCCTTCTGCGCAAGTGGTGGGACGTCAGTCAACTCATTGTCACACACTTCCTGAGAATGCATGGCTTCTGCAGTGGCTGTGAAATTCACCTTTCCTGGGGAATAAAGTTCTTAAGAGT,9b26a976ef159ec71b1285cd130b287a40465ae00a930bd454ffbcee23c38a00,-0.631945060088524,ATACTGTATGAAATAATAAGGGCTCTGAGACTCACAGAGAGTAGACTTACGTACCTCAACTAGTAAGGCCTTGACTACAGTGTCCTTCTGCGCAAGTGGCGGGACGTCAGTCAACTCATTGTCACACACTTCCTGAGAATGCATGGCTTCTGCAGTGGCTGTGAAATTCACCTTTCCTGGGGAATAAAGTTCTTAAGAGT,3d7dd44bd0d4aa2003d755396c10e34ca865587e217799c5d6ba0865cd18e9af,-0.462707813505749,-0.239078422534649,0.327189074558879,-360.4825942479074,-363.5700598526746,-347.1385032944381,-351.82235246058553,-1.5963835613802075,-1.0,0.239078422534649,0.0,2,0.1728700048341805,0.17490732828716207,0.146091925319964,0.02807821127112911,1.0
chr12:9436288:C:G;chr12:9436298:T:C;var1;middle;OL41|K562|aeca01d426056aec,chr12:9436288:C:G;chr12:9436298:T:C;var1;middle;OL41,K562,K562_region_00436,100,110,10,GTTAATTATAAAATAGATTCTGGCTGTTGCGTGTTAGCGCGCGTCCCGGAGTGCGCATGCGCAGCGGCGGGGGTTGTTCCGGCAGCCTTTCACTGAGGCCACCCGCCAGTTTCAAATTCAGTGGCGTTTGCCCTGATTCCCGGGGCCTGGCTTTCAGCGTAGCAATTCTGCCGGCGAAGAAGGTGAGCGCAGTGCTGTGT,69d6412ee4dde9bec3d8a48ba94744f0b6aeabac80d5960c760399f706968955,0.0,GTTAATTATAAAATAGATTCTGGCTGTTGCGTGTTAGCGCGCGTCCCGGAGTGCGCATGCGCAGCGGCGGGGGTTGTTCCGGCAGCCTTTCACTGAGGCGACCCGCCAGTTTCAAATTCAGTGGCGTTTGCCCTGATTCCCGGGGCCTGGCTTTCAGCGTAGCAATTCTGCCGGCGAAGAAGGTGAGCGCAGTGCTGTGT,9c073f8af0365a99607a4bd6050228404bf8231321419aacc5d329c3d0aa6e08,-0.325250967633219,GTTAATTATAAAATAGATTCTGGCTGTTGCGTGTTAGCGCGCGTCCCGGAGTGCGCATGCGCAGCGGCGGGGGTTGTTCCGGCAGCCTTTCACTGAGGCCACCCGCCAGCTTCAAATTCAGTGGCGTTTGCCCTGATTCCCGGGGCCTGGCTTTCAGCGTAGCAATTCTGCCGGCGAAGAAGGTGAGCGCAGTGCTGTGT,982f456d8c7ffb463db18aac0918572a00df77a2ce28cff83c7802805583a173,-0.174442501669336,GTTAATTATAAAATAGATTCTGGCTGTTGCGTGTTAGCGCGCGTCCCGGAGTGCGCATGCGCAGCGGCGGGGGTTGTTCCGGCAGCCTTTCACTGAGGCGACCCGCCAGCTTCAAATTCAGTGGCGTTTGCCCTGATTCCCGGGGCCTGGCTTTCAGCGTAGCAATTCTGCCGGCGAAGAAGGTGAGCGCAGTGCTGTGT,aeca01d426056aec9477fc4c2b3c587ef28a6a1028336b0fbc4bd480c7af4be2,-0.400518602540178,-0.0991748667623769,0.241633289436056,-313.8513022540137,-294.82653780607507,-307.95127079309896,-292.3241985780187,3.3976922328583896,1.0,-0.0991748667623769,0.0,0,0.1901400105806297,0.18565657667894103,0.15145376406925343,0.03663521085737967,1.0
chr12:96244409:G:A;chr12:96244473:A:G;var1;middle;OL31|K562|8b3dff615de41d44,chr12:96244409:G:A;chr12:96244473:A:G;var1;middle;OL31,K562,K562_region_00477,100,164,64,GAGAACGTGGAGAAATTGGAACCTTCATACATTGCCGGTGGGAATATAAAATGGCGCAGCTGCTGTGGAAAAGTTTGGCAGTTCCTCAAAAAAAGTTCTGTGTAAAATTATGATATGACCCAGCAATTCCACACCCCTAGGTATATGTCCAAAGAAATTGAAAACAGGTATTCAAACAAATACTTGTACACAAATGCTCA,77327831b340092550bc58279f9b4385d8167e44a394f91eca909574ac0f3812,0.0,GAGAACGTGGAGAAATTGGAACCTTCATACATTGCCGGTGGGAATATAAAATGGCGCAGCTGCTGTGGAAAAGTTTGGCAGTTCCTCAAAAAAAGTTCTATGTAAAATTATGATATGACCCAGCAATTCCACACCCCTAGGTATATGTCCAAAGAAATTGAAAACAGGTATTCAAACAAATACTTGTACACAAATGCTCA,ec39d380fa6ea9bc719f88f783ae2ad37a893d9db1145e0752ce21cfb739a2b1,-0.0871837238336753,GAGAACGTGGAGAAATTGGAACCTTCATACATTGCCGGTGGGAATATAAAATGGCGCAGCTGCTGTGGAAAAGTTTGGCAGTTCCTCAAAAAAAGTTCTGTGTAAAATTATGATATGACCCAGCAATTCCACACCCCTAGGTATATGTCCAAAGAAATTGAAAGCAGGTATTCAAACAAATACTTGTACACAAATGCTCA,aeaa72c6e96aea194ffe363079302a08abe0f3b9f785f87d882801f45222234c,-0.062173080191023,GAGAACGTGGAGAAATTGGAACCTTCATACATTGCCGGTGGGAATATAAAATGGCGCAGCTGCTGTGGAAAAGTTTGGCAGTTCCTCAAAAAAAGTTCTATGTAAAATTATGATATGACCCAGCAATTCCACACCCCTAGGTATATGTCCAAAGAAATTGAAAGCAGGTATTCAAACAAATACTTGTACACAAATGCTCA,8b3dff615de41d446083c04eef3f110239df0d6dc38db8c12982af7f3f05f42b,-0.154178249195488,0.0048214451707896,0.268597982153455,-219.38638818851905,-227.34091216043453,-243.8607112999889,-261.9855735716119,10.17033829970751,1.0,0.0048214451707896,0.0,0,0.19883871864851382,0.18565657667894103,0.15145376406925343,0.30501188735802776,1.0
chr12:96427875:T:G;chr12:96427889:C:T;var1;middle;OL41|K562|59ebf798ef9c71ac,chr12:96427875:T:G;chr12:96427889:C:T;var1;middle;OL41,K562,K562_region_00478,100,114,14,GAATCGACCTATTTTTCAAATCAATCAGTTTAGCAAAATGTTGAGGGATGAAGAGTAAGAAAGTAAGTACTTATTAGTTCATATTAATGAAATCAAAATTCAGATCCTTCCTACACAAGTAGGAAAAAGAGGCCTGAAAGCCACCAATTCTTATCTGCCCGATCTGATCTGATTGCTTATTGATGTGCTTTAGTAGATTT,838e82783be04261ba917153ff1a41164d4ff74b0fd7befa5de768f4b5beff70,0.0,GAATCGACCTATTTTTCAAATCAATCAGTTTAGCAAAATGTTGAGGGATGAAGAGTAAGAAAGTAAGTACTTATTAGTTCATATTAATGAAATCAAAATGCAGATCCTTCCTACACAAGTAGGAAAAAGAGGCCTGAAAGCCACCAATTCTTATCTGCCCGATCTGATCTGATTGCTTATTGATGTGCTTTAGTAGATTT,7872b942516607694a027e479b3f1b477c3c2fd538db0e61dee29ed905cec9ce,0.17484409900384,GAATCGACCTATTTTTCAAATCAATCAGTTTAGCAAAATGTTGAGGGATGAAGAGTAAGAAAGTAAGTACTTATTAGTTCATATTAATGAAATCAAAATTCAGATCCTTCCTATACAAGTAGGAAAAAGAGGCCTGAAAGCCACCAATTCTTATCTGCCCGATCTGATCTGATTGCTTATTGATGTGCTTTAGTAGATTT,48278a89dfd7bc7b77cd4658eb1b4bd53ed8d9723da4367369683f503df6afe2,0.118236490262571,GAATCGACCTATTTTTCAAATCAATCAGTTTAGCAAAATGTTGAGGGATGAAGAGTAAGAAAGTAAGTACTTATTAGTTCATATTAATGAAATCAAAATGCAGATCCTTCCTATACAAGTAGGAAAAAGAGGCCTGAAAGCCACCAATTCTTATCTGCCCGATCTGATCTGATTGCTTATTGATGTGCTTTAGTAGATTT,59ebf798ef9c71acaed7f926ed036fb6e0bec0598c1873c6575660b54f60f38a,-0.283610858214813,0.576691447481224,0.379940608121128,-256.9582798779011,-257.4001090824604,-257.6907129883766,-257.7658626139164,-0.3666795790195465,1.0,0.576691447481224,0.0,0,0.1853050950797622,0.18565657667894103,0.15145376406925343,0.05302687524711003,1.0
chr12:9885961:A:G;chr12:9885999:G:A;var1;middle;OL41|K562|c2dda4ff5e813cf0,chr12:9885961:A:G;chr12:9885999:G:A;var1;middle;OL41,K562,K562_region_00437,100,138,38,CAGTAGGTTCTCGTTTTTCAGTTAGTTTTCTGCCTAAACTTGAAATGCTTTTAACTTTTATTAATACCACAGAAGATATCTCACCATTTTCTCCTATAGACCACTTCCTCTTTTAGTTCAGGCATATATTCTCTGGCGGAAACTCTGAATTTCCAGCATCTTCTCCAAAGTAGGATAGCTATTTGGGAAACAGAACAAGA,6c35e91f9036db152057e2bcff42f9287b0dcf0bdb7fa5004d71a787936f3a1d,0.0,CAGTAGGTTCTCGTTTTTCAGTTAGTTTTCTGCCTAAACTTGAAATGCTTTTAACTTTTATTAATACCACAGAAGATATCTCACCATTTTCTCCTATAGGCCACTTCCTCTTTTAGTTCAGGCATATATTCTCTGGCGGAAACTCTGAATTTCCAGCATCTTCTCCAAAGTAGGATAGCTATTTGGGAAACAGAACAAGA,09e7a4e79003de7ec84d887234a7418dbeb2c86be1b6ac6d3c4f7190e689e7a7,0.0524959499320002,CAGTAGGTTCTCGTTTTTCAGTTAGTTTTCTGCCTAAACTTGAAATGCTTTTAACTTTTATTAATACCACAGAAGATATCTCACCATTTTCTCCTATAGACCACTTCCTCTTTTAGTTCAGGCATATATTCTCTGGCAGAAACTCTGAATTTCCAGCATCTTCTCCAAAGTAGGATAGCTATTTGGGAAACAGAACAAGA,441118c9302b97b8a21005f981ff61a9e2142a9934adddd4a2e3193855321421,-0.18770907639813,CAGTAGGTTCTCGTTTTTCAGTTAGTTTTCTGCCTAAACTTGAAATGCTTTTAACTTTTATTAATACCACAGAAGATATCTCACCATTTTCTCCTATAGGCCACTTCCTCTTTTAGTTCAGGCATATATTCTCTGGCAGAAACTCTGAATTTCCAGCATCTTCTCCAAAGTAGGATAGCTATTTGGGAAACAGAACAAGA,c2dda4ff5e813cf068358edd06d78d17cdb132d825fe5c3511584f2b3d90924d,-0.0657614555986608,0.069451670867469,0.25859970003013,-330.4583738017827,-322.95890059974045,-318.53125670552254,-312.8955561928451,-1.8637726893648505,-1.0,-0.069451670867469,0.0,4,0.17388934531188538,0.17620727786206916,0.145609630836647,0.21425389702919453,1.0
chr13:100088088:C:G;chr13:100088144:G:T;var1;middle;OL33|K562|6496dc6120476f6f,chr13:100088088:C:G;chr13:100088144:G:T;var1;middle;OL33,K562,K562_region_00531,100,156,56,CATCGTGTATCACTCACCTGTATCTGCCTCAGCTGGGACTGGCTTTGATGAATGTGAATCTTTAAACTATAATAATTCATGCTCTTGTAGAAAGCATGGCACATGTTTGCAAACACAAAGAAGAAAATAAATATAGTCAAGACCACAGAGTCTGTGTTCCTCAACTGCCTTGAGCTCTCCATGATAATTGTCCCAGAGCA,c9bf74fc00e21d2b65790b2ff8b3648dd77e34b1805317a10f5b729d4f5150f2,0.0,CATCGTGTATCACTCACCTGTATCTGCCTCAGCTGGGACTGGCTTTGATGAATGTGAATCTTTAAACTATAATAATTCATGCTCTTGTAGAAAGCATGGGACATGTTTGCAAACACAAAGAAGAAAATAAATATAGTCAAGACCACAGAGTCTGTGTTCCTCAACTGCCTTGAGCTCTCCATGATAATTGTCCCAGAGCA,c72da0c26c4a7904b1cf1c99e57fa2f62776903efbb89dadf63231619d8e48a0,-0.0698116426648888,CATCGTGTATCACTCACCTGTATCTGCCTCAGCTGGGACTGGCTTTGATGAATGTGAATCTTTAAACTATAATAATTCATGCTCTTGTAGAAAGCATGGCACATGTTTGCAAACACAAAGAAGAAAATAAATATAGTCAAGACCACAGAGTCTGTTTTCCTCAACTGCCTTGAGCTCTCCATGATAATTGTCCCAGAGCA,9171114ea79f96832ca8dc69fffed3339b2fd19f3da504d75753bb577346638c,0.148217957306605,CATCGTGTATCACTCACCTGTATCTGCCTCAGCTGGGACTGGCTTTGATGAATGTGAATCTTTAAACTATAATAATTCATGCTCTTGTAGAAAGCATGGGACATGTTTGCAAACACAAAGAAGAAAATAAATATAGTCAAGACCACAGAGTCTGTTTTCCTCAACTGCCTTGAGCTCTCCATGATAATTGTCCCAGAGCA,6496dc6120476f6f3dbed1aca65f14ac14a9bd71077dfd96cb312f54e86f4379,0.020474647267467,-0.0579316673742492,0.211977483559857,-291.8930533039384,-320.2167489323765,-311.5527409128845,-334.56358231790364,5.312854223418924,-1.0,0.0579316673742492,0.0,3,0.1921740691991531,0.18106719778262317,0.1474303780702046,0.24456663436918125,1.0
chr13:101240553:T:G;chr13:101240571:C:T;var1;middle;OL41|K562|9b6d657998385848,chr13:101240553:T:G;chr13:101240571:C:T;var1;middle;OL41,K562,K562_region_00532,100,118,18,AGGCAGTAAATTTCTTCAAAATTTCAGAAGTTTCACTAATGGCTCCAAAGAAACCTTAGATCAGAAATTCACAAGTGCCAGGAGACGTTTTTAGATTTCTTTTGCAGCTTCTAGTCTCCTTACAAACAGGAAATCTTTAAAATGAAAAACAATTTCTGAGAAGTGTTAGCCCGGTTCAGCTGAGGTCCTCTGAAAGCCAG,f93654bb47d19d569bcc324f9bb67f071e7c0b62d54a4f51b780719ddca07599,0.0,AGGCAGTAAATTTCTTCAAAATTTCAGAAGTTTCACTAATGGCTCCAAAGAAACCTTAGATCAGAAATTCACAAGTGCCAGGAGACGTTTTTAGATTTCGTTTGCAGCTTCTAGTCTCCTTACAAACAGGAAATCTTTAAAATGAAAAACAATTTCTGAGAAGTGTTAGCCCGGTTCAGCTGAGGTCCTCTGAAAGCCAG,414895d0112504498e395b670b261165ddab0007af6c27fd9f68c1c75fd819af,0.100676777310573,AGGCAGTAAATTTCTTCAAAATTTCAGAAGTTTCACTAATGGCTCCAAAGAAACCTTAGATCAGAAATTCACAAGTGCCAGGAGACGTTTTTAGATTTCTTTTGCAGCTTCTAGTCTTCTTACAAACAGGAAATCTTTAAAATGAAAAACAATTTCTGAGAAGTGTTAGCCCGGTTCAGCTGAGGTCCTCTGAAAGCCAG,f8e836539caa07f80d6acf623d98b812f9351309d63007d0ac787abd93326972,0.20571736324138,AGGCAGTAAATTTCTTCAAAATTTCAGAAGTTTCACTAATGGCTCCAAAGAAACCTTAGATCAGAAATTCACAAGTGCCAGGAGACGTTTTTAGATTTCGTTTGCAGCTTCTAGTCTTCTTACAAACAGGAAATCTTTAAAATGAAAAACAATTTCTGAGAAGTGTTAGCCCGGTTCAGCTGAGGTCCTCTGAAAGCCAG,9b6d6579983858482b36001c1de926557837165a78509a52e5c105bad4e3f151,0.0880274088651176,0.2183667316868354,0.283261758196603,-291.2201759079471,-319.18837340036407,-274.18950775265694,-302.24207681044936,0.08437156537547708,1.0,0.2183667316868354,0.0,0,0.18588441993891622,0.18565657667894103,0.15145376406925343,0.1920856049028284,1.0
chr13:107569280:G:T;chr13:107569298:G:T;var1;middle;OL41|K562|8fe326c46cc197b0,chr13:107569280:G:T;chr13:107569298:G:T;var1;middle;OL41,K562,K562_region_00533,100,118,18,GCGCTGTGTTTTTTGAGAGGGAAGGGAAACACTTTTAAGTGAAGCACTTACAGTTCATGTCGTTTTCAGTGGGAGATGAAGCTGCTGAGAAATTCAATGGTTGTTTGTTTGTTTGTTGTTTCCACAATACAATGAATTTTAAAAAGTGAGCCCACTCATGACTCAAATTACCCAAGTCTGACCCAAGCGAAGGTGCCCCT,bb18d077a8009362b471cc12fb6bbf0ac685546973f695fc828058a542c4601b,0.0,GCGCTGTGTTTTTTGAGAGGGAAGGGAAACACTTTTAAGTGAAGCACTTACAGTTCATGTCGTTTTCAGTGGGAGATGAAGCTGCTGAGAAATTCAATGTTTGTTTGTTTGTTTGTTGTTTCCACAATACAATGAATTTTAAAAAGTGAGCCCACTCATGACTCAAATTACCCAAGTCTGACCCAAGCGAAGGTGCCCCT,2b90963df4059b5a1a3487564c0347f0dd1989670569346ac8d6b4ed46001922,0.166997564326866,GCGCTGTGTTTTTTGAGAGGGAAGGGAAACACTTTTAAGTGAAGCACTTACAGTTCATGTCGTTTTCAGTGGGAGATGAAGCTGCTGAGAAATTCAATGGTTGTTTGTTTGTTTGTTTTTTCCACAATACAATGAATTTTAAAAAGTGAGCCCACTCATGACTCAAATTACCCAAGTCTGACCCAAGCGAAGGTGCCCCT,1a65b60ae14a53a082be24f1e1a3d09e254e509c70de02cb05fc2c8e942c54c8,0.268498492826005,GCGCTGTGTTTTTTGAGAGGGAAGGGAAACACTTTTAAGTGAAGCACTTACAGTTCATGTCGTTTTCAGTGGGAGATGAAGCTGCTGAGAAATTCAATGTTTGTTTGTTTGTTTGTTTTTTCCACAATACAATGAATTTTAAAAAGTGAGCCCACTCATGACTCAAATTACCCAAGTCTGACCCAAGCGAAGGTGCCCCT,8fe326c46cc197b08424a2a2aef7971c66bb214b0058c8c88ab9a79d43c8be5a,0.300757782377806,0.134738274775065,0.23838179121294,-331.1117710880935,-337.2906342295464,-324.41050257673487,-327.7710294959834,-2.8183362222043797,1.0,0.134738274775065,0.0,2,0.17109074296292612,0.17490732828716207,0.146091925319964,0.07858191255444939,1.0
chr13:108019827:C:A;chr13:108019892:G:T;var1;middle;OL41|K562|af56db52b11cc614,chr13:108019827:C:A;chr13:108019892:G:T;var1;middle;OL41,K562,K562_region_00534,100,165,65,CCTGAATGTGGTCATTCTCCTGATGTCTTGTTTCCGGCTGAAGAGCTGGAGGACAAAGTCTTGTCCTCATTTCCTGCTTGGATGTATGAATCAGTCATGCGTTTCCCATTTGATTCCCGTCTCTCCCAGCTGAGAGAGAACTTGGAGAGGAATTAATTACAGAAGTGGCCTGAGTGTTGCTCCACGTGGAAGCAGGACAC,a3879b98cb10d103d5f5099dc7efb7676b45e5b7281d9ce6e8bf1bb9e2baf14d,0.0,CCTGAATGTGGTCATTCTCCTGATGTCTTGTTTCCGGCTGAAGAGCTGGAGGACAAAGTCTTGTCCTCATTTCCTGCTTGGATGTATGAATCAGTCATGAGTTTCCCATTTGATTCCCGTCTCTCCCAGCTGAGAGAGAACTTGGAGAGGAATTAATTACAGAAGTGGCCTGAGTGTTGCTCCACGTGGAAGCAGGACAC,89477351d4492c5ae10e576bee839663ee80123d7731f10142aaa368f440ecd6,0.0808497870918183,CCTGAATGTGGTCATTCTCCTGATGTCTTGTTTCCGGCTGAAGAGCTGGAGGACAAAGTCTTGTCCTCATTTCCTGCTTGGATGTATGAATCAGTCATGCGTTTCCCATTTGATTCCCGTCTCTCCCAGCTGAGAGAGAACTTGGAGAGGAATTAATTACAGAATTGGCCTGAGTGTTGCTCCACGTGGAAGCAGGACAC,df3ab56ee9cec3fc659c45844edb0bb7592950c4a0553e085f82a35002dc0634,0.198217056718464,CCTGAATGTGGTCATTCTCCTGATGTCTTGTTTCCGGCTGAAGAGCTGGAGGACAAAGTCTTGTCCTCATTTCCTGCTTGGATGTATGAATCAGTCATGAGTTTCCCATTTGATTCCCGTCTCTCCCAGCTGAGAGAGAACTTGGAGAGGAATTAATTACAGAATTGGCCTGAGTGTTGCTCCACGTGGAAGCAGGACAC,af56db52b11cc614d7ebc81315b6c5dae3d6c7823c1d6f4f93cc52ef6118c553,-0.107174843248211,0.3862416870584932,0.209389762003271,-254.992407605052,-297.8013979336247,-249.08139856159687,-260.9063686467707,-30.984020243398845,1.0,0.3862416870584932,0.0,4,0.1377973809048297,0.17620727786206916,0.145609630836647,0.13069582408282424,1.0
chr13:110910679:G:A;chr13:110910714:A:G;var1;middle;OL30|K562|05ba92a19dee9d95,chr13:110910679:G:A;chr13:110910714:A:G;var1;middle;OL30,K562,K562_region_00535,100,135,35,CAGCACTCAAGAAAATAAAATTTAAGCCGGCGCAGTGGCTCATGCCTGTAATCCCAGCACTTTGGGAGGCCAAGGCGGGCAGATCGCATGAGCTCAGGAGTTCGAGACCAGCCTGGCCAATATGGTAAAATCCCATCTCTACTAAAAAAATACAAAAATTAGCCAGGCGTGGTGGCGCACGCCTGTAGTCCCAGATACTC,891cede094b735b0a22fab15e8639e87b1c43e64b3cc4863273ad0eab26c414b,0.0,CAGCACTCAAGAAAATAAAATTTAAGCCGGCGCAGTGGCTCATGCCTGTAATCCCAGCACTTTGGGAGGCCAAGGCGGGCAGATCGCATGAGCTCAGGAATTCGAGACCAGCCTGGCCAATATGGTAAAATCCCATCTCTACTAAAAAAATACAAAAATTAGCCAGGCGTGGTGGCGCACGCCTGTAGTCCCAGATACTC,931aca55d64c684cd4f84cff627151b4b59da2399919eea6656715ae1852d6f0,-0.769170642659063,CAGCACTCAAGAAAATAAAATTTAAGCCGGCGCAGTGGCTCATGCCTGTAATCCCAGCACTTTGGGAGGCCAAGGCGGGCAGATCGCATGAGCTCAGGAGTTCGAGACCAGCCTGGCCAATATGGTAAAATCCCGTCTCTACTAAAAAAATACAAAAATTAGCCAGGCGTGGTGGCGCACGCCTGTAGTCCCAGATACTC,f40f1bbba048105d72acec05cfbacc77bddcd94c343b33e8fe4a501fe1d3cf12,-0.0916663473558485,CAGCACTCAAGAAAATAAAATTTAAGCCGGCGCAGTGGCTCATGCCTGTAATCCCAGCACTTTGGGAGGCCAAGGCGGGCAGATCGCATGAGCTCAGGAATTCGAGACCAGCCTGGCCAATATGGTAAAATCCCGTCTCTACTAAAAAAATACAAAAATTAGCCAGGCGTGGTGGCGCACGCCTGTAGTCCCAGATACTC,05ba92a19dee9d9553947b9e6deacbc4fec4f5d697e88458830e7d7303707a9f,-0.783405431503988,-0.0774315585109235,0.241992437460706,-83.85542765725404,-87.03203748445958,-84.33201985713094,-87.5540647143498,0.04543503001332283,1.0,-0.0774315585109235,0.0,1,0.1824113870839715,0.18216460459877223,0.1501433469024087,0.14420938638627911,1.0
chr13:110917507:A:T;chr13:110917524:A:C;var1;middle;OL31|K562|ff82508d1ac95b47,chr13:110917507:A:T;chr13:110917524:A:C;var1;middle;OL31,K562,K562_region_00536,100,117,17,TCATCGATCGGCCTTGACTGCTAGAGACCTTCTCGCTGCCTTCTCCATTCTCCCTTAGGCTCCAAATGTTTCAAGTGATCTGGGAATGAGTGGAGTGTGACCTCACTTCCTTTCAGACAGATGAAAGAAAGGATAAAGAAAGGTAGGGAGGTAGAAAATCACAGAAAGAGGAAAGAGGAAAGCGCCGACTGCAATACGAT,7797e23ff4f8aac97cd9c40ceba474bb2b0fdf1fed6b64825727dc0af56ae114,0.0,TCATCGATCGGCCTTGACTGCTAGAGACCTTCTCGCTGCCTTCTCCATTCTCCCTTAGGCTCCAAATGTTTCAAGTGATCTGGGAATGAGTGGAGTGTGTCCTCACTTCCTTTCAGACAGATGAAAGAAAGGATAAAGAAAGGTAGGGAGGTAGAAAATCACAGAAAGAGGAAAGAGGAAAGCGCCGACTGCAATACGAT,3743c228e2666d7de38ff4bf9410566bcf6df66fe61aa9bf70b8bab72d485954,-0.510435587406122,TCATCGATCGGCCTTGACTGCTAGAGACCTTCTCGCTGCCTTCTCCATTCTCCCTTAGGCTCCAAATGTTTCAAGTGATCTGGGAATGAGTGGAGTGTGACCTCACTTCCTTTCAGCCAGATGAAAGAAAGGATAAAGAAAGGTAGGGAGGTAGAAAATCACAGAAAGAGGAAAGAGGAAAGCGCCGACTGCAATACGAT,e9d5592584ca7accb83edd9e1a9d735401dafa94e3945c4434dd870380455074,0.584340817702209,TCATCGATCGGCCTTGACTGCTAGAGACCTTCTCGCTGCCTTCTCCATTCTCCCTTAGGCTCCAAATGTTTCAAGTGATCTGGGAATGAGTGGAGTGTGTCCTCACTTCCTTTCAGCCAGATGAAAGAAAGGATAAAGAAAGGTAGGGAGGTAGAAAATCACAGAAAGAGGAAAGAGGAAAGCGCCGACTGCAATACGAT,ff82508d1ac95b474be5875399e635f8598518fdd906683e4d56d928e3f9cde3,-0.392849518587262,-0.466754748883349,0.217382029013825,-255.32266242802143,-255.75377552211285,-255.6188396513462,-256.6142066270113,-0.5642538815736771,-1.0,0.466754748883349,0.0,0,0.18505133293677253,0.18565657667894103,0.15145376406925343,0.1844235218336278,1.0
chr13:111038340:G:A;chr13:111038374:T:C;var1;middle;OL30|K562|c425bd6bb2f333f6,chr13:111038340:G:A;chr13:111038374:T:C;var1;middle;OL30,K562,K562_region_00537,100,134,34,GATAGGCCGTGGTTACAGCGTGTGGATGGGCCGTGGTTACAGCGTGTGGATGGGCCGTGGTCACAGCGTGTGGATGGGCCGTGGTCACAGCGTGTGGATGGGCCGTGGTCACAGCGTGTGGATGGGCCGTGGTTACAGTGTGTGGATAGACCGTGGTTACGTTTTGTGGATAAAGCATGGTTACAGTGTTTAGATAAACC,3219e9f32344f0e7f15830baedc8b696b8d02abad514400cecfabaaf308ff622,0.0,GATAGGCCGTGGTTACAGCGTGTGGATGGGCCGTGGTTACAGCGTGTGGATGGGCCGTGGTCACAGCGTGTGGATGGGCCGTGGTCACAGCGTGTGGATAGGCCGTGGTCACAGCGTGTGGATGGGCCGTGGTTACAGTGTGTGGATAGACCGTGGTTACGTTTTGTGGATAAAGCATGGTTACAGTGTTTAGATAAACC,326d7e2e2d116ab246434c595f7a6accad1df8aa654f22b89db1a1b84a7e7d22,-0.08444241659643,GATAGGCCGTGGTTACAGCGTGTGGATGGGCCGTGGTTACAGCGTGTGGATGGGCCGTGGTCACAGCGTGTGGATGGGCCGTGGTCACAGCGTGTGGATGGGCCGTGGTCACAGCGTGTGGATGGGCCGTGGTCACAGTGTGTGGATAGACCGTGGTTACGTTTTGTGGATAAAGCATGGTTACAGTGTTTAGATAAACC,f37cf8bdb9d4c07cd6c3af25f709ec5cac524d3b159170d0333ec0ff8578fa5c,-0.232521107545651,GATAGGCCGTGGTTACAGCGTGTGGATGGGCCGTGGTTACAGCGTGTGGATGGGCCGTGGTCACAGCGTGTGGATGGGCCGTGGTCACAGCGTGTGGATAGGCCGTGGTCACAGCGTGTGGATGGGCCGTGGTCACAGTGTGTGGATAGACCGTGGTTACGTTTTGTGGATAAAGCATGGTTACAGTGTTTAGATAAACC,c425bd6bb2f333f673c639327b4b84223f177b32b39f6c84f6ca160adf45ad29,-0.0391083513810111,0.2778551727610699,0.195695515939847,-78.8862663191394,-86.96218462224351,-78.24015689501539,-86.2692023133859,0.046872884733602405,-1.0,-0.2778551727610699,0.0,4,0.17625742106147863,0.17620727786206916,0.145609630836647,-0.04716646296875529,1.0
chr13:111566412:G:C;chr13:111566432:A:G;var1;middle;OL41|K562|1488f45fdbf05a13,chr13:111566412:G:C;chr13:111566432:A:G;var1;middle;OL41,K562,K562_region_00538,100,120,20,AGAGGGGAACGTAAAGCCTCCACGGGAAGAGAATTCTGCTTAATTTAACCACTTCTGCAGTAATTTAGATCCAAGATAAACACAGCCGTCACTAATTTTGCTGAAGCGGGGCCAGCTACAAGCCTTAAAGCAAACCCAGAAGCTGGAGAGCCGGCCTCCATCCCACACAGCTGCCGGGGCCTTCCAGTCCCGCCGGGGCG,93fa29ce9985e120ca855efa060f126c7a6567ba996085804dc2f32dacea2ef6,0.0,AGAGGGGAACGTAAAGCCTCCACGGGAAGAGAATTCTGCTTAATTTAACCACTTCTGCAGTAATTTAGATCCAAGATAAACACAGCCGTCACTAATTTTCCTGAAGCGGGGCCAGCTACAAGCCTTAAAGCAAACCCAGAAGCTGGAGAGCCGGCCTCCATCCCACACAGCTGCCGGGGCCTTCCAGTCCCGCCGGGGCG,9f37131743ca4592e70fd3fbc0374d60ea2bf6a45c4f58120d684c70a4614216,0.493149158041898,AGAGGGGAACGTAAAGCCTCCACGGGAAGAGAATTCTGCTTAATTTAACCACTTCTGCAGTAATTTAGATCCAAGATAAACACAGCCGTCACTAATTTTGCTGAAGCGGGGCCAGCTACGAGCCTTAAAGCAAACCCAGAAGCTGGAGAGCCGGCCTCCATCCCACACAGCTGCCGGGGCCTTCCAGTCCCGCCGGGGCG,ce8c100fcfc4444232cfe3643eb757a28972cbcc0431411210f950c579aaf355,-0.192439039089966,AGAGGGGAACGTAAAGCCTCCACGGGAAGAGAATTCTGCTTAATTTAACCACTTCTGCAGTAATTTAGATCCAAGATAAACACAGCCGTCACTAATTTTCCTGAAGCGGGGCCAGCTACGAGCCTTAAAGCAAACCCAGAAGCTGGAGAGCCGGCCTCCATCCCACACAGCTGCCGGGGCCTTCCAGTCCCGCCGGGGCG,1488f45fdbf05a13ff006b5cd22dc9bbafdd0f083074b6dd84f449bcaf0f4d2a,-0.185519434461815,-0.486229553413747,0.293511854560199,-350.4086013203487,-354.8091577109881,-308.90210464876145,-321.4659571563825,-8.163296116981655,-1.0,0.486229553413747,0.0,1,0.17405949673675714,0.18216460459877223,0.1501433469024087,0.23219432523257802,1.0
chr13:111567902:C:T;chr13:111567936:C:G;var1;middle;OL41|K562|fdc8bfa770c07baa,chr13:111567902:C:T;chr13:111567936:C:G;var1;middle;OL41,K562,K562_region_00539,100,134,34,AGGCAGAGGGCGGGGCCTGGCTTGGGTCCACGCCTGGGGCGGCCGGGGGCGGGGCCTGGCTGGAATTGACGCGTGGAGCTCCGGTGGAGGGGGCGGGGCCTGGCTGGGCCGCTGCCTACAGCGGCTTCCGGGGCTTGGAGGTCACGGGGCTCGGAGGTCACGGGGCTCGGAGGTCACGGGGCTGGCTGTGTGGGGGGCTC,0a8e4ce82358e5de327bfa9ad6624b09c9a3fb516555f38b721e063aaf2bf525,0.0,AGGCAGAGGGCGGGGCCTGGCTTGGGTCCACGCCTGGGGCGGCCGGGGGCGGGGCCTGGCTGGAATTGACGCGTGGAGCTCCGGTGGAGGGGGCGGGGCTTGGCTGGGCCGCTGCCTACAGCGGCTTCCGGGGCTTGGAGGTCACGGGGCTCGGAGGTCACGGGGCTCGGAGGTCACGGGGCTGGCTGTGTGGGGGGCTC,fddef9e3805858756f338b40d5b9249c8e4140657c5506f559eccff0305304b9,-0.251022198892148,AGGCAGAGGGCGGGGCCTGGCTTGGGTCCACGCCTGGGGCGGCCGGGGGCGGGGCCTGGCTGGAATTGACGCGTGGAGCTCCGGTGGAGGGGGCGGGGCCTGGCTGGGCCGCTGCCTACAGCGGCTTCCGGGGGTTGGAGGTCACGGGGCTCGGAGGTCACGGGGCTCGGAGGTCACGGGGCTGGCTGTGTGGGGGGCTC,3f55cccf26614275f74473b9af5961f88c4ca3406fce3e42d38f6121ad11fa66,0.182576762158167,AGGCAGAGGGCGGGGCCTGGCTTGGGTCCACGCCTGGGGCGGCCGGGGGCGGGGCCTGGCTGGAATTGACGCGTGGAGCTCCGGTGGAGGGGGCGGGGCTTGGCTGGGCCGCTGCCTACAGCGGCTTCCGGGGGTTGGAGGTCACGGGGCTCGGAGGTCACGGGGCTCGGAGGTCACGGGGCTGGCTGTGTGGGGGGCTC,fdc8bfa770c07baa6566c4fb4100e2ded2ce4d886c0e6fb1d405916e1dd0275e,-0.187253120514544,-0.118807683780563,0.311128194137201,-214.2539571875241,-218.590962295013,-222.82912454480527,-228.6655905066873,-1.4994608543931065,-1.0,0.118807683780563,0.0,2,0.17301113213193078,0.17490732828716207,0.146091925319964,0.06801678828373642,1.0
chr13:112221296:C:T;chr13:112221334:G:C;var1;middle;OL29|K562|f30bba0617547740,chr13:112221296:C:T;chr13:112221334:G:C;var1;middle;OL29,K562,K562_region_00540,100,138,38,AAGTTCCAGTCCTAATGTCAGCTCCTCCAGGATCCTCCCTGACTCGTAAAGGAGAGTTAACCCCCACCCATGTTTTCAGAGCCCCTTCTATTACATCTCCGTCTCAGCTGTGTCATCAGTTTCCCACAGGTGTGTTCGACATGCACCCATGAGATGCAGGTGGGCCCAGGTTCTGCCTTCTCTGTCACATGACAGGCAGA,b6503827cf1b5b7c43d6bbe8768ef9999da814f05d9134c6d74c0af5db4844f5,0.0,AAGTTCCAGTCCTAATGTCAGCTCCTCCAGGATCCTCCCTGACTCGTAAAGGAGAGTTAACCCCCACCCATGTTTTCAGAGCCCCTTCTATTACATCTCTGTCTCAGCTGTGTCATCAGTTTCCCACAGGTGTGTTCGACATGCACCCATGAGATGCAGGTGGGCCCAGGTTCTGCCTTCTCTGTCACATGACAGGCAGA,bb2dde57a04d87e25f7bd397dd3988e6a1a7607b7aa72c7f4e87a76ef8c6fd4d,0.0408350273260813,AAGTTCCAGTCCTAATGTCAGCTCCTCCAGGATCCTCCCTGACTCGTAAAGGAGAGTTAACCCCCACCCATGTTTTCAGAGCCCCTTCTATTACATCTCCGTCTCAGCTGTGTCATCAGTTTCCCACAGGTGTGTTCCACATGCACCCATGAGATGCAGGTGGGCCCAGGTTCTGCCTTCTCTGTCACATGACAGGCAGA,61ef6363f3d71c363a09012f4eb5047cda433769b8dc185187121befdc5058d4,-0.0246206306748646,AAGTTCCAGTCCTAATGTCAGCTCCTCCAGGATCCTCCCTGACTCGTAAAGGAGAGTTAACCCCCACCCATGTTTTCAGAGCCCCTTCTATTACATCTCTGTCTCAGCTGTGTCATCAGTTTCCCACAGGTGTGTTCCACATGCACCCATGAGATGCAGGTGGGCCCAGGTTCTGCCTTCTCTGTCACATGACAGGCAGA,f30bba06175477408f2958216fb2e0153a2c8669ed5e6c30465003fca0d838cf,-0.23767756719321,0.2538919638444267,0.208420610489996,-405.467675202759,-400.0639891868923,-385.461400436936,-375.3277847846039,-4.729929636465329,1.0,0.2538919638444267,0.0,2,0.16830730839595898,0.17490732828716207,0.146091925319964,0.28416326218790733,1.0
chr13:113260711:T:C;chr13:113260796:G:A;var1;middle;OL41|K562|a0705a49be536637,chr13:113260711:T:C;chr13:113260796:G:A;var1;middle;OL41,K562,K562_region_00541,100,185,85,AAAACACACTCCCGGTTACCAGCAAGATCGCTGTGGGGAATGAGGCACTCGAGAAAATCTACATTTGGCTCTGAATTTTCTCAACTTCTTTCCTTCCTCTAGGGAAACAGAAGCGCGGAAAGGCGCCCTCTCCTTCCCTCAGTCTGAGGCTCTTGCCCGCCAGGCCCTTCCCGACTCCGCCCAGGCCACGGGCTGCCCCA,c64a6f42b3e8cf1499feffac3db5bb22e6a625d654ec3cf764ce40786132e66b,0.0,AAAACACACTCCCGGTTACCAGCAAGATCGCTGTGGGGAATGAGGCACTCGAGAAAATCTACATTTGGCTCTGAATTTTCTCAACTTCTTTCCTTCCTCCAGGGAAACAGAAGCGCGGAAAGGCGCCCTCTCCTTCCCTCAGTCTGAGGCTCTTGCCCGCCAGGCCCTTCCCGACTCCGCCCAGGCCACGGGCTGCCCCA,22c5e8224db89a3be6cb1168b5697af37babc9368b5261dd4ae00c52714f1e44,0.0889562129650007,AAAACACACTCCCGGTTACCAGCAAGATCGCTGTGGGGAATGAGGCACTCGAGAAAATCTACATTTGGCTCTGAATTTTCTCAACTTCTTTCCTTCCTCTAGGGAAACAGAAGCGCGGAAAGGCGCCCTCTCCTTCCCTCAGTCTGAGGCTCTTGCCCGCCAGGCCCTTCCCGACTCCGCCCAGACCACGGGCTGCCCCA,4ae6c188a74a9f2f7ab5ab4548810940481f87472601b1f3c986a69f108dc117,0.468991779387866,AAAACACACTCCCGGTTACCAGCAAGATCGCTGTGGGGAATGAGGCACTCGAGAAAATCTACATTTGGCTCTGAATTTTCTCAACTTCTTTCCTTCCTCCAGGGAAACAGAAGCGCGGAAAGGCGCCCTCTCCTTCCCTCAGTCTGAGGCTCTTGCCCGCCAGGCCCTTCCCGACTCCGCCCAGACCACGGGCTGCCCCA,a0705a49be5366372d3de79a1179aaab09797f7b5053198a1068f24fe5d93873,0.77291098841578,-0.2149629960629132,0.327570759065286,-323.4853577679023,-316.5932286321185,-306.6551182251424,-319.49031723756343,19.727328148204833,1.0,-0.2149629960629132,0.0,3,0.22120749229629105,0.18106719778262317,0.1474303780702046,0.16213338233616892,1.0
chr13:113676795:C:T;chr13:113676801:C:T;var1;middle;OL41|K562|070d7e51056fbfbc,chr13:113676795:C:T;chr13:113676801:C:T;var1;middle;OL41,K562,K562_region_00542,100,106,6,CCCACCCCCGCCGGCCAGGGGTCCTCATGCCGTGGCCCATGCCCATTTGCACAGGGACGCAGGGGGTCTCACACACAGGCAGGGTCCGCCCCCAGCTGCCGTCGGCGTCACTCCACACACATAGGCTTCTGGGCGGTGCTGGAAGCTTCTGGCCCCTGAACGTTCCCCCCAGGCCCCGTTTCAGGGAAAGGAAAGGCAGG,5cfa7e3de16a9f164f478c7e90f121b1bb90b6221b0a33bceff0bffc541b0860,0.0,CCCACCCCCGCCGGCCAGGGGTCCTCATGCCGTGGCCCATGCCCATTTGCACAGGGACGCAGGGGGTCTCACACACAGGCAGGGTCCGCCCCCAGCTGCTGTCGGCGTCACTCCACACACATAGGCTTCTGGGCGGTGCTGGAAGCTTCTGGCCCCTGAACGTTCCCCCCAGGCCCCGTTTCAGGGAAAGGAAAGGCAGG,3dcd5738d98bf7254ae2a4a823a375ffc3e36cf6146e5dc6c67239a51eb0a4ff,0.36528124840299,CCCACCCCCGCCGGCCAGGGGTCCTCATGCCGTGGCCCATGCCCATTTGCACAGGGACGCAGGGGGTCTCACACACAGGCAGGGTCCGCCCCCAGCTGCCGTCGGTGTCACTCCACACACATAGGCTTCTGGGCGGTGCTGGAAGCTTCTGGCCCCTGAACGTTCCCCCCAGGCCCCGTTTCAGGGAAAGGAAAGGCAGG,b91c18f56beef70cb33fc9d2fa1ba054e34ca3e55fa1a6000e7177dc279f2e1f,0.0954192521036284,CCCACCCCCGCCGGCCAGGGGTCCTCATGCCGTGGCCCATGCCCATTTGCACAGGGACGCAGGGGGTCTCACACACAGGCAGGGTCCGCCCCCAGCTGCTGTCGGTGTCACTCCACACACATAGGCTTCTGGGCGGTGCTGGAAGCTTCTGGCCCCTGAACGTTCCCCCCAGGCCCCGTTTCAGGGAAAGGAAAGGCAGG,070d7e51056fbfbc2bd321f0077971017e413641c84fed02bb92a2e56a908a85,-0.0872782424453473,0.5479787429519657,0.382814415569466,-314.5833241152577,-314.645058372058,-308.7041068384424,-301.54818768636324,-7.217653408879414,1.0,0.5479787429519657,0.0,2,0.1646849814463339,0.17490732828716207,0.146091925319964,0.25037750995816144,1.0
chr13:114881032:G:A;chr13:114881078:T:G;var1;middle;OL41|K562|8711338966470705,chr13:114881032:G:A;chr13:114881078:T:G;var1;middle;OL41,K562,K562_region_00543,100,146,46,AGACAACTTCCCAGTTTAGAAAATGGTTAACTGATTCATTAATACTCACTTCCTGTCGCAAGAGACTCATGCCCTAGAGATAAAGCCGTCGGAGGCAGAGTGCAGGCCTCGAAGCAGCTGGTCATGTCCACGCCCTCTGCAGGCCTCGTGTCCCCCTCGCTGTCGCCTGCCGATTTGGTGGCTCCTCTCATAACACACAG,fd3094b043918324d94808b38958ae9ae180c07f997ed7625025d50f197a3cbe,0.0,AGACAACTTCCCAGTTTAGAAAATGGTTAACTGATTCATTAATACTCACTTCCTGTCGCAAGAGACTCATGCCCTAGAGATAAAGCCGTCGGAGGCAGAATGCAGGCCTCGAAGCAGCTGGTCATGTCCACGCCCTCTGCAGGCCTCGTGTCCCCCTCGCTGTCGCCTGCCGATTTGGTGGCTCCTCTCATAACACACAG,3bdbf363964caf614c34bd8c17ffd225f7d56167d36e0be0ee6eb9606f0f4a8d,-0.391530689901733,AGACAACTTCCCAGTTTAGAAAATGGTTAACTGATTCATTAATACTCACTTCCTGTCGCAAGAGACTCATGCCCTAGAGATAAAGCCGTCGGAGGCAGAGTGCAGGCCTCGAAGCAGCTGGTCATGTCCACGCCCTCTGCAGGCCGCGTGTCCCCCTCGCTGTCGCCTGCCGATTTGGTGGCTCCTCTCATAACACACAG,9ad37ec2ffe54a12b97184ebff141ddcf8dac0f9171eaf3e55771aca8ac230ef,0.457972561132751,AGACAACTTCCCAGTTTAGAAAATGGTTAACTGATTCATTAATACTCACTTCCTGTCGCAAGAGACTCATGCCCTAGAGATAAAGCCGTCGGAGGCAGAATGCAGGCCTCGAAGCAGCTGGTCATGTCCACGCCCTCTGCAGGCCGCGTGTCCCCCTCGCTGTCGCCTGCCGATTTGGTGGCTCCTCTCATAACACACAG,8711338966470705fb2b26dfcb57a766d6e95e672592f4aeec12fdff8270649a,0.126983212448647,0.060541341217629,0.265069898221515,-323.5175298121758,-336.1807499094866,-335.03184268577024,-353.52479350334033,-5.829730720259249,-1.0,-0.060541341217629,0.0,1,0.17643375920954066,0.18216460459877223,0.1501433469024087,0.2450512589400496,1.0
chr13:114927133:T:C;chr13:114927139:T:G;var1;middle;OL41|K562|277c02a6571603c1,chr13:114927133:T:C;chr13:114927139:T:G;var1;middle;OL41,K562,K562_region_00544,100,106,6,ACGAGCGAAGTGCTGCTTCGTGTCCACCAGGGAAAGCTTCAGGGAGCACGTTATTGGCACTCAAGATGCCAGCCATGGGCTGCCTGGAACGACGGTTTTTATCATTTATGTGAGTCCTGGGACATTTTCTTCCAACAGACCTAAGTATGTATGACACCAGCATATTACACGAAGCCGAGAGGGGGCTGCTCTGGGTGAGC,de15f56637974319a5cc9b05d4c1a4c9ea3ef945bc06935b2b10d940be73ac96,0.0,ACGAGCGAAGTGCTGCTTCGTGTCCACCAGGGAAAGCTTCAGGGAGCACGTTATTGGCACTCAAGATGCCAGCCATGGGCTGCCTGGAACGACGGTTTTCATCATTTATGTGAGTCCTGGGACATTTTCTTCCAACAGACCTAAGTATGTATGACACCAGCATATTACACGAAGCCGAGAGGGGGCTGCTCTGGGTGAGC,fb9d267f62e156624961115f5306236fdc84b89d1a38cab4062de1afaba0a238,-0.383346420063027,ACGAGCGAAGTGCTGCTTCGTGTCCACCAGGGAAAGCTTCAGGGAGCACGTTATTGGCACTCAAGATGCCAGCCATGGGCTGCCTGGAACGACGGTTTTTATCATGTATGTGAGTCCTGGGACATTTTCTTCCAACAGACCTAAGTATGTATGACACCAGCATATTACACGAAGCCGAGAGGGGGCTGCTCTGGGTGAGC,57dc64087ce8951baac3b86df5b706efa41adb81c2b5087eb75b03f916ad26df,-0.0479266700422402,ACGAGCGAAGTGCTGCTTCGTGTCCACCAGGGAAAGCTTCAGGGAGCACGTTATTGGCACTCAAGATGCCAGCCATGGGCTGCCTGGAACGACGGTTTTCATCATGTATGTGAGTCCTGGGACATTTTCTTCCAACAGACCTAAGTATGTATGACACCAGCATATTACACGAAGCCGAGAGGGGGCTGCTCTGGGTGAGC,277c02a6571603c13b92f2434de33bd33b977dbbd4fae32c05d1db1a735f4c37,-0.073957485648954,0.3573156044563132,0.261860536391855,-389.69779478851706,-386.7541748061776,-393.1312626367435,-385.7409955551848,4.446647099219263,-1.0,-0.3573156044563132,0.0,4,0.18171055102040645,0.17620727786206916,0.145609630836647,0.1384967994191716,1.0
chr13:115000650:G:T;chr13:115000719:G:A;var1;middle;OL41|K562|8f2765b084b1ee81,chr13:115000650:G:T;chr13:115000719:G:A;var1;middle;OL41,K562,K562_region_00545,100,169,69,CGCGCCGCCATGAACCTAGAGCGGCTGCGGAAGCGCGTCCGGCAGTACCTCGACCAGGTGGGCGGCCCCGACTCGGGGTGCGGGGCCCAGGCCTCGCCGGGTCTTTTTCCGCGCGGCGTGGGGCTGGGGTGACTGTTGTCGGGGCTCTTGGTGGGGAAGGACTGGGCCGGCCCTGGGCCTTCATCTGGGGCCAGCAGCGC,fee6e542b751fbf70e71551e7bbeeef32a6c3e8d51165483808f899d374b8bc7,0.0,CGCGCCGCCATGAACCTAGAGCGGCTGCGGAAGCGCGTCCGGCAGTACCTCGACCAGGTGGGCGGCCCCGACTCGGGGTGCGGGGCCCAGGCCTCGCCGTGTCTTTTTCCGCGCGGCGTGGGGCTGGGGTGACTGTTGTCGGGGCTCTTGGTGGGGAAGGACTGGGCCGGCCCTGGGCCTTCATCTGGGGCCAGCAGCGC,76787b345c07f9f699eb3fb3bb664d179d1ecc3792906a637bad945b31da2a1b,0.433216426963102,CGCGCCGCCATGAACCTAGAGCGGCTGCGGAAGCGCGTCCGGCAGTACCTCGACCAGGTGGGCGGCCCCGACTCGGGGTGCGGGGCCCAGGCCTCGCCGGGTCTTTTTCCGCGCGGCGTGGGGCTGGGGTGACTGTTGTCGGGGCTCTTGGTGGGGAAGGACTGGGCCAGCCCTGGGCCTTCATCTGGGGCCAGCAGCGC,6d65338ea93380716ad951c29b9c53fd4dfcd4f62791cb5ac100e3736fae3478,0.490633801301948,CGCGCCGCCATGAACCTAGAGCGGCTGCGGAAGCGCGTCCGGCAGTACCTCGACCAGGTGGGCGGCCCCGACTCGGGGTGCGGGGCCCAGGCCTCGCCGTGTCTTTTTCCGCGCGGCGTGGGGCTGGGGTGACTGTTGTCGGGGCTCTTGGTGGGGAAGGACTGGGCCAGCCCTGGGCCTTCATCTGGGGCCAGCAGCGC,8f2765b084b1ee81b9dd7ee8cae1e2bfe102a468cda1343d973539bb42a4fb2d,0.691230399251406,0.232619829013644,0.356798679120652,-327.8076174699236,-303.5007810983807,-341.62063677608967,-319.2447846849682,1.9309842804214554,1.0,0.232619829013644,0.0,3,0.18536235609558263,0.18106719778262317,0.1474303780702046,0.09537301262238802,1.0
chr13:115064423:G:A;chr13:115064482:G:A;var1;middle;OL41|K562|ebaf0467f8f86da0,chr13:115064423:G:A;chr13:115064482:G:A;var1;middle;OL41,K562,K562_region_00546,100,159,59,AAACCAGAAAAGGGAGAGGAACCAACCACAGAGAAACCAAAAGAAAGAGGAGAGGAGATTGATACTGGAGGTGGCAAGCAGGAATCCTGTGCCCCCGGTGCAGTCGTAAAAGCCAGGCCCATGGAAGGCTCGCTGGAGGAGCCCCAGGAGACGTGAGCGTGCTTTCATTGTTATGACCACGTCAGCTCCCAGTCATGGTG,2e80171466af28790a99c6c392d039291dd1ed60fb41f6bcd7fa85669754f15f,0.0,AAACCAGAAAAGGGAGAGGAACCAACCACAGAGAAACCAAAAGAAAGAGGAGAGGAGATTGATACTGGAGGTGGCAAGCAGGAATCCTGTGCCCCCGGTACAGTCGTAAAAGCCAGGCCCATGGAAGGCTCGCTGGAGGAGCCCCAGGAGACGTGAGCGTGCTTTCATTGTTATGACCACGTCAGCTCCCAGTCATGGTG,9f331a11569116079d0f14a49a3767988c2fd2d9fe9ee6e1feb216a6931cd5e7,0.0937926017872785,AAACCAGAAAAGGGAGAGGAACCAACCACAGAGAAACCAAAAGAAAGAGGAGAGGAGATTGATACTGGAGGTGGCAAGCAGGAATCCTGTGCCCCCGGTGCAGTCGTAAAAGCCAGGCCCATGGAAGGCTCGCTGGAGGAGCCCCAGGAGACGTGAGCATGCTTTCATTGTTATGACCACGTCAGCTCCCAGTCATGGTG,bd7f7857032251dfb2de7049bad7a26ac7a2d36534422e3128ab13e24fc46d5f,-0.0643414538535671,AAACCAGAAAAGGGAGAGGAACCAACCACAGAGAAACCAAAAGAAAGAGGAGAGGAGATTGATACTGGAGGTGGCAAGCAGGAATCCTGTGCCCCCGGTACAGTCGTAAAAGCCAGGCCCATGGAAGGCTCGCTGGAGGAGCCCCAGGAGACGTGAGCATGCTTTCATTGTTATGACCACGTCAGCTCCCAGTCATGGTG,ebaf0467f8f86da04c8400e47ec453c560fe4bad98eb6cd801e3cdbe84dc491e,-0.143173910099393,0.1726250580331044,0.171139925164349,-306.8863835032098,-311.48932890594006,-310.12724829791114,-315.0169820790179,0.2867883783765137,1.0,0.1726250580331044,0.0,1,0.18265694960324103,0.18216460459877223,0.1501433469024087,0.1555964524752328,1.0
chr13:25556102:C:T;chr13:25556184:C:T;var1;middle;OL41|K562|5ad72e06c40921eb,chr13:25556102:C:T;chr13:25556184:C:T;var1;middle;OL41,K562,K562_region_00499,100,182,82,GCTAGTAAACTGGGGGCTCACGGTGTGTTTAGGCTGAGGGGGGGCCTTCAAGTTTAGTGTCCCCAGGAGATGCTCAGCCTTCATGTGACCTGGATGCCCCCGAGTGTTTCGGCAACCCCTGGAGAGGCACACTGTCGGACAGCTGAGCTGAGAGCCTGTGAGCTGTCCCATAATCCATGGCCGAGACTCAGAGGGGTGTC,2ab6a188b37a537f2eb5952231661caa6db3689f7f577e164fb396aca8ba4a93,0.0,GCTAGTAAACTGGGGGCTCACGGTGTGTTTAGGCTGAGGGGGGGCCTTCAAGTTTAGTGTCCCCAGGAGATGCTCAGCCTTCATGTGACCTGGATGCCCTCGAGTGTTTCGGCAACCCCTGGAGAGGCACACTGTCGGACAGCTGAGCTGAGAGCCTGTGAGCTGTCCCATAATCCATGGCCGAGACTCAGAGGGGTGTC,838e2d221e9e6694cdf1ddd3252f0be394c6995ff2f5d6542856839881e48269,0.101241503984154,GCTAGTAAACTGGGGGCTCACGGTGTGTTTAGGCTGAGGGGGGGCCTTCAAGTTTAGTGTCCCCAGGAGATGCTCAGCCTTCATGTGACCTGGATGCCCCCGAGTGTTTCGGCAACCCCTGGAGAGGCACACTGTCGGACAGCTGAGCTGAGAGCCTGTGAGCTGTCCCATAATCCATGGCTGAGACTCAGAGGGGTGTC,8cc71e52247ede1f3a3d36f935ffaac628f35ec9dd1dea6fb0bca27fe3919934,0.0349453741648614,GCTAGTAAACTGGGGGCTCACGGTGTGTTTAGGCTGAGGGGGGGCCTTCAAGTTTAGTGTCCCCAGGAGATGCTCAGCCTTCATGTGACCTGGATGCCCTCGAGTGTTTCGGCAACCCCTGGAGAGGCACACTGTCGGACAGCTGAGCTGAGAGCCTGTGAGCTGTCCCATAATCCATGGCTGAGACTCAGAGGGGTGTC,5ad72e06c40921eb5061e839f25658b0c49a23a42200ee22fd05c598ab68be98,0.291519327717369,-0.1553324495683536,0.231480756658358,-362.2963423151523,-355.4446378930006,-343.6837511372287,-340.23215037747286,3.40010366239585,1.0,-0.1553324495683536,0.0,3,0.18832143492285255,0.18106719778262317,0.1474303780702046,-0.05388945099921383,1.0
chr13:25556949:C:A;chr13:25557017:A:G;var1;middle;OL41|K562|14ab00dd8e9ef790,chr13:25556949:C:A;chr13:25557017:A:G;var1;middle;OL41,K562,K562_region_00500,100,168,68,AGAGGGAAGCACTTTGGGCCCAGCCACCTGTTCGCCCCGTTTGATGAAGGAAACAATGCCTGGCAAAGCACCGCTCCCTGGCCAGGGCAGCAGGCCAACCTGCTGTCACTGTGCCTTAATCACCCCCATGCCCAGGCAGCACCGTCTGCAGGATCTTTTAATAGGACACGGACAATGAGCTCACAGAGCTTCTCTGTCCC,daa5c2c31660109f52ccaaa4b130b91d90e733ab8b9af5c87886f3243316081f,0.0,AGAGGGAAGCACTTTGGGCCCAGCCACCTGTTCGCCCCGTTTGATGAAGGAAACAATGCCTGGCAAAGCACCGCTCCCTGGCCAGGGCAGCAGGCCAACATGCTGTCACTGTGCCTTAATCACCCCCATGCCCAGGCAGCACCGTCTGCAGGATCTTTTAATAGGACACGGACAATGAGCTCACAGAGCTTCTCTGTCCC,41b6377f946b8ba824f5ff4c3036fc6e936cc1187d832949efb91e12f9f08d89,0.0823759703892853,AGAGGGAAGCACTTTGGGCCCAGCCACCTGTTCGCCCCGTTTGATGAAGGAAACAATGCCTGGCAAAGCACCGCTCCCTGGCCAGGGCAGCAGGCCAACCTGCTGTCACTGTGCCTTAATCACCCCCATGCCCAGGCAGCACCGTCTGCAGGATCTTTTAATAGGACGCGGACAATGAGCTCACAGAGCTTCTCTGTCCC,e98d2de450eb16d30bd2f3bdf4bc34266300491a0ce93fa0a30df1cad1bd0a21,-0.0029309119094931,AGAGGGAAGCACTTTGGGCCCAGCCACCTGTTCGCCCCGTTTGATGAAGGAAACAATGCCTGGCAAAGCACCGCTCCCTGGCCAGGGCAGCAGGCCAACATGCTGTCACTGTGCCTTAATCACCCCCATGCCCAGGCAGCACCGTCTGCAGGATCTTTTAATAGGACGCGGACAATGAGCTCACAGAGCTTCTCTGTCCC,14ab00dd8e9ef7905bd3c7e3c00fabb99615fd2aeec6d09cf621f4a47edb6cda,-0.100300471882219,0.1797455303620111,0.208382901105737,-288.5839586415095,-279.9779410479823,-281.8503347635269,-275.85189459007233,2.60757742007263,1.0,0.1797455303620111,0.0,2,0.17899131192106482,0.17490732828716207,0.146091925319964,0.31935830944039634,1.0
chr13:26586775:C:T;chr13:26586788:A:C;var1;middle;OL41|K562|c22831bd30e98e55,chr13:26586775:C:T;chr13:26586788:A:C;var1;middle;OL41,K562,K562_region_00501,100,113,13,GAGCGCGACCGCCTGATCAAGAGGCTGGGCCGGAAGACGCCCCCGACGCTGTTCCGGGGCAGCTCCCTGCAGCAGGGCGTCCCGCGTGAGTACCGCGGGCGGGGGCTGATGGAGGAGTGGGTGTCGGTGCGGGGCGGGGGTTGATGAGGAGTTGGGGGAGCGGGCGCTGATGGGGGGCCGGGTGAGTGCTGACGGGGGGT,fc9d4fd120a595e623d615871263db68e8f1738057d22c3556efbcc64af68524,0.0,GAGCGCGACCGCCTGATCAAGAGGCTGGGCCGGAAGACGCCCCCGACGCTGTTCCGGGGCAGCTCCCTGCAGCAGGGCGTCCCGCGTGAGTACCGCGGGTGGGGGCTGATGGAGGAGTGGGTGTCGGTGCGGGGCGGGGGTTGATGAGGAGTTGGGGGAGCGGGCGCTGATGGGGGGCCGGGTGAGTGCTGACGGGGGGT,f51e7cdd27027e4ec1741f9b98a0b28c6f6ecacc9759d699964415d96b9af148,-0.502989973210409,GAGCGCGACCGCCTGATCAAGAGGCTGGGCCGGAAGACGCCCCCGACGCTGTTCCGGGGCAGCTCCCTGCAGCAGGGCGTCCCGCGTGAGTACCGCGGGCGGGGGCTGATGGCGGAGTGGGTGTCGGTGCGGGGCGGGGGTTGATGAGGAGTTGGGGGAGCGGGCGCTGATGGGGGGCCGGGTGAGTGCTGACGGGGGGT,c0f7d40e4425ada49f9f224d2ac5ea36384cef3bf0a0b2380a46a07fa655a89f,0.144488428035041,GAGCGCGACCGCCTGATCAAGAGGCTGGGCCGGAAGACGCCCCCGACGCTGTTCCGGGGCAGCTCCCTGCAGCAGGGCGTCCCGCGTGAGTACCGCGGGTGGGGGCTGATGGCGGAGTGGGTGTCGGTGCGGGGCGGGGGTTGATGAGGAGTTGGGGGAGCGGGCGCTGATGGGGGGCCGGGTGAGTGCTGACGGGGGGT,c22831bd30e98e55dc2b91598e89985267590a42e0ecdc195c8525cc58fc4cee,-0.187294893887696,0.1712066512876719,0.210132316459809,-270.1224642274901,-273.2327722206246,-287.557851921767,-287.7117736237124,2.9563862911890624,-1.0,-0.1712066512876719,0.0,0,0.18957320234684433,0.18565657667894103,0.15145376406925343,-0.03521678596586192,1.0
chr13:27603713:T:G;chr13:27603769:A:C;var1;middle;OL28|K562|2e3fcf7dd9cc0222,chr13:27603713:T:G;chr13:27603769:A:C;var1;middle;OL28,K562,K562_region_00502,100,156,56,AGAACAATTGCTAAAGGGAGTTCAGCAGACAGAAGGGAAGTGATTCCACAAGGAAGCCTGAAACATCAGGAATGAAGGGAGCAACAGAAATGGTACATATCAAGGTCAATATCAGAGACTTTGCTTTTCCTGTTGAGTTATTTAACCCATATTTGACAGTTAAAAGACAAAATTATAACATTGTCTGATGGAATTTTCAA,ce85ea867850df4d159fe17db9005646056209ad4ddc8a9c23e1383e9fac953e,0.0,AGAACAATTGCTAAAGGGAGTTCAGCAGACAGAAGGGAAGTGATTCCACAAGGAAGCCTGAAACATCAGGAATGAAGGGAGCAACAGAAATGGTACATAGCAAGGTCAATATCAGAGACTTTGCTTTTCCTGTTGAGTTATTTAACCCATATTTGACAGTTAAAAGACAAAATTATAACATTGTCTGATGGAATTTTCAA,3fe853279609dc126117712869fdbb713024f534d51840e7ca76e0ed865994b6,-0.056113596379453,AGAACAATTGCTAAAGGGAGTTCAGCAGACAGAAGGGAAGTGATTCCACAAGGAAGCCTGAAACATCAGGAATGAAGGGAGCAACAGAAATGGTACATATCAAGGTCAATATCAGAGACTTTGCTTTTCCTGTTGAGTTATTTAACCCATATTTGCCAGTTAAAAGACAAAATTATAACATTGTCTGATGGAATTTTCAA,275c95bbc9e4aa40b3d9c09d458568913525bf2cdbff1abe0ac1a16365744eb9,-0.0258057491583692,AGAACAATTGCTAAAGGGAGTTCAGCAGACAGAAGGGAAGTGATTCCACAAGGAAGCCTGAAACATCAGGAATGAAGGGAGCAACAGAAATGGTACATAGCAAGGTCAATATCAGAGACTTTGCTTTTCCTGTTGAGTTATTTAACCCATATTTGCCAGTTAAAAGACAAAATTATAACATTGTCTGATGGAATTTTCAA,2e3fcf7dd9cc0222af64aa2adae06561783d571a16044615c60ee8eae479a705,-0.150472747778859,0.0685534022410368,0.182029742167474,-357.5511853196658,-363.06080128857866,-380.95456751668826,-387.6686409283429,1.2044574427417842,1.0,0.0685534022410368,0.0,4,0.17769214446443957,0.17620727786206916,0.145609630836647,0.2645673859622548,1.0
chr13:29068150:C:G;chr13:29068175:A:C;var1;middle;OL31|K562|a2fdf1ed3f33560c,chr13:29068150:C:G;chr13:29068175:A:C;var1;middle;OL31,K562,K562_region_00503,100,125,25,CCCTCTCTTCGCTCGGATTTTAAAGGCTAGGCTTGTAAGTCAGTAAGTTAACGGTATTTGGGCCCTGGGCTGCCCTTGTGGGTCAGGGTCACTGATGTCCGCGACACGGACTGGACCGCGCACCACGCCTGCTCCCGGCAGAGGCCCCACCCGGGTGGCTGAGCGCAGCGCACTGGGGCCCCGCGGTCCGAGAGCGGCGG,3411154151794335b0b630bcfe4adfcca8f9f91ae16d45b0d6a0571ef645f911,0.0,CCCTCTCTTCGCTCGGATTTTAAAGGCTAGGCTTGTAAGTCAGTAAGTTAACGGTATTTGGGCCCTGGGCTGCCCTTGTGGGTCAGGGTCACTGATGTCGGCGACACGGACTGGACCGCGCACCACGCCTGCTCCCGGCAGAGGCCCCACCCGGGTGGCTGAGCGCAGCGCACTGGGGCCCCGCGGTCCGAGAGCGGCGG,6c4e6b717c79746775d8c0efd64d2506f4c3682cda3b259f0884f1008f0d3509,0.112911206669483,CCCTCTCTTCGCTCGGATTTTAAAGGCTAGGCTTGTAAGTCAGTAAGTTAACGGTATTTGGGCCCTGGGCTGCCCTTGTGGGTCAGGGTCACTGATGTCCGCGACACGGACTGGACCGCGCACCCCGCCTGCTCCCGGCAGAGGCCCCACCCGGGTGGCTGAGCGCAGCGCACTGGGGCCCCGCGGTCCGAGAGCGGCGG,d7c264d370f4d3553de48302f7680292e966d2520a1370e5b393cf9784d1f335,-0.560233316115539,CCCTCTCTTCGCTCGGATTTTAAAGGCTAGGCTTGTAAGTCAGTAAGTTAACGGTATTTGGGCCCTGGGCTGCCCTTGTGGGTCAGGGTCACTGATGTCGGCGACACGGACTGGACCGCGCACCCCGCCTGCTCCCGGCAGAGGCCCCACCCGGGTGGCTGAGCGCAGCGCACTGGGGCCCCGCGGTCCGAGAGCGGCGG,a2fdf1ed3f33560c6e34a9f673270821cfb3198194b2f54121689f670b236276,-0.34840538625312,0.0989167231929359,0.233854412534998,-322.251113133505,-327.56927590304986,-326.9866329017095,-331.3560907773208,0.9487048939336091,-1.0,-0.0989167231929359,0.0,0,0.18699455964269784,0.18565657667894103,0.15145376406925343,0.16741164996013191,1.0
chr13:29292867:T:G;chr13:29292872:A:G;var1;middle;OL41|K562|b1edf256b3cddbf8,chr13:29292867:T:G;chr13:29292872:A:G;var1;middle;OL41,K562,K562_region_00504,100,105,5,GGACAGTAACCTCGGACTACGCGGCCGGCGCTGGGGTGGGGAGAGTACTTTCCCGTCGAACTCGACCAAATTACGCTTGTCGGGGAGTCTCAAGCGTATTGTAAAGCAAACCTCGGCAAGCGCACTTCCGCGTCCCGAGTGACACCTGCAGGGTTCTCCGGCAGCCCTCGGCTTCCCCGCGGCCCTGCGGACCTCGGCCT,198c1ffa34f4837c6e1ecfcf249a15ea5f53b18219f66dcc889a9b593df4a3be,0.0,GGACAGTAACCTCGGACTACGCGGCCGGCGCTGGGGTGGGGAGAGTACTTTCCCGTCGAACTCGACCAAATTACGCTTGTCGGGGAGTCTCAAGCGTATGGTAAAGCAAACCTCGGCAAGCGCACTTCCGCGTCCCGAGTGACACCTGCAGGGTTCTCCGGCAGCCCTCGGCTTCCCCGCGGCCCTGCGGACCTCGGCCT,bb3f2e9d37debdfef266a4f625bc3ed8b6446268ae556ea3c71d62faef256ce2,-0.154107849597492,GGACAGTAACCTCGGACTACGCGGCCGGCGCTGGGGTGGGGAGAGTACTTTCCCGTCGAACTCGACCAAATTACGCTTGTCGGGGAGTCTCAAGCGTATTGTAAGGCAAACCTCGGCAAGCGCACTTCCGCGTCCCGAGTGACACCTGCAGGGTTCTCCGGCAGCCCTCGGCTTCCCCGCGGCCCTGCGGACCTCGGCCT,9bad3a2a53360de4ee844def1e2123bbd1a05670dba7df3626affbc3170cc983,-0.0219108034597797,GGACAGTAACCTCGGACTACGCGGCCGGCGCTGGGGTGGGGAGAGTACTTTCCCGTCGAACTCGACCAAATTACGCTTGTCGGGGAGTCTCAAGCGTATGGTAAGGCAAACCTCGGCAAGCGCACTTCCGCGTCCCGAGTGACACCTGCAGGGTTCTCCGGCAGCCCTCGGCTTCCCCGCGGCCCTGCGGACCTCGGCCT,b1edf256b3cddbf8d063b05aab77298d625c2840612031a6c597b4f4f3103d91,-0.261188111319244,0.0851694582619723,0.214042788120822,-388.5712592662312,-412.5602313634008,-378.27424156153575,-399.48201853688806,-2.781195121817291,1.0,0.0851694582619723,0.0,4,0.17275228156553957,0.17620727786206916,0.145609630836647,0.2222091343600567,1.0
chr13:31015138:G:A;chr13:31015154:C:T;var1;middle;OL29|K562|e02f3c2adbe09e8b,chr13:31015138:G:A;chr13:31015154:C:T;var1;middle;OL29,K562,K562_region_00505,100,116,16,ATCTCTACTAAAAATACAAAAAAATTAGCCAGGCATGGTGGCGCACACCTGTAGTCCCAGCTGGAGGCTGAGACACAAGGATCTCTTGAACTGGGAGGCGGAGCTTGCAGTGAGCCGAGATCACACCACTGCACTGCAGTCTGGATGACAGAGAAAGACTGTCTCAAAAAAAAAAAAAGAGGAAATTAAAATAACTTTTG,291c0c98188a139aaaa57a9edca08009cf18694245c5b7ab3dc478cc54e237a3,0.0,ATCTCTACTAAAAATACAAAAAAATTAGCCAGGCATGGTGGCGCACACCTGTAGTCCCAGCTGGAGGCTGAGACACAAGGATCTCTTGAACTGGGAGGCAGAGCTTGCAGTGAGCCGAGATCACACCACTGCACTGCAGTCTGGATGACAGAGAAAGACTGTCTCAAAAAAAAAAAAAGAGGAAATTAAAATAACTTTTG,781857d079a5b17a3ef53dae66813ac2880a2b2f7569aaa57dc7c169ab38584d,-2.35330906262246,ATCTCTACTAAAAATACAAAAAAATTAGCCAGGCATGGTGGCGCACACCTGTAGTCCCAGCTGGAGGCTGAGACACAAGGATCTCTTGAACTGGGAGGCGGAGCTTGCAGTGAGCTGAGATCACACCACTGCACTGCAGTCTGGATGACAGAGAAAGACTGTCTCAAAAAAAAAAAAAGAGGAAATTAAAATAACTTTTG,eebc57446ded5bb192745c0f92f56a62448d9270cbb974c7e147ff278b7077e2,0.111049790575475,ATCTCTACTAAAAATACAAAAAAATTAGCCAGGCATGGTGGCGCACACCTGTAGTCCCAGCTGGAGGCTGAGACACAAGGATCTCTTGAACTGGGAGGCAGAGCTTGCAGTGAGCTGAGATCACACCACTGCACTGCAGTCTGGATGACAGAGAAAGACTGTCTCAAAAAAAAAAAAAGAGGAAATTAAAATAACTTTTG,e02f3c2adbe09e8b3429dd5141ee4a57baf81eaf9e8f0ca5af32dd20d5c59921,-2.43838786497907,0.1961285929320846,0.230179517204299,-88.57873477227986,-86.83627060800791,-87.39218517579138,-85.21381292492151,-0.43590808659791946,1.0,0.1961285929320846,0.0,1,0.18192164940620686,0.18216460459877223,0.1501433469024087,0.2948248942450473,1.0
chr13:32606069:A:G;chr13:32606087:T:C;var1;middle;OL41|K562|8a55450409e55e83,chr13:32606069:A:G;chr13:32606087:T:C;var1;middle;OL41,K562,K562_region_00506,100,118,18,GTATCAAATATTTACTGAAATCCTGGAGTAATAGTGAGTAATAGAAAATAACCTTTTTGTTTGTTTGTTTGCTGGATGTTGCATAAGGCTGGAGACAGAAAATCTCAACTGGACACATATGTTTGTGAGCCGCGGAAGTTTTTCTTTTTTTCTTTTCTTTTCTTTTCTCTTTCTTTCTTTCTTTCTTTCTTTTTCTTTCT,578df865b40aee1b16fdd3b58e200c6052b973e8697b627588a82382d8979e51,0.0,GTATCAAATATTTACTGAAATCCTGGAGTAATAGTGAGTAATAGAAAATAACCTTTTTGTTTGTTTGTTTGCTGGATGTTGCATAAGGCTGGAGACAGAGAATCTCAACTGGACACATATGTTTGTGAGCCGCGGAAGTTTTTCTTTTTTTCTTTTCTTTTCTTTTCTCTTTCTTTCTTTCTTTCTTTCTTTTTCTTTCT,f74048730e76294e406a99c58d108691bd0e79c4f35b5f30a77985d39636c099,0.0364046475356192,GTATCAAATATTTACTGAAATCCTGGAGTAATAGTGAGTAATAGAAAATAACCTTTTTGTTTGTTTGTTTGCTGGATGTTGCATAAGGCTGGAGACAGAAAATCTCAACTGGACACACATGTTTGTGAGCCGCGGAAGTTTTTCTTTTTTTCTTTTCTTTTCTTTTCTCTTTCTTTCTTTCTTTCTTTCTTTTTCTTTCT,a57abf413f202f74961b5d37b4fdca2959f33e86c9dd77ea20e1761e753590c6,0.0864878698753129,GTATCAAATATTTACTGAAATCCTGGAGTAATAGTGAGTAATAGAAAATAACCTTTTTGTTTGTTTGTTTGCTGGATGTTGCATAAGGCTGGAGACAGAGAATCTCAACTGGACACACATGTTTGTGAGCCGCGGAAGTTTTTCTTTTTTTCTTTTCTTTTCTTTTCTCTTTCTTTCTTTCTTTCTTTCTTTTTCTTTCT,8a55450409e55e838724887fc3f0a55da114e982fe0def2683cf645274cd2194,-0.0596623485081975,0.1825548659191296,0.218615876319232,-187.96242640865967,-189.3572356919758,-184.4842846347019,-186.10057827690616,0.22148435888811946,1.0,0.1825548659191296,0.0,1,0.1825905066901729,0.18216460459877223,0.1501433469024087,0.10014897610079725,1.0
chr13:33554302:G:A;chr13:33554352:C:G;var1;middle;OL31|K562|21f4b155f879223b,chr13:33554302:G:A;chr13:33554352:C:G;var1;middle;OL31,K562,K562_region_00507,100,150,50,AGAAATACGTGGTCCTCACAGTTTGGCAACAGATGGCTGAAGTTGACAAAACCACTAAGAAAACATAATCAATGTGTTAAAACAAAGTTCACTGCTAACGTTGAACCCTTTCTTTCATGTTTTGATTCATAAGGTAACAGTGCTCTAATCTGGAAAAAGAAAACACTGAAAATCATTTAAAAAGCACTAATGCCCCATTT,82eee421a46a9ddde47d67c3132297092e86834ac939999c6a869b60fdc4eee4,0.0,AGAAATACGTGGTCCTCACAGTTTGGCAACAGATGGCTGAAGTTGACAAAACCACTAAGAAAACATAATCAATGTGTTAAAACAAAGTTCACTGCTAACATTGAACCCTTTCTTTCATGTTTTGATTCATAAGGTAACAGTGCTCTAATCTGGAAAAAGAAAACACTGAAAATCATTTAAAAAGCACTAATGCCCCATTT,1440927696e91919a29e61f97bd68b2ac61e56852bb6576bc6d27575c6993ef3,-0.0759091603833372,AGAAATACGTGGTCCTCACAGTTTGGCAACAGATGGCTGAAGTTGACAAAACCACTAAGAAAACATAATCAATGTGTTAAAACAAAGTTCACTGCTAACGTTGAACCCTTTCTTTCATGTTTTGATTCATAAGGTAACAGTGCTCTAATGTGGAAAAAGAAAACACTGAAAATCATTTAAAAAGCACTAATGCCCCATTT,6ec9fcc1e5450528e1130764d465cbd0b76e4d17ad3c223d5689c688d3ee1101,-0.246827052256619,AGAAATACGTGGTCCTCACAGTTTGGCAACAGATGGCTGAAGTTGACAAAACCACTAAGAAAACATAATCAATGTGTTAAAACAAAGTTCACTGCTAACATTGAACCCTTTCTTTCATGTTTTGATTCATAAGGTAACAGTGCTCTAATGTGGAAAAAGAAAACACTGAAAATCATTTAAAAAGCACTAATGCCCCATTT,21f4b155f879223be4f6fb347e81f80668bc0c325e82ac5f9ddbc5965417c9b0,-0.106694197092665,0.2160420155472912,0.316033518654069,-303.6444181408733,-295.84156973846257,-302.1024791225791,-294.51630092039704,-0.2166702002286911,-1.0,-0.2160420155472912,0.0,2,0.17487897904035093,0.17490732828716207,0.146091925319964,0.280874234474874,1.0
chr13:33554352:C:G;chr13:33554405:T:C;var1;middle;OL31|K562|e884a99854e01bab,chr13:33554352:C:G;chr13:33554405:T:C;var1;middle;OL31,K562,K562_region_00507,100,153,53,ACCACTAAGAAAACATAATCAATGTGTTAAAACAAAGTTCACTGCTAACGTTGAACCCTTTCTTTCATGTTTTGATTCATAAGGTAACAGTGCTCTAATCTGGAAAAAGAAAACACTGAAAATCATTTAAAAAGCACTAATGCCCCATTTAGTTGTTCAGAGCAGTTTCTTTTTTTTTTTGGATTAAAAGGAGGTAAGTC,e3824c3b34e00b427f5591b8bdd6b75869ef400055f359b3e816112a41ce3e97,0.0,ACCACTAAGAAAACATAATCAATGTGTTAAAACAAAGTTCACTGCTAACGTTGAACCCTTTCTTTCATGTTTTGATTCATAAGGTAACAGTGCTCTAATGTGGAAAAAGAAAACACTGAAAATCATTTAAAAAGCACTAATGCCCCATTTAGTTGTTCAGAGCAGTTTCTTTTTTTTTTTGGATTAAAAGGAGGTAAGTC,ccbee2bb46878f3fa17f6610e4aff8733905365f9b0dd6c422e439a7d7d5a1c5,0.44777141340383,ACCACTAAGAAAACATAATCAATGTGTTAAAACAAAGTTCACTGCTAACGTTGAACCCTTTCTTTCATGTTTTGATTCATAAGGTAACAGTGCTCTAATCTGGAAAAAGAAAACACTGAAAATCATTTAAAAAGCACTAATGCCCCATTTAGCTGTTCAGAGCAGTTTCTTTTTTTTTTTGGATTAAAAGGAGGTAAGTC,56381f424660a06c859ed41285ce47e3c881496fd559d5c2b9dba11856a94e81,-0.0213594772879111,ACCACTAAGAAAACATAATCAATGTGTTAAAACAAAGTTCACTGCTAACGTTGAACCCTTTCTTTCATGTTTTGATTCATAAGGTAACAGTGCTCTAATGTGGAAAAAGAAAACACTGAAAATCATTTAAAAAGCACTAATGCCCCATTTAGCTGTTCAGAGCAGTTTCTTTTTTTTTTTGGATTAAAAGGAGGTAAGTC,e884a99854e01bab5f8afabbf8b7ba94da9f78341bee8f231ccbb2672a27f616,0.352701005505234,-0.0737109306106849,0.221176248714585,-328.17885674419813,-330.39644679171033,-327.69390420010313,-326.7979289204813,3.11356532713404,-1.0,0.0737109306106849,0.0,2,0.1797280712237885,0.17490732828716207,0.146091925319964,0.06899517097444027,1.0
chr13:36871730:G:T;chr13:36871764:G:A;var1;middle;OL41|K562|25811d39d7196693,chr13:36871730:G:T;chr13:36871764:G:A;var1;middle;OL41,K562,K562_region_00508,100,134,34,TTTTGGAACCCAGACCGAAGTGCCCAGGGGTTAATCACGGCGCCGGTCTTACAGCACCCTCAGCGGCTTCAGCCCTGAGACTCTGCAGGTGAAGGCTCGGGGGGTGTGGACGGGACCCCACACCGCGCCGCCCGCCGACTCACTTCTTGCGGACTTCTTCCAGCAACTGCTGTTTCAGGCGGTTGGTGCTCACACCGTCG,ee36370ba50bf755119f08460bf6767688cac55da264f4e5e77a49fd3c804846,0.0,TTTTGGAACCCAGACCGAAGTGCCCAGGGGTTAATCACGGCGCCGGTCTTACAGCACCCTCAGCGGCTTCAGCCCTGAGACTCTGCAGGTGAAGGCTCGTGGGGTGTGGACGGGACCCCACACCGCGCCGCCCGCCGACTCACTTCTTGCGGACTTCTTCCAGCAACTGCTGTTTCAGGCGGTTGGTGCTCACACCGTCG,8ae72f7137eae1e2f364d333d8c23e9c092b9365c79f349b7a49261ffef22aa5,-0.0685528193083867,TTTTGGAACCCAGACCGAAGTGCCCAGGGGTTAATCACGGCGCCGGTCTTACAGCACCCTCAGCGGCTTCAGCCCTGAGACTCTGCAGGTGAAGGCTCGGGGGGTGTGGACGGGACCCCACACCGCGCCGCCCACCGACTCACTTCTTGCGGACTTCTTCCAGCAACTGCTGTTTCAGGCGGTTGGTGCTCACACCGTCG,c9db20dcfdc802558ce007747a249847c0da4d12b35ad167ccfd231601d656cf,-0.14510202255536,TTTTGGAACCCAGACCGAAGTGCCCAGGGGTTAATCACGGCGCCGGTCTTACAGCACCCTCAGCGGCTTCAGCCCTGAGACTCTGCAGGTGAAGGCTCGTGGGGTGTGGACGGGACCCCACACCGCGCCGCCCACCGACTCACTTCTTGCGGACTTCTTCCAGCAACTGCTGTTTCAGGCGGTTGGTGCTCACACCGTCG,25811d39d719669364db630eca798a3775eee06730c575cf005793640574d5b0,-0.248133600950287,0.0344787590865402,0.218517656081729,-308.418421426788,-313.67956176400185,-301.5818748078309,-302.90602186415344,-3.936993280891329,1.0,0.0344787590865402,0.0,4,0.1713197722456364,0.17620727786206916,0.145609630836647,0.03083777412816799,1.0
chr13:38289961:C:A;chr13:38289973:T:C;var1;middle;OL30|K562|f57a6642be46332e,chr13:38289961:C:A;chr13:38289973:T:C;var1;middle;OL30,K562,K562_region_00509,100,112,12,TTACTCACTAGATCATAACATCATAGGCTGTTTTGTCAGATAAGACACTTGCGAAATCTACCAGTTGAAATGTGATCTTGGTCATTATCCAGAATTGGCCTATATTAAAAATTGTCTATCTCTCTCCTCTTGTAACTGTATATGGAGGTTTGAATTGCTTGCTAGGAATTATCCCTGCCAACCTATGACAGATACAGCGA,fa056c736f2219af9ec9938c3b8a44bdef252f0c40e9102fb7907ac6ac821465,0.0,TTACTCACTAGATCATAACATCATAGGCTGTTTTGTCAGATAAGACACTTGCGAAATCTACCAGTTGAAATGTGATCTTGGTCATTATCCAGAATTGGCATATATTAAAAATTGTCTATCTCTCTCCTCTTGTAACTGTATATGGAGGTTTGAATTGCTTGCTAGGAATTATCCCTGCCAACCTATGACAGATACAGCGA,0f26f753a44f94049b5b65d13e51a71a9af5d577a60fd250faf2da62af4ed2fc,-0.775845494660101,TTACTCACTAGATCATAACATCATAGGCTGTTTTGTCAGATAAGACACTTGCGAAATCTACCAGTTGAAATGTGATCTTGGTCATTATCCAGAATTGGCCTATATTAAAAACTGTCTATCTCTCTCCTCTTGTAACTGTATATGGAGGTTTGAATTGCTTGCTAGGAATTATCCCTGCCAACCTATGACAGATACAGCGA,983b1eb28cf156ae41efdffae056be0a9734cd786832dd87c853079468808691,0.992901084969735,TTACTCACTAGATCATAACATCATAGGCTGTTTTGTCAGATAAGACACTTGCGAAATCTACCAGTTGAAATGTGATCTTGGTCATTATCCAGAATTGGCATATATTAAAAACTGTCTATCTCTCTCCTCTTGTAACTGTATATGGAGGTTTGAATTGCTTGCTAGGAATTATCCCTGCCAACCTATGACAGATACAGCGA,f57a6642be46332e4d29f582e193b5aee6975c6b342cce6e7246001559559285,0.209416261552707,-0.0076393287569269,0.286856938207488,-380.4234054838307,-393.5191156174988,-389.9197656386532,-400.9166787448339,2.098797027487308,-1.0,0.0076393287569269,0.0,4,0.17880059906808132,0.17620727786206916,0.145609630836647,0.24715047936094542,1.0
chr13:40514538:C:T;chr13:40514598:C:T;var1;middle;OL28|K562|0e9cd58cff2904f4,chr13:40514538:C:T;chr13:40514598:C:T;var1;middle;OL28,K562,K562_region_00510,100,160,60,TCATTCTGAACACCTACCAAGTGCCATGTGTTTTACCATGAGTATTTCTCCAAAATCTTCCAGTTAGATGTTCTTAATCTCATTCTCCGTGTGAGAGAACTGTGAGAGTATATAAATGACTCCACAAAGGTCACACACCTGTAAGTCACAGAGATAATGCTTGAACCCAGATCTGTGTGGTTACTGATCTGTTCTATTCT,665d45e85e40b679bb819ea71284f8706a8f33e510e311dd26a6ae9b3efd118f,0.0,TCATTCTGAACACCTACCAAGTGCCATGTGTTTTACCATGAGTATTTCTCCAAAATCTTCCAGTTAGATGTTCTTAATCTCATTCTCCGTGTGAGAGAATTGTGAGAGTATATAAATGACTCCACAAAGGTCACACACCTGTAAGTCACAGAGATAATGCTTGAACCCAGATCTGTGTGGTTACTGATCTGTTCTATTCT,64132e47ebefbf9227a5dba338b270efed0626ece19b50a4c2bbf4c96d58d76c,-0.24433458852382,TCATTCTGAACACCTACCAAGTGCCATGTGTTTTACCATGAGTATTTCTCCAAAATCTTCCAGTTAGATGTTCTTAATCTCATTCTCCGTGTGAGAGAACTGTGAGAGTATATAAATGACTCCACAAAGGTCACACACCTGTAAGTCACAGAGATAATGTTTGAACCCAGATCTGTGTGGTTACTGATCTGTTCTATTCT,a847b780cbd12c88607e490098f7f213b4b198f1f03c655d8a777390aaa3a5d3,-0.153241171042823,TCATTCTGAACACCTACCAAGTGCCATGTGTTTTACCATGAGTATTTCTCCAAAATCTTCCAGTTAGATGTTCTTAATCTCATTCTCCGTGTGAGAGAATTGTGAGAGTATATAAATGACTCCACAAAGGTCACACACCTGTAAGTCACAGAGATAATGTTTGAACCCAGATCTGTGTGGTTACTGATCTGTTCTATTCT,0e9cd58cff2904f4b092a062de389417f0feb64b9ff364a31b702ef9fefe0244,0.185951590301187,0.5835273498678301,0.210999892943105,-211.14523521065712,-212.6939180791378,-210.0558995641768,-211.5516706034541,0.05291182920336723,-1.0,-0.5835273498678301,0.0,2,0.17527151227140125,0.17490732828716207,0.146091925319964,0.24089182036400195,1.0
chr13:40721751:C:T;chr13:40721779:C:T;var1;middle;OL28|K562|6db11861fe8a3bc9,chr13:40721751:C:T;chr13:40721779:C:T;var1;middle;OL28,K562,K562_region_00511,100,128,28,GTCGGGCGGGTGAGGGGAAAGGGGAGGGAGAGCATTAGGACAAATACTTAATGCATGCGGGGCTTAAAACCTAGAAGACGGGTTAATAGGTGTAGCAAACCACCATGGTACATGTATACCTATGTAACAAACCTGCACATTCTGCACATGTATCCCAGAACTTAAACTAAAATTTTAAAAAAAGAAAATATCAAAAAAAT,93238f9612e1b80215898c1cc581816ef6914a0241456ab4cd2270291c313d73,0.0,GTCGGGCGGGTGAGGGGAAAGGGGAGGGAGAGCATTAGGACAAATACTTAATGCATGCGGGGCTTAAAACCTAGAAGACGGGTTAATAGGTGTAGCAAATCACCATGGTACATGTATACCTATGTAACAAACCTGCACATTCTGCACATGTATCCCAGAACTTAAACTAAAATTTTAAAAAAAGAAAATATCAAAAAAAT,104815d0a7d366a38b80ff0995c92e6afff49b976ba0e4f4551c000ad8801a9a,0.312381715460141,GTCGGGCGGGTGAGGGGAAAGGGGAGGGAGAGCATTAGGACAAATACTTAATGCATGCGGGGCTTAAAACCTAGAAGACGGGTTAATAGGTGTAGCAAACCACCATGGTACATGTATACCTATGTAATAAACCTGCACATTCTGCACATGTATCCCAGAACTTAAACTAAAATTTTAAAAAAAGAAAATATCAAAAAAAT,9309027d126b6b2f803aa18d433e928edafd7aa645e6c6baebd26e97f86b17e3,0.0067922856775273,GTCGGGCGGGTGAGGGGAAAGGGGAGGGAGAGCATTAGGACAAATACTTAATGCATGCGGGGCTTAAAACCTAGAAGACGGGTTAATAGGTGTAGCAAATCACCATGGTACATGTATACCTATGTAATAAACCTGCACATTCTGCACATGTATCCCAGAACTTAAACTAAAATTTTAAAAAAAGAAAATATCAAAAAAAT,6db11861fe8a3bc9e58c9a4f94318f8449b41618fae2dbaecf3df7122bc14ed3,0.18556063061373,0.1336133705239383,0.268217768643674,-118.48370172455908,-123.174477186054,-120.26590100582688,-125.48239572998136,0.5257192626595639,1.0,0.1336133705239383,0.0,1,0.18290004741097293,0.18216460459877223,0.1501433469024087,0.42575090680120387,1.0
chr13:42964518:C:T;chr13:42964565:C:T;var1;middle;OL28|K562|dd1b8cdaf2f40c9a,chr13:42964518:C:T;chr13:42964565:C:T;var1;middle;OL28,K562,K562_region_00512,100,147,47,CTTTTAAAAGCTGGTGTTGCCAAGGATTTGGGCCTTAGTCTTCTCCCGTTTGTGTAGGCAATTTGATCAGTATCTTTACTTTTTTTTGAGATGGAGTCTCGCTCTGTCACCAGGCTGGAGTGCAGTGGCGTGATCGAGGCTTACTGCAACCTCTGCCTCCTGGGTTCAAGCGATTCTCCTGCCTCAGCCTCCCAAGTAAC,c6accba1c8f531711ef2235cd431a1e8b95f0dc8a801e056ddcff29631f5bb6b,0.0,CTTTTAAAAGCTGGTGTTGCCAAGGATTTGGGCCTTAGTCTTCTCCCGTTTGTGTAGGCAATTTGATCAGTATCTTTACTTTTTTTTGAGATGGAGTCTTGCTCTGTCACCAGGCTGGAGTGCAGTGGCGTGATCGAGGCTTACTGCAACCTCTGCCTCCTGGGTTCAAGCGATTCTCCTGCCTCAGCCTCCCAAGTAAC,2f177df7abcdc1be474bd0d50dd8732d8166a808bd0f4445d3d4071afc2ac227,-0.0500808456846915,CTTTTAAAAGCTGGTGTTGCCAAGGATTTGGGCCTTAGTCTTCTCCCGTTTGTGTAGGCAATTTGATCAGTATCTTTACTTTTTTTTGAGATGGAGTCTCGCTCTGTCACCAGGCTGGAGTGCAGTGGCGTGATCGAGGCTTACTGTAACCTCTGCCTCCTGGGTTCAAGCGATTCTCCTGCCTCAGCCTCCCAAGTAAC,4edfdefe3946319529a7769cf36260a6be264a6b663e8e7a0e5ba064b19d5291,-0.134404723027563,CTTTTAAAAGCTGGTGTTGCCAAGGATTTGGGCCTTAGTCTTCTCCCGTTTGTGTAGGCAATTTGATCAGTATCTTTACTTTTTTTTGAGATGGAGTCTTGCTCTGTCACCAGGCTGGAGTGCAGTGGCGTGATCGAGGCTTACTGTAACCTCTGCCTCCTGGGTTCAAGCGATTCTCCTGCCTCAGCCTCCCAAGTAAC,dd1b8cdaf2f40c9a669bf830d0fa3d424fc2b4298346eb4bc9fbd8649bf094e6,0.063783028898066,0.2482685976103205,0.149730615949548,-138.17670047376305,-137.41518988925964,-141.37490529660136,-140.31803931389004,0.2953553982079029,-1.0,-0.2482685976103205,0.0,1,0.18266566603078055,0.18216460459877223,0.1501433469024087,0.014524876856756963,1.0
chr13:43311540:C:T;chr13:43311622:A:G;var1;middle;OL30|K562|3b14645fe9a07d2d,chr13:43311540:C:T;chr13:43311622:A:G;var1;middle;OL30,K562,K562_region_00513,100,182,82,GGGTACTCAAAATATACTAGGTGATTAGATCACTAGCATATTTTACCAGGAAAACAACGTATGTAAAAAGAAGAGCTTTGTGGGCTTTTTTTTCTTTCTCTTTAAGTTTACAGGTTGTTTTACTACCTTTCTCTGGGAAGTATGTATGTTTCACTTCAGACACATCAAAAGCCAATGTAGAATGTTTTATGGTCTCCAAA,eb10f5a11cdbd5e88a4af099d7897f4cb583a77aa8964f04436adccedd240f41,0.0,GGGTACTCAAAATATACTAGGTGATTAGATCACTAGCATATTTTACCAGGAAAACAACGTATGTAAAAAGAAGAGCTTTGTGGGCTTTTTTTTCTTTCTTTTTAAGTTTACAGGTTGTTTTACTACCTTTCTCTGGGAAGTATGTATGTTTCACTTCAGACACATCAAAAGCCAATGTAGAATGTTTTATGGTCTCCAAA,fe14ebbe6af17db5eed9934766ae56b2ab34cbd27287d39e678623919a0e1700,-0.0891979987685775,GGGTACTCAAAATATACTAGGTGATTAGATCACTAGCATATTTTACCAGGAAAACAACGTATGTAAAAAGAAGAGCTTTGTGGGCTTTTTTTTCTTTCTCTTTAAGTTTACAGGTTGTTTTACTACCTTTCTCTGGGAAGTATGTATGTTTCACTTCAGACACATCAAAAGCCAATGTAGAGTGTTTTATGGTCTCCAAA,7198d0cdef91f877af7384aa6580491612675608f5f96d884d4db931baa8d5df,0.0699736137515491,GGGTACTCAAAATATACTAGGTGATTAGATCACTAGCATATTTTACCAGGAAAACAACGTATGTAAAAAGAAGAGCTTTGTGGGCTTTTTTTTCTTTCTTTTTAAGTTTACAGGTTGTTTTACTACCTTTCTCTGGGAAGTATGTATGTTTCACTTCAGACACATCAAAAGCCAATGTAGAGTGTTTTATGGTCTCCAAA,3b14645fe9a07d2d8b31768ed1cb9519ef6e17d60c171a758ce7803be7c18573,0.0655385901095618,0.0847629751265901,0.197138192986521,-356.27705769753084,-347.852409925079,-358.0588133097626,-346.9585325210355,2.675633016275242,-1.0,-0.0847629751265901,0.0,2,0.17909040637155452,0.17490732828716207,0.146091925319964,0.11425622383812949,1.0
chr13:43571021:A:G;chr13:43571070:T:G;var1;middle;OL41|K562|cdb9ab399b22495a,chr13:43571021:A:G;chr13:43571070:T:G;var1;middle;OL41,K562,K562_region_00514,100,149,49,TAAGCAGACAGAATCTTGTTATTCCACCTTCATATTTAAGAGCATCTAACCACTTTATTCTAAACAAGGAGACAGAGGCTTAGAGAAGCCAAATGACTCACCAGCACTGCGCACAAACTAGTGGCATAGCTGGAACATAAATTTAAGTTGTCCGAGCCCCAAGTGTAGCTTTTCATATTTTGGAAGATGATTGTGACAAA,27a9b61b000122ce105ca607fc2fd103f6bfceff75389a33d5b48f0a26b4f88e,0.0,TAAGCAGACAGAATCTTGTTATTCCACCTTCATATTTAAGAGCATCTAACCACTTTATTCTAAACAAGGAGACAGAGGCTTAGAGAAGCCAAATGACTCGCCAGCACTGCGCACAAACTAGTGGCATAGCTGGAACATAAATTTAAGTTGTCCGAGCCCCAAGTGTAGCTTTTCATATTTTGGAAGATGATTGTGACAAA,4a754f540ed759f12a9055873fddf33822470bdc6488a0f4f0ccceee966dd11c,-0.153815746324544,TAAGCAGACAGAATCTTGTTATTCCACCTTCATATTTAAGAGCATCTAACCACTTTATTCTAAACAAGGAGACAGAGGCTTAGAGAAGCCAAATGACTCACCAGCACTGCGCACAAACTAGTGGCATAGCTGGAACATAAATTTAAGTGGTCCGAGCCCCAAGTGTAGCTTTTCATATTTTGGAAGATGATTGTGACAAA,fe9aec2ebfccaef32e73b3ff8ed28bf0992212556cbee80c61115910008b82e6,-0.302067191492356,TAAGCAGACAGAATCTTGTTATTCCACCTTCATATTTAAGAGCATCTAACCACTTTATTCTAAACAAGGAGACAGAGGCTTAGAGAAGCCAAATGACTCGCCAGCACTGCGCACAAACTAGTGGCATAGCTGGAACATAAATTTAAGTGGTCCGAGCCCCAAGTGTAGCTTTTCATATTTTGGAAGATGATTGTGACAAA,cdb9ab399b22495a09c43be5dd7b6fcd14fb487e5ed29b19c08e4b44421213e6,-0.322946940705018,-0.132935997111882,0.345370815969519,-289.703770654276,-271.4456721451133,-322.6359919132665,-305.9728293372318,1.5949359331279993,1.0,-0.132935997111882,0.0,4,0.1781761079249352,0.17620727786206916,0.145609630836647,0.20341335022672744,1.0
chr13:43597865:A:G;chr13:43597932:C:G;var1;middle;OL41|K562|cea72269dcd68035,chr13:43597865:A:G;chr13:43597932:C:G;var1;middle;OL41,K562,K562_region_00515,100,167,67,GCTGCCCGTGGTGTCATCGCTCCAGTTGGCGAGAGTTTGCGCTACGCTGAGTACTTGCAGCCCTCGGCCAAACGGCCAGACGCCGACGTCGACCAGCAGAGACTGGTGAGTCCTGCCAGCGGCCCCCACCCCTCTCTGGCTCCCTTGTAGTTTCTGCTTCAGCCCCCTCTACCGCCTCACCCTTGAACCTTTGTACTCCC,10ce30a28e91ad3cdee369520156f22706ce8f25367231ceb893123eff3bde9a,0.0,GCTGCCCGTGGTGTCATCGCTCCAGTTGGCGAGAGTTTGCGCTACGCTGAGTACTTGCAGCCCTCGGCCAAACGGCCAGACGCCGACGTCGACCAGCAGGGACTGGTGAGTCCTGCCAGCGGCCCCCACCCCTCTCTGGCTCCCTTGTAGTTTCTGCTTCAGCCCCCTCTACCGCCTCACCCTTGAACCTTTGTACTCCC,016046fb9bc6627e0319c68e5a2834cb721d73b030000090af520a33e16b90a6,0.514333040430238,GCTGCCCGTGGTGTCATCGCTCCAGTTGGCGAGAGTTTGCGCTACGCTGAGTACTTGCAGCCCTCGGCCAAACGGCCAGACGCCGACGTCGACCAGCAGAGACTGGTGAGTCCTGCCAGCGGCCCCCACCCCTCTCTGGCTCCCTTGTAGTTTCTGCTTCAGCCCCGTCTACCGCCTCACCCTTGAACCTTTGTACTCCC,1411684fe46d659778d5df39ce618a2dc490e993794b8b94900866eaabe1b0a5,-0.199999779397088,GCTGCCCGTGGTGTCATCGCTCCAGTTGGCGAGAGTTTGCGCTACGCTGAGTACTTGCAGCCCTCGGCCAAACGGCCAGACGCCGACGTCGACCAGCAGGGACTGGTGAGTCCTGCCAGCGGCCCCCACCCCTCTCTGGCTCCCTTGTAGTTTCTGCTTCAGCCCCGTCTACCGCCTCACCCTTGAACCTTTGTACTCCC,cea72269dcd6803547dd1d407a77c14f6016d6530edc0bf963a453f0496e73d1,0.166869803475076,-0.1474634575580739,0.400820050843429,-339.9322101986036,-355.0397351118736,-330.63427548110485,-337.76672918815166,7.975071206223163,-1.0,0.1474634575580739,0.0,3,0.1975362678087905,0.18106719778262317,0.1474303780702046,0.04536329860362334,1.0
chr13:43597980:G:A;chr13:43597995:G:T;var1;middle;OL41|K562|834bc1aaff1ee59d,chr13:43597980:G:A;chr13:43597995:G:T;var1;middle;OL41,K562,K562_region_00515,100,115,15,CCAGCGGCCCCCACCCCTCTCTGGCTCCCTTGTAGTTTCTGCTTCAGCCCCCTCTACCGCCTCACCCTTGAACCTTTGTACTCCCCCGCATTCGCTCACGGTCTGTGCCCTAGCGCTCACTTGTTCAGTGGAGAGACCGCTTTGTGCTGGGCTTTGACGCCTGGGCGTGGAAGACGGAGCAGTTCTGAGGATCTGTCTCC,878cfc9469eced308d8271c6ab196310e5d53c20a71fdb3ea3231d7891c804f7,0.0,CCAGCGGCCCCCACCCCTCTCTGGCTCCCTTGTAGTTTCTGCTTCAGCCCCCTCTACCGCCTCACCCTTGAACCTTTGTACTCCCCCGCATTCGCTCACAGTCTGTGCCCTAGCGCTCACTTGTTCAGTGGAGAGACCGCTTTGTGCTGGGCTTTGACGCCTGGGCGTGGAAGACGGAGCAGTTCTGAGGATCTGTCTCC,8fb419a89acf26629250a9c6ee73204260b1fd75a7353af9784bb89db422a10e,-0.0324520911918267,CCAGCGGCCCCCACCCCTCTCTGGCTCCCTTGTAGTTTCTGCTTCAGCCCCCTCTACCGCCTCACCCTTGAACCTTTGTACTCCCCCGCATTCGCTCACGGTCTGTGCCCTAGCTCTCACTTGTTCAGTGGAGAGACCGCTTTGTGCTGGGCTTTGACGCCTGGGCGTGGAAGACGGAGCAGTTCTGAGGATCTGTCTCC,c2557ab9b56ed5bc33833fe65523483b163842dde93616cd6199308556ada79d,-0.204243748423995,CCAGCGGCCCCCACCCCTCTCTGGCTCCCTTGTAGTTTCTGCTTCAGCCCCCTCTACCGCCTCACCCTTGAACCTTTGTACTCCCCCGCATTCGCTCACAGTCTGTGCCCTAGCTCTCACTTGTTCAGTGGAGAGACCGCTTTGTGCTGGGCTTTGACGCCTGGGCGTGGAAGACGGAGCAGTTCTGAGGATCTGTCTCC,834bc1aaff1ee59d7f619a09cd0e08675725ce43b29bb00cf8541357e1ccecba,-0.532181154660885,0.2954853150450632,0.535573032968016,-408.34317393787205,-401.78825693205,-419.78590284474194,-410.5666710268706,-2.6643148120492697,1.0,0.2954853150450632,0.0,3,0.17610657170096913,0.18106719778262317,0.1474303780702046,0.09852142230745398,1.0
chr13:46672870:A:T;chr13:46672874:C:A;var1;middle;OL41|K562|77c35c8fc96c3f4c,chr13:46672870:A:T;chr13:46672874:C:A;var1;middle;OL41,K562,K562_region_00516,100,104,4,GCTGTGCTGCCCAACATGATGCCTCCTCCAAGGTACAATCCACACCCAGTGACTAATAAACAGGGGTTACAAAGGCATGCCTGCTTGCCCCAGTTTGGGACAACTTTACCAGGCCAACCCAGCCTCAAGGCTCTCCACAGGAACAGGTGAGGCCATAGTTGTGATTACATCACAGGTCAGTTTCTCCTCTGCCCAAGCCT,20986d5f01fb1650b9402c095056f38c3e665f4d5b5ebddc84fa1e90d8b05b8a,0.0,GCTGTGCTGCCCAACATGATGCCTCCTCCAAGGTACAATCCACACCCAGTGACTAATAAACAGGGGTTACAAAGGCATGCCTGCTTGCCCCAGTTTGGGTCAACTTTACCAGGCCAACCCAGCCTCAAGGCTCTCCACAGGAACAGGTGAGGCCATAGTTGTGATTACATCACAGGTCAGTTTCTCCTCTGCCCAAGCCT,45687268dbcecabd21c111f5445e3cf6fd84f21b39141bf5b3e3a2bfc92214fe,-0.369983584996832,GCTGTGCTGCCCAACATGATGCCTCCTCCAAGGTACAATCCACACCCAGTGACTAATAAACAGGGGTTACAAAGGCATGCCTGCTTGCCCCAGTTTGGGACAAATTTACCAGGCCAACCCAGCCTCAAGGCTCTCCACAGGAACAGGTGAGGCCATAGTTGTGATTACATCACAGGTCAGTTTCTCCTCTGCCCAAGCCT,33ae29b5c41194af0fba6beae03e3f595a2b900bd25c36d71b4c3d73eb6b9ac9,-0.0100617003328595,GCTGTGCTGCCCAACATGATGCCTCCTCCAAGGTACAATCCACACCCAGTGACTAATAAACAGGGGTTACAAAGGCATGCCTGCTTGCCCCAGTTTGGGTCAAATTTACCAGGCCAACCCAGCCTCAAGGCTCTCCACAGGAACAGGTGAGGCCATAGTTGTGATTACATCACAGGTCAGTTTCTCCTCTGCCCAAGCCT,77c35c8fc96c3f4c1daedaf95a2d87880f41c0176ba3184a30e47f1de3439f81,-0.474355745949948,0.0943104606202565,0.652068618383914,-293.4623044170439,-272.6805102676153,-295.1385338557884,-284.5623666718602,10.205626965500414,1.0,0.0943104606202565,0.0,1,0.1927487714412243,0.18216460459877223,0.1501433469024087,0.17680376357016922,1.0
chr13:46672870:A:T;chr13:46672921:G:C;var1;middle;OL41|K562|d33e66e5c77d57b3,chr13:46672870:A:T;chr13:46672921:G:C;var1;middle;OL41,K562,K562_region_00516,100,151,51,GCTGTGCTGCCCAACATGATGCCTCCTCCAAGGTACAATCCACACCCAGTGACTAATAAACAGGGGTTACAAAGGCATGCCTGCTTGCCCCAGTTTGGGACAACTTTACCAGGCCAACCCAGCCTCAAGGCTCTCCACAGGAACAGGTGAGGCCATAGTTGTGATTACATCACAGGTCAGTTTCTCCTCTGCCCAAGCCT,20986d5f01fb1650b9402c095056f38c3e665f4d5b5ebddc84fa1e90d8b05b8a,0.0,GCTGTGCTGCCCAACATGATGCCTCCTCCAAGGTACAATCCACACCCAGTGACTAATAAACAGGGGTTACAAAGGCATGCCTGCTTGCCCCAGTTTGGGTCAACTTTACCAGGCCAACCCAGCCTCAAGGCTCTCCACAGGAACAGGTGAGGCCATAGTTGTGATTACATCACAGGTCAGTTTCTCCTCTGCCCAAGCCT,45687268dbcecabd21c111f5445e3cf6fd84f21b39141bf5b3e3a2bfc92214fe,-0.367859621560106,GCTGTGCTGCCCAACATGATGCCTCCTCCAAGGTACAATCCACACCCAGTGACTAATAAACAGGGGTTACAAAGGCATGCCTGCTTGCCCCAGTTTGGGACAACTTTACCAGGCCAACCCAGCCTCAAGGCTCTCCACAGGAACAGGTGACGCCATAGTTGTGATTACATCACAGGTCAGTTTCTCCTCTGCCCAAGCCT,ac59ffaa592478aee0a986dccb9e0d107ace14d7dadbc340ef42125cf57fdba4,0.881071722262172,GCTGTGCTGCCCAACATGATGCCTCCTCCAAGGTACAATCCACACCCAGTGACTAATAAACAGGGGTTACAAAGGCATGCCTGCTTGCCCCAGTTTGGGTCAACTTTACCAGGCCAACCCAGCCTCAAGGCTCTCCACAGGAACAGGTGACGCCATAGTTGTGATTACATCACAGGTCAGTTTCTCCTCTGCCCAAGCCT,d33e66e5c77d57b3d90c041c35f8df8ec76c00e509b4328944c200f9c33ed892,1.10056393965536,0.5873518389532939,0.384826991225251,-293.4623044170439,-272.6805102676153,-256.62888760864735,-254.5017961487174,-18.654702689498663,-1.0,-0.5873518389532939,0.0,1,0.16338512140241784,0.18216460459877223,0.1501433469024087,0.18656406036205658,1.0
chr13:46672874:C:A;chr13:46672921:G:C;var1;middle;OL41|K562|c3d7428b0d414f17,chr13:46672874:C:A;chr13:46672921:G:C;var1;middle;OL41,K562,K562_region_00516,100,147,47,TGCTGCCCAACATGATGCCTCCTCCAAGGTACAATCCACACCCAGTGACTAATAAACAGGGGTTACAAAGGCATGCCTGCTTGCCCCAGTTTGGGACAACTTTACCAGGCCAACCCAGCCTCAAGGCTCTCCACAGGAACAGGTGAGGCCATAGTTGTGATTACATCACAGGTCAGTTTCTCCTCTGCCCAAGCCTTCTT,7e0d3de39c6b67f77750864b9df5ba29b90b1e0b2bfad927993fbfaed03d1199,0.0,TGCTGCCCAACATGATGCCTCCTCCAAGGTACAATCCACACCCAGTGACTAATAAACAGGGGTTACAAAGGCATGCCTGCTTGCCCCAGTTTGGGACAAATTTACCAGGCCAACCCAGCCTCAAGGCTCTCCACAGGAACAGGTGAGGCCATAGTTGTGATTACATCACAGGTCAGTTTCTCCTCTGCCCAAGCCTTCTT,8e60f2e41b51a1d18fbf44c4dd6e1bfbf2bdde6965b9c2af85df34f2b99fafb0,-0.669122589177754,TGCTGCCCAACATGATGCCTCCTCCAAGGTACAATCCACACCCAGTGACTAATAAACAGGGGTTACAAAGGCATGCCTGCTTGCCCCAGTTTGGGACAACTTTACCAGGCCAACCCAGCCTCAAGGCTCTCCACAGGAACAGGTGACGCCATAGTTGTGATTACATCACAGGTCAGTTTCTCCTCTGCCCAAGCCTTCTT,fe60a05a858c70479c61cbf8006f820f59db876ef9ebe1e6fe58c71410487b8c,1.03152447324982,TGCTGCCCAACATGATGCCTCCTCCAAGGTACAATCCACACCCAGTGACTAATAAACAGGGGTTACAAAGGCATGCCTGCTTGCCCCAGTTTGGGACAAATTTACCAGGCCAACCCAGCCTCAAGGCTCTCCACAGGAACAGGTGACGCCATAGTTGTGATTACATCACAGGTCAGTTTCTCCTCTGCCCAAGCCTTCTT,c3d7428b0d414f170d92e097885fc3c6eb235a9431ad3d7133a8dda1a403c5a4,0.362775423930865,0.0003735398587988,0.469184878458048,-329.0123279772233,-336.54170331638306,-345.631468803389,-355.8322706962936,-2.6714265537448796,-1.0,-0.0003735398587988,0.0,1,0.17964714378865854,0.18216460459877223,0.1501433469024087,0.2894956960520414,1.0
chr13:50260002:A:G;chr13:50260029:G:A;var1;middle;OL28|K562|23ac4614f0085273,chr13:50260002:A:G;chr13:50260029:G:A;var1;middle;OL28,K562,K562_region_00517,100,127,27,GGAGGCTGAAGCAGAAGAATTGCTTGAATCTGGGAGGCAGAGGTTGCAGTGAGCCAAGATCACGCTACTGCACTCCAGCCTGGGCGAGAGAGAGAGAGAAAAAAAAAAAAAGGGACAAGAATTAGAGACTGGAATTGTGGCAGTGGGCAGTGAGGAACAGACGGTGATGTGAACTGGAGAAGGGTAATGCCCAGCTTCAG,9ee28f27f35eff7224a64c7089251feceb1a3f51d9e628ba132b87f46ae34802,0.0,GGAGGCTGAAGCAGAAGAATTGCTTGAATCTGGGAGGCAGAGGTTGCAGTGAGCCAAGATCACGCTACTGCACTCCAGCCTGGGCGAGAGAGAGAGAGAGAAAAAAAAAAAGGGACAAGAATTAGAGACTGGAATTGTGGCAGTGGGCAGTGAGGAACAGACGGTGATGTGAACTGGAGAAGGGTAATGCCCAGCTTCAG,d27049b5f51fd40435171831074606ee336095452609ca95eb3a06ad559f5a5b,-0.0454571440483266,GGAGGCTGAAGCAGAAGAATTGCTTGAATCTGGGAGGCAGAGGTTGCAGTGAGCCAAGATCACGCTACTGCACTCCAGCCTGGGCGAGAGAGAGAGAGAAAAAAAAAAAAAGGGACAAGAATTAGAAACTGGAATTGTGGCAGTGGGCAGTGAGGAACAGACGGTGATGTGAACTGGAGAAGGGTAATGCCCAGCTTCAG,a7d4f9769a1cb92bc2c183cab243e5099095be242be7e644b0bea27fc7425c71,-0.100937921004219,GGAGGCTGAAGCAGAAGAATTGCTTGAATCTGGGAGGCAGAGGTTGCAGTGAGCCAAGATCACGCTACTGCACTCCAGCCTGGGCGAGAGAGAGAGAGAGAAAAAAAAAAAGGGACAAGAATTAGAAACTGGAATTGTGGCAGTGGGCAGTGAGGAACAGACGGTGATGTGAACTGGAGAAGGGTAATGCCCAGCTTCAG,23ac4614f008527322e0434185ad14b5a8a9ceb621604fb77e1beb70a386a9f5,-0.230127053250514,0.0837319881979684,0.184067353926859,-162.41069949045777,-161.16720700450242,-169.7610364118591,-168.88699019141495,0.36944626551121473,1.0,0.0837319881979684,0.0,1,0.1827410490331431,0.18216460459877223,0.1501433469024087,0.06920101605359566,1.0
chr13:50265225:C:T;chr13:50265228:C:A;var1;middle;OL41|K562|96d3bb5537807c5c,chr13:50265225:C:T;chr13:50265228:C:A;var1;middle;OL41,K562,K562_region_00518,100,103,3,AACTAACATAGCACGTACAGAATTTTTTTAAAGTTTGGTGGAGGAATCGGCAGCACAAGGTAAGCTGCGCTCTGTTCACAGACCTGGGAATCAGAACTCCGGCCGCCGCGGCCTCCAGGCGCCTCTCAGCTAACAGACTTCCTGCAGCAGGGGGAGGGGCGGCCAGCTCGCTGCAAAAAGCCGCAGGACCCCCTCACCCC,5b65e1f9b97f424018ed7d235dc6569a778a75bd46696adfd2b9b5fb912fb247,0.0,AACTAACATAGCACGTACAGAATTTTTTTAAAGTTTGGTGGAGGAATCGGCAGCACAAGGTAAGCTGCGCTCTGTTCACAGACCTGGGAATCAGAACTCTGGCCGCCGCGGCCTCCAGGCGCCTCTCAGCTAACAGACTTCCTGCAGCAGGGGGAGGGGCGGCCAGCTCGCTGCAAAAAGCCGCAGGACCCCCTCACCCC,c2254d01820e13c08ef29125e734648db2d75c86f10cb26d9e2113436b1f5ab4,0.306632981992585,AACTAACATAGCACGTACAGAATTTTTTTAAAGTTTGGTGGAGGAATCGGCAGCACAAGGTAAGCTGCGCTCTGTTCACAGACCTGGGAATCAGAACTCCGGACGCCGCGGCCTCCAGGCGCCTCTCAGCTAACAGACTTCCTGCAGCAGGGGGAGGGGCGGCCAGCTCGCTGCAAAAAGCCGCAGGACCCCCTCACCCC,6e776b277b0e4291928d9db398b49fb0a24f79b90e3aceb7e9be3aedea2118cf,-0.487611673631353,AACTAACATAGCACGTACAGAATTTTTTTAAAGTTTGGTGGAGGAATCGGCAGCACAAGGTAAGCTGCGCTCTGTTCACAGACCTGGGAATCAGAACTCTGGACGCCGCGGCCTCCAGGCGCCTCTCAGCTAACAGACTTCCTGCAGCAGGGGGAGGGGCGGCCAGCTCGCTGCAAAAAGCCGCAGGACCCCCTCACCCC,96d3bb5537807c5c6e3172f503d5aec82163ccba23f1b20753160475bbdf0859,-0.449410181137984,-0.2684314894992159,0.358405003660061,-351.6725530863041,-350.3464452648768,-354.9862197348848,-351.4160968894139,2.2440150240436196,-1.0,0.2684314894992159,0.0,0,0.188658240952482,0.18565657667894103,0.15145376406925343,0.26944353024417445,1.0
chr13:50265225:C:T;chr13:50265238:C:T;var1;middle;OL41|K562|ee4e495d2de52e35,chr13:50265225:C:T;chr13:50265238:C:T;var1;middle;OL41,K562,K562_region_00518,100,113,13,AACTAACATAGCACGTACAGAATTTTTTTAAAGTTTGGTGGAGGAATCGGCAGCACAAGGTAAGCTGCGCTCTGTTCACAGACCTGGGAATCAGAACTCCGGCCGCCGCGGCCTCCAGGCGCCTCTCAGCTAACAGACTTCCTGCAGCAGGGGGAGGGGCGGCCAGCTCGCTGCAAAAAGCCGCAGGACCCCCTCACCCC,5b65e1f9b97f424018ed7d235dc6569a778a75bd46696adfd2b9b5fb912fb247,0.0,AACTAACATAGCACGTACAGAATTTTTTTAAAGTTTGGTGGAGGAATCGGCAGCACAAGGTAAGCTGCGCTCTGTTCACAGACCTGGGAATCAGAACTCTGGCCGCCGCGGCCTCCAGGCGCCTCTCAGCTAACAGACTTCCTGCAGCAGGGGGAGGGGCGGCCAGCTCGCTGCAAAAAGCCGCAGGACCCCCTCACCCC,c2254d01820e13c08ef29125e734648db2d75c86f10cb26d9e2113436b1f5ab4,0.306532709591319,AACTAACATAGCACGTACAGAATTTTTTTAAAGTTTGGTGGAGGAATCGGCAGCACAAGGTAAGCTGCGCTCTGTTCACAGACCTGGGAATCAGAACTCCGGCCGCCGCGGCTTCCAGGCGCCTCTCAGCTAACAGACTTCCTGCAGCAGGGGGAGGGGCGGCCAGCTCGCTGCAAAAAGCCGCAGGACCCCCTCACCCC,c3baaa1680d8fbb91fd35bdef312d5ff7a9ac6d9524934f8384c7bdc6d229a76,0.114218338804031,AACTAACATAGCACGTACAGAATTTTTTTAAAGTTTGGTGGAGGAATCGGCAGCACAAGGTAAGCTGCGCTCTGTTCACAGACCTGGGAATCAGAACTCTGGCCGCCGCGGCTTCCAGGCGCCTCTCAGCTAACAGACTTCCTGCAGCAGGGGGAGGGGCGGCCAGCTCGCTGCAAAAAGCCGCAGGACCCCCTCACCCC,ee4e495d2de52e35282c20c1e3bfc336bb0645b0dd284b66199f19c82c7e8a67,-0.251632789052099,0.672383837447449,0.323311332081925,-351.6725530863041,-350.3464452648768,-357.30494706053287,-358.0437584593892,2.0649192202836275,1.0,0.672383837447449,0.0,0,0.18842821237905383,0.18565657667894103,0.15145376406925343,0.27090759550993615,1.0
chr13:50265228:C:A;chr13:50265238:C:T;var1;middle;OL41|K562|a16e26feab4b9dad,chr13:50265228:C:A;chr13:50265238:C:T;var1;middle;OL41,K562,K562_region_00518,100,110,10,TAACATAGCACGTACAGAATTTTTTTAAAGTTTGGTGGAGGAATCGGCAGCACAAGGTAAGCTGCGCTCTGTTCACAGACCTGGGAATCAGAACTCCGGCCGCCGCGGCCTCCAGGCGCCTCTCAGCTAACAGACTTCCTGCAGCAGGGGGAGGGGCGGCCAGCTCGCTGCAAAAAGCCGCAGGACCCCCTCACCCCGCC,ca4d6ebf3eb77614a8ea4e5bafa441f4580457a5cd5ac1688e31a78cf737dbcc,0.0,TAACATAGCACGTACAGAATTTTTTTAAAGTTTGGTGGAGGAATCGGCAGCACAAGGTAAGCTGCGCTCTGTTCACAGACCTGGGAATCAGAACTCCGGACGCCGCGGCCTCCAGGCGCCTCTCAGCTAACAGACTTCCTGCAGCAGGGGGAGGGGCGGCCAGCTCGCTGCAAAAAGCCGCAGGACCCCCTCACCCCGCC,515fa1c8241d681675e3ac045c6c85e2b59accff3138a853ef70038f9fe6b919,0.165469938940434,TAACATAGCACGTACAGAATTTTTTTAAAGTTTGGTGGAGGAATCGGCAGCACAAGGTAAGCTGCGCTCTGTTCACAGACCTGGGAATCAGAACTCCGGCCGCCGCGGCTTCCAGGCGCCTCTCAGCTAACAGACTTCCTGCAGCAGGGGGAGGGGCGGCCAGCTCGCTGCAAAAAGCCGCAGGACCCCCTCACCCCGCC,cdf40408aede43308a0a401af58a668c19d80fe225d2f3b163c07d14125101e2,0.229659879864338,TAACATAGCACGTACAGAATTTTTTTAAAGTTTGGTGGAGGAATCGGCAGCACAAGGTAAGCTGCGCTCTGTTCACAGACCTGGGAATCAGAACTCCGGACGCCGCGGCTTCCAGGCGCCTCTCAGCTAACAGACTTCCTGCAGCAGGGGGAGGGGCGGCCAGCTCGCTGCAAAAAGCCGCAGGACCCCCTCACCCCGCC,a16e26feab4b9dad83c60bb11aeb2d40a0d4f2bed430c5de9907dcadcc3b19f0,0.177950678282482,0.2171791405222899,0.231323428460239,-340.4807632432785,-343.75956566398963,-344.1199160707183,-346.0054690018296,-1.3932494895998389,1.0,0.2171791405222899,0.0,0,0.18398658059144105,0.18565657667894103,0.15145376406925343,0.27358917337020905,1.0
chr13:50703650:C:G;chr13:50703703:C:G;var1;middle;OL29|K562|8ad63d3a4d22191e,chr13:50703650:C:G;chr13:50703703:C:G;var1;middle;OL29,K562,K562_region_00519,100,153,53,ATTTAGAGTCCAATTTGGAAACAGATCCGTGCCTTTCTCGGTGAAATGGGAAGTTGCCTAAACGATGCATCTGGCTTTAGATTTTATGGGGAATATGATCTGGAAAAGGGAACGCCTGTTTCAGCTGGGGCAACACGCCCCGCGCGGGTCCCCTGGGGCTTCTCCTGCAAACAACGCGCGGGATCTCGACCCGCAGGGCC,5a895401169e6dfea1fd105ef57670ae45c7ba30989855279d2bebd06a5ae019,0.0,ATTTAGAGTCCAATTTGGAAACAGATCCGTGCCTTTCTCGGTGAAATGGGAAGTTGCCTAAACGATGCATCTGGCTTTAGATTTTATGGGGAATATGATGTGGAAAAGGGAACGCCTGTTTCAGCTGGGGCAACACGCCCCGCGCGGGTCCCCTGGGGCTTCTCCTGCAAACAACGCGCGGGATCTCGACCCGCAGGGCC,bd8ecd9f0b7b6ed5c4dc33dd1d9c6d5c37b92cf8e1547d380ce815e3eec5e853,0.0707690666746215,ATTTAGAGTCCAATTTGGAAACAGATCCGTGCCTTTCTCGGTGAAATGGGAAGTTGCCTAAACGATGCATCTGGCTTTAGATTTTATGGGGAATATGATCTGGAAAAGGGAACGCCTGTTTCAGCTGGGGCAACACGCCCCGCGCGGGTCCCGTGGGGCTTCTCCTGCAAACAACGCGCGGGATCTCGACCCGCAGGGCC,de2c0ae007e465b1b173a1cacbae440f6460ebd9ab8c2bd0155f14735bd6a1af,-0.122361972605834,ATTTAGAGTCCAATTTGGAAACAGATCCGTGCCTTTCTCGGTGAAATGGGAAGTTGCCTAAACGATGCATCTGGCTTTAGATTTTATGGGGAATATGATGTGGAAAAGGGAACGCCTGTTTCAGCTGGGGCAACACGCCCCGCGCGGGTCCCGTGGGGCTTCTCCTGCAAACAACGCGCGGGATCTCGACCCGCAGGGCC,8ad63d3a4d22191eb04313660e4a02641e6dfd39ca120664feb083ac78ae872c,-0.163631022235203,0.1120381163039905,0.0921635032732742,-388.452974538377,-384.7390551160788,-394.1404850714025,-392.645183874818,2.2186182257136693,1.0,0.1120381163039905,0.0,1,0.184622470311072,0.18216460459877223,0.1501433469024087,0.08123981116784146,1.0
chr13:51290025:T:C;chr13:51290029:T:G;var1;middle;OL41|K562|64729789366364d5,chr13:51290025:T:C;chr13:51290029:T:G;var1;middle;OL41,K562,K562_region_00520,100,104,4,AATGCTACCAAATCACAACCTTGCCTTTCCTCCCTACTGCTGTTCTGATGTGGGAGGACCCAAAGGCAGCAGAAGAGCCAAAGAAGAGTAGCAGAAAGGTAAGTTTGGCTGTCATGCCCTGGCACACCTTGCTGCTACCCTGCAGCTCCCTGCCACCTGGCCATGCACTGCTTCCCCTCCACACCCTGCTGAGGCAGGTC,3cdacb89b5699fd613a053b85b917b93bc317a518543e83ebb79cd77de699dc3,0.0,AATGCTACCAAATCACAACCTTGCCTTTCCTCCCTACTGCTGTTCTGATGTGGGAGGACCCAAAGGCAGCAGAAGAGCCAAAGAAGAGTAGCAGAAAGGCAAGTTTGGCTGTCATGCCCTGGCACACCTTGCTGCTACCCTGCAGCTCCCTGCCACCTGGCCATGCACTGCTTCCCCTCCACACCCTGCTGAGGCAGGTC,19a754440cea4526963e403d022998a75dc52e9a7c8074c0e12cd5efd954edff,0.536493263107512,AATGCTACCAAATCACAACCTTGCCTTTCCTCCCTACTGCTGTTCTGATGTGGGAGGACCCAAAGGCAGCAGAAGAGCCAAAGAAGAGTAGCAGAAAGGTAAGGTTGGCTGTCATGCCCTGGCACACCTTGCTGCTACCCTGCAGCTCCCTGCCACCTGGCCATGCACTGCTTCCCCTCCACACCCTGCTGAGGCAGGTC,2da4772816e4ab33563d1ed593f0bff0bbc522af4a7a3b1296bea94cef7c47be,0.236783949567006,AATGCTACCAAATCACAACCTTGCCTTTCCTCCCTACTGCTGTTCTGATGTGGGAGGACCCAAAGGCAGCAGAAGAGCCAAAGAAGAGTAGCAGAAAGGCAAGGTTGGCTGTCATGCCCTGGCACACCTTGCTGCTACCCTGCAGCTCCCTGCCACCTGGCCATGCACTGCTTCCCCTCCACACCCTGCTGAGGCAGGTC,64729789366364d5fae21efef733f5a56f869bda3ae211deb2d4a1052d2a136a,0.062044036700343,0.711233175974175,0.58794494157632,-277.4497295622714,-275.9061945020221,-272.3327570259571,-271.7147305798717,0.9255086141638458,1.0,0.711233175974175,0.0,2,0.17654208374134034,0.17490732828716207,0.146091925319964,0.17275443532597576,1.0
chr13:51384608:G:A;chr13:51384616:C:T;var1;middle;OL27|K562|ce464019d66f9c7b,chr13:51384608:G:A;chr13:51384616:C:T;var1;middle;OL27,K562,K562_region_00521,100,108,8,TTAATTTTACAAAGAAAGGTCATCTAAACAAAACAATATGTTTCTACCATCTATTATTACCTTTGCTTTCTATAAGATATGAATGTTTTAATACCAAAAGGGAAAGGCAAGAAAAGCAAGGATAAAAGCCTCAAAATAAAGGATAAAGCCCAATCCTTCTCATTTAGCTATTGAAAGTTGAAGACTATATCAGTAAGTGG,c132a0404842a512648969f45696fc0bbf8fb083823650604f609528e7211b35,0.0,TTAATTTTACAAAGAAAGGTCATCTAAACAAAACAATATGTTTCTACCATCTATTATTACCTTTGCTTTCTATAAGATATGAATGTTTTAATACCAAAAAGGAAAGGCAAGAAAAGCAAGGATAAAAGCCTCAAAATAAAGGATAAAGCCCAATCCTTCTCATTTAGCTATTGAAAGTTGAAGACTATATCAGTAAGTGG,9109ad52dbee18a71b3a9534a1c3b40e0335f2079ac54528faaed55554fdaa6d,-0.019043485028966,TTAATTTTACAAAGAAAGGTCATCTAAACAAAACAATATGTTTCTACCATCTATTATTACCTTTGCTTTCTATAAGATATGAATGTTTTAATACCAAAAGGGAAAGGTAAGAAAAGCAAGGATAAAAGCCTCAAAATAAAGGATAAAGCCCAATCCTTCTCATTTAGCTATTGAAAGTTGAAGACTATATCAGTAAGTGG,444970ca79ae288882e6609a70f042a81db3eaac54e867ebe64e4a1cb170964c,0.0575305734988081,TTAATTTTACAAAGAAAGGTCATCTAAACAAAACAATATGTTTCTACCATCTATTATTACCTTTGCTTTCTATAAGATATGAATGTTTTAATACCAAAAAGGAAAGGTAAGAAAAGCAAGGATAAAAGCCTCAAAATAAAGGATAAAGCCCAATCCTTCTCATTTAGCTATTGAAAGTTGAAGACTATATCAGTAAGTGG,ce464019d66f9c7b10060bbe3d0820322dc139006eda5eac3535b2da44d4f103,-0.0019701847405785,-0.0404572732104206,0.265971913264801,-289.18398466473445,-291.2048792904243,-282.46530660567805,-289.5698336837813,-5.08363245241344,-1.0,0.0404572732104206,0.0,0,0.17924669551028494,0.18565657667894103,0.15145376406925343,0.14792985313205467,1.0
chr13:51638146:A:G;chr13:51638170:T:C;var1;middle;OL41|K562|cca1b30bef8dbabd,chr13:51638146:A:G;chr13:51638170:T:C;var1;middle;OL41,K562,K562_region_00522,100,124,24,CACCCTAGCCTGGCATTCAGAGCACTCTCTAGAACTGTCTTAATTTGTTTCATTTTATCACCTACTCCTGCTGCCTTAGGCTCATCCAAAATGCCTACCACCCTTCCCCAAACAGAGATGTCATTTCTTCAATGGATAGAGTTTCCTCCTTTCTCACCCAGTCAGCCCAGGGCAAGGCCAGGCTCTGAGGCTACTGGGAT,86187009c484ed2c7bb77672aa9408ee25f037edff23236f9e2cf621fc40d8a0,0.0,CACCCTAGCCTGGCATTCAGAGCACTCTCTAGAACTGTCTTAATTTGTTTCATTTTATCACCTACTCCTGCTGCCTTAGGCTCATCCAAAATGCCTACCGCCCTTCCCCAAACAGAGATGTCATTTCTTCAATGGATAGAGTTTCCTCCTTTCTCACCCAGTCAGCCCAGGGCAAGGCCAGGCTCTGAGGCTACTGGGAT,bc277ce429df27e0d2ac1b7300d29ce7787bb4734f55e854a6b2eef4201b39c1,-0.0973202559061137,CACCCTAGCCTGGCATTCAGAGCACTCTCTAGAACTGTCTTAATTTGTTTCATTTTATCACCTACTCCTGCTGCCTTAGGCTCATCCAAAATGCCTACCACCCTTCCCCAAACAGAGATGTCACTTCTTCAATGGATAGAGTTTCCTCCTTTCTCACCCAGTCAGCCCAGGGCAAGGCCAGGCTCTGAGGCTACTGGGAT,eb2974d13273d6078ba59ccce458ec5fd444cad1c4e1a935622c227ff60386e2,-0.250722964111914,CACCCTAGCCTGGCATTCAGAGCACTCTCTAGAACTGTCTTAATTTGTTTCATTTTATCACCTACTCCTGCTGCCTTAGGCTCATCCAAAATGCCTACCGCCCTTCCCCAAACAGAGATGTCACTTCTTCAATGGATAGAGTTTCCTCCTTTCTCACCCAGTCAGCCCAGGGCAAGGCCAGGCTCTGAGGCTACTGGGAT,cca1b30bef8dbabd3be20cbb490c24f7f673e4d305f36cf408e2a7fac4e3dcf3,-0.270183629795573,-0.0778595902224547,0.394404673534137,-271.17251997068524,-276.82654739171267,-271.1669209264219,-278.0898793749511,1.2689310275018215,1.0,-0.0778595902224547,0.0,1,0.183656220692028,0.18216460459877223,0.1501433469024087,0.3461263755457952,1.0
chr13:71236607:T:A;chr13:71236611:T:A;var1;middle;OL27|K562|f47248631c2f3157,chr13:71236607:T:A;chr13:71236611:T:A;var1;middle;OL27,K562,K562_region_00523,100,104,4,GAAAATATAAACCACAAACCCTTTTTAAAAACTATGTACAGACAAACAACTTTTTCTTCACCTTTGAAAATGTTGGAACTAACATTTAAAAGAAAAAAATGGATATTTAAGCAAAATTTTACTTTTGTAAGTGCTTGATAAGAATGTGGTTTTTAACTACCTTGTGAAATTTTAATATGGTTAGGAAGAGCTTTTTTCTA,1620f87b0f383dffcfe453a2943809dcbc9651c19b4b1b5e437c0b3dd4408150,0.0,GAAAATATAAACCACAAACCCTTTTTAAAAACTATGTACAGACAAACAACTTTTTCTTCACCTTTGAAAATGTTGGAACTAACATTTAAAAGAAAAAAAAGGATATTTAAGCAAAATTTTACTTTTGTAAGTGCTTGATAAGAATGTGGTTTTTAACTACCTTGTGAAATTTTAATATGGTTAGGAAGAGCTTTTTTCTA,f82241143a50ffc6a17a4f33c7e71f71548a3e59f47d59e7f144afd6089a2fd7,-0.014274951137373,GAAAATATAAACCACAAACCCTTTTTAAAAACTATGTACAGACAAACAACTTTTTCTTCACCTTTGAAAATGTTGGAACTAACATTTAAAAGAAAAAAATGGAAATTTAAGCAAAATTTTACTTTTGTAAGTGCTTGATAAGAATGTGGTTTTTAACTACCTTGTGAAATTTTAATATGGTTAGGAAGAGCTTTTTTCTA,47b29812a42c11c948c138fccc82a0cf433aefdf89761588d98676b7f62565a0,-0.0711500947961048,GAAAATATAAACCACAAACCCTTTTTAAAAACTATGTACAGACAAACAACTTTTTCTTCACCTTTGAAAATGTTGGAACTAACATTTAAAAGAAAAAAAAGGAAATTTAAGCAAAATTTTACTTTTGTAAGTGCTTGATAAGAATGTGGTTTTTAACTACCTTGTGAAATTTTAATATGGTTAGGAAGAGCTTTTTTCTA,f47248631c2f3157775fccee490c9014bc4b5acbd009182a082485e97d1589d8,-0.0563467052853538,0.029078340648124,0.14645150293318,-291.83236827503424,-272.3124245859217,-265.23635429050773,-258.70760917896405,-12.991198577568866,-1.0,-0.029078340648124,0.0,3,0.15530631307177684,0.18106719778262317,0.1474303780702046,0.18779317119420874,1.0
chr13:74110412:T:G;chr13:74110416:A:G;var1;middle;OL30|K562|01223b315bbbe051,chr13:74110412:T:G;chr13:74110416:A:G;var1;middle;OL30,K562,K562_region_00524,100,104,4,AGCAATTATGACTTCATTGACACAGAGGCACTGTTTCAGGTAAAGCCCTGTTACTATGTTTATAAGACAAACAGCTGAAGTTGCTCATGAAGCTGGAAGTGCCACAGAATCAAATTTTGCATCTGTGTTCACATTACACTAGCCTGTGTAGACAAGGATGGCACTTAAGCTTCTTGCCTTCAGCTGAAGTAAGCCAACCT,fcd29d3f9e2ad10bcbe61802c3ab76349a360cdb4f9453395ccbd373715daad1,0.0,AGCAATTATGACTTCATTGACACAGAGGCACTGTTTCAGGTAAAGCCCTGTTACTATGTTTATAAGACAAACAGCTGAAGTTGCTCATGAAGCTGGAAGGGCCACAGAATCAAATTTTGCATCTGTGTTCACATTACACTAGCCTGTGTAGACAAGGATGGCACTTAAGCTTCTTGCCTTCAGCTGAAGTAAGCCAACCT,38289dbefbca225d744ad8bb3a9e2de2fbc8ca836ed79f61300d9a45c67329a8,-0.1085400663159,AGCAATTATGACTTCATTGACACAGAGGCACTGTTTCAGGTAAAGCCCTGTTACTATGTTTATAAGACAAACAGCTGAAGTTGCTCATGAAGCTGGAAGTGCCGCAGAATCAAATTTTGCATCTGTGTTCACATTACACTAGCCTGTGTAGACAAGGATGGCACTTAAGCTTCTTGCCTTCAGCTGAAGTAAGCCAACCT,e776e83fcd3086a02524125e548b4f2e00d7f02a8eda02af07e23990c586b9d6,0.0359217979782501,AGCAATTATGACTTCATTGACACAGAGGCACTGTTTCAGGTAAAGCCCTGTTACTATGTTTATAAGACAAACAGCTGAAGTTGCTCATGAAGCTGGAAGGGCCGCAGAATCAAATTTTGCATCTGTGTTCACATTACACTAGCCTGTGTAGACAAGGATGGCACTTAAGCTTCTTGCCTTCAGCTGAAGTAAGCCAACCT,01223b315bbbe051ca2e5928a29d108ce9e485a149c16a58a0cac5bbd818d28e,-0.0033434591964417,0.0692748091412082,0.234235967950331,-347.32726651243865,-354.1866602720693,-362.94126280397177,-367.09924020431936,2.70141635928303,-1.0,-0.0692748091412082,0.0,2,0.17912794900360401,0.17490732828716207,0.146091925319964,0.15796685210417577,1.0
chr13:74110412:T:G;chr13:74110458:G:A;var1;middle;OL30|K562|8c6f6676b44582a9,chr13:74110412:T:G;chr13:74110458:G:A;var1;middle;OL30,K562,K562_region_00524,100,146,46,AGCAATTATGACTTCATTGACACAGAGGCACTGTTTCAGGTAAAGCCCTGTTACTATGTTTATAAGACAAACAGCTGAAGTTGCTCATGAAGCTGGAAGTGCCACAGAATCAAATTTTGCATCTGTGTTCACATTACACTAGCCTGTGTAGACAAGGATGGCACTTAAGCTTCTTGCCTTCAGCTGAAGTAAGCCAACCT,fcd29d3f9e2ad10bcbe61802c3ab76349a360cdb4f9453395ccbd373715daad1,0.0,AGCAATTATGACTTCATTGACACAGAGGCACTGTTTCAGGTAAAGCCCTGTTACTATGTTTATAAGACAAACAGCTGAAGTTGCTCATGAAGCTGGAAGGGCCACAGAATCAAATTTTGCATCTGTGTTCACATTACACTAGCCTGTGTAGACAAGGATGGCACTTAAGCTTCTTGCCTTCAGCTGAAGTAAGCCAACCT,38289dbefbca225d744ad8bb3a9e2de2fbc8ca836ed79f61300d9a45c67329a8,-0.108312933576188,AGCAATTATGACTTCATTGACACAGAGGCACTGTTTCAGGTAAAGCCCTGTTACTATGTTTATAAGACAAACAGCTGAAGTTGCTCATGAAGCTGGAAGTGCCACAGAATCAAATTTTGCATCTGTGTTCACATTACACTAGCCTATGTAGACAAGGATGGCACTTAAGCTTCTTGCCTTCAGCTGAAGTAAGCCAACCT,ca27b2f58d07829e88910c0844c23f5f6fb1577eb9350beeb6826b35f379c44d,-0.0577414724311801,AGCAATTATGACTTCATTGACACAGAGGCACTGTTTCAGGTAAAGCCCTGTTACTATGTTTATAAGACAAACAGCTGAAGTTGCTCATGAAGCTGGAAGGGCCACAGAATCAAATTTTGCATCTGTGTTCACATTACACTAGCCTATGTAGACAAGGATGGCACTTAAGCTTCTTGCCTTCAGCTGAAGTAAGCCAACCT,8c6f6676b44582a9df80d1c79ff78efbef2f9fb3cbd8f4b8a48a4d0f55e4ec41,-0.126565672054282,-0.039488733953086,0.249186106458857,-347.32726651243865,-354.1866602720693,-362.2000197023153,-362.2737877913751,-6.785625670570823,1.0,-0.039488733953086,0.0,2,0.16531404876353936,0.17490732828716207,0.146091925319964,0.10026681904190492,1.0
chr13:74110416:A:G;chr13:74110458:G:A;var1;middle;OL30|K562|725d0795ff751ebf,chr13:74110416:A:G;chr13:74110458:G:A;var1;middle;OL30,K562,K562_region_00524,100,142,42,ATTATGACTTCATTGACACAGAGGCACTGTTTCAGGTAAAGCCCTGTTACTATGTTTATAAGACAAACAGCTGAAGTTGCTCATGAAGCTGGAAGTGCCACAGAATCAAATTTTGCATCTGTGTTCACATTACACTAGCCTGTGTAGACAAGGATGGCACTTAAGCTTCTTGCCTTCAGCTGAAGTAAGCCAACCTGGCT,71e874044b79d784b88581c4bb67119403f657bbb837c5b15afa2c2955f66fe3,0.0,ATTATGACTTCATTGACACAGAGGCACTGTTTCAGGTAAAGCCCTGTTACTATGTTTATAAGACAAACAGCTGAAGTTGCTCATGAAGCTGGAAGTGCCGCAGAATCAAATTTTGCATCTGTGTTCACATTACACTAGCCTGTGTAGACAAGGATGGCACTTAAGCTTCTTGCCTTCAGCTGAAGTAAGCCAACCTGGCT,f98b780b417277a53e191e391dbe764079dd2df50462edc3796ccd4b4c17a993,-0.220226738625532,ATTATGACTTCATTGACACAGAGGCACTGTTTCAGGTAAAGCCCTGTTACTATGTTTATAAGACAAACAGCTGAAGTTGCTCATGAAGCTGGAAGTGCCACAGAATCAAATTTTGCATCTGTGTTCACATTACACTAGCCTATGTAGACAAGGATGGCACTTAAGCTTCTTGCCTTCAGCTGAAGTAAGCCAACCTGGCT,9af112db74c2e5d0b0e6276b05bf1b85d9b5d38258b5712e56d255c5997f867d,-0.647023056004874,ATTATGACTTCATTGACACAGAGGCACTGTTTCAGGTAAAGCCCTGTTACTATGTTTATAAGACAAACAGCTGAAGTTGCTCATGAAGCTGGAAGTGCCGCAGAATCAAATTTTGCATCTGTGTTCACATTACACTAGCCTATGTAGACAAGGATGGCACTTAAGCTTCTTGCCTTCAGCTGAAGTAAGCCAACCTGGCT,725d0795ff751ebf47e97e368882f08c9e247e423c8a5bae21cd64326e9bc105,-0.0971209472803084,0.7701288473500976,0.261577419423182,-341.3521634824574,-352.24490591418,-358.13970153499395,-369.0704673081637,-0.03802334144717179,-1.0,-0.7701288473500976,0.0,2,0.17513910331066018,0.17490732828716207,0.146091925319964,0.1194952045379323,1.0
chr13:74705179:A:C;chr13:74705251:C:T;var1;middle;OL27|K562|21713c54c3f3c3d2,chr13:74705179:A:C;chr13:74705251:C:T;var1;middle;OL27,K562,K562_region_00525,100,172,72,AAAGTCCCATGCTTTCCATGTTGTACAATGGAAAAAATGTCCAGGACCTCTATATGTTCATCTACTTAACAATATGCCTTCACTGGGTAAGGTTACCCCAAACTCTAGATTAACCAACACTGGCTTGAATTCAAAATGCTCTCAGCATAGGCCTAGAGGCCTAAGCACTTACGTTGTCTCTGCAGAGATAAAACACACCT,a26150bba6ac7575933cbe4d07339de960068a364145ace30fc479457dbcb5c7,0.0,AAAGTCCCATGCTTTCCATGTTGTACAATGGAAAAAATGTCCAGGACCTCTATATGTTCATCTACTTAACAATATGCCTTCACTGGGTAAGGTTACCCCCAACTCTAGATTAACCAACACTGGCTTGAATTCAAAATGCTCTCAGCATAGGCCTAGAGGCCTAAGCACTTACGTTGTCTCTGCAGAGATAAAACACACCT,92cd6a267a97546225c75eafbb3e3cee88793159066a9ac55fdcc5f90df77007,-0.116166664466662,AAAGTCCCATGCTTTCCATGTTGTACAATGGAAAAAATGTCCAGGACCTCTATATGTTCATCTACTTAACAATATGCCTTCACTGGGTAAGGTTACCCCAAACTCTAGATTAACCAACACTGGCTTGAATTCAAAATGCTCTCAGCATAGGCCTAGAGGCCTAAGCACTTATGTTGTCTCTGCAGAGATAAAACACACCT,bf05cfe6c2705569c0d2b51e141247342cb1d947da951faa07836b22623fcfc7,-0.0841919801325903,AAAGTCCCATGCTTTCCATGTTGTACAATGGAAAAAATGTCCAGGACCTCTATATGTTCATCTACTTAACAATATGCCTTCACTGGGTAAGGTTACCCCCAACTCTAGATTAACCAACACTGGCTTGAATTCAAAATGCTCTCAGCATAGGCCTAGAGGCCTAAGCACTTATGTTGTCTCTGCAGAGATAAAACACACCT,21713c54c3f3c3d2d7b308a73fb96cc5fb59671504bf5b267347bffb67938985,-0.40290368225164,0.2025450376523877,0.208081640134367,-399.4932754256297,-402.4479737519287,-389.3786239218898,-388.5389765419532,-3.7943457062355606,1.0,0.2025450376523877,0.0,4,0.17149657126417756,0.17620727786206916,0.145609630836647,0.2892309741740514,1.0
chr13:74730921:T:C;chr13:74730980:G:A;var1;middle;OL28|K562|c86ddce6a22efe82,chr13:74730921:T:C;chr13:74730980:G:A;var1;middle;OL28,K562,K562_region_00526,100,159,59,TTGATTTTTAGATCCCACAAATAAGTGAGAACATGTGATATTTGTCTTTCTGTACCTGGCTTATTTCACTTAACATAATGATCTCCAGTTCCACCCATGTTGTTGCAAATGACTGTATCTCACTCTTTTTTCAATATGACTGAATAGTATTCCATCATGTATATGTACCACGTTTTCTTTATCTGTTCATCAGTTGATGG,e1ba665e3a1a099f4c26defecf241f871d15c2262cdec9ba56708997bb71805d,0.0,TTGATTTTTAGATCCCACAAATAAGTGAGAACATGTGATATTTGTCTTTCTGTACCTGGCTTATTTCACTTAACATAATGATCTCCAGTTCCACCCATGCTGTTGCAAATGACTGTATCTCACTCTTTTTTCAATATGACTGAATAGTATTCCATCATGTATATGTACCACGTTTTCTTTATCTGTTCATCAGTTGATGG,e9298992b3e55f2f46bce824bee870beb04a20aae719c28cf07d05d4ed7a8f38,-0.31365972717288,TTGATTTTTAGATCCCACAAATAAGTGAGAACATGTGATATTTGTCTTTCTGTACCTGGCTTATTTCACTTAACATAATGATCTCCAGTTCCACCCATGTTGTTGCAAATGACTGTATCTCACTCTTTTTTCAATATGACTGAATAGTATTCCATCATATATATGTACCACGTTTTCTTTATCTGTTCATCAGTTGATGG,a5295cf02d7b0dafe2712c66cadd510a08b8c2f35cf54e4f2e4eca087011d111,0.0879831269231851,TTGATTTTTAGATCCCACAAATAAGTGAGAACATGTGATATTTGTCTTTCTGTACCTGGCTTATTTCACTTAACATAATGATCTCCAGTTCCACCCATGCTGTTGCAAATGACTGTATCTCACTCTTTTTTCAATATGACTGAATAGTATTCCATCATATATATGTACCACGTTTTCTTTATCTGTTCATCAGTTGATGG,c86ddce6a22efe82181040b476c2d664166d04126f959c164ee8105b54a364eb,-0.0833138048975868,0.142362795352108,0.384336220926255,-99.89058367162944,-101.03694185521454,-101.50235836580396,-102.65361628308892,-0.0048997336998723995,-1.0,-0.142362795352108,0.0,1,0.18236017448854627,0.18216460459877223,0.1501433469024087,0.24792591015312654,1.0
chr13:75874524:T:C;chr13:75874528:T:C;var1;middle;OL41|K562|953dcc70bd6ce502,chr13:75874524:T:C;chr13:75874528:T:C;var1;middle;OL41,K562,K562_region_00527,100,104,4,CTTGAGCTGGCAATGTGAGTCCTGCATCACTAAAAGGAGAGTTCTATACACAGAAACAAATCCGTCTTCACATCAAAGCTGTCTATATTGGTATGGGCATTTTTCTAGGGCCACAAAAATGAAGGGGGATGTTAGCTTCCTTGTGAAATGATTACTCATGTCATTTAGAACTTGCAAGAGTGCCAGGTTTTAAAATGTTT,22b57dc392f1ef9133504901d2a9de6a162633a06e9fcb1511aa8c23f41dc88c,0.0,CTTGAGCTGGCAATGTGAGTCCTGCATCACTAAAAGGAGAGTTCTATACACAGAAACAAATCCGTCTTCACATCAAAGCTGTCTATATTGGTATGGGCACTTTTCTAGGGCCACAAAAATGAAGGGGGATGTTAGCTTCCTTGTGAAATGATTACTCATGTCATTTAGAACTTGCAAGAGTGCCAGGTTTTAAAATGTTT,a26d8a6da7ed1f8521c71e88925f4f408cdc5b4500ac7e746a35ee423214376a,-0.11918776041622,CTTGAGCTGGCAATGTGAGTCCTGCATCACTAAAAGGAGAGTTCTATACACAGAAACAAATCCGTCTTCACATCAAAGCTGTCTATATTGGTATGGGCATTTTCCTAGGGCCACAAAAATGAAGGGGGATGTTAGCTTCCTTGTGAAATGATTACTCATGTCATTTAGAACTTGCAAGAGTGCCAGGTTTTAAAATGTTT,c528f6986704834fa63417c98436e5bd2b3d98634afab0d12cb25621658354b4,0.261162660076961,CTTGAGCTGGCAATGTGAGTCCTGCATCACTAAAAGGAGAGTTCTATACACAGAAACAAATCCGTCTTCACATCAAAGCTGTCTATATTGGTATGGGCACTTTCCTAGGGCCACAAAAATGAAGGGGGATGTTAGCTTCCTTGTGAAATGATTACTCATGTCATTTAGAACTTGCAAGAGTGCCAGGTTTTAAAATGTTT,953dcc70bd6ce502a92ba42a01472cfaebbc440eb2e31c2d36e53ec004c35fdf,-0.0587814620430565,-0.2007563617037975,0.395077265419443,-328.0419567730278,-327.87033385783434,-306.53673703223467,-324.02356998063624,-17.65845586359501,-1.0,0.2007563617037975,0.0,1,0.164398742642986,0.18216460459877223,0.1501433469024087,0.13182910782954407,1.0
chr13:76123641:C:T;chr13:76123678:G:A;var1;middle;OL41|K562|06e24f71df2fac0e,chr13:76123641:C:T;chr13:76123678:G:A;var1;middle;OL41,K562,K562_region_00528,100,137,37,GCCTCCTAGCGCAGTCGGTTGACACTGCAAGAATGGGAAGGTGCGGGTGACCACGCGGTCCCAGACCGGCGCAAGGCGCATGCGTAGAACGCGAGCGCTCGGCAAGGCTCGGCTCGGAAGAGTCCAAGCGTGAGGGGAGAGGGCTGTGGATTCAGATACTGTTTTTCTCCCGAAATAGGAAATTGGCTTATTTTTTTCTC,95dc301485e768b53b0c6913bc59cd0f15db853834a23dbf6cc147a36988d402,0.0,GCCTCCTAGCGCAGTCGGTTGACACTGCAAGAATGGGAAGGTGCGGGTGACCACGCGGTCCCAGACCGGCGCAAGGCGCATGCGTAGAACGCGAGCGCTTGGCAAGGCTCGGCTCGGAAGAGTCCAAGCGTGAGGGGAGAGGGCTGTGGATTCAGATACTGTTTTTCTCCCGAAATAGGAAATTGGCTTATTTTTTTCTC,05900cfde4fd6330c474947fd351c14a66522a99200cbaa914f4f28151ec1654,-0.469776001868285,GCCTCCTAGCGCAGTCGGTTGACACTGCAAGAATGGGAAGGTGCGGGTGACCACGCGGTCCCAGACCGGCGCAAGGCGCATGCGTAGAACGCGAGCGCTCGGCAAGGCTCGGCTCGGAAGAGTCCAAGCGTGAGGGAAGAGGGCTGTGGATTCAGATACTGTTTTTCTCCCGAAATAGGAAATTGGCTTATTTTTTTCTC,aa55824ad5ff7d48d8622fc0662eef5463b33b11994297fb3929d29c19e08a28,-0.261594394052169,GCCTCCTAGCGCAGTCGGTTGACACTGCAAGAATGGGAAGGTGCGGGTGACCACGCGGTCCCAGACCGGCGCAAGGCGCATGCGTAGAACGCGAGCGCTTGGCAAGGCTCGGCTCGGAAGAGTCCAAGCGTGAGGGAAGAGGGCTGTGGATTCAGATACTGTTTTTCTCCCGAAATAGGAAATTGGCTTATTTTTTTCTC,06e24f71df2fac0ec3f2ff3e2f47c14d2d26da899cb6e8377c8e9c7b11800b7c,-0.72238824402316,-0.008982151897294,0.154123556958359,-362.44602001458406,-367.083063413389,-348.7637765207328,-355.9702952550724,2.569475335534662,1.0,-0.008982151897294,0.0,2,0.17893583220535472,0.17490732828716207,0.146091925319964,0.04170804552943291,1.0
chr13:95899607:A:G;chr13:95899643:C:T;var1;middle;OL27|K562|6ea8e827d2fd91ad,chr13:95899607:A:G;chr13:95899643:C:T;var1;middle;OL27,K562,K562_region_00529,100,136,36,GTACAGAATCTGGAGCATCAGAAAAACAGGCCTTGAGGGGAAGTCTGGGGAAACAAGTTACTGCCAAGCTTTACTGGATTGAAGCCCCATCAGTAGCACAGATAAGCCAGACAACCTCCTCCAACCACAACACTTCCACCTAGAGGGACAGACCTCAGGCATCTCGGGCCTTTGGTGCTGGCTCCCCTGACCTCTACGGA,01b484ab978f379bf13f3ba9d4e1cfe2a492f34a5cd6780e9b4279d26967c137,0.0,GTACAGAATCTGGAGCATCAGAAAAACAGGCCTTGAGGGGAAGTCTGGGGAAACAAGTTACTGCCAAGCTTTACTGGATTGAAGCCCCATCAGTAGCACGGATAAGCCAGACAACCTCCTCCAACCACAACACTTCCACCTAGAGGGACAGACCTCAGGCATCTCGGGCCTTTGGTGCTGGCTCCCCTGACCTCTACGGA,26df0f74af303015d3f0e735ec3233c8e663981cb731abb678e97421eae3ad08,-0.641229891050131,GTACAGAATCTGGAGCATCAGAAAAACAGGCCTTGAGGGGAAGTCTGGGGAAACAAGTTACTGCCAAGCTTTACTGGATTGAAGCCCCATCAGTAGCACAGATAAGCCAGACAACCTCCTCCAACCACAACACTTTCACCTAGAGGGACAGACCTCAGGCATCTCGGGCCTTTGGTGCTGGCTCCCCTGACCTCTACGGA,4fc7088cbb81063d1e8b7aba2d7df8230b3839cabe96ffe63a0f7f9b89b09777,-0.284671415293162,GTACAGAATCTGGAGCATCAGAAAAACAGGCCTTGAGGGGAAGTCTGGGGAAACAAGTTACTGCCAAGCTTTACTGGATTGAAGCCCCATCAGTAGCACGGATAAGCCAGACAACCTCCTCCAACCACAACACTTTCACCTAGAGGGACAGACCTCAGGCATCTCGGGCCTTTGGTGCTGGCTCCCCTGACCTCTACGGA,6ea8e827d2fd91ad795179fb4d321d53f4dbfc3bd47a0cf3bdd0c2d674264619,-0.875119106619053,-0.0507821997242399,0.138427018956316,-407.9529829565436,-413.8308279395569,-417.1452390393242,-422.1888172130566,-0.8342668092809049,1.0,-0.0507821997242399,0.0,0,0.18470453146368557,0.18565657667894103,0.15145376406925343,0.12774719876360296,1.0
chr13:95899643:C:T;chr13:95899716:C:A;var1;middle;OL27|K562|31f8fed0005061be,chr13:95899643:C:T;chr13:95899716:C:A;var1;middle;OL27,K562,K562_region_00529,100,173,73,GGGGAAGTCTGGGGAAACAAGTTACTGCCAAGCTTTACTGGATTGAAGCCCCATCAGTAGCACAGATAAGCCAGACAACCTCCTCCAACCACAACACTTCCACCTAGAGGGACAGACCTCAGGCATCTCGGGCCTTTGGTGCTGGCTCCCCTGACCTCTACGGAGGCACAGGCAACAGGAGTTTCCCCCAGGCCACCATG,219c76d6d5ab79c0955d52099424d188e2109f6034485d05b3602cbaf9f225c6,0.0,GGGGAAGTCTGGGGAAACAAGTTACTGCCAAGCTTTACTGGATTGAAGCCCCATCAGTAGCACAGATAAGCCAGACAACCTCCTCCAACCACAACACTTTCACCTAGAGGGACAGACCTCAGGCATCTCGGGCCTTTGGTGCTGGCTCCCCTGACCTCTACGGAGGCACAGGCAACAGGAGTTTCCCCCAGGCCACCATG,f836421101f1b030a5a28d5bf158667adb343e246a565cd5d94e57db0789c219,-0.49396442036505,GGGGAAGTCTGGGGAAACAAGTTACTGCCAAGCTTTACTGGATTGAAGCCCCATCAGTAGCACAGATAAGCCAGACAACCTCCTCCAACCACAACACTTCCACCTAGAGGGACAGACCTCAGGCATCTCGGGCCTTTGGTGCTGGCTCCCCTGACCTCTACGGAGGCACAGGAAACAGGAGTTTCCCCCAGGCCACCATG,0d8aa92fafeeb7a05145ff6a99b80244f5ff2dfc819154a971da813e5b4f38f3,0.25147024252925,GGGGAAGTCTGGGGAAACAAGTTACTGCCAAGCTTTACTGGATTGAAGCCCCATCAGTAGCACAGATAAGCCAGACAACCTCCTCCAACCACAACACTTTCACCTAGAGGGACAGACCTCAGGCATCTCGGGCCTTTGGTGCTGGCTCCCCTGACCTCTACGGAGGCACAGGAAACAGGAGTTTCCCCCAGGCCACCATG,31f8fed0005061be7e73910de3434b25c47267a3a3786a40c9ab3a8482c99659,0.156322389623353,0.398816567459153,0.207078788000072,-371.5459122050088,-382.309206912294,-352.8560452379752,-349.5378076527268,14.081532292533609,-1.0,-0.398816567459153,0.0,0,0.20386221085593764,0.18565657667894103,0.15145376406925343,0.23691100731934495,1.0
chr13:97646229:A:G;chr13:97646264:A:C;var1;middle;OL41|K562|c803e7a9ee47a725,chr13:97646229:A:G;chr13:97646264:A:C;var1;middle;OL41,K562,K562_region_00530,100,135,35,TGAGCTTTGAGAACATTCAGCAGGGCGGTGATCAATGGGGTGAGGGATTAACTCTGTTTGTCTCCTAAGCACTCTCCCTGCCCACCTCCCAGACCCCTCACTTGGGTGTGAAAAAAAGTGTGAGATGAAATCAGAGATCCCTAACTCCCCCAGTTCTCTCCAAGTCAAATGTCTTCTCGCCCTGGGCTTTTTGTTCCCTA,a049fe01425635a16960590d5a25b33792238492ea839997005704e0a5ac7257,0.0,TGAGCTTTGAGAACATTCAGCAGGGCGGTGATCAATGGGGTGAGGGATTAACTCTGTTTGTCTCCTAAGCACTCTCCCTGCCCACCTCCCAGACCCCTCGCTTGGGTGTGAAAAAAAGTGTGAGATGAAATCAGAGATCCCTAACTCCCCCAGTTCTCTCCAAGTCAAATGTCTTCTCGCCCTGGGCTTTTTGTTCCCTA,81d77e593fe2e0b48110c92055d21e9ed97ccf22d93b7c11090ecfbb965bcf66,-0.413804327645163,TGAGCTTTGAGAACATTCAGCAGGGCGGTGATCAATGGGGTGAGGGATTAACTCTGTTTGTCTCCTAAGCACTCTCCCTGCCCACCTCCCAGACCCCTCACTTGGGTGTGAAAAAAAGTGTGAGATGAAATCAGCGATCCCTAACTCCCCCAGTTCTCTCCAAGTCAAATGTCTTCTCGCCCTGGGCTTTTTGTTCCCTA,a3471943655dd177a7ba90a15e61136e320fe0f7ab4bd5ee7981902e0450968c,0.0315127793321197,TGAGCTTTGAGAACATTCAGCAGGGCGGTGATCAATGGGGTGAGGGATTAACTCTGTTTGTCTCCTAAGCACTCTCCCTGCCCACCTCCCAGACCCCTCGCTTGGGTGTGAAAAAAAGTGTGAGATGAAATCAGCGATCCCTAACTCCCCCAGTTCTCTCCAAGTCAAATGTCTTCTCGCCCTGGGCTTTTTGTTCCCTA,c803e7a9ee47a725f5d45af4baa567eca6be9ce9e6f02252db2ffa13c503fa03,-0.169671135818556,0.2126204124944873,0.259979082725377,-253.5853308737278,-257.5392448604107,-258.14942783117294,-261.5918209403753,0.5115208774805069,-1.0,-0.2126204124944873,0.0,0,0.18643304556185947,0.18565657667894103,0.15145376406925343,0.07417161779897437,1.0
chr14:100231685:C:T;chr14:100231703:T:C;var1;middle;OL30|K562|357137c3196a1136,chr14:100231685:C:T;chr14:100231703:T:C;var1;middle;OL30,K562,K562_region_00592,100,118,18,TAACCATTTTAAGTGTACAGTTGAGTGGCATTAGTCCATTCACATAGTTGTACAATCCTCACTCCCATCCATCTCCACAGCCCATTTCATCTTGCCAAGCGGAAACTCTGTGCCCACTGAACAATAACCTCCCCCCACCACGCCAGGCCCCTGGCTACCACCAATCTACTTTCTGTCTCTATGAATTTGACTGCTCTAGG,12c72072a58e96bc2214cd47e6d3fb76d195c0796f9d25e1c398032fd8e7aedb,0.0,TAACCATTTTAAGTGTACAGTTGAGTGGCATTAGTCCATTCACATAGTTGTACAATCCTCACTCCCATCCATCTCCACAGCCCATTTCATCTTGCCAAGTGGAAACTCTGTGCCCACTGAACAATAACCTCCCCCCACCACGCCAGGCCCCTGGCTACCACCAATCTACTTTCTGTCTCTATGAATTTGACTGCTCTAGG,e4dcbf98cb1df0a53d4491b0341e1b8ae9c42b5d1951e8adb93ec82402008ffe,0.261968107656313,TAACCATTTTAAGTGTACAGTTGAGTGGCATTAGTCCATTCACATAGTTGTACAATCCTCACTCCCATCCATCTCCACAGCCCATTTCATCTTGCCAAGCGGAAACTCTGTGCCCACCGAACAATAACCTCCCCCCACCACGCCAGGCCCCTGGCTACCACCAATCTACTTTCTGTCTCTATGAATTTGACTGCTCTAGG,d9e89687cfc7541c1638008d5e95afbe8b04927de0a193d9cfb6fe0434848662,-0.034733745867097,TAACCATTTTAAGTGTACAGTTGAGTGGCATTAGTCCATTCACATAGTTGTACAATCCTCACTCCCATCCATCTCCACAGCCCATTTCATCTTGCCAAGTGGAAACTCTGTGCCCACCGAACAATAACCTCCCCCCACCACGCCAGGCCCCTGGCTACCACCAATCTACTTTCTGTCTCTATGAATTTGACTGCTCTAGG,357137c3196a1136b1e076f6d0bb0f824a26ecbb571cc1e7514b39c9cfc40b13,0.383750769766262,0.1565164079770459,0.539906343544382,-122.91943478770554,-119.40444358438252,-128.1427225768566,-125.20015550032258,-0.5724241267889738,-1.0,-0.1565164079770459,0.0,3,0.18032002740216468,0.18106719778262317,0.1474303780702046,0.3475076011556577,1.0
chr14:100771483:T:C;chr14:100771572:C:T;var1;middle;OL41|K562|bb835d7eeeceb8e1,chr14:100771483:T:C;chr14:100771572:C:T;var1;middle;OL41,K562,K562_region_00593,100,189,89,GGCACCCAGCGATTAGCAGCAAATTCTGGGCTTTGTGCCCCGCAGCTTCCCACTGGGTAACCGACCGGGAAGTTCTAACTCCCCTCAGCGCACAACACCTCCCCAACACACTCCCTTTTCAACGAGTCTCTCCCCCAAGAAGCAGGCTCCGACGCCACAGATTTAATACTTAAGGCCACCGCTACCCACTCTTCCGCCAG,8a107b9e68466f91014480fa9a5a98888ab2bf3b1ec68df93add8c4d1bc65a5d,0.0,GGCACCCAGCGATTAGCAGCAAATTCTGGGCTTTGTGCCCCGCAGCTTCCCACTGGGTAACCGACCGGGAAGTTCTAACTCCCCTCAGCGCACAACACCCCCCCAACACACTCCCTTTTCAACGAGTCTCTCCCCCAAGAAGCAGGCTCCGACGCCACAGATTTAATACTTAAGGCCACCGCTACCCACTCTTCCGCCAG,fb758f30a5d3de07f879bb2ead218838addbce5cf5102bbd6301e84f98420bc2,-1.04994608792614,GGCACCCAGCGATTAGCAGCAAATTCTGGGCTTTGTGCCCCGCAGCTTCCCACTGGGTAACCGACCGGGAAGTTCTAACTCCCCTCAGCGCACAACACCTCCCCAACACACTCCCTTTTCAACGAGTCTCTCCCCCAAGAAGCAGGCTCCGACGCCACAGATTTAATACTTAAGGCCACCGCTACCCATTCTTCCGCCAG,5c9f5099612141da6ad70d475ec4f585ee806e6103adca365efb863593458e68,-0.553182791789195,GGCACCCAGCGATTAGCAGCAAATTCTGGGCTTTGTGCCCCGCAGCTTCCCACTGGGTAACCGACCGGGAAGTTCTAACTCCCCTCAGCGCACAACACCCCCCCAACACACTCCCTTTTCAACGAGTCTCTCCCCCAAGAAGCAGGCTCCGACGCCACAGATTTAATACTTAAGGCCACCGCTACCCATTCTTCCGCCAG,bb835d7eeeceb8e1af96f480c521c3899f7e04d732b317064cb6c234a9a78d17,-1.55921037628187,-0.043918503433465,0.608663368421847,-330.7545521594584,-331.39388087019324,-344.2789872121066,-345.876271892339,0.9579559694975615,1.0,-0.043918503433465,0.0,2,0.17658932971413388,0.17490732828716207,0.146091925319964,0.35558811973203064,1.0
chr14:101173124:A:C;chr14:101173201:G:T;var1;middle;OL27|K562|310752d0a9db6d32,chr14:101173124:A:C;chr14:101173201:G:T;var1;middle;OL27,K562,K562_region_00594,100,177,77,TCAGGCTTGGGGAAGGAGAGCTGCTTCCGGGCCAGAAGTAAAAGAGGGCAGGGTCGACTTTCGGGCACACAGAGGGCGGCTGGGTCCCGGGGAGCACTTAAGAAATGTTGGCGAATGAAGCTTGAGACAGTTTCCTGTCTCCATAGATGCGTGTGTGCACACACTGATACACACACGGACACACACTCTCTCACACCCTC,b6dcd2c512f472c49e2ce55463ddd6c3b6170e1b868eb0119dbcb54d5f659c2d,0.0,TCAGGCTTGGGGAAGGAGAGCTGCTTCCGGGCCAGAAGTAAAAGAGGGCAGGGTCGACTTTCGGGCACACAGAGGGCGGCTGGGTCCCGGGGAGCACTTCAGAAATGTTGGCGAATGAAGCTTGAGACAGTTTCCTGTCTCCATAGATGCGTGTGTGCACACACTGATACACACACGGACACACACTCTCTCACACCCTC,e038ac54b30942597e27d07de55efe9b53d49b018d10bc9bde1a8734118f1b16,-0.0382542072577638,TCAGGCTTGGGGAAGGAGAGCTGCTTCCGGGCCAGAAGTAAAAGAGGGCAGGGTCGACTTTCGGGCACACAGAGGGCGGCTGGGTCCCGGGGAGCACTTAAGAAATGTTGGCGAATGAAGCTTGAGACAGTTTCCTGTCTCCATAGATGCGTGTGTGCACACACTGATACACACACTGACACACACTCTCTCACACCCTC,51fd11f2de6090418f86899ff400d090871e3dbe8475af7f593d01190aac50fc,-0.327784898609296,TCAGGCTTGGGGAAGGAGAGCTGCTTCCGGGCCAGAAGTAAAAGAGGGCAGGGTCGACTTTCGGGCACACAGAGGGCGGCTGGGTCCCGGGGAGCACTTCAGAAATGTTGGCGAATGAAGCTTGAGACAGTTTCCTGTCTCCATAGATGCGTGTGTGCACACACTGATACACACACTGACACACACTCTCTCACACCCTC,310752d0a9db6d32fe76cad8c5ee8b4de4a9aced1613924aa0680a2669b366ea,-0.230005826765306,0.1360332791017537,0.0879354510231939,-285.5393433328718,-282.9067908404395,-285.15059818024747,-283.7637574940454,-1.245711806230247,-1.0,-0.1360332791017537,0.0,3,0.17896390118033317,0.18106719778262317,0.1474303780702046,0.19250620528899992,1.0
chr14:101539131:G:A;chr14:101539197:C:T;var1;middle;OL41|K562|fdfadfaed1713925,chr14:101539131:G:A;chr14:101539197:C:T;var1;middle;OL41,K562,K562_region_00595,100,166,66,ATCTCGATTGAATCCCCGGGGGCACATCCCTCAGCAGGACAGCAACAGTCTTTGCCGCAGCCTGGGGAGGGCTGTGCTGGGGATGAGCGCCGAGTGGCCGTGGACTAAGTGAAGGAAATGACCATGCTCTTCTCCCAGCTGGATGGCGAGGCCGGGCAGGAACCGCGGAATTCCTGCTCTTCGTTTTCAAACACTTTGCT,49d7a44d333dd553e74d66a25d04ef956a42bd805bfe87852e57fbe5f8272312,0.0,ATCTCGATTGAATCCCCGGGGGCACATCCCTCAGCAGGACAGCAACAGTCTTTGCCGCAGCCTGGGGAGGGCTGTGCTGGGGATGAGCGCCGAGTGGCCATGGACTAAGTGAAGGAAATGACCATGCTCTTCTCCCAGCTGGATGGCGAGGCCGGGCAGGAACCGCGGAATTCCTGCTCTTCGTTTTCAAACACTTTGCT,afd7e20a195878b5f45b606b2df6d0913c7d24e4557e151e5982493eebbaf0a2,0.210276984577986,ATCTCGATTGAATCCCCGGGGGCACATCCCTCAGCAGGACAGCAACAGTCTTTGCCGCAGCCTGGGGAGGGCTGTGCTGGGGATGAGCGCCGAGTGGCCGTGGACTAAGTGAAGGAAATGACCATGCTCTTCTCCCAGCTGGATGGCGAGGCCGGGCAGGAACCGTGGAATTCCTGCTCTTCGTTTTCAAACACTTTGCT,4d11c3c1883b9f2fc17e43145232d3734b1e65d75c77d8a54da088c167900693,0.0958408515989892,ATCTCGATTGAATCCCCGGGGGCACATCCCTCAGCAGGACAGCAACAGTCTTTGCCGCAGCCTGGGGAGGGCTGTGCTGGGGATGAGCGCCGAGTGGCCATGGACTAAGTGAAGGAAATGACCATGCTCTTCTCCCAGCTGGATGGCGAGGCCGGGCAGGAACCGTGGAATTCCTGCTCTTCGTTTTCAAACACTTTGCT,fdfadfaed1713925fe52f4f735964d31c779c687634fcb9908c4ac25a5cd89fb,0.190618524157042,0.1154993120199331,0.287086185848043,-359.1942497140262,-359.23758361837827,-353.3618083214388,-354.3151621220168,0.9100198962260038,1.0,0.1154993120199331,0.0,4,0.1773272152367869,0.17620727786206916,0.145609630836647,0.21855038303476193,1.0
chr14:102414767:G:A;chr14:102414829:C:T;var1;middle;OL41|K562|4d4349edc90a855b,chr14:102414767:G:A;chr14:102414829:C:T;var1;middle;OL41,K562,K562_region_00596,100,162,62,GACCGTGCCGATCTAGGTCGTGTGACCCGTCTGGTGTAGTCCTGGAACAAGGGTTTTGCTGCGGAGGGAAACGGCCAGAGACCTCGATCTAAGACCGGGGTTTGGAGACTGGCGGGCCTCGGAACAGCAGAGCTAGCGGACTTCCGGTCTGGCCCTCTGCTCACGGCCGAGGGCAAGGCGGGTTAGGTCACTTGCTGAGG,2dd168b5fbc1dc8c271254e991ad7100ff8c9a00065a829ed4ae84c6e93efe08,0.0,GACCGTGCCGATCTAGGTCGTGTGACCCGTCTGGTGTAGTCCTGGAACAAGGGTTTTGCTGCGGAGGGAAACGGCCAGAGACCTCGATCTAAGACCGGGATTTGGAGACTGGCGGGCCTCGGAACAGCAGAGCTAGCGGACTTCCGGTCTGGCCCTCTGCTCACGGCCGAGGGCAAGGCGGGTTAGGTCACTTGCTGAGG,7805c695e827d9e2fc7b58819656e3d07651e01b1f1edb4cec91bd320f5c9c71,0.0442210463396509,GACCGTGCCGATCTAGGTCGTGTGACCCGTCTGGTGTAGTCCTGGAACAAGGGTTTTGCTGCGGAGGGAAACGGCCAGAGACCTCGATCTAAGACCGGGGTTTGGAGACTGGCGGGCCTCGGAACAGCAGAGCTAGCGGACTTCCGGTCTGGCCCTCTGCTTACGGCCGAGGGCAAGGCGGGTTAGGTCACTTGCTGAGG,4640070668519b0b4ee558d5bd979e5428a50c34ecdd3132e90c57f2a103f5bf,0.341995721746438,GACCGTGCCGATCTAGGTCGTGTGACCCGTCTGGTGTAGTCCTGGAACAAGGGTTTTGCTGCGGAGGGAAACGGCCAGAGACCTCGATCTAAGACCGGGATTTGGAGACTGGCGGGCCTCGGAACAGCAGAGCTAGCGGACTTCCGGTCTGGCCCTCTGCTTACGGCCGAGGGCAAGGCGGGTTAGGTCACTTGCTGAGG,4d4349edc90a855b42dfb9fb5219b06f5bc95ac74a7c369ee444a2614d829381,0.39319713192243,-0.006980363836341,0.145201483381036,-319.42706849239767,-320.3435908444226,-329.15463780239224,-331.0244541577995,0.9532940033823252,1.0,-0.006980363836341,0.0,0,0.18700045384165523,0.18565657667894103,0.15145376406925343,0.04417700876052866,1.0
chr14:103241799:T:C;chr14:103241845:T:C;var1;middle;OL27|K562|a7397519ab167bdf,chr14:103241799:T:C;chr14:103241845:T:C;var1;middle;OL27,K562,K562_region_00597,100,146,46,ACAGGCATAAGCCACCATCCTACTTTTTTTTTTTTTTTCCAGACAGAGTCTCACTCTGTCGCCCAGATAGGAGTACAATGGCACAATCTCAGCTCACTGTAACCTCCGCCTCCTGGGTTCAAGTGATTCTCTTGCCTCAACCTCCTGGGTAGCTGGGATTACAGGCACACTCCACCACGCCCGGCTGATTTTTGTGTTTT,914157514586f229395184c9c62077d1a9fb1d5f277a75a46644c3e8bdb2465a,0.0,ACAGGCATAAGCCACCATCCTACTTTTTTTTTTTTTTTCCAGACAGAGTCTCACTCTGTCGCCCAGATAGGAGTACAATGGCACAATCTCAGCTCACTGCAACCTCCGCCTCCTGGGTTCAAGTGATTCTCTTGCCTCAACCTCCTGGGTAGCTGGGATTACAGGCACACTCCACCACGCCCGGCTGATTTTTGTGTTTT,33cafb8bb4b53520db5d78d67785eb3400ae56b1f154a080f6399694e0dacc8a,0.9266690989565,ACAGGCATAAGCCACCATCCTACTTTTTTTTTTTTTTTCCAGACAGAGTCTCACTCTGTCGCCCAGATAGGAGTACAATGGCACAATCTCAGCTCACTGTAACCTCCGCCTCCTGGGTTCAAGTGATTCTCTTGCCTCAACCTCCCGGGTAGCTGGGATTACAGGCACACTCCACCACGCCCGGCTGATTTTTGTGTTTT,547af72b6af1d73fee82874dee10230de407359705b590d99e6952c520b34357,0.21396951043866,ACAGGCATAAGCCACCATCCTACTTTTTTTTTTTTTTTCCAGACAGAGTCTCACTCTGTCGCCCAGATAGGAGTACAATGGCACAATCTCAGCTCACTGCAACCTCCGCCTCCTGGGTTCAAGTGATTCTCTTGCCTCAACCTCCCGGGTAGCTGGGATTACAGGCACACTCCACCACGCCCGGCTGATTTTTGTGTTTT,a7397519ab167bdfbac76c1e056efdc42e498d55989aeb59ef4006f561e8e4ba,0.343166110360261,0.7974724990348989,0.277697404198297,-99.84898854326455,-96.28872877918184,-101.7683598259464,-98.14889906719328,-0.05920099467039108,1.0,0.7974724990348989,0.0,0,0.1857000170077619,0.18565657667894103,0.15145376406925343,0.19109781566173575,1.0
chr14:103388999:T:C;chr14:103389003:G:C;var1;middle;OL41|K562|5d4513404729047b,chr14:103388999:T:C;chr14:103389003:G:C;var1;middle;OL41,K562,K562_region_00598,100,104,4,AGAGTCGGCCCTGGGCGGGTCTGGAGGTAAATGTGTAACCGACCCTGGTGCCCCCACCCGACCTGCCTGGTCACGTGGGTCCAGTGGGGCAAAGTCTCCTGGTGGGGTGCAAGGAGCCGAGGCGAGATGGGCGTCCTGGGCCGGGTCCTGCTGTGGCTGCAGCTCTGCGGTGAGCCGGGACCACACCGGTGCGGGCCCGG,c7b0275de871a54108e72a2e7aabd153aac9536543207a0335164ab0a33ae8e0,0.0,AGAGTCGGCCCTGGGCGGGTCTGGAGGTAAATGTGTAACCGACCCTGGTGCCCCCACCCGACCTGCCTGGTCACGTGGGTCCAGTGGGGCAAAGTCTCCCGGTGGGGTGCAAGGAGCCGAGGCGAGATGGGCGTCCTGGGCCGGGTCCTGCTGTGGCTGCAGCTCTGCGGTGAGCCGGGACCACACCGGTGCGGGCCCGG,af30e53f20d19990934e6bc2b82a37d5a15b85b11fd6cbc992683adc97079fe4,-0.498053369633357,AGAGTCGGCCCTGGGCGGGTCTGGAGGTAAATGTGTAACCGACCCTGGTGCCCCCACCCGACCTGCCTGGTCACGTGGGTCCAGTGGGGCAAAGTCTCCTGGTCGGGTGCAAGGAGCCGAGGCGAGATGGGCGTCCTGGGCCGGGTCCTGCTGTGGCTGCAGCTCTGCGGTGAGCCGGGACCACACCGGTGCGGGCCCGG,3654427b090685352a28db8a57f60a512697fb87e3c97d04c1e323fff7e0a00b,0.286128439304884,AGAGTCGGCCCTGGGCGGGTCTGGAGGTAAATGTGTAACCGACCCTGGTGCCCCCACCCGACCTGCCTGGTCACGTGGGTCCAGTGGGGCAAAGTCTCCCGGTCGGGTGCAAGGAGCCGAGGCGAGATGGGCGTCCTGGGCCGGGTCCTGCTGTGGCTGCAGCTCTGCGGTGAGCCGGGACCACACCGGTGCGGGCCCGG,5d4513404729047bb2846d857adf90905ad5468f0ab5455a936b1526c9868a66,-0.189930039002143,0.0219948913263299,0.634786974523811,-253.2842052541673,-262.08517406508327,-250.70922191627324,-251.19000193104148,8.320188796147704,-1.0,-0.0219948913263299,0.0,1,0.19083045147618916,0.18216460459877223,0.1501433469024087,0.21983023370043223,1.0
chr14:103564995:C:T;chr14:103565080:T:C;var1;middle;OL41|K562|b0f42edc66e7606e,chr14:103564995:C:T;chr14:103565080:T:C;var1;middle;OL41,K562,K562_region_00599,100,185,85,ACAAGAAGGCGGGGCCTGGCTTGTCCTTCCCCACATCCCCGCCTCCGTCCTCTTGACAGCGGTGGATGCAGCATGTGCTGAACCGTTCTCTTCACAACACCCCTGCCCTGCTGGGCGCCGGCCCCCATGCCAAGCATGAAGGGGCACCGGGGAGAGAGAAGCGAGTGGAGGCTGGGACAGATGGTGCCCTGAAGTGTGGG,7ead30448bd7a343aa3d4930e9dc769f1b226b472bd1eb97db0e0100acf91042,0.0,ACAAGAAGGCGGGGCCTGGCTTGTCCTTCCCCACATCCCCGCCTCCGTCCTCTTGACAGCGGTGGATGCAGCATGTGCTGAACCGTTCTCTTCACAACATCCCTGCCCTGCTGGGCGCCGGCCCCCATGCCAAGCATGAAGGGGCACCGGGGAGAGAGAAGCGAGTGGAGGCTGGGACAGATGGTGCCCTGAAGTGTGGG,11d0b5550f5d36dc4f24afe665e0d6193aae4793cc857432c32e316bf46fb988,-0.0619738157952675,ACAAGAAGGCGGGGCCTGGCTTGTCCTTCCCCACATCCCCGCCTCCGTCCTCTTGACAGCGGTGGATGCAGCATGTGCTGAACCGTTCTCTTCACAACACCCCTGCCCTGCTGGGCGCCGGCCCCCATGCCAAGCATGAAGGGGCACCGGGGAGAGAGAAGCGAGTGGAGGCTGGGACAGATGGCGCCCTGAAGTGTGGG,dd435ff41ee6d9dd97f2690f41518b07a33b4197194631286a1efb2261ff3f19,0.252910029671422,ACAAGAAGGCGGGGCCTGGCTTGTCCTTCCCCACATCCCCGCCTCCGTCCTCTTGACAGCGGTGGATGCAGCATGTGCTGAACCGTTCTCTTCACAACATCCCTGCCCTGCTGGGCGCCGGCCCCCATGCCAAGCATGAAGGGGCACCGGGGAGAGAGAAGCGAGTGGAGGCTGGGACAGATGGCGCCCTGAAGTGTGGG,b0f42edc66e7606ef78d75d5b413744b598b3a6a60369422c4d7c3e4812cfefe,-0.121553696821114,0.3124899106972685,0.243391144755056,-248.77222576737404,-250.98357871174807,-250.64730513095856,-252.51534748077395,-0.34331059455863056,1.0,0.3124899106972685,0.0,2,0.17469458038710042,0.17490732828716207,0.146091925319964,0.2959878990404473,1.0
chr14:103565044:G:A;chr14:103565080:T:C;var1;middle;OL41|K562|3c7bdb81ba96e368,chr14:103565044:G:A;chr14:103565080:T:C;var1;middle;OL41,K562,K562_region_00599,100,136,36,CTCTTGACAGCGGTGGATGCAGCATGTGCTGAACCGTTCTCTTCACAACACCCCTGCCCTGCTGGGCGCCGGCCCCCATGCCAAGCATGAAGGGGCACCGGGGAGAGAGAAGCGAGTGGAGGCTGGGACAGATGGTGCCCTGAAGTGTGGGTCAAGTCCGAATCAGGCAGGGTCCCTGAACCCTGGCGCTGGGGGAAGTC,62e9efb8e32ce017d65f4c1d9e3d65008388fc1b8cd67d18bc518d9f153457f9,0.0,CTCTTGACAGCGGTGGATGCAGCATGTGCTGAACCGTTCTCTTCACAACACCCCTGCCCTGCTGGGCGCCGGCCCCCATGCCAAGCATGAAGGGGCACCAGGGAGAGAGAAGCGAGTGGAGGCTGGGACAGATGGTGCCCTGAAGTGTGGGTCAAGTCCGAATCAGGCAGGGTCCCTGAACCCTGGCGCTGGGGGAAGTC,29ba6f895653a4d29ddb38d1ddcc9a30ca3dbaba3f1fffdaf6ba7f2508b7f118,-1.14226464576766,CTCTTGACAGCGGTGGATGCAGCATGTGCTGAACCGTTCTCTTCACAACACCCCTGCCCTGCTGGGCGCCGGCCCCCATGCCAAGCATGAAGGGGCACCGGGGAGAGAGAAGCGAGTGGAGGCTGGGACAGATGGCGCCCTGAAGTGTGGGTCAAGTCCGAATCAGGCAGGGTCCCTGAACCCTGGCGCTGGGGGAAGTC,7aba829d45cf218f86f67b45d894127a80896aefc71ed2080c2258fcf24fb73a,-0.693170430722295,CTCTTGACAGCGGTGGATGCAGCATGTGCTGAACCGTTCTCTTCACAACACCCCTGCCCTGCTGGGCGCCGGCCCCCATGCCAAGCATGAAGGGGCACCAGGGAGAGAGAAGCGAGTGGAGGCTGGGACAGATGGCGCCCTGAAGTGTGGGTCAAGTCCGAATCAGGCAGGGTCCCTGAACCCTGGCGCTGGGGGAAGTC,3c7bdb81ba96e368b15e99c58340135766b101ffc0f9bd0aa131071b7edd0916,-1.40454478148643,-0.4308902950035249,0.316299845195774,-380.1699870254379,-371.78562152944505,-376.20879984181374,-371.9663887391798,4.141954393358901,1.0,-0.4308902950035249,0.0,2,0.1812254888513377,0.17490732828716207,0.146091925319964,0.18647409211900784,1.0
chr14:103576369:C:T;chr14:103576443:T:C;var1;middle;OL27|K562|dcd6a95a72937d1c,chr14:103576369:C:T;chr14:103576443:T:C;var1;middle;OL27,K562,K562_region_00600,100,174,74,ACTCATACTAACTCCCAAGCCCGTGGGTTCGCCTCATGCTGGGGCTGGGGGTGTTGCGGAGGTGTAGGTCTGCAGTGAGTGCCCGCATGTCTCTGCAGGCGGGACCACATACTGGCCATTCTGGCGCTGCGCCGACTGGGCCGCCAGCGGAACCAGCATCTCTTGCAGCACACTCAAGACCTGCTGAGAGCTGCGGCCGG,58a6bd49d4482aea49602ee1751140c5420de03333662f753732d115cd92b9e0,0.0,ACTCATACTAACTCCCAAGCCCGTGGGTTCGCCTCATGCTGGGGCTGGGGGTGTTGCGGAGGTGTAGGTCTGCAGTGAGTGCCCGCATGTCTCTGCAGGTGGGACCACATACTGGCCATTCTGGCGCTGCGCCGACTGGGCCGCCAGCGGAACCAGCATCTCTTGCAGCACACTCAAGACCTGCTGAGAGCTGCGGCCGG,d0987820b7f07d77f87272781382ff376a2f08f6dba6ca9518512b637b564244,-0.427766114235054,ACTCATACTAACTCCCAAGCCCGTGGGTTCGCCTCATGCTGGGGCTGGGGGTGTTGCGGAGGTGTAGGTCTGCAGTGAGTGCCCGCATGTCTCTGCAGGCGGGACCACATACTGGCCATTCTGGCGCTGCGCCGACTGGGCCGCCAGCGGAACCAGCATCTCTTGCAGCACACCCAAGACCTGCTGAGAGCTGCGGCCGG,8fd2914f9414f8a40d90a87f32e6343187ac0b8909db7f5e240f54a838ef4292,-0.276738238340973,ACTCATACTAACTCCCAAGCCCGTGGGTTCGCCTCATGCTGGGGCTGGGGGTGTTGCGGAGGTGTAGGTCTGCAGTGAGTGCCCGCATGTCTCTGCAGGTGGGACCACATACTGGCCATTCTGGCGCTGCGCCGACTGGGCCGCCAGCGGAACCAGCATCTCTTGCAGCACACCCAAGACCTGCTGAGAGCTGCGGCCGG,dcd6a95a72937d1c9307af667fcaa2c6f417c193a0ee9179da6d373bdc6691f7,-0.328798811773963,0.3757055408020641,0.158622055868387,-339.3731586448848,-333.0853042481467,-323.491111330688,-317.04091869457625,0.16233823937363923,-1.0,-0.3757055408020641,0.0,1,0.18253032907005082,0.18216460459877223,0.1501433469024087,0.23836234067274642,1.0
chr14:103576369:C:T;chr14:103576444:C:G;var1;middle;OL27|K562|f1981f41bf54cc23,chr14:103576369:C:T;chr14:103576444:C:G;var1;middle;OL27,K562,K562_region_00600,100,175,75,ACTCATACTAACTCCCAAGCCCGTGGGTTCGCCTCATGCTGGGGCTGGGGGTGTTGCGGAGGTGTAGGTCTGCAGTGAGTGCCCGCATGTCTCTGCAGGCGGGACCACATACTGGCCATTCTGGCGCTGCGCCGACTGGGCCGCCAGCGGAACCAGCATCTCTTGCAGCACACTCAAGACCTGCTGAGAGCTGCGGCCGG,58a6bd49d4482aea49602ee1751140c5420de03333662f753732d115cd92b9e0,0.0,ACTCATACTAACTCCCAAGCCCGTGGGTTCGCCTCATGCTGGGGCTGGGGGTGTTGCGGAGGTGTAGGTCTGCAGTGAGTGCCCGCATGTCTCTGCAGGTGGGACCACATACTGGCCATTCTGGCGCTGCGCCGACTGGGCCGCCAGCGGAACCAGCATCTCTTGCAGCACACTCAAGACCTGCTGAGAGCTGCGGCCGG,d0987820b7f07d77f87272781382ff376a2f08f6dba6ca9518512b637b564244,-0.428120160689789,ACTCATACTAACTCCCAAGCCCGTGGGTTCGCCTCATGCTGGGGCTGGGGGTGTTGCGGAGGTGTAGGTCTGCAGTGAGTGCCCGCATGTCTCTGCAGGCGGGACCACATACTGGCCATTCTGGCGCTGCGCCGACTGGGCCGCCAGCGGAACCAGCATCTCTTGCAGCACACTGAAGACCTGCTGAGAGCTGCGGCCGG,88857b9f0931df77ed2af1edd91f4aa5ea9bc973fedf019e9980bb37da8384cf,-0.0427669896296639,ACTCATACTAACTCCCAAGCCCGTGGGTTCGCCTCATGCTGGGGCTGGGGGTGTTGCGGAGGTGTAGGTCTGCAGTGAGTGCCCGCATGTCTCTGCAGGTGGGACCACATACTGGCCATTCTGGCGCTGCGCCGACTGGGCCGCCAGCGGAACCAGCATCTCTTGCAGCACACTGAAGACCTGCTGAGAGCTGCGGCCGG,f1981f41bf54cc239518b39f487431fed91d092ba10d983fac94e4482e0e482a,-0.143897688143135,0.3269894621763178,0.146759711718594,-339.3731586448848,-333.0853042481467,-339.43107413093094,-325.47049491642974,7.672724817763083,-1.0,-0.3269894621763178,0.0,1,0.19017169581049542,0.18216460459877223,0.1501433469024087,0.3169137419629672,1.0
chr14:103576443:T:C;chr14:103576526:C:T;var1;middle;OL30|K562|bdbca0552ea051f3,chr14:103576443:T:C;chr14:103576526:C:T;var1;middle;OL30,K562,K562_region_00600,100,183,83,GTGAGTGCCCGCATGTCTCTGCAGGCGGGACCACATACTGGCCATTCTGGCGCTGCGCCGACTGGGCCGCCAGCGGAACCAGCATCTCTTGCAGCACACTCAAGACCTGCTGAGAGCTGCGGCCGGGGCGGCGGGTGCGGAGGCCCCTCGGGGCCGCGTGCTCTTCGAGGAGATCAAGGTGCCCAGTGCCATGGCTGTGC,5d5dbf05b1211abee1378fe6fddbf4fc29e61770c0f08e69bde6f1f333742e9b,0.0,GTGAGTGCCCGCATGTCTCTGCAGGCGGGACCACATACTGGCCATTCTGGCGCTGCGCCGACTGGGCCGCCAGCGGAACCAGCATCTCTTGCAGCACACCCAAGACCTGCTGAGAGCTGCGGCCGGGGCGGCGGGTGCGGAGGCCCCTCGGGGCCGCGTGCTCTTCGAGGAGATCAAGGTGCCCAGTGCCATGGCTGTGC,1f666be190d772b162bc590efbbb10d3a56adfc4ddb9ec9142e1b590a34f0ff0,-0.147564045404312,GTGAGTGCCCGCATGTCTCTGCAGGCGGGACCACATACTGGCCATTCTGGCGCTGCGCCGACTGGGCCGCCAGCGGAACCAGCATCTCTTGCAGCACACTCAAGACCTGCTGAGAGCTGCGGCCGGGGCGGCGGGTGCGGAGGCCCCTCGGGGCCGCGTGCTCTTCGAGGAGATCAAGGTGCTCAGTGCCATGGCTGTGC,9860bcee78b328b6213de4f614bff2cf1ce755b375e1f01d4824dafc45eb4312,-0.122395839806711,GTGAGTGCCCGCATGTCTCTGCAGGCGGGACCACATACTGGCCATTCTGGCGCTGCGCCGACTGGGCCGCCAGCGGAACCAGCATCTCTTGCAGCACACCCAAGACCTGCTGAGAGCTGCGGCCGGGGCGGCGGGTGCGGAGGCCCCTCGGGGCCGCGTGCTCTTCGAGGAGATCAAGGTGCTCAGTGCCATGGCTGTGC,bdbca0552ea051f3a7045f32c7aac79c53c83e457c36d2ce171b31aff53f66a2,-0.238375583041525,-0.0315843021694979,0.292105590822801,-291.1747333444655,-273.20534004084766,-295.48260254692286,-276.29860503040254,-1.2146042129024863,1.0,-0.0315843021694979,0.0,1,0.1811293729210552,0.18216460459877223,0.1501433469024087,0.0826323675125962,1.0
chr14:103576444:C:G;chr14:103576526:C:T;var1;middle;OL30|K562|f4553f6cbdcc8f49,chr14:103576444:C:G;chr14:103576526:C:T;var1;middle;OL30,K562,K562_region_00600,100,182,82,TGAGTGCCCGCATGTCTCTGCAGGCGGGACCACATACTGGCCATTCTGGCGCTGCGCCGACTGGGCCGCCAGCGGAACCAGCATCTCTTGCAGCACACTCAAGACCTGCTGAGAGCTGCGGCCGGGGCGGCGGGTGCGGAGGCCCCTCGGGGCCGCGTGCTCTTCGAGGAGATCAAGGTGCCCAGTGCCATGGCTGTGCT,4e5b519f0cdfff0a3b068d799b50f60fd009dc6575071ac4ff85f73de864e2b5,0.0,TGAGTGCCCGCATGTCTCTGCAGGCGGGACCACATACTGGCCATTCTGGCGCTGCGCCGACTGGGCCGCCAGCGGAACCAGCATCTCTTGCAGCACACTGAAGACCTGCTGAGAGCTGCGGCCGGGGCGGCGGGTGCGGAGGCCCCTCGGGGCCGCGTGCTCTTCGAGGAGATCAAGGTGCCCAGTGCCATGGCTGTGCT,bcd18735b2be2cb6a28133bd2259e2e2a57e9405f955a566e145818beb6b1a68,-0.0544469698483332,TGAGTGCCCGCATGTCTCTGCAGGCGGGACCACATACTGGCCATTCTGGCGCTGCGCCGACTGGGCCGCCAGCGGAACCAGCATCTCTTGCAGCACACTCAAGACCTGCTGAGAGCTGCGGCCGGGGCGGCGGGTGCGGAGGCCCCTCGGGGCCGCGTGCTCTTCGAGGAGATCAAGGTGCTCAGTGCCATGGCTGTGCT,a8514c12f743b62822659ef1bea3811d5ec69f2d68c3e6d9fd0ce262109ca938,-0.208470402079561,TGAGTGCCCGCATGTCTCTGCAGGCGGGACCACATACTGGCCATTCTGGCGCTGCGCCGACTGGGCCGCCAGCGGAACCAGCATCTCTTGCAGCACACTGAAGACCTGCTGAGAGCTGCGGCCGGGGCGGCGGGTGCGGAGGCCCCTCGGGGCCGCGTGCTCTTCGAGGAGATCAAGGTGCTCAGTGCCATGGCTGTGCT,f4553f6cbdcc8f4917be854127a9b3e43d0f8bbbedae06bca106eff9a36320e9,-0.158092880771575,0.1048244911563192,0.309814551569197,-279.44612639490515,-272.80775043182075,-284.8701483462937,-278.353181745857,-0.12140936264768243,-1.0,-0.1048244911563192,0.0,1,0.18224163294687049,0.18216460459877223,0.1501433469024087,0.10869905916217695,1.0
chr14:104729699:A:G;chr14:104729715:G:C;var1;middle;OL27|K562|2a8c8bf4da10f76e,chr14:104729699:A:G;chr14:104729715:G:C;var1;middle;OL27,K562,K562_region_00601,100,116,16,GGTTGGGGACAACATGGCTCAGATGGGTCCCACCTGCAGGCAAGCCTGTCCTGAGGGCCTTGGTTCCAGTGCAGGGGTGGCAGAGCCTCCTGCTGCACCAGACAGGGCTGGGGCAGGCGGGGTGGCTGGGCGGGGCTGGGGCAGGCGGGGCTGGCCATGTCCACTGCAGGGCCTGGAGGACGGGTCTTGGCTCGTTCCCC,3b70886c14ad09827deab04ab8b4865a61499b71abeb524a3e70b4a4649411b5,0.0,GGTTGGGGACAACATGGCTCAGATGGGTCCCACCTGCAGGCAAGCCTGTCCTGAGGGCCTTGGTTCCAGTGCAGGGGTGGCAGAGCCTCCTGCTGCACCGGACAGGGCTGGGGCAGGCGGGGTGGCTGGGCGGGGCTGGGGCAGGCGGGGCTGGCCATGTCCACTGCAGGGCCTGGAGGACGGGTCTTGGCTCGTTCCCC,a63f965f4a2c96b0ff81c213e67cfcde2c378776477bb7663dd71b3b8efda998,0.037115466804249,GGTTGGGGACAACATGGCTCAGATGGGTCCCACCTGCAGGCAAGCCTGTCCTGAGGGCCTTGGTTCCAGTGCAGGGGTGGCAGAGCCTCCTGCTGCACCAGACAGGGCTGGGGCACGCGGGGTGGCTGGGCGGGGCTGGGGCAGGCGGGGCTGGCCATGTCCACTGCAGGGCCTGGAGGACGGGTCTTGGCTCGTTCCCC,aef08761dc68d75dc92ad83da8a12767ef0b8a3a06594cdf17cc354db1db2f09,-0.741753519668997,GGTTGGGGACAACATGGCTCAGATGGGTCCCACCTGCAGGCAAGCCTGTCCTGAGGGCCTTGGTTCCAGTGCAGGGGTGGCAGAGCCTCCTGCTGCACCGGACAGGGCTGGGGCACGCGGGGTGGCTGGGCGGGGCTGGGGCAGGCGGGGCTGGCCATGTCCACTGCAGGGCCTGGAGGACGGGTCTTGGCTCGTTCCCC,2a8c8bf4da10f76e0cd75a1b16782f0f4d0f88cb32f8c965cced3d73b6b6bab1,-0.570755956777544,0.133882096087204,0.123586540162582,-295.59980369755067,-314.41206421435345,-318.65011168655474,-336.19568945793435,1.266682745423168,-1.0,-0.133882096087204,0.0,2,0.17703886086100273,0.17490732828716207,0.146091925319964,0.24496951847952586,1.0
chr14:105283159:C:T;chr14:105283166:C:T;var1;middle;OL41|K562|2863c053598ded79,chr14:105283159:C:T;chr14:105283166:C:T;var1;middle;OL41,K562,K562_region_00602,100,107,7,AGCTTTGGGGAAGACCTTCTTGGTTTTGTCTGCTGGCTGGACTGACCCTGGCCCTCAGCCCAGGTGAGGCGACCAGCGGCATGATGCCCGGGTGGAACACGGATTTCTCTCCAGGGTGGCCGAAGAATGGTTTAGAAGCAGCAGTGGGATGAGGGAGAATCCCGACCCCGTCTCAAAAGGTGAAGATACGTCAGGTCTGG,1b2d0e47cc25d34dcb3baa3cd6de6764271e4af30e1c67ec9acbd5640f0e892e,0.0,AGCTTTGGGGAAGACCTTCTTGGTTTTGTCTGCTGGCTGGACTGACCCTGGCCCTCAGCCCAGGTGAGGCGACCAGCGGCATGATGCCCGGGTGGAACATGGATTTCTCTCCAGGGTGGCCGAAGAATGGTTTAGAAGCAGCAGTGGGATGAGGGAGAATCCCGACCCCGTCTCAAAAGGTGAAGATACGTCAGGTCTGG,7d5764d08d9ab1a47882988a2e67134806c5a1a5a769eb0717ab96114f987afd,-0.240767532126786,AGCTTTGGGGAAGACCTTCTTGGTTTTGTCTGCTGGCTGGACTGACCCTGGCCCTCAGCCCAGGTGAGGCGACCAGCGGCATGATGCCCGGGTGGAACACGGATTTTTCTCCAGGGTGGCCGAAGAATGGTTTAGAAGCAGCAGTGGGATGAGGGAGAATCCCGACCCCGTCTCAAAAGGTGAAGATACGTCAGGTCTGG,8e0b69d2391b422500e06e3d31ffa18d9a2fe0ad17d90e8d742b0a5ee3898ccd,0.600314755778608,AGCTTTGGGGAAGACCTTCTTGGTTTTGTCTGCTGGCTGGACTGACCCTGGCCCTCAGCCCAGGTGAGGCGACCAGCGGCATGATGCCCGGGTGGAACATGGATTTTTCTCCAGGGTGGCCGAAGAATGGTTTAGAAGCAGCAGTGGGATGAGGGAGAATCCCGACCCCGTCTCAAAAGGTGAAGATACGTCAGGTCTGG,2863c053598ded790d9415118f56ee15ccbfdc8111d4c63c167d819e253d4875,1.02687567771979,0.667328454067968,0.287314771112873,-409.6860121831997,-409.03586181101855,-399.9900760303717,-397.2989687728696,2.040956885320952,-1.0,-0.667328454067968,0.0,0,0.18839743543391188,0.18565657667894103,0.15145376406925343,0.20556796983093598,1.0
chr14:106452690:G:A;chr14:106452766:T:A;var1;middle;OL41|K562|79b8fb7cd43576dd,chr14:106452690:G:A;chr14:106452766:T:A;var1;middle;OL41,K562,K562_region_00603,100,176,76,TTTCATTTCTCAGCCCCAGCACAGCTGCCTCCTCCCTTGGGTTTCTGACACCCTCAGGATGTGGGTTTTCACACTGTGTCTCTCGCACAGTAATACACGGCCGTGTCGTCAGATCTCAGCCTGCTCAGCTCCATGTAGGCTGTGCTGATGGACGTGTCCCTGGTCATGGTGACCCTGCCCTGAAACTTCTGTGCATAGTT,700a91875f8cfd9298c538d867e6e0fd3ae4296eb236e75f391460f9d7991789,0.0,TTTCATTTCTCAGCCCCAGCACAGCTGCCTCCTCCCTTGGGTTTCTGACACCCTCAGGATGTGGGTTTTCACACTGTGTCTCTCGCACAGTAATACACGACCGTGTCGTCAGATCTCAGCCTGCTCAGCTCCATGTAGGCTGTGCTGATGGACGTGTCCCTGGTCATGGTGACCCTGCCCTGAAACTTCTGTGCATAGTT,e3419d047e2fdee4c1663ec4c83609466b9d1ab387a9fc899f8f1bdfc572fd49,0.298118947417153,TTTCATTTCTCAGCCCCAGCACAGCTGCCTCCTCCCTTGGGTTTCTGACACCCTCAGGATGTGGGTTTTCACACTGTGTCTCTCGCACAGTAATACACGGCCGTGTCGTCAGATCTCAGCCTGCTCAGCTCCATGTAGGCTGTGCTGATGGACGTGTCCCTGGTCATGGTGACCCAGCCCTGAAACTTCTGTGCATAGTT,b902ac50ad657aab6ba2c1c20afcf957b305cd2af36e88783406b6e4aa9843d5,0.338455431554314,TTTCATTTCTCAGCCCCAGCACAGCTGCCTCCTCCCTTGGGTTTCTGACACCCTCAGGATGTGGGTTTTCACACTGTGTCTCTCGCACAGTAATACACGACCGTGTCGTCAGATCTCAGCCTGCTCAGCTCCATGTAGGCTGTGCTGATGGACGTGTCCCTGGTCATGGTGACCCAGCCCTGAAACTTCTGTGCATAGTT,79b8fb7cd43576dd06c456a4a0309d972e91d83cc0fbf1d3b5aceba6613297e2,0.166637117370571,0.4699372616008961,0.372608174450633,-251.99056725762784,-241.044225811027,-215.0524033419788,-211.1178545388393,7.011792643461376,1.0,0.4699372616008961,0.0,4,0.18488982144075283,0.17620727786206916,0.145609630836647,0.26709567724179817,1.0
chr14:20922994:C:A;chr14:20923007:C:A;var1;middle;OL41|K562|dde1a1f23d6b9227,chr14:20922994:C:A;chr14:20923007:C:A;var1;middle;OL41,K562,K562_region_00547,100,113,13,TGGAGGTCCTCACTAGTCCGCGCTGGGCCGCAGCTTTCCGGAGCGCAGAGGAAGCTGGCCAGCCTGCAGATAGCACTGGGAAAGACACCGCGGAACTCCCGCGAGCGGAGACCCGCCAAGGCCCCTCCAGGGACCTGTCTTCCTAACTGCCAGGGACGCCGAGCCAACTCTGTGCCTTACATTCGTATCCGTTTTCCTAT,cf5213cc3b1b77a6f80f1b14b9ea49c3f0f917ed61541bf0bf69b8981605706f,0.0,TGGAGGTCCTCACTAGTCCGCGCTGGGCCGCAGCTTTCCGGAGCGCAGAGGAAGCTGGCCAGCCTGCAGATAGCACTGGGAAAGACACCGCGGAACTCCAGCGAGCGGAGACCCGCCAAGGCCCCTCCAGGGACCTGTCTTCCTAACTGCCAGGGACGCCGAGCCAACTCTGTGCCTTACATTCGTATCCGTTTTCCTAT,ee07193c329bdaa2f5d73d6ddc7730e52b381b2206a3035c7c7cd81ea3175dd1,-0.229692162729472,TGGAGGTCCTCACTAGTCCGCGCTGGGCCGCAGCTTTCCGGAGCGCAGAGGAAGCTGGCCAGCCTGCAGATAGCACTGGGAAAGACACCGCGGAACTCCCGCGAGCGGAGACACGCCAAGGCCCCTCCAGGGACCTGTCTTCCTAACTGCCAGGGACGCCGAGCCAACTCTGTGCCTTACATTCGTATCCGTTTTCCTAT,92695e9947088b0f5612d578aad2f60c44a843124ada8727a0ef1bbb0087bffc,0.0604517463337899,TGGAGGTCCTCACTAGTCCGCGCTGGGCCGCAGCTTTCCGGAGCGCAGAGGAAGCTGGCCAGCCTGCAGATAGCACTGGGAAAGACACCGCGGAACTCCAGCGAGCGGAGACACGCCAAGGCCCCTCCAGGGACCTGTCTTCCTAACTGCCAGGGACGCCGAGCCAACTCTGTGCCTTACATTCGTATCCGTTTTCCTAT,dde1a1f23d6b92271d17b125d8a5ab05b7eb229f95dde5153a14175e887ec326,0.189460383878139,0.3587008002738211,0.252421979612068,-397.9893706878647,-386.999615280889,-382.01315551809967,-371.9615395916626,-0.9381394805386662,-1.0,-0.3587008002738211,0.0,0,0.1845711186093028,0.18565657667894103,0.15145376406925343,0.18787864031474172,1.0
chr14:23288935:C:G;chr14:23288953:A:G;var1;middle;OL31|K562|197f50a1556f3ddc,chr14:23288935:C:G;chr14:23288953:A:G;var1;middle;OL31,K562,K562_region_00548,100,118,18,CCACCTCTTACCTGTCCAGTGACCTTTGGGCAGGTGCGGGGAGGAGGGGCTACCAGCTGAGTCAGGGGAGAGGGGAAGGTGCTAGTTAGGAGAACCAAGCGTATCGCTCATGCTGCAACAGCTGTTGACTCTGAGGAGCAGAAAAAGCAGAGGGTAACGGGGACTGAAATGGAAAACAGGAAAACACATGTGTGACTCTG,4b144b07bc4ed2663280d8868bb03ff133d44019b662adddc12bb795c04f196a,0.0,CCACCTCTTACCTGTCCAGTGACCTTTGGGCAGGTGCGGGGAGGAGGGGCTACCAGCTGAGTCAGGGGAGAGGGGAAGGTGCTAGTTAGGAGAACCAAGGGTATCGCTCATGCTGCAACAGCTGTTGACTCTGAGGAGCAGAAAAAGCAGAGGGTAACGGGGACTGAAATGGAAAACAGGAAAACACATGTGTGACTCTG,b82e7e70388a8e11212dcee635d3de077f388402eb18f09c22a8b6f120be6537,-0.323626542742187,CCACCTCTTACCTGTCCAGTGACCTTTGGGCAGGTGCGGGGAGGAGGGGCTACCAGCTGAGTCAGGGGAGAGGGGAAGGTGCTAGTTAGGAGAACCAAGCGTATCGCTCATGCTGCAGCAGCTGTTGACTCTGAGGAGCAGAAAAAGCAGAGGGTAACGGGGACTGAAATGGAAAACAGGAAAACACATGTGTGACTCTG,d12382709f6ccdf892792a4822f252f9f84376196673eba72a848c0bed62c575,0.232013831081436,CCACCTCTTACCTGTCCAGTGACCTTTGGGCAGGTGCGGGGAGGAGGGGCTACCAGCTGAGTCAGGGGAGAGGGGAAGGTGCTAGTTAGGAGAACCAAGGGTATCGCTCATGCTGCAGCAGCTGTTGACTCTGAGGAGCAGAAAAAGCAGAGGGTAACGGGGACTGAAATGGAAAACAGGAAAACACATGTGTGACTCTG,197f50a1556f3ddc0f4161002f849dd764f238b86f0672619952f1b6ec31e684,-0.162705294180001,-0.0710925825192499,0.166268316883815,-326.2524899188429,-327.01159941218793,-322.9114780379459,-323.80587736610323,-0.13528983481228352,-1.0,0.0710925825192499,0.0,2,0.17499747543214775,0.17490732828716207,0.146091925319964,0.3480722687922555,1.0
chr14:23369294:C:G;chr14:23369378:T:C;var1;middle;OL41|K562|dc7612393e873eb0,chr14:23369294:C:G;chr14:23369378:T:C;var1;middle;OL41,K562,K562_region_00549,100,184,84,GCTGGGTGAGACAGCCTCTCTCCCACCCCCTTATTATTAAGGCAGTGGTAGGTGCACCTTCCCTTTCACAGAGGTATTTCTGGAATACTCAGTTCCCTACAATTCACTGGTCCCAGGCCTGTGTTATCCCAGGCAGAGCCACATGGAAAGCAGGAGTTGAGGGGACTGACAGAGGAACAACAGTAGACATCAGGTCAGGA,a01de1609102cd3f69d31393bc7fd06bf30572dff7ec7c6728f2e34e315c208c,0.0,GCTGGGTGAGACAGCCTCTCTCCCACCCCCTTATTATTAAGGCAGTGGTAGGTGCACCTTCCCTTTCACAGAGGTATTTCTGGAATACTCAGTTCCCTAGAATTCACTGGTCCCAGGCCTGTGTTATCCCAGGCAGAGCCACATGGAAAGCAGGAGTTGAGGGGACTGACAGAGGAACAACAGTAGACATCAGGTCAGGA,1a9ba6149cc65a8995ae23d4740e544f76130a591dfa925df18e39994a4cdd28,-0.522195206474267,GCTGGGTGAGACAGCCTCTCTCCCACCCCCTTATTATTAAGGCAGTGGTAGGTGCACCTTCCCTTTCACAGAGGTATTTCTGGAATACTCAGTTCCCTACAATTCACTGGTCCCAGGCCTGTGTTATCCCAGGCAGAGCCACATGGAAAGCAGGAGTTGAGGGGACTGACAGAGGAACAACAGCAGACATCAGGTCAGGA,4c0e511da742e09d7c7790d3a0a7d9065a28e4d29ed73ba235c327a8cc98f822,-0.691956955630641,GCTGGGTGAGACAGCCTCTCTCCCACCCCCTTATTATTAAGGCAGTGGTAGGTGCACCTTCCCTTTCACAGAGGTATTTCTGGAATACTCAGTTCCCTAGAATTCACTGGTCCCAGGCCTGTGTTATCCCAGGCAGAGCCACATGGAAAGCAGGAGTTGAGGGGACTGACAGAGGAACAACAGCAGACATCAGGTCAGGA,dc7612393e873eb09c78303e2eda5e624dcb61aab11fda93799c22febb35c50e,-0.423958982204526,0.7901931799003821,0.555897106387782,-288.3095247345045,-276.3302396791987,-287.41653464216506,-275.1487429345143,0.28850665234494954,-1.0,-0.7901931799003821,0.0,2,0.1756145573821652,0.17490732828716207,0.146091925319964,0.32068309658704724,1.0
chr14:23494987:T:C;chr14:23495048:T:C;var1;middle;OL41|K562|40717bee473e0a2f,chr14:23494987:T:C;chr14:23495048:T:C;var1;middle;OL41,K562,K562_region_00550,100,161,61,CTCTCCTTCTCCGTTATTAGCTTCATGAGTGGGGACATTAATGTATTCACTAGACAATGTCTTCACACCACTGTTTCCTGTAATTACAGTCACTTCCCTTCCACTGTCCTGGCTTATTTGACTGAAAAGTGCTTGGAGGAGGGACAGTGTGGACAAAAGATGCAACACAGGCTGAGATTGAGTAGTGAGTAGTGTAATGT,483aec6454b51691e2e3471b80d4b896e463a0b43304d68a961d4e7af5d9f927,0.0,CTCTCCTTCTCCGTTATTAGCTTCATGAGTGGGGACATTAATGTATTCACTAGACAATGTCTTCACACCACTGTTTCCTGTAATTACAGTCACTTCCCTCCCACTGTCCTGGCTTATTTGACTGAAAAGTGCTTGGAGGAGGGACAGTGTGGACAAAAGATGCAACACAGGCTGAGATTGAGTAGTGAGTAGTGTAATGT,21a95fc0aff70227758d925db4413fdcf0e3df3a853a11597ac047bc7dca41d7,0.0442155114166844,CTCTCCTTCTCCGTTATTAGCTTCATGAGTGGGGACATTAATGTATTCACTAGACAATGTCTTCACACCACTGTTTCCTGTAATTACAGTCACTTCCCTTCCACTGTCCTGGCTTATTTGACTGAAAAGTGCTTGGAGGAGGGACAGTGTGGACAAAAGACGCAACACAGGCTGAGATTGAGTAGTGAGTAGTGTAATGT,84e356cc5b464aac67f8a7c62d6c891aadf4cb8d9c669f38ddd7bca6fc8a02ea,0.297240930913641,CTCTCCTTCTCCGTTATTAGCTTCATGAGTGGGGACATTAATGTATTCACTAGACAATGTCTTCACACCACTGTTTCCTGTAATTACAGTCACTTCCCTCCCACTGTCCTGGCTTATTTGACTGAAAAGTGCTTGGAGGAGGGACAGTGTGGACAAAAGACGCAACACAGGCTGAGATTGAGTAGTGAGTAGTGTAATGT,40717bee473e0a2f48ef277d7365f3ede877927fb7df129dfe4c85ea57d15dfa,0.557533904323118,-0.2160774619927926,0.349781918934719,-253.7824197411537,-252.3739906847477,-255.58896845579147,-255.07727812230587,0.8967387229203894,1.0,-0.2160774619927926,0.0,4,0.17731075440027302,0.17620727786206916,0.145609630836647,0.14684878204536675,1.0
chr14:23717231:G:T;chr14:23717234:G:T;var1;middle;OL29|K562|58ad7428891b3d6e,chr14:23717231:G:T;chr14:23717234:G:T;var1;middle;OL29,K562,K562_region_00551,100,103,3,AATACCTTAGACTGGGCAATTTCTAAATAACAGAAATTTAATTTTAACAGTTCTGGAGGCTGGGAAGTTCAACATCAAGGCACTAACAGATTCAGTGTCGGGGGAGGGCTTACTCTTTGCTTCCAAGATAATGCCTTCTTGCTGCATCCTCACATGGCAAAAGTGGCAAACAGGCTCCTTCAAGCCTCTTTTTATTTAGT,71f5669d39edba6a17b59625076257c361407d026739eb275363d54841dc7757,0.0,AATACCTTAGACTGGGCAATTTCTAAATAACAGAAATTTAATTTTAACAGTTCTGGAGGCTGGGAAGTTCAACATCAAGGCACTAACAGATTCAGTGTCTGGGGAGGGCTTACTCTTTGCTTCCAAGATAATGCCTTCTTGCTGCATCCTCACATGGCAAAAGTGGCAAACAGGCTCCTTCAAGCCTCTTTTTATTTAGT,28aa60b5c20f805101f7339b5789fde2eb18aa635c4613ccd499bad24555fd1f,-0.180405950297865,AATACCTTAGACTGGGCAATTTCTAAATAACAGAAATTTAATTTTAACAGTTCTGGAGGCTGGGAAGTTCAACATCAAGGCACTAACAGATTCAGTGTCGGGTGAGGGCTTACTCTTTGCTTCCAAGATAATGCCTTCTTGCTGCATCCTCACATGGCAAAAGTGGCAAACAGGCTCCTTCAAGCCTCTTTTTATTTAGT,a6b592a98fd4af8fa41167737e0bc86d7d31fdc200598022b8b7aa970310a154,-0.29256586435955,AATACCTTAGACTGGGCAATTTCTAAATAACAGAAATTTAATTTTAACAGTTCTGGAGGCTGGGAAGTTCAACATCAAGGCACTAACAGATTCAGTGTCTGGTGAGGGCTTACTCTTTGCTTCCAAGATAATGCCTTCTTGCTGCATCCTCACATGGCAAAAGTGGCAAACAGGCTCCTTCAAGCCTCTTTTTATTTAGT,58ad7428891b3d6e18e92996cf63becca2c78d4099a7a94903dfe27004c2d7ae,-0.106639409417972,0.366332405239443,0.170787465931376,-228.91972713638097,-200.29461537394675,-192.74128052219748,-165.45769114699215,-1.3415223872289062,-1.0,-0.366332405239443,0.0,1,0.18100024131032738,0.18216460459877223,0.1501433469024087,0.1380375387969314,1.0
chr14:24458684:G:C;chr14:24458752:G:A;var1;middle;OL41|K562|d34a4a7d04e1966d,chr14:24458684:G:C;chr14:24458752:G:A;var1;middle;OL41,K562,K562_region_00552,100,168,68,GACCAGAAACTGGAAATGCAAGGGAATCTGGATTCAAAATCTTATAACAAGGCCTCCAGCTTTTTGAAAATGTACCATTCTATTTGGGCTCCAGAAAGTGTCCCGGAACCCCTCCCCCTTACCTAGATGGGACACCAGAGCCATGTGTCGAGACTTTTTTTTAGGTCGGTACATCTGGGCCTACCTTGCCCAGCCTGTTT,70d1053b739cfe70235726a8e80e052f4bd0b7396267e36264fcbb06fb554144,0.0,GACCAGAAACTGGAAATGCAAGGGAATCTGGATTCAAAATCTTATAACAAGGCCTCCAGCTTTTTGAAAATGTACCATTCTATTTGGGCTCCAGAAAGTCTCCCGGAACCCCTCCCCCTTACCTAGATGGGACACCAGAGCCATGTGTCGAGACTTTTTTTTAGGTCGGTACATCTGGGCCTACCTTGCCCAGCCTGTTT,b5cde62fe9d2a3f24d6730cfbcee93ab3ad1c14cc1636489861ed5d39db9d8f2,-0.0490221564194665,GACCAGAAACTGGAAATGCAAGGGAATCTGGATTCAAAATCTTATAACAAGGCCTCCAGCTTTTTGAAAATGTACCATTCTATTTGGGCTCCAGAAAGTGTCCCGGAACCCCTCCCCCTTACCTAGATGGGACACCAGAGCCATGTGTCGAGACTTTTTTTTAGGTCAGTACATCTGGGCCTACCTTGCCCAGCCTGTTT,d157141d22a6666993e3455f7d58f4f060e62899a3d53ca633ee3b3352a80893,-0.285968830489733,GACCAGAAACTGGAAATGCAAGGGAATCTGGATTCAAAATCTTATAACAAGGCCTCCAGCTTTTTGAAAATGTACCATTCTATTTGGGCTCCAGAAAGTCTCCCGGAACCCCTCCCCCTTACCTAGATGGGACACCAGAGCCATGTGTCGAGACTTTTTTTTAGGTCAGTACATCTGGGCCTACCTTGCCCAGCCTGTTT,d34a4a7d04e1966d0d4074e74b5292a167741417d59c5705bf2dc1a871453fc2,-0.0395557445363262,0.2954352423728733,0.387105287974582,-476.7601545557845,-476.4408790870221,-471.58971828990616,-469.65486115159,1.6155816695537055,-1.0,-0.2954352423728733,0.0,2,0.17754688590364917,0.17490732828716207,0.146091925319964,0.24928902204040027,1.0
chr14:24760764:G:A;chr14:24760808:C:T;var1;middle;OL41|K562|431ec8b445845684,chr14:24760764:G:A;chr14:24760808:C:T;var1;middle;OL41,K562,K562_region_00553,100,144,44,TCCTCAACCAACTCCCGAGCCAGATCTGGGCACTGGATGCTACCGCACTACACATCCTCCATGCCCTTTCTTATTACCAGCTGCCCCCAAACTTCACCTGTTGCCAAAGCCACCACACATTTGCCACTCAATTCTGTGGTTTCCGCAGATGAGAAGGCTGATTTGAACTGAAACACAGGGGCAGAGAAGTGAAGGGTTAA,527bcb8636b766cedbeed14f1bf4a5acd137eadb8c660b2967d20ab17ca8b814,0.0,TCCTCAACCAACTCCCGAGCCAGATCTGGGCACTGGATGCTACCGCACTACACATCCTCCATGCCCTTTCTTATTACCAGCTGCCCCCAAACTTCACCTATTGCCAAAGCCACCACACATTTGCCACTCAATTCTGTGGTTTCCGCAGATGAGAAGGCTGATTTGAACTGAAACACAGGGGCAGAGAAGTGAAGGGTTAA,364c04462017db5ccc7af3cc0a9e2f3b0ded0159ae366f091379611dd4dadbdf,-0.0629148456731533,TCCTCAACCAACTCCCGAGCCAGATCTGGGCACTGGATGCTACCGCACTACACATCCTCCATGCCCTTTCTTATTACCAGCTGCCCCCAAACTTCACCTGTTGCCAAAGCCACCACACATTTGCCACTCAATTCTGTGGTTTCTGCAGATGAGAAGGCTGATTTGAACTGAAACACAGGGGCAGAGAAGTGAAGGGTTAA,c32289cdbcee74df326711d510a544b865ae9a8038fe0c4fc6b6ee5244880683,-0.175053363576855,TCCTCAACCAACTCCCGAGCCAGATCTGGGCACTGGATGCTACCGCACTACACATCCTCCATGCCCTTTCTTATTACCAGCTGCCCCCAAACTTCACCTATTGCCAAAGCCACCACACATTTGCCACTCAATTCTGTGGTTTCTGCAGATGAGAAGGCTGATTTGAACTGAAACACAGGGGCAGAGAAGTGAAGGGTTAA,431ec8b445845684dc2cb76cfd5c68abf38742902e6482aad46ac511cb9c6328,-0.482988602034324,0.2450203927843157,0.435243204133848,-312.6906328089535,-311.22004246432334,-303.1282362211496,-303.9983906392008,2.3407447626814246,1.0,0.2450203927843157,0.0,0,0.18878247950704216,0.18565657667894103,0.15145376406925343,0.07193981205127672,1.0
chr14:24768952:A:C;chr14:24768967:G:A;var1;middle;OL41|K562|ab896c7b32e6a83f,chr14:24768952:A:C;chr14:24768967:G:A;var1;middle;OL41,K562,K562_region_00554,100,115,15,CAGATTGAGCCGGCGACGTGGAGGCAGTGTTCAAGGATTGATTCTGTAGTAGGACCCGGGGCGATTCTGTGCTGAGGTAGAGGGGCAGAGTCCCAGGCCAAAGTTAGAACCTGCGGATGGGGGCGGAGCGATCTGGGTGACACACCCACCCCGCCCGGCTGGGGCGGCGCGGAACTATGACGTAGTAGCTGCGTCAGGAG,26dc955d1bd5fee10b64edc91bb8ff116b80917424ea65e84067eb41c94ea857,0.0,CAGATTGAGCCGGCGACGTGGAGGCAGTGTTCAAGGATTGATTCTGTAGTAGGACCCGGGGCGATTCTGTGCTGAGGTAGAGGGGCAGAGTCCCAGGCCCAAGTTAGAACCTGCGGATGGGGGCGGAGCGATCTGGGTGACACACCCACCCCGCCCGGCTGGGGCGGCGCGGAACTATGACGTAGTAGCTGCGTCAGGAG,395801697a21673158d8b9a2150e7aa4e7e71b42cd88d9a55ff9cd4e84d51bdb,0.0936541356773621,CAGATTGAGCCGGCGACGTGGAGGCAGTGTTCAAGGATTGATTCTGTAGTAGGACCCGGGGCGATTCTGTGCTGAGGTAGAGGGGCAGAGTCCCAGGCCAAAGTTAGAACCTGCAGATGGGGGCGGAGCGATCTGGGTGACACACCCACCCCGCCCGGCTGGGGCGGCGCGGAACTATGACGTAGTAGCTGCGTCAGGAG,5d97f9164d0b10f3a2dbaa68c501a0041d50b84a49a7a603dcc5315ffa211a28,-0.146179726407603,CAGATTGAGCCGGCGACGTGGAGGCAGTGTTCAAGGATTGATTCTGTAGTAGGACCCGGGGCGATTCTGTGCTGAGGTAGAGGGGCAGAGTCCCAGGCCCAAGTTAGAACCTGCAGATGGGGGCGGAGCGATCTGGGTGACACACCCACCCCGCCCGGCTGGGGCGGCGCGGAACTATGACGTAGTAGCTGCGTCAGGAG,ab896c7b32e6a83f11d202715b9e08812ccf95510d4ac36914f66c0f3bdf5dae,0.0251743341779242,0.077699924908165,0.167350101694844,-341.9976921752095,-331.8040049690753,-343.99849556945264,-329.6566844768822,4.148123886436224,-1.0,-0.077699924908165,0.0,2,0.18123447213207303,0.17490732828716207,0.146091925319964,0.16180040419262945,1.0
chr14:24809185:T:C;chr14:24809191:T:C;var1;middle;OL41|K562|9b72700d789051b2,chr14:24809185:T:C;chr14:24809191:T:C;var1;middle;OL41,K562,K562_region_00555,100,106,6,GTGACTTCTGGGGCTTGGTCCTTTCGCAGAGAGGGGAAGGGGTCTGTCTGTGCAGGGGTCAGTCTCTAGACCAAGACGGTGAGTCTACTTTCCGGGTTGTTACCCTTTTTCCGAGTTGACTGAACAACTTCCCTTATAGGCGCCTCTACAGTCCCGCCCCTGGGGTGGGGCAGGGGGCAGAGCGAAAGCTAGTGCCTTTC,7d89208d11957b37f0ca3022ef925fced8912c8f781c0ce4ddf77eb6d6e5864c,0.0,GTGACTTCTGGGGCTTGGTCCTTTCGCAGAGAGGGGAAGGGGTCTGTCTGTGCAGGGGTCAGTCTCTAGACCAAGACGGTGAGTCTACTTTCCGGGTTGCTACCCTTTTTCCGAGTTGACTGAACAACTTCCCTTATAGGCGCCTCTACAGTCCCGCCCCTGGGGTGGGGCAGGGGGCAGAGCGAAAGCTAGTGCCTTTC,04154d90add944a161cce6d7f1c72bb10cc6491559685f92e9178f06d9f64145,-0.0316473961731361,GTGACTTCTGGGGCTTGGTCCTTTCGCAGAGAGGGGAAGGGGTCTGTCTGTGCAGGGGTCAGTCTCTAGACCAAGACGGTGAGTCTACTTTCCGGGTTGTTACCCCTTTTCCGAGTTGACTGAACAACTTCCCTTATAGGCGCCTCTACAGTCCCGCCCCTGGGGTGGGGCAGGGGGCAGAGCGAAAGCTAGTGCCTTTC,3bb30155bbf2be813f75a13ae5bdf0b5bb9b3135716cd1d6d40e692cbe827a19,-0.0067682079034187,GTGACTTCTGGGGCTTGGTCCTTTCGCAGAGAGGGGAAGGGGTCTGTCTGTGCAGGGGTCAGTCTCTAGACCAAGACGGTGAGTCTACTTTCCGGGTTGCTACCCCTTTTCCGAGTTGACTGAACAACTTCCCTTATAGGCGCCTCTACAGTCCCGCCCCTGGGGTGGGGCAGGGGGCAGAGCGAAAGCTAGTGCCTTTC,9b72700d789051b211365462e2f25a0dd5eddd5a20c4ce540f477702c8f0c9be,0.0048913465514198,0.0433069506279746,0.199448841478409,-266.04371197521687,-266.9858167767525,-265.8603700399399,-266.2797081470489,0.5227666944265934,-1.0,-0.0433069506279746,0.0,4,0.17684724923547018,0.17620727786206916,0.145609630836647,-0.014354705273862928,1.0
chr14:24869465:G:A;chr14:24869512:T:C;var1;middle;OL29|K562|8ab349ffc3bd8004,chr14:24869465:G:A;chr14:24869512:T:C;var1;middle;OL29,K562,K562_region_00556,100,147,47,CCTTGGAGATGGGTGGGAGTCTGGGAGGAGGGCTATGGGTTTTCAGATGAAAGGGCTTGCTATGTGGGGCTGGACCTTGGACAGGCCAGATCACAGTGCGCCTCTCTTGCAATCTCCCTGGCTTCTCTCACAAGCTTTTCCTCCCCTTGGGCCTGTCAGATTCCACTGTCCCCCAAGGTTTACCTCTTCCCTTAGATTCC,04bb5bfb1fe10d3278d3e8449f3fc35c3f3b1e9f25e1367e20d75e3258fa27d3,0.0,CCTTGGAGATGGGTGGGAGTCTGGGAGGAGGGCTATGGGTTTTCAGATGAAAGGGCTTGCTATGTGGGGCTGGACCTTGGACAGGCCAGATCACAGTGCACCTCTCTTGCAATCTCCCTGGCTTCTCTCACAAGCTTTTCCTCCCCTTGGGCCTGTCAGATTCCACTGTCCCCCAAGGTTTACCTCTTCCCTTAGATTCC,c9131d5f70bc7789edba7aca2c1c5ba5bbf1fb34a8de2bc0a81c6648ccd65607,-0.256890265998785,CCTTGGAGATGGGTGGGAGTCTGGGAGGAGGGCTATGGGTTTTCAGATGAAAGGGCTTGCTATGTGGGGCTGGACCTTGGACAGGCCAGATCACAGTGCGCCTCTCTTGCAATCTCCCTGGCTTCTCTCACAAGCTTTTCCTCCCCCTGGGCCTGTCAGATTCCACTGTCCCCCAAGGTTTACCTCTTCCCTTAGATTCC,b7e6d90a6c140ab277b8b8c6776ec1effb7c23ed02111468f3e169494580884f,-0.066513071912866,CCTTGGAGATGGGTGGGAGTCTGGGAGGAGGGCTATGGGTTTTCAGATGAAAGGGCTTGCTATGTGGGGCTGGACCTTGGACAGGCCAGATCACAGTGCACCTCTCTTGCAATCTCCCTGGCTTCTCTCACAAGCTTTTCCTCCCCCTGGGCCTGTCAGATTCCACTGTCCCCCAAGGTTTACCTCTTCCCTTAGATTCC,8ab349ffc3bd80043752ed812ac59c6c1cc487fe613120c018d7a87a1383c5aa,-0.219248320607034,0.1041550173046169,0.0939528166761592,-242.03907564282417,-237.42149032652372,-243.2243400812149,-238.6716682612896,-0.06491349637514077,-1.0,-0.1041550173046169,0.0,4,0.1761188717555126,0.17620727786206916,0.145609630836647,0.20082701476089407,1.0
chr14:24869746:C:T;chr14:24869751:C:T;var1;middle;OL29|K562|a0de289a99f35c38,chr14:24869746:C:T;chr14:24869751:C:T;var1;middle;OL29,K562,K562_region_00557,100,105,5,GCAGATGGGTTTATACCTATATCTTAATTGGTCAAGGCCATGGGTGGGGAGGCCCAGAACTCGGCCAGCCAGCCTGGTAGGCAGGCAGGCTGGGAAGTTCCTCCCTCAACCCCTCTGTGGAGCTGCTAGGTCAGCAGTTTTTCCAATTTTGACAGAGGTGCTAGGAGGGGGAAGGGGTGTCTTCCCAAAGAACATATGTA,8e427ea7c1a739ad44f083074fcd63787be7289c2766d46ccf070f2fd7fff3d0,0.0,GCAGATGGGTTTATACCTATATCTTAATTGGTCAAGGCCATGGGTGGGGAGGCCCAGAACTCGGCCAGCCAGCCTGGTAGGCAGGCAGGCTGGGAAGTTTCTCCCTCAACCCCTCTGTGGAGCTGCTAGGTCAGCAGTTTTTCCAATTTTGACAGAGGTGCTAGGAGGGGGAAGGGGTGTCTTCCCAAAGAACATATGTA,364318d0388e2331be26c27f385e507481336d1c1b2c7bd1f573e96294708b6d,-1.02444455272846,GCAGATGGGTTTATACCTATATCTTAATTGGTCAAGGCCATGGGTGGGGAGGCCCAGAACTCGGCCAGCCAGCCTGGTAGGCAGGCAGGCTGGGAAGTTCCTCCTTCAACCCCTCTGTGGAGCTGCTAGGTCAGCAGTTTTTCCAATTTTGACAGAGGTGCTAGGAGGGGGAAGGGGTGTCTTCCCAAAGAACATATGTA,a8121056b6dced9e9b9b4fcf4ca7379afcf6f82d7de1d9ae8d42b02703184dcc,-0.225285119364731,GCAGATGGGTTTATACCTATATCTTAATTGGTCAAGGCCATGGGTGGGGAGGCCCAGAACTCGGCCAGCCAGCCTGGTAGGCAGGCAGGCTGGGAAGTTTCTCCTTCAACCCCTCTGTGGAGCTGCTAGGTCAGCAGTTTTTCCAATTTTGACAGAGGTGCTAGGAGGGGGAAGGGGTGTCTTCCCAAAGAACATATGTA,a0de289a99f35c38838d5c889ea98715bd7a208b8c81837eee39ca456e610f82,-1.08588831883684,-0.1638413532563509,0.0963923379310709,-251.25929662771523,-255.6068458412774,-267.68712435569614,-273.3261595708318,1.291486001573503,1.0,-0.1638413532563509,0.0,0,0.18743482372221923,0.18565657667894103,0.15145376406925343,0.2079127045947266,1.0
chr14:24898556:G:C;chr14:24898558:C:T;var1;middle;OL41|K562|19244d1c032b8cfe,chr14:24898556:G:C;chr14:24898558:C:T;var1;middle;OL41,K562,K562_region_00558,100,102,2,CTTGGCAGAGCATGCAGTGACAGCAGTTGGGCTTTGGGAGAGAAAGGAGGGATGAAGCCGCCTGCCCACTGGACGGGAGGGCTGCAGCCAGAGCTTCAGGGCAGCCCTGCTGGATGGGACAGCACTGAGGGCTGGACCTGGGGGGATGGAGAACATGGTATGTGTGTGTGACGGGTGTGACAGAATGTGTGAGTGTGTGC,205fe1910106f5ae90330bf77811eaf42893d1508b4cc3645a9797fede66f9be,0.0,CTTGGCAGAGCATGCAGTGACAGCAGTTGGGCTTTGGGAGAGAAAGGAGGGATGAAGCCGCCTGCCCACTGGACGGGAGGGCTGCAGCCAGAGCTTCAGCGCAGCCCTGCTGGATGGGACAGCACTGAGGGCTGGACCTGGGGGGATGGAGAACATGGTATGTGTGTGTGACGGGTGTGACAGAATGTGTGAGTGTGTGC,72fcb3f260ae61fe9a986da3a9d72a7db7e9a3b4ce735cbea2785bde8815aace,1.56119168491657,CTTGGCAGAGCATGCAGTGACAGCAGTTGGGCTTTGGGAGAGAAAGGAGGGATGAAGCCGCCTGCCCACTGGACGGGAGGGCTGCAGCCAGAGCTTCAGGGTAGCCCTGCTGGATGGGACAGCACTGAGGGCTGGACCTGGGGGGATGGAGAACATGGTATGTGTGTGTGACGGGTGTGACAGAATGTGTGAGTGTGTGC,690a298acc7c741514e9b9257d45c4d947d6ee870c3943899020f8d98765232b,-0.203274340263996,CTTGGCAGAGCATGCAGTGACAGCAGTTGGGCTTTGGGAGAGAAAGGAGGGATGAAGCCGCCTGCCCACTGGACGGGAGGGCTGCAGCCAGAGCTTCAGCGTAGCCCTGCTGGATGGGACAGCACTGAGGGCTGGACCTGGGGGGATGGAGAACATGGTATGTGTGTGTGACGGGTGTGACAGAATGTGTGAGTGTGTGC,19244d1c032b8cfe49d7346b4c727d2a774b33661822f3e4203324f4600e0146,0.0264775545823628,-1.331439790070211,0.353053625869548,-215.6563139110804,-220.26243762299416,-221.1281191855669,-224.7749997377396,0.9592431597411064,-1.0,1.331439790070211,0.0,1,0.18334113190825818,0.18216460459877223,0.1501433469024087,-0.08653698272657295,1.0
chr14:24900209:C:G;chr14:24900231:G:C;var1;middle;OL41|K562|58fa10fb5fc83d68,chr14:24900209:C:G;chr14:24900231:G:C;var1;middle;OL41,K562,K562_region_00559,100,122,22,CCCCAAGGAAAACGCCAGCAGAGCCAAGGTGAACGCCTTCTCTCCCCCATCCCTCCAGGCACCAAGGACGCTTTCCCCCAGGGCGGAGGAGAGCAGGGCCGAGGAGAGCAGGGAAGAGGAGGGGCCTGGGGAGGATCTCCACTTCTTGGTTGTCTCACTGGCAACCTCAGTGCCCCTGAGTTTTGAGGGACTTTCCAACT,da442c461775001ddbd84dba36906a69507e7e10ea528bfcfd10e4e8466e7a86,0.0,CCCCAAGGAAAACGCCAGCAGAGCCAAGGTGAACGCCTTCTCTCCCCCATCCCTCCAGGCACCAAGGACGCTTTCCCCCAGGGCGGAGGAGAGCAGGGCGGAGGAGAGCAGGGAAGAGGAGGGGCCTGGGGAGGATCTCCACTTCTTGGTTGTCTCACTGGCAACCTCAGTGCCCCTGAGTTTTGAGGGACTTTCCAACT,2f4fe6c1ed9b5ac3d76a31b2ec0657409cd424b2ab59f888889ce439b087445d,1.32151370278338,CCCCAAGGAAAACGCCAGCAGAGCCAAGGTGAACGCCTTCTCTCCCCCATCCCTCCAGGCACCAAGGACGCTTTCCCCCAGGGCGGAGGAGAGCAGGGCCGAGGAGAGCAGGGAAGAGGAGCGGCCTGGGGAGGATCTCCACTTCTTGGTTGTCTCACTGGCAACCTCAGTGCCCCTGAGTTTTGAGGGACTTTCCAACT,ee374363a79ce5af36a87d14e54ffb7aedf1fa3e92c86453105c8d9a50b32fea,-1.66409551232459,CCCCAAGGAAAACGCCAGCAGAGCCAAGGTGAACGCCTTCTCTCCCCCATCCCTCCAGGCACCAAGGACGCTTTCCCCCAGGGCGGAGGAGAGCAGGGCGGAGGAGAGCAGGGAAGAGGAGCGGCCTGGGGAGGATCTCCACTTCTTGGTTGTCTCACTGGCAACCTCAGTGCCCCTGAGTTTTGAGGGACTTTCCAACT,58fa10fb5fc83d68d9a802b036b0eab0868fe9b4dcf14b6a72349c617af69ff4,-1.30659184602476,-0.9640100364835502,0.337197725709122,-223.2282020477578,-223.9778710738756,-223.87611340824515,-223.7669813814573,0.8588010529056191,-1.0,0.9640100364835502,0.0,3,0.1832027802800133,0.18106719778262317,0.1474303780702046,-0.028106710246452254,1.0
chr14:25414148:C:T;chr14:25414223:C:G;var1;middle;OL41|K562|2e98c3f308392240,chr14:25414148:C:T;chr14:25414223:C:G;var1;middle;OL41,K562,K562_region_00560,100,175,75,AGTTTGTTTGGAGTGTGAAAAGAGTGTGAAAAGATTCAGGGCCTGAATCTTAGCCCTGACTCTGCCACTAGCAAACAATAAGATCTCAGAGATTCTACTCGCTAGGCTTGTACTTCCTGTTGGCAACATGAGAGCAACAGACTCAGTGCTCTCCAAGGCTTTTAATTCAACAAACTGCTTATTAAGTAACTAATCCATGC,dd16504d7160968c6a3cc2d0ba045a4e6e0ab766e42d30ca267d1bf096e0d19c,0.0,AGTTTGTTTGGAGTGTGAAAAGAGTGTGAAAAGATTCAGGGCCTGAATCTTAGCCCTGACTCTGCCACTAGCAAACAATAAGATCTCAGAGATTCTACTTGCTAGGCTTGTACTTCCTGTTGGCAACATGAGAGCAACAGACTCAGTGCTCTCCAAGGCTTTTAATTCAACAAACTGCTTATTAAGTAACTAATCCATGC,fe76014e3ddc10e46d5192422b72bc011f113883e6c7157d3b0d2f2c784c7a5e,0.176719892478405,AGTTTGTTTGGAGTGTGAAAAGAGTGTGAAAAGATTCAGGGCCTGAATCTTAGCCCTGACTCTGCCACTAGCAAACAATAAGATCTCAGAGATTCTACTCGCTAGGCTTGTACTTCCTGTTGGCAACATGAGAGCAACAGACTCAGTGCTCTCCAAGGCTTTTAATTCAACAAAGTGCTTATTAAGTAACTAATCCATGC,54033648f53639f55b1579989397fdf80e5a068f45be7841204bb72c256e85b1,-0.312894729063788,AGTTTGTTTGGAGTGTGAAAAGAGTGTGAAAAGATTCAGGGCCTGAATCTTAGCCCTGACTCTGCCACTAGCAAACAATAAGATCTCAGAGATTCTACTTGCTAGGCTTGTACTTCCTGTTGGCAACATGAGAGCAACAGACTCAGTGCTCTCCAAGGCTTTTAATTCAACAAAGTGCTTATTAAGTAACTAATCCATGC,2e98c3f3083922408f1e6440761215f1366597425c42c4f22f4e10589001db38,-0.294477332329435,-0.158302495744052,0.332184113197565,-279.6219093524851,-273.20708073233254,-275.6635115754325,-270.61665754253045,-1.367974587250501,-1.0,0.158302495744052,0.0,4,0.17450384309118458,0.17620727786206916,0.145609630836647,0.1708374785011142,1.0
chr14:35225616:T:C;chr14:35225647:C:T;var1;middle;OL27|K562|328240621930dea3,chr14:35225616:T:C;chr14:35225647:C:T;var1;middle;OL27,K562,K562_region_00561,100,131,31,TTCACCGTGTTAGCCAGGATGGTCTCAATCTCTTGACCTCGTGATCTGCCCACCTCGGCCTCCCAAAGTGCTGGGATCACAGGCATGAGCCACTGTGCCTGGCCCTAAACTGTTGAGATTACAGGCGTGACACACTGCACCCAGCCAGAATACCTATTTTTTTTTTTTTTTTTTTTTTTTTGAGACAGAGTCTTGCCTAG,93861f53f9ba2d09272ccf3f2ecfe8d600b5ae7d9f7d9c95be74c7b6405bb1a9,0.0,TTCACCGTGTTAGCCAGGATGGTCTCAATCTCTTGACCTCGTGATCTGCCCACCTCGGCCTCCCAAAGTGCTGGGATCACAGGCATGAGCCACTGTGCCCGGCCCTAAACTGTTGAGATTACAGGCGTGACACACTGCACCCAGCCAGAATACCTATTTTTTTTTTTTTTTTTTTTTTTTTGAGACAGAGTCTTGCCTAG,679c9d9a180c4a33c463106b3d6c6bc059dee8a840007d1a48647c5d723b49e3,0.1377433182599,TTCACCGTGTTAGCCAGGATGGTCTCAATCTCTTGACCTCGTGATCTGCCCACCTCGGCCTCCCAAAGTGCTGGGATCACAGGCATGAGCCACTGTGCCTGGCCCTAAACTGTTGAGATTACAGGCGTGATACACTGCACCCAGCCAGAATACCTATTTTTTTTTTTTTTTTTTTTTTTTTGAGACAGAGTCTTGCCTAG,7d8b0a8d5d75cad29923cf5a24d335215b54d719b7595e5911f7612448051f36,0.0329488384638791,TTCACCGTGTTAGCCAGGATGGTCTCAATCTCTTGACCTCGTGATCTGCCCACCTCGGCCTCCCAAAGTGCTGGGATCACAGGCATGAGCCACTGTGCCCGGCCCTAAACTGTTGAGATTACAGGCGTGATACACTGCACCCAGCCAGAATACCTATTTTTTTTTTTTTTTTTTTTTTTTTGAGACAGAGTCTTGCCTAG,328240621930dea3e615443a6047363c9f706da7399fbe98043690cd2ba05766,0.0346639706655798,0.1360281860581993,0.133946961751384,-87.04843946057372,-88.14345316891558,-87.92907972028479,-88.97648624773137,-0.04760718089528382,1.0,0.1360281860581993,0.0,3,0.18137710603841506,0.18106719778262317,0.1474303780702046,0.10066860271820396,1.0
chr14:35885747:G:A;chr14:35885785:C:T;var1;middle;OL31|K562|f90b050c4cd6a5ab,chr14:35885747:G:A;chr14:35885785:C:T;var1;middle;OL31,K562,K562_region_00562,100,138,38,CCCCCAGACTTCTGATCAGAGGCTTTCCCTCTGGGTAAATTCACTTTCTTAGTTCAAGCTCAAATGTCTGTCCCTGACTGCCTGTAGCTATGTTTTGTCGCAGGCCTGATTAAGATAAAGGGAATGTGAAATATTGACACAACAGGGTTAATATGGGGGAGAAAAAAAACTCTAAAGAAGCAAAGCACTGTAGGTAGGGA,283a31dc02d74c904d0a3e771640fc4366f47f6271b77e40c15121156fd60661,0.0,CCCCCAGACTTCTGATCAGAGGCTTTCCCTCTGGGTAAATTCACTTTCTTAGTTCAAGCTCAAATGTCTGTCCCTGACTGCCTGTAGCTATGTTTTGTCACAGGCCTGATTAAGATAAAGGGAATGTGAAATATTGACACAACAGGGTTAATATGGGGGAGAAAAAAAACTCTAAAGAAGCAAAGCACTGTAGGTAGGGA,62824a9a926aa5f4253918ae312dcdca9bb57111a95cca3bd359bbbc0daeb59a,0.106786191600992,CCCCCAGACTTCTGATCAGAGGCTTTCCCTCTGGGTAAATTCACTTTCTTAGTTCAAGCTCAAATGTCTGTCCCTGACTGCCTGTAGCTATGTTTTGTCGCAGGCCTGATTAAGATAAAGGGAATGTGAAATATTGATACAACAGGGTTAATATGGGGGAGAAAAAAAACTCTAAAGAAGCAAAGCACTGTAGGTAGGGA,bb765374733c27d82b6321981d45b8a9791c39f3b0210078b0fe3042072a0116,0.136331537149268,CCCCCAGACTTCTGATCAGAGGCTTTCCCTCTGGGTAAATTCACTTTCTTAGTTCAAGCTCAAATGTCTGTCCCTGACTGCCTGTAGCTATGTTTTGTCACAGGCCTGATTAAGATAAAGGGAATGTGAAATATTGATACAACAGGGTTAATATGGGGGAGAAAAAAAACTCTAAAGAAGCAAAGCACTGTAGGTAGGGA,f90b050c4cd6a5ab06404d8f7cdf2f13b41587f0c3b610ceeb1dc22842e2e206,0.114794143731361,0.128323585018899,0.249813756705729,-257.97464296221733,-247.91953505575657,-255.43976475298405,-248.4087487757206,3.0240919291973114,1.0,0.128323585018899,0.0,1,0.18544199137085512,0.18216460459877223,0.1501433469024087,0.27639366211200944,1.0
chr14:37116439:G:C;chr14:37116464:T:A;var1;middle;OL41|K562|6c4ddab4cf51c748,chr14:37116439:G:C;chr14:37116464:T:A;var1;middle;OL41,K562,K562_region_00563,100,125,25,ACCACACAGGCATTTCTGGAGGCATTTCGCGGCGTTATTATGGGAAGTTGCGCGGACCGGGGCCTTCGCGCTACAGCCGAGGAGTCTCAGCGCCTGCCAGGCGGGAGCCGCACTTCCGGCGAGGTGTCTTCGGGAGGGGGCGCCACAGCCCGTGGCAGTGCCGGCCTCCCGCCTTAACCAGCCCGACTCCCGCCGCGCCA,4ae6d3af18b804150e1c3cc268ccb518b84d558cf428cda09a64bbe05acef7d2,0.0,ACCACACAGGCATTTCTGGAGGCATTTCGCGGCGTTATTATGGGAAGTTGCGCGGACCGGGGCCTTCGCGCTACAGCCGAGGAGTCTCAGCGCCTGCCACGCGGGAGCCGCACTTCCGGCGAGGTGTCTTCGGGAGGGGGCGCCACAGCCCGTGGCAGTGCCGGCCTCCCGCCTTAACCAGCCCGACTCCCGCCGCGCCA,2800cc2ef00b4da32a88b6d6916d6f5d7ab014227910c00a5fbb06b2c1cf24b2,-0.278991918484958,ACCACACAGGCATTTCTGGAGGCATTTCGCGGCGTTATTATGGGAAGTTGCGCGGACCGGGGCCTTCGCGCTACAGCCGAGGAGTCTCAGCGCCTGCCAGGCGGGAGCCGCACTTCCGGCGAGGAGTCTTCGGGAGGGGGCGCCACAGCCCGTGGCAGTGCCGGCCTCCCGCCTTAACCAGCCCGACTCCCGCCGCGCCA,0d9ed944ba03dec20238078862cdf1812f060cc09e7f0d8dd8ed77fc13e0c8cd,0.432838456773127,ACCACACAGGCATTTCTGGAGGCATTTCGCGGCGTTATTATGGGAAGTTGCGCGGACCGGGGCCTTCGCGCTACAGCCGAGGAGTCTCAGCGCCTGCCACGCGGGAGCCGCACTTCCGGCGAGGAGTCTTCGGGAGGGGGCGCCACAGCCCGTGGCAGTGCCGGCCTCCCGCCTTAACCAGCCCGACTCCCGCCGCGCCA,6c4ddab4cf51c74841a259d70749bb518baa2e8bef7bd53cc255ca93f1b509ce,0.601528482412142,0.447681944123973,0.296364714216153,-413.1090970560908,-415.7793289199472,-393.4590037763119,-393.51498817652464,2.6142474636436077,-1.0,-0.447681944123973,0.0,0,0.18913376320442793,0.18565657667894103,0.15145376406925343,0.28488118271895935,1.0
chr14:51422573:A:T;chr14:51422624:A:G;var1;middle;OL41|K562|a827e54c7d4113cd,chr14:51422573:A:T;chr14:51422624:A:G;var1;middle;OL41,K562,K562_region_00564,100,151,51,TGTATACCCTGTGGATGTAGAGGGCTGTCAGCAAACCCTGAAAGAATTTTCTCACCAAGCTTTGTAGAAAATACTCAGACTCAGAAACAGCATCATACCATCTAACTGGAAGAAGTGAGTCATTCTCTTGTATCTTAGAGGAGGATCTGGATGAACTGTGATGACCAGTGGGGCAGGGCGTGGCCAGCAGGACTGGGAGC,18b72e1ce14668ceb918e9d057b4da883b84c8db13f0fb7cd0d2d7b5da576733,0.0,TGTATACCCTGTGGATGTAGAGGGCTGTCAGCAAACCCTGAAAGAATTTTCTCACCAAGCTTTGTAGAAAATACTCAGACTCAGAAACAGCATCATACCTTCTAACTGGAAGAAGTGAGTCATTCTCTTGTATCTTAGAGGAGGATCTGGATGAACTGTGATGACCAGTGGGGCAGGGCGTGGCCAGCAGGACTGGGAGC,0f8c3388be7c113cdcc6cca090ebea9980505d1ea69642a5d0d5d41e0b4225d1,-0.104821464300634,TGTATACCCTGTGGATGTAGAGGGCTGTCAGCAAACCCTGAAAGAATTTTCTCACCAAGCTTTGTAGAAAATACTCAGACTCAGAAACAGCATCATACCATCTAACTGGAAGAAGTGAGTCATTCTCTTGTATCTTAGAGGAGGATCTGGGTGAACTGTGATGACCAGTGGGGCAGGGCGTGGCCAGCAGGACTGGGAGC,a813621a02eeffd34268f8512d4abcb1fc735bba4889a21e486a07be2dcf02ae,0.32442659668546,TGTATACCCTGTGGATGTAGAGGGCTGTCAGCAAACCCTGAAAGAATTTTCTCACCAAGCTTTGTAGAAAATACTCAGACTCAGAAACAGCATCATACCTTCTAACTGGAAGAAGTGAGTCATTCTCTTGTATCTTAGAGGAGGATCTGGGTGAACTGTGATGACCAGTGGGGCAGGGCGTGGCCAGCAGGACTGGGAGC,a827e54c7d4113cd20487fea39424be987fd21d1246b29976a8a70c2ee237220,0.0553687661716773,-0.1642363662131487,0.180426962793133,-335.40706946188584,-341.33992240577936,-331.6704108468257,-337.7946960669942,-0.19143227627500892,-1.0,0.1642363662131487,0.0,0,0.18553018068311605,0.18565657667894103,0.15145376406925343,0.127137586621047,1.0
chr14:52511911:G:C;chr14:52511969:G:T;var1;middle;OL29|K562|36b437c62860b19a,chr14:52511911:G:C;chr14:52511969:G:T;var1;middle;OL29,K562,K562_region_00565,100,158,58,TCATGAGCACTAGATTAGGGGTCACCACATGTCTGGGGTTAATCAGCACAGACTTCAAGTATAATTCGAGTCATACTTTATAAACTGGGTTTAATGGTAGAAGCAAGCAGGGAAGATTATCGAGATGACTATTACAGCATGTTGAAAAACAGCACAGGTAAGAAATGAGAGTAGCAGCAGCGGCATTAGCTTTTGAACAG,1560b34dab2ba7ffd58d48bf8b738d9f49609c5a2964711f675cfa2b548a51aa,0.0,TCATGAGCACTAGATTAGGGGTCACCACATGTCTGGGGTTAATCAGCACAGACTTCAAGTATAATTCGAGTCATACTTTATAAACTGGGTTTAATGGTACAAGCAAGCAGGGAAGATTATCGAGATGACTATTACAGCATGTTGAAAAACAGCACAGGTAAGAAATGAGAGTAGCAGCAGCGGCATTAGCTTTTGAACAG,8e6812aae0e81323ad3df689707cb4da97dd6097551ae44aa4d092d7a50200b4,0.0196825250381175,TCATGAGCACTAGATTAGGGGTCACCACATGTCTGGGGTTAATCAGCACAGACTTCAAGTATAATTCGAGTCATACTTTATAAACTGGGTTTAATGGTAGAAGCAAGCAGGGAAGATTATCGAGATGACTATTACAGCATGTTGAAAAACAGCACAGTTAAGAAATGAGAGTAGCAGCAGCGGCATTAGCTTTTGAACAG,569c8ada353dd2d218aebae604d6e2eabc4abdbf304bf000adf630887506e7a4,0.237118888263728,TCATGAGCACTAGATTAGGGGTCACCACATGTCTGGGGTTAATCAGCACAGACTTCAAGTATAATTCGAGTCATACTTTATAAACTGGGTTTAATGGTACAAGCAAGCAGGGAAGATTATCGAGATGACTATTACAGCATGTTGAAAAACAGCACAGTTAAGAAATGAGAGTAGCAGCAGCGGCATTAGCTTTTGAACAG,36b437c62860b19a59aae0b08fb909a03470baf509f22297c3f37577af342464,0.167442552292938,0.0893588610089075,0.157740624965217,-326.5978856422007,-326.2502927556634,-330.1884082648903,-334.5493739284575,4.708558550104499,1.0,0.0893588610089075,0.0,0,0.19182367207677095,0.18565657667894103,0.15145376406925343,0.3137079105038937,1.0
chr14:65230317:C:T;chr14:65230358:C:T;var1;middle;OL30|K562|1ed3fd71871b3ed1,chr14:65230317:C:T;chr14:65230358:C:T;var1;middle;OL30,K562,K562_region_00566,100,141,41,AAACCACCTCTCCCAGCCCCTCCCTGTAATTTGCTAAATTGCTGACATACAGAAATGTTCCAGACTTTCCGTAATTCTCCAGAGAAGGCTTTATAAGAGCGCGGAGACTCAGGGGATTAGGTGGTTTTTATCTCAAATCACGCAGGAAGTTACCAACAGAATTAAGGACTAGAACCCAGATGTCCTGACTTCCCCTCCAG,120cfa3d4d2f5ccb0c3f9b6e22c8e3d5dc0e7a1ad4d95de0a7a3d2532ad74833,0.0,AAACCACCTCTCCCAGCCCCTCCCTGTAATTTGCTAAATTGCTGACATACAGAAATGTTCCAGACTTTCCGTAATTCTCCAGAGAAGGCTTTATAAGAGTGCGGAGACTCAGGGGATTAGGTGGTTTTTATCTCAAATCACGCAGGAAGTTACCAACAGAATTAAGGACTAGAACCCAGATGTCCTGACTTCCCCTCCAG,c8c936008d9a16c351d2a7139bea2b27b6cce347f27bd3778ee30eea1a834f66,-0.229932554682141,AAACCACCTCTCCCAGCCCCTCCCTGTAATTTGCTAAATTGCTGACATACAGAAATGTTCCAGACTTTCCGTAATTCTCCAGAGAAGGCTTTATAAGAGCGCGGAGACTCAGGGGATTAGGTGGTTTTTATCTCAAATCATGCAGGAAGTTACCAACAGAATTAAGGACTAGAACCCAGATGTCCTGACTTCCCCTCCAG,0b03e38704a6ed55b592788082adbe0bf52ab9d7f0dd0156f2f31c5d51e6c3b2,0.46404483663149,AAACCACCTCTCCCAGCCCCTCCCTGTAATTTGCTAAATTGCTGACATACAGAAATGTTCCAGACTTTCCGTAATTCTCCAGAGAAGGCTTTATAAGAGTGCGGAGACTCAGGGGATTAGGTGGTTTTTATCTCAAATCATGCAGGAAGTTACCAACAGAATTAAGGACTAGAACCCAGATGTCCTGACTTCCCCTCCAG,1ed3fd71871b3ed1e1f8a9e9bf06acbf576b2614eef31a845e8f39f18e196384,0.0784822370419189,-0.1556300449074301,0.183573513096875,-339.5423834028188,-344.8996396732982,-340.8933752006851,-342.26648468198255,3.9841467891819775,-1.0,0.1556300449074301,0.0,3,0.18949780606864924,0.18106719778262317,0.1474303780702046,0.3139983907118935,1.0
chr14:65230748:A:G;chr14:65230793:G:A;var1;middle;OL31|K562|9c014cec97b07304,chr14:65230748:A:G;chr14:65230793:G:A;var1;middle;OL31,K562,K562_region_00567,100,145,45,GTGCCACCCTGTGGTGTGCAGCTGTCCAGACAGGAGCAGGGGTGCCTGGTCCACTCCCATCAGTTCCCCCCAGCAGGAAGCCGACATGCACAGTGAGGGATTGTACATGAAGCAACACCGCATGGATCTATTCTGTAGGGCACCGACACCAGACCACACACAGAGGACCAGCAGGAGAGCCACCATCCCCCAGGACTATC,8cd18cad4d3e8254eb0d505522a610847c7cee30e37c9ef4c08a3d4bd3af881a,0.0,GTGCCACCCTGTGGTGTGCAGCTGTCCAGACAGGAGCAGGGGTGCCTGGTCCACTCCCATCAGTTCCCCCCAGCAGGAAGCCGACATGCACAGTGAGGGGTTGTACATGAAGCAACACCGCATGGATCTATTCTGTAGGGCACCGACACCAGACCACACACAGAGGACCAGCAGGAGAGCCACCATCCCCCAGGACTATC,69f475e41a0518ba1d1e06135bf620d72445083f1cbc9804d58a6860a99d8085,-0.11539261502351,GTGCCACCCTGTGGTGTGCAGCTGTCCAGACAGGAGCAGGGGTGCCTGGTCCACTCCCATCAGTTCCCCCCAGCAGGAAGCCGACATGCACAGTGAGGGATTGTACATGAAGCAACACCGCATGGATCTATTCTGTAGGGCACCAACACCAGACCACACACAGAGGACCAGCAGGAGAGCCACCATCCCCCAGGACTATC,519495dbbd2d8a80071bdfd789f99c6a434d3fc1874a53124e0f8e8c3678979f,-0.367757203239408,GTGCCACCCTGTGGTGTGCAGCTGTCCAGACAGGAGCAGGGGTGCCTGGTCCACTCCCATCAGTTCCCCCCAGCAGGAAGCCGACATGCACAGTGAGGGGTTGTACATGAAGCAACACCGCATGGATCTATTCTGTAGGGCACCAACACCAGACCACACACAGAGGACCAGCAGGAGAGCCACCATCCCCCAGGACTATC,9c014cec97b073040d1f7bfacfce8f2b7e8ee9d8fbfd172b4655ea659faed3a8,-0.219148502887768,0.26400131537515,0.37674479603557,-249.81066244840625,-248.2111813575029,-245.63549564033747,-244.54561625421047,-0.5096017047763155,-1.0,-0.26400131537515,0.0,2,0.17445244708568486,0.17490732828716207,0.146091925319964,0.30992149969707894,1.0
chr14:68066489:G:T;chr14:68066559:A:T;var1;middle;OL41|K562|fbaa3c7622635f54,chr14:68066489:G:T;chr14:68066559:A:T;var1;middle;OL41,K562,K562_region_00568,100,170,70,TTCCTTGAACTCTTGGAATTAAATTACTGCGCGCCTATACTACATAGAACACATGGCAGTTAAAGTTTTAGGCCGTCGCGCAAGAACTAGATGTATGCTGAGTGAACCCACGGAGCAGAGCACAGCCACGGAAGGGGAATGTACTATCCAGGAGCACACATTTCACTAAACGTCATTTAAAGAGCTGTCCAGCAGCGGAA,e9b5525c35b9040c6b8054830645aa42b9edaf5c3d456a8bdf0f8a82fb51e51a,0.0,TTCCTTGAACTCTTGGAATTAAATTACTGCGCGCCTATACTACATAGAACACATGGCAGTTAAAGTTTTAGGCCGTCGCGCAAGAACTAGATGTATGCTTAGTGAACCCACGGAGCAGAGCACAGCCACGGAAGGGGAATGTACTATCCAGGAGCACACATTTCACTAAACGTCATTTAAAGAGCTGTCCAGCAGCGGAA,1795d038e0aacd1665eb4aa48206cda3def167c9f8a15524ae7510247eb1a67d,-0.136972978391202,TTCCTTGAACTCTTGGAATTAAATTACTGCGCGCCTATACTACATAGAACACATGGCAGTTAAAGTTTTAGGCCGTCGCGCAAGAACTAGATGTATGCTGAGTGAACCCACGGAGCAGAGCACAGCCACGGAAGGGGAATGTACTATCCAGGAGCACACATTTCACTAATCGTCATTTAAAGAGCTGTCCAGCAGCGGAA,5b238e279b625947373796203166f7587e5c03a1ddfb1f6e0fa0ee4ed116f7ae,-0.243806922424351,TTCCTTGAACTCTTGGAATTAAATTACTGCGCGCCTATACTACATAGAACACATGGCAGTTAAAGTTTTAGGCCGTCGCGCAAGAACTAGATGTATGCTTAGTGAACCCACGGAGCAGAGCACAGCCACGGAAGGGGAATGTACTATCCAGGAGCACACATTTCACTAATCGTCATTTAAAGAGCTGTCCAGCAGCGGAA,fbaa3c7622635f54e9c4e79f2ea3dedd170d7f7fbbf63b580939d18360ceac6d,0.0067147812947819,0.3874946821103349,0.203967294775391,-349.6713201687671,-332.00638068979606,-341.2628552871756,-323.65491368900985,-0.056997880805283785,-1.0,-0.3874946821103349,0.0,0,0.18570284666166137,0.18565657667894103,0.15145376406925343,0.08350293410685469,1.0
chr14:69306299:A:T;chr14:69306338:C:T;var1;middle;OL28|K562|6c427bd7e8982375,chr14:69306299:A:T;chr14:69306338:C:T;var1;middle;OL28,K562,K562_region_00569,100,139,39,TTGTTTGAAAGTGTGTGACACCTCCACCCTCTCTCTCTTGCTCCACTTTCACCATGGAATATGCCTGCTCCCCCTTTACATTCCACCATGGTTGAAAGCATCCTGAGGCCTCACTAGAAGCTGAGCAGATGCCAGTGCCGTGCTTCCTGTACAGCCTGCAGAACAGTGAGCCAACTCAACCTCTTTCCTTTATAAATTGC,e8bdd93df77760a65cebe09a7de884e5d15840704dcdcd53481ad511c5179121,0.0,TTGTTTGAAAGTGTGTGACACCTCCACCCTCTCTCTCTTGCTCCACTTTCACCATGGAATATGCCTGCTCCCCCTTTACATTCCACCATGGTTGAAAGCTTCCTGAGGCCTCACTAGAAGCTGAGCAGATGCCAGTGCCGTGCTTCCTGTACAGCCTGCAGAACAGTGAGCCAACTCAACCTCTTTCCTTTATAAATTGC,194df132dc33eb7ded9ba85fafd21d3ef525c68fa3604abd5e7caa04f7c4d54d,0.199687317590077,TTGTTTGAAAGTGTGTGACACCTCCACCCTCTCTCTCTTGCTCCACTTTCACCATGGAATATGCCTGCTCCCCCTTTACATTCCACCATGGTTGAAAGCATCCTGAGGCCTCACTAGAAGCTGAGCAGATGCCAGTGCTGTGCTTCCTGTACAGCCTGCAGAACAGTGAGCCAACTCAACCTCTTTCCTTTATAAATTGC,1e6292e53dc91a15242edefe502d2b28ae1772f6449a750277c6b32a14185e3a,-0.150816038615778,TTGTTTGAAAGTGTGTGACACCTCCACCCTCTCTCTCTTGCTCCACTTTCACCATGGAATATGCCTGCTCCCCCTTTACATTCCACCATGGTTGAAAGCTTCCTGAGGCCTCACTAGAAGCTGAGCAGATGCCAGTGCTGTGCTTCCTGTACAGCCTGCAGAACAGTGAGCCAACTCAACCTCTTTCCTTTATAAATTGC,6c427bd7e89823759162d2d6fb306e9136e8da9e0cb643728b6590d69790ddc7,-0.137869475653395,-0.186740754627694,0.301625533464789,-182.4099958529696,-218.6702102589188,-129.4090628027916,-199.0330900021363,-33.36381279339548,-1.0,0.186740754627694,0.0,0,0.14292395983722966,0.18565657667894103,0.15145376406925343,0.1879861106886624,1.0
chr14:70456664:G:T;chr14:70456699:T:G;var1;middle;OL41|K562|054fa626c5485b19,chr14:70456664:G:T;chr14:70456699:T:G;var1;middle;OL41,K562,K562_region_00570,100,135,35,TTTGCTGGGTCAGAAGCCAGGAGCCCAGGTGCCCGGAGATGATGGTTAGAGGGTGCTGTTCGCTTTGGCTTGGCTTCCCAGCCTTTGAGCATGCTGGATGTCACAGGTGATTCCTGGCAGCAGGGCATCTTGTCTTTTCTCACTTCATAAAGATTTCCATTTAGGACCTCCCCGTGGCAGAGCAGCTGTATCTCTTCACC,d0888aec07e7d4af0165fa8a0374775d9317f50a02b2879f582ba8400846bf5f,0.0,TTTGCTGGGTCAGAAGCCAGGAGCCCAGGTGCCCGGAGATGATGGTTAGAGGGTGCTGTTCGCTTTGGCTTGGCTTCCCAGCCTTTGAGCATGCTGGATTTCACAGGTGATTCCTGGCAGCAGGGCATCTTGTCTTTTCTCACTTCATAAAGATTTCCATTTAGGACCTCCCCGTGGCAGAGCAGCTGTATCTCTTCACC,729e0bb6a94e78ebd03052ad2d803b772d5255c39d3ba16bff8c84d6ae6e64d1,0.0870312421043923,TTTGCTGGGTCAGAAGCCAGGAGCCCAGGTGCCCGGAGATGATGGTTAGAGGGTGCTGTTCGCTTTGGCTTGGCTTCCCAGCCTTTGAGCATGCTGGATGTCACAGGTGATTCCTGGCAGCAGGGCATCTTGTCGTTTCTCACTTCATAAAGATTTCCATTTAGGACCTCCCCGTGGCAGAGCAGCTGTATCTCTTCACC,239e9e746c79896d0b2a75705d9d77f20b12cfeef5674a5c7134ff053f5e0390,0.121856063826168,TTTGCTGGGTCAGAAGCCAGGAGCCCAGGTGCCCGGAGATGATGGTTAGAGGGTGCTGTTCGCTTTGGCTTGGCTTCCCAGCCTTTGAGCATGCTGGATTTCACAGGTGATTCCTGGCAGCAGGGCATCTTGTCGTTTCTCACTTCATAAAGATTTCCATTTAGGACCTCCCCGTGGCAGAGCAGCTGTATCTCTTCACC,054fa626c5485b1901d5bec6b11e2ec3d1c1a712c7ed4b58ac3dafbd54bdf99d,0.086321825037544,0.1225654808930162,0.265632501653102,-337.36655499599874,-338.8870251225308,-339.47655194811523,-341.234573379159,0.2375513045117259,1.0,0.1225654808930162,0.0,1,0.18260685384123196,0.18216460459877223,0.1501433469024087,0.14202141573223276,1.0
chr14:71107939:C:G;chr14:71107942:C:T;var1;middle;OL41|K562|d2600e5739ca3daf,chr14:71107939:C:G;chr14:71107942:C:T;var1;middle;OL41,K562,K562_region_00571,100,103,3,AGACAGCTGACACTCAGAACCGACCAAAAGAAGGAAGGAATGGGACCTCCTGAGGAAGGGCACAGAACTGTCCTGTAAATGGAAACTAGACCGGACGCACGCCAAGCCGATGACCCACAGTAACAGGTGTTCTCCATCTCTGATGTCTGTGATTCATCCTGCACAGCTGCGCGCACACAGCACACGCATACACAGGCTCC,f1db60cf81ede4f84f38f3499c6754ea3b30788f34d3ee4d89b281c77279aa98,0.0,AGACAGCTGACACTCAGAACCGACCAAAAGAAGGAAGGAATGGGACCTCCTGAGGAAGGGCACAGAACTGTCCTGTAAATGGAAACTAGACCGGACGCAGGCCAAGCCGATGACCCACAGTAACAGGTGTTCTCCATCTCTGATGTCTGTGATTCATCCTGCACAGCTGCGCGCACACAGCACACGCATACACAGGCTCC,17d0803a1adb7a713a6be48f8d6e8920d87390de96a21d084dff6bb3af58f453,0.0870175650006249,AGACAGCTGACACTCAGAACCGACCAAAAGAAGGAAGGAATGGGACCTCCTGAGGAAGGGCACAGAACTGTCCTGTAAATGGAAACTAGACCGGACGCACGCTAAGCCGATGACCCACAGTAACAGGTGTTCTCCATCTCTGATGTCTGTGATTCATCCTGCACAGCTGCGCGCACACAGCACACGCATACACAGGCTCC,48d6e99433c0cd4411704f14b4b4de8c42f7305cf03b2372b47dec40be86eb08,-0.0178077173706357,AGACAGCTGACACTCAGAACCGACCAAAAGAAGGAAGGAATGGGACCTCCTGAGGAAGGGCACAGAACTGTCCTGTAAATGGAAACTAGACCGGACGCAGGCTAAGCCGATGACCCACAGTAACAGGTGTTCTCCATCTCTGATGTCTGTGATTCATCCTGCACAGCTGCGCGCACACAGCACACGCATACACAGGCTCC,d2600e5739ca3daf4f4f094dd20a2d579d759fcde575cd0063982df1d054ffec,0.0341043141972631,-0.035105533432726,0.238465623788418,-351.5855624899268,-352.0809039305896,-356.75629143510014,-359.4553596079349,-2.203726732172015,-1.0,0.035105533432726,0.0,2,0.171985664072708,0.17490732828716207,0.146091925319964,0.18426897203052692,1.0
chr14:73305134:G:A;chr14:73305194:C:T;var1;middle;OL33|K562|eaf8b60fbf440a00,chr14:73305134:G:A;chr14:73305194:C:T;var1;middle;OL33,K562,K562_region_00572,100,160,60,CTACTAAAAATACAAAAATTAGCTGGGCGTGGTGGTGCACACCTGTAATCTCAGCTGTTCAGAAGGCTGAGGCAGGAGAATCACTTAAACCCAGGAGGCGGAGGTTGCCATGAGTCGAGATCGAGCCACTGCACTCCTGCCTGGGCAACAGAGTGAGACCCTGTCTCCAAAAAACAGCACCCTGGAGAAGACAGCAGTCC,7bb2296693e3a40927c5e91de97c516a74aef0945de33ce1b8fcfb98675bd2f8,0.0,CTACTAAAAATACAAAAATTAGCTGGGCGTGGTGGTGCACACCTGTAATCTCAGCTGTTCAGAAGGCTGAGGCAGGAGAATCACTTAAACCCAGGAGGCAGAGGTTGCCATGAGTCGAGATCGAGCCACTGCACTCCTGCCTGGGCAACAGAGTGAGACCCTGTCTCCAAAAAACAGCACCCTGGAGAAGACAGCAGTCC,3549c6138c23d88fe354dd3a6a449b821a08a4a870561bdab6707d967984fbf3,0.116138907890588,CTACTAAAAATACAAAAATTAGCTGGGCGTGGTGGTGCACACCTGTAATCTCAGCTGTTCAGAAGGCTGAGGCAGGAGAATCACTTAAACCCAGGAGGCGGAGGTTGCCATGAGTCGAGATCGAGCCACTGCACTCCTGCCTGGGCAACAGAGTGAGACTCTGTCTCCAAAAAACAGCACCCTGGAGAAGACAGCAGTCC,9a326960ea6a69977af1a03d63da402c44714abedf994872b472e2dfbfab325d,-0.208087837422081,CTACTAAAAATACAAAAATTAGCTGGGCGTGGTGGTGCACACCTGTAATCTCAGCTGTTCAGAAGGCTGAGGCAGGAGAATCACTTAAACCCAGGAGGCAGAGGTTGCCATGAGTCGAGATCGAGCCACTGCACTCCTGCCTGGGCAACAGAGTGAGACTCTGTCTCCAAAAAACAGCACCCTGGAGAAGACAGCAGTCC,eaf8b60fbf440a0097c97e8231ff7d1e0379fbe635f5bb3379d9f864b6ea65bf,0.0743910060735419,0.1663399356050349,0.233764616975093,-94.42456860933451,-92.75259086862206,-93.37884412892164,-91.80343182198705,-0.09656543377786875,-1.0,-0.1663399356050349,0.0,0,0.18565202655547663,0.18565657667894103,0.15145376406925343,0.2938861097240927,1.0
chr14:74039062:C:G;chr14:74039147:A:G;var1;middle;OL41|K562|1e92139379900e54,chr14:74039062:C:G;chr14:74039147:A:G;var1;middle;OL41,K562,K562_region_00573,100,185,85,AATAAATTGAGGTATATTTCCAGCAGTCAAAGTGATTGAACTACAGCTACAAGAATCAACATCTATCAAGATATACAAAAGAAAAGAAAAAAAAAGAATCAACATGGATGAATCTCCAAACCACTGTTGAGTGAAACAGTCAAACCCTAGGAGAACACATTCAGTATCATTCCATTTAGATACAATTCAAAAACTAGGCA,c542fb1e69f83c0b24cf72a9c0f2b7cdc23431a8acc0223935c806dee45ebf56,0.0,AATAAATTGAGGTATATTTCCAGCAGTCAAAGTGATTGAACTACAGCTACAAGAATCAACATCTATCAAGATATACAAAAGAAAAGAAAAAAAAAGAATGAACATGGATGAATCTCCAAACCACTGTTGAGTGAAACAGTCAAACCCTAGGAGAACACATTCAGTATCATTCCATTTAGATACAATTCAAAAACTAGGCA,48b47aac80597afdbb5faa41a771047b234eff762ae7f18f330566b229f7f3d2,0.0783707556179629,AATAAATTGAGGTATATTTCCAGCAGTCAAAGTGATTGAACTACAGCTACAAGAATCAACATCTATCAAGATATACAAAAGAAAAGAAAAAAAAAGAATCAACATGGATGAATCTCCAAACCACTGTTGAGTGAAACAGTCAAACCCTAGGAGAACACATTCAGTATCATTCCATTTAGATACAGTTCAAAAACTAGGCA,e641ecf35039160baa2cb269438857469b318b2ee4cad63a5ceee5ce1a0a9d00,-0.0722220477860212,AATAAATTGAGGTATATTTCCAGCAGTCAAAGTGATTGAACTACAGCTACAAGAATCAACATCTATCAAGATATACAAAAGAAAAGAAAAAAAAAGAATGAACATGGATGAATCTCCAAACCACTGTTGAGTGAAACAGTCAAACCCTAGGAGAACACATTCAGTATCATTCCATTTAGATACAGTTCAAAAACTAGGCA,1e92139379900e54d3d06e2121e71679991be22e39bd00bfdce4476acc705aa1,-0.118391307981212,0.1245400158131537,0.527607237556508,-278.4417817625217,-288.354872323107,-274.12220892775804,-279.283734789351,-4.751564698992297,1.0,0.1245400158131537,0.0,4,0.17031018321056543,0.17620727786206916,0.145609630836647,0.22834494509748499,1.0
chr14:74184889:G:C;chr14:74184917:A:G;var1;middle;OL41|K562|e26cd0d00ed3e497,chr14:74184889:G:C;chr14:74184917:A:G;var1;middle;OL41,K562,K562_region_00574,100,128,28,CAGCCTCCGTACAGCTCCCTTCCCTGCAGCAGGATGAGTGCTTTGGACAAGAACGCTAGCCCCTCCCCCAACGCTGAGAAAACTTTCTAGCCCTAGCAAGGCCGCCAGCAAGCAGCAAAGGGAGAGTACCTGCCGCGGCCTCCCTCCCAAGGAGGAGGTGGCCACTCAGGACACGGTCACGGGAGCAGCTCAGACAGGCC,a76c3712e3653769598ba05e613e4a940698e8b71c47be5f9c05b1a6b62fa7f8,0.0,CAGCCTCCGTACAGCTCCCTTCCCTGCAGCAGGATGAGTGCTTTGGACAAGAACGCTAGCCCCTCCCCCAACGCTGAGAAAACTTTCTAGCCCTAGCAACGCCGCCAGCAAGCAGCAAAGGGAGAGTACCTGCCGCGGCCTCCCTCCCAAGGAGGAGGTGGCCACTCAGGACACGGTCACGGGAGCAGCTCAGACAGGCC,c48ac33e8109d776c811845fa2480098ccef38dafcb07ff82ef01f735a75af77,0.356241504777382,CAGCCTCCGTACAGCTCCCTTCCCTGCAGCAGGATGAGTGCTTTGGACAAGAACGCTAGCCCCTCCCCCAACGCTGAGAAAACTTTCTAGCCCTAGCAAGGCCGCCAGCAAGCAGCAAAGGGAGAGTGCCTGCCGCGGCCTCCCTCCCAAGGAGGAGGTGGCCACTCAGGACACGGTCACGGGAGCAGCTCAGACAGGCC,46f8ae769ba2cced37ec3d752c3139d079c89e996ed3f206ddb6bcd0b79c49aa,0.266870162972768,CAGCCTCCGTACAGCTCCCTTCCCTGCAGCAGGATGAGTGCTTTGGACAAGAACGCTAGCCCCTCCCCCAACGCTGAGAAAACTTTCTAGCCCTAGCAACGCCGCCAGCAAGCAGCAAAGGGAGAGTGCCTGCCGCGGCCTCCCTCCCAAGGAGGAGGTGGCCACTCAGGACACGGTCACGGGAGCAGCTCAGACAGGCC,e26cd0d00ed3e4971d744353ff366816fb316d96def0a6cdeb65bbb65c42b850,0.587573928924089,0.035537738826061,0.227253683676154,-343.5212204027921,-339.1511211442994,-329.4286056745332,-325.9339632858755,0.875456869835034,1.0,0.035537738826061,0.0,1,0.18325588439638765,0.18216460459877223,0.1501433469024087,0.16649953105497262,1.0
chr14:74250100:T:C;chr14:74250126:T:C;var1;middle;OL31|K562|4cf7f9dd24e9a9ac,chr14:74250100:T:C;chr14:74250126:T:C;var1;middle;OL31,K562,K562_region_00575,100,126,26,CAAACAGGACTGGAAGGGGAGCAGGACTGAGCCAAGCGGATGAGAGGAAAGAGGCATTCCAGTCCTCTGGGGAAGCATGGGAGGTAGGAATTCTTGCCATCAGTGGTTTGGACAAACACACAGAGTGGGTCACCGGGTCAGAGCCGAGGGTTAGGACGGGAGAGGAGCAAAGGTCAGACCCCTGTGGAGAAGGGCCCTAA,ff0e2a299be89f7c082c3a51407bf63f2f34ba001909791f57246b99d4838917,0.0,CAAACAGGACTGGAAGGGGAGCAGGACTGAGCCAAGCGGATGAGAGGAAAGAGGCATTCCAGTCCTCTGGGGAAGCATGGGAGGTAGGAATTCTTGCCACCAGTGGTTTGGACAAACACACAGAGTGGGTCACCGGGTCAGAGCCGAGGGTTAGGACGGGAGAGGAGCAAAGGTCAGACCCCTGTGGAGAAGGGCCCTAA,9225b8fe72e51ce6a2aa69d653069e6d6538a1c0c9a13a32462197758133a8ce,-0.180425865999158,CAAACAGGACTGGAAGGGGAGCAGGACTGAGCCAAGCGGATGAGAGGAAAGAGGCATTCCAGTCCTCTGGGGAAGCATGGGAGGTAGGAATTCTTGCCATCAGTGGTTTGGACAAACACACAGAGCGGGTCACCGGGTCAGAGCCGAGGGTTAGGACGGGAGAGGAGCAAAGGTCAGACCCCTGTGGAGAAGGGCCCTAA,4fb32158fa5c1e0de74891efba2b9cea5891031803f23c1757066a80158115c3,0.165422435020203,CAAACAGGACTGGAAGGGGAGCAGGACTGAGCCAAGCGGATGAGAGGAAAGAGGCATTCCAGTCCTCTGGGGAAGCATGGGAGGTAGGAATTCTTGCCACCAGTGGTTTGGACAAACACACAGAGCGGGTCACCGGGTCAGAGCCGAGGGTTAGGACGGGAGAGGAGCAAAGGTCAGACCCCTGTGGAGAAGGGCCCTAA,4cf7f9dd24e9a9ac7ff3aa00b3b334e8bb11fd26146c91f7a1fc2515da7e6761,0.0609615923500248,0.0759650233289797,0.22043155135556,-307.8220949023962,-269.5635902192444,-298.93748431652784,-259.50075143761933,1.1782281957566738,-1.0,-0.0759650233289797,0.0,0,0.18728935670984542,0.18565657667894103,0.15145376406925343,0.15058939148741296,1.0
chr14:74734614:C:T;chr14:74734660:G:A;var1;middle;OL41|K562|08bb8d40793d991c,chr14:74734614:C:T;chr14:74734660:G:A;var1;middle;OL41,K562,K562_region_00576,100,146,46,GCTAAGCAGGCCCAGCAGTGATTTGCTCTATTAATTCCTCACTCCAGATCAATCCCACCCAATGCTGACTATTTTCATTGATTGTTGGCCTCCTCCCCTCCCCCACTCCTTGCTGCTGAGCCAAGGACCCCTCCCATTTATCTCCGTGGCTCTGTTCCTCATGAGGCAGAGCCCGGCTGCGGACCTCAGGGAGTCTCTGT,78b382e67add6fd3a53f8d8bc80294ae7f011fb68ea4e8674fe0b03bf96e9484,0.0,GCTAAGCAGGCCCAGCAGTGATTTGCTCTATTAATTCCTCACTCCAGATCAATCCCACCCAATGCTGACTATTTTCATTGATTGTTGGCCTCCTCCCCTTCCCCACTCCTTGCTGCTGAGCCAAGGACCCCTCCCATTTATCTCCGTGGCTCTGTTCCTCATGAGGCAGAGCCCGGCTGCGGACCTCAGGGAGTCTCTGT,c8ffd888bb0d1817fc150cbad23f49e34f95aeb69e21e38991c8086d35d3b8f8,-0.760611562754519,GCTAAGCAGGCCCAGCAGTGATTTGCTCTATTAATTCCTCACTCCAGATCAATCCCACCCAATGCTGACTATTTTCATTGATTGTTGGCCTCCTCCCCTCCCCCACTCCTTGCTGCTGAGCCAAGGACCCCTCCCATTTATCTCCATGGCTCTGTTCCTCATGAGGCAGAGCCCGGCTGCGGACCTCAGGGAGTCTCTGT,1f8793bd295d48a9225ef4da43828093e861082ef689b61570bd2cd511df131d,0.459518848351549,GCTAAGCAGGCCCAGCAGTGATTTGCTCTATTAATTCCTCACTCCAGATCAATCCCACCCAATGCTGACTATTTTCATTGATTGTTGGCCTCCTCCCCTTCCCCACTCCTTGCTGCTGAGCCAAGGACCCCTCCCATTTATCTCCATGGCTCTGTTCCTCATGAGGCAGAGCCCGGCTGCGGACCTCAGGGAGTCTCTGT,08bb8d40793d991cd9cbf9198077b8c8b032158a6c5e4b57fd4d75e9217be962,-0.614085879477662,-0.312993165074692,0.682183579762147,-308.9063303306466,-320.88993094314355,-294.0459500225261,-305.2514521095436,0.7780985254794359,-1.0,0.312993165074692,0.0,2,0.17632744273384213,0.17490732828716207,0.146091925319964,0.06391203000771176,1.0
chr14:74734614:C:T;chr14:74734694:C:T;var1;middle;OL41|K562|8d6ed8c3296bc91c,chr14:74734614:C:T;chr14:74734694:C:T;var1;middle;OL41,K562,K562_region_00576,100,180,80,GCTAAGCAGGCCCAGCAGTGATTTGCTCTATTAATTCCTCACTCCAGATCAATCCCACCCAATGCTGACTATTTTCATTGATTGTTGGCCTCCTCCCCTCCCCCACTCCTTGCTGCTGAGCCAAGGACCCCTCCCATTTATCTCCGTGGCTCTGTTCCTCATGAGGCAGAGCCCGGCTGCGGACCTCAGGGAGTCTCTGT,78b382e67add6fd3a53f8d8bc80294ae7f011fb68ea4e8674fe0b03bf96e9484,0.0,GCTAAGCAGGCCCAGCAGTGATTTGCTCTATTAATTCCTCACTCCAGATCAATCCCACCCAATGCTGACTATTTTCATTGATTGTTGGCCTCCTCCCCTTCCCCACTCCTTGCTGCTGAGCCAAGGACCCCTCCCATTTATCTCCGTGGCTCTGTTCCTCATGAGGCAGAGCCCGGCTGCGGACCTCAGGGAGTCTCTGT,c8ffd888bb0d1817fc150cbad23f49e34f95aeb69e21e38991c8086d35d3b8f8,-0.761040405499305,GCTAAGCAGGCCCAGCAGTGATTTGCTCTATTAATTCCTCACTCCAGATCAATCCCACCCAATGCTGACTATTTTCATTGATTGTTGGCCTCCTCCCCTCCCCCACTCCTTGCTGCTGAGCCAAGGACCCCTCCCATTTATCTCCGTGGCTCTGTTCCTCATGAGGCAGAGCCCGGCTGTGGACCTCAGGGAGTCTCTGT,7213ab9d178fd8474fc7b8733949115f5859c6a901e75b643d1c54fd5528a945,1.10403596429969,GCTAAGCAGGCCCAGCAGTGATTTGCTCTATTAATTCCTCACTCCAGATCAATCCCACCCAATGCTGACTATTTTCATTGATTGTTGGCCTCCTCCCCTTCCCCACTCCTTGCTGCTGAGCCAAGGACCCCTCCCATTTATCTCCGTGGCTCTGTTCCTCATGAGGCAGAGCCCGGCTGTGGACCTCAGGGAGTCTCTGT,8d6ed8c3296bc91cfe011ae1720f69836a3ee51c2b07cf2d7beeab57d06f70a7,0.192894744850283,-0.150100813950102,0.58332302753196,-308.9063303306466,-320.88993094314355,-301.79802159476094,-314.3818723576842,-0.6002501504262909,-1.0,0.150100813950102,0.0,2,0.17432045561972684,0.17490732828716207,0.146091925319964,0.09162492172347181,1.0
chr14:74734660:G:A;chr14:74734694:C:T;var1;middle;OL41|K562|50d2a24e59891cd0,chr14:74734660:G:A;chr14:74734694:C:T;var1;middle;OL41,K562,K562_region_00576,100,134,34,GATCAATCCCACCCAATGCTGACTATTTTCATTGATTGTTGGCCTCCTCCCCTCCCCCACTCCTTGCTGCTGAGCCAAGGACCCCTCCCATTTATCTCCGTGGCTCTGTTCCTCATGAGGCAGAGCCCGGCTGCGGACCTCAGGGAGTCTCTGTCACAGGAAGGGGTCAAAGAATGAGGAGGTGGCCTTCTGTTAGTTGC,e5f781c0bb9e3abfc0f765e251577fb11c0a91f6656f1956c460e641826144d8,0.0,GATCAATCCCACCCAATGCTGACTATTTTCATTGATTGTTGGCCTCCTCCCCTCCCCCACTCCTTGCTGCTGAGCCAAGGACCCCTCCCATTTATCTCCATGGCTCTGTTCCTCATGAGGCAGAGCCCGGCTGCGGACCTCAGGGAGTCTCTGTCACAGGAAGGGGTCAAAGAATGAGGAGGTGGCCTTCTGTTAGTTGC,bafd6dc27ac0ccf03bb21c86c8a3690961f91bf5fb855881137ca44d6e6842b6,-0.317266502637659,GATCAATCCCACCCAATGCTGACTATTTTCATTGATTGTTGGCCTCCTCCCCTCCCCCACTCCTTGCTGCTGAGCCAAGGACCCCTCCCATTTATCTCCGTGGCTCTGTTCCTCATGAGGCAGAGCCCGGCTGTGGACCTCAGGGAGTCTCTGTCACAGGAAGGGGTCAAAGAATGAGGAGGTGGCCTTCTGTTAGTTGC,c478681aee2d154d82a653eeeb176dc3e0cc2236bf487599f1d9827e9fff709f,0.0440311923741946,GATCAATCCCACCCAATGCTGACTATTTTCATTGATTGTTGGCCTCCTCCCCTCCCCCACTCCTTGCTGCTGAGCCAAGGACCCCTCCCATTTATCTCCATGGCTCTGTTCCTCATGAGGCAGAGCCCGGCTGTGGACCTCAGGGAGTCTCTGTCACAGGAAGGGGTCAAAGAATGAGGAGGTGGCCTTCTGTTAGTTGC,50d2a24e59891cd096055a2fcfd231088473c3adc1ac19a19c7e49ef5c2e10ed,-0.574652442345595,0.3014171320821306,0.231804529287256,-304.22379824426025,-299.52692402061075,-291.50081771984696,-282.8999951602891,-3.9039483359083533,1.0,0.3014171320821306,0.0,2,0.16951000395165988,0.17490732828716207,0.146091925319964,0.22905521138310295,1.0
chr14:74734694:C:T;chr14:74734757:T:C;var1;middle;OL41|K562|31b8e35174522263,chr14:74734694:C:T;chr14:74734757:T:C;var1;middle;OL41,K562,K562_region_00576,100,163,63,ATTGTTGGCCTCCTCCCCTCCCCCACTCCTTGCTGCTGAGCCAAGGACCCCTCCCATTTATCTCCGTGGCTCTGTTCCTCATGAGGCAGAGCCCGGCTGCGGACCTCAGGGAGTCTCTGTCACAGGAAGGGGTCAAAGAATGAGGAGGTGGCCTTCTGTTAGTTGCAGAATTGCTTGAGCTGCTCACCAGGCTGATATTC,7d5b8f307da9dcfc19c54481bd21511abdfbdd27d0044230340f15a40d8f5de2,0.0,ATTGTTGGCCTCCTCCCCTCCCCCACTCCTTGCTGCTGAGCCAAGGACCCCTCCCATTTATCTCCGTGGCTCTGTTCCTCATGAGGCAGAGCCCGGCTGTGGACCTCAGGGAGTCTCTGTCACAGGAAGGGGTCAAAGAATGAGGAGGTGGCCTTCTGTTAGTTGCAGAATTGCTTGAGCTGCTCACCAGGCTGATATTC,f5e5e0c4f2195fd32f2c005732690b3ef75f56d3fb99fb7faffc4e8420f97106,-0.272883468689527,ATTGTTGGCCTCCTCCCCTCCCCCACTCCTTGCTGCTGAGCCAAGGACCCCTCCCATTTATCTCCGTGGCTCTGTTCCTCATGAGGCAGAGCCCGGCTGCGGACCTCAGGGAGTCTCTGTCACAGGAAGGGGTCAAAGAATGAGGAGGTGGCCTTCTGTTAGCTGCAGAATTGCTTGAGCTGCTCACCAGGCTGATATTC,ca138a5ab7538b51fdcdc446b6a0134e13552c1c13dbef7b70e5fca098ba3852,0.0788495675973111,ATTGTTGGCCTCCTCCCCTCCCCCACTCCTTGCTGCTGAGCCAAGGACCCCTCCCATTTATCTCCGTGGCTCTGTTCCTCATGAGGCAGAGCCCGGCTGTGGACCTCAGGGAGTCTCTGTCACAGGAAGGGGTCAAAGAATGAGGAGGTGGCCTTCTGTTAGCTGCAGAATTGCTTGAGCTGCTCACCAGGCTGATATTC,31b8e351745222635814483d995ec3c851ec850080f376d1f9a9935d53f05030,-0.108050108422715,0.0859837926695009,0.183653990602541,-246.62784264981747,-241.20755104720592,-241.70993088185787,-236.8087794482708,-0.5191401690244675,-1.0,-0.0859837926695009,0.0,2,0.17443855831053737,0.17490732828716207,0.146091925319964,0.09770766839377851,1.0
chr14:74766080:T:C;chr14:74766089:C:T;var1;middle;OL41|K562|df39f041144d9065,chr14:74766080:T:C;chr14:74766089:C:T;var1;middle;OL41,K562,K562_region_00577,100,109,9,GGGGCAATGATCAGTTCTGCTAAATGCTGAATTAAACCAGAACCTGTGGCCTGGGCCCAGGAGTGGAAACATCTGAGGAATCAGTCCCACGTGGGCCAATAGCAAGATCAACGTGCTTAATAAAGGCAACTATCCCTTTAGTTCCCAGAAAAGGGAGGAAACACACCCCCACAGCTTGCTTCCTGCTTCCTGGAGGCTAA,eb5cbe908bf671cbf1dfe775ad60d6bc27f4e8a7a4b619be107efdd8337bd047,0.0,GGGGCAATGATCAGTTCTGCTAAATGCTGAATTAAACCAGAACCTGTGGCCTGGGCCCAGGAGTGGAAACATCTGAGGAATCAGTCCCACGTGGGCCAACAGCAAGATCAACGTGCTTAATAAAGGCAACTATCCCTTTAGTTCCCAGAAAAGGGAGGAAACACACCCCCACAGCTTGCTTCCTGCTTCCTGGAGGCTAA,d69cb4e0606ae86e0d50e803cbe55d95e1202cbec3b5a9c15797be71487a5d71,0.0008090491432247,GGGGCAATGATCAGTTCTGCTAAATGCTGAATTAAACCAGAACCTGTGGCCTGGGCCCAGGAGTGGAAACATCTGAGGAATCAGTCCCACGTGGGCCAATAGCAAGATTAACGTGCTTAATAAAGGCAACTATCCCTTTAGTTCCCAGAAAAGGGAGGAAACACACCCCCACAGCTTGCTTCCTGCTTCCTGGAGGCTAA,9288c798850f2ec483fdf139c030fde3363eebb213d1c5bd1913663a2502207f,-0.123484112652376,GGGGCAATGATCAGTTCTGCTAAATGCTGAATTAAACCAGAACCTGTGGCCTGGGCCCAGGAGTGGAAACATCTGAGGAATCAGTCCCACGTGGGCCAACAGCAAGATTAACGTGCTTAATAAAGGCAACTATCCCTTTAGTTCCCAGAAAAGGGAGGAAACACACCCCCACAGCTTGCTTCCTGCTTCCTGGAGGCTAA,df39f041144d90655ad159d70057228f494043fdbc38e04c914b77220023ea43,-0.162553732941647,0.0398786694324957,0.181901450915679,-337.3296657805331,-332.3643469582312,-339.43822990823537,-338.9274317906238,4.454520704690367,1.0,0.0398786694324957,0.0,4,0.18172030965614233,0.17620727786206916,0.145609630836647,0.1252948438861797,1.0
chr14:75428234:T:C;chr14:75428248:C:T;var1;middle;OL30|K562|eeca5096ad980971,chr14:75428234:T:C;chr14:75428248:C:T;var1;middle;OL30,K562,K562_region_00578,100,114,14,CAAGAGACTGAGGCAGGAGGATTGCCTGAGCTCAGGAGGTTGAGGCTGCAGTGAGCTGTGATAACACAACAACACTGCTCTCCAGCCTGGGCGACAGAGTGAGATCCTGTCTCCGGAAAACAAAACAACAAAAAGGAAGAAGAAAGAAAAGAAGAAAACTGGAGGACTGGAGTGCCAGCCATGGCTGATTTGAGAGAGGG,01e4ce0634d0b23bee2f6a4ea6046f80c5ae01a91cea5809777f7779fc221778,0.0,CAAGAGACTGAGGCAGGAGGATTGCCTGAGCTCAGGAGGTTGAGGCTGCAGTGAGCTGTGATAACACAACAACACTGCTCTCCAGCCTGGGCGACAGAGCGAGATCCTGTCTCCGGAAAACAAAACAACAAAAAGGAAGAAGAAAGAAAAGAAGAAAACTGGAGGACTGGAGTGCCAGCCATGGCTGATTTGAGAGAGGG,1ca3e2f1cc2585b5c385a736d35a7a6b005843a814afc55befbf13e0cbcc77fa,0.181171996019917,CAAGAGACTGAGGCAGGAGGATTGCCTGAGCTCAGGAGGTTGAGGCTGCAGTGAGCTGTGATAACACAACAACACTGCTCTCCAGCCTGGGCGACAGAGTGAGATCCTGTCTCTGGAAAACAAAACAACAAAAAGGAAGAAGAAAGAAAAGAAGAAAACTGGAGGACTGGAGTGCCAGCCATGGCTGATTTGAGAGAGGG,ba3108a551dbe78d5a5101b0987e363b6f717d8bfd2e17da7ee5d6b44da095b4,-0.182995357048384,CAAGAGACTGAGGCAGGAGGATTGCCTGAGCTCAGGAGGTTGAGGCTGCAGTGAGCTGTGATAACACAACAACACTGCTCTCCAGCCTGGGCGACAGAGCGAGATCCTGTCTCTGGAAAACAAAACAACAAAAAGGAAGAAGAAAGAAAAGAAGAAAACTGGAGGACTGGAGTGCCAGCCATGGCTGATTTGAGAGAGGG,eeca5096ad980971644e3a6d8c820f76a9443612f41a22ee032c088abc9859b7,-0.171032161733055,-0.169208800704588,0.172926587518568,-143.07864893320948,-145.3303669663146,-139.45289155375212,-142.08743094094098,-0.38282135408371687,-1.0,0.169208800704588,0.0,0,0.1852843627710612,0.18565657667894103,0.15145376406925343,0.11349840588139753,1.0
chr14:76591144:G:A;chr14:76591206:A:C;var1;middle;OL31|K562|f75198c8a6775151,chr14:76591144:G:A;chr14:76591206:A:C;var1;middle;OL31,K562,K562_region_00579,100,162,62,GGGTCATGTTTCTTGTGGAGAAGAGGTGGGTGATGTCAATGACTGGAGCTGGGAGGGAGGGTGAGATGGCAGGTGTCTCACGGAGTGTTGATAGCTTGGGGCACGGAGTGTTGATAGCTTGCCCTGTCTGAAGATCTGCTCATTCTAATCTGATAAAACCAATGCAGATCAAATATTGACAGACACCTGTGGGGCTATGT,4418406ad95b5a4a115c9f68d78d63dfabe6bc58e71ba5821270a143c9dfc4ab,0.0,GGGTCATGTTTCTTGTGGAGAAGAGGTGGGTGATGTCAATGACTGGAGCTGGGAGGGAGGGTGAGATGGCAGGTGTCTCACGGAGTGTTGATAGCTTGGAGCACGGAGTGTTGATAGCTTGCCCTGTCTGAAGATCTGCTCATTCTAATCTGATAAAACCAATGCAGATCAAATATTGACAGACACCTGTGGGGCTATGT,30ac8d35e49193ec50ec876bfedac617d898ae61c8e8d95ee705ab41ae84664d,-0.0311892580585114,GGGTCATGTTTCTTGTGGAGAAGAGGTGGGTGATGTCAATGACTGGAGCTGGGAGGGAGGGTGAGATGGCAGGTGTCTCACGGAGTGTTGATAGCTTGGGGCACGGAGTGTTGATAGCTTGCCCTGTCTGAAGATCTGCTCATTCTAATCTGATAAAACCACTGCAGATCAAATATTGACAGACACCTGTGGGGCTATGT,5bab7805155e28c95db6ec413de1ec65ca1ef5269a8e006d5c30621db926d6a2,0.0325042974199484,GGGTCATGTTTCTTGTGGAGAAGAGGTGGGTGATGTCAATGACTGGAGCTGGGAGGGAGGGTGAGATGGCAGGTGTCTCACGGAGTGTTGATAGCTTGGAGCACGGAGTGTTGATAGCTTGCCCTGTCTGAAGATCTGCTCATTCTAATCTGATAAAACCACTGCAGATCAAATATTGACAGACACCTGTGGGGCTATGT,f75198c8a677515134cd3b35bbbb6961514636f5b736c8bb193dae68f58efe3a,-0.08701098259922,0.0883260219606569,0.223493590086849,-370.40681865240913,-362.7148856979329,-357.6238502752967,-350.9733401997946,1.0414228789741173,1.0,0.0883260219606569,0.0,0,0.1871136455474608,0.18565657667894103,0.15145376406925343,0.026078287046490956,1.0
chr14:76694852:T:G;chr14:76694877:T:C;var1;middle;OL31|K562|c265ece4a1bacde7,chr14:76694852:T:G;chr14:76694877:T:C;var1;middle;OL31,K562,K562_region_00580,100,125,25,GCATTACAAGTCTTTACCTCTTGCTCTGAACTTGTAACTTTCCGCATTGTGCCAGGGGGCAGGCAGTTTCTAGGTTGTCGGTTTTCCAAGGTCATCCTTTGAGATTAGCGTTCTGTGGGTTGCATCTGTAATAAGTCAGACAAGGGTTTCTTCAGCTGACTTAGTAGGCTCTTCCCTTCTGATCTGAAACTGCTTAGGAA,e76fa70dd3a1f85acc66fb3d878d5cca1dfed1cd28f69f10fc634bd8072407cd,0.0,GCATTACAAGTCTTTACCTCTTGCTCTGAACTTGTAACTTTCCGCATTGTGCCAGGGGGCAGGCAGTTTCTAGGTTGTCGGTTTTCCAAGGTCATCCTTGGAGATTAGCGTTCTGTGGGTTGCATCTGTAATAAGTCAGACAAGGGTTTCTTCAGCTGACTTAGTAGGCTCTTCCCTTCTGATCTGAAACTGCTTAGGAA,439ae169eec2fd1cfc69ff2d37644c3f803d202c4dd07d5d0213453cee43e354,0.0288561919848751,GCATTACAAGTCTTTACCTCTTGCTCTGAACTTGTAACTTTCCGCATTGTGCCAGGGGGCAGGCAGTTTCTAGGTTGTCGGTTTTCCAAGGTCATCCTTTGAGATTAGCGTTCTGTGGGTTGCACCTGTAATAAGTCAGACAAGGGTTTCTTCAGCTGACTTAGTAGGCTCTTCCCTTCTGATCTGAAACTGCTTAGGAA,182e15348a7b0d3d0eaaa260aaa9f01ea67206e6a1d99c80d7344682af93afd1,0.0254281847951871,GCATTACAAGTCTTTACCTCTTGCTCTGAACTTGTAACTTTCCGCATTGTGCCAGGGGGCAGGCAGTTTCTAGGTTGTCGGTTTTCCAAGGTCATCCTTGGAGATTAGCGTTCTGTGGGTTGCACCTGTAATAAGTCAGACAAGGGTTTCTTCAGCTGACTTAGTAGGCTCTTCCCTTCTGATCTGAAACTGCTTAGGAA,c265ece4a1bacde758d7578f311e44cc76aa28553fcf3caa999ac05f699e0517,-0.0510839378076348,0.105368314587697,0.218357980539958,-325.104465440847,-320.2916837334633,-325.11727445945144,-299.6203973144293,-20.68409543763846,1.0,0.105368314587697,0.0,2,0.14507675306613801,0.17490732828716207,0.146091925319964,-0.009277110857519505,1.0
chr14:77787695:G:T;chr14:77787759:G:A;var1;middle;OL41|K562|753f7df91aded6cb,chr14:77787695:G:T;chr14:77787759:G:A;var1;middle;OL41,K562,K562_region_00581,100,164,64,AGTGAGCTGCACCGCCCGCCCAGGCCGACAACGACTCCCGGCATGCAGTGCTTTGCGCCGGGCACGCTCTGCGCCTGCGTGCTGCGCGCTGCCCGCTGGGGCTCGAAGTTCCGGGAGGGTTGGGCCAGAGGAGGCGGTCCTGGTAGGGAGTGCGTAGCAGGGTGGAGTCGCTGTCCGGTCGCGCTTCACTTCTGCTCCGC,aa454e15cb57cf78719973018059578da6571acd2b0add739eb4dc7ed2dd3adf,0.0,AGTGAGCTGCACCGCCCGCCCAGGCCGACAACGACTCCCGGCATGCAGTGCTTTGCGCCGGGCACGCTCTGCGCCTGCGTGCTGCGCGCTGCCCGCTGGTGCTCGAAGTTCCGGGAGGGTTGGGCCAGAGGAGGCGGTCCTGGTAGGGAGTGCGTAGCAGGGTGGAGTCGCTGTCCGGTCGCGCTTCACTTCTGCTCCGC,95ba73fd57b8dd806d47f238b9fcc6cf79152f89dcdf576c24bca1c69c7256c4,-0.038773982427724,AGTGAGCTGCACCGCCCGCCCAGGCCGACAACGACTCCCGGCATGCAGTGCTTTGCGCCGGGCACGCTCTGCGCCTGCGTGCTGCGCGCTGCCCGCTGGGGCTCGAAGTTCCGGGAGGGTTGGGCCAGAGGAGGCGGTCCTGGTAGGGAGTGCGTAGCAGGGTAGAGTCGCTGTCCGGTCGCGCTTCACTTCTGCTCCGC,002a71b725298b13435c154c9f731ab1294026a93443ac8594a28e384c362155,-0.409251587143904,AGTGAGCTGCACCGCCCGCCCAGGCCGACAACGACTCCCGGCATGCAGTGCTTTGCGCCGGGCACGCTCTGCGCCTGCGTGCTGCGCGCTGCCCGCTGGTGCTCGAAGTTCCGGGAGGGTTGGGCCAGAGGAGGCGGTCCTGGTAGGGAGTGCGTAGCAGGGTAGAGTCGCTGTCCGGTCGCGCTTCACTTCTGCTCCGC,753f7df91aded6cb6e3070ff97b898feef6fed322ebd854cd1965194deb4867f,-0.515061468825622,0.0670358992539939,0.217943295880999,-268.63523705489933,-314.79494460113347,-247.7253994178027,-305.18751510605216,11.302408142015338,1.0,0.0670358992539939,0.0,2,0.1916516884450862,0.17490732828716207,0.146091925319964,0.027804734227118877,1.0
chr14:81425425:C:G;chr14:81425428:G:A;var1;middle;OL41|K562|f3c2e6dadce41f75,chr14:81425425:C:G;chr14:81425428:G:A;var1;middle;OL41,K562,K562_region_00582,100,103,3,ATGGTGCCGAGAACAACTCTTTCTAAACTTTATCTTCTACTCATAGATTATTGTTCTGAAAGGTAAACAGCTCTCTTGCCCTACTACCCATATCCCAGCCCCGTGGTCTTATGGATGCAGGGGAGAGAGTTACGGACTGTGGCCCTCACTGAAGAAGTGATGCTGTATCTTTTCCTCACTCCTCCCCTCCAGAAGGGTAT,8c421e37d89b6da43f6272167830dc39fbb8168e835818a9f19e9ed1c50916ad,0.0,ATGGTGCCGAGAACAACTCTTTCTAAACTTTATCTTCTACTCATAGATTATTGTTCTGAAAGGTAAACAGCTCTCTTGCCCTACTACCCATATCCCAGCGCCGTGGTCTTATGGATGCAGGGGAGAGAGTTACGGACTGTGGCCCTCACTGAAGAAGTGATGCTGTATCTTTTCCTCACTCCTCCCCTCCAGAAGGGTAT,4e729418c254d076136d4f62f21286f24fa7911780a63ee72113ba1462e03258,0.0101139586444898,ATGGTGCCGAGAACAACTCTTTCTAAACTTTATCTTCTACTCATAGATTATTGTTCTGAAAGGTAAACAGCTCTCTTGCCCTACTACCCATATCCCAGCCCCATGGTCTTATGGATGCAGGGGAGAGAGTTACGGACTGTGGCCCTCACTGAAGAAGTGATGCTGTATCTTTTCCTCACTCCTCCCCTCCAGAAGGGTAT,c7d5fdb070e9377b6a4420be2adfc7232d7d6aef5944b85496bc35ef4117db83,-0.0062833914664317,ATGGTGCCGAGAACAACTCTTTCTAAACTTTATCTTCTACTCATAGATTATTGTTCTGAAAGGTAAACAGCTCTCTTGCCCTACTACCCATATCCCAGCGCCATGGTCTTATGGATGCAGGGGAGAGAGTTACGGACTGTGGCCCTCACTGAAGAAGTGATGCTGTATCTTTTCCTCACTCCTCCCCTCCAGAAGGGTAT,f3c2e6dadce41f7501403f96d4f028fcc2bc9e0c5a7d5e276c667065fdd0e85d,-0.0688807169289732,0.0727112841070313,0.379415210485404,-268.3072846233845,-296.84901914931834,-263.8791193664074,-275.6223617941141,-16.798492098227143,1.0,0.0727112841070313,0.0,1,0.16527370406422334,0.18216460459877223,0.1501433469024087,0.17180060805668526,1.0
chr14:90421493:G:A;chr14:90421558:G:C;var1;middle;OL41|K562|b219c12b2e8a74ab,chr14:90421493:G:A;chr14:90421558:G:C;var1;middle;OL41,K562,K562_region_00583,100,165,65,TCATTTAGATCTATGACACTATGCTAAACGTTATAGGAGACAAAAAGACTGTGAACAAACAAGAAGAACCAAACGAAAAGAGCCAAGTCCAGGATTCTCGTTCAGATCAGCAAGTCATTGGGATCGAGCTCCTAGGGCAGCTACTACATCTGTTATGTCCTCAAGATAATCCCAGCACCTAGCACTGTGCCTGGCACAAA,eef496edc6fedc62294dea058010749d5e493a5f0cbe95704e00278fc6d6a923,0.0,TCATTTAGATCTATGACACTATGCTAAACGTTATAGGAGACAAAAAGACTGTGAACAAACAAGAAGAACCAAACGAAAAGAGCCAAGTCCAGGATTCTCATTCAGATCAGCAAGTCATTGGGATCGAGCTCCTAGGGCAGCTACTACATCTGTTATGTCCTCAAGATAATCCCAGCACCTAGCACTGTGCCTGGCACAAA,573c5583b2b81955f0a8199515dea32d5a1b4e000d1d62e3afcdb257c29ec191,-0.413253330886718,TCATTTAGATCTATGACACTATGCTAAACGTTATAGGAGACAAAAAGACTGTGAACAAACAAGAAGAACCAAACGAAAAGAGCCAAGTCCAGGATTCTCGTTCAGATCAGCAAGTCATTGGGATCGAGCTCCTAGGGCAGCTACTACATCTGTTATGTCCTCAACATAATCCCAGCACCTAGCACTGTGCCTGGCACAAA,bdae749d0218f5374bbef1601217c74237d27f56c0993a9ecca4a9999c7f06ff,-0.441101978891376,TCATTTAGATCTATGACACTATGCTAAACGTTATAGGAGACAAAAAGACTGTGAACAAACAAGAAGAACCAAACGAAAAGAGCCAAGTCCAGGATTCTCATTCAGATCAGCAAGTCATTGGGATCGAGCTCCTAGGGCAGCTACTACATCTGTTATGTCCTCAACATAATCCCAGCACCTAGCACTGTGCCTGGCACAAA,b219c12b2e8a74abe053091a945c4efcbd11d6fa44007072927ae4c17e26fbf1,-0.16920423449057,0.6851510752875241,0.280793370153604,-245.070353589952,-240.9510817453265,-245.3431423977017,-252.08433279767632,-10.860462244600114,-1.0,-0.6851510752875241,0.0,1,0.17131529238376936,0.18216460459877223,0.1501433469024087,0.11666317503926968,1.0
chr14:93516398:T:G;chr14:93516465:T:C;var1;middle;OL27|K562|44a657120ef0d599,chr14:93516398:T:G;chr14:93516465:T:C;var1;middle;OL27,K562,K562_region_00584,100,167,67,TCCAGGCAGAGGCACTTGGCAAAGGTTCTAGGCCTGCCATGGGGGTGGGCGCCGACAATCCCTGCTGCTGGGAAGTGCAACTCCTGCTCAGCTTCCCTTTCGAGGAATGGCCTTCCCGGGGCAAAACAAAGGCCAGGGGGCAGCAGGCCGTAGGAAATACTCTCACTGCCTTAAATAGAAGCAAACCATCTGGCCAGTTG,f4c0373b895746beefd3658e2610c80197ebf9b833912946d67ac2f5edce2a60,0.0,TCCAGGCAGAGGCACTTGGCAAAGGTTCTAGGCCTGCCATGGGGGTGGGCGCCGACAATCCCTGCTGCTGGGAAGTGCAACTCCTGCTCAGCTTCCCTTGCGAGGAATGGCCTTCCCGGGGCAAAACAAAGGCCAGGGGGCAGCAGGCCGTAGGAAATACTCTCACTGCCTTAAATAGAAGCAAACCATCTGGCCAGTTG,4d99201b342ff9b32675797b4de9cc678f78b2ec2c655c272fd2df65c5f4608a,0.288024207345139,TCCAGGCAGAGGCACTTGGCAAAGGTTCTAGGCCTGCCATGGGGGTGGGCGCCGACAATCCCTGCTGCTGGGAAGTGCAACTCCTGCTCAGCTTCCCTTTCGAGGAATGGCCTTCCCGGGGCAAAACAAAGGCCAGGGGGCAGCAGGCCGTAGGAAATACTCTCACCGCCTTAAATAGAAGCAAACCATCTGGCCAGTTG,58cc46687ca06a8fab49c6a5efae6fe0b814e52959d62c19a2ecfeddf9897f23,0.103258641174671,TCCAGGCAGAGGCACTTGGCAAAGGTTCTAGGCCTGCCATGGGGGTGGGCGCCGACAATCCCTGCTGCTGGGAAGTGCAACTCCTGCTCAGCTTCCCTTGCGAGGAATGGCCTTCCCGGGGCAAAACAAAGGCCAGGGGGCAGCAGGCCGTAGGAAATACTCTCACCGCCTTAAATAGAAGCAAACCATCTGGCCAGTTG,44a657120ef0d59941653f382f75ef817fa6a817c8067847ce074e843ec07959,0.354582774222008,0.0367000742978019,0.151650944290397,-321.028939248994,-316.5729824327864,-323.96648455783725,-318.72693921253085,-0.783588529098779,1.0,0.0367000742978019,0.0,4,0.1752281377858521,0.17620727786206916,0.145609630836647,0.23039448368630383,1.0
chr14:94454127:A:G;chr14:94454135:C:A;var1;middle;OL41|K562|2c84252152a76a19,chr14:94454127:A:G;chr14:94454135:C:A;var1;middle;OL41,K562,K562_region_00585,100,108,8,TGTGACGCAGGAGTCAGGACTGCAGCAGCTTCCTAACGGGCGGGAGTGAGGCTTCAAAGAGGTAACACTCCAGCAAGTCCGTGACAGGGGCTGCAGGAGACGAGTGCCCAGAAAGTGGAACTATTATTATTTTTATCCTCAAGGCACAAATTAAATGCCATGAGCCCTGCTAAGTGCCAGAAGCAGTGTCAGCTCCTGGA,105346a6a1322a7479ae0c2ad4c24c85c43962de84df2f159ca2129a8f370241,0.0,TGTGACGCAGGAGTCAGGACTGCAGCAGCTTCCTAACGGGCGGGAGTGAGGCTTCAAAGAGGTAACACTCCAGCAAGTCCGTGACAGGGGCTGCAGGAGGCGAGTGCCCAGAAAGTGGAACTATTATTATTTTTATCCTCAAGGCACAAATTAAATGCCATGAGCCCTGCTAAGTGCCAGAAGCAGTGTCAGCTCCTGGA,8fd1f10cd5523bd0b07826b6ff7eddbd37b715d6057e097b7b76a9021ac63504,0.348195250405879,TGTGACGCAGGAGTCAGGACTGCAGCAGCTTCCTAACGGGCGGGAGTGAGGCTTCAAAGAGGTAACACTCCAGCAAGTCCGTGACAGGGGCTGCAGGAGACGAGTGCACAGAAAGTGGAACTATTATTATTTTTATCCTCAAGGCACAAATTAAATGCCATGAGCCCTGCTAAGTGCCAGAAGCAGTGTCAGCTCCTGGA,946022b0d2613fa9c68181cf2a45ea2a8662faa0324fccb2e21ab18072a4d0ea,-0.221561789164868,TGTGACGCAGGAGTCAGGACTGCAGCAGCTTCCTAACGGGCGGGAGTGAGGCTTCAAAGAGGTAACACTCCAGCAAGTCCGTGACAGGGGCTGCAGGAGGCGAGTGCACAGAAAGTGGAACTATTATTATTTTTATCCTCAAGGCACAAATTAAATGCCATGAGCCCTGCTAAGTGCCAGAAGCAGTGTCAGCTCCTGGA,2c84252152a76a195ddfe56410628dc5215a7f6db3f4ee853264486205e751fa,0.30211015187926,0.1754766906382489,0.208598067595605,-388.05458763893694,-374.7344867568463,-386.70784740895033,-375.4984815376811,-2.1107350108213723,-1.0,-0.1754766906382489,0.0,3,0.1772215840608335,0.18106719778262317,0.1474303780702046,0.15058339935378628,1.0
chr14:94454127:A:G;chr14:94454139:A:T;var1;middle;OL41|K562|5ac003f56d1caff1,chr14:94454127:A:G;chr14:94454139:A:T;var1;middle;OL41,K562,K562_region_00585,100,112,12,TGTGACGCAGGAGTCAGGACTGCAGCAGCTTCCTAACGGGCGGGAGTGAGGCTTCAAAGAGGTAACACTCCAGCAAGTCCGTGACAGGGGCTGCAGGAGACGAGTGCCCAGAAAGTGGAACTATTATTATTTTTATCCTCAAGGCACAAATTAAATGCCATGAGCCCTGCTAAGTGCCAGAAGCAGTGTCAGCTCCTGGA,105346a6a1322a7479ae0c2ad4c24c85c43962de84df2f159ca2129a8f370241,0.0,TGTGACGCAGGAGTCAGGACTGCAGCAGCTTCCTAACGGGCGGGAGTGAGGCTTCAAAGAGGTAACACTCCAGCAAGTCCGTGACAGGGGCTGCAGGAGGCGAGTGCCCAGAAAGTGGAACTATTATTATTTTTATCCTCAAGGCACAAATTAAATGCCATGAGCCCTGCTAAGTGCCAGAAGCAGTGTCAGCTCCTGGA,8fd1f10cd5523bd0b07826b6ff7eddbd37b715d6057e097b7b76a9021ac63504,0.348620855934664,TGTGACGCAGGAGTCAGGACTGCAGCAGCTTCCTAACGGGCGGGAGTGAGGCTTCAAAGAGGTAACACTCCAGCAAGTCCGTGACAGGGGCTGCAGGAGACGAGTGCCCAGTAAGTGGAACTATTATTATTTTTATCCTCAAGGCACAAATTAAATGCCATGAGCCCTGCTAAGTGCCAGAAGCAGTGTCAGCTCCTGGA,83059f28b41cd0d14302443cd0b6ce916ab82be8528c2e55cc09929613c7d83b,0.619231666066691,TGTGACGCAGGAGTCAGGACTGCAGCAGCTTCCTAACGGGCGGGAGTGAGGCTTCAAAGAGGTAACACTCCAGCAAGTCCGTGACAGGGGCTGCAGGAGGCGAGTGCCCAGTAAGTGGAACTATTATTATTTTTATCCTCAAGGCACAAATTAAATGCCATGAGCCCTGCTAAGTGCCAGAAGCAGTGTCAGCTCCTGGA,5ac003f56d1caff1545d1e5a0352d8c9f7e5afd10eea1e092663481bd84eba70,0.617122571065055,0.3507299509363,0.230788947618834,-388.05458763893694,-374.7344867568463,-382.8349655927159,-370.16291711851954,0.6480524078942835,1.0,0.3507299509363,0.0,3,0.18277829343368857,0.18106719778262317,0.1474303780702046,0.0732445532925146,1.0
chr14:94454135:C:A;chr14:94454139:A:T;var1;middle;OL41|K562|acd3f2112f5181e7,chr14:94454135:C:A;chr14:94454139:A:T;var1;middle;OL41,K562,K562_region_00585,100,104,4,AGGAGTCAGGACTGCAGCAGCTTCCTAACGGGCGGGAGTGAGGCTTCAAAGAGGTAACACTCCAGCAAGTCCGTGACAGGGGCTGCAGGAGACGAGTGCCCAGAAAGTGGAACTATTATTATTTTTATCCTCAAGGCACAAATTAAATGCCATGAGCCCTGCTAAGTGCCAGAAGCAGTGTCAGCTCCTGGAATATAGAC,533cd833ed64107673641f1d91547972ce2d90f3d3b1ce1a65c31c481faa2fc1,0.0,AGGAGTCAGGACTGCAGCAGCTTCCTAACGGGCGGGAGTGAGGCTTCAAAGAGGTAACACTCCAGCAAGTCCGTGACAGGGGCTGCAGGAGACGAGTGCACAGAAAGTGGAACTATTATTATTTTTATCCTCAAGGCACAAATTAAATGCCATGAGCCCTGCTAAGTGCCAGAAGCAGTGTCAGCTCCTGGAATATAGAC,64b1a64985128e770ff880dae68b17f9f8a2768983cca9c6998984f2313c88fc,-0.165346464381588,AGGAGTCAGGACTGCAGCAGCTTCCTAACGGGCGGGAGTGAGGCTTCAAAGAGGTAACACTCCAGCAAGTCCGTGACAGGGGCTGCAGGAGACGAGTGCCCAGTAAGTGGAACTATTATTATTTTTATCCTCAAGGCACAAATTAAATGCCATGAGCCCTGCTAAGTGCCAGAAGCAGTGTCAGCTCCTGGAATATAGAC,e29281d1a12ebe6e49c1ca63d2b48f9101a17e0ac17034d388a086e26868dc65,0.21054281594583,AGGAGTCAGGACTGCAGCAGCTTCCTAACGGGCGGGAGTGAGGCTTCAAAGAGGTAACACTCCAGCAAGTCCGTGACAGGGGCTGCAGGAGACGAGTGCACAGTAAGTGGAACTATTATTATTTTTATCCTCAAGGCACAAATTAAATGCCATGAGCCCTGCTAAGTGCCAGAAGCAGTGTCAGCTCCTGGAATATAGAC,acd3f2112f5181e75a1e17cb29094ca433a8c25fb0f55840e5bad2c82955da7a,0.186665970743159,0.141469619178917,0.280137957083482,-381.6251220463309,-368.69893606519327,-382.7102030527312,-370.897362687625,-1.1133456160313813,-1.0,-0.141469619178917,0.0,3,0.17923051122963868,0.18106719778262317,0.1474303780702046,0.2503053838216109,1.0
chr14:94595945:G:T;chr14:94595989:T:C;var1;middle;OL41|K562|8118d3c52fbe96d6,chr14:94595945:G:T;chr14:94595989:T:C;var1;middle;OL41,K562,K562_region_00586,100,144,44,AGCCTGCCCCCAGCCCAGCCCGCCAGCCCCCTGGGGAAGCAAGACTCACTCATCATGGTGAGGCCGTCCGGGTCCCAACTTGGCCCAGGAAATGACAGCGTTCTTGGGGTGTTACTTCCCCCTCCATCCAGTAGGGACGCGCCTACTCTGCCCTAGAGAGACGCAGGCCCCGCCCCCCGCCCCACCCCGCTCGCCCGGGA,6d3065a666c1ddfe505ea84f580726c2105d6d9c370eb958d0ef9d37b0e71654,0.0,AGCCTGCCCCCAGCCCAGCCCGCCAGCCCCCTGGGGAAGCAAGACTCACTCATCATGGTGAGGCCGTCCGGGTCCCAACTTGGCCCAGGAAATGACAGCTTTCTTGGGGTGTTACTTCCCCCTCCATCCAGTAGGGACGCGCCTACTCTGCCCTAGAGAGACGCAGGCCCCGCCCCCCGCCCCACCCCGCTCGCCCGGGA,67d429bb3afad25f00083fddd5cf76b3404b3b2dc59f5d8bd91cd90e1b7ade0f,-0.259693390397025,AGCCTGCCCCCAGCCCAGCCCGCCAGCCCCCTGGGGAAGCAAGACTCACTCATCATGGTGAGGCCGTCCGGGTCCCAACTTGGCCCAGGAAATGACAGCGTTCTTGGGGTGTTACTTCCCCCTCCATCCAGTAGGGACGCGCCCACTCTGCCCTAGAGAGACGCAGGCCCCGCCCCCCGCCCCACCCCGCTCGCCCGGGA,b518bc5d68323c8557f61e7158668bef1b5aec6b3eaf917ef73aeedfdc79ed96,-0.41988083145608,AGCCTGCCCCCAGCCCAGCCCGCCAGCCCCCTGGGGAAGCAAGACTCACTCATCATGGTGAGGCCGTCCGGGTCCCAACTTGGCCCAGGAAATGACAGCTTTCTTGGGGTGTTACTTCCCCCTCCATCCAGTAGGGACGCGCCCACTCTGCCCTAGAGAGACGCAGGCCCCGCCCCCCGCCCCACCCCGCTCGCCCGGGA,8118d3c52fbe96d692617c7c4e634a6aaf6a3ef47987448311e67788ba931f9f,-0.148615247205886,0.530958974647219,0.273891692968915,-273.84008957166225,-271.5442449618131,-266.9687099121511,-260.77542975731194,3.897435544990003,-1.0,-0.530958974647219,0.0,4,0.18102985200401228,0.17620727786206916,0.145609630836647,0.3250702924553671,1.0
chr14:95053849:T:C;chr14:95053863:C:T;var1;middle;OL29|K562|f1ae91c51b25d0ce,chr14:95053849:T:C;chr14:95053863:C:T;var1;middle;OL29,K562,K562_region_00587,100,114,14,CTCCCTTCACCGCCACCACCCCCGGGAGATGAAGAAGAGAGTCGAGGACCTCCATGTAGGTGCCACGGTGGCCCCCAGCAGCAGAAGGGACTTTACCTTTGACCTCTACAGGGCCTTGGCTTCCGCTGCCCCCAGCCAGAGCATCTTCTTCTCCCCTGTGAGCATCTCCATGAGCCTGGCCATGCTCTCCCTGGGGGCTG,272ad8aa35a1c7ddc9fc6a712979d19d2e12e5b4a4a282fdd582059d389edbe7,0.0,CTCCCTTCACCGCCACCACCCCCGGGAGATGAAGAAGAGAGTCGAGGACCTCCATGTAGGTGCCACGGTGGCCCCCAGCAGCAGAAGGGACTTTACCTTCGACCTCTACAGGGCCTTGGCTTCCGCTGCCCCCAGCCAGAGCATCTTCTTCTCCCCTGTGAGCATCTCCATGAGCCTGGCCATGCTCTCCCTGGGGGCTG,579f6103b99bfbf49944bd9d11a462ccf94329011ade4e56ff8a2aa885810f2a,-0.201676370824753,CTCCCTTCACCGCCACCACCCCCGGGAGATGAAGAAGAGAGTCGAGGACCTCCATGTAGGTGCCACGGTGGCCCCCAGCAGCAGAAGGGACTTTACCTTTGACCTCTACAGGGTCTTGGCTTCCGCTGCCCCCAGCCAGAGCATCTTCTTCTCCCCTGTGAGCATCTCCATGAGCCTGGCCATGCTCTCCCTGGGGGCTG,c23cb1105ef5a5b3a4220c13c4c851963441cee1d4fe743d93167152de1c7eff,-0.158168085513051,CTCCCTTCACCGCCACCACCCCCGGGAGATGAAGAAGAGAGTCGAGGACCTCCATGTAGGTGCCACGGTGGCCCCCAGCAGCAGAAGGGACTTTACCTTCGACCTCTACAGGGTCTTGGCTTCCGCTGCCCCCAGCCAGAGCATCTTCTTCTCCCCTGTGAGCATCTCCATGAGCCTGGCCATGCTCTCCCTGGGGGCTG,f1ae91c51b25d0cef8a74a70df1d474b960ecb307b73e14c5bf74ee42185bccd,-0.295929906316096,-0.063914550021708,0.160353947844117,-222.26912907511,-226.97357218712568,-225.6103481277824,-230.1609228365124,-0.15386840328568496,1.0,-0.063914550021708,0.0,1,0.18220860782479867,0.18216460459877223,0.1501433469024087,0.25196442033756045,1.0
chr14:95053849:T:C;chr14:95053891:C:T;var1;middle;OL29|K562|621d728ea4f825c8,chr14:95053849:T:C;chr14:95053891:C:T;var1;middle;OL29,K562,K562_region_00587,100,142,42,CTCCCTTCACCGCCACCACCCCCGGGAGATGAAGAAGAGAGTCGAGGACCTCCATGTAGGTGCCACGGTGGCCCCCAGCAGCAGAAGGGACTTTACCTTTGACCTCTACAGGGCCTTGGCTTCCGCTGCCCCCAGCCAGAGCATCTTCTTCTCCCCTGTGAGCATCTCCATGAGCCTGGCCATGCTCTCCCTGGGGGCTG,272ad8aa35a1c7ddc9fc6a712979d19d2e12e5b4a4a282fdd582059d389edbe7,0.0,CTCCCTTCACCGCCACCACCCCCGGGAGATGAAGAAGAGAGTCGAGGACCTCCATGTAGGTGCCACGGTGGCCCCCAGCAGCAGAAGGGACTTTACCTTCGACCTCTACAGGGCCTTGGCTTCCGCTGCCCCCAGCCAGAGCATCTTCTTCTCCCCTGTGAGCATCTCCATGAGCCTGGCCATGCTCTCCCTGGGGGCTG,579f6103b99bfbf49944bd9d11a462ccf94329011ade4e56ff8a2aa885810f2a,-0.201583204959852,CTCCCTTCACCGCCACCACCCCCGGGAGATGAAGAAGAGAGTCGAGGACCTCCATGTAGGTGCCACGGTGGCCCCCAGCAGCAGAAGGGACTTTACCTTTGACCTCTACAGGGCCTTGGCTTCCGCTGCCCCCAGCCAGAGTATCTTCTTCTCCCCTGTGAGCATCTCCATGAGCCTGGCCATGCTCTCCCTGGGGGCTG,543e674e667a24a3adc56fbd0471fd86acf862882b80920a75feb1f4a0633530,0.236256616113241,CTCCCTTCACCGCCACCACCCCCGGGAGATGAAGAAGAGAGTCGAGGACCTCCATGTAGGTGCCACGGTGGCCCCCAGCAGCAGAAGGGACTTTACCTTCGACCTCTACAGGGCCTTGGCTTCCGCTGCCCCCAGCCAGAGTATCTTCTTCTCCCCTGTGAGCATCTCCATGAGCCTGGCCATGCTCTCCCTGGGGGCTG,621d728ea4f825c84b53bdbbd16efd10d4d1bb1c1890327cc74efa93010e5a7b,-0.0197499456866708,-0.0544233568400598,0.171963569586863,-222.26912907511,-226.97357218712568,-226.5661580227316,-231.54709900170565,-0.2764978669583513,-1.0,0.0544233568400598,0.0,1,0.18208383971927888,0.18216460459877223,0.1501433469024087,0.22368872120064992,1.0
chr14:95053863:C:T;chr14:95053891:C:T;var1;middle;OL29|K562|dff63148ce544183,chr14:95053863:C:T;chr14:95053891:C:T;var1;middle;OL29,K562,K562_region_00587,100,128,28,ACCACCCCCGGGAGATGAAGAAGAGAGTCGAGGACCTCCATGTAGGTGCCACGGTGGCCCCCAGCAGCAGAAGGGACTTTACCTTTGACCTCTACAGGGCCTTGGCTTCCGCTGCCCCCAGCCAGAGCATCTTCTTCTCCCCTGTGAGCATCTCCATGAGCCTGGCCATGCTCTCCCTGGGGGCTGGGTCCAGCACAAAG,f0a0241f742b5a25f60478ab80a94c702a7ec2cd80df514cb03a46049031a00d,0.0,ACCACCCCCGGGAGATGAAGAAGAGAGTCGAGGACCTCCATGTAGGTGCCACGGTGGCCCCCAGCAGCAGAAGGGACTTTACCTTTGACCTCTACAGGGTCTTGGCTTCCGCTGCCCCCAGCCAGAGCATCTTCTTCTCCCCTGTGAGCATCTCCATGAGCCTGGCCATGCTCTCCCTGGGGGCTGGGTCCAGCACAAAG,8ebfbdf84801b0dbd3b37fd2bae95f174a8072384e0f48e15fc252101cb45734,0.606651155028503,ACCACCCCCGGGAGATGAAGAAGAGAGTCGAGGACCTCCATGTAGGTGCCACGGTGGCCCCCAGCAGCAGAAGGGACTTTACCTTTGACCTCTACAGGGCCTTGGCTTCCGCTGCCCCCAGCCAGAGTATCTTCTTCTCCCCTGTGAGCATCTCCATGAGCCTGGCCATGCTCTCCCTGGGGGCTGGGTCCAGCACAAAG,1503fae80aafcde2aef539bab626587f4c69a50c20a4e24251238bf9c4de656c,0.479265245767842,ACCACCCCCGGGAGATGAAGAAGAGAGTCGAGGACCTCCATGTAGGTGCCACGGTGGCCCCCAGCAGCAGAAGGGACTTTACCTTTGACCTCTACAGGGTCTTGGCTTCCGCTGCCCCCAGCCAGAGTATCTTCTTCTCCCCTGTGAGCATCTCCATGAGCCTGGCCATGCTCTCCCTGGGGGCTGGGTCCAGCACAAAG,dff63148ce544183f1fedced391f3aaa4fc685411830c13ed45b141e7557feee,0.182161753488128,0.9037546473082172,0.122629770152643,-244.4904892644845,-241.5197604475543,-237.0126974955201,-237.74459523707628,3.7026265584863722,1.0,0.9037546473082172,0.0,1,0.18613235955555132,0.18216460459877223,0.1501433469024087,0.32341026488127617,1.0
chr14:95061585:T:G;chr14:95061657:T:C;var1;middle;OL29|K562|9faf2251f24724b5,chr14:95061585:T:G;chr14:95061657:T:C;var1;middle;OL29,K562,K562_region_00588,100,172,72,TGCCTGAGTTCTAACTTCCTCTCCTCTCCTCATCTCCACCAGTCTTATAGAATTAGGGCCCCCCAATGACCTCATTCTAACTTAATAACCTCTTTAAAGTCTCTATCTCCAAATACAGTCACATTTTGAAATATTGAGGGTTAGGACTTCAGTGTATGAATTTTGGGAGGATGCAACTCAGCCAGGCTCACTCTTATCAT,16d2e66d57f0732690808b8048e6bba817b03da2799a3cda3848274ecfa2b15a,0.0,TGCCTGAGTTCTAACTTCCTCTCCTCTCCTCATCTCCACCAGTCTTATAGAATTAGGGCCCCCCAATGACCTCATTCTAACTTAATAACCTCTTTAAAGGCTCTATCTCCAAATACAGTCACATTTTGAAATATTGAGGGTTAGGACTTCAGTGTATGAATTTTGGGAGGATGCAACTCAGCCAGGCTCACTCTTATCAT,2de11fa95819a6e3178aa079ad48df9a3f087ac5f108185de2e0e99a08038d91,-0.184614649120636,TGCCTGAGTTCTAACTTCCTCTCCTCTCCTCATCTCCACCAGTCTTATAGAATTAGGGCCCCCCAATGACCTCATTCTAACTTAATAACCTCTTTAAAGTCTCTATCTCCAAATACAGTCACATTTTGAAATATTGAGGGTTAGGACTTCAGTGTATGAATTTTGGGAGGACGCAACTCAGCCAGGCTCACTCTTATCAT,ea1c0c5d100bbb923ad96d41d815aa12b0e742c8e7b87cd24ef161674b8dd0e5,0.278836496912434,TGCCTGAGTTCTAACTTCCTCTCCTCTCCTCATCTCCACCAGTCTTATAGAATTAGGGCCCCCCAATGACCTCATTCTAACTTAATAACCTCTTTAAAGGCTCTATCTCCAAATACAGTCACATTTTGAAATATTGAGGGTTAGGACTTCAGTGTATGAATTTTGGGAGGACGCAACTCAGCCAGGCTCACTCTTATCAT,9faf2251f24724b5caafc75044547f3378f029264bd28294fbc973aca51c0e0b,0.186577402935017,0.092355555143219,0.260270954487753,-230.30179023370147,-243.911441102624,-218.21936784684652,-262.482317160815,-30.653298445045948,-1.0,-0.092355555143219,0.0,3,0.11973156917809831,0.18106719778262317,0.1474303780702046,0.2531032307508309,1.0
chr14:95063107:G:A;chr14:95063174:A:G;var1;middle;OL29|K562|df30be887f7bab5f,chr14:95063107:G:A;chr14:95063174:A:G;var1;middle;OL29,K562,K562_region_00589,100,167,67,TCCCAAGTTCAGGGACATTTGGCAAAATAGCCCACCACTCCTACTTAAAAGTGTCGAGGTCTTGAAAGGCAAGGAAACCCTGGGAAATCGTCTTTGGCCGGAGGAAACTCAGCAGACATGACGACTAAATGCAATGTAGAATCCTCGGACAGAAAAGGACATTAGTAGGACAGCTGGTGAAACCCAAGTAAGTCCAGGCT,2f118beb4d47564fb5400aab964338a86111a56db7192b399eb957099d5be9db,0.0,TCCCAAGTTCAGGGACATTTGGCAAAATAGCCCACCACTCCTACTTAAAAGTGTCGAGGTCTTGAAAGGCAAGGAAACCCTGGGAAATCGTCTTTGGCCAGAGGAAACTCAGCAGACATGACGACTAAATGCAATGTAGAATCCTCGGACAGAAAAGGACATTAGTAGGACAGCTGGTGAAACCCAAGTAAGTCCAGGCT,ac8f5be8b6fb32c30babe430c2da0d7a687f0bd251a81168d72c233e490337da,-0.201597639443192,TCCCAAGTTCAGGGACATTTGGCAAAATAGCCCACCACTCCTACTTAAAAGTGTCGAGGTCTTGAAAGGCAAGGAAACCCTGGGAAATCGTCTTTGGCCGGAGGAAACTCAGCAGACATGACGACTAAATGCAATGTAGAATCCTCGGACAGAAAAGGACATTAGTGGGACAGCTGGTGAAACCCAAGTAAGTCCAGGCT,a713f144a30698a28005ffb879d89af66702f606849f019be33922da8332e93d,-0.0801469277367548,TCCCAAGTTCAGGGACATTTGGCAAAATAGCCCACCACTCCTACTTAAAAGTGTCGAGGTCTTGAAAGGCAAGGAAACCCTGGGAAATCGTCTTTGGCCAGAGGAAACTCAGCAGACATGACGACTAAATGCAATGTAGAATCCTCGGACAGAAAAGGACATTAGTGGGACAGCTGGTGAAACCCAAGTAAGTCCAGGCT,df30be887f7bab5faacfabdff38af2560ae71ccf62f9b16b631c0d5b530f6ffb,-0.0744223883789004,0.2073221788010463,0.175956302629508,-417.8151779528707,-421.363536789082,-390.1917231148109,-406.231359760277,-12.491277809254825,-1.0,-0.2073221788010463,0.0,2,0.15700615793726602,0.17490732828716207,0.146091925319964,0.2660007724188669,1.0
chr14:98646886:C:G;chr14:98646939:T:C;var1;middle;OL28|K562|c2f344f47314ab17,chr14:98646886:C:G;chr14:98646939:T:C;var1;middle;OL28,K562,K562_region_00590,100,153,53,GGCTGGAATGCAGTGGTGCGATCTCAGCTCACCGCAACCTCTGCCTCCAGAGTTCAAGCGATCCTCCTGCCTCAGCCTCCAGAGTAGCTGGAATTACAGCCACCCACCACCACGCCCGGCAAATTTTTGTATTTTTAGTAGAGATGGGGTTTTGCCATGTTGGCTAGACTGGTCTCAAACTCCTGACCTCAAGTAATCTG,84d5f30442b5fbbd6fa851634c61901bd7df609caffdaa49fa058af260165ebc,0.0,GGCTGGAATGCAGTGGTGCGATCTCAGCTCACCGCAACCTCTGCCTCCAGAGTTCAAGCGATCCTCCTGCCTCAGCCTCCAGAGTAGCTGGAATTACAGGCACCCACCACCACGCCCGGCAAATTTTTGTATTTTTAGTAGAGATGGGGTTTTGCCATGTTGGCTAGACTGGTCTCAAACTCCTGACCTCAAGTAATCTG,07871cbb192aa55175b8ba6812e459cf16abb9db48d9bcfac68c49d3224fe3ba,-0.0761130837118857,GGCTGGAATGCAGTGGTGCGATCTCAGCTCACCGCAACCTCTGCCTCCAGAGTTCAAGCGATCCTCCTGCCTCAGCCTCCAGAGTAGCTGGAATTACAGCCACCCACCACCACGCCCGGCAAATTTTTGTATTTTTAGTAGAGATGGGGTTTCGCCATGTTGGCTAGACTGGTCTCAAACTCCTGACCTCAAGTAATCTG,d707666f205149619f06b75eaf310931b977c72ee4078b11f3975260cbf2c329,0.170787456589549,GGCTGGAATGCAGTGGTGCGATCTCAGCTCACCGCAACCTCTGCCTCCAGAGTTCAAGCGATCCTCCTGCCTCAGCCTCCAGAGTAGCTGGAATTACAGGCACCCACCACCACGCCCGGCAAATTTTTGTATTTTTAGTAGAGATGGGGTTTCGCCATGTTGGCTAGACTGGTCTCAAACTCCTGACCTCAAGTAATCTG,c2f344f47314ab172309fe62480ac8dd00ebb6e9483e31d6413c504ea8baa039,0.27555992051015,0.1808855476324867,0.199922469711348,-72.04481571726501,-67.58979078382254,-73.81373066734523,-69.34712012950331,0.011585604399442673,-1.0,-0.1808855476324867,0.0,1,0.1823769473287912,0.18216460459877223,0.1501433469024087,0.21480483636899605,1.0
chr14:99752570:G:C;chr14:99752615:T:C;var1;middle;OL41|K562|f8229df2d5112830,chr14:99752570:G:C;chr14:99752615:T:C;var1;middle;OL41,K562,K562_region_00591,100,145,45,ACCCAGCTAGCAATACTTTGTTATGCCAACCCCCAGAAATGAATGTGTGTGCCTGCCCTGTGCTGGATAATGAGCCGGGGCCAGGCCAGCAGAGCCAAGGTACCTGGACACAGACCCTGCCCTCGGGGGCTCAGGGGTCACAGGTCTTTTCTACGAAGTCGTAAAACACTGTGGAAAGTATCCCCAAGGCCGGGGCGCAG,c31ec6a17413e70a534ee562b8170eb9ea7a8843b703fb2b01de40fbd1a292f2,0.0,ACCCAGCTAGCAATACTTTGTTATGCCAACCCCCAGAAATGAATGTGTGTGCCTGCCCTGTGCTGGATAATGAGCCGGGGCCAGGCCAGCAGAGCCAAGCTACCTGGACACAGACCCTGCCCTCGGGGGCTCAGGGGTCACAGGTCTTTTCTACGAAGTCGTAAAACACTGTGGAAAGTATCCCCAAGGCCGGGGCGCAG,b64660bb13fbe862fc5178a0b436c2049d057a490d032bdb4f5ba1baeb9a6780,0.164871029214098,ACCCAGCTAGCAATACTTTGTTATGCCAACCCCCAGAAATGAATGTGTGTGCCTGCCCTGTGCTGGATAATGAGCCGGGGCCAGGCCAGCAGAGCCAAGGTACCTGGACACAGACCCTGCCCTCGGGGGCTCAGGGGTCACAGGCCTTTTCTACGAAGTCGTAAAACACTGTGGAAAGTATCCCCAAGGCCGGGGCGCAG,fd2dd4804215f2aca360446c2280cd304e84c8ea4740c63698103cd2e42902e4,0.160225388637965,ACCCAGCTAGCAATACTTTGTTATGCCAACCCCCAGAAATGAATGTGTGTGCCTGCCCTGTGCTGGATAATGAGCCGGGGCCAGGCCAGCAGAGCCAAGCTACCTGGACACAGACCCTGCCCTCGGGGGCTCAGGGGTCACAGGCCTTTTCTACGAAGTCGTAAAACACTGTGGAAAGTATCCCCAAGGCCGGGGCGCAG,f8229df2d51128309e94482443db72cf7ed6197dbcd5946f56a97a4e433b69f6,0.127661151005371,0.197435266846692,0.293248484240767,-326.9291411396116,-321.4434415632859,-323.30309253465384,-318.2373779406771,0.4199849823489785,1.0,0.197435266846692,0.0,4,0.1767198604182179,0.17620727786206916,0.145609630836647,0.2131877025042519,1.0
chr15:100271757:C:T;chr15:100271821:G:A;var1;middle;OL41|K562|17d74f7462aa11d3,chr15:100271757:C:T;chr15:100271821:G:A;var1;middle;OL41,K562,K562_region_00668,100,164,64,CAGTGTGGAGAAAACAGGAAAAGGAGAAGTTCCCTGCAGAGAAAGAAATGCGCTAACCCTCCCTCTTTGGGGGCCAGGGTTGGGAACTAAAGGTACTCCCACCTGCATTCCAATTCTGGCTAAATAGGGGAGTCCTTGGCTGCTACAGCAGGCCTCTCCTGACGGCCTGGCAGGGTTAAGAAGGGCGGCAAGGGCACCCA,fabff79363c0c128a8cba4ae06ccbdcce73a797665ed128beb38e3c235704fc1,0.0,CAGTGTGGAGAAAACAGGAAAAGGAGAAGTTCCCTGCAGAGAAAGAAATGCGCTAACCCTCCCTCTTTGGGGGCCAGGGTTGGGAACTAAAGGTACTCCTACCTGCATTCCAATTCTGGCTAAATAGGGGAGTCCTTGGCTGCTACAGCAGGCCTCTCCTGACGGCCTGGCAGGGTTAAGAAGGGCGGCAAGGGCACCCA,2c312f2538415e92945277859086e53b8733b98cb0051ea68ae87c6fad5e081a,-0.0745955764425519,CAGTGTGGAGAAAACAGGAAAAGGAGAAGTTCCCTGCAGAGAAAGAAATGCGCTAACCCTCCCTCTTTGGGGGCCAGGGTTGGGAACTAAAGGTACTCCCACCTGCATTCCAATTCTGGCTAAATAGGGGAGTCCTTGGCTGCTACAGCAGGCCTCTCCTGACAGCCTGGCAGGGTTAAGAAGGGCGGCAAGGGCACCCA,0793e49203fb4c2c42bc3c439072519251334f7fa6403196d3456fc5fe43606b,0.094746205511901,CAGTGTGGAGAAAACAGGAAAAGGAGAAGTTCCCTGCAGAGAAAGAAATGCGCTAACCCTCCCTCTTTGGGGGCCAGGGTTGGGAACTAAAGGTACTCCTACCTGCATTCCAATTCTGGCTAAATAGGGGAGTCCTTGGCTGCTACAGCAGGCCTCTCCTGACAGCCTGGCAGGGTTAAGAAGGGCGGCAAGGGCACCCA,17d74f7462aa11d3129d22809428c67fc6091540d6fa69d74167a34ec9a31e6c,-0.243655553283866,0.2638061823532151,0.256569491466165,-307.3626496354118,-298.82299163751304,-301.48192993272096,-293.22510685026646,0.2828349154442549,1.0,0.2638061823532151,0.0,2,0.17560629887466755,0.17490732828716207,0.146091925319964,0.16007614098829215,1.0
chr15:100339897:T:C;chr15:100339938:C:T;var1;middle;OL41|K562|92afa10068141ac4,chr15:100339897:T:C;chr15:100339938:C:T;var1;middle;OL41,K562,K562_region_00669,100,141,41,CCAGCCCTGGTACCTGGGTCCAGCCGGGACGCTCTGTACCTGCAGCTAGGCGTCGTCCACGGGCCCCCGTAGCTGTGCTGACGGTGTTCGTGTTGATGTTGCCGATGATGCTGAGAGCCTCTTTCAGCACGTGGTGCATGCGCAGCATCTCGTCGCGCCGCTGTGCCTGCTCCGCCGACTCCTCCAGGAGTGTCTTCTCG,d476502b8767b50a7bb6112db5721f86ff7faa379d3f6bcbbdd685e85bcfcabd,0.0,CCAGCCCTGGTACCTGGGTCCAGCCGGGACGCTCTGTACCTGCAGCTAGGCGTCGTCCACGGGCCCCCGTAGCTGTGCTGACGGTGTTCGTGTTGATGTCGCCGATGATGCTGAGAGCCTCTTTCAGCACGTGGTGCATGCGCAGCATCTCGTCGCGCCGCTGTGCCTGCTCCGCCGACTCCTCCAGGAGTGTCTTCTCG,8e7eccd4d14d88e3e2314f94a4569f987670f7e3d369cc1a4a4f54c233d291f8,0.0615412840229152,CCAGCCCTGGTACCTGGGTCCAGCCGGGACGCTCTGTACCTGCAGCTAGGCGTCGTCCACGGGCCCCCGTAGCTGTGCTGACGGTGTTCGTGTTGATGTTGCCGATGATGCTGAGAGCCTCTTTCAGCACGTGGTGCATGTGCAGCATCTCGTCGCGCCGCTGTGCCTGCTCCGCCGACTCCTCCAGGAGTGTCTTCTCG,a08a9412592ae14df080e34900ea0d2eed323e4a0410555f4c42eb3213397c9a,-0.877840739077576,CCAGCCCTGGTACCTGGGTCCAGCCGGGACGCTCTGTACCTGCAGCTAGGCGTCGTCCACGGGCCCCCGTAGCTGTGCTGACGGTGTTCGTGTTGATGTCGCCGATGATGCTGAGAGCCTCTTTCAGCACGTGGTGCATGTGCAGCATCTCGTCGCGCCGCTGTGCCTGCTCCGCCGACTCCTCCAGGAGTGTCTTCTCG,92afa10068141ac4bf7b566d0c4052d6c842a7b7b4861bcc6ab6d5e08ff5ff7a,-0.822467071715756,-0.0061676166610952,0.305862721584615,-309.4881722963182,-316.3221138867084,-307.6443671619054,-314.17916111042723,0.29914764186833054,-1.0,0.0061676166610952,0.0,3,0.1820755345438743,0.18106719778262317,0.1474303780702046,0.13913886509245707,1.0
chr15:100510425:C:T;chr15:100510477:A:G;var1;middle;OL29|K562|1dd72da91fb114f7,chr15:100510425:C:T;chr15:100510477:A:G;var1;middle;OL29,K562,K562_region_00670,100,152,52,TTCCTTTGCATTCTCTTTGGTTCTAGGAAGTGCTTGGTCCCCAACAGATGCCTACTTGACACTTGCTGATGGACAGCTTGTCAATTTCATCTAACAAACCGGAATCACTGGGGCCATCCAGGAATCACAGCAGCTCATGAAGAAATTCCACATGAACAGGGCTGTTAAAAGCCAACCCGCCAGAAAGGGTAGAACGGAGG,8c134a551d8f8e52bd4267f1613a7f32abe51862203f58381198c95a35f55441,0.0,TTCCTTTGCATTCTCTTTGGTTCTAGGAAGTGCTTGGTCCCCAACAGATGCCTACTTGACACTTGCTGATGGACAGCTTGTCAATTTCATCTAACAAACTGGAATCACTGGGGCCATCCAGGAATCACAGCAGCTCATGAAGAAATTCCACATGAACAGGGCTGTTAAAAGCCAACCCGCCAGAAAGGGTAGAACGGAGG,746bd6915a9c99c899522b5a020ba153b2e090826dc714a1ccc400df8ad61c3a,0.227574730383554,TTCCTTTGCATTCTCTTTGGTTCTAGGAAGTGCTTGGTCCCCAACAGATGCCTACTTGACACTTGCTGATGGACAGCTTGTCAATTTCATCTAACAAACCGGAATCACTGGGGCCATCCAGGAATCACAGCAGCTCATGAAGAAATTCCACGTGAACAGGGCTGTTAAAAGCCAACCCGCCAGAAAGGGTAGAACGGAGG,2b3dfa6117c9757df467d2d003b8fcfb32c38563d11cc308d531d54933d45daf,0.301761040615295,TTCCTTTGCATTCTCTTTGGTTCTAGGAAGTGCTTGGTCCCCAACAGATGCCTACTTGACACTTGCTGATGGACAGCTTGTCAATTTCATCTAACAAACTGGAATCACTGGGGCCATCCAGGAATCACAGCAGCTCATGAAGAAATTCCACGTGAACAGGGCTGTTAAAAGCCAACCCGCCAGAAAGGGTAGAACGGAGG,1dd72da91fb114f7b00db0ab357f4758b6cd6988d7e839f8b8dcd477cd567eee,0.143524485053664,0.385811285945185,0.173344322227733,-350.15861203474924,-338.8049107656116,-352.8126847483218,-342.03113635641057,0.5721528772264719,1.0,0.385811285945185,0.0,1,0.18294729082171973,0.18216460459877223,0.1501433469024087,0.19793851343229868,1.0
chr15:100510425:C:T;chr15:100510478:T:C;var1;middle;OL29|K562|f49e864d93bf9919,chr15:100510425:C:T;chr15:100510478:T:C;var1;middle;OL29,K562,K562_region_00670,100,153,53,TTCCTTTGCATTCTCTTTGGTTCTAGGAAGTGCTTGGTCCCCAACAGATGCCTACTTGACACTTGCTGATGGACAGCTTGTCAATTTCATCTAACAAACCGGAATCACTGGGGCCATCCAGGAATCACAGCAGCTCATGAAGAAATTCCACATGAACAGGGCTGTTAAAAGCCAACCCGCCAGAAAGGGTAGAACGGAGG,8c134a551d8f8e52bd4267f1613a7f32abe51862203f58381198c95a35f55441,0.0,TTCCTTTGCATTCTCTTTGGTTCTAGGAAGTGCTTGGTCCCCAACAGATGCCTACTTGACACTTGCTGATGGACAGCTTGTCAATTTCATCTAACAAACTGGAATCACTGGGGCCATCCAGGAATCACAGCAGCTCATGAAGAAATTCCACATGAACAGGGCTGTTAAAAGCCAACCCGCCAGAAAGGGTAGAACGGAGG,746bd6915a9c99c899522b5a020ba153b2e090826dc714a1ccc400df8ad61c3a,0.227617811426613,TTCCTTTGCATTCTCTTTGGTTCTAGGAAGTGCTTGGTCCCCAACAGATGCCTACTTGACACTTGCTGATGGACAGCTTGTCAATTTCATCTAACAAACCGGAATCACTGGGGCCATCCAGGAATCACAGCAGCTCATGAAGAAATTCCACACGAACAGGGCTGTTAAAAGCCAACCCGCCAGAAAGGGTAGAACGGAGG,43a58cde3321a9ebe76dc46ba8666152434d2e35c28aef4d06e781074d70cc45,0.153072011418592,TTCCTTTGCATTCTCTTTGGTTCTAGGAAGTGCTTGGTCCCCAACAGATGCCTACTTGACACTTGCTGATGGACAGCTTGTCAATTTCATCTAACAAACTGGAATCACTGGGGCCATCCAGGAATCACAGCAGCTCATGAAGAAATTCCACACGAACAGGGCTGTTAAAAGCCAACCCGCCAGAAAGGGTAGAACGGAGG,f49e864d93bf991949ec8ab75edd8b8fc7feddec7f6ced321701074d2fa55958,0.0331385633850846,0.3475512594601204,0.179100375384659,-350.15861203474924,-338.8049107656116,-354.0663291569799,-343.2509020792786,0.5382741914363578,1.0,0.3475512594601204,0.0,1,0.18291282129606956,0.18216460459877223,0.1501433469024087,0.2183683470634947,1.0
chr15:102039837:C:T;chr15:102039842:G:T;var1;middle;OL41|K562|e283465e68ab530f,chr15:102039837:C:T;chr15:102039842:G:T;var1;middle;OL41,K562,K562_region_00671,100,105,5,GGTCGGCCATCATCCTAAATGTCACTCCCTCACTATTAGGCCACAGTGATGTTCCTAAAAGAGTCAACAGTAAAGACCTGTTTGTAGGTATCTAGGAGCCGGCAGCAGACCCTGGGGACACAGGACCAAACGTAGGGAGGTTTCAACTCTGGATCTCCATCGATTCTGAGCACCTCGGTGACCGGGGTGGGCTTCAGGCT,3c619f4dfce7bfda2cb5e9f631c0ee07b142b2d241da6bf82f72d7fa49b4fe1b,0.0,GGTCGGCCATCATCCTAAATGTCACTCCCTCACTATTAGGCCACAGTGATGTTCCTAAAAGAGTCAACAGTAAAGACCTGTTTGTAGGTATCTAGGAGCTGGCAGCAGACCCTGGGGACACAGGACCAAACGTAGGGAGGTTTCAACTCTGGATCTCCATCGATTCTGAGCACCTCGGTGACCGGGGTGGGCTTCAGGCT,c9898d35e23f5027f63123c8f93e54c6f1878f0e43420bd774f67433c31260b9,-0.307686871823614,GGTCGGCCATCATCCTAAATGTCACTCCCTCACTATTAGGCCACAGTGATGTTCCTAAAAGAGTCAACAGTAAAGACCTGTTTGTAGGTATCTAGGAGCCGGCATCAGACCCTGGGGACACAGGACCAAACGTAGGGAGGTTTCAACTCTGGATCTCCATCGATTCTGAGCACCTCGGTGACCGGGGTGGGCTTCAGGCT,772963ce54fead4aab43871558a4ca4f99e51bfb345b8de5231978e40c111192,0.177144908942599,GGTCGGCCATCATCCTAAATGTCACTCCCTCACTATTAGGCCACAGTGATGTTCCTAAAAGAGTCAACAGTAAAGACCTGTTTGTAGGTATCTAGGAGCTGGCATCAGACCCTGGGGACACAGGACCAAACGTAGGGAGGTTTCAACTCTGGATCTCCATCGATTCTGAGCACCTCGGTGACCGGGGTGGGCTTCAGGCT,e283465e68ab530ffd11a23142b43b3ebd83998deaf5ce4a6796c79daee61771,-0.194296598492191,-0.063754635611176,0.450033235805086,-322.73557466384955,-318.8257389450446,-394.7594622517936,-391.5025081923232,-0.6528816593345823,-1.0,0.063754635611176,0.0,3,0.18015797101384715,0.18106719778262317,0.1474303780702046,0.12615257967655685,1.0
chr15:102039837:C:T;chr15:102039868:C:G;var1;middle;OL41|K562|ada0dc6f2a03175d,chr15:102039837:C:T;chr15:102039868:C:G;var1;middle;OL41,K562,K562_region_00671,100,131,31,GGTCGGCCATCATCCTAAATGTCACTCCCTCACTATTAGGCCACAGTGATGTTCCTAAAAGAGTCAACAGTAAAGACCTGTTTGTAGGTATCTAGGAGCCGGCAGCAGACCCTGGGGACACAGGACCAAACGTAGGGAGGTTTCAACTCTGGATCTCCATCGATTCTGAGCACCTCGGTGACCGGGGTGGGCTTCAGGCT,3c619f4dfce7bfda2cb5e9f631c0ee07b142b2d241da6bf82f72d7fa49b4fe1b,0.0,GGTCGGCCATCATCCTAAATGTCACTCCCTCACTATTAGGCCACAGTGATGTTCCTAAAAGAGTCAACAGTAAAGACCTGTTTGTAGGTATCTAGGAGCTGGCAGCAGACCCTGGGGACACAGGACCAAACGTAGGGAGGTTTCAACTCTGGATCTCCATCGATTCTGAGCACCTCGGTGACCGGGGTGGGCTTCAGGCT,c9898d35e23f5027f63123c8f93e54c6f1878f0e43420bd774f67433c31260b9,-0.308965859962835,GGTCGGCCATCATCCTAAATGTCACTCCCTCACTATTAGGCCACAGTGATGTTCCTAAAAGAGTCAACAGTAAAGACCTGTTTGTAGGTATCTAGGAGCCGGCAGCAGACCCTGGGGACACAGGACCAAAGGTAGGGAGGTTTCAACTCTGGATCTCCATCGATTCTGAGCACCTCGGTGACCGGGGTGGGCTTCAGGCT,87572b3877aa0f830298330d5b3a59f81f2f544458263b95861e2bdebc78d426,0.0245922223489549,GGTCGGCCATCATCCTAAATGTCACTCCCTCACTATTAGGCCACAGTGATGTTCCTAAAAGAGTCAACAGTAAAGACCTGTTTGTAGGTATCTAGGAGCTGGCAGCAGACCCTGGGGACACAGGACCAAAGGTAGGGAGGTTTCAACTCTGGATCTCCATCGATTCTGAGCACCTCGGTGACCGGGGTGGGCTTCAGGCT,ada0dc6f2a03175d34bcf8076b07c60999d51412fd16d3f67a25a00b3d84214a,-0.0481568923395027,0.2362167452743773,0.340301876780537,-322.73557466384955,-318.8257389450446,-319.593015920138,-317.0431178524159,-1.3599376510828733,-1.0,-0.2362167452743773,0.0,3,0.17873382914998792,0.18106719778262317,0.1474303780702046,0.08513200945660895,1.0
chr15:102039842:G:T;chr15:102039868:C:G;var1;middle;OL41|K562|6e946be1a778d0cb,chr15:102039842:G:T;chr15:102039868:C:G;var1;middle;OL41,K562,K562_region_00671,100,126,26,GCCATCATCCTAAATGTCACTCCCTCACTATTAGGCCACAGTGATGTTCCTAAAAGAGTCAACAGTAAAGACCTGTTTGTAGGTATCTAGGAGCCGGCAGCAGACCCTGGGGACACAGGACCAAACGTAGGGAGGTTTCAACTCTGGATCTCCATCGATTCTGAGCACCTCGGTGACCGGGGTGGGCTTCAGGCTTCCTG,a016dc9444889d538111c4bb848dc7724a0d8ab1eef00ac2324eb0a92b9ad605,0.0,GCCATCATCCTAAATGTCACTCCCTCACTATTAGGCCACAGTGATGTTCCTAAAAGAGTCAACAGTAAAGACCTGTTTGTAGGTATCTAGGAGCCGGCATCAGACCCTGGGGACACAGGACCAAACGTAGGGAGGTTTCAACTCTGGATCTCCATCGATTCTGAGCACCTCGGTGACCGGGGTGGGCTTCAGGCTTCCTG,81ea3849010435e5c91c7ede5e3a404c130d64eca83567dabf83dc68b5ee2cca,-0.328721255918108,GCCATCATCCTAAATGTCACTCCCTCACTATTAGGCCACAGTGATGTTCCTAAAAGAGTCAACAGTAAAGACCTGTTTGTAGGTATCTAGGAGCCGGCAGCAGACCCTGGGGACACAGGACCAAAGGTAGGGAGGTTTCAACTCTGGATCTCCATCGATTCTGAGCACCTCGGTGACCGGGGTGGGCTTCAGGCTTCCTG,69084460b7e17dcfc606023a1d053e7010ccfce35e59d62e073fc674ce575a9c,-0.227311966015488,GCCATCATCCTAAATGTCACTCCCTCACTATTAGGCCACAGTGATGTTCCTAAAAGAGTCAACAGTAAAGACCTGTTTGTAGGTATCTAGGAGCCGGCATCAGACCCTGGGGACACAGGACCAAAGGTAGGGAGGTTTCAACTCTGGATCTCCATCGATTCTGAGCACCTCGGTGACCGGGGTGGGCTTCAGGCTTCCTG,6e946be1a778d0cbe6c274a50d8c22fc8f708866c1f93f2e2fa3727f87d8d78b,0.0384782084407386,0.5945114303743346,0.399277805099952,-360.0120662448462,-385.2809940073639,-355.0301371451933,-376.1282096025534,4.170855305157602,-1.0,-0.5945114303743346,0.0,3,0.18987387163777403,0.18106719778262317,0.1474303780702046,0.14260806032687484,1.0
chr15:102041117:G:A;chr15:102041143:G:A;var1;middle;OL41|K562|e8309f10d3ec2569,chr15:102041117:G:A;chr15:102041143:G:A;var1;middle;OL41,K562,K562_region_00672,100,126,26,GGAACAGTATACTCCCTCCTGAGCATGTACCAGTCACAGGTCACAGGTGATCACCACTGTCAAGAAGAAAGTCTAATTCAGTCCTCACCTTTGATAGACGGGAAGTCTGGAACCTTCTTAGTCACGGCCTCTCAGGCAGAAGATAACAGAAGACTTGCCACAGTGCATGGCAGGGCCACAAGACAGCAGGAGGGGAAGTG,2895cebe027c1e26b214932d7abf510ae6e35c21e2b45a222f6415d0d3901436,0.0,GGAACAGTATACTCCCTCCTGAGCATGTACCAGTCACAGGTCACAGGTGATCACCACTGTCAAGAAGAAAGTCTAATTCAGTCCTCACCTTTGATAGACAGGAAGTCTGGAACCTTCTTAGTCACGGCCTCTCAGGCAGAAGATAACAGAAGACTTGCCACAGTGCATGGCAGGGCCACAAGACAGCAGGAGGGGAAGTG,358352d6a50230665760a93109ac33261689563436aa00c59d64ab942766a724,0.590003053174158,GGAACAGTATACTCCCTCCTGAGCATGTACCAGTCACAGGTCACAGGTGATCACCACTGTCAAGAAGAAAGTCTAATTCAGTCCTCACCTTTGATAGACGGGAAGTCTGGAACCTTCTTAGTCACAGCCTCTCAGGCAGAAGATAACAGAAGACTTGCCACAGTGCATGGCAGGGCCACAAGACAGCAGGAGGGGAAGTG,10d18089c291e0950a16cb159b48f825a41f4c86d8a2e79b0769aaad6ce0ca01,-0.143697295114354,GGAACAGTATACTCCCTCCTGAGCATGTACCAGTCACAGGTCACAGGTGATCACCACTGTCAAGAAGAAAGTCTAATTCAGTCCTCACCTTTGATAGACAGGAAGTCTGGAACCTTCTTAGTCACAGCCTCTCAGGCAGAAGATAACAGAAGACTTGCCACAGTGCATGGCAGGGCCACAAGACAGCAGGAGGGGAAGTG,e8309f10d3ec2569e5df3a0b6bdb3476382fce0108fccec7301dd0dd352e894a,0.390503199172009,-0.055802558887795,0.374192590193415,-253.28051002323627,-247.915879458189,-248.2272122055292,-242.0152254551649,0.8473561853170395,-1.0,0.055802558887795,0.0,0,0.1868643885366618,0.18565657667894103,0.15145376406925343,0.16707399047861196,1.0
chr15:26105761:A:G;chr15:26105788:A:G;var1;middle;OL31|K562|012c92f4efa5c81a,chr15:26105761:A:G;chr15:26105788:A:G;var1;middle;OL31,K562,K562_region_00604,100,127,27,CCCAGGGAACAATAAACAGAAGTAGGGCATTGCGCCCACTGTCCTCAAGGCAGCTGGGAAGTGAATGAAAAATGCTGACAGTTCCTTCAGTAAGGAAGAAGACAGAGTCTGAGGGAGAGTTAAGATATCTGGAGTCAAGGGCAGAGTGGAAGGGGAGGGGAACGTAGATGGGTGTAGTCCAAATGGAAGCTAAAGTTTCA,39d68517cf3d024cdc18741b06e02586cd03f3b266b06021847f959cf97e43e7,0.0,CCCAGGGAACAATAAACAGAAGTAGGGCATTGCGCCCACTGTCCTCAAGGCAGCTGGGAAGTGAATGAAAAATGCTGACAGTTCCTTCAGTAAGGAAGAGGACAGAGTCTGAGGGAGAGTTAAGATATCTGGAGTCAAGGGCAGAGTGGAAGGGGAGGGGAACGTAGATGGGTGTAGTCCAAATGGAAGCTAAAGTTTCA,6ebfa9b041fab5e858954f382de6e45914b92ba11b2ea27bff5179247bb1ea7f,0.341248709381951,CCCAGGGAACAATAAACAGAAGTAGGGCATTGCGCCCACTGTCCTCAAGGCAGCTGGGAAGTGAATGAAAAATGCTGACAGTTCCTTCAGTAAGGAAGAAGACAGAGTCTGAGGGAGAGTTAAGATGTCTGGAGTCAAGGGCAGAGTGGAAGGGGAGGGGAACGTAGATGGGTGTAGTCCAAATGGAAGCTAAAGTTTCA,97646fc86c63d36dac2f6374de3d5bfcc82a2d6466dddd14b9e20084a67aa24d,-0.97892632708521,CCCAGGGAACAATAAACAGAAGTAGGGCATTGCGCCCACTGTCCTCAAGGCAGCTGGGAAGTGAATGAAAAATGCTGACAGTTCCTTCAGTAAGGAAGAGGACAGAGTCTGAGGGAGAGTTAAGATGTCTGGAGTCAAGGGCAGAGTGGAAGGGGAGGGGAACGTAGATGGGTGTAGTCCAAATGGAAGCTAAAGTTTCA,012c92f4efa5c81a32eb5ef3754e7dacab4ffda69e51606511ebf9b81997c4cc,-0.982706312267841,0.3450286945645819,0.168801160639032,-293.66236580722034,-307.22378486022353,-289.4473538696766,-303.7635349445045,0.7547620218247175,1.0,0.3450286945645819,0.0,3,0.18299322638135912,0.18106719778262317,0.1474303780702046,0.06984085649464357,1.0
chr15:26105761:A:G;chr15:26105789:T:C;var1;middle;OL31|K562|0c682f364fc98c40,chr15:26105761:A:G;chr15:26105789:T:C;var1;middle;OL31,K562,K562_region_00604,100,128,28,CCCAGGGAACAATAAACAGAAGTAGGGCATTGCGCCCACTGTCCTCAAGGCAGCTGGGAAGTGAATGAAAAATGCTGACAGTTCCTTCAGTAAGGAAGAAGACAGAGTCTGAGGGAGAGTTAAGATATCTGGAGTCAAGGGCAGAGTGGAAGGGGAGGGGAACGTAGATGGGTGTAGTCCAAATGGAAGCTAAAGTTTCA,39d68517cf3d024cdc18741b06e02586cd03f3b266b06021847f959cf97e43e7,0.0,CCCAGGGAACAATAAACAGAAGTAGGGCATTGCGCCCACTGTCCTCAAGGCAGCTGGGAAGTGAATGAAAAATGCTGACAGTTCCTTCAGTAAGGAAGAGGACAGAGTCTGAGGGAGAGTTAAGATATCTGGAGTCAAGGGCAGAGTGGAAGGGGAGGGGAACGTAGATGGGTGTAGTCCAAATGGAAGCTAAAGTTTCA,6ebfa9b041fab5e858954f382de6e45914b92ba11b2ea27bff5179247bb1ea7f,0.34128066039863,CCCAGGGAACAATAAACAGAAGTAGGGCATTGCGCCCACTGTCCTCAAGGCAGCTGGGAAGTGAATGAAAAATGCTGACAGTTCCTTCAGTAAGGAAGAAGACAGAGTCTGAGGGAGAGTTAAGATACCTGGAGTCAAGGGCAGAGTGGAAGGGGAGGGGAACGTAGATGGGTGTAGTCCAAATGGAAGCTAAAGTTTCA,ef51bd821af4bcea14b6d407143bc9189cdb374766a35503753cf5cf9f951d07,-0.890128461630502,CCCAGGGAACAATAAACAGAAGTAGGGCATTGCGCCCACTGTCCTCAAGGCAGCTGGGAAGTGAATGAAAAATGCTGACAGTTCCTTCAGTAAGGAAGAGGACAGAGTCTGAGGGAGAGTTAAGATACCTGGAGTCAAGGGCAGAGTGGAAGGGGAGGGGAACGTAGATGGGTGTAGTCCAAATGGAAGCTAAAGTTTCA,0c682f364fc98c406a2cc0a621bf2ff736f2c7fa56400c58f600539d100caf47,-0.960942198333061,0.412094397101189,0.18810663728277,-293.66236580722034,-307.22378486022353,-298.96810006536543,-312.1837653592229,-0.3457537591457367,1.0,0.412094397101189,0.0,3,0.1807765835499443,0.18106719778262317,0.1474303780702046,0.035828026819866604,1.0
chr15:26274113:C:T;chr15:26274130:A:G;var1;middle;OL41|K562|0d1df01b16d957c2,chr15:26274113:C:T;chr15:26274130:A:G;var1;middle;OL41,K562,K562_region_00605,100,117,17,CAGATCACATCCCTCTCTTGTTTGGCCAGCTCTGTTAGAACCATGGTGGTGGGTAATTAAATGATACACCAGCGCCTCTCACCTGACAGCTTAAGAGAACGTTCACATATATTTACATATATATTTCAGATACACATATATTTCACAGTTGTAAACCAAAAGGTATGTGAGACAGGTCTCAATCGATTTAGAAAGTTTAT,a7fa8d604c7a3bdc7db7171e900c96488859a489755b25d4f4d71418620ad87d,0.0,CAGATCACATCCCTCTCTTGTTTGGCCAGCTCTGTTAGAACCATGGTGGTGGGTAATTAAATGATACACCAGCGCCTCTCACCTGACAGCTTAAGAGAATGTTCACATATATTTACATATATATTTCAGATACACATATATTTCACAGTTGTAAACCAAAAGGTATGTGAGACAGGTCTCAATCGATTTAGAAAGTTTAT,f9eb15909d665ac236abe6497939e946a0a01b76a2df7af30b9f0535ea542116,-0.382367155427061,CAGATCACATCCCTCTCTTGTTTGGCCAGCTCTGTTAGAACCATGGTGGTGGGTAATTAAATGATACACCAGCGCCTCTCACCTGACAGCTTAAGAGAACGTTCACATATATTTACGTATATATTTCAGATACACATATATTTCACAGTTGTAAACCAAAAGGTATGTGAGACAGGTCTCAATCGATTTAGAAAGTTTAT,6aca53b58cbe1cd040ae528b3662aa3c0cd4f35e59074f6fff769f7b86ef9c13,-0.217642497964876,CAGATCACATCCCTCTCTTGTTTGGCCAGCTCTGTTAGAACCATGGTGGTGGGTAATTAAATGATACACCAGCGCCTCTCACCTGACAGCTTAAGAGAATGTTCACATATATTTACGTATATATTTCAGATACACATATATTTCACAGTTGTAAACCAAAAGGTATGTGAGACAGGTCTCAATCGATTTAGAAAGTTTAT,0d1df01b16d957c20aee30b26720373bed69db4d17f5c39ad01e61e3972674ae,-0.578180731806237,-0.0218289215857,0.381431219623896,-279.80699900817126,-272.39662588760257,-295.23686556192115,-287.45457228831947,-0.3719201530329883,1.0,-0.0218289215857,0.0,3,0.1807238795810989,0.18106719778262317,0.1474303780702046,0.3184208605326536,1.0
chr15:28939746:C:T;chr15:28939797:G:T;var1;middle;OL41|K562|1160b9b84828f74a,chr15:28939746:C:T;chr15:28939797:G:T;var1;middle;OL41,K562,K562_region_00606,100,151,51,GCAGGCGTGAGTCACTGCGCCTGACCTGACACCAGGTCTCTTAACAGAAAAACAAAACAAAAACCATAAAGATTAGCCTGGCCTGGTGGGCCCGGCGGGCAGTCCCAGCTACTCTGAAGGCTGATGTAGGAGGATTGCTTGAGCCAGGGGGTGGAGGTGGCAGTGAGCCATGTTGGCGCTGCTGCAGTCCAGACTGGGCG,53581a5e099d7450c0ed13acb7f0a63a592efe0e7b4e8cb2b833ae3f50175e69,0.0,GCAGGCGTGAGTCACTGCGCCTGACCTGACACCAGGTCTCTTAACAGAAAAACAAAACAAAAACCATAAAGATTAGCCTGGCCTGGTGGGCCCGGCGGGTAGTCCCAGCTACTCTGAAGGCTGATGTAGGAGGATTGCTTGAGCCAGGGGGTGGAGGTGGCAGTGAGCCATGTTGGCGCTGCTGCAGTCCAGACTGGGCG,dab2eefc69a942edfd32b861427f39d3544fa2d3e9a87917350aaff622dd0b09,-0.230868623529632,GCAGGCGTGAGTCACTGCGCCTGACCTGACACCAGGTCTCTTAACAGAAAAACAAAACAAAAACCATAAAGATTAGCCTGGCCTGGTGGGCCCGGCGGGCAGTCCCAGCTACTCTGAAGGCTGATGTAGGAGGATTGCTTGAGCCAGGGGTTGGAGGTGGCAGTGAGCCATGTTGGCGCTGCTGCAGTCCAGACTGGGCG,f7ffc95e607d947679aed08cde0280c14496817df180c1bdb541959fca3649b2,-0.0141278087415176,GCAGGCGTGAGTCACTGCGCCTGACCTGACACCAGGTCTCTTAACAGAAAAACAAAACAAAAACCATAAAGATTAGCCTGGCCTGGTGGGCCCGGCGGGTAGTCCCAGCTACTCTGAAGGCTGATGTAGGAGGATTGCTTGAGCCAGGGGTTGGAGGTGGCAGTGAGCCATGTTGGCGCTGCTGCAGTCCAGACTGGGCG,1160b9b84828f74a93b2d93a92bc85177107592152bb3e644bc7ac7660e48bec,-0.165784315991247,0.0792121162799026,0.266822308602309,-162.50186469219625,-161.4113665446639,-161.54076850414276,-160.42053863219917,0.02973172441124916,-1.0,-0.0792121162799026,0.0,4,0.17623617611336814,0.17620727786206916,0.145609630836647,0.15427368270064626,1.0
chr15:28939746:C:T;chr15:28939824:G:A;var1;middle;OL41|K562|b4ba5cc19e853c42,chr15:28939746:C:T;chr15:28939824:G:A;var1;middle;OL41,K562,K562_region_00606,100,178,78,GCAGGCGTGAGTCACTGCGCCTGACCTGACACCAGGTCTCTTAACAGAAAAACAAAACAAAAACCATAAAGATTAGCCTGGCCTGGTGGGCCCGGCGGGCAGTCCCAGCTACTCTGAAGGCTGATGTAGGAGGATTGCTTGAGCCAGGGGGTGGAGGTGGCAGTGAGCCATGTTGGCGCTGCTGCAGTCCAGACTGGGCG,53581a5e099d7450c0ed13acb7f0a63a592efe0e7b4e8cb2b833ae3f50175e69,0.0,GCAGGCGTGAGTCACTGCGCCTGACCTGACACCAGGTCTCTTAACAGAAAAACAAAACAAAAACCATAAAGATTAGCCTGGCCTGGTGGGCCCGGCGGGTAGTCCCAGCTACTCTGAAGGCTGATGTAGGAGGATTGCTTGAGCCAGGGGGTGGAGGTGGCAGTGAGCCATGTTGGCGCTGCTGCAGTCCAGACTGGGCG,dab2eefc69a942edfd32b861427f39d3544fa2d3e9a87917350aaff622dd0b09,-0.230867770558545,GCAGGCGTGAGTCACTGCGCCTGACCTGACACCAGGTCTCTTAACAGAAAAACAAAACAAAAACCATAAAGATTAGCCTGGCCTGGTGGGCCCGGCGGGCAGTCCCAGCTACTCTGAAGGCTGATGTAGGAGGATTGCTTGAGCCAGGGGGTGGAGGTGGCAGTGAGCCATGTTGGCACTGCTGCAGTCCAGACTGGGCG,4cf716807f6146dad5d05253ead760c95461e643d6822f50e09a272f1f7fdd67,-0.44876489847343,GCAGGCGTGAGTCACTGCGCCTGACCTGACACCAGGTCTCTTAACAGAAAAACAAAACAAAAACCATAAAGATTAGCCTGGCCTGGTGGGCCCGGCGGGTAGTCCCAGCTACTCTGAAGGCTGATGTAGGAGGATTGCTTGAGCCAGGGGGTGGAGGTGGCAGTGAGCCATGTTGGCACTGCTGCAGTCCAGACTGGGCG,b4ba5cc19e853c42bc2280a9f5396cb08a935d3d7b77205718b28bc1cdd7dabb,-0.344703138728448,0.3349295303035269,0.26520448312875,-162.50186469219625,-161.4113665446639,-160.24735265225172,-159.11676043458283,0.04009407013654709,-1.0,-0.3349295303035269,0.0,4,0.17624901932194312,0.17620727786206916,0.145609630836647,0.2407617052940414,1.0
chr15:28939797:G:T;chr15:28939824:G:A;var1;middle;OL41|K562|fe25fde1ee1de37e,chr15:28939797:G:T;chr15:28939824:G:A;var1;middle;OL41,K562,K562_region_00606,100,127,27,ACAAAACAAAAACCATAAAGATTAGCCTGGCCTGGTGGGCCCGGCGGGCAGTCCCAGCTACTCTGAAGGCTGATGTAGGAGGATTGCTTGAGCCAGGGGGTGGAGGTGGCAGTGAGCCATGTTGGCGCTGCTGCAGTCCAGACTGGGCGACAGAGCGGGACAGTGTCTCAGGAAAAGGGAAAGGAAAAAAAAATAAAGAA,802b6275815d513ffa196396a81b59a809272ede72dc3afa638c6d9a1b1747a6,0.0,ACAAAACAAAAACCATAAAGATTAGCCTGGCCTGGTGGGCCCGGCGGGCAGTCCCAGCTACTCTGAAGGCTGATGTAGGAGGATTGCTTGAGCCAGGGGTTGGAGGTGGCAGTGAGCCATGTTGGCGCTGCTGCAGTCCAGACTGGGCGACAGAGCGGGACAGTGTCTCAGGAAAAGGGAAAGGAAAAAAAAATAAAGAA,a7715a1aa1ee531593288b845ee13fa0672050b6c049fec50692fac2213729c5,-0.0448710015188823,ACAAAACAAAAACCATAAAGATTAGCCTGGCCTGGTGGGCCCGGCGGGCAGTCCCAGCTACTCTGAAGGCTGATGTAGGAGGATTGCTTGAGCCAGGGGGTGGAGGTGGCAGTGAGCCATGTTGGCACTGCTGCAGTCCAGACTGGGCGACAGAGCGGGACAGTGTCTCAGGAAAAGGGAAAGGAAAAAAAAATAAAGAA,2cac96cf175ea15d875d70b2e0b7bd54b9d8f6d48872ee731939fb4fc5764550,0.705623494988424,ACAAAACAAAAACCATAAAGATTAGCCTGGCCTGGTGGGCCCGGCGGGCAGTCCCAGCTACTCTGAAGGCTGATGTAGGAGGATTGCTTGAGCCAGGGGTTGGAGGTGGCAGTGAGCCATGTTGGCACTGCTGCAGTCCAGACTGGGCGACAGAGCGGGACAGTGTCTCAGGAAAAGGGAAAGGAAAAAAAAATAAAGAA,fe25fde1ee1de37e86063a585c62955fc503cdfdfb0e669f8141daf47ee5a9da,-0.220972975458184,0.8817254689277256,0.387741180167095,-166.30898312479258,-165.07782826386392,-164.01103998627514,-162.3762773182243,-0.4036078071221709,1.0,0.8817254689277256,0.0,4,0.1756990901933651,0.17620727786206916,0.145609630836647,0.2437854772259847,1.0
chr15:30373225:G:C;chr15:30373242:T:C;var1;middle;OL41|K562|a6e6658071645b0c,chr15:30373225:G:C;chr15:30373242:T:C;var1;middle;OL41,K562,K562_region_00607,100,117,17,GTATTTTGCCTCCTATGGGACGTTTCGAAATATCTGGAGACATTTTTGTGGTTACAACTGGTCAAGGTCGGGAGGTCTTATTGGCATTCTGTGGGTAGAGGGAATGTTACTAAATGTCCGACAACACACCAGGAGAACCCTCCACAAAGAATTATCTGGCCAAATATATCAGTATTGCTGAGGCTGACAAATTCTGGTTT,ac9fcd9b5d083fc22fff0a6f9318a39deb652506bbcea41800ec6d0c01b0751f,0.0,GTATTTTGCCTCCTATGGGACGTTTCGAAATATCTGGAGACATTTTTGTGGTTACAACTGGTCAAGGTCGGGAGGTCTTATTGGCATTCTGTGGGTAGACGGAATGTTACTAAATGTCCGACAACACACCAGGAGAACCCTCCACAAAGAATTATCTGGCCAAATATATCAGTATTGCTGAGGCTGACAAATTCTGGTTT,2a8f484b8a61c3a8494510ea54446fea65ae4f7ce2cbc31379c7cd0153516193,0.104556178546774,GTATTTTGCCTCCTATGGGACGTTTCGAAATATCTGGAGACATTTTTGTGGTTACAACTGGTCAAGGTCGGGAGGTCTTATTGGCATTCTGTGGGTAGAGGGAATGTTACTAAATGCCCGACAACACACCAGGAGAACCCTCCACAAAGAATTATCTGGCCAAATATATCAGTATTGCTGAGGCTGACAAATTCTGGTTT,e1fb737badb50c089cc07bac7e5aa2af418c9d74a2fceb603d97c700fd1b33c2,0.0495134495924953,GTATTTTGCCTCCTATGGGACGTTTCGAAATATCTGGAGACATTTTTGTGGTTACAACTGGTCAAGGTCGGGAGGTCTTATTGGCATTCTGTGGGTAGACGGAATGTTACTAAATGCCCGACAACACACCAGGAGAACCCTCCACAAAGAATTATCTGGCCAAATATATCAGTATTGCTGAGGCTGACAAATTCTGGTTT,a6e6658071645b0c6c72371b501814f81adaf4335fb05171cb2466f722c49769,0.342746924794417,-0.1886772966551476,0.247448930240012,-162.54899939708412,-167.5931867007166,-163.51056637242436,-168.1727837920189,-0.3819698840379715,1.0,-0.1886772966551476,0.0,4,0.17572590848013786,0.17620727786206916,0.145609630836647,0.1843076860771078,1.0
chr15:30648626:C:T;chr15:30648674:C:T;var1;middle;OL41|K562|5bfa9d15a62eb789,chr15:30648626:C:T;chr15:30648674:C:T;var1;middle;OL41,K562,K562_region_00608,100,148,48,GGTGAAACCCCATCTCTACTAAAAATATATAAAATTAGCTGGGATTGGTGGTGTGCTCTGGTAATCCCAGCAACTCTGGAGGCCGAGGCATGAGAATCGCTTGGACCCAGGAGGCAGAGGTTGCAGTGAGCAGAGATTGCACCACTGCACTCTAGCCTGGGTGATAAAATGAGACTCTGTCTCAAAAAAAGAAAAAAAAA,e22273265569683b7cbd3b9b4abee085aa0fa8d545581c83b53efb58ea45eeaf,0.0,GGTGAAACCCCATCTCTACTAAAAATATATAAAATTAGCTGGGATTGGTGGTGTGCTCTGGTAATCCCAGCAACTCTGGAGGCCGAGGCATGAGAATCGTTTGGACCCAGGAGGCAGAGGTTGCAGTGAGCAGAGATTGCACCACTGCACTCTAGCCTGGGTGATAAAATGAGACTCTGTCTCAAAAAAAGAAAAAAAAA,8fe79cba06a63e4c5e2d277caf146acf96472ecb64931c9e61ef8b3f7c79cecd,-0.175418174257598,GGTGAAACCCCATCTCTACTAAAAATATATAAAATTAGCTGGGATTGGTGGTGTGCTCTGGTAATCCCAGCAACTCTGGAGGCCGAGGCATGAGAATCGCTTGGACCCAGGAGGCAGAGGTTGCAGTGAGCAGAGATTGCACCACTGTACTCTAGCCTGGGTGATAAAATGAGACTCTGTCTCAAAAAAAGAAAAAAAAA,f71ca84f58b709738b121465e8f8972b1651d40b3061e881abf8195ee6adbe34,-0.0914919272642181,GGTGAAACCCCATCTCTACTAAAAATATATAAAATTAGCTGGGATTGGTGGTGTGCTCTGGTAATCCCAGCAACTCTGGAGGCCGAGGCATGAGAATCGTTTGGACCCAGGAGGCAGAGGTTGCAGTGAGCAGAGATTGCACCACTGTACTCTAGCCTGGGTGATAAAATGAGACTCTGTCTCAAAAAAAGAAAAAAAAA,5bfa9d15a62eb789b30b59a97d2e6328214b1a3a7762a862240a221ef05037b7,-0.0667033180470116,0.2002067834748045,0.365322121713322,-86.40862968657166,-89.37872679624707,-88.60101594030857,-91.51487867813556,0.05623437184841862,-1.0,-0.2002067834748045,0.0,2,0.17527635016212606,0.17490732828716207,0.146091925319964,0.09680257586536152,1.0
chr15:30775951:T:C;chr15:30776002:G:T;var1;middle;OL41|K562|20be93ebff862ed0,chr15:30775951:T:C;chr15:30776002:G:T;var1;middle;OL41,K562,K562_region_00609,100,151,51,TTTCTGGAGGGCAGTGTGGCAATGGGTATCAAGATCCTTAAACACTTATCTGCTAAGGAAATGATAAAAAGTGTACACAAAGATTTATACAGAGATGTTTATCACAGTGAAATGAATAATAATGGAACATTGGAACAGCCTAACAACGTGGATTGCTTAAATTAGAGAATACTATGCTGCCATTAAAATTTATCTTTTTA,9f2469327407019a8036a1f2ba833f2525c35f5de554f61feeb8f10f2ce05067,0.0,TTTCTGGAGGGCAGTGTGGCAATGGGTATCAAGATCCTTAAACACTTATCTGCTAAGGAAATGATAAAAAGTGTACACAAAGATTTATACAGAGATGTTCATCACAGTGAAATGAATAATAATGGAACATTGGAACAGCCTAACAACGTGGATTGCTTAAATTAGAGAATACTATGCTGCCATTAAAATTTATCTTTTTA,33a6f9abd17590c5103fb3c97ecfaa118b3061645644a9ece641e3eada52cdd2,0.199149481841308,TTTCTGGAGGGCAGTGTGGCAATGGGTATCAAGATCCTTAAACACTTATCTGCTAAGGAAATGATAAAAAGTGTACACAAAGATTTATACAGAGATGTTTATCACAGTGAAATGAATAATAATGGAACATTGGAACAGCCTAACAACGTGTATTGCTTAAATTAGAGAATACTATGCTGCCATTAAAATTTATCTTTTTA,9f413d2a4cb9126b19606f9c2f6bbf7562de5c0c1b8181a494cdf80108240361,0.083222561944528,TTTCTGGAGGGCAGTGTGGCAATGGGTATCAAGATCCTTAAACACTTATCTGCTAAGGAAATGATAAAAAGTGTACACAAAGATTTATACAGAGATGTTCATCACAGTGAAATGAATAATAATGGAACATTGGAACAGCCTAACAACGTGTATTGCTTAAATTAGAGAATACTATGCTGCCATTAAAATTTATCTTTTTA,20be93ebff862ed0640f6e40b6c9eab7ef820bf0b756433d53acd013921b3400,0.0038494480958363,0.2785225956899997,0.33665840921956,-236.55732936039567,-276.16886553307995,-231.35064186528325,-278.8680808050558,7.905902767088264,1.0,0.2785225956899997,0.0,0,0.19593030391040797,0.18565657667894103,0.15145376406925343,0.16940424750362004,1.0
chr15:31394810:A:T;chr15:31394868:G:T;var1;middle;OL41|K562|1f77e0e18c1cc644,chr15:31394810:A:T;chr15:31394868:G:T;var1;middle;OL41,K562,K562_region_00610,100,158,58,TAGGGGTGTTCCCATTTTACAGATGAGGACTCTGAGTCATGTGAGAGGGTGGCTTGCCCAGAGAGCAGGTGGGGTGGAGTGGGAGTGCCCAGGTTGTCAAGTTCTGCCCATATGTAGAGTCCTGAAGCTGGAGGCTGGGCTCACTCCCCCACCCAATGCCTGGCAGACAGCCTGGGGCTCAGGGAATCTCTGAACTTCTG,cb76382d2a4e2910659919c7b582d265160ab95551a4ff7eca89c2c70d8edca5,0.0,TAGGGGTGTTCCCATTTTACAGATGAGGACTCTGAGTCATGTGAGAGGGTGGCTTGCCCAGAGAGCAGGTGGGGTGGAGTGGGAGTGCCCAGGTTGTCATGTTCTGCCCATATGTAGAGTCCTGAAGCTGGAGGCTGGGCTCACTCCCCCACCCAATGCCTGGCAGACAGCCTGGGGCTCAGGGAATCTCTGAACTTCTG,c86171ce82a2ffc032a66281d7761b6b257cefdf65c79fc50e4b57245f70aa70,-0.0421645674416052,TAGGGGTGTTCCCATTTTACAGATGAGGACTCTGAGTCATGTGAGAGGGTGGCTTGCCCAGAGAGCAGGTGGGGTGGAGTGGGAGTGCCCAGGTTGTCAAGTTCTGCCCATATGTAGAGTCCTGAAGCTGGAGGCTGGGCTCACTCCCCCACCCAATTCCTGGCAGACAGCCTGGGGCTCAGGGAATCTCTGAACTTCTG,93e1c1197182d18d5f5f81bb54650fc3da82e18cc0171ff4d0fae779c6a08dff,0.193657022761351,TAGGGGTGTTCCCATTTTACAGATGAGGACTCTGAGTCATGTGAGAGGGTGGCTTGCCCAGAGAGCAGGTGGGGTGGAGTGGGAGTGCCCAGGTTGTCATGTTCTGCCCATATGTAGAGTCCTGAAGCTGGAGGCTGGGCTCACTCCCCCACCCAATTCCTGGCAGACAGCCTGGGGCTCAGGGAATCTCTGAACTTCTG,1f77e0e18c1cc6444525b8d898ca731faf93992e8a68ec683207f098c3e6be53,-0.0633099976872812,0.214802453007027,0.169858629872981,-206.01183101907367,-204.52626004070044,-206.54810769483447,-206.58007523044944,1.5175385139881996,1.0,0.214802453007027,0.0,0,0.18772516294770042,0.18565657667894103,0.15145376406925343,0.24875895175648075,1.0
chr15:32907667:C:G;chr15:32907712:C:T;var1;middle;OL41|K562|925a1cbcee63ea18,chr15:32907667:C:G;chr15:32907712:C:T;var1;middle;OL41,K562,K562_region_00611,100,145,45,CCCTTCGCCCGCACTTATCTAGACAGGCAGCTCTCGGCCACCCTCCGGGGTCCTGATTTTGAAAAGAGGAGTGGACCAATCAGATGTGGAGCGCTGTTTCGCGCTGCCATTTGAGCCTGGGCTGAAACTGCGGGTGTGACCCCCCCGTGGTGGCTCTGGGTGTCTGCGGAGGAGCTGGGGGCGGAAGCATGAGGCTAACG,1dbca23729e43a5b16a70caf9c87bac36734ac60301ea070f05c34db99c41975,0.0,CCCTTCGCCCGCACTTATCTAGACAGGCAGCTCTCGGCCACCCTCCGGGGTCCTGATTTTGAAAAGAGGAGTGGACCAATCAGATGTGGAGCGCTGTTTGGCGCTGCCATTTGAGCCTGGGCTGAAACTGCGGGTGTGACCCCCCCGTGGTGGCTCTGGGTGTCTGCGGAGGAGCTGGGGGCGGAAGCATGAGGCTAACG,e2e5c9a0060091ec79c2148d427f4c4e2f077b6be33638b4985e621527a422e4,0.0551029789590501,CCCTTCGCCCGCACTTATCTAGACAGGCAGCTCTCGGCCACCCTCCGGGGTCCTGATTTTGAAAAGAGGAGTGGACCAATCAGATGTGGAGCGCTGTTTCGCGCTGCCATTTGAGCCTGGGCTGAAACTGCGGGTGTGACCCCCTCGTGGTGGCTCTGGGTGTCTGCGGAGGAGCTGGGGGCGGAAGCATGAGGCTAACG,6df23509370c452f08d0180ca573b06d3d25741cd4139e484e5f8fdedc6cbf15,-0.377422706631299,CCCTTCGCCCGCACTTATCTAGACAGGCAGCTCTCGGCCACCCTCCGGGGTCCTGATTTTGAAAAGAGGAGTGGACCAATCAGATGTGGAGCGCTGTTTGGCGCTGCCATTTGAGCCTGGGCTGAAACTGCGGGTGTGACCCCCTCGTGGTGGCTCTGGGTGTCTGCGGAGGAGCTGGGGGCGGAAGCATGAGGCTAACG,925a1cbcee63ea18e6b35e1367cfe768984a33c8031b5b91676a47ef3f6564e0,-0.542654693498024,0.220334965825775,0.228137361526258,-375.8246886325069,-364.3619624420535,-375.803968237713,-361.8051675101742,-2.5360745370853692,1.0,0.220334965825775,0.0,2,0.17150173879782984,0.17490732828716207,0.146091925319964,0.14798608411922387,1.0
chr15:35047969:A:G;chr15:35048026:C:T;var1;middle;OL41|K562|e814864e4569b21a,chr15:35047969:A:G;chr15:35048026:C:T;var1;middle;OL41,K562,K562_region_00612,100,157,57,ACTAACCCAGATGCTCGGCTCTTTTTAAATTATTGCTATTATTTTACTAATGGGAAGGGGGGGCGGGGTACTCGTCAGGTAAACTGTGATTTAATCTGAATTTAAGACCCAGTATTCTGCTAGCAGAAACAGAGCCACTCACAGCCTCGCCCTGCCCCCACTTGCCTTACTGGGTTTGGCTTTCTCCCCTCAACCAGCAG,b54bf65e0366029a42ac81ca24134b04998d321e6722b50a1b9451b5c55078f3,0.0,ACTAACCCAGATGCTCGGCTCTTTTTAAATTATTGCTATTATTTTACTAATGGGAAGGGGGGGCGGGGTACTCGTCAGGTAAACTGTGATTTAATCTGAGTTTAAGACCCAGTATTCTGCTAGCAGAAACAGAGCCACTCACAGCCTCGCCCTGCCCCCACTTGCCTTACTGGGTTTGGCTTTCTCCCCTCAACCAGCAG,211811a062ea72200153ef7267764093e478fa35f25a4ca17135e1d7254432dc,-0.153751041691907,ACTAACCCAGATGCTCGGCTCTTTTTAAATTATTGCTATTATTTTACTAATGGGAAGGGGGGGCGGGGTACTCGTCAGGTAAACTGTGATTTAATCTGAATTTAAGACCCAGTATTCTGCTAGCAGAAACAGAGCCACTCACAGCCTCGCCCTGCCTCCACTTGCCTTACTGGGTTTGGCTTTCTCCCCTCAACCAGCAG,4e631ada30ba96a05150c1af068732f7aa6c9a8854b4cb58d140823ff592b44e,-1.11647129885894,ACTAACCCAGATGCTCGGCTCTTTTTAAATTATTGCTATTATTTTACTAATGGGAAGGGGGGGCGGGGTACTCGTCAGGTAAACTGTGATTTAATCTGAGTTTAAGACCCAGTATTCTGCTAGCAGAAACAGAGCCACTCACAGCCTCGCCCTGCCTCCACTTGCCTTACTGGGTTTGGCTTTCTCCCCTCAACCAGCAG,e814864e4569b21abd48d243b06b97db8c4c343f822963b200efaefe8fa3654e,-0.926740966714851,0.3434813738359961,0.180438444869898,-252.7990718781948,-256.27209106460214,-258.95714738592505,-259.977099172771,2.453067399561405,-1.0,-0.3434813738359961,0.0,4,0.17923968577693045,0.17620727786206916,0.145609630836647,0.3922259218808159,1.0
chr15:39888246:C:T;chr15:39888281:A:C;var1;middle;OL41|K562|1ccc6a324415087b,chr15:39888246:C:T;chr15:39888281:A:C;var1;middle;OL41,K562,K562_region_00613,100,135,35,TGACTGGCGTTAGCTGATTAACCCATGTAAATAGGCACTTAAATAGAAGCAGGAAAGGGAGACAAAGACTGGCTTCTGGACTTCCTCCCTGATCCCCACCCTTACTCATCACCTGCAGTGGCCAGAATTAGGGAATCAGAATCAAACCAGTGTAAGGCAGTGCTGGCTGCCATTGCCTGGTCACATTGAAATTGGTGGCT,e6bd718d979d783788e67c0f589f6106e046e057575cbba8b8d4836ed3675600,0.0,TGACTGGCGTTAGCTGATTAACCCATGTAAATAGGCACTTAAATAGAAGCAGGAAAGGGAGACAAAGACTGGCTTCTGGACTTCCTCCCTGATCCCCACTCTTACTCATCACCTGCAGTGGCCAGAATTAGGGAATCAGAATCAAACCAGTGTAAGGCAGTGCTGGCTGCCATTGCCTGGTCACATTGAAATTGGTGGCT,7c93a932de17b8195e103ebd909497dcc658c5dd7791e72d25e70d2cdc9f557d,0.0677651315201817,TGACTGGCGTTAGCTGATTAACCCATGTAAATAGGCACTTAAATAGAAGCAGGAAAGGGAGACAAAGACTGGCTTCTGGACTTCCTCCCTGATCCCCACCCTTACTCATCACCTGCAGTGGCCAGAATTAGGGACTCAGAATCAAACCAGTGTAAGGCAGTGCTGGCTGCCATTGCCTGGTCACATTGAAATTGGTGGCT,f78f8c71745bece2cd2a0f0a856016f537b53ecb32981d133c4ef59cb97f89e0,0.269482162492421,TGACTGGCGTTAGCTGATTAACCCATGTAAATAGGCACTTAAATAGAAGCAGGAAAGGGAGACAAAGACTGGCTTCTGGACTTCCTCCCTGATCCCCACTCTTACTCATCACCTGCAGTGGCCAGAATTAGGGACTCAGAATCAAACCAGTGTAAGGCAGTGCTGGCTGCCATTGCCTGGTCACATTGAAATTGGTGGCT,1ccc6a324415087bb4914f168f06285b7800553972eb29ef58e955723cb02eab,0.594252727188576,-0.2570054331759733,0.158923122041756,-251.6791741251945,-253.03510361909863,-251.25204718112943,-252.5136742591858,-0.09430241584777832,1.0,-0.2570054331759733,0.0,2,0.1750571564280674,0.17490732828716207,0.146091925319964,0.21816326630944283,1.0
chr15:40330564:C:T;chr15:40330629:C:T;var1;middle;OL41|K562|85e6f1211e330f98,chr15:40330564:C:T;chr15:40330629:C:T;var1;middle;OL41,K562,K562_region_00614,100,165,65,CTTAGAAATTAAGCTCACCACAGTGCTGATCTTCTTCTTCCCATCGGTAGCTCTTAACAGACACTTGTTGTCTGCGGGCTCAAAGCCCTCCACAGTACCCTTCTTTGGAATGGGTTTGGTTCGACCGTCATCTGAAGGAAAAAATGCATCCTGGTGAACACGGCCGCGTACGTGGCTGAGCGGCAGACAAACAGTTAAAA,3a7895387d0d8bb35e64c865abbcbf8eb2567ad8a624f2fe0c372a202dbd1e6f,0.0,CTTAGAAATTAAGCTCACCACAGTGCTGATCTTCTTCTTCCCATCGGTAGCTCTTAACAGACACTTGTTGTCTGCGGGCTCAAAGCCCTCCACAGTACCTTTCTTTGGAATGGGTTTGGTTCGACCGTCATCTGAAGGAAAAAATGCATCCTGGTGAACACGGCCGCGTACGTGGCTGAGCGGCAGACAAACAGTTAAAA,6953c8d07d16c74dc0e446da1bcef1ad758fef897794da1f6a2520808b03e26d,-0.170045069464593,CTTAGAAATTAAGCTCACCACAGTGCTGATCTTCTTCTTCCCATCGGTAGCTCTTAACAGACACTTGTTGTCTGCGGGCTCAAAGCCCTCCACAGTACCCTTCTTTGGAATGGGTTTGGTTCGACCGTCATCTGAAGGAAAAAATGCATCCTGGTGAACACGGCTGCGTACGTGGCTGAGCGGCAGACAAACAGTTAAAA,81c02c4b2c399b4db2cbb7ab9fa795165e1740d5d579e66eedd78ae496b1769f,-0.41716344580622,CTTAGAAATTAAGCTCACCACAGTGCTGATCTTCTTCTTCCCATCGGTAGCTCTTAACAGACACTTGTTGTCTGCGGGCTCAAAGCCCTCCACAGTACCTTTCTTTGGAATGGGTTTGGTTCGACCGTCATCTGAAGGAAAAAATGCATCCTGGTGAACACGGCTGCGTACGTGGCTGAGCGGCAGACAAACAGTTAAAA,85e6f1211e330f98638fd87644aa3d362ac833a9f45303db90e8f9db0f8fc77e,-0.228868569905538,0.3583399453652749,0.352226340599255,-249.6586523521692,-255.94044421985743,-248.6119391657412,-258.91329245781526,-4.019561424385813,-1.0,-0.3583399453652749,0.0,3,0.17337685374509762,0.18106719778262317,0.1474303780702046,0.11469645859137566,1.0
chr15:40654038:A:G;chr15:40654066:G:T;var1;middle;OL41|K562|bda20c5e0e8ae4f9,chr15:40654038:A:G;chr15:40654066:G:T;var1;middle;OL41,K562,K562_region_00615,100,128,28,CAATGCCCATCTGCCACTGAGGCTGGGACTGCAGCTCACAGCCCCTTCAGCAGTGCAGCAGCCAGGACTGGAAGCCAGGGTTGGCTCCGCATAGGTCTGACTCTCCTTGGGAGCTACACAAACTCTGGTGAGCAGGCTGGGTGAGCCAGGCAGAGGCAGGGGAGAAGAAGACAGGGCTCTGCAAGGCTGACCAGTCCAGA,830e8ad2d5f430e9abc572ae4551a73c272f41f7cf6280bf7cf385503eed3aa9,0.0,CAATGCCCATCTGCCACTGAGGCTGGGACTGCAGCTCACAGCCCCTTCAGCAGTGCAGCAGCCAGGACTGGAAGCCAGGGTTGGCTCCGCATAGGTCTGGCTCTCCTTGGGAGCTACACAAACTCTGGTGAGCAGGCTGGGTGAGCCAGGCAGAGGCAGGGGAGAAGAAGACAGGGCTCTGCAAGGCTGACCAGTCCAGA,d6df3cd5a7ed3f55162acd257b73bb8ae0a155e889ce77e07800a4a939e649ac,-0.555296702909068,CAATGCCCATCTGCCACTGAGGCTGGGACTGCAGCTCACAGCCCCTTCAGCAGTGCAGCAGCCAGGACTGGAAGCCAGGGTTGGCTCCGCATAGGTCTGACTCTCCTTGGGAGCTACACAAACTCTGTTGAGCAGGCTGGGTGAGCCAGGCAGAGGCAGGGGAGAAGAAGACAGGGCTCTGCAAGGCTGACCAGTCCAGA,9eb95425fba7de28243002baa6f34f9f1ff140e9758a9afd7374d0a937db28ca,-0.219872464346556,CAATGCCCATCTGCCACTGAGGCTGGGACTGCAGCTCACAGCCCCTTCAGCAGTGCAGCAGCCAGGACTGGAAGCCAGGGTTGGCTCCGCATAGGTCTGGCTCTCCTTGGGAGCTACACAAACTCTGTTGAGCAGGCTGGGTGAGCCAGGCAGAGGCAGGGGAGAAGAAGACAGGGCTCTGCAAGGCTGACCAGTCCAGA,bda20c5e0e8ae4f9777a3caaf718200e5750a045c8800127511e6abe2ed5c335,-0.306779943141572,0.468389224114052,0.339261885856811,-259.122878137976,-253.2163942446932,-271.2250631302595,-262.1498521277681,3.168727109208646,-1.0,-0.468389224114052,0.0,0,0.1898459304310549,0.18565657667894103,0.15145376406925343,0.05152841397152658,1.0
chr15:40654038:A:G;chr15:40654067:T:A;var1;middle;OL41|K562|6c1dcf1514a9bca8,chr15:40654038:A:G;chr15:40654067:T:A;var1;middle;OL41,K562,K562_region_00615,100,129,29,CAATGCCCATCTGCCACTGAGGCTGGGACTGCAGCTCACAGCCCCTTCAGCAGTGCAGCAGCCAGGACTGGAAGCCAGGGTTGGCTCCGCATAGGTCTGACTCTCCTTGGGAGCTACACAAACTCTGGTGAGCAGGCTGGGTGAGCCAGGCAGAGGCAGGGGAGAAGAAGACAGGGCTCTGCAAGGCTGACCAGTCCAGA,830e8ad2d5f430e9abc572ae4551a73c272f41f7cf6280bf7cf385503eed3aa9,0.0,CAATGCCCATCTGCCACTGAGGCTGGGACTGCAGCTCACAGCCCCTTCAGCAGTGCAGCAGCCAGGACTGGAAGCCAGGGTTGGCTCCGCATAGGTCTGGCTCTCCTTGGGAGCTACACAAACTCTGGTGAGCAGGCTGGGTGAGCCAGGCAGAGGCAGGGGAGAAGAAGACAGGGCTCTGCAAGGCTGACCAGTCCAGA,d6df3cd5a7ed3f55162acd257b73bb8ae0a155e889ce77e07800a4a939e649ac,-0.555530737849091,CAATGCCCATCTGCCACTGAGGCTGGGACTGCAGCTCACAGCCCCTTCAGCAGTGCAGCAGCCAGGACTGGAAGCCAGGGTTGGCTCCGCATAGGTCTGACTCTCCTTGGGAGCTACACAAACTCTGGAGAGCAGGCTGGGTGAGCCAGGCAGAGGCAGGGGAGAAGAAGACAGGGCTCTGCAAGGCTGACCAGTCCAGA,3798f00aa1c1374fd3d94c08258f7f250fe132a85070511771d1c1e30471524c,-0.080847801030979,CAATGCCCATCTGCCACTGAGGCTGGGACTGCAGCTCACAGCCCCTTCAGCAGTGCAGCAGCCAGGACTGGAAGCCAGGGTTGGCTCCGCATAGGTCTGGCTCTCCTTGGGAGCTACACAAACTCTGGAGAGCAGGCTGGGTGAGCCAGGCAGAGGCAGGGGAGAAGAAGACAGGGCTCTGCAAGGCTGACCAGTCCAGA,6c1dcf1514a9bca8c2fd0b4ce80db0992289cf64902cd3faef05257ccae19762,-0.484856270762993,0.151522268117077,0.413574394402484,-259.122878137976,-253.2163942446932,-287.36098553892225,-260.81070707691833,20.643794568721148,-1.0,-0.151522268117077,0.0,0,0.21229070442285472,0.18565657667894103,0.15145376406925343,0.10903273967193171,1.0
chr15:40675443:G:T;chr15:40675493:C:T;var1;middle;OL41|K562|82a249511e8b0219,chr15:40675443:G:T;chr15:40675493:C:T;var1;middle;OL41,K562,K562_region_00616,100,150,50,CTGTCGGGTCGCGCTATCCCCGGGCCCTCCACTCTCTCGGGCCCAGTGGCCCAGCGCTGGGTAACATTCATCCTGTACCTTCCAGGGTTCAGCCGTGCCGCCTCGTTACGATGACCAGTGTGGTTAAGACAGTGTATAGCCTGCAGCCCCCCTCTGCGCTGAGCGGCGGCCAGCCGGCAGGTGAGGGTCCAAGCCACGCC,e6434ed3aebb4af53e40f8d961a524c0a2c1792310a27f0ef59586e64a023b1d,0.0,CTGTCGGGTCGCGCTATCCCCGGGCCCTCCACTCTCTCGGGCCCAGTGGCCCAGCGCTGGGTAACATTCATCCTGTACCTTCCAGGGTTCAGCCGTGCCTCCTCGTTACGATGACCAGTGTGGTTAAGACAGTGTATAGCCTGCAGCCCCCCTCTGCGCTGAGCGGCGGCCAGCCGGCAGGTGAGGGTCCAAGCCACGCC,c3119a6dead3d2ce23d68743b6bff8263849b1bab36a7a696d48be5f9eb92d86,-0.037619171672185,CTGTCGGGTCGCGCTATCCCCGGGCCCTCCACTCTCTCGGGCCCAGTGGCCCAGCGCTGGGTAACATTCATCCTGTACCTTCCAGGGTTCAGCCGTGCCGCCTCGTTACGATGACCAGTGTGGTTAAGACAGTGTATAGCCTGCAGCCCTCCTCTGCGCTGAGCGGCGGCCAGCCGGCAGGTGAGGGTCCAAGCCACGCC,ecae28665599942e31c145ac11c0ce17bf56ca8fd5da603245cd938e8fb894f1,-0.122746567360762,CTGTCGGGTCGCGCTATCCCCGGGCCCTCCACTCTCTCGGGCCCAGTGGCCCAGCGCTGGGTAACATTCATCCTGTACCTTCCAGGGTTCAGCCGTGCCTCCTCGTTACGATGACCAGTGTGGTTAAGACAGTGTATAGCCTGCAGCCCTCCTCTGCGCTGAGCGGCGGCCAGCCGGCAGGTGAGGGTCCAAGCCACGCC,82a249511e8b0219d2a8d2dfa807ffb9299b9dc9357eed185a285499db635337,-0.420560847888825,0.2601951088558779,0.393521034358904,-276.41992804408073,-276.0384300351143,-277.46230974793434,-275.7910894453525,-1.289722293615398,1.0,0.2601951088558779,0.0,0,0.18411954972138914,0.18565657667894103,0.15145376406925343,0.20504377931777923,1.0
chr15:42171800:T:C;chr15:42171877:A:G;var1;middle;OL41|K562|0fb9c015a2bc3146,chr15:42171800:T:C;chr15:42171877:A:G;var1;middle;OL41,K562,K562_region_00617,100,177,77,GGCAGAGGGTACAAGGTTGTCTCCACAACAGGGACACCTCCCCATCCATCCGGGAGCCTTGGCCAGAGCCTCACGTGACAGAAGCTGCCAGACTGGCTGTCCCTTGCCCCTTCCCTGTGCCTCGGACACGTCCAGCCTCTCCATCTGGCATGGCGGGAGGCAGGTGAGTCAGGCCCAGGCTGGGCACTGTGTCTGCCTGC,acf5cc3509776b62547a8a23a39c13ed8992fb5ae101e82787439042206a2711,0.0,GGCAGAGGGTACAAGGTTGTCTCCACAACAGGGACACCTCCCCATCCATCCGGGAGCCTTGGCCAGAGCCTCACGTGACAGAAGCTGCCAGACTGGCTGCCCCTTGCCCCTTCCCTGTGCCTCGGACACGTCCAGCCTCTCCATCTGGCATGGCGGGAGGCAGGTGAGTCAGGCCCAGGCTGGGCACTGTGTCTGCCTGC,4933aa227092c64ac9d21655af08f45506e5997ed2e090a9967d647432aa4c35,-0.592710629903271,GGCAGAGGGTACAAGGTTGTCTCCACAACAGGGACACCTCCCCATCCATCCGGGAGCCTTGGCCAGAGCCTCACGTGACAGAAGCTGCCAGACTGGCTGTCCCTTGCCCCTTCCCTGTGCCTCGGACACGTCCAGCCTCTCCATCTGGCATGGCGGGAGGCAGGTGAGTCAGGCCCGGGCTGGGCACTGTGTCTGCCTGC,7aeed8a51728dace0c999dc506da886c8f80c3b81c8398be44c30245136de484,-0.0860170524613636,GGCAGAGGGTACAAGGTTGTCTCCACAACAGGGACACCTCCCCATCCATCCGGGAGCCTTGGCCAGAGCCTCACGTGACAGAAGCTGCCAGACTGGCTGCCCCTTGCCCCTTCCCTGTGCCTCGGACACGTCCAGCCTCTCCATCTGGCATGGCGGGAGGCAGGTGAGTCAGGCCCGGGCTGGGCACTGTGTCTGCCTGC,0fb9c015a2bc314644dd1f96e3f05a2398cb0a5db9a94a57b964bf601a85a3dc,-0.38303439725634,0.2956932851082945,0.311215556057623,-325.55244827014394,-318.6565298223868,-329.4944386566058,-322.7920611076988,-0.19354089885018766,-1.0,-0.2956932851082945,0.0,4,0.17595944949705525,0.17620727786206916,0.145609630836647,0.20135391924116047,1.0
chr15:42229838:G:C;chr15:42229852:C:T;var1;middle;OL28|K562|61455f9452df644d,chr15:42229838:G:C;chr15:42229852:C:T;var1;middle;OL28,K562,K562_region_00618,100,114,14,GGGAACTGAGGGTTCTTGGTCTTTTAGGAAAAAAGACTCATTTCTTTTTTGCATATGTGTGTGTTTTCCTCTCAAATCCTTCTTGTTACCAAAGCCTGAGAGGGGAAGTCATTCTTATCTGGACATCTCTAAGTGTTCTCTCTCCTTTCCCGAGCAAGCTTCAAAATCCGGTCTTTTGTCTTCAAAGTTCAAAAGTGGAT,5816c0cf60c82720175c2885a331bca6de741b566903b4959dd8c7fd8f72260c,0.0,GGGAACTGAGGGTTCTTGGTCTTTTAGGAAAAAAGACTCATTTCTTTTTTGCATATGTGTGTGTTTTCCTCTCAAATCCTTCTTGTTACCAAAGCCTGACAGGGGAAGTCATTCTTATCTGGACATCTCTAAGTGTTCTCTCTCCTTTCCCGAGCAAGCTTCAAAATCCGGTCTTTTGTCTTCAAAGTTCAAAAGTGGAT,c64f96ef793df94028f8d9c155104eda9c62a68d326b472e6aa888551307ce44,-0.082388269400517,GGGAACTGAGGGTTCTTGGTCTTTTAGGAAAAAAGACTCATTTCTTTTTTGCATATGTGTGTGTTTTCCTCTCAAATCCTTCTTGTTACCAAAGCCTGAGAGGGGAAGTCATTTTTATCTGGACATCTCTAAGTGTTCTCTCTCCTTTCCCGAGCAAGCTTCAAAATCCGGTCTTTTGTCTTCAAAGTTCAAAAGTGGAT,31e4a5f8cd6ad4cf9acc49483b16979ed9d9aa05ac8c1b0852598ddbaf4fd892,-0.912429022846571,GGGAACTGAGGGTTCTTGGTCTTTTAGGAAAAAAGACTCATTTCTTTTTTGCATATGTGTGTGTTTTCCTCTCAAATCCTTCTTGTTACCAAAGCCTGACAGGGGAAGTCATTTTTATCTGGACATCTCTAAGTGTTCTCTCTCCTTTCCCGAGCAAGCTTCAAAATCCGGTCTTTTGTCTTCAAAGTTCAAAAGTGGAT,61455f9452df644dfbe2da9442eefb5516deac5d8eb5e9a5266914df9c71bccf,-0.908544957017161,0.086272335229927,0.198200871558919,-246.1056747213006,-287.06586464773864,-244.12005715072155,-260.2072160728276,24.873031004332006,-1.0,-0.086272335229927,0.0,2,0.21141161254215177,0.17490732828716207,0.146091925319964,0.2164336010484444,1.0
chr15:45021705:C:T;chr15:45021766:C:T;var1;middle;OL41|K562|bf676fca160da469,chr15:45021705:C:T;chr15:45021766:C:T;var1;middle;OL41,K562,K562_region_00619,100,161,61,GCTGCCCAGGTTCCTTCCGAGGGCTCGCTTTTCCTGGGCAGAGCGGGAAAGAGGAGGGGCAGGCCGGTCGCGAAACGCAAATAGTCGAGAATAGCGATCCGGGGAGAAGCAGGTGTCTGTGGGGCCCAAGAGAAGTACCATCTCGGTAAGTAGGCCGGTGCATGCAGGGGAGCGCAGAGCCCTAAGCCCTTCTCTGGGGT,7817344a3bc322f7675e255eaad25bdf86462050c09d9a9d2e784845ae324d10,0.0,GCTGCCCAGGTTCCTTCCGAGGGCTCGCTTTTCCTGGGCAGAGCGGGAAAGAGGAGGGGCAGGCCGGTCGCGAAACGCAAATAGTCGAGAATAGCGATCTGGGGAGAAGCAGGTGTCTGTGGGGCCCAAGAGAAGTACCATCTCGGTAAGTAGGCCGGTGCATGCAGGGGAGCGCAGAGCCCTAAGCCCTTCTCTGGGGT,d13a895bea852556773ff3107c40ff574af72af8fd15647adb78e888addfcb6b,-1.72871572489772,GCTGCCCAGGTTCCTTCCGAGGGCTCGCTTTTCCTGGGCAGAGCGGGAAAGAGGAGGGGCAGGCCGGTCGCGAAACGCAAATAGTCGAGAATAGCGATCCGGGGAGAAGCAGGTGTCTGTGGGGCCCAAGAGAAGTACCATCTCGGTAAGTAGGCCGGTGTATGCAGGGGAGCGCAGAGCCCTAAGCCCTTCTCTGGGGT,16d75fe9b27d6b848b832eeabc8f1b0b49a59114fc902cec033a43991fa35b4f,-1.87089603433245,GCTGCCCAGGTTCCTTCCGAGGGCTCGCTTTTCCTGGGCAGAGCGGGAAAGAGGAGGGGCAGGCCGGTCGCGAAACGCAAATAGTCGAGAATAGCGATCTGGGGAGAAGCAGGTGTCTGTGGGGCCCAAGAGAAGTACCATCTCGGTAAGTAGGCCGGTGTATGCAGGGGAGCGCAGAGCCCTAAGCCCTTCTCTGGGGT,bf676fca160da4692424d6bf19dab0436bc67143d431ba04c02190273bdef9f3,-2.15865750448814,-1.4409542547420302,0.360647593713147,-325.5864238962531,-325.419761878904,-347.3087626071647,-333.9262534715235,-13.215847118292004,1.0,-1.4409542547420302,0.0,0,0.16880177330032306,0.18565657667894103,0.15145376406925343,0.178731210234301,1.0
chr15:45466409:T:C;chr15:45466432:A:G;var1;middle;OL41|K562|f7ff4147c94b538e,chr15:45466409:T:C;chr15:45466432:A:G;var1;middle;OL41,K562,K562_region_00620,100,123,23,CACAGCCTTGCCTCCCTTTCTCCTTTTCCCCACAGCCTGGGAACTCGCAGGCAGCAAGAAAGAGCCAGCCTCGCCTCAGGTTGTCAGGATTACTCAGACTTGAGGGCAGATGTTTTATTGAAATTTAATCCCCACCCCCCATCCTGAGAAGAGTGATGCCACTGGCGGCTGCTGGACTGCTAACGAGGTTTCCTAATGAC,8d4c88f4453e517dfd5857d18731d79e942e4e4e00af20bdcb45d81b871e77e9,0.0,CACAGCCTTGCCTCCCTTTCTCCTTTTCCCCACAGCCTGGGAACTCGCAGGCAGCAAGAAAGAGCCAGCCTCGCCTCAGGTTGTCAGGATTACTCAGACCTGAGGGCAGATGTTTTATTGAAATTTAATCCCCACCCCCCATCCTGAGAAGAGTGATGCCACTGGCGGCTGCTGGACTGCTAACGAGGTTTCCTAATGAC,2a364f1c64c6d33659a1b4656dc4fb803debc6d44f47c469233ad41714042c56,0.0279690866666553,CACAGCCTTGCCTCCCTTTCTCCTTTTCCCCACAGCCTGGGAACTCGCAGGCAGCAAGAAAGAGCCAGCCTCGCCTCAGGTTGTCAGGATTACTCAGACTTGAGGGCAGATGTTTTATTGAAGTTTAATCCCCACCCCCCATCCTGAGAAGAGTGATGCCACTGGCGGCTGCTGGACTGCTAACGAGGTTTCCTAATGAC,7c1e85bc2bce5fd32e495a68c181d84946e7e338c7cdc2eb15757704c69841e8,-0.067841744678583,CACAGCCTTGCCTCCCTTTCTCCTTTTCCCCACAGCCTGGGAACTCGCAGGCAGCAAGAAAGAGCCAGCCTCGCCTCAGGTTGTCAGGATTACTCAGACCTGAGGGCAGATGTTTTATTGAAGTTTAATCCCCACCCCCCATCCTGAGAAGAGTGATGCCACTGGCGGCTGCTGGACTGCTAACGAGGTTTCCTAATGAC,f7ff4147c94b538ecce6a5bc9c29fdad6428a46c497380350c7e2d5fd006f1cd,-0.330081975306096,0.2902093172941683,0.23940854843344,-281.3915095916018,-293.1904184217565,-312.66252324171364,-323.4037856650539,-1.057646406814456,1.0,0.2902093172941683,0.0,2,0.1736544496891067,0.17490732828716207,0.146091925319964,0.11694755167204057,1.0
chr15:46585492:A:T;chr15:46585511:G:A;var1;middle;OL29|K562|aba47038ee749b8f,chr15:46585492:A:T;chr15:46585511:G:A;var1;middle;OL29,K562,K562_region_00621,100,119,19,GAAAAGAGAAAAAAATAGAAAACACGTGTCTTAAAAAAGTAAAAACTATTTTACCCTTGGGATTTTCTTTTAACTGTAAAGTCAAAACACTTTGTGCATATAGATGACAGCCTGAGAGGGAGAAATCTGAGCACTCAATATTGTGAATTTTCTTTTTTCAGAGAATAAACACACTTTTTCCTACTTAGAGTAATTTTTAT,7d640f9a0794151081a4cbbb8737b32b8ed2d9738f01524ac7a885e9dbedb9b9,0.0,GAAAAGAGAAAAAAATAGAAAACACGTGTCTTAAAAAAGTAAAAACTATTTTACCCTTGGGATTTTCTTTTAACTGTAAAGTCAAAACACTTTGTGCATTTAGATGACAGCCTGAGAGGGAGAAATCTGAGCACTCAATATTGTGAATTTTCTTTTTTCAGAGAATAAACACACTTTTTCCTACTTAGAGTAATTTTTAT,9b8cd1a0a0244fc1c5223fd4cd4f3df91e8ef7a1ad94dab44b265057279fd164,0.0533548823308007,GAAAAGAGAAAAAAATAGAAAACACGTGTCTTAAAAAAGTAAAAACTATTTTACCCTTGGGATTTTCTTTTAACTGTAAAGTCAAAACACTTTGTGCATATAGATGACAGCCTGAGAGAGAGAAATCTGAGCACTCAATATTGTGAATTTTCTTTTTTCAGAGAATAAACACACTTTTTCCTACTTAGAGTAATTTTTAT,0852ea3cee5ed9459350cdfdbd5aaf770a25d9cf0f2748de2a9d66c6d5f9aa40,0.0304325495498041,GAAAAGAGAAAAAAATAGAAAACACGTGTCTTAAAAAAGTAAAAACTATTTTACCCTTGGGATTTTCTTTTAACTGTAAAGTCAAAACACTTTGTGCATTTAGATGACAGCCTGAGAGAGAGAAATCTGAGCACTCAATATTGTGAATTTTCTTTTTTCAGAGAATAAACACACTTTTTCCTACTTAGAGTAATTTTTAT,aba47038ee749b8f6230f6c2aecf1fd912eea458ab3de53408879023654dac5d,-0.0094994255250032,0.093286857405608,0.175924990077517,-243.69355426728723,-241.43891549110413,-239.75029256939888,-237.27471955120564,-0.220934242010145,1.0,0.093286857405608,0.0,0,0.18549228870045142,0.18565657667894103,0.15145376406925343,0.2323749983108734,1.0
chr15:46586088:C:T;chr15:46586095:T:C;var1;middle;OL29|K562|48c0e003865598d0,chr15:46586088:C:T;chr15:46586095:T:C;var1;middle;OL29,K562,K562_region_00622,100,107,7,TGCAACAGGTACTGCAAGGGCCACCATGACTCCTACCGTCATTCTGAAATAATTGCTATTTTTTATTTAAATTCAGTTTTTAGAATACCCTGAAAATTGCTCTATTTGAATTCTGACAGATTGATTTAAAAAACAGTTGATGATAATTAGCCAATCATTCTGTTTTTTTAAAGGTCAGGTTTGATGGACTTTACCCAGAA,737fad6399dbfceda607091d2473fe4a252780589c90a119c688bb317df60b42,0.0,TGCAACAGGTACTGCAAGGGCCACCATGACTCCTACCGTCATTCTGAAATAATTGCTATTTTTTATTTAAATTCAGTTTTTAGAATACCCTGAAAATTGTTCTATTTGAATTCTGACAGATTGATTTAAAAAACAGTTGATGATAATTAGCCAATCATTCTGTTTTTTTAAAGGTCAGGTTTGATGGACTTTACCCAGAA,04112148b938a0f6d82d0ddcf49502ee050550293fc3308303562c4f9dd7a219,-0.0118772510359181,TGCAACAGGTACTGCAAGGGCCACCATGACTCCTACCGTCATTCTGAAATAATTGCTATTTTTTATTTAAATTCAGTTTTTAGAATACCCTGAAAATTGCTCTATTCGAATTCTGACAGATTGATTTAAAAAACAGTTGATGATAATTAGCCAATCATTCTGTTTTTTTAAAGGTCAGGTTTGATGGACTTTACCCAGAA,6abf7894cd6bf286cce53b4a844b1bf8449a552814fef999f047211c89e5f20b,-0.419342331683621,TGCAACAGGTACTGCAAGGGCCACCATGACTCCTACCGTCATTCTGAAATAATTGCTATTTTTTATTTAAATTCAGTTTTTAGAATACCCTGAAAATTGTTCTATTCGAATTCTGACAGATTGATTTAAAAAACAGTTGATGATAATTAGCCAATCATTCTGTTTTTTTAAAGGTCAGGTTTGATGGACTTTACCCAGAA,48c0e003865598d04f7d8e2c519649c37ac0c084061d404f0b38f3ba442d179a,-0.296944292957766,0.1342752897617731,0.191719582441576,-371.7651835698634,-385.1498658210039,-385.27657301095314,-395.7569814468734,2.9042738152202787,-1.0,-0.1342752897617731,0.0,3,0.18732274167796872,0.18106719778262317,0.1474303780702046,0.11865538576324489,1.0
chr15:47754018:T:C;chr15:47754027:G:A;var1;middle;OL41|K562|b092133d97f18753,chr15:47754018:T:C;chr15:47754027:G:A;var1;middle;OL41,K562,K562_region_00623,100,109,9,ATATGTTAATTTATTTAAGAGGGATGAGCTAAGAGCAATACAAACCGACAGATAGTCCCAAAGGGATAAATTCATAAGATTAGAACTTGAAGGGCAAATTTGTAAAATGTGTGAAGAATGTATATGTTTCTGCTTGTATATTCATATTTATACTGGGATGAAAGAACAATGTTACCTCCCAGTGTGCCCAGGTCCAAGTC,d89f582e59543a0608956cc90f2790bd6b8856034c064de6fd168d04cd923186,0.0,ATATGTTAATTTATTTAAGAGGGATGAGCTAAGAGCAATACAAACCGACAGATAGTCCCAAAGGGATAAATTCATAAGATTAGAACTTGAAGGGCAAATCTGTAAAATGTGTGAAGAATGTATATGTTTCTGCTTGTATATTCATATTTATACTGGGATGAAAGAACAATGTTACCTCCCAGTGTGCCCAGGTCCAAGTC,177eecd172066b7273dd62bdf3f189396b89da05001d64a7aeaecf11e10801d7,0.063783255076269,ATATGTTAATTTATTTAAGAGGGATGAGCTAAGAGCAATACAAACCGACAGATAGTCCCAAAGGGATAAATTCATAAGATTAGAACTTGAAGGGCAAATTTGTAAAATATGTGAAGAATGTATATGTTTCTGCTTGTATATTCATATTTATACTGGGATGAAAGAACAATGTTACCTCCCAGTGTGCCCAGGTCCAAGTC,88524f2c4fbf8e2ec849ad496d534e21a07bba67ffc40c27cd8dae24beceb19c,-0.15310459467145,ATATGTTAATTTATTTAAGAGGGATGAGCTAAGAGCAATACAAACCGACAGATAGTCCCAAAGGGATAAATTCATAAGATTAGAACTTGAAGGGCAAATCTGTAAAATATGTGAAGAATGTATATGTTTCTGCTTGTATATTCATATTTATACTGGGATGAAAGAACAATGTTACCTCCCAGTGTGCCCAGGTCCAAGTC,b092133d97f187533e9dbbe2a486e71497242cfae7f1a571da5f32d293b5433c,-0.493676318182514,0.404354978587333,0.337161618136404,-339.9505089002196,-349.830642048968,-336.1624050629325,-352.2569542583078,6.214416046626866,1.0,0.404354978587333,0.0,4,0.18390154386177382,0.17620727786206916,0.145609630836647,0.0694339121124814,1.0
chr15:52472683:G:T;chr15:52472713:A:G;var1;middle;OL41|K562|00a1837ddc6384d2,chr15:52472683:G:T;chr15:52472713:A:G;var1;middle;OL41,K562,K562_region_00624,100,130,30,GAGGCTTGGCCGCAGGTAGCTACGGTGCTCCCCCAACAAGGAACCGGAAACCCTCTTCGTTTGTTGATCTAAATATACAAAAATAAAACTAGTTGCTGGGTTCTCAGACGGAGTCTCTGCGGCATTAGGAGGCCCACCCTTATTTTCTCTTTTCTTCACGCAGGAATCAGGTCCCTGGCCTGGGGGCGGCAAAAGGAGAT,e0765bd1f8e91a9addf4978943ca9bfc28eb46b7aee726b47a377fb1aed9b930,0.0,GAGGCTTGGCCGCAGGTAGCTACGGTGCTCCCCCAACAAGGAACCGGAAACCCTCTTCGTTTGTTGATCTAAATATACAAAAATAAAACTAGTTGCTGGTTTCTCAGACGGAGTCTCTGCGGCATTAGGAGGCCCACCCTTATTTTCTCTTTTCTTCACGCAGGAATCAGGTCCCTGGCCTGGGGGCGGCAAAAGGAGAT,ecbf57df8a70295bae63f13786b032f87f841a923223c89146aa5a401dc54508,-0.0105647561900855,GAGGCTTGGCCGCAGGTAGCTACGGTGCTCCCCCAACAAGGAACCGGAAACCCTCTTCGTTTGTTGATCTAAATATACAAAAATAAAACTAGTTGCTGGGTTCTCAGACGGAGTCTCTGCGGCATTAGGGGGCCCACCCTTATTTTCTCTTTTCTTCACGCAGGAATCAGGTCCCTGGCCTGGGGGCGGCAAAAGGAGAT,2f52a9cbcd89214ca404233cae3ab3ace1fd9dab41141936a9079a183497955d,-0.361615857993397,GAGGCTTGGCCGCAGGTAGCTACGGTGCTCCCCCAACAAGGAACCGGAAACCCTCTTCGTTTGTTGATCTAAATATACAAAAATAAAACTAGTTGCTGGTTTCTCAGACGGAGTCTCTGCGGCATTAGGGGGCCCACCCTTATTTTCTCTTTTCTTCACGCAGGAATCAGGTCCCTGGCCTGGGGGCGGCAAAAGGAGAT,00a1837ddc6384d293a819db5839a16a81510d1d881499067f803d37cfa232ac,-0.356950405900491,0.0152302082829915,0.174601876625643,-274.15468457341194,-272.4912649691105,-276.23859165608883,-274.9662918448448,-0.3911197930574417,-1.0,-0.0152302082829915,0.0,3,0.18068520794625106,0.18106719778262317,0.1474303780702046,0.23361166721982723,1.0
chr15:57869168:A:T;chr15:57869193:G:C;var1;middle;OL30|K562|27602383a46be294,chr15:57869168:A:T;chr15:57869193:G:C;var1;middle;OL30,K562,K562_region_00625,100,125,25,AGGTTCACCCATCTTGTAGAATGTATCAGTACTCAATTCCCTTTCATGACTAAATAACATGCTGTTTGTGAACATACTACATACTGCTTCTTCATTTATAAGTTGATGGGCATTTGGGTTGTTTGCTCTTTTTGACCGTTGTGAATAATGCTGCTATGAGAATTTGTGTACAAATTTCTGAGTGGACTTATATATATATA,24e803454f779201175e1c0c8d776912d24af5b98be18b5d646f3d9e7e76102f,0.0,AGGTTCACCCATCTTGTAGAATGTATCAGTACTCAATTCCCTTTCATGACTAAATAACATGCTGTTTGTGAACATACTACATACTGCTTCTTCATTTATTAGTTGATGGGCATTTGGGTTGTTTGCTCTTTTTGACCGTTGTGAATAATGCTGCTATGAGAATTTGTGTACAAATTTCTGAGTGGACTTATATATATATA,7aa273211471deb69e8bc16b649d07f13062c770588662a1737d8bc0b7cd84c9,0.0900218499638371,AGGTTCACCCATCTTGTAGAATGTATCAGTACTCAATTCCCTTTCATGACTAAATAACATGCTGTTTGTGAACATACTACATACTGCTTCTTCATTTATAAGTTGATGGGCATTTGGGTTGTTTCCTCTTTTTGACCGTTGTGAATAATGCTGCTATGAGAATTTGTGTACAAATTTCTGAGTGGACTTATATATATATA,b7acba5a7aed38b567b5d1103564c96703d95a9a38772f379f75a41a04e24ecd,-0.0999210650807787,AGGTTCACCCATCTTGTAGAATGTATCAGTACTCAATTCCCTTTCATGACTAAATAACATGCTGTTTGTGAACATACTACATACTGCTTCTTCATTTATTAGTTGATGGGCATTTGGGTTGTTTCCTCTTTTTGACCGTTGTGAATAATGCTGCTATGAGAATTTGTGTACAAATTTCTGAGTGGACTTATATATATATA,27602383a46be29410c862e41144cd5aafdef758a9e2ab4bb208b041c8cd7533,0.0416939153632604,0.051593130480202,0.150557346856006,-320.8521998714423,-341.1022906273138,-339.9600116541842,-351.68707465799525,8.523027752060443,-1.0,-0.051593130480202,0.0,2,0.18760468587935386,0.17490732828716207,0.146091925319964,0.1871084351383331,1.0
chr15:58678720:T:C;chr15:58678797:T:C;var1;middle;OL31|K562|a20ffa6657250a0c,chr15:58678720:T:C;chr15:58678797:T:C;var1;middle;OL31,K562,K562_region_00626,100,177,77,CTTAAAGATCTAGTGTATGCATTACTTACTTTAATGTAATTTAAATATTCACATTATCACTTAAATTTTAATATTGCATTCTGTTTCACTGGATTATTATATAAGGTAATATCAAAACATAAACGGCTCCAAAATTATCAAGATAAGTCAGTCCCTGTGAATGAACTTGGTACAAATCGACATAGAATCATGAGCTTAAC,e18bcc267be7570374d63decabe0ddfe90a99f128933feaf960b3c46cb2b7b8b,0.0,CTTAAAGATCTAGTGTATGCATTACTTACTTTAATGTAATTTAAATATTCACATTATCACTTAAATTTTAATATTGCATTCTGTTTCACTGGATTATTACATAAGGTAATATCAAAACATAAACGGCTCCAAAATTATCAAGATAAGTCAGTCCCTGTGAATGAACTTGGTACAAATCGACATAGAATCATGAGCTTAAC,b6bc4fde80cadb247c054f4671ef56aac47f568bcc6856e28d23d54acf384697,-0.0949429097419602,CTTAAAGATCTAGTGTATGCATTACTTACTTTAATGTAATTTAAATATTCACATTATCACTTAAATTTTAATATTGCATTCTGTTTCACTGGATTATTATATAAGGTAATATCAAAACATAAACGGCTCCAAAATTATCAAGATAAGTCAGTCCCTGTGAATGAACTTGGTACAAACCGACATAGAATCATGAGCTTAAC,92aea7c3b08a1492d01c3cefa32e6bcbabccafd7d35542f652fd96e4bab1704c,0.396410122975906,CTTAAAGATCTAGTGTATGCATTACTTACTTTAATGTAATTTAAATATTCACATTATCACTTAAATTTTAATATTGCATTCTGTTTCACTGGATTATTACATAAGGTAATATCAAAACATAAACGGCTCCAAAATTATCAAGATAAGTCAGTCCCTGTGAATGAACTTGGTACAAACCGACATAGAATCATGAGCTTAAC,a20ffa6657250a0c7d254566108fbaf41d98094fdec75bad228e092199084848,0.491927792790119,0.1904605795561731,0.356232699260299,-285.54006007127464,-296.85104966536164,-276.7178028244525,-280.96857662312686,7.06021579541266,-1.0,-0.1904605795561731,0.0,3,0.19569357938648918,0.18106719778262317,0.1474303780702046,0.2644919227750686,1.0
chr15:58686510:G:A;chr15:58686540:G:A;var1;middle;OL31|K562|832b0d8b565aa0ef,chr15:58686510:G:A;chr15:58686540:G:A;var1;middle;OL31,K562,K562_region_00627,100,130,30,TAAGATTTTTAAAACATTTTAAATCTAATTTCCCTTCTCGATAAGCAAAATTCTTTCCTTTCCACCATTACGGTTAGGGCATGAGACTTATTGCCTCAGGGAAGGGGCAGCTGGATCTCCCTAGAAAAAGGAGACTATGGGGTAAGGAAGAAAGATATAATGTAGGGCAATTTCCAGCAGACAGAAGGGTAAGTAGCAGC,30e1e02d77b4ed70db0ecc809e75ddd6e0797422a1eb53622d7b6278c5a4a370,0.0,TAAGATTTTTAAAACATTTTAAATCTAATTTCCCTTCTCGATAAGCAAAATTCTTTCCTTTCCACCATTACGGTTAGGGCATGAGACTTATTGCCTCAGAGAAGGGGCAGCTGGATCTCCCTAGAAAAAGGAGACTATGGGGTAAGGAAGAAAGATATAATGTAGGGCAATTTCCAGCAGACAGAAGGGTAAGTAGCAGC,d082df070b24d9a34eafc4db29851fb97d0bed9d1faf919aa0ce9345b55deccb,-0.339177960592791,TAAGATTTTTAAAACATTTTAAATCTAATTTCCCTTCTCGATAAGCAAAATTCTTTCCTTTCCACCATTACGGTTAGGGCATGAGACTTATTGCCTCAGGGAAGGGGCAGCTGGATCTCCCTAGAAAAAAGAGACTATGGGGTAAGGAAGAAAGATATAATGTAGGGCAATTTCCAGCAGACAGAAGGGTAAGTAGCAGC,9a041be6a0186f689020b810ad4a8cd3634b245fec1210b3d4dfde72ace29183,-0.194849081573613,TAAGATTTTTAAAACATTTTAAATCTAATTTCCCTTCTCGATAAGCAAAATTCTTTCCTTTCCACCATTACGGTTAGGGCATGAGACTTATTGCCTCAGAGAAGGGGCAGCTGGATCTCCCTAGAAAAAAGAGACTATGGGGTAAGGAAGAAAGATATAATGTAGGGCAATTTCCAGCAGACAGAAGGGTAAGTAGCAGC,832b0d8b565aa0ef922240ab556d969bef8b9286ded92aad3c09e464e322729e,-0.198724996997242,0.3353020451691619,0.395394815829744,-346.1207035104744,-348.1271126107313,-348.598977830261,-352.56312299566343,-1.957736065145582,-1.0,-0.3353020451691619,0.0,3,0.17752975230522453,0.18106719778262317,0.1474303780702046,0.2614761642477108,1.0
chr15:58723426:A:G;chr15:58723479:T:C;var1;middle;OL30|K562|ded6f090917d5e02,chr15:58723426:A:G;chr15:58723479:T:C;var1;middle;OL30,K562,K562_region_00628,100,153,53,CTGTCCGTTATCCAACTCCAGAAGGTAAGAACCTCCACTGATACATAAGGACTTGTATACCCCACGTGCCTGCAACAGTGCTTGGCACCTAGTAGGCATACCAAAATATATAAATGTTGAACAAATGAAGAAAGTTAAAGTAAAACTAGAGGTCCAAAAATATCACAAAAGCCATCTATGGTCGCCTTTTCCCTACCTGA,b1be19efaf47e4924d5a5ee7f2294b5fe6f2994f50a60e5d2c1d6b91360b19bd,0.0,CTGTCCGTTATCCAACTCCAGAAGGTAAGAACCTCCACTGATACATAAGGACTTGTATACCCCACGTGCCTGCAACAGTGCTTGGCACCTAGTAGGCATGCCAAAATATATAAATGTTGAACAAATGAAGAAAGTTAAAGTAAAACTAGAGGTCCAAAAATATCACAAAAGCCATCTATGGTCGCCTTTTCCCTACCTGA,071462ab2976f79d1a12288502e3da49c1dad757be27c86bd4a2ffdc8545447f,-0.0237438010804701,CTGTCCGTTATCCAACTCCAGAAGGTAAGAACCTCCACTGATACATAAGGACTTGTATACCCCACGTGCCTGCAACAGTGCTTGGCACCTAGTAGGCATACCAAAATATATAAATGTTGAACAAATGAAGAAAGTTAAAGTAAAACTAGAGGCCCAAAAATATCACAAAAGCCATCTATGGTCGCCTTTTCCCTACCTGA,76cc95e1baa349ed70e2a2fb3403110fbf2c083eb9be935a08bb24de4e263585,0.152237912717718,CTGTCCGTTATCCAACTCCAGAAGGTAAGAACCTCCACTGATACATAAGGACTTGTATACCCCACGTGCCTGCAACAGTGCTTGGCACCTAGTAGGCATGCCAAAATATATAAATGTTGAACAAATGAAGAAAGTTAAAGTAAAACTAGAGGCCCAAAAATATCACAAAAGCCATCTATGGTCGCCTTTTCCCTACCTGA,ded6f090917d5e02df32313102bbccc57775b2766bd318aa24149cc3adbe974e,0.0019059058897837,-0.1265882057474641,0.314862221104628,-245.45454892516136,-255.3388096652925,-240.9989921450615,-240.4995751753449,10.383677709847746,-1.0,0.1265882057474641,0.0,4,0.1890689739556785,0.17620727786206916,0.145609630836647,0.3444950927313596,1.0
chr15:60013172:G:C;chr15:60013178:T:C;var1;middle;OL27|K562|06b551ccf943d092,chr15:60013172:G:C;chr15:60013178:T:C;var1;middle;OL27,K562,K562_region_00629,100,106,6,GGAAAGCAGGAAGGTGAGCAAGGTAATAAAACAAAGATCTCCTTTTGCTAAATTAAGAAAATGATAATTCAGTTTATTTGTTTCATCCTCAAGCAAGCTGTAAGTTGTAATTCCTTAGAAATCTAATTCCGTGTTTCGGTGCTCTTGAGTCTGATAAAAGAAACAACAGGCCAGGGAGATGACATAAGTTCCATATGCTA,df2fc2ccf11f21ab808c6f33c05d635ec4e8a3bb31c31102cf386d61e526f8ec,0.0,GGAAAGCAGGAAGGTGAGCAAGGTAATAAAACAAAGATCTCCTTTTGCTAAATTAAGAAAATGATAATTCAGTTTATTTGTTTCATCCTCAAGCAAGCTCTAAGTTGTAATTCCTTAGAAATCTAATTCCGTGTTTCGGTGCTCTTGAGTCTGATAAAAGAAACAACAGGCCAGGGAGATGACATAAGTTCCATATGCTA,1ae668386d22b150dfdb9d744d720d5032e26caccaf4d5f4627ba67220eb99aa,0.0088468822582319,GGAAAGCAGGAAGGTGAGCAAGGTAATAAAACAAAGATCTCCTTTTGCTAAATTAAGAAAATGATAATTCAGTTTATTTGTTTCATCCTCAAGCAAGCTGTAAGTCGTAATTCCTTAGAAATCTAATTCCGTGTTTCGGTGCTCTTGAGTCTGATAAAAGAAACAACAGGCCAGGGAGATGACATAAGTTCCATATGCTA,2c9bd4eb9a87b96aa69eb3e39de5fcfd7c0f04cd629beb6d831ae812f3a63e27,0.236195615487781,GGAAAGCAGGAAGGTGAGCAAGGTAATAAAACAAAGATCTCCTTTTGCTAAATTAAGAAAATGATAATTCAGTTTATTTGTTTCATCCTCAAGCAAGCTCTAAGTCGTAATTCCTTAGAAATCTAATTCCGTGTTTCGGTGCTCTTGAGTCTGATAAAAGAAACAACAGGCCAGGGAGATGACATAAGTTCCATATGCTA,06b551ccf943d09217367033fe9615370332dc517120fdcbe730840cccfb29df,-0.0561191017091583,0.3011615994551712,0.125207548447409,-311.5666289664805,-307.33580530178733,-315.8779236674309,-307.4857422297355,-4.161357773002237,1.0,0.3011615994551712,0.0,0,0.18043125441317354,0.18565657667894103,0.15145376406925343,0.09545110180309471,1.0
chr15:61069177:T:C;chr15:61069201:T:C;var1;middle;OL33|K562|9d872949ed4f3555,chr15:61069177:T:C;chr15:61069201:T:C;var1;middle;OL33,K562,K562_region_00630,100,124,24,GCACTTATCACCTTGTACCACTATACAATTTATTTATTTCTTGTATTTACTGCTAATTGTCTGTCTTCTCTCTGCAGAAATATATGCTCCTCCAAGACATGAGTATTTGTCTGTTTATCTTCATTGATATATCTCTAGTACCTGGAGTAGTGCCTAGTTAATAATAGGTGCTGAATAAATATTTACTAAATAAATGAATG,1aabd66f3d04b3ea29ee62761fff554955f8d4eba327966816a968b1c20fbdb3,0.0,GCACTTATCACCTTGTACCACTATACAATTTATTTATTTCTTGTATTTACTGCTAATTGTCTGTCTTCTCTCTGCAGAAATATATGCTCCTCCAAGACACGAGTATTTGTCTGTTTATCTTCATTGATATATCTCTAGTACCTGGAGTAGTGCCTAGTTAATAATAGGTGCTGAATAAATATTTACTAAATAAATGAATG,136be259d6e9c0285ac2573275700dc19e35d81878b7c14df808e9b314e71401,0.347344407631909,GCACTTATCACCTTGTACCACTATACAATTTATTTATTTCTTGTATTTACTGCTAATTGTCTGTCTTCTCTCTGCAGAAATATATGCTCCTCCAAGACATGAGTATTTGTCTGTTTATCTTCACTGATATATCTCTAGTACCTGGAGTAGTGCCTAGTTAATAATAGGTGCTGAATAAATATTTACTAAATAAATGAATG,a29d5ab0fca1784e283a146fb88997e1e906fbb40b35c2e3b459bf7628118745,-0.131722295132432,GCACTTATCACCTTGTACCACTATACAATTTATTTATTTCTTGTATTTACTGCTAATTGTCTGTCTTCTCTCTGCAGAAATATATGCTCCTCCAAGACACGAGTATTTGTCTGTTTATCTTCACTGATATATCTCTAGTACCTGGAGTAGTGCCTAGTTAATAATAGGTGCTGAATAAATATTTACTAAATAAATGAATG,9d872949ed4f35555a61404803f56865300ffab54a4aa05bd87ae689e2eb8159,0.519979316921429,0.3043572044219519,0.198350239782939,-178.1280806157738,-182.07810438238084,-176.5502082835883,-180.52776658907533,-0.027534538879990578,-1.0,-0.3043572044219519,0.0,3,0.18141753606113725,0.18106719778262317,0.1474303780702046,0.2921842969253731,1.0
chr15:63414723:T:C;chr15:63414725:G:C;var1;middle;OL41|K562|01cc511bc7ff3e9b,chr15:63414723:T:C;chr15:63414725:G:C;var1;middle;OL41,K562,K562_region_00631,100,102,2,CTGTCTCGGGGACCGCCCCTTCCCCCTAGGGGGCGGACAGGCACATCCCTTGCTGTTAGTGAGTGACCATGGCCTGGGACGAGGTGGGCGGGGCCCAGGTGGAGGGGGCGGGGCCCAGGCTCAGGGGGCGGGGCCTTGGAAGGTCCCCGAGGAGAGCGCTGGGCTTTTTCAGCAGGCCCGTAACTGTCGGTTCTTTCCCC,931df09061e71a4f62a4448a3846b92dfb2b802f25a0ce97a74ece15cabedb2d,0.0,CTGTCTCGGGGACCGCCCCTTCCCCCTAGGGGGCGGACAGGCACATCCCTTGCTGTTAGTGAGTGACCATGGCCTGGGACGAGGTGGGCGGGGCCCAGGCGGAGGGGGCGGGGCCCAGGCTCAGGGGGCGGGGCCTTGGAAGGTCCCCGAGGAGAGCGCTGGGCTTTTTCAGCAGGCCCGTAACTGTCGGTTCTTTCCCC,b355c47c05ca8c8e0aed7ea6bfc0dc055df1951f94c0dd65c445b778782ede4d,0.126329329120797,CTGTCTCGGGGACCGCCCCTTCCCCCTAGGGGGCGGACAGGCACATCCCTTGCTGTTAGTGAGTGACCATGGCCTGGGACGAGGTGGGCGGGGCCCAGGTGCAGGGGGCGGGGCCCAGGCTCAGGGGGCGGGGCCTTGGAAGGTCCCCGAGGAGAGCGCTGGGCTTTTTCAGCAGGCCCGTAACTGTCGGTTCTTTCCCC,1c5c3e950a15fba758c03d2de035ba3ac5cedad2f9fe53cf8ce45c7f12363c48,-0.102154095198002,CTGTCTCGGGGACCGCCCCTTCCCCCTAGGGGGCGGACAGGCACATCCCTTGCTGTTAGTGAGTGACCATGGCCTGGGACGAGGTGGGCGGGGCCCAGGCGCAGGGGGCGGGGCCCAGGCTCAGGGGGCGGGGCCTTGGAAGGTCCCCGAGGAGAGCGCTGGGCTTTTTCAGCAGGCCCGTAACTGTCGGTTCTTTCCCC,01cc511bc7ff3e9b2de149a6741e86498730926e7628d5071f97e594be2ddf62,0.0440593524685193,0.0198841185457243,0.172446949868511,-256.68365413928404,-255.95784366852604,-256.45417717052624,-247.8506268071942,7.877739892574027,-1.0,-0.0198841185457243,0.0,4,0.18596308626226127,0.17620727786206916,0.145609630836647,0.12606761756194657,1.0
chr15:63429062:A:G;chr15:63429086:A:C;var1;middle;OL41|K562|74edc06d991a7283,chr15:63429062:A:G;chr15:63429086:A:C;var1;middle;OL41,K562,K562_region_00632,100,124,24,GGATTCATTTGTTTTATGGTACCATTTTGAGGGGAAAAAAATGTTTCCAGCTTCGTTATGTAGTCTACTGACTTGTTGGGTATAACCATAAACCTGTTTATAATATCCTGACTAAGGCTTTTTAGAGTTACTATGTTTCCAGGAGTAAATATTTCTCTTCTTTATCACTTCTCTGTGTGTTTATGCATGTGTTTAAAATA,77221105798bf5a603d4aa452ee2df62034303743c729c92adc0a21b2984a133,0.0,GGATTCATTTGTTTTATGGTACCATTTTGAGGGGAAAAAAATGTTTCCAGCTTCGTTATGTAGTCTACTGACTTGTTGGGTATAACCATAAACCTGTTTGTAATATCCTGACTAAGGCTTTTTAGAGTTACTATGTTTCCAGGAGTAAATATTTCTCTTCTTTATCACTTCTCTGTGTGTTTATGCATGTGTTTAAAATA,af7bb9f6d56194b3e07a3a7bd3d11c4d21f11911acbd32ff89c29845eeda3cf9,0.0288378761123471,GGATTCATTTGTTTTATGGTACCATTTTGAGGGGAAAAAAATGTTTCCAGCTTCGTTATGTAGTCTACTGACTTGTTGGGTATAACCATAAACCTGTTTATAATATCCTGACTAAGGCTTTTTCGAGTTACTATGTTTCCAGGAGTAAATATTTCTCTTCTTTATCACTTCTCTGTGTGTTTATGCATGTGTTTAAAATA,bfa4ea9b2d84bd6c6d3e07f07b81ee8675c15881d16dd245ff701a429a88f87b,-0.0272165771998264,GGATTCATTTGTTTTATGGTACCATTTTGAGGGGAAAAAAATGTTTCCAGCTTCGTTATGTAGTCTACTGACTTGTTGGGTATAACCATAAACCTGTTTGTAATATCCTGACTAAGGCTTTTTCGAGTTACTATGTTTCCAGGAGTAAATATTTCTCTTCTTTATCACTTCTCTGTGTGTTTATGCATGTGTTTAAAATA,74edc06d991a7283eccdab2331f6efb3b8889c2c3065b5cec6c4e1ee3d87a9e0,0.215013203112277,0.2133919041997563,0.209313778215883,-303.4905636124313,-323.7974607637152,-309.8989646297414,-323.6077443442773,6.598117436747998,-1.0,-0.2133919041997563,0.0,1,0.18907834741695828,0.18216460459877223,0.1501433469024087,0.2241590439450115,1.0
chr15:63449777:G:A;chr15:63449865:G:T;var1;middle;OL41|K562|1252188abe6d92d0,chr15:63449777:G:A;chr15:63449865:G:T;var1;middle;OL41,K562,K562_region_00633,100,188,88,CTCGGCATCAACTTCCGGGATAGAAGCTGCTGGGAGGAGCGGCGGGGCGGGCTTGTCTGCTCTAGGCCCTCCTCTCGGTGGTAGGGGGACGCCGCAGCAGGGTACTCGGGTCCAGGGCGCAGGGAAGACCCGGGGATGGTGAGCGTTCCAGGGTGCCAAGTCCCGTGGGTCTAACGGGCTTGTTGGCGAGCGCCGCGGGC,a8cb72e8554fd6005e4e8e20668ee6bbccc5cf0e3412e445669363b7d097b2e9,0.0,CTCGGCATCAACTTCCGGGATAGAAGCTGCTGGGAGGAGCGGCGGGGCGGGCTTGTCTGCTCTAGGCCCTCCTCTCGGTGGTAGGGGGACGCCGCAGCAAGGTACTCGGGTCCAGGGCGCAGGGAAGACCCGGGGATGGTGAGCGTTCCAGGGTGCCAAGTCCCGTGGGTCTAACGGGCTTGTTGGCGAGCGCCGCGGGC,90612445af241f2fb5b9ec971ed1f3fdcf9c7317c367b89004016dccdeea5649,0.467944939088828,CTCGGCATCAACTTCCGGGATAGAAGCTGCTGGGAGGAGCGGCGGGGCGGGCTTGTCTGCTCTAGGCCCTCCTCTCGGTGGTAGGGGGACGCCGCAGCAGGGTACTCGGGTCCAGGGCGCAGGGAAGACCCGGGGATGGTGAGCGTTCCAGGGTGCCAAGTCCCGTGGGTCTAACGGGCTTGTTGGCTAGCGCCGCGGGC,e7fdda4ab410840de6dc0cccec31f7fb1ea93bd66e8b907b7b142ad5b83df7bb,0.205760090284421,CTCGGCATCAACTTCCGGGATAGAAGCTGCTGGGAGGAGCGGCGGGGCGGGCTTGTCTGCTCTAGGCCCTCCTCTCGGTGGTAGGGGGACGCCGCAGCAAGGTACTCGGGTCCAGGGCGCAGGGAAGACCCGGGGATGGTGAGCGTTCCAGGGTGCCAAGTCCCGTGGGTCTAACGGGCTTGTTGGCTAGCGCCGCGGGC,1252188abe6d92d0ca34dc4c2a340590fad480897e7ffa06486238a9b620036b,0.624186507167095,0.0495185222061539,0.212779421606976,-379.1075456626713,-379.1419328227639,-389.7035820274614,-382.9120148655493,-6.825954322004691,1.0,0.0495185222061539,0.0,1,0.175420161598157,0.18216460459877223,0.1501433469024087,0.01655941676642622,1.0
chr15:63680067:C:T;chr15:63680089:G:A;var1;middle;OL41|K562|7cded43481beb975,chr15:63680067:C:T;chr15:63680089:G:A;var1;middle;OL41,K562,K562_region_00634,100,122,22,CCCATTGATCTGGGTACCAATGTCTGTGTTTTAAAATATAGCCAGTTTTGTAGTTTTATTCACATCTGCGTCTTCCCTTTCACGGTGATGGCTTGGAGGCGTAACCCCTGTGTGAACCCTCGCTGCCCTGCTCAGTTTCAGGCGGGATCAGTTGGAGGACAGTGTGACCTGGAGGAAAGAATGCCAGGCTTCTGACTCTG,ccbc9fcaac979085977c5d90ab6e311d6b22ed09e87c88a310152f6567883ab6,0.0,CCCATTGATCTGGGTACCAATGTCTGTGTTTTAAAATATAGCCAGTTTTGTAGTTTTATTCACATCTGCGTCTTCCCTTTCACGGTGATGGCTTGGAGGTGTAACCCCTGTGTGAACCCTCGCTGCCCTGCTCAGTTTCAGGCGGGATCAGTTGGAGGACAGTGTGACCTGGAGGAAAGAATGCCAGGCTTCTGACTCTG,142122f4f13f3aebb0fec81f2db02a13e1ecc6362bfdc721e30e8b851e97eb06,-0.302976596250689,CCCATTGATCTGGGTACCAATGTCTGTGTTTTAAAATATAGCCAGTTTTGTAGTTTTATTCACATCTGCGTCTTCCCTTTCACGGTGATGGCTTGGAGGCGTAACCCCTGTGTGAACCCTCACTGCCCTGCTCAGTTTCAGGCGGGATCAGTTGGAGGACAGTGTGACCTGGAGGAAAGAATGCCAGGCTTCTGACTCTG,f25d5d9ed2cef1ca6076897c6332303b15cb09798b1339aa8629f50fcd12d335,0.271011178130931,CCCATTGATCTGGGTACCAATGTCTGTGTTTTAAAATATAGCCAGTTTTGTAGTTTTATTCACATCTGCGTCTTCCCTTTCACGGTGATGGCTTGGAGGTGTAACCCCTGTGTGAACCCTCACTGCCCTGCTCAGTTTCAGGCGGGATCAGTTGGAGGACAGTGTGACCTGGAGGAAAGAATGCCAGGCTTCTGACTCTG,7cded43481beb9757236776082f929e812eb6354a9655067253d6e512e1ad89a,-0.337393586418717,0.3054281682989589,0.227057095479238,-306.0243210149929,-305.1685274876654,-287.2788557857275,-292.8291152603924,6.4060530019924045,1.0,0.3054281682989589,0.0,0,0.19400391426543379,0.18565657667894103,0.15145376406925343,0.21169440791680008,1.0
chr15:63682331:C:T;chr15:63682350:C:G;var1;middle;OL41|K562|70b3d23e580fd6f9,chr15:63682331:C:T;chr15:63682350:C:G;var1;middle;OL41,K562,K562_region_00635,100,119,19,ACCAATTGATCTGAGTTGCCTCTCTGGCCAGAAGCCAGCCCTGGCAGGGATCCAACTTCCTCTCAAGCACTGAGAAAGGGCTCAGGTGTATCTGGTGGCCGGCAGAGCAGGTAGTCAGCCAAGGCTTCATAGTTCTCACCCACGGCAATTCAGCTAGCAAACTAGAGACACTTCCCCAAGAAGACACAGCGTGGCAAGAC,1aa57efd3ca12c77dc966487390eeb7cda857ffcaf68b3b0a41212a5fab72344,0.0,ACCAATTGATCTGAGTTGCCTCTCTGGCCAGAAGCCAGCCCTGGCAGGGATCCAACTTCCTCTCAAGCACTGAGAAAGGGCTCAGGTGTATCTGGTGGCTGGCAGAGCAGGTAGTCAGCCAAGGCTTCATAGTTCTCACCCACGGCAATTCAGCTAGCAAACTAGAGACACTTCCCCAAGAAGACACAGCGTGGCAAGAC,ea5fa2b8abb2f042352d4fdd2e2b38dbdbf791c061c878132fe019c193c7ffce,-0.226391522362051,ACCAATTGATCTGAGTTGCCTCTCTGGCCAGAAGCCAGCCCTGGCAGGGATCCAACTTCCTCTCAAGCACTGAGAAAGGGCTCAGGTGTATCTGGTGGCCGGCAGAGCAGGTAGTCAGGCAAGGCTTCATAGTTCTCACCCACGGCAATTCAGCTAGCAAACTAGAGACACTTCCCCAAGAAGACACAGCGTGGCAAGAC,7dd9cfd3275cc8aa68981d63017a93a7f36f7b0d78d4d281a86e0601407934c4,-0.188860096130389,ACCAATTGATCTGAGTTGCCTCTCTGGCCAGAAGCCAGCCCTGGCAGGGATCCAACTTCCTCTCAAGCACTGAGAAAGGGCTCAGGTGTATCTGGTGGCTGGCAGAGCAGGTAGTCAGGCAAGGCTTCATAGTTCTCACCCACGGCAATTCAGCTAGCAAACTAGAGACACTTCCCCAAGAAGACACAGCGTGGCAAGAC,70b3d23e580fd6f935304ac5f658fba989b88e79b400a21a20b005288f9134ac,-0.150739519000415,0.264512099492025,0.36452718903687,-260.7953651994467,-257.31648947298527,-272.1306956689805,-263.05925358086824,5.5925663616508245,-1.0,-0.264512099492025,0.0,3,0.192737461307465,0.18106719778262317,0.1474303780702046,0.24050947393547947,1.0
chr15:63683072:A:G;chr15:63683105:A:G;var1;middle;OL41|K562|c41320b4e54510f4,chr15:63683072:A:G;chr15:63683105:A:G;var1;middle;OL41,K562,K562_region_00636,100,133,33,CCAGTTCGTAGGAAAGAAGTCAATTCAGAGGCAGTGAATGAGAGAAGTCCCATCATAATAGGTCTTATATAACTAGCCGTCAGCAGAAGGGAACTGCTAAAAACTGGGGGAAAGGGCACAGAAAAGTTATGGAAGGAGCAGTGCTAACTTGCTGCAATTGTCCCAACAAGAAGGAAGGTGCAGGGAAATGAAAGATAACT,1a6adf3e438cfc9d0894e263e355190dcb2f0438e70b1fb36d53803b356df58f,0.0,CCAGTTCGTAGGAAAGAAGTCAATTCAGAGGCAGTGAATGAGAGAAGTCCCATCATAATAGGTCTTATATAACTAGCCGTCAGCAGAAGGGAACTGCTAGAAACTGGGGGAAAGGGCACAGAAAAGTTATGGAAGGAGCAGTGCTAACTTGCTGCAATTGTCCCAACAAGAAGGAAGGTGCAGGGAAATGAAAGATAACT,edbbfe3c77bf67a256c0b1efc94e252b1479151853498dd14709241964b073c6,0.0080192881566642,CCAGTTCGTAGGAAAGAAGTCAATTCAGAGGCAGTGAATGAGAGAAGTCCCATCATAATAGGTCTTATATAACTAGCCGTCAGCAGAAGGGAACTGCTAAAAACTGGGGGAAAGGGCACAGAAAAGTTATGGGAGGAGCAGTGCTAACTTGCTGCAATTGTCCCAACAAGAAGGAAGGTGCAGGGAAATGAAAGATAACT,6ad32c14f45b20bd88d51cf24b6f34aa83e9fd6ee693956e5fde37fb9fe58eae,0.384313006132426,CCAGTTCGTAGGAAAGAAGTCAATTCAGAGGCAGTGAATGAGAGAAGTCCCATCATAATAGGTCTTATATAACTAGCCGTCAGCAGAAGGGAACTGCTAGAAACTGGGGGAAAGGGCACAGAAAAGTTATGGGAGGAGCAGTGCTAACTTGCTGCAATTGTCCCAACAAGAAGGAAGGTGCAGGGAAATGAAAGATAACT,c41320b4e54510f424c2844a25318091e8ade79621892e22549afa0b1d9f83e9,0.223948370461157,0.1683839238279332,0.242305113470332,-374.4491941801971,-384.1841010125354,-381.06003341509495,-392.5965134133585,1.8015731659252197,1.0,0.1683839238279332,0.0,3,0.18510169811664795,0.18106719778262317,0.1474303780702046,0.05270781722116438,1.0
chr15:65174438:C:A;chr15:65174494:A:G;var1;middle;OL27|K562|1df7b01467af2927,chr15:65174438:C:A;chr15:65174494:A:G;var1;middle;OL27,K562,K562_region_00637,100,156,56,TGAACCAAACTGACTGGCACCAAAGAAGGGCAAAGGACACTGATGAAACACTCCCAGACACTGGGGCAACGGCTGGCCAGGGCTGGAATATTCTGTGACCCCCACAGGGGAAAACTAAGTGAAATATCTGAAAACATCACAAACATAGACACACTATCACAGCCTCACAGGCAGAAAGGGAACTTACCAGGCATCTGGCC,e499adf5d2140ca8a8f95f1bc787b56986ec8525c48df73be41f3bfd056e85e3,0.0,TGAACCAAACTGACTGGCACCAAAGAAGGGCAAAGGACACTGATGAAACACTCCCAGACACTGGGGCAACGGCTGGCCAGGGCTGGAATATTCTGTGACACCCACAGGGGAAAACTAAGTGAAATATCTGAAAACATCACAAACATAGACACACTATCACAGCCTCACAGGCAGAAAGGGAACTTACCAGGCATCTGGCC,e8ec8a628dcf6b5dbfbc972350ac9c07b1c2da7947650c01756fa034952f599f,0.112245518974809,TGAACCAAACTGACTGGCACCAAAGAAGGGCAAAGGACACTGATGAAACACTCCCAGACACTGGGGCAACGGCTGGCCAGGGCTGGAATATTCTGTGACCCCCACAGGGGAAAACTAAGTGAAATATCTGAAAACATCACAAACATAGACACACTGTCACAGCCTCACAGGCAGAAAGGGAACTTACCAGGCATCTGGCC,a5f2f9f107ba6bb69147baf7b9643ca499ca79256fec50bee121d4a2c2cc4cc2,-0.0641505639202579,TGAACCAAACTGACTGGCACCAAAGAAGGGCAAAGGACACTGATGAAACACTCCCAGACACTGGGGCAACGGCTGGCCAGGGCTGGAATATTCTGTGACACCCACAGGGGAAAACTAAGTGAAATATCTGAAAACATCACAAACATAGACACACTGTCACAGCCTCACAGGCAGAAAGGGAACTTACCAGGCATCTGGCC,1df7b01467af29274e71622731ac3cf4f27c73472ff53f851a762ada52fad713,-0.258247041865229,0.3063419969197801,0.173380618407656,-284.9060088642873,-276.7341282418929,-291.38496152090374,-281.0347343806643,-2.178346517845057,1.0,0.3063419969197801,0.0,4,0.17349945894845967,0.17620727786206916,0.145609630836647,0.1129638502201805,1.0
chr15:65176584:G:A;chr15:65176608:G:A;var1;middle;OL27|K562|90f35ef853ac01b6,chr15:65176584:G:A;chr15:65176608:G:A;var1;middle;OL27,K562,K562_region_00638,100,124,24,GGGCTATGAAGCCACCCTCCTCCCAGGGTTGAGGGGCAGTCAAAATATCCCCAAACCTAATGTGATTTCTCACCTGCCAAGTGGCAGCAGTGTGGCATCGGGGCATAAAAGCTGCTAACAGTGGGGAAAGGCCTGGCCCAGTGCCAAGCAGGCTGTGGGCGTCCCTAGAAGAATGAGCAGCGCAACTACAGCAGGAGTCC,ecd6e3c0a82344260043879c091ef0a4629a7992215c5c4a85ff739063f13e06,0.0,GGGCTATGAAGCCACCCTCCTCCCAGGGTTGAGGGGCAGTCAAAATATCCCCAAACCTAATGTGATTTCTCACCTGCCAAGTGGCAGCAGTGTGGCATCAGGGCATAAAAGCTGCTAACAGTGGGGAAAGGCCTGGCCCAGTGCCAAGCAGGCTGTGGGCGTCCCTAGAAGAATGAGCAGCGCAACTACAGCAGGAGTCC,2220a897e9f168fb5028cc373f90a10f9205850b1878b3cc9ee2393959a7ea1c,0.171196316040554,GGGCTATGAAGCCACCCTCCTCCCAGGGTTGAGGGGCAGTCAAAATATCCCCAAACCTAATGTGATTTCTCACCTGCCAAGTGGCAGCAGTGTGGCATCGGGGCATAAAAGCTGCTAACAGTGAGGAAAGGCCTGGCCCAGTGCCAAGCAGGCTGTGGGCGTCCCTAGAAGAATGAGCAGCGCAACTACAGCAGGAGTCC,6058f2b71d5cd7f1d89d37e7b106ee6b954b89127701b27503bacaa7cddcb076,0.109812347336974,GGGCTATGAAGCCACCCTCCTCCCAGGGTTGAGGGGCAGTCAAAATATCCCCAAACCTAATGTGATTTCTCACCTGCCAAGTGGCAGCAGTGTGGCATCAGGGCATAAAAGCTGCTAACAGTGAGGAAAGGCCTGGCCCAGTGCCAAGCAGGCTGTGGGCGTCCCTAGAAGAATGAGCAGCGCAACTACAGCAGGAGTCC,90f35ef853ac01b6182e6a89941529eaea0d0c3614791c917e503191b1db15a2,-0.174531467540924,0.455540130918452,0.27352755831889,-305.5722998455167,-301.0388088594191,-303.73501871712506,-299.1021386366337,-0.0993890943937572,1.0,0.455540130918452,0.0,0,0.18564839987852674,0.18565657667894103,0.15145376406925343,0.07192685673728257,1.0
chr15:66872266:G:A;chr15:66872325:T:C;var1;middle;OL31|K562|0dce8cce404cb55b,chr15:66872266:G:A;chr15:66872325:T:C;var1;middle;OL31,K562,K562_region_00639,100,159,59,TGGCCTGGCCAGCACCTTTCTTAGGCTCTCTGTTCATTGATGTTTCCCATAGCAATCAGGTAATGATAGTGCTTTTCCTGCTCACCTCTCAGTGTTATTGTCAGACCCGGAATCAGAACTATGTAAATGAAGTCTCTTGGAGGCCTCACAGTGCTCTGTAGGACTGGGAGGGGTTAAGGGTTTTCTCACAGTCTCAGAGC,98de7f817f9f0feddd25c8e6c21c66e46b8b76cf75c8e73dc8d1ca1f8e2d1dab,0.0,TGGCCTGGCCAGCACCTTTCTTAGGCTCTCTGTTCATTGATGTTTCCCATAGCAATCAGGTAATGATAGTGCTTTTCCTGCTCACCTCTCAGTGTTATTATCAGACCCGGAATCAGAACTATGTAAATGAAGTCTCTTGGAGGCCTCACAGTGCTCTGTAGGACTGGGAGGGGTTAAGGGTTTTCTCACAGTCTCAGAGC,556cb0a1476b04f2b77ab6d5c5196079c6d5942b1d01820bea8846257c01a521,0.108210570738357,TGGCCTGGCCAGCACCTTTCTTAGGCTCTCTGTTCATTGATGTTTCCCATAGCAATCAGGTAATGATAGTGCTTTTCCTGCTCACCTCTCAGTGTTATTGTCAGACCCGGAATCAGAACTATGTAAATGAAGTCTCTTGGAGGCCTCACAGTGCTCTGCAGGACTGGGAGGGGTTAAGGGTTTTCTCACAGTCTCAGAGC,2d1eb954170c2342302bd8969d962399310dbde4f5b05bbae777bf8074e6eb0d,0.0358889481904266,TGGCCTGGCCAGCACCTTTCTTAGGCTCTCTGTTCATTGATGTTTCCCATAGCAATCAGGTAATGATAGTGCTTTTCCTGCTCACCTCTCAGTGTTATTATCAGACCCGGAATCAGAACTATGTAAATGAAGTCTCTTGGAGGCCTCACAGTGCTCTGCAGGACTGGGAGGGGTTAAGGGTTTTCTCACAGTCTCAGAGC,0dce8cce404cb55bcad3bf91fd4c9412457017bc3d5a18ecbd74f1a3f9725b68,0.0349406748713873,0.1091588440573963,0.199393350937834,-258.040245950222,-254.14472496509552,-264.9069510102272,-253.75038757920265,-7.261042445898056,1.0,0.1091588440573963,0.0,4,0.16719990808829663,0.17620727786206916,0.145609630836647,0.19975045470346003,1.0
chr15:67370368:C:G;chr15:67370389:A:G;var1;middle;OL29|K562|e4c1126310317b65,chr15:67370368:C:G;chr15:67370389:A:G;var1;middle;OL29,K562,K562_region_00640,100,121,21,TTTAAAGCAGGGGAGTGGCACGGTGAAAGCCACCACTCTATCGTTTCTTGTTTCATTTCCTCCTCTTACCCAGTGGCTGTTAACAGCAGGTTTTCTGCCCGAGTTATCCAGGTCAGAGTCATAATCCCTTACAGTACCATGTGGACAGCTTTAGGCTATGTCTGGAGCAGGTTGAAGATAGTGTTTTGTTCACTGTCAGG,86bd1d67e0687aa6e0e2ac3fad63b9a8a9c0afd4ba735572fbaa3165dc8f8b97,0.0,TTTAAAGCAGGGGAGTGGCACGGTGAAAGCCACCACTCTATCGTTTCTTGTTTCATTTCCTCCTCTTACCCAGTGGCTGTTAACAGCAGGTTTTCTGCCGGAGTTATCCAGGTCAGAGTCATAATCCCTTACAGTACCATGTGGACAGCTTTAGGCTATGTCTGGAGCAGGTTGAAGATAGTGTTTTGTTCACTGTCAGG,8c619f13bd5fee7b5975153c7977d785eda12ad8e10c61bd447ca85ab9e4791a,0.563219686728541,TTTAAAGCAGGGGAGTGGCACGGTGAAAGCCACCACTCTATCGTTTCTTGTTTCATTTCCTCCTCTTACCCAGTGGCTGTTAACAGCAGGTTTTCTGCCCGAGTTATCCAGGTCAGAGTCGTAATCCCTTACAGTACCATGTGGACAGCTTTAGGCTATGTCTGGAGCAGGTTGAAGATAGTGTTTTGTTCACTGTCAGG,283de3f7d4f605db4ee163035f7f6ca3e55fd082e89b7ced79bdefa0fa12578e,0.0780242105150782,TTTAAAGCAGGGGAGTGGCACGGTGAAAGCCACCACTCTATCGTTTCTTGTTTCATTTCCTCCTCTTACCCAGTGGCTGTTAACAGCAGGTTTTCTGCCGGAGTTATCCAGGTCAGAGTCGTAATCCCTTACAGTACCATGTGGACAGCTTTAGGCTATGTCTGGAGCAGGTTGAAGATAGTGTTTTGTTCACTGTCAGG,e4c1126310317b65acc04c4ea67dbb00ed65abccd65643c1bb2081d53904f0c7,0.565792101085556,0.0754517961580631,0.130197585319215,-362.5590689228848,-368.54105876153335,-362.0602958537638,-360.7647729464807,-7.277512745931631,1.0,0.0754517961580631,0.0,3,0.16681473572109737,0.18106719778262317,0.1474303780702046,0.1598927639943605,1.0
chr15:67370368:C:G;chr15:67370445:G:A;var1;middle;OL29|K562|a8457d145e54ea73,chr15:67370368:C:G;chr15:67370445:G:A;var1;middle;OL29,K562,K562_region_00640,100,177,77,TTTAAAGCAGGGGAGTGGCACGGTGAAAGCCACCACTCTATCGTTTCTTGTTTCATTTCCTCCTCTTACCCAGTGGCTGTTAACAGCAGGTTTTCTGCCCGAGTTATCCAGGTCAGAGTCATAATCCCTTACAGTACCATGTGGACAGCTTTAGGCTATGTCTGGAGCAGGTTGAAGATAGTGTTTTGTTCACTGTCAGG,86bd1d67e0687aa6e0e2ac3fad63b9a8a9c0afd4ba735572fbaa3165dc8f8b97,0.0,TTTAAAGCAGGGGAGTGGCACGGTGAAAGCCACCACTCTATCGTTTCTTGTTTCATTTCCTCCTCTTACCCAGTGGCTGTTAACAGCAGGTTTTCTGCCGGAGTTATCCAGGTCAGAGTCATAATCCCTTACAGTACCATGTGGACAGCTTTAGGCTATGTCTGGAGCAGGTTGAAGATAGTGTTTTGTTCACTGTCAGG,8c619f13bd5fee7b5975153c7977d785eda12ad8e10c61bd447ca85ab9e4791a,0.563236867020893,TTTAAAGCAGGGGAGTGGCACGGTGAAAGCCACCACTCTATCGTTTCTTGTTTCATTTCCTCCTCTTACCCAGTGGCTGTTAACAGCAGGTTTTCTGCCCGAGTTATCCAGGTCAGAGTCATAATCCCTTACAGTACCATGTGGACAGCTTTAGGCTATGTCTGGAGCAGGTTGAAAATAGTGTTTTGTTCACTGTCAGG,67edc0b754370de088380226e7a15b43e0b1d2f78a56f1681ea839bdd2cefd80,-0.0350504645364516,TTTAAAGCAGGGGAGTGGCACGGTGAAAGCCACCACTCTATCGTTTCTTGTTTCATTTCCTCCTCTTACCCAGTGGCTGTTAACAGCAGGTTTTCTGCCGGAGTTATCCAGGTCAGAGTCATAATCCCTTACAGTACCATGTGGACAGCTTTAGGCTATGTCTGGAGCAGGTTGAAAATAGTGTTTTGTTCACTGTCAGG,a8457d145e54ea73f9b3fd3866da1e4a7bb0575c16030962186c04ee10ca8525,0.568683997329999,0.0404975948455574,0.130199585171949,-362.5590689228848,-368.54105876153335,-329.9391233632341,-333.3900911724195,2.531022029463145,-1.0,-0.0404975948455574,0.0,3,0.18657094337619268,0.18106719778262317,0.1474303780702046,0.2092148264659822,1.0
chr15:67370389:A:G;chr15:67370445:G:A;var1;middle;OL29|K562|5fc78108be16011f,chr15:67370389:A:G;chr15:67370445:G:A;var1;middle;OL29,K562,K562_region_00640,100,156,56,GGTGAAAGCCACCACTCTATCGTTTCTTGTTTCATTTCCTCCTCTTACCCAGTGGCTGTTAACAGCAGGTTTTCTGCCCGAGTTATCCAGGTCAGAGTCATAATCCCTTACAGTACCATGTGGACAGCTTTAGGCTATGTCTGGAGCAGGTTGAAGATAGTGTTTTGTTCACTGTCAGGAGAGAAGACATGTTGTTCAGC,0ecb434f8c0cd3c31125e4af3047d78025ad59d80b6eda933645f91cd9f532de,0.0,GGTGAAAGCCACCACTCTATCGTTTCTTGTTTCATTTCCTCCTCTTACCCAGTGGCTGTTAACAGCAGGTTTTCTGCCCGAGTTATCCAGGTCAGAGTCGTAATCCCTTACAGTACCATGTGGACAGCTTTAGGCTATGTCTGGAGCAGGTTGAAGATAGTGTTTTGTTCACTGTCAGGAGAGAAGACATGTTGTTCAGC,e3e536caf2c904fe997d720b9565b4db75912cde76d1353e855a30ade2ed6768,0.156012840921106,GGTGAAAGCCACCACTCTATCGTTTCTTGTTTCATTTCCTCCTCTTACCCAGTGGCTGTTAACAGCAGGTTTTCTGCCCGAGTTATCCAGGTCAGAGTCATAATCCCTTACAGTACCATGTGGACAGCTTTAGGCTATGTCTGGAGCAGGTTGAAAATAGTGTTTTGTTCACTGTCAGGAGAGAAGACATGTTGTTCAGC,60c15d9c1c33aefdde958abb40e6225c20ccd7e4314208460cf504fa5af488d0,-0.0198633767551746,GGTGAAAGCCACCACTCTATCGTTTCTTGTTTCATTTCCTCCTCTTACCCAGTGGCTGTTAACAGCAGGTTTTCTGCCCGAGTTATCCAGGTCAGAGTCGTAATCCCTTACAGTACCATGTGGACAGCTTTAGGCTATGTCTGGAGCAGGTTGAAAATAGTGTTTTGTTCACTGTCAGGAGAGAAGACATGTTGTTCAGC,5fc78108be16011ff77a4f0fdd1e4e35b649cd734109aad90e14504f4031c5b4,0.02478064922832,-0.1113688149376114,0.106681187213628,-305.8071170207113,-295.23104408569634,-277.5802183607593,-267.73964831233025,-0.7355028865858912,-1.0,0.1113688149376114,0.0,3,0.1799915565432179,0.18106719778262317,0.1474303780702046,0.17251893883994515,1.0
chr15:68058862:C:T;chr15:68058903:A:G;var1;middle;OL41|K562|0bec332397b3eaba,chr15:68058862:C:T;chr15:68058903:A:G;var1;middle;OL41,K562,K562_region_00641,100,141,41,TAACTGCTTCTTCAGCCCACATTTATATTTTTGAAATATATTTCTCCATCTTGCCAGAACCCATATTTCATAGAGGGCATTTTTGGGAAGTAGCAGCAACTGCTTTACTAGAGTCTCTGAACTCCTCGGGATGACTAGATACTTTCCCTTCCTGTGAGCTACAGTGAAACTGGAGCGCAAATTTACTGTATGCCTCCCTC,3de993d7dbb570ff9a325fad1d848fab6797ad87cd40752acc23f3dda2ae7732,0.0,TAACTGCTTCTTCAGCCCACATTTATATTTTTGAAATATATTTCTCCATCTTGCCAGAACCCATATTTCATAGAGGGCATTTTTGGGAAGTAGCAGCAATTGCTTTACTAGAGTCTCTGAACTCCTCGGGATGACTAGATACTTTCCCTTCCTGTGAGCTACAGTGAAACTGGAGCGCAAATTTACTGTATGCCTCCCTC,e6a6527bc9320d69776ce58e1d9da8851c64fda0b376e59881a61be56b7c616c,-0.245236666458705,TAACTGCTTCTTCAGCCCACATTTATATTTTTGAAATATATTTCTCCATCTTGCCAGAACCCATATTTCATAGAGGGCATTTTTGGGAAGTAGCAGCAACTGCTTTACTAGAGTCTCTGAACTCCTCGGGATGACTAGATGCTTTCCCTTCCTGTGAGCTACAGTGAAACTGGAGCGCAAATTTACTGTATGCCTCCCTC,672e01501d56881c39d76568cf0589007d6c271adadae9483594f09a5e6869a7,-0.416196505215015,TAACTGCTTCTTCAGCCCACATTTATATTTTTGAAATATATTTCTCCATCTTGCCAGAACCCATATTTCATAGAGGGCATTTTTGGGAAGTAGCAGCAATTGCTTTACTAGAGTCTCTGAACTCCTCGGGATGACTAGATGCTTTCCCTTCCTGTGAGCTACAGTGAAACTGGAGCGCAAATTTACTGTATGCCTCCCTC,0bec332397b3eaba61018c73d3c22f034590dd5f17ada5813a76a90a9e3a8948,-0.541501497217475,-0.119931674456245,0.286863740353696,-357.7851351003628,-350.5973410909064,-355.7136243376881,-352.1804059231654,3.6545755949337035,1.0,-0.119931674456245,0.0,0,0.19046994859187874,0.18565657667894103,0.15145376406925343,0.09265128755673695,1.0
chr15:73977271:A:G;chr15:73977336:A:G;var1;middle;OL41|K562|ecc53aa64bbee664,chr15:73977271:A:G;chr15:73977336:A:G;var1;middle;OL41,K562,K562_region_00642,100,165,65,CTGGAGCGGGCATGGGGGCAGATCTGTCCCGTGTTGAAGCTTAACGAAGCCACCGGCCGGCGCTGGGAGGTTAGCGGGGTCTCGGGTCCTGCAGAGGAAAACGCCCAGCTCCGGGAGGGGAGCGGCGGGGAGGGAAGGCGAGTGGTTAGGCGTGTCCACTCTGCAGGGCCCAGCAGGGCGAAGGTGTGGGCGACTGGTGC,d2cd6ee6349b48b270298fd52b6b2b6266ffcb307d8b3ad0abdf7b50319bd72b,0.0,CTGGAGCGGGCATGGGGGCAGATCTGTCCCGTGTTGAAGCTTAACGAAGCCACCGGCCGGCGCTGGGAGGTTAGCGGGGTCTCGGGTCCTGCAGAGGAAGACGCCCAGCTCCGGGAGGGGAGCGGCGGGGAGGGAAGGCGAGTGGTTAGGCGTGTCCACTCTGCAGGGCCCAGCAGGGCGAAGGTGTGGGCGACTGGTGC,a8927acaefc4e6de0cd5aa5740c3b239d1279be836c1bc40c2ba970425e6b403,-0.218815931342709,CTGGAGCGGGCATGGGGGCAGATCTGTCCCGTGTTGAAGCTTAACGAAGCCACCGGCCGGCGCTGGGAGGTTAGCGGGGTCTCGGGTCCTGCAGAGGAAAACGCCCAGCTCCGGGAGGGGAGCGGCGGGGAGGGAAGGCGAGTGGTTAGGCGTGTCCACTCTGCGGGGCCCAGCAGGGCGAAGGTGTGGGCGACTGGTGC,73a7553b3e9a0f106a0c994517f850f209b065dd7f9cbbb6adebac7e13f040f2,0.102387361810938,CTGGAGCGGGCATGGGGGCAGATCTGTCCCGTGTTGAAGCTTAACGAAGCCACCGGCCGGCGCTGGGAGGTTAGCGGGGTCTCGGGTCCTGCAGAGGAAGACGCCCAGCTCCGGGAGGGGAGCGGCGGGGAGGGAAGGCGAGTGGTTAGGCGTGTCCACTCTGCGGGGCCCAGCAGGGCGAAGGTGTGGGCGACTGGTGC,ecc53aa64bbee66456cb39ad039421f8f7e1a7205f52c4d974c99ed4aa7b6b90,-0.389851565059588,0.273422995527817,0.318708696138814,-288.7263196045533,-283.7707740915939,-299.6847977610305,-294.1787061439827,-0.5505461040884256,1.0,0.273422995527817,0.0,2,0.17439282872985729,0.17490732828716207,0.146091925319964,0.16314548429428363,1.0
chr15:75287746:C:T;chr15:75287822:C:A;var1;middle;OL41|K562|5e0cd343afac6f6b,chr15:75287746:C:T;chr15:75287822:C:A;var1;middle;OL41,K562,K562_region_00643,100,176,76,GGGTCTCTTCCTTCCACCTACACGCCAGGCTCTTGTCCCTGAGGTGCCCGTCAACCACCTGATCCGGCCGGGGCCCGGGAACTAGCACCTCGGACAGCTCCTGGAAGATGCCGGGGCGGCCGGGTCGTCCTTCTCGCGAGCTCAGGAGGAGCAGCCTTAGGAGCAGAGCGGAAGTCTCGCGAGAGTGACTGCTGCAGGCA,f502be006ae344a06d23e656e2ac023b1bf782cdb29c4b486dc0e0b236095371,0.0,GGGTCTCTTCCTTCCACCTACACGCCAGGCTCTTGTCCCTGAGGTGCCCGTCAACCACCTGATCCGGCCGGGGCCCGGGAACTAGCACCTCGGACAGCTTCTGGAAGATGCCGGGGCGGCCGGGTCGTCCTTCTCGCGAGCTCAGGAGGAGCAGCCTTAGGAGCAGAGCGGAAGTCTCGCGAGAGTGACTGCTGCAGGCA,a4ffd52fc6f069c467d6dcef7ce8152d048934a7a09ebc9bd8fe1ae7c9c9aabb,2.27400872651424,GGGTCTCTTCCTTCCACCTACACGCCAGGCTCTTGTCCCTGAGGTGCCCGTCAACCACCTGATCCGGCCGGGGCCCGGGAACTAGCACCTCGGACAGCTCCTGGAAGATGCCGGGGCGGCCGGGTCGTCCTTCTCGCGAGCTCAGGAGGAGCAGCCTTAGGAGCAGAGCGGAAGTATCGCGAGAGTGACTGCTGCAGGCA,40494e2d42350fd7a896e06a4f9e1c25e0917a33ce0e127334533abc0f68a14d,-0.154296902140738,GGGTCTCTTCCTTCCACCTACACGCCAGGCTCTTGTCCCTGAGGTGCCCGTCAACCACCTGATCCGGCCGGGGCCCGGGAACTAGCACCTCGGACAGCTTCTGGAAGATGCCGGGGCGGCCGGGTCGTCCTTCTCGCGAGCTCAGGAGGAGCAGCCTTAGGAGCAGAGCGGAAGTATCGCGAGAGTGACTGCTGCAGGCA,5e0cd343afac6f6b403679d7790a218a206a643f5db52f51d7f80c863f5a32ff,2.28455175364094,0.1648399292674378,0.284967768772399,-308.5605201413855,-303.58313616900705,-319.6535840127617,-312.4254616277758,2.250738412607461,-1.0,-0.1648399292674378,0.0,3,0.18600640020397366,0.18106719778262317,0.1474303780702046,0.06391548490165996,1.0
chr15:75321910:C:T;chr15:75321999:G:A;var1;middle;OL41|K562|614d2063667875d5,chr15:75321910:C:T;chr15:75321999:G:A;var1;middle;OL41,K562,K562_region_00644,100,189,89,GCTTACTCACAGATGACCACGTGGTCACATCAGCTGGGGCTGGGCTGGGAAGTGTTTCACTTTTTTACTTTCCACCAACTTCCACCCAGAAAGTCACCCCATCACCCCACCCCCAGGGCTGGGATAAGCCATGAAGCTGCCAGCCAGGGATGACAGCCAGGCCAGAGTGGGGGAGGGAGGAGAGTCTCGTGGCACTCTGA,bc0434f4e6c4f824bbdabee962e2ca6677edc0230227de1a1ee80590d2d92a44,0.0,GCTTACTCACAGATGACCACGTGGTCACATCAGCTGGGGCTGGGCTGGGAAGTGTTTCACTTTTTTACTTTCCACCAACTTCCACCCAGAAAGTCACCCTATCACCCCACCCCCAGGGCTGGGATAAGCCATGAAGCTGCCAGCCAGGGATGACAGCCAGGCCAGAGTGGGGGAGGGAGGAGAGTCTCGTGGCACTCTGA,b69c3129e3cd72c196441e34136a1fed5d4e16e9604ef5d03c796aa9ef252be6,-0.0803970393233064,GCTTACTCACAGATGACCACGTGGTCACATCAGCTGGGGCTGGGCTGGGAAGTGTTTCACTTTTTTACTTTCCACCAACTTCCACCCAGAAAGTCACCCCATCACCCCACCCCCAGGGCTGGGATAAGCCATGAAGCTGCCAGCCAGGGATGACAGCCAGGCCAGAGTGGGGGAGGGAGGAGAGTCTCATGGCACTCTGA,80b5580f277a26e6abb83bc1f4dbd9b7711f95b5220329c8416657dfcd4276cb,-0.47694229485854,GCTTACTCACAGATGACCACGTGGTCACATCAGCTGGGGCTGGGCTGGGAAGTGTTTCACTTTTTTACTTTCCACCAACTTCCACCCAGAAAGTCACCCTATCACCCCACCCCCAGGGCTGGGATAAGCCATGAAGCTGCCAGCCAGGGATGACAGCCAGGCCAGAGTGGGGGAGGGAGGAGAGTCTCATGGCACTCTGA,614d2063667875d5facc410228b0892b25992ef5d829ed14db726bbbdd2ebfdb,-0.557558945376755,0.0002196111949085,0.261437186213326,-260.3526564361528,-270.83300652261823,-257.9966929424554,-265.8770828419365,-2.599960186984333,1.0,0.0002196111949085,0.0,1,0.17971985651953123,0.18216460459877223,0.1501433469024087,0.12166804722886568,1.0
chr15:77335891:C:T;chr15:77335902:A:G;var1;middle;OL41|K562|8824bad48a2162b8,chr15:77335891:C:T;chr15:77335902:A:G;var1;middle;OL41,K562,K562_region_00645,100,111,11,GCATTGTGTGCCTCGAGATGCGATGCCCTGAGAGGCCGCGTGACGCAGGTAGTGGTTCAGCCACCTGGAATGCAAAACCAAATCTAATCACGAGGAAATCGCAGACAAACACAGATAAGCAGCACCACCTAAAACGAACTGTATCCTTACAAACTGTTCCTATCATCACAGACAAAGCTATGGAAATGATCCAGATTAAA,f30ab6b48feeb4612eb11048be89ecca264072b9c0bb6b79c2f914440bd27695,0.0,GCATTGTGTGCCTCGAGATGCGATGCCCTGAGAGGCCGCGTGACGCAGGTAGTGGTTCAGCCACCTGGAATGCAAAACCAAATCTAATCACGAGGAAATTGCAGACAAACACAGATAAGCAGCACCACCTAAAACGAACTGTATCCTTACAAACTGTTCCTATCATCACAGACAAAGCTATGGAAATGATCCAGATTAAA,396434672b80450db4e70852a038e00a5fdd49e8f19013fc8c1f1b43234a4d13,1.4115829739506,GCATTGTGTGCCTCGAGATGCGATGCCCTGAGAGGCCGCGTGACGCAGGTAGTGGTTCAGCCACCTGGAATGCAAAACCAAATCTAATCACGAGGAAATCGCAGACAAACGCAGATAAGCAGCACCACCTAAAACGAACTGTATCCTTACAAACTGTTCCTATCATCACAGACAAAGCTATGGAAATGATCCAGATTAAA,50456728cfa5ab5e42167779fc565856c48380c69021d5bcb09a3a694c3ea448,0.392474016812378,GCATTGTGTGCCTCGAGATGCGATGCCCTGAGAGGCCGCGTGACGCAGGTAGTGGTTCAGCCACCTGGAATGCAAAACCAAATCTAATCACGAGGAAATTGCAGACAAACGCAGATAAGCAGCACCACCTAAAACGAACTGTATCCTTACAAACTGTTCCTATCATCACAGACAAAGCTATGGAAATGATCCAGATTAAA,8824bad48a2162b866e7d154d889233b5193622ed217d8c1e6ae280bfeedf512,0.785938957474988,1.01811803328799,0.407552807236616,-358.4423138219863,-362.046173915267,-365.6705225855112,-371.0303460923024,1.7559634135105284,1.0,1.01811803328799,0.0,2,0.17775129307296955,0.17490732828716207,0.146091925319964,0.16196288231201103,1.0
chr15:77833064:C:T;chr15:77833110:A:C;var1;middle;OL41|K562|d66b65862d64bfd1,chr15:77833064:C:T;chr15:77833110:A:C;var1;middle;OL41,K562,K562_region_00646,100,146,46,ATCGAGCCCCCATCAGCCACTGGTGCCTGCTGTGTGAGGCCCCAGATATCACAAAACAGATACAAACCGCCTCTTCTGTGCCCTGTCCGATGCCTGACCCGCAGACTCCATGAACAGAAGAAAATGGTCAGTGTTTTGTGCCACTATATTTTGGGGTGGTTTCTTGCACAACAATGGTAGTTGCAGGCAGAAAGGGAACT,c0fd899821035f0ea7d303b74982bf1e0bc78fae8930e9161e0c10c1c637dc2c,0.0,ATCGAGCCCCCATCAGCCACTGGTGCCTGCTGTGTGAGGCCCCAGATATCACAAAACAGATACAAACCGCCTCTTCTGTGCCCTGTCCGATGCCTGACCTGCAGACTCCATGAACAGAAGAAAATGGTCAGTGTTTTGTGCCACTATATTTTGGGGTGGTTTCTTGCACAACAATGGTAGTTGCAGGCAGAAAGGGAACT,7faf6a76eaced7bc03b72f7e21038e806bc335444f4c4945c06ffd209af527eb,-0.0566931596948152,ATCGAGCCCCCATCAGCCACTGGTGCCTGCTGTGTGAGGCCCCAGATATCACAAAACAGATACAAACCGCCTCTTCTGTGCCCTGTCCGATGCCTGACCCGCAGACTCCATGAACAGAAGAAAATGGTCAGTGTTTTGTGCCACTCTATTTTGGGGTGGTTTCTTGCACAACAATGGTAGTTGCAGGCAGAAAGGGAACT,ff8b3d91492f12806ed80cc5c80558f0f64c5b40c122811fc89cdcffc5926a4b,-0.314494304029956,ATCGAGCCCCCATCAGCCACTGGTGCCTGCTGTGTGAGGCCCCAGATATCACAAAACAGATACAAACCGCCTCTTCTGTGCCCTGTCCGATGCCTGACCTGCAGACTCCATGAACAGAAGAAAATGGTCAGTGTTTTGTGCCACTCTATTTTGGGGTGGTTTCTTGCACAACAATGGTAGTTGCAGGCAGAAAGGGAACT,d66b65862d64bfd16e9f4adff71a4fe8b0199255307d64df5144995cde26729e,-0.229780604821536,0.1414068589032351,0.265174975395658,-358.1100674283225,-358.02235070918687,-351.79763259156607,-349.6385989775881,2.0713168948423117,-1.0,-0.1414068589032351,0.0,0,0.18843642947806505,0.18565657667894103,0.15145376406925343,0.20237414823858607,1.0
chr15:78200400:A:G;chr15:78200422:C:T;var1;middle;OL41|K562|f31adca879c28260,chr15:78200400:A:G;chr15:78200422:C:T;var1;middle;OL41,K562,K562_region_00647,100,122,22,GCCTCGGTGTGCGGGTGAGCTTCCGCGTTGTGACTCTGCCCATGTGTGTGCTTCAGTGTGCTGAGTGGCTGCACGCCCCAGATCTGTGCTGCACGTGCCAGCCAGTGAGGGTGCTGGGCACCGGGAGGTGGCGGGGAAGGAGGCGTATGTGTGTTGTGGACATGTGTGTTAGCGTGTGCATGCCGGCTGTGGGGCCTCAC,db7ea760efbae2f514911da487d7bd6e78c570ab2b5a22ac4dfcd68804fcf196,0.0,GCCTCGGTGTGCGGGTGAGCTTCCGCGTTGTGACTCTGCCCATGTGTGTGCTTCAGTGTGCTGAGTGGCTGCACGCCCCAGATCTGTGCTGCACGTGCCGGCCAGTGAGGGTGCTGGGCACCGGGAGGTGGCGGGGAAGGAGGCGTATGTGTGTTGTGGACATGTGTGTTAGCGTGTGCATGCCGGCTGTGGGGCCTCAC,343f0ccec5e510cc32ead44dffc83dcca325a64abb3ac021fa6dda1b76615aac,0.264846262697724,GCCTCGGTGTGCGGGTGAGCTTCCGCGTTGTGACTCTGCCCATGTGTGTGCTTCAGTGTGCTGAGTGGCTGCACGCCCCAGATCTGTGCTGCACGTGCCAGCCAGTGAGGGTGCTGGGCACTGGGAGGTGGCGGGGAAGGAGGCGTATGTGTGTTGTGGACATGTGTGTTAGCGTGTGCATGCCGGCTGTGGGGCCTCAC,cd95a50ace39dffaa989262293205c08e33eefe8678a67663c9bc7ed6b8873ad,0.0967948968013706,GCCTCGGTGTGCGGGTGAGCTTCCGCGTTGTGACTCTGCCCATGTGTGTGCTTCAGTGTGCTGAGTGGCTGCACGCCCCAGATCTGTGCTGCACGTGCCGGCCAGTGAGGGTGCTGGGCACTGGGAGGTGGCGGGGAAGGAGGCGTATGTGTGTTGTGGACATGTGTGTTAGCGTGTGCATGCCGGCTGTGGGGCCTCAC,f31adca879c28260ad6a9c8a30a0fb03fd04c5387d83e715c91a3a48705aee91,0.671681251749527,-0.3100400922504324,0.159613196009504,-233.7470228746533,-236.9614701345563,-230.0830412954092,-233.5874457284808,0.28995717316860237,1.0,-0.3100400922504324,0.0,4,0.1765587024798399,0.17620727786206916,0.145609630836647,0.23599618023125274,1.0
chr15:78211148:C:T;chr15:78211171:A:G;var1;middle;OL41|K562|47553872e1fe1f92,chr15:78211148:C:T;chr15:78211171:A:G;var1;middle;OL41,K562,K562_region_00648,100,123,23,GAAACAAAGGCCTGGAGGGATAGGGATGAGTGCAGGCTCCCCAGGTGGGGCAACCCACCAGATCCTCGAAGCTGCACTGTGGCTCGGCCAGCTGCTTGTCGAGCTTGTGGTTCTGGAAGAGCACGAGCCTCTCCTCCTGCTTTTGTAGCCTGTCCTCCTTCTTCCACAGCCTCTCCTCCTGGTCCCACAGCCTCTTTTCC,8308593dca7b5c95eba0a48bd5520f14f7cd16c041fea1fe1488c1516e12fe3c,0.0,GAAACAAAGGCCTGGAGGGATAGGGATGAGTGCAGGCTCCCCAGGTGGGGCAACCCACCAGATCCTCGAAGCTGCACTGTGGCTCGGCCAGCTGCTTGTTGAGCTTGTGGTTCTGGAAGAGCACGAGCCTCTCCTCCTGCTTTTGTAGCCTGTCCTCCTTCTTCCACAGCCTCTCCTCCTGGTCCCACAGCCTCTTTTCC,752c215a01d1e745b71846a8c2bac517f077d44bf7d8560b3c3411bd8dde3e07,-0.0748239799344534,GAAACAAAGGCCTGGAGGGATAGGGATGAGTGCAGGCTCCCCAGGTGGGGCAACCCACCAGATCCTCGAAGCTGCACTGTGGCTCGGCCAGCTGCTTGTCGAGCTTGTGGTTCTGGAAGAGCGCGAGCCTCTCCTCCTGCTTTTGTAGCCTGTCCTCCTTCTTCCACAGCCTCTCCTCCTGGTCCCACAGCCTCTTTTCC,ff4ca8823d4ddf49d52963c2c080f38645a3d0250bd69f92d648fdeb640c79ea,0.20088636132566,GAAACAAAGGCCTGGAGGGATAGGGATGAGTGCAGGCTCCCCAGGTGGGGCAACCCACCAGATCCTCGAAGCTGCACTGTGGCTCGGCCAGCTGCTTGTTGAGCTTGTGGTTCTGGAAGAGCGCGAGCCTCTCCTCCTGCTTTTGTAGCCTGTCCTCCTTCTTCCACAGCCTCTCCTCCTGGTCCCACAGCCTCTTTTCC,47553872e1fe1f9227f1a6476b64322ca15875a73232e98eefa2795c3b59cf4f,-0.220731821559967,0.3467942029511736,0.250697835410899,-234.0211913632229,-223.32693264074624,-250.9718455551192,-235.54381066188216,-4.733776170760393,1.0,0.3467942029511736,0.0,0,0.17969604686126012,0.18565657667894103,0.15145376406925343,0.12855881361931498,1.0
chr15:78237027:G:A;chr15:78237071:C:A;var1;middle;OL41|K562|31d4adde630af0af,chr15:78237027:G:A;chr15:78237071:C:A;var1;middle;OL41,K562,K562_region_00649,100,144,44,GAATTTCTTTTTCCGGTCCGACAGGGTCAACTGAGTCGACGATCACTTGACTTGGACTAACGGCCTCTGGGAGGGCGGGGCCTGCTCGAGTGAGGCCGGGAGCGGACCGCAGCCCGCTGGAGGTGCCGGGGGCGAAATGCTGGCGTCTCCTCCTCCGTCTCCCAGAATCCTTCCCTGGAAAAAAACAGCATCCACCGTCA,0d926efcdda204490bddc84fe5873771e6ae25076168e12f5342d0fe672a229e,0.0,GAATTTCTTTTTCCGGTCCGACAGGGTCAACTGAGTCGACGATCACTTGACTTGGACTAACGGCCTCTGGGAGGGCGGGGCCTGCTCGAGTGAGGCCGGAAGCGGACCGCAGCCCGCTGGAGGTGCCGGGGGCGAAATGCTGGCGTCTCCTCCTCCGTCTCCCAGAATCCTTCCCTGGAAAAAAACAGCATCCACCGTCA,d493fe5d0839722e266c4325a8cd54e2a360df259393bcc3fbae55ca18b42b64,1.79444334849779,GAATTTCTTTTTCCGGTCCGACAGGGTCAACTGAGTCGACGATCACTTGACTTGGACTAACGGCCTCTGGGAGGGCGGGGCCTGCTCGAGTGAGGCCGGGAGCGGACCGCAGCCCGCTGGAGGTGCCGGGGGCGAAATGCTGGAGTCTCCTCCTCCGTCTCCCAGAATCCTTCCCTGGAAAAAAACAGCATCCACCGTCA,72c35ca97f950de12fc95a1e519236315710b5fd084119975a8a71400b4239af,0.383350419816933,GAATTTCTTTTTCCGGTCCGACAGGGTCAACTGAGTCGACGATCACTTGACTTGGACTAACGGCCTCTGGGAGGGCGGGGCCTGCTCGAGTGAGGCCGGAAGCGGACCGCAGCCCGCTGGAGGTGCCGGGGGCGAAATGCTGGAGTCTCCTCCTCCGTCTCCCAGAATCCTTCCCTGGAAAAAAACAGCATCCACCGTCA,31d4adde630af0af2c8ce4b66b457162813b0c1b42bf1ab103537b8454e18d34,2.06445869863202,0.1133350696827029,0.161738008818837,-382.7145922435448,-394.4614341763081,-391.8547227495583,-398.5134613217088,-5.088103360612763,1.0,0.1133350696827029,0.0,2,0.1677857784946035,0.17490732828716207,0.146091925319964,-0.021178597742221833,1.0
chr15:78423433:G:A;chr15:78423479:T:C;var1;middle;OL41|K562|e6bcc0eea0da5cbc,chr15:78423433:G:A;chr15:78423479:T:C;var1;middle;OL41,K562,K562_region_00650,100,146,46,TGAGGCACGGCGAGGGGAAGTCACCGGCCCAAGGTCACGCGTCGAGCTGAAGGCAGAGGCAGGGTTTGAACCTGGGAGAGCTGGCTCTCGGGAGGCCTCGGCCAGCGACCGAGAAAAGGGAGGGGCGGCGGGGCGGCGGGGCCTGTGTTGGGGGCCGGGCGCGCCGAGCTCACCTGGTAGTTGTCTAGCTGCTCTTCGGT,bc7f6c362dfef83c791ad2128ec8365ff1de2d02fbd025876c35d654138221fe,0.0,TGAGGCACGGCGAGGGGAAGTCACCGGCCCAAGGTCACGCGTCGAGCTGAAGGCAGAGGCAGGGTTTGAACCTGGGAGAGCTGGCTCTCGGGAGGCCTCAGCCAGCGACCGAGAAAAGGGAGGGGCGGCGGGGCGGCGGGGCCTGTGTTGGGGGCCGGGCGCGCCGAGCTCACCTGGTAGTTGTCTAGCTGCTCTTCGGT,760c0aefe16ef59f2d2561954da02a9da8cdd2b13b3aab2b079ffc8d645ee7f8,-0.0011394844438831,TGAGGCACGGCGAGGGGAAGTCACCGGCCCAAGGTCACGCGTCGAGCTGAAGGCAGAGGCAGGGTTTGAACCTGGGAGAGCTGGCTCTCGGGAGGCCTCGGCCAGCGACCGAGAAAAGGGAGGGGCGGCGGGGCGGCGGGGCCTGCGTTGGGGGCCGGGCGCGCCGAGCTCACCTGGTAGTTGTCTAGCTGCTCTTCGGT,0d581400a9725ae4b4d344a4cd4e1a220d06ca423a01f0a4704b9ed745f5ae4d,0.503794473429103,TGAGGCACGGCGAGGGGAAGTCACCGGCCCAAGGTCACGCGTCGAGCTGAAGGCAGAGGCAGGGTTTGAACCTGGGAGAGCTGGCTCTCGGGAGGCCTCAGCCAGCGACCGAGAAAAGGGAGGGGCGGCGGGGCGGCGGGGCCTGCGTTGGGGGCCGGGCGCGCCGAGCTCACCTGGTAGTTGTCTAGCTGCTCTTCGGT,e6bcc0eea0da5cbcb51d1a02d89536f139987a7deaeb8df1e14dbeb3dd5e2136,0.589520033187959,0.0868650442027391,0.2038137341968,-197.36864131689072,-198.48963812552392,-195.88032520003617,-197.13593102432787,-0.1346090156584978,-1.0,-0.0868650442027391,0.0,4,0.17603249034008547,0.17620727786206916,0.145609630836647,-0.010332692450964492,1.0
chr15:79230969:A:G;chr15:79231046:G:T;var1;middle;OL41|K562|f6ad95240c9e779a,chr15:79230969:A:G;chr15:79231046:G:T;var1;middle;OL41,K562,K562_region_00651,100,177,77,TATGCTTGGCTTATTTCACTAAACATAATGACCTCCAGTTCCATCCATGTTGCTGCAAATGACAGAATTTCATTCTTTGTTATGGCTGAATAATATTCCATTGTGTACATACACCACATTTGCTTTACCCATTGATAGGCACTTAGGTTGATTCCATATCTTGGCTATTGTGACTAGTTCTGCAATAAACATGAGGGTGC,3bb9a264ea7183f46ffe906c2fad8ea4151cb0cf106c4252f75c38968db181c1,0.0,TATGCTTGGCTTATTTCACTAAACATAATGACCTCCAGTTCCATCCATGTTGCTGCAAATGACAGAATTTCATTCTTTGTTATGGCTGAATAATATTCCGTTGTGTACATACACCACATTTGCTTTACCCATTGATAGGCACTTAGGTTGATTCCATATCTTGGCTATTGTGACTAGTTCTGCAATAAACATGAGGGTGC,206952771e65a6c2bbd302f7375541697b5cecec0e1acc104d6eabd9838fb4df,0.0914957192926523,TATGCTTGGCTTATTTCACTAAACATAATGACCTCCAGTTCCATCCATGTTGCTGCAAATGACAGAATTTCATTCTTTGTTATGGCTGAATAATATTCCATTGTGTACATACACCACATTTGCTTTACCCATTGATAGGCACTTAGGTTGATTCCATATCTTGGCTATTGTGACTATTTCTGCAATAAACATGAGGGTGC,0d6208b4b3068eae342b9fbbe3e99a5225cad22de90cdd4f3fea4b8447a7a57a,0.268649126632687,TATGCTTGGCTTATTTCACTAAACATAATGACCTCCAGTTCCATCCATGTTGCTGCAAATGACAGAATTTCATTCTTTGTTATGGCTGAATAATATTCCGTTGTGTACATACACCACATTTGCTTTACCCATTGATAGGCACTTAGGTTGATTCCATATCTTGGCTATTGTGACTATTTCTGCAATAAACATGAGGGTGC,f6ad95240c9e779a9da8ef996c483a331bb2b23bdde8724bf2855e9acace408c,-0.120595679082993,0.4807405250083322,0.328317354046665,-120.36197032267228,-124.17773265903816,-122.7270253098104,-126.23228619992732,-0.3105014462489777,1.0,0.4807405250083322,0.0,0,0.1853772496220115,0.18565657667894103,0.15145376406925343,0.28803378087069154,1.0
chr15:79237180:C:A;chr15:79237247:C:G;var1;middle;OL41|K562|03ed3fef6e10aee2,chr15:79237180:C:A;chr15:79237247:C:G;var1;middle;OL41,K562,K562_region_00652,100,167,67,CCCTCCCCGTGCCAGCACGCAGAGTTCCTGGCCTCTCACCGGGGAAAGCTCTGCCCCGTTCCTCCGGAGCCCAGTGCGCCCCTGGCCAAGTTCTCCCAGCGTCCACTCTAGGGCCTGCTAGCACCCTCTCGGGCGGCGCGCCCTCTGCGTACCTAAGGAGTTCACGCACAGTTCGGCGGCACCGCAGACGGGGACTCCCA,bd554656088eda62c98461e382b18524d9a4889df4c2d1e8309b031dbf631c3b,0.0,CCCTCCCCGTGCCAGCACGCAGAGTTCCTGGCCTCTCACCGGGGAAAGCTCTGCCCCGTTCCTCCGGAGCCCAGTGCGCCCCTGGCCAAGTTCTCCCAGAGTCCACTCTAGGGCCTGCTAGCACCCTCTCGGGCGGCGCGCCCTCTGCGTACCTAAGGAGTTCACGCACAGTTCGGCGGCACCGCAGACGGGGACTCCCA,83678209de9312fea8eb073b7b8214651b7ec9e246398dc5a48677d6404f7513,-0.512691216984269,CCCTCCCCGTGCCAGCACGCAGAGTTCCTGGCCTCTCACCGGGGAAAGCTCTGCCCCGTTCCTCCGGAGCCCAGTGCGCCCCTGGCCAAGTTCTCCCAGCGTCCACTCTAGGGCCTGCTAGCACCCTCTCGGGCGGCGCGCCCTCTGCGTACCTAAGGAGTTCACGGACAGTTCGGCGGCACCGCAGACGGGGACTCCCA,23a5ccb87ac4e2850dbf210972b4c88fafcbd09fecfb9ac37c244c9fe966915e,-0.260399531951463,CCCTCCCCGTGCCAGCACGCAGAGTTCCTGGCCTCTCACCGGGGAAAGCTCTGCCCCGTTCCTCCGGAGCCCAGTGCGCCCCTGGCCAAGTTCTCCCAGAGTCCACTCTAGGGCCTGCTAGCACCCTCTCGGGCGGCGCGCCCTCTGCGTACCTAAGGAGTTCACGGACAGTTCGGCGGCACCGCAGACGGGGACTCCCA,03ed3fef6e10aee2a21f27ca6328d8ab434c32bed019da4ee54d28e0002ba316,-0.534440403048549,-0.2386503458871829,0.415533057534022,-375.2068950142712,-372.2485271578189,-361.4616128974594,-363.8476731511764,5.344428110169304,1.0,-0.2386503458871829,0.0,1,0.18780279391209154,0.18216460459877223,0.1501433469024087,0.25358119193300915,1.0
chr15:79237247:C:G;chr15:79237293:C:T;var1;middle;OL41|K562|7bd9f651e79f9e25,chr15:79237247:C:G;chr15:79237293:C:T;var1;middle;OL41,K562,K562_region_00652,100,146,46,AGCCCAGTGCGCCCCTGGCCAAGTTCTCCCAGCGTCCACTCTAGGGCCTGCTAGCACCCTCTCGGGCGGCGCGCCCTCTGCGTACCTAAGGAGTTCACGCACAGTTCGGCGGCACCGCAGACGGGGACTCCCAGGAGCCAGGCCCCGGCGCAGAGCAGCGGCAGCGTGGCCCACATCGCAGCGCTGGCGGCTTGGCTCTT,04080a33ba45ede552e54612695c6bafbd81328d547549c7cf99289f9cd9ed44,0.0,AGCCCAGTGCGCCCCTGGCCAAGTTCTCCCAGCGTCCACTCTAGGGCCTGCTAGCACCCTCTCGGGCGGCGCGCCCTCTGCGTACCTAAGGAGTTCACGGACAGTTCGGCGGCACCGCAGACGGGGACTCCCAGGAGCCAGGCCCCGGCGCAGAGCAGCGGCAGCGTGGCCCACATCGCAGCGCTGGCGGCTTGGCTCTT,9201bafd1980793498da3d674121c627be7a47324b1e524cad6d520e2df609a4,0.112459359028653,AGCCCAGTGCGCCCCTGGCCAAGTTCTCCCAGCGTCCACTCTAGGGCCTGCTAGCACCCTCTCGGGCGGCGCGCCCTCTGCGTACCTAAGGAGTTCACGCACAGTTCGGCGGCACCGCAGACGGGGACTCCCAGGAGCCAGGCCCTGGCGCAGAGCAGCGGCAGCGTGGCCCACATCGCAGCGCTGGCGGCTTGGCTCTT,580c48d0fc02029e5c4934a6c5c8c5b3e32bfe4343fe1c9eb1f5f60fd0997fc9,-0.528887616294601,AGCCCAGTGCGCCCCTGGCCAAGTTCTCCCAGCGTCCACTCTAGGGCCTGCTAGCACCCTCTCGGGCGGCGCGCCCTCTGCGTACCTAAGGAGTTCACGGACAGTTCGGCGGCACCGCAGACGGGGACTCCCAGGAGCCAGGCCCTGGCGCAGAGCAGCGGCAGCGTGGCCCACATCGCAGCGCTGGCGGCTTGGCTCTT,7bd9f651e79f9e253194da91f7527b4961854a57bf15f992e7460d8bedf36def,-0.172560073022289,0.243868184243659,0.546963109816618,-360.9001289247535,-364.2879270482808,-321.0797664206475,-319.6928812772967,4.774683266878128,-1.0,-0.243868184243659,0.0,1,0.18722311279306736,0.18216460459877223,0.1501433469024087,0.22613401352739965,1.0
chr15:80191280:T:A;chr15:80191338:A:G;var1;middle;OL28|K562|13f480b289f02db1,chr15:80191280:T:A;chr15:80191338:A:G;var1;middle;OL28,K562,K562_region_00653,100,158,58,ATATAGAGAAAAATACATACAATTTATTCATTAAATAGGGACAAAATTTCTGTAACTCTGGAAGGTCAAGTTACATCATCAAAGTTGTTTATTTAAAAGTAGAAGTATGTGTTGGCAATCGTTTTCGTAAGAGTCAGAAAAATTAGGCCGGTTTCACAATATGGAGTGTCCTTTCTGGTCAACAGTATTGCTTCAGGACA,ac3f5c1165a772db5086ca663950504909145d3229bae2ee36fa540c00925335,0.0,ATATAGAGAAAAATACATACAATTTATTCATTAAATAGGGACAAAATTTCTGTAACTCTGGAAGGTCAAGTTACATCATCAAAGTTGTTTATTTAAAAGAAGAAGTATGTGTTGGCAATCGTTTTCGTAAGAGTCAGAAAAATTAGGCCGGTTTCACAATATGGAGTGTCCTTTCTGGTCAACAGTATTGCTTCAGGACA,fb8b954bc4d3416228512577484a597186a168ea6f6126edbfe27cf2e63c151c,0.0728240890329084,ATATAGAGAAAAATACATACAATTTATTCATTAAATAGGGACAAAATTTCTGTAACTCTGGAAGGTCAAGTTACATCATCAAAGTTGTTTATTTAAAAGTAGAAGTATGTGTTGGCAATCGTTTTCGTAAGAGTCAGAAAAATTAGGCCGGTTTCACGATATGGAGTGTCCTTTCTGGTCAACAGTATTGCTTCAGGACA,4ff0d0724a74fa9166d8a102e8e99a6d25bbebc46750be7c5f09775bd46409ba,0.0949282727686586,ATATAGAGAAAAATACATACAATTTATTCATTAAATAGGGACAAAATTTCTGTAACTCTGGAAGGTCAAGTTACATCATCAAAGTTGTTTATTTAAAAGAAGAAGTATGTGTTGGCAATCGTTTTCGTAAGAGTCAGAAAAATTAGGCCGGTTTCACGATATGGAGTGTCCTTTCTGGTCAACAGTATTGCTTCAGGACA,13f480b289f02db10b2b0090216ee0a3e272776d3efe2753f4e8b0f53d6340e8,-0.0212250159490652,0.1889773777506322,0.161448584187415,-320.36974420771,-316.88941103965044,-335.21775463595986,-331.1068842317909,-0.630537236109376,1.0,0.1889773777506322,0.0,4,0.17541783129064725,0.17620727786206916,0.145609630836647,0.12464910386298908,1.0
chr15:80206958:C:G;chr15:80206964:C:T;var1;middle;OL41|K562|b3d47bcc681c3eec,chr15:80206958:C:G;chr15:80206964:C:T;var1;middle;OL41,K562,K562_region_00654,100,106,6,AATTACATTATCTAAGGAATGGTTAAACTAACTGGGATTATTGACTCTGAAGAAGAGAAGGGAATGCTCACCATGTGTGGCAGGGAGAAAGGGTCAGCACGGACACGACGGTAGTCTTCAAATATGTGAAGGGGCCATTCGTGTGAAAACGGGGTTATACTTGGAAAAAGCAAAATACAGTGAGAACAGCATGGGCTATG,19bae614cf84b30cc5e4c19e6df45f598f186d9f839c5a73e5e1fd3cc4255fbe,0.0,AATTACATTATCTAAGGAATGGTTAAACTAACTGGGATTATTGACTCTGAAGAAGAGAAGGGAATGCTCACCATGTGTGGCAGGGAGAAAGGGTCAGCAGGGACACGACGGTAGTCTTCAAATATGTGAAGGGGCCATTCGTGTGAAAACGGGGTTATACTTGGAAAAAGCAAAATACAGTGAGAACAGCATGGGCTATG,000954bb10c993ef863df200e135eddd16c2f60c7fee23ea29c3297f6fe1afc6,-0.0512691218271994,AATTACATTATCTAAGGAATGGTTAAACTAACTGGGATTATTGACTCTGAAGAAGAGAAGGGAATGCTCACCATGTGTGGCAGGGAGAAAGGGTCAGCACGGACATGACGGTAGTCTTCAAATATGTGAAGGGGCCATTCGTGTGAAAACGGGGTTATACTTGGAAAAAGCAAAATACAGTGAGAACAGCATGGGCTATG,2dc094573331314214ed365c5b4ef730bb99114d6517bdec2c21f1cfb162ce1a,-0.0998535115069642,AATTACATTATCTAAGGAATGGTTAAACTAACTGGGATTATTGACTCTGAAGAAGAGAAGGGAATGCTCACCATGTGTGGCAGGGAGAAAGGGTCAGCAGGGACATGACGGTAGTCTTCAAATATGTGAAGGGGCCATTCGTGTGAAAACGGGGTTATACTTGGAAAAAGCAAAATACAGTGAGAACAGCATGGGCTATG,b3d47bcc681c3eecb0b8e280cad6e5ab5c756935b29a1e62fce9ae1efa406cb7,-0.310902381030611,0.1597797476964474,0.315487428363944,-305.5177550408989,-301.6177607513964,-295.2894750731066,-293.65218132548034,2.2627005418762565,1.0,0.1597797476964474,0.0,0,0.1886822404148958,0.18565657667894103,0.15145376406925343,0.14112528028109175,1.0
chr15:80267395:G:C;chr15:80267481:C:T;var1;middle;OL27|K562|9eacb4dd3715929d,chr15:80267395:G:C;chr15:80267481:C:T;var1;middle;OL27,K562,K562_region_00655,100,186,86,ACTCTGTCTCAAAAATAAAAATAAAAATAATAATAATTAGCTAGGCATTTCATTTATTCAACAAAGATCAACTACCTGCCTTCACTGGGTCCTGGCTTGGGCAATGGGTGGAAATAGAAAAAAGATAGACCCTTGTTTTTGTTTTTTTGAGACGGAGTTTTGCTCTTGTCGCCCAGGCTGGAGTGCGATGGCGTAATCTA,0d044136cc7969aa2ab284aba7bd4bfa8c345efa19f9f96f9c90a649ab68ebf4,0.0,ACTCTGTCTCAAAAATAAAAATAAAAATAATAATAATTAGCTAGGCATTTCATTTATTCAACAAAGATCAACTACCTGCCTTCACTGGGTCCTGGCTTGCGCAATGGGTGGAAATAGAAAAAAGATAGACCCTTGTTTTTGTTTTTTTGAGACGGAGTTTTGCTCTTGTCGCCCAGGCTGGAGTGCGATGGCGTAATCTA,c71165195b475806b13f14b1566ce91b39b16dfc1ce11867030162c39b0efa5b,0.0386391879687511,ACTCTGTCTCAAAAATAAAAATAAAAATAATAATAATTAGCTAGGCATTTCATTTATTCAACAAAGATCAACTACCTGCCTTCACTGGGTCCTGGCTTGGGCAATGGGTGGAAATAGAAAAAAGATAGACCCTTGTTTTTGTTTTTTTGAGACGGAGTTTTGCTCTTGTCGCCCAGGCTGGAGTGTGATGGCGTAATCTA,73b55ef53ed65a27ad38633bfac27aad9b2232e345e0347a5e91645316a31ffc,0.155093950166547,ACTCTGTCTCAAAAATAAAAATAAAAATAATAATAATTAGCTAGGCATTTCATTTATTCAACAAAGATCAACTACCTGCCTTCACTGGGTCCTGGCTTGCGCAATGGGTGGAAATAGAAAAAAGATAGACCCTTGTTTTTGTTTTTTTGAGACGGAGTTTTGCTCTTGTCGCCCAGGCTGGAGTGTGATGGCGTAATCTA,9eacb4dd3715929d2652302cb18a06b8853e3ebeb865e1137ce9f864035542b3,0.0010111462295708,0.1927219919057273,0.113355344597427,-162.13165799994022,-169.11922970227897,-163.00771803734824,-170.27045755833387,0.275167818646878,1.0,0.1927219919057273,0.0,2,0.17559513496183185,0.17490732828716207,0.146091925319964,0.08523416272169873,1.0
chr15:80694883:C:A;chr15:80694922:A:T;var1;middle;OL41|K562|c866dce57c1f6ead,chr15:80694883:C:A;chr15:80694922:A:T;var1;middle;OL41,K562,K562_region_00656,100,139,39,GAAATGCTAAACTGATACATAAACACCAAGGAGAGGAACTTGCTTCCTTCTAAGGGGTGTGGAAAGTTGGAGAATAAAAGAGCCTCGTGGGATAGGGGGCAGTGATGCCAAGTGCTATTTATGGGCTATTTATGGGCCACCAGAGATTGAACTGCCTGTGGGGAGAAGGATCCAGAAGGGACTCTGGGTAGCAGAAATAT,e24aced0a066bc1222ff567af1c1d2bc9785c4c31f347a3e0b7210ed5a99e627,0.0,GAAATGCTAAACTGATACATAAACACCAAGGAGAGGAACTTGCTTCCTTCTAAGGGGTGTGGAAAGTTGGAGAATAAAAGAGCCTCGTGGGATAGGGGGAAGTGATGCCAAGTGCTATTTATGGGCTATTTATGGGCCACCAGAGATTGAACTGCCTGTGGGGAGAAGGATCCAGAAGGGACTCTGGGTAGCAGAAATAT,979f3d0de10881beb0f0858fb61cf71514932c308052963d174d0be77d994a3d,0.345447347963342,GAAATGCTAAACTGATACATAAACACCAAGGAGAGGAACTTGCTTCCTTCTAAGGGGTGTGGAAAGTTGGAGAATAAAAGAGCCTCGTGGGATAGGGGGCAGTGATGCCAAGTGCTATTTATGGGCTATTTATGGGCCTCCAGAGATTGAACTGCCTGTGGGGAGAAGGATCCAGAAGGGACTCTGGGTAGCAGAAATAT,555b0aab958f9a6823e920f3d0744684094799cdb3fc5cc938fa9ed585b9a292,0.0901754882900275,GAAATGCTAAACTGATACATAAACACCAAGGAGAGGAACTTGCTTCCTTCTAAGGGGTGTGGAAAGTTGGAGAATAAAAGAGCCTCGTGGGATAGGGGGAAGTGATGCCAAGTGCTATTTATGGGCTATTTATGGGCCTCCAGAGATTGAACTGCCTGTGGGGAGAAGGATCCAGAAGGGACTCTGGGTAGCAGAAATAT,c866dce57c1f6ead02be50a66662483e5c0c6a6098c667718b003472312f2d65,-0.10190158194621,0.5375244181995795,0.225751460575785,-391.9998977899086,-392.5136098819785,-403.69247186370194,-406.525763170328,2.3195792145561427,1.0,0.5375244181995795,0.0,2,0.17857196324865426,0.17490732828716207,0.146091925319964,0.12204030822759712,1.0
chr15:85512726:T:C;chr15:85512767:G:C;var1;middle;OL29|K562|c0ab168d7772b425,chr15:85512726:T:C;chr15:85512767:G:C;var1;middle;OL29,K562,K562_region_00657,100,141,41,CTGTGTGAACTCAGCCCTCTCTGATCTTCTGGATCAGCTGCAGCTGGGAGCACAGTGGCTGGGTTGTCCACAGATGCTGGCATCACCATTGCTGCCAGGTCTGGTAATTATGTGCTGGGAAAGGGAGCACCCTGCCCCCCGACTCGGACTTCTGTAATTTGCTGGATCCCAAGAGCACACATGTAGGGGGCAGACTGCAG,f4f984c79c4ed1f263dbea80b579cf429736041c25c7a41b7b997432cd973256,0.0,CTGTGTGAACTCAGCCCTCTCTGATCTTCTGGATCAGCTGCAGCTGGGAGCACAGTGGCTGGGTTGTCCACAGATGCTGGCATCACCATTGCTGCCAGGCCTGGTAATTATGTGCTGGGAAAGGGAGCACCCTGCCCCCCGACTCGGACTTCTGTAATTTGCTGGATCCCAAGAGCACACATGTAGGGGGCAGACTGCAG,ad9761bd6efcae77a6bfdcbc937624259eb27e87c54be357b9b9a6d0d8b47fcb,-0.0497682259688194,CTGTGTGAACTCAGCCCTCTCTGATCTTCTGGATCAGCTGCAGCTGGGAGCACAGTGGCTGGGTTGTCCACAGATGCTGGCATCACCATTGCTGCCAGGTCTGGTAATTATGTGCTGGGAAAGGGAGCACCCTGCCCCCCCACTCGGACTTCTGTAATTTGCTGGATCCCAAGAGCACACATGTAGGGGGCAGACTGCAG,8cd0f1ae6b251c4f039bb11404faedb334d5e36143ee75b540ff50c3c65fa60a,0.715033484729962,CTGTGTGAACTCAGCCCTCTCTGATCTTCTGGATCAGCTGCAGCTGGGAGCACAGTGGCTGGGTTGTCCACAGATGCTGGCATCACCATTGCTGCCAGGCCTGGTAATTATGTGCTGGGAAAGGGAGCACCCTGCCCCCCCACTCGGACTTCTGTAATTTGCTGGATCCCAAGAGCACACATGTAGGGGGCAGACTGCAG,c0ab168d7772b4257cf87cbd8c73bd65aaadb45c90b0731993badd6f7345b5ae,0.464934111676348,-0.2003311470847946,0.149283522479218,-250.443080469966,-246.3836468756199,-243.57527601718903,-242.2827233076096,-2.766880884766664,-1.0,0.2003311470847946,0.0,0,0.18222230435708653,0.18565657667894103,0.15145376406925343,0.20577955000827247,1.0
chr15:85926237:A:G;chr15:85926254:G:T;var1;middle;OL41|K562|cb119a9ed032375b,chr15:85926237:A:G;chr15:85926254:G:T;var1;middle;OL41,K562,K562_region_00658,100,117,17,ACTTGCAGATCTGTGATGACATTTACTTTAAAAGGATTTCTAACCTTTTTTTAATCTGTCAATTATTTTTTGAAAAGAAGTGGGTTTAACTAGCGCTCTAAGGATTTCAACAAGAGGTTCCAATTTAGAAATCAGCCCCCCCCTTTTTGTGAAATTATTATTGTTTTTTTTTAGAGTCGGAATCTTCACTGTTGCCCAGT,a6725ecb0adb490c8f0f91b117fc222d0032adf52f0ffd07eb26810a43344257,0.0,ACTTGCAGATCTGTGATGACATTTACTTTAAAAGGATTTCTAACCTTTTTTTAATCTGTCAATTATTTTTTGAAAAGAAGTGGGTTTAACTAGCGCTCTGAGGATTTCAACAAGAGGTTCCAATTTAGAAATCAGCCCCCCCCTTTTTGTGAAATTATTATTGTTTTTTTTTAGAGTCGGAATCTTCACTGTTGCCCAGT,5f6041d9c68c548e4de1316d8c99a589637f465e9a60cca3d68a2619f5142b09,0.0037642153970796,ACTTGCAGATCTGTGATGACATTTACTTTAAAAGGATTTCTAACCTTTTTTTAATCTGTCAATTATTTTTTGAAAAGAAGTGGGTTTAACTAGCGCTCTAAGGATTTCAACAAGAGTTTCCAATTTAGAAATCAGCCCCCCCCTTTTTGTGAAATTATTATTGTTTTTTTTTAGAGTCGGAATCTTCACTGTTGCCCAGT,abefe5fd5da5a6412e3ea5180e6822faa75862425b7ba9bb4707b158242eeef2,-0.0812992014277503,ACTTGCAGATCTGTGATGACATTTACTTTAAAAGGATTTCTAACCTTTTTTTAATCTGTCAATTATTTTTTGAAAAGAAGTGGGTTTAACTAGCGCTCTGAGGATTTCAACAAGAGTTTCCAATTTAGAAATCAGCCCCCCCCTTTTTGTGAAATTATTATTGTTTTTTTTTAGAGTCGGAATCTTCACTGTTGCCCAGT,cb119a9ed032375b91ed98b041fde3c8dcc0474b287b115ee11e13883ae4dfe5,-0.0672984700780958,0.0102365159525748,0.220828022250031,-263.71877908473834,-264.381560664624,-253.2548003764823,-252.59809665102512,1.3194853053428233,-1.0,-0.0102365159525748,0.0,1,0.18370765662987878,0.18216460459877223,0.1501433469024087,0.14921680711380197,1.0
chr15:85932249:G:A;chr15:85932267:A:G;var1;middle;OL41|K562|5b77b108fd3c7321,chr15:85932249:G:A;chr15:85932267:A:G;var1;middle;OL41,K562,K562_region_00659,100,118,18,TGTTTTGGCAAGTTAAGTTGCCAAACTTATGTGTGTAAGTTGCTTGTTACACCCCATTACTAAGGCATGAAGCTCCTGTAGTTTTCATTGAAGAATTGGGCTCTCCTTGAGGACTCTATTCTGGCAGTTGAGAACACAAATGTCTCCCAGCCCTGTGTGAACTTTGGAGATCATTTAGCTTACAGTTCCTGGGTGATTCT,50b8c5bd559931a02501d4c295209aa41264bb280d7c993ecfa331e0d6cb6bd6,0.0,TGTTTTGGCAAGTTAAGTTGCCAAACTTATGTGTGTAAGTTGCTTGTTACACCCCATTACTAAGGCATGAAGCTCCTGTAGTTTTCATTGAAGAATTGGACTCTCCTTGAGGACTCTATTCTGGCAGTTGAGAACACAAATGTCTCCCAGCCCTGTGTGAACTTTGGAGATCATTTAGCTTACAGTTCCTGGGTGATTCT,cf01739812e389ae94157c4d45072192e43cfc0002b19220d5592244c26199d3,0.260748559767592,TGTTTTGGCAAGTTAAGTTGCCAAACTTATGTGTGTAAGTTGCTTGTTACACCCCATTACTAAGGCATGAAGCTCCTGTAGTTTTCATTGAAGAATTGGGCTCTCCTTGAGGACTCTGTTCTGGCAGTTGAGAACACAAATGTCTCCCAGCCCTGTGTGAACTTTGGAGATCATTTAGCTTACAGTTCCTGGGTGATTCT,194628f5ab72d682a58b766e890027986134278dc1bf80dbdd33a1150a33d88d,-0.0007636940799815,TGTTTTGGCAAGTTAAGTTGCCAAACTTATGTGTGTAAGTTGCTTGTTACACCCCATTACTAAGGCATGAAGCTCCTGTAGTTTTCATTGAAGAATTGGACTCTCCTTGAGGACTCTGTTCTGGCAGTTGAGAACACAAATGTCTCCCAGCCCTGTGTGAACTTTGGAGATCATTTAGCTTACAGTTCCTGGGTGATTCT,5b77b108fd3c7321d0aee1b6aab0ecad0ae3ae02add8ac001b1938dafa38aa54,0.301358627955436,0.0413737622678255,0.412008715432287,-386.4091246649623,-378.6343446956016,-380.9490595399402,-372.2344665951096,0.9398129754699198,-1.0,-0.0413737622678255,0.0,4,0.17736414111640564,0.17620727786206916,0.145609630836647,0.0866432737073895,1.0
chr15:86285824:A:C;chr15:86285835:C:T;var1;middle;OL41|K562|4223e6cee1ea506f,chr15:86285824:A:C;chr15:86285835:C:T;var1;middle;OL41,K562,K562_region_00660,100,111,11,GGGAGGCCGCCACTCCTCTCGTGGATGGATGATATTCTTGCTTGGGGATGTTGAGACAGCTGCACTCTGCATAGTTCCTGATTTGCCTCTCTACTGCTGATGAAAAACCTCTCTTTCTCTATAGCTGCTGCTTATATTGGAAGGCTTTTGGTTATTCAGCACACTCACTCCTGAGCTTATTTCAGTGATATTCCTTGGTT,6ab7195382d205aed7bbb391205f22070e9046325149c69194e15c05d104f877,0.0,GGGAGGCCGCCACTCCTCTCGTGGATGGATGATATTCTTGCTTGGGGATGTTGAGACAGCTGCACTCTGCATAGTTCCTGATTTGCCTCTCTACTGCTGCTGAAAAACCTCTCTTTCTCTATAGCTGCTGCTTATATTGGAAGGCTTTTGGTTATTCAGCACACTCACTCCTGAGCTTATTTCAGTGATATTCCTTGGTT,ecbd9841c50ce415a367718598d77c0092d7ea6c0ec7ee0db07782bd50c19ccd,0.0221331162359154,GGGAGGCCGCCACTCCTCTCGTGGATGGATGATATTCTTGCTTGGGGATGTTGAGACAGCTGCACTCTGCATAGTTCCTGATTTGCCTCTCTACTGCTGATGAAAAACCTTTCTTTCTCTATAGCTGCTGCTTATATTGGAAGGCTTTTGGTTATTCAGCACACTCACTCCTGAGCTTATTTCAGTGATATTCCTTGGTT,7718dc4f9f74f5f9b5e55803b46ef45b73650205e02251ac84cfdaf35aaac5e4,0.139441947223015,GGGAGGCCGCCACTCCTCTCGTGGATGGATGATATTCTTGCTTGGGGATGTTGAGACAGCTGCACTCTGCATAGTTCCTGATTTGCCTCTCTACTGCTGCTGAAAAACCTTTCTTTCTCTATAGCTGCTGCTTATATTGGAAGGCTTTTGGTTATTCAGCACACTCACTCCTGAGCTTATTTCAGTGATATTCCTTGGTT,4223e6cee1ea506fe9c599909668858adffd2908e4849ae9662b893bcd90e538,-0.0682557760627726,0.229830839521703,0.213042982699146,-395.24314605270047,-388.9815181385493,-394.9040878383676,-386.4982651842293,-2.1441947399870855,1.0,0.229830839521703,0.0,3,0.17715418996246732,0.18106719778262317,0.1474303780702046,0.09352058196374553,1.0
chr15:91351868:A:C;chr15:91351930:G:A;var1;middle;OL41|K562|aa97550fecd414ff,chr15:91351868:A:C;chr15:91351930:G:A;var1;middle;OL41,K562,K562_region_00661,100,162,62,GCAGCCAGGGTGGCCTTTAAATGACAGGCTTGTCTAGCTGCAAGACTGATATGCGACCTCTATGCAGAGGACTCAGCTGGCTGCTTGTTGCCTCAACCCACATGGGGAAAGAGTGGAGGAAGAAAAGTTTGTGCTGGAGGAAGTAACAATTTGGTTATGCCGTCTAGGGTGGGGTGTACAAGTCTGGAGTGCAGAGAAGA,ba084a0fbe4ebfd575ee2474c39734692a89c25792c6628e69fa650136145594,0.0,GCAGCCAGGGTGGCCTTTAAATGACAGGCTTGTCTAGCTGCAAGACTGATATGCGACCTCTATGCAGAGGACTCAGCTGGCTGCTTGTTGCCTCAACCCCCATGGGGAAAGAGTGGAGGAAGAAAAGTTTGTGCTGGAGGAAGTAACAATTTGGTTATGCCGTCTAGGGTGGGGTGTACAAGTCTGGAGTGCAGAGAAGA,a6fd374f84beb6c295f8af70fb6a34418accc6dc77a487ad4f1826cef0515ec0,0.126035474189746,GCAGCCAGGGTGGCCTTTAAATGACAGGCTTGTCTAGCTGCAAGACTGATATGCGACCTCTATGCAGAGGACTCAGCTGGCTGCTTGTTGCCTCAACCCACATGGGGAAAGAGTGGAGGAAGAAAAGTTTGTGCTGGAGGAAGTAACAATTTGGTTATGCCATCTAGGGTGGGGTGTACAAGTCTGGAGTGCAGAGAAGA,c2a44a8c47b6d084060e838c66a42d376ac27b06520fb2c59f3bb4cd8cab8997,0.129237123522802,GCAGCCAGGGTGGCCTTTAAATGACAGGCTTGTCTAGCTGCAAGACTGATATGCGACCTCTATGCAGAGGACTCAGCTGGCTGCTTGTTGCCTCAACCCCCATGGGGAAAGAGTGGAGGAAGAAAAGTTTGTGCTGGAGGAAGTAACAATTTGGTTATGCCATCTAGGGTGGGGTGTACAAGTCTGGAGTGCAGAGAAGA,aa97550fecd414ff6bf45aa5423f2dc93469836e99d3a5c74a89aeeed64d8b27,-0.0277005643880778,0.2829731621006258,0.281323687215245,-306.7105871690437,-277.81338211894035,-276.15208974666893,-264.29750579595566,17.04262109939009,1.0,0.2829731621006258,0.0,0,0.20766539898059144,0.18565657667894103,0.15145376406925343,0.058945909150217884,1.0
chr15:91499328:C:T;chr15:91499346:G:A;var1;middle;OL41|K562|b11c313a31c08d3c,chr15:91499328:C:T;chr15:91499346:G:A;var1;middle;OL41,K562,K562_region_00662,100,118,18,GGCATGTACTCGCACCAAACCCTTTATTTGCATTTATTACAATTCTGTGAGGAAGGTTCAAACAGCACCGCCCCCACCTCCCTTTGTAAACTGAAGAAACGCAGTTGGACTCAGGTGGATTGGCTGCGGTCCCAAGGCCCCGCTGAGTTGCAGAGGCACTGCCTCCCAAACGCTCTTCTGCGTTCCGCTGTGGGGAGAGG,90418cb2353f1591933548a7ce55f2c0f4f4b990f25423a879bfba5ba21643e0,0.0,GGCATGTACTCGCACCAAACCCTTTATTTGCATTTATTACAATTCTGTGAGGAAGGTTCAAACAGCACCGCCCCCACCTCCCTTTGTAAACTGAAGAAATGCAGTTGGACTCAGGTGGATTGGCTGCGGTCCCAAGGCCCCGCTGAGTTGCAGAGGCACTGCCTCCCAAACGCTCTTCTGCGTTCCGCTGTGGGGAGAGG,4f524d520e6be7c0bd2fee7ab2777a14f03357f5f488e30eb142d16581aff00f,-0.0664639910219037,GGCATGTACTCGCACCAAACCCTTTATTTGCATTTATTACAATTCTGTGAGGAAGGTTCAAACAGCACCGCCCCCACCTCCCTTTGTAAACTGAAGAAACGCAGTTGGACTCAGGTGAATTGGCTGCGGTCCCAAGGCCCCGCTGAGTTGCAGAGGCACTGCCTCCCAAACGCTCTTCTGCGTTCCGCTGTGGGGAGAGG,ff9a90dcf6a87fb332e637ed609e1f2ed02680bc2bb0b52b0d9ec8f1c4e25bc8,-0.450942082790638,GGCATGTACTCGCACCAAACCCTTTATTTGCATTTATTACAATTCTGTGAGGAAGGTTCAAACAGCACCGCCCCCACCTCCCTTTGTAAACTGAAGAAATGCAGTTGGACTCAGGTGAATTGGCTGCGGTCCCAAGGCCCCGCTGAGTTGCAGAGGCACTGCCTCCCAAACGCTCTTCTGCGTTCCGCTGTGGGGAGAGG,b11c313a31c08d3cb37afa9f05b2153a24e5f008573ddcdcf52fe5be98f072f2,-0.596764913479262,0.0793588396667203,0.294579095841396,-315.9439801122062,-310.5839660149068,-314.15792070282623,-308.8253057412803,0.027399135753512383,1.0,0.0793588396667203,0.0,3,0.18152818266719706,0.18106719778262317,0.1474303780702046,0.27038979069195995,1.0
chr15:93224690:T:C;chr15:93224764:C:T;var1;middle;OL41|K562|22bd88c5c7239051,chr15:93224690:T:C;chr15:93224764:C:T;var1;middle;OL41,K562,K562_region_00663,100,174,74,GAAAACTATTCTGGTTTTTTTATGTGACTGCAGGGATTTTTCTCACGGCTGACAGCTAAGATTTTAAATAACATTTGTAAAACTTGGACAGATTTTCTGTTCTGCTTGGAAGTGGGTGATTTCACAATCCCCCTTAGTGACATCATGCTTAACAGAACTGCAATGAAAGCGATCCAGCCCCCTGTGCTCATTCCTCACTG,bfc764484717ee1250d4605ac65e1214b694046288206e1c49522fca23eba945,0.0,GAAAACTATTCTGGTTTTTTTATGTGACTGCAGGGATTTTTCTCACGGCTGACAGCTAAGATTTTAAATAACATTTGTAAAACTTGGACAGATTTTCTGCTCTGCTTGGAAGTGGGTGATTTCACAATCCCCCTTAGTGACATCATGCTTAACAGAACTGCAATGAAAGCGATCCAGCCCCCTGTGCTCATTCCTCACTG,7b778653750fccdb29e1985fb15df13e35ee2f4a6f851ae9c5ee413608bf31a3,-0.289164938192132,GAAAACTATTCTGGTTTTTTTATGTGACTGCAGGGATTTTTCTCACGGCTGACAGCTAAGATTTTAAATAACATTTGTAAAACTTGGACAGATTTTCTGTTCTGCTTGGAAGTGGGTGATTTCACAATCCCCCTTAGTGACATCATGCTTAACAGAACTGCAATGAAAGCGATTCAGCCCCCTGTGCTCATTCCTCACTG,a9b9f02374c85657681140513937a337e7e24c6f0f6d88d5545f54d9bd42230f,-0.248186590089766,GAAAACTATTCTGGTTTTTTTATGTGACTGCAGGGATTTTTCTCACGGCTGACAGCTAAGATTTTAAATAACATTTGTAAAACTTGGACAGATTTTCTGCTCTGCTTGGAAGTGGGTGATTTCACAATCCCCCTTAGTGACATCATGCTTAACAGAACTGCAATGAAAGCGATTCAGCCCCCTGTGCTCATTCCTCACTG,22bd88c5c72390516f26190f873985f59a74b14f78466357d5acb734971b8acd,-0.174729866871245,0.362621661410653,0.226161715766608,-374.98606979101896,-373.75649052485824,-375.4804102163762,-374.48994366265833,-0.2391127124428749,-1.0,-0.362621661410653,0.0,4,0.1759029672754979,0.17620727786206916,0.145609630836647,0.13346184911899328,1.0
chr15:93588264:G:C;chr15:93588289:G:A;var1;middle;OL29|K562|736a84e791a0a61b,chr15:93588264:G:C;chr15:93588289:G:A;var1;middle;OL29,K562,K562_region_00664,100,125,25,TCCCAGCCCACACATGGGGAAGCCGAGAGGACGGAGCCCGCGCCTCCCTCCACATCTACGCGTCTAGCAGAACACAGGGAGCAGGGCCAGGAGCGGGACGAGGGCGCCCAGGAGGGGCCGGGGGGCCAGGGGCAGCCCCGCAGCCGCCCTGCCTGGCAGGTCCCGAGTCCTATCATACAGGTGCAGTTTGTCTTTGTTGG,0172f2161dba45538d8a93926c74228d05f633be74e07c1b0443849be10d536b,0.0,TCCCAGCCCACACATGGGGAAGCCGAGAGGACGGAGCCCGCGCCTCCCTCCACATCTACGCGTCTAGCAGAACACAGGGAGCAGGGCCAGGAGCGGGACCAGGGCGCCCAGGAGGGGCCGGGGGGCCAGGGGCAGCCCCGCAGCCGCCCTGCCTGGCAGGTCCCGAGTCCTATCATACAGGTGCAGTTTGTCTTTGTTGG,4dbe58f85e226eb61d88067f4f1b6c964faf0c8aa8176dccb87f870713778166,0.0662543528171876,TCCCAGCCCACACATGGGGAAGCCGAGAGGACGGAGCCCGCGCCTCCCTCCACATCTACGCGTCTAGCAGAACACAGGGAGCAGGGCCAGGAGCGGGACGAGGGCGCCCAGGAGGGGCCGGGGGACCAGGGGCAGCCCCGCAGCCGCCCTGCCTGGCAGGTCCCGAGTCCTATCATACAGGTGCAGTTTGTCTTTGTTGG,9dfd29f105b4700861d49dd1818cd9be85c40d16d9578d825a1e779ee73d9bf3,-0.0079688538972323,TCCCAGCCCACACATGGGGAAGCCGAGAGGACGGAGCCCGCGCCTCCCTCCACATCTACGCGTCTAGCAGAACACAGGGAGCAGGGCCAGGAGCGGGACCAGGGCGCCCAGGAGGGGCCGGGGGACCAGGGGCAGCCCCGCAGCCGCCCTGCCTGGCAGGTCCCGAGTCCTATCATACAGGTGCAGTTTGTCTTTGTTGG,736a84e791a0a61b09a54998f05de57822e97660af865a4ccec41fda71e6f3ad,-0.0671786567837362,0.1254641557036915,0.118020524923781,-294.837929436937,-283.1697852194775,-299.4309614794329,-279.3031919202768,-8.459625341696608,1.0,0.1254641557036915,0.0,3,0.16443374177567938,0.18106719778262317,0.1474303780702046,0.2084262804974745,1.0
chr15:96714746:T:G;chr15:96714816:C:A;var1;middle;OL29|K562|54d14c739ea7324d,chr15:96714746:T:G;chr15:96714816:C:A;var1;middle;OL29,K562,K562_region_00665,100,170,70,TTAGGGTACACCTACTTCTTTGTGAGTTGAATAATCTATTTCCACCCACCCCAGCCCCACACTGTCAACCACCATCAACAATCCGGGGAATCAAGTTAATCTTCAATTAGGTGAAAGAATTTCAGGAACGAGTGCAGCTCAAGTTACCAAGTAACTTACTGTTGTGAAACGATTCATACTGCAAGCCGCCTAAATGCAGG,08de69c9eb0bb3f57f5d51cfd1d677959ef34cbb101d2a7e43e1562ab6010bac,0.0,TTAGGGTACACCTACTTCTTTGTGAGTTGAATAATCTATTTCCACCCACCCCAGCCCCACACTGTCAACCACCATCAACAATCCGGGGAATCAAGTTAAGCTTCAATTAGGTGAAAGAATTTCAGGAACGAGTGCAGCTCAAGTTACCAAGTAACTTACTGTTGTGAAACGATTCATACTGCAAGCCGCCTAAATGCAGG,b510bbc77d331c95e0dfeb210fbef1afc78078801dcea5ac8d6ac417c6772781,0.0845101328081922,TTAGGGTACACCTACTTCTTTGTGAGTTGAATAATCTATTTCCACCCACCCCAGCCCCACACTGTCAACCACCATCAACAATCCGGGGAATCAAGTTAATCTTCAATTAGGTGAAAGAATTTCAGGAACGAGTGCAGCTCAAGTTACCAAGTAACTTACTGTTGTGAAAAGATTCATACTGCAAGCCGCCTAAATGCAGG,7d328827dd778ddb847bae72a57382698e54b80e76097d258c2f8d8fb99cc403,-0.284922045698655,TTAGGGTACACCTACTTCTTTGTGAGTTGAATAATCTATTTCCACCCACCCCAGCCCCACACTGTCAACCACCATCAACAATCCGGGGAATCAAGTTAAGCTTCAATTAGGTGAAAGAATTTCAGGAACGAGTGCAGCTCAAGTTACCAAGTAACTTACTGTTGTGAAAAGATTCATACTGCAAGCCGCCTAAATGCAGG,54d14c739ea7324d3adea05af7d614fab1a8c71a7dd5f123c87f39ba8fd8c6f6,-0.0632239953773686,0.1371879175130941,0.165864245924079,-343.20210914779454,-355.601005441742,-284.9694105684757,-304.7221486028284,-7.353841740405187,-1.0,-0.1371879175130941,0.0,2,0.16448668022455815,0.17490732828716207,0.146091925319964,0.17767181446046246,1.0
chr15:96878349:T:C;chr15:96878437:T:C;var1;middle;OL29|K562|893255a97a8ab04a,chr15:96878349:T:C;chr15:96878437:T:C;var1;middle;OL29,K562,K562_region_00666,100,188,88,GCCCTGACATTGTCTCTGCAGGGAAAAGTTTGCCTGCTAACTCAATAGGAGTTGGAGCTCCAGGCAAATCCAACCTGAGGGCAGCAATTTTCAAAATCATATTCTTACTGGAATAATGCAGACTGCCAGGAGAGGCGAAAAGATGTGTCAGGATGGGGCAACAGGAGGAAAGGGACCGTCATAACTCTTCAGAATGTCTG,65ad91400376fc0dc098d37cd47870b466128703a676c14d94b80aa79503b965,0.0,GCCCTGACATTGTCTCTGCAGGGAAAAGTTTGCCTGCTAACTCAATAGGAGTTGGAGCTCCAGGCAAATCCAACCTGAGGGCAGCAATTTTCAAAATCACATTCTTACTGGAATAATGCAGACTGCCAGGAGAGGCGAAAAGATGTGTCAGGATGGGGCAACAGGAGGAAAGGGACCGTCATAACTCTTCAGAATGTCTG,a0343b25ebeea90b2d2dcf5fc87a99a4844dc4404dbd2652c56bbaf853d0beb8,-0.191844285789025,GCCCTGACATTGTCTCTGCAGGGAAAAGTTTGCCTGCTAACTCAATAGGAGTTGGAGCTCCAGGCAAATCCAACCTGAGGGCAGCAATTTTCAAAATCATATTCTTACTGGAATAATGCAGACTGCCAGGAGAGGCGAAAAGATGTGTCAGGATGGGGCAACAGGAGGAAAGGGACCGTCATAACTCCTCAGAATGTCTG,64bf76c9446ca9029f2302642a85a821fd800e6e49c738a867ce5c4afbb817f7,-0.337564884379128,GCCCTGACATTGTCTCTGCAGGGAAAAGTTTGCCTGCTAACTCAATAGGAGTTGGAGCTCCAGGCAAATCCAACCTGAGGGCAGCAATTTTCAAAATCACATTCTTACTGGAATAATGCAGACTGCCAGGAGAGGCGAAAAGATGTGTCAGGATGGGGCAACAGGAGGAAAGGGACCGTCATAACTCCTCAGAATGTCTG,893255a97a8ab04a1d0346b0d1197af8562304b850cb1500a92f5a0f5f18e153,-0.203352573968801,0.326056596199352,0.180496460041558,-404.2169283973053,-406.92184044444,-412.3485441841185,-417.2707438578364,-2.217287626583186,-1.0,-0.326056596199352,0.0,1,0.18010920283945892,0.18216460459877223,0.1501433469024087,0.23793534576631686,1.0
chr15:99091387:C:T;chr15:99091420:A:C;var1;middle;OL41|K562|4e0f933e7db0e6fc,chr15:99091387:C:T;chr15:99091420:A:C;var1;middle;OL41,K562,K562_region_00667,100,133,33,TGCATCTAGCCCCAAAGAATCTAAGATTCTTTGTCTAGAAAAGTGCCCTGGTCTTCCCTGGCACCCTTCGCGGTGGGTTTCCTTGACTCCGCATAAACTCCCGTTCCAGCCCAAATCAGAGGCGGTCGCAGCAGCCGTTCCTCGTCTCCATCAGCATCCGCGTTGCCATTTCCCCGTCCTGAGCTGTTGCTCATATCAAA,efc3d2ab2f6f1396db1a00cccad5230b80971b499903461b87fba79d7bdfee56,0.0,TGCATCTAGCCCCAAAGAATCTAAGATTCTTTGTCTAGAAAAGTGCCCTGGTCTTCCCTGGCACCCTTCGCGGTGGGTTTCCTTGACTCCGCATAAACTTCCGTTCCAGCCCAAATCAGAGGCGGTCGCAGCAGCCGTTCCTCGTCTCCATCAGCATCCGCGTTGCCATTTCCCCGTCCTGAGCTGTTGCTCATATCAAA,570bfcd4e92c8e5ba7153d92905ab141ea8bbc391bd76123492f100ba599f2e1,0.600919725639732,TGCATCTAGCCCCAAAGAATCTAAGATTCTTTGTCTAGAAAAGTGCCCTGGTCTTCCCTGGCACCCTTCGCGGTGGGTTTCCTTGACTCCGCATAAACTCCCGTTCCAGCCCAAATCAGAGGCGGTCGCAGCCGCCGTTCCTCGTCTCCATCAGCATCCGCGTTGCCATTTCCCCGTCCTGAGCTGTTGCTCATATCAAA,748814885b2305d5d5e8b20b7c3d1a280e934bc50dbc179cece190e96b26bef5,0.0171665198090396,TGCATCTAGCCCCAAAGAATCTAAGATTCTTTGTCTAGAAAAGTGCCCTGGTCTTCCCTGGCACCCTTCGCGGTGGGTTTCCTTGACTCCGCATAAACTTCCGTTCCAGCCCAAATCAGAGGCGGTCGCAGCCGCCGTTCCTCGTCTCCATCAGCATCCGCGTTGCCATTTCCCCGTCCTGAGCTGTTGCTCATATCAAA,4e0f933e7db0e6fcc43e63c9a8d5fe0d1ec690ce98abb251514c361bf79884be,1.07038858436443,-0.4523023389156585,0.516247298207316,-318.6598430974409,-315.9831236928003,-319.0323985107243,-316.62925600935705,0.2735769032733515,1.0,-0.4523023389156585,0.0,0,0.1861274330807538,0.18565657667894103,0.15145376406925343,0.11988546994376217,1.0
chr16:101263:G:A;chr16:101277:G:T;var1;middle;OL41|K562|cb19405475d201be,chr16:101263:G:A;chr16:101277:G:T;var1;middle;OL41,K562,K562_region_00674,100,114,14,TATTTTTATTAATCTACTCATCATTGCCATTATCAAAGCTATCACCTGTTGAGTGCCTCTTATATACCAAGCACGGTATAATTCACTTTATGCTCTCGCGGTCTACGAATATGGATTAGCCCCAGAGAAGTCAAGAGACCCAAGGAAGGTCCTACAACAATACAAGGTTGCCCTGAGAATCTGACCCGGGCCTGTATGAC,c48ed48e577db12505326e722728156f97df2eb7664e19be8466825c0c66156a,0.0,TATTTTTATTAATCTACTCATCATTGCCATTATCAAAGCTATCACCTGTTGAGTGCCTCTTATATACCAAGCACGGTATAATTCACTTTATGCTCTCGCAGTCTACGAATATGGATTAGCCCCAGAGAAGTCAAGAGACCCAAGGAAGGTCCTACAACAATACAAGGTTGCCCTGAGAATCTGACCCGGGCCTGTATGAC,2dd528cb5060065ad13dbac73b4c8c5c723ea965441c0f5a8ef31b514ee6cba3,-0.337295427537272,TATTTTTATTAATCTACTCATCATTGCCATTATCAAAGCTATCACCTGTTGAGTGCCTCTTATATACCAAGCACGGTATAATTCACTTTATGCTCTCGCGGTCTACGAATATGTATTAGCCCCAGAGAAGTCAAGAGACCCAAGGAAGGTCCTACAACAATACAAGGTTGCCCTGAGAATCTGACCCGGGCCTGTATGAC,612ebc57383d4160cef6ab476c42df11291183864b7167387eb122cf6854abb9,-0.532783226111761,TATTTTTATTAATCTACTCATCATTGCCATTATCAAAGCTATCACCTGTTGAGTGCCTCTTATATACCAAGCACGGTATAATTCACTTTATGCTCTCGCAGTCTACGAATATGTATTAGCCCCAGAGAAGTCAAGAGACCCAAGGAAGGTCCTACAACAATACAAGGTTGCCCTGAGAATCTGACCCGGGCCTGTATGAC,cb19405475d201be709dc61ca5063616b275162a8586dc633b64ab1ac91271fd,-0.0454258126348264,0.8246528410142067,0.490886305498854,-381.02746356092393,-378.6482609082013,-372.3092166604474,-367.5015939213336,2.4284200863912133,-1.0,-0.8246528410142067,0.0,0,0.1888950886760702,0.18565657667894103,0.15145376406925343,0.10963120765955103,1.0
chr16:1030147:G:A;chr16:1030154:G:C;var1;middle;OL41|K562|8199a0a230908821,chr16:1030147:G:A;chr16:1030154:G:C;var1;middle;OL41,K562,K562_region_00692,100,107,7,TGGCAGCCAGCTCTCCACCTACGATGCGTGGAGCCTCCCAACTCGCGCACTCCGTCTCCCCACCGCTGCTTCCTCTGACCTGGCTGCAGAGATGAGACCGCCCTCCGGGCAGGTGACACGGCCCTTGCTCTTCAGCCTGGAGGCCAATGCTTCCTCCAAAGGCCCTGGCCCCCTCAGCTCCGGGCCTGGCTCCGGTTGTT,906faf278f0e5e7d7b0e2724510e556b318ff59fcf546052171997ce76bc8f51,0.0,TGGCAGCCAGCTCTCCACCTACGATGCGTGGAGCCTCCCAACTCGCGCACTCCGTCTCCCCACCGCTGCTTCCTCTGACCTGGCTGCAGAGATGAGACCACCCTCCGGGCAGGTGACACGGCCCTTGCTCTTCAGCCTGGAGGCCAATGCTTCCTCCAAAGGCCCTGGCCCCCTCAGCTCCGGGCCTGGCTCCGGTTGTT,8c58f6bc46d636c7087be7966a725432fb3f56437da59f4cae69b562d6dc9bd4,-0.877952615790457,TGGCAGCCAGCTCTCCACCTACGATGCGTGGAGCCTCCCAACTCGCGCACTCCGTCTCCCCACCGCTGCTTCCTCTGACCTGGCTGCAGAGATGAGACCGCCCTCCCGGCAGGTGACACGGCCCTTGCTCTTCAGCCTGGAGGCCAATGCTTCCTCCAAAGGCCCTGGCCCCCTCAGCTCCGGGCCTGGCTCCGGTTGTT,232101ada6aa023f9f1e18b008df91361c7eb852fba446aeeedee0f98aa2f1ae,-0.0026133883840379,TGGCAGCCAGCTCTCCACCTACGATGCGTGGAGCCTCCCAACTCGCGCACTCCGTCTCCCCACCGCTGCTTCCTCTGACCTGGCTGCAGAGATGAGACCACCCTCCCGGCAGGTGACACGGCCCTTGCTCTTCAGCCTGGAGGCCAATGCTTCCTCCAAAGGCCCTGGCCCCCTCAGCTCCGGGCCTGGCTCCGGTTGTT,8199a0a230908821c773c753e4fc35a24ac0d6ff574061d458826e219afd9951,-1.21931929727513,0.3387532931006352,0.505603573338819,-339.5254226431716,-337.9552351643797,-332.8856199304573,-331.43717989325523,0.1217474415898323,1.0,0.3387532931006352,0.0,0,0.18593242508088895,0.18565657667894103,0.15145376406925343,0.17792631529752911,1.0
chr16:10635566:T:G;chr16:10635586:T:C;var1;middle;OL29|K562|82e448aa3f50638f,chr16:10635566:T:G;chr16:10635586:T:C;var1;middle;OL29,K562,K562_region_00734,100,120,20,GGCGACAGCTGGGGCTTGCAGAGCTCAGGGAAGGAGGGCTGTTCCCAGGGCCAGAGGTTAGCATGACAGAATAACAGACGAGATGGAAGGGAGCACCGATGGTGTTCCGTGGTTAAGGGTACTGGCTTTAGAGCTGGTCACACCTAGACTGGAATCCTGCCGCCATCATTCGCTCCTGGCTATGCGGCCTTGGGTAACTT,9421e75c9bbfc88eb7b0d0a9bec339a3b5eee92f9a4525054e23cc50806d417b,0.0,GGCGACAGCTGGGGCTTGCAGAGCTCAGGGAAGGAGGGCTGTTCCCAGGGCCAGAGGTTAGCATGACAGAATAACAGACGAGATGGAAGGGAGCACCGAGGGTGTTCCGTGGTTAAGGGTACTGGCTTTAGAGCTGGTCACACCTAGACTGGAATCCTGCCGCCATCATTCGCTCCTGGCTATGCGGCCTTGGGTAACTT,074a3813a54eaa63b66c5c8561203d3a94a876fb205ee8188d2b0858f2d45960,0.144925321109353,GGCGACAGCTGGGGCTTGCAGAGCTCAGGGAAGGAGGGCTGTTCCCAGGGCCAGAGGTTAGCATGACAGAATAACAGACGAGATGGAAGGGAGCACCGATGGTGTTCCGTGGTTAAGGGCACTGGCTTTAGAGCTGGTCACACCTAGACTGGAATCCTGCCGCCATCATTCGCTCCTGGCTATGCGGCCTTGGGTAACTT,dbebdb6aeb4a720ce8c0300125fe9a18adeff86aad820d8873628e005ec215e0,-0.0032715731258189,GGCGACAGCTGGGGCTTGCAGAGCTCAGGGAAGGAGGGCTGTTCCCAGGGCCAGAGGTTAGCATGACAGAATAACAGACGAGATGGAAGGGAGCACCGAGGGTGTTCCGTGGTTAAGGGCACTGGCTTTAGAGCTGGTCACACCTAGACTGGAATCCTGCCGCCATCATTCGCTCCTGGCTATGCGGCCTTGGGTAACTT,82e448aa3f50638fbc888b30b02b7edcda4f7e7a07b9211736540083d6271399,1.21270261451843,1.071048866534896,0.113044988821002,-217.24146753549576,-216.9238149225712,-213.67370057106012,-213.2034733518958,0.15257460623979568,-1.0,-1.071048866534896,0.0,3,0.18178030927375757,0.18106719778262317,0.1474303780702046,0.32070239240891163,1.0
chr16:10635566:T:G;chr16:10635600:C:G;var1;middle;OL29|K562|c89d4a11f524f5c1,chr16:10635566:T:G;chr16:10635600:C:G;var1;middle;OL29,K562,K562_region_00734,100,134,34,GGCGACAGCTGGGGCTTGCAGAGCTCAGGGAAGGAGGGCTGTTCCCAGGGCCAGAGGTTAGCATGACAGAATAACAGACGAGATGGAAGGGAGCACCGATGGTGTTCCGTGGTTAAGGGTACTGGCTTTAGAGCTGGTCACACCTAGACTGGAATCCTGCCGCCATCATTCGCTCCTGGCTATGCGGCCTTGGGTAACTT,9421e75c9bbfc88eb7b0d0a9bec339a3b5eee92f9a4525054e23cc50806d417b,0.0,GGCGACAGCTGGGGCTTGCAGAGCTCAGGGAAGGAGGGCTGTTCCCAGGGCCAGAGGTTAGCATGACAGAATAACAGACGAGATGGAAGGGAGCACCGAGGGTGTTCCGTGGTTAAGGGTACTGGCTTTAGAGCTGGTCACACCTAGACTGGAATCCTGCCGCCATCATTCGCTCCTGGCTATGCGGCCTTGGGTAACTT,074a3813a54eaa63b66c5c8561203d3a94a876fb205ee8188d2b0858f2d45960,0.14393509034132,GGCGACAGCTGGGGCTTGCAGAGCTCAGGGAAGGAGGGCTGTTCCCAGGGCCAGAGGTTAGCATGACAGAATAACAGACGAGATGGAAGGGAGCACCGATGGTGTTCCGTGGTTAAGGGTACTGGCTTTAGAGGTGGTCACACCTAGACTGGAATCCTGCCGCCATCATTCGCTCCTGGCTATGCGGCCTTGGGTAACTT,8fac93d55d8d2297acdffd59a35cffe4494028d47a25f0786568115882d6fae5,0.0418891452162921,GGCGACAGCTGGGGCTTGCAGAGCTCAGGGAAGGAGGGCTGTTCCCAGGGCCAGAGGTTAGCATGACAGAATAACAGACGAGATGGAAGGGAGCACCGAGGGTGTTCCGTGGTTAAGGGTACTGGCTTTAGAGGTGGTCACACCTAGACTGGAATCCTGCCGCCATCATTCGCTCCTGGCTATGCGGCCTTGGGTAACTT,c89d4a11f524f5c16bae5f9f718096571f78eac82436f272d817eaa90b038795,-0.0288324494936726,0.2146566850512846,0.0787037593324012,-217.24146753549576,-216.9238149225712,-218.59252616763115,-218.33783637732267,0.06296282261610031,1.0,0.2146566850512846,0.0,3,0.18159981452646318,0.18106719778262317,0.1474303780702046,0.2559693687742121,1.0
chr16:10635566:T:G;chr16:10635651:C:T;var1;middle;OL29|K562|c391a3e61f7390e6,chr16:10635566:T:G;chr16:10635651:C:T;var1;middle;OL29,K562,K562_region_00734,100,185,85,GGCGACAGCTGGGGCTTGCAGAGCTCAGGGAAGGAGGGCTGTTCCCAGGGCCAGAGGTTAGCATGACAGAATAACAGACGAGATGGAAGGGAGCACCGATGGTGTTCCGTGGTTAAGGGTACTGGCTTTAGAGCTGGTCACACCTAGACTGGAATCCTGCCGCCATCATTCGCTCCTGGCTATGCGGCCTTGGGTAACTT,9421e75c9bbfc88eb7b0d0a9bec339a3b5eee92f9a4525054e23cc50806d417b,0.0,GGCGACAGCTGGGGCTTGCAGAGCTCAGGGAAGGAGGGCTGTTCCCAGGGCCAGAGGTTAGCATGACAGAATAACAGACGAGATGGAAGGGAGCACCGAGGGTGTTCCGTGGTTAAGGGTACTGGCTTTAGAGCTGGTCACACCTAGACTGGAATCCTGCCGCCATCATTCGCTCCTGGCTATGCGGCCTTGGGTAACTT,074a3813a54eaa63b66c5c8561203d3a94a876fb205ee8188d2b0858f2d45960,0.144444718874147,GGCGACAGCTGGGGCTTGCAGAGCTCAGGGAAGGAGGGCTGTTCCCAGGGCCAGAGGTTAGCATGACAGAATAACAGACGAGATGGAAGGGAGCACCGATGGTGTTCCGTGGTTAAGGGTACTGGCTTTAGAGCTGGTCACACCTAGACTGGAATCCTGCCGCCATCATTCGCTCCTGGCTATGTGGCCTTGGGTAACTT,9384071c4ac83a5589c98e1e6288f3b8a98e30cff116569127c226e893ef7ac1,0.199091851023422,GGCGACAGCTGGGGCTTGCAGAGCTCAGGGAAGGAGGGCTGTTCCCAGGGCCAGAGGTTAGCATGACAGAATAACAGACGAGATGGAAGGGAGCACCGAGGGTGTTCCGTGGTTAAGGGTACTGGCTTTAGAGCTGGTCACACCTAGACTGGAATCCTGCCGCCATCATTCGCTCCTGGCTATGTGGCCTTGGGTAACTT,c391a3e61f7390e6361461e9339a186ef6a0c320c15ed81bb481d6dc59797776,0.204535906105447,0.1390006637921219,0.0908209223172839,-217.24146753549576,-216.9238149225712,-215.7282536663115,-217.08939161896703,1.6787905655801012,1.0,0.1390006637921219,0.0,3,0.18485439119421793,0.18106719778262317,0.1474303780702046,0.2331611780175355,1.0
chr16:10635586:T:C;chr16:10635600:C:G;var1;middle;OL29|K562|e9d8e928f2bdf176,chr16:10635586:T:C;chr16:10635600:C:G;var1;middle;OL29,K562,K562_region_00734,100,114,14,GAGCTCAGGGAAGGAGGGCTGTTCCCAGGGCCAGAGGTTAGCATGACAGAATAACAGACGAGATGGAAGGGAGCACCGATGGTGTTCCGTGGTTAAGGGTACTGGCTTTAGAGCTGGTCACACCTAGACTGGAATCCTGCCGCCATCATTCGCTCCTGGCTATGCGGCCTTGGGTAACTTAACTGCTCTCTGCCTCAGTT,6cb314aa3d3ac6e9b6a7301242339283d039f4d05b21f36d1b34a685c82a08ff,0.0,GAGCTCAGGGAAGGAGGGCTGTTCCCAGGGCCAGAGGTTAGCATGACAGAATAACAGACGAGATGGAAGGGAGCACCGATGGTGTTCCGTGGTTAAGGGCACTGGCTTTAGAGCTGGTCACACCTAGACTGGAATCCTGCCGCCATCATTCGCTCCTGGCTATGCGGCCTTGGGTAACTTAACTGCTCTCTGCCTCAGTT,12026c6db253a4d17071c043d48ffcc989ec388a878851f47b3a2f82dabe1293,0.136728557037753,GAGCTCAGGGAAGGAGGGCTGTTCCCAGGGCCAGAGGTTAGCATGACAGAATAACAGACGAGATGGAAGGGAGCACCGATGGTGTTCCGTGGTTAAGGGTACTGGCTTTAGAGGTGGTCACACCTAGACTGGAATCCTGCCGCCATCATTCGCTCCTGGCTATGCGGCCTTGGGTAACTTAACTGCTCTCTGCCTCAGTT,a5e256e9704cfa1296e39cb1094aba8f126b314d3c8ec6401e172a82a1b40aea,0.133998312841914,GAGCTCAGGGAAGGAGGGCTGTTCCCAGGGCCAGAGGTTAGCATGACAGAATAACAGACGAGATGGAAGGGAGCACCGATGGTGTTCCGTGGTTAAGGGCACTGGCTTTAGAGGTGGTCACACCTAGACTGGAATCCTGCCGCCATCATTCGCTCCTGGCTATGCGGCCTTGGGTAACTTAACTGCTCTCTGCCTCAGTT,e9d8e928f2bdf1769ca001920a218ceba6db3e679ef0c64626200e384a654310,0.0949464992238969,0.17578037065577,0.090559719375285,-203.7343091294169,-201.57229566946623,-206.3708400838077,-203.9983923770488,-0.21043424680826206,1.0,0.17578037065577,0.0,3,0.18104914213761752,0.18106719778262317,0.1474303780702046,0.36101918865977256,1.0
chr16:10635586:T:C;chr16:10635651:C:T;var1;middle;OL29|K562|26b746b6addf7c51,chr16:10635586:T:C;chr16:10635651:C:T;var1;middle;OL29,K562,K562_region_00734,100,165,65,GAGCTCAGGGAAGGAGGGCTGTTCCCAGGGCCAGAGGTTAGCATGACAGAATAACAGACGAGATGGAAGGGAGCACCGATGGTGTTCCGTGGTTAAGGGTACTGGCTTTAGAGCTGGTCACACCTAGACTGGAATCCTGCCGCCATCATTCGCTCCTGGCTATGCGGCCTTGGGTAACTTAACTGCTCTCTGCCTCAGTT,6cb314aa3d3ac6e9b6a7301242339283d039f4d05b21f36d1b34a685c82a08ff,0.0,GAGCTCAGGGAAGGAGGGCTGTTCCCAGGGCCAGAGGTTAGCATGACAGAATAACAGACGAGATGGAAGGGAGCACCGATGGTGTTCCGTGGTTAAGGGCACTGGCTTTAGAGCTGGTCACACCTAGACTGGAATCCTGCCGCCATCATTCGCTCCTGGCTATGCGGCCTTGGGTAACTTAACTGCTCTCTGCCTCAGTT,12026c6db253a4d17071c043d48ffcc989ec388a878851f47b3a2f82dabe1293,0.136684108898685,GAGCTCAGGGAAGGAGGGCTGTTCCCAGGGCCAGAGGTTAGCATGACAGAATAACAGACGAGATGGAAGGGAGCACCGATGGTGTTCCGTGGTTAAGGGTACTGGCTTTAGAGCTGGTCACACCTAGACTGGAATCCTGCCGCCATCATTCGCTCCTGGCTATGTGGCCTTGGGTAACTTAACTGCTCTCTGCCTCAGTT,678c47bc2f278e0da73a7f38c358988f5dbb5947c62f1f8ca209bdfbd32c6b17,-0.0973301321278832,GAGCTCAGGGAAGGAGGGCTGTTCCCAGGGCCAGAGGTTAGCATGACAGAATAACAGACGAGATGGAAGGGAGCACCGATGGTGTTCCGTGGTTAAGGGCACTGGCTTTAGAGCTGGTCACACCTAGACTGGAATCCTGCCGCCATCATTCGCTCCTGGCTATGTGGCCTTGGGTAACTTAACTGCTCTCTGCCTCAGTT,26b746b6addf7c5168c841ada10e16dd637c22c9ce1b83aa820133c91bdb6ee5,-0.0163443441513883,-0.05569832092219,0.0896753135133845,-203.7343091294169,-201.57229566946623,-200.9449179880321,-199.1204062141478,-0.33750168606636066,-1.0,0.05569832092219,0.0,3,0.18079320475515737,0.18106719778262317,0.1474303780702046,0.33821099790309594,1.0
chr16:10635600:C:G;chr16:10635651:C:T;var1;middle;OL29|K562|88db494ea41da0bf,chr16:10635600:C:G;chr16:10635651:C:T;var1;middle;OL29,K562,K562_region_00734,100,151,51,AGGGCTGTTCCCAGGGCCAGAGGTTAGCATGACAGAATAACAGACGAGATGGAAGGGAGCACCGATGGTGTTCCGTGGTTAAGGGTACTGGCTTTAGAGCTGGTCACACCTAGACTGGAATCCTGCCGCCATCATTCGCTCCTGGCTATGCGGCCTTGGGTAACTTAACTGCTCTCTGCCTCAGTTTCCCCATCTTAAAA,1e18830f6deb804709af3b0d8102c90e7e0aef2dc6143340e4fb10b66ac65b25,0.0,AGGGCTGTTCCCAGGGCCAGAGGTTAGCATGACAGAATAACAGACGAGATGGAAGGGAGCACCGATGGTGTTCCGTGGTTAAGGGTACTGGCTTTAGAGGTGGTCACACCTAGACTGGAATCCTGCCGCCATCATTCGCTCCTGGCTATGCGGCCTTGGGTAACTTAACTGCTCTCTGCCTCAGTTTCCCCATCTTAAAA,ce42d7ca9e5d5308db52a4a1ae4255b1a91e6dec359a8c9752a16dbf20a489f2,-0.159637489874646,AGGGCTGTTCCCAGGGCCAGAGGTTAGCATGACAGAATAACAGACGAGATGGAAGGGAGCACCGATGGTGTTCCGTGGTTAAGGGTACTGGCTTTAGAGCTGGTCACACCTAGACTGGAATCCTGCCGCCATCATTCGCTCCTGGCTATGTGGCCTTGGGTAACTTAACTGCTCTCTGCCTCAGTTTCCCCATCTTAAAA,78db3bb241a760f4c9ec1a3ffd0ee0f05c19f1c5cb3c74de8d859dabb1aa8520,-0.240218889164141,AGGGCTGTTCCCAGGGCCAGAGGTTAGCATGACAGAATAACAGACGAGATGGAAGGGAGCACCGATGGTGTTCCGTGGTTAAGGGTACTGGCTTTAGAGGTGGTCACACCTAGACTGGAATCCTGCCGCCATCATTCGCTCCTGGCTATGTGGCCTTGGGTAACTTAACTGCTCTCTGCCTCAGTTTCCCCATCTTAAAA,88db494ea41da0bf8cec60890f0223877f502c0297730b5cb1058369738f2063,-0.0708849211751423,0.3289714578636447,0.132394438851252,-200.15287511982024,-201.52495790459216,-196.706057947129,-199.00147617422044,-0.9233354423195124,-1.0,-0.3289714578636447,0.0,3,0.17961322694961035,0.18106719778262317,0.1474303780702046,0.27773771377165124,1.0
chr16:10833734:G:A;chr16:10833794:C:G;var1;middle;OL30|K562|59384021531f1f7a,chr16:10833734:G:A;chr16:10833794:C:G;var1;middle;OL30,K562,K562_region_00735,100,160,60,AGCAGGAACCTCTGTCCATGAAGTTACATATGGAGCAAATGCCAAAATAAACTTGATTGCCTTGAGCCACTTCAGTTTGGGGATGTCTGTTTTGGCAGCGCAGACTAGCCTATCCTGGCTGAAACAGACACTGTTGCAGGACCAGGAGGAGGAGGGGGCCTGAGCTGAGGCAGGAGGGATGCTGGAAGGCATGGAGTGTC,40f0fb23bd9e348d44df6d4a09fed54153db4708f267847b022041e17235d1c5,0.0,AGCAGGAACCTCTGTCCATGAAGTTACATATGGAGCAAATGCCAAAATAAACTTGATTGCCTTGAGCCACTTCAGTTTGGGGATGTCTGTTTTGGCAGCACAGACTAGCCTATCCTGGCTGAAACAGACACTGTTGCAGGACCAGGAGGAGGAGGGGGCCTGAGCTGAGGCAGGAGGGATGCTGGAAGGCATGGAGTGTC,32426942588b104682b656a815688ad774f3f8960c02bceb422e886fc565a097,0.0294886861120854,AGCAGGAACCTCTGTCCATGAAGTTACATATGGAGCAAATGCCAAAATAAACTTGATTGCCTTGAGCCACTTCAGTTTGGGGATGTCTGTTTTGGCAGCGCAGACTAGCCTATCCTGGCTGAAACAGACACTGTTGCAGGACCAGGAGGAGGAGGGGGCGTGAGCTGAGGCAGGAGGGATGCTGGAAGGCATGGAGTGTC,d886c1e549e495324e0d89053ffddf974480cd8075b3c2416bbc1f51e54e5fb2,0.0414028003932906,AGCAGGAACCTCTGTCCATGAAGTTACATATGGAGCAAATGCCAAAATAAACTTGATTGCCTTGAGCCACTTCAGTTTGGGGATGTCTGTTTTGGCAGCACAGACTAGCCTATCCTGGCTGAAACAGACACTGTTGCAGGACCAGGAGGAGGAGGGGGCGTGAGCTGAGGCAGGAGGGATGCTGGAAGGCATGGAGTGTC,59384021531f1f7ac4e427b1c9f255ae94a0d6f6eebe814e1b2195bfe7cfe289,1.2581339100888,-1.187242423583424,0.200605542512847,-281.0152956610545,-273.37780549004674,-285.35047695599496,-279.2934911735356,1.580504388548377,1.0,-1.187242423583424,0.0,1,0.1839732278518406,0.18216460459877223,0.1501433469024087,0.26929379604000503,1.0
chr16:11495543:G:T;chr16:11495560:C:T;var1;middle;OL41|K562|46761444288746d0,chr16:11495543:G:T;chr16:11495560:C:T;var1;middle;OL41,K562,K562_region_00736,100,117,17,TCCAGGCTTAGAGAGGAGCAGATGGAGCGAACACAGGACAGAGATGGGACTGGAGGTCGCGCTCCTCCTCCACTGTCTTCCCTTAGCTCTGTGGCCCCGGGCAGGTCACTGCACCTCTAAGTGCTTCAATTTCGTCATCTGAACACGGGCCCATTAATAGCGCCGAGCAGATGGGAGGCTGATGTGTGGCTTCACGCACA,d04152d44f6db8295dfc195fd5fb9927cde7d4e259e82b86c8ae7ef9411240bb,0.0,TCCAGGCTTAGAGAGGAGCAGATGGAGCGAACACAGGACAGAGATGGGACTGGAGGTCGCGCTCCTCCTCCACTGTCTTCCCTTAGCTCTGTGGCCCCGTGCAGGTCACTGCACCTCTAAGTGCTTCAATTTCGTCATCTGAACACGGGCCCATTAATAGCGCCGAGCAGATGGGAGGCTGATGTGTGGCTTCACGCACA,28caedcb154a2b7e72a2d31e3d97aec7c61dac79ae08b12c128390f9ba4d8474,0.0379775664573114,TCCAGGCTTAGAGAGGAGCAGATGGAGCGAACACAGGACAGAGATGGGACTGGAGGTCGCGCTCCTCCTCCACTGTCTTCCCTTAGCTCTGTGGCCCCGGGCAGGTCACTGCACCTTTAAGTGCTTCAATTTCGTCATCTGAACACGGGCCCATTAATAGCGCCGAGCAGATGGGAGGCTGATGTGTGGCTTCACGCACA,3942287e440bc467c01b077009cb469b6c2b2a2b497d0c6908487a8804124dbf,1.11970513599121,TCCAGGCTTAGAGAGGAGCAGATGGAGCGAACACAGGACAGAGATGGGACTGGAGGTCGCGCTCCTCCTCCACTGTCTTCCCTTAGCTCTGTGGCCCCGTGCAGGTCACTGCACCTTTAAGTGCTTCAATTTCGTCATCTGAACACGGGCCCATTAATAGCGCCGAGCAGATGGGAGGCTGATGTGTGGCTTCACGCACA,46761444288746d03162ce51a099f5409c9c2dda4e5d293d7b15b01fd67406b3,1.5008414649875,-0.3431587625389785,0.177002098867992,-221.96201729401943,-225.1850675716996,-224.95990923047063,-239.10180778056383,10.918848272413044,1.0,-0.3431587625389785,0.0,4,0.1897322704080857,0.17620727786206916,0.145609630836647,0.2600275008174562,1.0
chr16:12070422:T:C;chr16:12070486:T:G;var1;middle;OL41|K562|9de2107d7d8abf81,chr16:12070422:T:C;chr16:12070486:T:G;var1;middle;OL41,K562,K562_region_00737,100,164,64,GGGACGAAGTCGCCCCATCACTCGTGGGAACCTCAGGAAGGCAGGGGAGGCGTCTTGGGCACTTGGGGACAGCGACGCCTCCTCGCGGGGTCTCGGGTTTACCCTGAGTCTCCAGCCCGCGTAGCCTCAGCACCGCTCTCCACACCGGGTCCGGCGACTTGGATCTGCGCCGCGGTTTACGTTCCGGGTCGGCGGGCGGG,c829d348a7e805690805599c6586cabe882c7b3c574918ec85d9042edc09d68c,0.0,GGGACGAAGTCGCCCCATCACTCGTGGGAACCTCAGGAAGGCAGGGGAGGCGTCTTGGGCACTTGGGGACAGCGACGCCTCCTCGCGGGGTCTCGGGTTCACCCTGAGTCTCCAGCCCGCGTAGCCTCAGCACCGCTCTCCACACCGGGTCCGGCGACTTGGATCTGCGCCGCGGTTTACGTTCCGGGTCGGCGGGCGGG,d1dc73326e30cad3b5c23dc2b82484eca9d7c4b9c5aa42efd2a17f4a90a88943,-0.402004827816294,GGGACGAAGTCGCCCCATCACTCGTGGGAACCTCAGGAAGGCAGGGGAGGCGTCTTGGGCACTTGGGGACAGCGACGCCTCCTCGCGGGGTCTCGGGTTTACCCTGAGTCTCCAGCCCGCGTAGCCTCAGCACCGCTCTCCACACCGGGTCCGGCGACTTGGAGCTGCGCCGCGGTTTACGTTCCGGGTCGGCGGGCGGG,40988366a152ba733dc4e9f28231278b534b893739411a4c1b05e2abb3d93d35,-0.0881737101623369,GGGACGAAGTCGCCCCATCACTCGTGGGAACCTCAGGAAGGCAGGGGAGGCGTCTTGGGCACTTGGGGACAGCGACGCCTCCTCGCGGGGTCTCGGGTTCACCCTGAGTCTCCAGCCCGCGTAGCCTCAGCACCGCTCTCCACACCGGGTCCGGCGACTTGGAGCTGCGCCGCGGTTTACGTTCCGGGTCGGCGGGCGGG,9de2107d7d8abf814b1ecb1461a29f50cd3a78f06aecd1a3ae3f3e66608c31ac,0.0496222405923679,0.5398007785709987,0.324037022716604,-372.8035040781833,-370.1163069503382,-381.6383603182621,-380.02854210324585,-1.0773789128288627,-1.0,-0.5398007785709987,0.0,2,0.17362571756494075,0.17490732828716207,0.146091925319964,0.10190461818202787,1.0
chr16:12071159:C:A;chr16:12071213:C:T;var1;middle;OL41|K562|e365f6e403001766,chr16:12071159:C:A;chr16:12071213:C:T;var1;middle;OL41,K562,K562_region_00738,100,154,54,CCAGTCATCCCCGCTACCCAGGCCCCTGGTCTCCAGTCCCTGCAGTTTCCACACAGGCATAGTCTTTCTGGACAGTTAGTTTGCTGACCCCAGTACCCCCGTGTCCCAGGAGCTTCTGGTCCCCAGAGGAGCTCAATTCTGCAACCCGTTTGTCTTCCCCATCCCTCTCATCCCTCCCACCCCTGTTCCCAGTGCTTTGC,9dd59ea750ea13242f6ae1689143e288120a185f279b03d68d952a93c49b64ec,0.0,CCAGTCATCCCCGCTACCCAGGCCCCTGGTCTCCAGTCCCTGCAGTTTCCACACAGGCATAGTCTTTCTGGACAGTTAGTTTGCTGACCCCAGTACCCCAGTGTCCCAGGAGCTTCTGGTCCCCAGAGGAGCTCAATTCTGCAACCCGTTTGTCTTCCCCATCCCTCTCATCCCTCCCACCCCTGTTCCCAGTGCTTTGC,afbb0f602244474728281bfdff3d98fd48c21697f1e17a2094ffa902f9053a6b,-0.271502498441863,CCAGTCATCCCCGCTACCCAGGCCCCTGGTCTCCAGTCCCTGCAGTTTCCACACAGGCATAGTCTTTCTGGACAGTTAGTTTGCTGACCCCAGTACCCCCGTGTCCCAGGAGCTTCTGGTCCCCAGAGGAGCTCAATTCTGCAACCCGTTTGTTTTCCCCATCCCTCTCATCCCTCCCACCCCTGTTCCCAGTGCTTTGC,3f8dc8498f4463064d362acb9a41ebc5eb4d264891176981525b26814e531eff,-0.469643001553394,CCAGTCATCCCCGCTACCCAGGCCCCTGGTCTCCAGTCCCTGCAGTTTCCACACAGGCATAGTCTTTCTGGACAGTTAGTTTGCTGACCCCAGTACCCCAGTGTCCCAGGAGCTTCTGGTCCCCAGAGGAGCTCAATTCTGCAACCCGTTTGTTTTCCCCATCCCTCTCATCCCTCCCACCCCTGTTCCCAGTGCTTTGC,e365f6e4030017665b9461fb28ca855e3bcee6a778d94b241b9b782b88564447,0.053140690656265,0.7942861906515221,0.53562464353706,-241.59353376924992,-235.3788307830692,-242.78168254345653,-236.3619867190719,0.2049928382038786,-1.0,-0.7942861906515221,0.0,3,0.18188588931188857,0.18106719778262317,0.1474303780702046,0.24165807254027433,1.0
chr16:12072124:G:A;chr16:12072161:G:A;var1;middle;OL41|K562|587894f68e709a40,chr16:12072124:G:A;chr16:12072161:G:A;var1;middle;OL41,K562,K562_region_00739,100,137,37,GAGGGGGAGTTTCCTGGGAGATAATCCACCTTTGGTTGCAAATCAAATGATTTTAAGCCTAAGTATGGTTTCTGATTCGTGAATGTTAGTAATACCTCAGTAAAGATGTTATGAGCTGGCTTCCCCCAGGAGCTGAGGTAGGTTGGTGTAAGTGCAGGCCCTGAGGCCAGACATCCTGGGTTCAAATCTTGGCCCTGCCA,a3cb35ae2242fd0212d3274f5291f84e93ae3e0e60fea9b6ef8f5c9d9da75dca,0.0,GAGGGGGAGTTTCCTGGGAGATAATCCACCTTTGGTTGCAAATCAAATGATTTTAAGCCTAAGTATGGTTTCTGATTCGTGAATGTTAGTAATACCTCAATAAAGATGTTATGAGCTGGCTTCCCCCAGGAGCTGAGGTAGGTTGGTGTAAGTGCAGGCCCTGAGGCCAGACATCCTGGGTTCAAATCTTGGCCCTGCCA,751b389d4de60c0a4650288876b03f9aef19b25f8c19cf26ddf0918dfbd5b023,-0.0341184510575923,GAGGGGGAGTTTCCTGGGAGATAATCCACCTTTGGTTGCAAATCAAATGATTTTAAGCCTAAGTATGGTTTCTGATTCGTGAATGTTAGTAATACCTCAGTAAAGATGTTATGAGCTGGCTTCCCCCAGGAGCTGAAGTAGGTTGGTGTAAGTGCAGGCCCTGAGGCCAGACATCCTGGGTTCAAATCTTGGCCCTGCCA,b7778047dab9c93b919d736667190e749d9b27b364a3994ac14f6f260fb7fa6a,-0.309512483091849,GAGGGGGAGTTTCCTGGGAGATAATCCACCTTTGGTTGCAAATCAAATGATTTTAAGCCTAAGTATGGTTTCTGATTCGTGAATGTTAGTAATACCTCAATAAAGATGTTATGAGCTGGCTTCCCCCAGGAGCTGAAGTAGGTTGGTGTAAGTGCAGGCCCTGAGGCCAGACATCCTGGGTTCAAATCTTGGCCCTGCCA,587894f68e709a40d41182196e371ee51e4485f207cd2e215b6a0a9dde240d4d,-0.2834296988053,0.0602012353441412,0.225608712481255,-269.42041009292006,-266.5728803258389,-271.03484750539064,-269.6809456255287,-1.4936278872191906,-1.0,-0.0602012353441412,0.0,4,0.17434810696903508,0.17620727786206916,0.145609630836647,0.2076351796453262,1.0
chr16:12072124:G:A;chr16:12072203:G:A;var1;middle;OL41|K562|1d5214320a390623,chr16:12072124:G:A;chr16:12072203:G:A;var1;middle;OL41,K562,K562_region_00739,100,179,79,GAGGGGGAGTTTCCTGGGAGATAATCCACCTTTGGTTGCAAATCAAATGATTTTAAGCCTAAGTATGGTTTCTGATTCGTGAATGTTAGTAATACCTCAGTAAAGATGTTATGAGCTGGCTTCCCCCAGGAGCTGAGGTAGGTTGGTGTAAGTGCAGGCCCTGAGGCCAGACATCCTGGGTTCAAATCTTGGCCCTGCCA,a3cb35ae2242fd0212d3274f5291f84e93ae3e0e60fea9b6ef8f5c9d9da75dca,0.0,GAGGGGGAGTTTCCTGGGAGATAATCCACCTTTGGTTGCAAATCAAATGATTTTAAGCCTAAGTATGGTTTCTGATTCGTGAATGTTAGTAATACCTCAATAAAGATGTTATGAGCTGGCTTCCCCCAGGAGCTGAGGTAGGTTGGTGTAAGTGCAGGCCCTGAGGCCAGACATCCTGGGTTCAAATCTTGGCCCTGCCA,751b389d4de60c0a4650288876b03f9aef19b25f8c19cf26ddf0918dfbd5b023,-0.0341746081194674,GAGGGGGAGTTTCCTGGGAGATAATCCACCTTTGGTTGCAAATCAAATGATTTTAAGCCTAAGTATGGTTTCTGATTCGTGAATGTTAGTAATACCTCAGTAAAGATGTTATGAGCTGGCTTCCCCCAGGAGCTGAGGTAGGTTGGTGTAAGTGCAGGCCCTGAGGCCAGACATCCTGAGTTCAAATCTTGGCCCTGCCA,044af6e91d676ca42cd5efbe60a306cff0a82881f879d93ec5a1f328a5bef7c6,0.103720149534737,GAGGGGGAGTTTCCTGGGAGATAATCCACCTTTGGTTGCAAATCAAATGATTTTAAGCCTAAGTATGGTTTCTGATTCGTGAATGTTAGTAATACCTCAATAAAGATGTTATGAGCTGGCTTCCCCCAGGAGCTGAGGTAGGTTGGTGTAAGTGCAGGCCCTGAGGCCAGACATCCTGAGTTCAAATCTTGGCCCTGCCA,1d5214320a39062381e008fa76b4098afecfe489e129facc7e844252020f9ce2,-0.10097842135104,0.1705239627663096,0.234173521912208,-269.42041009292006,-266.5728803258389,-278.8170627215877,-279.1444596834481,3.1749267289415,1.0,0.1705239627663096,0.0,4,0.18013436639990743,0.17620727786206916,0.145609630836647,0.1537476810301665,1.0
chr16:12072161:G:A;chr16:12072203:G:A;var1;middle;OL41|K562|2b912d8a989486ca,chr16:12072161:G:A;chr16:12072203:G:A;var1;middle;OL41,K562,K562_region_00739,100,142,42,GCAAATCAAATGATTTTAAGCCTAAGTATGGTTTCTGATTCGTGAATGTTAGTAATACCTCAGTAAAGATGTTATGAGCTGGCTTCCCCCAGGAGCTGAGGTAGGTTGGTGTAAGTGCAGGCCCTGAGGCCAGACATCCTGGGTTCAAATCTTGGCCCTGCCACATAAACCTGTGTTATTTAAGAGTAAGTTCTCGACCA,92dbe45c61005cf490f2089b5091aeec0e50a71e2c5cc32b4acb888c55dbc175,0.0,GCAAATCAAATGATTTTAAGCCTAAGTATGGTTTCTGATTCGTGAATGTTAGTAATACCTCAGTAAAGATGTTATGAGCTGGCTTCCCCCAGGAGCTGAAGTAGGTTGGTGTAAGTGCAGGCCCTGAGGCCAGACATCCTGGGTTCAAATCTTGGCCCTGCCACATAAACCTGTGTTATTTAAGAGTAAGTTCTCGACCA,9dd11c4e6afd8b11148fbdc38c98aeb481f0d6051933605ecd4fc2a249bc5af8,-0.0807256782186921,GCAAATCAAATGATTTTAAGCCTAAGTATGGTTTCTGATTCGTGAATGTTAGTAATACCTCAGTAAAGATGTTATGAGCTGGCTTCCCCCAGGAGCTGAGGTAGGTTGGTGTAAGTGCAGGCCCTGAGGCCAGACATCCTGAGTTCAAATCTTGGCCCTGCCACATAAACCTGTGTTATTTAAGAGTAAGTTCTCGACCA,c6c52216d9cb8091bc08900f8e5614480dd580aaede7874a38e83b67d3bc992d,-0.0267206332840356,GCAAATCAAATGATTTTAAGCCTAAGTATGGTTTCTGATTCGTGAATGTTAGTAATACCTCAGTAAAGATGTTATGAGCTGGCTTCCCCCAGGAGCTGAAGTAGGTTGGTGTAAGTGCAGGCCCTGAGGCCAGACATCCTGAGTTCAAATCTTGGCCCTGCCACATAAACCTGTGTTATTTAAGAGTAAGTTCTCGACCA,2b912d8a989486cafb2c2afc223d424a1b434ad6b0cf3eb1c8d966b64cf4c685,-0.129571055077205,0.0221247435744773,0.247211944900928,-269.3257386861369,-266.29582494311035,-264.3697827430442,-262.49056172464043,1.150692724622786,1.0,0.0221247435744773,0.0,4,0.1776255078642834,0.17620727786206916,0.145609630836647,0.1801566351756477,1.0
chr16:1484338:A:G;chr16:1484392:G:C;var1;middle;OL41|K562|c561669ef0c34593,chr16:1484338:A:G;chr16:1484392:G:C;var1;middle;OL41,K562,K562_region_00693,100,154,54,TTGGGCAGGACAGGAAGAGTCATGGGGGTCAAGAGACTGGGTCCCTCCAAGCTTGGGCACCCCCGCTGCCAGGGACCTCGCCACCCCGCTCAGCCCCACAGGCCCTGGGTAGGCTGTCTCCCAGCACACATCAGGGAACCTCAGCTCTAATGAGTACAAAGCCAGCACGTTTATTTCTGGATAAACAGTGAGGGTGTGAG,b7efc2511359dd90b36cdb03c190c37c2c5596fc73584e7ec6a7aae2bd9f6fab,0.0,TTGGGCAGGACAGGAAGAGTCATGGGGGTCAAGAGACTGGGTCCCTCCAAGCTTGGGCACCCCCGCTGCCAGGGACCTCGCCACCCCGCTCAGCCCCACGGGCCCTGGGTAGGCTGTCTCCCAGCACACATCAGGGAACCTCAGCTCTAATGAGTACAAAGCCAGCACGTTTATTTCTGGATAAACAGTGAGGGTGTGAG,bc092c2ff31a46be48561769fb7cf03fbff4e678485dfdf04a7d28937183a766,0.282001026178204,TTGGGCAGGACAGGAAGAGTCATGGGGGTCAAGAGACTGGGTCCCTCCAAGCTTGGGCACCCCCGCTGCCAGGGACCTCGCCACCCCGCTCAGCCCCACAGGCCCTGGGTAGGCTGTCTCCCAGCACACATCAGGGAACCTCAGCTCTAATGACTACAAAGCCAGCACGTTTATTTCTGGATAAACAGTGAGGGTGTGAG,a91cb7532afccfa8a1f137d05b7a399b67aec443e12254a3eb4d79b00f35eb90,0.249814295301858,TTGGGCAGGACAGGAAGAGTCATGGGGGTCAAGAGACTGGGTCCCTCCAAGCTTGGGCACCCCCGCTGCCAGGGACCTCGCCACCCCGCTCAGCCCCACGGGCCCTGGGTAGGCTGTCTCCCAGCACACATCAGGGAACCTCAGCTCTAATGACTACAAAGCCAGCACGTTTATTTCTGGATAAACAGTGAGGGTGTGAG,c561669ef0c34593f7d673d84411da1e617e38ef833e0dd0597fe0917d04c425,0.348879232618805,0.182936088861257,0.283988573606757,-237.01668060570955,-239.48020413517952,-235.88490173965693,-238.4974502250552,0.14902495592829723,1.0,0.182936088861257,0.0,2,0.1754114607548338,0.17490732828716207,0.146091925319964,0.313853223156208,1.0
chr16:1486875:C:T;chr16:1486926:C:G;var1;middle;OL41|K562|3b1891848c78606c,chr16:1486875:C:T;chr16:1486926:C:G;var1;middle;OL41,K562,K562_region_00694,100,151,51,GGGACTTCCTCTCTGCACCTTCCCATTCGGTCTTTGCCTGGGGTACAGATGCCCAGTGAGGGACAAAGCCAAGAGAGGGGGGACAGACAGATGGAAAGACGGACACGGGGAGCTCTGGGGAGCAGGCGGCCCCCACCCCCACTTCCAGCTCTGAGACATTTGTGCACAGGCCTGCAGGCGGCTGGGATGGCCTGGCCGGG,077b31227631c568851dde9794a08e32aaaaf2d16f4f60309f94fb9193535034,0.0,GGGACTTCCTCTCTGCACCTTCCCATTCGGTCTTTGCCTGGGGTACAGATGCCCAGTGAGGGACAAAGCCAAGAGAGGGGGGACAGACAGATGGAAAGATGGACACGGGGAGCTCTGGGGAGCAGGCGGCCCCCACCCCCACTTCCAGCTCTGAGACATTTGTGCACAGGCCTGCAGGCGGCTGGGATGGCCTGGCCGGG,8546025fab367274a933bee4f092d4a5abd822e43ac2487dc7606fb782e55fa7,0.106115716387482,GGGACTTCCTCTCTGCACCTTCCCATTCGGTCTTTGCCTGGGGTACAGATGCCCAGTGAGGGACAAAGCCAAGAGAGGGGGGACAGACAGATGGAAAGACGGACACGGGGAGCTCTGGGGAGCAGGCGGCCCCCACCCCCACTTCCAGCTGTGAGACATTTGTGCACAGGCCTGCAGGCGGCTGGGATGGCCTGGCCGGG,bd569230517768c3fa313e0dbe6042162d1719d5731f48cbc0d19cec6779d0de,0.118905010282932,GGGACTTCCTCTCTGCACCTTCCCATTCGGTCTTTGCCTGGGGTACAGATGCCCAGTGAGGGACAAAGCCAAGAGAGGGGGGACAGACAGATGGAAAGATGGACACGGGGAGCTCTGGGGAGCAGGCGGCCCCCACCCCCACTTCCAGCTGTGAGACATTTGTGCACAGGCCTGCAGGCGGCTGGGATGGCCTGGCCGGG,3b1891848c78606c5afa5022c41b5727e12e7f5a4e7b3e4946022a193090ad8c,-0.317214280430013,0.5422350071004269,0.266550044031183,-253.42639068420976,-237.70184287801385,-283.4241981203668,-272.9403152279556,5.2406649137847126,1.0,0.5422350071004269,0.0,4,0.18269466568662587,0.17620727786206916,0.145609630836647,0.24556371422992054,1.0
chr16:1488015:A:G;chr16:1488039:C:T;var1;middle;OL41|K562|2a71e2150ef2ae2e,chr16:1488015:A:G;chr16:1488039:C:T;var1;middle;OL41,K562,K562_region_00695,100,124,24,GCGCCACGGATGCCTCCAGAGCCCGGCTCTTCTCTCGGAGCTGCAGGGGACAGGTGGGCACGGGGAGGCCTGGCTGAGCGCCCATCCCGTGTGCGTGGGAGACCCCGTTGGGGACATGTTGCGCTACCCCCTCACCAGCACCAGCTCTCCATGCATCTCCTGCCGGGCCAGCTCGCCAGCCAGCTGTGCGGCCTCCAGGT,b583e386120f8603cb0aff0d953b3879365d2ec20cb5cd14661d4b56d655003c,0.0,GCGCCACGGATGCCTCCAGAGCCCGGCTCTTCTCTCGGAGCTGCAGGGGACAGGTGGGCACGGGGAGGCCTGGCTGAGCGCCCATCCCGTGTGCGTGGGGGACCCCGTTGGGGACATGTTGCGCTACCCCCTCACCAGCACCAGCTCTCCATGCATCTCCTGCCGGGCCAGCTCGCCAGCCAGCTGTGCGGCCTCCAGGT,fdec5de1b5c939466dd662e84e507459a96e20d3c2268da2baa32732e5096bee,0.325227975786608,GCGCCACGGATGCCTCCAGAGCCCGGCTCTTCTCTCGGAGCTGCAGGGGACAGGTGGGCACGGGGAGGCCTGGCTGAGCGCCCATCCCGTGTGCGTGGGAGACCCCGTTGGGGACATGTTGCGTTACCCCCTCACCAGCACCAGCTCTCCATGCATCTCCTGCCGGGCCAGCTCGCCAGCCAGCTGTGCGGCCTCCAGGT,5ffe17da70a7658357f861db4fa5c7cbda63606b863b66c944dc87bd3e458b8f,-0.657906844446374,GCGCCACGGATGCCTCCAGAGCCCGGCTCTTCTCTCGGAGCTGCAGGGGACAGGTGGGCACGGGGAGGCCTGGCTGAGCGCCCATCCCGTGTGCGTGGGGGACCCCGTTGGGGACATGTTGCGTTACCCCCTCACCAGCACCAGCTCTCCATGCATCTCCTGCCGGGCCAGCTCGCCAGCCAGCTGTGCGGCCTCCAGGT,2a71e2150ef2ae2e4890acdf3c915c5924d9c1d5d0e9a31e490ea94dc687fd8b,-0.296721986596632,0.035956882063134,0.456849025514403,-226.6203427221626,-220.7120788670145,-221.33801517169923,-219.0272790985182,-3.5975277819670737,-1.0,-0.035956882063134,0.0,2,0.16995617705285732,0.17490732828716207,0.146091925319964,0.19899019874842921,1.0
chr16:1488141:C:T;chr16:1488224:T:C;var1;middle;OL41|K562|90b7af2ec084ce65,chr16:1488141:C:T;chr16:1488224:T:C;var1;middle;OL41,K562,K562_region_00695,100,183,83,CCCCCTCACCAGCACCAGCTCTCCATGCATCTCCTGCCGGGCCAGCTCGCCAGCCAGCTGTGCGGCCTCCAGGTTCTCCTGCACATAGGCGGCCAGCTCCCCAGCCCGGCTTTCCTCCAAGCGCCCCTTGGCGTCCCTAGGGGTTGGGGACACATAGACACCCTCAGTGGAGCCTGCCCACCTCTCAGCCCTGGGCCAGG,78bbf3984aa6fa3436711016ce9cfd0b892dd0e01918600a178df91c79e20da2,0.0,CCCCCTCACCAGCACCAGCTCTCCATGCATCTCCTGCCGGGCCAGCTCGCCAGCCAGCTGTGCGGCCTCCAGGTTCTCCTGCACATAGGCGGCCAGCTCTCCAGCCCGGCTTTCCTCCAAGCGCCCCTTGGCGTCCCTAGGGGTTGGGGACACATAGACACCCTCAGTGGAGCCTGCCCACCTCTCAGCCCTGGGCCAGG,498ba36d8596e5549f181862ddff63ae3dd134cc06de7d0aa5703fa7a71b5dd7,-0.497955111948529,CCCCCTCACCAGCACCAGCTCTCCATGCATCTCCTGCCGGGCCAGCTCGCCAGCCAGCTGTGCGGCCTCCAGGTTCTCCTGCACATAGGCGGCCAGCTCCCCAGCCCGGCTTTCCTCCAAGCGCCCCTTGGCGTCCCTAGGGGTTGGGGACACATAGACACCCTCAGTGGAGCCTGCCCACCCCTCAGCCCTGGGCCAGG,8abe022b298d3653f79f8e3c84e3af1122917896c7d9e8e433a32f487692fe27,-0.0780604875982363,CCCCCTCACCAGCACCAGCTCTCCATGCATCTCCTGCCGGGCCAGCTCGCCAGCCAGCTGTGCGGCCTCCAGGTTCTCCTGCACATAGGCGGCCAGCTCTCCAGCCCGGCTTTCCTCCAAGCGCCCCTTGGCGTCCCTAGGGGTTGGGGACACATAGACACCCTCAGTGGAGCCTGCCCACCCCTCAGCCCTGGGCCAGG,90b7af2ec084ce65de8bade693c10505a3f55727e50b86f6db82845304ec66c6,0.312854829370421,0.8888704289171863,0.771109669136899,-197.16552432766184,-199.5521278353408,-194.7483608010225,-197.24697982426733,-0.11201551556587219,-1.0,-0.8888704289171863,0.0,2,0.17503136472274156,0.17490732828716207,0.146091925319964,0.3833014849544366,1.0
chr16:1488378:A:C;chr16:1488435:T:C;var1;middle;OL41|K562|0359cb92eb5ee843,chr16:1488378:A:C;chr16:1488435:T:C;var1;middle;OL41,K562,K562_region_00696,100,157,57,AGACCCTGGGATCGGAAGATGGGGTGCGGTCACAGTGCCACCAACACGGGTTCACTCCCCATGGCCACCAAGATGGGCGTTCACTCCCCACGGCCACCAAGACAGGGGTTCCCTCCCCATGGCCACAGCTGAGTGCCCCAGGGAGGGCAGGCTGGGTGAGGGACAGGAGGCCCCACAGGAGGGAGGAGGGTTCGCACCAT,3e72c0f389eec1643190651b94f1193a8283802357344cb8740280d165484d0f,0.0,AGACCCTGGGATCGGAAGATGGGGTGCGGTCACAGTGCCACCAACACGGGTTCACTCCCCATGGCCACCAAGATGGGCGTTCACTCCCCACGGCCACCACGACAGGGGTTCCCTCCCCATGGCCACAGCTGAGTGCCCCAGGGAGGGCAGGCTGGGTGAGGGACAGGAGGCCCCACAGGAGGGAGGAGGGTTCGCACCAT,ea72188dfbb80d509cc37d27ed9f1be3b14829f115945d71b6a724ed48fee115,0.0963030169906903,AGACCCTGGGATCGGAAGATGGGGTGCGGTCACAGTGCCACCAACACGGGTTCACTCCCCATGGCCACCAAGATGGGCGTTCACTCCCCACGGCCACCAAGACAGGGGTTCCCTCCCCATGGCCACAGCTGAGTGCCCCAGGGAGGGCAGGCTGGGCGAGGGACAGGAGGCCCCACAGGAGGGAGGAGGGTTCGCACCAT,4f027235d65ffec2326f53262f8d4b068b33ac3faa77d8d81e70484a94d501f7,-0.240178097068933,AGACCCTGGGATCGGAAGATGGGGTGCGGTCACAGTGCCACCAACACGGGTTCACTCCCCATGGCCACCAAGATGGGCGTTCACTCCCCACGGCCACCACGACAGGGGTTCCCTCCCCATGGCCACAGCTGAGTGCCCCAGGGAGGGCAGGCTGGGCGAGGGACAGGAGGCCCCACAGGAGGGAGGAGGGTTCGCACCAT,0359cb92eb5ee8431f876c0db04d498cd9fa7582598f2835735b0b49b30767c9,0.354141815871099,0.4980168959493417,0.410631691340698,-187.4077762383968,-199.14417445845905,-189.2663945932873,-201.3000677390956,-0.2972749257460521,-1.0,-0.4980168959493417,0.0,3,0.18087422890895588,0.18106719778262317,0.1474303780702046,0.3370805535475333,1.0
chr16:1508975:C:A;chr16:1508988:T:C;var1;middle;OL41|K562|ef97bffeaa678d32,chr16:1508975:C:A;chr16:1508988:T:C;var1;middle;OL41,K562,K562_region_00697,100,113,13,TTCTGTATGACTACTCATTTCTTACGTAATTTAATATGTGCAAATACCAGTTGTTACCACTTTCAGAAAAAAAGGTGACCCCTTCACACCCAGCCAGCCCATCTGCACACAGTGCCACCAGTACACAGGGTGGCTGAGGCCAGTTCTGGAAGGCAGGCAGCCAAGAGAGCTGCTCCTGAACCAGCAAAGAGCGGGCGCCC,3e228a269fb91d97aff1de3b79452de8585fa6a40cc58d968f060c62a96c32fa,0.0,TTCTGTATGACTACTCATTTCTTACGTAATTTAATATGTGCAAATACCAGTTGTTACCACTTTCAGAAAAAAAGGTGACCCCTTCACACCCAGCCAGCCAATCTGCACACAGTGCCACCAGTACACAGGGTGGCTGAGGCCAGTTCTGGAAGGCAGGCAGCCAAGAGAGCTGCTCCTGAACCAGCAAAGAGCGGGCGCCC,f1314235f4e53baeafeb80a0eb266a3a3a7610e3abee151112fdab727b6b38f5,-0.161434139805482,TTCTGTATGACTACTCATTTCTTACGTAATTTAATATGTGCAAATACCAGTTGTTACCACTTTCAGAAAAAAAGGTGACCCCTTCACACCCAGCCAGCCCATCTGCACACAGCGCCACCAGTACACAGGGTGGCTGAGGCCAGTTCTGGAAGGCAGGCAGCCAAGAGAGCTGCTCCTGAACCAGCAAAGAGCGGGCGCCC,2bfa8ee4e15b2493b9d1277fd7e1ed4416ccc225a467d977a121efac8ce068c7,1.27628548307629,TTCTGTATGACTACTCATTTCTTACGTAATTTAATATGTGCAAATACCAGTTGTTACCACTTTCAGAAAAAAAGGTGACCCCTTCACACCCAGCCAGCCAATCTGCACACAGCGCCACCAGTACACAGGGTGGCTGAGGCCAGTTCTGGAAGGCAGGCAGCCAAGAGAGCTGCTCCTGAACCAGCAAAGAGCGGGCGCCC,ef97bffeaa678d3275d99170295457b4ac426c854dfd202dd21aa393a8abbe32,2.18692310672002,1.072071763449212,0.289770477678535,-357.6002949825488,-366.57205288205296,-362.88109836308286,-371.521814789623,0.3310414729639888,-1.0,-1.072071763449212,0.0,4,0.17660962282600634,0.17620727786206916,0.145609630836647,0.1522523200013291,1.0
chr16:1510634:G:A;chr16:1510707:C:G;var1;middle;OL41|K562|09801c5a6b9f21f3,chr16:1510634:G:A;chr16:1510707:C:G;var1;middle;OL41,K562,K562_region_00698,100,173,73,CTCATCAAGGAGGGCTGGCTGCTTCCCCGTCATGACCACCCAGCCCAGACCTCAGCCCTGCCCCACAGACCAGCCTGGCAGATGCCACCCTGCTGGGTGGAGCCATGATGTTCACTGGACATCCCAGAGACGTCTCACGGCCCAACCATGACAGGGACACAGCCAGCCTGGCCGGGCCGCCTCCACCTGCACTGGAACAC,bedcc2f8efdcd2ec88780a015f04cfb230f8c1d5150e25b2c4ed2e5f4aef5a40,0.0,CTCATCAAGGAGGGCTGGCTGCTTCCCCGTCATGACCACCCAGCCCAGACCTCAGCCCTGCCCCACAGACCAGCCTGGCAGATGCCACCCTGCTGGGTGAAGCCATGATGTTCACTGGACATCCCAGAGACGTCTCACGGCCCAACCATGACAGGGACACAGCCAGCCTGGCCGGGCCGCCTCCACCTGCACTGGAACAC,79e504406e50987fcc030527cfa5a51b8d7a18a8c51d7bf4c5d1028dbac3ffd7,-0.492505091940034,CTCATCAAGGAGGGCTGGCTGCTTCCCCGTCATGACCACCCAGCCCAGACCTCAGCCCTGCCCCACAGACCAGCCTGGCAGATGCCACCCTGCTGGGTGGAGCCATGATGTTCACTGGACATCCCAGAGACGTCTCACGGCCCAACCATGACAGGGACACAGCCAGCCTGGCGGGGCCGCCTCCACCTGCACTGGAACAC,91c99cc2cf6ac2afe91678d91c2df14b37bbd621311f3a1e07dc6df9e7d90ef7,-0.221132510808437,CTCATCAAGGAGGGCTGGCTGCTTCCCCGTCATGACCACCCAGCCCAGACCTCAGCCCTGCCCCACAGACCAGCCTGGCAGATGCCACCCTGCTGGGTGAAGCCATGATGTTCACTGGACATCCCAGAGACGTCTCACGGCCCAACCATGACAGGGACACAGCCAGCCTGGCGGGGCCGCCTCCACCTGCACTGGAACAC,09801c5a6b9f21f3b55849a79fba7b8838858d5171f7d9b943c9eae6460d707f,-0.0886138230383638,0.6250237797101071,0.548757786400038,-261.46638582646847,-266.131045027636,-264.3167386902496,-268.6388738108799,0.3425240805372596,-1.0,-0.6250237797101071,0.0,4,0.176623854499795,0.17620727786206916,0.145609630836647,0.24385584020533918,1.0
chr16:1511758:A:G;chr16:1511811:C:T;var1;middle;OL41|K562|15601da1684215f2,chr16:1511758:A:G;chr16:1511811:C:T;var1;middle;OL41,K562,K562_region_00699,100,153,53,TGTGGAGGGTCCATATCCTGTGGCAGAAAAAGGCAAAGAGAGAAGCACAGTTGACAAGGCCACAAGGAGAGAGGCCCCTCTCAGCTCACACACGAGGCCATTATCATCCCGACACCAAGGACAAGGACACAGCAAGAGAACTGCACATGGGGCGCGGTGGCTGACACCTACAATCCCAGCACTTTGGGAGGCCGAGGCAA,c35f3ec9165752a3eb106664ef1c640a9353f9c02b6aadaa9f5f3eba7915f0ae,0.0,TGTGGAGGGTCCATATCCTGTGGCAGAAAAAGGCAAAGAGAGAAGCACAGTTGACAAGGCCACAAGGAGAGAGGCCCCTCTCAGCTCACACACGAGGCCGTTATCATCCCGACACCAAGGACAAGGACACAGCAAGAGAACTGCACATGGGGCGCGGTGGCTGACACCTACAATCCCAGCACTTTGGGAGGCCGAGGCAA,a85afa8f238fb70bd2d26eeaf599ba7a2a3fe3e541007e38f658eb0879a565fc,0.0668956997347681,TGTGGAGGGTCCATATCCTGTGGCAGAAAAAGGCAAAGAGAGAAGCACAGTTGACAAGGCCACAAGGAGAGAGGCCCCTCTCAGCTCACACACGAGGCCATTATCATCCCGACACCAAGGACAAGGACACAGCAAGAGAACTGCACATGGGGTGCGGTGGCTGACACCTACAATCCCAGCACTTTGGGAGGCCGAGGCAA,ac43e676faaabd0ef52292d30fe2ec28ab1d611782d5c46870dc96c724c59856,-0.162192714654244,TGTGGAGGGTCCATATCCTGTGGCAGAAAAAGGCAAAGAGAGAAGCACAGTTGACAAGGCCACAAGGAGAGAGGCCCCTCTCAGCTCACACACGAGGCCGTTATCATCCCGACACCAAGGACAAGGACACAGCAAGAGAACTGCACATGGGGTGCGGTGGCTGACACCTACAATCCCAGCACTTTGGGAGGCCGAGGCAA,15601da1684215f207ccaa5f52f06d1509eb33de51c1e37a35115dcd1ccb9cb6,-0.0525879988433779,0.042709016076098,0.286105796370087,-202.4063618928194,-205.91818089503795,-201.5772259524092,-205.55056078825143,-0.4615158336236789,-1.0,-0.042709016076098,0.0,3,0.18054341726829864,0.18106719778262317,0.1474303780702046,0.15673594617016742,1.0
chr16:15129158:A:G;chr16:15129162:A:G;var1;middle;OL41|K562|b3fee0bf85daeeff,chr16:15129158:A:G;chr16:15129162:A:G;var1;middle;OL41,K562,K562_region_00740,100,104,4,TCCCTGTTGGGCCTGGCTCCCTGGGTGTGCTTACGCCATACTGCTGGCGGATGCTGGCGGTACTGGCCCTGTGAGGTGGCTTTCTCTAGCTCACGGCACATTCATAAGTGCCCTTCTCTCCACCAGTCTGTGGCAGGCTCAGTGGCTGGAAGGAGGTTATTGGGGAGCAAGGCTGTGTGAGGGCAGGTGGTGTCTTCAAG,9d78e51da101d2893a82a145e750bc1ec1bbb5ceb3cf742957e90e52ded89064,0.0,TCCCTGTTGGGCCTGGCTCCCTGGGTGTGCTTACGCCATACTGCTGGCGGATGCTGGCGGTACTGGCCCTGTGAGGTGGCTTTCTCTAGCTCACGGCACGTTCATAAGTGCCCTTCTCTCCACCAGTCTGTGGCAGGCTCAGTGGCTGGAAGGAGGTTATTGGGGAGCAAGGCTGTGTGAGGGCAGGTGGTGTCTTCAAG,aa6c1057de221da7b30394dbe9724f49066ef55faa335035f0761fc0ad2af4b9,-0.0862008552083576,TCCCTGTTGGGCCTGGCTCCCTGGGTGTGCTTACGCCATACTGCTGGCGGATGCTGGCGGTACTGGCCCTGTGAGGTGGCTTTCTCTAGCTCACGGCACATTCGTAAGTGCCCTTCTCTCCACCAGTCTGTGGCAGGCTCAGTGGCTGGAAGGAGGTTATTGGGGAGCAAGGCTGTGTGAGGGCAGGTGGTGTCTTCAAG,018c38fd8a0c82710a1e5052f4a34b27f498a07ee3e5f26b6f390fd7ee9915d3,0.0182180308751976,TCCCTGTTGGGCCTGGCTCCCTGGGTGTGCTTACGCCATACTGCTGGCGGATGCTGGCGGTACTGGCCCTGTGAGGTGGCTTTCTCTAGCTCACGGCACGTTCGTAAGTGCCCTTCTCTCCACCAGTCTGTGGCAGGCTCAGTGGCTGGAAGGAGGTTATTGGGGAGCAAGGCTGTGTGAGGGCAGGTGGTGTCTTCAAG,b3fee0bf85daeeff267466e0e9be80a91d2ea378253333663167419ba2f66609,0.228765820031162,0.296748644364322,0.22800705179228,-304.10855107195675,-307.5986334839836,-302.4305089171976,-303.84555819351226,2.0750331357121468,-1.0,-0.296748644364322,0.0,1,0.18447638111583425,0.18216460459877223,0.1501433469024087,0.0579077597550898,1.0
chr16:15227151:G:C;chr16:15227170:G:C;var1;middle;OL41|K562|90b1c22d40118083,chr16:15227151:G:C;chr16:15227170:G:C;var1;middle;OL41,K562,K562_region_00741,100,119,19,CAGGGGTACAGGTCTTGGTCCCCAGCACGCATGCAGCAGATGTGAGGTCCCCTGCCAGGCTGCACTCACCTCGTTCAGGACGGTGACCAGGGCCAGCGAGTACTCGATGACGTGCTGGGGATCGGCCTGCCGCAGCAGCCCCGGGAGCACACTAGCGGTGAGCCCGTGCAGCCAGACTGTGAGCCCCATTGCGCTGCCGT,4f531f044bb77e75ef1ace1488e3f52a70437681afb76b7ca01ccb88d5c4286e,0.0,CAGGGGTACAGGTCTTGGTCCCCAGCACGCATGCAGCAGATGTGAGGTCCCCTGCCAGGCTGCACTCACCTCGTTCAGGACGGTGACCAGGGCCAGCGACTACTCGATGACGTGCTGGGGATCGGCCTGCCGCAGCAGCCCCGGGAGCACACTAGCGGTGAGCCCGTGCAGCCAGACTGTGAGCCCCATTGCGCTGCCGT,676c96eb1e19b31c66b46b68eb527f51f422d3b796e5f3d3fca7ed9a7f7ef35c,0.0824979452920766,CAGGGGTACAGGTCTTGGTCCCCAGCACGCATGCAGCAGATGTGAGGTCCCCTGCCAGGCTGCACTCACCTCGTTCAGGACGGTGACCAGGGCCAGCGAGTACTCGATGACGTGCTGGCGATCGGCCTGCCGCAGCAGCCCCGGGAGCACACTAGCGGTGAGCCCGTGCAGCCAGACTGTGAGCCCCATTGCGCTGCCGT,9498ec8e8a94b004081fe4be8d87e373efe805024f4732ee6f9dc5022427ed92,-0.0424270144328859,CAGGGGTACAGGTCTTGGTCCCCAGCACGCATGCAGCAGATGTGAGGTCCCCTGCCAGGCTGCACTCACCTCGTTCAGGACGGTGACCAGGGCCAGCGACTACTCGATGACGTGCTGGCGATCGGCCTGCCGCAGCAGCCCCGGGAGCACACTAGCGGTGAGCCCGTGCAGCCAGACTGTGAGCCCCATTGCGCTGCCGT,90b1c22d40118083f8626cd9b479958a6ce76a172f7d65563364a24f74e9eb1d,0.0058123054199938,-0.0342586254391969,0.329871490208042,-298.4910682607442,-361.8301340045873,-285.17610666900873,-348.2886396599933,0.2265327528585317,-1.0,0.0342586254391969,0.0,3,0.181929274693756,0.18106719778262317,0.1474303780702046,0.23375061606449796,1.0
chr16:1537455:T:C;chr16:1537458:G:T;var1;middle;OL41|K562|0b2bd04eccbb5068,chr16:1537455:T:C;chr16:1537458:G:T;var1;middle;OL41,K562,K562_region_00700,100,103,3,GGTCTTTTGGGGCAGTCCCACTGAGTACCCGATGGCTGCCTGAGGCTGGAGGCTCCCGCCTCCCTTGGAGAGGGGCCGAGGAGTCCTGTGGGGGGCCCCTGTGCTCAGAGGCAGCTCGGAGCTCCTGCCTGTCCCTCTGAAGCTTCAGGGAGGTCGGGCCCAGCTCCTCAGGCTGGGTTGGGGTTGGGACCAGGGCCGGC,e9110f10078c28cf3ade3fb6cf47f3b5d3bff0cf13c27416571f285f668ef03a,0.0,GGTCTTTTGGGGCAGTCCCACTGAGTACCCGATGGCTGCCTGAGGCTGGAGGCTCCCGCCTCCCTTGGAGAGGGGCCGAGGAGTCCTGTGGGGGGCCCCCGTGCTCAGAGGCAGCTCGGAGCTCCTGCCTGTCCCTCTGAAGCTTCAGGGAGGTCGGGCCCAGCTCCTCAGGCTGGGTTGGGGTTGGGACCAGGGCCGGC,0e0d6e6042e329d29aad51ca1c08cdfae67ebd73c981588b4d13df311dae6c7b,0.222630059719146,GGTCTTTTGGGGCAGTCCCACTGAGTACCCGATGGCTGCCTGAGGCTGGAGGCTCCCGCCTCCCTTGGAGAGGGGCCGAGGAGTCCTGTGGGGGGCCCCTGTTCTCAGAGGCAGCTCGGAGCTCCTGCCTGTCCCTCTGAAGCTTCAGGGAGGTCGGGCCCAGCTCCTCAGGCTGGGTTGGGGTTGGGACCAGGGCCGGC,2d83ff793c2b709fd6c562b02f9ea1c9ffc57ad1c1e1c857d08ec4377832b117,-0.0231588326152859,GGTCTTTTGGGGCAGTCCCACTGAGTACCCGATGGCTGCCTGAGGCTGGAGGCTCCCGCCTCCCTTGGAGAGGGGCCGAGGAGTCCTGTGGGGGGCCCCCGTTCTCAGAGGCAGCTCGGAGCTCCTGCCTGTCCCTCTGAAGCTTCAGGGAGGTCGGGCCCAGCTCCTCAGGCTGGGTTGGGGTTGGGACCAGGGCCGGC,0b2bd04eccbb5068da86fe3f7c0cdd9755cff90882372b2ca81f5c901d988482,0.458479493950886,0.2590082668470259,0.3690694792588,-282.7122024493292,-286.5479903910309,-283.185545217013,-292.8739732536487,-5.852640094934031,-1.0,-0.2590082668470259,0.0,3,0.16968469342831685,0.18106719778262317,0.1474303780702046,0.2215141758334373,1.0
chr16:15498773:G:C;chr16:15498807:T:C;var1;middle;OL41|K562|fcf2b8e777a8bd1c,chr16:15498773:G:C;chr16:15498807:T:C;var1;middle;OL41,K562,K562_region_00742,100,134,34,ATCTCAAAACAAACAAACAAACAAAAAAGAAATGAGGTGAGTTCAGCTTGGGAAATGTTGAATGTCAGATGCCTTTGGCCTATTCAGAGGGAGATTGCCGAAGCACAGAGGAGAGTTCATGGCAGGGTTTAATTATTTTTAGCGCTCACATGTCCCAGATTCGGCCAGTGGGAGTTCCCCCAAGCTGGTTCCTGTGTCCT,6c951f422beaa6c60099bd05c4eb6cde71131bfd5288d0805426c45d5c5803bf,0.0,ATCTCAAAACAAACAAACAAACAAAAAAGAAATGAGGTGAGTTCAGCTTGGGAAATGTTGAATGTCAGATGCCTTTGGCCTATTCAGAGGGAGATTGCCCAAGCACAGAGGAGAGTTCATGGCAGGGTTTAATTATTTTTAGCGCTCACATGTCCCAGATTCGGCCAGTGGGAGTTCCCCCAAGCTGGTTCCTGTGTCCT,55cf3a0d94462bd1e32662d4fef6ef533a80755fc72a512a5447668f33c77c5a,-0.124598267810525,ATCTCAAAACAAACAAACAAACAAAAAAGAAATGAGGTGAGTTCAGCTTGGGAAATGTTGAATGTCAGATGCCTTTGGCCTATTCAGAGGGAGATTGCCGAAGCACAGAGGAGAGTTCATGGCAGGGTTTAATCATTTTTAGCGCTCACATGTCCCAGATTCGGCCAGTGGGAGTTCCCCCAAGCTGGTTCCTGTGTCCT,1e00e637accf79fa72be0f1f49b0cefdc0debb4a963c67d2e928d3e2d604804e,-0.395104613364889,ATCTCAAAACAAACAAACAAACAAAAAAGAAATGAGGTGAGTTCAGCTTGGGAAATGTTGAATGTCAGATGCCTTTGGCCTATTCAGAGGGAGATTGCCCAAGCACAGAGGAGAGTTCATGGCAGGGTTTAATCATTTTTAGCGCTCACATGTCCCAGATTCGGCCAGTGGGAGTTCCCCCAAGCTGGTTCCTGTGTCCT,fcf2b8e777a8bd1cd4f9a9a7a15b245500637401e1fb091b2c6921a0b8036e74,-0.562792388872308,0.043089507696894,0.185546168868871,-251.46440947707745,-230.51684268005192,-251.0069667263888,-231.89785933867097,1.838459409307717,1.0,0.043089507696894,0.0,3,0.18517599384996267,0.18106719778262317,0.1474303780702046,0.04627423469724867,1.0
chr16:1558915:C:T;chr16:1558935:T:C;var1;middle;OL41|K562|4973b781f094152d,chr16:1558915:C:T;chr16:1558935:T:C;var1;middle;OL41,K562,K562_region_00701,100,120,20,AGCTCTGCCCTGTCCCTTCCCAGGACCTGTGCTCAGGGTGGCCGTGAATGTCTTCCCACGGAGCAGCTGGAGGGTCCTGGGCCCAAAGCGTGGGGAGTGCTGTGCTGGGCTTTGCTTCTTTCAAGGGGGGTGAGGCCCCCCAGACACCAGACCCTTGGAGCTGCTGCCCAACCCCTCCTCAGCATGCTGTCGCCCACTCG,0841c26b53ff5477ba703b1a100de0323b256eede277cc8b4d9dc6ce15ee4ef6,0.0,AGCTCTGCCCTGTCCCTTCCCAGGACCTGTGCTCAGGGTGGCCGTGAATGTCTTCCCACGGAGCAGCTGGAGGGTCCTGGGCCCAAAGCGTGGGGAGTGTTGTGCTGGGCTTTGCTTCTTTCAAGGGGGGTGAGGCCCCCCAGACACCAGACCCTTGGAGCTGCTGCCCAACCCCTCCTCAGCATGCTGTCGCCCACTCG,1fa1c3b26e2cf873f6604c9d0bf5c0feba3903391af0712785b3576a0f70c9e4,0.0092316527989797,AGCTCTGCCCTGTCCCTTCCCAGGACCTGTGCTCAGGGTGGCCGTGAATGTCTTCCCACGGAGCAGCTGGAGGGTCCTGGGCCCAAAGCGTGGGGAGTGCTGTGCTGGGCTTTGCTTCTCTCAAGGGGGGTGAGGCCCCCCAGACACCAGACCCTTGGAGCTGCTGCCCAACCCCTCCTCAGCATGCTGTCGCCCACTCG,d4c06ad72c0b08ce2456f8936a695324260b2ae644d2757b45a1ad4002af6f21,-0.131454919695736,AGCTCTGCCCTGTCCCTTCCCAGGACCTGTGCTCAGGGTGGCCGTGAATGTCTTCCCACGGAGCAGCTGGAGGGTCCTGGGCCCAAAGCGTGGGGAGTGTTGTGCTGGGCTTTGCTTCTCTCAAGGGGGGTGAGGCCCCCCAGACACCAGACCCTTGGAGCTGCTGCCCAACCCCTCCTCAGCATGCTGTCGCCCACTCG,4973b781f094152d8e25e9dcd163b80486e49803532d7605be6d62624192c003,-0.32841604488034,0.2061927779835836,0.448677983123087,-245.19369573146105,-256.89905179291964,-240.97475922852755,-245.02459659427404,-7.6555186957120895,1.0,0.2061927779835836,0.0,0,0.1759433946447976,0.18565657667894103,0.15145376406925343,0.13407004074021808,1.0
chr16:16038160:G:C;chr16:16038212:G:A;var1;middle;OL31|K562|40cc9df71057d587,chr16:16038160:G:C;chr16:16038212:G:A;var1;middle;OL31,K562,K562_region_00743,100,152,52,GAGTCCAAGAGTTTGAGGCTACAGTGAGCACCCACTGCTCTCTAGCCTGAAGAACAGAGCAAGAGCAAGATCATAGCTCAAAAAAATTTTTTTAATTGAGTTTAACTTTCATAGAGCAAAGTACAGCAACTTTAAATGTCCTCTTGATGAAGTTTTTTTTTTTTTTTTGAGACGGAGTCTCACTCTGTTGCCCAGGCTGG,1fb046c9f333b235a3ce33288d7709e2bca4d78b0430cb1e2bad9d37d6f54f43,0.0,GAGTCCAAGAGTTTGAGGCTACAGTGAGCACCCACTGCTCTCTAGCCTGAAGAACAGAGCAAGAGCAAGATCATAGCTCAAAAAAATTTTTTTAATTGACTTTAACTTTCATAGAGCAAAGTACAGCAACTTTAAATGTCCTCTTGATGAAGTTTTTTTTTTTTTTTTGAGACGGAGTCTCACTCTGTTGCCCAGGCTGG,4c869ac94bda8b0c72554aab6bb246952fc7a578eedfa58eb22b56120ace13b9,0.100977668568061,GAGTCCAAGAGTTTGAGGCTACAGTGAGCACCCACTGCTCTCTAGCCTGAAGAACAGAGCAAGAGCAAGATCATAGCTCAAAAAAATTTTTTTAATTGAGTTTAACTTTCATAGAGCAAAGTACAGCAACTTTAAATGTCCTCTTGATGAAATTTTTTTTTTTTTTTTGAGACGGAGTCTCACTCTGTTGCCCAGGCTGG,04bcef708c8f8bf284d27fe04d0e1302fb812b7d4b91f708d9f36eb8f1a7b71f,0.0346807014419475,GAGTCCAAGAGTTTGAGGCTACAGTGAGCACCCACTGCTCTCTAGCCTGAAGAACAGAGCAAGAGCAAGATCATAGCTCAAAAAAATTTTTTTAATTGACTTTAACTTTCATAGAGCAAAGTACAGCAACTTTAAATGTCCTCTTGATGAAATTTTTTTTTTTTTTTTGAGACGGAGTCTCACTCTGTTGCCCAGGCTGG,40cc9df71057d587ae860ceaa6db91c549c1ae3f3cbf24bc89eea75239fed029,0.347778670585713,-0.2121203005757045,0.280738718860893,-147.60340848565102,-147.0691098724492,-147.05247929599136,-146.62306210398674,0.10488142119720578,1.0,-0.2121203005757045,0.0,1,0.18247187021246172,0.18216460459877223,0.1501433469024087,0.014121093307568444,1.0
chr16:1824075:A:G;chr16:1824115:G:C;var1;middle;OL41|K562|b77231194ffa1ef8,chr16:1824075:A:G;chr16:1824115:G:C;var1;middle;OL41,K562,K562_region_00702,100,140,40,GAACGGGAAGTGGAGGTGCCCAAGCCGTTCTGCTGGTATAGAGCCGAGCTGGCTGGAGAAGGTTCCGTCTCGATTCAGGCTGTGGTCTGGATTCCTGCCAGCCACAGAGACCTGGCCTGAGCTTGGCCTTGGCAGGAAAGGGAACACTGGGCTTCTGTAGAGCAGGCCTGTCAGGGCCTGGGCTTGGCTGGGGCCACGAA,0a6126140525ecde7fd6e1c991c0be4339b3524e5dd7287314d687e698779edb,0.0,GAACGGGAAGTGGAGGTGCCCAAGCCGTTCTGCTGGTATAGAGCCGAGCTGGCTGGAGAAGGTTCCGTCTCGATTCAGGCTGTGGTCTGGATTCCTGCCGGCCACAGAGACCTGGCCTGAGCTTGGCCTTGGCAGGAAAGGGAACACTGGGCTTCTGTAGAGCAGGCCTGTCAGGGCCTGGGCTTGGCTGGGGCCACGAA,7e1e7d8f0dd9d43574adc7a3ac2129b12fb2f997b4cf5acd12d7b72ae73577ab,-0.340163388204058,GAACGGGAAGTGGAGGTGCCCAAGCCGTTCTGCTGGTATAGAGCCGAGCTGGCTGGAGAAGGTTCCGTCTCGATTCAGGCTGTGGTCTGGATTCCTGCCAGCCACAGAGACCTGGCCTGAGCTTGGCCTTGGCAGGAAACGGAACACTGGGCTTCTGTAGAGCAGGCCTGTCAGGGCCTGGGCTTGGCTGGGGCCACGAA,f58996ea6e3c706d3ccbf6a369da6c9302aeb8e36020722f2a07c7b590241343,0.125472927319648,GAACGGGAAGTGGAGGTGCCCAAGCCGTTCTGCTGGTATAGAGCCGAGCTGGCTGGAGAAGGTTCCGTCTCGATTCAGGCTGTGGTCTGGATTCCTGCCGGCCACAGAGACCTGGCCTGAGCTTGGCCTTGGCAGGAAACGGAACACTGGGCTTCTGTAGAGCAGGCCTGTCAGGGCCTGGGCTTGGCTGGGGCCACGAA,b77231194ffa1ef86db755443347464d2d909e4a2ea8b9d06168aad8524b3df6,0.103158377133201,0.317848838017611,0.274476810557834,-320.83011849061586,-325.7244531153701,-323.47243276098743,-326.9748863198329,1.3918810659088194,-1.0,-0.317848838017611,0.0,3,0.18427650226549183,0.18106719778262317,0.1474303780702046,0.15790377484962592,1.0
chr16:1843873:A:C;chr16:1843900:G:A;var1;middle;OL41|K562|24c0a0d56a8e6091,chr16:1843873:A:C;chr16:1843900:G:A;var1;middle;OL41,K562,K562_region_00703,100,127,27,AACCCAGCTGGCCCTGGCTCTGTTAACCCCCTCGTGCCGGGCGGCCGGCATCAGCCCGGAGCCCTGGGGTGCAGACAGTGCAGGGGGTGAGGGAGCTTCAGTCGGGGCCCGAGGTAGCCGTAATGCGGCCCTGGGGGCTGACGGCCAGTGCCCGGGCCCCCTGCAGGGCTGACTGGGGAGGGCTGGGCAGCCAGGTTGGG,128e585264b9367469b6b607e51adcd122868e20434091371ccbf2f7cbe9ac18,0.0,AACCCAGCTGGCCCTGGCTCTGTTAACCCCCTCGTGCCGGGCGGCCGGCATCAGCCCGGAGCCCTGGGGTGCAGACAGTGCAGGGGGTGAGGGAGCTTCCGTCGGGGCCCGAGGTAGCCGTAATGCGGCCCTGGGGGCTGACGGCCAGTGCCCGGGCCCCCTGCAGGGCTGACTGGGGAGGGCTGGGCAGCCAGGTTGGG,2221f1fd5827e5ad555b672520efbd5e3450989ad2dd860971a378016193fb7a,-0.282994469104268,AACCCAGCTGGCCCTGGCTCTGTTAACCCCCTCGTGCCGGGCGGCCGGCATCAGCCCGGAGCCCTGGGGTGCAGACAGTGCAGGGGGTGAGGGAGCTTCAGTCGGGGCCCGAGGTAGCCGTAATGCAGCCCTGGGGGCTGACGGCCAGTGCCCGGGCCCCCTGCAGGGCTGACTGGGGAGGGCTGGGCAGCCAGGTTGGG,e2efb247b8731f9ee637aa22fc3ca13ae89c6dc1345b7454c0877154f9c035f1,0.248970851160198,AACCCAGCTGGCCCTGGCTCTGTTAACCCCCTCGTGCCGGGCGGCCGGCATCAGCCCGGAGCCCTGGGGTGCAGACAGTGCAGGGGGTGAGGGAGCTTCCGTCGGGGCCCGAGGTAGCCGTAATGCAGCCCTGGGGGCTGACGGCCAGTGCCCGGGCCCCCTGCAGGGCTGACTGGGGAGGGCTGGGCAGCCAGGTTGGG,24c0a0d56a8e6091b257e13945a1191eaefb84b83f327b61de08bb8b1a5f9015,-0.204433871714207,-0.1704102537701369,0.587383271751594,-236.7113259471953,-248.22255697473884,-229.989746503532,-236.9598738923669,4.541103638708648,-1.0,0.1704102537701369,0.0,0,0.19160859493049928,0.18565657667894103,0.15145376406925343,0.3809403764553372,1.0
chr16:1845144:G:A;chr16:1845190:C:T;var1;middle;OL41|K562|84551b32fd7f84c5,chr16:1845144:G:A;chr16:1845190:C:T;var1;middle;OL41,K562,K562_region_00704,100,146,46,GGCCAGCAGACCCGGGCGGCCTCCTCTCAGGAGAGGTCCCCGTGGGGGCCCCGGCCTCCGTCAGGCCGCGCACCCCACCTGGGAGCCCCACACATTCCAGGTGGGAAGGGAGAATCTGTCCCTGTTCTCTTCCTTTGGGAGGGGCCGGGTGTCGCGGGCGGGCAGAGCCTCACCAGGGTTGCGGCAGCCGCGTAAGGGGG,e35ab635b77f083d15b275af04cdf5b8e7795ac03c423275025362c4511048ce,0.0,GGCCAGCAGACCCGGGCGGCCTCCTCTCAGGAGAGGTCCCCGTGGGGGCCCCGGCCTCCGTCAGGCCGCGCACCCCACCTGGGAGCCCCACACATTCCAAGTGGGAAGGGAGAATCTGTCCCTGTTCTCTTCCTTTGGGAGGGGCCGGGTGTCGCGGGCGGGCAGAGCCTCACCAGGGTTGCGGCAGCCGCGTAAGGGGG,9fdf196953b5fbffd8daf3aab303a6bd78a4f00d8b7c3a3a57601606c895639f,-0.265811302720763,GGCCAGCAGACCCGGGCGGCCTCCTCTCAGGAGAGGTCCCCGTGGGGGCCCCGGCCTCCGTCAGGCCGCGCACCCCACCTGGGAGCCCCACACATTCCAGGTGGGAAGGGAGAATCTGTCCCTGTTCTCTTCCTTTGGGAGGGGCTGGGTGTCGCGGGCGGGCAGAGCCTCACCAGGGTTGCGGCAGCCGCGTAAGGGGG,e0952b75d99f51391fff9766b620af8323c0ae4b68c51af6b38afcdfafafd3a0,-0.550867601326369,GGCCAGCAGACCCGGGCGGCCTCCTCTCAGGAGAGGTCCCCGTGGGGGCCCCGGCCTCCGTCAGGCCGCGCACCCCACCTGGGAGCCCCACACATTCCAAGTGGGAAGGGAGAATCTGTCCCTGTTCTCTTCCTTTGGGAGGGGCTGGGTGTCGCGGGCGGGCAGAGCCTCACCAGGGTTGCGGCAGCCGCGTAAGGGGG,84551b32fd7f84c5736a78a35005ae5d9a8ef2428beeea7c32e05bc2adc06aa2,-0.959074154100154,0.1423952500530219,0.583463425277942,-238.9033777117729,-240.56364376842976,-237.98323160409927,-239.94153194129467,0.29803428053853054,1.0,0.1423952500530219,0.0,0,0.1861588458524882,0.18565657667894103,0.15145376406925343,0.3188392144758073,1.0
chr16:1845619:T:C;chr16:1845630:G:A;var1;middle;OL41|K562|54ccd3591f321d8c,chr16:1845619:T:C;chr16:1845630:G:A;var1;middle;OL41,K562,K562_region_00705,100,111,11,ACTGTTTCCAGCAATGCCACCGAGCCCTGTGGCTCTGCATCCTGTGGGTGCATACCTGTCTACACTCAGGCCAGTGGCGAGTGGACGGTGGCCATCACCTGGGAGACCGAGCATCTTGTCCAGCACACAGCCACAGGGTCATCTGGCCTCAGCCACTGCTGGTTTCGGTCTCTTGCCGATTTTCTAGTTAGCTGGCTGAT,314b3b6297725aafded9da15b3a72fa11a59ab0bbc36b408b06673328cc56a94,0.0,ACTGTTTCCAGCAATGCCACCGAGCCCTGTGGCTCTGCATCCTGTGGGTGCATACCTGTCTACACTCAGGCCAGTGGCGAGTGGACGGTGGCCATCACCCGGGAGACCGAGCATCTTGTCCAGCACACAGCCACAGGGTCATCTGGCCTCAGCCACTGCTGGTTTCGGTCTCTTGCCGATTTTCTAGTTAGCTGGCTGAT,f6bd29350dc78907de7a512747c47713dcf179528a484c75b9fbb6b51885b837,-0.124616716397761,ACTGTTTCCAGCAATGCCACCGAGCCCTGTGGCTCTGCATCCTGTGGGTGCATACCTGTCTACACTCAGGCCAGTGGCGAGTGGACGGTGGCCATCACCTGGGAGACCGAACATCTTGTCCAGCACACAGCCACAGGGTCATCTGGCCTCAGCCACTGCTGGTTTCGGTCTCTTGCCGATTTTCTAGTTAGCTGGCTGAT,cf4c1964d9f4e9af246d3feb248a3f0929b28da75bcbb6b08aae856ba2dab598,0.001648451593459,ACTGTTTCCAGCAATGCCACCGAGCCCTGTGGCTCTGCATCCTGTGGGTGCATACCTGTCTACACTCAGGCCAGTGGCGAGTGGACGGTGGCCATCACCCGGGAGACCGAACATCTTGTCCAGCACACAGCCACAGGGTCATCTGGCCTCAGCCACTGCTGGTTTCGGTCTCTTGCCGATTTTCTAGTTAGCTGGCTGAT,54ccd3591f321d8c288d7a39a53618dd1818fea94751fbaeb8f7d98d5f728bb8,0.291959672519505,0.414927937323807,0.294023855181003,-294.59988844487816,-306.690153841977,-307.8369278868777,-314.56805245333817,5.359140830638353,-1.0,-0.414927937323807,0.0,4,0.18284150607890756,0.17620727786206916,0.145609630836647,0.2529978642608016,1.0
chr16:1854038:C:T;chr16:1854101:G:A;var1;middle;OL41|K562|abf60a5dd59b6100,chr16:1854038:C:T;chr16:1854101:G:A;var1;middle;OL41,K562,K562_region_00706,100,163,63,GAGTCTCCTACCCAATGAACATGGGCTGTCTTTCCATTTCTCTCAGCAATGTCTCGTATTTTCAGTGTATAAATCTTCAGTTTCCTTCACCAAGGTGGCCCCTAAGTGTGTGTTCTCGTTTCCATGCTAGTGAATGGCGTCTTAGTTTTGTTTGGATTGTTCGTAGTCTATAGAAAGGCAATGAATCTGTTAACTCTGGG,9c0865b6afb783535ba88436c3c3bc0d5c1a8af36c162767d152b34b607f569a,0.0,GAGTCTCCTACCCAATGAACATGGGCTGTCTTTCCATTTCTCTCAGCAATGTCTCGTATTTTCAGTGTATAAATCTTCAGTTTCCTTCACCAAGGTGGCTCCTAAGTGTGTGTTCTCGTTTCCATGCTAGTGAATGGCGTCTTAGTTTTGTTTGGATTGTTCGTAGTCTATAGAAAGGCAATGAATCTGTTAACTCTGGG,d75ac35210d2af3dc917691047f2a626b350cb0271e9b8abc1b9650693485bef,0.0917062637287469,GAGTCTCCTACCCAATGAACATGGGCTGTCTTTCCATTTCTCTCAGCAATGTCTCGTATTTTCAGTGTATAAATCTTCAGTTTCCTTCACCAAGGTGGCCCCTAAGTGTGTGTTCTCGTTTCCATGCTAGTGAATGGCGTCTTAGTTTTGTTTGGATTGTTCATAGTCTATAGAAAGGCAATGAATCTGTTAACTCTGGG,3f0c46b014d5b1924c87e4e0826742e991398b1a7e1a2f44081c9c4e6dbae901,0.532979411109099,GAGTCTCCTACCCAATGAACATGGGCTGTCTTTCCATTTCTCTCAGCAATGTCTCGTATTTTCAGTGTATAAATCTTCAGTTTCCTTCACCAAGGTGGCTCCTAAGTGTGTGTTCTCGTTTCCATGCTAGTGAATGGCGTCTTAGTTTTGTTTGGATTGTTCATAGTCTATAGAAAGGCAATGAATCTGTTAACTCTGGG,abf60a5dd59b6100421df79163f1ac6a1567f63d09fec96f69671affcf870632,0.133778887749684,0.4909067870881619,0.517373377399352,-264.5074225664139,-323.51451617479324,-260.89218774437904,-301.3246657494456,-18.574615603312793,1.0,0.4909067870881619,0.0,2,0.14814832626019625,0.17490732828716207,0.146091925319964,0.14417558141963177,1.0
chr16:187429:C:T;chr16:187509:A:G;var1;middle;OL41|K562|e590ba7a87441706,chr16:187429:C:T;chr16:187509:A:G;var1;middle;OL41,K562,K562_region_00675,100,180,80,TTGATCCCTGCTTGCAAAGGCAGACGGAGCTCCAAGGCCGACTATGGGAAAAGGGCGCCACAGAACAATTCGTGCGATGAAAAACCTCACGCGACGTTCCCTTTTCCTGTGGATAGATCTGCATCTATGCACAGGGCAGACAACTCCCAACACGGCCAGGGGTGATCCCTGTGCTTGCTAGAACTGGGGGTGGCAAAGAC,538505f01379ec89404cd1bd7dfebc935139c002139715ed9e4a46cc4c696223,0.0,TTGATCCCTGCTTGCAAAGGCAGACGGAGCTCCAAGGCCGACTATGGGAAAAGGGCGCCACAGAACAATTCGTGCGATGAAAAACCTCACGCGACGTTCTCTTTTCCTGTGGATAGATCTGCATCTATGCACAGGGCAGACAACTCCCAACACGGCCAGGGGTGATCCCTGTGCTTGCTAGAACTGGGGGTGGCAAAGAC,52a8b5fd1794194af3cae8066b9da9e12372f0a35133f89e480d8c5cbe788e41,0.259642086386009,TTGATCCCTGCTTGCAAAGGCAGACGGAGCTCCAAGGCCGACTATGGGAAAAGGGCGCCACAGAACAATTCGTGCGATGAAAAACCTCACGCGACGTTCCCTTTTCCTGTGGATAGATCTGCATCTATGCACAGGGCAGACAACTCCCAACACGGCCAGGGGTGATCCCTGTGCTTGCTGGAACTGGGGGTGGCAAAGAC,3417d9950724b6e7826cae5914502cf363977b4d55888c368a92530075971755,0.0317399744554609,TTGATCCCTGCTTGCAAAGGCAGACGGAGCTCCAAGGCCGACTATGGGAAAAGGGCGCCACAGAACAATTCGTGCGATGAAAAACCTCACGCGACGTTCTCTTTTCCTGTGGATAGATCTGCATCTATGCACAGGGCAGACAACTCCCAACACGGCCAGGGGTGATCCCTGTGCTTGCTGGAACTGGGGGTGGCAAAGAC,e590ba7a874417060953d0e9bbbeef4ccffc6acb0da3fecf4413421c7d2c6bb5,-0.0934842516980062,0.3848663125394761,0.413351915675455,-280.5369950532913,-281.42284175753593,-280.3662281781435,-281.3311796486378,0.07910476624965668,1.0,0.3848663125394761,0.0,3,0.18163232739384694,0.18106719778262317,0.1474303780702046,0.14695870710229003,1.0
chr16:1879065:A:T;chr16:1879097:G:A;var1;middle;OL41|K562|943be53879db61db,chr16:1879065:A:T;chr16:1879097:G:A;var1;middle;OL41,K562,K562_region_00707,100,132,32,CTCCTTGTGGGGCTTCAGACCTTAGTCTTTGACCTTTGGCCTTCTGAGCACTGTGCTGTGTTAACACAGTTAATCAGCAACTGTACTTCCCAACCGGAGATAAGGAGGCTTTGTGGAAGTTGAATAGCCTGGGACTGCTGCTTTTGCTCTTGCCTGCACCCTCCTCTGAAAAAACATCCAGGCAAGATGCACAGCATAGC,ce00949ae589e49573726416121fc6c2ea784045cbc7ddc6c34f9a6014cdafe2,0.0,CTCCTTGTGGGGCTTCAGACCTTAGTCTTTGACCTTTGGCCTTCTGAGCACTGTGCTGTGTTAACACAGTTAATCAGCAACTGTACTTCCCAACCGGAGTTAAGGAGGCTTTGTGGAAGTTGAATAGCCTGGGACTGCTGCTTTTGCTCTTGCCTGCACCCTCCTCTGAAAAAACATCCAGGCAAGATGCACAGCATAGC,654b7fdfd7ebe4397c73b1bebbc695350cd1e22b527b65292ef2171180c2799d,-0.717137601935013,CTCCTTGTGGGGCTTCAGACCTTAGTCTTTGACCTTTGGCCTTCTGAGCACTGTGCTGTGTTAACACAGTTAATCAGCAACTGTACTTCCCAACCGGAGATAAGGAGGCTTTGTGGAAGTTGAATAGCCTGAGACTGCTGCTTTTGCTCTTGCCTGCACCCTCCTCTGAAAAAACATCCAGGCAAGATGCACAGCATAGC,85dfac899ea539ee642b3be536e6dff6d47e3ba17327f54b91a18750462ca2b7,-0.295688213844042,CTCCTTGTGGGGCTTCAGACCTTAGTCTTTGACCTTTGGCCTTCTGAGCACTGTGCTGTGTTAACACAGTTAATCAGCAACTGTACTTCCCAACCGGAGTTAAGGAGGCTTTGTGGAAGTTGAATAGCCTGAGACTGCTGCTTTTGCTCTTGCCTGCACCCTCCTCTGAAAAAACATCCAGGCAAGATGCACAGCATAGC,943be53879db61db78369d530113acfdcd1f391ced9dd1933aa64fdc564de034,-0.682357182776599,0.3304686330024559,0.26325305655341,-325.8707434302196,-319.9984533684328,-327.6094507360831,-323.5925375353545,-1.8553768610581756,-1.0,-0.3304686330024559,0.0,3,0.17773592272085417,0.18106719778262317,0.1474303780702046,0.10769688932128474,1.0
chr16:19722309:A:C;chr16:19722366:T:C;var1;middle;OL41|K562|46968a3b9d71d431,chr16:19722309:A:C;chr16:19722366:T:C;var1;middle;OL41,K562,K562_region_00744,100,157,57,GGGGACAGAGTGAGACTCCGTCTCAAAAAAAAAAAAAAAAAAAAAAAATCCCCAAGGCCAGAAAGTCCACTTCCCACAGGGATGCATTTGCCACGGGATATGGGAACGACAGAAGCGGAAGCTGATTCACAACAAAACTTCTCCTCTAAATGCTCCTGAATTAGCCCAGGGGGTGGCAGCATGTGTCACCTGCCCAGCTG,88cc016b48203fd7a9a026d5c0e355ad5775cc9fe9e595e0f0589628fb632ee2,0.0,GGGGACAGAGTGAGACTCCGTCTCAAAAAAAAAAAAAAAAAAAAAAAATCCCCAAGGCCAGAAAGTCCACTTCCCACAGGGATGCATTTGCCACGGGATCTGGGAACGACAGAAGCGGAAGCTGATTCACAACAAAACTTCTCCTCTAAATGCTCCTGAATTAGCCCAGGGGGTGGCAGCATGTGTCACCTGCCCAGCTG,cbdd226d5c8fdb63cd57ed8d2c9a6e45c5cdef90ab6cc772436a20f62411c6af,0.200654334915166,GGGGACAGAGTGAGACTCCGTCTCAAAAAAAAAAAAAAAAAAAAAAAATCCCCAAGGCCAGAAAGTCCACTTCCCACAGGGATGCATTTGCCACGGGATATGGGAACGACAGAAGCGGAAGCTGATTCACAACAAAACTTCTCCTCTAAATGCTCCCGAATTAGCCCAGGGGGTGGCAGCATGTGTCACCTGCCCAGCTG,8d54e30afa3cdc0cd012534c39584cd9a61c714d2900da34e44d726991ad7cb2,-0.175982232623095,GGGGACAGAGTGAGACTCCGTCTCAAAAAAAAAAAAAAAAAAAAAAAATCCCCAAGGCCAGAAAGTCCACTTCCCACAGGGATGCATTTGCCACGGGATCTGGGAACGACAGAAGCGGAAGCTGATTCACAACAAAACTTCTCCTCTAAATGCTCCCGAATTAGCCCAGGGGGTGGCAGCATGTGTCACCTGCCCAGCTG,46968a3b9d71d431e8a2aa529f4e0bc129376543f554f5d805fba8421482592e,0.392502061951636,0.367829959659565,0.312087891569477,-241.0671490067616,-238.27325527206995,-248.99994567548856,-246.10002570808865,0.10602623270824552,-1.0,-0.367829959659565,0.0,2,0.17534885113730045,0.17490732828716207,0.146091925319964,0.2530396914691468,1.0
chr16:2010086:C:A;chr16:2010138:G:A;var1;middle;OL41|K562|b7a175522541f65e,chr16:2010086:C:A;chr16:2010138:G:A;var1;middle;OL41,K562,K562_region_00708,100,152,52,GGGATGCCCCGCTTCTTCCCAGGACTCTTCCCTCCCTGCCGCACCCAGCGCCCACTGCCCCAGGACCCCGCACTGCTCTCCGCCCCCCGCCGCCCCGGGCACCCCTCCACTGCACCGCTGGCCTCAGGCCTCTCTCAAATGTCTCTCTGCCGGATGACCAAGTGTCGGGGTGATGGCCGAGATGCCCAAATTCAGCATCT,59a531e37041c51937cb424c329aa60d71d5a38331e5deacb0cd46536b3c4efa,0.0,GGGATGCCCCGCTTCTTCCCAGGACTCTTCCCTCCCTGCCGCACCCAGCGCCCACTGCCCCAGGACCCCGCACTGCTCTCCGCCCCCCGCCGCCCCGGGAACCCCTCCACTGCACCGCTGGCCTCAGGCCTCTCTCAAATGTCTCTCTGCCGGATGACCAAGTGTCGGGGTGATGGCCGAGATGCCCAAATTCAGCATCT,42f226431c3f7b0f4e971227178234cb1866c5461f59658152b620e05fb78ba1,0.254243031131208,GGGATGCCCCGCTTCTTCCCAGGACTCTTCCCTCCCTGCCGCACCCAGCGCCCACTGCCCCAGGACCCCGCACTGCTCTCCGCCCCCCGCCGCCCCGGGCACCCCTCCACTGCACCGCTGGCCTCAGGCCTCTCTCAAATGTCTCTCTGCCAGATGACCAAGTGTCGGGGTGATGGCCGAGATGCCCAAATTCAGCATCT,0b69f9187ba315c0fa0316817fb6e667cdd403d123576cdbd6e05f15e4f55909,0.106240618741003,GGGATGCCCCGCTTCTTCCCAGGACTCTTCCCTCCCTGCCGCACCCAGCGCCCACTGCCCCAGGACCCCGCACTGCTCTCCGCCCCCCGCCGCCCCGGGAACCCCTCCACTGCACCGCTGGCCTCAGGCCTCTCTCAAATGTCTCTCTGCCAGATGACCAAGTGTCGGGGTGATGGCCGAGATGCCCAAATTCAGCATCT,b7a175522541f65e050d46d776c9c14b6441e9064587c3b9532617f8c5d69d8c,0.542552991529169,-0.182069341656958,0.624983296690497,-290.07328227418475,-285.9575804207707,-282.0003130703699,-278.9950325420359,1.1104213250800967,1.0,-0.182069341656958,0.0,1,0.18349494660107663,0.18216460459877223,0.1501433469024087,0.0925700392457774,1.0
chr16:2011064:T:C;chr16:2011082:T:C;var1;middle;OL41|K562|5c560d829d43643f,chr16:2011064:T:C;chr16:2011082:T:C;var1;middle;OL41,K562,K562_region_00709,100,118,18,CTGTAGCCTAGGCCTTCACAGGCCTGCCTGGCTGGCCACATCCCTTAGAGAGACGAATTGCTGTTTTCTAAACGCTGGAACACTCAGGAAGTTCTCCTCTCTCCCCTCCAAAGGGCTTATGAGAAATAAGAAAGCTAAAAGCCTGTCCAAACCGATGAGGCATTTGAGTCTGTGGCTTTGTCTTTGCAGAATTTATAGAG,0b66dc6f62a3d5bb4bd3b90bb6319fbd19d58b300d06ad8fa102c4133859d26b,0.0,CTGTAGCCTAGGCCTTCACAGGCCTGCCTGGCTGGCCACATCCCTTAGAGAGACGAATTGCTGTTTTCTAAACGCTGGAACACTCAGGAAGTTCTCCTCCCTCCCCTCCAAAGGGCTTATGAGAAATAAGAAAGCTAAAAGCCTGTCCAAACCGATGAGGCATTTGAGTCTGTGGCTTTGTCTTTGCAGAATTTATAGAG,5382f7ee3386c7e47842e9cabd92ea4e4a55b4f310cf417674025967693b3887,0.263268032139211,CTGTAGCCTAGGCCTTCACAGGCCTGCCTGGCTGGCCACATCCCTTAGAGAGACGAATTGCTGTTTTCTAAACGCTGGAACACTCAGGAAGTTCTCCTCTCTCCCCTCCAAAGGGCTCATGAGAAATAAGAAAGCTAAAAGCCTGTCCAAACCGATGAGGCATTTGAGTCTGTGGCTTTGTCTTTGCAGAATTTATAGAG,fca96f974b0d51c34ca970f46ce48dac91a085bb7971124505f3f4c6bdc00c22,-0.140471260132963,CTGTAGCCTAGGCCTTCACAGGCCTGCCTGGCTGGCCACATCCCTTAGAGAGACGAATTGCTGTTTTCTAAACGCTGGAACACTCAGGAAGTTCTCCTCCCTCCCCTCCAAAGGGCTCATGAGAAATAAGAAAGCTAAAAGCCTGTCCAAACCGATGAGGCATTTGAGTCTGTGGCTTTGTCTTTGCAGAATTTATAGAG,5c560d829d43643f887f801564b0f19a5af2f3192e98731d0d3785e02d9eb537,0.0844857142991174,-0.0383110577071306,0.199874689624569,-247.73097486048937,-270.9603845924139,-248.0224254131317,-260.0412411876023,11.210593957453966,-1.0,0.0383110577071306,0.0,3,0.2040532105336562,0.18106719778262317,0.1474303780702046,0.16229831498823769,1.0
chr16:2011064:T:C;chr16:2011126:A:G;var1;middle;OL41|K562|df3f98085f499dbf,chr16:2011064:T:C;chr16:2011126:A:G;var1;middle;OL41,K562,K562_region_00709,100,162,62,CTGTAGCCTAGGCCTTCACAGGCCTGCCTGGCTGGCCACATCCCTTAGAGAGACGAATTGCTGTTTTCTAAACGCTGGAACACTCAGGAAGTTCTCCTCTCTCCCCTCCAAAGGGCTTATGAGAAATAAGAAAGCTAAAAGCCTGTCCAAACCGATGAGGCATTTGAGTCTGTGGCTTTGTCTTTGCAGAATTTATAGAG,0b66dc6f62a3d5bb4bd3b90bb6319fbd19d58b300d06ad8fa102c4133859d26b,0.0,CTGTAGCCTAGGCCTTCACAGGCCTGCCTGGCTGGCCACATCCCTTAGAGAGACGAATTGCTGTTTTCTAAACGCTGGAACACTCAGGAAGTTCTCCTCCCTCCCCTCCAAAGGGCTTATGAGAAATAAGAAAGCTAAAAGCCTGTCCAAACCGATGAGGCATTTGAGTCTGTGGCTTTGTCTTTGCAGAATTTATAGAG,5382f7ee3386c7e47842e9cabd92ea4e4a55b4f310cf417674025967693b3887,0.263066681792627,CTGTAGCCTAGGCCTTCACAGGCCTGCCTGGCTGGCCACATCCCTTAGAGAGACGAATTGCTGTTTTCTAAACGCTGGAACACTCAGGAAGTTCTCCTCTCTCCCCTCCAAAGGGCTTATGAGAAATAAGAAAGCTAAAAGCCTGTCCAAACCGATGAGGCGTTTGAGTCTGTGGCTTTGTCTTTGCAGAATTTATAGAG,c7f23eec446000e712b0ada68c19f95b83da7feab48a2c4d3d24991e4d81cbb0,-0.540218871246637,CTGTAGCCTAGGCCTTCACAGGCCTGCCTGGCTGGCCACATCCCTTAGAGAGACGAATTGCTGTTTTCTAAACGCTGGAACACTCAGGAAGTTCTCCTCCCTCCCCTCCAAAGGGCTTATGAGAAATAAGAAAGCTAAAAGCCTGTCCAAACCGATGAGGCGTTTGAGTCTGTGGCTTTGTCTTTGCAGAATTTATAGAG,df3f98085f499dbf6ef1274ab20cf5ff65a5200a6fdcb0874e602e59d5a95a13,-0.256801699958366,0.020350489495644,0.151019394851755,-247.73097486048937,-270.9603845924139,-250.66757994890213,-277.2439188659191,-3.346929185092449,-1.0,-0.020350489495644,0.0,3,0.17473165978894495,0.18106719778262317,0.1474303780702046,0.14689894996378,1.0
chr16:2011082:T:C;chr16:2011126:A:G;var1;middle;OL41|K562|a4e928d82d062c8d,chr16:2011082:T:C;chr16:2011126:A:G;var1;middle;OL41,K562,K562_region_00709,100,144,44,CAGGCCTGCCTGGCTGGCCACATCCCTTAGAGAGACGAATTGCTGTTTTCTAAACGCTGGAACACTCAGGAAGTTCTCCTCTCTCCCCTCCAAAGGGCTTATGAGAAATAAGAAAGCTAAAAGCCTGTCCAAACCGATGAGGCATTTGAGTCTGTGGCTTTGTCTTTGCAGAATTTATAGAGCGGCAGCACGCAAAGAAC,f1caf03dd1b21ad14c127a1f3bb207f63894c54dc5aac237853367307c63f3a9,0.0,CAGGCCTGCCTGGCTGGCCACATCCCTTAGAGAGACGAATTGCTGTTTTCTAAACGCTGGAACACTCAGGAAGTTCTCCTCTCTCCCCTCCAAAGGGCTCATGAGAAATAAGAAAGCTAAAAGCCTGTCCAAACCGATGAGGCATTTGAGTCTGTGGCTTTGTCTTTGCAGAATTTATAGAGCGGCAGCACGCAAAGAAC,d73dd18c9f37506c1a178cb8835be4cd26da2701147c2d390c1e6b956f73a3ba,-0.094089555905408,CAGGCCTGCCTGGCTGGCCACATCCCTTAGAGAGACGAATTGCTGTTTTCTAAACGCTGGAACACTCAGGAAGTTCTCCTCTCTCCCCTCCAAAGGGCTTATGAGAAATAAGAAAGCTAAAAGCCTGTCCAAACCGATGAGGCGTTTGAGTCTGTGGCTTTGTCTTTGCAGAATTTATAGAGCGGCAGCACGCAAAGAAC,bae2524cf89bcafbb4b7a95e5b34585ed02c92b63cd6ecd4d8ec5c03ffcf0a3a,-0.436794164973424,CAGGCCTGCCTGGCTGGCCACATCCCTTAGAGAGACGAATTGCTGTTTTCTAAACGCTGGAACACTCAGGAAGTTCTCCTCTCTCCCCTCCAAAGGGCTCATGAGAAATAAGAAAGCTAAAAGCCTGTCCAAACCGATGAGGCGTTTGAGTCTGTGGCTTTGTCTTTGCAGAATTTATAGAGCGGCAGCACGCAAAGAAC,a4e928d82d062c8d7ea2d352cae0607bef8452c5a77d044678099820acb529d3,-0.245830587905867,0.285053132972965,0.216018066409983,-267.49774253740907,-255.28826302289963,-311.2519687432796,-279.19044375419617,19.85204547457397,-1.0,-0.285053132972965,0.0,3,0.22145869611565433,0.18106719778262317,0.1474303780702046,0.12502740711875823,1.0
chr16:2013715:C:G;chr16:2013756:T:C;var1;middle;OL41|K562|dec9925f2bf9ed34,chr16:2013715:C:G;chr16:2013756:T:C;var1;middle;OL41,K562,K562_region_00710,100,141,41,CGCCCAAAAAAAACCGAAGAAGTCATGAACCCCCTCACCTGGCTTCCCCCCGATCTGTCCCCTTCGTTTCGTTTTTGGAAGCTTGTATGTAAGGTTACCCTATTTCTGCATCTCAATCGTTTCTTCCTATTTGCCCTTTTTCTCTTGTTTGGTGAGATGTGGCTTTCCACTCAGATTTCCTTTTGCTTTGTCCAGCTTTG,b77f18fbae07e6c7003ba997a6ad62a58cdf94615e04a770be52868ea6e28b4b,0.0,CGCCCAAAAAAAACCGAAGAAGTCATGAACCCCCTCACCTGGCTTCCCCCCGATCTGTCCCCTTCGTTTCGTTTTTGGAAGCTTGTATGTAAGGTTACCGTATTTCTGCATCTCAATCGTTTCTTCCTATTTGCCCTTTTTCTCTTGTTTGGTGAGATGTGGCTTTCCACTCAGATTTCCTTTTGCTTTGTCCAGCTTTG,1d75245a0a90ffc573853e60b8117ee444c1f2deb7a2f55107ec5d6dc2e4d68d,0.239542647077027,CGCCCAAAAAAAACCGAAGAAGTCATGAACCCCCTCACCTGGCTTCCCCCCGATCTGTCCCCTTCGTTTCGTTTTTGGAAGCTTGTATGTAAGGTTACCCTATTTCTGCATCTCAATCGTTTCTTCCTATTTGCCCTTTTCCTCTTGTTTGGTGAGATGTGGCTTTCCACTCAGATTTCCTTTTGCTTTGTCCAGCTTTG,572a91e67592ad08f74e47839d62598b8b5722b1033dc9de99ed4ec3a894f6b4,0.0987608724409278,CGCCCAAAAAAAACCGAAGAAGTCATGAACCCCCTCACCTGGCTTCCCCCCGATCTGTCCCCTTCGTTTCGTTTTTGGAAGCTTGTATGTAAGGTTACCGTATTTCTGCATCTCAATCGTTTCTTCCTATTTGCCCTTTTCCTCTTGTTTGGTGAGATGTGGCTTTCCACTCAGATTTCCTTTTGCTTTGTCCAGCTTTG,dec9925f2bf9ed34f793372bbe85e5e25a5b0f7b02cfeb733795c35ab570bae5,0.100208034320067,0.2380954851978877,0.277658620210822,-307.18571806605905,-288.3064524400979,-316.1954859895632,-291.8351268116385,-5.481093551963568,1.0,0.2380954851978877,0.0,4,0.1694059968932444,0.17620727786206916,0.145609630836647,0.22648772420205207,1.0
chr16:2014165:C:A;chr16:2014191:A:G;var1;middle;OL41|K562|26493cc709e069dc,chr16:2014165:C:A;chr16:2014191:A:G;var1;middle;OL41,K562,K562_region_00711,100,126,26,TGAAATGCCTTTTGTGGCTCTGGCTTCGCTCAGGTATCCATCCAACCTCTAAGTGGAATCCTCTCCTCAGCCAGCCCGCAACACAACCTCAACCTCTCACGCGAGACGCTGGGCCCTTTAATGCGAGTCAATGGCAGATGCTAATCCTCCAACCCCAGCCCAAATGACTCCGGGGTCGCACTTGCTCAACGCCCCAACGA,e0b77d42fca65f3ee8996852974fdd9ce285992eb715c87def54215add617507,0.0,TGAAATGCCTTTTGTGGCTCTGGCTTCGCTCAGGTATCCATCCAACCTCTAAGTGGAATCCTCTCCTCAGCCAGCCCGCAACACAACCTCAACCTCTCAAGCGAGACGCTGGGCCCTTTAATGCGAGTCAATGGCAGATGCTAATCCTCCAACCCCAGCCCAAATGACTCCGGGGTCGCACTTGCTCAACGCCCCAACGA,2a04a76a1e8b24f4adad167dc232a12fe99fd44cfca44cc74f6cd2919b13a366,0.0801036696187814,TGAAATGCCTTTTGTGGCTCTGGCTTCGCTCAGGTATCCATCCAACCTCTAAGTGGAATCCTCTCCTCAGCCAGCCCGCAACACAACCTCAACCTCTCACGCGAGACGCTGGGCCCTTTAATGCGGGTCAATGGCAGATGCTAATCCTCCAACCCCAGCCCAAATGACTCCGGGGTCGCACTTGCTCAACGCCCCAACGA,310fea6f239773d333eb6728dec97779f30901076ec27ee0906bf2b9373b3994,-0.293382810667078,TGAAATGCCTTTTGTGGCTCTGGCTTCGCTCAGGTATCCATCCAACCTCTAAGTGGAATCCTCTCCTCAGCCAGCCCGCAACACAACCTCAACCTCTCAAGCGAGACGCTGGGCCCTTTAATGCGGGTCAATGGCAGATGCTAATCCTCCAACCCCAGCCCAAATGACTCCGGGGTCGCACTTGCTCAACGCCCCAACGA,26493cc709e069dcf775e8bb305066acfbd91104442adfaf258f25f4c9a9d7f0,-0.577610059577401,0.3643309185291044,0.674571993032948,-341.6934911739081,-350.5198182174936,-342.95421678200364,-353.125422838144,1.344879012554884,1.0,0.3643309185291044,0.0,0,0.18750340108634073,0.18565657667894103,0.15145376406925343,0.18227867283085322,1.0
chr16:20370810:C:T;chr16:20370816:C:T;var1;middle;OL32|K562|ccec14fc4ed2c5cf,chr16:20370810:C:T;chr16:20370816:C:T;var1;middle;OL32,K562,K562_region_00745,100,106,6,ACCACCTCCTCAGATGTTTTCTTCTTCCCAGCGGGCTCTTCCAGCTTGGATACGTACTTGGTCATGTTCTCCAGCTCAGGCGACTGCTGTTCAGGTAACCCTTTCCTCATCATAGGCACCTCCTTTTCCTCAGCTAGCACTTCCTCTTCTATCACTTCATTTTGCTCAACAGACAACAGCTATGAAAGCAAAGGTGGAAG,c49f225679277802b01bfdc3642d914cd0d94a788f4302a2646cf09e56c29243,0.0,ACCACCTCCTCAGATGTTTTCTTCTTCCCAGCGGGCTCTTCCAGCTTGGATACGTACTTGGTCATGTTCTCCAGCTCAGGCGACTGCTGTTCAGGTAACTCTTTCCTCATCATAGGCACCTCCTTTTCCTCAGCTAGCACTTCCTCTTCTATCACTTCATTTTGCTCAACAGACAACAGCTATGAAAGCAAAGGTGGAAG,ea5a6c24970e20439215a11ac5f6449c399907daf7a47dc3ae7fe3588fde665a,0.647725699645235,ACCACCTCCTCAGATGTTTTCTTCTTCCCAGCGGGCTCTTCCAGCTTGGATACGTACTTGGTCATGTTCTCCAGCTCAGGCGACTGCTGTTCAGGTAACCCTTTCTTCATCATAGGCACCTCCTTTTCCTCAGCTAGCACTTCCTCTTCTATCACTTCATTTTGCTCAACAGACAACAGCTATGAAAGCAAAGGTGGAAG,1697b4e02e74b7fd3284175d42376ae3f6868872da0b7a34998fb09236ac66f1,-0.171566683887281,ACCACCTCCTCAGATGTTTTCTTCTTCCCAGCGGGCTCTTCCAGCTTGGATACGTACTTGGTCATGTTCTCCAGCTCAGGCGACTGCTGTTCAGGTAACTCTTTCTTCATCATAGGCACCTCCTTTTCCTCAGCTAGCACTTCCTCTTCTATCACTTCATTTTGCTCAACAGACAACAGCTATGAAAGCAAAGGTGGAAG,ccec14fc4ed2c5cf83cfec30ab48210b4eb7368f378d632a1128fd7955a03f1a,-0.451569760673023,0.927728776430977,0.385914258970447,-359.23053850978613,-356.50722605735064,-342.6638419535011,-334.2842579470016,-5.656271554064006,1.0,0.927728776430977,0.0,0,0.17851120448885155,0.18565657667894103,0.15145376406925343,0.27305535676201,1.0
chr16:20392332:G:A;chr16:20392415:G:C;var1;middle;OL28|K562|61ad95bc97c6d731,chr16:20392332:G:A;chr16:20392415:G:C;var1;middle;OL28,K562,K562_region_00746,100,183,83,ATTGTTGATTCCTTTGTGCCTGCAGATCAGGCACTGCCCTTGTCAGGGACCTCCTTTGGTGCTTGGCTCTGTGCCAGAGGACACGGTGACAACTGAGGTGTGAATGCAATGTCAATGATTGACTAGGACCAGCACTGGGCTGCATATTTCCAGGCACAGACTGTGGCTGCATCATTAATAGAGGCCTAGAGGCAACCTGA,cce79bbb587e7c744007a7d55176a09aed97715323eade0d31426608d83949fc,0.0,ATTGTTGATTCCTTTGTGCCTGCAGATCAGGCACTGCCCTTGTCAGGGACCTCCTTTGGTGCTTGGCTCTGTGCCAGAGGACACGGTGACAACTGAGGTATGAATGCAATGTCAATGATTGACTAGGACCAGCACTGGGCTGCATATTTCCAGGCACAGACTGTGGCTGCATCATTAATAGAGGCCTAGAGGCAACCTGA,d724889ca6b08ca5f8fa10e0165c82958d76687cfd966e372964a58868a7f154,0.0712259971212106,ATTGTTGATTCCTTTGTGCCTGCAGATCAGGCACTGCCCTTGTCAGGGACCTCCTTTGGTGCTTGGCTCTGTGCCAGAGGACACGGTGACAACTGAGGTGTGAATGCAATGTCAATGATTGACTAGGACCAGCACTGGGCTGCATATTTCCAGGCACAGACTGTGGCTGCATCATTAATAGACGCCTAGAGGCAACCTGA,4612ee0ff3021053c5a2adf505fb7a4bdc1e419d96fd35ba54c21b61187e3ebe,0.0063085266893874,ATTGTTGATTCCTTTGTGCCTGCAGATCAGGCACTGCCCTTGTCAGGGACCTCCTTTGGTGCTTGGCTCTGTGCCAGAGGACACGGTGACAACTGAGGTATGAATGCAATGTCAATGATTGACTAGGACCAGCACTGGGCTGCATATTTCCAGGCACAGACTGTGGCTGCATCATTAATAGACGCCTAGAGGCAACCTGA,61ad95bc97c6d731caa4be4c1e9448a329abe928f4a208cfdd3543539511651c,0.203321657180879,-0.125787133370281,0.161088044618181,-289.688014511019,-297.5673522045836,-301.78143967408687,-304.0364859015681,-5.624291466083378,1.0,-0.125787133370281,0.0,0,0.17855227934299023,0.18565657667894103,0.15145376406925343,0.2848171536041131,1.0
chr16:20420807:G:T;chr16:20420889:T:C;var1;middle;OL41|K562|d6759654034e5b6b,chr16:20420807:G:T;chr16:20420889:T:C;var1;middle;OL41,K562,K562_region_00747,100,182,82,ACCAGGCACGACAGTTGAGGTCTGATCTTCCAGCCACTGTGAGTACTGAGAAAACTTGGCAGGGGGCCACTCTCACTGGCTCAATGCACCCTGACCACTGGAAGCCACTGTGTCAGCTGCTGGGTTCTGGCTCTGCCCACTCTTGGCTGCATTTGGGGCTGAAGTTCCCTGTGGGAGGCTGTTTTCTGAGGGAGCTGAGT,35d1b874592ab95a803316a433d8537649efa6d2a1fc231c8ed9ce6e512b5e40,0.0,ACCAGGCACGACAGTTGAGGTCTGATCTTCCAGCCACTGTGAGTACTGAGAAAACTTGGCAGGGGGCCACTCTCACTGGCTCAATGCACCCTGACCACTTGAAGCCACTGTGTCAGCTGCTGGGTTCTGGCTCTGCCCACTCTTGGCTGCATTTGGGGCTGAAGTTCCCTGTGGGAGGCTGTTTTCTGAGGGAGCTGAGT,bf053b1d8bb3fe29c4c30382ca12cde838bc4744df5210ef77b13603396ef7e4,-0.0939432300290038,ACCAGGCACGACAGTTGAGGTCTGATCTTCCAGCCACTGTGAGTACTGAGAAAACTTGGCAGGGGGCCACTCTCACTGGCTCAATGCACCCTGACCACTGGAAGCCACTGTGTCAGCTGCTGGGTTCTGGCTCTGCCCACTCTTGGCTGCATTTGGGGCTGAAGTTCCCTGTGGGAGGCTGCTTTCTGAGGGAGCTGAGT,21aaf0545443ae082b3f858dd0f86d2d61e11519d9080e41b91e7352555f8837,0.217793209985995,ACCAGGCACGACAGTTGAGGTCTGATCTTCCAGCCACTGTGAGTACTGAGAAAACTTGGCAGGGGGCCACTCTCACTGGCTCAATGCACCCTGACCACTTGAAGCCACTGTGTCAGCTGCTGGGTTCTGGCTCTGCCCACTCTTGGCTGCATTTGGGGCTGAAGTTCCCTGTGGGAGGCTGCTTTCTGAGGGAGCTGAGT,d6759654034e5b6b0709a0d3b0161fe187482b04acdb3390fd6abbace729e59a,0.0236085259924451,-0.100241453964546,0.165846112263051,-282.16017131274566,-286.36382227623835,-280.8499870519154,-288.0617645001039,-3.008126484695822,-1.0,0.100241453964546,0.0,3,0.17541407124554023,0.18106719778262317,0.1474303780702046,0.14675638508271627,1.0
chr16:20420889:T:C;chr16:20420932:T:C;var1;middle;OL41|K562|160b8a524b64a0f4,chr16:20420889:T:C;chr16:20420932:T:C;var1;middle;OL41,K562,K562_region_00747,100,143,43,AATGCACCCTGACCACTGGAAGCCACTGTGTCAGCTGCTGGGTTCTGGCTCTGCCCACTCTTGGCTGCATTTGGGGCTGAAGTTCCCTGTGGGAGGCTGTTTTCTGAGGGAGCTGAGTGTTTACAGCCACTCAGCCCTGCTCTGCTCAGCTGAAGCAGAAAACAGAGACCTTTTGCATTACTTTGGTTCAAGAGCAAGGT,b69e6f258a3c5e83f61d6da8948ccba7d0a749431a859e28666909a066492821,0.0,AATGCACCCTGACCACTGGAAGCCACTGTGTCAGCTGCTGGGTTCTGGCTCTGCCCACTCTTGGCTGCATTTGGGGCTGAAGTTCCCTGTGGGAGGCTGCTTTCTGAGGGAGCTGAGTGTTTACAGCCACTCAGCCCTGCTCTGCTCAGCTGAAGCAGAAAACAGAGACCTTTTGCATTACTTTGGTTCAAGAGCAAGGT,5526178236e1a148d280466e24f175fc76b8b3b329596b2ac9e369fe91b7d79e,0.295232348624374,AATGCACCCTGACCACTGGAAGCCACTGTGTCAGCTGCTGGGTTCTGGCTCTGCCCACTCTTGGCTGCATTTGGGGCTGAAGTTCCCTGTGGGAGGCTGTTTTCTGAGGGAGCTGAGTGTTTACAGCCACTCAGCCCTGCTCCGCTCAGCTGAAGCAGAAAACAGAGACCTTTTGCATTACTTTGGTTCAAGAGCAAGGT,09e53aa6769024376215e143d61bf48590f893d4cfbeedc09c2e16b69c10d500,-0.0084270034870377,AATGCACCCTGACCACTGGAAGCCACTGTGTCAGCTGCTGGGTTCTGGCTCTGCCCACTCTTGGCTGCATTTGGGGCTGAAGTTCCCTGTGGGAGGCTGCTTTCTGAGGGAGCTGAGTGTTTACAGCCACTCAGCCCTGCTCCGCTCAGCTGAAGCAGAAAACAGAGACCTTTTGCATTACTTTGGTTCAAGAGCAAGGT,160b8a524b64a0f4bdb7d47ab5aaecf3764e8de10423b4d259060acbd55b5234,0.230803782919099,-0.0560015622182372,0.257967772571719,-269.2929431810044,-235.65078404080123,-261.6460762824863,-235.57523886486888,-7.571321722585708,-1.0,0.0560015622182372,0.0,3,0.16622294996648393,0.18106719778262317,0.1474303780702046,0.11749403721320797,1.0
chr16:2080571:T:C;chr16:2080653:A:T;var1;middle;OL30|K562|ed8211e84dfce72d,chr16:2080571:T:C;chr16:2080653:A:T;var1;middle;OL30,K562,K562_region_00712,100,182,82,TACAGGGGCGGCCTGCTCCACCTCCTGCTAGGTGGCCGACTGGGAGGGGCGGCCTGGCAGGCCTTGGGGACCAGGAGGAACAGCCTGAAGCTGTCTGTCTTATCTTCCTGGAGGCCCTGATGGCATTATCTCCATGTTCTCTCCTACCTTTTTTTTTTTTTTTTTTTCATTTTCAAAGAGAACCCTGGCCGGGTGCGGTG,118465a138b5d77c31eb53a970a0f7589af74cbe699f0cb90e5ac2c3d5d5294b,0.0,TACAGGGGCGGCCTGCTCCACCTCCTGCTAGGTGGCCGACTGGGAGGGGCGGCCTGGCAGGCCTTGGGGACCAGGAGGAACAGCCTGAAGCTGTCTGTCCTATCTTCCTGGAGGCCCTGATGGCATTATCTCCATGTTCTCTCCTACCTTTTTTTTTTTTTTTTTTTCATTTTCAAAGAGAACCCTGGCCGGGTGCGGTG,dfc62c34a59c897d24056119144045f3e4b012b07bf6c033e0074c2e76cb6445,-0.509329756764034,TACAGGGGCGGCCTGCTCCACCTCCTGCTAGGTGGCCGACTGGGAGGGGCGGCCTGGCAGGCCTTGGGGACCAGGAGGAACAGCCTGAAGCTGTCTGTCTTATCTTCCTGGAGGCCCTGATGGCATTATCTCCATGTTCTCTCCTACCTTTTTTTTTTTTTTTTTTTCATTTTCAAAGAGATCCCTGGCCGGGTGCGGTG,4d60ebb521fc60097383cbc2a40d39323d1c61f7855706653e665c8445fd605e,-0.0135065668662332,TACAGGGGCGGCCTGCTCCACCTCCTGCTAGGTGGCCGACTGGGAGGGGCGGCCTGGCAGGCCTTGGGGACCAGGAGGAACAGCCTGAAGCTGTCTGTCCTATCTTCCTGGAGGCCCTGATGGCATTATCTCCATGTTCTCTCCTACCTTTTTTTTTTTTTTTTTTTCATTTTCAAAGAGATCCCTGGCCGGGTGCGGTG,ed8211e84dfce72d7366d8af4605fb8c5ce0981384d5f31c57aeb32ccdf05b62,-0.607193650419579,0.0843573267893117,0.164241014366819,-274.7881179312244,-266.851131019881,-275.71951039414853,-271.3158665257506,3.5333430429454893,1.0,0.0843573267893117,0.0,1,0.18596012375758564,0.18216460459877223,0.1501433469024087,0.05812736227812046,1.0
chr16:2138218:A:C;chr16:2138269:T:C;var1;middle;OL41|K562|2017240115078432,chr16:2138218:A:C;chr16:2138269:T:C;var1;middle;OL41,K562,K562_region_00713,100,151,51,CCAGATGGCCCTGCACGCAAATGTGAGTGGGGGTGGGTCCAGGCGTGAGCTGGTGGGACAGGCCCAGGTGCCACCTGATAGTGAGCTCACCCCCTGCCTACGTCCCCAGATGGCCTCACAGGTGCATCATAGCCGCTCCAACCCCACCGATATCTACCCCTCCAAGTGGATTGCCCGGCTCCGCCACATCAAGCGGCTCC,ccb24c1c1c5e580301b32e16e7422dfd5dbb04cb52213ab5593d2515e3cc5980,0.0,CCAGATGGCCCTGCACGCAAATGTGAGTGGGGGTGGGTCCAGGCGTGAGCTGGTGGGACAGGCCCAGGTGCCACCTGATAGTGAGCTCACCCCCTGCCTCCGTCCCCAGATGGCCTCACAGGTGCATCATAGCCGCTCCAACCCCACCGATATCTACCCCTCCAAGTGGATTGCCCGGCTCCGCCACATCAAGCGGCTCC,1839e46440fb422139ee94ebbb60ffd6fde428c3699cdb9e92f08e787e0cd3d5,0.0435791714057149,CCAGATGGCCCTGCACGCAAATGTGAGTGGGGGTGGGTCCAGGCGTGAGCTGGTGGGACAGGCCCAGGTGCCACCTGATAGTGAGCTCACCCCCTGCCTACGTCCCCAGATGGCCTCACAGGTGCATCATAGCCGCTCCAACCCCACCGACATCTACCCCTCCAAGTGGATTGCCCGGCTCCGCCACATCAAGCGGCTCC,87124ee19d058f749185e36bdda4b8708564041784b6ab2c3aaf923864bb690d,-0.35749405612806,CCAGATGGCCCTGCACGCAAATGTGAGTGGGGGTGGGTCCAGGCGTGAGCTGGTGGGACAGGCCCAGGTGCCACCTGATAGTGAGCTCACCCCCTGCCTCCGTCCCCAGATGGCCTCACAGGTGCATCATAGCCGCTCCAACCCCACCGACATCTACCCCTCCAAGTGGATTGCCCGGCTCCGCCACATCAAGCGGCTCC,201724011507843253849a49f5cda454d1cd6ac81420ffddf55e1fccbb666a64,-0.241847016515708,0.0720678682066371,0.459382991313346,-280.2117013940588,-285.52113187569194,-291.08411533548497,-307.3307401986094,-10.937194381491338,-1.0,-0.0720678682066371,0.0,0,0.1717284484506068,0.18565657667894103,0.15145376406925343,0.2429178121518839,1.0
chr16:2262066:A:G;chr16:2262113:G:C;var1;middle;OL41|K562|7c09a34843c0cabf,chr16:2262066:A:G;chr16:2262113:G:C;var1;middle;OL41,K562,K562_region_00714,100,147,47,CAAGGTGAGAGCAAGGACACCTGAGCCAGTGTGGGTTTGAGAGTTTAATCTGTGCTCTGGCGCCCACAGTGCTGCAGCCCCTCATGGGCCAGAGACAGGATGCACGGGGACTCCCAGCCCCTACCCGGCAAGAGAGGCATCACTGAGGCTGCATCTGCCATGCGCTCCTGGTGTGACTGCACCCTGTCAGGCCAGACCCG,66d4b96312d6d62c30ca113ce52f631ba841fbb63ab2ba60d4f6cadcf57eaaf4,0.0,CAAGGTGAGAGCAAGGACACCTGAGCCAGTGTGGGTTTGAGAGTTTAATCTGTGCTCTGGCGCCCACAGTGCTGCAGCCCCTCATGGGCCAGAGACAGGGTGCACGGGGACTCCCAGCCCCTACCCGGCAAGAGAGGCATCACTGAGGCTGCATCTGCCATGCGCTCCTGGTGTGACTGCACCCTGTCAGGCCAGACCCG,e745deca3b632baa15dea6e471d6394937b3f241884a9d6ec4c85c2214163631,-0.0524098610318922,CAAGGTGAGAGCAAGGACACCTGAGCCAGTGTGGGTTTGAGAGTTTAATCTGTGCTCTGGCGCCCACAGTGCTGCAGCCCCTCATGGGCCAGAGACAGGATGCACGGGGACTCCCAGCCCCTACCCGGCAAGAGAGGCATCACTGACGCTGCATCTGCCATGCGCTCCTGGTGTGACTGCACCCTGTCAGGCCAGACCCG,d5fd5fe814706b535ea6364cdda44a5812a66f56b19470ab4e70588891dc841e,0.0684766302621136,CAAGGTGAGAGCAAGGACACCTGAGCCAGTGTGGGTTTGAGAGTTTAATCTGTGCTCTGGCGCCCACAGTGCTGCAGCCCCTCATGGGCCAGAGACAGGGTGCACGGGGACTCCCAGCCCCTACCCGGCAAGAGAGGCATCACTGACGCTGCATCTGCCATGCGCTCCTGGTGTGACTGCACCCTGTCAGGCCAGACCCG,7c09a34843c0cabf5bf327c2023efae26437030a1d3ba82b0b45e775c7e44018,-0.0681571697106518,0.0842239389408732,0.323426625804102,-322.65559307392687,-272.4256503358484,-340.659214918036,-291.96644507721066,1.5371728972531855,1.0,0.0842239389408732,0.0,4,0.17810451576449876,0.17620727786206916,0.145609630836647,0.1813292212188761,1.0
chr16:2303353:T:C;chr16:2303371:C:A;var1;middle;OL41|K562|1ba5f6987d3e8286,chr16:2303353:T:C;chr16:2303371:C:A;var1;middle;OL41,K562,K562_region_00715,100,118,18,GAAAGCAAAAAAGAAAAAAAATAAAAGCAATGTACATGTTGCCAAGATAACCTGAAAGACCACCATGAACGGCAGGCACAACCATGGCTGCGTGATGACTCCGCAGAGCTGGCTCTCCACTCACTCGCCAATTTCAGAGTACAGTGGTGGGGTGCGGTGTGTGCATCGGTGCACGGACAGACAGAACCACGAGCAGCAAC,93e206bc265653b18eea922cc61640b818bfe7a68bae056bf3f46a258cd76745,0.0,GAAAGCAAAAAAGAAAAAAAATAAAAGCAATGTACATGTTGCCAAGATAACCTGAAAGACCACCATGAACGGCAGGCACAACCATGGCTGCGTGATGACCCCGCAGAGCTGGCTCTCCACTCACTCGCCAATTTCAGAGTACAGTGGTGGGGTGCGGTGTGTGCATCGGTGCACGGACAGACAGAACCACGAGCAGCAAC,810684047c2d4e52ee2b0747ea0866d2932e947ff2a7561ff51fa71c4f550bce,-0.252795539402946,GAAAGCAAAAAAGAAAAAAAATAAAAGCAATGTACATGTTGCCAAGATAACCTGAAAGACCACCATGAACGGCAGGCACAACCATGGCTGCGTGATGACTCCGCAGAGCTGGCTCTCAACTCACTCGCCAATTTCAGAGTACAGTGGTGGGGTGCGGTGTGTGCATCGGTGCACGGACAGACAGAACCACGAGCAGCAAC,60a9c33e407d254b461bc74fb955a86006408a39ca5d9f87914d238c0e1973e2,-0.134633590333451,GAAAGCAAAAAAGAAAAAAAATAAAAGCAATGTACATGTTGCCAAGATAACCTGAAAGACCACCATGAACGGCAGGCACAACCATGGCTGCGTGATGACCCCGCAGAGCTGGCTCTCAACTCACTCGCCAATTTCAGAGTACAGTGGTGGGGTGCGGTGTGTGCATCGGTGCACGGACAGACAGAACCACGAGCAGCAAC,1ba5f6987d3e8286b3074190382cdc40cb3adfff053249fe062fd330f08ed2b0,-0.30886506153624,-0.0785640682001569,0.238161023300315,-316.9749178267084,-312.28472678060643,-308.3984192898497,-310.42584979510866,6.717621551360935,1.0,-0.0785640682001569,0.0,4,0.1845252224597183,0.17620727786206916,0.145609630836647,0.060725898849969484,1.0
chr16:235490:C:T;chr16:235579:C:T;var1;middle;OL41|K562|7de7bd8e03f18a7c,chr16:235490:C:T;chr16:235579:C:T;var1;middle;OL41,K562,K562_region_00676,100,189,89,TGTGGGTTATTTGGGAGGAGGGAGGGAGGAGGGAGAAAGGAAGAGCTGTTGTGGGTGCTATCAGCGAAACTGCACCGGGGGCATGAAGCTCAGTTTGGTCAGCACCACCTGGCAGGTGTACCAAAAGCCCACCCGACTGTCCCTGCACGGTAGAGAGGCAGGAGCGCCTCTCCCTGCACGGATGGTGCCCCGGAGGCTAC,ed595e681a9fee8b183a0842024fd395f5f3b623872c857e1bb4ee5d20bb8b1b,0.0,TGTGGGTTATTTGGGAGGAGGGAGGGAGGAGGGAGAAAGGAAGAGCTGTTGTGGGTGCTATCAGCGAAACTGCACCGGGGGCATGAAGCTCAGTTTGGTTAGCACCACCTGGCAGGTGTACCAAAAGCCCACCCGACTGTCCCTGCACGGTAGAGAGGCAGGAGCGCCTCTCCCTGCACGGATGGTGCCCCGGAGGCTAC,ab5c51de5cb0d82e99e81bb21ab9fa1389e8615ea902b929adf8cd17153ae232,0.0992816982280444,TGTGGGTTATTTGGGAGGAGGGAGGGAGGAGGGAGAAAGGAAGAGCTGTTGTGGGTGCTATCAGCGAAACTGCACCGGGGGCATGAAGCTCAGTTTGGTCAGCACCACCTGGCAGGTGTACCAAAAGCCCACCCGACTGTCCCTGCACGGTAGAGAGGCAGGAGCGCCTCTCCCTGCACGGATGGTGCTCCGGAGGCTAC,c6211246c82cc5c6d5987cc3e3217be653215feee0b06f9235e018bcac8588d3,-0.275722105049735,TGTGGGTTATTTGGGAGGAGGGAGGGAGGAGGGAGAAAGGAAGAGCTGTTGTGGGTGCTATCAGCGAAACTGCACCGGGGGCATGAAGCTCAGTTTGGTTAGCACCACCTGGCAGGTGTACCAAAAGCCCACCCGACTGTCCCTGCACGGTAGAGAGGCAGGAGCGCCTCTCCCTGCACGGATGGTGCTCCGGAGGCTAC,7de7bd8e03f18a7c402c9f94fcaa76e1ba93b823f7590e8d954b611e2b2d21b1,-0.298698630865894,0.1222582240442033,0.331275148094873,-298.7293253603857,-304.32789017260075,-302.6488487836905,-308.6179802455008,0.3705666495952755,1.0,0.1222582240442033,0.0,0,0.18625200558616822,0.18565657667894103,0.15145376406925343,0.22797817997011832,1.0
chr16:23653269:G:A;chr16:23653343:C:T;var1;middle;OL41|K562|bbfba2df2bf532f4,chr16:23653269:G:A;chr16:23653343:C:T;var1;middle;OL41,K562,K562_region_00748,100,174,74,CATACGAATTACAGCTCGGACTTCGGGCCCTTTTACACTGCCTTTTGTATCTGTTAACTTGCGCTAAAAACGATTCGGTTCTTTTTTTTTGAGGAAGGGGGTTGGGGGGCGGAGACTCTGTCGCCCAGTCCTGAGGGCCGCGGCGCGATCTCTGCTCACTGCAACCTCCGCCTCCCGGGTTCAAGCGATTCTCCTGCCTC,26f94f0d7a2aa52ba77adf03446d17a4fb8349bdcab60555b141d38f2bb1eec9,0.0,CATACGAATTACAGCTCGGACTTCGGGCCCTTTTACACTGCCTTTTGTATCTGTTAACTTGCGCTAAAAACGATTCGGTTCTTTTTTTTTGAGGAAGGGAGTTGGGGGGCGGAGACTCTGTCGCCCAGTCCTGAGGGCCGCGGCGCGATCTCTGCTCACTGCAACCTCCGCCTCCCGGGTTCAAGCGATTCTCCTGCCTC,cb97b9e1f267af64f658bfeb69c70cbd3f30b3b0a9b180b281a9f0356ccd1f02,1.1287808292882,CATACGAATTACAGCTCGGACTTCGGGCCCTTTTACACTGCCTTTTGTATCTGTTAACTTGCGCTAAAAACGATTCGGTTCTTTTTTTTTGAGGAAGGGGGTTGGGGGGCGGAGACTCTGTCGCCCAGTCCTGAGGGCCGCGGCGCGATCTCTGCTCACTGCAACCTCCGCCTTCCGGGTTCAAGCGATTCTCCTGCCTC,8432f502dc43f156ccdf262ed03c2b6b46f545bd18d99e2ce73528c6b1bae424,1.81905420236174,CATACGAATTACAGCTCGGACTTCGGGCCCTTTTACACTGCCTTTTGTATCTGTTAACTTGCGCTAAAAACGATTCGGTTCTTTTTTTTTGAGGAAGGGAGTTGGGGGGCGGAGACTCTGTCGCCCAGTCCTGAGGGCCGCGGCGCGATCTCTGCTCACTGCAACCTCCGCCTTCCGGGTTCAAGCGATTCTCCTGCCTC,bbfba2df2bf532f40adfbbb450a0d48e47b636ea8e0907d428bd6c736ff69c4c,2.94427679691058,0.0035582347393599,0.188939637241636,-197.36314898822457,-204.683487797156,-199.25252552703023,-206.4763404037804,-0.09652393218124189,1.0,0.0035582347393599,0.0,1,0.1822669523759975,0.18216460459877223,0.1501433469024087,0.09999624810261455,1.0
chr16:23694732:G:C;chr16:23694774:A:T;var1;middle;OL41|K562|83d2606a3b6b9ad3,chr16:23694732:G:C;chr16:23694774:A:T;var1;middle;OL41,K562,K562_region_00749,100,142,42,CACCAACAGAAATACATTTAAAGGAATAGCTGGTTCCTGCAGAAGCCTAGCACACAGCCAGTTTGAAGTGTAGTGTCCTTGTGTGAAGCCAGGAGGCCTGTCACCATAAGGACAGACATAGTAAATCCATCACAAAGTGTCAGTTCACTGTCAGAGACAGCATGGAATCAAGCCAGCTAGACAAGGCCTTCACCCTCTCT,098bdb5979c2b365679bb67039ffb351cf4d9db604e640d7a549d3fe47ae17d3,0.0,CACCAACAGAAATACATTTAAAGGAATAGCTGGTTCCTGCAGAAGCCTAGCACACAGCCAGTTTGAAGTGTAGTGTCCTTGTGTGAAGCCAGGAGGCCTCTCACCATAAGGACAGACATAGTAAATCCATCACAAAGTGTCAGTTCACTGTCAGAGACAGCATGGAATCAAGCCAGCTAGACAAGGCCTTCACCCTCTCT,e0425a4db540074e102be2fd1bf57bc95a513a6e2d90fd2d9ce4c349862a76b5,0.62731299344559,CACCAACAGAAATACATTTAAAGGAATAGCTGGTTCCTGCAGAAGCCTAGCACACAGCCAGTTTGAAGTGTAGTGTCCTTGTGTGAAGCCAGGAGGCCTGTCACCATAAGGACAGACATAGTAAATCCATCACAAAGTGTCTGTTCACTGTCAGAGACAGCATGGAATCAAGCCAGCTAGACAAGGCCTTCACCCTCTCT,aa01ad4440fb20aece19309e974126bfe0874374a8ea1fc54df8b6467cbbe7d3,-0.849407196071579,CACCAACAGAAATACATTTAAAGGAATAGCTGGTTCCTGCAGAAGCCTAGCACACAGCCAGTTTGAAGTGTAGTGTCCTTGTGTGAAGCCAGGAGGCCTCTCACCATAAGGACAGACATAGTAAATCCATCACAAAGTGTCTGTTCACTGTCAGAGACAGCATGGAATCAAGCCAGCTAGACAAGGCCTTCACCCTCTCT,83d2606a3b6b9ad3cf218d6b6dc433642c38dc4d62f70dddb49464da5d7f6f59,-0.0656630536112272,0.1564311490147618,0.352282670580706,-335.9593093278818,-342.2914783922024,-327.54714830359444,-330.94662683736533,2.932690530549735,-1.0,-0.1564311490147618,0.0,4,0.1798341361139446,0.17620727786206916,0.145609630836647,0.2788414369508835,1.0
chr16:23883405:C:T;chr16:23883478:A:G;var1;middle;OL41|K562|216d2d985a567e37,chr16:23883405:C:T;chr16:23883478:A:G;var1;middle;OL41,K562,K562_region_00750,100,173,73,TACTTCTCCAGCTCCCAGAATGGTGGCTGGCACTCAGGGGGTGCTCAACACACATAATTGTCAAGAACATGCTACATCAAGGCCTGAGTGGCTTTGCCACGGCTCTTCTTGTGACTGCAGGCCTTGGTGCCAGCAGCCACCCCAGTTCCAAGAAATGGTCTCTTGCTGGCCAACTTAGCAGGAAGAACTGGCAGCGTTCC,8c8a68d05b32c2aa2873fa077dc6f5ef37de4b03aef05f899015e02bacc7837d,0.0,TACTTCTCCAGCTCCCAGAATGGTGGCTGGCACTCAGGGGGTGCTCAACACACATAATTGTCAAGAACATGCTACATCAAGGCCTGAGTGGCTTTGCCATGGCTCTTCTTGTGACTGCAGGCCTTGGTGCCAGCAGCCACCCCAGTTCCAAGAAATGGTCTCTTGCTGGCCAACTTAGCAGGAAGAACTGGCAGCGTTCC,e370f30cb957e51e8da5c6068ededdfbe37734ecb25d5695a9a8dad0a8064027,0.141660143118304,TACTTCTCCAGCTCCCAGAATGGTGGCTGGCACTCAGGGGGTGCTCAACACACATAATTGTCAAGAACATGCTACATCAAGGCCTGAGTGGCTTTGCCACGGCTCTTCTTGTGACTGCAGGCCTTGGTGCCAGCAGCCACCCCAGTTCCAAGAAATGGTCTCTTGCTGGCCAGCTTAGCAGGAAGAACTGGCAGCGTTCC,844e678c5f8e2b2531fc709254aa24de48b3415770b0b93c11d8dcfac795d5e1,0.417804819732509,TACTTCTCCAGCTCCCAGAATGGTGGCTGGCACTCAGGGGGTGCTCAACACACATAATTGTCAAGAACATGCTACATCAAGGCCTGAGTGGCTTTGCCATGGCTCTTCTTGTGACTGCAGGCCTTGGTGCCAGCAGCCACCCCAGTTCCAAGAAATGGTCTCTTGCTGGCCAGCTTAGCAGGAAGAACTGGCAGCGTTCC,216d2d985a567e3764d08f4a0f34ebae873af555dfa7e5309c05a76ecf695c6d,0.312315021250516,0.247149941600297,0.29403983636003,-232.358778513968,-226.16048606485128,-230.2792061343789,-224.26271012425423,0.18179643899202347,1.0,0.247149941600297,0.0,4,0.17642464684171735,0.17620727786206916,0.145609630836647,0.12899211957639684,1.0
chr16:2725011:A:C;chr16:2725045:G:A;var1;middle;OL41|K562|94d9adf0cd42af60,chr16:2725011:A:C;chr16:2725045:G:A;var1;middle;OL41,K562,K562_region_00716,100,134,34,TCTGCCCTCTGGAGACACAGAGAAACCTCCCCACTGGTCAGGTCCAGCTGCCCATCCTAGGACACCACACAGGGAGCGGATGTCTCACCTGGCCCAGCAAGATTCTCCGGACCCAGGCTGGAGGAAGGAGACTGACCCCACTCTTTATCTCATCCTTTCCTACCCAGAACCTCTGTCCATGACCAATGGATGACCTCAGG,ab4e4a56e94a3f42bd764dcaf84c263741a3742998858d4c82c7c8138b08d64e,0.0,TCTGCCCTCTGGAGACACAGAGAAACCTCCCCACTGGTCAGGTCCAGCTGCCCATCCTAGGACACCACACAGGGAGCGGATGTCTCACCTGGCCCAGCACGATTCTCCGGACCCAGGCTGGAGGAAGGAGACTGACCCCACTCTTTATCTCATCCTTTCCTACCCAGAACCTCTGTCCATGACCAATGGATGACCTCAGG,7092e4e7e4ba4cf8ece51981745dea0a67b3a7501162affa8aa7732b377cb3ac,0.151119321063866,TCTGCCCTCTGGAGACACAGAGAAACCTCCCCACTGGTCAGGTCCAGCTGCCCATCCTAGGACACCACACAGGGAGCGGATGTCTCACCTGGCCCAGCAAGATTCTCCGGACCCAGGCTGGAGGAAGGAGACTAACCCCACTCTTTATCTCATCCTTTCCTACCCAGAACCTCTGTCCATGACCAATGGATGACCTCAGG,89cfb8f5d29c63bcd1ef8521ffd2a9065a00200e38fa851ae7bcc739076786da,0.0574481844736285,TCTGCCCTCTGGAGACACAGAGAAACCTCCCCACTGGTCAGGTCCAGCTGCCCATCCTAGGACACCACACAGGGAGCGGATGTCTCACCTGGCCCAGCACGATTCTCCGGACCCAGGCTGGAGGAAGGAGACTAACCCCACTCTTTATCTCATCCTTTCCTACCCAGAACCTCTGTCCATGACCAATGGATGACCTCAGG,94d9adf0cd42af60e74ff1d871b4adb3d4eb4ac0ffb6a4b10615c29ee137dfd2,0.154009550796544,0.0545579547409504,0.317193430847573,-248.5189102096483,-250.1285015400499,-240.8502295911312,-244.3654433898628,1.9056224683299945,1.0,0.0545579547409504,0.0,1,0.18430401594851578,0.18216460459877223,0.1501433469024087,0.3467492577416553,1.0
chr16:2725011:A:C;chr16:2725094:C:G;var1;middle;OL41|K562|a96aabc68ee6acff,chr16:2725011:A:C;chr16:2725094:C:G;var1;middle;OL41,K562,K562_region_00716,100,183,83,TCTGCCCTCTGGAGACACAGAGAAACCTCCCCACTGGTCAGGTCCAGCTGCCCATCCTAGGACACCACACAGGGAGCGGATGTCTCACCTGGCCCAGCAAGATTCTCCGGACCCAGGCTGGAGGAAGGAGACTGACCCCACTCTTTATCTCATCCTTTCCTACCCAGAACCTCTGTCCATGACCAATGGATGACCTCAGG,ab4e4a56e94a3f42bd764dcaf84c263741a3742998858d4c82c7c8138b08d64e,0.0,TCTGCCCTCTGGAGACACAGAGAAACCTCCCCACTGGTCAGGTCCAGCTGCCCATCCTAGGACACCACACAGGGAGCGGATGTCTCACCTGGCCCAGCACGATTCTCCGGACCCAGGCTGGAGGAAGGAGACTGACCCCACTCTTTATCTCATCCTTTCCTACCCAGAACCTCTGTCCATGACCAATGGATGACCTCAGG,7092e4e7e4ba4cf8ece51981745dea0a67b3a7501162affa8aa7732b377cb3ac,0.151431464745587,TCTGCCCTCTGGAGACACAGAGAAACCTCCCCACTGGTCAGGTCCAGCTGCCCATCCTAGGACACCACACAGGGAGCGGATGTCTCACCTGGCCCAGCAAGATTCTCCGGACCCAGGCTGGAGGAAGGAGACTGACCCCACTCTTTATCTCATCCTTTCCTACCCAGAACCTCTGTCCATGAGCAATGGATGACCTCAGG,85e208f790593c951e09902bae030d60a48ae956667464da97c6d269afc76d4b,0.508129255217812,TCTGCCCTCTGGAGACACAGAGAAACCTCCCCACTGGTCAGGTCCAGCTGCCCATCCTAGGACACCACACAGGGAGCGGATGTCTCACCTGGCCCAGCACGATTCTCCGGACCCAGGCTGGAGGAAGGAGACTGACCCCACTCTTTATCTCATCCTTTCCTACCCAGAACCTCTGTCCATGAGCAATGGATGACCTCAGG,a96aabc68ee6acffe1c92dfd0c606174adb484bc6e2bd7e91a62e47dc7d9cdfb,-0.823227707034882,1.482788426998281,0.369204690281477,-248.5189102096483,-250.1285015400499,-248.95132474508137,-246.5415320005268,-4.019384074956179,1.0,1.482788426998281,0.0,1,0.17827567806414385,0.18216460459877223,0.1501433469024087,0.40012132131397504,1.0
chr16:2725045:G:A;chr16:2725094:C:G;var1;middle;OL41|K562|bb827590bff920cc,chr16:2725045:G:A;chr16:2725094:C:G;var1;middle;OL41,K562,K562_region_00716,100,149,49,TGGTCAGGTCCAGCTGCCCATCCTAGGACACCACACAGGGAGCGGATGTCTCACCTGGCCCAGCAAGATTCTCCGGACCCAGGCTGGAGGAAGGAGACTGACCCCACTCTTTATCTCATCCTTTCCTACCCAGAACCTCTGTCCATGACCAATGGATGACCTCAGGACAAGAATGCAATAACTTGGCCTGATGTTGTGAA,6d4985d807071ce2c7072931745da49a1c7da64f9958fe34456af4b56e2fd79b,0.0,TGGTCAGGTCCAGCTGCCCATCCTAGGACACCACACAGGGAGCGGATGTCTCACCTGGCCCAGCAAGATTCTCCGGACCCAGGCTGGAGGAAGGAGACTAACCCCACTCTTTATCTCATCCTTTCCTACCCAGAACCTCTGTCCATGACCAATGGATGACCTCAGGACAAGAATGCAATAACTTGGCCTGATGTTGTGAA,1ab0750de9e2461ce3b6e08f14b6c8d795278f0937eef76a324403954c62f810,0.551635168774233,TGGTCAGGTCCAGCTGCCCATCCTAGGACACCACACAGGGAGCGGATGTCTCACCTGGCCCAGCAAGATTCTCCGGACCCAGGCTGGAGGAAGGAGACTGACCCCACTCTTTATCTCATCCTTTCCTACCCAGAACCTCTGTCCATGAGCAATGGATGACCTCAGGACAAGAATGCAATAACTTGGCCTGATGTTGTGAA,7ed1cfef3493ff260ad31662fd21fd440c5a991f84e672c89e0d32ee807c8d13,-0.749060785238299,TGGTCAGGTCCAGCTGCCCATCCTAGGACACCACACAGGGAGCGGATGTCTCACCTGGCCCAGCAAGATTCTCCGGACCCAGGCTGGAGGAAGGAGACTAACCCCACTCTTTATCTCATCCTTTCCTACCCAGAACCTCTGTCCATGAGCAATGGATGACCTCAGGACAAGAATGCAATAACTTGGCCTGATGTTGTGAA,bb827590bff920cce3c1eeed25f901dfa913dccc02d406464593d4c79c250fa9,-0.0375976770360998,0.1598279394279662,0.340885846997138,-315.2920887423679,-308.8373696906492,-309.4761956734583,-305.87329816492274,-2.8518215431831777,-1.0,-0.1598279394279662,0.0,1,0.17946360273414036,0.18216460459877223,0.1501433469024087,0.0787069750892436,1.0
chr16:27331894:A:G;chr16:27331974:C:G;var1;middle;OL32|K562|484d01d03c1c09a8,chr16:27331894:A:G;chr16:27331974:C:G;var1;middle;OL32,K562,K562_region_00751,100,180,80,TGCTCATTTCCCTGAGGAGGAACCTGAGGCTCAGGCTAGAGACTTACCTGGGTGACACGGCTCCTAAGTGGCAGAGTCCAGATTCAAACCCAGGGCTACAGACCCAGAAGCCTGTGCATTTAACCACGGTTCTGAGCTATCCAGCCCAAAGAGGAGAGTTTAAAAGGATTACATTTCTTCGTTGGAAATCAGTGAGCATA,0274dce77d4d102397b72634e135ff8d6c736283cfb8c641f494357574dbccc2,0.0,TGCTCATTTCCCTGAGGAGGAACCTGAGGCTCAGGCTAGAGACTTACCTGGGTGACACGGCTCCTAAGTGGCAGAGTCCAGATTCAAACCCAGGGCTACGGACCCAGAAGCCTGTGCATTTAACCACGGTTCTGAGCTATCCAGCCCAAAGAGGAGAGTTTAAAAGGATTACATTTCTTCGTTGGAAATCAGTGAGCATA,2bc763d45b2577b0c712f7a44c956c01b75691c7839f4b1da59bce5d70e823a6,0.509972607025583,TGCTCATTTCCCTGAGGAGGAACCTGAGGCTCAGGCTAGAGACTTACCTGGGTGACACGGCTCCTAAGTGGCAGAGTCCAGATTCAAACCCAGGGCTACAGACCCAGAAGCCTGTGCATTTAACCACGGTTCTGAGCTATCCAGCCCAAAGAGGAGAGTTTAAAAGGATTACATTTCTTGGTTGGAAATCAGTGAGCATA,9554cf824961c68918f9f93b6e5e54b9559cbffe97f7a0061fa864d8530e4d44,-0.0647328570676724,TGCTCATTTCCCTGAGGAGGAACCTGAGGCTCAGGCTAGAGACTTACCTGGGTGACACGGCTCCTAAGTGGCAGAGTCCAGATTCAAACCCAGGGCTACGGACCCAGAAGCCTGTGCATTTAACCACGGTTCTGAGCTATCCAGCCCAAAGAGGAGAGTTTAAAAGGATTACATTTCTTGGTTGGAAATCAGTGAGCATA,484d01d03c1c09a8184d774ebd7e23d17176f006178e051222a1aeac523c6e46,-0.0535210253776352,-0.4987607753355458,0.273704314466288,-209.66477680392563,-213.3731659632176,-203.0373873375356,-206.3849708195776,0.3608056772499424,-1.0,0.4987607753355458,0.0,2,0.1757198306079345,0.17490732828716207,0.146091925319964,-0.012847741433974325,1.0
chr16:2828157:G:C;chr16:2828172:T:G;var1;middle;OL41|K562|67891cab5932e0db,chr16:2828157:G:C;chr16:2828172:T:G;var1;middle;OL41,K562,K562_region_00717,100,115,15,GGCGGCGTTGGAGAGATGAGCCAGAGGGTGGCCCTGGACGCCAAACCGCCCTGCAGTCCTCCGAGCTGCGCTTTGAGGGCTGTTGAGAGAGGGGTGGAAGGTGGAGGTGCGATTTTTGCCTCGGCATCTAGAGAGGCGAAGGAGCAGCCCTGGGCTCCGCTGCTGACTGTGGCCATGGGCCGTTAACCTCATCAAAGCCC,1170a4928d82aed4ca95babe997e35509a12abb03afee115725c09049877611e,0.0,GGCGGCGTTGGAGAGATGAGCCAGAGGGTGGCCCTGGACGCCAAACCGCCCTGCAGTCCTCCGAGCTGCGCTTTGAGGGCTGTTGAGAGAGGGGTGGAACGTGGAGGTGCGATTTTTGCCTCGGCATCTAGAGAGGCGAAGGAGCAGCCCTGGGCTCCGCTGCTGACTGTGGCCATGGGCCGTTAACCTCATCAAAGCCC,a4b807cd0c4802cf8885378e87ab8df600ef3a89dd90a34db5d5207b37dce05a,-0.079837083054533,GGCGGCGTTGGAGAGATGAGCCAGAGGGTGGCCCTGGACGCCAAACCGCCCTGCAGTCCTCCGAGCTGCGCTTTGAGGGCTGTTGAGAGAGGGGTGGAAGGTGGAGGTGCGATTGTTGCCTCGGCATCTAGAGAGGCGAAGGAGCAGCCCTGGGCTCCGCTGCTGACTGTGGCCATGGGCCGTTAACCTCATCAAAGCCC,ff0d2fe38cad573a40adf86ebe459cb66d607839252de2b834f056dc9be1bb9f,0.167346084511499,GGCGGCGTTGGAGAGATGAGCCAGAGGGTGGCCCTGGACGCCAAACCGCCCTGCAGTCCTCCGAGCTGCGCTTTGAGGGCTGTTGAGAGAGGGGTGGAACGTGGAGGTGCGATTGTTGCCTCGGCATCTAGAGAGGCGAAGGAGCAGCCCTGGGCTCCGCTGCTGACTGTGGCCATGGGCCGTTAACCTCATCAAAGCCC,67891cab5932e0db255989b5d7b7b98a2058d48da7dd4ee8fe7d64f2dbe81b82,0.0987334633180815,0.0112244618611155,0.326090268966753,-315.4018024196848,-327.2827851958573,-346.5035814866424,-358.5521573526785,-0.16759308986365795,-1.0,-0.0112244618611155,0.0,1,0.1821946437814774,0.18216460459877223,0.1501433469024087,-0.15659075880795115,1.0
chr16:2828157:G:C;chr16:2828173:T:C;var1;middle;OL41|K562|3e9fe89a50b6eaaf,chr16:2828157:G:C;chr16:2828173:T:C;var1;middle;OL41,K562,K562_region_00717,100,116,16,GGCGGCGTTGGAGAGATGAGCCAGAGGGTGGCCCTGGACGCCAAACCGCCCTGCAGTCCTCCGAGCTGCGCTTTGAGGGCTGTTGAGAGAGGGGTGGAAGGTGGAGGTGCGATTTTTGCCTCGGCATCTAGAGAGGCGAAGGAGCAGCCCTGGGCTCCGCTGCTGACTGTGGCCATGGGCCGTTAACCTCATCAAAGCCC,1170a4928d82aed4ca95babe997e35509a12abb03afee115725c09049877611e,0.0,GGCGGCGTTGGAGAGATGAGCCAGAGGGTGGCCCTGGACGCCAAACCGCCCTGCAGTCCTCCGAGCTGCGCTTTGAGGGCTGTTGAGAGAGGGGTGGAACGTGGAGGTGCGATTTTTGCCTCGGCATCTAGAGAGGCGAAGGAGCAGCCCTGGGCTCCGCTGCTGACTGTGGCCATGGGCCGTTAACCTCATCAAAGCCC,a4b807cd0c4802cf8885378e87ab8df600ef3a89dd90a34db5d5207b37dce05a,-0.0797941015757711,GGCGGCGTTGGAGAGATGAGCCAGAGGGTGGCCCTGGACGCCAAACCGCCCTGCAGTCCTCCGAGCTGCGCTTTGAGGGCTGTTGAGAGAGGGGTGGAAGGTGGAGGTGCGATTTCTGCCTCGGCATCTAGAGAGGCGAAGGAGCAGCCCTGGGCTCCGCTGCTGACTGTGGCCATGGGCCGTTAACCTCATCAAAGCCC,465e4e3f2423ed57001204a84933dac084a610ad2e21940b46b136b16a51ad84,0.238124192471115,GGCGGCGTTGGAGAGATGAGCCAGAGGGTGGCCCTGGACGCCAAACCGCCCTGCAGTCCTCCGAGCTGCGCTTTGAGGGCTGTTGAGAGAGGGGTGGAACGTGGAGGTGCGATTTCTGCCTCGGCATCTAGAGAGGCGAAGGAGCAGCCCTGGGCTCCGCTGCTGACTGTGGCCATGGGCCGTTAACCTCATCAAAGCCC,3e9fe89a50b6eaaf280264904de7a4a44746a498d83ae26d499f9b1aab73580d,0.0959180756653382,-0.0624120152300056,0.252198679011375,-315.4018024196848,-327.2827851958573,-303.30336246080697,-310.86824661679566,4.316098620183766,-1.0,0.0624120152300056,0.0,1,0.18675653048996568,0.18216460459877223,0.1501433469024087,-0.0933006429328535,1.0
chr16:2892695:A:G;chr16:2892770:G:A;var1;middle;OL41|K562|849a6725c938d262,chr16:2892695:A:G;chr16:2892770:G:A;var1;middle;OL41,K562,K562_region_00718,100,175,75,CCACGTCACGGACCTCATCTCGGCCTCGCTACGACTCTGCCAACAGGGGGCGCTGCAGGAGGCTACGCGGTCGCAGGGACTCCTTTCTGTCCGTTTCCGACAAACTTCCCGCGCTCTTCCGGAGGTTGAGGGTGGTTCGCTAAACTTCCGGTGGGCTCCAAGAGAGTTTCCGGCGGACTTCCTGTGCGATCGGGCGGGGT,3628de68624103607b2e9e3da4f13cddf2c0a95d75572deba73bed467891f224,0.0,CCACGTCACGGACCTCATCTCGGCCTCGCTACGACTCTGCCAACAGGGGGCGCTGCAGGAGGCTACGCGGTCGCAGGGACTCCTTTCTGTCCGTTTCCGGCAAACTTCCCGCGCTCTTCCGGAGGTTGAGGGTGGTTCGCTAAACTTCCGGTGGGCTCCAAGAGAGTTTCCGGCGGACTTCCTGTGCGATCGGGCGGGGT,c19fd70e95c9cf51870bee05254a146dd694a26e12cb537cc9f1e665ea80e340,-0.135170523615888,CCACGTCACGGACCTCATCTCGGCCTCGCTACGACTCTGCCAACAGGGGGCGCTGCAGGAGGCTACGCGGTCGCAGGGACTCCTTTCTGTCCGTTTCCGACAAACTTCCCGCGCTCTTCCGGAGGTTGAGGGTGGTTCGCTAAACTTCCGGTGGGCTCCAAGAGAGTTTCCGGCAGACTTCCTGTGCGATCGGGCGGGGT,b81f2f29df93c17e2f43a6d9504d53498e6d8fad28b5e7f1ac9b50eb7e9a9430,0.287430640045482,CCACGTCACGGACCTCATCTCGGCCTCGCTACGACTCTGCCAACAGGGGGCGCTGCAGGAGGCTACGCGGTCGCAGGGACTCCTTTCTGTCCGTTTCCGGCAAACTTCCCGCGCTCTTCCGGAGGTTGAGGGTGGTTCGCTAAACTTCCGGTGGGCTCCAAGAGAGTTTCCGGCAGACTTCCTGTGCGATCGGGCGGGGT,849a6725c938d2622ed34a95dde31a624e01cd480256936571343a77415f0171,0.0067366819531706,-0.1455234344764234,0.238051740600629,-378.5600314987824,-378.1014525562059,-372.37570163444616,-369.4056378877722,2.511484804097506,-1.0,0.1455234344764234,0.0,3,0.18653159178187545,0.18106719778262317,0.1474303780702046,0.09834281830114176,1.0
chr16:2916702:T:C;chr16:2916791:G:C;var1;middle;OL41|K562|4d159768b77f10eb,chr16:2916702:T:C;chr16:2916791:G:C;var1;middle;OL41,K562,K562_region_00719,100,189,89,ACCTGCCTTAAACCAAACCCCAAAACCTCAGTATCTCAACTTTGCCCTCCCGACCTCCACTCTACAATGACTCTTTCAAGGTGGTGCTTCCCCTTAGCATAAGCAACAACCCAGTTTTGTCTTATCAGCTGCTTGCTTTGATGCTATTTCCAGGAGCCAGCATTTGAAGAGGGAACCAGGACCAACACGGTCGGCTGTGT,b982d0c53c7462ceacbfe654423289fb3ed65af606a147fc9e5ed91c5e1fa155,0.0,ACCTGCCTTAAACCAAACCCCAAAACCTCAGTATCTCAACTTTGCCCTCCCGACCTCCACTCTACAATGACTCTTTCAAGGTGGTGCTTCCCCTTAGCACAAGCAACAACCCAGTTTTGTCTTATCAGCTGCTTGCTTTGATGCTATTTCCAGGAGCCAGCATTTGAAGAGGGAACCAGGACCAACACGGTCGGCTGTGT,dfd462a6d5b4151ecb9f6c63a5efb318bc26f75f70c883f6ec9b886b86d79903,0.22049098613103,ACCTGCCTTAAACCAAACCCCAAAACCTCAGTATCTCAACTTTGCCCTCCCGACCTCCACTCTACAATGACTCTTTCAAGGTGGTGCTTCCCCTTAGCATAAGCAACAACCCAGTTTTGTCTTATCAGCTGCTTGCTTTGATGCTATTTCCAGGAGCCAGCATTTGAAGAGGGAACCAGGACCAACACCGTCGGCTGTGT,974f5aaaa33fdfbeb0f0748c16a191853a418ed6a46065fe7c04a1ff812b7fc0,-0.612320147262008,ACCTGCCTTAAACCAAACCCCAAAACCTCAGTATCTCAACTTTGCCCTCCCGACCTCCACTCTACAATGACTCTTTCAAGGTGGTGCTTCCCCTTAGCACAAGCAACAACCCAGTTTTGTCTTATCAGCTGCTTGCTTTGATGCTATTTCCAGGAGCCAGCATTTGAAGAGGGAACCAGGACCAACACCGTCGGCTGTGT,4d159768b77f10eb4a6d5e924b9b6b337c8f9986a1fd2a585a8f306568041d5b,-0.238589980320474,0.153239180810504,0.437534180783908,-440.29773797653615,-431.6895972047933,-432.7305206456804,-423.8943734818022,0.22800639213528484,-1.0,-0.153239180810504,0.0,3,0.18193224287648938,0.18106719778262317,0.1474303780702046,0.16591228368483898,1.0
chr16:29239828:T:C;chr16:29239889:C:G;var1;middle;OL41|K562|84b9fbb5b719c328,chr16:29239828:T:C;chr16:29239889:C:G;var1;middle;OL41,K562,K562_region_00752,100,161,61,GTCCCAAGCCTCAACAAGCCACTCACTTCCCACTTGGGAGTAGTTTCTCTGCACGCACCAGGCAGTGGGACCAGGGAAGAAATCGCGTCCACTAAGTGGTGTCGTCTGCCTGCAAGACCTGCACAGCTCCCAGGCCTATGGCTTTGGGCACCAGGTGCTGCGCCAGCGTCTGGAAATGATTAATTCCTGGGCACACCTGC,8e58364497502d4c0cd6f91cb3929ba1ad9a3376fcc61bdf0773fabd2c7f7039,0.0,GTCCCAAGCCTCAACAAGCCACTCACTTCCCACTTGGGAGTAGTTTCTCTGCACGCACCAGGCAGTGGGACCAGGGAAGAAATCGCGTCCACTAAGTGGCGTCGTCTGCCTGCAAGACCTGCACAGCTCCCAGGCCTATGGCTTTGGGCACCAGGTGCTGCGCCAGCGTCTGGAAATGATTAATTCCTGGGCACACCTGC,961b9a45a709841317677ad258e1b0821f6710d7b767e842f8cca71600a7e5cd,0.240461767955917,GTCCCAAGCCTCAACAAGCCACTCACTTCCCACTTGGGAGTAGTTTCTCTGCACGCACCAGGCAGTGGGACCAGGGAAGAAATCGCGTCCACTAAGTGGTGTCGTCTGCCTGCAAGACCTGCACAGCTCCCAGGCCTATGGCTTTGGGCACCAGGTGCTGGGCCAGCGTCTGGAAATGATTAATTCCTGGGCACACCTGC,461f4a82c60c7665fe21597f46e85359cd105fc38cffc5f474d82b13c053b89a,0.46823274886179,GTCCCAAGCCTCAACAAGCCACTCACTTCCCACTTGGGAGTAGTTTCTCTGCACGCACCAGGCAGTGGGACCAGGGAAGAAATCGCGTCCACTAAGTGGCGTCGTCTGCCTGCAAGACCTGCACAGCTCCCAGGCCTATGGCTTTGGGCACCAGGTGCTGGGCCAGCGTCTGGAAATGATTAATTCCTGGGCACACCTGC,84b9fbb5b719c32854c80a728b9b2650100654a19b3b2e4bed9a1a45b5726220,0.74246632953194,-0.033771812714233,0.450784317919166,-305.20586095005274,-308.4686042033136,-298.8301245905459,-299.53338606562465,-2.5594817781820893,1.0,-0.033771812714233,0.0,2,0.17146765596227503,0.17490732828716207,0.146091925319964,0.1703033220603782,1.0
chr16:2986233:G:T;chr16:2986289:C:G;var1;middle;OL41|K562|10bd52457eccb586,chr16:2986233:G:T;chr16:2986289:C:G;var1;middle;OL41,K562,K562_region_00720,100,156,56,GAACTCCTGACCTCGTGATCCGCCTGCCTCGGCCTCCCAAAGTGCTGGGATTACAGGCGTGAGCCACCGTGCGCAGCCCCTTGCTGGATATTTTCATCCGTGTGGAAGGGGATAAAGCGTGCCCCATGGTCACACCACCCCCTCCCGTGGCCTGGCGTCCCCACCTTCGTCCTGACCTCTTCTGTCTCGTGGTCCCCAGG,ea1580ce7a889595414ce0571310589e2291664217223d548581c97aa3c2f20d,0.0,GAACTCCTGACCTCGTGATCCGCCTGCCTCGGCCTCCCAAAGTGCTGGGATTACAGGCGTGAGCCACCGTGCGCAGCCCCTTGCTGGATATTTTCATCCTTGTGGAAGGGGATAAAGCGTGCCCCATGGTCACACCACCCCCTCCCGTGGCCTGGCGTCCCCACCTTCGTCCTGACCTCTTCTGTCTCGTGGTCCCCAGG,9e13c9fded54c1101687677b12c2a3694777697c0ab68227769233773f5c10aa,-0.399762783403045,GAACTCCTGACCTCGTGATCCGCCTGCCTCGGCCTCCCAAAGTGCTGGGATTACAGGCGTGAGCCACCGTGCGCAGCCCCTTGCTGGATATTTTCATCCGTGTGGAAGGGGATAAAGCGTGCCCCATGGTCACACCACCCCCTCCCGTGGCCTGGGGTCCCCACCTTCGTCCTGACCTCTTCTGTCTCGTGGTCCCCAGG,a35407c518cade74e5863b036f94e5ab57907c22edb4acde62770a79ad0ee42d,-0.346032635559441,GAACTCCTGACCTCGTGATCCGCCTGCCTCGGCCTCCCAAAGTGCTGGGATTACAGGCGTGAGCCACCGTGCGCAGCCCCTTGCTGGATATTTTCATCCTTGTGGAAGGGGATAAAGCGTGCCCCATGGTCACACCACCCCCTCCCGTGGCCTGGGGTCCCCACCTTCGTCCTGACCTCTTCTGTCTCGTGGTCCCCAGG,10bd52457eccb586beeaa74f1cb4d8236e5bdfbd58e91b90bd20736ca66fa026,-0.544136749093114,-0.2016586698693719,0.366289606007223,-164.5270897434093,-163.1803998197429,-160.80053584836423,-159.25080559356138,-0.20304033113643527,1.0,-0.2016586698693719,0.0,1,0.1821585783449416,0.18216460459877223,0.1501433469024087,0.32977709676454814,1.0
chr16:2986289:C:G;chr16:2986323:T:C;var1;middle;OL41|K562|4a0f728b5a936bed,chr16:2986289:C:G;chr16:2986323:T:C;var1;middle;OL41,K562,K562_region_00720,100,134,34,GCGTGAGCCACCGTGCGCAGCCCCTTGCTGGATATTTTCATCCGTGTGGAAGGGGATAAAGCGTGCCCCATGGTCACACCACCCCCTCCCGTGGCCTGGCGTCCCCACCTTCGTCCTGACCTCTTCTGTCTCGTGGTCCCCAGGCTCCTGTGCTGCTGTGCCCCTCAGGGTCCTCCTGCCTCCCGAGCCTCCCTGCTCCA,82b10ce1f3a790e82bccd24f271dbb5e78c90757df2380bc0ad6ed348145d5fa,0.0,GCGTGAGCCACCGTGCGCAGCCCCTTGCTGGATATTTTCATCCGTGTGGAAGGGGATAAAGCGTGCCCCATGGTCACACCACCCCCTCCCGTGGCCTGGGGTCCCCACCTTCGTCCTGACCTCTTCTGTCTCGTGGTCCCCAGGCTCCTGTGCTGCTGTGCCCCTCAGGGTCCTCCTGCCTCCCGAGCCTCCCTGCTCCA,b37547be21c0239e255cc0912671cbe8a3ce71e95cc799927773cee1b8c0ce00,-0.0907082527314672,GCGTGAGCCACCGTGCGCAGCCCCTTGCTGGATATTTTCATCCGTGTGGAAGGGGATAAAGCGTGCCCCATGGTCACACCACCCCCTCCCGTGGCCTGGCGTCCCCACCTTCGTCCTGACCTCTTCTGTCTCGCGGTCCCCAGGCTCCTGTGCTGCTGTGCCCCTCAGGGTCCTCCTGCCTCCCGAGCCTCCCTGCTCCA,cb2307fcfe209b9149134658b6290e03b171e4c0b90186b446f628900cb21112,0.107273280817121,GCGTGAGCCACCGTGCGCAGCCCCTTGCTGGATATTTTCATCCGTGTGGAAGGGGATAAAGCGTGCCCCATGGTCACACCACCCCCTCCCGTGGCCTGGGGTCCCCACCTTCGTCCTGACCTCTTCTGTCTCGCGGTCCCCAGGCTCCTGTGCTGCTGTGCCCCTCAGGGTCCTCCTGCCTCCCGAGCCTCCCTGCTCCA,4a0f728b5a936bed8aa30d4c2302c54e89614fa65f2e8657a2d8410fbd86717a,0.0921675031687534,0.0756024750830996,0.567915887660769,-303.30717857321724,-301.25756730209105,-314.9039566803258,-313.01156912441365,-0.15722371521405876,-1.0,-0.0756024750830996,0.0,1,0.182205193996668,0.18216460459877223,0.1501433469024087,0.3375789190725254,1.0
chr16:30482494:T:C;chr16:30482540:T:G;var1;middle;OL27|K562|ae2d50021b4845d2,chr16:30482494:T:C;chr16:30482540:T:G;var1;middle;OL27,K562,K562_region_00753,100,146,46,ATGTGCACCAGGCTTCCAGTTTCTTCACATCTTCACTAACTCTTATTTCCTTTGCTTTAAACTCTAACCATCAAAGTAGGTGTAAAGGGTATCTCACTGTGGTTTTGATTTGCATTTCTCTAATGACTAATAGTGTTAAGTATCATTTCATGTGCATGTTGGCCATTTATATGTCATTGGAGAAATGTCTACTCAAACCG,53296da37a10da128e962fd3e9d656964f86539faf83801678d11351fba58bea,0.0,ATGTGCACCAGGCTTCCAGTTTCTTCACATCTTCACTAACTCTTATTTCCTTTGCTTTAAACTCTAACCATCAAAGTAGGTGTAAAGGGTATCTCACTGCGGTTTTGATTTGCATTTCTCTAATGACTAATAGTGTTAAGTATCATTTCATGTGCATGTTGGCCATTTATATGTCATTGGAGAAATGTCTACTCAAACCG,fddb3db467af77593fa00dc36322c9c09f3de63b64eb71cc17a85d5ac3b11e03,0.450000386913366,ATGTGCACCAGGCTTCCAGTTTCTTCACATCTTCACTAACTCTTATTTCCTTTGCTTTAAACTCTAACCATCAAAGTAGGTGTAAAGGGTATCTCACTGTGGTTTTGATTTGCATTTCTCTAATGACTAATAGTGTTAAGTATCAGTTCATGTGCATGTTGGCCATTTATATGTCATTGGAGAAATGTCTACTCAAACCG,9f67a2067fbb292a8c79f2b594312fab351122fcb2dfcf17841d3fc380dfb543,0.364796536617941,ATGTGCACCAGGCTTCCAGTTTCTTCACATCTTCACTAACTCTTATTTCCTTTGCTTTAAACTCTAACCATCAAAGTAGGTGTAAAGGGTATCTCACTGCGGTTTTGATTTGCATTTCTCTAATGACTAATAGTGTTAAGTATCAGTTCATGTGCATGTTGGCCATTTATATGTCATTGGAGAAATGTCTACTCAAACCG,ae2d50021b4845d2f7032799908001d4a36b5adc6c76cf5c6240c24e471dbd36,0.446883920016803,0.367913003514504,0.268564199518549,-143.06534086726606,-150.35261932760477,-144.93467282503843,-150.30255002342165,-1.9194012619554996,1.0,0.367913003514504,0.0,3,0.17760696570657172,0.18106719778262317,0.1474303780702046,0.1843158154964512,1.0
chr16:3054011:C:G;chr16:3054088:G:C;var1;middle;OL41|K562|e20914284f681268,chr16:3054011:C:G;chr16:3054088:G:C;var1;middle;OL41,K562,K562_region_00721,100,177,77,GCCAGGCTAGCTGAGGGCGGGGAGCAGCTGCGGCACCTGGGACACAGCGATTGGCTGGGACCAGGAGAGGGCGGGAAGAAGAACTTGGCGGAGCGCGCTCATATCTCTGATTGGCTGCCAAGGGTAGCCCTTGACAGCTGCCGGGTGGGACCCGTAGACCGCGAGCGCACTGGCCCGTGATTGGTTGGGGTGCGGCGGCG,7be11667c58ee70c956c3e1dde80624b4f512581c83c15bcaf32625f70d88b97,0.0,GCCAGGCTAGCTGAGGGCGGGGAGCAGCTGCGGCACCTGGGACACAGCGATTGGCTGGGACCAGGAGAGGGCGGGAAGAAGAACTTGGCGGAGCGCGCTGATATCTCTGATTGGCTGCCAAGGGTAGCCCTTGACAGCTGCCGGGTGGGACCCGTAGACCGCGAGCGCACTGGCCCGTGATTGGTTGGGGTGCGGCGGCG,95d30c41d649e14c968f16ae55e4de476f93d08e1740e4e9894da1dae428ea90,0.314017276915655,GCCAGGCTAGCTGAGGGCGGGGAGCAGCTGCGGCACCTGGGACACAGCGATTGGCTGGGACCAGGAGAGGGCGGGAAGAAGAACTTGGCGGAGCGCGCTCATATCTCTGATTGGCTGCCAAGGGTAGCCCTTGACAGCTGCCGGGTGGGACCCGTAGACCGCGAGCGCACTGGCCCCTGATTGGTTGGGGTGCGGCGGCG,348f5696147a1a7c9726653bc59145a4a181c46869d667eecab301949dbf74e9,0.103214342401217,GCCAGGCTAGCTGAGGGCGGGGAGCAGCTGCGGCACCTGGGACACAGCGATTGGCTGGGACCAGGAGAGGGCGGGAAGAAGAACTTGGCGGAGCGCGCTGATATCTCTGATTGGCTGCCAAGGGTAGCCCTTGACAGCTGCCGGGTGGGACCCGTAGACCGCGAGCGCACTGGCCCCTGATTGGTTGGGGTGCGGCGGCG,e20914284f681268e995f5cd07b17b009aff2919730cfe839d1b6ee4a9333f36,0.0757741558250171,0.3414574634918549,0.360108517494467,-230.6989097390324,-228.96480478346348,-230.45344462431967,-228.6098358426243,-0.10950382612645626,1.0,0.3414574634918549,0.0,0,0.18563540863438682,0.18565657667894103,0.15145376406925343,0.07683675583993882,1.0
chr16:3075633:G:C;chr16:3075701:C:T;var1;middle;OL41|K562|52838e1f92267ee6,chr16:3075633:G:C;chr16:3075701:C:T;var1;middle;OL41,K562,K562_region_00722,100,168,68,GAGCCACCCATGGGACTGCATGGGCAGGTGCTGGCTTGGGGCGGGGCCGCCTCAAAAGAAGGCTGAGAAGTCAGGACAGTGGGAGGCCTGGCAGGTTTTGGGGGAAGCAGGGAGGAATCTGTGGATGGGAGGTTTCATACGTCCCAGGCAGGCCTCATCCAGTCTTTCCCTGCAGACAGAGGTGTTCCAGGCCTTGCAGC,ab762daf02b3a2a9ad75b16a09d175652b990a95cf9e7075c3ce6c3af97213f0,0.0,GAGCCACCCATGGGACTGCATGGGCAGGTGCTGGCTTGGGGCGGGGCCGCCTCAAAAGAAGGCTGAGAAGTCAGGACAGTGGGAGGCCTGGCAGGTTTTCGGGGAAGCAGGGAGGAATCTGTGGATGGGAGGTTTCATACGTCCCAGGCAGGCCTCATCCAGTCTTTCCCTGCAGACAGAGGTGTTCCAGGCCTTGCAGC,a6a5754beaf0133bbcd67a01ebf5eb17ade3315fba1fede92fafe67dd567745b,-0.0012907529329982,GAGCCACCCATGGGACTGCATGGGCAGGTGCTGGCTTGGGGCGGGGCCGCCTCAAAAGAAGGCTGAGAAGTCAGGACAGTGGGAGGCCTGGCAGGTTTTGGGGGAAGCAGGGAGGAATCTGTGGATGGGAGGTTTCATACGTCCCAGGCAGGCCTCATCCAGTCTTTTCCTGCAGACAGAGGTGTTCCAGGCCTTGCAGC,70bdbd373a1962ed098d39d0931bd5ed6a1fff3806e61c31338fa6c5fd8a4cae,-0.275225045139722,GAGCCACCCATGGGACTGCATGGGCAGGTGCTGGCTTGGGGCGGGGCCGCCTCAAAAGAAGGCTGAGAAGTCAGGACAGTGGGAGGCCTGGCAGGTTTTCGGGGAAGCAGGGAGGAATCTGTGGATGGGAGGTTTCATACGTCCCAGGCAGGCCTCATCCAGTCTTTTCCTGCAGACAGAGGTGTTCCAGGCCTTGCAGC,52838e1f92267ee641eb09bcc86d6e84c4227d826acedb778ee64ed6a5267c21,-0.0396418276274787,0.2368739704452415,0.253112355932448,-293.05490257870406,-314.6746360277757,-317.9789984896779,-352.4501762520522,-12.851444313302636,-1.0,-0.2368739704452415,0.0,1,0.1692895878475499,0.18216460459877223,0.1501433469024087,0.19947856012561832,1.0
chr16:3085335:G:C;chr16:3085375:G:A;var1;middle;OL41|K562|bfe749582466a387,chr16:3085335:G:C;chr16:3085375:G:A;var1;middle;OL41,K562,K562_region_00723,100,140,40,GGGCGCTCAGCGTCTCCAGCTGCCGCCGCAGCTCTTCATTTCGCTCCAGAAGCATCTTGCCGAGCTCCGCGGCCAACAGCAGGTCTTTCTCCTTCTGCTGCAGCTGCAAGGCTAGGTCCTCGGGCTCCTCAGGCCCTGGGCCCCCTCCCAGGAATGAGTCCCGCCGCTCCAGCACAAAGGGGAAGAAGCCCTCGTCGCCG,7547d8e159fd7b97b61c26f7ed6d5418187d367355f0f2945ec4d625c6536e0d,0.0,GGGCGCTCAGCGTCTCCAGCTGCCGCCGCAGCTCTTCATTTCGCTCCAGAAGCATCTTGCCGAGCTCCGCGGCCAACAGCAGGTCTTTCTCCTTCTGCTCCAGCTGCAAGGCTAGGTCCTCGGGCTCCTCAGGCCCTGGGCCCCCTCCCAGGAATGAGTCCCGCCGCTCCAGCACAAAGGGGAAGAAGCCCTCGTCGCCG,73a7c49c285461df104c712ee402d79fb9f0dd8c7e5c5f1a8a5b3d6df9b1d5d6,0.192129445550653,GGGCGCTCAGCGTCTCCAGCTGCCGCCGCAGCTCTTCATTTCGCTCCAGAAGCATCTTGCCGAGCTCCGCGGCCAACAGCAGGTCTTTCTCCTTCTGCTGCAGCTGCAAGGCTAGGTCCTCGGGCTCCTCAGGCCCTGGACCCCCTCCCAGGAATGAGTCCCGCCGCTCCAGCACAAAGGGGAAGAAGCCCTCGTCGCCG,e9e778682c9062c138cc0f93b787d564f0b5366bcebaef56f428ee55773616eb,0.0319811617655619,GGGCGCTCAGCGTCTCCAGCTGCCGCCGCAGCTCTTCATTTCGCTCCAGAAGCATCTTGCCGAGCTCCGCGGCCAACAGCAGGTCTTTCTCCTTCTGCTCCAGCTGCAAGGCTAGGTCCTCGGGCTCCTCAGGCCCTGGACCCCCTCCCAGGAATGAGTCCCGCCGCTCCAGCACAAAGGGGAAGAAGCCCTCGTCGCCG,bfe749582466a3871c8b17ac76871117e738364c091b713f6e1d503030b83b99,0.0214210413168787,0.2026895659993362,0.439007016533223,-281.17144492967054,-285.52785855461843,-285.74528260016814,-287.9617620713543,-2.1399341537617147,1.0,0.2026895659993362,0.0,1,0.18018790534675416,0.18216460459877223,0.1501433469024087,0.0382976233798859,1.0
chr16:3181963:T:C;chr16:3181996:G:A;var1;middle;OL41|K562|695a9ea8c08817fe,chr16:3181963:T:C;chr16:3181996:G:A;var1;middle;OL41,K562,K562_region_00724,100,133,33,CAGTTCCTTGCTAGCCAGCTTGATGTTGTTCTTCGCTAATACAGGGCGATGGATGAACACTGTCAGGTCAGAGCAGGAGGGAGGGGCTGTCTTCTCCACTGTGGCCAGCGGAGGGCAGGAGAGGTAACCAGCGGCCTTCAGTTCCACTGTCCTCACCTTGGTCCGGCTCCTGCCCTTTCCACTGTCCGCTAGCTGTGAGT,b306c34178e25523582f9dfbfe254ff92c966dd32820a55f7bf7c7d60fbcd79a,0.0,CAGTTCCTTGCTAGCCAGCTTGATGTTGTTCTTCGCTAATACAGGGCGATGGATGAACACTGTCAGGTCAGAGCAGGAGGGAGGGGCTGTCTTCTCCACCGTGGCCAGCGGAGGGCAGGAGAGGTAACCAGCGGCCTTCAGTTCCACTGTCCTCACCTTGGTCCGGCTCCTGCCCTTTCCACTGTCCGCTAGCTGTGAGT,29911d7622c46aa39188bc018b48e0309a0da6d4c899df5c2c13f97ea8f6ed21,-0.219647686595998,CAGTTCCTTGCTAGCCAGCTTGATGTTGTTCTTCGCTAATACAGGGCGATGGATGAACACTGTCAGGTCAGAGCAGGAGGGAGGGGCTGTCTTCTCCACTGTGGCCAGCGGAGGGCAGGAGAGGTAACCAGCAGCCTTCAGTTCCACTGTCCTCACCTTGGTCCGGCTCCTGCCCTTTCCACTGTCCGCTAGCTGTGAGT,cc25b6e9817d1c4fe0145c1bebda4fdf4e4a2aa7dd0e18b345650a7b1af21038,0.193948702040655,CAGTTCCTTGCTAGCCAGCTTGATGTTGTTCTTCGCTAATACAGGGCGATGGATGAACACTGTCAGGTCAGAGCAGGAGGGAGGGGCTGTCTTCTCCACCGTGGCCAGCGGAGGGCAGGAGAGGTAACCAGCAGCCTTCAGTTCCACTGTCCTCACCTTGGTCCGGCTCCTGCCCTTTCCACTGTCCGCTAGCTGTGAGT,695a9ea8c08817fecda91ee2dd83b4c6146fe525fead74106ec5a2dcf3a5621a,0.0734309249423464,0.0991299094976894,0.143597529678701,-253.6139653101564,-255.15669540315864,-250.19438146054745,-252.25138641893864,-0.5142748653889271,-1.0,-0.0991299094976894,0.0,1,0.18184191592101817,0.18216460459877223,0.1501433469024087,0.20509362903822093,1.0
chr16:324403:G:C;chr16:324479:C:G;var1;middle;OL41|K562|8ed710d1c1035193,chr16:324403:G:C;chr16:324479:C:G;var1;middle;OL41,K562,K562_region_00677,100,176,76,GTCTGTGCCTCCCCAGTGTCACCCCACCCTCAGACCTCCCTGGGAAGAAGCCTGGGCTGGGCAGGAGGTGTCTGAGGATCTCCCTGCCTGCCCACCACCGAGAGACTCCACTGACCACTGGCCAGTCTCTCCAACTAGAACTGAGGTCAACTCGCTCCTTAGGGCCCTGTTCAGACACTGCCTCCCTCACTGGTCACCCT,eac55f29dd728a1d81d6aa0c0603be23622ac48b785bdf48ea4214aa696913fb,0.0,GTCTGTGCCTCCCCAGTGTCACCCCACCCTCAGACCTCCCTGGGAAGAAGCCTGGGCTGGGCAGGAGGTGTCTGAGGATCTCCCTGCCTGCCCACCACCCAGAGACTCCACTGACCACTGGCCAGTCTCTCCAACTAGAACTGAGGTCAACTCGCTCCTTAGGGCCCTGTTCAGACACTGCCTCCCTCACTGGTCACCCT,f4a60af66d224af621c0d151b1faf62bada7dae2c625a81c953f365901dcc8d2,-0.015275358654502,GTCTGTGCCTCCCCAGTGTCACCCCACCCTCAGACCTCCCTGGGAAGAAGCCTGGGCTGGGCAGGAGGTGTCTGAGGATCTCCCTGCCTGCCCACCACCGAGAGACTCCACTGACCACTGGCCAGTCTCTCCAACTAGAACTGAGGTCAACTCGCTCCTTAGGGCCCTGTTCAGAGACTGCCTCCCTCACTGGTCACCCT,70f36990c24f62e3bf2074ab1aa7bc233cd16d3d91dcd792804931e28ab93684,0.519404894200326,GTCTGTGCCTCCCCAGTGTCACCCCACCCTCAGACCTCCCTGGGAAGAAGCCTGGGCTGGGCAGGAGGTGTCTGAGGATCTCCCTGCCTGCCCACCACCCAGAGACTCCACTGACCACTGGCCAGTCTCTCCAACTAGAACTGAGGTCAACTCGCTCCTTAGGGCCCTGTTCAGAGACTGCCTCCCTCACTGGTCACCCT,8ed710d1c1035193dc513a0066311fbba50d62703cd8a5a92fc1f67a58e894f5,-0.00585698818691,-0.509986523732734,0.467775199977305,-261.27201144909486,-249.5599738827441,-269.0624868860468,-257.2631306615658,0.08731865813024342,-1.0,0.509986523732734,0.0,2,0.17532161139617347,0.17490732828716207,0.146091925319964,0.01319157986283076,1.0
chr16:333138:T:C;chr16:333146:C:T;var1;middle;OL41|K562|e5ecb7eee5003bba,chr16:333138:T:C;chr16:333146:C:T;var1;middle;OL41,K562,K562_region_00678,100,108,8,CCTCCCCTGGGGGCCGGGGGCGGCCGCATGGGCCTTGTCTTTGCTGGGACTGGGCCTGTGTGCCACGTGGCAGCTGCTGCTTGGCTTCTGGCCCCCTTATCTGCCCCCGCCCCACGCGCCCTGGCAGCACCATGAGCCGCCAGCTTCTGCCTGTACTGCTGCTGCTGCTGCTCAGGGCTTCGTGCCCATGGGGTCAGGAA,8e8022e21694e9cf19c9ebf9063a0babdc426fc32f1fee1266bf860273250b6f,0.0,CCTCCCCTGGGGGCCGGGGGCGGCCGCATGGGCCTTGTCTTTGCTGGGACTGGGCCTGTGTGCCACGTGGCAGCTGCTGCTTGGCTTCTGGCCCCCTTACCTGCCCCCGCCCCACGCGCCCTGGCAGCACCATGAGCCGCCAGCTTCTGCCTGTACTGCTGCTGCTGCTGCTCAGGGCTTCGTGCCCATGGGGTCAGGAA,c6346842bc6655beeadad173db19b05a43369234f72a469f1379d29e8f2953c0,-1.01826977441743,CCTCCCCTGGGGGCCGGGGGCGGCCGCATGGGCCTTGTCTTTGCTGGGACTGGGCCTGTGTGCCACGTGGCAGCTGCTGCTTGGCTTCTGGCCCCCTTATCTGCCCCTGCCCCACGCGCCCTGGCAGCACCATGAGCCGCCAGCTTCTGCCTGTACTGCTGCTGCTGCTGCTCAGGGCTTCGTGCCCATGGGGTCAGGAA,1617011e5dd744955509d6dedfec0590529f4bc4578b34f12b8a3fcb7167bdbf,-1.15958970121473,CCTCCCCTGGGGGCCGGGGGCGGCCGCATGGGCCTTGTCTTTGCTGGGACTGGGCCTGTGTGCCACGTGGCAGCTGCTGCTTGGCTTCTGGCCCCCTTACCTGCCCCTGCCCCACGCGCCCTGGCAGCACCATGAGCCGCCAGCTTCTGCCTGTACTGCTGCTGCTGCTGCTCAGGGCTTCGTGCCCATGGGGTCAGGAA,e5ecb7eee5003bbaf9b26a6e32c6ffc86b3c9896a04c141eb4bc4c37959871e1,-1.71248272850328,-0.4653767471288801,0.257124536754889,-220.33302669599647,-217.08399939909577,-218.01406441256404,-214.6647541821003,-0.10028293356305085,1.0,-0.4653767471288801,0.0,2,0.17504844831073824,0.17490732828716207,0.146091925319964,0.22397763657866313,1.0
chr16:419733:A:C;chr16:419805:A:C;var1;middle;OL41|K562|005e0101ab6b27cc,chr16:419733:A:C;chr16:419805:A:C;var1;middle;OL41,K562,K562_region_00679,100,172,72,TCTCCCACCTGCTCTGCTCATCACACAGGCCTCCTCCCCATCCTAACTTTACCCCGACTCCCCACGGCCTCTGGTTGCTCCCCCGGCCTGAGTCACCCCACCTCACCCCTACTTTATCAGTCCTGTTTGCCAGAACTGCGGTTCTTCACTCAGCGTGCTCCTTTGCCGGAGATGTGTCGCCTCCAGGCTGTAATCCCCAG,10bb330e34b4d7abd5ac4a32e85053c094ad7d1e0cc73a559c0d9c5ef876bdfa,0.0,TCTCCCACCTGCTCTGCTCATCACACAGGCCTCCTCCCCATCCTAACTTTACCCCGACTCCCCACGGCCTCTGGTTGCTCCCCCGGCCTGAGTCACCCCCCCTCACCCCTACTTTATCAGTCCTGTTTGCCAGAACTGCGGTTCTTCACTCAGCGTGCTCCTTTGCCGGAGATGTGTCGCCTCCAGGCTGTAATCCCCAG,ba37bfafde75533712dee5023924ce4b8197caabdcc0b383e0f10d76d5554687,0.340089057370779,TCTCCCACCTGCTCTGCTCATCACACAGGCCTCCTCCCCATCCTAACTTTACCCCGACTCCCCACGGCCTCTGGTTGCTCCCCCGGCCTGAGTCACCCCACCTCACCCCTACTTTATCAGTCCTGTTTGCCAGAACTGCGGTTCTTCACTCAGCGTGCTCCTTTGCCGGAGCTGTGTCGCCTCCAGGCTGTAATCCCCAG,b57ac34d450926a2b1843da3ea94b7c19537047c4aa7c9ae394c070ae05f8410,0.574370322782569,TCTCCCACCTGCTCTGCTCATCACACAGGCCTCCTCCCCATCCTAACTTTACCCCGACTCCCCACGGCCTCTGGTTGCTCCCCCGGCCTGAGTCACCCCCCCTCACCCCTACTTTATCAGTCCTGTTTGCCAGAACTGCGGTTCTTCACTCAGCGTGCTCCTTTGCCGGAGCTGTGTCGCCTCCAGGCTGTAATCCCCAG,005e0101ab6b27ccaa87230492a296fec2d2b5f55586e40f2a18dde4da7cc510,0.273867610612847,0.640591769540501,0.332883244469288,-414.4971399568021,-422.5493865599856,-396.590865559876,-415.7938119098544,11.150699746794942,1.0,0.640591769540501,0.0,2,0.1914307887557457,0.17490732828716207,0.146091925319964,0.2552760620497661,1.0
chr16:420592:C:T;chr16:420645:T:G;var1;middle;OL41|K562|bad14fa3de0a257f,chr16:420592:C:T;chr16:420645:T:G;var1;middle;OL41,K562,K562_region_00680,100,153,53,GCCCACCTTTCAGGGTTCAGAGCCCACCGGAACCGGAAGCCGATCTGCCGCGCCTGGCCCTCCTCCCACCGCTGACTGGCTGTAAAAGCCATCCGTCTACCCCCTCGTCCCGCCCCGCTTCCGTCTTTAGGGACCGTAAAAAACACCCCACATACAGCAGCAGCAGCTCAAGGCACCGTTAGCTACGTGCGGCCCCGGCG,97160d76d6a92623d17604f6c08dd40bbcfe4057543e0453b7ceb883d6f91a75,0.0,GCCCACCTTTCAGGGTTCAGAGCCCACCGGAACCGGAAGCCGATCTGCCGCGCCTGGCCCTCCTCCCACCGCTGACTGGCTGTAAAAGCCATCCGTCTATCCCCTCGTCCCGCCCCGCTTCCGTCTTTAGGGACCGTAAAAAACACCCCACATACAGCAGCAGCAGCTCAAGGCACCGTTAGCTACGTGCGGCCCCGGCG,bb609d8d9161bd7a3a62d253751b1de2ba059aaf9f759795dd650cd0fadfa927,0.0591591117841336,GCCCACCTTTCAGGGTTCAGAGCCCACCGGAACCGGAAGCCGATCTGCCGCGCCTGGCCCTCCTCCCACCGCTGACTGGCTGTAAAAGCCATCCGTCTACCCCCTCGTCCCGCCCCGCTTCCGTCTTTAGGGACCGTAAAAAACACCCCACAGACAGCAGCAGCAGCTCAAGGCACCGTTAGCTACGTGCGGCCCCGGCG,fc8a889ea289884e9e76ee7b4ad89bdee1ad8b7ad0a5cdb08d78d32dffcc5900,-0.148546060778658,GCCCACCTTTCAGGGTTCAGAGCCCACCGGAACCGGAAGCCGATCTGCCGCGCCTGGCCCTCCTCCCACCGCTGACTGGCTGTAAAAGCCATCCGTCTATCCCCTCGTCCCGCCCCGCTTCCGTCTTTAGGGACCGTAAAAAACACCCCACAGACAGCAGCAGCAGCTCAAGGCACCGTTAGCTACGTGCGGCCCCGGCG,bad14fa3de0a257ffbd3e4501c3561f678532c9afbff145e169641f7154b1f05,-0.0895016637908795,-0.000114714796355,0.209891298608725,-305.2517003756948,-303.2831107205712,-303.9434018719476,-298.703826200217,3.270986016606912,-1.0,0.000114714796355,0.0,4,0.18025342336825753,0.17620727786206916,0.145609630836647,0.15394099083687,1.0
chr16:420592:C:T;chr16:420648:A:T;var1;middle;OL41|K562|92ab0e87495af97f,chr16:420592:C:T;chr16:420648:A:T;var1;middle;OL41,K562,K562_region_00680,100,156,56,GCCCACCTTTCAGGGTTCAGAGCCCACCGGAACCGGAAGCCGATCTGCCGCGCCTGGCCCTCCTCCCACCGCTGACTGGCTGTAAAAGCCATCCGTCTACCCCCTCGTCCCGCCCCGCTTCCGTCTTTAGGGACCGTAAAAAACACCCCACATACAGCAGCAGCAGCTCAAGGCACCGTTAGCTACGTGCGGCCCCGGCG,97160d76d6a92623d17604f6c08dd40bbcfe4057543e0453b7ceb883d6f91a75,0.0,GCCCACCTTTCAGGGTTCAGAGCCCACCGGAACCGGAAGCCGATCTGCCGCGCCTGGCCCTCCTCCCACCGCTGACTGGCTGTAAAAGCCATCCGTCTATCCCCTCGTCCCGCCCCGCTTCCGTCTTTAGGGACCGTAAAAAACACCCCACATACAGCAGCAGCAGCTCAAGGCACCGTTAGCTACGTGCGGCCCCGGCG,bb609d8d9161bd7a3a62d253751b1de2ba059aaf9f759795dd650cd0fadfa927,0.0576591734635943,GCCCACCTTTCAGGGTTCAGAGCCCACCGGAACCGGAAGCCGATCTGCCGCGCCTGGCCCTCCTCCCACCGCTGACTGGCTGTAAAAGCCATCCGTCTACCCCCTCGTCCCGCCCCGCTTCCGTCTTTAGGGACCGTAAAAAACACCCCACATACTGCAGCAGCAGCTCAAGGCACCGTTAGCTACGTGCGGCCCCGGCG,fc711bf37994312db55e928355c368bcee2aa9a67fca96ee8257249c74e8428b,-0.111969775226988,GCCCACCTTTCAGGGTTCAGAGCCCACCGGAACCGGAAGCCGATCTGCCGCGCCTGGCCCTCCTCCCACCGCTGACTGGCTGTAAAAGCCATCCGTCTATCCCCTCGTCCCGCCCCGCTTCCGTCTTTAGGGACCGTAAAAAACACCCCACATACTGCAGCAGCAGCTCAAGGCACCGTTAGCTACGTGCGGCCCCGGCG,92ab0e87495af97fa13f8b5cf9ed93a1c1de6fef4b186159d308279caf50d0cf,0.213982200601655,0.2682928023650487,0.179811604038098,-305.2517003756948,-303.2831107205712,-313.102304964792,-309.67993304831907,1.4537822613492608,-1.0,-0.2682928023650487,0.0,4,0.1780011604665281,0.17620727786206916,0.145609630836647,0.2600538202844517,1.0
chr16:420592:C:T;chr16:420673:A:G;var1;middle;OL41|K562|2882a72ddfbe2cb4,chr16:420592:C:T;chr16:420673:A:G;var1;middle;OL41,K562,K562_region_00680,100,181,81,GCCCACCTTTCAGGGTTCAGAGCCCACCGGAACCGGAAGCCGATCTGCCGCGCCTGGCCCTCCTCCCACCGCTGACTGGCTGTAAAAGCCATCCGTCTACCCCCTCGTCCCGCCCCGCTTCCGTCTTTAGGGACCGTAAAAAACACCCCACATACAGCAGCAGCAGCTCAAGGCACCGTTAGCTACGTGCGGCCCCGGCG,97160d76d6a92623d17604f6c08dd40bbcfe4057543e0453b7ceb883d6f91a75,0.0,GCCCACCTTTCAGGGTTCAGAGCCCACCGGAACCGGAAGCCGATCTGCCGCGCCTGGCCCTCCTCCCACCGCTGACTGGCTGTAAAAGCCATCCGTCTATCCCCTCGTCCCGCCCCGCTTCCGTCTTTAGGGACCGTAAAAAACACCCCACATACAGCAGCAGCAGCTCAAGGCACCGTTAGCTACGTGCGGCCCCGGCG,bb609d8d9161bd7a3a62d253751b1de2ba059aaf9f759795dd650cd0fadfa927,0.0585611381159648,GCCCACCTTTCAGGGTTCAGAGCCCACCGGAACCGGAAGCCGATCTGCCGCGCCTGGCCCTCCTCCCACCGCTGACTGGCTGTAAAAGCCATCCGTCTACCCCCTCGTCCCGCCCCGCTTCCGTCTTTAGGGACCGTAAAAAACACCCCACATACAGCAGCAGCAGCTCAAGGCACCGTTGGCTACGTGCGGCCCCGGCG,1bd0b46a5d7138b71f085675edc6551f7dce550dd87bf3b56d49ccd1a86277ec,0.118962168012011,GCCCACCTTTCAGGGTTCAGAGCCCACCGGAACCGGAAGCCGATCTGCCGCGCCTGGCCCTCCTCCCACCGCTGACTGGCTGTAAAAGCCATCCGTCTATCCCCTCGTCCCGCCCCGCTTCCGTCTTTAGGGACCGTAAAAAACACCCCACATACAGCAGCAGCAGCTCAAGGCACCGTTGGCTACGTGCGGCCCCGGCG,2882a72ddfbe2cb4eb581e37783f8a91664cbe1aceac701551a00bd08c631b73,-0.0071486713263728,0.1846719774543486,0.197016191290158,-305.2517003756948,-303.2831107205712,-309.52856351295486,-304.02469270443544,-3.535281153395772,1.0,0.1846719774543486,0.0,4,0.17181765880310984,0.17620727786206916,0.145609630836647,0.3024545162251192,1.0
chr16:420592:C:T;chr16:420678:C:T;var1;middle;OL41|K562|9975f7bcc767097a,chr16:420592:C:T;chr16:420678:C:T;var1;middle;OL41,K562,K562_region_00680,100,186,86,GCCCACCTTTCAGGGTTCAGAGCCCACCGGAACCGGAAGCCGATCTGCCGCGCCTGGCCCTCCTCCCACCGCTGACTGGCTGTAAAAGCCATCCGTCTACCCCCTCGTCCCGCCCCGCTTCCGTCTTTAGGGACCGTAAAAAACACCCCACATACAGCAGCAGCAGCTCAAGGCACCGTTAGCTACGTGCGGCCCCGGCG,97160d76d6a92623d17604f6c08dd40bbcfe4057543e0453b7ceb883d6f91a75,0.0,GCCCACCTTTCAGGGTTCAGAGCCCACCGGAACCGGAAGCCGATCTGCCGCGCCTGGCCCTCCTCCCACCGCTGACTGGCTGTAAAAGCCATCCGTCTATCCCCTCGTCCCGCCCCGCTTCCGTCTTTAGGGACCGTAAAAAACACCCCACATACAGCAGCAGCAGCTCAAGGCACCGTTAGCTACGTGCGGCCCCGGCG,bb609d8d9161bd7a3a62d253751b1de2ba059aaf9f759795dd650cd0fadfa927,0.0589569591178295,GCCCACCTTTCAGGGTTCAGAGCCCACCGGAACCGGAAGCCGATCTGCCGCGCCTGGCCCTCCTCCCACCGCTGACTGGCTGTAAAAGCCATCCGTCTACCCCCTCGTCCCGCCCCGCTTCCGTCTTTAGGGACCGTAAAAAACACCCCACATACAGCAGCAGCAGCTCAAGGCACCGTTAGCTATGTGCGGCCCCGGCG,a1c4528a3d49e57370f26b87d99d34862e207783dac217504e387fbe90740a09,-0.0815248358905198,GCCCACCTTTCAGGGTTCAGAGCCCACCGGAACCGGAAGCCGATCTGCCGCGCCTGGCCCTCCTCCCACCGCTGACTGGCTGTAAAAGCCATCCGTCTATCCCCTCGTCCCGCCCCGCTTCCGTCTTTAGGGACCGTAAAAAACACCCCACATACAGCAGCAGCAGCTCAAGGCACCGTTAGCTATGTGCGGCCCCGGCG,9975f7bcc767097a9d4fc1232201e727c9a6a7be8a7d23bfa868dbb8e6b528be,-0.0455522530868195,-0.0229843763141291,0.206360939505791,-305.2517003756948,-303.2831107205712,-307.47447752580047,-307.5765858246013,-2.07069795392448,-1.0,0.0229843763141291,0.0,4,0.17363287979697006,0.17620727786206916,0.145609630836647,0.2384594872105698,1.0
chr16:420648:A:T;chr16:420673:A:G;var1;middle;OL41|K562|9bc82aa0b4035c8a,chr16:420648:A:T;chr16:420673:A:G;var1;middle;OL41,K562,K562_region_00680,100,125,25,GCCCTCCTCCCACCGCTGACTGGCTGTAAAAGCCATCCGTCTACCCCCTCGTCCCGCCCCGCTTCCGTCTTTAGGGACCGTAAAAAACACCCCACATACAGCAGCAGCAGCTCAAGGCACCGTTAGCTACGTGCGGCCCCGGCGTTTCCGCGAAGGGCGGCACGGGCGGGGCGGTGCTTGTTCTCCCGGGCCCCACTTAC,d689be226a682f73f4898f2e15b3b7bb54b77a50d3bee4ea4f9efb392a6cf798,0.0,GCCCTCCTCCCACCGCTGACTGGCTGTAAAAGCCATCCGTCTACCCCCTCGTCCCGCCCCGCTTCCGTCTTTAGGGACCGTAAAAAACACCCCACATACTGCAGCAGCAGCTCAAGGCACCGTTAGCTACGTGCGGCCCCGGCGTTTCCGCGAAGGGCGGCACGGGCGGGGCGGTGCTTGTTCTCCCGGGCCCCACTTAC,ee8c81a6be063a88e52969be52d7d3634027457af0c76ad2805144c7fee1cbd5,-0.0986138950028658,GCCCTCCTCCCACCGCTGACTGGCTGTAAAAGCCATCCGTCTACCCCCTCGTCCCGCCCCGCTTCCGTCTTTAGGGACCGTAAAAAACACCCCACATACAGCAGCAGCAGCTCAAGGCACCGTTGGCTACGTGCGGCCCCGGCGTTTCCGCGAAGGGCGGCACGGGCGGGGCGGTGCTTGTTCTCCCGGGCCCCACTTAC,09ca47a2d99ded961893bd94704e59b189f12e781a16a816dec1df83cc432d1c,0.0821875961676941,GCCCTCCTCCCACCGCTGACTGGCTGTAAAAGCCATCCGTCTACCCCCTCGTCCCGCCCCGCTTCCGTCTTTAGGGACCGTAAAAAACACCCCACATACTGCAGCAGCAGCTCAAGGCACCGTTGGCTACGTGCGGCCCCGGCGTTTCCGCGAAGGGCGGCACGGGCGGGGCGGTGCTTGTTCTCCCGGGCCCCACTTAC,9bc82aa0b4035c8a41483264cdffb6ec193b655d882f2380307d04009b6f9b78,0.263998892182913,0.2804251910180847,0.229403299998164,-390.5857217172161,-404.7714305431582,-401.1236589355394,-414.95086814137176,0.3584996201097965,-1.0,-0.2804251910180847,0.0,4,0.17664365476435545,0.17620727786206916,0.145609630836647,0.4343570014988061,1.0
chr16:420648:A:T;chr16:420678:C:T;var1;middle;OL41|K562|9372c2617d2fca10,chr16:420648:A:T;chr16:420678:C:T;var1;middle;OL41,K562,K562_region_00680,100,130,30,GCCCTCCTCCCACCGCTGACTGGCTGTAAAAGCCATCCGTCTACCCCCTCGTCCCGCCCCGCTTCCGTCTTTAGGGACCGTAAAAAACACCCCACATACAGCAGCAGCAGCTCAAGGCACCGTTAGCTACGTGCGGCCCCGGCGTTTCCGCGAAGGGCGGCACGGGCGGGGCGGTGCTTGTTCTCCCGGGCCCCACTTAC,d689be226a682f73f4898f2e15b3b7bb54b77a50d3bee4ea4f9efb392a6cf798,0.0,GCCCTCCTCCCACCGCTGACTGGCTGTAAAAGCCATCCGTCTACCCCCTCGTCCCGCCCCGCTTCCGTCTTTAGGGACCGTAAAAAACACCCCACATACTGCAGCAGCAGCTCAAGGCACCGTTAGCTACGTGCGGCCCCGGCGTTTCCGCGAAGGGCGGCACGGGCGGGGCGGTGCTTGTTCTCCCGGGCCCCACTTAC,ee8c81a6be063a88e52969be52d7d3634027457af0c76ad2805144c7fee1cbd5,-0.0986425208393813,GCCCTCCTCCCACCGCTGACTGGCTGTAAAAGCCATCCGTCTACCCCCTCGTCCCGCCCCGCTTCCGTCTTTAGGGACCGTAAAAAACACCCCACATACAGCAGCAGCAGCTCAAGGCACCGTTAGCTATGTGCGGCCCCGGCGTTTCCGCGAAGGGCGGCACGGGCGGGGCGGTGCTTGTTCTCCCGGGCCCCACTTAC,c471fe1fb68b06cbeb7d043953c72cb254a9b736b4174113004db90fc67fbe40,-0.606467803921659,GCCCTCCTCCCACCGCTGACTGGCTGTAAAAGCCATCCGTCTACCCCCTCGTCCCGCCCCGCTTCCGTCTTTAGGGACCGTAAAAAACACCCCACATACTGCAGCAGCAGCTCAAGGCACCGTTAGCTATGTGCGGCCCCGGCGTTTCCGCGAAGGGCGGCACGGGCGGGGCGGTGCTTGTTCTCCCGGGCCCCACTTAC,9372c2617d2fca10853d53527d2a898f2a0cd64352793ff78af78fdd5a83fa08,-0.278356296894082,0.4267540278669583,0.233636376056236,-390.5857217172161,-404.7714305431582,-391.9431576555362,-406.8012805224862,-0.672414041007869,-1.0,-0.4267540278669583,0.0,4,0.1753659287046863,0.17620727786206916,0.145609630836647,0.37036197248425706,1.0
chr16:420648:A:T;chr16:420723:T:G;var1;middle;OL41|K562|0199c9baa7f45920,chr16:420648:A:T;chr16:420723:T:G;var1;middle;OL41,K562,K562_region_00680,100,175,75,GCCCTCCTCCCACCGCTGACTGGCTGTAAAAGCCATCCGTCTACCCCCTCGTCCCGCCCCGCTTCCGTCTTTAGGGACCGTAAAAAACACCCCACATACAGCAGCAGCAGCTCAAGGCACCGTTAGCTACGTGCGGCCCCGGCGTTTCCGCGAAGGGCGGCACGGGCGGGGCGGTGCTTGTTCTCCCGGGCCCCACTTAC,d689be226a682f73f4898f2e15b3b7bb54b77a50d3bee4ea4f9efb392a6cf798,0.0,GCCCTCCTCCCACCGCTGACTGGCTGTAAAAGCCATCCGTCTACCCCCTCGTCCCGCCCCGCTTCCGTCTTTAGGGACCGTAAAAAACACCCCACATACTGCAGCAGCAGCTCAAGGCACCGTTAGCTACGTGCGGCCCCGGCGTTTCCGCGAAGGGCGGCACGGGCGGGGCGGTGCTTGTTCTCCCGGGCCCCACTTAC,ee8c81a6be063a88e52969be52d7d3634027457af0c76ad2805144c7fee1cbd5,-0.098656990776172,GCCCTCCTCCCACCGCTGACTGGCTGTAAAAGCCATCCGTCTACCCCCTCGTCCCGCCCCGCTTCCGTCTTTAGGGACCGTAAAAAACACCCCACATACAGCAGCAGCAGCTCAAGGCACCGTTAGCTACGTGCGGCCCCGGCGTTTCCGCGAAGGGCGGCACGGGCGGGGCGGGGCTTGTTCTCCCGGGCCCCACTTAC,36bec253205105f560b492ebaf892b7a8996bee0dc84e7a0c5cdf07e14cbb7d8,-0.0883381327563017,GCCCTCCTCCCACCGCTGACTGGCTGTAAAAGCCATCCGTCTACCCCCTCGTCCCGCCCCGCTTCCGTCTTTAGGGACCGTAAAAAACACCCCACATACTGCAGCAGCAGCTCAAGGCACCGTTAGCTACGTGCGGCCCCGGCGTTTCCGCGAAGGGCGGCACGGGCGGGGCGGGGCTTGTTCTCCCGGGCCCCACTTAC,0199c9baa7f45920e34cf98c5e88ec02cef2d2008c735b6a5edd744f95f24508,-0.190218853143471,0.0032237296109972,0.231379845259227,-390.5857217172161,-404.7714305431582,-370.0610092540737,-379.2252968219109,-5.021421258104965,1.0,0.0032237296109972,0.0,4,0.16997571993691254,0.17620727786206916,0.145609630836647,0.3892929162441322,1.0
chr16:420673:A:G;chr16:420723:T:G;var1;middle;OL41|K562|4bdffe8e596fbc82,chr16:420673:A:G;chr16:420723:T:G;var1;middle;OL41,K562,K562_region_00680,100,150,50,GTAAAAGCCATCCGTCTACCCCCTCGTCCCGCCCCGCTTCCGTCTTTAGGGACCGTAAAAAACACCCCACATACAGCAGCAGCAGCTCAAGGCACCGTTAGCTACGTGCGGCCCCGGCGTTTCCGCGAAGGGCGGCACGGGCGGGGCGGTGCTTGTTCTCCCGGGCCCCACTTACCCTACCCGGGAAGGAGCACAGAAAA,0bd96e5130414b87f5f2476afe4b7f38e47707150ce44c023e2a4cc4af35e9be,0.0,GTAAAAGCCATCCGTCTACCCCCTCGTCCCGCCCCGCTTCCGTCTTTAGGGACCGTAAAAAACACCCCACATACAGCAGCAGCAGCTCAAGGCACCGTTGGCTACGTGCGGCCCCGGCGTTTCCGCGAAGGGCGGCACGGGCGGGGCGGTGCTTGTTCTCCCGGGCCCCACTTACCCTACCCGGGAAGGAGCACAGAAAA,18a0ce1f915753029cc10689aeb662a37bed1b6295a04ed6a828f45870647e30,0.252689354498903,GTAAAAGCCATCCGTCTACCCCCTCGTCCCGCCCCGCTTCCGTCTTTAGGGACCGTAAAAAACACCCCACATACAGCAGCAGCAGCTCAAGGCACCGTTAGCTACGTGCGGCCCCGGCGTTTCCGCGAAGGGCGGCACGGGCGGGGCGGGGCTTGTTCTCCCGGGCCCCACTTACCCTACCCGGGAAGGAGCACAGAAAA,58e9aed2160c032e6c5671b4717dc9bc12920e7b9082acd5c6d833fd58ac60c2,0.994278902615301,GTAAAAGCCATCCGTCTACCCCCTCGTCCCGCCCCGCTTCCGTCTTTAGGGACCGTAAAAAACACCCCACATACAGCAGCAGCAGCTCAAGGCACCGTTGGCTACGTGCGGCCCCGGCGTTTCCGCGAAGGGCGGCACGGGCGGGGCGGGGCTTGTTCTCCCGGGCCCCACTTACCCTACCCGGGAAGGAGCACAGAAAA,4bdffe8e596fbc827eccf7e1d8be875cd233eda3b5fe1cac25d7ea1c49206779,1.00809440339333,0.2388738537208741,0.272390355447403,-396.2267126489896,-401.4122189967893,-395.1676232477184,-393.5939471678576,-6.759182427660562,1.0,0.2388738537208741,0.0,4,0.1678219190750488,0.17620727786206916,0.145609630836647,0.1478748431904343,1.0
chr16:420678:C:T;chr16:420723:T:G;var1;middle;OL41|K562|cf59663472c6dd89,chr16:420678:C:T;chr16:420723:T:G;var1;middle;OL41,K562,K562_region_00680,100,145,45,AGCCATCCGTCTACCCCCTCGTCCCGCCCCGCTTCCGTCTTTAGGGACCGTAAAAAACACCCCACATACAGCAGCAGCAGCTCAAGGCACCGTTAGCTACGTGCGGCCCCGGCGTTTCCGCGAAGGGCGGCACGGGCGGGGCGGTGCTTGTTCTCCCGGGCCCCACTTACCCTACCCGGGAAGGAGCACAGAAAAAATGT,0df9514de94b0a2be6a47f4db8d1c79c10616afdc1ccc69accc3062d440fd07d,0.0,AGCCATCCGTCTACCCCCTCGTCCCGCCCCGCTTCCGTCTTTAGGGACCGTAAAAAACACCCCACATACAGCAGCAGCAGCTCAAGGCACCGTTAGCTATGTGCGGCCCCGGCGTTTCCGCGAAGGGCGGCACGGGCGGGGCGGTGCTTGTTCTCCCGGGCCCCACTTACCCTACCCGGGAAGGAGCACAGAAAAAATGT,6f928a9f5b70e584a8813885c3b6b388da71b96fc229268f12bc80720034e4e3,0.157311083029907,AGCCATCCGTCTACCCCCTCGTCCCGCCCCGCTTCCGTCTTTAGGGACCGTAAAAAACACCCCACATACAGCAGCAGCAGCTCAAGGCACCGTTAGCTACGTGCGGCCCCGGCGTTTCCGCGAAGGGCGGCACGGGCGGGGCGGGGCTTGTTCTCCCGGGCCCCACTTACCCTACCCGGGAAGGAGCACAGAAAAAATGT,43c97f469036168912e26bbee23f848c891fea81c85a58c1d5fa5eca23f13af9,0.73068888632259,AGCCATCCGTCTACCCCCTCGTCCCGCCCCGCTTCCGTCTTTAGGGACCGTAAAAAACACCCCACATACAGCAGCAGCAGCTCAAGGCACCGTTAGCTATGTGCGGCCCCGGCGTTTCCGCGAAGGGCGGCACGGGCGGGGCGGGGCTTGTTCTCCCGGGCCCCACTTACCCTACCCGGGAAGGAGCACAGAAAAAATGT,cf59663472c6dd8941a72517022f5575d90c925d5cf23412b2ae154022a07716,0.601764665734324,0.286235303618173,0.20966105108933,-334.59547132253647,-331.0337500181049,-340.28065603785217,-333.59451537951827,-3.12441935390234,1.0,0.286235303618173,0.0,4,0.1723268855676152,0.17620727786206916,0.145609630836647,0.2568617099383904,1.0
chr16:426432:T:C;chr16:426476:T:C;var1;middle;OL41|K562|93758973e91c0d75,chr16:426432:T:C;chr16:426476:T:C;var1;middle;OL41,K562,K562_region_00681,100,144,44,TGCCACTCCTGCCCAGGTCCTGGTGGTCGGGGCTCGGGGACAGCAGACCAGAGGAGGCATTGAAGCTCTGGTTTTGGCTGCTCTGCAGAAGGGGCTGGATGGTCACGCTCCGTGGCCTGCAAGCTGCCGAGAGGACAAGGGGTTTGGCTGGAGGAAAGTCTGGGGATCTGGGGAGGGGCAGGGCCATCCCTCCAGCCCTT,eee5e57094029962af7c5a61514db53215f9073220470383184efe3e2ea62ca3,0.0,TGCCACTCCTGCCCAGGTCCTGGTGGTCGGGGCTCGGGGACAGCAGACCAGAGGAGGCATTGAAGCTCTGGTTTTGGCTGCTCTGCAGAAGGGGCTGGACGGTCACGCTCCGTGGCCTGCAAGCTGCCGAGAGGACAAGGGGTTTGGCTGGAGGAAAGTCTGGGGATCTGGGGAGGGGCAGGGCCATCCCTCCAGCCCTT,60cc3118f0c031e769ada2de608c7be8a567ca8fd70615e1129b8586506cf6c0,-0.0748294841333458,TGCCACTCCTGCCCAGGTCCTGGTGGTCGGGGCTCGGGGACAGCAGACCAGAGGAGGCATTGAAGCTCTGGTTTTGGCTGCTCTGCAGAAGGGGCTGGATGGTCACGCTCCGTGGCCTGCAAGCTGCCGAGAGGACAAGGGGTCTGGCTGGAGGAAAGTCTGGGGATCTGGGGAGGGGCAGGGCCATCCCTCCAGCCCTT,b5fbad976d3c094f28f202fee622286e77c616e82ce44f9c7705beaa01676033,-0.172969448993897,TGCCACTCCTGCCCAGGTCCTGGTGGTCGGGGCTCGGGGACAGCAGACCAGAGGAGGCATTGAAGCTCTGGTTTTGGCTGCTCTGCAGAAGGGGCTGGACGGTCACGCTCCGTGGCCTGCAAGCTGCCGAGAGGACAAGGGGTCTGGCTGGAGGAAAGTCTGGGGATCTGGGGAGGGGCAGGGCCATCCCTCCAGCCCTT,93758973e91c0d75b9ee9a9e9a768529b84e97a1996f77809bc589a61fd16cf2,-0.0733022769351702,0.1744966561920725,0.255622475040782,-229.5739145949483,-233.8574512898922,-229.24966309964657,-232.4551840648055,1.0780157297849655,-1.0,-0.1744966561920725,0.0,3,0.18364431928422187,0.18106719778262317,0.1474303780702046,0.07078951026205489,1.0
chr16:427479:T:C;chr16:427516:T:C;var1;middle;OL41|K562|7153f4e2cc21123b,chr16:427479:T:C;chr16:427516:T:C;var1;middle;OL41,K562,K562_region_00682,100,137,37,TCAACTCGATCTTCTGGGATGAGGGGGGCAGGTGGGCGGCCACGAACCAGTCCCCGGGGGCCGGGTGGGAAACGTTGACGGAGGCATTGCTTCTCGGTGTGGTGCTCAGCGGCACCCCGACCTGGAAGGAGGGCTGTACCGCGGTGTCGTCCGGGAAGCTGGTGCCCAGCGGGTTGATGACCGGAGGGGCGCCGGAACGG,593c513785b3b14facae384db74cdd768fe8e126148f74e6125ba80bd122950a,0.0,TCAACTCGATCTTCTGGGATGAGGGGGGCAGGTGGGCGGCCACGAACCAGTCCCCGGGGGCCGGGTGGGAAACGTTGACGGAGGCATTGCTTCTCGGTGCGGTGCTCAGCGGCACCCCGACCTGGAAGGAGGGCTGTACCGCGGTGTCGTCCGGGAAGCTGGTGCCCAGCGGGTTGATGACCGGAGGGGCGCCGGAACGG,459ea50f4f36034c1abec1ca7052803ee424416211081832af392893ecca4bea,0.375085764014988,TCAACTCGATCTTCTGGGATGAGGGGGGCAGGTGGGCGGCCACGAACCAGTCCCCGGGGGCCGGGTGGGAAACGTTGACGGAGGCATTGCTTCTCGGTGTGGTGCTCAGCGGCACCCCGACCTGGAAGGAGGGCTGCACCGCGGTGTCGTCCGGGAAGCTGGTGCCCAGCGGGTTGATGACCGGAGGGGCGCCGGAACGG,e1b2792121f2bf8bbcf3c0c68ce259f0ce84a409f7e28509957ae13dcb11d7e4,0.172210729023368,TCAACTCGATCTTCTGGGATGAGGGGGGCAGGTGGGCGGCCACGAACCAGTCCCCGGGGGCCGGGTGGGAAACGTTGACGGAGGCATTGCTTCTCGGTGCGGTGCTCAGCGGCACCCCGACCTGGAAGGAGGGCTGCACCGCGGTGTCGTCCGGGAAGCTGGTGCCCAGCGGGTTGATGACCGGAGGGGCGCCGGAACGG,7153f4e2cc21123b393ec09d0cf0b25f71c3030d1ac016bd41ba400ccd056fb0,0.181448394898438,0.365848098139918,0.396418227699301,-278.86551764886826,-262.1304237311706,-251.39570742845527,-246.96705343574288,12.306439924985312,1.0,0.365848098139918,0.0,0,0.20158230280428072,0.18565657667894103,0.15145376406925343,0.32572381248128685,1.0
chr16:427866:T:C;chr16:427925:T:C;var1;middle;OL41|K562|75ff41bb82d8126e,chr16:427866:T:C;chr16:427925:T:C;var1;middle;OL41,K562,K562_region_00683,100,159,59,AAGAGCCTGGCACTGCCGTACCAGCTGTAGAAGGACAGCCTCTGCGGGGCCTGCGAGAAGTGCTCGGACACCAGCCCCACCTCTGTGAGGAGAAGGAGGTGTCAGCCAGGCCGGGACCCTCCTCCAGGGCCGCAGATGGGGAGGACGAGTCCCCCAGATGGAAAGGGCTGGAAGCCCCCGGGGACCCACCTGGAGATCTT,c60c5c0e1f4e42b5cfb5775748920fc46cd0b319af9d4aeb333746f9068839f1,0.0,AAGAGCCTGGCACTGCCGTACCAGCTGTAGAAGGACAGCCTCTGCGGGGCCTGCGAGAAGTGCTCGGACACCAGCCCCACCTCTGTGAGGAGAAGGAGGCGTCAGCCAGGCCGGGACCCTCCTCCAGGGCCGCAGATGGGGAGGACGAGTCCCCCAGATGGAAAGGGCTGGAAGCCCCCGGGGACCCACCTGGAGATCTT,97d62ef4aaec9130afd16565c676725879c6d6688b778622a1bdcb98842dc311,0.559040915682105,AAGAGCCTGGCACTGCCGTACCAGCTGTAGAAGGACAGCCTCTGCGGGGCCTGCGAGAAGTGCTCGGACACCAGCCCCACCTCTGTGAGGAGAAGGAGGTGTCAGCCAGGCCGGGACCCTCCTCCAGGGCCGCAGATGGGGAGGACGAGTCCCCCAGACGGAAAGGGCTGGAAGCCCCCGGGGACCCACCTGGAGATCTT,4675154904ca681538fa9a12c557b93ba76caf6edd8c6680c6468a33d39d384d,-0.162548543492167,AAGAGCCTGGCACTGCCGTACCAGCTGTAGAAGGACAGCCTCTGCGGGGCCTGCGAGAAGTGCTCGGACACCAGCCCCACCTCTGTGAGGAGAAGGAGGCGTCAGCCAGGCCGGGACCCTCCTCCAGGGCCGCAGATGGGGAGGACGAGTCCCCCAGACGGAAAGGGCTGGAAGCCCCCGGGGACCCACCTGGAGATCTT,75ff41bb82d8126e1c23748cb43289d991b23231b3768bfd3cda311385cbfa3d,0.562637863241368,0.1661454910514299,0.365123486486517,-294.9982337146066,-308.5880593804177,-298.7003126558848,-307.39951799903065,4.8906203226652,-1.0,-0.1661454910514299,0.0,3,0.191323611835915,0.18106719778262317,0.1474303780702046,0.19190038467656045,1.0
chr16:427925:T:C;chr16:427999:C:G;var1;middle;OL41|K562|2765ba1499afca3e,chr16:427925:T:C;chr16:427999:C:G;var1;middle;OL41,K562,K562_region_00683,100,174,74,GTGCTCGGACACCAGCCCCACCTCTGTGAGGAGAAGGAGGTGTCAGCCAGGCCGGGACCCTCCTCCAGGGCCGCAGATGGGGAGGACGAGTCCCCCAGATGGAAAGGGCTGGAAGCCCCCGGGGACCCACCTGGAGATCTTGGCACACCAACTCTGACCTTGGCAAAGGTCACCGACACCCTCTGGCCCCTCAGCCAGAT,8a3a6e8a6fd9b11a93ae5b812ddc32abfe475e3b03b55b671878b1e2a3b9acfc,0.0,GTGCTCGGACACCAGCCCCACCTCTGTGAGGAGAAGGAGGTGTCAGCCAGGCCGGGACCCTCCTCCAGGGCCGCAGATGGGGAGGACGAGTCCCCCAGACGGAAAGGGCTGGAAGCCCCCGGGGACCCACCTGGAGATCTTGGCACACCAACTCTGACCTTGGCAAAGGTCACCGACACCCTCTGGCCCCTCAGCCAGAT,b0925856f45eace78150482af97e4f71d14699d0eef432f5aa09120096d7d16e,-0.176861491741541,GTGCTCGGACACCAGCCCCACCTCTGTGAGGAGAAGGAGGTGTCAGCCAGGCCGGGACCCTCCTCCAGGGCCGCAGATGGGGAGGACGAGTCCCCCAGATGGAAAGGGCTGGAAGCCCCCGGGGACCCACCTGGAGATCTTGGCACACCAACTCTGACCTTGGCAAAGGTCACGGACACCCTCTGGCCCCTCAGCCAGAT,306a03b352feda40689069dff71c645200f3452b8bf980cc21abe6b1809bddb8,-0.0312308377732232,GTGCTCGGACACCAGCCCCACCTCTGTGAGGAGAAGGAGGTGTCAGCCAGGCCGGGACCCTCCTCCAGGGCCGCAGATGGGGAGGACGAGTCCCCCAGACGGAAAGGGCTGGAAGCCCCCGGGGACCCACCTGGAGATCTTGGCACACCAACTCTGACCTTGGCAAAGGTCACGGACACCCTCTGGCCCCTCAGCCAGAT,2765ba1499afca3ee1569ae6283f4f26629244f1c2d8682b47aed0375e1582aa,0.0126193890256361,0.2207117185404003,0.407959395000407,-282.87769189919345,-282.1028856346384,-240.09354883618653,-240.24921424221247,-0.9304716705810279,-1.0,-0.2207117185404003,0.0,3,0.1795988532627512,0.18106719778262317,0.1474303780702046,0.1580878243635475,1.0
chr16:427925:T:C;chr16:428001:A:C;var1;middle;OL41|K562|05c0a6c81b03d762,chr16:427925:T:C;chr16:428001:A:C;var1;middle;OL41,K562,K562_region_00683,100,176,76,GTGCTCGGACACCAGCCCCACCTCTGTGAGGAGAAGGAGGTGTCAGCCAGGCCGGGACCCTCCTCCAGGGCCGCAGATGGGGAGGACGAGTCCCCCAGATGGAAAGGGCTGGAAGCCCCCGGGGACCCACCTGGAGATCTTGGCACACCAACTCTGACCTTGGCAAAGGTCACCGACACCCTCTGGCCCCTCAGCCAGAT,8a3a6e8a6fd9b11a93ae5b812ddc32abfe475e3b03b55b671878b1e2a3b9acfc,0.0,GTGCTCGGACACCAGCCCCACCTCTGTGAGGAGAAGGAGGTGTCAGCCAGGCCGGGACCCTCCTCCAGGGCCGCAGATGGGGAGGACGAGTCCCCCAGACGGAAAGGGCTGGAAGCCCCCGGGGACCCACCTGGAGATCTTGGCACACCAACTCTGACCTTGGCAAAGGTCACCGACACCCTCTGGCCCCTCAGCCAGAT,b0925856f45eace78150482af97e4f71d14699d0eef432f5aa09120096d7d16e,-0.177277180305482,GTGCTCGGACACCAGCCCCACCTCTGTGAGGAGAAGGAGGTGTCAGCCAGGCCGGGACCCTCCTCCAGGGCCGCAGATGGGGAGGACGAGTCCCCCAGATGGAAAGGGCTGGAAGCCCCCGGGGACCCACCTGGAGATCTTGGCACACCAACTCTGACCTTGGCAAAGGTCACCGCCACCCTCTGGCCCCTCAGCCAGAT,2f35f8d6dd93d73f912f12ec2b8b9a346d59f5e006a1b445d50700ce516b7130,-0.205800338040748,GTGCTCGGACACCAGCCCCACCTCTGTGAGGAGAAGGAGGTGTCAGCCAGGCCGGGACCCTCCTCCAGGGCCGCAGATGGGGAGGACGAGTCCCCCAGACGGAAAGGGCTGGAAGCCCCCGGGGACCCACCTGGAGATCTTGGCACACCAACTCTGACCTTGGCAAAGGTCACCGCCACCCTCTGGCCCCTCAGCCAGAT,05c0a6c81b03d762955565e41c0d8ac39aae145a770e9cdc4788b63c93f8d3b3,0.277962848330053,0.661040366676283,0.496782416160182,-282.87769189919345,-282.1028856346384,-220.3523420765996,-221.66036343574524,-2.082827623700666,-1.0,-0.661040366676283,0.0,3,0.17727779471285168,0.18106719778262317,0.1474303780702046,0.1566787877772052,1.0
chr16:427999:C:G;chr16:428001:A:C;var1;middle;OL41|K562|143f37aa0b5461cd,chr16:427999:C:G;chr16:428001:A:C;var1;middle;OL41,K562,K562_region_00683,100,102,2,AGATGGGGAGGACGAGTCCCCCAGATGGAAAGGGCTGGAAGCCCCCGGGGACCCACCTGGAGATCTTGGCACACCAACTCTGACCTTGGCAAAGGTCACCGACACCCTCTGGCCCCTCAGCCAGATCCTCTGCTGTCCCTCCCCAGATGGCCTACATCCCACCCTCCTGGCATCTGGGTCTTTTCACAGCTGCCGCCTCA,96e0e50672ca62b541f085988da503b46cfa641c1f2cd4ca1698156601a747df,0.0,AGATGGGGAGGACGAGTCCCCCAGATGGAAAGGGCTGGAAGCCCCCGGGGACCCACCTGGAGATCTTGGCACACCAACTCTGACCTTGGCAAAGGTCACGGACACCCTCTGGCCCCTCAGCCAGATCCTCTGCTGTCCCTCCCCAGATGGCCTACATCCCACCCTCCTGGCATCTGGGTCTTTTCACAGCTGCCGCCTCA,ac8d60dbf5cec0ff29acc5f244ffa009045a005b1896ba1151302d3c2d455aab,-0.0813912867967136,AGATGGGGAGGACGAGTCCCCCAGATGGAAAGGGCTGGAAGCCCCCGGGGACCCACCTGGAGATCTTGGCACACCAACTCTGACCTTGGCAAAGGTCACCGCCACCCTCTGGCCCCTCAGCCAGATCCTCTGCTGTCCCTCCCCAGATGGCCTACATCCCACCCTCCTGGCATCTGGGTCTTTTCACAGCTGCCGCCTCA,0df9601d131381f347843cb70d48e6f3c2b3b93a2a00669926e6f2eb7374badb,0.174837122234587,AGATGGGGAGGACGAGTCCCCCAGATGGAAAGGGCTGGAAGCCCCCGGGGACCCACCTGGAGATCTTGGCACACCAACTCTGACCTTGGCAAAGGTCACGGCCACCCTCTGGCCCCTCAGCCAGATCCTCTGCTGTCCCTCCCCAGATGGCCTACATCCCACCCTCCTGGCATCTGGGTCTTTTCACAGCTGCCGCCTCA,143f37aa0b5461cd89c47ed4df14fa4062292c3ff9ba7135be707f35859dcd9f,-0.10635365208932,0.1997994875271934,0.440622849108781,-278.0359915262088,-266.7553574210033,-315.2926702462137,-301.27594301942736,-2.7360931215807796,1.0,0.1997994875271934,0.0,3,0.17596199687703176,0.18106719778262317,0.1474303780702046,0.11019194940139462,1.0
chr16:433538:A:G;chr16:433552:T:C;var1;middle;OL41|K562|27adaa72fb80d310,chr16:433538:A:G;chr16:433552:T:C;var1;middle;OL41,K562,K562_region_00684,100,114,14,CGGAAGTGGCACACTGCATGCGTCCAGTGAGTCAATGTGGCACCGCCTACATGCGTGTCACTGGCCGGTGGGACATTCAAATCATTCATACGGGGTCTAAACGAGACAGAGCGTGGCCGAGACAGGAAAGACAGGAAGCGCTGTGCTGCTTGGAAATGGTCCACCAGGTGCAGCAGTAGCTGCAAGAAAGGAACAGGAAG,47e7a6a452222d83fb94f9f013bf2e5fd259e7f2bcc8b0a13594a6cd716e07ac,0.0,CGGAAGTGGCACACTGCATGCGTCCAGTGAGTCAATGTGGCACCGCCTACATGCGTGTCACTGGCCGGTGGGACATTCAAATCATTCATACGGGGTCTAGACGAGACAGAGCGTGGCCGAGACAGGAAAGACAGGAAGCGCTGTGCTGCTTGGAAATGGTCCACCAGGTGCAGCAGTAGCTGCAAGAAAGGAACAGGAAG,d1b3356722ad6591bd13d4812534da7c812e945bfaf7d8b5de050d336b25d502,-0.0595575321176278,CGGAAGTGGCACACTGCATGCGTCCAGTGAGTCAATGTGGCACCGCCTACATGCGTGTCACTGGCCGGTGGGACATTCAAATCATTCATACGGGGTCTAAACGAGACAGAGCGCGGCCGAGACAGGAAAGACAGGAAGCGCTGTGCTGCTTGGAAATGGTCCACCAGGTGCAGCAGTAGCTGCAAGAAAGGAACAGGAAG,c44e2bfcf50aca31f6bde196e137bf7f377b48fcbef0fc3d76fa02206c178ab8,0.299015523002619,CGGAAGTGGCACACTGCATGCGTCCAGTGAGTCAATGTGGCACCGCCTACATGCGTGTCACTGGCCGGTGGGACATTCAAATCATTCATACGGGGTCTAGACGAGACAGAGCGCGGCCGAGACAGGAAAGACAGGAAGCGCTGTGCTGCTTGGAAATGGTCCACCAGGTGCAGCAGTAGCTGCAAGAAAGGAACAGGAAG,27adaa72fb80d3105c7cf1ed47e218f1275ea3d86012505d33802024f4683a4f,0.315138700520642,0.0756807096356508,0.145472231183382,-324.8359739659354,-325.5423297791276,-321.2009657584131,-321.7533862667624,0.1539353048428893,-1.0,-0.0756807096356508,0.0,0,0.18597376679917801,0.18565657667894103,0.15145376406925343,0.3583036506258225,1.0
chr16:433538:A:G;chr16:433623:A:G;var1;middle;OL41|K562|3de832d8788fac2d,chr16:433538:A:G;chr16:433623:A:G;var1;middle;OL41,K562,K562_region_00684,100,185,85,CGGAAGTGGCACACTGCATGCGTCCAGTGAGTCAATGTGGCACCGCCTACATGCGTGTCACTGGCCGGTGGGACATTCAAATCATTCATACGGGGTCTAAACGAGACAGAGCGTGGCCGAGACAGGAAAGACAGGAAGCGCTGTGCTGCTTGGAAATGGTCCACCAGGTGCAGCAGTAGCTGCAAGAAAGGAACAGGAAG,47e7a6a452222d83fb94f9f013bf2e5fd259e7f2bcc8b0a13594a6cd716e07ac,0.0,CGGAAGTGGCACACTGCATGCGTCCAGTGAGTCAATGTGGCACCGCCTACATGCGTGTCACTGGCCGGTGGGACATTCAAATCATTCATACGGGGTCTAGACGAGACAGAGCGTGGCCGAGACAGGAAAGACAGGAAGCGCTGTGCTGCTTGGAAATGGTCCACCAGGTGCAGCAGTAGCTGCAAGAAAGGAACAGGAAG,d1b3356722ad6591bd13d4812534da7c812e945bfaf7d8b5de050d336b25d502,-0.0598104470494988,CGGAAGTGGCACACTGCATGCGTCCAGTGAGTCAATGTGGCACCGCCTACATGCGTGTCACTGGCCGGTGGGACATTCAAATCATTCATACGGGGTCTAAACGAGACAGAGCGTGGCCGAGACAGGAAAGACAGGAAGCGCTGTGCTGCTTGGAAATGGTCCACCAGGTGCAGCAGTAGCTGCAGGAAAGGAACAGGAAG,e1ccd24b1ed0576ed769d51df6db92048b057ed2c0b73dfdaabcb1a47214bb71,-0.142237062292438,CGGAAGTGGCACACTGCATGCGTCCAGTGAGTCAATGTGGCACCGCCTACATGCGTGTCACTGGCCGGTGGGACATTCAAATCATTCATACGGGGTCTAGACGAGACAGAGCGTGGCCGAGACAGGAAAGACAGGAAGCGCTGTGCTGCTTGGAAATGGTCCACCAGGTGCAGCAGTAGCTGCAGGAAAGGAACAGGAAG,3de832d8788fac2ddc7e1835856babd4322879adac3593a0dddc59efa841d5f1,0.0372313177198812,0.2392788270618179,0.18352160142613,-324.8359739659354,-325.5423297791276,-319.3212485916447,-321.1369615665172,-1.1093571616802933,-1.0,-0.2392788270618179,0.0,0,0.1843512086052054,0.18565657667894103,0.15145376406925343,0.41932654762491145,1.0
chr16:433552:T:C;chr16:433623:A:G;var1;middle;OL41|K562|3f611538434d2b7e,chr16:433552:T:C;chr16:433623:A:G;var1;middle;OL41,K562,K562_region_00684,100,171,71,TGCATGCGTCCAGTGAGTCAATGTGGCACCGCCTACATGCGTGTCACTGGCCGGTGGGACATTCAAATCATTCATACGGGGTCTAAACGAGACAGAGCGTGGCCGAGACAGGAAAGACAGGAAGCGCTGTGCTGCTTGGAAATGGTCCACCAGGTGCAGCAGTAGCTGCAAGAAAGGAACAGGAAGAACGGTGTGTTCAA,30b3907486b9c8b4357779fb24fe210cee40a158789d7fdc2d8d947ac438973a,0.0,TGCATGCGTCCAGTGAGTCAATGTGGCACCGCCTACATGCGTGTCACTGGCCGGTGGGACATTCAAATCATTCATACGGGGTCTAAACGAGACAGAGCGCGGCCGAGACAGGAAAGACAGGAAGCGCTGTGCTGCTTGGAAATGGTCCACCAGGTGCAGCAGTAGCTGCAAGAAAGGAACAGGAAGAACGGTGTGTTCAA,0e31a4b9eb9d89fcd1f7a2985453a2a31db845fdd39d0abe271acc80e89d8a2e,0.258517072610693,TGCATGCGTCCAGTGAGTCAATGTGGCACCGCCTACATGCGTGTCACTGGCCGGTGGGACATTCAAATCATTCATACGGGGTCTAAACGAGACAGAGCGTGGCCGAGACAGGAAAGACAGGAAGCGCTGTGCTGCTTGGAAATGGTCCACCAGGTGCAGCAGTAGCTGCAGGAAAGGAACAGGAAGAACGGTGTGTTCAA,7743aef16d7aaedf54f5875fced963263f2a77a16804d124cd4ee0b28161c44d,-0.152159035273654,TGCATGCGTCCAGTGAGTCAATGTGGCACCGCCTACATGCGTGTCACTGGCCGGTGGGACATTCAAATCATTCATACGGGGTCTAAACGAGACAGAGCGCGGCCGAGACAGGAAAGACAGGAAGCGCTGTGCTGCTTGGAAATGGTCCACCAGGTGCAGCAGTAGCTGCAGGAAAGGAACAGGAAGAACGGTGTGTTCAA,3f611538434d2b7e011eae7ef36fb6eb0c694579792be4afffbd789d8926791c,0.0345040299580807,-0.0718540073789583,0.194095696736614,-312.40292312856764,-310.9345489172265,-303.41639960790053,-301.2466121306643,0.7014132658950984,-1.0,0.0718540073789583,0.0,0,0.18667694114341318,0.18565657667894103,0.15145376406925343,0.20339970855316394,1.0
chr16:4460049:A:G;chr16:4460114:A:G;var1;middle;OL41|K562|a66fc2c785079e89,chr16:4460049:A:G;chr16:4460114:A:G;var1;middle;OL41,K562,K562_region_00725,100,165,65,TTTCCCGGCAGGGCTGCTCATGCAGGCAAGGCTCTGAACAGTTGCAGCCACAGTGAGGCTATGGACTTGCCTACAGGACCCTGGTCCAGCTTCTACTTGAAGAGCCCTAGTAGCAGAGGGCTCACCACCTTGCAAGCATCACCAACTTGGGCTAGCTCCCTCATAGATAAAAAGCATCAAAAAGTCAAACATGAAGCCAG,d95440ffcda755578d38d86c8f2d36108aa9b52c69615ab31eda94ba38263651,0.0,TTTCCCGGCAGGGCTGCTCATGCAGGCAAGGCTCTGAACAGTTGCAGCCACAGTGAGGCTATGGACTTGCCTACAGGACCCTGGTCCAGCTTCTACTTGGAGAGCCCTAGTAGCAGAGGGCTCACCACCTTGCAAGCATCACCAACTTGGGCTAGCTCCCTCATAGATAAAAAGCATCAAAAAGTCAAACATGAAGCCAG,b8962689112f49f55d604c4b4f58bb003ce574a941c576bb5bab9a8e822dcbc6,0.0927085280195009,TTTCCCGGCAGGGCTGCTCATGCAGGCAAGGCTCTGAACAGTTGCAGCCACAGTGAGGCTATGGACTTGCCTACAGGACCCTGGTCCAGCTTCTACTTGAAGAGCCCTAGTAGCAGAGGGCTCACCACCTTGCAAGCATCACCAACTTGGGCTAGCTCCCTCATGGATAAAAAGCATCAAAAAGTCAAACATGAAGCCAG,998e0e74f42dd99b7b687dec86c012709d70388a545ca282270c0e68c981bc77,-0.0309225633393539,TTTCCCGGCAGGGCTGCTCATGCAGGCAAGGCTCTGAACAGTTGCAGCCACAGTGAGGCTATGGACTTGCCTACAGGACCCTGGTCCAGCTTCTACTTGGAGAGCCCTAGTAGCAGAGGGCTCACCACCTTGCAAGCATCACCAACTTGGGCTAGCTCCCTCATGGATAAAAAGCATCAAAAAGTCAAACATGAAGCCAG,a66fc2c785079e89010023e0e244b53b820a1dfd1b270b0e48c9a97253bc4978,-0.140964542772229,0.202750507452376,0.653227197986557,-354.5524586426327,-359.20832591090584,-351.2726905083982,-354.4524738850305,-1.476083891640883,1.0,0.202750507452376,0.0,2,0.17304517087976798,0.17490732828716207,0.146091925319964,0.17683203174453413,1.0
chr16:4460114:A:G;chr16:4460133:G:A;var1;middle;OL41|K562|dfcd876ef7d1a2a8,chr16:4460114:A:G;chr16:4460133:G:A;var1;middle;OL41,K562,K562_region_00725,100,119,19,CTTGCCTACAGGACCCTGGTCCAGCTTCTACTTGAAGAGCCCTAGTAGCAGAGGGCTCACCACCTTGCAAGCATCACCAACTTGGGCTAGCTCCCTCATAGATAAAAAGCATCAAAAAGTCAAACATGAAGCCAGGTACATTGGCTCATGCCTATAATCTCAGCACTTTGGGAGGCCAAGGTGGGAAGATCACTTGAGGC,acf8ad4b0054206255f116892bc8eb9a890dbd6278e16f259f880de4a2dc79d2,0.0,CTTGCCTACAGGACCCTGGTCCAGCTTCTACTTGAAGAGCCCTAGTAGCAGAGGGCTCACCACCTTGCAAGCATCACCAACTTGGGCTAGCTCCCTCATGGATAAAAAGCATCAAAAAGTCAAACATGAAGCCAGGTACATTGGCTCATGCCTATAATCTCAGCACTTTGGGAGGCCAAGGTGGGAAGATCACTTGAGGC,2ce25be42195b616c07d351867972febe8355ec6d86b40b11959f7f3c842b2c7,-0.0081712397815931,CTTGCCTACAGGACCCTGGTCCAGCTTCTACTTGAAGAGCCCTAGTAGCAGAGGGCTCACCACCTTGCAAGCATCACCAACTTGGGCTAGCTCCCTCATAGATAAAAAGCATCAAAAAATCAAACATGAAGCCAGGTACATTGGCTCATGCCTATAATCTCAGCACTTTGGGAGGCCAAGGTGGGAAGATCACTTGAGGC,0385d686c941705760a96ce5d0e7ddefd92c67e5558fb7376a0b149edb1229f2,-0.0695739382315143,CTTGCCTACAGGACCCTGGTCCAGCTTCTACTTGAAGAGCCCTAGTAGCAGAGGGCTCACCACCTTGCAAGCATCACCAACTTGGGCTAGCTCCCTCATGGATAAAAAGCATCAAAAAATCAAACATGAAGCCAGGTACATTGGCTCATGCCTATAATCTCAGCACTTTGGGAGGCCAAGGTGGGAAGATCACTTGAGGC,dfcd876ef7d1a2a84dcf404ff5becd48dc212ab99f0d71ec5e69b15d713397d8,0.144466938358729,0.2222121163718364,0.474274753902194,-186.89945390913635,-185.73953830171376,-189.94218225497752,-188.8969249129296,-0.11465826537465773,-1.0,-0.2222121163718364,0.0,2,0.17502751666534883,0.17490732828716207,0.146091925319964,0.0968868540886389,1.0
chr16:449162:T:C;chr16:449178:T:G;var1;middle;OL41|K562|fca8f4a8e4852f8d,chr16:449162:T:C;chr16:449178:T:G;var1;middle;OL41,K562,K562_region_00685,100,116,16,GGACGTGATCCAGCGCTTTGAGAGGCGGGGCTTCACGCTGGTGGGGATGAAGATGCTGCAGGTAGTGGGACTCTGGGCTTGTGGGTGTCCCTGTGGGGATGGGGTTGGGGGATCCTTCTCGGCCTTTCACATCCCAGCCAGCGCCGGGGCAGGGCCTGGCTTTGGCAGTTGAAGGGGCAGGAGGGATCTATTCTGCGGTG,7339313e4c29805994f94e48c83adae6c329255754adc9b84daed1c02c032540,0.0,GGACGTGATCCAGCGCTTTGAGAGGCGGGGCTTCACGCTGGTGGGGATGAAGATGCTGCAGGTAGTGGGACTCTGGGCTTGTGGGTGTCCCTGTGGGGACGGGGTTGGGGGATCCTTCTCGGCCTTTCACATCCCAGCCAGCGCCGGGGCAGGGCCTGGCTTTGGCAGTTGAAGGGGCAGGAGGGATCTATTCTGCGGTG,dc6d5cca71b74a84faddc23dafe73d529002e523a0fc393cbef9a8b9384f1320,0.409999674791335,GGACGTGATCCAGCGCTTTGAGAGGCGGGGCTTCACGCTGGTGGGGATGAAGATGCTGCAGGTAGTGGGACTCTGGGCTTGTGGGTGTCCCTGTGGGGATGGGGTTGGGGGATCCGTCTCGGCCTTTCACATCCCAGCCAGCGCCGGGGCAGGGCCTGGCTTTGGCAGTTGAAGGGGCAGGAGGGATCTATTCTGCGGTG,c425d33dd669562ef44e774944dd8cb4e291311185649c7ab229273f8e5365a7,0.0863544888743848,GGACGTGATCCAGCGCTTTGAGAGGCGGGGCTTCACGCTGGTGGGGATGAAGATGCTGCAGGTAGTGGGACTCTGGGCTTGTGGGTGTCCCTGTGGGGACGGGGTTGGGGGATCCGTCTCGGCCTTTCACATCCCAGCCAGCGCCGGGGCAGGGCCTGGCTTTGGCAGTTGAAGGGGCAGGAGGGATCTATTCTGCGGTG,fca8f4a8e4852f8db485035e799bd00c176eca470c61faf51f86cb38614e3976,0.292287828719705,0.2040663349460147,0.233805552231622,-293.00793917197734,-297.2870947115589,-298.50589156430215,-300.44046150613576,-2.344585597747937,1.0,0.2040663349460147,0.0,2,0.17178056217573406,0.17490732828716207,0.146091925319964,0.018650215006844828,1.0
chr16:449934:T:C;chr16:449977:G:C;var1;middle;OL41|K562|8f87f1c573dc7c75,chr16:449934:T:C;chr16:449977:G:C;var1;middle;OL41,K562,K562_region_00686,100,143,43,GCTAGGATGAAGCCAGGTCGGACATGACAGCTCACACTGGTGAGAGCCGTGTTCTCCCAGGGCACACAGGGCAATGAGGTGTTCCCTTTGTGTTGTGTGTACCGTGCCATCGTTGCCTGTTACCTGACACCCCAAGGGGTTGGCACGGGGCAACTTGGGGGGAAATGAGGCTCCCAAAAGCTGGGGCCTGGGCGGGTCCA,68e875d587be2e2f5b2aa1787867626a5eb774e4a2031ee6ab0077cc634d1145,0.0,GCTAGGATGAAGCCAGGTCGGACATGACAGCTCACACTGGTGAGAGCCGTGTTCTCCCAGGGCACACAGGGCAATGAGGTGTTCCCTTTGTGTTGTGTGCACCGTGCCATCGTTGCCTGTTACCTGACACCCCAAGGGGTTGGCACGGGGCAACTTGGGGGGAAATGAGGCTCCCAAAAGCTGGGGCCTGGGCGGGTCCA,dbab31fe2d43695c2b4d47612e72507487ec5dbad693bbd1785c0eb1c17a8da9,-0.119214599457271,GCTAGGATGAAGCCAGGTCGGACATGACAGCTCACACTGGTGAGAGCCGTGTTCTCCCAGGGCACACAGGGCAATGAGGTGTTCCCTTTGTGTTGTGTGTACCGTGCCATCGTTGCCTGTTACCTGACACCCCAAGGGGTTGCCACGGGGCAACTTGGGGGGAAATGAGGCTCCCAAAAGCTGGGGCCTGGGCGGGTCCA,cb38e9c501d64d64e29ef8599b3c552be7a54989a0185a18e87665c57a9ef634,0.322023756244925,GCTAGGATGAAGCCAGGTCGGACATGACAGCTCACACTGGTGAGAGCCGTGTTCTCCCAGGGCACACAGGGCAATGAGGTGTTCCCTTTGTGTTGTGTGCACCGTGCCATCGTTGCCTGTTACCTGACACCCCAAGGGGTTGCCACGGGGCAACTTGGGGGGAAATGAGGCTCCCAAAAGCTGGGGCCTGGGCGGGTCCA,8f87f1c573dc7c752192ceaa03f68817373e5ba62861862ea4654aae2fa10ec3,-0.283269074885992,0.486078231673646,0.386239737122547,-289.292263604817,-281.4848971690517,-294.4334323160583,-282.03506311401725,-4.591002766275778,1.0,0.486078231673646,0.0,0,0.17987942336627913,0.18565657667894103,0.15145376406925343,0.11703986560050397,1.0
chr16:449934:T:C;chr16:449979:A:G;var1;middle;OL41|K562|556ab0631a839ee5,chr16:449934:T:C;chr16:449979:A:G;var1;middle;OL41,K562,K562_region_00686,100,145,45,GCTAGGATGAAGCCAGGTCGGACATGACAGCTCACACTGGTGAGAGCCGTGTTCTCCCAGGGCACACAGGGCAATGAGGTGTTCCCTTTGTGTTGTGTGTACCGTGCCATCGTTGCCTGTTACCTGACACCCCAAGGGGTTGGCACGGGGCAACTTGGGGGGAAATGAGGCTCCCAAAAGCTGGGGCCTGGGCGGGTCCA,68e875d587be2e2f5b2aa1787867626a5eb774e4a2031ee6ab0077cc634d1145,0.0,GCTAGGATGAAGCCAGGTCGGACATGACAGCTCACACTGGTGAGAGCCGTGTTCTCCCAGGGCACACAGGGCAATGAGGTGTTCCCTTTGTGTTGTGTGCACCGTGCCATCGTTGCCTGTTACCTGACACCCCAAGGGGTTGGCACGGGGCAACTTGGGGGGAAATGAGGCTCCCAAAAGCTGGGGCCTGGGCGGGTCCA,dbab31fe2d43695c2b4d47612e72507487ec5dbad693bbd1785c0eb1c17a8da9,-0.119258331765498,GCTAGGATGAAGCCAGGTCGGACATGACAGCTCACACTGGTGAGAGCCGTGTTCTCCCAGGGCACACAGGGCAATGAGGTGTTCCCTTTGTGTTGTGTGTACCGTGCCATCGTTGCCTGTTACCTGACACCCCAAGGGGTTGGCGCGGGGCAACTTGGGGGGAAATGAGGCTCCCAAAAGCTGGGGCCTGGGCGGGTCCA,d33edc2b237f6d1caa42ddd957ee145b59775768727bc828defa93f900b67a01,0.587825929957988,GCTAGGATGAAGCCAGGTCGGACATGACAGCTCACACTGGTGAGAGCCGTGTTCTCCCAGGGCACACAGGGCAATGAGGTGTTCCCTTTGTGTTGTGTGCACCGTGCCATCGTTGCCTGTTACCTGACACCCCAAGGGGTTGGCGCGGGGCAACTTGGGGGGAAATGAGGCTCCCAAAAGCTGGGGCCTGGGCGGGTCCA,556ab0631a839ee5c48d53a0a150b0bd42057cf18e5dc7f0f44a74fad0d46b55,0.337753135245482,-0.130814462947008,0.362788555877722,-289.292263604817,-281.4848971690517,-288.1968146843137,-281.12377139390446,-0.7343231453560293,-1.0,0.130814462947008,0.0,0,0.18483289794661353,0.18565657667894103,0.15145376406925343,0.18159879101670648,1.0
chr16:449934:T:C;chr16:449980:C:T;var1;middle;OL41|K562|eca84977f7a0005d,chr16:449934:T:C;chr16:449980:C:T;var1;middle;OL41,K562,K562_region_00686,100,146,46,GCTAGGATGAAGCCAGGTCGGACATGACAGCTCACACTGGTGAGAGCCGTGTTCTCCCAGGGCACACAGGGCAATGAGGTGTTCCCTTTGTGTTGTGTGTACCGTGCCATCGTTGCCTGTTACCTGACACCCCAAGGGGTTGGCACGGGGCAACTTGGGGGGAAATGAGGCTCCCAAAAGCTGGGGCCTGGGCGGGTCCA,68e875d587be2e2f5b2aa1787867626a5eb774e4a2031ee6ab0077cc634d1145,0.0,GCTAGGATGAAGCCAGGTCGGACATGACAGCTCACACTGGTGAGAGCCGTGTTCTCCCAGGGCACACAGGGCAATGAGGTGTTCCCTTTGTGTTGTGTGCACCGTGCCATCGTTGCCTGTTACCTGACACCCCAAGGGGTTGGCACGGGGCAACTTGGGGGGAAATGAGGCTCCCAAAAGCTGGGGCCTGGGCGGGTCCA,dbab31fe2d43695c2b4d47612e72507487ec5dbad693bbd1785c0eb1c17a8da9,-0.119201695874136,GCTAGGATGAAGCCAGGTCGGACATGACAGCTCACACTGGTGAGAGCCGTGTTCTCCCAGGGCACACAGGGCAATGAGGTGTTCCCTTTGTGTTGTGTGTACCGTGCCATCGTTGCCTGTTACCTGACACCCCAAGGGGTTGGCATGGGGCAACTTGGGGGGAAATGAGGCTCCCAAAAGCTGGGGCCTGGGCGGGTCCA,bf2193741aa49eca16a786ea4a895d1b12709ee7777d8baedc46b43c7c6024b9,-0.5726545519688,GCTAGGATGAAGCCAGGTCGGACATGACAGCTCACACTGGTGAGAGCCGTGTTCTCCCAGGGCACACAGGGCAATGAGGTGTTCCCTTTGTGTTGTGTGCACCGTGCCATCGTTGCCTGTTACCTGACACCCCAAGGGGTTGGCATGGGGCAACTTGGGGGGAAATGAGGCTCCCAAAAGCTGGGGCCTGGGCGGGTCCA,eca84977f7a0005d1956f03d260d3ff637e91ac7af4740bf3b8108f2c0001572,0.0945546269249725,0.7864108747679085,0.391063614173578,-289.292263604817,-281.4848971690517,-288.3227580288658,-281.77353416685946,-1.2581425737589598,-1.0,-0.7864108747679085,0.0,0,0.18416011034735205,0.18565657667894103,0.15145376406925343,0.2414360496798954,1.0
chr16:4587789:A:G;chr16:4587811:C:G;var1;middle;OL41|K562|6f25c73530f581d6,chr16:4587789:A:G;chr16:4587811:C:G;var1;middle;OL41,K562,K562_region_00726,100,122,22,ACACCTGGGGTGGGCCCCAGGAATCTGCCCGTTTCCCAAGAGCCCCAGGTGGTTCTGACGCAGAGGATCTTGAGCCCACCTTTGGAGGAACTCACAGCCACTCGCCCCACCTCATCTAACACCTGTTGAGAAGCCCCCCAAGGAACTCGCTAAGCCAAGGTCCTCGAAGGCGCGACTCCTAGCCCCAAGCTAGGCCAGGC,707ccb0e083473570622fff5eeb4069c1117b671aba09f264090bb54f4eb4b7c,0.0,ACACCTGGGGTGGGCCCCAGGAATCTGCCCGTTTCCCAAGAGCCCCAGGTGGTTCTGACGCAGAGGATCTTGAGCCCACCTTTGGAGGAACTCACAGCCGCTCGCCCCACCTCATCTAACACCTGTTGAGAAGCCCCCCAAGGAACTCGCTAAGCCAAGGTCCTCGAAGGCGCGACTCCTAGCCCCAAGCTAGGCCAGGC,0b8dc22fc19c0d7375562ec6033e2303a004193f64b9aca96b01ef8e28fd3639,0.219638309057087,ACACCTGGGGTGGGCCCCAGGAATCTGCCCGTTTCCCAAGAGCCCCAGGTGGTTCTGACGCAGAGGATCTTGAGCCCACCTTTGGAGGAACTCACAGCCACTCGCCCCACCTCATCTAACAGCTGTTGAGAAGCCCCCCAAGGAACTCGCTAAGCCAAGGTCCTCGAAGGCGCGACTCCTAGCCCCAAGCTAGGCCAGGC,a02c8693c9afa21a704baa534c3c3f8b31b10c0bf0c5a272a6a83b18932c91ac,-0.22554656148052,ACACCTGGGGTGGGCCCCAGGAATCTGCCCGTTTCCCAAGAGCCCCAGGTGGTTCTGACGCAGAGGATCTTGAGCCCACCTTTGGAGGAACTCACAGCCGCTCGCCCCACCTCATCTAACAGCTGTTGAGAAGCCCCCCAAGGAACTCGCTAAGCCAAGGTCCTCGAAGGCGCGACTCCTAGCCCCAAGCTAGGCCAGGC,6f25c73530f581d6413088abc86c91bc5cfb34b653301d529838167a1da6e2b3,-0.0683055692520356,-0.0623973168286026,0.422569519052458,-228.4397363327444,-230.8530165851116,-227.58320795372128,-232.6963103748858,-2.699822168797283,-1.0,0.0623973168286026,0.0,1,0.17961825295778436,0.18216460459877223,0.1501433469024087,0.216406687269534,1.0
chr16:4802370:C:A;chr16:4802386:G:T;var1;middle;OL41|K562|1c4e2ac25d271245,chr16:4802370:C:A;chr16:4802386:G:T;var1;middle;OL41,K562,K562_region_00727,100,116,16,GAGGAAACGGGCAGCTGGCAATGCTTTCGGACCAGGCTGTCTAGCAGTTTCCTGAATTCTGTGCCCAGGGATGAGAGTCCTGGAAAGGGAGTTTCAGGCCTGGTGATCAGGCTTTGGCACCGGGGCCTCCAGGAGCCACCGGCTGGAGCGTCGGCAAGGAGCCTGCCCCCATGTGGGTCCGCTGGTGCTTGTGCAGGTCG,f02ad2890afb93e1a891b18a928269205a601fd2ba1527d5cc70c621e0d7acb2,0.0,GAGGAAACGGGCAGCTGGCAATGCTTTCGGACCAGGCTGTCTAGCAGTTTCCTGAATTCTGTGCCCAGGGATGAGAGTCCTGGAAAGGGAGTTTCAGGCATGGTGATCAGGCTTTGGCACCGGGGCCTCCAGGAGCCACCGGCTGGAGCGTCGGCAAGGAGCCTGCCCCCATGTGGGTCCGCTGGTGCTTGTGCAGGTCG,6edb0859a77734dd4a0a028167e77593e55ff0213be257bbe41a283234c8345d,0.0828357908122066,GAGGAAACGGGCAGCTGGCAATGCTTTCGGACCAGGCTGTCTAGCAGTTTCCTGAATTCTGTGCCCAGGGATGAGAGTCCTGGAAAGGGAGTTTCAGGCCTGGTGATCAGGCTTTTGCACCGGGGCCTCCAGGAGCCACCGGCTGGAGCGTCGGCAAGGAGCCTGCCCCCATGTGGGTCCGCTGGTGCTTGTGCAGGTCG,658efe78b7a69c709408013756f0633dc420aad591d717011aeff2515c8d3c87,0.442039292510419,GAGGAAACGGGCAGCTGGCAATGCTTTCGGACCAGGCTGTCTAGCAGTTTCCTGAATTCTGTGCCCAGGGATGAGAGTCCTGGAAAGGGAGTTTCAGGCATGGTGATCAGGCTTTTGCACCGGGGCCTCCAGGAGCCACCGGCTGGAGCGTCGGCAAGGAGCCTGCCCCCATGTGGGTCCGCTGGTGCTTGTGCAGGTCG,1c4e2ac25d271245f026110a3367fd6f9ca82dee1272fc699fa869dc37585131,0.47549885311742,0.0493762302052056,0.227489287715869,-363.211442097323,-385.9799170237966,-372.2926749677863,-403.1274363081902,8.066286413930357,1.0,0.0493762302052056,0.0,2,0.18693963356266882,0.17490732828716207,0.146091925319964,0.19716499110945895,1.0
chr16:4845532:A:G;chr16:4845575:G:A;var1;middle;OL41|K562|033c5bcad1110195,chr16:4845532:A:G;chr16:4845575:G:A;var1;middle;OL41,K562,K562_region_00728,100,143,43,ATTGGAGGCTTCTAGGAGGTAGGTGGGGGCCTGGGGGCTGGGCTGCCAGGGGGAGAGAGAGGGGAGATGACAGTGGCTGGGGAGAAGGTTGTCAGGGTAAGGACCACAGGGCTGGGCAAGGAGAGAAGCTGGGCCTGGGGCCGAGGGAGAAGTGGAGTGGGAGGGGGTGGGGAAGCTGGCGCTGGGCCAGGAGCGGGCAG,75cbb3c69b92aa8767b7aca51eb9b92957f5e57654737c2e6ef46813588d406e,0.0,ATTGGAGGCTTCTAGGAGGTAGGTGGGGGCCTGGGGGCTGGGCTGCCAGGGGGAGAGAGAGGGGAGATGACAGTGGCTGGGGAGAAGGTTGTCAGGGTAGGGACCACAGGGCTGGGCAAGGAGAGAAGCTGGGCCTGGGGCCGAGGGAGAAGTGGAGTGGGAGGGGGTGGGGAAGCTGGCGCTGGGCCAGGAGCGGGCAG,ba05ad53540b6726b53c281a27a1e091e39254a475f261dfb43590f5768200bf,-0.225729371419955,ATTGGAGGCTTCTAGGAGGTAGGTGGGGGCCTGGGGGCTGGGCTGCCAGGGGGAGAGAGAGGGGAGATGACAGTGGCTGGGGAGAAGGTTGTCAGGGTAAGGACCACAGGGCTGGGCAAGGAGAGAAGCTGGGCCTGGGGCCAAGGGAGAAGTGGAGTGGGAGGGGGTGGGGAAGCTGGCGCTGGGCCAGGAGCGGGCAG,6af973346415cdc1819d239d9590f5916c6bb20e3cc0cca791c13684fe4d1850,0.260682298160175,ATTGGAGGCTTCTAGGAGGTAGGTGGGGGCCTGGGGGCTGGGCTGCCAGGGGGAGAGAGAGGGGAGATGACAGTGGCTGGGGAGAAGGTTGTCAGGGTAGGGACCACAGGGCTGGGCAAGGAGAGAAGCTGGGCCTGGGGCCAAGGGAGAAGTGGAGTGGGAGGGGGTGGGGAAGCTGGCGCTGGGCCAGGAGCGGGCAG,033c5bcad11101953978ced9066e0c9fcf58f0fcfecbff5088d739164ab40900,0.151642099903411,0.1166891731631909,0.276197619247817,-204.3365625590086,-202.7786295041442,-202.037584207952,-200.40776886045933,0.07188229262828827,-1.0,-0.1166891731631909,0.0,1,0.18243829558339592,0.18216460459877223,0.1501433469024087,0.19674748339031903,1.0
chr16:4846068:T:C;chr16:4846137:C:T;var1;middle;OL41|K562|4c507df34ad74751,chr16:4846068:T:C;chr16:4846137:C:T;var1;middle;OL41,K562,K562_region_00729,100,169,69,CTGCTGGTCGTCGCCCACTGCTGCTGCTGCAGCTCCCCCGGGCCCCGCAGGGAAAGCCCCAGGAAGGTGAGCCCCTGGAAGGTGAGCCCTGCCGGCCTCTGGGACCTGCACGGAACTGTACTGGGGGTGGAGGCGGAAGGTGAGGGGAGTGGCGGGAAGGGTGCTCATCCCCCTAGGGAACAACGAGCGAACCTGCTTGG,7dfc989bfa5bbacf500c40c2f91cb86579db0cc87fb52a541b0917eeb1c48a23,0.0,CTGCTGGTCGTCGCCCACTGCTGCTGCTGCAGCTCCCCCGGGCCCCGCAGGGAAAGCCCCAGGAAGGTGAGCCCCTGGAAGGTGAGCCCTGCCGGCCTCCGGGACCTGCACGGAACTGTACTGGGGGTGGAGGCGGAAGGTGAGGGGAGTGGCGGGAAGGGTGCTCATCCCCCTAGGGAACAACGAGCGAACCTGCTTGG,d411a5d0367ebb94f5f4099e5b2e4a596f451eb0c04e4af2361d217fcfd23f8f,-0.0656735294365302,CTGCTGGTCGTCGCCCACTGCTGCTGCTGCAGCTCCCCCGGGCCCCGCAGGGAAAGCCCCAGGAAGGTGAGCCCCTGGAAGGTGAGCCCTGCCGGCCTCTGGGACCTGCACGGAACTGTACTGGGGGTGGAGGCGGAAGGTGAGGGGAGTGGCGGGAAGGGTGCTCATTCCCCTAGGGAACAACGAGCGAACCTGCTTGG,7454480b7a7a545f0850790076641f5104ad4897840324fa2726ae7451176004,-0.381988058662918,CTGCTGGTCGTCGCCCACTGCTGCTGCTGCAGCTCCCCCGGGCCCCGCAGGGAAAGCCCCAGGAAGGTGAGCCCCTGGAAGGTGAGCCCTGCCGGCCTCCGGGACCTGCACGGAACTGTACTGGGGGTGGAGGCGGAAGGTGAGGGGAGTGGCGGGAAGGGTGCTCATTCCCCTAGGGAACAACGAGCGAACCTGCTTGG,4c507df34ad747512017ecd4c71baab28124348ab93e062abe6373e9949a5da5,-0.129658226469911,0.3180033616295372,0.175890463948011,-285.8114578885725,-282.6291706698248,-283.64223407558165,-280.6367001052713,-0.17675324843730778,-1.0,-0.3180033616295372,0.0,2,0.17493710134951732,0.17490732828716207,0.146091925319964,0.2565776639515008,1.0
chr16:4864101:A:G;chr16:4864179:A:G;var1;middle;OL41|K562|5cbab98d3d42e4a0,chr16:4864101:A:G;chr16:4864179:A:G;var1;middle;OL41,K562,K562_region_00730,100,178,78,TTCCCGCATGCTCCCATTTATCTTTAAAAAGAATCTATGTGAGTGTGTGCATTTCTTTTTATTTAAAAAAAAAAAAAAACAAACCCCATTTAAAAGAATAAACCTCAGCATTTACTTTGGGGACTTCTTTGGATTTACTTGGATTAGGCTAGTCACCAGTTTAATAAGATGACTACCACACTTGAACTTCTAAAATATAC,5cc4aa838002f323a3b240c209979889bd7dfc4f1a9bd4ddfa407c9190aaa55e,0.0,TTCCCGCATGCTCCCATTTATCTTTAAAAAGAATCTATGTGAGTGTGTGCATTTCTTTTTATTTAAAAAAAAAAAAAAACAAACCCCATTTAAAAGAATGAACCTCAGCATTTACTTTGGGGACTTCTTTGGATTTACTTGGATTAGGCTAGTCACCAGTTTAATAAGATGACTACCACACTTGAACTTCTAAAATATAC,57de9683f311221dce9795ba80a52ed991f39a0ce0329d82bfd730409b1a2199,-0.0327928678720428,TTCCCGCATGCTCCCATTTATCTTTAAAAAGAATCTATGTGAGTGTGTGCATTTCTTTTTATTTAAAAAAAAAAAAAAACAAACCCCATTTAAAAGAATAAACCTCAGCATTTACTTTGGGGACTTCTTTGGATTTACTTGGATTAGGCTAGTCACCAGTTTAATAAGATGACTACCGCACTTGAACTTCTAAAATATAC,5b304f595b3ccd236a55c9495da88d1b143673ba72592b141f651a10d2fae5eb,0.0535576989768828,TTCCCGCATGCTCCCATTTATCTTTAAAAAGAATCTATGTGAGTGTGTGCATTTCTTTTTATTTAAAAAAAAAAAAAAACAAACCCCATTTAAAAGAATGAACCTCAGCATTTACTTTGGGGACTTCTTTGGATTTACTTGGATTAGGCTAGTCACCAGTTTAATAAGATGACTACCGCACTTGAACTTCTAAAATATAC,5cbab98d3d42e4a0d64b2ca56c957899195bc05fd95498f21ae9c4bc753d51b6,-0.388778166625518,0.409542997730358,0.374500723638397,-286.4451202850323,-286.002578402753,-295.60126622999087,-294.7750302698696,-0.38369407784193754,1.0,0.409542997730358,0.0,4,0.17572377149482246,0.17620727786206916,0.145609630836647,0.24496238787133773,1.0
chr16:49006412:T:C;chr16:49006458:T:A;var1;middle;OL41|K562|66390fea2c592f2f,chr16:49006412:T:C;chr16:49006458:T:A;var1;middle;OL41,K562,K562_region_00754,100,146,46,CTTCTTAAAGGTTCCTGGCTGCTTACAATTCCCAGATTTATCACTTAGCTGCGAATGTTGGCAATTTGACCCCAGGCTTTCTGTTTCCCCCGGAGAATCTCAATACCAGAGACCTCTCAGATCGCTTCAAAGAGCACAGATAGTGTGTGCTCCATCACTGGAGGTAATCAAGCTGGTCTAGGCAAACACTTGGAGGAGAC,395dd1477ce577053f99eb2f76e6245a0c18cd6f0075640d344265cf7fe33ee4,0.0,CTTCTTAAAGGTTCCTGGCTGCTTACAATTCCCAGATTTATCACTTAGCTGCGAATGTTGGCAATTTGACCCCAGGCTTTCTGTTTCCCCCGGAGAATCCCAATACCAGAGACCTCTCAGATCGCTTCAAAGAGCACAGATAGTGTGTGCTCCATCACTGGAGGTAATCAAGCTGGTCTAGGCAAACACTTGGAGGAGAC,a107bf65c43924437ae9fc59d61525b46b495483017034006bb754e57bde01f3,-0.169230792432402,CTTCTTAAAGGTTCCTGGCTGCTTACAATTCCCAGATTTATCACTTAGCTGCGAATGTTGGCAATTTGACCCCAGGCTTTCTGTTTCCCCCGGAGAATCTCAATACCAGAGACCTCTCAGATCGCTTCAAAGAGCACAGATAGTGAGTGCTCCATCACTGGAGGTAATCAAGCTGGTCTAGGCAAACACTTGGAGGAGAC,68996c471ff540f4fb591b6c83d4006f0a8dcb8c61f5f271f4fd052bb2556b2e,-0.0161009623308905,CTTCTTAAAGGTTCCTGGCTGCTTACAATTCCCAGATTTATCACTTAGCTGCGAATGTTGGCAATTTGACCCCAGGCTTTCTGTTTCCCCCGGAGAATCCCAATACCAGAGACCTCTCAGATCGCTTCAAAGAGCACAGATAGTGAGTGCTCCATCACTGGAGGTAATCAAGCTGGTCTAGGCAAACACTTGGAGGAGAC,66390fea2c592f2fdf6211cb30e701616270eb93abfc5443125d07234766f8a5,-0.113271041169239,0.0720607135940535,0.333289557248668,-339.7404272654094,-351.1750999088399,-308.6848871363327,-317.9462720323354,2.173287747427821,-1.0,-0.0720607135940535,0.0,3,0.18585040020403965,0.18106719778262317,0.1474303780702046,0.13046351692287766,1.0
chr16:49884530:C:G;chr16:49884569:G:C;var1;middle;OL28|K562|fc618d0929fe7cd6,chr16:49884530:C:G;chr16:49884569:G:C;var1;middle;OL28,K562,K562_region_00755,100,139,39,CTTCTGCAAATGTTTTCAAGACATGAAGATAATACCCTTTGCAAACACCAGCGTGCCGTGGACAAGGCTGGGCTTTGCTTCAGCCAGTGGCCAGGAAAGCCAAGTCCATCCTAACCTATGTCAAAGAGTGAACTAAACGCACCCACCACCTTGGCAAAAACGATGGGGCCATCAGGAAATCCAGCCATCCTCTGCCTGCT,7fd3dcc8fea3f6db3a69c76303dfa18a8b6812131d061c647badb16f83832f88,0.0,CTTCTGCAAATGTTTTCAAGACATGAAGATAATACCCTTTGCAAACACCAGCGTGCCGTGGACAAGGCTGGGCTTTGCTTCAGCCAGTGGCCAGGAAAGGCAAGTCCATCCTAACCTATGTCAAAGAGTGAACTAAACGCACCCACCACCTTGGCAAAAACGATGGGGCCATCAGGAAATCCAGCCATCCTCTGCCTGCT,c3f07343c0750a499fd2df694b7267523397d677a83e90f70fb61706c49c7c9b,-0.125454286512414,CTTCTGCAAATGTTTTCAAGACATGAAGATAATACCCTTTGCAAACACCAGCGTGCCGTGGACAAGGCTGGGCTTTGCTTCAGCCAGTGGCCAGGAAAGCCAAGTCCATCCTAACCTATGTCAAAGAGTGAACTAAACCCACCCACCACCTTGGCAAAAACGATGGGGCCATCAGGAAATCCAGCCATCCTCTGCCTGCT,85740f783159f4b48dae71e6f00d005a8542e0354f393d12df2102a8518bd70b,-0.206580142171996,CTTCTGCAAATGTTTTCAAGACATGAAGATAATACCCTTTGCAAACACCAGCGTGCCGTGGACAAGGCTGGGCTTTGCTTCAGCCAGTGGCCAGGAAAGGCAAGTCCATCCTAACCTATGTCAAAGAGTGAACTAAACCCACCCACCACCTTGGCAAAAACGATGGGGCCATCAGGAAATCCAGCCATCCTCTGCCTGCT,fc618d0929fe7cd67533070ac529bdf73a5bcceaa51c500e78a8100234ae235d,-0.207097482106175,-0.124936946578235,0.269810563988003,-325.4331550090574,-340.43148331856355,-311.4186848856043,-325.0966224153526,-1.3203907797578722,1.0,-0.124936946578235,0.0,4,0.17456281900075368,0.17620727786206916,0.145609630836647,0.08161694888536432,1.0
chr16:49885737:G:A;chr16:49885785:C:T;var1;middle;OL28|K562|73309ad4e24aff17,chr16:49885737:G:A;chr16:49885785:C:T;var1;middle;OL28,K562,K562_region_00756,100,148,48,CAGGATTCCCCTGCCAGAGGCACATAGTTATCTTATTTTATTGCTTATTAAGTTTTTGCAAGGAAACAGGTGTAAGAATCTAAACAGCAATTACTAGACGTAAAGGATGTTTTCTAGAATGAAACAGGCCCTACCAAAGCTGGGAATCGATAACTTAATTGAGGAGGGGGGATTAAACATTAGGATTAAATGTTAGCTAC,c5417a6dd99b24f98c7f9d48e1beb25e39973910820f02daa30c8b7ad023a390,0.0,CAGGATTCCCCTGCCAGAGGCACATAGTTATCTTATTTTATTGCTTATTAAGTTTTTGCAAGGAAACAGGTGTAAGAATCTAAACAGCAATTACTAGACATAAAGGATGTTTTCTAGAATGAAACAGGCCCTACCAAAGCTGGGAATCGATAACTTAATTGAGGAGGGGGGATTAAACATTAGGATTAAATGTTAGCTAC,518e9706def8eaccd11772ecf0c9656ffcf4f299e53028913bfaf7b5ef456482,0.0405014707829885,CAGGATTCCCCTGCCAGAGGCACATAGTTATCTTATTTTATTGCTTATTAAGTTTTTGCAAGGAAACAGGTGTAAGAATCTAAACAGCAATTACTAGACGTAAAGGATGTTTTCTAGAATGAAACAGGCCCTACCAAAGCTGGGAATTGATAACTTAATTGAGGAGGGGGGATTAAACATTAGGATTAAATGTTAGCTAC,9902123f73c797a593a9adff1dbeae5845f7f9ccbb9fdd705a3a3f7c77e1072d,-0.154723857414839,CAGGATTCCCCTGCCAGAGGCACATAGTTATCTTATTTTATTGCTTATTAAGTTTTTGCAAGGAAACAGGTGTAAGAATCTAAACAGCAATTACTAGACATAAAGGATGTTTTCTAGAATGAAACAGGCCCTACCAAAGCTGGGAATTGATAACTTAATTGAGGAGGGGGGATTAAACATTAGGATTAAATGTTAGCTAC,73309ad4e24aff17bff09ece5b49c931e493597d800b7c758ffd31a92ca07fd9,0.0341920306173462,0.1484144172491966,0.173700196991332,-354.8437699750066,-360.6786592435092,-351.70026595983654,-356.53005462232977,1.0051006060093641,-1.0,-0.1484144172491966,0.0,4,0.17744505934463423,0.17620727786206916,0.145609630836647,0.29872941297508493,1.0
chr16:50099747:A:G;chr16:50099777:C:T;var1;middle;OL41|K562|e1be99591b7c8a1c,chr16:50099747:A:G;chr16:50099777:C:T;var1;middle;OL41,K562,K562_region_00757,100,130,30,GACAGGGAGTGGAGTGTTTTCCTATGTTGCCCAAGATGGTCTCGAACTTCTGGCCTCAAGTGATCCTCTCGCCCGGGTCGGCGTTACTATTCTAGTCCAACCTCCTACTTACCCGGTAAACCCACAAGGCTCCGCCCCTTTGCCGAAGCTGGCCCCGCCTATGCCCTCTTCCACGCCTGCGCGCTCCGTGCGCCAGTTCC,aaeb3d59fcd09ab1a9f0ea1ba4e8db2bb62a3d0a16dd3e04733c5110365f6d3f,0.0,GACAGGGAGTGGAGTGTTTTCCTATGTTGCCCAAGATGGTCTCGAACTTCTGGCCTCAAGTGATCCTCTCGCCCGGGTCGGCGTTACTATTCTAGTCCAGCCTCCTACTTACCCGGTAAACCCACAAGGCTCCGCCCCTTTGCCGAAGCTGGCCCCGCCTATGCCCTCTTCCACGCCTGCGCGCTCCGTGCGCCAGTTCC,140cc6a5a5eb9d8fc4dbb4f22381d03959b528099407a9b2b758926647ad76f6,-0.0424485320461903,GACAGGGAGTGGAGTGTTTTCCTATGTTGCCCAAGATGGTCTCGAACTTCTGGCCTCAAGTGATCCTCTCGCCCGGGTCGGCGTTACTATTCTAGTCCAACCTCCTACTTACCCGGTAAACCCACAAGGTTCCGCCCCTTTGCCGAAGCTGGCCCCGCCTATGCCCTCTTCCACGCCTGCGCGCTCCGTGCGCCAGTTCC,f99ca4a2972a6ec2e585ae626b3a24795b8da20dcfd439fce594cf16b9005492,-0.112084334854061,GACAGGGAGTGGAGTGTTTTCCTATGTTGCCCAAGATGGTCTCGAACTTCTGGCCTCAAGTGATCCTCTCGCCCGGGTCGGCGTTACTATTCTAGTCCAGCCTCCTACTTACCCGGTAAACCCACAAGGTTCCGCCCCTTTGCCGAAGCTGGCCCCGCCTATGCCCTCTTCCACGCCTGCGCGCTCCGTGCGCCAGTTCC,e1be99591b7c8a1c7960f3e81187b86de5fff027032ce8ed13cbc68cb7f1a743,-0.141319379871899,-0.0132134870283523,0.175492846886574,-295.54561725864187,-299.7053708469029,-295.5010400237516,-298.9044916862622,-0.7563019257504493,1.0,-0.0132134870283523,0.0,0,0.18480466865595635,0.18565657667894103,0.15145376406925343,0.19388937609104503,1.0
chr16:5075226:G:A;chr16:5075248:G:A;var1;middle;OL41|K562|c81a6325d2af174b,chr16:5075226:G:A;chr16:5075248:G:A;var1;middle;OL41,K562,K562_region_00731,100,122,22,ATGACGTGGTCACTGAGTCTGGTTCGTTGGCAGCCCCTTCCCCAGGAGGAGGGAGACTCTTTGGCAGTGCGGCAGCCCTCCCGGGGGCACGGGCTTCTCGGCAGCAGACACAGGCAGGCCAGAAGCAGGCAGCTGAGCCTCTCCAGCGAGCATGGTATTGCTAGGGTTGCAGGTGCCCTGGCAGGTGGCCAGGTGAGGGG,72626950fd833ff385e3535f4468e2e16e18d1406faeb84356a7ad30abc0e353,0.0,ATGACGTGGTCACTGAGTCTGGTTCGTTGGCAGCCCCTTCCCCAGGAGGAGGGAGACTCTTTGGCAGTGCGGCAGCCCTCCCGGGGGCACGGGCTTCTCAGCAGCAGACACAGGCAGGCCAGAAGCAGGCAGCTGAGCCTCTCCAGCGAGCATGGTATTGCTAGGGTTGCAGGTGCCCTGGCAGGTGGCCAGGTGAGGGG,8cf7d21b48ec0021dd19056b54ee061b924b261853d4a88e8bc5e782edadb7ec,-0.238948454214415,ATGACGTGGTCACTGAGTCTGGTTCGTTGGCAGCCCCTTCCCCAGGAGGAGGGAGACTCTTTGGCAGTGCGGCAGCCCTCCCGGGGGCACGGGCTTCTCGGCAGCAGACACAGGCAGGCCAAAAGCAGGCAGCTGAGCCTCTCCAGCGAGCATGGTATTGCTAGGGTTGCAGGTGCCCTGGCAGGTGGCCAGGTGAGGGG,9f15e655c6817024d1ee0abe75478a6f509aad9c5274efb8dca846c966d0a484,-0.100015181003429,ATGACGTGGTCACTGAGTCTGGTTCGTTGGCAGCCCCTTCCCCAGGAGGAGGGAGACTCTTTGGCAGTGCGGCAGCCCTCCCGGGGGCACGGGCTTCTCAGCAGCAGACACAGGCAGGCCAAAAGCAGGCAGCTGAGCCTCTCCAGCGAGCATGGTATTGCTAGGGTTGCAGGTGCCCTGGCAGGTGGCCAGGTGAGGGG,c81a6325d2af174b9c5aab4c1b37767c06674154d78400e04f4a03c0c618d067,-0.0455970851133297,0.2933665501045143,0.547898004935932,-241.8522891104221,-239.1811404824257,-245.6910506188869,-242.99618466198444,0.023717328906030843,-1.0,-0.2933665501045143,0.0,0,0.18580651634098413,0.18565657667894103,0.15145376406925343,0.29796241201926993,1.0
chr16:50913994:G:A;chr16:50914036:T:C;var1;middle;OL41|K562|bb90482806352c2a,chr16:50913994:G:A;chr16:50914036:T:C;var1;middle;OL41,K562,K562_region_00758,100,142,42,GCTCAGCTGGCCTTAGTCACAGGTCAATTGCTTCATACAAATCCGCAGGGATCCGCGGATGCTGTGACAAGGGGCGGGCGAGGGAGGGCTCCGCGTCAGGGGCAGACAGCTCCAGGTGCTGGAGGCTGCCGCGCGGAGAGGTCCGCCCAGCCAGGATGTGCGTTGTCCTGAGAATCGAATTACCCGGAACCCCAGAGCTC,312c25fd57be8487f92cdc0dc7b8abc11c1f9df94bb9473e3fba72041efc6986,0.0,GCTCAGCTGGCCTTAGTCACAGGTCAATTGCTTCATACAAATCCGCAGGGATCCGCGGATGCTGTGACAAGGGGCGGGCGAGGGAGGGCTCCGCGTCAGAGGCAGACAGCTCCAGGTGCTGGAGGCTGCCGCGCGGAGAGGTCCGCCCAGCCAGGATGTGCGTTGTCCTGAGAATCGAATTACCCGGAACCCCAGAGCTC,3556330d560e88964731c536b81e7b704c5f2894d9942cc9650f4ebdbc471e69,0.239166309968445,GCTCAGCTGGCCTTAGTCACAGGTCAATTGCTTCATACAAATCCGCAGGGATCCGCGGATGCTGTGACAAGGGGCGGGCGAGGGAGGGCTCCGCGTCAGGGGCAGACAGCTCCAGGTGCTGGAGGCTGCCGCGCGGAGAGGCCCGCCCAGCCAGGATGTGCGTTGTCCTGAGAATCGAATTACCCGGAACCCCAGAGCTC,7fea027a6cf0144c0b1b8da6f0913c011b93ace079f09eed929a5c600b618059,1.08863259462816,GCTCAGCTGGCCTTAGTCACAGGTCAATTGCTTCATACAAATCCGCAGGGATCCGCGGATGCTGTGACAAGGGGCGGGCGAGGGAGGGCTCCGCGTCAGAGGCAGACAGCTCCAGGTGCTGGAGGCTGCCGCGCGGAGAGGCCCGCCCAGCCAGGATGTGCGTTGTCCTGAGAATCGAATTACCCGGAACCCCAGAGCTC,bb90482806352c2ad3b1aad8230dfc5bd7290df2097ac990b4d2f8b603438ba0,1.35710631170713,-0.0293074071105248,0.299178621520223,-347.03857589769177,-342.34868323011324,-342.5653729471378,-336.7128987526521,-1.1625815269071609,1.0,-0.0293074071105248,0.0,1,0.18118230287590692,0.18216460459877223,0.1501433469024087,0.018144354135900903,1.0
chr16:51003379:G:C;chr16:51003414:G:A;var1;middle;OL29|K562|e4e07f283b09afa0,chr16:51003379:G:C;chr16:51003414:G:A;var1;middle;OL29,K562,K562_region_00759,100,135,35,GTGGGCACCTGTAATCCCAGCTACTCAGGACGCTGAGGCAGGAGAACTGCTTGAACCCAGGAGGCAGAGGTTGCACTAAGCTGAGATCACGCCACTGCAGTCTAGCTCGGGCGACAGAGCAAGACTCCGTCAAAGAAAAAAAAAAGGTACTCAATCTGTACTAAACATGAAAAGATGTTTTATCTACAAAGATGTTCATC,aebeafa4177868a489e7e120bdeffa1eb23c2425b982161ed858ba630266bae5,0.0,GTGGGCACCTGTAATCCCAGCTACTCAGGACGCTGAGGCAGGAGAACTGCTTGAACCCAGGAGGCAGAGGTTGCACTAAGCTGAGATCACGCCACTGCACTCTAGCTCGGGCGACAGAGCAAGACTCCGTCAAAGAAAAAAAAAAGGTACTCAATCTGTACTAAACATGAAAAGATGTTTTATCTACAAAGATGTTCATC,2a0e7cdd7c54ed233e5d2717dd883466fe25d2c6a27c849ca4a9c3e2dec10c65,-0.126931336854472,GTGGGCACCTGTAATCCCAGCTACTCAGGACGCTGAGGCAGGAGAACTGCTTGAACCCAGGAGGCAGAGGTTGCACTAAGCTGAGATCACGCCACTGCAGTCTAGCTCGGGCGACAGAGCAAGACTCCGTCAAAAAAAAAAAAAAGGTACTCAATCTGTACTAAACATGAAAAGATGTTTTATCTACAAAGATGTTCATC,2dbdf1b1499999b4bcb70a956c1a066245be47f0a8b608b1c71468bfdfeeeb24,-0.166360023257763,GTGGGCACCTGTAATCCCAGCTACTCAGGACGCTGAGGCAGGAGAACTGCTTGAACCCAGGAGGCAGAGGTTGCACTAAGCTGAGATCACGCCACTGCACTCTAGCTCGGGCGACAGAGCAAGACTCCGTCAAAAAAAAAAAAAAGGTACTCAATCTGTACTAAACATGAAAAGATGTTTTATCTACAAAGATGTTCATC,e4e07f283b09afa0261a58dc4b17f167a1632a4bbdfb4e723ccd296d353dafa2,-0.33220703167994,0.0389156715677049,0.257748120229304,-147.68758855201304,-142.55493898829445,-141.46922758873552,-136.30099453311414,-0.035583491902798414,1.0,0.0389156715677049,0.0,1,0.18232895560960355,0.18216460459877223,0.1501433469024087,0.023153507362515563,1.0
chr16:51025426:G:C;chr16:51025468:G:A;var1;middle;OL29|K562|0f3bdc9716887708,chr16:51025426:G:C;chr16:51025468:G:A;var1;middle;OL29,K562,K562_region_00760,100,142,42,CTGCCAGCGCTCACCCACTGGAACATGCCATTTGAGAAATGTCTTCATTTTCTCTGTCATTGGCCAGGTTCCCGCCACACTCGTTGGGAGCGGGAAGAGGGGGGCAGGAGAGGGAAGGTAGGGGTCATAGACCGGAGCGAAGGATTGGAAAACTGGCTCCTAAGAGCTCTCTGCACAAAGAAAACACCATGGGTCCTGCC,8f0df84975ffa990dff5274932d14bfdc54ddcfcd77b260208efb9160d783a32,0.0,CTGCCAGCGCTCACCCACTGGAACATGCCATTTGAGAAATGTCTTCATTTTCTCTGTCATTGGCCAGGTTCCCGCCACACTCGTTGGGAGCGGGAAGAGCGGGGCAGGAGAGGGAAGGTAGGGGTCATAGACCGGAGCGAAGGATTGGAAAACTGGCTCCTAAGAGCTCTCTGCACAAAGAAAACACCATGGGTCCTGCC,18596d93b2c9346e5684a7039294e273db1d75122c823aac4e59327470d622ec,-0.128958019400648,CTGCCAGCGCTCACCCACTGGAACATGCCATTTGAGAAATGTCTTCATTTTCTCTGTCATTGGCCAGGTTCCCGCCACACTCGTTGGGAGCGGGAAGAGGGGGGCAGGAGAGGGAAGGTAGGGGTCATAGACCGGAGCGAAAGATTGGAAAACTGGCTCCTAAGAGCTCTCTGCACAAAGAAAACACCATGGGTCCTGCC,dadc4ce2f913e2a121be5b37c21a66a1bdab6f916cfee781f920920ce0682b1f,-0.0070037367032066,CTGCCAGCGCTCACCCACTGGAACATGCCATTTGAGAAATGTCTTCATTTTCTCTGTCATTGGCCAGGTTCCCGCCACACTCGTTGGGAGCGGGAAGAGCGGGGCAGGAGAGGGAAGGTAGGGGTCATAGACCGGAGCGAAAGATTGGAAAACTGGCTCCTAAGAGCTCTCTGCACAAAGAAAACACCATGGGTCCTGCC,0f3bdc971688770834fd79c6ca0b722f8077ac76816e7e484d9b87b583b65583,-0.146843132825042,0.0108813767211874,0.123883183473244,-349.4833261729218,-344.9903993709013,-345.43474407540634,-354.18344588857144,13.241628615185618,1.0,0.0108813767211874,0.0,1,0.19583772056357618,0.18216460459877223,0.1501433469024087,0.08288716340208034,1.0
chr16:51091677:C:T;chr16:51091734:T:C;var1;middle;OL32|K562|2062754187894ed0,chr16:51091677:C:T;chr16:51091734:T:C;var1;middle;OL32,K562,K562_region_00761,100,157,57,GTAACACAAAAGCATATTGATGCTGCAAACCTCGGTTTATGAAACAAGAAAGAAATGCACAGAGAACAGAGAATTTCTGCAGTCACACATGGATAATTTCCAGGAAAGAGAGATTAGCAGTGAACGTCACTGTGTGTGTATGTGTGTAATTTTATATTTTATATATATATATATATATATATATATGTATGTATGTATAT,fb5c0bc8970a731f94afeb80cd12acb87d7fe6baee6acf6485675f2ebbd24150,0.0,GTAACACAAAAGCATATTGATGCTGCAAACCTCGGTTTATGAAACAAGAAAGAAATGCACAGAGAACAGAGAATTTCTGCAGTCACACATGGATAATTTTCAGGAAAGAGAGATTAGCAGTGAACGTCACTGTGTGTGTATGTGTGTAATTTTATATTTTATATATATATATATATATATATATATGTATGTATGTATAT,9b7191757665f7a7d2174c7fdb0ab9bca966b7c755779a1de06c10c03b823e80,0.0210458782126077,GTAACACAAAAGCATATTGATGCTGCAAACCTCGGTTTATGAAACAAGAAAGAAATGCACAGAGAACAGAGAATTTCTGCAGTCACACATGGATAATTTCCAGGAAAGAGAGATTAGCAGTGAACGTCACTGTGTGTGTATGTGTGTAATTTTATACTTTATATATATATATATATATATATATATGTATGTATGTATAT,0ce1438733db60b4bc083c927b636d407d5090ada237b52ff5e5b591b3d37b1b,0.654802120138472,GTAACACAAAAGCATATTGATGCTGCAAACCTCGGTTTATGAAACAAGAAAGAAATGCACAGAGAACAGAGAATTTCTGCAGTCACACATGGATAATTTTCAGGAAAGAGAGATTAGCAGTGAACGTCACTGTGTGTGTATGTGTGTAATTTTATACTTTATATATATATATATATATATATATATGTATGTATGTATAT,2062754187894ed0ed47f0caa886d1e3608173f54bd73268e375afd071dc6d86,0.258979829881979,0.4168681684691008,0.328436662312871,-194.09866316523403,-194.1567593640648,-198.2960388646461,-198.39104348188263,0.036908418405772636,1.0,0.4168681684691008,0.0,2,0.17524821001137508,0.17490732828716207,0.146091925319964,0.25583284382745375,1.0
chr16:51797235:G:C;chr16:51797252:G:A;var1;middle;OL41|K562|22115e5fd85dafcd,chr16:51797235:G:C;chr16:51797252:G:A;var1;middle;OL41,K562,K562_region_00762,100,117,17,CCCTCTATGTCCACATTACTTAGGGAGAAAGGGGAGGCTGGATCCATTCCTGGTTTCCACCTAAGGATGATTTGTTTAGGCCCCTGTTGTGAGGATTCTGTGATCCTTGGTGCCTGGTGGCTCACAACAGGGATTAATTGCAATTGTCTTTGTGTATGGAAGGGACTAGGCTTTTTCTTAGGGCGCTCAGCACAGCACTG,0a8e4f7c3c3bac7a0d68422225365d096347131280c3fc56879700368ac7c922,0.0,CCCTCTATGTCCACATTACTTAGGGAGAAAGGGGAGGCTGGATCCATTCCTGGTTTCCACCTAAGGATGATTTGTTTAGGCCCCTGTTGTGAGGATTCTCTGATCCTTGGTGCCTGGTGGCTCACAACAGGGATTAATTGCAATTGTCTTTGTGTATGGAAGGGACTAGGCTTTTTCTTAGGGCGCTCAGCACAGCACTG,5631fecd4b8b7ff67458a20aa4ecac4ae3891b4ec872f5a8afdbbaacfaed0357,-0.0300297385238687,CCCTCTATGTCCACATTACTTAGGGAGAAAGGGGAGGCTGGATCCATTCCTGGTTTCCACCTAAGGATGATTTGTTTAGGCCCCTGTTGTGAGGATTCTGTGATCCTTGGTGCCTGATGGCTCACAACAGGGATTAATTGCAATTGTCTTTGTGTATGGAAGGGACTAGGCTTTTTCTTAGGGCGCTCAGCACAGCACTG,aa72f0d49702aff99f14783aa623ce0e095b4dae2f8d561726256a4cdf08d6d5,-0.0632526486615552,CCCTCTATGTCCACATTACTTAGGGAGAAAGGGGAGGCTGGATCCATTCCTGGTTTCCACCTAAGGATGATTTGTTTAGGCCCCTGTTGTGAGGATTCTCTGATCCTTGGTGCCTGATGGCTCACAACAGGGATTAATTGCAATTGTCTTTGTGTATGGAAGGGACTAGGCTTTTTCTTAGGGCGCTCAGCACAGCACTG,22115e5fd85dafcd88635e9821f6b78c8a0532ac6ab49fdce450113d69920584,0.242492933818269,0.3357753210036929,0.163683955300797,-389.1923990973737,-401.9587517627515,-375.46646929346025,-387.2613797481172,0.971442210720852,-1.0,-0.3357753210036929,0.0,0,0.18702376318870145,0.18565657667894103,0.15145376406925343,0.17918055900864313,1.0
chr16:52310527:G:A;chr16:52310545:A:C;var1;middle;OL31|K562|3114c5c244e8ff1a,chr16:52310527:G:A;chr16:52310545:A:C;var1;middle;OL31,K562,K562_region_00763,100,118,18,ACTTGAGAAGCACAGGATGTGATTCACTCTTCAGAGCCAAATTTTATTTGTGGTATCACTTTAAAAGGCAGCAGCAGTAGTGCTACTGAGACCATTTCCGCTGGGAGAGAAGTTCTGAGGACTCTGAAAACTTATAGGAAGAGGCAGGCAAGACCAGAGATAGTGATAAGTAAAGTGATTAACTGAGGAGCTGTGTGGGG,641d14d631339731113ddae423a26bdb85618552340d43be25e4f7d996de1f09,0.0,ACTTGAGAAGCACAGGATGTGATTCACTCTTCAGAGCCAAATTTTATTTGTGGTATCACTTTAAAAGGCAGCAGCAGTAGTGCTACTGAGACCATTTCCACTGGGAGAGAAGTTCTGAGGACTCTGAAAACTTATAGGAAGAGGCAGGCAAGACCAGAGATAGTGATAAGTAAAGTGATTAACTGAGGAGCTGTGTGGGG,c45d2901559c12dc4d3b26ed04e6d617ae136abfebf172f6c3c45242b5520619,-1.04819027055666,ACTTGAGAAGCACAGGATGTGATTCACTCTTCAGAGCCAAATTTTATTTGTGGTATCACTTTAAAAGGCAGCAGCAGTAGTGCTACTGAGACCATTTCCGCTGGGAGAGAAGTTCTGCGGACTCTGAAAACTTATAGGAAGAGGCAGGCAAGACCAGAGATAGTGATAAGTAAAGTGATTAACTGAGGAGCTGTGTGGGG,85c66d0814f865a348d45c2c0d97b97eea28e9b556d760d595ffa2738d8f590a,0.234266188539799,ACTTGAGAAGCACAGGATGTGATTCACTCTTCAGAGCCAAATTTTATTTGTGGTATCACTTTAAAAGGCAGCAGCAGTAGTGCTACTGAGACCATTTCCACTGGGAGAGAAGTTCTGCGGACTCTGAAAACTTATAGGAAGAGGCAGGCAAGACCAGAGATAGTGATAAGTAAAGTGATTAACTGAGGAGCTGTGTGGGG,3114c5c244e8ff1a35ad51891e04b195abe167620bb9f21020e6e38b4c06914e,-1.06420535706479,0.2502812750479291,0.171171511066861,-295.76771790883504,-286.7720171508845,-306.21126632392406,-298.1427873612847,0.9272217953111976,1.0,0.2502812750479291,0.0,4,0.17734853546520749,0.17620727786206916,0.145609630836647,0.16141860176142014,1.0
chr16:54148547:C:A;chr16:54148628:C:T;var1;middle;OL29|K562|4a275cb7fc0258b2,chr16:54148547:C:A;chr16:54148628:C:T;var1;middle;OL29,K562,K562_region_00764,100,181,81,GAATTAGTTCTCAAAGTCCTCCAGGTGGAGTCAGGGAATGTGCAACAGGGTTGGAGAAATCACTACTTTAAGTGAATCCGAAAGGTGAGATCACATTTGCTCTAAAGAAATGGTGATCCCAGCACTTTGGGAGGCTGAGGCAGCAGATCACTGGAGGTCAGGAGTTCGAGACCAGCCTGGCCAACACGGTGAAACCCCGT,307fe1bf48e05eedd1bae15c0869997c1da0bfb0144e59d3c959ffa42522dece,0.0,GAATTAGTTCTCAAAGTCCTCCAGGTGGAGTCAGGGAATGTGCAACAGGGTTGGAGAAATCACTACTTTAAGTGAATCCGAAAGGTGAGATCACATTTGATCTAAAGAAATGGTGATCCCAGCACTTTGGGAGGCTGAGGCAGCAGATCACTGGAGGTCAGGAGTTCGAGACCAGCCTGGCCAACACGGTGAAACCCCGT,15906eab8e1cdb0bf62f8d44756893833e88f26a8b5703a7b6589c327b60bbd1,0.0737172502326703,GAATTAGTTCTCAAAGTCCTCCAGGTGGAGTCAGGGAATGTGCAACAGGGTTGGAGAAATCACTACTTTAAGTGAATCCGAAAGGTGAGATCACATTTGCTCTAAAGAAATGGTGATCCCAGCACTTTGGGAGGCTGAGGCAGCAGATCACTGGAGGTCAGGAGTTCGAGACCAGCCTGGTCAACACGGTGAAACCCCGT,c135daf677658d20eb2f7a98816f2cffe08a6068b8c21760c83d14427d23e28f,-0.0092348870973704,GAATTAGTTCTCAAAGTCCTCCAGGTGGAGTCAGGGAATGTGCAACAGGGTTGGAGAAATCACTACTTTAAGTGAATCCGAAAGGTGAGATCACATTTGATCTAAAGAAATGGTGATCCCAGCACTTTGGGAGGCTGAGGCAGCAGATCACTGGAGGTCAGGAGTTCGAGACCAGCCTGGTCAACACGGTGAAACCCCGT,4a275cb7fc0258b2905fdf21cea71f11078a7c42bf50809a271553663439977b,0.0122035428470722,-0.0522788202882276,0.132741266625265,-200.9686887250282,-199.55450714100152,-206.39206858025864,-204.7247950378805,0.2530919583514617,-1.0,0.0522788202882276,0.0,2,0.1755629907243683,0.17490732828716207,0.146091925319964,-0.07431337968912646,1.0
chr16:54420306:T:C;chr16:54420321:T:C;var1;middle;OL30|K562|8c0c489ee8c02a6a,chr16:54420306:T:C;chr16:54420321:T:C;var1;middle;OL30,K562,K562_region_00765,100,115,15,CTTCCTTTGCTTAGAATTTAGTAGTATTTTTGGGATAGTTGGCTATCAAAAATTTTTTATTTACTTCTTTGAGGCCAATAATTGTCATTTTGAAAGCAGTTGGGTGTTCGAGTGTTTTCAACCACTCAGAAAATTATAAACCTCACCATATGCACATTTATATGGAATATATATATTTTTTCCTGTTTAGGTGACAGTTT,c8310461804ce6816a24e896c3b262fcc222db286de720358db482a7fc69af5a,0.0,CTTCCTTTGCTTAGAATTTAGTAGTATTTTTGGGATAGTTGGCTATCAAAAATTTTTTATTTACTTCTTTGAGGCCAATAATTGTCATTTTGAAAGCAGCTGGGTGTTCGAGTGTTTTCAACCACTCAGAAAATTATAAACCTCACCATATGCACATTTATATGGAATATATATATTTTTTCCTGTTTAGGTGACAGTTT,336deed44e2976e742bd28a70c47791fda8f9c733e8e6c5059634b60dfcfa490,-0.0753368717501601,CTTCCTTTGCTTAGAATTTAGTAGTATTTTTGGGATAGTTGGCTATCAAAAATTTTTTATTTACTTCTTTGAGGCCAATAATTGTCATTTTGAAAGCAGTTGGGTGTTCGAGTGCTTTCAACCACTCAGAAAATTATAAACCTCACCATATGCACATTTATATGGAATATATATATTTTTTCCTGTTTAGGTGACAGTTT,5e5128022e36edbb177b973c288e1510071b6c7de5d32c10782c5c193cf649c5,-0.147473353837168,CTTCCTTTGCTTAGAATTTAGTAGTATTTTTGGGATAGTTGGCTATCAAAAATTTTTTATTTACTTCTTTGAGGCCAATAATTGTCATTTTGAAAGCAGCTGGGTGTTCGAGTGCTTTCAACCACTCAGAAAATTATAAACCTCACCATATGCACATTTATATGGAATATATATATTTTTTCCTGTTTAGGTGACAGTTT,8c0c489ee8c02a6aabfa344ee87439c3048897bf3c592f7fd1965024305083da,-0.175378297826337,-0.0474319277609911,0.180779530133655,-246.45648761093616,-246.3458241224289,-247.37141928076744,-247.0552063062787,-0.20554948598146439,1.0,-0.0474319277609911,0.0,4,0.17594456591824922,0.17620727786206916,0.145609630836647,0.06691899328027284,1.0
chr16:5666233:C:G;chr16:5666299:G:A;var1;middle;OL41|K562|676be6a24c8f936c,chr16:5666233:C:G;chr16:5666299:G:A;var1;middle;OL41,K562,K562_region_00732,100,166,66,GCAGACCGTGGTGACAGTTCTTGCTCCCTCAGGCTGCTCTGCCGTCCCCTGGGCTGGCTTAACGGTCCATCTGTGAAAGGACCTTCGGCTTCCTGGAACCCCAGCACCACCCTCTGCCTCCCGCGGCTGGAAACCTGGGAAGGAAGTAAGGCGCACACGCCACCTGGTGGCCGCTTCCTGGAGCTGTCACTCCGGACACC,3fbdb78723e9326f28f96641462be1462621e193b4056c489ee8d1df8170740d,0.0,GCAGACCGTGGTGACAGTTCTTGCTCCCTCAGGCTGCTCTGCCGTCCCCTGGGCTGGCTTAACGGTCCATCTGTGAAAGGACCTTCGGCTTCCTGGAACGCCAGCACCACCCTCTGCCTCCCGCGGCTGGAAACCTGGGAAGGAAGTAAGGCGCACACGCCACCTGGTGGCCGCTTCCTGGAGCTGTCACTCCGGACACC,88be3b2dd30c615cd64e979b076ffe673ffd83a8a776a2bdded1bf507a6e7092,-0.0324559526148362,GCAGACCGTGGTGACAGTTCTTGCTCCCTCAGGCTGCTCTGCCGTCCCCTGGGCTGGCTTAACGGTCCATCTGTGAAAGGACCTTCGGCTTCCTGGAACCCCAGCACCACCCTCTGCCTCCCGCGGCTGGAAACCTGGGAAGGAAGTAAGGCGCACACGCCACCTAGTGGCCGCTTCCTGGAGCTGTCACTCCGGACACC,9dee87dd746ae887e1bbf681aa26e39a3abe460f5e813ba08be7bf8c9641e8bb,-0.151457397062175,GCAGACCGTGGTGACAGTTCTTGCTCCCTCAGGCTGCTCTGCCGTCCCCTGGGCTGGCTTAACGGTCCATCTGTGAAAGGACCTTCGGCTTCCTGGAACGCCAGCACCACCCTCTGCCTCCCGCGGCTGGAAACCTGGGAAGGAAGTAAGGCGCACACGCCACCTAGTGGCCGCTTCCTGGAGCTGTCACTCCGGACACC,676be6a24c8f936c44744266aa56fbcf47fe1adeb1563a2e585687840060bed9,0.0139474219723141,0.1978607716493253,0.149741010880924,-277.45540232223,-277.8600081535988,-278.6772277635755,-280.37918116740184,-1.2973475724575678,-1.0,-0.1978607716493253,0.0,4,0.17459137901268915,0.17620727786206916,0.145609630836647,0.13032557838407768,1.0
chr16:57007353:C:T;chr16:57007361:T:C;var1;middle;OL31|K562|c41feced7f889ca0,chr16:57007353:C:T;chr16:57007361:T:C;var1;middle;OL31,K562,K562_region_00766,100,108,8,CTACAAGAATGTCTCAGAGGACCTCCCCCTCCCCACCTTCTCGCCCACACTGCTGGGGGACTCCCGCATGCTGTACTTCTGGTTCTCTGAGCGAGTCTTCCACTCGCTGGCCAAGGTAGCTTTCCAGGATGGCCGCCTCATGCTCAGCCTGATGGGAGACGAGTTCAAGGTGAGTGGGTGGGGCTGGGCTGCTAGGGGAT,9ec877ddafb649baa1f2b01a66b88df966d7535d1e0210a211b09aab1ae81486,0.0,CTACAAGAATGTCTCAGAGGACCTCCCCCTCCCCACCTTCTCGCCCACACTGCTGGGGGACTCCCGCATGCTGTACTTCTGGTTCTCTGAGCGAGTCTTTCACTCGCTGGCCAAGGTAGCTTTCCAGGATGGCCGCCTCATGCTCAGCCTGATGGGAGACGAGTTCAAGGTGAGTGGGTGGGGCTGGGCTGCTAGGGGAT,d679297e19ad23fa7f824318da99980dfd2d4ebd3d5fb22237f4af4b991ac5e5,0.0893665652446112,CTACAAGAATGTCTCAGAGGACCTCCCCCTCCCCACCTTCTCGCCCACACTGCTGGGGGACTCCCGCATGCTGTACTTCTGGTTCTCTGAGCGAGTCTTCCACTCGCCGGCCAAGGTAGCTTTCCAGGATGGCCGCCTCATGCTCAGCCTGATGGGAGACGAGTTCAAGGTGAGTGGGTGGGGCTGGGCTGCTAGGGGAT,670b0c0d51733ee4281a4a709fef3b630ae0dc7391f6d7414a55f6813b6fc397,0.509747553456938,CTACAAGAATGTCTCAGAGGACCTCCCCCTCCCCACCTTCTCGCCCACACTGCTGGGGGACTCCCGCATGCTGTACTTCTGGTTCTCTGAGCGAGTCTTTCACTCGCCGGCCAAGGTAGCTTTCCAGGATGGCCGCCTCATGCTCAGCCTGATGGGAGACGAGTTCAAGGTGAGTGGGTGGGGCTGGGCTGCTAGGGGAT,c41feced7f889ca065ac75bf065bfbdd0118ef2a8020ea6200b8c0319e2aada1,0.673468646254292,-0.0743545275527428,0.132437758690061,-216.5718629732728,-222.04589915135875,-218.2302449457348,-225.25386036932468,1.549579245503935,1.0,-0.0743545275527428,0.0,3,0.1845941356382895,0.18106719778262317,0.1474303780702046,0.23076702902522409,1.0
chr16:57058974:C:T;chr16:57058987:A:C;var1;middle;OL41|K562|25d06cf55437c576,chr16:57058974:C:T;chr16:57058987:A:C;var1;middle;OL41,K562,K562_region_00767,100,113,13,TCGTGCCACTGCACTGGAGCCTGGGCAAGACTGAGACTCTGTCTCTGGGAAAAAAGAAAAAAAAGAGATGTTGCAAAGGAGGTGCCCTATTCCCCTCCCCCCATCTTACTGAACCCTTACACCACGTGTACTATTGCAGAATGGATAGAACCGTGACCCACACTTCCCCATTCCCACCTGCCTGTTTAAATAGCTACCGG,a6aa4b3565c7ac2c99a135a5833ee0728e279412136a64b3037a23d1cbf82634,0.0,TCGTGCCACTGCACTGGAGCCTGGGCAAGACTGAGACTCTGTCTCTGGGAAAAAAGAAAAAAAAGAGATGTTGCAAAGGAGGTGCCCTATTCCCCTCCCTCCATCTTACTGAACCCTTACACCACGTGTACTATTGCAGAATGGATAGAACCGTGACCCACACTTCCCCATTCCCACCTGCCTGTTTAAATAGCTACCGG,7ab771af5a08638b42adfd76f22eefe1e028bc3e1c62791d91d1458384d05c4c,-0.92660767439873,TCGTGCCACTGCACTGGAGCCTGGGCAAGACTGAGACTCTGTCTCTGGGAAAAAAGAAAAAAAAGAGATGTTGCAAAGGAGGTGCCCTATTCCCCTCCCCCCATCTTACTGACCCCTTACACCACGTGTACTATTGCAGAATGGATAGAACCGTGACCCACACTTCCCCATTCCCACCTGCCTGTTTAAATAGCTACCGG,8c962f499f98a3b6302766d871b5c00744f8d992410fd100ead69d768694c06a,-0.457134641696447,TCGTGCCACTGCACTGGAGCCTGGGCAAGACTGAGACTCTGTCTCTGGGAAAAAAGAAAAAAAAGAGATGTTGCAAAGGAGGTGCCCTATTCCCCTCCCTCCATCTTACTGACCCCTTACACCACGTGTACTATTGCAGAATGGATAGAACCGTGACCCACACTTCCCCATTCCCACCTGCCTGTTTAAATAGCTACCGG,25d06cf55437c576be05290a1ca6a3c7e5c8d51c88a5297570898ab72777284f,-1.21344738938213,-0.1702949267130469,0.291814742698422,-236.98368617892265,-236.53648208733648,-239.325649863109,-238.1674496633932,-0.7109961081296206,1.0,-0.1702949267130469,0.0,4,0.1753181096540163,0.17620727786206916,0.145609630836647,0.3068403559383821,1.0
chr16:57060340:T:C;chr16:57060353:T:C;var1;middle;OL28|K562|dc6d37f4d453ee0e,chr16:57060340:T:C;chr16:57060353:T:C;var1;middle;OL28,K562,K562_region_00768,100,113,13,GGTGGCCCTGAGGGGCCTGGAGACAGGGAAGGTTATCTTCTATGCAAAAGATATTGCTCCACCCTTGATAGCTTTTGGGGCCACTCACAGCCTGCTGACTTCCTTCTGCGTCTGCACAGGCCCTGGGCACCAGCAGACAGGCTATGCTTTCACCCACCTCAGCCTGCAGGAGTTTCTTGCTGCCCTGCACCTGATGGCCA,f42a8d45ef7634240d8c0b314b057772eb3c8c97249f0ad8cd557a102492b4d2,0.0,GGTGGCCCTGAGGGGCCTGGAGACAGGGAAGGTTATCTTCTATGCAAAAGATATTGCTCCACCCTTGATAGCTTTTGGGGCCACTCACAGCCTGCTGACCTCCTTCTGCGTCTGCACAGGCCCTGGGCACCAGCAGACAGGCTATGCTTTCACCCACCTCAGCCTGCAGGAGTTTCTTGCTGCCCTGCACCTGATGGCCA,a80200e1e94e7a54f793ea498b5f0b059d16521f5a79b8daeac471a1a8598e12,-0.877639593598067,GGTGGCCCTGAGGGGCCTGGAGACAGGGAAGGTTATCTTCTATGCAAAAGATATTGCTCCACCCTTGATAGCTTTTGGGGCCACTCACAGCCTGCTGACTTCCTTCTGCGTCCGCACAGGCCCTGGGCACCAGCAGACAGGCTATGCTTTCACCCACCTCAGCCTGCAGGAGTTTCTTGCTGCCCTGCACCTGATGGCCA,d6d8d873ec446a9a3239800a881a5b84a8bc0c56ff4cd29125bb1d66689d143f,-0.093587661140869,GGTGGCCCTGAGGGGCCTGGAGACAGGGAAGGTTATCTTCTATGCAAAAGATATTGCTCCACCCTTGATAGCTTTTGGGGCCACTCACAGCCTGCTGACCTCCTTCTGCGTCCGCACAGGCCCTGGGCACCAGCAGACAGGCTATGCTTTCACCCACCTCAGCCTGCAGGAGTTTCTTGCTGCCCTGCACCTGATGGCCA,dc6d37f4d453ee0e1e0deb56b8c34ca6a12e365bbc9ec61065c855a65e428067,-0.700536065230496,0.2706911895084399,0.252258904832009,-229.97671554237604,-225.8285398632288,-247.09341802075505,-228.7896307036281,14.155611637979717,-1.0,-0.2706911895084399,0.0,0,0.20395735750815233,0.18565657667894103,0.15145376406925343,0.2064776399812826,1.0
chr16:57130031:T:G;chr16:57130080:T:C;var1;middle;OL31|K562|d9c0d20984a8ee15,chr16:57130031:T:G;chr16:57130080:T:C;var1;middle;OL31,K562,K562_region_00769,100,149,49,CTTAGAACAGTGCCTGGCACATTGTAGGTGCTCAGTAAATCCTTGTGTGAGGAATGACTGCACCTGCCCCTCTTTGCAGCCTCCTGTTAAATGAGTCTGTGATGTTGAGTGATGGATCCTGGGAGAATTACGAGCTTGCCCTCTTGAGTCTCTGGAGGGATCTCTGGCTTACCATACTGAGTGCTGGAAGGAGCATGGCC,4b26ed1beac07e47daab9f7542ad7900c5c1630e0d6085c1d47fdf10bbe13af7,0.0,CTTAGAACAGTGCCTGGCACATTGTAGGTGCTCAGTAAATCCTTGTGTGAGGAATGACTGCACCTGCCCCTCTTTGCAGCCTCCTGTTAAATGAGTCTGGGATGTTGAGTGATGGATCCTGGGAGAATTACGAGCTTGCCCTCTTGAGTCTCTGGAGGGATCTCTGGCTTACCATACTGAGTGCTGGAAGGAGCATGGCC,46f2d7fefc6fd0695c691fbdb7f8eed21ef8bd2b74fffae4417d79a3b0559cea,-0.197025184071119,CTTAGAACAGTGCCTGGCACATTGTAGGTGCTCAGTAAATCCTTGTGTGAGGAATGACTGCACCTGCCCCTCTTTGCAGCCTCCTGTTAAATGAGTCTGTGATGTTGAGTGATGGATCCTGGGAGAATTACGAGCTTGCCCTCTTGAGCCTCTGGAGGGATCTCTGGCTTACCATACTGAGTGCTGGAAGGAGCATGGCC,9d08b770239a3cdf16ea73bb03e1f20abffc2628ccde90903a3226bc6bf56ccb,0.0089633061109348,CTTAGAACAGTGCCTGGCACATTGTAGGTGCTCAGTAAATCCTTGTGTGAGGAATGACTGCACCTGCCCCTCTTTGCAGCCTCCTGTTAAATGAGTCTGGGATGTTGAGTGATGGATCCTGGGAGAATTACGAGCTTGCCCTCTTGAGCCTCTGGAGGGATCTCTGGCTTACCATACTGAGTGCTGGAAGGAGCATGGCC,d9c0d20984a8ee1541b31a8cdb5c384a168a9a404ad2ce1e30e28c5e6470d7f4,-0.0722827554533752,0.115779122506809,0.150455449312521,-215.62051179260013,-216.4442531615496,-215.7120650112629,-215.90554479509592,0.6302615851164148,-1.0,-0.115779122506809,0.0,2,0.17611218019578814,0.17490732828716207,0.146091925319964,0.11293969681283932,1.0
chr16:57319991:T:C;chr16:57320026:T:C;var1;middle;OL30|K562|e5496e05e2cfe1b7,chr16:57319991:T:C;chr16:57320026:T:C;var1;middle;OL30,K562,K562_region_00770,100,135,35,TTTGAAATATACAATATTAGGGCCAGGCGCTGTGGCTCACGCCTATAATCCCAGCACTTTGGGAGGCCAAGGCAGGCAGATCACCAGAGGTCATGAGTTTGAGACCAGCCTGGTCAACATGGCAAAACCCTGTCTCTACAAAAATACAAAAAAATTAGCCAGGCATGATGGTGGGTGCCTGTAGTCCCAGCTACACAGGA,bdb227f23e073cbfa6f5031805688e9658937e65616e5accb1181e0afc9bfdaf,0.0,TTTGAAATATACAATATTAGGGCCAGGCGCTGTGGCTCACGCCTATAATCCCAGCACTTTGGGAGGCCAAGGCAGGCAGATCACCAGAGGTCATGAGTTCGAGACCAGCCTGGTCAACATGGCAAAACCCTGTCTCTACAAAAATACAAAAAAATTAGCCAGGCATGATGGTGGGTGCCTGTAGTCCCAGCTACACAGGA,822a166713dcf7618fbfc99d1952d87f67f73b596eba45a178320f80fc2875b3,1.21121021837301,TTTGAAATATACAATATTAGGGCCAGGCGCTGTGGCTCACGCCTATAATCCCAGCACTTTGGGAGGCCAAGGCAGGCAGATCACCAGAGGTCATGAGTTTGAGACCAGCCTGGTCAACATGGCAAAACCCTGTCCCTACAAAAATACAAAAAAATTAGCCAGGCATGATGGTGGGTGCCTGTAGTCCCAGCTACACAGGA,2c4461441ab09578ee30c24376fb7f2a796ccc8894a578c772876fc276115288,0.33153411658192,TTTGAAATATACAATATTAGGGCCAGGCGCTGTGGCTCACGCCTATAATCCCAGCACTTTGGGAGGCCAAGGCAGGCAGATCACCAGAGGTCATGAGTTCGAGACCAGCCTGGTCAACATGGCAAAACCCTGTCCCTACAAAAATACAAAAAAATTAGCCAGGCATGATGGTGGGTGCCTGTAGTCCCAGCTACACAGGA,e5496e05e2cfe1b7cac62618dd27d9f0e3fa1938e44580fa7ef9f4110246177d,1.18053836421445,0.3622059707404799,0.183530232209466,-78.72585335420445,-80.04562246240675,-82.77373057277873,-84.12129262462258,0.02779294364154339,1.0,0.3622059707404799,0.0,4,0.17623377316653868,0.17620727786206916,0.145609630836647,0.1816423539631304,1.0
chr16:57320026:T:C;chr16:57320086:A:T;var1;middle;OL30|K562|664ef630314f282c,chr16:57320026:T:C;chr16:57320086:A:T;var1;middle;OL30,K562,K562_region_00770,100,160,60,CTCACGCCTATAATCCCAGCACTTTGGGAGGCCAAGGCAGGCAGATCACCAGAGGTCATGAGTTTGAGACCAGCCTGGTCAACATGGCAAAACCCTGTCTCTACAAAAATACAAAAAAATTAGCCAGGCATGATGGTGGGTGCCTGTAGTCCCAGCTACACAGGAGGCTGAGACAGGAGAATCACTCGAACCCAGGGAGG,5dc4ba0e0ef934c3c57a6d7d8a294b185482029995241473e575eb8f7fbc6508,0.0,CTCACGCCTATAATCCCAGCACTTTGGGAGGCCAAGGCAGGCAGATCACCAGAGGTCATGAGTTTGAGACCAGCCTGGTCAACATGGCAAAACCCTGTCCCTACAAAAATACAAAAAAATTAGCCAGGCATGATGGTGGGTGCCTGTAGTCCCAGCTACACAGGAGGCTGAGACAGGAGAATCACTCGAACCCAGGGAGG,8858c0ac115435ae8eb07b17bcf52e251c5f85c72697e06309e687e2ecef60f1,-0.102225874049779,CTCACGCCTATAATCCCAGCACTTTGGGAGGCCAAGGCAGGCAGATCACCAGAGGTCATGAGTTTGAGACCAGCCTGGTCAACATGGCAAAACCCTGTCTCTACAAAAATACAAAAAAATTAGCCAGGCATGATGGTGGGTGCCTGTAGTCCCAGCTACTCAGGAGGCTGAGACAGGAGAATCACTCGAACCCAGGGAGG,6e2547e49c392af609b4493954bb5c080f40b77aaf031cc0d883c6344659700d,0.0204924592076096,CTCACGCCTATAATCCCAGCACTTTGGGAGGCCAAGGCAGGCAGATCACCAGAGGTCATGAGTTTGAGACCAGCCTGGTCAACATGGCAAAACCCTGTCCCTACAAAAATACAAAAAAATTAGCCAGGCATGATGGTGGGTGCCTGTAGTCCCAGCTACTCAGGAGGCTGAGACAGGAGAATCACTCGAACCCAGGGAGG,664ef630314f282c2de225da7186d4fe7dd5d03a5cee10376e75b71d6a08c3b6,0.151756859940645,0.2334902747828144,0.235258161584267,-58.25895771989599,-62.27541174646467,-54.23183728335425,-58.247296707239,0.0009946026839315891,-1.0,-0.2334902747828144,0.0,4,0.176200558999447,0.17620727786206916,0.145609630836647,0.17351828275113756,1.0
chr16:57320026:T:C;chr16:57320113:C:T;var1;middle;OL30|K562|c3e77157beefc0f6,chr16:57320026:T:C;chr16:57320113:C:T;var1;middle;OL30,K562,K562_region_00770,100,187,87,CTCACGCCTATAATCCCAGCACTTTGGGAGGCCAAGGCAGGCAGATCACCAGAGGTCATGAGTTTGAGACCAGCCTGGTCAACATGGCAAAACCCTGTCTCTACAAAAATACAAAAAAATTAGCCAGGCATGATGGTGGGTGCCTGTAGTCCCAGCTACACAGGAGGCTGAGACAGGAGAATCACTCGAACCCAGGGAGG,5dc4ba0e0ef934c3c57a6d7d8a294b185482029995241473e575eb8f7fbc6508,0.0,CTCACGCCTATAATCCCAGCACTTTGGGAGGCCAAGGCAGGCAGATCACCAGAGGTCATGAGTTTGAGACCAGCCTGGTCAACATGGCAAAACCCTGTCCCTACAAAAATACAAAAAAATTAGCCAGGCATGATGGTGGGTGCCTGTAGTCCCAGCTACACAGGAGGCTGAGACAGGAGAATCACTCGAACCCAGGGAGG,8858c0ac115435ae8eb07b17bcf52e251c5f85c72697e06309e687e2ecef60f1,-0.103075943688405,CTCACGCCTATAATCCCAGCACTTTGGGAGGCCAAGGCAGGCAGATCACCAGAGGTCATGAGTTTGAGACCAGCCTGGTCAACATGGCAAAACCCTGTCTCTACAAAAATACAAAAAAATTAGCCAGGCATGATGGTGGGTGCCTGTAGTCCCAGCTACACAGGAGGCTGAGACAGGAGAATCACTTGAACCCAGGGAGG,8509fa59c3614d25cd775a60b14737143792810436a30794f602e48abeffb959,-0.0359232944564742,CTCACGCCTATAATCCCAGCACTTTGGGAGGCCAAGGCAGGCAGATCACCAGAGGTCATGAGTTTGAGACCAGCCTGGTCAACATGGCAAAACCCTGTCCCTACAAAAATACAAAAAAATTAGCCAGGCATGATGGTGGGTGCCTGTAGTCCCAGCTACACAGGAGGCTGAGACAGGAGAATCACTTGAACCCAGGGAGG,c3e77157beefc0f6bc7915173495a42b1f9d6ba695a48531eef955fee0881b0b,-0.139214251471593,0.0002150133267138,0.307977754826341,-58.25895771989599,-62.27541174646467,-53.31606754427776,-57.35221881652251,0.019697245676070452,1.0,0.0002150133267138,0.0,4,0.1762237392668516,0.17620727786206916,0.145609630836647,0.20110957154742165,1.0
chr16:57320086:A:T;chr16:57320113:C:T;var1;middle;OL30|K562|38f63655e1361de6,chr16:57320086:A:T;chr16:57320113:C:T;var1;middle;OL30,K562,K562_region_00770,100,127,27,AGTTTGAGACCAGCCTGGTCAACATGGCAAAACCCTGTCTCTACAAAAATACAAAAAAATTAGCCAGGCATGATGGTGGGTGCCTGTAGTCCCAGCTACACAGGAGGCTGAGACAGGAGAATCACTCGAACCCAGGGAGGCAGAGGTTGCAGTGAGCTGAAATCATGCCACTGCACTCCAGCCTGGGTGACAGAGCCAGA,133cf7a9da40edd99eebd0f1619e58c89ab93cacff93066c1db3b47a8ac9155a,0.0,AGTTTGAGACCAGCCTGGTCAACATGGCAAAACCCTGTCTCTACAAAAATACAAAAAAATTAGCCAGGCATGATGGTGGGTGCCTGTAGTCCCAGCTACTCAGGAGGCTGAGACAGGAGAATCACTCGAACCCAGGGAGGCAGAGGTTGCAGTGAGCTGAAATCATGCCACTGCACTCCAGCCTGGGTGACAGAGCCAGA,5ca109c41d46ef46bb386419e0430d36894a2fb15409ce8df0b3f866adfe4343,0.226349615160496,AGTTTGAGACCAGCCTGGTCAACATGGCAAAACCCTGTCTCTACAAAAATACAAAAAAATTAGCCAGGCATGATGGTGGGTGCCTGTAGTCCCAGCTACACAGGAGGCTGAGACAGGAGAATCACTTGAACCCAGGGAGGCAGAGGTTGCAGTGAGCTGAAATCATGCCACTGCACTCCAGCCTGGGTGACAGAGCCAGA,d7cfe1085b416037ef3ab5288a41a1eeedfaecfbed39232c7cdbf775f1059ed4,-0.0214950897432395,AGTTTGAGACCAGCCTGGTCAACATGGCAAAACCCTGTCTCTACAAAAATACAAAAAAATTAGCCAGGCATGATGGTGGGTGCCTGTAGTCCCAGCTACTCAGGAGGCTGAGACAGGAGAATCACTTGAACCCAGGGAGGCAGAGGTTGCAGTGAGCTGAAATCATGCCACTGCACTCCAGCCTGGGTGACAGAGCCAGA,38f63655e1361de6299a6b1a82dbe15bd4dd64e4231bad90b0e35fb775f84910,0.0094855441956369,-0.1953689812216196,0.249402690745007,-53.16538734734058,-49.02492745965719,-47.75766902882606,-43.711275450885296,-0.09406630974262242,-1.0,0.1953689812216196,0.0,4,0.17608273942866778,0.17620727786206916,0.145609630836647,0.27100370125808815,1.0
chr16:58462627:G:A;chr16:58462639:G:C;var1;middle;OL41|K562|62fe49d72bc43bdf,chr16:58462627:G:A;chr16:58462639:G:C;var1;middle;OL41,K562,K562_region_00771,100,112,12,GTCTTCCCTGTAGCCTCCAGGATTGTGGCCTTGCCAACCCATTGGACTTCTGTCCTCCAGAACTATGAGGTTATGAATTTGTGCTCCTTAGCCTGCCCAGTTCGTTATTGTGATTTGTTATCGCCACAATAAGATGCAAACTGAGCCAGAGACCTAGAAATGAAATTGCTGGCATCTTAGTCTGTTCAGGCTGCTATAAA,136f5268c9ab1ae5f1b2b55774702aa5c2fed221b7ce3b80d924dc43f4b47310,0.0,GTCTTCCCTGTAGCCTCCAGGATTGTGGCCTTGCCAACCCATTGGACTTCTGTCCTCCAGAACTATGAGGTTATGAATTTGTGCTCCTTAGCCTGCCCAATTCGTTATTGTGATTTGTTATCGCCACAATAAGATGCAAACTGAGCCAGAGACCTAGAAATGAAATTGCTGGCATCTTAGTCTGTTCAGGCTGCTATAAA,86168b4789c415a182041f6642449f5761e3019f6cc648ce293a9a81cb45e769,0.393181705606948,GTCTTCCCTGTAGCCTCCAGGATTGTGGCCTTGCCAACCCATTGGACTTCTGTCCTCCAGAACTATGAGGTTATGAATTTGTGCTCCTTAGCCTGCCCAGTTCGTTATTGTCATTTGTTATCGCCACAATAAGATGCAAACTGAGCCAGAGACCTAGAAATGAAATTGCTGGCATCTTAGTCTGTTCAGGCTGCTATAAA,b2eb4e47ead14cfbc408d7cbf84e8e7eca9a8087c072a0c1e8d0136cb3eff262,0.209771491488233,GTCTTCCCTGTAGCCTCCAGGATTGTGGCCTTGCCAACCCATTGGACTTCTGTCCTCCAGAACTATGAGGTTATGAATTTGTGCTCCTTAGCCTGCCCAATTCGTTATTGTCATTTGTTATCGCCACAATAAGATGCAAACTGAGCCAGAGACCTAGAAATGAAATTGCTGGCATCTTAGTCTGTTCAGGCTGCTATAAA,62fe49d72bc43bdf7a8b2d4c8ff09e3641eb3b10ab1f51dfec440707a39f5ea5,0.299077069106821,0.3038761279883599,0.385241002110194,-272.74073753133416,-258.0146060939878,-274.44855080684647,-257.4372159615159,-2.285203407984227,1.0,0.3038761279883599,0.0,2,0.17186702744518803,0.17490732828716207,0.146091925319964,-0.02197077527629654,1.0
chr16:58752439:C:T;chr16:58752466:C:T;var1;middle;OL30|K562|2c3275e53e7ef785,chr16:58752439:C:T;chr16:58752466:C:T;var1;middle;OL30,K562,K562_region_00772,100,127,27,TTAACTCAGATATTGGGACATGGTGGGAGACATCAAATGTCCGCAAGCAAGGAGTTTTATTCACCTCTCTCACCCTGAAAGCCACACTTACTGAAATATCCTCCACAGCGCCTGTGAAGTCAAAACCGCAAGTCTTGGGGTCATAATACCGATAACCTTGTAGCTGCATGCCAGCATCCCTGAAGATGGGTGTGTGGTTT,c4e5f45d6a15e93b6c7841411259961b7246f8ba5a66f0a9fccd9274d5ded831,0.0,TTAACTCAGATATTGGGACATGGTGGGAGACATCAAATGTCCGCAAGCAAGGAGTTTTATTCACCTCTCTCACCCTGAAAGCCACACTTACTGAAATATTCTCCACAGCGCCTGTGAAGTCAAAACCGCAAGTCTTGGGGTCATAATACCGATAACCTTGTAGCTGCATGCCAGCATCCCTGAAGATGGGTGTGTGGTTT,347124edf98be44964a14cd6b5069b6df6107e64f6acab562c6e1732599eb53c,0.0477726526635462,TTAACTCAGATATTGGGACATGGTGGGAGACATCAAATGTCCGCAAGCAAGGAGTTTTATTCACCTCTCTCACCCTGAAAGCCACACTTACTGAAATATCCTCCACAGCGCCTGTGAAGTCAAAACTGCAAGTCTTGGGGTCATAATACCGATAACCTTGTAGCTGCATGCCAGCATCCCTGAAGATGGGTGTGTGGTTT,29ae1e5b3e2ebb0426c3d2a791bfb255a0606e8d7c419afa62cbfa86d949f88c,0.667432834348651,TTAACTCAGATATTGGGACATGGTGGGAGACATCAAATGTCCGCAAGCAAGGAGTTTTATTCACCTCTCTCACCCTGAAAGCCACACTTACTGAAATATTCTCCACAGCGCCTGTGAAGTCAAAACTGCAAGTCTTGGGGTCATAATACCGATAACCTTGTAGCTGCATGCCAGCATCCCTGAAGATGGGTGTGTGGTTT,2c3275e53e7ef785c172e684770863fa7e60d40b6f28025142ef6d7a713916e5,0.711679027611711,0.0035264594004862,0.183223387962978,-342.35613087471575,-338.4392112195492,-336.25829239934683,-330.76915138214827,-1.5722213620319963,1.0,0.0035264594004862,0.0,3,0.17830625039624523,0.18106719778262317,0.1474303780702046,0.31353759101428386,1.0
chr16:67005609:C:T;chr16:67005611:C:T;var1;middle;OL29|K562|cc2f49fa152169ec,chr16:67005609:C:T;chr16:67005611:C:T;var1;middle;OL29,K562,K562_region_00773,100,102,2,ATGGGTGATTTCATCCTCTTTCAGCACTTCTGGGGGGAAAGTCTTGCTTCCTTCAAGCCTAGTAGCTAATCCCTGATGCAGACCCAGAACAGTTCCAGACCCAGAACTTTGTGACCTTGGGCAAGATACCTACCCCCTCTGAGCCTCAGTTTCCTCCTTTGTAAAATGGAAATAATAATAGAATCTAATCTATTAATTCT,dacee9152b590f8a9900a405b4cd8cf0c20d17edd7275ca7c80a4da00ec4baa8,0.0,ATGGGTGATTTCATCCTCTTTCAGCACTTCTGGGGGGAAAGTCTTGCTTCCTTCAAGCCTAGTAGCTAATCCCTGATGCAGACCCAGAACAGTTCCAGATCCAGAACTTTGTGACCTTGGGCAAGATACCTACCCCCTCTGAGCCTCAGTTTCCTCCTTTGTAAAATGGAAATAATAATAGAATCTAATCTATTAATTCT,68229cc8f3af21689e5b8de65ef0fa9b829fa0f5bd34e59d2a20be7f5f41d8c8,-0.120665713238184,ATGGGTGATTTCATCCTCTTTCAGCACTTCTGGGGGGAAAGTCTTGCTTCCTTCAAGCCTAGTAGCTAATCCCTGATGCAGACCCAGAACAGTTCCAGACCTAGAACTTTGTGACCTTGGGCAAGATACCTACCCCCTCTGAGCCTCAGTTTCCTCCTTTGTAAAATGGAAATAATAATAGAATCTAATCTATTAATTCT,0cfa6f4c06d55f692c2b993913b5db10cadcf7fa91c466b7ac44d760316ee3d7,-0.0355547919375288,ATGGGTGATTTCATCCTCTTTCAGCACTTCTGGGGGGAAAGTCTTGCTTCCTTCAAGCCTAGTAGCTAATCCCTGATGCAGACCCAGAACAGTTCCAGATCTAGAACTTTGTGACCTTGGGCAAGATACCTACCCCCTCTGAGCCTCAGTTTCCTCCTTTGTAAAATGGAAATAATAATAGAATCTAATCTATTAATTCT,cc2f49fa152169ec668653f4e27fada432e61d6743056f56c2742c2cb61e6b02,-0.34426132477135,0.1880408195956372,0.272347480254198,-199.04274748824537,-199.64611237496132,-200.1495811771601,-200.2066088076681,-0.5463372562079485,1.0,0.1880408195956372,0.0,1,0.1818092943662864,0.18216460459877223,0.1501433469024087,0.2804786183074499,1.0
chr16:740868:T:C;chr16:740881:A:T;var1;middle;OL27|K562|9f4cf10089aa63ab,chr16:740868:T:C;chr16:740881:A:T;var1;middle;OL27,K562,K562_region_00687,100,113,13,TGGCTAATTTTGTATTTTTGGTAGACACGGGGTTTCACCGTGTTGGCCAGGCTGGTCTTAAAACTACTGAACTCAAGCGATCCTCTGGCGTCAGCCTCCTGAAGTGCTGGGAATGCAGGTGTGAGCCACCGCGCCTGGCCTGTTTTTTAAGTCTCAATTTCAGTATTTTAATGCCATCACCTATTTTAATCCCCAGGTCC,d5dc2765877e56860079f383b6adcf56d21c547db5081a4fc145401473fee3d6,0.0,TGGCTAATTTTGTATTTTTGGTAGACACGGGGTTTCACCGTGTTGGCCAGGCTGGTCTTAAAACTACTGAACTCAAGCGATCCTCTGGCGTCAGCCTCCCGAAGTGCTGGGAATGCAGGTGTGAGCCACCGCGCCTGGCCTGTTTTTTAAGTCTCAATTTCAGTATTTTAATGCCATCACCTATTTTAATCCCCAGGTCC,5ef79c00e79d42b51ef5a4e4961143062dbf527f3e1a5b325c05b9c666791f7f,-0.168864876545815,TGGCTAATTTTGTATTTTTGGTAGACACGGGGTTTCACCGTGTTGGCCAGGCTGGTCTTAAAACTACTGAACTCAAGCGATCCTCTGGCGTCAGCCTCCTGAAGTGCTGGGATTGCAGGTGTGAGCCACCGCGCCTGGCCTGTTTTTTAAGTCTCAATTTCAGTATTTTAATGCCATCACCTATTTTAATCCCCAGGTCC,3cd7ddc39f2b13acd1480f2ce9ecbf27bc9d5c7fce68653f89ca97765138c26a,-0.0961066380677732,TGGCTAATTTTGTATTTTTGGTAGACACGGGGTTTCACCGTGTTGGCCAGGCTGGTCTTAAAACTACTGAACTCAAGCGATCCTCTGGCGTCAGCCTCCCGAAGTGCTGGGATTGCAGGTGTGAGCCACCGCGCCTGGCCTGTTTTTTAAGTCTCAATTTCAGTATTTTAATGCCATCACCTATTTTAATCCCCAGGTCC,9f4cf10089aa63ab4a138e9139108b5fb87cc3aeac0fea8fda6c31df61baf0b6,-0.151726084898851,0.1132454297147372,0.205682208005532,-142.884825672023,-145.13239878136665,-139.60662865173072,-141.1946973334998,0.659504427574575,-1.0,-0.1132454297147372,0.0,0,0.18662311391747874,0.18565657667894103,0.15145376406925343,0.07176938516226652,1.0
chr16:75182354:G:C;chr16:75182433:A:C;var1;middle;OL41|K562|4fb7150c185a5e42,chr16:75182354:G:C;chr16:75182433:A:C;var1;middle;OL41,K562,K562_region_00774,100,179,79,ACCGCCTAACAAGGCGAAGACTTTCCTGAGAGTCCCTAAAGCCGCGGCCCCGGAGGCTTGTGGGAAATGTAGTCCCGAACGTGGATGGTCCACCCCTCCGAGGACCCTGGGAACGGCCCGCGCCCCTGTTTCTGCGCATGTGCAGTGCTGCGAGCGCGCCGGTGGCCGCCCTTCCCCCACCACCAGCGGCGAGTGGGTGA,78824ed0b776da78bf3c5d277915e93eed5a54c53202ca6f648a8659c1774449,0.0,ACCGCCTAACAAGGCGAAGACTTTCCTGAGAGTCCCTAAAGCCGCGGCCCCGGAGGCTTGTGGGAAATGTAGTCCCGAACGTGGATGGTCCACCCCTCCCAGGACCCTGGGAACGGCCCGCGCCCCTGTTTCTGCGCATGTGCAGTGCTGCGAGCGCGCCGGTGGCCGCCCTTCCCCCACCACCAGCGGCGAGTGGGTGA,7a0821930c28e37b76e965cc769767df1174a0c9270445d46c03ad65156b4d89,-0.119227397906991,ACCGCCTAACAAGGCGAAGACTTTCCTGAGAGTCCCTAAAGCCGCGGCCCCGGAGGCTTGTGGGAAATGTAGTCCCGAACGTGGATGGTCCACCCCTCCGAGGACCCTGGGAACGGCCCGCGCCCCTGTTTCTGCGCATGTGCAGTGCTGCGAGCGCGCCGGTGGCCGCCCTTCCCCCCCCACCAGCGGCGAGTGGGTGA,d88729f3dc9fb25237844aaf9f151829867b9597fbcbe07e896711a048a05637,-0.0597990853185885,ACCGCCTAACAAGGCGAAGACTTTCCTGAGAGTCCCTAAAGCCGCGGCCCCGGAGGCTTGTGGGAAATGTAGTCCCGAACGTGGATGGTCCACCCCTCCCAGGACCCTGGGAACGGCCCGCGCCCCTGTTTCTGCGCATGTGCAGTGCTGCGAGCGCGCCGGTGGCCGCCCTTCCCCCCCCACCAGCGGCGAGTGGGTGA,4fb7150c185a5e424fa8b8c0a3747f5c1270dbbc225a8df190b7cc7bd3ea6a8b,-0.426776168991474,0.2477496857658945,0.175971519836116,-350.23816518770764,-315.0026920529199,-336.69535966735566,-296.267684857361,-5.1922016752068885,1.0,0.2477496857658945,0.0,4,0.16976405275503068,0.17620727786206916,0.145609630836647,0.10815224014416079,1.0
chr16:75572713:G:A;chr16:75572791:G:A;var1;middle;OL41|K562|95194a416918f1a4,chr16:75572713:G:A;chr16:75572791:G:A;var1;middle;OL41,K562,K562_region_00775,100,178,78,TGGCAATGACCTGCTTGGGATCAGGAAGCAGCTCCATGTGTTCTTGGAGGAGACTGCCCACATCCTCAGGAGGTGAATGGGCTGAACAAGCCATCTTCCGTGTGCAGAGGCCCCTTCCAGCCATCTCTGCTCCTGCAGACACTTGCTTAGCCACGAGGGTAATCCACTGGACTGCTTGGTATTCTGCTAGTGGCCAGGCT,5e9d7acd6b808bc364ec4a2b35a357a98c9e3d361055eae165d6e848c9351839,0.0,TGGCAATGACCTGCTTGGGATCAGGAAGCAGCTCCATGTGTTCTTGGAGGAGACTGCCCACATCCTCAGGAGGTGAATGGGCTGAACAAGCCATCTTCCATGTGCAGAGGCCCCTTCCAGCCATCTCTGCTCCTGCAGACACTTGCTTAGCCACGAGGGTAATCCACTGGACTGCTTGGTATTCTGCTAGTGGCCAGGCT,47d3eaf8cf829ecb8cabd15862a897bb3dad46adb39991e3ef59cb849452bc52,-0.279260729443143,TGGCAATGACCTGCTTGGGATCAGGAAGCAGCTCCATGTGTTCTTGGAGGAGACTGCCCACATCCTCAGGAGGTGAATGGGCTGAACAAGCCATCTTCCGTGTGCAGAGGCCCCTTCCAGCCATCTCTGCTCCTGCAGACACTTGCTTAGCCACGAGGGTAATCCACTGGACTGCTTAGTATTCTGCTAGTGGCCAGGCT,74a94464b57626492d619b5486eb781088cc73b955e56261310fdc0bda0ce872,-0.0574106385751762,TGGCAATGACCTGCTTGGGATCAGGAAGCAGCTCCATGTGTTCTTGGAGGAGACTGCCCACATCCTCAGGAGGTGAATGGGCTGAACAAGCCATCTTCCATGTGCAGAGGCCCCTTCCAGCCATCTCTGCTCCTGCAGACACTTGCTTAGCCACGAGGGTAATCCACTGGACTGCTTAGTATTCTGCTAGTGGCCAGGCT,95194a416918f1a4dd1288c2a069fa4972bb0a5a387c6adf53dd934e2b63bbeb,0.0502625044186722,0.3869338724369914,0.207775836958033,-291.4885740305763,-294.67105106753297,-303.23804650409147,-303.8198882285505,2.6006353124976727,-1.0,-0.3869338724369914,0.0,0,0.18911627991535218,0.18565657667894103,0.15145376406925343,0.15700059865492888,1.0
chr16:75572713:G:A;chr16:75572793:T:C;var1;middle;OL41|K562|3561099e31257a1e,chr16:75572713:G:A;chr16:75572793:T:C;var1;middle;OL41,K562,K562_region_00775,100,180,80,TGGCAATGACCTGCTTGGGATCAGGAAGCAGCTCCATGTGTTCTTGGAGGAGACTGCCCACATCCTCAGGAGGTGAATGGGCTGAACAAGCCATCTTCCGTGTGCAGAGGCCCCTTCCAGCCATCTCTGCTCCTGCAGACACTTGCTTAGCCACGAGGGTAATCCACTGGACTGCTTGGTATTCTGCTAGTGGCCAGGCT,5e9d7acd6b808bc364ec4a2b35a357a98c9e3d361055eae165d6e848c9351839,0.0,TGGCAATGACCTGCTTGGGATCAGGAAGCAGCTCCATGTGTTCTTGGAGGAGACTGCCCACATCCTCAGGAGGTGAATGGGCTGAACAAGCCATCTTCCATGTGCAGAGGCCCCTTCCAGCCATCTCTGCTCCTGCAGACACTTGCTTAGCCACGAGGGTAATCCACTGGACTGCTTGGTATTCTGCTAGTGGCCAGGCT,47d3eaf8cf829ecb8cabd15862a897bb3dad46adb39991e3ef59cb849452bc52,-0.279204621731495,TGGCAATGACCTGCTTGGGATCAGGAAGCAGCTCCATGTGTTCTTGGAGGAGACTGCCCACATCCTCAGGAGGTGAATGGGCTGAACAAGCCATCTTCCGTGTGCAGAGGCCCCTTCCAGCCATCTCTGCTCCTGCAGACACTTGCTTAGCCACGAGGGTAATCCACTGGACTGCTTGGCATTCTGCTAGTGGCCAGGCT,aa4056c8c21e3a1b0b5af06744802ca5cab042f02c6ecf367a06d89710fd78f7,-0.223029668736858,TGGCAATGACCTGCTTGGGATCAGGAAGCAGCTCCATGTGTTCTTGGAGGAGACTGCCCACATCCTCAGGAGGTGAATGGGCTGAACAAGCCATCTTCCATGTGCAGAGGCCCCTTCCAGCCATCTCTGCTCCTGCAGACACTTGCTTAGCCACGAGGGTAATCCACTGGACTGCTTGGCATTCTGCTAGTGGCCAGGCT,3561099e31257a1e58862d753d024ac7e59dc5ab02c1fb2b579765fd916adb5b,-0.372377312839733,-0.1298569776286199,0.177435373259014,-291.4885740305763,-294.67105106753297,-294.2921701450832,-300.2877069199458,2.81305973790586,1.0,-0.1298569776286199,0.0,0,0.1893891153839231,0.18565657667894103,0.15145376406925343,0.26119523940999406,1.0
chr16:772061:C:T;chr16:772141:G:C;var1;middle;OL41|K562|6d9b2f7f213481b3,chr16:772061:C:T;chr16:772141:G:C;var1;middle;OL41,K562,K562_region_00688,100,180,80,CACCCGCTGACAGCCCAAGGTGCGGCTGACACCTGCGAGGGCTGGGGGCCGGGACTCGGAAGCTGCGATGACCCGGTGCCCACCAGGCCTCTCCCCGGCCGGGGCGACTTCTCTTCCGGCAGGTGAGCCTGAGGGACTGCCGCAACGTGTCTGTGTTCCTGGCCCCTAGCGTGGTAGGTGCGGGGTTGCCAGCCCCGCTG,da0f6c69c456904dd21521f108f0acde271096df6e5648a03323b8cdc55faceb,0.0,CACCCGCTGACAGCCCAAGGTGCGGCTGACACCTGCGAGGGCTGGGGGCCGGGACTCGGAAGCTGCGATGACCCGGTGCCCACCAGGCCTCTCCCCGGCTGGGGCGACTTCTCTTCCGGCAGGTGAGCCTGAGGGACTGCCGCAACGTGTCTGTGTTCCTGGCCCCTAGCGTGGTAGGTGCGGGGTTGCCAGCCCCGCTG,700636cc348084fe00126c8bb4e83989f6d561dcb9e0748539d742c5b7d1d8a8,0.245867351031902,CACCCGCTGACAGCCCAAGGTGCGGCTGACACCTGCGAGGGCTGGGGGCCGGGACTCGGAAGCTGCGATGACCCGGTGCCCACCAGGCCTCTCCCCGGCCGGGGCGACTTCTCTTCCGGCAGGTGAGCCTGAGGGACTGCCGCAACGTGTCTGTGTTCCTGGCCCCTAGCGTGGTAGGTCCGGGGTTGCCAGCCCCGCTG,3b97bc326b86db0aec7a987cd2c87b07e8e1fbf250d3a82b92618b62575d3204,-0.0458381049156538,CACCCGCTGACAGCCCAAGGTGCGGCTGACACCTGCGAGGGCTGGGGGCCGGGACTCGGAAGCTGCGATGACCCGGTGCCCACCAGGCCTCTCCCCGGCTGGGGCGACTTCTCTTCCGGCAGGTGAGCCTGAGGGACTGCCGCAACGTGTCTGTGTTCCTGGCCCCTAGCGTGGTAGGTCCGGGGTTGCCAGCCCCGCTG,6d9b2f7f213481b36bea67fb30820b170db458682d3ac13c803ccdd75bae2264,0.0946146107873989,-0.1054146353288493,0.557052863400063,-259.53130965679884,-258.3165419846773,-261.2519953548908,-260.1309492588043,-0.09372157603502274,-1.0,0.1054146353288493,0.0,0,0.18565567917338216,0.18565657667894103,0.15145376406925343,0.2730517800000119,1.0
chr16:77888158:C:T;chr16:77888220:G:T;var1;middle;OL41|K562|69b79c6b231b593d,chr16:77888158:C:T;chr16:77888220:G:T;var1;middle;OL41,K562,K562_region_00776,100,162,62,TTGAGCAATTGAAAAATGCCTGTCCCACTCTTTTCCATTTTTCTTCCCTCTCTCCTATCTCAGCCATGCACCCCTGTAACCTCCTGCCATTGAAATTCTCGGCACCTGTGTGTCACAGCGCATATCACGTGTAGGTCAACAGCTTTGCAGTGACAAACAAAGAAAAAGAAAAACTGACTGATGCTTGAAGCATTGTAGGT,a179ac7cadd67d187bf4d4114a84a9b1ddfb43a6bf23d807a8bc7936702d7957,0.0,TTGAGCAATTGAAAAATGCCTGTCCCACTCTTTTCCATTTTTCTTCCCTCTCTCCTATCTCAGCCATGCACCCCTGTAACCTCCTGCCATTGAAATTCTTGGCACCTGTGTGTCACAGCGCATATCACGTGTAGGTCAACAGCTTTGCAGTGACAAACAAAGAAAAAGAAAAACTGACTGATGCTTGAAGCATTGTAGGT,57d8ff7a2f4cb4cf188281167d0fe8f13c2192dc6856986394bf0e684a05c0fb,-0.353696652106073,TTGAGCAATTGAAAAATGCCTGTCCCACTCTTTTCCATTTTTCTTCCCTCTCTCCTATCTCAGCCATGCACCCCTGTAACCTCCTGCCATTGAAATTCTCGGCACCTGTGTGTCACAGCGCATATCACGTGTAGGTCAACAGCTTTGCAGTGACAAACAAATAAAAAGAAAAACTGACTGATGCTTGAAGCATTGTAGGT,e4336d4bb1f69f90a6e20ce31bbe8804d3b86011398876d9c759bb8e2061ec6a,-0.127292132373119,TTGAGCAATTGAAAAATGCCTGTCCCACTCTTTTCCATTTTTCTTCCCTCTCTCCTATCTCAGCCATGCACCCCTGTAACCTCCTGCCATTGAAATTCTTGGCACCTGTGTGTCACAGCGCATATCACGTGTAGGTCAACAGCTTTGCAGTGACAAACAAATAAAAAGAAAAACTGACTGATGCTTGAAGCATTGTAGGT,69b79c6b231b593daa571ab5194d2bed26f63a5d2d792d9ccee4b33d95fd3f4b,-0.180852276745152,0.30013650773404,0.310599760319614,-254.93014550209045,-250.8780651241541,-255.7949797362089,-252.29486817121503,-0.5519688129424765,-1.0,-0.30013650773404,0.0,1,0.1818035645959372,0.18216460459877223,0.1501433469024087,0.1877775701752177,1.0
chr16:783156:G:C;chr16:783173:T:C;var1;middle;OL41|K562|155e450f35aa1043,chr16:783156:G:C;chr16:783173:T:C;var1;middle;OL41,K562,K562_region_00689,100,117,17,TTCAGAGCCAACAAGGAGGTATTACTGAGCGCCACCTGGCTGCAGGTCCCCAAGACAGGCCAGCTGCAAATGGGCCCACCTGGCTCCAAGGGGAGAGACGAAGGTACGTGCACGCATGCGAGCCCCCACACTCCAGCCAGGGCCCCCACAGGCAGGATCCTGGGCAGTCGCCACCTGTGCCCAGGGCTCAGGAATCAGAC,df2e935fe15835e0e2c7d829e8c8740702521c96d51f19edd54389b2f8db75e8,0.0,TTCAGAGCCAACAAGGAGGTATTACTGAGCGCCACCTGGCTGCAGGTCCCCAAGACAGGCCAGCTGCAAATGGGCCCACCTGGCTCCAAGGGGAGAGACCAAGGTACGTGCACGCATGCGAGCCCCCACACTCCAGCCAGGGCCCCCACAGGCAGGATCCTGGGCAGTCGCCACCTGTGCCCAGGGCTCAGGAATCAGAC,c795976e1d0438197ce7c20c04b50ddc68f48c073dcc9a80117733d99314ade3,0.125147414162354,TTCAGAGCCAACAAGGAGGTATTACTGAGCGCCACCTGGCTGCAGGTCCCCAAGACAGGCCAGCTGCAAATGGGCCCACCTGGCTCCAAGGGGAGAGACGAAGGTACGTGCACGCACGCGAGCCCCCACACTCCAGCCAGGGCCCCCACAGGCAGGATCCTGGGCAGTCGCCACCTGTGCCCAGGGCTCAGGAATCAGAC,5cbc35cb027e9ef7d1eee3ef9bfdfbccf831bf371c4629092e831d9b0e2d503d,0.235734190792349,TTCAGAGCCAACAAGGAGGTATTACTGAGCGCCACCTGGCTGCAGGTCCCCAAGACAGGCCAGCTGCAAATGGGCCCACCTGGCTCCAAGGGGAGAGACCAAGGTACGTGCACGCACGCGAGCCCCCACACTCCAGCCAGGGCCCCCACAGGCAGGATCCTGGGCAGTCGCCACCTGTGCCCAGGGCTCAGGAATCAGAC,155e450f35aa1043b55d6e267105635a3b8911048fa8f082118bb2956b6795f4,-0.0690825779955694,0.4299641829502724,0.317574978853128,-265.4362465706654,-260.356499920832,-257.2733557021711,-254.27343697601464,2.0798279236769304,1.0,0.4299641829502724,0.0,1,0.18448125952427558,0.18216460459877223,0.1501433469024087,0.2574095153096658,1.0
chr16:78558239:A:G;chr16:78558321:A:G;var1;middle;OL27|K562|3099918c7a3183a9,chr16:78558239:A:G;chr16:78558321:A:G;var1;middle;OL27,K562,K562_region_00777,100,182,82,TGTGACTAATATTAGAAGCAGACACAGCCATGATGAGCAATACTCTTTTTTTGTTTATTTTTGTTGTTACTGCTGTAAGCCACTTTCTTCTCCCTCTCCATTAAAATGCAACTTAATTGGTAAAGTTTAGTTGACTAGAGATTTCATTTATTTATTTATTTATTTGTTTATTTATTTATTTATTTATTTGTTTGTTTGAG,dbc0ae500b0798eafc783a49db0284d40f840dc72d9e5190da321eac235dcb05,0.0,TGTGACTAATATTAGAAGCAGACACAGCCATGATGAGCAATACTCTTTTTTTGTTTATTTTTGTTGTTACTGCTGTAAGCCACTTTCTTCTCCCTCTCCGTTAAAATGCAACTTAATTGGTAAAGTTTAGTTGACTAGAGATTTCATTTATTTATTTATTTATTTGTTTATTTATTTATTTATTTATTTGTTTGTTTGAG,9b41e0523bb782e3156d3d819aec19fdf3e40253b17e60a9255b46747a73f66c,0.14137752101068,TGTGACTAATATTAGAAGCAGACACAGCCATGATGAGCAATACTCTTTTTTTGTTTATTTTTGTTGTTACTGCTGTAAGCCACTTTCTTCTCCCTCTCCATTAAAATGCAACTTAATTGGTAAAGTTTAGTTGACTAGAGATTTCATTTATTTATTTATTTATTTGTTTATTTATTTATTTGTTTATTTGTTTGTTTGAG,a5680245cce40beca08bce61b00ee96b7912dd00091630f8b26bf9a8b08dfb51,0.245079281581897,TGTGACTAATATTAGAAGCAGACACAGCCATGATGAGCAATACTCTTTTTTTGTTTATTTTTGTTGTTACTGCTGTAAGCCACTTTCTTCTCCCTCTCCGTTAAAATGCAACTTAATTGGTAAAGTTTAGTTGACTAGAGATTTCATTTATTTATTTATTTATTTGTTTATTTATTTATTTGTTTATTTGTTTGTTTGAG,3099918c7a3183a99b248515c98c2c9a88cf62452da493ce140be6f23e4e7e72,0.47811048489871,-0.091653682306133,0.109650480552099,-200.8336930957157,-205.86644821427765,-204.05463987309489,-209.0219880270306,-0.06540696462624851,1.0,-0.091653682306133,0.0,3,0.1813412539736921,0.18106719778262317,0.1474303780702046,0.07285625645418548,1.0
chr16:787738:G:C;chr16:787827:A:C;var1;middle;OL41|K562|d3fdd12321af8871,chr16:787738:G:C;chr16:787827:A:C;var1;middle;OL41,K562,K562_region_00690,100,189,89,GCTGGCCCCGGTGCACACTCACAGGGCTGTAGGGCAGGAAAATGCCGAAGGTGGGCTCTGAAAGGAGGAGGCGGGAAAGCTGAGGACAAAGGAGGAAAGGACGAAGGCACAGGAAGAGGAGAGCAGAGGGAGGAAGCCTGGGAGCCTGGCCTCCGGTGGGCGGGGCAGAAACAACCGTCAGACTCGCCAAACAGATGCAG,88776223d99a064ef8e6d783c89a4a3ef131bcc3af121a2cca8d8b36c21872a8,0.0,GCTGGCCCCGGTGCACACTCACAGGGCTGTAGGGCAGGAAAATGCCGAAGGTGGGCTCTGAAAGGAGGAGGCGGGAAAGCTGAGGACAAAGGAGGAAAGCACGAAGGCACAGGAAGAGGAGAGCAGAGGGAGGAAGCCTGGGAGCCTGGCCTCCGGTGGGCGGGGCAGAAACAACCGTCAGACTCGCCAAACAGATGCAG,8d2c06fff6e78026c2801eb6cc83f8612ec156443bca968668633832c6c799cf,0.0135665240397469,GCTGGCCCCGGTGCACACTCACAGGGCTGTAGGGCAGGAAAATGCCGAAGGTGGGCTCTGAAAGGAGGAGGCGGGAAAGCTGAGGACAAAGGAGGAAAGGACGAAGGCACAGGAAGAGGAGAGCAGAGGGAGGAAGCCTGGGAGCCTGGCCTCCGGTGGGCGGGGCAGAAACAACCGTCAGACTCGCCCAACAGATGCAG,5d66d4c339e1b52fa5d7743dd819ba834909433039271a77f10605d711bcef83,-0.0160410372000807,GCTGGCCCCGGTGCACACTCACAGGGCTGTAGGGCAGGAAAATGCCGAAGGTGGGCTCTGAAAGGAGGAGGCGGGAAAGCTGAGGACAAAGGAGGAAAGCACGAAGGCACAGGAAGAGGAGAGCAGAGGGAGGAAGCCTGGGAGCCTGGCCTCCGGTGGGCGGGGCAGAAACAACCGTCAGACTCGCCCAACAGATGCAG,d3fdd12321af8871e55816656a1580bb08684eede24bf3312df49932a707d7a5,-0.0856008190825634,0.0831263059222296,0.192268055402669,-361.4461791869253,-361.0346101401374,-357.1364147858694,-358.4950180845335,1.7701723454520106,1.0,0.0831263059222296,0.0,3,0.1850384510421343,0.18106719778262317,0.1474303780702046,0.2360672849248198,1.0
chr16:79636816:A:G;chr16:79636851:G:C;var1;middle;OL30|K562|a598f233d9d9aa8a,chr16:79636816:A:G;chr16:79636851:G:C;var1;middle;OL30,K562,K562_region_00778,100,135,35,TAAGCCAGCGTCTTGAACATTGCACTTCAGAATGGTCTTCCCCACCCCGCAGCATGCTTTGCTATTTATAACCTCAGGTGTCTCTCACTCGTTCCTTGCACCATATTAGACCTGTGTTAATTTCTCTGATCCTAGTAGACTTCAGTTTCAGCAAACCCAGGAATCCTTAATGGAAGACTTCCCAAAAGATTCGTAGGCAC,f5edd993b848adc9526e9989b6c63e828b122b8b9d4f4023ac99197a96993c2d,0.0,TAAGCCAGCGTCTTGAACATTGCACTTCAGAATGGTCTTCCCCACCCCGCAGCATGCTTTGCTATTTATAACCTCAGGTGTCTCTCACTCGTTCCTTGCGCCATATTAGACCTGTGTTAATTTCTCTGATCCTAGTAGACTTCAGTTTCAGCAAACCCAGGAATCCTTAATGGAAGACTTCCCAAAAGATTCGTAGGCAC,2e8eb370e1de072d0584c22019213489326972f72cd8df340aeafe3dd21886fd,0.811169516265821,TAAGCCAGCGTCTTGAACATTGCACTTCAGAATGGTCTTCCCCACCCCGCAGCATGCTTTGCTATTTATAACCTCAGGTGTCTCTCACTCGTTCCTTGCACCATATTAGACCTGTGTTAATTTCTCTGATCCTACTAGACTTCAGTTTCAGCAAACCCAGGAATCCTTAATGGAAGACTTCCCAAAAGATTCGTAGGCAC,4f2c459f8f4d214cfd4507efbe3bbe3a9ffc03118e7b2b57b10c4225db3cbd1b,0.345525875520609,TAAGCCAGCGTCTTGAACATTGCACTTCAGAATGGTCTTCCCCACCCCGCAGCATGCTTTGCTATTTATAACCTCAGGTGTCTCTCACTCGTTCCTTGCGCCATATTAGACCTGTGTTAATTTCTCTGATCCTACTAGACTTCAGTTTCAGCAAACCCAGGAATCCTTAATGGAAGACTTCCCAAAAGATTCGTAGGCAC,a598f233d9d9aa8a3ef98d167673d429049bedb9f2d75a9691b428021468eb1a,0.755201955126552,0.401493436659878,0.455520672887665,-330.20409714756534,-333.04204417951405,-328.7127372631803,-332.3047181079164,0.7540338127873838,1.0,0.401493436659878,0.0,1,0.18313234373706702,0.18216460459877223,0.1501433469024087,0.1664301752316918,1.0
chr16:79802634:T:C;chr16:79802663:T:C;var1;middle;OL41|K562|c5648e16aff0e54a,chr16:79802634:T:C;chr16:79802663:T:C;var1;middle;OL41,K562,K562_region_00779,100,129,29,CTGTCTGTTAGGGTAGGAGGTGGGCATGCCTAGGTCTTCTCCTGCTGCGAAGGGAAGAAGGAAGCTAGCTGGGGCCTTTCTGCTGAGCCTTTTAGACAATAGCACAGTGAGTACAGACACGTTTCCCTTGACTGCCAGGCTCAGAGCAAGGGCGAGGGTGGCACACAGGCATCTGCTAAGCAGAAAAATGTCATGCCAGG,cf7541af5cabe79fc1f5d3c34c0f22596bbad7514e0703e2c7514c6b6a266a8e,0.0,CTGTCTGTTAGGGTAGGAGGTGGGCATGCCTAGGTCTTCTCCTGCTGCGAAGGGAAGAAGGAAGCTAGCTGGGGCCTTTCTGCTGAGCCTTTTAGACAACAGCACAGTGAGTACAGACACGTTTCCCTTGACTGCCAGGCTCAGAGCAAGGGCGAGGGTGGCACACAGGCATCTGCTAAGCAGAAAAATGTCATGCCAGG,59c7808aaac6821d53907ee04ae08222b3b73da6e5a1fcc5f20bcc7fe5af4301,-0.0831652562368984,CTGTCTGTTAGGGTAGGAGGTGGGCATGCCTAGGTCTTCTCCTGCTGCGAAGGGAAGAAGGAAGCTAGCTGGGGCCTTTCTGCTGAGCCTTTTAGACAATAGCACAGTGAGTACAGACACGTTTCCCTCGACTGCCAGGCTCAGAGCAAGGGCGAGGGTGGCACACAGGCATCTGCTAAGCAGAAAAATGTCATGCCAGG,25528e286c61eea0ae911556f35953b0c049fe0cb999216307926cd4b9922dc5,-0.280998353110227,CTGTCTGTTAGGGTAGGAGGTGGGCATGCCTAGGTCTTCTCCTGCTGCGAAGGGAAGAAGGAAGCTAGCTGGGGCCTTTCTGCTGAGCCTTTTAGACAACAGCACAGTGAGTACAGACACGTTTCCCTCGACTGCCAGGCTCAGAGCAAGGGCGAGGGTGGCACACAGGCATCTGCTAAGCAGAAAAATGTCATGCCAGG,c5648e16aff0e54a1a04a44b13460e6794797d7b942de5bb2f872f5548aa2a64,-0.0790992085801014,0.285064400767024,0.433612086361085,-312.9283312568441,-310.0214957194403,-321.6438330570236,-317.64390955865383,1.0930879609659314,-1.0,-0.285064400767024,0.0,2,0.17678609281937904,0.17490732828716207,0.146091925319964,0.2318652276589639,1.0
chr16:80183887:G:A;chr16:80183937:A:G;var1;middle;OL32|K562|7ed1a20eda13ad20,chr16:80183887:G:A;chr16:80183937:A:G;var1;middle;OL32,K562,K562_region_00780,100,150,50,GGGGAGGCTTTGGTTTTGGTGACATAAAGGGACGATCTCTGCAGTGTGGCTATTCGTCCTCTTGTCCTTCATCCTTTTTCGTCCTGAAAAGTCTACAGGGTGGTGGTGCGGAAAGAGAAAAAGGGTGTAGTTATTTATTGGCATCGTGTATTCAGAAAGTTCTGGAAGGCTTACCACTAGACTTCCTTGTTATATAGGAC,d9f706bb5af7cfdfce690a7ae359f04632478fff309fc616f4b6a1d1fbf00c0d,0.0,GGGGAGGCTTTGGTTTTGGTGACATAAAGGGACGATCTCTGCAGTGTGGCTATTCGTCCTCTTGTCCTTCATCCTTTTTCGTCCTGAAAAGTCTACAGGATGGTGGTGCGGAAAGAGAAAAAGGGTGTAGTTATTTATTGGCATCGTGTATTCAGAAAGTTCTGGAAGGCTTACCACTAGACTTCCTTGTTATATAGGAC,654672d2799700327d1315c74c44a57ba6cdce1f386a52e503856a32ce6e3a8e,0.040843918975251,GGGGAGGCTTTGGTTTTGGTGACATAAAGGGACGATCTCTGCAGTGTGGCTATTCGTCCTCTTGTCCTTCATCCTTTTTCGTCCTGAAAAGTCTACAGGGTGGTGGTGCGGAAAGAGAAAAAGGGTGTAGTTATTTATTGGCATCGTGTGTTCAGAAAGTTCTGGAAGGCTTACCACTAGACTTCCTTGTTATATAGGAC,c60761c5b4da6a6ddaba9363c14feff7c1bba18bc20d8011a3048995710344ca,-0.0057759918094913,GGGGAGGCTTTGGTTTTGGTGACATAAAGGGACGATCTCTGCAGTGTGGCTATTCGTCCTCTTGTCCTTCATCCTTTTTCGTCCTGAAAAGTCTACAGGATGGTGGTGCGGAAAGAGAAAAAGGGTGTAGTTATTTATTGGCATCGTGTGTTCAGAAAGTTCTGGAAGGCTTACCACTAGACTTCCTTGTTATATAGGAC,7ed1a20eda13ad20c7c952412178b65747dd83a2b3a079b185a2d27a7cd58dc2,-0.12671009212886,0.1617780192946197,0.262814778029319,-338.8663436593488,-349.6676240651868,-329.65715083060786,-324.8085838193074,-15.649847417138517,1.0,0.1617780192946197,0.0,3,0.14995130136418955,0.18106719778262317,0.1474303780702046,0.1295822497270864,1.0
chr16:81041950:G:A;chr16:81042028:G:T;var1;middle;OL41|K562|d3d3ddcebe0e0219,chr16:81041950:G:A;chr16:81042028:G:T;var1;middle;OL41,K562,K562_region_00781,100,178,78,AATCATCTGACGTACTTTTTAAAAGATGCTAAATCTCAAGCCCTCCGTGCGCCCTCCTCACAGTTTAATTTGATAGGGCCCAGGAATCTTCATTTTAACGGGTAGCCTCGTCTGTGGGTTTTTTTGTTTGTTTTTTGTTTTTTTGAGACGGAGTCTTGCTTTGTCGCCCATGTTGGAGGGCAGTGGCACGTTCTCGGCTC,39c0d5dafe9e4bb10a467c36344b4a42ddc2590043bb74a01379536dbed61044,0.0,AATCATCTGACGTACTTTTTAAAAGATGCTAAATCTCAAGCCCTCCGTGCGCCCTCCTCACAGTTTAATTTGATAGGGCCCAGGAATCTTCATTTTAACAGGTAGCCTCGTCTGTGGGTTTTTTTGTTTGTTTTTTGTTTTTTTGAGACGGAGTCTTGCTTTGTCGCCCATGTTGGAGGGCAGTGGCACGTTCTCGGCTC,805e027b8a24ac105200da985c4a29640d3051ab10c09933c6b93e53582530d2,-0.151986037736028,AATCATCTGACGTACTTTTTAAAAGATGCTAAATCTCAAGCCCTCCGTGCGCCCTCCTCACAGTTTAATTTGATAGGGCCCAGGAATCTTCATTTTAACGGGTAGCCTCGTCTGTGGGTTTTTTTGTTTGTTTTTTGTTTTTTTGAGACGGAGTCTTGCTTTGTCGCCCATGTTGGATGGCAGTGGCACGTTCTCGGCTC,b6efdcfe2dd55cdfb2c63b08532a3901b03dcef68930b466d11b844e38be7bc0,0.0768646486704964,AATCATCTGACGTACTTTTTAAAAGATGCTAAATCTCAAGCCCTCCGTGCGCCCTCCTCACAGTTTAATTTGATAGGGCCCAGGAATCTTCATTTTAACAGGTAGCCTCGTCTGTGGGTTTTTTTGTTTGTTTTTTGTTTTTTTGAGACGGAGTCTTGCTTTGTCGCCCATGTTGGATGGCAGTGGCACGTTCTCGGCTC,d3d3ddcebe0e0219ce16a25605354b4f1c7129d23c7128ada9a8f2588e914f42,-0.101752717029708,-0.0266313279641764,0.193708061099204,-191.32343526091427,-181.97881519515067,-215.8914827229455,-189.31561735551804,17.231245301663876,-1.0,0.0266313279641764,0.0,1,0.19989691564454568,0.18216460459877223,0.1501433469024087,-0.0027944271683425226,1.0
chr16:81042028:G:T;chr16:81042116:A:G;var1;middle;OL41|K562|60ff2d55cb0965b2,chr16:81042028:G:T;chr16:81042116:A:G;var1;middle;OL41,K562,K562_region_00781,100,188,88,CCCAGGAATCTTCATTTTAACGGGTAGCCTCGTCTGTGGGTTTTTTTGTTTGTTTTTTGTTTTTTTGAGACGGAGTCTTGCTTTGTCGCCCATGTTGGAGGGCAGTGGCACGTTCTCGGCTCACTGCAACCTCCTCCTCCCGGATTCAGGCTGTTCTCTTGCCTCAGCCTCCCGAGTAGCTGGGACTAGAGGTGTGCGTC,7b3e5e48d8c97784f08a6ec09f292510e0ea132ebc0b852b39b3bf6014740b81,0.0,CCCAGGAATCTTCATTTTAACGGGTAGCCTCGTCTGTGGGTTTTTTTGTTTGTTTTTTGTTTTTTTGAGACGGAGTCTTGCTTTGTCGCCCATGTTGGATGGCAGTGGCACGTTCTCGGCTCACTGCAACCTCCTCCTCCCGGATTCAGGCTGTTCTCTTGCCTCAGCCTCCCGAGTAGCTGGGACTAGAGGTGTGCGTC,5e15ba48ac1b032a9a707e2f6a903626d915e9e199f834ab55643a50a9445af2,-0.373979649914429,CCCAGGAATCTTCATTTTAACGGGTAGCCTCGTCTGTGGGTTTTTTTGTTTGTTTTTTGTTTTTTTGAGACGGAGTCTTGCTTTGTCGCCCATGTTGGAGGGCAGTGGCACGTTCTCGGCTCACTGCAACCTCCTCCTCCCGGATTCAGGCTGTTCTCTTGCCTCAGCCTCCCGAGTAGCTGGGACTGGAGGTGTGCGTC,e3ea688428b8cf86cc4866ebe3415c8198379c956d4a8e6d2bf88689b62e12c6,-0.132138113914515,CCCAGGAATCTTCATTTTAACGGGTAGCCTCGTCTGTGGGTTTTTTTGTTTGTTTTTTGTTTTTTTGAGACGGAGTCTTGCTTTGTCGCCCATGTTGGATGGCAGTGGCACGTTCTCGGCTCACTGCAACCTCCTCCTCCCGGATTCAGGCTGTTCTCTTGCCTCAGCCTCCCGAGTAGCTGGGACTGGAGGTGTGCGTC,60ff2d55cb0965b28bf60db713ba47ad07cc641a9cfecb206c8bab02f3c9d3d9,-0.257880792696314,0.24823697113263,0.183500202453307,-137.6351285977289,-143.0560168446973,-145.4439536826685,-145.39958184212446,5.4652600875124335,-1.0,-0.24823697113263,0.0,1,0.18792573318335473,0.18216460459877223,0.1501433469024087,0.06713910828136656,1.0
chr16:81129416:G:A;chr16:81129495:C:A;var1;middle;OL41|K562|e74029d2695ae78a,chr16:81129416:G:A;chr16:81129495:C:A;var1;middle;OL41,K562,K562_region_00782,100,179,79,ACGGTCCATTTAGTAAACTAAAGGCCTCCCCATTTGGGGTCTCAACGATGCACGCAGATGGGAGATAAACTTAAGGCCACCGAGACGCTTAAGCGACACGTGCCTGGCTTCTGCAGCAAGCGGCCGACCTGCCCGCCGGACCCGCCGGGCCACCCCCGCCTCGGTGTCCCGCAGGCCTCCCCTCCCGGCTGCATGCAATC,c50bb1e6a2be326185fd26502ace1635e4ec8e62ad17942e9550a867801a772d,0.0,ACGGTCCATTTAGTAAACTAAAGGCCTCCCCATTTGGGGTCTCAACGATGCACGCAGATGGGAGATAAACTTAAGGCCACCGAGACGCTTAAGCGACACATGCCTGGCTTCTGCAGCAAGCGGCCGACCTGCCCGCCGGACCCGCCGGGCCACCCCCGCCTCGGTGTCCCGCAGGCCTCCCCTCCCGGCTGCATGCAATC,b17e5af303bdb3990acbf1fdc3a7e263f8fda48f5ecd4e6684f2a7242f84ec78,-0.583296083910361,ACGGTCCATTTAGTAAACTAAAGGCCTCCCCATTTGGGGTCTCAACGATGCACGCAGATGGGAGATAAACTTAAGGCCACCGAGACGCTTAAGCGACACGTGCCTGGCTTCTGCAGCAAGCGGCCGACCTGCCCGCCGGACCCGCCGGGCCACCCCCGCCTCGGTGTCCCGCAGGCCTACCCTCCCGGCTGCATGCAATC,161b9fcbef2b11287968f43ec996a5fbd1370a01e62027a8b6a63db3bdec9a55,-0.2596458627944,ACGGTCCATTTAGTAAACTAAAGGCCTCCCCATTTGGGGTCTCAACGATGCACGCAGATGGGAGATAAACTTAAGGCCACCGAGACGCTTAAGCGACACATGCCTGGCTTCTGCAGCAAGCGGCCGACCTGCCCGCCGGACCCGCCGGGCCACCCCCGCCTCGGTGTCCCGCAGGCCTACCCTCCCGGCTGCATGCAATC,e74029d2695ae78a91304ceb8c4c33c0c3a35e4f4467b0bacab7cad35fd0a7cb,-0.489171376707762,0.3537705699969989,0.334845064562422,-341.4590041683987,-349.6517141014337,-358.38005018234253,-366.70172622054815,-0.12896610517054796,-1.0,-0.3537705699969989,0.0,2,0.17500668329379115,0.17490732828716207,0.146091925319964,0.3252990883783389,1.0
chr16:81530598:A:G;chr16:81530660:C:T;var1;middle;OL27|K562|496689d345da6a32,chr16:81530598:A:G;chr16:81530660:C:T;var1;middle;OL27,K562,K562_region_00783,100,162,62,GCAGTGCCCGGGACACCCACCCACAGCCTGGCAGCTGGGCCATTTGCTTACTGCTGGCTGGCTGGGGGGTTCAACAGTTGGAAGAGGCCATAAAAGTGGATTGCACAGATGCCCTGATGCTGGGCCTCGTAAGGGGTGTCCGGGCTGTGGGGATGTCTAGGCGGAGAGGGAGGTGTAGACCCTGGGCCTCCCAGGCACAG,4504493ddd69bff3e830d9ac58d701e5430f77252ec50835bfd8a16a1e7a93e1,0.0,GCAGTGCCCGGGACACCCACCCACAGCCTGGCAGCTGGGCCATTTGCTTACTGCTGGCTGGCTGGGGGGTTCAACAGTTGGAAGAGGCCATAAAAGTGGGTTGCACAGATGCCCTGATGCTGGGCCTCGTAAGGGGTGTCCGGGCTGTGGGGATGTCTAGGCGGAGAGGGAGGTGTAGACCCTGGGCCTCCCAGGCACAG,ebcef8788f27afbee4b9df5d22293fe92c440fb3ecaa433bb2508882637d8403,0.0278562257665133,GCAGTGCCCGGGACACCCACCCACAGCCTGGCAGCTGGGCCATTTGCTTACTGCTGGCTGGCTGGGGGGTTCAACAGTTGGAAGAGGCCATAAAAGTGGATTGCACAGATGCCCTGATGCTGGGCCTCGTAAGGGGTGTCCGGGCTGTGGGGATGTCTAGGTGGAGAGGGAGGTGTAGACCCTGGGCCTCCCAGGCACAG,5272685199638a4ee6ee46ddc6ae92d938feab944596e01ad732ce6e9a3770ae,0.0677901864747421,GCAGTGCCCGGGACACCCACCCACAGCCTGGCAGCTGGGCCATTTGCTTACTGCTGGCTGGCTGGGGGGTTCAACAGTTGGAAGAGGCCATAAAAGTGGGTTGCACAGATGCCCTGATGCTGGGCCTCGTAAGGGGTGTCCGGGCTGTGGGGATGTCTAGGTGGAGAGGGAGGTGTAGACCCTGGGCCTCCCAGGCACAG,496689d345da6a32cf740a74d3bee0b4886baac56bf82e82ed00ddabe4a1933b,-0.0019872566683036,0.0976336689095589,0.112238856200377,-302.6830653436482,-300.4525995478034,-292.43401891132817,-290.7625197814777,0.5589666659943191,1.0,0.0976336689095589,0.0,2,0.17600836902922254,0.17490732828716207,0.146091925319964,0.2930599721395826,1.0
chr16:81531460:G:A;chr16:81531530:C:G;var1;middle;OL27|K562|487f5f1555aae169,chr16:81531460:G:A;chr16:81531530:C:G;var1;middle;OL27,K562,K562_region_00784,100,170,70,CACAGGGCTTGTGCTCTGGGAGCCTTGGCCGACACAGGTGCCCCGCCGCCTCCTCTGCTGCTGCAGCCTCAAGGGCTACAAAGAAAGCTCCTTCTGCCCGTGCAGCGTGGGCTCCTGGGTCCCCTGCAGGCCACCATGGCTGCTGCTCCAGCTGTGGTCCCCCCAGAGGCTTCTCCAGGCAGTGCCTGCCGACTCTCCGG,b7ece5705acfc99e566b527deb191794d4a6428eb0a2065c7671668d09a48b57,0.0,CACAGGGCTTGTGCTCTGGGAGCCTTGGCCGACACAGGTGCCCCGCCGCCTCCTCTGCTGCTGCAGCCTCAAGGGCTACAAAGAAAGCTCCTTCTGCCCATGCAGCGTGGGCTCCTGGGTCCCCTGCAGGCCACCATGGCTGCTGCTCCAGCTGTGGTCCCCCCAGAGGCTTCTCCAGGCAGTGCCTGCCGACTCTCCGG,8aaefaedab6d34a0571e16440505c7f3871843f7a5cb558703c247c8e479bfdd,0.048608830844355,CACAGGGCTTGTGCTCTGGGAGCCTTGGCCGACACAGGTGCCCCGCCGCCTCCTCTGCTGCTGCAGCCTCAAGGGCTACAAAGAAAGCTCCTTCTGCCCGTGCAGCGTGGGCTCCTGGGTCCCCTGCAGGCCACCATGGCTGCTGCTCCAGCTGTGGTCCCCCCAGAGGGTTCTCCAGGCAGTGCCTGCCGACTCTCCGG,027ce492e5e25821d94e20f6c11abae2702c278cb81e9a45998dd8691cbbb290,-0.522823623666668,CACAGGGCTTGTGCTCTGGGAGCCTTGGCCGACACAGGTGCCCCGCCGCCTCCTCTGCTGCTGCAGCCTCAAGGGCTACAAAGAAAGCTCCTTCTGCCCATGCAGCGTGGGCTCCTGGGTCCCCTGCAGGCCACCATGGCTGCTGCTCCAGCTGTGGTCCCCCCAGAGGGTTCTCCAGGCAGTGCCTGCCGACTCTCCGG,487f5f1555aae1699577abbf47b136936b5809204dca0a0ec09d727ba39b7b2c,0.0213247464701968,0.4955395392925097,0.298848882215516,-260.13797087734565,-261.2360661774874,-263.0315544961486,-263.957073203288,0.17257659300230443,-1.0,-0.4955395392925097,0.0,2,0.17544575384260624,0.17490732828716207,0.146091925319964,0.3934476711141208,1.0
chr16:81599532:G:A;chr16:81599604:C:T;var1;middle;OL28|K562|15dc2e5c7100a236,chr16:81599532:G:A;chr16:81599604:C:T;var1;middle;OL28,K562,K562_region_00785,100,172,72,CCTTCAGGATGTGCCGACTCTCACCCAGCTTTTCCCAGCCCTGTGTTGGGCTGGCGCTTGGGGAGCGGGCACAGATGTCACGGGGGGACATGCCCCTGCGCCCTCCTTCACCTTTCAGGACCAGAGCCAGAGAGTTTCCCGAACACTCATAGCCAGCCCGGAGACTCCAGGCGAGAAACTCGGGAGGCCGAGGCAAATAG,09b1f1990a4df820702bbbf4e548844fab6c83285be1e65979ddfb6fc6560aa3,0.0,CCTTCAGGATGTGCCGACTCTCACCCAGCTTTTCCCAGCCCTGTGTTGGGCTGGCGCTTGGGGAGCGGGCACAGATGTCACGGGGGGACATGCCCCTGCACCCTCCTTCACCTTTCAGGACCAGAGCCAGAGAGTTTCCCGAACACTCATAGCCAGCCCGGAGACTCCAGGCGAGAAACTCGGGAGGCCGAGGCAAATAG,53e0c5c5b0d1a1bb121b2164f4c8834ffd09b4511e266f0889e0db619982d1a4,0.15647133773934,CCTTCAGGATGTGCCGACTCTCACCCAGCTTTTCCCAGCCCTGTGTTGGGCTGGCGCTTGGGGAGCGGGCACAGATGTCACGGGGGGACATGCCCCTGCGCCCTCCTTCACCTTTCAGGACCAGAGCCAGAGAGTTTCCCGAACACTCATAGCCAGCCCGGAGACTCCAGGTGAGAAACTCGGGAGGCCGAGGCAAATAG,4d6b24bd52e58979c32c40fc8749f3aa47d4152210fe6736009a327624a650e9,0.546125112983333,CCTTCAGGATGTGCCGACTCTCACCCAGCTTTTCCCAGCCCTGTGTTGGGCTGGCGCTTGGGGAGCGGGCACAGATGTCACGGGGGGACATGCCCCTGCACCCTCCTTCACCTTTCAGGACCAGAGCCAGAGAGTTTCCCGAACACTCATAGCCAGCCCGGAGACTCCAGGTGAGAAACTCGGGAGGCCGAGGCAAATAG,15dc2e5c7100a23616162d9cb0904fe9cc08d11143a472ecc234658aeb472d8e,0.224868154757843,0.4777282959648299,0.322648296135002,-297.9184508463368,-311.89711616467685,-291.0611646939069,-284.7498515378684,-20.289978474378586,1.0,0.4777282959648299,0.0,1,0.16172132662120225,0.18216460459877223,0.1501433469024087,0.36151001383927495,1.0
chr16:81764965:C:T;chr16:81764991:T:C;var1;middle;OL29|K562|2a3600032365b58d,chr16:81764965:C:T;chr16:81764991:T:C;var1;middle;OL29,K562,K562_region_00786,100,126,26,GTGCAGTGCACTGCAGTTCACTGCAACCTGTGCCTCCTGTGTTCAAGCAATTCTCCTGCCTCAGCCTCCTGAGTAGCTGGGATTACAGGCATGCACCACCCCGCCCAGGCTAATTTTTCTATTTTTAGTAGAGACAGGGTTTCACCATGTTGGTCAGGCTGGTCTCGACCTTCTGATCTTGTGATCCAACCACCTGGGCC,36a4d19381b6d7d522eafb2533cbf1d61ef9e7000c01fff897f6ba21da59b3ba,0.0,GTGCAGTGCACTGCAGTTCACTGCAACCTGTGCCTCCTGTGTTCAAGCAATTCTCCTGCCTCAGCCTCCTGAGTAGCTGGGATTACAGGCATGCACCACTCCGCCCAGGCTAATTTTTCTATTTTTAGTAGAGACAGGGTTTCACCATGTTGGTCAGGCTGGTCTCGACCTTCTGATCTTGTGATCCAACCACCTGGGCC,a1ae1512a31a067300e36992ff29a49974da7f48f367b8e1b467b1642ba465b7,-0.0874030638312946,GTGCAGTGCACTGCAGTTCACTGCAACCTGTGCCTCCTGTGTTCAAGCAATTCTCCTGCCTCAGCCTCCTGAGTAGCTGGGATTACAGGCATGCACCACCCCGCCCAGGCTAATTTTTCTATTTTCAGTAGAGACAGGGTTTCACCATGTTGGTCAGGCTGGTCTCGACCTTCTGATCTTGTGATCCAACCACCTGGGCC,906ae3d5d65b88890554489e15d97f4602edf9d0557aa995a1eb1c1f3f522898,-0.137148663761451,GTGCAGTGCACTGCAGTTCACTGCAACCTGTGCCTCCTGTGTTCAAGCAATTCTCCTGCCTCAGCCTCCTGAGTAGCTGGGATTACAGGCATGCACCACTCCGCCCAGGCTAATTTTTCTATTTTCAGTAGAGACAGGGTTTCACCATGTTGGTCAGGCTGGTCTCGACCTTCTGATCTTGTGATCCAACCACCTGGGCC,2a3600032365b58d499c8e77c8fbe71baae08e141a3361a21d77aa5c89bd5fd5,-0.165862376449332,-0.0586893511434136,0.16082682494396,-88.63056242512539,-90.62962396303192,-91.45052768150344,-93.4464213536121,-0.0031678657978773117,1.0,-0.0586893511434136,0.0,4,0.17619539998889905,0.17620727786206916,0.145609630836647,0.17621830258296817,1.0
chr16:82203711:G:T;chr16:82203758:C:T;var1;middle;OL41|K562|c79162358cfa1c7c,chr16:82203711:G:T;chr16:82203758:C:T;var1;middle;OL41,K562,K562_region_00787,100,147,47,CTGGAAGCCCTCTGAGGCCTCTCTGGTGTCCCTTGTCCGCCCGCCGCCTCGGCCCCGGCCAGGTTGGAAGGACCGGGTGCCCCTACCGCCCGGAGTGGCGCTCTCAGCGTCCCCGCACCTTCATGCGCAGTAGATTCTTGGACAACCTTGTCTTTCGCTCGGCCGCCATGGTAGCTTCCGCCCAGCGCCGCACTCCGGCC,0d897df2ca7c452df176af88223cdbcb540397a4eb3254fa99bd63b7f5e92578,0.0,CTGGAAGCCCTCTGAGGCCTCTCTGGTGTCCCTTGTCCGCCCGCCGCCTCGGCCCCGGCCAGGTTGGAAGGACCGGGTGCCCCTACCGCCCGGAGTGGCTCTCTCAGCGTCCCCGCACCTTCATGCGCAGTAGATTCTTGGACAACCTTGTCTTTCGCTCGGCCGCCATGGTAGCTTCCGCCCAGCGCCGCACTCCGGCC,0d9f11c5d769044329024ae5c09d180566182cf35285df518ba3cf0a2cbd48aa,-0.545934219862116,CTGGAAGCCCTCTGAGGCCTCTCTGGTGTCCCTTGTCCGCCCGCCGCCTCGGCCCCGGCCAGGTTGGAAGGACCGGGTGCCCCTACCGCCCGGAGTGGCGCTCTCAGCGTCCCCGCACCTTCATGCGCAGTAGATTCTTGGACAACTTTGTCTTTCGCTCGGCCGCCATGGTAGCTTCCGCCCAGCGCCGCACTCCGGCC,4fcc1ec85b7ba9e708bcaa62c42fbe9de607bdb549f496d32dfefcdd906fbbbc,-0.268492289951038,CTGGAAGCCCTCTGAGGCCTCTCTGGTGTCCCTTGTCCGCCCGCCGCCTCGGCCCCGGCCAGGTTGGAAGGACCGGGTGCCCCTACCGCCCGGAGTGGCTCTCTCAGCGTCCCCGCACCTTCATGCGCAGTAGATTCTTGGACAACTTTGTCTTTCGCTCGGCCGCCATGGTAGCTTCCGCCCAGCGCCGCACTCCGGCC,c79162358cfa1c7c68924b29f0cee9e72bb1a2324e6c123397ec18cef4ef2d7e,-0.485610692493074,0.32881581732008,0.238897481193822,-314.9150010412559,-311.6591974394396,-301.7740620537661,-298.6836839928292,-0.16542554087936878,-1.0,-0.32881581732008,0.0,3,0.18113979801650057,0.18106719778262317,0.1474303780702046,0.20562783169310456,1.0
chr16:82203711:G:T;chr16:82203786:C:G;var1;middle;OL41|K562|5a3e0abc05b9904a,chr16:82203711:G:T;chr16:82203786:C:G;var1;middle;OL41,K562,K562_region_00787,100,175,75,CTGGAAGCCCTCTGAGGCCTCTCTGGTGTCCCTTGTCCGCCCGCCGCCTCGGCCCCGGCCAGGTTGGAAGGACCGGGTGCCCCTACCGCCCGGAGTGGCGCTCTCAGCGTCCCCGCACCTTCATGCGCAGTAGATTCTTGGACAACCTTGTCTTTCGCTCGGCCGCCATGGTAGCTTCCGCCCAGCGCCGCACTCCGGCC,0d897df2ca7c452df176af88223cdbcb540397a4eb3254fa99bd63b7f5e92578,0.0,CTGGAAGCCCTCTGAGGCCTCTCTGGTGTCCCTTGTCCGCCCGCCGCCTCGGCCCCGGCCAGGTTGGAAGGACCGGGTGCCCCTACCGCCCGGAGTGGCTCTCTCAGCGTCCCCGCACCTTCATGCGCAGTAGATTCTTGGACAACCTTGTCTTTCGCTCGGCCGCCATGGTAGCTTCCGCCCAGCGCCGCACTCCGGCC,0d9f11c5d769044329024ae5c09d180566182cf35285df518ba3cf0a2cbd48aa,-0.546005850507712,CTGGAAGCCCTCTGAGGCCTCTCTGGTGTCCCTTGTCCGCCCGCCGCCTCGGCCCCGGCCAGGTTGGAAGGACCGGGTGCCCCTACCGCCCGGAGTGGCGCTCTCAGCGTCCCCGCACCTTCATGCGCAGTAGATTCTTGGACAACCTTGTCTTTCGCTCGGCCGCCATGGTAGGTTCCGCCCAGCGCCGCACTCCGGCC,b3205048fd867e21785e846902631b4232de4ba64ec7b71bbf672344e7af2e8a,-0.332147627436505,CTGGAAGCCCTCTGAGGCCTCTCTGGTGTCCCTTGTCCGCCCGCCGCCTCGGCCCCGGCCAGGTTGGAAGGACCGGGTGCCCCTACCGCCCGGAGTGGCTCTCTCAGCGTCCCCGCACCTTCATGCGCAGTAGATTCTTGGACAACCTTGTCTTTCGCTCGGCCGCCATGGTAGGTTCCGCCCAGCGCCGCACTCCGGCC,5a3e0abc05b9904affec82efe7101ba5fd448ae6b8f20f1dd5f25e758f2ea3d5,-0.709016031060014,-0.169137446884203,0.213527982176033,-314.9150010412559,-311.6591974394396,-304.7763071991503,-302.10107516217977,0.5805715648457408,1.0,-0.169137446884203,0.0,3,0.1826423745040486,0.18106719778262317,0.1474303780702046,0.13708279480496346,1.0
chr16:82874512:T:C;chr16:82874522:C:T;var1;middle;OL29|K562|c9821dd7bdd72578,chr16:82874512:T:C;chr16:82874522:C:T;var1;middle;OL29,K562,K562_region_00788,100,110,10,TTGGCCGTTTCATTGTAACACAAATGACTTCTCTGCAGCTGTTCAAGGAAGACTCTTTTCCTATGAGTGTTGGTAGATGAAGAGTGGAAACTCAGGTGCTTGGCAAGGTCAGAAAGTTAGTGTCAATGAGTGAGGAGGCTTGGGTAGAAGAAAAGTCTGTATGAAGACATAAGTACAAACCAAAAATCACTTTTAGTTGA,5644a404a04cd13f978abf629f7c51d925a0a12f7ae409e6a08196549c5c951d,0.0,TTGGCCGTTTCATTGTAACACAAATGACTTCTCTGCAGCTGTTCAAGGAAGACTCTTTTCCTATGAGTGTTGGTAGATGAAGAGTGGAAACTCAGGTGCCTGGCAAGGTCAGAAAGTTAGTGTCAATGAGTGAGGAGGCTTGGGTAGAAGAAAAGTCTGTATGAAGACATAAGTACAAACCAAAAATCACTTTTAGTTGA,7a5d44f7d2e1a31b4d64deeadaecf30ab2a4369a4b9791b99048edf9c0543042,-0.255167356762261,TTGGCCGTTTCATTGTAACACAAATGACTTCTCTGCAGCTGTTCAAGGAAGACTCTTTTCCTATGAGTGTTGGTAGATGAAGAGTGGAAACTCAGGTGCTTGGCAAGGTTAGAAAGTTAGTGTCAATGAGTGAGGAGGCTTGGGTAGAAGAAAAGTCTGTATGAAGACATAAGTACAAACCAAAAATCACTTTTAGTTGA,79d21fe79faacf4562e61717264ea76245f036f5e6b56c60e4212d9b9af2fb40,-0.0397479843553849,TTGGCCGTTTCATTGTAACACAAATGACTTCTCTGCAGCTGTTCAAGGAAGACTCTTTTCCTATGAGTGTTGGTAGATGAAGAGTGGAAACTCAGGTGCCTGGCAAGGTTAGAAAGTTAGTGTCAATGAGTGAGGAGGCTTGGGTAGAAGAAAAGTCTGTATGAAGACATAAGTACAAACCAAAAATCACTTTTAGTTGA,c9821dd7bdd72578ff6fbfa4f253dda4296cceb47b0fefdc8ce65924ed4aadbd,-0.0861956822459544,0.2087196588716914,0.196676147956985,-334.02700775908306,-328.3246325026266,-372.835791884223,-359.34327443735674,7.790142190409824,-1.0,-0.2087196588716914,0.0,2,0.18653754524646038,0.17490732828716207,0.146091925319964,0.09902438975755685,1.0
chr16:83794986:G:A;chr16:83794991:C:G;var1;middle;OL41|K562|d6faaae74a50de1d,chr16:83794986:G:A;chr16:83794991:C:G;var1;middle;OL41,K562,K562_region_00789,100,105,5,AATGCCTAGGTTGCAGATGACTTGAGGAGGAAAAGACACGTTGTAACCAACAGAATATTCAAGGTACTTTCTTTAAACTTAAAAGAAAATCCTTGGCTAGATTACATTTCACTGAGTTTAGTTGAGCAAAGAACAATTGGTGAATTGGGCAACCTCTCAAGCCAAAGTAAGCTGAGAGAGACTCCAGCGCAGGCATGTAG,45cb2a375416002888c1d5b56b34c5315d60fff2ed28a0530aec1b23ae7fce7a,0.0,AATGCCTAGGTTGCAGATGACTTGAGGAGGAAAAGACACGTTGTAACCAACAGAATATTCAAGGTACTTTCTTTAAACTTAAAAGAAAATCCTTGGCTAAATTACATTTCACTGAGTTTAGTTGAGCAAAGAACAATTGGTGAATTGGGCAACCTCTCAAGCCAAAGTAAGCTGAGAGAGACTCCAGCGCAGGCATGTAG,5585e69eaccab52c702232673bac08146a21efda5620a8aeaa65aabeabe52ba9,-0.104056059089619,AATGCCTAGGTTGCAGATGACTTGAGGAGGAAAAGACACGTTGTAACCAACAGAATATTCAAGGTACTTTCTTTAAACTTAAAAGAAAATCCTTGGCTAGATTAGATTTCACTGAGTTTAGTTGAGCAAAGAACAATTGGTGAATTGGGCAACCTCTCAAGCCAAAGTAAGCTGAGAGAGACTCCAGCGCAGGCATGTAG,b0e12f34f67150a3d19d6e1673422b0784620fbc53f7fd83eebf5eff649fec5c,-0.222349440432429,AATGCCTAGGTTGCAGATGACTTGAGGAGGAAAAGACACGTTGTAACCAACAGAATATTCAAGGTACTTTCTTTAAACTTAAAAGAAAATCCTTGGCTAAATTAGATTTCACTGAGTTTAGTTGAGCAAAGAACAATTGGTGAATTGGGCAACCTCTCAAGCCAAAGTAAGCTGAGAGAGACTCCAGCGCAGGCATGTAG,d6faaae74a50de1ded0e3757612b87ce40239b35614519b67e4617f23437d56d,-0.270141725630927,-0.056263773891121,0.262940535655987,-268.92768746614456,-281.160179855302,-268.91478553414345,-282.23762027174234,1.0903423484414816,1.0,-0.056263773891121,0.0,1,0.1834745174497051,0.18216460459877223,0.1501433469024087,0.035730752373314606,1.0
chr16:83794986:G:A;chr16:83795059:T:A;var1;middle;OL41|K562|2b384ed6d7a66d80,chr16:83794986:G:A;chr16:83795059:T:A;var1;middle;OL41,K562,K562_region_00789,100,173,73,AATGCCTAGGTTGCAGATGACTTGAGGAGGAAAAGACACGTTGTAACCAACAGAATATTCAAGGTACTTTCTTTAAACTTAAAAGAAAATCCTTGGCTAGATTACATTTCACTGAGTTTAGTTGAGCAAAGAACAATTGGTGAATTGGGCAACCTCTCAAGCCAAAGTAAGCTGAGAGAGACTCCAGCGCAGGCATGTAG,45cb2a375416002888c1d5b56b34c5315d60fff2ed28a0530aec1b23ae7fce7a,0.0,AATGCCTAGGTTGCAGATGACTTGAGGAGGAAAAGACACGTTGTAACCAACAGAATATTCAAGGTACTTTCTTTAAACTTAAAAGAAAATCCTTGGCTAAATTACATTTCACTGAGTTTAGTTGAGCAAAGAACAATTGGTGAATTGGGCAACCTCTCAAGCCAAAGTAAGCTGAGAGAGACTCCAGCGCAGGCATGTAG,5585e69eaccab52c702232673bac08146a21efda5620a8aeaa65aabeabe52ba9,-0.10424466074118,AATGCCTAGGTTGCAGATGACTTGAGGAGGAAAAGACACGTTGTAACCAACAGAATATTCAAGGTACTTTCTTTAAACTTAAAAGAAAATCCTTGGCTAGATTACATTTCACTGAGTTTAGTTGAGCAAAGAACAATTGGTGAATTGGGCAACCTCTCAAGCCAAAGTAAGCAGAGAGAGACTCCAGCGCAGGCATGTAG,04c4bc52c839c91bb4d0b96e943d4a8a1287fab11ead0bae4b443f91fd2b2b35,-0.432827075757637,AATGCCTAGGTTGCAGATGACTTGAGGAGGAAAAGACACGTTGTAACCAACAGAATATTCAAGGTACTTTCTTTAAACTTAAAAGAAAATCCTTGGCTAAATTACATTTCACTGAGTTTAGTTGAGCAAAGAACAATTGGTGAATTGGGCAACCTCTCAAGCCAAAGTAAGCAGAGAGAGACTCCAGCGCAGGCATGTAG,2b384ed6d7a66d80defe1e9647b58dd25e9ec9dd15f45bb7ccd20eedaca31427,0.0608752342350973,0.5979469707339143,0.290938212647949,-268.92768746614456,-281.160179855302,-268.4542697817087,-276.20777010917664,4.478992061689496,-1.0,-0.5979469707339143,0.0,1,0.18692226477183874,0.18216460459877223,0.1501433469024087,0.09654537752375741,1.0
chr16:83794991:C:G;chr16:83795059:T:A;var1;middle;OL41|K562|4be0ef6faf7729f1,chr16:83794991:C:G;chr16:83795059:T:A;var1;middle;OL41,K562,K562_region_00789,100,168,68,CTAGGTTGCAGATGACTTGAGGAGGAAAAGACACGTTGTAACCAACAGAATATTCAAGGTACTTTCTTTAAACTTAAAAGAAAATCCTTGGCTAGATTACATTTCACTGAGTTTAGTTGAGCAAAGAACAATTGGTGAATTGGGCAACCTCTCAAGCCAAAGTAAGCTGAGAGAGACTCCAGCGCAGGCATGTAGTGGAA,53f5819b2fd1a32f6d3f394e665c03242a1f1822a5659771f9d513a3bef00293,0.0,CTAGGTTGCAGATGACTTGAGGAGGAAAAGACACGTTGTAACCAACAGAATATTCAAGGTACTTTCTTTAAACTTAAAAGAAAATCCTTGGCTAGATTAGATTTCACTGAGTTTAGTTGAGCAAAGAACAATTGGTGAATTGGGCAACCTCTCAAGCCAAAGTAAGCTGAGAGAGACTCCAGCGCAGGCATGTAGTGGAA,63b468d5b0b9fcac79acee5ddff27dfe7a0aec63ad24aae5bb4c03dd63c1ecf7,-0.215101782448303,CTAGGTTGCAGATGACTTGAGGAGGAAAAGACACGTTGTAACCAACAGAATATTCAAGGTACTTTCTTTAAACTTAAAAGAAAATCCTTGGCTAGATTACATTTCACTGAGTTTAGTTGAGCAAAGAACAATTGGTGAATTGGGCAACCTCTCAAGCCAAAGTAAGCAGAGAGAGACTCCAGCGCAGGCATGTAGTGGAA,322233ebcda04b129b27a6e1274d301b9c575a5a807675122e4a49c4319197e6,0.257989232448894,CTAGGTTGCAGATGACTTGAGGAGGAAAAGACACGTTGTAACCAACAGAATATTCAAGGTACTTTCTTTAAACTTAAAAGAAAATCCTTGGCTAGATTAGATTTCACTGAGTTTAGTTGAGCAAAGAACAATTGGTGAATTGGGCAACCTCTCAAGCCAAAGTAAGCAGAGAGAGACTCCAGCGCAGGCATGTAGTGGAA,4be0ef6faf7729f19f312b3178cc4ade22a789a937aec84a048036cb0318eb74,0.0018321458308063,-0.0410553041697846,0.29389656356686,-271.0550391674042,-269.8350017368793,-272.90850538015366,-272.03099432587624,-0.342526376247406,-1.0,0.0410553041697846,0.0,1,0.1820166596814025,0.18216460459877223,0.1501433469024087,0.11414520706956295,1.0
chr16:83979317:T:C;chr16:83979322:A:G;var1;middle;OL27|K562|8316d64dee5f84ca,chr16:83979317:T:C;chr16:83979322:A:G;var1;middle;OL27,K562,K562_region_00790,100,105,5,AGTTCCAGACCAGCCTGGCCAACATGGTGAAACCTCGTCTCTACTAAAGAAAAAAAAAAAAAAAAAGACTGTAATTTGGGGCTCAGAGTATGGCCACGCTTAGGATGAAAGACATGAAACGGCCAAGGGGAAACGCCAAATTCAAAGTCCATTGAGTTCAAAGTCAGTGTTATGGGAACTGAGTCAGGGAAAGGGCTAAT,576cf9777d9a57518ccf237a3233f9eb18d419309bf2a6d91ed9246a963f5adf,0.0,AGTTCCAGACCAGCCTGGCCAACATGGTGAAACCTCGTCTCTACTAAAGAAAAAAAAAAAAAAAAAGACTGTAATTTGGGGCTCAGAGTATGGCCACGCCTAGGATGAAAGACATGAAACGGCCAAGGGGAAACGCCAAATTCAAAGTCCATTGAGTTCAAAGTCAGTGTTATGGGAACTGAGTCAGGGAAAGGGCTAAT,7915de79c6885923888894f295a1699c4057356c0d294179dfea35b737269b17,0.566759975608794,AGTTCCAGACCAGCCTGGCCAACATGGTGAAACCTCGTCTCTACTAAAGAAAAAAAAAAAAAAAAAGACTGTAATTTGGGGCTCAGAGTATGGCCACGCTTAGGGTGAAAGACATGAAACGGCCAAGGGGAAACGCCAAATTCAAAGTCCATTGAGTTCAAAGTCAGTGTTATGGGAACTGAGTCAGGGAAAGGGCTAAT,0a5dcc2a25ff0c680f8d78d4204af6cc2104d76f53b0e4f3e03eba5ddb04e469,-0.0730064325798594,AGTTCCAGACCAGCCTGGCCAACATGGTGAAACCTCGTCTCTACTAAAGAAAAAAAAAAAAAAAAAGACTGTAATTTGGGGCTCAGAGTATGGCCACGCCTAGGGTGAAAGACATGAAACGGCCAAGGGGAAACGCCAAATTCAAAGTCCATTGAGTTCAAAGTCAGTGTTATGGGAACTGAGTCAGGGAAAGGGCTAAT,8316d64dee5f84ca829e317384c95ac3c47468b490b6140fffaeb59ae7512589,0.360335778630303,-0.1334177643986315,0.192511312351072,-233.12852689251304,-237.6542690997012,-235.28695066319776,-235.51885745627808,4.2938354141078605,-1.0,0.1334177643986315,0.0,3,0.19012157637915522,0.18106719778262317,0.1474303780702046,0.17726962728194434,1.0
chr16:84130:A:G;chr16:84170:C:T;var1;middle;OL41|K562|d315b288a88f7005,chr16:84130:A:G;chr16:84170:C:T;var1;middle;OL41,K562,K562_region_00673,100,140,40,CTCTGGGGAGCCTGGAAGCACACGGGCTGGCTACACTCGCTCCACTGGCCTGTGTAACGCTCCTCCTGTGCCCCGTCATCCTCCAGCATGGCCATCTGGACACGCAGCCCGGCCTCATGGATAAAGCCAGGGTCCAGCTCAAAGGCTCCAAGTATGAGCCAGGTCACCCCAACGATGTGATCCCTGTGCTGGGCCCACTG,aca87010ea15bc782cf36e4819deec6760b914572a522257f1860edae1be039c,0.0,CTCTGGGGAGCCTGGAAGCACACGGGCTGGCTACACTCGCTCCACTGGCCTGTGTAACGCTCCTCCTGTGCCCCGTCATCCTCCAGCATGGCCATCTGGGCACGCAGCCCGGCCTCATGGATAAAGCCAGGGTCCAGCTCAAAGGCTCCAAGTATGAGCCAGGTCACCCCAACGATGTGATCCCTGTGCTGGGCCCACTG,423ddc2d9d8410450378a6cb2cb3c16ea30f19194ad06d2c36884bcf93a84b9d,-0.27904612922347,CTCTGGGGAGCCTGGAAGCACACGGGCTGGCTACACTCGCTCCACTGGCCTGTGTAACGCTCCTCCTGTGCCCCGTCATCCTCCAGCATGGCCATCTGGACACGCAGCCCGGCCTCATGGATAAAGCCAGGGTCCAGCTTAAAGGCTCCAAGTATGAGCCAGGTCACCCCAACGATGTGATCCCTGTGCTGGGCCCACTG,1e306d4bf01d49d59ccd89800e46e6b39b5f3dd9336a86526c8295e45f2e8fb0,0.286157855707101,CTCTGGGGAGCCTGGAAGCACACGGGCTGGCTACACTCGCTCCACTGGCCTGTGTAACGCTCCTCCTGTGCCCCGTCATCCTCCAGCATGGCCATCTGGGCACGCAGCCCGGCCTCATGGATAAAGCCAGGGTCCAGCTTAAAGGCTCCAAGTATGAGCCAGGTCACCCCAACGATGTGATCCCTGTGCTGGGCCCACTG,d315b288a88f7005c79e40155232d00172c7791861c1cf9f550a89972c7df2fe,-0.216957689809997,-0.224069416293628,0.444481558783779,-294.26571640139446,-279.4227695260197,-300.95553241018206,-276.88096124492586,9.231624289881438,-1.0,0.224069416293628,0.0,3,0.20006719869896558,0.18106719778262317,0.1474303780702046,0.32566760341793577,1.0
chr16:84229559:T:C;chr16:84229580:C:T;var1;middle;OL41|K562|aa6fbab593c025e8,chr16:84229559:T:C;chr16:84229580:C:T;var1;middle;OL41,K562,K562_region_00791,100,121,21,ACCCATGCGCCTGCAGGCCCATGTGCTCGGGCAGCTGAAGCCTGTGTGCTACGTGGCGCCCTCGCTCTGTGACACCCACGTGGGCTGCCTGTCAGCCAGTGACAAGCTGGCACGCTGGGCCGTGCTGGGGCTGGGTGGTGCCCTGCTGGCCCACCTGGTGTCCCCACTCTACAGCACCAGCCTCATCCTGGGTGAGCACG,769bf6406eab3e88599c6067b01d8f3f0c5a3086f60dbf35bdcec6e505818764,0.0,ACCCATGCGCCTGCAGGCCCATGTGCTCGGGCAGCTGAAGCCTGTGTGCTACGTGGCGCCCTCGCTCTGTGACACCCACGTGGGCTGCCTGTCAGCCAGCGACAAGCTGGCACGCTGGGCCGTGCTGGGGCTGGGTGGTGCCCTGCTGGCCCACCTGGTGTCCCCACTCTACAGCACCAGCCTCATCCTGGGTGAGCACG,f7e77ef3b59f3d4e1e619d7eac3856c35f360321d2d52418ebc26cf625b79fb7,-0.92113114728775,ACCCATGCGCCTGCAGGCCCATGTGCTCGGGCAGCTGAAGCCTGTGTGCTACGTGGCGCCCTCGCTCTGTGACACCCACGTGGGCTGCCTGTCAGCCAGTGACAAGCTGGCACGCTGGGCTGTGCTGGGGCTGGGTGGTGCCCTGCTGGCCCACCTGGTGTCCCCACTCTACAGCACCAGCCTCATCCTGGGTGAGCACG,e8ad31517bf97f0f38273fa2edca0eb7d6d787928d8082501da3a4ad2d1e6e9e,-0.0575475617605052,ACCCATGCGCCTGCAGGCCCATGTGCTCGGGCAGCTGAAGCCTGTGTGCTACGTGGCGCCCTCGCTCTGTGACACCCACGTGGGCTGCCTGTCAGCCAGCGACAAGCTGGCACGCTGGGCTGTGCTGGGGCTGGGTGGTGCCCTGCTGGCCCACCTGGTGTCCCCACTCTACAGCACCAGCCTCATCCTGGGTGAGCACG,aa6fbab593c025e81657a822afe07a9d084d6be7b662c7274804cad08febc629,-0.580490882860547,0.3981878261877083,0.452404819044973,-238.59148359467508,-244.6402227653307,-241.0151165373973,-241.7386210198165,5.325234688236378,-1.0,-0.3981878261877083,0.0,2,0.1829484406310426,0.17490732828716207,0.146091925319964,0.1286279609882705,1.0
chr16:84233007:C:G;chr16:84233018:C:T;var1;middle;OL41|K562|bd43d9402dc377af,chr16:84233007:C:G;chr16:84233018:C:T;var1;middle;OL41,K562,K562_region_00792,100,111,11,GAGCTGAGAGGCAGGAGGAGCTGCAATTCACATGTGCAAAGGACAGGAGGTGAGCCCTTGCTGAGGGAGGAGGACTACAGAGAGAGGCGTTTGCACCAGCAGGAAGGGTCCGCGGGGCCGGGAAAGCCAGGAAAGCACCGATTTCTTGTTTGAGAAGACAAGGATTTTTACCTTTAGTTTTTGGTTTTTTAAAAAAACAA,41740733048d196bb014ee67b51f86d7ee96d16034c435c0ca8ccd43b3b257f2,0.0,GAGCTGAGAGGCAGGAGGAGCTGCAATTCACATGTGCAAAGGACAGGAGGTGAGCCCTTGCTGAGGGAGGAGGACTACAGAGAGAGGCGTTTGCACCAGGAGGAAGGGTCCGCGGGGCCGGGAAAGCCAGGAAAGCACCGATTTCTTGTTTGAGAAGACAAGGATTTTTACCTTTAGTTTTTGGTTTTTTAAAAAAACAA,376ada8300a06febabfa7e7b7425aa77cac5fc68d3e228e7ebf50f167f500631,-0.207076419498001,GAGCTGAGAGGCAGGAGGAGCTGCAATTCACATGTGCAAAGGACAGGAGGTGAGCCCTTGCTGAGGGAGGAGGACTACAGAGAGAGGCGTTTGCACCAGCAGGAAGGGTCTGCGGGGCCGGGAAAGCCAGGAAAGCACCGATTTCTTGTTTGAGAAGACAAGGATTTTTACCTTTAGTTTTTGGTTTTTTAAAAAAACAA,6cb5bf9081cc5ae72e0831b7d9ba3fa46e51cc8742b896c6c3fa0744e68c156e,0.0980847029996111,GAGCTGAGAGGCAGGAGGAGCTGCAATTCACATGTGCAAAGGACAGGAGGTGAGCCCTTGCTGAGGGAGGAGGACTACAGAGAGAGGCGTTTGCACCAGGAGGAAGGGTCTGCGGGGCCGGGAAAGCCAGGAAAGCACCGATTTCTTGTTTGAGAAGACAAGGATTTTTACCTTTAGTTTTTGGTTTTTTAAAAAAACAA,bd43d9402dc377af98e5ba5f70fb2d2a8d0ca449acd4b99e56c7c1e15a54a394,-0.100464989754139,0.0085267267442509,0.154099799372765,-279.0948624297744,-292.2334068497876,-276.5927835312905,-298.26143402641173,-8.530106075108108,-1.0,-0.0085267267442509,0.0,1,0.17368628966081825,0.18216460459877223,0.1501433469024087,0.12282630816114376,1.0
chr16:84517644:C:T;chr16:84517720:G:A;var1;middle;OL41|K562|bfc30ac6e17fff9c,chr16:84517644:C:T;chr16:84517720:G:A;var1;middle;OL41,K562,K562_region_00793,100,176,76,GCTACAGACTCAGGCTTGCTTCACTGGGTTTCAGCAGCCCCAGAGGCTTGAGGGCAGGTTTAGACGCCGCCATGAACAGCTGGGTCACACCCGTCTGCACTGCCCCCGCCCCGCTCTCCCCGACTGGACTTCAGGTAAGCGGCCCTTTGCTTTGCAATCCTGAGCCCGTCTTGCTGCGGAGCAAGGTCGCAGGGCCACAG,52a4833efbd34de15ae017581bb2cab7ff5c2eb07e686d5087427a81c184c9a5,0.0,GCTACAGACTCAGGCTTGCTTCACTGGGTTTCAGCAGCCCCAGAGGCTTGAGGGCAGGTTTAGACGCCGCCATGAACAGCTGGGTCACACCCGTCTGCATTGCCCCCGCCCCGCTCTCCCCGACTGGACTTCAGGTAAGCGGCCCTTTGCTTTGCAATCCTGAGCCCGTCTTGCTGCGGAGCAAGGTCGCAGGGCCACAG,f7989e4e116166e9279fcf407b2cfa00ffb95f45ccac87d0e08ffc4c77a6ceb9,-0.230804008987166,GCTACAGACTCAGGCTTGCTTCACTGGGTTTCAGCAGCCCCAGAGGCTTGAGGGCAGGTTTAGACGCCGCCATGAACAGCTGGGTCACACCCGTCTGCACTGCCCCCGCCCCGCTCTCCCCGACTGGACTTCAGGTAAGCGGCCCTTTGCTTTGCAATCCTGAGCCCGTCTTGCTACGGAGCAAGGTCGCAGGGCCACAG,f2614771e45a151ab05cdb470f150c5b9069f49ddb2a45ae8815bde6c40a8c5a,-0.316211976333555,GCTACAGACTCAGGCTTGCTTCACTGGGTTTCAGCAGCCCCAGAGGCTTGAGGGCAGGTTTAGACGCCGCCATGAACAGCTGGGTCACACCCGTCTGCATTGCCCCCGCCCCGCTCTCCCCGACTGGACTTCAGGTAAGCGGCCCTTTGCTTTGCAATCCTGAGCCCGTCTTGCTACGGAGCAAGGTCGCAGGGCCACAG,bfc30ac6e17fff9c36671e0b089cc51e6796a59579cfb54a406f5424667eb72d,-0.495866871969101,-0.05114911335162,0.314156202199541,-311.6248800973408,-324.80216629756615,-310.31505060126074,-320.86534272669815,-2.6269940747879446,1.0,-0.05114911335162,0.0,1,0.17969235116425142,0.18216460459877223,0.1501433469024087,0.10212546944336673,1.0
chr16:84857345:A:G;chr16:84857378:A:G;var1;middle;OL33|K562|848b50d24bf987b3,chr16:84857345:A:G;chr16:84857378:A:G;var1;middle;OL33,K562,K562_region_00794,100,133,33,AATGACGAGTACTCTTGGACAAAGACCCCTCTTGCAAGGCTGCGAGGACATCATGGTCCAGCCCGAGGGAGATTTATCTTTGATTGTCTTGAGTGCTGCATCAGCTAAGACAAAAACCACAGAGTCAGAGGGAAAAAAAACGTCCTGATGAGGATTGTGCAATTTCCGGACCATCATTTTTTAAAAATTATAAATTATGA,9a030828eb399ac3a1c355cb4d46c1052a2ad9ec4a437e51e8296bd841fd7d83,0.0,AATGACGAGTACTCTTGGACAAAGACCCCTCTTGCAAGGCTGCGAGGACATCATGGTCCAGCCCGAGGGAGATTTATCTTTGATTGTCTTGAGTGCTGCGTCAGCTAAGACAAAAACCACAGAGTCAGAGGGAAAAAAAACGTCCTGATGAGGATTGTGCAATTTCCGGACCATCATTTTTTAAAAATTATAAATTATGA,9e76005f76fe6f82428e19759bc7b7600abc6a47305563d065ec3986da808785,1.90660644211405,AATGACGAGTACTCTTGGACAAAGACCCCTCTTGCAAGGCTGCGAGGACATCATGGTCCAGCCCGAGGGAGATTTATCTTTGATTGTCTTGAGTGCTGCATCAGCTAAGACAAAAACCACAGAGTCAGAGGGGAAAAAAACGTCCTGATGAGGATTGTGCAATTTCCGGACCATCATTTTTTAAAAATTATAAATTATGA,0b6e2c3de977a999f0e2bfd24bbdafef2411de611b025c88b8d0e15fa7a15d07,-0.0257140303333326,AATGACGAGTACTCTTGGACAAAGACCCCTCTTGCAAGGCTGCGAGGACATCATGGTCCAGCCCGAGGGAGATTTATCTTTGATTGTCTTGAGTGCTGCGTCAGCTAAGACAAAAACCACAGAGTCAGAGGGGAAAAAAACGTCCTGATGAGGATTGTGCAATTTCCGGACCATCATTTTTTAAAAATTATAAATTATGA,848b50d24bf987b34cfb98b203b1f804a2b49c73cf5ca4c50f98ee743bb4db88,1.7473820810862,-0.1335103306945175,0.249760221685035,-391.6236210435163,-370.8279251009226,-387.8009481602349,-369.997126824921,-2.9918746072798967,-1.0,0.1335103306945175,0.0,1,0.17932110716287836,0.18216460459877223,0.1501433469024087,0.1769626315385408,1.0
chr16:85059568:G:A;chr16:85059628:A:C;var1;middle;OL41|K562|e1e359f21d181f2a,chr16:85059568:G:A;chr16:85059628:A:C;var1;middle;OL41,K562,K562_region_00795,100,160,60,TGTGACTTGGTCTTTGTCACTGTTGTTTCATCTTTGGAGAGGTCACAAATATTTTTTTGTTAAGTCATCTGCCCTGAAGATTTTCCAGGCCCAATGTCAGGTTCACTGATCTGTGGTTTGCAGAACTCACTTTCTTCCTCTTTTAAAAAATGGTCATGTAATCTGCCTCTCTCTAACCTTTTGACAAGGTCAGAAAACCT,144222b25658c6d407a1582e00b3e728b61f575f7092e281aa66cbbdfaf3555a,0.0,TGTGACTTGGTCTTTGTCACTGTTGTTTCATCTTTGGAGAGGTCACAAATATTTTTTTGTTAAGTCATCTGCCCTGAAGATTTTCCAGGCCCAATGTCAAGTTCACTGATCTGTGGTTTGCAGAACTCACTTTCTTCCTCTTTTAAAAAATGGTCATGTAATCTGCCTCTCTCTAACCTTTTGACAAGGTCAGAAAACCT,815cb5e8e39e22f96cb09ad448df704d682d417ad0e816372ac92960f07915d5,-0.0220380187938033,TGTGACTTGGTCTTTGTCACTGTTGTTTCATCTTTGGAGAGGTCACAAATATTTTTTTGTTAAGTCATCTGCCCTGAAGATTTTCCAGGCCCAATGTCAGGTTCACTGATCTGTGGTTTGCAGAACTCACTTTCTTCCTCTTTTAAAAAATGGTCATGTCATCTGCCTCTCTCTAACCTTTTGACAAGGTCAGAAAACCT,af19d1ab2a418df26b24364964b454fc38c0921cf42664e4ec42d4dc9965c67a,0.711843311424049,TGTGACTTGGTCTTTGTCACTGTTGTTTCATCTTTGGAGAGGTCACAAATATTTTTTTGTTAAGTCATCTGCCCTGAAGATTTTCCAGGCCCAATGTCAAGTTCACTGATCTGTGGTTTGCAGAACTCACTTTCTTCCTCTTTTAAAAAATGGTCATGTCATCTGCCTCTCTCTAACCTTTTGACAAGGTCAGAAAACCT,e1e359f21d181f2ace02f4ffa37bb38426532feb313f6ec568cf3e678f08d8d2,0.858262351525808,0.1684570588955622,0.226767914597785,-310.8286789311096,-290.018453206867,-256.56640050932765,-245.12467812001705,-9.36850333493203,-1.0,-0.1684570588955622,0.0,1,0.1728332708621678,0.18216460459877223,0.1501433469024087,0.12548025837234042,1.0
chr16:85120500:C:T;chr16:85120510:A:G;var1;middle;OL41|K562|a80e1ceb5e2d873f,chr16:85120500:C:T;chr16:85120510:A:G;var1;middle;OL41,K562,K562_region_00796,100,110,10,ATCACACCCTGGGGTGTGATGTCAGCCTGCTCTGAGGCATGGGGTTCATCACACTTGGCCTCCATGCCAGCTCATAATTAATCCGCCTCCTACACGACCCCTGGTGGCCACAGTGCCACAGTGAGAGTTGCTGGTGGCTAATTAGGCAGCAGTGCGTTTTAGTTTCTGCTGACAATTCCAGGCAGGCCATGGTGGGCGTC,842e7005992b48c47ae5d1c30e50f269b544e7364f54e1e70f660d615b1dcb14,0.0,ATCACACCCTGGGGTGTGATGTCAGCCTGCTCTGAGGCATGGGGTTCATCACACTTGGCCTCCATGCCAGCTCATAATTAATCCGCCTCCTACACGACCTCTGGTGGCCACAGTGCCACAGTGAGAGTTGCTGGTGGCTAATTAGGCAGCAGTGCGTTTTAGTTTCTGCTGACAATTCCAGGCAGGCCATGGTGGGCGTC,2552fc7844a9c90c54bd9edd1e9c8014a5b5446c6a6f48b7faa27159802894f6,-0.446823467029208,ATCACACCCTGGGGTGTGATGTCAGCCTGCTCTGAGGCATGGGGTTCATCACACTTGGCCTCCATGCCAGCTCATAATTAATCCGCCTCCTACACGACCCCTGGTGGCCGCAGTGCCACAGTGAGAGTTGCTGGTGGCTAATTAGGCAGCAGTGCGTTTTAGTTTCTGCTGACAATTCCAGGCAGGCCATGGTGGGCGTC,025893e4c6d36da060e3a3b61e5f0178c1a380f5882be6db5ec18ed4627d9fa7,-0.262474432327024,ATCACACCCTGGGGTGTGATGTCAGCCTGCTCTGAGGCATGGGGTTCATCACACTTGGCCTCCATGCCAGCTCATAATTAATCCGCCTCCTACACGACCTCTGGTGGCCGCAGTGCCACAGTGAGAGTTGCTGGTGGCTAATTAGGCAGCAGTGCGTTTTAGTTTCTGCTGACAATTCCAGGCAGGCCATGGTGGGCGTC,a80e1ceb5e2d873f0963c42062a80c1581a5fbdfa9b3f9266fe9532d25859bb1,-0.802139285887986,0.092841386531754,0.319814123174279,-250.4144488275051,-264.4126784913242,-268.449945287779,-303.06464211829007,20.61646716669202,1.0,0.092841386531754,0.0,2,0.2052137114436224,0.17490732828716207,0.146091925319964,0.25450314809398955,1.0
chr16:85706564:G:A;chr16:85706633:T:C;var1;middle;OL27|K562|0edef522b8ff5ca8,chr16:85706564:G:A;chr16:85706633:T:C;var1;middle;OL27,K562,K562_region_00797,100,169,69,GATCATTAACAGCCCCCTGTGCATATGAGTGGATCAAACCGGTTCTGTTCTTTCTTGTGTTGCCATGTTACTATGCCTCAAGCCCAGTTTGCTTTTGCCGCAGCGATGGGGCCAGTCTCATTCCTCCCCAGGAGTGAAACTTGCTTCAGCTGAAAAGGTTGGGTGCATTGTCAGTAAAAAGGGCTTATTTGTTTCATTTT,32db365a61e2ec621b4b574344becdf34ab08af339666dfc42d19ca89d3b9f67,0.0,GATCATTAACAGCCCCCTGTGCATATGAGTGGATCAAACCGGTTCTGTTCTTTCTTGTGTTGCCATGTTACTATGCCTCAAGCCCAGTTTGCTTTTGCCACAGCGATGGGGCCAGTCTCATTCCTCCCCAGGAGTGAAACTTGCTTCAGCTGAAAAGGTTGGGTGCATTGTCAGTAAAAAGGGCTTATTTGTTTCATTTT,cd54d1b77d09636750849c8202136a42c9c489d7f9d6c41e1f89cbabff071d41,-0.267705089325884,GATCATTAACAGCCCCCTGTGCATATGAGTGGATCAAACCGGTTCTGTTCTTTCTTGTGTTGCCATGTTACTATGCCTCAAGCCCAGTTTGCTTTTGCCGCAGCGATGGGGCCAGTCTCATTCCTCCCCAGGAGTGAAACTTGCTTCAGCTGAAAAGGTTGGGTGCATCGTCAGTAAAAAGGGCTTATTTGTTTCATTTT,4a305b715c51e8688db06de09b5b8fb0d9c1e616eeb0084e7b313a8964b61b6c,0.124342006933463,GATCATTAACAGCCCCCTGTGCATATGAGTGGATCAAACCGGTTCTGTTCTTTCTTGTGTTGCCATGTTACTATGCCTCAAGCCCAGTTTGCTTTTGCCACAGCGATGGGGCCAGTCTCATTCCTCCCCAGGAGTGAAACTTGCTTCAGCTGAAAAGGTTGGGTGCATCGTCAGTAAAAAGGGCTTATTTGTTTCATTTT,0edef522b8ff5ca86d568dbeb336a2d55abef0812478f4edd1d9c6e6038eb95f,-0.10925947850656,0.0341036038858609,0.117869139574108,-323.52426991425455,-287.368961147964,-298.72300146892667,-276.92471643537283,-14.357023732736707,-1.0,-0.0341036038858609,0.0,4,0.15840506856770212,0.17620727786206916,0.145609630836647,0.11835211265108084,1.0
chr16:85783768:T:A;chr16:85783856:T:C;var1;middle;OL41|K562|09855e2fc23b108f,chr16:85783768:T:A;chr16:85783856:T:C;var1;middle;OL41,K562,K562_region_00798,100,188,88,ACGCCAGAGCCTGTGACTCAGGGTATCCCTCTCAGAGCCTCAGTTTCCTAACCTGTACATTGAGGCGTTCGTTCCCCGAGAACCGCACTACCTCACAAGTGCCTTTGCCTCGCAGCCTTCCCTTCCTCCCTCTTCCTCCGGGCTCCAAAGCCTGTCGAGCCTGCACAGATTTTCCCTTGATTCCATCTGGGCCCCGCAGC,ecdcec2362451be67e439cda1a50b69842802cd46e4d89ee8f92037adef0754a,0.0,ACGCCAGAGCCTGTGACTCAGGGTATCCCTCTCAGAGCCTCAGTTTCCTAACCTGTACATTGAGGCGTTCGTTCCCCGAGAACCGCACTACCTCACAAGAGCCTTTGCCTCGCAGCCTTCCCTTCCTCCCTCTTCCTCCGGGCTCCAAAGCCTGTCGAGCCTGCACAGATTTTCCCTTGATTCCATCTGGGCCCCGCAGC,94859af972629a9e20ddcfc5aea89c3e8e03d7fc05f07207ebef3da101d7d7d8,0.172561724462881,ACGCCAGAGCCTGTGACTCAGGGTATCCCTCTCAGAGCCTCAGTTTCCTAACCTGTACATTGAGGCGTTCGTTCCCCGAGAACCGCACTACCTCACAAGTGCCTTTGCCTCGCAGCCTTCCCTTCCTCCCTCTTCCTCCGGGCTCCAAAGCCTGTCGAGCCTGCACAGATTTTCCCTTGATTCCATCCGGGCCCCGCAGC,b6f29b9c912b6a0f3c14118af630e6d6f96cb2d4ae913cc6a0d801481031cffa,0.366108015060156,ACGCCAGAGCCTGTGACTCAGGGTATCCCTCTCAGAGCCTCAGTTTCCTAACCTGTACATTGAGGCGTTCGTTCCCCGAGAACCGCACTACCTCACAAGAGCCTTTGCCTCGCAGCCTTCCCTTCCTCCCTCTTCCTCCGGGCTCCAAAGCCTGTCGAGCCTGCACAGATTTTCCCTTGATTCCATCCGGGCCCCGCAGC,09855e2fc23b108f5295ac8aabef2bf3d7cd413224f529a4ebb42a444f15d2ef,0.550627899966225,-0.0119581604431879,0.451157459011938,-311.16321428492665,-310.86695392709225,-313.91898290999234,-314.7867159806192,1.1639934284612536,1.0,-0.0119581604431879,0.0,3,0.18381749431063021,0.18106719778262317,0.1474303780702046,0.2607509760609562,1.0
chr16:85783856:T:C;chr16:85783903:A:G;var1;middle;OL41|K562|93cb9ca3c85f5452,chr16:85783856:T:C;chr16:85783903:A:G;var1;middle;OL41,K562,K562_region_00798,100,147,47,TACCTCACAAGTGCCTTTGCCTCGCAGCCTTCCCTTCCTCCCTCTTCCTCCGGGCTCCAAAGCCTGTCGAGCCTGCACAGATTTTCCCTTGATTCCATCTGGGCCCCGCAGCCGGAGGCGGTCTGAGAGAAGTCCCAGCCGCCCTCAGACCCCGCCCTCCGCCTATCCCTGGGGGGAGCTGCGGGTGCCCCTTTTTACTG,2ff6b255c20714be57dd755525a05e156ba54f655b9d95561c5bc82669ac7f93,0.0,TACCTCACAAGTGCCTTTGCCTCGCAGCCTTCCCTTCCTCCCTCTTCCTCCGGGCTCCAAAGCCTGTCGAGCCTGCACAGATTTTCCCTTGATTCCATCCGGGCCCCGCAGCCGGAGGCGGTCTGAGAGAAGTCCCAGCCGCCCTCAGACCCCGCCCTCCGCCTATCCCTGGGGGGAGCTGCGGGTGCCCCTTTTTACTG,dd72a93a3231702752f02039634966717db950e38a144a80d2ad4d92592ee313,0.697856106387006,TACCTCACAAGTGCCTTTGCCTCGCAGCCTTCCCTTCCTCCCTCTTCCTCCGGGCTCCAAAGCCTGTCGAGCCTGCACAGATTTTCCCTTGATTCCATCTGGGCCCCGCAGCCGGAGGCGGTCTGAGAGAAGTCCCAGCCGCCCTCGGACCCCGCCCTCCGCCTATCCCTGGGGGGAGCTGCGGGTGCCCCTTTTTACTG,49549ad80db1539bb24088943c4ff9ec1f8c5c9174f9b487314b6473a3b87113,-0.722545647245991,TACCTCACAAGTGCCTTTGCCTCGCAGCCTTCCCTTCCTCCCTCTTCCTCCGGGCTCCAAAGCCTGTCGAGCCTGCACAGATTTTCCCTTGATTCCATCCGGGCCCCGCAGCCGGAGGCGGTCTGAGAGAAGTCCCAGCCGCCCTCGGACCCCGCCCTCCGCCTATCCCTGGGGGGAGCTGCGGGTGCCCCTTTTTACTG,93cb9ca3c85f545264494f19b6f20d7feb1cc6d1c15514e78c2de003cdcbb505,0.188076228141034,0.212765769000019,0.318196220641495,-278.99474848248065,-301.19434238690883,-269.11623764783144,-299.747051211074,-8.43121965881437,-1.0,-0.212765769000019,0.0,3,0.16449095608775116,0.18106719778262317,0.1474303780702046,0.22027316593557622,1.0
chr16:85938595:T:G;chr16:85938681:C:T;var1;middle;OL28|K562|b0007235dc34a09e,chr16:85938595:T:G;chr16:85938681:C:T;var1;middle;OL28,K562,K562_region_00799,100,186,86,GAGTCCCATTCAGTCGGTTGGGAACTCTGCATTATAGATAACCCCAAAAGCCGGAATTTCTCTGCCTCGCCACTGTTGATGTCTGGGTCTGGGCAATTCTTTGTTGTAAGGGTTCCCTATGCCTTGTGGGATGTTTAGTGGCATCTCTGACCTCTACCCACCAGATGCCAGTAGCATCCCCTCCCCTACTGTCACAATCA,8db935ed2bec8e35cadda5206a0163b2d51ff5845b53df796e54bbd3bf6c0d00,0.0,GAGTCCCATTCAGTCGGTTGGGAACTCTGCATTATAGATAACCCCAAAAGCCGGAATTTCTCTGCCTCGCCACTGTTGATGTCTGGGTCTGGGCAATTCGTTGTTGTAAGGGTTCCCTATGCCTTGTGGGATGTTTAGTGGCATCTCTGACCTCTACCCACCAGATGCCAGTAGCATCCCCTCCCCTACTGTCACAATCA,35716855d71153ff7196fb7acaedb11707f48f26ddbf4f51078f5a561582484b,0.0895823869791524,GAGTCCCATTCAGTCGGTTGGGAACTCTGCATTATAGATAACCCCAAAAGCCGGAATTTCTCTGCCTCGCCACTGTTGATGTCTGGGTCTGGGCAATTCTTTGTTGTAAGGGTTCCCTATGCCTTGTGGGATGTTTAGTGGCATCTCTGACCTCTACCCACCAGATGCCAGTAGCATCCCCTCCCTTACTGTCACAATCA,90f8d3cacd8e4bbf8e1ac6eb4b6da111d52ced5fc8682fcd5aef1559cd5def34,0.0924283148652638,GAGTCCCATTCAGTCGGTTGGGAACTCTGCATTATAGATAACCCCAAAAGCCGGAATTTCTCTGCCTCGCCACTGTTGATGTCTGGGTCTGGGCAATTCGTTGTTGTAAGGGTTCCCTATGCCTTGTGGGATGTTTAGTGGCATCTCTGACCTCTACCCACCAGATGCCAGTAGCATCCCCTCCCTTACTGTCACAATCA,b0007235dc34a09e9e5ec4e749ab776e6fc912051455ceab6f97223f2ebc72d0,0.186260256182311,-0.0042495543378948,0.218316816890755,-179.07203193195164,-203.35459911450744,-180.5286700818688,-186.6022846717388,-18.208952592685762,1.0,-0.0042495543378948,0.0,0,0.16238868653258176,0.18565657667894103,0.15145376406925343,0.234980442200756,1.0
chr16:85938681:C:T;chr16:85938755:A:G;var1;middle;OL28|K562|544e5a761039de44,chr16:85938681:C:T;chr16:85938755:A:G;var1;middle;OL28,K562,K562_region_00799,100,174,74,GTCTGGGCAATTCTTTGTTGTAAGGGTTCCCTATGCCTTGTGGGATGTTTAGTGGCATCTCTGACCTCTACCCACCAGATGCCAGTAGCATCCCCTCCCCTACTGTCACAATCAAAAATGTCTTGGACATTGCCAAATATCTCCTGGTGGGGCAGAGTCTTCCCCTCCCCATTAAGAACCCTGATAAGAGCTGGCCACTG,2db28df1b24b09ee469bacf429e270847c4123366f561946c0ef503af44ae87f,0.0,GTCTGGGCAATTCTTTGTTGTAAGGGTTCCCTATGCCTTGTGGGATGTTTAGTGGCATCTCTGACCTCTACCCACCAGATGCCAGTAGCATCCCCTCCCTTACTGTCACAATCAAAAATGTCTTGGACATTGCCAAATATCTCCTGGTGGGGCAGAGTCTTCCCCTCCCCATTAAGAACCCTGATAAGAGCTGGCCACTG,44304e17d4f72c61d4081e05857c2f48bef7b0cbc47aec2e1a33f8cb0ee7eab3,-0.239233945244546,GTCTGGGCAATTCTTTGTTGTAAGGGTTCCCTATGCCTTGTGGGATGTTTAGTGGCATCTCTGACCTCTACCCACCAGATGCCAGTAGCATCCCCTCCCCTACTGTCACAATCAAAAATGTCTTGGACATTGCCAAATATCTCCTGGTGGGGCAGAGTCTTCCCCTCCCCATTGAGAACCCTGATAAGAGCTGGCCACTG,328d7c6c094fc59b3ba51686860c8f142c32b9161f8a33efc7bbf2d523d40692,0.282606844414974,GTCTGGGCAATTCTTTGTTGTAAGGGTTCCCTATGCCTTGTGGGATGTTTAGTGGCATCTCTGACCTCTACCCACCAGATGCCAGTAGCATCCCCTCCCTTACTGTCACAATCAAAAATGTCTTGGACATTGCCAAATATCTCCTGGTGGGGCAGAGTCTTCCCCTCCCCATTGAGAACCCTGATAAGAGCTGGCCACTG,544e5a761039de44784dee0bf144b4b5269ab2a2d97544baff9cc3a13cedd920,0.337717452988355,0.2943445538179269,0.174142700794768,-136.60302252694964,-137.4647402446717,-132.69620796851814,-133.55479652062058,0.00312916561961174,-1.0,-0.2943445538179269,0.0,0,0.18578007314281392,0.18565657667894103,0.15145376406925343,0.2420336897987489,1.0
chr16:85938755:A:G;chr16:85938835:G:A;var1;middle;OL28|K562|b92d7de6f565d4cf,chr16:85938755:A:G;chr16:85938835:G:A;var1;middle;OL28,K562,K562_region_00799,100,180,80,CCAGATGCCAGTAGCATCCCCTCCCCTACTGTCACAATCAAAAATGTCTTGGACATTGCCAAATATCTCCTGGTGGGGCAGAGTCTTCCCCTCCCCATTAAGAACCCTGATAAGAGCTGGCCACTGCCAGGATCAACAGACTTAACCAGAGGTGTTGGGTGCTGAAGGCACAGTTGCAGGTTGGACATCAGTAAAACATC,c7a2ad27eaa05d086ad149f049379627fa6dfdc56a4535513bcfc996bef65e48,0.0,CCAGATGCCAGTAGCATCCCCTCCCCTACTGTCACAATCAAAAATGTCTTGGACATTGCCAAATATCTCCTGGTGGGGCAGAGTCTTCCCCTCCCCATTGAGAACCCTGATAAGAGCTGGCCACTGCCAGGATCAACAGACTTAACCAGAGGTGTTGGGTGCTGAAGGCACAGTTGCAGGTTGGACATCAGTAAAACATC,6d771e9d252dd738bcb6cefc0ee710458cf3352fdd327351e692e5afaa1e6efd,0.334393520152557,CCAGATGCCAGTAGCATCCCCTCCCCTACTGTCACAATCAAAAATGTCTTGGACATTGCCAAATATCTCCTGGTGGGGCAGAGTCTTCCCCTCCCCATTAAGAACCCTGATAAGAGCTGGCCACTGCCAGGATCAACAGACTTAACCAGAGGTGTTGGGTGCTGAAGGCACAGTTGCAGATTGGACATCAGTAAAACATC,0b8adf59250294a92090087dace739279396cfb0ba5c6e1c133db40885ef59ee,0.0490402081729516,CCAGATGCCAGTAGCATCCCCTCCCCTACTGTCACAATCAAAAATGTCTTGGACATTGCCAAATATCTCCTGGTGGGGCAGAGTCTTCCCCTCCCCATTGAGAACCCTGATAAGAGCTGGCCACTGCCAGGATCAACAGACTTAACCAGAGGTGTTGGGTGCTGAAGGCACAGTTGCAGATTGGACATCAGTAAAACATC,b92d7de6f565d4cf6dc2c82cf1e4f5ba9247edeb552800032da1f1ca0ed80867,0.520717425377312,-0.1372836970518034,0.145864247122588,-187.8659156821668,-183.884290041402,-190.32497724331915,-186.039753517136,-0.30359808541834354,1.0,-0.1372836970518034,0.0,0,0.18538611621860612,0.18565657667894103,0.15145376406925343,0.24140777040179826,1.0
chr16:85966710:G:A;chr16:85966730:G:A;var1;middle;OL28|K562|dc7990265c94bd55,chr16:85966710:G:A;chr16:85966730:G:A;var1;middle;OL28,K562,K562_region_00800,100,120,20,CTGTTTCTTGGTGAAGTGCCGCTTTAGGCTGTCCAGCTTCTCCACTGCATTTCATCCTTCCCTGGTGGACACATGGGTGTTCCCGGGGATCAGAAAGGGGGCCCACACCGTGCTGCAGAGCTGGCATCTGCTCGAGTGGCTGCTGCCTGCAGCTAAGTATTTTGAATATCCGCCTGCCTACTCTGTGTGCGTCCTCTTGG,c2c1db3b9035962758b49c9993f62a98d501fce93563043ac4e699199e4b4630,0.0,CTGTTTCTTGGTGAAGTGCCGCTTTAGGCTGTCCAGCTTCTCCACTGCATTTCATCCTTCCCTGGTGGACACATGGGTGTTCCCGGGGATCAGAAAGGGAGCCCACACCGTGCTGCAGAGCTGGCATCTGCTCGAGTGGCTGCTGCCTGCAGCTAAGTATTTTGAATATCCGCCTGCCTACTCTGTGTGCGTCCTCTTGG,f3ff3b85325abef0cd54165e6ddb7c25f5dd7e656c70d4d9cc043c0b6828bdc1,-1.07856537375897,CTGTTTCTTGGTGAAGTGCCGCTTTAGGCTGTCCAGCTTCTCCACTGCATTTCATCCTTCCCTGGTGGACACATGGGTGTTCCCGGGGATCAGAAAGGGGGCCCACACCGTGCTGCAGAACTGGCATCTGCTCGAGTGGCTGCTGCCTGCAGCTAAGTATTTTGAATATCCGCCTGCCTACTCTGTGTGCGTCCTCTTGG,c1db941c35d7c7a0429ee83591eff587925ad4a171ae23f48adc44025e2fee56,-0.93446346576612,CTGTTTCTTGGTGAAGTGCCGCTTTAGGCTGTCCAGCTTCTCCACTGCATTTCATCCTTCCCTGGTGGACACATGGGTGTTCCCGGGGATCAGAAAGGGAGCCCACACCGTGCTGCAGAACTGGCATCTGCTCGAGTGGCTGCTGCCTGCAGCTAAGTATTTTGAATATCCGCCTGCCTACTCTGTGTGCGTCCTCTTGG,dc7990265c94bd55c5a2019a425e14fdc67a9639845a5e246d67e4c7f515ec51,-0.787091303600364,1.2259375359247262,0.184393279493158,-412.7983603216708,-435.94178621051833,-419.8007071637549,-443.1024853356648,-0.15835228306247018,-1.0,-1.2259375359247262,0.0,4,0.1760030626657341,0.17620727786206916,0.145609630836647,0.16738104491435957,1.0
chr16:85977911:G:A;chr16:85977999:C:T;var1;middle;OL28|K562|5d0fbdb7a7e1a7d3,chr16:85977911:G:A;chr16:85977999:C:T;var1;middle;OL28,K562,K562_region_00801,100,188,88,TCAGCAGCATAAATGGACTTCTTCCATGGTGGCTCAGGACACCAAGAGAACATGTTCTAGGAGGCAGGAAGAAGCAGCTCGCAGATTCTTAAGTCTCACGCCTAGAAACGGACACAGCATCACTTCTACCTATGCTGCTGGTCAAAGCAGGCACAGAGCCCACTGGATTGAAGAAAGAGGCATAGACCCCCACCTTTAAA,83387ad31f2b561b373f8f88275ccfcff26cbd92fabb67b718c1704b9f989c79,0.0,TCAGCAGCATAAATGGACTTCTTCCATGGTGGCTCAGGACACCAAGAGAACATGTTCTAGGAGGCAGGAAGAAGCAGCTCGCAGATTCTTAAGTCTCACACCTAGAAACGGACACAGCATCACTTCTACCTATGCTGCTGGTCAAAGCAGGCACAGAGCCCACTGGATTGAAGAAAGAGGCATAGACCCCCACCTTTAAA,30e474900097f9facdda05aff3ba0510abeeb3b34978c86277e190fb88c54efa,-0.169292375490096,TCAGCAGCATAAATGGACTTCTTCCATGGTGGCTCAGGACACCAAGAGAACATGTTCTAGGAGGCAGGAAGAAGCAGCTCGCAGATTCTTAAGTCTCACGCCTAGAAACGGACACAGCATCACTTCTACCTATGCTGCTGGTCAAAGCAGGCACAGAGCCCACTGGATTGAAGAAAGAGGCATAGACTCCCACCTTTAAA,13a2adb35a18e00a85573137efba48263acf5b8361ed6aa44b4d770f4b140d4a,-0.0207942505729357,TCAGCAGCATAAATGGACTTCTTCCATGGTGGCTCAGGACACCAAGAGAACATGTTCTAGGAGGCAGGAAGAAGCAGCTCGCAGATTCTTAAGTCTCACACCTAGAAACGGACACAGCATCACTTCTACCTATGCTGCTGGTCAAAGCAGGCACAGAGCCCACTGGATTGAAGAAAGAGGCATAGACTCCCACCTTTAAA,5d0fbdb7a7e1a7d3c3df041ffa477d07c8a27ed5e3d8d6b604f4a10bdf2a032a,-0.0421994256310653,0.1478872004319663,0.143615588245474,-302.31509386748075,-297.233987829648,-296.87378205452114,-289.4277228470892,2.3649531695991186,-1.0,-0.1478872004319663,0.0,2,0.1786380313957636,0.17490732828716207,0.146091925319964,0.3446575584358347,1.0
chr16:86568805:A:G;chr16:86568824:A:G;var1;middle;OL41|K562|68df7937958cb3ac,chr16:86568805:A:G;chr16:86568824:A:G;var1;middle;OL41,K562,K562_region_00802,100,119,19,TATTCTGAGCCAGCAAATATACAATCGGCTGAAGAATAATGAAAACATCTTAACCACACATTATGAGCTAACTGGCGGCCAGGGCACTGGCACACTGGCATCCGCAGGGGCCGTTAGAATGGAAATGTGGAAGTGTGTTCCACTGCAGGAAAATCGCTCTTTTCATGAGCAGTGTTTGTGGGTAAAGGATGACAAGGCTT,9a7a6e339c4c0801c08fdb2698770e0c7071795faeebabfea984f2d120a0b555,0.0,TATTCTGAGCCAGCAAATATACAATCGGCTGAAGAATAATGAAAACATCTTAACCACACATTATGAGCTAACTGGCGGCCAGGGCACTGGCACACTGGCGTCCGCAGGGGCCGTTAGAATGGAAATGTGGAAGTGTGTTCCACTGCAGGAAAATCGCTCTTTTCATGAGCAGTGTTTGTGGGTAAAGGATGACAAGGCTT,6390241f05aea7fd9d94db968d4a7ff3cb51cd8f5e32acbdc9886e6efd14df37,0.388506767622695,TATTCTGAGCCAGCAAATATACAATCGGCTGAAGAATAATGAAAACATCTTAACCACACATTATGAGCTAACTGGCGGCCAGGGCACTGGCACACTGGCATCCGCAGGGGCCGTTAGAGTGGAAATGTGGAAGTGTGTTCCACTGCAGGAAAATCGCTCTTTTCATGAGCAGTGTTTGTGGGTAAAGGATGACAAGGCTT,cb94bffdfb5948acf7ed912cb547aaa2cb43c3dd2c459712f6058dd5e8cd43d8,0.368372162412387,TATTCTGAGCCAGCAAATATACAATCGGCTGAAGAATAATGAAAACATCTTAACCACACATTATGAGCTAACTGGCGGCCAGGGCACTGGCACACTGGCGTCCGCAGGGGCCGTTAGAGTGGAAATGTGGAAGTGTGTTCCACTGCAGGAAAATCGCTCTTTTCATGAGCAGTGTTTGTGGGTAAAGGATGACAAGGCTT,68df7937958cb3ac789f12e77e3f50fb5f10f9df1b16919d79aeee2f211cabd2,0.407941800048609,0.3489371299864729,0.275031169362501,-269.90929870307446,-273.2681009918452,-270.71855805814266,-270.8514601588249,-3.225900188088417,1.0,0.3489371299864729,0.0,4,0.1722011090731453,0.17620727786206916,0.145609630836647,0.19185951153785605,1.0
chr16:8740151:G:A;chr16:8740235:T:C;var1;middle;OL41|K562|883113e1516f8acd,chr16:8740151:G:A;chr16:8740235:T:C;var1;middle;OL41,K562,K562_region_00733,100,184,84,TAGTAAAATCAGAAGCTCACCAAAGCAACATGCTTGAGATTTTGTCATTTTAAAAATATGGTTACACGTACCTTAGATGACCCAAGATGGTTTTCTGGGGTCTGTCCCTGCCTCCCAGTTGTAGCCAGAGAAGGTTGTTGCTGTGGGCTGGAGGTCACTTTAGTTGCCTGTTTCTCATGGTTGTGATGTGTGCTCCAGGG,0c7da1d0cf8392128ae710b7f587e545821b5224cdbcb30ffe75e05e9e99f956,0.0,TAGTAAAATCAGAAGCTCACCAAAGCAACATGCTTGAGATTTTGTCATTTTAAAAATATGGTTACACGTACCTTAGATGACCCAAGATGGTTTTCTGGGATCTGTCCCTGCCTCCCAGTTGTAGCCAGAGAAGGTTGTTGCTGTGGGCTGGAGGTCACTTTAGTTGCCTGTTTCTCATGGTTGTGATGTGTGCTCCAGGG,7d5d58f785c85bcb55f5ed71de9ae9883f0c71595ac1a640c511a87b9c401e60,0.271604430459841,TAGTAAAATCAGAAGCTCACCAAAGCAACATGCTTGAGATTTTGTCATTTTAAAAATATGGTTACACGTACCTTAGATGACCCAAGATGGTTTTCTGGGGTCTGTCCCTGCCTCCCAGTTGTAGCCAGAGAAGGTTGTTGCTGTGGGCTGGAGGTCACTTTAGTTGCCTGTTTCTCATGGTTGCGATGTGTGCTCCAGGG,b9b5ec2410895024e4adb86492ff54808c584cc7bf463d56fd7ac4f881b90dd8,0.184634537550746,TAGTAAAATCAGAAGCTCACCAAAGCAACATGCTTGAGATTTTGTCATTTTAAAAATATGGTTACACGTACCTTAGATGACCCAAGATGGTTTTCTGGGATCTGTCCCTGCCTCCCAGTTGTAGCCAGAGAAGGTTGTTGCTGTGGGCTGGAGGTCACTTTAGTTGCCTGTTTCTCATGGTTGCGATGTGTGCTCCAGGG,883113e1516f8acdae2e3e72a720bf5febd45f9019d1ea4441b18d5eb494d55a,0.0608666664385563,0.3953723015720307,0.212824111026991,-397.6854024589993,-402.2009498393163,-421.6603879870381,-426.3276847449597,0.15174937760457397,1.0,0.3953723015720307,0.0,1,0.18251955553991403,0.18216460459877223,0.1501433469024087,-0.033326170197677085,1.0
chr16:87404017:C:G;chr16:87404052:C:G;var1;middle;OL41|K562|820872bd8430b42b,chr16:87404017:C:G;chr16:87404052:C:G;var1;middle;OL41,K562,K562_region_00803,100,135,35,CAGAGTCACTATTCTGTGCACGGCACTGGCACTAGGGGGACTGCAGTAAGAAGGCACTTGGCATCTTCCTCCCAAAAGCACCACTTGAGAAAGGCACCACACTAAGATGCCATCTGGGGCAACTTGGCAGGTGCCTGAGTGTGGAGAGAGCTTTGCCCAGCCCTGGGGCACTCGACACCAGGGACTGCAGTCAGCACTGC,2cf5dae491c4aa9deb60593fcf8732dbb15a0b502fd486c3ce13c7f3dc85f82b,0.0,CAGAGTCACTATTCTGTGCACGGCACTGGCACTAGGGGGACTGCAGTAAGAAGGCACTTGGCATCTTCCTCCCAAAAGCACCACTTGAGAAAGGCACCAGACTAAGATGCCATCTGGGGCAACTTGGCAGGTGCCTGAGTGTGGAGAGAGCTTTGCCCAGCCCTGGGGCACTCGACACCAGGGACTGCAGTCAGCACTGC,815e0d1c894e24f177d6535b9fd9ad20bc903688973b0c1dc17ea46b93ff8a07,0.0206163055201925,CAGAGTCACTATTCTGTGCACGGCACTGGCACTAGGGGGACTGCAGTAAGAAGGCACTTGGCATCTTCCTCCCAAAAGCACCACTTGAGAAAGGCACCACACTAAGATGCCATCTGGGGCAACTTGGCAGGTGCGTGAGTGTGGAGAGAGCTTTGCCCAGCCCTGGGGCACTCGACACCAGGGACTGCAGTCAGCACTGC,3758efd9b7eaaa142febfc12112223f2464a1d546cdd1b50a4682ca3ab3c9de9,0.256931260821967,CAGAGTCACTATTCTGTGCACGGCACTGGCACTAGGGGGACTGCAGTAAGAAGGCACTTGGCATCTTCCTCCCAAAAGCACCACTTGAGAAAGGCACCAGACTAAGATGCCATCTGGGGCAACTTGGCAGGTGCGTGAGTGTGGAGAGAGCTTTGCCCAGCCCTGGGGCACTCGACACCAGGGACTGCAGTCAGCACTGC,820872bd8430b42b2eb0e3042054de178364b3e2b7f41cf36ad4b1d81f518dce,-0.0743033768897009,0.3518509432318604,0.380467183637293,-243.14485824108124,-242.8599408566952,-247.13275310397148,-247.4003270119429,0.5524912923574732,1.0,0.3518509432318604,0.0,2,0.17599894036166155,0.17490732828716207,0.146091925319964,0.12612923588204955,1.0
chr16:87404017:C:G;chr16:87404088:C:G;var1;middle;OL41|K562|2d711fce50b4cc1b,chr16:87404017:C:G;chr16:87404088:C:G;var1;middle;OL41,K562,K562_region_00803,100,171,71,CAGAGTCACTATTCTGTGCACGGCACTGGCACTAGGGGGACTGCAGTAAGAAGGCACTTGGCATCTTCCTCCCAAAAGCACCACTTGAGAAAGGCACCACACTAAGATGCCATCTGGGGCAACTTGGCAGGTGCCTGAGTGTGGAGAGAGCTTTGCCCAGCCCTGGGGCACTCGACACCAGGGACTGCAGTCAGCACTGC,2cf5dae491c4aa9deb60593fcf8732dbb15a0b502fd486c3ce13c7f3dc85f82b,0.0,CAGAGTCACTATTCTGTGCACGGCACTGGCACTAGGGGGACTGCAGTAAGAAGGCACTTGGCATCTTCCTCCCAAAAGCACCACTTGAGAAAGGCACCAGACTAAGATGCCATCTGGGGCAACTTGGCAGGTGCCTGAGTGTGGAGAGAGCTTTGCCCAGCCCTGGGGCACTCGACACCAGGGACTGCAGTCAGCACTGC,815e0d1c894e24f177d6535b9fd9ad20bc903688973b0c1dc17ea46b93ff8a07,0.0206291138429886,CAGAGTCACTATTCTGTGCACGGCACTGGCACTAGGGGGACTGCAGTAAGAAGGCACTTGGCATCTTCCTCCCAAAAGCACCACTTGAGAAAGGCACCACACTAAGATGCCATCTGGGGCAACTTGGCAGGTGCCTGAGTGTGGAGAGAGCTTTGCCCAGCCCTGGGGCAGTCGACACCAGGGACTGCAGTCAGCACTGC,c6dac616ecd5b28bfdd242e80c15538cae81b496562c8f8b48cc5bb1f2ab5bab,0.42893927169756,CAGAGTCACTATTCTGTGCACGGCACTGGCACTAGGGGGACTGCAGTAAGAAGGCACTTGGCATCTTCCTCCCAAAAGCACCACTTGAGAAAGGCACCAGACTAAGATGCCATCTGGGGCAACTTGGCAGGTGCCTGAGTGTGGAGAGAGCTTTGCCCAGCCCTGGGGCAGTCGACACCAGGGACTGCAGTCAGCACTGC,2d711fce50b4cc1b53193bb22201e9bfcd3073bd63063ae320de585193633d7c,0.113197774332022,0.3363706112085266,0.397253741256195,-243.14485824108124,-242.8599408566952,-244.32813335955143,-244.20813097059727,0.16491499543190002,1.0,0.3363706112085266,0.0,2,0.17543459793708963,0.17490732828716207,0.146091925319964,0.018423235207820687,1.0
chr16:87404052:C:G;chr16:87404088:C:G;var1;middle;OL41|K562|cea2da7e9a3d9f6f,chr16:87404052:C:G;chr16:87404088:C:G;var1;middle;OL41,K562,K562_region_00803,100,136,36,GGGGACTGCAGTAAGAAGGCACTTGGCATCTTCCTCCCAAAAGCACCACTTGAGAAAGGCACCACACTAAGATGCCATCTGGGGCAACTTGGCAGGTGCCTGAGTGTGGAGAGAGCTTTGCCCAGCCCTGGGGCACTCGACACCAGGGACTGCAGTCAGCACTGCAGAGTTCAGCTGGTAGGGCTGCGCCAGCCACCGGG,3a95fb280bf8ed43a324c95e50a9d162c9b0da5e050b48e501fa8c85693c9464,0.0,GGGGACTGCAGTAAGAAGGCACTTGGCATCTTCCTCCCAAAAGCACCACTTGAGAAAGGCACCACACTAAGATGCCATCTGGGGCAACTTGGCAGGTGCGTGAGTGTGGAGAGAGCTTTGCCCAGCCCTGGGGCACTCGACACCAGGGACTGCAGTCAGCACTGCAGAGTTCAGCTGGTAGGGCTGCGCCAGCCACCGGG,25770baae539f5e575d03b21fc07e21326dce6a4b052fdbd5c0bb94917a9e509,-0.266336129799888,GGGGACTGCAGTAAGAAGGCACTTGGCATCTTCCTCCCAAAAGCACCACTTGAGAAAGGCACCACACTAAGATGCCATCTGGGGCAACTTGGCAGGTGCCTGAGTGTGGAGAGAGCTTTGCCCAGCCCTGGGGCAGTCGACACCAGGGACTGCAGTCAGCACTGCAGAGTTCAGCTGGTAGGGCTGCGCCAGCCACCGGG,b89cbe84e00055042251e0f04bf1a06268990600a90b705d7d621d86a70895cd,-0.220134757997862,GGGGACTGCAGTAAGAAGGCACTTGGCATCTTCCTCCCAAAAGCACCACTTGAGAAAGGCACCACACTAAGATGCCATCTGGGGCAACTTGGCAGGTGCGTGAGTGTGGAGAGAGCTTTGCCCAGCCCTGGGGCAGTCGACACCAGGGACTGCAGTCAGCACTGCAGAGTTCAGCTGGTAGGGCTGCGCCAGCCACCGGG,cea2da7e9a3d9f6f91594e6640da41d1d5e95230e56f9faa8eadafb5cc750516,-0.293101262228032,-0.193369625569718,0.407903694875141,-325.6681524007581,-323.2147483688313,-321.3395275194198,-324.7753180807922,5.88919459329918,1.0,-0.193369625569718,0.0,2,0.18376961184999777,0.17490732828716207,0.146091925319964,0.04955473769964838,1.0
chr16:87404088:C:G;chr16:87404150:G:A;var1;middle;OL41|K562|e1ff7ffc15a4de53,chr16:87404088:C:G;chr16:87404150:G:A;var1;middle;OL41,K562,K562_region_00803,100,162,62,CCAAAAGCACCACTTGAGAAAGGCACCACACTAAGATGCCATCTGGGGCAACTTGGCAGGTGCCTGAGTGTGGAGAGAGCTTTGCCCAGCCCTGGGGCACTCGACACCAGGGACTGCAGTCAGCACTGCAGAGTTCAGCTGGTAGGGCTGCGCCAGCCACCGGGCCGCCAGACCCAGGGGAATAGGAGCCTGTGGGTGGG,9d7f4c1246c62dab3cbf65891ba6f8df156ab754b17179c9542410ba95d6b66e,0.0,CCAAAAGCACCACTTGAGAAAGGCACCACACTAAGATGCCATCTGGGGCAACTTGGCAGGTGCCTGAGTGTGGAGAGAGCTTTGCCCAGCCCTGGGGCAGTCGACACCAGGGACTGCAGTCAGCACTGCAGAGTTCAGCTGGTAGGGCTGCGCCAGCCACCGGGCCGCCAGACCCAGGGGAATAGGAGCCTGTGGGTGGG,98edc514ca958931f892d48a8442ef619a7c2ce2f681ffc4c115bf56fb5ed3f0,-0.496031459191067,CCAAAAGCACCACTTGAGAAAGGCACCACACTAAGATGCCATCTGGGGCAACTTGGCAGGTGCCTGAGTGTGGAGAGAGCTTTGCCCAGCCCTGGGGCACTCGACACCAGGGACTGCAGTCAGCACTGCAGAGTTCAGCTGGTAGGGCTGCGCCAGCCACCAGGCCGCCAGACCCAGGGGAATAGGAGCCTGTGGGTGGG,72c72e1d5613786a7961324eed404274832687917f8398020813f5eed50ae0b2,0.0704875908123357,CCAAAAGCACCACTTGAGAAAGGCACCACACTAAGATGCCATCTGGGGCAACTTGGCAGGTGCCTGAGTGTGGAGAGAGCTTTGCCCAGCCCTGGGGCAGTCGACACCAGGGACTGCAGTCAGCACTGCAGAGTTCAGCTGGTAGGGCTGCGCCAGCCACCAGGCCGCCAGACCCAGGGGAATAGGAGCCTGTGGGTGGG,e1ff7ffc15a4de53a7ab201adcf291003e6bf313a26b80376c80774df14ae829,-0.702692733331582,0.2771488649528507,0.39934771159268,-320.70637239236385,-318.7031061989255,-322.2330163102597,-321.7101123733446,1.4803622565232217,1.0,0.2771488649528507,0.0,2,0.1773499955055414,0.17490732828716207,0.146091925319964,0.23398343504141567,1.0
chr16:87889412:C:T;chr16:87889495:T:C;var1;middle;OL27|K562|5b4ed07df434f179,chr16:87889412:C:T;chr16:87889495:T:C;var1;middle;OL27,K562,K562_region_00804,100,183,83,GTCCAGTGTTGGAGGAGAGGGGTGGGGGAAGGGCCAGTAACAGGTGTGTTCAATATGGAGAGCAGGTGGGACCTGTGGGCCCCGGCTGGGTGGGGACCCCGCAGGCCCCATGAACCCACCCCACACGGACTAATGCCTGATTCTTTCAGGTAATAAACATGTACCAGGTACAGGAGCATCCGTGGATAGGGTTCAGGGTC,f9c8d9abbf507d5876281f6b08297690b4855299306386038f46a3f5f03d00e3,0.0,GTCCAGTGTTGGAGGAGAGGGGTGGGGGAAGGGCCAGTAACAGGTGTGTTCAATATGGAGAGCAGGTGGGACCTGTGGGCCCCGGCTGGGTGGGGACCCTGCAGGCCCCATGAACCCACCCCACACGGACTAATGCCTGATTCTTTCAGGTAATAAACATGTACCAGGTACAGGAGCATCCGTGGATAGGGTTCAGGGTC,21f582ebb81ac7d189f91a6b1fd2a97816b862ef4192e1fd81dee445335b6005,-0.243088510679883,GTCCAGTGTTGGAGGAGAGGGGTGGGGGAAGGGCCAGTAACAGGTGTGTTCAATATGGAGAGCAGGTGGGACCTGTGGGCCCCGGCTGGGTGGGGACCCCGCAGGCCCCATGAACCCACCCCACACGGACTAATGCCTGATTCTTTCAGGTAATAAACATGTACCAGGTACAGGAGCATCCGCGGATAGGGTTCAGGGTC,e18c3698416355656b54c0e967bfd9eab8d01b6f9ccab1b10932246bdbcb3291,-0.278911963560974,GTCCAGTGTTGGAGGAGAGGGGTGGGGGAAGGGCCAGTAACAGGTGTGTTCAATATGGAGAGCAGGTGGGACCTGTGGGCCCCGGCTGGGTGGGGACCCTGCAGGCCCCATGAACCCACCCCACACGGACTAATGCCTGATTCTTTCAGGTAATAAACATGTACCAGGTACAGGAGCATCCGCGGATAGGGTTCAGGGTC,5b4ed07df434f1792fd89c54e65800385e5d1137e746e0b30546fa410ab68c7c,-0.352585966075093,-0.1694145081657639,0.108546555340867,-250.16780483722687,-245.50286217033863,-255.11246510595083,-251.6581053584814,1.2105829194188118,1.0,-0.1694145081657639,0.0,4,0.1776997364495624,0.17620727786206916,0.145609630836647,0.22461428609418344,1.0
chr16:88072897:T:C;chr16:88072901:T:C;var1;middle;OL29|K562|e3e8d23bcce8b25f,chr16:88072897:T:C;chr16:88072901:T:C;var1;middle;OL29,K562,K562_region_00805,100,104,4,TTCTCAGGTAGTCCTGCAGCATCGCTCGTCTGTAAGTATGAATTGCTGCTCTGGAAAAGAGCCAAAGGAATGCGCAGCTTTTAAATCCACAGTTGTGGCTTTGTGCTCACTCCACTGGGGTAATGAGGCTGCGGTCGGCGCAGTGCAGGTCAGTTCTCCGCGCCTTTGTCCCGTGGTTCTCACGGTCACGGGGGCAGCAG,230865e774c3923093e077c6072d2260f74d07a0a5b86c9c9bc603fb14059a74,0.0,TTCTCAGGTAGTCCTGCAGCATCGCTCGTCTGTAAGTATGAATTGCTGCTCTGGAAAAGAGCCAAAGGAATGCGCAGCTTTTAAATCCACAGTTGTGGCCTTGTGCTCACTCCACTGGGGTAATGAGGCTGCGGTCGGCGCAGTGCAGGTCAGTTCTCCGCGCCTTTGTCCCGTGGTTCTCACGGTCACGGGGGCAGCAG,e0a062f5d522408e292e18a3989ec10c6c803f0c34e4f76b802a3379140fea53,0.0056465558248622,TTCTCAGGTAGTCCTGCAGCATCGCTCGTCTGTAAGTATGAATTGCTGCTCTGGAAAAGAGCCAAAGGAATGCGCAGCTTTTAAATCCACAGTTGTGGCTTTGCGCTCACTCCACTGGGGTAATGAGGCTGCGGTCGGCGCAGTGCAGGTCAGTTCTCCGCGCCTTTGTCCCGTGGTTCTCACGGTCACGGGGGCAGCAG,dc12f7d3a4cac4448b9c68963bad9e92b553b85db0c713e4f040d5ad8511a2f7,0.0620427202306486,TTCTCAGGTAGTCCTGCAGCATCGCTCGTCTGTAAGTATGAATTGCTGCTCTGGAAAAGAGCCAAAGGAATGCGCAGCTTTTAAATCCACAGTTGTGGCCTTGCGCTCACTCCACTGGGGTAATGAGGCTGCGGTCGGCGCAGTGCAGGTCAGTTCTCCGCGCCTTTGTCCCGTGGTTCTCACGGTCACGGGGGCAGCAG,e3e8d23bcce8b25f29d77ae3da25d6af45e1b76e3cbe018b42c7f053831893a4,0.0438598287699432,0.0238294472855675,0.113719380543701,-365.40562583040446,-369.3548694823403,-366.4148189504631,-372.366711509414,2.0026489070151,1.0,0.0238294472855675,0.0,1,0.18440273451563263,0.18216460459877223,0.1501433469024087,0.16229713642424748,1.0
chr16:88555958:T:C;chr16:88556004:G:A;var1;middle;OL27|K562|7f4aa69c0126a483,chr16:88555958:T:C;chr16:88556004:G:A;var1;middle;OL27,K562,K562_region_00806,100,146,46,AATCCTCAGAGGCAGGAAAGGCAGGGAGGTGGGAACAGGAGGCTGCGTCTGAGCTGCCCGGGCCCGTGGCCTTCCCAGCTGGGCCGGGATTCAGAGCTGTGCTGAGGTGCCCAGGCAGGCGGTCAGGCCTGAAGGGCAGGAGAGGGCCCCACCCCACTCCAGAGCGGCTGCAGCCTATGGGGACGGAGTCCCATCCACAT,091f35efe20cd71482b1f88231d81e1f6a69ad2912fc2bb0a881e9bdb8e75d3d,0.0,AATCCTCAGAGGCAGGAAAGGCAGGGAGGTGGGAACAGGAGGCTGCGTCTGAGCTGCCCGGGCCCGTGGCCTTCCCAGCTGGGCCGGGATTCAGAGCTGCGCTGAGGTGCCCAGGCAGGCGGTCAGGCCTGAAGGGCAGGAGAGGGCCCCACCCCACTCCAGAGCGGCTGCAGCCTATGGGGACGGAGTCCCATCCACAT,e3a5da3791c4b2f11fcfbae7b8257fe8cc903be7f8bca71e802bc09d52cf16b8,-0.124333701610001,AATCCTCAGAGGCAGGAAAGGCAGGGAGGTGGGAACAGGAGGCTGCGTCTGAGCTGCCCGGGCCCGTGGCCTTCCCAGCTGGGCCGGGATTCAGAGCTGTGCTGAGGTGCCCAGGCAGGCGGTCAGGCCTGAAGGGCAGGAGAGGACCCCACCCCACTCCAGAGCGGCTGCAGCCTATGGGGACGGAGTCCCATCCACAT,78be4ae163d6a81d4d7bc5a2a7479d7684bd5a54c31f3d5cc62d2afe934e6ca2,-1.26700218447014,AATCCTCAGAGGCAGGAAAGGCAGGGAGGTGGGAACAGGAGGCTGCGTCTGAGCTGCCCGGGCCCGTGGCCTTCCCAGCTGGGCCGGGATTCAGAGCTGCGCTGAGGTGCCCAGGCAGGCGGTCAGGCCTGAAGGGCAGGAGAGGACCCCACCCCACTCCAGAGCGGCTGCAGCCTATGGGGACGGAGTCCCATCCACAT,7f4aa69c0126a4836d485cfe52a08f088a4f9c3b3c145a10ea9a581dc13d6f90,-1.26599917025765,0.1253367158224909,0.123083514984958,-268.1633270084858,-270.7625396505464,-265.03983530402184,-268.3964254697785,-0.75737752369605,-1.0,-0.1253367158224909,0.0,0,0.18480328717042843,0.18565657667894103,0.15145376406925343,0.20707783492775997,1.0
chr16:88555958:T:C;chr16:88556007:C:T;var1;middle;OL27|K562|a796b26905141f81,chr16:88555958:T:C;chr16:88556007:C:T;var1;middle;OL27,K562,K562_region_00806,100,149,49,AATCCTCAGAGGCAGGAAAGGCAGGGAGGTGGGAACAGGAGGCTGCGTCTGAGCTGCCCGGGCCCGTGGCCTTCCCAGCTGGGCCGGGATTCAGAGCTGTGCTGAGGTGCCCAGGCAGGCGGTCAGGCCTGAAGGGCAGGAGAGGGCCCCACCCCACTCCAGAGCGGCTGCAGCCTATGGGGACGGAGTCCCATCCACAT,091f35efe20cd71482b1f88231d81e1f6a69ad2912fc2bb0a881e9bdb8e75d3d,0.0,AATCCTCAGAGGCAGGAAAGGCAGGGAGGTGGGAACAGGAGGCTGCGTCTGAGCTGCCCGGGCCCGTGGCCTTCCCAGCTGGGCCGGGATTCAGAGCTGCGCTGAGGTGCCCAGGCAGGCGGTCAGGCCTGAAGGGCAGGAGAGGGCCCCACCCCACTCCAGAGCGGCTGCAGCCTATGGGGACGGAGTCCCATCCACAT,e3a5da3791c4b2f11fcfbae7b8257fe8cc903be7f8bca71e802bc09d52cf16b8,-0.124470419886785,AATCCTCAGAGGCAGGAAAGGCAGGGAGGTGGGAACAGGAGGCTGCGTCTGAGCTGCCCGGGCCCGTGGCCTTCCCAGCTGGGCCGGGATTCAGAGCTGTGCTGAGGTGCCCAGGCAGGCGGTCAGGCCTGAAGGGCAGGAGAGGGCCTCACCCCACTCCAGAGCGGCTGCAGCCTATGGGGACGGAGTCCCATCCACAT,ecbf8b0b464b0125d3fe25081cf0467640a1670f64cd7c694e78e314595f2c0a,-1.51769217920948,AATCCTCAGAGGCAGGAAAGGCAGGGAGGTGGGAACAGGAGGCTGCGTCTGAGCTGCCCGGGCCCGTGGCCTTCCCAGCTGGGCCGGGATTCAGAGCTGCGCTGAGGTGCCCAGGCAGGCGGTCAGGCCTGAAGGGCAGGAGAGGGCCTCACCCCACTCCAGAGCGGCTGCAGCCTATGGGGACGGAGTCCCATCCACAT,a796b26905141f81ade35b2b291b5a73209d0925954793652ca8190b21a55a09,-1.4699142395409,0.172248359555365,0.11186525910496,-268.1633270084858,-270.7625396505464,-264.1251005255617,-266.9329637787305,-0.20865061110816896,-1.0,-0.172248359555365,0.0,0,0.18550806565353228,0.18565657667894103,0.15145376406925343,0.25587177623996105,1.0
chr16:88556004:G:A;chr16:88556007:C:T;var1;middle;OL27|K562|18433fedc8512a95,chr16:88556004:G:A;chr16:88556007:C:T;var1;middle;OL27,K562,K562_region_00806,100,103,3,GTCTGAGCTGCCCGGGCCCGTGGCCTTCCCAGCTGGGCCGGGATTCAGAGCTGTGCTGAGGTGCCCAGGCAGGCGGTCAGGCCTGAAGGGCAGGAGAGGGCCCCACCCCACTCCAGAGCGGCTGCAGCCTATGGGGACGGAGTCCCATCCACATACCCCGCGGGGCCTGGGCCACAGGGTGTGTCCTAGAGGGTGGTTTG,e40c15ca202811c383b5f6fc2fc3af3b3ac55bb9a6530b4639840370d5329326,0.0,GTCTGAGCTGCCCGGGCCCGTGGCCTTCCCAGCTGGGCCGGGATTCAGAGCTGTGCTGAGGTGCCCAGGCAGGCGGTCAGGCCTGAAGGGCAGGAGAGGACCCCACCCCACTCCAGAGCGGCTGCAGCCTATGGGGACGGAGTCCCATCCACATACCCCGCGGGGCCTGGGCCACAGGGTGTGTCCTAGAGGGTGGTTTG,8f7ef923a31d27e3bb9de8748214404bf12d3ffd2ff5bd8e2592f8a36b8408ae,-1.26141855361675,GTCTGAGCTGCCCGGGCCCGTGGCCTTCCCAGCTGGGCCGGGATTCAGAGCTGTGCTGAGGTGCCCAGGCAGGCGGTCAGGCCTGAAGGGCAGGAGAGGGCCTCACCCCACTCCAGAGCGGCTGCAGCCTATGGGGACGGAGTCCCATCCACATACCCCGCGGGGCCTGGGCCACAGGGTGTGTCCTAGAGGGTGGTTTG,8cd9c16d50e1e03b56f7669b0eec9b24a1cf81bf3367886498d0d26322fcbea3,-1.45824555163208,GTCTGAGCTGCCCGGGCCCGTGGCCTTCCCAGCTGGGCCGGGATTCAGAGCTGTGCTGAGGTGCCCAGGCAGGCGGTCAGGCCTGAAGGGCAGGAGAGGACCTCACCCCACTCCAGAGCGGCTGCAGCCTATGGGGACGGAGTCCCATCCACATACCCCGCGGGGCCTGGGCCACAGGGTGTGTCCTAGAGGGTGGTTTG,18433fedc8512a95a32503a9ac18e81a4f6359b84d7cb053e64aa36db175ac19,-1.54181763728619,-1.17784646796264,0.131860561805239,-281.0167080813553,-299.6662526752334,-277.012391123455,-284.74522226210684,-10.916713455226272,1.0,-1.17784646796264,0.0,0,0.1717547539147904,0.18565657667894103,0.15145376406925343,0.18099040149228118,1.0
chr16:88567535:A:G;chr16:88567540:G:T;var1;middle;OL31|K562|1d2e030f9c2f1ac1,chr16:88567535:A:G;chr16:88567540:G:T;var1;middle;OL31,K562,K562_region_00807,100,105,5,GGAGGGAAACTGAGACACCACTGCTGGTGATGGAGGTAGCGGTCATGGATGCGGGGGCCCTCCCGCAGGTGCTGGTGATGATGGAGATAGCAGACATGGATGCGGGGGCCATCCCGCAGGTGCTGGTGATGATGGAGATAGCAGACATGGGTGCGGGGGCCCTCCCGCAGGTGCTGGTGATGATGGAGATAGCGGGTGTG,aa0ac22c4efc0c12bb89d7e20cecbe08d12e2478da8c84335ec047173c182ab8,0.0,GGAGGGAAACTGAGACACCACTGCTGGTGATGGAGGTAGCGGTCATGGATGCGGGGGCCCTCCCGCAGGTGCTGGTGATGATGGAGATAGCAGACATGGGTGCGGGGGCCATCCCGCAGGTGCTGGTGATGATGGAGATAGCAGACATGGGTGCGGGGGCCCTCCCGCAGGTGCTGGTGATGATGGAGATAGCGGGTGTG,c3ad914df97ea43d7e5a123f93bd38c05416b8fb8efb43d9374c1baac9d4e27b,-0.142789208607691,GGAGGGAAACTGAGACACCACTGCTGGTGATGGAGGTAGCGGTCATGGATGCGGGGGCCCTCCCGCAGGTGCTGGTGATGATGGAGATAGCAGACATGGATGCGTGGGCCATCCCGCAGGTGCTGGTGATGATGGAGATAGCAGACATGGGTGCGGGGGCCCTCCCGCAGGTGCTGGTGATGATGGAGATAGCGGGTGTG,9cddf38bc8cdefbd0d7f72f101ac7c38e4fe6c632b6754e9636a6c01f776f225,-0.0782647195093148,GGAGGGAAACTGAGACACCACTGCTGGTGATGGAGGTAGCGGTCATGGATGCGGGGGCCCTCCCGCAGGTGCTGGTGATGATGGAGATAGCAGACATGGGTGCGTGGGCCATCCCGCAGGTGCTGGTGATGATGGAGATAGCAGACATGGGTGCGGGGGCCCTCCCGCAGGTGCTGGTGATGATGGAGATAGCGGGTGTG,1d2e030f9c2f1ac11188f1f11d3c59560970f15760121c2971b8a6e5fdf25d70,0.123723648786888,0.3447775769038938,0.24325061232789,-98.12451588897966,-88.98210791975725,-119.23402363155036,-110.32005602610298,-0.22844036377500743,-1.0,-0.3447775769038938,0.0,4,0.17591619470522854,0.17620727786206916,0.145609630836647,0.09550535957486739,1.0
chr16:88634287:C:T;chr16:88634317:T:A;var1;middle;OL30|K562|7776a45950aee564,chr16:88634287:C:T;chr16:88634317:T:A;var1;middle;OL30,K562,K562_region_00808,100,130,30,CTCACGCCTGTAATCCCAACACTTTGGGAGGCCGAGGCGGGAGGATCACGAGGTCAGAAGATCGAGACCGTCCTGGCTAACACGGTGAAACCCCGTCTCCACTAAAAATACAAAAAAATTAGCCGGGCGTGGTGGCGGGCGCCTGTAGTCCCAGCTACTCGGGAGGCTGAGGCAGGAGAATCGCTTGAACCCAGGGGGCG,54b1dc39b268b129e47364bb6997b99e89e4d94b748a9c73944a0bcdda1307e5,0.0,CTCACGCCTGTAATCCCAACACTTTGGGAGGCCGAGGCGGGAGGATCACGAGGTCAGAAGATCGAGACCGTCCTGGCTAACACGGTGAAACCCCGTCTCTACTAAAAATACAAAAAAATTAGCCGGGCGTGGTGGCGGGCGCCTGTAGTCCCAGCTACTCGGGAGGCTGAGGCAGGAGAATCGCTTGAACCCAGGGGGCG,e54ecf1952335ad4d98625c0bb0f018d3184be2f51cf73c57b200f7a8715426a,-0.247018912665611,CTCACGCCTGTAATCCCAACACTTTGGGAGGCCGAGGCGGGAGGATCACGAGGTCAGAAGATCGAGACCGTCCTGGCTAACACGGTGAAACCCCGTCTCCACTAAAAATACAAAAAAATTAGCCGGGCGAGGTGGCGGGCGCCTGTAGTCCCAGCTACTCGGGAGGCTGAGGCAGGAGAATCGCTTGAACCCAGGGGGCG,81bcc871a727a3755da8b928d96d632f023125e5a032bdfebccc370882fc3b13,0.236445543102913,CTCACGCCTGTAATCCCAACACTTTGGGAGGCCGAGGCGGGAGGATCACGAGGTCAGAAGATCGAGACCGTCCTGGCTAACACGGTGAAACCCCGTCTCTACTAAAAATACAAAAAAATTAGCCGGGCGAGGTGGCGGGCGCCTGTAGTCCCAGCTACTCGGGAGGCTGAGGCAGGAGAATCGCTTGAACCCAGGGGGCG,7776a45950aee56410e2632167dcec6393aa33d3914371355a567a6a1b82b82e,0.296648040124613,0.307221409687311,0.358879814147749,-48.46658800262958,-44.66064967983402,-52.08702504308894,-48.27682896889746,0.0042577513959258795,-1.0,-0.307221409687311,0.0,2,0.17520066800034295,0.17490732828716207,0.146091925319964,-0.021878331604789164,1.0
chr16:88766940:C:T;chr16:88766973:G:C;var1;middle;OL41|K562|f82f8a3cf4bcc4bb,chr16:88766940:C:T;chr16:88766973:G:C;var1;middle;OL41,K562,K562_region_00809,100,133,33,GTGCCCAAGCACCCAAGACCACAGCCTGCTCAGCCGCACCACTCTGGAGTCCAGGGCAGCCCCTGGACATCTGGACCTTCGACCTCGAGGACAAACCACCGAGGGGCCACGTACTAGTGTGAGCGCTTCATAGAACTTATTCACCTGAGATGTGGCAACGTCGGGAAACGCAAATGCAAAATCACCTCTAGCTGCTCAGT,a3d4da9be9820ce3c8841b1761124858cc3df54c3db617faa77648be491957e8,0.0,GTGCCCAAGCACCCAAGACCACAGCCTGCTCAGCCGCACCACTCTGGAGTCCAGGGCAGCCCCTGGACATCTGGACCTTCGACCTCGAGGACAAACCACTGAGGGGCCACGTACTAGTGTGAGCGCTTCATAGAACTTATTCACCTGAGATGTGGCAACGTCGGGAAACGCAAATGCAAAATCACCTCTAGCTGCTCAGT,80e301ff8b39ae9ae5a1ad8477e4e6ead090e4ed81134768f26f86bf1a1b64d9,-0.22400721705697,GTGCCCAAGCACCCAAGACCACAGCCTGCTCAGCCGCACCACTCTGGAGTCCAGGGCAGCCCCTGGACATCTGGACCTTCGACCTCGAGGACAAACCACCGAGGGGCCACGTACTAGTGTGAGCGCTTCATACAACTTATTCACCTGAGATGTGGCAACGTCGGGAAACGCAAATGCAAAATCACCTCTAGCTGCTCAGT,acb0d94bb1c87390bcdc82ed901d1bdc48c2956579bbae31091d52dfbf2be5c2,0.0526519544780723,GTGCCCAAGCACCCAAGACCACAGCCTGCTCAGCCGCACCACTCTGGAGTCCAGGGCAGCCCCTGGACATCTGGACCTTCGACCTCGAGGACAAACCACTGAGGGGCCACGTACTAGTGTGAGCGCTTCATACAACTTATTCACCTGAGATGTGGCAACGTCGGGAAACGCAAATGCAAAATCACCTCTAGCTGCTCAGT,f82f8a3cf4bcc4bb984cc8bf6372e07dd949a8153ee1c789173c10b2b974c9bb,0.50130275723378,0.6726580198126777,0.293001486574781,-411.8987897633342,-388.591412271373,-413.2312448825687,-404.9710937216878,-15.04722633108031,-1.0,-0.6726580198126777,0.0,4,0.15754962365546876,0.17620727786206916,0.145609630836647,0.14137586220242976,1.0
chr16:88766973:G:C;chr16:88767045:C:T;var1;middle;OL41|K562|8ceee927e45f13c3,chr16:88766973:G:C;chr16:88767045:C:T;var1;middle;OL41,K562,K562_region_00809,100,172,72,CCGCACCACTCTGGAGTCCAGGGCAGCCCCTGGACATCTGGACCTTCGACCTCGAGGACAAACCACCGAGGGGCCACGTACTAGTGTGAGCGCTTCATAGAACTTATTCACCTGAGATGTGGCAACGTCGGGAAACGCAAATGCAAAATCACCTCTAGCTGCTCAGTCCTCCGGAAGCCACTGAAAGAACGGGGCGCTGG,27a1655ee73ef0eb97613d04f7947c9cdfd3f643f29d9465562fad63e6143cbc,0.0,CCGCACCACTCTGGAGTCCAGGGCAGCCCCTGGACATCTGGACCTTCGACCTCGAGGACAAACCACCGAGGGGCCACGTACTAGTGTGAGCGCTTCATACAACTTATTCACCTGAGATGTGGCAACGTCGGGAAACGCAAATGCAAAATCACCTCTAGCTGCTCAGTCCTCCGGAAGCCACTGAAAGAACGGGGCGCTGG,80810a263697ae4a0367c7cca962b53ee4bd42000a1669f9e9acc9c3040195ee,-0.356283940141569,CCGCACCACTCTGGAGTCCAGGGCAGCCCCTGGACATCTGGACCTTCGACCTCGAGGACAAACCACCGAGGGGCCACGTACTAGTGTGAGCGCTTCATAGAACTTATTCACCTGAGATGTGGCAACGTCGGGAAACGCAAATGCAAAATCACCTCTAGCTGCTCAGTCCTCTGGAAGCCACTGAAAGAACGGGGCGCTGG,9c1c1b11582ccc73a030df79037dd447849a7351dd7b028e4e06ea001b31ff3f,-0.469344691068406,CCGCACCACTCTGGAGTCCAGGGCAGCCCCTGGACATCTGGACCTTCGACCTCGAGGACAAACCACCGAGGGGCCACGTACTAGTGTGAGCGCTTCATACAACTTATTCACCTGAGATGTGGCAACGTCGGGAAACGCAAATGCAAAATCACCTCTAGCTGCTCAGTCCTCTGGAAGCCACTGAAAGAACGGGGCGCTGG,8ceee927e45f13c3bc6f10191a575b52c92eddecad98e853fb1d337f2d0b7422,-0.507623144855234,-0.318005486354741,0.318133185628397,-280.18962977826595,-280.85310035943985,-277.68683867156506,-275.62644186615944,-2.7238673865795135,1.0,-0.318005486354741,0.0,4,0.17282333420943963,0.17620727786206916,0.145609630836647,0.2646745881879373,1.0
chr16:88782159:C:T;chr16:88782205:G:C;var1;middle;OL31|K562|09e099a066acb2e5,chr16:88782159:C:T;chr16:88782205:G:C;var1;middle;OL31,K562,K562_region_00810,100,146,46,AGAGGAAGATGAGCTTGGCGTACAACTCCTCCTCCAGCTCCAGCTCCCGAGTCTCCCGCACCAGGAAGATGTCCTGGCAGAGCTTGAGGATGCGGTCCACGCACGGCAGCTCCTCGAACATAATGGAGTGCGAGATCTCGCTGAAGAATCCGCGCACGAACTTGCCGATGACCAGCACGATGGACACGTACAGCCCCATG,b4e931089639be04960dba805fc0b77653cbcf22fd2b4c12076cb17ab027abf7,0.0,AGAGGAAGATGAGCTTGGCGTACAACTCCTCCTCCAGCTCCAGCTCCCGAGTCTCCCGCACCAGGAAGATGTCCTGGCAGAGCTTGAGGATGCGGTCCATGCACGGCAGCTCCTCGAACATAATGGAGTGCGAGATCTCGCTGAAGAATCCGCGCACGAACTTGCCGATGACCAGCACGATGGACACGTACAGCCCCATG,45c51c7eece174a523dd6f5cb2663b22c718540d71b93a19e912bf2490018192,-0.335975411176138,AGAGGAAGATGAGCTTGGCGTACAACTCCTCCTCCAGCTCCAGCTCCCGAGTCTCCCGCACCAGGAAGATGTCCTGGCAGAGCTTGAGGATGCGGTCCACGCACGGCAGCTCCTCGAACATAATGGAGTGCGAGATCTCGCTGAACAATCCGCGCACGAACTTGCCGATGACCAGCACGATGGACACGTACAGCCCCATG,62f16dfa8fb9cbf266350fb6b1c4c8a9f4d9acc6ed2d2fedf321bb950bca3556,0.148117800401306,AGAGGAAGATGAGCTTGGCGTACAACTCCTCCTCCAGCTCCAGCTCCCGAGTCTCCCGCACCAGGAAGATGTCCTGGCAGAGCTTGAGGATGCGGTCCATGCACGGCAGCTCCTCGAACATAATGGAGTGCGAGATCTCGCTGAACAATCCGCGCACGAACTTGCCGATGACCAGCACGATGGACACGTACAGCCCCATG,09e099a066acb2e5eb68b1de9b85cb85183560fe4e0d8ffe3876675c7290ea66,-0.229897661092496,-0.042040050317664,0.391295755687908,-345.92702934192494,-339.7085889573209,-358.9864452057518,-354.1173860928975,-1.3493812717497349,-1.0,0.042040050317664,0.0,0,0.18404292442172096,0.18565657667894103,0.15145376406925343,0.14530122207033155,1.0
chr16:88785072:G:C;chr16:88785126:A:G;var1;middle;OL27|K562|8488c9772232269b,chr16:88785072:G:C;chr16:88785126:A:G;var1;middle;OL27,K562,K562_region_00811,100,154,54,TGATTACAAAAGGACAAACGCTGTCTGAGCCTGTTTTCATGAAATATCCACTGTAGGCAAATCTCATAGAACCAGGACCTAGACAAGGGGTTACTAGGGGCCAGGGGAGGGGAAACCGAGTGACAGCCAATGGGCACTGGGTTTCTTCTTTTTACTTTTTTAGAGACAGGGTCTCACTCTGTTGCCCAAGCTGGAGTGCA,c89676e66e951c93d97d1a3f334cd57f22628e36a99c962044975066a3400066,0.0,TGATTACAAAAGGACAAACGCTGTCTGAGCCTGTTTTCATGAAATATCCACTGTAGGCAAATCTCATAGAACCAGGACCTAGACAAGGGGTTACTAGGGCCCAGGGGAGGGGAAACCGAGTGACAGCCAATGGGCACTGGGTTTCTTCTTTTTACTTTTTTAGAGACAGGGTCTCACTCTGTTGCCCAAGCTGGAGTGCA,14e6d042bf8e9e1c130f952847ab50a7a05003ac16f80dc1ef72f139dea3235d,0.127581786287833,TGATTACAAAAGGACAAACGCTGTCTGAGCCTGTTTTCATGAAATATCCACTGTAGGCAAATCTCATAGAACCAGGACCTAGACAAGGGGTTACTAGGGGCCAGGGGAGGGGAAACCGAGTGACAGCCAATGGGCACTGGGTTTCTTCTTTTTGCTTTTTTAGAGACAGGGTCTCACTCTGTTGCCCAAGCTGGAGTGCA,da0e9975355d2e8dea050c22a4e5e05b04b17b9223ea8f6e42cef64019a6ef36,-0.0195921747191882,TGATTACAAAAGGACAAACGCTGTCTGAGCCTGTTTTCATGAAATATCCACTGTAGGCAAATCTCATAGAACCAGGACCTAGACAAGGGGTTACTAGGGCCCAGGGGAGGGGAAACCGAGTGACAGCCAATGGGCACTGGGTTTCTTCTTTTTGCTTTTTTAGAGACAGGGTCTCACTCTGTTGCCCAAGCTGGAGTGCA,8488c9772232269b649202f117801321c51a6cc60d745c3683c4db9ab6c9283c,0.147227196378034,0.0392375848093891,0.0975050620513692,-197.3999831005931,-207.91619732696563,-198.40576187707484,-210.89980678632853,-1.977830682881148,-1.0,-0.0392375848093891,0.0,0,0.18323575128600605,0.18565657667894103,0.15145376406925343,0.044061833009668316,1.0
chr16:88812250:T:C;chr16:88812328:G:C;var1;middle;OL41|K562|0d8f8e4ea1266e99,chr16:88812250:T:C;chr16:88812328:G:C;var1;middle;OL41,K562,K562_region_00812,100,178,78,CGTCTCAAAAAAAAAAAAAAAAAAAGGGGCCGGGGCTCCCCCTCCAGCTTGCAGGGCTCTCAGGAGGAAACAGGAAGGGGCGGGGAGGCCCCAGGGTATTGCAGACCGGATGGTTGACAGAGCATGGACCTCCCCCAGAGCCGGAGCCCTTGGACCCCGGCACGGCCTGCAAAGGCTGAGGGGCCCCACCACGGCAGCAT,20b6e01810256ff493c93413ea37c35a27bac9a14e33c1407792b193d1a63ce4,0.0,CGTCTCAAAAAAAAAAAAAAAAAAAGGGGCCGGGGCTCCCCCTCCAGCTTGCAGGGCTCTCAGGAGGAAACAGGAAGGGGCGGGGAGGCCCCAGGGTATCGCAGACCGGATGGTTGACAGAGCATGGACCTCCCCCAGAGCCGGAGCCCTTGGACCCCGGCACGGCCTGCAAAGGCTGAGGGGCCCCACCACGGCAGCAT,0790097d441a96b407de98a1706a32aa371c85ee75accd3f65c5afbbf4d86d5b,0.155105657919571,CGTCTCAAAAAAAAAAAAAAAAAAAGGGGCCGGGGCTCCCCCTCCAGCTTGCAGGGCTCTCAGGAGGAAACAGGAAGGGGCGGGGAGGCCCCAGGGTATTGCAGACCGGATGGTTGACAGAGCATGGACCTCCCCCAGAGCCGGAGCCCTTGGACCCCGGCACGGCCTGCAAAGGCTCAGGGGCCCCACCACGGCAGCAT,928a0634c6ff29e05b5e54c393f664a607b0617174399ac8649f9d786c8dc185,-0.226669668664551,CGTCTCAAAAAAAAAAAAAAAAAAAGGGGCCGGGGCTCCCCCTCCAGCTTGCAGGGCTCTCAGGAGGAAACAGGAAGGGGCGGGGAGGCCCCAGGGTATCGCAGACCGGATGGTTGACAGAGCATGGACCTCCCCCAGAGCCGGAGCCCTTGGACCCCGGCACGGCCTGCAAAGGCTCAGGGGCCCCACCACGGCAGCAT,0d8f8e4ea1266e997b78b707a755bed1a86443a8585cce369619714778bb8a60,-0.0262544904685016,0.0453095202764783,0.181838012654966,-315.9722272728104,-318.18715646560304,-327.5161298904568,-328.1804614288267,1.550597654422745,-1.0,-0.0453095202764783,0.0,1,0.1839427995481737,0.18216460459877223,0.1501433469024087,0.2757688617868273,1.0
chr16:88837243:C:T;chr16:88837298:C:T;var1;middle;OL27|K562|0f7bdb0831a99ea0,chr16:88837243:C:T;chr16:88837298:C:T;var1;middle;OL27,K562,K562_region_00813,100,155,55,ACGCCCCACGGTTCCCACGGAGCAGTCAGGTCCGGGCCAGGCGTCCTCCACTGGGCCCCGCGCGGCCCTGCCATAGGTGACACCAGCCACCACCAGAGTCGCTGGGCCTCATGTCCTCACCTGGGAGGCCAGTGAGGTGCCCTGGGGGCTTGGGCGAGGAGCTCTAACTATAGGAATCCGGTGGGCGGCACTGGAGAGAC,1d1e2985d7647b10350788e0ef16e00daf9f3ee102d61ee5adaa93e53a813670,0.0,ACGCCCCACGGTTCCCACGGAGCAGTCAGGTCCGGGCCAGGCGTCCTCCACTGGGCCCCGCGCGGCCCTGCCATAGGTGACACCAGCCACCACCAGAGTTGCTGGGCCTCATGTCCTCACCTGGGAGGCCAGTGAGGTGCCCTGGGGGCTTGGGCGAGGAGCTCTAACTATAGGAATCCGGTGGGCGGCACTGGAGAGAC,5e54a5b39f51ef9e337b1dc3b359e897351144acaf4fb1482c089343658df4f1,0.16568965792193,ACGCCCCACGGTTCCCACGGAGCAGTCAGGTCCGGGCCAGGCGTCCTCCACTGGGCCCCGCGCGGCCCTGCCATAGGTGACACCAGCCACCACCAGAGTCGCTGGGCCTCATGTCCTCACCTGGGAGGCCAGTGAGGTGCCCTGGGGGCTTGGGTGAGGAGCTCTAACTATAGGAATCCGGTGGGCGGCACTGGAGAGAC,003fcaf43d6ffa48741054ee7bfc169d6d22d9cf06a4f0cdda41d6c7ecd51762,0.339320807347798,ACGCCCCACGGTTCCCACGGAGCAGTCAGGTCCGGGCCAGGCGTCCTCCACTGGGCCCCGCGCGGCCCTGCCATAGGTGACACCAGCCACCACCAGAGTTGCTGGGCCTCATGTCCTCACCTGGGAGGCCAGTGAGGTGCCCTGGGGGCTTGGGTGAGGAGCTCTAACTATAGGAATCCGGTGGGCGGCACTGGAGAGAC,0f7bdb0831a99ea047df128b636ff5c9236a061e3d47f3b5b341dd2c6edff3da,0.126340508096382,0.378669957173346,0.180313092884905,-250.61909706145525,-253.322033405304,-253.35426314920187,-259.29065139219165,3.2334518991410164,1.0,0.378669957173346,0.0,0,0.18992906220064976,0.18565657667894103,0.15145376406925343,0.1228333592366445,1.0
chr16:89230316:T:C;chr16:89230366:T:C;var1;middle;OL41|K562|ef270074f50221d5,chr16:89230316:T:C;chr16:89230366:T:C;var1;middle;OL41,K562,K562_region_00814,100,150,50,TCAGCTTCCTGAGAAGCTGGGACCACAGGCATGTGCCATCATGTCCGGCTAATTTTCTTTTTAAAATGTTGTAGCAATGGAGCCTGGGCTCAAGCCATCTTCCCACCTCAGCCTGCCAAGTAGCTGGGACCACAGACATGTGCCACTGCTGCGCCCAGCTAGCCTTTAATATTTTTAAATGCTGTAAGATCTGCAGGTTT,68b891f516d502892cac7a7233505d4ac1d6f128d932e2dc3c0e44c787f3a560,0.0,TCAGCTTCCTGAGAAGCTGGGACCACAGGCATGTGCCATCATGTCCGGCTAATTTTCTTTTTAAAATGTTGTAGCAATGGAGCCTGGGCTCAAGCCATCCTCCCACCTCAGCCTGCCAAGTAGCTGGGACCACAGACATGTGCCACTGCTGCGCCCAGCTAGCCTTTAATATTTTTAAATGCTGTAAGATCTGCAGGTTT,7ddcaae534ed617dd43f75eba611c719f5736a5a0b984ca766681cbe321bae58,0.118144419684532,TCAGCTTCCTGAGAAGCTGGGACCACAGGCATGTGCCATCATGTCCGGCTAATTTTCTTTTTAAAATGTTGTAGCAATGGAGCCTGGGCTCAAGCCATCTTCCCACCTCAGCCTGCCAAGTAGCTGGGACCACAGACATGTGCCACTGCCGCGCCCAGCTAGCCTTTAATATTTTTAAATGCTGTAAGATCTGCAGGTTT,2f21eeb442170e6a506bf89ee12d8920e5c8436968cc558e94ce672cfa7f9479,0.491976083464842,TCAGCTTCCTGAGAAGCTGGGACCACAGGCATGTGCCATCATGTCCGGCTAATTTTCTTTTTAAAATGTTGTAGCAATGGAGCCTGGGCTCAAGCCATCCTCCCACCTCAGCCTGCCAAGTAGCTGGGACCACAGACATGTGCCACTGCCGCGCCCAGCTAGCCTTTAATATTTTTAAATGCTGTAAGATCTGCAGGTTT,ef270074f50221d53477b5273cac82acf0916ad713b89a69f9ad9445de218a17,-0.0032620453176913,0.6133825484670653,0.227022848526993,-139.84909825585785,-136.8902328265831,-143.26458569895476,-140.24517028592527,-0.060549983754725645,1.0,0.6133825484670653,0.0,2,0.1751063026981404,0.17490732828716207,0.146091925319964,0.33136976814581875,1.0
chr16:89250882:T:C;chr16:89250951:T:A;var1;middle;OL41|K562|27947f6f6be0975e,chr16:89250882:T:C;chr16:89250951:T:A;var1;middle;OL41,K562,K562_region_00815,100,169,69,ACCTCGGTGGCTAAGTCCACCTGAGCTGCCAGAGGGGTCAGGCCTAAATCTCAGGAGAGGGAAATGGGGGGAGGTGAAACCTGGTCCTGCCATATGTGGTCCCTCTAGCGGCACCTTCGTGAGTACCGCTTCCCACAGCAGGTGGGGCGGGGGCTCTGGCCTACACAGTCACAGTGCGCGTCCTCTGCTCGGCTGTCGTG,700553fcba5fe9a6c415a0f870b52edef296d4b17812fe0d0c9b223203309a46,0.0,ACCTCGGTGGCTAAGTCCACCTGAGCTGCCAGAGGGGTCAGGCCTAAATCTCAGGAGAGGGAAATGGGGGGAGGTGAAACCTGGTCCTGCCATATGTGGCCCCTCTAGCGGCACCTTCGTGAGTACCGCTTCCCACAGCAGGTGGGGCGGGGGCTCTGGCCTACACAGTCACAGTGCGCGTCCTCTGCTCGGCTGTCGTG,3e01594ab4693060fc8c4764abc6365f061372243c13143289e9c49db98b0117,-1.26009009467277,ACCTCGGTGGCTAAGTCCACCTGAGCTGCCAGAGGGGTCAGGCCTAAATCTCAGGAGAGGGAAATGGGGGGAGGTGAAACCTGGTCCTGCCATATGTGGTCCCTCTAGCGGCACCTTCGTGAGTACCGCTTCCCACAGCAGGTGGGGCGGGGGCTCTGGCCTACACAGACACAGTGCGCGTCCTCTGCTCGGCTGTCGTG,dc36c448c3124d89dd5aba77133aefd2bff744ecc54dc5b676a790fc70a5049e,-0.54000924610542,ACCTCGGTGGCTAAGTCCACCTGAGCTGCCAGAGGGGTCAGGCCTAAATCTCAGGAGAGGGAAATGGGGGGAGGTGAAACCTGGTCCTGCCATATGTGGCCCCTCTAGCGGCACCTTCGTGAGTACCGCTTCCCACAGCAGGTGGGGCGGGGGCTCTGGCCTACACAGACACAGTGCGCGTCCTCTGCTCGGCTGTCGTG,27947f6f6be0975e8fa7060fd03b5f2b9f01943348e7c2dfde5363e50eb772d9,-1.32313274174112,-0.4769665990370699,0.183583671478773,-366.5461893670727,-367.8841045428999,-332.985532455612,-333.7077056110138,-0.6157420204253299,1.0,-0.4769665990370699,0.0,3,0.18023277713273525,0.18106719778262317,0.1474303780702046,0.2651997521011063,1.0
chr16:89260826:C:T;chr16:89260909:C:T;var1;middle;OL41|K562|bc070c4ef078cebf,chr16:89260826:C:T;chr16:89260909:C:T;var1;middle;OL41,K562,K562_region_00816,100,183,83,ACGGGGAATCTGGGGTGTGGGGCGCACAGGGAACCCTCCTCTGTGCCTGTCTGCACCTGTAGCACCTGGCTCAGAGAAAGCCCCCAGCCAAGGTGTACACCCCCGGTTAGGAGCGTGTGTCCCCACGAGCTGAGAGGACAGACATGCAGACAGAGCCTCCGAAAGGCAGACGGGCCGTTCTGCGGATGGGGGTGTCCAGG,af73d85e5c47dfd70b5178f31f2dec611bbc3b0ddfd5babbebabfaf422ee35fd,0.0,ACGGGGAATCTGGGGTGTGGGGCGCACAGGGAACCCTCCTCTGTGCCTGTCTGCACCTGTAGCACCTGGCTCAGAGAAAGCCCCCAGCCAAGGTGTACATCCCCGGTTAGGAGCGTGTGTCCCCACGAGCTGAGAGGACAGACATGCAGACAGAGCCTCCGAAAGGCAGACGGGCCGTTCTGCGGATGGGGGTGTCCAGG,0cc3aef5dc8160dadb2793193f132ed43c4f0fb6911495eb2957d67bba5a6ab2,-0.130358195148828,ACGGGGAATCTGGGGTGTGGGGCGCACAGGGAACCCTCCTCTGTGCCTGTCTGCACCTGTAGCACCTGGCTCAGAGAAAGCCCCCAGCCAAGGTGTACACCCCCGGTTAGGAGCGTGTGTCCCCACGAGCTGAGAGGACAGACATGCAGACAGAGCCTCCGAAAGGCAGACGGGCCGTTCTGTGGATGGGGGTGTCCAGG,923625a90e37567f7d7a13bce65bfb814777b961d1520a509f116eb39ac8040c,-0.0746014870254979,ACGGGGAATCTGGGGTGTGGGGCGCACAGGGAACCCTCCTCTGTGCCTGTCTGCACCTGTAGCACCTGGCTCAGAGAAAGCCCCCAGCCAAGGTGTACATCCCCGGTTAGGAGCGTGTGTCCCCACGAGCTGAGAGGACAGACATGCAGACAGAGCCTCCGAAAGGCAGACGGGCCGTTCTGTGGATGGGGGTGTCCAGG,bc070c4ef078cebf87cd6845f98bcb766e41b6c8de368eb7ea9ef138015b9ba6,-0.170848418833525,-0.0341112633408008,0.485160958983288,-336.36970222601667,-340.13877475250047,-306.94100180943497,-300.26511754700914,-10.444956788909622,1.0,-0.0341112633408008,0.0,4,0.16325372861541063,0.17620727786206916,0.145609630836647,0.3103235148722783,1.0
chr16:89583578:G:A;chr16:89583610:C:T;var1;middle;OL41|K562|56557fc3c6633577,chr16:89583578:G:A;chr16:89583610:C:T;var1;middle;OL41,K562,K562_region_00817,100,132,32,GTGGAAGAAAATCCACGTGTCCGTGATCATACATAGCTCACTCCTGTGTTGCTGAAGGGTCACCTGTCATAGAAGAGGGAAGAATTGTGTGGCCTGTGCGGATTCTGCATTCAGCCTTGTGTGTTGTGTTACGGTTAACCAGGGACGTGTGCCCCACTAATAACTCTGATTCCTGGAAGGAATGGCATGGCAGCCTCCGT,dbe8b8773590b08351487d9b24d7342477df7a451f4f77deab51060cf5558c7b,0.0,GTGGAAGAAAATCCACGTGTCCGTGATCATACATAGCTCACTCCTGTGTTGCTGAAGGGTCACCTGTCATAGAAGAGGGAAGAATTGTGTGGCCTGTGCAGATTCTGCATTCAGCCTTGTGTGTTGTGTTACGGTTAACCAGGGACGTGTGCCCCACTAATAACTCTGATTCCTGGAAGGAATGGCATGGCAGCCTCCGT,c6798a3b24612189ccc530d49ce5be3fd4a547ca7675cbd034873cd3dc751eaa,-0.0500207336066089,GTGGAAGAAAATCCACGTGTCCGTGATCATACATAGCTCACTCCTGTGTTGCTGAAGGGTCACCTGTCATAGAAGAGGGAAGAATTGTGTGGCCTGTGCGGATTCTGCATTCAGCCTTGTGTGTTGTGTTATGGTTAACCAGGGACGTGTGCCCCACTAATAACTCTGATTCCTGGAAGGAATGGCATGGCAGCCTCCGT,15e9161286f86315fabd6fb10b6e403227a29685ff21dd3c93b55a0f85432b3a,0.123884700636674,GTGGAAGAAAATCCACGTGTCCGTGATCATACATAGCTCACTCCTGTGTTGCTGAAGGGTCACCTGTCATAGAAGAGGGAAGAATTGTGTGGCCTGTGCAGATTCTGCATTCAGCCTTGTGTGTTGTGTTATGGTTAACCAGGGACGTGTGCCCCACTAATAACTCTGATTCCTGGAAGGAATGGCATGGCAGCCTCCGT,56557fc3c66335777aad84c68d052f036548842fd99872a5f8ea9f25b2ea554b,-0.291279432718571,0.3651433997486361,0.292928424881281,-319.89775784499943,-309.2311574742198,-317.4912612270564,-305.5332507118583,-1.291410144418478,1.0,0.3651433997486361,0.0,0,0.18411738186539117,0.18565657667894103,0.15145376406925343,0.1603335973385519,1.0
chr16:89600718:C:T;chr16:89600802:T:C;var1;middle;OL41|K562|aa1b938ee1c8402d,chr16:89600718:C:T;chr16:89600802:T:C;var1;middle;OL41,K562,K562_region_00818,100,184,84,TGAGTTTGACTGTTGTAGGGACCTCATAGAATTGGAGTCCTACAGTGTCTGTCCTTTGCTATCCGCCTTCTTTCAAGCACATAACATCTCTAGGGGCCACCTGTACTGGGCACGTGTCAGGATTTCCTTCCTCTTTGAGGCTGAACGATGCTGCCTTGTGTGTAGGGGCTGCGTCTTGTTATTTGCCCGTCGGTGGACAT,bb41494eccee1ab0aa06b1557f223c8cbc8fd92127ef2275b743d78c226cb3ed,0.0,TGAGTTTGACTGTTGTAGGGACCTCATAGAATTGGAGTCCTACAGTGTCTGTCCTTTGCTATCCGCCTTCTTTCAAGCACATAACATCTCTAGGGGCCATCTGTACTGGGCACGTGTCAGGATTTCCTTCCTCTTTGAGGCTGAACGATGCTGCCTTGTGTGTAGGGGCTGCGTCTTGTTATTTGCCCGTCGGTGGACAT,5bf1afd57810cbdbda809b88aefeb966a0a3497f9a90e39bdcac1af0e616ac97,0.144033927247537,TGAGTTTGACTGTTGTAGGGACCTCATAGAATTGGAGTCCTACAGTGTCTGTCCTTTGCTATCCGCCTTCTTTCAAGCACATAACATCTCTAGGGGCCACCTGTACTGGGCACGTGTCAGGATTTCCTTCCTCTTTGAGGCTGAACGATGCTGCCTTGTGTGTAGGGGCTGCGTCTTGTTATTCGCCCGTCGGTGGACAT,48dd5a5a96e3d1500be08602a06f202739dd21f6180039dff9e4736e46cbb137,-0.115752704550866,TGAGTTTGACTGTTGTAGGGACCTCATAGAATTGGAGTCCTACAGTGTCTGTCCTTTGCTATCCGCCTTCTTTCAAGCACATAACATCTCTAGGGGCCATCTGTACTGGGCACGTGTCAGGATTTCCTTCCTCTTTGAGGCTGAACGATGCTGCCTTGTGTGTAGGGGCTGCGTCTTGTTATTCGCCCGTCGGTGGACAT,aa1b938ee1c8402da2796fc1dafb222e010271c6a1194932027a124d210bb4ae,0.311973876714477,0.283692654017806,0.253249512536019,-330.9756744550541,-320.36058868514374,-373.7004135248717,-351.48263409384526,11.602693661116064,-1.0,-0.283692654017806,0.0,0,0.2006784192641047,0.18565657667894103,0.15145376406925343,0.1391763131063598,1.0
chr16:89673076:G:A;chr16:89673135:T:C;var1;middle;OL27|K562|ee9a03dcff935a84,chr16:89673076:G:A;chr16:89673135:T:C;var1;middle;OL27,K562,K562_region_00819,100,159,59,GCCGAGGCAGGTGGATCAGCTGAGGTCAGGAGTTTGAGACCATCCTGGCCAACATGGTGAAACCCCATCTCTACTAAAAATACAAAAAATTAGCTGGGCGTGGTGGCGGGCGCCTGTAATCCCAACTACTCGGGAGGCTGAGGCAGAGAATCCTTGAATCCAGGAGGCAGAGGTTGCAGTGAGCCGAGATCGCGCCACTG,643dbe39352a071bb8fc9961689f5a8414d97c78e3fb4a1efbebc4dc28c3abd5,0.0,GCCGAGGCAGGTGGATCAGCTGAGGTCAGGAGTTTGAGACCATCCTGGCCAACATGGTGAAACCCCATCTCTACTAAAAATACAAAAAATTAGCTGGGCATGGTGGCGGGCGCCTGTAATCCCAACTACTCGGGAGGCTGAGGCAGAGAATCCTTGAATCCAGGAGGCAGAGGTTGCAGTGAGCCGAGATCGCGCCACTG,e63cd36334fcda093a51d6356d005567d27db90af17e5276877714b0c78a10e5,0.0862714036367095,GCCGAGGCAGGTGGATCAGCTGAGGTCAGGAGTTTGAGACCATCCTGGCCAACATGGTGAAACCCCATCTCTACTAAAAATACAAAAAATTAGCTGGGCGTGGTGGCGGGCGCCTGTAATCCCAACTACTCGGGAGGCTGAGGCAGAGAATCCTTGAACCCAGGAGGCAGAGGTTGCAGTGAGCCGAGATCGCGCCACTG,6f477c7e0e7b4fd42264a773c25a032a2ac2758a0b23e95ba5137ef4836dd6ca,0.0126509715327615,GCCGAGGCAGGTGGATCAGCTGAGGTCAGGAGTTTGAGACCATCCTGGCCAACATGGTGAAACCCCATCTCTACTAAAAATACAAAAAATTAGCTGGGCATGGTGGCGGGCGCCTGTAATCCCAACTACTCGGGAGGCTGAGGCAGAGAATCCTTGAACCCAGGAGGCAGAGGTTGCAGTGAGCCGAGATCGCGCCACTG,ee9a03dcff935a84d636bddd3faa5a2b2d817e32bb2ada9f8816ba8f9493a137,-0.0075500012056416,0.1064723763751126,0.188401776198078,-49.7394068678841,-49.7131581758149,-46.33991791633889,-46.244858105666935,-0.06881111860275269,1.0,0.1064723763751126,0.0,4,0.17611404099840966,0.17620727786206916,0.145609630836647,0.21160994325344903,1.0
chr16:89708224:T:G;chr16:89708267:C:T;var1;middle;OL41|K562|122534aa5fd87ac9,chr16:89708224:T:G;chr16:89708267:C:T;var1;middle;OL41,K562,K562_region_00820,100,143,43,ACTGCATTAAATTCACACCAAAGTGTCCAGAAAGACGGCACCTTAACTGGCATCCCAGGAATGCACCTGCTTCCCAGAGTCCTTCCCACGAGCCGGTCATTGTTCACGCATCCTGAGTTCCAGCCTCAGGCTGGAAACAGACCTTTCCAGAGGAGGTTGGGAAGGAGCGCACCCAACCCTAGAGAGCTGGGAATTCCGGC,a9de656ad3fb402f29bcf6e0524a7b2a2addb2742407c6ba4dbc5b335a6f9230,0.0,ACTGCATTAAATTCACACCAAAGTGTCCAGAAAGACGGCACCTTAACTGGCATCCCAGGAATGCACCTGCTTCCCAGAGTCCTTCCCACGAGCCGGTCAGTGTTCACGCATCCTGAGTTCCAGCCTCAGGCTGGAAACAGACCTTTCCAGAGGAGGTTGGGAAGGAGCGCACCCAACCCTAGAGAGCTGGGAATTCCGGC,60cbca4fe200daa2e92f5de6e8d03b72eb4841cd9d7f5a1680969b4c608f5b0d,0.297893436016854,ACTGCATTAAATTCACACCAAAGTGTCCAGAAAGACGGCACCTTAACTGGCATCCCAGGAATGCACCTGCTTCCCAGAGTCCTTCCCACGAGCCGGTCATTGTTCACGCATCCTGAGTTCCAGCCTCAGGCTGGAAACAGACTTTTCCAGAGGAGGTTGGGAAGGAGCGCACCCAACCCTAGAGAGCTGGGAATTCCGGC,fdc2448f624d86de72364e77174516a449c7378c9c65fd65d3846f9d8e4ef398,-0.283100771725838,ACTGCATTAAATTCACACCAAAGTGTCCAGAAAGACGGCACCTTAACTGGCATCCCAGGAATGCACCTGCTTCCCAGAGTCCTTCCCACGAGCCGGTCAGTGTTCACGCATCCTGAGTTCCAGCCTCAGGCTGGAAACAGACTTTTCCAGAGGAGGTTGGGAAGGAGCGCACCCAACCCTAGAGAGCTGGGAATTCCGGC,122534aa5fd87ac91d2042b6fcb4648c9379e8098e08ee807fddd531be26504d,0.276019448248514,0.261226783957498,0.512648068974641,-353.51538025122136,-346.05168230528943,-359.0836565485224,-353.16487286193296,-1.5449142593424767,-1.0,-0.261226783957498,0.0,0,0.18379178411999517,0.18565657667894103,0.15145376406925343,0.16076023936442996,1.0
chr16:89760474:G:T;chr16:89760492:C:G;var1;middle;OL41|K562|277e15c897597faa,chr16:89760474:G:T;chr16:89760492:C:G;var1;middle;OL41,K562,K562_region_00821,100,118,18,TCAGGACACCGCTGCACGTGACAGCTCTCGCCCCCGGCAACCATTGCTGTGTGTGCCACCTGGATCTGCAGGGCCTGGGGCAGAGGGTGGTCCGAGTTGGGACAGGTTTCCAGGCCACCACAGGCTCTCGGGGAGGCTGTGTCCTGTGGAGGCCTGGGCTGGGGGAGAGGAGCCGGCTGTATTGAGGTGGGTGCTTCTGT,67bed0a68339cc9a3e3e3f510e5ce108df66a6ce574e3d4ee73b11bf303ee014,0.0,TCAGGACACCGCTGCACGTGACAGCTCTCGCCCCCGGCAACCATTGCTGTGTGTGCCACCTGGATCTGCAGGGCCTGGGGCAGAGGGTGGTCCGAGTTGTGACAGGTTTCCAGGCCACCACAGGCTCTCGGGGAGGCTGTGTCCTGTGGAGGCCTGGGCTGGGGGAGAGGAGCCGGCTGTATTGAGGTGGGTGCTTCTGT,cab513662721851aa8e117f1c42ba7cb7e27c3b055d4514f437f5c9c355d9687,-0.174011662859796,TCAGGACACCGCTGCACGTGACAGCTCTCGCCCCCGGCAACCATTGCTGTGTGTGCCACCTGGATCTGCAGGGCCTGGGGCAGAGGGTGGTCCGAGTTGGGACAGGTTTCCAGGCCAGCACAGGCTCTCGGGGAGGCTGTGTCCTGTGGAGGCCTGGGCTGGGGGAGAGGAGCCGGCTGTATTGAGGTGGGTGCTTCTGT,fd9acdb3943f5ef3ac87633038fcf4593950e0da51bed4e4ed2b4986fd69e339,-0.503339113148908,TCAGGACACCGCTGCACGTGACAGCTCTCGCCCCCGGCAACCATTGCTGTGTGTGCCACCTGGATCTGCAGGGCCTGGGGCAGAGGGTGGTCCGAGTTGTGACAGGTTTCCAGGCCAGCACAGGCTCTCGGGGAGGCTGTGTCCTGTGGAGGCCTGGGCTGGGGGAGAGGAGCCGGCTGTATTGAGGTGGGTGCTTCTGT,277e15c897597faa9490a8dac8fbdc0b73e132729ef94f7f7de87bfadf598d9f,-0.0789633517609938,0.5983874242477102,0.264616001694594,-242.93896543979645,-257.06875513494015,-264.4399412441999,-298.85174857638776,-20.28201763704419,-1.0,-0.5983874242477102,0.0,4,0.1510615640624781,0.17620727786206916,0.145609630836647,0.14387206051137175,1.0
chr16:89768506:A:G;chr16:89768558:A:G;var1;middle;OL41|K562|92492238807cba9e,chr16:89768506:A:G;chr16:89768558:A:G;var1;middle;OL41,K562,K562_region_00822,100,152,52,CCAGGCGACCCGGCCGCGGGGAAGCAGGTGCGCGGGCTCGTCCCCTGGGGGGTGGGGCCACCGGCATTACCTGGCGGGGATTGGCTGGATCCTGGGAAGAGCCTTTCCTGCGGGGCGGGGCCACCTGCATTACCTGGCGGGGATTGGCCGGATCCGGGGGCGGGCCTCCCCTGTGGGGCGGGGCCATCCCCTTGAGGGAG,0f0d4a3036aec8e2113516f64c01c35676439a982bdcbfa76575a379e4595086,0.0,CCAGGCGACCCGGCCGCGGGGAAGCAGGTGCGCGGGCTCGTCCCCTGGGGGGTGGGGCCACCGGCATTACCTGGCGGGGATTGGCTGGATCCTGGGAAGGGCCTTTCCTGCGGGGCGGGGCCACCTGCATTACCTGGCGGGGATTGGCCGGATCCGGGGGCGGGCCTCCCCTGTGGGGCGGGGCCATCCCCTTGAGGGAG,f061203f9874055fcefd59db0b2b64c4d7c1cc5aef65ea1ab0d31f04f11da9f2,0.211813693113904,CCAGGCGACCCGGCCGCGGGGAAGCAGGTGCGCGGGCTCGTCCCCTGGGGGGTGGGGCCACCGGCATTACCTGGCGGGGATTGGCTGGATCCTGGGAAGAGCCTTTCCTGCGGGGCGGGGCCACCTGCATTACCTGGCGGGGATTGGCCGGGTCCGGGGGCGGGCCTCCCCTGTGGGGCGGGGCCATCCCCTTGAGGGAG,c8228d9a41ca4c7143bd9899a3fc05ef2a4308c45043463faf634d6fee93afec,0.107623439496252,CCAGGCGACCCGGCCGCGGGGAAGCAGGTGCGCGGGCTCGTCCCCTGGGGGGTGGGGCCACCGGCATTACCTGGCGGGGATTGGCTGGATCCTGGGAAGGGCCTTTCCTGCGGGGCGGGGCCACCTGCATTACCTGGCGGGGATTGGCCGGGTCCGGGGGCGGGCCTCCCCTGTGGGGCGGGGCCATCCCCTTGAGGGAG,92492238807cba9e24cb9686fba3ed78fb6053601a5b09345e4ce3a6c0df04b9,0.137703091054329,0.1817340415558269,0.234354889389657,-179.879712539725,-170.06184393027797,-188.25607671681792,-176.7265244354494,-1.7116836719214916,1.0,0.1817340415558269,0.0,3,0.17802534744617896,0.18106719778262317,0.1474303780702046,0.29720444346308855,1.0
chr16:89795813:A:C;chr16:89795859:G:A;var1;middle;OL41|K562|011b814562c9958b,chr16:89795813:A:C;chr16:89795859:G:A;var1;middle;OL41,K562,K562_region_00823,100,146,46,ACCCAGAAAGGAAGTAAGTGGGCAGCCCGGGGTCTGCTGGAGGCATCCGTTGGGCGACCTAGACACCCGCCTGTGCTCCAGGGCCTCTCCCCGGTGCCCACTCAGTTCACTCTCTCGTGTGCGGATCTCCCGAGCCCAGTGAAACGTGGCTTCCCTCAGTGAGCGGGAGGCGGGGGAGGGGCAGGCGGGCAGGTGAGAAG,2e64d448a3f072f63e4ea8a761574b0c9c4e7461d59d39424676cd36aeb97a9e,0.0,ACCCAGAAAGGAAGTAAGTGGGCAGCCCGGGGTCTGCTGGAGGCATCCGTTGGGCGACCTAGACACCCGCCTGTGCTCCAGGGCCTCTCCCCGGTGCCCCCTCAGTTCACTCTCTCGTGTGCGGATCTCCCGAGCCCAGTGAAACGTGGCTTCCCTCAGTGAGCGGGAGGCGGGGGAGGGGCAGGCGGGCAGGTGAGAAG,e53488148dffd7d159e1a98ba59f3d5f3864f652dea62b397479bc9d90fbb390,0.120107412459612,ACCCAGAAAGGAAGTAAGTGGGCAGCCCGGGGTCTGCTGGAGGCATCCGTTGGGCGACCTAGACACCCGCCTGTGCTCCAGGGCCTCTCCCCGGTGCCCACTCAGTTCACTCTCTCGTGTGCGGATCTCCCGAGCCCAGTGAAACATGGCTTCCCTCAGTGAGCGGGAGGCGGGGGAGGGGCAGGCGGGCAGGTGAGAAG,6c533dd8161c5a0f60016cf413c9a34958828e758c1f3712e252fcae5567f18c,-0.161448221003684,ACCCAGAAAGGAAGTAAGTGGGCAGCCCGGGGTCTGCTGGAGGCATCCGTTGGGCGACCTAGACACCCGCCTGTGCTCCAGGGCCTCTCCCCGGTGCCCCCTCAGTTCACTCTCTCGTGTGCGGATCTCCCGAGCCCAGTGAAACATGGCTTCCCTCAGTGAGCGGGAGGCGGGGGAGGGGCAGGCGGGCAGGTGAGAAG,011b814562c9958baf1d16c9bad49775711a14a354d475f54b539571c88e4846,-0.0176010231866725,0.0237397853573995,0.585128807577195,-245.75612438470125,-246.3811525925994,-247.0611393302679,-248.0960753187537,-0.40990778058764477,-1.0,-0.0237397853573995,0.0,0,0.18524957327897282,0.18565657667894103,0.15145376406925343,0.1959816045814917,1.0
chr16:89883208:T:C;chr16:89883224:C:G;var1;middle;OL41|K562|9e8b3deec85a9297,chr16:89883208:T:C;chr16:89883224:C:G;var1;middle;OL41,K562,K562_region_00824,100,116,16,CCGTTGGCTGGCGGCGGCCAGGCCACGCCCCTCAGGTCGAGGCCTTGCGTCGTGGCCATGTTGGTCCTGGGGGAGGCGCCTGCGCGCGGTGAGGTAGTTTTTGCGTTTGGCTTTGCCGCCGCGGTGTAGTCCGCGGGGGCGTCTCGCGCGGGCAGACTGCCGCCCCTCAAGCGTGGTTCCTGCCGGGAATGACTGGGGTT,1130fbfad0c6e4bca9734f9e9a2029a6b7ec0d924512414c99fc8372ae2e6899,0.0,CCGTTGGCTGGCGGCGGCCAGGCCACGCCCCTCAGGTCGAGGCCTTGCGTCGTGGCCATGTTGGTCCTGGGGGAGGCGCCTGCGCGCGGTGAGGTAGTTCTTGCGTTTGGCTTTGCCGCCGCGGTGTAGTCCGCGGGGGCGTCTCGCGCGGGCAGACTGCCGCCCCTCAAGCGTGGTTCCTGCCGGGAATGACTGGGGTT,8f5d37eab2ca14b4f41ee9175400ef312f74fca4a757866e8a59fd1efa05d5ce,-0.0311603585665851,CCGTTGGCTGGCGGCGGCCAGGCCACGCCCCTCAGGTCGAGGCCTTGCGTCGTGGCCATGTTGGTCCTGGGGGAGGCGCCTGCGCGCGGTGAGGTAGTTTTTGCGTTTGGCTTTGGCGCCGCGGTGTAGTCCGCGGGGGCGTCTCGCGCGGGCAGACTGCCGCCCCTCAAGCGTGGTTCCTGCCGGGAATGACTGGGGTT,acc5db6a7595d2c657ee52789cf34425e89f9ba7ca8e46e55a240711c0a83f45,-0.246159256543474,CCGTTGGCTGGCGGCGGCCAGGCCACGCCCCTCAGGTCGAGGCCTTGCGTCGTGGCCATGTTGGTCCTGGGGGAGGCGCCTGCGCGCGGTGAGGTAGTTCTTGCGTTTGGCTTTGGCGCCGCGGTGTAGTCCGCGGGGGCGTCTCGCGCGGGCAGACTGCCGCCCCTCAAGCGTGGTTCCTGCCGGGAATGACTGGGGTT,9e8b3deec85a929744c9d4220b34ed758c8b5d1baeb90b649fc99f4c18a841be,-0.163789505205001,0.1135301099050581,0.214092185946878,-266.8108662366867,-296.0675740009174,-264.11085934937,-280.3611578447744,13.006409268826246,-1.0,-0.1135301099050581,0.0,3,0.20767031553599252,0.18106719778262317,0.1474303780702046,0.0266531737869391,1.0
chr16:90017985:C:A;chr16:90018072:C:T;var1;middle;OL41|K562|4629c2af59adb5a3,chr16:90017985:C:A;chr16:90018072:C:T;var1;middle;OL41,K562,K562_region_00825,100,187,87,CAGGTGATCAGCCCACTTCTGCTTCCCAAAGTGCTGGGATTACAGGCGTGAGCCACCGAGCTGGGTCTTTCAGTCAGAATCTACTTTGGCCGCAAGAGACAAAAACCTCCCCTATAACACTGGTGGGAATATCGTATTTCTCTCACTTGAATGAAGTCTGGCTGTGAGCAGCTTAGGGCTCAGGTGCAGTCCCCTGCAAT,1379d817e7352ea0511dc3a4036627adc63d544354a8aafae37a8cb31f66137a,0.0,CAGGTGATCAGCCCACTTCTGCTTCCCAAAGTGCTGGGATTACAGGCGTGAGCCACCGAGCTGGGTCTTTCAGTCAGAATCTACTTTGGCCGCAAGAGAAAAAAACCTCCCCTATAACACTGGTGGGAATATCGTATTTCTCTCACTTGAATGAAGTCTGGCTGTGAGCAGCTTAGGGCTCAGGTGCAGTCCCCTGCAAT,4eeb126c9753427a5421520116340c1690df24ad57036d07cc03c20ce302c75c,0.358261631263858,CAGGTGATCAGCCCACTTCTGCTTCCCAAAGTGCTGGGATTACAGGCGTGAGCCACCGAGCTGGGTCTTTCAGTCAGAATCTACTTTGGCCGCAAGAGACAAAAACCTCCCCTATAACACTGGTGGGAATATCGTATTTCTCTCACTTGAATGAAGTCTGGCTGTGAGCAGCTTAGGGCTCAGGTGTAGTCCCCTGCAAT,e977f37e648f7e887a277b58b686cbb9e3ef5c0ed05f3ee6fc7c55450aa015eb,-0.191015360956547,CAGGTGATCAGCCCACTTCTGCTTCCCAAAGTGCTGGGATTACAGGCGTGAGCCACCGAGCTGGGTCTTTCAGTCAGAATCTACTTTGGCCGCAAGAGAAAAAAACCTCCCCTATAACACTGGTGGGAATATCGTATTTCTCTCACTTGAATGAAGTCTGGCTGTGAGCAGCTTAGGGCTCAGGTGTAGTCCCCTGCAAT,4629c2af59adb5a38506a0f43fb4660e2e08ee1f86eb96acec670d4d898bca54,0.174752875511542,0.0075066052042309,0.468027479277017,-198.89577524363995,-220.67958119418472,-211.94465025141835,-238.9135146848857,-5.185058482922585,-1.0,-0.0075066052042309,0.0,1,0.17708967444658677,0.18216460459877223,0.1501433469024087,0.114320127758732,1.0
chr16:90020341:T:C;chr16:90020346:A:C;var1;middle;OL41|K562|38af6a71b90b6d98,chr16:90020341:T:C;chr16:90020346:A:C;var1;middle;OL41,K562,K562_region_00826,100,105,5,GCAGGTGGATAGCAAGCTAGAGCGGGGCTGAGTGAGTATCTGGGGCTGAGGCCCAGAGAGGATCCCATAGGTAGCTCTAGGGCTGGAGCTCTGCAACATTGGGCAAGAGGACCCTGTGCTGGGAGGCAGGGAGCTTGGGCCCCTCAGATGGGCCACGTGCCCTCGTGGGACCCTCATTGTCACCGTGAGCTCTTTCCAAG,9e424e5d81862c3c87bf37f4b821fa0eb3ba8c36e4da014026ef8ad26db61fcf,0.0,GCAGGTGGATAGCAAGCTAGAGCGGGGCTGAGTGAGTATCTGGGGCTGAGGCCCAGAGAGGATCCCATAGGTAGCTCTAGGGCTGGAGCTCTGCAACATCGGGCAAGAGGACCCTGTGCTGGGAGGCAGGGAGCTTGGGCCCCTCAGATGGGCCACGTGCCCTCGTGGGACCCTCATTGTCACCGTGAGCTCTTTCCAAG,4bb3dad769fbfaaa14bf50d08fa30def0382217e4956b86edbb9977dbb7ce628,0.0022575591774623,GCAGGTGGATAGCAAGCTAGAGCGGGGCTGAGTGAGTATCTGGGGCTGAGGCCCAGAGAGGATCCCATAGGTAGCTCTAGGGCTGGAGCTCTGCAACATTGGGCCAGAGGACCCTGTGCTGGGAGGCAGGGAGCTTGGGCCCCTCAGATGGGCCACGTGCCCTCGTGGGACCCTCATTGTCACCGTGAGCTCTTTCCAAG,c6722b6611aec80cca70888e7102159650eb4cfe9f9feba6f64f2bcbb87129cb,-0.333090747541078,GCAGGTGGATAGCAAGCTAGAGCGGGGCTGAGTGAGTATCTGGGGCTGAGGCCCAGAGAGGATCCCATAGGTAGCTCTAGGGCTGGAGCTCTGCAACATCGGGCCAGAGGACCCTGTGCTGGGAGGCAGGGAGCTTGGGCCCCTCAGATGGGCCACGTGCCCTCGTGGGACCCTCATTGTCACCGTGAGCTCTTTCCAAG,38af6a71b90b6d986724285b61ab20711d8265491fcc6123a80ee6662ee03b4f,-0.161401678169998,0.1694315101936176,0.264725203445494,-353.10710854129866,-366.2439170111902,-343.9071576721035,-359.48589671449736,-2.441930572502315,-1.0,-0.1694315101936176,0.0,2,0.17163882002197348,0.17490732828716207,0.146091925319964,0.038527423091929136,1.0
chr16:997475:C:T;chr16:997534:G:A;var1;middle;OL41|K562|9c80546a6069e498,chr16:997475:C:T;chr16:997534:G:A;var1;middle;OL41,K562,K562_region_00691,100,159,59,CAGGTACTTGTGGAACCTCCTTACATTGAAGTCCTGGAGCCCAAACATGCTGTTCATCGTCAGTGAGAAATGAAGCACCGAGGGCGGTGTCCCTGGGTGCTGGCGGCCTCCCAGCGTCCCCTCCAGCCCTGGCGCTGCTCTCAGTACTCTTTGAAGTGGAGCCACCATCCGTCCTGCCCAGGAAGGAAGCTCCAAGGGCA,28656690cd213d2f85cd98ff8bd7608f45232a579a3b5239d897afef46166f19,0.0,CAGGTACTTGTGGAACCTCCTTACATTGAAGTCCTGGAGCCCAAACATGCTGTTCATCGTCAGTGAGAAATGAAGCACCGAGGGCGGTGTCCCTGGGTGTTGGCGGCCTCCCAGCGTCCCCTCCAGCCCTGGCGCTGCTCTCAGTACTCTTTGAAGTGGAGCCACCATCCGTCCTGCCCAGGAAGGAAGCTCCAAGGGCA,028f55422a33153dacbe5e6bb2a166dd9f773c25e4ba29bbe212fdbc51c601d8,0.21892819062665,CAGGTACTTGTGGAACCTCCTTACATTGAAGTCCTGGAGCCCAAACATGCTGTTCATCGTCAGTGAGAAATGAAGCACCGAGGGCGGTGTCCCTGGGTGCTGGCGGCCTCCCAGCGTCCCCTCCAGCCCTGGCGCTGCTCTCAGTACTCTTTGAAGTGAAGCCACCATCCGTCCTGCCCAGGAAGGAAGCTCCAAGGGCA,fd2bcce4ab0dec0e3d52dc2bd14417b2efe1f888dfe06c830665f3f7f9c8b253,-0.0412033210214671,CAGGTACTTGTGGAACCTCCTTACATTGAAGTCCTGGAGCCCAAACATGCTGTTCATCGTCAGTGAGAAATGAAGCACCGAGGGCGGTGTCCCTGGGTGTTGGCGGCCTCCCAGCGTCCCCTCCAGCCCTGGCGCTGCTCTCAGTACTCTTTGAAGTGAAGCCACCATCCGTCCTGCCCAGGAAGGAAGCTCCAAGGGCA,9c80546a6069e498c2721835f1a673ec5eba599de92d36204ff9767ee2acdc93,0.175369800684157,-0.0023550689210259,0.38008031531046,-323.66103479475714,-333.15281025879085,-286.7019584728405,-296.0352579825558,0.1584759543184191,-1.0,0.0023550689210259,0.0,3,0.18179219568296712,0.18106719778262317,0.1474303780702046,0.20548301353963822,1.0
chr17:10031571:T:C;chr17:10031642:C:T;var1;middle;OL29|K562|03e7db3d8a16b555,chr17:10031571:T:C;chr17:10031642:C:T;var1;middle;OL29,K562,K562_region_00868,100,171,71,AGTTCCGGGGCGGCTCCAGTGCCCAACCCACACATGGGAGGTGGAGGCCACAGTGCTCCAGGATTCCACTCTGCGGTGCAGACTTCGAGAGGAAACAATTTCCTAATCCCCTTCCTAAATCAAGGCCAAGAAACAACTTGTGGAGAGTCCACAGACGACTGTTCCCTCTGCCTGGTTGTCCCTGTGCTGACCTCTGGCTG,5bc34b970802b8083461175f2517b517ebe9855e27bc9271fbb210156b8a6aa4,0.0,AGTTCCGGGGCGGCTCCAGTGCCCAACCCACACATGGGAGGTGGAGGCCACAGTGCTCCAGGATTCCACTCTGCGGTGCAGACTTCGAGAGGAAACAATCTCCTAATCCCCTTCCTAAATCAAGGCCAAGAAACAACTTGTGGAGAGTCCACAGACGACTGTTCCCTCTGCCTGGTTGTCCCTGTGCTGACCTCTGGCTG,3f7345049546f39d7cc6a15157382151e4d3f41fb5f7659db371d05298d6bbe9,0.204041353740554,AGTTCCGGGGCGGCTCCAGTGCCCAACCCACACATGGGAGGTGGAGGCCACAGTGCTCCAGGATTCCACTCTGCGGTGCAGACTTCGAGAGGAAACAATTTCCTAATCCCCTTCCTAAATCAAGGCCAAGAAACAACTTGTGGAGAGTCCACAGACGACTGTTCCCTCTGTCTGGTTGTCCCTGTGCTGACCTCTGGCTG,5d60d080b6398892ea4be746dc996a0f659c852d6ea22cf56f95a11417ed16d4,-0.037462202988368,AGTTCCGGGGCGGCTCCAGTGCCCAACCCACACATGGGAGGTGGAGGCCACAGTGCTCCAGGATTCCACTCTGCGGTGCAGACTTCGAGAGGAAACAATCTCCTAATCCCCTTCCTAAATCAAGGCCAAGAAACAACTTGTGGAGAGTCCACAGACGACTGTTCCCTCTGTCTGGTTGTCCCTGTGCTGACCTCTGGCTG,03e7db3d8a16b5554a5f29e22a17bcee602f3273b1a63ae194568cbb7afba672,0.128221297349088,-0.038357853403098,0.157880582386827,-360.1503093170468,-371.0165064961184,-360.1966433469206,-370.1993265035562,0.863514022435993,-1.0,0.038357853403098,0.0,1,0.18324373326728816,0.18216460459877223,0.1501433469024087,0.16565192131792755,1.0
chr17:12191339:C:T;chr17:12191351:A:C;var1;middle;OL33|K562|453b67cfb127b1ee,chr17:12191339:C:T;chr17:12191351:A:C;var1;middle;OL33,K562,K562_region_00869,100,112,12,ATTTTATTTTTTTACTATTCAGGAACAGTTTATATTGCATGGGGATTATCTGTTCCTTGAAAGTTTGAACTGACTTGATAATAAAACTGTCTGGGTGTACATCTCTTTAGGAGTAATACTTTAGTAATTTCCTCAGTTCCTTTGATGGTTTTATTTTTCAGATATGTATTGCTTTAGTCAGGTCTGTGGTGGCTCCTTGG,e9064e2f457cb82600e5b9a3a8ea512f15b8685ca0f49f5e6c3b1b7c985e53ed,0.0,ATTTTATTTTTTTACTATTCAGGAACAGTTTATATTGCATGGGGATTATCTGTTCCTTGAAAGTTTGAACTGACTTGATAATAAAACTGTCTGGGTGTATATCTCTTTAGGAGTAATACTTTAGTAATTTCCTCAGTTCCTTTGATGGTTTTATTTTTCAGATATGTATTGCTTTAGTCAGGTCTGTGGTGGCTCCTTGG,f3abfe68f56956edc6006065c99235a5f8bd9b4a7fcf0eb8138f8578b55a6507,0.341320008468236,ATTTTATTTTTTTACTATTCAGGAACAGTTTATATTGCATGGGGATTATCTGTTCCTTGAAAGTTTGAACTGACTTGATAATAAAACTGTCTGGGTGTACATCTCTTTAGGCGTAATACTTTAGTAATTTCCTCAGTTCCTTTGATGGTTTTATTTTTCAGATATGTATTGCTTTAGTCAGGTCTGTGGTGGCTCCTTGG,2209b83dfd730388ee3c27372e6aa85285477e9157378dee4b37b1518fc9725b,0.0355766948940375,ATTTTATTTTTTTACTATTCAGGAACAGTTTATATTGCATGGGGATTATCTGTTCCTTGAAAGTTTGAACTGACTTGATAATAAAACTGTCTGGGTGTATATCTCTTTAGGCGTAATACTTTAGTAATTTCCTCAGTTCCTTTGATGGTTTTATTTTTCAGATATGTATTGCTTTAGTCAGGTCTGTGGTGGCTCCTTGG,453b67cfb127b1eea83100a90e2ffcee743d54cd35906305424b9ad7a9646dc7,0.541304420183783,-0.1644077168215094,0.115736550671128,-331.52425154065713,-330.2633266947232,-337.4935878496617,-338.95267216069624,2.7200091569684446,1.0,-0.1644077168215094,0.0,3,0.18695159849141957,0.18106719778262317,0.1474303780702046,0.22966319741640917,1.0
chr17:13918737:G:A;chr17:13918783:C:T;var1;middle;OL41|K562|311462499937e270,chr17:13918737:G:A;chr17:13918783:C:T;var1;middle;OL41,K562,K562_region_00870,100,146,46,TCGGAGACACAAGGAAGGGTAAAATTAATAGCCGAAAAGAAGACGTTCTCACCCAAAGCCATTGAAACCCTGAGCCTCCAGCCTGGGCATTTTCTGCCCGTGGTCCATGCTCAGCTGCCAGCATTCCTCTGTCCCTACTTTCCCTCGTAGATTGAGTCCCAGCCGGCATGACAGTCTCATTTCTCACTGAATGCTTGCGG,470c64b978a803f308e02f5dc0a72e69e5464b8e064e58febcb85920e1c1273d,0.0,TCGGAGACACAAGGAAGGGTAAAATTAATAGCCGAAAAGAAGACGTTCTCACCCAAAGCCATTGAAACCCTGAGCCTCCAGCCTGGGCATTTTCTGCCCATGGTCCATGCTCAGCTGCCAGCATTCCTCTGTCCCTACTTTCCCTCGTAGATTGAGTCCCAGCCGGCATGACAGTCTCATTTCTCACTGAATGCTTGCGG,5ee38b1a10b4bdcc4e66836b0a652ea807622b7dd18c3c007113d166f97f7064,0.170944618382038,TCGGAGACACAAGGAAGGGTAAAATTAATAGCCGAAAAGAAGACGTTCTCACCCAAAGCCATTGAAACCCTGAGCCTCCAGCCTGGGCATTTTCTGCCCGTGGTCCATGCTCAGCTGCCAGCATTCCTCTGTCCCTACTTTCCCTTGTAGATTGAGTCCCAGCCGGCATGACAGTCTCATTTCTCACTGAATGCTTGCGG,61caf53aac504e18c39e5fd03150a99967594b21af64d2b0561d4d40a8492164,0.338063822113748,TCGGAGACACAAGGAAGGGTAAAATTAATAGCCGAAAAGAAGACGTTCTCACCCAAAGCCATTGAAACCCTGAGCCTCCAGCCTGGGCATTTTCTGCCCATGGTCCATGCTCAGCTGCCAGCATTCCTCTGTCCCTACTTTCCCTTGTAGATTGAGTCCCAGCCGGCATGACAGTCTCATTTCTCACTGAATGCTTGCGG,311462499937e2700fac1e9e9d8c5fcd9876533c9e6360c6ac041a8ec7c5b8ed,0.238303101322711,0.270705339173075,0.212571237761852,-382.861806999892,-367.693078070879,-375.7267690561712,-360.06271403003484,-0.49532609712332487,1.0,0.270705339173075,0.0,3,0.18047531712879075,0.18106719778262317,0.1474303780702046,0.2935700627980342,1.0
chr17:15637760:C:G;chr17:15637844:T:A;var1;middle;OL41|K562|13783e14e4f000a4,chr17:15637760:C:G;chr17:15637844:T:A;var1;middle;OL41,K562,K562_region_00871,100,184,84,TCCCCACAGGAGGAGGTCTCACCAACTCAGACCTAAAGTGCGATCACTGATGGTTGCTGTGGGACCCACTGGACACATGGGGTCCTTCATCTAGGAGTGCGGTGGGGAGCCCTCTGCCCTCAGGCAGTTGTGGAAAATGAAGGAGCCCTGGAGGGCTGCCTGGAGGGTGACAATCGTCTCTCCTGGTCAAAGAGCCTTGG,8c50b971620b0e84e1d22c9498f5e1ae36f3e917f91041a6dceb2165ac9e830f,0.0,TCCCCACAGGAGGAGGTCTCACCAACTCAGACCTAAAGTGCGATCACTGATGGTTGCTGTGGGACCCACTGGACACATGGGGTCCTTCATCTAGGAGTGGGGTGGGGAGCCCTCTGCCCTCAGGCAGTTGTGGAAAATGAAGGAGCCCTGGAGGGCTGCCTGGAGGGTGACAATCGTCTCTCCTGGTCAAAGAGCCTTGG,7a802996e0102f631f7c4e73f7383c0aeb89019b2669030cf4599618198d221c,-0.0921213649186184,TCCCCACAGGAGGAGGTCTCACCAACTCAGACCTAAAGTGCGATCACTGATGGTTGCTGTGGGACCCACTGGACACATGGGGTCCTTCATCTAGGAGTGCGGTGGGGAGCCCTCTGCCCTCAGGCAGTTGTGGAAAATGAAGGAGCCCTGGAGGGCTGCCTGGAGGGTGACAATCGTCTCTCCAGGTCAAAGAGCCTTGG,f6ad821556c8ee72a9f60ac17f0ebd4a92a8981a02adf975512ca3290c1294ab,0.355318686882752,TCCCCACAGGAGGAGGTCTCACCAACTCAGACCTAAAGTGCGATCACTGATGGTTGCTGTGGGACCCACTGGACACATGGGGTCCTTCATCTAGGAGTGGGGTGGGGAGCCCTCTGCCCTCAGGCAGTTGTGGAAAATGAAGGAGCCCTGGAGGGCTGCCTGGAGGGTGACAATCGTCTCTCCAGGTCAAAGAGCCTTGG,13783e14e4f000a44d678b0a4f63cbcfb09c46b6c42f7bbc44f902c8b165301a,-0.0404216980011403,-0.3036190199652739,0.266252741431707,-336.7939078651834,-321.74214698851574,-328.7399931628024,-314.1730480727274,-0.48481578659266233,-1.0,0.3036190199652739,0.0,2,0.1744885373865468,0.17490732828716207,0.146091925319964,0.2737245342818229,1.0
chr17:15690220:C:T;chr17:15690281:C:T;var1;middle;OL41|K562|2029423c25bc657e,chr17:15690220:C:T;chr17:15690281:C:T;var1;middle;OL41,K562,K562_region_00872,100,161,61,CCGCTCTTCCCCGTCTTGGCCCTGGTCTTTGAGAAATGTGAACTGGCTACATGCTCTCCCCGTGATGGGGCCGGAGCTGGGCTGGGGACACCCCCGCGGCGGCGACGTCTGCTCCTCTGATTCCTTCAACGAGGACAACACTGCCTTCGCCAAGCAGGTTCGCTCTGAGAGGCCCTTCTTCTCCTCCAACCCAGAACTGG,5df2555628e769420971f5b12e069d3cef5e0fc8a1bc0479932c299173f2dd12,0.0,CCGCTCTTCCCCGTCTTGGCCCTGGTCTTTGAGAAATGTGAACTGGCTACATGCTCTCCCCGTGATGGGGCCGGAGCTGGGCTGGGGACACCCCCGCGGTGGCGACGTCTGCTCCTCTGATTCCTTCAACGAGGACAACACTGCCTTCGCCAAGCAGGTTCGCTCTGAGAGGCCCTTCTTCTCCTCCAACCCAGAACTGG,60bdf3ba1e5def9737bdfc1bc759f8617e309fe99107157b3dd038bd95170b2c,-0.179976309365428,CCGCTCTTCCCCGTCTTGGCCCTGGTCTTTGAGAAATGTGAACTGGCTACATGCTCTCCCCGTGATGGGGCCGGAGCTGGGCTGGGGACACCCCCGCGGCGGCGACGTCTGCTCCTCTGATTCCTTCAACGAGGACAACACTGCCTTCGCCAAGCAGGTTTGCTCTGAGAGGCCCTTCTTCTCCTCCAACCCAGAACTGG,7a942fb4d5fa0832e067c90f88a2afff5cc7f5c1caf7e6bd431e03fc5e82a03c,-0.195674442157875,CCGCTCTTCCCCGTCTTGGCCCTGGTCTTTGAGAAATGTGAACTGGCTACATGCTCTCCCCGTGATGGGGCCGGAGCTGGGCTGGGGACACCCCCGCGGTGGCGACGTCTGCTCCTCTGATTCCTTCAACGAGGACAACACTGCCTTCGCCAAGCAGGTTTGCTCTGAGAGGCCCTTCTTCTCCTCCAACCCAGAACTGG,2029423c25bc657ee136a051addf6f1561c1fdc011428cdd92134985fc46e2d4,-0.059683026876467,0.315967724646836,0.314702248207162,-256.7814639508724,-255.3897010087967,-256.7943614348769,-254.16851437091827,1.2340841218829155,-1.0,-0.315967724646836,0.0,4,0.17772886410588756,0.17620727786206916,0.145609630836647,0.20992789660273078,1.0
chr17:1612199:A:C;chr17:1612250:G:A;var1;middle;OL41|K562|2be77303a4dd328c,chr17:1612199:A:C;chr17:1612250:G:A;var1;middle;OL41,K562,K562_region_00835,100,151,51,ACACCCTATACCAGGACACCCCCTTCTCAGAAAAGCTCCATATTCCACATTTCTGTGATCAGCTGGACACCTGTGGGGGCACCCAAACTCCTTAGGCTCACATGGTGGGTGCCCTGGCATGGTGGGTGCCCTTGTATGGTGAGTGCCCTGGCATGGTAGGTGCCCTGGCCTGGTGGGTATCTGGACTCCCCAGCTGTGGC,5e8ccd8a55c1c4775d7989c2cf75655cf5112b873d71b5359b50285cf5b7f7bf,0.0,ACACCCTATACCAGGACACCCCCTTCTCAGAAAAGCTCCATATTCCACATTTCTGTGATCAGCTGGACACCTGTGGGGGCACCCAAACTCCTTAGGCTCCCATGGTGGGTGCCCTGGCATGGTGGGTGCCCTTGTATGGTGAGTGCCCTGGCATGGTAGGTGCCCTGGCCTGGTGGGTATCTGGACTCCCCAGCTGTGGC,eda9c6b12dd0b9474ea756223f9a3f58af1e90a4fc6ed15fdeeafa8143954076,0.2051318886014,ACACCCTATACCAGGACACCCCCTTCTCAGAAAAGCTCCATATTCCACATTTCTGTGATCAGCTGGACACCTGTGGGGGCACCCAAACTCCTTAGGCTCACATGGTGGGTGCCCTGGCATGGTGGGTGCCCTTGTATGGTGAGTGCCCTGACATGGTAGGTGCCCTGGCCTGGTGGGTATCTGGACTCCCCAGCTGTGGC,97f0a0d11819c2e6457029abd22d199c765c840421fa13799f90900647b80218,0.0183174651635827,ACACCCTATACCAGGACACCCCCTTCTCAGAAAAGCTCCATATTCCACATTTCTGTGATCAGCTGGACACCTGTGGGGGCACCCAAACTCCTTAGGCTCCCATGGTGGGTGCCCTGGCATGGTGGGTGCCCTTGTATGGTGAGTGCCCTGACATGGTAGGTGCCCTGGCCTGGTGGGTATCTGGACTCCCCAGCTGTGGC,2be77303a4dd328cf7656b0e93cda8dbeaaeb0a6d56fe854e00e50d6613ff9cc,-0.229244547199748,0.4526939009647307,0.533719654279907,-185.7243063086644,-183.9578922423534,-191.2896582251415,-189.60745427198708,0.08421011315661531,1.0,0.4526939009647307,0.0,4,0.17630369724497608,0.17620727786206916,0.145609630836647,0.2310067745638136,1.0
chr17:1653979:C:T;chr17:1654048:A:G;var1;middle;OL41|K562|bb761395e06dd05b,chr17:1653979:C:T;chr17:1654048:A:G;var1;middle;OL41,K562,K562_region_00836,100,169,69,CTCTGATTGGATAAAATTCCGTGCCAGGCTGTCTCAGGTGTGGCCTCTCTTGCTTCTAGCCTAAATGTGGTCCCCTTGGCCTGGGTATTGATCCCCGGGCCAGACAGCTGTGGCTGAGATGGCTGTATTTGTTAGCTTCCCAAGGCAAGTGTGACACAGAGCACAGCCACTTCTGCAGGGAGGAGCCAGAAGCCACTTGG,6b3eac18d1705a581e03c4a1c611f804af8ce65cf7c9054ea1e4f5fca7724685,0.0,CTCTGATTGGATAAAATTCCGTGCCAGGCTGTCTCAGGTGTGGCCTCTCTTGCTTCTAGCCTAAATGTGGTCCCCTTGGCCTGGGTATTGATCCCCGGGTCAGACAGCTGTGGCTGAGATGGCTGTATTTGTTAGCTTCCCAAGGCAAGTGTGACACAGAGCACAGCCACTTCTGCAGGGAGGAGCCAGAAGCCACTTGG,6b9115bb57be97e6fa2c29e65f6a291393db7c50820e5486007a6d536d20c4cd,-0.276476036385783,CTCTGATTGGATAAAATTCCGTGCCAGGCTGTCTCAGGTGTGGCCTCTCTTGCTTCTAGCCTAAATGTGGTCCCCTTGGCCTGGGTATTGATCCCCGGGCCAGACAGCTGTGGCTGAGATGGCTGTATTTGTTAGCTTCCCAAGGCAAGTGTGACACAGAGCACAGCCGCTTCTGCAGGGAGGAGCCAGAAGCCACTTGG,1cf7c755c587e8b5bbd0bbc4b14b4e5e77cb4ca18cf77060af7c2a853c1eaf6f,-0.288549762833813,CTCTGATTGGATAAAATTCCGTGCCAGGCTGTCTCAGGTGTGGCCTCTCTTGCTTCTAGCCTAAATGTGGTCCCCTTGGCCTGGGTATTGATCCCCGGGTCAGACAGCTGTGGCTGAGATGGCTGTATTTGTTAGCTTCCCAAGGCAAGTGTGACACAGAGCACAGCCGCTTCTGCAGGGAGGAGCCAGAAGCCACTTGG,bb761395e06dd05b953b02147a07c3960633fef5e7007e92adf2cc29012daa0a,0.157633871122814,0.72265967034241,0.361272052474989,-289.45340425753966,-290.6433007805608,-301.2227113018744,-303.00517451856285,-0.5925666936673224,-1.0,-0.72265967034241,0.0,4,0.17546489241070787,0.17620727786206916,0.145609630836647,0.2798744534238849,1.0
chr17:16837976:T:G;chr17:16837984:C:T;var1;middle;OL28|K562|166a0319c8314669,chr17:16837976:T:G;chr17:16837984:C:T;var1;middle;OL28,K562,K562_region_00873,100,108,8,CACCCCCACCAGCGTCACTGTGACGACCAACAAGACGAACATCTATACCGTCAGTGCAGAACAGGCACCTACCTGGTGAGTGCTCAGGGATGACCCTCCTCGGCACCCGCCCAGAGGCCAGCACTGCCTGGTAGCGACTGTCCCAGGTCAGCAGGGAGGGAACAGAGCAGGTCACACTCAGCTGAGTCTGCTGATCCAAC,25255398d462a70e4485f6ba0368538095ebaa0c673f734ee430697edd438a59,0.0,CACCCCCACCAGCGTCACTGTGACGACCAACAAGACGAACATCTATACCGTCAGTGCAGAACAGGCACCTACCTGGTGAGTGCTCAGGGATGACCCTCCGCGGCACCCGCCCAGAGGCCAGCACTGCCTGGTAGCGACTGTCCCAGGTCAGCAGGGAGGGAACAGAGCAGGTCACACTCAGCTGAGTCTGCTGATCCAAC,ee76635d5d7c12c6df7a629943243d417c0514cc188503cae61641f2620d6d9b,0.027206139481538,CACCCCCACCAGCGTCACTGTGACGACCAACAAGACGAACATCTATACCGTCAGTGCAGAACAGGCACCTACCTGGTGAGTGCTCAGGGATGACCCTCCTCGGCACCTGCCCAGAGGCCAGCACTGCCTGGTAGCGACTGTCCCAGGTCAGCAGGGAGGGAACAGAGCAGGTCACACTCAGCTGAGTCTGCTGATCCAAC,5a510c58ae9f5712a2bd9417e0f438567bfe7f187c3b1de53107cdacbae04d97,-0.284167611330781,CACCCCCACCAGCGTCACTGTGACGACCAACAAGACGAACATCTATACCGTCAGTGCAGAACAGGCACCTACCTGGTGAGTGCTCAGGGATGACCCTCCGCGGCACCTGCCCAGAGGCCAGCACTGCCTGGTAGCGACTGTCCCAGGTCAGCAGGGAGGGAACAGAGCAGGTCACACTCAGCTGAGTCTGCTGATCCAAC,166a0319c83146697e58fb7dad91d61c2ba46d26de61d1845b7088d9b1503875,-0.190745888800443,0.0662155830488,0.267875856146566,-342.44755740789697,-345.8435300877318,-326.3777049467899,-334.15957983070984,-4.385902204085141,-1.0,-0.0662155830488,0.0,4,0.1707633894453921,0.17620727786206916,0.145609630836647,0.20666445976123077,1.0
chr17:16874981:C:T;chr17:16875061:A:G;var1;middle;OL27|K562|2847c5e2533b826a,chr17:16874981:C:T;chr17:16875061:A:G;var1;middle;OL27,K562,K562_region_00874,100,180,80,GTTCAGGAATTGTTGTTTCAGCAGGGGTGAAGGTATGATGCTTAGTTTTTTGTTTTGTTTTTAGGGTTTGTGTTCTTAAGGAATAAATCCTGTGGTCTCCACAACTCAAACAATCTGGTATTTGAGATTAGCATTAAAATGGTCCAGCGGGCATGTAAGGGGGAAAATGGGGGCTGTGCAGGGGCCATGGTGACAAAGGG,ec613921131416b077533fbbca041bd01294f0abe394f180c1925be45ccb5005,0.0,GTTCAGGAATTGTTGTTTCAGCAGGGGTGAAGGTATGATGCTTAGTTTTTTGTTTTGTTTTTAGGGTTTGTGTTCTTAAGGAATAAATCCTGTGGTCTCTACAACTCAAACAATCTGGTATTTGAGATTAGCATTAAAATGGTCCAGCGGGCATGTAAGGGGGAAAATGGGGGCTGTGCAGGGGCCATGGTGACAAAGGG,77d850a236483bc2605c1064bd01262cc8097d736a9cf6a5313cb4c35dbdcc12,-0.167198077702039,GTTCAGGAATTGTTGTTTCAGCAGGGGTGAAGGTATGATGCTTAGTTTTTTGTTTTGTTTTTAGGGTTTGTGTTCTTAAGGAATAAATCCTGTGGTCTCCACAACTCAAACAATCTGGTATTTGAGATTAGCATTAAAATGGTCCAGCGGGCATGTAAGGGGGAAAATGGGGGCTGTGCGGGGGCCATGGTGACAAAGGG,0f022132a258b40719d7d830bdbbcef50cd3a75407e114d6a35afaf604901a48,-0.17765483097172,GTTCAGGAATTGTTGTTTCAGCAGGGGTGAAGGTATGATGCTTAGTTTTTTGTTTTGTTTTTAGGGTTTGTGTTCTTAAGGAATAAATCCTGTGGTCTCTACAACTCAAACAATCTGGTATTTGAGATTAGCATTAAAATGGTCCAGCGGGCATGTAAGGGGGAAAATGGGGGCTGTGCGGGGGCCATGGTGACAAAGGG,2847c5e2533b826aee13b8f8bd2ef64b70ff8b33afe4b3cf06d3d594b07981a9,0.204278009592201,0.54913091826596,0.18776013262834,-334.2017348315567,-304.2066698689014,-336.17413338134065,-307.3264481727965,-1.1473797541111708,-1.0,-0.54913091826596,0.0,3,0.1791619601652174,0.18106719778262317,0.1474303780702046,0.060774039379610026,1.0
chr17:16924823:T:G;chr17:16924864:T:C;var1;middle;OL27|K562|7eb64c98442601aa,chr17:16924823:T:G;chr17:16924864:T:C;var1;middle;OL27,K562,K562_region_00875,100,141,41,AGCTCCTCATAGCCCAGGGGAGCGGGGACAGTGCCTGCTGGGGCCGTGGGCAGCCCGGTGCCAGCCCCTACTGGCATTTCGATGATGCCACAAGTGCCGTGCCACAGCAGGGAGCCGCACAGTCATATTTTGCAAGGTTTTGAGGAAAGAATGCCAGTGTGGTAGGAGGGGAGACCAGTCCCCTCCCTCCCACCCCTCTG,933c532fe9999da50c996bd2c4835902200e5aa2bebce7025b6e1f8e0d7733a9,0.0,AGCTCCTCATAGCCCAGGGGAGCGGGGACAGTGCCTGCTGGGGCCGTGGGCAGCCCGGTGCCAGCCCCTACTGGCATTTCGATGATGCCACAAGTGCCGGGCCACAGCAGGGAGCCGCACAGTCATATTTTGCAAGGTTTTGAGGAAAGAATGCCAGTGTGGTAGGAGGGGAGACCAGTCCCCTCCCTCCCACCCCTCTG,991b32a2ae68397e9cb254721d00ae3aa12f60cde03dbdda8bc15e34171830e3,0.0264337826193442,AGCTCCTCATAGCCCAGGGGAGCGGGGACAGTGCCTGCTGGGGCCGTGGGCAGCCCGGTGCCAGCCCCTACTGGCATTTCGATGATGCCACAAGTGCCGTGCCACAGCAGGGAGCCGCACAGTCATATTTTGCAAGGTTTCGAGGAAAGAATGCCAGTGTGGTAGGAGGGGAGACCAGTCCCCTCCCTCCCACCCCTCTG,e7659e9d345747a255f654c88a79fcac5f5a2ad36f3e6d839298731634ecfdd9,0.119722172487687,AGCTCCTCATAGCCCAGGGGAGCGGGGACAGTGCCTGCTGGGGCCGTGGGCAGCCCGGTGCCAGCCCCTACTGGCATTTCGATGATGCCACAAGTGCCGGGCCACAGCAGGGAGCCGCACAGTCATATTTTGCAAGGTTTCGAGGAAAGAATGCCAGTGTGGTAGGAGGGGAGACCAGTCCCCTCCCTCCCACCCCTCTG,7eb64c98442601aae29849134a371f147868fe0ab90e04b29af0ee2a4a3f3cc9,0.154716979118043,-0.0085610240110118,0.130011973355174,-242.1154645159841,-266.9066544487141,-261.1843169350177,-279.0827012939844,-6.892805573763326,1.0,-0.0085610240110118,0.0,2,0.16515798615880103,0.17490732828716207,0.146091925319964,0.2943856899684799,1.0
chr17:17110251:A:G;chr17:17110253:A:C;var1;middle;OL41|K562|478ae58fbb44c7da,chr17:17110251:A:G;chr17:17110253:A:C;var1;middle;OL41,K562,K562_region_00876,100,102,2,ACCACGTGCCAAGCCACGTCCCCAAGCCCGCGCCACCAGGCAGCACCTGCACACCCGCGGGCCACGGGCCCTAGCACACCCGTCACCTGCCCAGGCCAGAGACCGCTCTCCGCGCTAGAAGCCACAGCAACCCCGGCTTTCCTCGCATGGAGCACAGCAGAGCTGCTCTGGAAATGTGGGGTCACACCTTCACTGTCTTC,e7ccc84a1eb5b22f41c84f80e8944ecaeaf13fe17c21b1ba3935f0bce99fbf32,0.0,ACCACGTGCCAAGCCACGTCCCCAAGCCCGCGCCACCAGGCAGCACCTGCACACCCGCGGGCCACGGGCCCTAGCACACCCGTCACCTGCCCAGGCCAGGGACCGCTCTCCGCGCTAGAAGCCACAGCAACCCCGGCTTTCCTCGCATGGAGCACAGCAGAGCTGCTCTGGAAATGTGGGGTCACACCTTCACTGTCTTC,f946e7e203cd372934d7ba4d20601e2ecab8a62b58d7abb6c7d1c1c3e0b4fbf6,0.0994924520453421,ACCACGTGCCAAGCCACGTCCCCAAGCCCGCGCCACCAGGCAGCACCTGCACACCCGCGGGCCACGGGCCCTAGCACACCCGTCACCTGCCCAGGCCAGAGCCCGCTCTCCGCGCTAGAAGCCACAGCAACCCCGGCTTTCCTCGCATGGAGCACAGCAGAGCTGCTCTGGAAATGTGGGGTCACACCTTCACTGTCTTC,88cfe8271f3a3826ccd54be3f4f172216f3a05d380c53cbbc415455e90898ee6,0.248332239098931,ACCACGTGCCAAGCCACGTCCCCAAGCCCGCGCCACCAGGCAGCACCTGCACACCCGCGGGCCACGGGCCCTAGCACACCCGTCACCTGCCCAGGCCAGGGCCCGCTCTCCGCGCTAGAAGCCACAGCAACCCCGGCTTTCCTCGCATGGAGCACAGCAGAGCTGCTCTGGAAATGTGGGGTCACACCTTCACTGTCTTC,478ae58fbb44c7da084e50360d5bd3f211518e74592b7ce78bff2fff55cbfbae,0.391498640392535,-0.0436739492482619,0.621355450622301,-288.03070326149464,-292.51981960749254,-285.97048333799466,-292.2563220076263,1.7967223236337304,1.0,-0.0436739492482619,0.0,3,0.1850919276208698,0.18106719778262317,0.1474303780702046,0.2569178565277867,1.0
chr17:17110251:A:G;chr17:17110255:C:A;var1;middle;OL41|K562|c4ecd86a8703f450,chr17:17110251:A:G;chr17:17110255:C:A;var1;middle;OL41,K562,K562_region_00876,100,104,4,ACCACGTGCCAAGCCACGTCCCCAAGCCCGCGCCACCAGGCAGCACCTGCACACCCGCGGGCCACGGGCCCTAGCACACCCGTCACCTGCCCAGGCCAGAGACCGCTCTCCGCGCTAGAAGCCACAGCAACCCCGGCTTTCCTCGCATGGAGCACAGCAGAGCTGCTCTGGAAATGTGGGGTCACACCTTCACTGTCTTC,e7ccc84a1eb5b22f41c84f80e8944ecaeaf13fe17c21b1ba3935f0bce99fbf32,0.0,ACCACGTGCCAAGCCACGTCCCCAAGCCCGCGCCACCAGGCAGCACCTGCACACCCGCGGGCCACGGGCCCTAGCACACCCGTCACCTGCCCAGGCCAGGGACCGCTCTCCGCGCTAGAAGCCACAGCAACCCCGGCTTTCCTCGCATGGAGCACAGCAGAGCTGCTCTGGAAATGTGGGGTCACACCTTCACTGTCTTC,f946e7e203cd372934d7ba4d20601e2ecab8a62b58d7abb6c7d1c1c3e0b4fbf6,0.0991541480162288,ACCACGTGCCAAGCCACGTCCCCAAGCCCGCGCCACCAGGCAGCACCTGCACACCCGCGGGCCACGGGCCCTAGCACACCCGTCACCTGCCCAGGCCAGAGACAGCTCTCCGCGCTAGAAGCCACAGCAACCCCGGCTTTCCTCGCATGGAGCACAGCAGAGCTGCTCTGGAAATGTGGGGTCACACCTTCACTGTCTTC,23653de373bd48ef320955b26baf8e5831ddb14d91930baad88908598038d39c,0.0297018749878106,ACCACGTGCCAAGCCACGTCCCCAAGCCCGCGCCACCAGGCAGCACCTGCACACCCGCGGGCCACGGGCCCTAGCACACCCGTCACCTGCCCAGGCCAGGGACAGCTCTCCGCGCTAGAAGCCACAGCAACCCCGGCTTTCCTCGCATGGAGCACAGCAGAGCTGCTCTGGAAATGTGGGGTCACACCTTCACTGTCTTC,c4ecd86a8703f450f86fc19b44e0b72237715023cb93eb1de5a284e0ff9087c3,-0.284490005898554,0.4133460289025934,0.5881488163989,-288.03070326149464,-292.51981960749254,-290.3893627165817,-286.04945240402594,-8.82902665855363,1.0,0.4133460289025934,0.0,3,0.16368969903219027,0.18106719778262317,0.1474303780702046,0.2150866170227286,1.0
chr17:17116544:C:T;chr17:17116613:C:A;var1;middle;OL41|K562|1f9f729db0f1eb1a,chr17:17116544:C:T;chr17:17116613:C:A;var1;middle;OL41,K562,K562_region_00877,100,169,69,AGTCTCTTGCGGAGCCCTAACTCAATCACTCAGTGACCAAGAGCTGGCAATGTACTGAATATTCACAACTGCAGCAAAAGGTACCCTCAAACATAAGGCCCAGAAACTCTTGCTGAATTTCAAAGTAGAAACGCTTGAATGTTAACCTCGGGAGCAGACATGTTATTGCGACTGCATACTGAGTCGGACCTGTTTCTCCT,0a512f83960ba2be79265a5f89941d0050e3a7fb99ef2a336e500bde8c499ba5,0.0,AGTCTCTTGCGGAGCCCTAACTCAATCACTCAGTGACCAAGAGCTGGCAATGTACTGAATATTCACAACTGCAGCAAAAGGTACCCTCAAACATAAGGCTCAGAAACTCTTGCTGAATTTCAAAGTAGAAACGCTTGAATGTTAACCTCGGGAGCAGACATGTTATTGCGACTGCATACTGAGTCGGACCTGTTTCTCCT,8b484ba14eb8a9cde603462d6c9efeccc66577b9848b0a8561729323b98ed14b,-0.0185239674669481,AGTCTCTTGCGGAGCCCTAACTCAATCACTCAGTGACCAAGAGCTGGCAATGTACTGAATATTCACAACTGCAGCAAAAGGTACCCTCAAACATAAGGCCCAGAAACTCTTGCTGAATTTCAAAGTAGAAACGCTTGAATGTTAACCTCGGGAGCAGACATGTTATTGAGACTGCATACTGAGTCGGACCTGTTTCTCCT,1b486fe394e5e890f6c73604027bfb0744850f21aea8a4a48603b247e414f7ae,-0.0187349382201919,AGTCTCTTGCGGAGCCCTAACTCAATCACTCAGTGACCAAGAGCTGGCAATGTACTGAATATTCACAACTGCAGCAAAAGGTACCCTCAAACATAAGGCTCAGAAACTCTTGCTGAATTTCAAAGTAGAAACGCTTGAATGTTAACCTCGGGAGCAGACATGTTATTGAGACTGCATACTGAGTCGGACCTGTTTCTCCT,1f9f729db0f1eb1a87674482d89d2e1a7cc73202e05381d66331bf5fcde6306c,-0.1269075419541,0.08964863626696,0.20539447456204,-423.79505431861617,-415.0682758667972,-418.8743036962114,-410.667358258157,0.5198330137645257,1.0,0.08964863626696,0.0,3,0.18252003580053092,0.18106719778262317,0.1474303780702046,0.05634923510129548,1.0
chr17:17132166:G:A;chr17:17132202:G:A;var1;middle;OL41|K562|ac3d7bb8c0aa17a7,chr17:17132166:G:A;chr17:17132202:G:A;var1;middle;OL41,K562,K562_region_00878,100,136,36,TGGGTGCTGTACTGTCTGAGGGGTGTGTAAGGTCCGGTGTCCAAAGAGCAGCAGCAGACAGGGTGGAGGCTGTAGGAAGCAGATCTTATAGCTCCTCCAGGCCACCGAAAGACCCTGGATGTGTTATCAGAGACTGGGGAGGCTTTGGGGGTTCTGATGAGACATGAGAAAATGTGAATTTCACTTGAATAGGTTCACTC,e27f07dcf8d107a6e4da7505e8fbceb0170ac30c4fc3b8e5bd3caff996aed4ab,0.0,TGGGTGCTGTACTGTCTGAGGGGTGTGTAAGGTCCGGTGTCCAAAGAGCAGCAGCAGACAGGGTGGAGGCTGTAGGAAGCAGATCTTATAGCTCCTCCAAGCCACCGAAAGACCCTGGATGTGTTATCAGAGACTGGGGAGGCTTTGGGGGTTCTGATGAGACATGAGAAAATGTGAATTTCACTTGAATAGGTTCACTC,56bc7713e3b34f90bdbd7ca2e767d9fc5a561520d29b1014410d00c8d16dbe77,-0.177841477905708,TGGGTGCTGTACTGTCTGAGGGGTGTGTAAGGTCCGGTGTCCAAAGAGCAGCAGCAGACAGGGTGGAGGCTGTAGGAAGCAGATCTTATAGCTCCTCCAGGCCACCGAAAGACCCTGGATGTGTTATCAGAGACTAGGGAGGCTTTGGGGGTTCTGATGAGACATGAGAAAATGTGAATTTCACTTGAATAGGTTCACTC,8fa9622834a8a621460f2852188a8307b89d151716d7adf3d97c9629beef6abd,-0.189826335995928,TGGGTGCTGTACTGTCTGAGGGGTGTGTAAGGTCCGGTGTCCAAAGAGCAGCAGCAGACAGGGTGGAGGCTGTAGGAAGCAGATCTTATAGCTCCTCCAAGCCACCGAAAGACCCTGGATGTGTTATCAGAGACTAGGGAGGCTTTGGGGGTTCTGATGAGACATGAGAAAATGTGAATTTCACTTGAATAGGTTCACTC,ac3d7bb8c0aa17a7c532690bb49bad350a39d4f479aab109a23c7644c6246b8d,0.0578531547968611,0.4255209686984971,0.278253319192614,-330.0841940790415,-333.0775344390422,-325.97463301289827,-327.3508756309748,1.6170977419241694,-1.0,-0.4255209686984971,0.0,1,0.18401045938852495,0.18216460459877223,0.1501433469024087,0.03886740505676292,1.0
chr17:17613070:T:C;chr17:17613073:G:C;var1;middle;OL30|K562|0a26bb3cc5d45e6c,chr17:17613070:T:C;chr17:17613073:G:C;var1;middle;OL30,K562,K562_region_00879,100,103,3,GGGCCAAGGAGCTGCTGGGCCTCGGGGAGGGGGAACCCCAGCACTAGGTCCAAAGTGATGTAGCAGGGCCACTGTCTGTGCCGGGGCCTGGAGCTTTCCTCTGAACCTTAAGGGGCCCCCAGATCAGCTCCGTGCGGGCCTGGGGTGCAGCTTCCAGAATCTTGGAAACCTGTTTTTCATGGAGCCAGATAGAATGAGCA,204acca6050ae1ee007623afe91c6994b7ccd7861d4b99dee181a5194fb69f18,0.0,GGGCCAAGGAGCTGCTGGGCCTCGGGGAGGGGGAACCCCAGCACTAGGTCCAAAGTGATGTAGCAGGGCCACTGTCTGTGCCGGGGCCTGGAGCTTTCCCCTGAACCTTAAGGGGCCCCCAGATCAGCTCCGTGCGGGCCTGGGGTGCAGCTTCCAGAATCTTGGAAACCTGTTTTTCATGGAGCCAGATAGAATGAGCA,de493ca90b5d1c5fdd47ad168fb0c2d48140b07ffdd49bfdb401c2a60a8e1f10,0.0582756290672559,GGGCCAAGGAGCTGCTGGGCCTCGGGGAGGGGGAACCCCAGCACTAGGTCCAAAGTGATGTAGCAGGGCCACTGTCTGTGCCGGGGCCTGGAGCTTTCCTCTCAACCTTAAGGGGCCCCCAGATCAGCTCCGTGCGGGCCTGGGGTGCAGCTTCCAGAATCTTGGAAACCTGTTTTTCATGGAGCCAGATAGAATGAGCA,f57a6029c036e2a4bf687820af13d2aaa1bd866a913680e54e8fdee756893eb1,0.0820809214464511,GGGCCAAGGAGCTGCTGGGCCTCGGGGAGGGGGAACCCCAGCACTAGGTCCAAAGTGATGTAGCAGGGCCACTGTCTGTGCCGGGGCCTGGAGCTTTCCCCTCAACCTTAAGGGGCCCCCAGATCAGCTCCGTGCGGGCCTGGGGTGCAGCTTCCAGAATCTTGGAAACCTGTTTTTCATGGAGCCAGATAGAATGAGCA,0a26bb3cc5d45e6c36d2fd706a98df03122b29837e1f1916c36b3219fc278a03,0.10365565846825,0.0367008920454569,0.248868173177386,-289.2758342328016,-289.62022857624106,-292.3911278443411,-287.5832089371979,-5.152313250582608,1.0,0.0367008920454569,0.0,2,0.16769228370332104,0.17490732828716207,0.146091925319964,0.08833900970351906,1.0
chr17:18015061:T:C;chr17:18015113:A:G;var1;middle;OL41|K562|60a46b1a02544380,chr17:18015061:T:C;chr17:18015113:A:G;var1;middle;OL41,K562,K562_region_00880,100,152,52,TGGGACCCAGAGACCAGGAGGGATCAGGTGGGCAGGACTTGCTGCCAGCAGTCACCCAGACCTCCTCACTCAGAGCAGACAGGCAGCAGCCTGTAGCAATGACGTTGGCAGTCATAACAACAGCTGCTTGCCCAGGCCAGCCACTGTGCCCAGCTCTCCGCTATCTCATGTAATGCCCAGGTCAGCCCTGGTAAGGGAGG,104d696182149922c5622942268845e1325adc865a2ce930167c8546b3804165,0.0,TGGGACCCAGAGACCAGGAGGGATCAGGTGGGCAGGACTTGCTGCCAGCAGTCACCCAGACCTCCTCACTCAGAGCAGACAGGCAGCAGCCTGTAGCAACGACGTTGGCAGTCATAACAACAGCTGCTTGCCCAGGCCAGCCACTGTGCCCAGCTCTCCGCTATCTCATGTAATGCCCAGGTCAGCCCTGGTAAGGGAGG,4729c99559cf908151723b4afdbaacab879e5588aebbbbf788df141a62256868,0.0316251087917554,TGGGACCCAGAGACCAGGAGGGATCAGGTGGGCAGGACTTGCTGCCAGCAGTCACCCAGACCTCCTCACTCAGAGCAGACAGGCAGCAGCCTGTAGCAATGACGTTGGCAGTCATAACAACAGCTGCTTGCCCAGGCCAGCCACTGTGCCCGGCTCTCCGCTATCTCATGTAATGCCCAGGTCAGCCCTGGTAAGGGAGG,709297ed4b01693762cf2e377b371e0d1063a42a65ddd600db7d22578b095ff1,0.648067264574973,TGGGACCCAGAGACCAGGAGGGATCAGGTGGGCAGGACTTGCTGCCAGCAGTCACCCAGACCTCCTCACTCAGAGCAGACAGGCAGCAGCCTGTAGCAACGACGTTGGCAGTCATAACAACAGCTGCTTGCCCAGGCCAGCCACTGTGCCCGGCTCTCCGCTATCTCATGTAATGCCCAGGTCAGCCCTGGTAAGGGAGG,60a46b1a02544380d22ad3b41d4f72cc49d2e02ad89683981e6b5c973ef80753,0.0595894014486968,0.6201029719180315,0.418385575860108,-205.8001429475844,-209.96019287779927,-209.88132698461413,-213.6554857678712,-0.38589114695781745,1.0,0.6201029719180315,0.0,0,0.18528041996469316,0.18565657667894103,0.15145376406925343,0.27103304376385545,1.0
chr17:18057167:A:T;chr17:18057215:C:G;var1;middle;OL41|K562|c96466801946dfab,chr17:18057167:A:T;chr17:18057215:C:G;var1;middle;OL41,K562,K562_region_00881,100,148,48,CCTGATCCCCGCGCTCTCCAGCTCTGCCCTCGCGATCGCTGGAGCCCCCTGAGGAACTCACGCAGACGCGGCTGCACCGCCTCATCAATCCCAACTTCTACGGCTATCAGGACGCCCCCTGGAAGATCTTCCTGCGCAAAGAGGTGCCGAGCACAGCCGTAGCCAGGGGAGGGGCTGAAGCGGGGCAGGGGAGGGGCTGA,7fe0537998dc11503bf4c8575b1bd03dbb14fd9e3882b01f42eea8d2dec7ea80,0.0,CCTGATCCCCGCGCTCTCCAGCTCTGCCCTCGCGATCGCTGGAGCCCCCTGAGGAACTCACGCAGACGCGGCTGCACCGCCTCATCAATCCCAACTTCTTCGGCTATCAGGACGCCCCCTGGAAGATCTTCCTGCGCAAAGAGGTGCCGAGCACAGCCGTAGCCAGGGGAGGGGCTGAAGCGGGGCAGGGGAGGGGCTGA,9f228f4c845db5577b50224e248ee3299035f19af1a85f77a8eaa09c48535f9a,-0.0851914487144492,CCTGATCCCCGCGCTCTCCAGCTCTGCCCTCGCGATCGCTGGAGCCCCCTGAGGAACTCACGCAGACGCGGCTGCACCGCCTCATCAATCCCAACTTCTACGGCTATCAGGACGCCCCCTGGAAGATCTTCCTGCGCAAAGAGGTGCGGAGCACAGCCGTAGCCAGGGGAGGGGCTGAAGCGGGGCAGGGGAGGGGCTGA,9f29a20899be82536c5bccc5dfc0842a7bccc93fc62adbac6cfaf7e528256a49,-0.426998800272024,CCTGATCCCCGCGCTCTCCAGCTCTGCCCTCGCGATCGCTGGAGCCCCCTGAGGAACTCACGCAGACGCGGCTGCACCGCCTCATCAATCCCAACTTCTTCGGCTATCAGGACGCCCCCTGGAAGATCTTCCTGCGCAAAGAGGTGCGGAGCACAGCCGTAGCCAGGGGAGGGGCTGAAGCGGGGCAGGGGAGGGGCTGA,c96466801946dfab9038a55d889841a844bdb9d1fb39635ad9ecc9d3f8a8d91e,-0.0243971941047857,0.4877930548816875,0.307918430538411,-215.0443681152537,-216.1247111121193,-213.3603683933616,-214.6428484250792,-0.20213703485200085,-1.0,-0.4877930548816875,0.0,2,0.17490014050417224,0.17490732828716207,0.146091925319964,0.15395403276616576,1.0
chr17:1938721:A:G;chr17:1938726:A:G;var1;middle;OL31|K562|cc3d9c618b536721,chr17:1938721:A:G;chr17:1938726:A:G;var1;middle;OL31,K562,K562_region_00837,100,105,5,GTGTAGGTGGTGCCATGTGCTATGGGGGAGCTGTGCCTGGGTCCCCCCATCCTGGGCACCAAGGGCCCTGCCTGCGGTGGGGAGGTAGTGGGGGTCCGGACGAGAGGGCCCTGCCTGTGGTGGGGAGGTAGTGGGGGTCCGGGTGAGGGGGCCCTGCCTGTGGTGGGGAGGGGGTGGGGGCCCTGCCTGTGGTGGGGAGG,4fe1c6864c6e402ba8e2d949c1fb07385e767f91be3fabeaf3f0f020a8c2916d,0.0,GTGTAGGTGGTGCCATGTGCTATGGGGGAGCTGTGCCTGGGTCCCCCCATCCTGGGCACCAAGGGCCCTGCCTGCGGTGGGGAGGTAGTGGGGGTCCGGGCGAGAGGGCCCTGCCTGTGGTGGGGAGGTAGTGGGGGTCCGGGTGAGGGGGCCCTGCCTGTGGTGGGGAGGGGGTGGGGGCCCTGCCTGTGGTGGGGAGG,2b51e96cae15df200c1dc34f1415aca16d4e3cd71974b748374454506a541ef5,-0.321573330479516,GTGTAGGTGGTGCCATGTGCTATGGGGGAGCTGTGCCTGGGTCCCCCCATCCTGGGCACCAAGGGCCCTGCCTGCGGTGGGGAGGTAGTGGGGGTCCGGACGAGGGGGCCCTGCCTGTGGTGGGGAGGTAGTGGGGGTCCGGGTGAGGGGGCCCTGCCTGTGGTGGGGAGGGGGTGGGGGCCCTGCCTGTGGTGGGGAGG,4d668f7eb5a77f14f158f819f82df56e219b837eecd197294f453bb0fe7599b6,-0.699195087241413,GTGTAGGTGGTGCCATGTGCTATGGGGGAGCTGTGCCTGGGTCCCCCCATCCTGGGCACCAAGGGCCCTGCCTGCGGTGGGGAGGTAGTGGGGGTCCGGGCGAGGGGGCCCTGCCTGTGGTGGGGAGGTAGTGGGGGTCCGGGTGAGGGGGCCCTGCCTGTGGTGGGGAGGGGGTGGGGGCCCTGCCTGTGGTGGGGAGG,cc3d9c618b53672139e46865b0316721d484f392dac8e2f7969f148b143039d4,-0.0368166156787517,0.9839518020421772,0.57930895910422,-124.450838587014,-120.24280501925386,-114.93227808922528,-109.69580070639496,1.0284438150701902,-1.0,-0.9839518020421772,0.0,4,0.17747399118214716,0.17620727786206916,0.145609630836647,0.20450441734940528,1.0
chr17:1945201:T:G;chr17:1945225:T:G;var1;middle;OL41|K562|ed10513a2e10147d,chr17:1945201:T:G;chr17:1945225:T:G;var1;middle;OL41,K562,K562_region_00838,100,124,24,GCGAGGACTGCAGCTGCAGGGACGAGAAGGTGGCGCCGCTGGCTCCTTGACGCGCTCCCGGGCCTCAGGTATCAGCCCCCGCTCTGGGTGCGCCCCGCCTTTTGCCGTTGTCATGGGAACGCCTTGGCGCTCCGAGGCCCGCCCTCGGGGCGGTGCTGACGTTCGGTTCCGCCCCGTGCATTGTGCTTCCGCTCGGGGAA,e41f2c68bc8330b994702f89da7fbf4dc010bf030053f1756384e550da0220c1,0.0,GCGAGGACTGCAGCTGCAGGGACGAGAAGGTGGCGCCGCTGGCTCCTTGACGCGCTCCCGGGCCTCAGGTATCAGCCCCCGCTCTGGGTGCGCCCCGCCGTTTGCCGTTGTCATGGGAACGCCTTGGCGCTCCGAGGCCCGCCCTCGGGGCGGTGCTGACGTTCGGTTCCGCCCCGTGCATTGTGCTTCCGCTCGGGGAA,115ccfb3ac01c07e841ed55998dd56dfb0219ba8b8f3c4b379882c5557773cf4,-0.175410733943271,GCGAGGACTGCAGCTGCAGGGACGAGAAGGTGGCGCCGCTGGCTCCTTGACGCGCTCCCGGGCCTCAGGTATCAGCCCCCGCTCTGGGTGCGCCCCGCCTTTTGCCGTTGTCATGGGAACGCCGTGGCGCTCCGAGGCCCGCCCTCGGGGCGGTGCTGACGTTCGGTTCCGCCCCGTGCATTGTGCTTCCGCTCGGGGAA,e383fdf87b706e195ea598db03592f67265f8496248d09415da7e29204adcac9,0.0099528435173137,GCGAGGACTGCAGCTGCAGGGACGAGAAGGTGGCGCCGCTGGCTCCTTGACGCGCTCCCGGGCCTCAGGTATCAGCCCCCGCTCTGGGTGCGCCCCGCCGTTTGCCGTTGTCATGGGAACGCCGTGGCGCTCCGAGGCCCGCCCTCGGGGCGGTGCTGACGTTCGGTTCCGCCCCGTGCATTGTGCTTCCGCTCGGGGAA,ed10513a2e10147d390171f58eb09d99d04fb4ce0efe5ecc44807cecb5172a6c,-0.185551811407047,0.0200939209810896,0.173555612715152,-349.2135588955134,-342.289250722155,-331.12949909083545,-326.0683606583625,1.8631697408854961,1.0,0.0200939209810896,0.0,0,0.188169087687344,0.18565657667894103,0.15145376406925343,0.13162846643772813,1.0
chr17:205055:A:T;chr17:205065:A:G;var1;middle;OL41|K562|16ac977fc9d73c9d,chr17:205055:A:T;chr17:205065:A:G;var1;middle;OL41,K562,K562_region_00829,100,110,10,AGTCACGCCCAGTCTTCCTGGGCAAGAGAAACAGCCCCTCCTTCCCCTTCTTCCTGGGTGAATGTGATGAGGATGACCAATTAGAATAGCCCCACCCCCAAGGCAGGGTAATTGGCTCAGGGCTGGGCATGTGACCCAGACCCAGCCATACTGAGTCCTCCTGGGGTCTTGCCAGAGTTCCTGTGCAATAAACCCACTGT,849b3b4e7f6a71adfbef91d394b7a9b95d505734573003cbd0c732b39c0b3fcc,0.0,AGTCACGCCCAGTCTTCCTGGGCAAGAGAAACAGCCCCTCCTTCCCCTTCTTCCTGGGTGAATGTGATGAGGATGACCAATTAGAATAGCCCCACCCCCTAGGCAGGGTAATTGGCTCAGGGCTGGGCATGTGACCCAGACCCAGCCATACTGAGTCCTCCTGGGGTCTTGCCAGAGTTCCTGTGCAATAAACCCACTGT,09385ee9960876f3c42c86c8ab2b6a0cf9cd0b874e36d28fd30198e3acf0ef11,-0.0756425830914323,AGTCACGCCCAGTCTTCCTGGGCAAGAGAAACAGCCCCTCCTTCCCCTTCTTCCTGGGTGAATGTGATGAGGATGACCAATTAGAATAGCCCCACCCCCAAGGCAGGGTGATTGGCTCAGGGCTGGGCATGTGACCCAGACCCAGCCATACTGAGTCCTCCTGGGGTCTTGCCAGAGTTCCTGTGCAATAAACCCACTGT,b81bad5965638251b1cb9cda80b92193fc51fa3b159bc4205630b2fe7695e49b,0.175639314012755,AGTCACGCCCAGTCTTCCTGGGCAAGAGAAACAGCCCCTCCTTCCCCTTCTTCCTGGGTGAATGTGATGAGGATGACCAATTAGAATAGCCCCACCCCCTAGGCAGGGTGATTGGCTCAGGGCTGGGCATGTGACCCAGACCCAGCCATACTGAGTCCTCCTGGGGTCTTGCCAGAGTTCCTGTGCAATAAACCCACTGT,16ac977fc9d73c9dd063e8f15295fbc0655f2e28c1cbd380ff6bd20c78351718,0.168120419058901,0.0681236881375782,0.212152646881672,-318.2053393101087,-316.22147340886295,-310.49694985937094,-306.3104572977172,2.2026266604079865,-1.0,-0.0681236881375782,0.0,1,0.1846061998549538,0.18216460459877223,0.1501433469024087,0.27504175389082264,1.0
chr17:21104746:A:G;chr17:21104817:C:A;var1;middle;OL31|K562|0cedd754b445aed8,chr17:21104746:A:G;chr17:21104817:C:A;var1;middle;OL31,K562,K562_region_00882,100,171,71,AATTCAATCATAGGCCCTAATTAAACGGCATGCACTGGGGAGAAATCAGTGCCCTGAGGGTGGGACAAGAGCCTCCTAAACATGGGTTGCTGCCAAGCCACCTGTGACTGTGCCAGTGTCACGGCTGCCTCGCCAGGGATGAAATGATGAGCTGTTACTGTAAGACTGCACGAGCAGCTTATGAAATGGGGAAAGGAGGG,2d0b4dd41c6a8d3c5aee08ec692f7087c63361267c08e7723c9f070f74f16405,0.0,AATTCAATCATAGGCCCTAATTAAACGGCATGCACTGGGGAGAAATCAGTGCCCTGAGGGTGGGACAAGAGCCTCCTAAACATGGGTTGCTGCCAAGCCGCCTGTGACTGTGCCAGTGTCACGGCTGCCTCGCCAGGGATGAAATGATGAGCTGTTACTGTAAGACTGCACGAGCAGCTTATGAAATGGGGAAAGGAGGG,a5ff194fe41d376df2339c445bd2b755af553d6db76daf3aa4e24475a00c4b98,0.119781242777849,AATTCAATCATAGGCCCTAATTAAACGGCATGCACTGGGGAGAAATCAGTGCCCTGAGGGTGGGACAAGAGCCTCCTAAACATGGGTTGCTGCCAAGCCACCTGTGACTGTGCCAGTGTCACGGCTGCCTCGCCAGGGATGAAATGATGAGCTGTTACTGTAAGACTGCAAGAGCAGCTTATGAAATGGGGAAAGGAGGG,4ba3fa474085ea84a7cf5990047ab16c238cbb39a735c7d9e5db61e7dacef650,-0.0367341183927005,AATTCAATCATAGGCCCTAATTAAACGGCATGCACTGGGGAGAAATCAGTGCCCTGAGGGTGGGACAAGAGCCTCCTAAACATGGGTTGCTGCCAAGCCGCCTGTGACTGTGCCAGTGTCACGGCTGCCTCGCCAGGGATGAAATGATGAGCTGTTACTGTAAGACTGCAAGAGCAGCTTATGAAATGGGGAAAGGAGGG,0cedd754b445aed817e7b1b62d4cd67fe2c468161226749053ad4742cfddc780,0.0521550199597278,-0.0308921044254206,0.23541344549544,-309.7673702109605,-318.3207348862197,-308.98877836810425,-318.7285340221133,-1.1863909787498415,-1.0,0.0308921044254206,0.0,4,0.17472889987075865,0.17620727786206916,0.145609630836647,0.23688273328915466,1.0
chr17:21551217:T:G;chr17:21551227:C:T;var1;middle;OL29|K562|48f0541c032e2b17,chr17:21551217:T:G;chr17:21551227:C:T;var1;middle;OL29,K562,K562_region_00883,100,110,10,CCTGCTAGAACTCACCTCTAGGGCCCAGGCTTGGGAATCCCCAGAACCCCCATATTGTTCTTTACACCTGGGTGGCTGTGCTCAAGGGCTCAGGGAGGGTGAACTCTTGCGGCCCTGGACTCCCTAGCCCTTCCCCTTCTGTGGGCCCACCGTGGGCTGTCAGCGTGTTAGGTGCTGGAATGGTCTGAGCTGGTTTGTAG,6148e78857aa58d9ede86e9c230901764f27fa52a31c3cf539b764886cd9bc54,0.0,CCTGCTAGAACTCACCTCTAGGGCCCAGGCTTGGGAATCCCCAGAACCCCCATATTGTTCTTTACACCTGGGTGGCTGTGCTCAAGGGCTCAGGGAGGGGGAACTCTTGCGGCCCTGGACTCCCTAGCCCTTCCCCTTCTGTGGGCCCACCGTGGGCTGTCAGCGTGTTAGGTGCTGGAATGGTCTGAGCTGGTTTGTAG,20e5a97bf2c9de61935f9887101a2576371d5764a509daf44d67bdaba9b62002,-0.0334427937647003,CCTGCTAGAACTCACCTCTAGGGCCCAGGCTTGGGAATCCCCAGAACCCCCATATTGTTCTTTACACCTGGGTGGCTGTGCTCAAGGGCTCAGGGAGGGTGAACTCTTGTGGCCCTGGACTCCCTAGCCCTTCCCCTTCTGTGGGCCCACCGTGGGCTGTCAGCGTGTTAGGTGCTGGAATGGTCTGAGCTGGTTTGTAG,3f2879628b4d8ff9ac2c6c22d5a172c4571fa3202940d7e9fd604e572f273038,0.0849106744009829,CCTGCTAGAACTCACCTCTAGGGCCCAGGCTTGGGAATCCCCAGAACCCCCATATTGTTCTTTACACCTGGGTGGCTGTGCTCAAGGGCTCAGGGAGGGGGAACTCTTGTGGCCCTGGACTCCCTAGCCCTTCCCCTTCTGTGGGCCCACCGTGGGCTGTCAGCGTGTTAGGTGCTGGAATGGTCTGAGCTGGTTTGTAG,48f0541c032e2b17025fe9a9debb03eb12263156a0f5aa70ab7956404d1ade7a,0.0149041874724299,-0.0365636931638527,0.0937731293415771,-298.0705396500416,-293.04188322043046,-289.6021453579888,-284.7704819669016,-0.19699303852399908,-1.0,0.0365636931638527,0.0,1,0.1821647311015482,0.18216460459877223,0.1501433469024087,0.27490841627862417,1.0
chr17:2249904:C:T;chr17:2249919:T:A;var1;middle;OL41|K562|c7352a89fb5d274a,chr17:2249904:C:T;chr17:2249919:T:A;var1;middle;OL41,K562,K562_region_00839,100,115,15,TACCCAACGGGAGGGGCAAGACTCCTAGGACTGGCTAGAAAATTGCTTTGTTGAGTGTTTGCTGTGGTTGTTCCTAAACCTGTCTGTCCAGAAGCTGGACATGCAGTAGGCCCCTGCGAGTAGAAACTTTCCTTGTGTGGAAGTTTTCGCTGGCAAACCAGTCTGGCGGCAGCAGGGGGGTGGGTGGGGTTCTCTGTGTG,afe2b83c92a77a4b338e45ed353218a711497b78dcba7136a7a9588721620e1c,0.0,TACCCAACGGGAGGGGCAAGACTCCTAGGACTGGCTAGAAAATTGCTTTGTTGAGTGTTTGCTGTGGTTGTTCCTAAACCTGTCTGTCCAGAAGCTGGATATGCAGTAGGCCCCTGCGAGTAGAAACTTTCCTTGTGTGGAAGTTTTCGCTGGCAAACCAGTCTGGCGGCAGCAGGGGGGTGGGTGGGGTTCTCTGTGTG,f3e132ab4a12f07edb6b61e3b8508db5c9b0b3cc44f85c418ca37888a7dcbbe4,-0.173626987152662,TACCCAACGGGAGGGGCAAGACTCCTAGGACTGGCTAGAAAATTGCTTTGTTGAGTGTTTGCTGTGGTTGTTCCTAAACCTGTCTGTCCAGAAGCTGGACATGCAGTAGGCCCCAGCGAGTAGAAACTTTCCTTGTGTGGAAGTTTTCGCTGGCAAACCAGTCTGGCGGCAGCAGGGGGGTGGGTGGGGTTCTCTGTGTG,4705fa6d0eeb8aecc4119e5ca4b77b7b626152eae4d29dbb522c196605765f89,-0.127311221007606,TACCCAACGGGAGGGGCAAGACTCCTAGGACTGGCTAGAAAATTGCTTTGTTGAGTGTTTGCTGTGGTTGTTCCTAAACCTGTCTGTCCAGAAGCTGGATATGCAGTAGGCCCCAGCGAGTAGAAACTTTCCTTGTGTGGAAGTTTTCGCTGGCAAACCAGTCTGGCGGCAGCAGGGGGGTGGGTGGGGTTCTCTGTGTG,c7352a89fb5d274a50e5fe59c1355e6af34814e204bdc593de213c9f5178b895,-0.0105786725337089,0.2903595356265591,0.182753293701863,-304.0025933422148,-309.78667287994176,-305.4355774996802,-305.93811247404665,5.281544563360512,-1.0,-0.2903595356265591,0.0,2,0.1828848242767973,0.17490732828716207,0.146091925319964,0.010242822468557927,1.0
chr17:2278555:T:C;chr17:2278557:C:T;var1;middle;OL41|K562|4004758c9c0da5f7,chr17:2278555:T:C;chr17:2278557:C:T;var1;middle;OL41,K562,K562_region_00840,100,102,2,TTTCTAGAATGAGACTGAGTTCAAACTGGCCATTGAGCGTTCAGCCCCCTGGCTCCCCTACTTCCCTTCAGTAGCCACAGGAAGACCTGGGGCTGTTCCTTCAAGCAGGGCTGAAGACGTGTCTTCATGTTTGGCCAGAGGCTTGTTTCTCTCCGCCTGGCTGGCTGGGTCAGAAGCTGGCTTGGTGCCCCGTGGCCACA,c013d2e42b8bd353d7be2cbe409020bb67263989b65be420fb5bac611e77cb65,0.0,TTTCTAGAATGAGACTGAGTTCAAACTGGCCATTGAGCGTTCAGCCCCCTGGCTCCCCTACTTCCCTTCAGTAGCCACAGGAAGACCTGGGGCTGTTCCCTCAAGCAGGGCTGAAGACGTGTCTTCATGTTTGGCCAGAGGCTTGTTTCTCTCCGCCTGGCTGGCTGGGTCAGAAGCTGGCTTGGTGCCCCGTGGCCACA,58843fb2265f0584cc8355078573b54007cf15b97eb3c0a11baeb03893464bb4,0.100191429441334,TTTCTAGAATGAGACTGAGTTCAAACTGGCCATTGAGCGTTCAGCCCCCTGGCTCCCCTACTTCCCTTCAGTAGCCACAGGAAGACCTGGGGCTGTTCCTTTAAGCAGGGCTGAAGACGTGTCTTCATGTTTGGCCAGAGGCTTGTTTCTCTCCGCCTGGCTGGCTGGGTCAGAAGCTGGCTTGGTGCCCCGTGGCCACA,82ccf908479c65c210bf9da6a5c308101ac6c89b38c8bdbda18fafdfb159fa0d,0.349172481499462,TTTCTAGAATGAGACTGAGTTCAAACTGGCCATTGAGCGTTCAGCCCCCTGGCTCCCCTACTTCCCTTCAGTAGCCACAGGAAGACCTGGGGCTGTTCCCTTAAGCAGGGCTGAAGACGTGTCTTCATGTTTGGCCAGAGGCTTGTTTCTCTCCGCCTGGCTGGCTGGGTCAGAAGCTGGCTTGGTGCCCCGTGGCCACA,4004758c9c0da5f708d98bdb6dbe4177108c03e5c61be14495c3f900e5aa209f,-0.167518289992679,0.616882200933475,0.201149246960523,-310.05352122941986,-300.3928167396225,-273.8477646969259,-267.2967980336398,3.109737826511264,1.0,0.616882200933475,0.0,0,0.1897701652804397,0.18565657667894103,0.15145376406925343,0.004617643094863122,1.0
chr17:2278555:T:C;chr17:2278609:C:T;var1;middle;OL41|K562|3388ed23dc88ee03,chr17:2278555:T:C;chr17:2278609:C:T;var1;middle;OL41,K562,K562_region_00840,100,154,54,TTTCTAGAATGAGACTGAGTTCAAACTGGCCATTGAGCGTTCAGCCCCCTGGCTCCCCTACTTCCCTTCAGTAGCCACAGGAAGACCTGGGGCTGTTCCTTCAAGCAGGGCTGAAGACGTGTCTTCATGTTTGGCCAGAGGCTTGTTTCTCTCCGCCTGGCTGGCTGGGTCAGAAGCTGGCTTGGTGCCCCGTGGCCACA,c013d2e42b8bd353d7be2cbe409020bb67263989b65be420fb5bac611e77cb65,0.0,TTTCTAGAATGAGACTGAGTTCAAACTGGCCATTGAGCGTTCAGCCCCCTGGCTCCCCTACTTCCCTTCAGTAGCCACAGGAAGACCTGGGGCTGTTCCCTCAAGCAGGGCTGAAGACGTGTCTTCATGTTTGGCCAGAGGCTTGTTTCTCTCCGCCTGGCTGGCTGGGTCAGAAGCTGGCTTGGTGCCCCGTGGCCACA,58843fb2265f0584cc8355078573b54007cf15b97eb3c0a11baeb03893464bb4,0.100129800437358,TTTCTAGAATGAGACTGAGTTCAAACTGGCCATTGAGCGTTCAGCCCCCTGGCTCCCCTACTTCCCTTCAGTAGCCACAGGAAGACCTGGGGCTGTTCCTTCAAGCAGGGCTGAAGACGTGTCTTCATGTTTGGCCAGAGGCTTGTTTCTCTCTGCCTGGCTGGCTGGGTCAGAAGCTGGCTTGGTGCCCCGTGGCCACA,fea55891564a0684f65c428e701b1edaad2a99f9295bcb1b7194fc5a5a4ca450,-0.0422138030442239,TTTCTAGAATGAGACTGAGTTCAAACTGGCCATTGAGCGTTCAGCCCCCTGGCTCCCCTACTTCCCTTCAGTAGCCACAGGAAGACCTGGGGCTGTTCCCTCAAGCAGGGCTGAAGACGTGTCTTCATGTTTGGCCAGAGGCTTGTTTCTCTCTGCCTGGCTGGCTGGGTCAGAAGCTGGCTTGGTGCCCCGTGGCCACA,3388ed23dc88ee033bcde8ae4e992f00cd0bbdbdfd14222bf17aa617d9d83608,0.0854482923613231,0.027532294968189,0.220756819646991,-310.05352122941986,-300.3928167396225,-300.354580830317,-296.97017010860145,-6.276293768081814,-1.0,-0.027532294968189,0.0,0,0.17771485514738164,0.18565657667894103,0.15145376406925343,-0.006573011944332879,1.0
chr17:2278555:T:C;chr17:2278644:C:T;var1;middle;OL41|K562|3ce1c6ddce124f93,chr17:2278555:T:C;chr17:2278644:C:T;var1;middle;OL41,K562,K562_region_00840,100,189,89,TTTCTAGAATGAGACTGAGTTCAAACTGGCCATTGAGCGTTCAGCCCCCTGGCTCCCCTACTTCCCTTCAGTAGCCACAGGAAGACCTGGGGCTGTTCCTTCAAGCAGGGCTGAAGACGTGTCTTCATGTTTGGCCAGAGGCTTGTTTCTCTCCGCCTGGCTGGCTGGGTCAGAAGCTGGCTTGGTGCCCCGTGGCCACA,c013d2e42b8bd353d7be2cbe409020bb67263989b65be420fb5bac611e77cb65,0.0,TTTCTAGAATGAGACTGAGTTCAAACTGGCCATTGAGCGTTCAGCCCCCTGGCTCCCCTACTTCCCTTCAGTAGCCACAGGAAGACCTGGGGCTGTTCCCTCAAGCAGGGCTGAAGACGTGTCTTCATGTTTGGCCAGAGGCTTGTTTCTCTCCGCCTGGCTGGCTGGGTCAGAAGCTGGCTTGGTGCCCCGTGGCCACA,58843fb2265f0584cc8355078573b54007cf15b97eb3c0a11baeb03893464bb4,0.100251519745528,TTTCTAGAATGAGACTGAGTTCAAACTGGCCATTGAGCGTTCAGCCCCCTGGCTCCCCTACTTCCCTTCAGTAGCCACAGGAAGACCTGGGGCTGTTCCTTCAAGCAGGGCTGAAGACGTGTCTTCATGTTTGGCCAGAGGCTTGTTTCTCTCCGCCTGGCTGGCTGGGTCAGAAGCTGGCTTGGTGCTCCGTGGCCACA,d0e20a95be5fe47992f3b7cdcc8392479d73cfe7eb7269654de5acf119a2202b,0.157334086783415,TTTCTAGAATGAGACTGAGTTCAAACTGGCCATTGAGCGTTCAGCCCCCTGGCTCCCCTACTTCCCTTCAGTAGCCACAGGAAGACCTGGGGCTGTTCCCTCAAGCAGGGCTGAAGACGTGTCTTCATGTTTGGCCAGAGGCTTGTTTCTCTCCGCCTGGCTGGCTGGGTCAGAAGCTGGCTTGGTGCTCCGTGGCCACA,3ce1c6ddce124f938130d3566d1a9129ef4dbb4fbd8124a1d751eb21856bf23a,0.165265651440598,0.092319955088345,0.184881261558052,-310.05352122941986,-300.3928167396225,-313.33104234049097,-316.58109893254004,12.910761081846431,1.0,0.092319955088345,0.0,0,0.20235848589001912,0.18565657667894103,0.15145376406925343,0.09561430863820691,1.0
chr17:2278557:C:T;chr17:2278609:C:T;var1;middle;OL41|K562|8f6f9e6ccb23b5a7,chr17:2278557:C:T;chr17:2278609:C:T;var1;middle;OL41,K562,K562_region_00840,100,152,52,TCTAGAATGAGACTGAGTTCAAACTGGCCATTGAGCGTTCAGCCCCCTGGCTCCCCTACTTCCCTTCAGTAGCCACAGGAAGACCTGGGGCTGTTCCTTCAAGCAGGGCTGAAGACGTGTCTTCATGTTTGGCCAGAGGCTTGTTTCTCTCCGCCTGGCTGGCTGGGTCAGAAGCTGGCTTGGTGCCCCGTGGCCACAGT,a4f6c2a55656ba91822ba78a5f356e70dc2ac88a3df94f88aa2b7286c24b6ba7,0.0,TCTAGAATGAGACTGAGTTCAAACTGGCCATTGAGCGTTCAGCCCCCTGGCTCCCCTACTTCCCTTCAGTAGCCACAGGAAGACCTGGGGCTGTTCCTTTAAGCAGGGCTGAAGACGTGTCTTCATGTTTGGCCAGAGGCTTGTTTCTCTCCGCCTGGCTGGCTGGGTCAGAAGCTGGCTTGGTGCCCCGTGGCCACAGT,9a2e29e58c7790802fac28f19d9a7ade032805f61f1ed821a210f3c14cb7c6ee,0.147534364116129,TCTAGAATGAGACTGAGTTCAAACTGGCCATTGAGCGTTCAGCCCCCTGGCTCCCCTACTTCCCTTCAGTAGCCACAGGAAGACCTGGGGCTGTTCCTTCAAGCAGGGCTGAAGACGTGTCTTCATGTTTGGCCAGAGGCTTGTTTCTCTCTGCCTGGCTGGCTGGGTCAGAAGCTGGCTTGGTGCCCCGTGGCCACAGT,23d5cdbbaefd23b8b21f6726207291b8048cabb55c8bbf532ad854465c5df328,-0.0532889713774327,TCTAGAATGAGACTGAGTTCAAACTGGCCATTGAGCGTTCAGCCCCCTGGCTCCCCTACTTCCCTTCAGTAGCCACAGGAAGACCTGGGGCTGTTCCTTTAAGCAGGGCTGAAGACGTGTCTTCATGTTTGGCCAGAGGCTTGTTTCTCTCTGCCTGGCTGGCTGGGTCAGAAGCTGGCTTGGTGCCCCGTGGCCACAGT,8f6f9e6ccb23b5a7790d432b8826f1a82433d74253aad732898f53d1b7933c0a,0.122381467293747,0.0281360745550507,0.284225435641717,-294.378962690942,-245.2367055118084,-289.6177243771963,-245.9501357078552,-5.474668509792508,-1.0,-0.0281360745550507,0.0,0,0.17874445333291697,0.18565657667894103,0.15145376406925343,-0.012722218573364252,1.0
chr17:2278557:C:T;chr17:2278644:C:T;var1;middle;OL41|K562|5811b4133043c148,chr17:2278557:C:T;chr17:2278644:C:T;var1;middle;OL41,K562,K562_region_00840,100,187,87,TCTAGAATGAGACTGAGTTCAAACTGGCCATTGAGCGTTCAGCCCCCTGGCTCCCCTACTTCCCTTCAGTAGCCACAGGAAGACCTGGGGCTGTTCCTTCAAGCAGGGCTGAAGACGTGTCTTCATGTTTGGCCAGAGGCTTGTTTCTCTCCGCCTGGCTGGCTGGGTCAGAAGCTGGCTTGGTGCCCCGTGGCCACAGT,a4f6c2a55656ba91822ba78a5f356e70dc2ac88a3df94f88aa2b7286c24b6ba7,0.0,TCTAGAATGAGACTGAGTTCAAACTGGCCATTGAGCGTTCAGCCCCCTGGCTCCCCTACTTCCCTTCAGTAGCCACAGGAAGACCTGGGGCTGTTCCTTTAAGCAGGGCTGAAGACGTGTCTTCATGTTTGGCCAGAGGCTTGTTTCTCTCCGCCTGGCTGGCTGGGTCAGAAGCTGGCTTGGTGCCCCGTGGCCACAGT,9a2e29e58c7790802fac28f19d9a7ade032805f61f1ed821a210f3c14cb7c6ee,0.147624191508432,TCTAGAATGAGACTGAGTTCAAACTGGCCATTGAGCGTTCAGCCCCCTGGCTCCCCTACTTCCCTTCAGTAGCCACAGGAAGACCTGGGGCTGTTCCTTCAAGCAGGGCTGAAGACGTGTCTTCATGTTTGGCCAGAGGCTTGTTTCTCTCCGCCTGGCTGGCTGGGTCAGAAGCTGGCTTGGTGCTCCGTGGCCACAGT,5df749652d3a7b04f160bd492fe1e833e860ffcdaeec240614bc0884e128b07b,0.162728314029488,TCTAGAATGAGACTGAGTTCAAACTGGCCATTGAGCGTTCAGCCCCCTGGCTCCCCTACTTCCCTTCAGTAGCCACAGGAAGACCTGGGGCTGTTCCTTTAAGCAGGGCTGAAGACGTGTCTTCATGTTTGGCCAGAGGCTTGTTTCTCTCCGCCTGGCTGGCTGGGTCAGAAGCTGGCTTGGTGCTCCGTGGCCACAGT,5811b4133043c148d1d14fc07ce92c76624f5b07b20bf6c5b0e47d5ab2f9a9db,0.428016248360547,-0.1176637428226269,0.24280612490514,-294.378962690942,-245.2367055118084,-308.4292342001572,-253.2899413742125,-5.997035646811128,1.0,-0.1176637428226269,0.0,0,0.17807353103986773,0.18565657667894103,0.15145376406925343,0.08946510200917551,1.0
chr17:2278609:C:T;chr17:2278644:C:T;var1;middle;OL41|K562|54b70fdc55e9d75a,chr17:2278609:C:T;chr17:2278644:C:T;var1;middle;OL41,K562,K562_region_00840,100,135,35,CCCCTACTTCCCTTCAGTAGCCACAGGAAGACCTGGGGCTGTTCCTTCAAGCAGGGCTGAAGACGTGTCTTCATGTTTGGCCAGAGGCTTGTTTCTCTCCGCCTGGCTGGCTGGGTCAGAAGCTGGCTTGGTGCCCCGTGGCCACAGTGTTGGAGGCTGTGGTGGGAGAGGGGGTGTGAAGAGTTTTGCATTCCAGCTCC,b4424984c5db7cf32aa7d1bb0305945e2877f2524ce674dc8c22963f1eae7645,0.0,CCCCTACTTCCCTTCAGTAGCCACAGGAAGACCTGGGGCTGTTCCTTCAAGCAGGGCTGAAGACGTGTCTTCATGTTTGGCCAGAGGCTTGTTTCTCTCTGCCTGGCTGGCTGGGTCAGAAGCTGGCTTGGTGCCCCGTGGCCACAGTGTTGGAGGCTGTGGTGGGAGAGGGGGTGTGAAGAGTTTTGCATTCCAGCTCC,2c46d43914b0c263e03ecf4abda66250ac12877b8ab91c846dab6c1e72e56422,0.149677843634342,CCCCTACTTCCCTTCAGTAGCCACAGGAAGACCTGGGGCTGTTCCTTCAAGCAGGGCTGAAGACGTGTCTTCATGTTTGGCCAGAGGCTTGTTTCTCTCCGCCTGGCTGGCTGGGTCAGAAGCTGGCTTGGTGCTCCGTGGCCACAGTGTTGGAGGCTGTGGTGGGAGAGGGGGTGTGAAGAGTTTTGCATTCCAGCTCC,69c88e3fa9238c3f4d95c93027447e876bbf95ae791817f425c2dd3ff0f8ef0e,0.179813477748723,CCCCTACTTCCCTTCAGTAGCCACAGGAAGACCTGGGGCTGTTCCTTCAAGCAGGGCTGAAGACGTGTCTTCATGTTTGGCCAGAGGCTTGTTTCTCTCTGCCTGGCTGGCTGGGTCAGAAGCTGGCTTGGTGCTCCGTGGCCACAGTGTTGGAGGCTGTGGTGGGAGAGGGGGTGTGAAGAGTTTTGCATTCCAGCTCC,54b70fdc55e9d75a513618d09971ac32bc3e528af4efcab6ea8c3c46eedca525,0.148170500650908,0.181320820732157,0.253480312587029,-278.19450587045867,-265.7735560472356,-274.5391110797645,-262.1522522221785,0.034090965637005866,1.0,0.181320820732157,0.0,0,0.1858198401197014,0.18565657667894103,0.15145376406925343,0.16923607107308142,1.0
chr17:2295633:C:A;chr17:2295635:T:C;var1;middle;OL41|K562|5daf4281e7f135c1,chr17:2295633:C:A;chr17:2295635:T:C;var1;middle;OL41,K562,K562_region_00841,100,102,2,ATGAATAAATGAATAAATGGTTTGTAGACAGGCCTTTGAGGTTCCTGCTTCTGTGACCAGCACCAGAATGGGTGTCCCTTCTGCACAGCCTGAGTGAGGCCTACCCCGGCTCCTACTTCACCGGGCCCAGCTCCTCAAGAGCTTCCTTCTGCGGCTGCTGCTGAGTCTTCTTCCGATTCATTTCCAAACCCACACGTTAC,c94201706e72f768fcb70e1a0f03348c6e5c78a94457cf28aab6fb470cde3ed7,0.0,ATGAATAAATGAATAAATGGTTTGTAGACAGGCCTTTGAGGTTCCTGCTTCTGTGACCAGCACCAGAATGGGTGTCCCTTCTGCACAGCCTGAGTGAGGACTACCCCGGCTCCTACTTCACCGGGCCCAGCTCCTCAAGAGCTTCCTTCTGCGGCTGCTGCTGAGTCTTCTTCCGATTCATTTCCAAACCCACACGTTAC,83c77e2a94b2e7c63966b9611c62922a399f4b151b13c930fb0dc717be4f9651,0.034644795633248,ATGAATAAATGAATAAATGGTTTGTAGACAGGCCTTTGAGGTTCCTGCTTCTGTGACCAGCACCAGAATGGGTGTCCCTTCTGCACAGCCTGAGTGAGGCCCACCCCGGCTCCTACTTCACCGGGCCCAGCTCCTCAAGAGCTTCCTTCTGCGGCTGCTGCTGAGTCTTCTTCCGATTCATTTCCAAACCCACACGTTAC,0c0230a58ba7f7d061c6b8d543828c98d032d493bfee72e0097d9fb3a04a90a2,0.0191880726764665,ATGAATAAATGAATAAATGGTTTGTAGACAGGCCTTTGAGGTTCCTGCTTCTGTGACCAGCACCAGAATGGGTGTCCCTTCTGCACAGCCTGAGTGAGGACCACCCCGGCTCCTACTTCACCGGGCCCAGCTCCTCAAGAGCTTCCTTCTGCGGCTGCTGCTGAGTCTTCTTCCGATTCATTTCCAAACCCACACGTTAC,5daf4281e7f135c158509aa6837e8c7818684661feaf3eaf2d009687becbe0f4,-0.17007550157228,0.2239083698819945,0.212652255454355,-300.64775891718455,-299.0184050356038,-289.9161148511339,-292.118337321328,3.8315763517748564,1.0,0.2239083698819945,0.0,1,0.18626355821641083,0.18216460459877223,0.1501433469024087,0.4185845406341979,1.0
chr17:26693231:G:C;chr17:26693258:C:T;var1;middle;OL31|K562|8c62aa902f0bda23,chr17:26693231:G:C;chr17:26693258:C:T;var1;middle;OL31,K562,K562_region_00884,100,127,27,CCTGCCACCACACCCGGCTAATTTTTTGTATTTTTAGTAGAGACGGGGTTTCACCATGTTGGCCAGGCTGGTCTCGAACTCCTAACCTCATGATCCACGGGCCTTGGTTTCCCAAAGTGCTGGGACCACAGGCATGAACCACCGTGCCTGGCCTAAATTTTCTTTTTCTCACTCTGTTGCCCAGGCTGGAGTACAGTGGT,eb36856a0d297e7dbac7fe54e00097fdda0894e6db4d807cd52d0723e4eb6ddb,0.0,CCTGCCACCACACCCGGCTAATTTTTTGTATTTTTAGTAGAGACGGGGTTTCACCATGTTGGCCAGGCTGGTCTCGAACTCCTAACCTCATGATCCACGCGCCTTGGTTTCCCAAAGTGCTGGGACCACAGGCATGAACCACCGTGCCTGGCCTAAATTTTCTTTTTCTCACTCTGTTGCCCAGGCTGGAGTACAGTGGT,75231ab8f5380e0d0f53308798d4320d6b6a7c3d73f84cd77d672bf986ad4eb0,0.398306764054691,CCTGCCACCACACCCGGCTAATTTTTTGTATTTTTAGTAGAGACGGGGTTTCACCATGTTGGCCAGGCTGGTCTCGAACTCCTAACCTCATGATCCACGGGCCTTGGTTTCCCAAAGTGCTGGGACTACAGGCATGAACCACCGTGCCTGGCCTAAATTTTCTTTTTCTCACTCTGTTGCCCAGGCTGGAGTACAGTGGT,51287beb3072ac2304b7c6dd040a1b40d4c4721745051669cfe433ae92bbb6e3,-0.0236668267154505,CCTGCCACCACACCCGGCTAATTTTTTGTATTTTTAGTAGAGACGGGGTTTCACCATGTTGGCCAGGCTGGTCTCGAACTCCTAACCTCATGATCCACGCGCCTTGGTTTCCCAAAGTGCTGGGACTACAGGCATGAACCACCGTGCCTGGCCTAAATTTTCTTTTTCTCACTCTGTTGCCCAGGCTGGAGTACAGTGGT,8c62aa902f0bda237092a7cf1d44b00ae36ea5be2fea10d78adf36e54d70c63b,0.180128245954567,-0.1945116913846735,0.213895314051905,-77.1105786561966,-77.08348747109994,-74.32049543224275,-74.1731254872866,0.12027875985950232,-1.0,0.1945116913846735,0.0,2,0.17536960396917542,0.17490732828716207,0.146091925319964,0.20192579817011114,1.0
chr17:2729980:C:T;chr17:2730030:G:T;var1;middle;OL27|K562|2258c3456d8e9003,chr17:2729980:C:T;chr17:2730030:G:T;var1;middle;OL27,K562,K562_region_00842,100,150,50,CTTGCTGTGCTCCTGAGGAGGGGTGGGGCCTGAATGTCCTCTTGGCTGGGGTTGGAGGGGAGGGCCAGGCTAGGGTCCTAAGAAGGTGAATCCTGAGCCCAGGCATCTAGCCCACGTGCAGCATGAAAGGAGGATTTCCGGCCGGGCGCGGTGGCTCACGCCTGTAATCCCAACACTTTGGGAGGCTGAGGCGGGCGGAT,422c043590f9f89d9c2776d141cb88cfa2208a5b337f459910873c3056f998bb,0.0,CTTGCTGTGCTCCTGAGGAGGGGTGGGGCCTGAATGTCCTCTTGGCTGGGGTTGGAGGGGAGGGCCAGGCTAGGGTCCTAAGAAGGTGAATCCTGAGCCTAGGCATCTAGCCCACGTGCAGCATGAAAGGAGGATTTCCGGCCGGGCGCGGTGGCTCACGCCTGTAATCCCAACACTTTGGGAGGCTGAGGCGGGCGGAT,0a813d9c570bda610a4190b378ac4d1dd9d958dcae1fdd6cd14d157f3aac476b,0.557374141936701,CTTGCTGTGCTCCTGAGGAGGGGTGGGGCCTGAATGTCCTCTTGGCTGGGGTTGGAGGGGAGGGCCAGGCTAGGGTCCTAAGAAGGTGAATCCTGAGCCCAGGCATCTAGCCCACGTGCAGCATGAAAGGAGGATTTCCGGCCGGGCGCTGTGGCTCACGCCTGTAATCCCAACACTTTGGGAGGCTGAGGCGGGCGGAT,95027c2e644247b17b301879431a61b511db12a5bf8ebcd30a8119e548320870,0.123931655819184,CTTGCTGTGCTCCTGAGGAGGGGTGGGGCCTGAATGTCCTCTTGGCTGGGGTTGGAGGGGAGGGCCAGGCTAGGGTCCTAAGAAGGTGAATCCTGAGCCTAGGCATCTAGCCCACGTGCAGCATGAAAGGAGGATTTCCGGCCGGGCGCTGTGGCTCACGCCTGTAATCCCAACACTTTGGGAGGCTGAGGCGGGCGGAT,2258c3456d8e900392ebb3a0c1841a856760ffa0769c9b6f1bda0dc1300f3850,0.348725941353387,0.3325798564024979,0.0854015607293007,-192.9635569057428,-189.28488639416173,-198.6460721627809,-199.74017961183563,4.7727779606357785,1.0,0.3325798564024979,0.0,1,0.1872211742585327,0.18216460459877223,0.1501433469024087,0.12619572172745394,1.0
chr17:27410544:G:A;chr17:27410546:G:A;var1;middle;OL41|K562|be1a74aea6f057f5,chr17:27410544:G:A;chr17:27410546:G:A;var1;middle;OL41,K562,K562_region_00885,100,102,2,TTTCTCCTCGATATAAATTTCCTTTCCTCTGTGTCAAGAGGAATGGCTCCATTCCTGAATTATGTTCTTAAATAAACAGCCACACAGGCATGTGTGCGCGCGCGCGCACACACACACACACACACACACACACGAAACCAGCAGATTGTTCTGGGGACCATGCGAGAGCCCAACTCATAGAGAGGGGAATAAAGAGGCAT,3194e65272b60bb09c5ebb9ef36e41ff96ada0cd9794e92ae5dee8e2e74505ca,0.0,TTTCTCCTCGATATAAATTTCCTTTCCTCTGTGTCAAGAGGAATGGCTCCATTCCTGAATTATGTTCTTAAATAAACAGCCACACAGGCATGTGTGCGCACGCGCGCACACACACACACACACACACACACACGAAACCAGCAGATTGTTCTGGGGACCATGCGAGAGCCCAACTCATAGAGAGGGGAATAAAGAGGCAT,42a378365f3b08167fead20c20fbf0ade6c875a165b2572ca9b395818dc621ad,1.29563301748225,TTTCTCCTCGATATAAATTTCCTTTCCTCTGTGTCAAGAGGAATGGCTCCATTCCTGAATTATGTTCTTAAATAAACAGCCACACAGGCATGTGTGCGCGCACGCGCACACACACACACACACACACACACACGAAACCAGCAGATTGTTCTGGGGACCATGCGAGAGCCCAACTCATAGAGAGGGGAATAAAGAGGCAT,d4b5ed87999651b95caac7f470d68dfcfb3dff960d8dcda480a2d248d0cd12c2,0.85354329063121,TTTCTCCTCGATATAAATTTCCTTTCCTCTGTGTCAAGAGGAATGGCTCCATTCCTGAATTATGTTCTTAAATAAACAGCCACACAGGCATGTGTGCGCACACGCGCACACACACACACACACACACACACACGAAACCAGCAGATTGTTCTGGGGACCATGCGAGAGCCCAACTCATAGAGAGGGGAATAAAGAGGCAT,be1a74aea6f057f5237f90c1970000598487e8356820b2cc4cbdd34ba9e93f9c,-1.10158851617792,3.25076482429138,0.201703871029319,-336.3797592453193,-333.8839670433663,-318.32102894666605,-319.1273861168884,3.302149372175336,1.0,3.25076482429138,0.0,4,0.18029204758386191,0.17620727786206916,0.145609630836647,0.24097619800503772,1.0
chr17:27410544:G:A;chr17:27410548:G:A;var1;middle;OL41|K562|c596ac2ac201ddb7,chr17:27410544:G:A;chr17:27410548:G:A;var1;middle;OL41,K562,K562_region_00885,100,104,4,TTTCTCCTCGATATAAATTTCCTTTCCTCTGTGTCAAGAGGAATGGCTCCATTCCTGAATTATGTTCTTAAATAAACAGCCACACAGGCATGTGTGCGCGCGCGCGCACACACACACACACACACACACACACGAAACCAGCAGATTGTTCTGGGGACCATGCGAGAGCCCAACTCATAGAGAGGGGAATAAAGAGGCAT,3194e65272b60bb09c5ebb9ef36e41ff96ada0cd9794e92ae5dee8e2e74505ca,0.0,TTTCTCCTCGATATAAATTTCCTTTCCTCTGTGTCAAGAGGAATGGCTCCATTCCTGAATTATGTTCTTAAATAAACAGCCACACAGGCATGTGTGCGCACGCGCGCACACACACACACACACACACACACACGAAACCAGCAGATTGTTCTGGGGACCATGCGAGAGCCCAACTCATAGAGAGGGGAATAAAGAGGCAT,42a378365f3b08167fead20c20fbf0ade6c875a165b2572ca9b395818dc621ad,1.29564265522587,TTTCTCCTCGATATAAATTTCCTTTCCTCTGTGTCAAGAGGAATGGCTCCATTCCTGAATTATGTTCTTAAATAAACAGCCACACAGGCATGTGTGCGCGCGCACGCACACACACACACACACACACACACACGAAACCAGCAGATTGTTCTGGGGACCATGCGAGAGCCCAACTCATAGAGAGGGGAATAAAGAGGCAT,e98cae956e616c02ed6a3afa7c5fbafd98cd55bad75f3c21bc1dd4c341188ace,0.214773391930742,TTTCTCCTCGATATAAATTTCCTTTCCTCTGTGTCAAGAGGAATGGCTCCATTCCTGAATTATGTTCTTAAATAAACAGCCACACAGGCATGTGTGCGCACGCACGCACACACACACACACACACACACACACGAAACCAGCAGATTGTTCTGGGGACCATGCGAGAGCCCAACTCATAGAGAGGGGAATAAAGAGGCAT,c596ac2ac201ddb774c46ef2eda3e1334d661f6393b6899108d50db0f560f894,-0.616277674426487,2.126693721583099,0.229845954546859,-336.3797592453193,-333.8839670433663,-330.4305988312699,-326.75013612618204,-1.1846705031348392,1.0,2.126693721583099,0.0,4,0.17473103224770856,0.17620727786206916,0.145609630836647,0.2750610014185146,1.0
chr17:27410546:G:A;chr17:27410548:G:A;var1;middle;OL41|K562|0ddcf263fa6b4442,chr17:27410546:G:A;chr17:27410548:G:A;var1;middle;OL41,K562,K562_region_00885,100,102,2,TCTCCTCGATATAAATTTCCTTTCCTCTGTGTCAAGAGGAATGGCTCCATTCCTGAATTATGTTCTTAAATAAACAGCCACACAGGCATGTGTGCGCGCGCGCGCACACACACACACACACACACACACACGAAACCAGCAGATTGTTCTGGGGACCATGCGAGAGCCCAACTCATAGAGAGGGGAATAAAGAGGCATGT,1dd8b038dc082c71a9bbea414216ffe43392d6ac516623b45b0cf4a84eed002d,0.0,TCTCCTCGATATAAATTTCCTTTCCTCTGTGTCAAGAGGAATGGCTCCATTCCTGAATTATGTTCTTAAATAAACAGCCACACAGGCATGTGTGCGCGCACGCGCACACACACACACACACACACACACACGAAACCAGCAGATTGTTCTGGGGACCATGCGAGAGCCCAACTCATAGAGAGGGGAATAAAGAGGCATGT,10fad81de22a478d5190265529bd4372f25d8053a4b2ef7b0d842dcb0037bb74,0.583290793178167,TCTCCTCGATATAAATTTCCTTTCCTCTGTGTCAAGAGGAATGGCTCCATTCCTGAATTATGTTCTTAAATAAACAGCCACACAGGCATGTGTGCGCGCGCACGCACACACACACACACACACACACACACGAAACCAGCAGATTGTTCTGGGGACCATGCGAGAGCCCAACTCATAGAGAGGGGAATAAAGAGGCATGT,499b662a85080eb028cb502932d0ef85b7009854b1e31cb3ed0d1bdad8665b19,-0.21272621752278,TCTCCTCGATATAAATTTCCTTTCCTCTGTGTCAAGAGGAATGGCTCCATTCCTGAATTATGTTCTTAAATAAACAGCCACACAGGCATGTGTGCGCGCACACGCACACACACACACACACACACACACACGAAACCAGCAGATTGTTCTGGGGACCATGCGAGAGCCCAACTCATAGAGAGGGGAATAAAGAGGCATGT,0ddcf263fa6b444207ccf02d86f1f043d03ce4f32f45c8966e1c7c863f93d886,-0.945426237680016,1.315990813335403,0.275302512474784,-314.3200773888966,-299.63229570235126,-308.49891838943586,-295.5573186369147,1.7461819340242073,1.0,1.315990813335403,0.0,4,0.1783635639302774,0.17620727786206916,0.145609630836647,0.2867127192101911,1.0
chr17:28534469:A:G;chr17:28534531:G:C;var1;middle;OL30|K562|aed2a3b7ef3cc4ba,chr17:28534469:A:G;chr17:28534531:G:C;var1;middle;OL30,K562,K562_region_00886,100,162,62,TATATTAATACTTTTCTGTATATGTTATTCTTCAATACTATTTATTTCTTTTCTGAAATAGAGTCTCACTTTGTCACCCAGGCTGGAGTGCAGTGGCGCAATTTCAGCTCACTGCAACCTCCGCCTCCTGGGTTCAAGCCATTCTCCTGCCTCAGCTTCCTGAGTAGCTGGGATTACAGGTGCCCATCACCACACCCGGC,a2c9053bf9be7821c13da56ce29f80abb3e220bcd6bccf0d50b09a5cfc1d80ce,0.0,TATATTAATACTTTTCTGTATATGTTATTCTTCAATACTATTTATTTCTTTTCTGAAATAGAGTCTCACTTTGTCACCCAGGCTGGAGTGCAGTGGCGCGATTTCAGCTCACTGCAACCTCCGCCTCCTGGGTTCAAGCCATTCTCCTGCCTCAGCTTCCTGAGTAGCTGGGATTACAGGTGCCCATCACCACACCCGGC,a100f87f1b4b5820fb43359853e50fd708732007b1082b7c55e312b1095e0af6,-0.301745629559646,TATATTAATACTTTTCTGTATATGTTATTCTTCAATACTATTTATTTCTTTTCTGAAATAGAGTCTCACTTTGTCACCCAGGCTGGAGTGCAGTGGCGCAATTTCAGCTCACTGCAACCTCCGCCTCCTGGGTTCAAGCCATTCTCCTGCCTCAGCTTCCTCAGTAGCTGGGATTACAGGTGCCCATCACCACACCCGGC,efefde6d6859c1bb9919034843b65807c74abd63acac512595a4fc26b41797ee,-0.263353914145526,TATATTAATACTTTTCTGTATATGTTATTCTTCAATACTATTTATTTCTTTTCTGAAATAGAGTCTCACTTTGTCACCCAGGCTGGAGTGCAGTGGCGCGATTTCAGCTCACTGCAACCTCCGCCTCCTGGGTTCAAGCCATTCTCCTGCCTCAGCTTCCTCAGTAGCTGGGATTACAGGTGCCCATCACCACACCCGGC,aed2a3b7ef3cc4ba91762701a3b14f9da0c0332b39a143c4c2833dd5a4242f21,-0.259982374929165,0.305117168776007,0.181615315589987,-112.5301234247163,-116.73120240867138,-117.91174967214464,-121.91543509904297,0.19739355705677042,-1.0,-0.305117168776007,0.0,3,0.18187058295066239,0.18106719778262317,0.1474303780702046,0.20581520808483472,1.0
chr17:29743551:C:T;chr17:29743600:C:G;var1;middle;OL41|K562|24d5caaee6147214,chr17:29743551:C:T;chr17:29743600:C:G;var1;middle;OL41,K562,K562_region_00887,100,149,49,CTCAGGCCGGTGTTGCTGAAGTTCTTGCCTGGCTCCCTTCCCATCCTGGCCTCAGAATTAATGGAGAGGGCCAGTGGCGGCCTGTGCCCTTTGTCCCACCGGCCGGCCTGGGGGTGGCGGCTCCAGAATACAGGGTCCTATTGTGTGCCCTGATGTCAGGCAGCTGGACTGCTGGGAGTGAGGATAAACAAGCAGCTGGA,e51a4b9e3a26366f70bb856ff5174c9a7f8f1a590a3eed767372aca7581b0905,0.0,CTCAGGCCGGTGTTGCTGAAGTTCTTGCCTGGCTCCCTTCCCATCCTGGCCTCAGAATTAATGGAGAGGGCCAGTGGCGGCCTGTGCCCTTTGTCCCACTGGCCGGCCTGGGGGTGGCGGCTCCAGAATACAGGGTCCTATTGTGTGCCCTGATGTCAGGCAGCTGGACTGCTGGGAGTGAGGATAAACAAGCAGCTGGA,918a6921a79e9e5a8dc018c7a3e92638de5a505e32822e26cae42b21b850532f,0.209005676059595,CTCAGGCCGGTGTTGCTGAAGTTCTTGCCTGGCTCCCTTCCCATCCTGGCCTCAGAATTAATGGAGAGGGCCAGTGGCGGCCTGTGCCCTTTGTCCCACCGGCCGGCCTGGGGGTGGCGGCTCCAGAATACAGGGTCCTATTGTGTGCGCTGATGTCAGGCAGCTGGACTGCTGGGAGTGAGGATAAACAAGCAGCTGGA,73924090f9a3619c1df14453b7006a06f02c9d4a1412ad13772a9e2f9f09cf3d,0.585174507798172,CTCAGGCCGGTGTTGCTGAAGTTCTTGCCTGGCTCCCTTCCCATCCTGGCCTCAGAATTAATGGAGAGGGCCAGTGGCGGCCTGTGCCCTTTGTCCCACTGGCCGGCCTGGGGGTGGCGGCTCCAGAATACAGGGTCCTATTGTGTGCGCTGATGTCAGGCAGCTGGACTGCTGGGAGTGAGGATAAACAAGCAGCTGGA,24d5caaee61472144350015d4f57e61a6a5c5b2ea87ccc9cb4c5e2aa9d915345,0.64555989397219,0.1486202898855769,0.377870811840955,-312.8780260642525,-312.3600063204067,-322.3788412027061,-315.1738559152,-6.686965543660278,1.0,0.1486202898855769,0.0,2,0.16545770588517175,0.17490732828716207,0.146091925319964,0.2798077929401436,1.0
chr17:33382734:C:T;chr17:33382801:T:A;var1;middle;OL41|K562|e1560a4bb6cfd7f3,chr17:33382734:C:T;chr17:33382801:T:A;var1;middle;OL41,K562,K562_region_00888,100,167,67,AGCCGAGATCATGCCATTGCACTCCAGCCTGGGCCACAAGAGCAAAACTCCATCTCAAAAAAAAACAAACAAACAAACAAACAAAAAAAAAACATTAATCAGGCTGGATTTTGACACATTTCCTTGTAACTGAAAGTCACACAGCGCTAGATACTGACCATTTGCATCCCTATTGTTTCTAAAGATAGTATCTCTGACAT,3f569d409564650abda4db3c4fa85116549ef197dad296b86e83a45566ea26ea,0.0,AGCCGAGATCATGCCATTGCACTCCAGCCTGGGCCACAAGAGCAAAACTCCATCTCAAAAAAAAACAAACAAACAAACAAACAAAAAAAAAACATTAATTAGGCTGGATTTTGACACATTTCCTTGTAACTGAAAGTCACACAGCGCTAGATACTGACCATTTGCATCCCTATTGTTTCTAAAGATAGTATCTCTGACAT,f5649953ae7942cf85504a8a315270ca65449ffe509d2de67d93d74dfec21a5d,-0.0326108008699325,AGCCGAGATCATGCCATTGCACTCCAGCCTGGGCCACAAGAGCAAAACTCCATCTCAAAAAAAAACAAACAAACAAACAAACAAAAAAAAAACATTAATCAGGCTGGATTTTGACACATTTCCTTGTAACTGAAAGTCACACAGCGCTAGATACTGACCATTTGCAACCCTATTGTTTCTAAAGATAGTATCTCTGACAT,cf748e7a7663fa1fa72b5b2ccf252449c567033ad4edf2c63f8d69223e83959f,0.369972223676397,AGCCGAGATCATGCCATTGCACTCCAGCCTGGGCCACAAGAGCAAAACTCCATCTCAAAAAAAAACAAACAAACAAACAAACAAAAAAAAAACATTAATTAGGCTGGATTTTGACACATTTCCTTGTAACTGAAAGTCACACAGCGCTAGATACTGACCATTTGCAACCCTATTGTTTCTAAAGATAGTATCTCTGACAT,e1560a4bb6cfd7f39c660576a7609cb3a7a322acb31830f31a00b593c770b140,0.266332499030549,-0.0710289237759154,0.20779098430328,-217.3096857517376,-217.26742533268407,-219.4823728716001,-221.89749244914856,-2.4573799966019862,-1.0,0.0710289237759154,0.0,4,0.17315362169673354,0.17620727786206916,0.145609630836647,0.28728793967644595,1.0
chr17:33760128:G:C;chr17:33760211:C:T;var1;middle;OL41|K562|39de926c85f1b504,chr17:33760128:G:C;chr17:33760211:C:T;var1;middle;OL41,K562,K562_region_00889,100,183,83,GCTCTGAGTGATCTCTAGGGAGCTCTCGTTTCTTTTTCACCCATGTGTATTTTTTAAGACAAAAAGAAAAAAGGTAATTTAAAGAAAACAAAGAACAAAGGAACTTGGCGAGGCCCAGGCTACAGTCCGCGGGCTCACTCTCCACAGAGTAAAAAGAACGCGAATCCTTTTCTGTTTTCCGGCCCTCCCCATCCTGGGCT,3c880ef2300d2737e5ef44b702d605c1f77fd344fff3b08e68b6a567c57ca322,0.0,GCTCTGAGTGATCTCTAGGGAGCTCTCGTTTCTTTTTCACCCATGTGTATTTTTTAAGACAAAAAGAAAAAAGGTAATTTAAAGAAAACAAAGAACAAACGAACTTGGCGAGGCCCAGGCTACAGTCCGCGGGCTCACTCTCCACAGAGTAAAAAGAACGCGAATCCTTTTCTGTTTTCCGGCCCTCCCCATCCTGGGCT,319301dcc3a838929c69ccc41661b791e77ea8fa9668cbd3e46d46d86a2a023c,-0.240886413478346,GCTCTGAGTGATCTCTAGGGAGCTCTCGTTTCTTTTTCACCCATGTGTATTTTTTAAGACAAAAAGAAAAAAGGTAATTTAAAGAAAACAAAGAACAAAGGAACTTGGCGAGGCCCAGGCTACAGTCCGCGGGCTCACTCTCCACAGAGTAAAAAGAACGCGAATCCTTTTCTGTTTTCCGGTCCTCCCCATCCTGGGCT,8b74844b5c41d31ee0f7e92fd2a5979cd2ea094c82e0c2d350c7369fe6b04bf5,-0.428055475919523,GCTCTGAGTGATCTCTAGGGAGCTCTCGTTTCTTTTTCACCCATGTGTATTTTTTAAGACAAAAAGAAAAAAGGTAATTTAAAGAAAACAAAGAACAAACGAACTTGGCGAGGCCCAGGCTACAGTCCGCGGGCTCACTCTCCACAGAGTAAAAAGAACGCGAATCCTTTTCTGTTTTCCGGTCCTCCCCATCCTGGGCT,39de926c85f1b504fca16ed807c9ce5d8a59c7d2fa910949477ea19a393bf413,-0.317906111933368,0.3510357774645009,0.336043418486835,-320.4112634547055,-323.4560753945261,-322.171644680202,-325.77813886199147,-0.5616822419688106,-1.0,-0.3510357774645009,0.0,4,0.1755031709496992,0.17620727786206916,0.145609630836647,0.04070801438762314,1.0
chr17:3433543:A:G;chr17:3433549:A:C;var1;middle;OL41|K562|082855b181149146,chr17:3433543:A:G;chr17:3433549:A:C;var1;middle;OL41,K562,K562_region_00843,100,106,6,CAGGCTCCGGAGCCGCTTCTCCTTGATCTCACGACTGAGGATGTACTTCAGGATCTGGGACAGGAGGAGGAACAACCATCAGCTGCAGAACAGGGGCTTAAGGCCAACAGGGCTGGACCAGCCAGAGGCTGGCTGGGCCCAGGGGATACACCCGCCCAGAATGGGTGGAGACCTGCCTCTGCGCCTGGCGCCATGGCCCC,b34fa18f7852501ad0d912dbdcc533c78c6191f6f4c1a25a58c0afbd39fd9b92,0.0,CAGGCTCCGGAGCCGCTTCTCCTTGATCTCACGACTGAGGATGTACTTCAGGATCTGGGACAGGAGGAGGAACAACCATCAGCTGCAGAACAGGGGCTTGAGGCCAACAGGGCTGGACCAGCCAGAGGCTGGCTGGGCCCAGGGGATACACCCGCCCAGAATGGGTGGAGACCTGCCTCTGCGCCTGGCGCCATGGCCCC,664a5c0c37389a1c288f2366ea0a769d3e722ad1b78a2225653473e72f6f7ffd,-0.175941859041123,CAGGCTCCGGAGCCGCTTCTCCTTGATCTCACGACTGAGGATGTACTTCAGGATCTGGGACAGGAGGAGGAACAACCATCAGCTGCAGAACAGGGGCTTAAGGCCCACAGGGCTGGACCAGCCAGAGGCTGGCTGGGCCCAGGGGATACACCCGCCCAGAATGGGTGGAGACCTGCCTCTGCGCCTGGCGCCATGGCCCC,f98d0d214eebc66897c37061c919a52dc9bb63b39fedeba00b4eb5e57c41404a,-0.215296330128275,CAGGCTCCGGAGCCGCTTCTCCTTGATCTCACGACTGAGGATGTACTTCAGGATCTGGGACAGGAGGAGGAACAACCATCAGCTGCAGAACAGGGGCTTGAGGCCCACAGGGCTGGACCAGCCAGAGGCTGGCTGGGCCCAGGGGATACACCCGCCCAGAATGGGTGGAGACCTGCCTCTGCGCCTGGCGCCATGGCCCC,082855b1811491464e971543798c4556833b4b8f46a46243feda9f044049bdd0,-0.518923088736666,0.127684899567268,0.345733187682611,-284.21342556457967,-286.9482348184101,-280.6972681800835,-283.06234797649086,-0.36972945742309093,1.0,0.127684899567268,0.0,4,0.17574107940342384,0.17620727786206916,0.145609630836647,0.2161687518366332,1.0
chr17:3433543:A:G;chr17:3433595:C:T;var1;middle;OL41|K562|e5c20e06edfbf81c,chr17:3433543:A:G;chr17:3433595:C:T;var1;middle;OL41,K562,K562_region_00843,100,152,52,CAGGCTCCGGAGCCGCTTCTCCTTGATCTCACGACTGAGGATGTACTTCAGGATCTGGGACAGGAGGAGGAACAACCATCAGCTGCAGAACAGGGGCTTAAGGCCAACAGGGCTGGACCAGCCAGAGGCTGGCTGGGCCCAGGGGATACACCCGCCCAGAATGGGTGGAGACCTGCCTCTGCGCCTGGCGCCATGGCCCC,b34fa18f7852501ad0d912dbdcc533c78c6191f6f4c1a25a58c0afbd39fd9b92,0.0,CAGGCTCCGGAGCCGCTTCTCCTTGATCTCACGACTGAGGATGTACTTCAGGATCTGGGACAGGAGGAGGAACAACCATCAGCTGCAGAACAGGGGCTTGAGGCCAACAGGGCTGGACCAGCCAGAGGCTGGCTGGGCCCAGGGGATACACCCGCCCAGAATGGGTGGAGACCTGCCTCTGCGCCTGGCGCCATGGCCCC,664a5c0c37389a1c288f2366ea0a769d3e722ad1b78a2225653473e72f6f7ffd,-0.176368669569385,CAGGCTCCGGAGCCGCTTCTCCTTGATCTCACGACTGAGGATGTACTTCAGGATCTGGGACAGGAGGAGGAACAACCATCAGCTGCAGAACAGGGGCTTAAGGCCAACAGGGCTGGACCAGCCAGAGGCTGGCTGGGCCCAGGGGATACACTCGCCCAGAATGGGTGGAGACCTGCCTCTGCGCCTGGCGCCATGGCCCC,6df2817f4d693659aa5c6aa0c0d75b8ba97ad01f934a52033783d6c8532df495,-2.22060108188285,CAGGCTCCGGAGCCGCTTCTCCTTGATCTCACGACTGAGGATGTACTTCAGGATCTGGGACAGGAGGAGGAACAACCATCAGCTGCAGAACAGGGGCTTGAGGCCAACAGGGCTGGACCAGCCAGAGGCTGGCTGGGCCCAGGGGATACACTCGCCCAGAATGGGTGGAGACCTGCCTCTGCGCCTGGCGCCATGGCCCC,e5c20e06edfbf81c9d5accc1d87d91ec616ea2ded09d645fba65438742fe6d2f,-2.21813318326822,0.1788365681840149,0.388347976120993,-284.21342556457967,-286.9482348184101,-295.6535200923681,-299.79347506165504,-1.405145715456456,-1.0,-0.1788365681840149,0.0,4,0.17445777277417612,0.17620727786206916,0.145609630836647,0.24757198913310316,1.0
chr17:3435062:A:G;chr17:3435139:C:A;var1;middle;OL41|K562|e61d31f7ecc179b7,chr17:3435062:A:G;chr17:3435139:C:A;var1;middle;OL41,K562,K562_region_00844,100,177,77,CTTGGAGAAGGCTCCTTCTGCAACCACAAGCTGACTCTTCAAAGCCCCAGCAAGCTGTGACCCTGAGGGTAGGCAGGAGCTGCGGGGAGGCAGACACACAATTCCTCCTCTGTTGAAGCCGTTCTCCATCTCCTCCTCCCCCACGGGAGAATCAAAAGGCCCCTTGTGGGTCCCAGCCCTGACCACTTGGGACAGGACCA,76cda0bf8d1a09b06f93fc2ef4f2f74a8b2ea539ab7b4138021062fecd86ca53,0.0,CTTGGAGAAGGCTCCTTCTGCAACCACAAGCTGACTCTTCAAAGCCCCAGCAAGCTGTGACCCTGAGGGTAGGCAGGAGCTGCGGGGAGGCAGACACACGATTCCTCCTCTGTTGAAGCCGTTCTCCATCTCCTCCTCCCCCACGGGAGAATCAAAAGGCCCCTTGTGGGTCCCAGCCCTGACCACTTGGGACAGGACCA,183871999de0001b84a3e4f3bc85d7db86d3b12b88690d4f1342075fc2308822,0.367648394470372,CTTGGAGAAGGCTCCTTCTGCAACCACAAGCTGACTCTTCAAAGCCCCAGCAAGCTGTGACCCTGAGGGTAGGCAGGAGCTGCGGGGAGGCAGACACACAATTCCTCCTCTGTTGAAGCCGTTCTCCATCTCCTCCTCCCCCACGGGAGAATCAAAAGGCCCCTTGTGGGTCCCAGACCTGACCACTTGGGACAGGACCA,ef39da9ef355519fdbbbe4d27fa5124e769a3d168a1105b6ce6fe0e7484bf01b,0.671248869548293,CTTGGAGAAGGCTCCTTCTGCAACCACAAGCTGACTCTTCAAAGCCCCAGCAAGCTGTGACCCTGAGGGTAGGCAGGAGCTGCGGGGAGGCAGACACACGATTCCTCCTCTGTTGAAGCCGTTCTCCATCTCCTCCTCCCCCACGGGAGAATCAAAAGGCCCCTTGTGGGTCCCAGACCTGACCACTTGGGACAGGACCA,e61d31f7ecc179b7459c96901aaf7b1f2ef3cd001d88aac5d9b57aa97a74a8ff,0.0388636090306789,1.0000336549879862,0.484587514259799,-280.58177443034947,-281.4850176647305,-349.9952029660344,-362.1496680118144,11.25122181139892,1.0,1.0000336549879862,0.0,2,0.1915771570092008,0.17490732828716207,0.146091925319964,0.19592519662888983,1.0
chr17:34527815:T:C;chr17:34527904:A:G;var1;middle;OL41|K562|d1ea087df4596b5a,chr17:34527815:T:C;chr17:34527904:A:G;var1;middle;OL41,K562,K562_region_00890,100,189,89,GCAGGTGGAATTGGTCAGTTTTATATTCCACTGTCTGTGTTAGTTACCAGTGTATCTCCAGTGATAACCACAATGCCTGACATATAGTGAAGCTTAATATCTATTTGATGAATAAATAAATCACTGATTTGACTAACAATATGTGTTATGCCTGAACTCTCACTATGGAGTTGAAATACTAATGGGAAAGGTAGGATAAG,0dde34e0842477f57317bbf8408ae3f83ea3aacce82e156bb810aa60d6d3d994,0.0,GCAGGTGGAATTGGTCAGTTTTATATTCCACTGTCTGTGTTAGTTACCAGTGTATCTCCAGTGATAACCACAATGCCTGACATATAGTGAAGCTTAATACCTATTTGATGAATAAATAAATCACTGATTTGACTAACAATATGTGTTATGCCTGAACTCTCACTATGGAGTTGAAATACTAATGGGAAAGGTAGGATAAG,754fd384327f9ce0bdeb5e51a888856ea96148fabbcf22e9b20e75214b6b57ae,0.0746221423479438,GCAGGTGGAATTGGTCAGTTTTATATTCCACTGTCTGTGTTAGTTACCAGTGTATCTCCAGTGATAACCACAATGCCTGACATATAGTGAAGCTTAATATCTATTTGATGAATAAATAAATCACTGATTTGACTAACAATATGTGTTATGCCTGAACTCTCACTATGGAGTTGAAATACTAATGGGAAGGGTAGGATAAG,a8f5b540e042e4b647875e4fdfbfd87e08077344d22367392c760dda3f6245e1,0.124108506934236,GCAGGTGGAATTGGTCAGTTTTATATTCCACTGTCTGTGTTAGTTACCAGTGTATCTCCAGTGATAACCACAATGCCTGACATATAGTGAAGCTTAATACCTATTTGATGAATAAATAAATCACTGATTTGACTAACAATATGTGTTATGCCTGAACTCTCACTATGGAGTTGAAATACTAATGGGAAGGGTAGGATAAG,d1ea087df4596b5afab8647bee8b14acf896e55b56bcea382e8f06b7c1be674d,0.259567817594534,-0.0608371683123541,0.295431979966355,-222.6641641370952,-222.8145741149783,-222.5235557630658,-222.71054881811145,0.03658307716253262,1.0,-0.0608371683123541,0.0,4,0.17624466775751302,0.17620727786206916,0.145609630836647,0.19677531001331727,1.0
chr17:34819191:C:T;chr17:34819251:C:G;var1;middle;OL41|K562|42af69fbd8db1662,chr17:34819191:C:T;chr17:34819251:C:G;var1;middle;OL41,K562,K562_region_00891,100,160,60,AGAGACCAGGACACGACATTTGTATCTACCAAATGAGTGCTGGCAGCTAGCTCTGCTCCCCTGGAACATCCTCTCAAAACCCTTTTGCCTTGACTATTACCTCATCTCTCTCCTGGCCTGCACTGATCCTTGGCCGACTCTAAGAAGTCACCCGTGGGGCCCTGGGGCAAGACAGGTCATGGTTCTGGGCACCAGCACTG,158850f94accef5437481095775e9969595080b95cc6fbc18237e533ee7acaee,0.0,AGAGACCAGGACACGACATTTGTATCTACCAAATGAGTGCTGGCAGCTAGCTCTGCTCCCCTGGAACATCCTCTCAAAACCCTTTTGCCTTGACTATTATCTCATCTCTCTCCTGGCCTGCACTGATCCTTGGCCGACTCTAAGAAGTCACCCGTGGGGCCCTGGGGCAAGACAGGTCATGGTTCTGGGCACCAGCACTG,74d080ce5234a85826f06bce0d23cfc1161846e481e3455cd804bee5a06a5dd4,0.53521703118805,AGAGACCAGGACACGACATTTGTATCTACCAAATGAGTGCTGGCAGCTAGCTCTGCTCCCCTGGAACATCCTCTCAAAACCCTTTTGCCTTGACTATTACCTCATCTCTCTCCTGGCCTGCACTGATCCTTGGCCGACTCTAAGAAGTCACCCGTGGGGGCCTGGGGCAAGACAGGTCATGGTTCTGGGCACCAGCACTG,53c4400cc8e51699b98f22c1f543974381af420c920c618fdcde38deb837b145,0.69848591401423,AGAGACCAGGACACGACATTTGTATCTACCAAATGAGTGCTGGCAGCTAGCTCTGCTCCCCTGGAACATCCTCTCAAAACCCTTTTGCCTTGACTATTATCTCATCTCTCTCCTGGCCTGCACTGATCCTTGGCCGACTCTAAGAAGTCACCCGTGGGGGCCTGGGGCAAGACAGGTCATGGTTCTGGGCACCAGCACTG,42af69fbd8db166220047587a2c006636957f55c74bae7fdd7adbb7cd8eec338,0.850863093547041,0.382839851655239,0.450761099620423,-301.4599484032952,-294.06977780908346,-299.46551439911127,-288.8004359677434,-3.2749078371561495,1.0,0.382839851655239,0.0,1,0.1790331378704001,0.18216460459877223,0.1501433469024087,0.25184092306085315,1.0
chr17:34841617:G:T;chr17:34841669:C:A;var1;middle;OL41|K562|bf3e78c5fe44acab,chr17:34841617:G:T;chr17:34841669:C:A;var1;middle;OL41,K562,K562_region_00892,100,152,52,AGGGCCCAGTGCAGGTAGGATGGGAGCTAAGGTAAGGCTGGGCCATGCCTAGCTGCAAGCAAATTTCCTTAAAAAACAAACAACAAAAAACATTACTTTGTCTAAACCTAAAGTTTGTGGTGGCATTCAAGTCCCATCATAGCCCATCTATCCAGACTCATCTGCCTGGGATCCCCGTCTTGGGACTAGTGGTCACTGGC,2cd9ac05894249d0286a44f11b33c193192792b92530f6e59573ddab58151fd0,0.0,AGGGCCCAGTGCAGGTAGGATGGGAGCTAAGGTAAGGCTGGGCCATGCCTAGCTGCAAGCAAATTTCCTTAAAAAACAAACAACAAAAAACATTACTTTTTCTAAACCTAAAGTTTGTGGTGGCATTCAAGTCCCATCATAGCCCATCTATCCAGACTCATCTGCCTGGGATCCCCGTCTTGGGACTAGTGGTCACTGGC,d6435cc8ae3a1787c7bac0b98dc172ee146f12df81ac1704684c000f3a605b12,-0.082726319344411,AGGGCCCAGTGCAGGTAGGATGGGAGCTAAGGTAAGGCTGGGCCATGCCTAGCTGCAAGCAAATTTCCTTAAAAAACAAACAACAAAAAACATTACTTTGTCTAAACCTAAAGTTTGTGGTGGCATTCAAGTCCCATCATAGCCCATCTATACAGACTCATCTGCCTGGGATCCCCGTCTTGGGACTAGTGGTCACTGGC,6d1697818bb01f1f88e72f7ac77f13d8e75f990c2fcb2f4eb5da72b954609f71,-0.220724703812715,AGGGCCCAGTGCAGGTAGGATGGGAGCTAAGGTAAGGCTGGGCCATGCCTAGCTGCAAGCAAATTTCCTTAAAAAACAAACAACAAAAAACATTACTTTTTCTAAACCTAAAGTTTGTGGTGGCATTCAAGTCCCATCATAGCCCATCTATACAGACTCATCTGCCTGGGATCCCCGTCTTGGGACTAGTGGTCACTGGC,bf3e78c5fe44acab8d37e720101f5db554e059831908a89664f2934d9bd0586f,0.0818788447930819,0.3853298679502079,0.262268192447177,-256.15897619351745,-268.28993147984147,-245.64741966687143,-247.0202569197864,10.758118033409062,-1.0,-0.3853298679502079,0.0,1,0.19331089788127437,0.18216460459877223,0.1501433469024087,0.22549091897633905,1.0
chr17:3564716:T:G;chr17:3564779:C:T;var1;middle;OL41|K562|6d72a7b88b14fbd1,chr17:3564716:T:G;chr17:3564779:C:T;var1;middle;OL41,K562,K562_region_00845,100,163,63,TTTGTACTTGAGACCACCTCACACAATCTGTATGGGCCCAACCCTGATCTCAAACCTCCTTCCCTCTGCCCAAAGCTGTCCTTCCTATGGCAGGAGGGGTGGGGGTCCCAGGACGTGCCTCATACATGACTTGAGCTTGTCAGTCCACTGAGTTTCCTTCTACGAGATCAACGCGAGGGGCCTGTATCTTGAATTAAAAC,b645d35cce4b37a43f11dc15976ac5cb569c8ef1d2eda004bd88e3348896c2f5,0.0,TTTGTACTTGAGACCACCTCACACAATCTGTATGGGCCCAACCCTGATCTCAAACCTCCTTCCCTCTGCCCAAAGCTGTCCTTCCTATGGCAGGAGGGGGGGGGGTCCCAGGACGTGCCTCATACATGACTTGAGCTTGTCAGTCCACTGAGTTTCCTTCTACGAGATCAACGCGAGGGGCCTGTATCTTGAATTAAAAC,7dcffd7f93a660fda70f7e7553062febd858dc01b9acb23718c47b5d4ced9571,0.0228297379859852,TTTGTACTTGAGACCACCTCACACAATCTGTATGGGCCCAACCCTGATCTCAAACCTCCTTCCCTCTGCCCAAAGCTGTCCTTCCTATGGCAGGAGGGGTGGGGGTCCCAGGACGTGCCTCATACATGACTTGAGCTTGTCAGTCCACTGAGTTTCCTTCTATGAGATCAACGCGAGGGGCCTGTATCTTGAATTAAAAC,1af8b27c99fb388f0f9ef59b7215c68f2ca13061348e2c17f2587fa1e01b0950,0.0863674169817378,TTTGTACTTGAGACCACCTCACACAATCTGTATGGGCCCAACCCTGATCTCAAACCTCCTTCCCTCTGCCCAAAGCTGTCCTTCCTATGGCAGGAGGGGGGGGGGTCCCAGGACGTGCCTCATACATGACTTGAGCTTGTCAGTCCACTGAGTTTCCTTCTATGAGATCAACGCGAGGGGCCTGTATCTTGAATTAAAAC,6d72a7b88b14fbd1084fff4341877d38ed865661b1bd0ae7e43e2686082a1381,-0.0373783913360069,0.1465755463037299,0.372551572336002,-320.270864806138,-334.11167716700584,-323.81001548981294,-336.7379160271957,-0.9129118234851035,1.0,0.1465755463037299,0.0,3,0.17963422205060411,0.18106719778262317,0.1474303780702046,0.28850656448805223,1.0
chr17:3564779:C:T;chr17:3564815:A:G;var1;middle;OL41|K562|5e33e30390eec800,chr17:3564779:C:T;chr17:3564815:A:G;var1;middle;OL41,K562,K562_region_00845,100,136,36,CTCTGCCCAAAGCTGTCCTTCCTATGGCAGGAGGGGTGGGGGTCCCAGGACGTGCCTCATACATGACTTGAGCTTGTCAGTCCACTGAGTTTCCTTCTACGAGATCAACGCGAGGGGCCTGTATCTTGAATTAAAACCTACTCGCTTCCTTTCTGCACTCTGTGTGCTCGATACAGAAGGCAGGTGTGCTGGCCTTCAGA,265ae50331324dac3246dc87c16bc80c6b967515c655193c05308f671e8a1c64,0.0,CTCTGCCCAAAGCTGTCCTTCCTATGGCAGGAGGGGTGGGGGTCCCAGGACGTGCCTCATACATGACTTGAGCTTGTCAGTCCACTGAGTTTCCTTCTATGAGATCAACGCGAGGGGCCTGTATCTTGAATTAAAACCTACTCGCTTCCTTTCTGCACTCTGTGTGCTCGATACAGAAGGCAGGTGTGCTGGCCTTCAGA,87fca5d144e974e3e2c632c16407d34bb2a24947d8da7f76549e2d0043869af4,-0.305566696397018,CTCTGCCCAAAGCTGTCCTTCCTATGGCAGGAGGGGTGGGGGTCCCAGGACGTGCCTCATACATGACTTGAGCTTGTCAGTCCACTGAGTTTCCTTCTACGAGATCAACGCGAGGGGCCTGTATCTTGAATTAAAGCCTACTCGCTTCCTTTCTGCACTCTGTGTGCTCGATACAGAAGGCAGGTGTGCTGGCCTTCAGA,922261fd299403ccdabeebb3627b68f589245d0c23d856cbe5413bc50f2716f6,0.182298843728259,CTCTGCCCAAAGCTGTCCTTCCTATGGCAGGAGGGGTGGGGGTCCCAGGACGTGCCTCATACATGACTTGAGCTTGTCAGTCCACTGAGTTTCCTTCTATGAGATCAACGCGAGGGGCCTGTATCTTGAATTAAAGCCTACTCGCTTCCTTTCTGCACTCTGTGTGCTCGATACAGAAGGCAGGTGTGCTGGCCTTCAGA,5e33e30390eec8005f8ed5ef9566d5f317c14faae429d10d91f6bfd4466db1a8,0.0650269008564586,0.1882947535252176,0.192483768989104,-341.62212053127587,-347.17776064155623,-345.82873231638223,-349.90251990035176,1.4818525263108313,-1.0,-0.1882947535252176,0.0,3,0.18445772146850606,0.18106719778262317,0.1474303780702046,0.22743152948169496,1.0
chr17:3566209:G:C;chr17:3566213:G:A;var1;middle;OL41|K562|14c142a3733b9997,chr17:3566209:G:C;chr17:3566213:G:A;var1;middle;OL41,K562,K562_region_00846,100,104,4,AAAACCACAGCTCTGGCCCCAATATCCCACCGCCACCCCCACCCCGATATCCCAGCCCATGCCTCAGCAAAGCCCCCTGTGAATTCCAGCATTTTTATTGAGCGCACCACATCGGGGAGGGGCGGCAGTGGTTTCCACGGTAACCAAAGTAAGGCTTGTGCACTTGCTGAGCTTCCAGATGCGAATTAGTAAAAGCTAAA,e1864c9f6cfa2cf4714b5d344c31d618d19c22fe9f7099593777a857ed1b3dd8,0.0,AAAACCACAGCTCTGGCCCCAATATCCCACCGCCACCCCCACCCCGATATCCCAGCCCATGCCTCAGCAAAGCCCCCTGTGAATTCCAGCATTTTTATTCAGCGCACCACATCGGGGAGGGGCGGCAGTGGTTTCCACGGTAACCAAAGTAAGGCTTGTGCACTTGCTGAGCTTCCAGATGCGAATTAGTAAAAGCTAAA,1063665fbde773a790a8338086d716319c273041720d8afb612817a9707682ba,0.0048045102007643,AAAACCACAGCTCTGGCCCCAATATCCCACCGCCACCCCCACCCCGATATCCCAGCCCATGCCTCAGCAAAGCCCCCTGTGAATTCCAGCATTTTTATTGAGCACACCACATCGGGGAGGGGCGGCAGTGGTTTCCACGGTAACCAAAGTAAGGCTTGTGCACTTGCTGAGCTTCCAGATGCGAATTAGTAAAAGCTAAA,15f798050c890ff0ebdf61af14fa36ae4e47ba4b0d62a43f3a886e893245f581,0.138095622860044,AAAACCACAGCTCTGGCCCCAATATCCCACCGCCACCCCCACCCCGATATCCCAGCCCATGCCTCAGCAAAGCCCCCTGTGAATTCCAGCATTTTTATTCAGCACACCACATCGGGGAGGGGCGGCAGTGGTTTCCACGGTAACCAAAGTAAGGCTTGTGCACTTGCTGAGCTTCCAGATGCGAATTAGTAAAAGCTAAA,14c142a3733b99978daa21163ec71d479bf2b6a752ff88c10b27b69514849671,-0.231928288837751,0.3748284218985593,0.390611462186561,-372.9704087211285,-365.0051884667482,-365.5507052525645,-356.4495736642275,-1.1359113339567557,1.0,0.3748284218985593,0.0,2,0.17354048962732585,0.17490732828716207,0.146091925319964,0.22792281260533442,1.0
chr17:36003275:T:A;chr17:36003359:A:G;var1;middle;OL41|K562|efbcfece62eed245,chr17:36003275:T:A;chr17:36003359:A:G;var1;middle;OL41,K562,K562_region_00893,100,184,84,TTATTCAAAAGGCTTGAACCGAGCAGCCGTGCAGGCAAGCCGAACACAAAAGGAAGCAAAATACCCCAAGGGTGGCGAGAGCCAGGCCACGGGTGTCCATGTGCGCCGGCCTCCCCCAGCAGCGGGTTCATTCCCGGGCTCCTGCTCCTTCTCAGTTACTCGGCCCTCGGTCCCTTGGGCACAATACCTGGAATCGAGCT,bc5c76cea9648fa1145ead70107baeb48bba6c1a06a2538406ead6e4fe0b0bb3,0.0,TTATTCAAAAGGCTTGAACCGAGCAGCCGTGCAGGCAAGCCGAACACAAAAGGAAGCAAAATACCCCAAGGGTGGCGAGAGCCAGGCCACGGGTGTCCAAGTGCGCCGGCCTCCCCCAGCAGCGGGTTCATTCCCGGGCTCCTGCTCCTTCTCAGTTACTCGGCCCTCGGTCCCTTGGGCACAATACCTGGAATCGAGCT,97d22fc5d8875beb5eccec569c1fe8b0e682271716e393ee4ed9fc0309dd3db1,-0.122637634836174,TTATTCAAAAGGCTTGAACCGAGCAGCCGTGCAGGCAAGCCGAACACAAAAGGAAGCAAAATACCCCAAGGGTGGCGAGAGCCAGGCCACGGGTGTCCATGTGCGCCGGCCTCCCCCAGCAGCGGGTTCATTCCCGGGCTCCTGCTCCTTCTCAGTTACTCGGCCCTCGGTCCCTTGGGCACAGTACCTGGAATCGAGCT,b3057a33991ea19f4dbeed26ed40ba73bea15f892afe6841184015e4f21eefa6,-0.162304209855251,TTATTCAAAAGGCTTGAACCGAGCAGCCGTGCAGGCAAGCCGAACACAAAAGGAAGCAAAATACCCCAAGGGTGGCGAGAGCCAGGCCACGGGTGTCCAAGTGCGCCGGCCTCCCCCAGCAGCGGGTTCATTCCCGGGCTCCTGCTCCTTCTCAGTTACTCGGCCCTCGGTCCCTTGGGCACAGTACCTGGAATCGAGCT,efbcfece62eed245a581b9dd0da9334acf236cd86530dce803dfda7c9b278f78,-0.29343040541418,0.0084885607227549,0.346947459240987,-347.4714664584026,-368.1032767836005,-347.2760038357228,-348.733601776883,-19.174212384037673,1.0,0.0084885607227549,0.0,0,0.16114891805040218,0.18565657667894103,0.15145376406925343,0.26785945445333775,1.0
chr17:36046395:G:C;chr17:36046451:G:C;var1;middle;OL32|K562|18ec4002df3c111c,chr17:36046395:G:C;chr17:36046451:G:C;var1;middle;OL32,K562,K562_region_00894,100,156,56,CACCTCTCTACACCCCTAGATGACACACTACAGGATCCCAGTGGAGTATACAGAAAATTCCAAGGAGACCAGGGGCCAGGGGTTCTCGGTGGAACCATGGCAGGGAAAGTATCAGAGACAGAAATATGAGACTCTGGGTAGTGATAAAATAAATTGTTTTAATGGAAGGCTTTCTGAGACTGCAACTTTTTCTTCTGCTA,03f6a112c594a56fcf46cf2ba636bdb27706021eec8583618ad73d2c43f733da,0.0,CACCTCTCTACACCCCTAGATGACACACTACAGGATCCCAGTGGAGTATACAGAAAATTCCAAGGAGACCAGGGGCCAGGGGTTCTCGGTGGAACCATGCCAGGGAAAGTATCAGAGACAGAAATATGAGACTCTGGGTAGTGATAAAATAAATTGTTTTAATGGAAGGCTTTCTGAGACTGCAACTTTTTCTTCTGCTA,c5958e7b1c9b85a50e5a400c0175e5459d1d1d04c5443c999fe93e7289237891,-0.227059582169589,CACCTCTCTACACCCCTAGATGACACACTACAGGATCCCAGTGGAGTATACAGAAAATTCCAAGGAGACCAGGGGCCAGGGGTTCTCGGTGGAACCATGGCAGGGAAAGTATCAGAGACAGAAATATGAGACTCTGGGTAGTGATAAAATAAATTCTTTTAATGGAAGGCTTTCTGAGACTGCAACTTTTTCTTCTGCTA,d06eb6ed75179c105daac3daac252c59d2dd5467f13238b56891b63ec1d5417b,-0.246852678964147,CACCTCTCTACACCCCTAGATGACACACTACAGGATCCCAGTGGAGTATACAGAAAATTCCAAGGAGACCAGGGGCCAGGGGTTCTCGGTGGAACCATGCCAGGGAAAGTATCAGAGACAGAAATATGAGACTCTGGGTAGTGATAAAATAAATTCTTTTAATGGAAGGCTTTCTGAGACTGCAACTTTTTCTTCTGCTA,18ec4002df3c111cffa6a8a3fc4863718b181a7dabb803de656243f2ff0d46db,-0.192404651826762,0.2815076093069739,0.28347496324839,-385.78524769761134,-394.7571046486555,-373.046643014648,-386.6017849437776,-4.58328497808543,-1.0,-0.2815076093069739,0.0,4,0.17051875100127978,0.17620727786206916,0.145609630836647,0.3846689099530154,1.0
chr17:36615893:A:G;chr17:36615967:A:G;var1;middle;OL28|K562|0231801e611e5372,chr17:36615893:A:G;chr17:36615967:A:G;var1;middle;OL28,K562,K562_region_00895,100,174,74,TTTCCCCAGAATGCCCCTCCTGCTGCCCCCAGCATCTTCTCTCAGGAGACCCTGCTGAAGCGTGACAGCATAGAGTCTAGGGCTGGAAGACCTAGGGCCAGGCAAGCCAGGGACAGGCTGCCTCTCCTTTCCAGAACCTGCCCAGGGCTGGGAGGGGCCTTTGGCCTGGAGGCAGGAGGAGGCTGTGTTCTCCCGTCCTT,08c02242e4624503caed39bc54a7ae236ea075b21a2ce1b82c11dc240f4b0004,0.0,TTTCCCCAGAATGCCCCTCCTGCTGCCCCCAGCATCTTCTCTCAGGAGACCCTGCTGAAGCGTGACAGCATAGAGTCTAGGGCTGGAAGACCTAGGGCCGGGCAAGCCAGGGACAGGCTGCCTCTCCTTTCCAGAACCTGCCCAGGGCTGGGAGGGGCCTTTGGCCTGGAGGCAGGAGGAGGCTGTGTTCTCCCGTCCTT,4ee1d36257571b841016416cd72364765978f1f8f3428e24e23124ab6ba09eca,0.371776503617398,TTTCCCCAGAATGCCCCTCCTGCTGCCCCCAGCATCTTCTCTCAGGAGACCCTGCTGAAGCGTGACAGCATAGAGTCTAGGGCTGGAAGACCTAGGGCCAGGCAAGCCAGGGACAGGCTGCCTCTCCTTTCCAGAACCTGCCCAGGGCTGGGAGGGGCCTTTGGCCTGGAGGCGGGAGGAGGCTGTGTTCTCCCGTCCTT,86ccc26e146e5f899022b31b52f425c85cb68233557c9ecf67afe781a8eaadac,1.56578417433229,TTTCCCCAGAATGCCCCTCCTGCTGCCCCCAGCATCTTCTCTCAGGAGACCCTGCTGAAGCGTGACAGCATAGAGTCTAGGGCTGGAAGACCTAGGGCCGGGCAAGCCAGGGACAGGCTGCCTCTCCTTTCCAGAACCTGCCCAGGGCTGGGAGGGGCCTTTGGCCTGGAGGCGGGAGGAGGCTGTGTTCTCCCGTCCTT,0231801e611e53729a6ef2243d1a1e48e6d5be600c0ac836bc9cf90e7195cd00,1.57831535494616,0.3592453230035279,0.171185313075223,-233.54720685165373,-275.13867699354887,-260.509038107004,-286.1926328637637,-15.907875385135412,1.0,0.3592453230035279,0.0,1,0.1661798530165936,0.18216460459877223,0.1501433469024087,0.3029011531962323,1.0
chr17:37070988:A:T;chr17:37070994:A:G;var1;middle;OL28|K562|9233d93b8b780615,chr17:37070988:A:T;chr17:37070994:A:G;var1;middle;OL28,K562,K562_region_00896,100,106,6,GGCCGGGCCAGCTGGGGTGGGGAGGAAGTCGGCGAGAGACAGACACACACACACACACACACACACACACACACACACATGCACGCACGCATGCAGGCGAGGAAAAGACTGCTTCCCAAGACCCCAAGTTCCATTCTCATCCAGAATGAGGACGTGAGCACCAGGGTCAGGCCTGTACTGGGCCAAGAGGATTGAAAGGA,fe7aaf7dc35a893f4e7f267f6266f95b500d5b4b4605dfd64b72be8e3f664d21,0.0,GGCCGGGCCAGCTGGGGTGGGGAGGAAGTCGGCGAGAGACAGACACACACACACACACACACACACACACACACACACATGCACGCACGCATGCAGGCGTGGAAAAGACTGCTTCCCAAGACCCCAAGTTCCATTCTCATCCAGAATGAGGACGTGAGCACCAGGGTCAGGCCTGTACTGGGCCAAGAGGATTGAAAGGA,fea79746d4c2b98db169f94255696626423044d9ee406971ed9b2ab095af75d8,0.202007788708588,GGCCGGGCCAGCTGGGGTGGGGAGGAAGTCGGCGAGAGACAGACACACACACACACACACACACACACACACACACACATGCACGCACGCATGCAGGCGAGGAAAGGACTGCTTCCCAAGACCCCAAGTTCCATTCTCATCCAGAATGAGGACGTGAGCACCAGGGTCAGGCCTGTACTGGGCCAAGAGGATTGAAAGGA,cc43d46ad52eacd75ef191fca5f11359cdf2db1d6972e4461460a0a7b7a19409,0.0095714534673944,GGCCGGGCCAGCTGGGGTGGGGAGGAAGTCGGCGAGAGACAGACACACACACACACACACACACACACACACACACACATGCACGCACGCATGCAGGCGTGGAAAGGACTGCTTCCCAAGACCCCAAGTTCCATTCTCATCCAGAATGAGGACGTGAGCACCAGGGTCAGGCCTGTACTGGGCCAAGAGGATTGAAAGGA,9233d93b8b7806150f1d6c9215ee59ae8bd57bb5021580a84fb9639c0624b2dd,-0.0089163512463005,0.2204955934222829,0.180471549016207,-195.3830587752164,-195.23457072582096,-194.08868211717345,-194.4160532625392,0.475859194761199,1.0,0.2204955934222829,0.0,0,0.18638724211013277,0.18565657667894103,0.15145376406925343,0.2588799551802512,1.0
chr17:38082807:T:C;chr17:38082831:T:C;var1;middle;OL41|K562|2b040a60eddf8ad7,chr17:38082807:T:C;chr17:38082831:T:C;var1;middle;OL41,K562,K562_region_00897,100,124,24,CCCTACCCTAGATGGGGAGAAACAGAGAGAAGAGGCTGGCAGAGGTCGACTAGGTCTACAGGAGTTGAGCCGAAAACTTCTGCTGCCATAGCTGGCAGGTGGCTGCTTAGTGCTGGGCCCTGATGTGGTTTCATAACCTGCCTCAAACCAGAGCCTGCAGCAACTCTGTTGTGTTAACCACTTTTTTGCTGGTAGCTCTT,669ec5f063acbfe9a8a3317e0b935c0dc02ee08934c3cd4a412f25937d01d492,0.0,CCCTACCCTAGATGGGGAGAAACAGAGAGAAGAGGCTGGCAGAGGTCGACTAGGTCTACAGGAGTTGAGCCGAAAACTTCTGCTGCCATAGCTGGCAGGCGGCTGCTTAGTGCTGGGCCCTGATGTGGTTTCATAACCTGCCTCAAACCAGAGCCTGCAGCAACTCTGTTGTGTTAACCACTTTTTTGCTGGTAGCTCTT,9cac5840b003236c847c91441243a0e19cfde4b6b2886727a4d6089a5f93699c,0.0678942093847247,CCCTACCCTAGATGGGGAGAAACAGAGAGAAGAGGCTGGCAGAGGTCGACTAGGTCTACAGGAGTTGAGCCGAAAACTTCTGCTGCCATAGCTGGCAGGTGGCTGCTTAGTGCTGGGCCCTGACGTGGTTTCATAACCTGCCTCAAACCAGAGCCTGCAGCAACTCTGTTGTGTTAACCACTTTTTTGCTGGTAGCTCTT,51419b5f5d165678242102ad3c6ab519bc1dba32a4f3eaa4a99fa277ada6a037,0.291208352967144,CCCTACCCTAGATGGGGAGAAACAGAGAGAAGAGGCTGGCAGAGGTCGACTAGGTCTACAGGAGTTGAGCCGAAAACTTCTGCTGCCATAGCTGGCAGGCGGCTGCTTAGTGCTGGGCCCTGACGTGGTTTCATAACCTGCCTCAAACCAGAGCCTGCAGCAACTCTGTTGTGTTAACCACTTTTTTGCTGGTAGCTCTT,2b040a60eddf8ad711fc89eb491f74fc8ba569316f1bffffa68337139875af8e,0.461223206779754,-0.1021206444278853,0.238542770133737,-372.7091015493497,-379.50500533077866,-373.1446942966432,-376.2352659329772,-3.7053321450948715,1.0,-0.1021206444278853,0.0,1,0.17859520701868792,0.18216460459877223,0.1501433469024087,0.14150063800921078,1.0
chr17:38128648:C:T;chr17:38128714:G:A;var1;middle;OL41|K562|a60125547c7817f1,chr17:38128648:C:T;chr17:38128714:G:A;var1;middle;OL41,K562,K562_region_00898,100,166,66,TTCCCAAGTCCCTAAGAATACCTAGCCTCAACTTTAGAAAGACAGATAGAGGCATATAAATACTGTCCCAGAGAGATATAGAAACTGACAGACAGAGACCGGAAGGCACAGTCAGAAGCAGAAGTAAGACTTGGAGACTGAGTGTGTTCCCGAATCATGGGGGTGGATGAGCTAGCATAATCTCCCTGTGTTTTTATAAT,1411fd616cfabafce91f85bfe8898a6e97b56db286d77ce91e4359154e2e8f89,0.0,TTCCCAAGTCCCTAAGAATACCTAGCCTCAACTTTAGAAAGACAGATAGAGGCATATAAATACTGTCCCAGAGAGATATAGAAACTGACAGACAGAGACTGGAAGGCACAGTCAGAAGCAGAAGTAAGACTTGGAGACTGAGTGTGTTCCCGAATCATGGGGGTGGATGAGCTAGCATAATCTCCCTGTGTTTTTATAAT,27567b97723c9175372f3fad02dcd0d496905c7eb9c9b2158e08b484fc6580cc,-1.38686851697568,TTCCCAAGTCCCTAAGAATACCTAGCCTCAACTTTAGAAAGACAGATAGAGGCATATAAATACTGTCCCAGAGAGATATAGAAACTGACAGACAGAGACCGGAAGGCACAGTCAGAAGCAGAAGTAAGACTTGGAGACTGAGTGTGTTCCCGAATCATGGGGGTGAATGAGCTAGCATAATCTCCCTGTGTTTTTATAAT,773f1e22b296f930bfd385a3c68d837ce414888bca1f472aa36dfe8b03b543cd,-0.0497230908763667,TTCCCAAGTCCCTAAGAATACCTAGCCTCAACTTTAGAAAGACAGATAGAGGCATATAAATACTGTCCCAGAGAGATATAGAAACTGACAGACAGAGACTGGAAGGCACAGTCAGAAGCAGAAGTAAGACTTGGAGACTGAGTGTGTTCCCGAATCATGGGGGTGAATGAGCTAGCATAATCTCCCTGTGTTTTTATAAT,a60125547c7817f100db238367579dcd1158a9a77ed3a6aac53162c43f301dc2,-1.49422113587441,0.0576295280223633,0.204975161803826,-312.4277578461915,-300.1748171336949,-312.35145090147853,-299.44241248909384,-0.6560976998880506,1.0,0.0576295280223633,0.0,0,0.1849333698016152,0.18565657667894103,0.15145376406925343,0.18716113111374072,1.0
chr17:38175553:C:T;chr17:38175561:T:A;var1;middle;OL28|K562|09dd374d101055d1,chr17:38175553:C:T;chr17:38175561:T:A;var1;middle;OL28,K562,K562_region_00899,100,108,8,CACATACACACTTTGCATCTAGAAAGTTCCTCAGAGGTAAGACTACTCCTGGGCTGGGGCGGGCGCACACAGGGGTGACCACTGGGCTTGTGGTCCAGGCTGCTCACTCTCCTCAGGTGCCAGCAGATGGAGAGGAAATTTTGAAAGAAGAAACCGGGAGACATCCTGGAGGTCAGGAGTCAGGAGCGGGGAACTGGAAG,5171b355e452a6ccc574978ab6c4c4b6086963e2319904cc0b28e05a5089ccca,0.0,CACATACACACTTTGCATCTAGAAAGTTCCTCAGAGGTAAGACTACTCCTGGGCTGGGGCGGGCGCACACAGGGGTGACCACTGGGCTTGTGGTCCAGGTTGCTCACTCTCCTCAGGTGCCAGCAGATGGAGAGGAAATTTTGAAAGAAGAAACCGGGAGACATCCTGGAGGTCAGGAGTCAGGAGCGGGGAACTGGAAG,9ea72df31bf0907c869d73843bac5880b7da401b188548a9b90470f08c3b1223,-0.234491904997222,CACATACACACTTTGCATCTAGAAAGTTCCTCAGAGGTAAGACTACTCCTGGGCTGGGGCGGGCGCACACAGGGGTGACCACTGGGCTTGTGGTCCAGGCTGCTCACACTCCTCAGGTGCCAGCAGATGGAGAGGAAATTTTGAAAGAAGAAACCGGGAGACATCCTGGAGGTCAGGAGTCAGGAGCGGGGAACTGGAAG,98aad86685059f6c6f68d0f986020cee122f9c7986d18fcf114cd9105efb8bd1,-0.318157847213578,CACATACACACTTTGCATCTAGAAAGTTCCTCAGAGGTAAGACTACTCCTGGGCTGGGGCGGGCGCACACAGGGGTGACCACTGGGCTTGTGGTCCAGGTTGCTCACACTCCTCAGGTGCCAGCAGATGGAGAGGAAATTTTGAAAGAAGAAACCGGGAGACATCCTGGAGGTCAGGAGTCAGGAGCGGGGAACTGGAAG,09dd374d101055d148da67866e1cdb3721f3d8546859b816487f7d5de531670f,-0.223196084811962,0.3294536673988381,0.191375429525323,-338.7904969351366,-351.4268165798858,-354.21932520903647,-365.0797381959856,1.7759066578000215,-1.0,-0.3294536673988381,0.0,0,0.18805700799539324,0.18565657667894103,0.15145376406925343,0.327588607779581,1.0
chr17:39820170:T:G;chr17:39820177:A:G;var1;middle;OL41|K562|6e0249fa2a4d478d,chr17:39820170:T:G;chr17:39820177:A:G;var1;middle;OL41,K562,K562_region_00900,100,107,7,AGCCGACAGGGTGGAAGAACCACATGTGCAAAGTTCCAGAGCTGAGGAGTGTATCCAGAAAGTGGCTGGAAGAAGGACTGACCGGCAGGAATGCAGAGGTTGATGGAGAGAGGAGGTGAGGCAGAGCTGGAGAGAGAAGGGGGCTGAGCCAGACAGAGCCTCCAATGCTGGGTGGATCTGCAAAGTTAAGGCATCTGCTC,b9afea55c341e07dffb814c3a5424590851368023b9cc7c1e3aa0e75abbecb35,0.0,AGCCGACAGGGTGGAAGAACCACATGTGCAAAGTTCCAGAGCTGAGGAGTGTATCCAGAAAGTGGCTGGAAGAAGGACTGACCGGCAGGAATGCAGAGGGTGATGGAGAGAGGAGGTGAGGCAGAGCTGGAGAGAGAAGGGGGCTGAGCCAGACAGAGCCTCCAATGCTGGGTGGATCTGCAAAGTTAAGGCATCTGCTC,e8a644072b688d6ee25833f74448c585cd50d733a5530b843e01965ba58bc9bb,0.0511733892809033,AGCCGACAGGGTGGAAGAACCACATGTGCAAAGTTCCAGAGCTGAGGAGTGTATCCAGAAAGTGGCTGGAAGAAGGACTGACCGGCAGGAATGCAGAGGTTGATGGGGAGAGGAGGTGAGGCAGAGCTGGAGAGAGAAGGGGGCTGAGCCAGACAGAGCCTCCAATGCTGGGTGGATCTGCAAAGTTAAGGCATCTGCTC,072492364ad001cfdc2a5ea9e0b3d7039704e2f27b970941934fa270c03683af,-0.0469612003845861,AGCCGACAGGGTGGAAGAACCACATGTGCAAAGTTCCAGAGCTGAGGAGTGTATCCAGAAAGTGGCTGGAAGAAGGACTGACCGGCAGGAATGCAGAGGGTGATGGGGAGAGGAGGTGAGGCAGAGCTGGAGAGAGAAGGGGGCTGAGCCAGACAGAGCCTCCAATGCTGGGTGGATCTGCAAAGTTAAGGCATCTGCTC,6e0249fa2a4d478db297f54b784a058bd17d47d0fe0b2a18bde68d6a14e31166,-0.0818199000650411,0.0860320889613583,0.311499152592989,-227.52149925380945,-215.8601369485259,-221.72678307443857,-213.19726319611075,3.1318424269557283,1.0,0.0860320889613583,0.0,1,0.18555162102323636,0.18216460459877223,0.1501433469024087,0.11378923629216531,1.0
chr17:39942449:C:T;chr17:39942494:G:A;var1;middle;OL41|K562|65ba3b1faab8f787,chr17:39942449:C:T;chr17:39942494:G:A;var1;middle;OL41,K562,K562_region_00901,100,145,45,GGCCCCACCCAGGCCTGGGGGAGTAGGGAGGGAGGGAAAGCGAGGATGACGCGTGGGGTGGGGTGAGGGTGGCCCCAAAGAGACCAGCGGCAGCAAGTTCCCCAAACGGTAAATTCCTGACTGCAGCGTGAGCCCTGGGACGCAGTCGAAGCAGAGCAAAGTCTCCCCCGCCAGCCCAGGGCGAGAGTCAGGGACGCGGC,2dfade6128522973f6e289781bab6b5e5cdb697da5b2ab998fbd8b3afd09b7ea,0.0,GGCCCCACCCAGGCCTGGGGGAGTAGGGAGGGAGGGAAAGCGAGGATGACGCGTGGGGTGGGGTGAGGGTGGCCCCAAAGAGACCAGCGGCAGCAAGTTTCCCAAACGGTAAATTCCTGACTGCAGCGTGAGCCCTGGGACGCAGTCGAAGCAGAGCAAAGTCTCCCCCGCCAGCCCAGGGCGAGAGTCAGGGACGCGGC,47c8b2f8a4ce57806c309e7446ad685330e940d78eddd2b87b6a75bd0db952cc,-0.221604053296496,GGCCCCACCCAGGCCTGGGGGAGTAGGGAGGGAGGGAAAGCGAGGATGACGCGTGGGGTGGGGTGAGGGTGGCCCCAAAGAGACCAGCGGCAGCAAGTTCCCCAAACGGTAAATTCCTGACTGCAGCGTGAGCCCTGGGACGCAATCGAAGCAGAGCAAAGTCTCCCCCGCCAGCCCAGGGCGAGAGTCAGGGACGCGGC,8e11ff707eecbb13ba8ea7537aa0712d51aad4d54571849bb3945d9122e52761,-0.0531385248196621,GGCCCCACCCAGGCCTGGGGGAGTAGGGAGGGAGGGAAAGCGAGGATGACGCGTGGGGTGGGGTGAGGGTGGCCCCAAAGAGACCAGCGGCAGCAAGTTTCCCAAACGGTAAATTCCTGACTGCAGCGTGAGCCCTGGGACGCAATCGAAGCAGAGCAAAGTCTCCCCCGCCAGCCCAGGGCGAGAGTCAGGGACGCGGC,65ba3b1faab8f7879ad22037f5fadab26bf459ea5a5e69238d5afbc4c9ed550a,-0.222906648958358,-0.0518359291578001,0.228366680273666,-238.22857197001576,-238.2316957116127,-240.6255625076592,-240.4568644985557,-0.17182175070044536,1.0,-0.0518359291578001,0.0,3,0.18112691486398858,0.18106719778262317,0.1474303780702046,0.1464045298304117,1.0
chr17:40705715:G:A;chr17:40705724:T:G;var1;middle;OL41|K562|b1bf03444915ab62,chr17:40705715:G:A;chr17:40705724:T:G;var1;middle;OL41,K562,K562_region_00902,100,109,9,GGAGCGTGGGAGGATTGATGGGTGAGTGGTAGGGAGTGGCCTCGGCAGCTCCAGATTCTTTGTGTGCGGAGCTGAGCCTTGAAGGCAGGTTCCGCGGGGGGGGTGGAGTGGGGTGCCGTCAGCTTGGAGGGGCACCGTCTGCCCGGGGATGACCCCCTGGCCGCTGCGCCTCAGGAACCTCGTCTCCCCACCTAAGGGCT,1efa4b6f2c5100dc2b7b1a0e752d19efba4cdc606d72ffcd877dcd2646538e5a,0.0,GGAGCGTGGGAGGATTGATGGGTGAGTGGTAGGGAGTGGCCTCGGCAGCTCCAGATTCTTTGTGTGCGGAGCTGAGCCTTGAAGGCAGGTTCCGCGGGGAGGGTGGAGTGGGGTGCCGTCAGCTTGGAGGGGCACCGTCTGCCCGGGGATGACCCCCTGGCCGCTGCGCCTCAGGAACCTCGTCTCCCCACCTAAGGGCT,dbe0560ad68de6cda59eba4c8a8557bceae7237983c83b1fd5b8551d299cbc93,0.39226428561603,GGAGCGTGGGAGGATTGATGGGTGAGTGGTAGGGAGTGGCCTCGGCAGCTCCAGATTCTTTGTGTGCGGAGCTGAGCCTTGAAGGCAGGTTCCGCGGGGGGGGTGGAGGGGGGTGCCGTCAGCTTGGAGGGGCACCGTCTGCCCGGGGATGACCCCCTGGCCGCTGCGCCTCAGGAACCTCGTCTCCCCACCTAAGGGCT,b6d608f58268d247c506976a76332554f7036bb5a2f5d2825ba42df9be85d3bd,-0.134959260799223,GGAGCGTGGGAGGATTGATGGGTGAGTGGTAGGGAGTGGCCTCGGCAGCTCCAGATTCTTTGTGTGCGGAGCTGAGCCTTGAAGGCAGGTTCCGCGGGGAGGGTGGAGGGGGGTGCCGTCAGCTTGGAGGGGCACCGTCTGCCCGGGGATGACCCCCTGGCCGCTGCGCCTCAGGAACCTCGTCTCCCCACCTAAGGGCT,b1bf03444915ab62692f8a38fbeb2f2666c11763310b526b9d1874e12c062877,0.321331748544428,0.0640267237276209,0.221573443549484,-280.9655711129308,-303.74411257728934,-260.7669356763363,-258.0685271173716,25.47695002332324,-1.0,-0.0640267237276209,0.0,3,0.23278829680014682,0.18106719778262317,0.1474303780702046,-0.008668257843458732,1.0
chr17:40824823:G:A;chr17:40824834:A:G;var1;middle;OL28|K562|4491db8ce6435603,chr17:40824823:G:A;chr17:40824834:A:G;var1;middle;OL28,K562,K562_region_00903,100,111,11,AGGTCAGAAAACAGGCTGGACTAGGAGTCAGAAAACCGGGGTTCCTCTCCCAGCACCCTTTAATCCTCTAACTTTAGGACCTGGGCCAGTCACTACACCGTTTAGGGAGAAGTACAGTTGGATGAGGCCAGCACATTCTACAAAAGTGGTAGCTTTTCTACCACTTGTAAAGGTAATATGGCATAGTCTCAAGAGGATAA,cdd150ed3e07f4b25721d73a84b532ab648429594c4528bee4398dfb9d7a62a3,0.0,AGGTCAGAAAACAGGCTGGACTAGGAGTCAGAAAACCGGGGTTCCTCTCCCAGCACCCTTTAATCCTCTAACTTTAGGACCTGGGCCAGTCACTACACCATTTAGGGAGAAGTACAGTTGGATGAGGCCAGCACATTCTACAAAAGTGGTAGCTTTTCTACCACTTGTAAAGGTAATATGGCATAGTCTCAAGAGGATAA,8e8b541fa58a20fe8c54722fc0db17ebbc918b266df84ce2e70131a7b7eae5c3,-0.123878369479301,AGGTCAGAAAACAGGCTGGACTAGGAGTCAGAAAACCGGGGTTCCTCTCCCAGCACCCTTTAATCCTCTAACTTTAGGACCTGGGCCAGTCACTACACCGTTTAGGGAGAGGTACAGTTGGATGAGGCCAGCACATTCTACAAAAGTGGTAGCTTTTCTACCACTTGTAAAGGTAATATGGCATAGTCTCAAGAGGATAA,002c3e1809dab7419d467c8bdb41fd931701799596681fbba2e19c041b6c5e30,-0.0587839891977419,AGGTCAGAAAACAGGCTGGACTAGGAGTCAGAAAACCGGGGTTCCTCTCCCAGCACCCTTTAATCCTCTAACTTTAGGACCTGGGCCAGTCACTACACCATTTAGGGAGAGGTACAGTTGGATGAGGCCAGCACATTCTACAAAAGTGGTAGCTTTTCTACCACTTGTAAAGGTAATATGGCATAGTCTCAAGAGGATAA,4491db8ce6435603b0bb00ac9aef60b5f13c65d88a7a734c04b0cbb8e05774d3,-0.154240670082834,-0.0284216885942088,0.129052830460097,-377.00395411625504,-366.037636958994,-373.1121314913034,-361.49507345445454,-0.6507408795878291,1.0,-0.0284216885942088,0.0,4,0.17539279066625132,0.17620727786206916,0.145609630836647,0.2523168359269197,1.0
chr17:41438653:A:G;chr17:41438674:G:A;var1;middle;OL41|K562|30ba96b91dd80caf,chr17:41438653:A:G;chr17:41438674:G:A;var1;middle;OL41,K562,K562_region_00904,100,121,21,GATGCAAATGGCCCAATGCAAACACGTTGACAATCTCCCGTTAGCGACAGTAACAGACGCTAAGCGCCCAATGCGAACAAAACTCCCGCTTCGAAAACTACACCTCGGAATCCTTCCAGCGATCAAGGGCCAGCAACACCACAAGCCTTCCACTGTATCAACACCGTTTTCAAAACGAAAATGTTAACGATCGGCCACTG,66a88e5010186d51ba702093937fe406b8ad150dbec6a5ef1a9c8bf23d0edca8,0.0,GATGCAAATGGCCCAATGCAAACACGTTGACAATCTCCCGTTAGCGACAGTAACAGACGCTAAGCGCCCAATGCGAACAAAACTCCCGCTTCGAAAACTGCACCTCGGAATCCTTCCAGCGATCAAGGGCCAGCAACACCACAAGCCTTCCACTGTATCAACACCGTTTTCAAAACGAAAATGTTAACGATCGGCCACTG,f1db374a26bfe14b436f7b686dac2f5e94de4c8d701b792876139c67a3713556,-0.381918474882468,GATGCAAATGGCCCAATGCAAACACGTTGACAATCTCCCGTTAGCGACAGTAACAGACGCTAAGCGCCCAATGCGAACAAAACTCCCGCTTCGAAAACTACACCTCGGAATCCTTCCAGCAATCAAGGGCCAGCAACACCACAAGCCTTCCACTGTATCAACACCGTTTTCAAAACGAAAATGTTAACGATCGGCCACTG,a5a9eec5c2f71b5ae39add3d6f6325c4164965b6604c0039e5e3d2e04bc24be4,-0.583418305894501,GATGCAAATGGCCCAATGCAAACACGTTGACAATCTCCCGTTAGCGACAGTAACAGACGCTAAGCGCCCAATGCGAACAAAACTCCCGCTTCGAAAACTGCACCTCGGAATCCTTCCAGCAATCAAGGGCCAGCAACACCACAAGCCTTCCACTGTATCAACACCGTTTTCAAAACGAAAATGTTAACGATCGGCCACTG,30ba96b91dd80cafa93292db5e5e340087387e6cb9138d340fc0d760ed0f4835,-0.386104659782786,0.5792321209941831,0.663992067074353,-285.1242297757417,-309.45063025318086,-321.3507027309388,-336.5606760391965,9.116427169181463,-1.0,-0.5792321209941831,0.0,2,0.18846872340810386,0.17490732828716207,0.146091925319964,0.2139613267813955,1.0
chr17:41438653:A:G;chr17:41438698:G:A;var1;middle;OL41|K562|141a0b30302f2eff,chr17:41438653:A:G;chr17:41438698:G:A;var1;middle;OL41,K562,K562_region_00904,100,145,45,GATGCAAATGGCCCAATGCAAACACGTTGACAATCTCCCGTTAGCGACAGTAACAGACGCTAAGCGCCCAATGCGAACAAAACTCCCGCTTCGAAAACTACACCTCGGAATCCTTCCAGCGATCAAGGGCCAGCAACACCACAAGCCTTCCACTGTATCAACACCGTTTTCAAAACGAAAATGTTAACGATCGGCCACTG,66a88e5010186d51ba702093937fe406b8ad150dbec6a5ef1a9c8bf23d0edca8,0.0,GATGCAAATGGCCCAATGCAAACACGTTGACAATCTCCCGTTAGCGACAGTAACAGACGCTAAGCGCCCAATGCGAACAAAACTCCCGCTTCGAAAACTGCACCTCGGAATCCTTCCAGCGATCAAGGGCCAGCAACACCACAAGCCTTCCACTGTATCAACACCGTTTTCAAAACGAAAATGTTAACGATCGGCCACTG,f1db374a26bfe14b436f7b686dac2f5e94de4c8d701b792876139c67a3713556,-0.381907213659596,GATGCAAATGGCCCAATGCAAACACGTTGACAATCTCCCGTTAGCGACAGTAACAGACGCTAAGCGCCCAATGCGAACAAAACTCCCGCTTCGAAAACTACACCTCGGAATCCTTCCAGCGATCAAGGGCCAGCAACACCACAAACCTTCCACTGTATCAACACCGTTTTCAAAACGAAAATGTTAACGATCGGCCACTG,19bbd3ffea790e61d5286cf99abd53c9b8f2636d89283345b94a34b9543caf64,-0.243201830509067,GATGCAAATGGCCCAATGCAAACACGTTGACAATCTCCCGTTAGCGACAGTAACAGACGCTAAGCGCCCAATGCGAACAAAACTCCCGCTTCGAAAACTGCACCTCGGAATCCTTCCAGCGATCAAGGGCCAGCAACACCACAAACCTTCCACTGTATCAACACCGTTTTCAAAACGAAAATGTTAACGATCGGCCACTG,141a0b30302f2eff12df201de5ecf949e3c9c286afaae8587c4de0f93032686a,-0.406291382902097,-0.218817661266566,0.571096168146397,-285.1242297757417,-309.45063025318086,-276.95843632519245,-304.9223624225706,3.6375256199389696,1.0,-0.218817661266566,0.0,2,0.1804909997732548,0.17490732828716207,0.146091925319964,0.2070842416731215,1.0
chr17:41438653:A:G;chr17:41438720:T:C;var1;middle;OL41|K562|ce8831c73839b4be,chr17:41438653:A:G;chr17:41438720:T:C;var1;middle;OL41,K562,K562_region_00904,100,167,67,GATGCAAATGGCCCAATGCAAACACGTTGACAATCTCCCGTTAGCGACAGTAACAGACGCTAAGCGCCCAATGCGAACAAAACTCCCGCTTCGAAAACTACACCTCGGAATCCTTCCAGCGATCAAGGGCCAGCAACACCACAAGCCTTCCACTGTATCAACACCGTTTTCAAAACGAAAATGTTAACGATCGGCCACTG,66a88e5010186d51ba702093937fe406b8ad150dbec6a5ef1a9c8bf23d0edca8,0.0,GATGCAAATGGCCCAATGCAAACACGTTGACAATCTCCCGTTAGCGACAGTAACAGACGCTAAGCGCCCAATGCGAACAAAACTCCCGCTTCGAAAACTGCACCTCGGAATCCTTCCAGCGATCAAGGGCCAGCAACACCACAAGCCTTCCACTGTATCAACACCGTTTTCAAAACGAAAATGTTAACGATCGGCCACTG,f1db374a26bfe14b436f7b686dac2f5e94de4c8d701b792876139c67a3713556,-0.38191419109829,GATGCAAATGGCCCAATGCAAACACGTTGACAATCTCCCGTTAGCGACAGTAACAGACGCTAAGCGCCCAATGCGAACAAAACTCCCGCTTCGAAAACTACACCTCGGAATCCTTCCAGCGATCAAGGGCCAGCAACACCACAAGCCTTCCACTGTATCAACACCGCTTTCAAAACGAAAATGTTAACGATCGGCCACTG,e0eee4fee1868b56efa9f1b56ab7094e45674fb70bffb033b822682baa249b26,-1.10021405530361,GATGCAAATGGCCCAATGCAAACACGTTGACAATCTCCCGTTAGCGACAGTAACAGACGCTAAGCGCCCAATGCGAACAAAACTCCCGCTTCGAAAACTGCACCTCGGAATCCTTCCAGCGATCAAGGGCCAGCAACACCACAAGCCTTCCACTGTATCAACACCGCTTTCAAAACGAAAATGTTAACGATCGGCCACTG,ce8831c73839b4beb3dfad645faf2b2095dfadc75392684f2a95aef0404dca43,-0.407521012048971,1.074607234352929,0.625650620912513,-285.1242297757417,-309.45063025318086,-276.2582201063633,-289.8842905536294,10.700330030173063,-1.0,-1.074607234352929,0.0,2,0.1907750140351338,0.17490732828716207,0.146091925319964,0.1781611701727326,1.0
chr17:41438653:A:G;chr17:41438729:C:T;var1;middle;OL41|K562|477b45bbe5d5bb66,chr17:41438653:A:G;chr17:41438729:C:T;var1;middle;OL41,K562,K562_region_00904,100,176,76,GATGCAAATGGCCCAATGCAAACACGTTGACAATCTCCCGTTAGCGACAGTAACAGACGCTAAGCGCCCAATGCGAACAAAACTCCCGCTTCGAAAACTACACCTCGGAATCCTTCCAGCGATCAAGGGCCAGCAACACCACAAGCCTTCCACTGTATCAACACCGTTTTCAAAACGAAAATGTTAACGATCGGCCACTG,66a88e5010186d51ba702093937fe406b8ad150dbec6a5ef1a9c8bf23d0edca8,0.0,GATGCAAATGGCCCAATGCAAACACGTTGACAATCTCCCGTTAGCGACAGTAACAGACGCTAAGCGCCCAATGCGAACAAAACTCCCGCTTCGAAAACTGCACCTCGGAATCCTTCCAGCGATCAAGGGCCAGCAACACCACAAGCCTTCCACTGTATCAACACCGTTTTCAAAACGAAAATGTTAACGATCGGCCACTG,f1db374a26bfe14b436f7b686dac2f5e94de4c8d701b792876139c67a3713556,-0.381899661292525,GATGCAAATGGCCCAATGCAAACACGTTGACAATCTCCCGTTAGCGACAGTAACAGACGCTAAGCGCCCAATGCGAACAAAACTCCCGCTTCGAAAACTACACCTCGGAATCCTTCCAGCGATCAAGGGCCAGCAACACCACAAGCCTTCCACTGTATCAACACCGTTTTCAAAATGAAAATGTTAACGATCGGCCACTG,c888b6920831a612bec4ac5167676acccf501638840d8536000782924e3d6923,-0.850878090236551,GATGCAAATGGCCCAATGCAAACACGTTGACAATCTCCCGTTAGCGACAGTAACAGACGCTAAGCGCCCAATGCGAACAAAACTCCCGCTTCGAAAACTGCACCTCGGAATCCTTCCAGCGATCAAGGGCCAGCAACACCACAAGCCTTCCACTGTATCAACACCGTTTTCAAAATGAAAATGTTAACGATCGGCCACTG,477b45bbe5d5bb6639bd483005b4487e033a7e3f196f5db14e5e9a3530a2cdf4,-0.191107889492269,1.041669862036807,0.519969184767446,-285.1242297757417,-309.45063025318086,-279.01422345638275,-317.08805492147803,-13.747430987656116,-1.0,-1.041669862036807,0.0,2,0.15517709734724533,0.17490732828716207,0.146091925319964,0.18624603768393483,1.0
chr17:41438653:A:G;chr17:41438735:T:C;var1;middle;OL41|K562|451ed945f338c404,chr17:41438653:A:G;chr17:41438735:T:C;var1;middle;OL41,K562,K562_region_00904,100,182,82,GATGCAAATGGCCCAATGCAAACACGTTGACAATCTCCCGTTAGCGACAGTAACAGACGCTAAGCGCCCAATGCGAACAAAACTCCCGCTTCGAAAACTACACCTCGGAATCCTTCCAGCGATCAAGGGCCAGCAACACCACAAGCCTTCCACTGTATCAACACCGTTTTCAAAACGAAAATGTTAACGATCGGCCACTG,66a88e5010186d51ba702093937fe406b8ad150dbec6a5ef1a9c8bf23d0edca8,0.0,GATGCAAATGGCCCAATGCAAACACGTTGACAATCTCCCGTTAGCGACAGTAACAGACGCTAAGCGCCCAATGCGAACAAAACTCCCGCTTCGAAAACTGCACCTCGGAATCCTTCCAGCGATCAAGGGCCAGCAACACCACAAGCCTTCCACTGTATCAACACCGTTTTCAAAACGAAAATGTTAACGATCGGCCACTG,f1db374a26bfe14b436f7b686dac2f5e94de4c8d701b792876139c67a3713556,-0.381914003438699,GATGCAAATGGCCCAATGCAAACACGTTGACAATCTCCCGTTAGCGACAGTAACAGACGCTAAGCGCCCAATGCGAACAAAACTCCCGCTTCGAAAACTACACCTCGGAATCCTTCCAGCGATCAAGGGCCAGCAACACCACAAGCCTTCCACTGTATCAACACCGTTTTCAAAACGAAAACGTTAACGATCGGCCACTG,3f91f175b145944f11d555831625650c5778b344fd9351339d3560377d7cb949,-0.161084998231181,GATGCAAATGGCCCAATGCAAACACGTTGACAATCTCCCGTTAGCGACAGTAACAGACGCTAAGCGCCCAATGCGAACAAAACTCCCGCTTCGAAAACTGCACCTCGGAATCCTTCCAGCGATCAAGGGCCAGCAACACCACAAGCCTTCCACTGTATCAACACCGTTTTCAAAACGAAAACGTTAACGATCGGCCACTG,451ed945f338c404011a04beafc03bdc97f3e813e57d1c318f46eb70c5cba213,0.21516514427253,0.75816414594241,0.619752597755468,-285.1242297757417,-309.45063025318086,-318.6739235110581,-328.62387119978666,14.376452788710594,-1.0,-0.75816414594241,0.0,2,0.19612774599277338,0.17490732828716207,0.146091925319964,0.2212596370129828,1.0
chr17:41438698:G:A;chr17:41438735:T:C;var1;middle;OL41|K562|c3bdc0976790e2dd,chr17:41438698:G:A;chr17:41438735:T:C;var1;middle;OL41,K562,K562_region_00904,100,137,37,GACAGTAACAGACGCTAAGCGCCCAATGCGAACAAAACTCCCGCTTCGAAAACTACACCTCGGAATCCTTCCAGCGATCAAGGGCCAGCAACACCACAAGCCTTCCACTGTATCAACACCGTTTTCAAAACGAAAATGTTAACGATCGGCCACTGTACTCCTTCTCCCACACATCCTAACCTCAGGGTGACAGATAGCAC,795e2b965a29fb801f8a1c820edb4d4759c5710ceb471730608ac6a393417e37,0.0,GACAGTAACAGACGCTAAGCGCCCAATGCGAACAAAACTCCCGCTTCGAAAACTACACCTCGGAATCCTTCCAGCGATCAAGGGCCAGCAACACCACAAACCTTCCACTGTATCAACACCGTTTTCAAAACGAAAATGTTAACGATCGGCCACTGTACTCCTTCTCCCACACATCCTAACCTCAGGGTGACAGATAGCAC,a9f50b03e88624d72c091b71e6667469201d72ce9d652d6ee02c9d79aef5097b,-0.175263374174265,GACAGTAACAGACGCTAAGCGCCCAATGCGAACAAAACTCCCGCTTCGAAAACTACACCTCGGAATCCTTCCAGCGATCAAGGGCCAGCAACACCACAAGCCTTCCACTGTATCAACACCGTTTTCAAAACGAAAACGTTAACGATCGGCCACTGTACTCCTTCTCCCACACATCCTAACCTCAGGGTGACAGATAGCAC,e22db9156e75d3b1694cf61f8d40b3f1c128954dcf661196073fd2f7fb172cc5,-0.0287969538521559,GACAGTAACAGACGCTAAGCGCCCAATGCGAACAAAACTCCCGCTTCGAAAACTACACCTCGGAATCCTTCCAGCGATCAAGGGCCAGCAACACCACAAACCTTCCACTGTATCAACACCGTTTTCAAAACGAAAACGTTAACGATCGGCCACTGTACTCCTTCTCCCACACATCCTAACCTCAGGGTGACAGATAGCAC,c3bdc0976790e2dd00be179d732ff79e6ca6f08baf397b086f7ea3df26c60ebd,-0.508993722598774,0.3049333945723531,0.555620195493229,-303.99601038265973,-266.67446130514145,-304.5514692943543,-267.7472279965877,0.5173077797516612,1.0,0.3049333945723531,0.0,2,0.17594771032265655,0.17490732828716207,0.146091925319964,0.24801942884715505,1.0
chr17:41984513:A:C;chr17:41984517:A:C;var1;middle;OL41|K562|fe6e932b3a54fe09,chr17:41984513:A:C;chr17:41984517:A:C;var1;middle;OL41,K562,K562_region_00905,100,104,4,GGGGGACCAGGGGGCCACCGGGACCCAGCGCAACCTCTGTCTCGCTCCCCAACCCCCGGAAGCGCTAACAGCACGGTTCTTACGTAATGCCGGGCTTCTAAGTACCCCCAACCCGCACAGCCCCCGGGGAGGCCGCGCAGATACCGGGGCCCCTCACAGCTCACCACCTTGGTGCCTGAAGCCACTTTGGAGCCCCTACC,913d4f33e0f063697141592f1d290ad5521307b13d6ede4bb4e626557d9af1a0,0.0,GGGGGACCAGGGGGCCACCGGGACCCAGCGCAACCTCTGTCTCGCTCCCCAACCCCCGGAAGCGCTAACAGCACGGTTCTTACGTAATGCCGGGCTTCTCAGTACCCCCAACCCGCACAGCCCCCGGGGAGGCCGCGCAGATACCGGGGCCCCTCACAGCTCACCACCTTGGTGCCTGAAGCCACTTTGGAGCCCCTACC,a738ac184571f2c4d2245d6e0aab20d8271946d89b1510d9a4903ed0ecfc66b0,0.596298295743107,GGGGGACCAGGGGGCCACCGGGACCCAGCGCAACCTCTGTCTCGCTCCCCAACCCCCGGAAGCGCTAACAGCACGGTTCTTACGTAATGCCGGGCTTCTAAGTCCCCCCAACCCGCACAGCCCCCGGGGAGGCCGCGCAGATACCGGGGCCCCTCACAGCTCACCACCTTGGTGCCTGAAGCCACTTTGGAGCCCCTACC,3d736352e8c1c74e57a7608be5103803b297c75ad451925ab8eab980dcd3a9fb,0.517369287924128,GGGGGACCAGGGGGCCACCGGGACCCAGCGCAACCTCTGTCTCGCTCCCCAACCCCCGGAAGCGCTAACAGCACGGTTCTTACGTAATGCCGGGCTTCTCAGTCCCCCCAACCCGCACAGCCCCCGGGGAGGCCGCGCAGATACCGGGGCCCCTCACAGCTCACCACCTTGGTGCCTGAAGCCACTTTGGAGCCCCTACC,fe6e932b3a54fe098e03dff8e75eec0f769fa0e68d6c5ce32da19d26889daf52,0.515935818945777,0.597731764721458,0.270284955547393,-265.3717154711485,-264.0011207014322,-265.04711435735226,-263.8139414638281,0.1374218761920929,1.0,0.597731764721458,0.0,0,0.18595255714292028,0.18565657667894103,0.15145376406925343,0.3410700408944457,1.0
chr17:42406560:C:T;chr17:42406644:T:C;var1;middle;OL41|K562|13e9e5e29770a7e8,chr17:42406560:C:T;chr17:42406644:T:C;var1;middle;OL41,K562,K562_region_00906,100,184,84,CAGGGCCAGCACTGTCTGCATCTAGAGTAGTCTCCCAAAGCAGGGCCCAGGGCTGCAGAACCACTGAGGCCCCCTACTGCCCAGAGGAAAAGTCCAAATCCCAGGCCCATAGCAAATGTAGTCTGATCTTTTTTTTTTTTTTTTTTTTTTTTTTGAGACGGAGTCTCGCTCTGTCGCCCAGGCTGGACTGCAGACTGCAG,24d7c787841482c89973ea23d4ed182b12f28613dc0519906979ee92c42c8ace,0.0,CAGGGCCAGCACTGTCTGCATCTAGAGTAGTCTCCCAAAGCAGGGCCCAGGGCTGCAGAACCACTGAGGCCCCCTACTGCCCAGAGGAAAAGTCCAAATTCCAGGCCCATAGCAAATGTAGTCTGATCTTTTTTTTTTTTTTTTTTTTTTTTTTGAGACGGAGTCTCGCTCTGTCGCCCAGGCTGGACTGCAGACTGCAG,698786ac7579eff62aa5848caecd4565418cefefaa9797191539dbccb84e1902,-0.0567426121050493,CAGGGCCAGCACTGTCTGCATCTAGAGTAGTCTCCCAAAGCAGGGCCCAGGGCTGCAGAACCACTGAGGCCCCCTACTGCCCAGAGGAAAAGTCCAAATCCCAGGCCCATAGCAAATGTAGTCTGATCTTTTTTTTTTTTTTTTTTTTTTTTTTGAGACGGAGTCTCGCTCTGTCGCCCAGGCCGGACTGCAGACTGCAG,0b25ec076c88d8d89192e84e27e1bbc35c1f41ade84bbe72dcc384addb6e6efd,0.133479531460604,CAGGGCCAGCACTGTCTGCATCTAGAGTAGTCTCCCAAAGCAGGGCCCAGGGCTGCAGAACCACTGAGGCCCCCTACTGCCCAGAGGAAAAGTCCAAATTCCAGGCCCATAGCAAATGTAGTCTGATCTTTTTTTTTTTTTTTTTTTTTTTTTTGAGACGGAGTCTCGCTCTGTCGCCCAGGCCGGACTGCAGACTGCAG,13e9e5e29770a7e8d48840a2e62f3399ead0c5a4a01b3a0bbb2db736317acf90,0.204345599361171,0.1276086800056163,0.199945084799295,-179.1592597605195,-179.0556369945407,-182.27361529460177,-182.2226931094192,-0.05270058079622686,-1.0,-0.1276086800056163,0.0,0,0.1857083660639585,0.18565657667894103,0.15145376406925343,0.20222589474374533,1.0
chr17:42786170:G:A;chr17:42786213:G:C;var1;middle;OL41|K562|8b4c864f309296a6,chr17:42786170:G:A;chr17:42786213:G:C;var1;middle;OL41,K562,K562_region_00907,100,143,43,CTGTAGCTGCCCTGAGATAACCAGGACTGTGGAATCGGGAAGAGCTCATGGAGCTCGCGAATGTAATACGGAGGCCTCTGAGGAAGGAGTACGGAGGCCGAGAAGGAGCCGGCATTTGATGAGCGAACCGGGAAAGGGTACGGATGCCGGGAAGGGGAGAAAGAAAGGCGGAAGGGGTCGTTAATAGCTGAGGCGAGGTG,469704e9f8dd65e4f27e345897a787248464ee6c4653a5e03209f4fc8afaae07,0.0,CTGTAGCTGCCCTGAGATAACCAGGACTGTGGAATCGGGAAGAGCTCATGGAGCTCGCGAATGTAATACGGAGGCCTCTGAGGAAGGAGTACGGAGGCCAAGAAGGAGCCGGCATTTGATGAGCGAACCGGGAAAGGGTACGGATGCCGGGAAGGGGAGAAAGAAAGGCGGAAGGGGTCGTTAATAGCTGAGGCGAGGTG,3d5408a3a0ffa882fcfebfc0b28a961ad74b7994b9c0285008f8fda3c38b237d,-1.57409343559374,CTGTAGCTGCCCTGAGATAACCAGGACTGTGGAATCGGGAAGAGCTCATGGAGCTCGCGAATGTAATACGGAGGCCTCTGAGGAAGGAGTACGGAGGCCGAGAAGGAGCCGGCATTTGATGAGCGAACCGGGAAAGGGTACGCATGCCGGGAAGGGGAGAAAGAAAGGCGGAAGGGGTCGTTAATAGCTGAGGCGAGGTG,87c125e050abce8c651c91c04a4588e2da21d42224cf5ce2d12f8bac410f0565,-1.01320356437685,CTGTAGCTGCCCTGAGATAACCAGGACTGTGGAATCGGGAAGAGCTCATGGAGCTCGCGAATGTAATACGGAGGCCTCTGAGGAAGGAGTACGGAGGCCAAGAAGGAGCCGGCATTTGATGAGCGAACCGGGAAAGGGTACGCATGCCGGGAAGGGGAGAAAGAAAGGCGGAAGGGGTCGTTAATAGCTGAGGCGAGGTG,8b4c864f309296a6451e1d25161017527a93ed3fa6a39ca295ed11e26b4cecff,-2.1435628483032,-0.4437341516673903,0.226402566085547,-397.376405170653,-394.5279625589028,-385.8886584700085,-384.41641509812325,1.3761992398649454,1.0,-0.4437341516673903,0.0,2,0.17719832573151767,0.17490732828716207,0.146091925319964,0.23610517506494552,1.0
chr17:42846305:C:A;chr17:42846331:G:T;var1;middle;OL41|K562|3cfb3d64d7fc2d75,chr17:42846305:C:A;chr17:42846331:G:T;var1;middle;OL41,K562,K562_region_00908,100,126,26,TCTGGAGTCAGTCTTCTGGAATGAACAAGGGGTGTGGAGAAGGCCCCAGCCCTGAGTCCTCTCAGCCCTTCCTGGGCCCTGCGGTTGCTGTGATCCAGGCGTCCTCAAGCGCCCAGGCCTGGGGGGCCGCCATCTTGCTCTGGCGTGGTGTGTTGCTGTGGCAACCTGGAGCCTCCAGCCCCACTGCACTCTGAAAAATT,452f1053ab7029781d8aa58e1b1bb40dcbe3fc62e7ba55b89bda2a963b952cc1,0.0,TCTGGAGTCAGTCTTCTGGAATGAACAAGGGGTGTGGAGAAGGCCCCAGCCCTGAGTCCTCTCAGCCCTTCCTGGGCCCTGCGGTTGCTGTGATCCAGGAGTCCTCAAGCGCCCAGGCCTGGGGGGCCGCCATCTTGCTCTGGCGTGGTGTGTTGCTGTGGCAACCTGGAGCCTCCAGCCCCACTGCACTCTGAAAAATT,8da5627037d1b94a160584808abf4517151a00fd3d8f13d349603a9d9a7e16fd,-0.217929810558764,TCTGGAGTCAGTCTTCTGGAATGAACAAGGGGTGTGGAGAAGGCCCCAGCCCTGAGTCCTCTCAGCCCTTCCTGGGCCCTGCGGTTGCTGTGATCCAGGCGTCCTCAAGCGCCCAGGCCTGGGGGTCCGCCATCTTGCTCTGGCGTGGTGTGTTGCTGTGGCAACCTGGAGCCTCCAGCCCCACTGCACTCTGAAAAATT,1296ec4075382af28a72cfb067005e46eb5b8baafa02c60b31560e0df2262933,-0.141755403978844,TCTGGAGTCAGTCTTCTGGAATGAACAAGGGGTGTGGAGAAGGCCCCAGCCCTGAGTCCTCTCAGCCCTTCCTGGGCCCTGCGGTTGCTGTGATCCAGGAGTCCTCAAGCGCCCAGGCCTGGGGGTCCGCCATCTTGCTCTGGCGTGGTGTGTTGCTGTGGCAACCTGGAGCCTCCAGCCCCACTGCACTCTGAAAAATT,3cfb3d64d7fc2d7593aae322916f69585a599bdbb87f8f6b5323962e93716e09,-0.32009206416009,-0.039593150377518,0.227790383609437,-332.7780568948947,-338.56254282197915,-343.9428689922206,-351.66825416404754,1.940899244742468,1.0,-0.039593150377518,0.0,4,0.17860489876902977,0.17620727786206916,0.145609630836647,0.21962990585369163,1.0
chr17:44018488:T:C;chr17:44018519:T:C;var1;middle;OL41|K562|5c7a50b9d9f3f59b,chr17:44018488:T:C;chr17:44018519:T:C;var1;middle;OL41,K562,K562_region_00909,100,131,31,GAGTTCCTCGAGTCAATTGCTTTTTCCTTGTTCTAGCCAGCCAGAGGGCTCCTGTTGGAAAACAGGAGACCGGAGAGGCTGAGGCCTGACCAAACCAGCTTCTGCAGGCCAGCTGGGAGGCCACAACTCCTACCTACGGGAAAACTGAAGGGCATCTCTATTTTTAGATTAGCAAAAGAAAATAAATTTAAGTTTGAGTC,fbf9e1774d5f8762785b0d4e4094b2780c90cceecdc913afa05b135433491da1,0.0,GAGTTCCTCGAGTCAATTGCTTTTTCCTTGTTCTAGCCAGCCAGAGGGCTCCTGTTGGAAAACAGGAGACCGGAGAGGCTGAGGCCTGACCAAACCAGCCTCTGCAGGCCAGCTGGGAGGCCACAACTCCTACCTACGGGAAAACTGAAGGGCATCTCTATTTTTAGATTAGCAAAAGAAAATAAATTTAAGTTTGAGTC,90ec45176b77dc226f5a70cabe3a74f511fbceb6c5b586cf430ab034c77bd682,0.384760918403488,GAGTTCCTCGAGTCAATTGCTTTTTCCTTGTTCTAGCCAGCCAGAGGGCTCCTGTTGGAAAACAGGAGACCGGAGAGGCTGAGGCCTGACCAAACCAGCTTCTGCAGGCCAGCTGGGAGGCCACAACTCCCACCTACGGGAAAACTGAAGGGCATCTCTATTTTTAGATTAGCAAAAGAAAATAAATTTAAGTTTGAGTC,b1ec665777a8e83a9dc4bccf0a5cd55cae1aae2275496963d7cfc0fcfd21a5d5,0.444551099756463,GAGTTCCTCGAGTCAATTGCTTTTTCCTTGTTCTAGCCAGCCAGAGGGCTCCTGTTGGAAAACAGGAGACCGGAGAGGCTGAGGCCTGACCAAACCAGCCTCTGCAGGCCAGCTGGGAGGCCACAACTCCCACCTACGGGAAAACTGAAGGGCATCTCTATTTTTAGATTAGCAAAAGAAAATAAATTTAAGTTTGAGTC,5c7a50b9d9f3f59b77d1e9504d729c1ec110dc8ba3a9a3a430e74023a4192f81,0.42410040361233,0.4052116145476209,0.466983843419817,-246.06476655602447,-244.0511459261179,-245.0756164062768,-242.07017562538385,-0.9918201509863991,1.0,0.4052116145476209,0.0,0,0.18450217177869863,0.18565657667894103,0.15145376406925343,0.13344322118569846,1.0
chr17:44083323:C:T;chr17:44083402:G:A;var1;middle;OL41|K562|c831d3d04de7f47e,chr17:44083323:C:T;chr17:44083402:G:A;var1;middle;OL41,K562,K562_region_00910,100,179,79,AGGACAGCCCAGGACAACTTTGTTGTCACATAGATAGCCTGTGGCTACAAACTCTGAGATCTAGATTCTTCTGTGGCTGCTTCTGACCTGAGAAAGTTGCGGAACCTCAGCGAGCCTCACATGGCCTCCTTGTCCTTAACGTGGGGACGGTGGGCAAGAAAGGTGATGTGGCACTAGAGATTTATCCATCTCTAAAGGAG,dcdcb5b9d8612d8ade71e83fab159f056ced40d78be99971c7e2599d093701f2,0.0,AGGACAGCCCAGGACAACTTTGTTGTCACATAGATAGCCTGTGGCTACAAACTCTGAGATCTAGATTCTTCTGTGGCTGCTTCTGACCTGAGAAAGTTGTGGAACCTCAGCGAGCCTCACATGGCCTCCTTGTCCTTAACGTGGGGACGGTGGGCAAGAAAGGTGATGTGGCACTAGAGATTTATCCATCTCTAAAGGAG,9f2d58dbc05056404f9bef191f2a2b80ac46555e5e0c8fb7efca2121f448f9bd,-0.0299840380603574,AGGACAGCCCAGGACAACTTTGTTGTCACATAGATAGCCTGTGGCTACAAACTCTGAGATCTAGATTCTTCTGTGGCTGCTTCTGACCTGAGAAAGTTGCGGAACCTCAGCGAGCCTCACATGGCCTCCTTGTCCTTAACGTGGGGACGGTGGGCAAGAAAGGTGATGTGGCACTAGAAATTTATCCATCTCTAAAGGAG,dea4a2fe3abc0169dc3f6849d585d958b57131aeca60bab8c9a43001ac95c9f1,-0.0826650815234544,AGGACAGCCCAGGACAACTTTGTTGTCACATAGATAGCCTGTGGCTACAAACTCTGAGATCTAGATTCTTCTGTGGCTGCTTCTGACCTGAGAAAGTTGTGGAACCTCAGCGAGCCTCACATGGCCTCCTTGTCCTTAACGTGGGGACGGTGGGCAAGAAAGGTGATGTGGCACTAGAAATTTATCCATCTCTAAAGGAG,c831d3d04de7f47e2bb7ca970aa3e76bd41b2c87b00f117fae0a83bb932799f9,0.0439713812559471,0.1566205008397589,0.285102646378131,-245.7809063643217,-240.4790165424347,-247.6867926567793,-242.3202752023936,0.0646276324986843,-1.0,-0.1566205008397589,0.0,0,0.18585906106049382,0.18565657667894103,0.15145376406925343,0.1300482587517544,1.0
chr17:44368902:G:A;chr17:44368926:C:A;var1;middle;OL41|K562|2d54db49623a48f3,chr17:44368902:G:A;chr17:44368926:C:A;var1;middle;OL41,K562,K562_region_00911,100,124,24,TAACAGTAAGAGTTTCTCGGGGGTAAGGGAGGCTAACATGCTGTGTGTGAGGCAGTGATAGGCTCCCTGCTGGAAGTTAAGGGTTGACTGGGCTACACTGGGCTTCAGGAGAGAAGAAAACAACACTCCTCTCACTCAAAATAAGCTTGCAAAATTCAAATGTTTGAAAATGAAAATGTGTAATATGAAAAAAAGACAAC,0ce5c550d34de42dba377f818071f33d4c3e06cd165771401f768883f82e1127,0.0,TAACAGTAAGAGTTTCTCGGGGGTAAGGGAGGCTAACATGCTGTGTGTGAGGCAGTGATAGGCTCCCTGCTGGAAGTTAAGGGTTGACTGGGCTACACTAGGCTTCAGGAGAGAAGAAAACAACACTCCTCTCACTCAAAATAAGCTTGCAAAATTCAAATGTTTGAAAATGAAAATGTGTAATATGAAAAAAAGACAAC,e7994ef492c50b0e5493741feca43fcf01b86c8a4cc48dd641e2b46d81bb8006,-0.231077483177377,TAACAGTAAGAGTTTCTCGGGGGTAAGGGAGGCTAACATGCTGTGTGTGAGGCAGTGATAGGCTCCCTGCTGGAAGTTAAGGGTTGACTGGGCTACACTGGGCTTCAGGAGAGAAGAAAACAAAACTCCTCTCACTCAAAATAAGCTTGCAAAATTCAAATGTTTGAAAATGAAAATGTGTAATATGAAAAAAAGACAAC,418eeda610ddbd9e9d252695cd14d741e81aaf992b04c5976fc8414cb56feaf7,-0.160653098672673,TAACAGTAAGAGTTTCTCGGGGGTAAGGGAGGCTAACATGCTGTGTGTGAGGCAGTGATAGGCTCCCTGCTGGAAGTTAAGGGTTGACTGGGCTACACTAGGCTTCAGGAGAGAAGAAAACAAAACTCCTCTCACTCAAAATAAGCTTGCAAAATTCAAATGTTTGAAAATGAAAATGTGTAATATGAAAAAAAGACAAC,2d54db49623a48f39303704f334b2b92796760f6fe3fb9d4d514bf3241b9131d,-0.104140163965177,0.287590417884873,0.377542006573329,-271.1154505372979,-275.8633989938535,-269.691982710734,-274.2924395790324,0.14749158825719633,-1.0,-0.287590417884873,0.0,2,0.17540922804752912,0.17490732828716207,0.146091925319964,0.22406740972552064,1.0
chr17:44800046:G:A;chr17:44800110:G:A;var1;middle;OL41|K562|27fb066e928edf8e,chr17:44800046:G:A;chr17:44800110:G:A;var1;middle;OL41,K562,K562_region_00912,100,164,64,GCCAGCCAACTCTGAGTATCTTCTTAGTGAGAATTCTGCTGGGGCCTGGGCCAGAAAGGGTGAAAGGGACTAAGGGACTGAGGAGACTAGGCAGAAATCGTGGATCCTGGGAAGAGTTATGAGCACAGGTTACACTAGTGACTAGATAAGGAAGAAAATGTACGTGTGAGAAGAAAAAGGGATGTGTGTGTATGTATGTA,7816094ea3792db6a396c0d5a427c1ea36fc4d02c87d7bec6a5f4abb5e3dc378,0.0,GCCAGCCAACTCTGAGTATCTTCTTAGTGAGAATTCTGCTGGGGCCTGGGCCAGAAAGGGTGAAAGGGACTAAGGGACTGAGGAGACTAGGCAGAAATCATGGATCCTGGGAAGAGTTATGAGCACAGGTTACACTAGTGACTAGATAAGGAAGAAAATGTACGTGTGAGAAGAAAAAGGGATGTGTGTGTATGTATGTA,a705353787116f51a0c82b8e3c37a548bc741a210fb647e541adf58fb62354f3,-0.229514300299266,GCCAGCCAACTCTGAGTATCTTCTTAGTGAGAATTCTGCTGGGGCCTGGGCCAGAAAGGGTGAAAGGGACTAAGGGACTGAGGAGACTAGGCAGAAATCGTGGATCCTGGGAAGAGTTATGAGCACAGGTTACACTAGTGACTAGATAAGGAAGAAAATGTACATGTGAGAAGAAAAAGGGATGTGTGTGTATGTATGTA,2438c90c2c6f0fd872bc46b2f6d9c50238e6861335ed12f5ccd0f8d7eb0d8cf0,-0.403733621662194,GCCAGCCAACTCTGAGTATCTTCTTAGTGAGAATTCTGCTGGGGCCTGGGCCAGAAAGGGTGAAAGGGACTAAGGGACTGAGGAGACTAGGCAGAAATCATGGATCCTGGGAAGAGTTATGAGCACAGGTTACACTAGTGACTAGATAAGGAAGAAAATGTACATGTGAGAAGAAAAAGGGATGTGTGTGTATGTATGTA,27fb066e928edf8e49433d324ae981ece2d92ebe714e022553b9468ab96dab07,-0.438649531786995,-0.1945983901744649,0.336238580142738,-321.173677949002,-319.1048958309693,-325.2079477426014,-319.76373937918106,-3.3754262453876436,1.0,-0.1945983901744649,0.0,3,0.17467426142582104,0.18106719778262317,0.1474303780702046,0.1539698753431704,1.0
chr17:44848438:G:T;chr17:44848517:C:A;var1;middle;OL41|K562|33a05c13639d696d,chr17:44848438:G:T;chr17:44848517:C:A;var1;middle;OL41,K562,K562_region_00913,100,179,79,CAGGCTGTGAAACGCCGGGCCGGCCTAGTCGGCAAAATTGGTCATAAATGTGACCAAATTTATTTAGAAGCCAGGCGCCCGCCTCCCCTCCTGGGCTGTGGGCCGAGTGCTGCAAGAAGGAAGCCCGGGACCCCTCTTGGCTCCCGCGGCCGCTCTCCGCGGCCCCCACGCCCTCCTGCGCCACCTACAGAGGGGCCCGT,aeec7e4766c1c4fdc5119b4256ea89c8fbdbbfeb06c55c500a595a1acd4cc7cb,0.0,CAGGCTGTGAAACGCCGGGCCGGCCTAGTCGGCAAAATTGGTCATAAATGTGACCAAATTTATTTAGAAGCCAGGCGCCCGCCTCCCCTCCTGGGCTGTTGGCCGAGTGCTGCAAGAAGGAAGCCCGGGACCCCTCTTGGCTCCCGCGGCCGCTCTCCGCGGCCCCCACGCCCTCCTGCGCCACCTACAGAGGGGCCCGT,3c303b7ad09c70886055fca99c3d6ef2e35d952c071ddf63eddfaf2c6b718f2c,0.266179649580564,CAGGCTGTGAAACGCCGGGCCGGCCTAGTCGGCAAAATTGGTCATAAATGTGACCAAATTTATTTAGAAGCCAGGCGCCCGCCTCCCCTCCTGGGCTGTGGGCCGAGTGCTGCAAGAAGGAAGCCCGGGACCCCTCTTGGCTCCCGCGGCCGCTCTCCGCGGCCCCCACGCCCTCCTGAGCCACCTACAGAGGGGCCCGT,99168702ad42071dda7813152ee8c70b2f0d8d658437a4207226bf38bd6287c2,-1.46332584180806,CAGGCTGTGAAACGCCGGGCCGGCCTAGTCGGCAAAATTGGTCATAAATGTGACCAAATTTATTTAGAAGCCAGGCGCCCGCCTCCCCTCCTGGGCTGTTGGCCGAGTGCTGCAAGAAGGAAGCCCGGGACCCCTCTTGGCTCCCGCGGCCGCTCTCCGCGGCCCCCACGCCCTCCTGAGCCACCTACAGAGGGGCCCGT,33a05c13639d696db7f5ba29482d44ddd69500902ef29f7ca75e3fddf238d8c8,-1.32781521535507,-0.130669023127574,0.324040497617566,-350.6568083371967,-350.51525986008346,-350.148209111765,-348.1944309985265,1.8122296361252666,-1.0,0.130669023127574,0.0,1,0.18420899435750226,0.18216460459877223,0.1501433469024087,0.09094379768095348,1.0
chr17:4522811:T:G;chr17:4522898:C:T;var1;middle;OL28|K562|82f22fece2f11782,chr17:4522811:T:G;chr17:4522898:C:T;var1;middle;OL28,K562,K562_region_00847,100,187,87,TGCCTCCCGGGTTCACGCCATTCTCCTGCCTCAGCCTCCTGAGTAGCTGGGACTACAGGCACCCCCCCACCACACCCGGCTAATTTTTTGTATTTTTTTTCACTAGAGATGGGGTTCCACTGTGTTGGCCAGGATGGTCTCGATCTCCTGACCTCGTGATCCACCCGCCTCGGCCTCCCAAAGTGCCGGGATTACAGGCG,b922b144b294db5722ff04d28a9538ade6f13a875b414858f0fb80c54bdc1493,0.0,TGCCTCCCGGGTTCACGCCATTCTCCTGCCTCAGCCTCCTGAGTAGCTGGGACTACAGGCACCCCCCCACCACACCCGGCTAATTTTTTGTATTTTTTTGCACTAGAGATGGGGTTCCACTGTGTTGGCCAGGATGGTCTCGATCTCCTGACCTCGTGATCCACCCGCCTCGGCCTCCCAAAGTGCCGGGATTACAGGCG,d66d7aba339b4283e594d8e77f723909a47fd67bc54b8a9ec08401bef1309505,-0.58403009313067,TGCCTCCCGGGTTCACGCCATTCTCCTGCCTCAGCCTCCTGAGTAGCTGGGACTACAGGCACCCCCCCACCACACCCGGCTAATTTTTTGTATTTTTTTTCACTAGAGATGGGGTTCCACTGTGTTGGCCAGGATGGTCTCGATCTCCTGACCTCGTGATCCACCCGCCTCGGCCTCCCAAAGTGCTGGGATTACAGGCG,0863a7a54b82a0aadc1ca9ef48fc6a4e796896b13edda71d2a6642b1f790ed99,0.102245130882062,TGCCTCCCGGGTTCACGCCATTCTCCTGCCTCAGCCTCCTGAGTAGCTGGGACTACAGGCACCCCCCCACCACACCCGGCTAATTTTTTGTATTTTTTTGCACTAGAGATGGGGTTCCACTGTGTTGGCCAGGATGGTCTCGATCTCCTGACCTCGTGATCCACCCGCCTCGGCCTCCCAAAGTGCTGGGATTACAGGCG,82f22fece2f117823383b1f810aa2b07049e1e6020b8b1589383045fb5320504,-0.401828514428161,0.079956447820447,0.200893076416585,-54.1711977829691,-57.5924754824955,-49.533172386698425,-52.91782449022867,0.036625595996156335,-1.0,-0.079956447820447,0.0,0,0.18582309556954132,0.18565657667894103,0.15145376406925343,0.23486894288833643,1.0
chr17:45771873:T:C;chr17:45771933:G:C;var1;middle;OL41|K562|131d41155b03f12a,chr17:45771873:T:C;chr17:45771933:G:C;var1;middle;OL41,K562,K562_region_00914,100,160,60,CCCGGCCCCGAGAGGGTGTCCGGGGGCCCAGGGCTCGGCCGGTTGTGGGGGAGGGGGCTGCGTGGTCTCGGCCCCCGAGAGGGGAGGGGCGACAATTTCTGTCGGCCGAGCGAAAGGGGTTTAAAGGGCGGCTCTTAAAGGGGCCGCAGGAGGGGCCCGGGCCGACAGAGGCACTCACCCCTTCCCCAGCCGCCTTCCAT,5d8186009fc7c72d459ee242224012875cd0bb6a7c16b8d67a2403cd92cbcc22,0.0,CCCGGCCCCGAGAGGGTGTCCGGGGGCCCAGGGCTCGGCCGGTTGTGGGGGAGGGGGCTGCGTGGTCTCGGCCCCCGAGAGGGGAGGGGCGACAATTTCCGTCGGCCGAGCGAAAGGGGTTTAAAGGGCGGCTCTTAAAGGGGCCGCAGGAGGGGCCCGGGCCGACAGAGGCACTCACCCCTTCCCCAGCCGCCTTCCAT,bb75b2ebd5fd4fa11af8ba31d06cefc554f8f41c93c8e5c6ff328ee8defc9e9f,0.19831622175654,CCCGGCCCCGAGAGGGTGTCCGGGGGCCCAGGGCTCGGCCGGTTGTGGGGGAGGGGGCTGCGTGGTCTCGGCCCCCGAGAGGGGAGGGGCGACAATTTCTGTCGGCCGAGCGAAAGGGGTTTAAAGGGCGGCTCTTAAAGGGGCCGCAGGAGGGGCCCGCGCCGACAGAGGCACTCACCCCTTCCCCAGCCGCCTTCCAT,bbf30611758396a74997d3f03d70193ee23da5b176c7ef56c93596d1622a9b02,0.737864726744885,CCCGGCCCCGAGAGGGTGTCCGGGGGCCCAGGGCTCGGCCGGTTGTGGGGGAGGGGGCTGCGTGGTCTCGGCCCCCGAGAGGGGAGGGGCGACAATTTCCGTCGGCCGAGCGAAAGGGGTTTAAAGGGCGGCTCTTAAAGGGGCCGCAGGAGGGGCCCGCGCCGACAGAGGCACTCACCCCTTCCCCAGCCGCCTTCCAT,131d41155b03f12a40bc10d57c3c220ee9ab841c299e42a294afa705db3cd72e,0.538161598087224,0.398019350414201,0.254899613092977,-269.5190804353915,-270.24197234539315,-280.6084069246426,-286.8994344412349,5.568135606590658,1.0,0.398019350414201,0.0,0,0.1929277028798604,0.18565657667894103,0.15145376406925343,0.43097661534709364,1.0
chr17:4642787:C:A;chr17:4642814:G:T;var1;middle;OL41|K562|d9fbbe7b0aac5d69,chr17:4642787:C:A;chr17:4642814:G:T;var1;middle;OL41,K562,K562_region_00848,100,127,27,ACATGCTCCGGCGCGTGACGTCCAGCTGGTGTCTCAATGGCTTTCGCCGGGGACCGGAGGAGACGGCGGCCGGAGAGGAGGCGCGAGCCAGCTGCACCCCCCGGCCCTGCTGTGCCCCGACCGTGCGCTCAGTACTCGGCCCGCGCCATGCCAGCCTCTGGACGCAGGGAAAGCCGAGGAGGTGGAGCTCCCGCGCCCTG,1d2af55f2cf8766467dbe9de6ae953beef72ce237118e94be9eaceb6b4d043ec,0.0,ACATGCTCCGGCGCGTGACGTCCAGCTGGTGTCTCAATGGCTTTCGCCGGGGACCGGAGGAGACGGCGGCCGGAGAGGAGGCGCGAGCCAGCTGCACCCACCGGCCCTGCTGTGCCCCGACCGTGCGCTCAGTACTCGGCCCGCGCCATGCCAGCCTCTGGACGCAGGGAAAGCCGAGGAGGTGGAGCTCCCGCGCCCTG,e0cd00ef3c9895e6629dfc24c15d70d63e4ce9f95529314facb61c13eef62da1,0.0110823843817479,ACATGCTCCGGCGCGTGACGTCCAGCTGGTGTCTCAATGGCTTTCGCCGGGGACCGGAGGAGACGGCGGCCGGAGAGGAGGCGCGAGCCAGCTGCACCCCCCGGCCCTGCTGTGCCCCGACCGTGCTCTCAGTACTCGGCCCGCGCCATGCCAGCCTCTGGACGCAGGGAAAGCCGAGGAGGTGGAGCTCCCGCGCCCTG,f9c289b463ab48986b8ece0bca7fc2083e053ac44cb498bf88484ac9cd3481a3,-0.12844959377872,ACATGCTCCGGCGCGTGACGTCCAGCTGGTGTCTCAATGGCTTTCGCCGGGGACCGGAGGAGACGGCGGCCGGAGAGGAGGCGCGAGCCAGCTGCACCCACCGGCCCTGCTGTGCCCCGACCGTGCTCTCAGTACTCGGCCCGCGCCATGCCAGCCTCTGGACGCAGGGAAAGCCGAGGAGGTGGAGCTCCCGCGCCCTG,d9fbbe7b0aac5d6995b246a4da63a97ddaef00c8b3b4a5d9b68f671209fb639f,-0.213391457261172,0.0960242478641999,0.469836272691605,-265.5825701057911,-261.56494880467653,-267.4944877997041,-263.80684673041105,0.329980231821537,1.0,0.0960242478641999,0.0,3,0.18213763709676403,0.18106719778262317,0.1474303780702046,0.15987005004450144,1.0
chr17:4642787:C:A;chr17:4642815:C:T;var1;middle;OL41|K562|6d445acc9f99f146,chr17:4642787:C:A;chr17:4642815:C:T;var1;middle;OL41,K562,K562_region_00848,100,128,28,ACATGCTCCGGCGCGTGACGTCCAGCTGGTGTCTCAATGGCTTTCGCCGGGGACCGGAGGAGACGGCGGCCGGAGAGGAGGCGCGAGCCAGCTGCACCCCCCGGCCCTGCTGTGCCCCGACCGTGCGCTCAGTACTCGGCCCGCGCCATGCCAGCCTCTGGACGCAGGGAAAGCCGAGGAGGTGGAGCTCCCGCGCCCTG,1d2af55f2cf8766467dbe9de6ae953beef72ce237118e94be9eaceb6b4d043ec,0.0,ACATGCTCCGGCGCGTGACGTCCAGCTGGTGTCTCAATGGCTTTCGCCGGGGACCGGAGGAGACGGCGGCCGGAGAGGAGGCGCGAGCCAGCTGCACCCACCGGCCCTGCTGTGCCCCGACCGTGCGCTCAGTACTCGGCCCGCGCCATGCCAGCCTCTGGACGCAGGGAAAGCCGAGGAGGTGGAGCTCCCGCGCCCTG,e0cd00ef3c9895e6629dfc24c15d70d63e4ce9f95529314facb61c13eef62da1,0.0094571114447413,ACATGCTCCGGCGCGTGACGTCCAGCTGGTGTCTCAATGGCTTTCGCCGGGGACCGGAGGAGACGGCGGCCGGAGAGGAGGCGCGAGCCAGCTGCACCCCCCGGCCCTGCTGTGCCCCGACCGTGCGTTCAGTACTCGGCCCGCGCCATGCCAGCCTCTGGACGCAGGGAAAGCCGAGGAGGTGGAGCTCCCGCGCCCTG,e42038cac8170fc9e7f93a07f7ab530885481f94ea8ed7d9657248625b1abb34,-0.688541736147191,ACATGCTCCGGCGCGTGACGTCCAGCTGGTGTCTCAATGGCTTTCGCCGGGGACCGGAGGAGACGGCGGCCGGAGAGGAGGCGCGAGCCAGCTGCACCCACCGGCCCTGCTGTGCCCCGACCGTGCGTTCAGTACTCGGCCCGCGCCATGCCAGCCTCTGGACGCAGGGAAAGCCGAGGAGGTGGAGCTCCCGCGCCCTG,6d445acc9f99f146c6cd24b902e47f959d4f53e58d234c4db81db8f733cfe966,-0.119616105537617,0.5594685191648328,0.643104750112187,-265.5825701057911,-261.56494880467653,-271.9035953078419,-266.4675748515874,1.418399155139923,-1.0,-0.5594685191648328,0.0,3,0.18432991461396822,0.18106719778262317,0.1474303780702046,0.17814059068853694,1.0
chr17:46891962:G:C;chr17:46892047:T:A;var1;middle;OL41|K562|3faa8ab6e04ab18a,chr17:46891962:G:C;chr17:46892047:T:A;var1;middle;OL41,K562,K562_region_00915,100,185,85,GTTTCCTTCCATTTTAGTATAGGGTTTGATCTTGAGATCTTCCAAGCCAGAGGCTGTCAACAAGATCCTGGTTAGACAGCACGAAAATGTCCTACATTGGCCACCAGGGGGAGGGAATGAGCACTGGGACGGGTCCACTGGGACGGGTCCATTGCGGGTTATTTGGAAAAAACTCAGAGGAGGGTCCCTGTCTTATTTCC,8f8e66d28794237f7c81adbac7bf699f223d7c53b782517128a388fd3ada3a0f,0.0,GTTTCCTTCCATTTTAGTATAGGGTTTGATCTTGAGATCTTCCAAGCCAGAGGCTGTCAACAAGATCCTGGTTAGACAGCACGAAAATGTCCTACATTGCCCACCAGGGGGAGGGAATGAGCACTGGGACGGGTCCACTGGGACGGGTCCATTGCGGGTTATTTGGAAAAAACTCAGAGGAGGGTCCCTGTCTTATTTCC,99c2c8f78fe94768b7318b3763fd5366771682e3f8e44cc1bd6ca03764635ed6,-0.316870709915988,GTTTCCTTCCATTTTAGTATAGGGTTTGATCTTGAGATCTTCCAAGCCAGAGGCTGTCAACAAGATCCTGGTTAGACAGCACGAAAATGTCCTACATTGGCCACCAGGGGGAGGGAATGAGCACTGGGACGGGTCCACTGGGACGGGTCCATTGCGGGTTATTTGGAAAAAACTCAGAGGAGGGACCCTGTCTTATTTCC,3dceca5474a6838fdc42c1c3667a2932351cbeaae5b492826c44084bc0367741,0.483836591929663,GTTTCCTTCCATTTTAGTATAGGGTTTGATCTTGAGATCTTCCAAGCCAGAGGCTGTCAACAAGATCCTGGTTAGACAGCACGAAAATGTCCTACATTGCCCACCAGGGGGAGGGAATGAGCACTGGGACGGGTCCACTGGGACGGGTCCATTGCGGGTTATTTGGAAAAAACTCAGAGGAGGGACCCTGTCTTATTTCC,3faa8ab6e04ab18a8afa0e8cf0eba115610477a6434c08077cbf3c52af602b4c,0.0781444271263355,-0.0888214548873395,0.168487302892932,-345.262036610744,-347.7989154085517,-336.20410164562054,-336.6601012556348,2.080879187793414,-1.0,0.0888214548873395,0.0,3,0.18566427223130458,0.18106719778262317,0.1474303780702046,0.028244010546515153,1.0
chr17:47454507:C:T;chr17:47454515:G:T;var1;middle;OL30|K562|f38b334f7064c250,chr17:47454507:C:T;chr17:47454515:G:T;var1;middle;OL30,K562,K562_region_00916,100,108,8,AGCAGCTCCTGTACTTTAAGGAGCTGTTCATTTCCTCACTGGACTGTAAGCTACGTGAGGGGATAGGACCTCCCATTTGACCTTTGGTCTCCCTTAGTACCTGGCATGGTCCTCAGCTCATCAAATAAAGGTCCCCAGGGACAAGAGTTCTTACCCTGCCTGCCAGCATGCCCTGGACTGGAGATGCAGCCCCTCCAGCT,3bd135f39732a4688f706be4e7b8789e39cbaf14597295f5a45aa79e18d94ebb,0.0,AGCAGCTCCTGTACTTTAAGGAGCTGTTCATTTCCTCACTGGACTGTAAGCTACGTGAGGGGATAGGACCTCCCATTTGACCTTTGGTCTCCCTTAGTATCTGGCATGGTCCTCAGCTCATCAAATAAAGGTCCCCAGGGACAAGAGTTCTTACCCTGCCTGCCAGCATGCCCTGGACTGGAGATGCAGCCCCTCCAGCT,aa5021b42d54fb488529d693e3f690fab6acf18173b3abb1f3192b05f92b027f,0.855290551749732,AGCAGCTCCTGTACTTTAAGGAGCTGTTCATTTCCTCACTGGACTGTAAGCTACGTGAGGGGATAGGACCTCCCATTTGACCTTTGGTCTCCCTTAGTACCTGGCATTGTCCTCAGCTCATCAAATAAAGGTCCCCAGGGACAAGAGTTCTTACCCTGCCTGCCAGCATGCCCTGGACTGGAGATGCAGCCCCTCCAGCT,c6bfe6928f3858fcc4c9982507a0bd6cbea086be87de2671268480e53d61ac6b,0.169335941718305,AGCAGCTCCTGTACTTTAAGGAGCTGTTCATTTCCTCACTGGACTGTAAGCTACGTGAGGGGATAGGACCTCCCATTTGACCTTTGGTCTCCCTTAGTATCTGGCATTGTCCTCAGCTCATCAAATAAAGGTCCCCAGGGACAAGAGTTCTTACCCTGCCTGCCAGCATGCCCTGGACTGGAGATGCAGCCCCTCCAGCT,f38b334f7064c250abf21a5ba2e5eefe2bd6a0702176385b2bbff64383afb0b4,1.26797641748115,-0.2433499240131131,0.337022653488587,-265.27837197855115,-265.5094203557819,-265.2341705560684,-264.6143327872269,-0.8508861460722983,1.0,-0.2433499240131131,0.0,2,0.1739555093456903,0.17490732828716207,0.146091925319964,0.16159530292008858,1.0
chr17:4805389:G:A;chr17:4805437:C:A;var1;middle;OL41|K562|1c2e1e5053a33fc3,chr17:4805389:G:A;chr17:4805437:C:A;var1;middle;OL41,K562,K562_region_00849,100,148,48,CTGCGGTAGATGGCCGGAGGCAGCCACGTCACGGAGCCGCCCTCGTAGACGAGCACGTTGGCGTCGTAGGCCACTCCGAACTGGCCATCAATACTGTGGGCTCGGGGAAACCGAGCTTTTTGCACAGGTCTGCACCCTCTCAGAGTACCCCCTTCCCCAACCAAGTCCAGCCCGCACCCCAGGCCGGCTTCCCTCCAGCC,36a8531da474680202ae6392ffdd7b40a008f630f37bb4887032bd215594bbf2,0.0,CTGCGGTAGATGGCCGGAGGCAGCCACGTCACGGAGCCGCCCTCGTAGACGAGCACGTTGGCGTCGTAGGCCACTCCGAACTGGCCATCAATACTGTGGACTCGGGGAAACCGAGCTTTTTGCACAGGTCTGCACCCTCTCAGAGTACCCCCTTCCCCAACCAAGTCCAGCCCGCACCCCAGGCCGGCTTCCCTCCAGCC,62780e47389b9221b8176e27761b57cc69410e8b6a57613eac8dd89263ee68d4,-0.0237640063043076,CTGCGGTAGATGGCCGGAGGCAGCCACGTCACGGAGCCGCCCTCGTAGACGAGCACGTTGGCGTCGTAGGCCACTCCGAACTGGCCATCAATACTGTGGGCTCGGGGAAACCGAGCTTTTTGCACAGGTCTGCACCCTCTCAGAGTAACCCCTTCCCCAACCAAGTCCAGCCCGCACCCCAGGCCGGCTTCCCTCCAGCC,0b3ba274b09d057fb099fceeb7cbd8e57f5b1fb621665f77926f7f44385b0d47,-0.603762618952209,CTGCGGTAGATGGCCGGAGGCAGCCACGTCACGGAGCCGCCCTCGTAGACGAGCACGTTGGCGTCGTAGGCCACTCCGAACTGGCCATCAATACTGTGGACTCGGGGAAACCGAGCTTTTTGCACAGGTCTGCACCCTCTCAGAGTAACCCCTTCCCCAACCAAGTCCAGCCCGCACCCCAGGCCGGCTTCCCTCCAGCC,1c2e1e5053a33fc39d5b0efb15cce785f0ae971495addbc733240ec822616229,-0.844154131426098,0.2166275061695813,0.557941027360985,-334.13289013225585,-338.62995557300746,-333.98631790839136,-339.3869348047301,0.9035514555871487,1.0,0.2166275061695813,0.0,2,0.17651011234317646,0.17490732828716207,0.146091925319964,0.16275308757194473,1.0
chr17:4807098:T:C;chr17:4807150:C:T;var1;middle;OL41|K562|0d70a49a65225ddf,chr17:4807098:T:C;chr17:4807150:C:T;var1;middle;OL41,K562,K562_region_00850,100,152,52,CTGGGTGGGAGACTTGTTTCTCCTTGTCTATCCCTGCTGCCACCTTGTGGTCACAGATGATAGTACCGTCTTCCCATCCTACTCTCCTAAACACACACGTGCACACATACACACACACCTGATGACACCTTAATAGATCCTTTTGATGTTCCTTTTTAAAAAAAATTTTTTTGAGACCAAGTCTCGCTCTGGCGCCCAGA,f14f1d3247d5b1d3184bac47e733b23fa9e58bdbb448e59f278b1576b8980378,0.0,CTGGGTGGGAGACTTGTTTCTCCTTGTCTATCCCTGCTGCCACCTTGTGGTCACAGATGATAGTACCGTCTTCCCATCCTACTCTCCTAAACACACACGCGCACACATACACACACACCTGATGACACCTTAATAGATCCTTTTGATGTTCCTTTTTAAAAAAAATTTTTTTGAGACCAAGTCTCGCTCTGGCGCCCAGA,48e964be2e100ec22796fe90be51e27cef8911b2947189d20a5837a80c36d464,0.0825910305106126,CTGGGTGGGAGACTTGTTTCTCCTTGTCTATCCCTGCTGCCACCTTGTGGTCACAGATGATAGTACCGTCTTCCCATCCTACTCTCCTAAACACACACGTGCACACATACACACACACCTGATGACACCTTAATAGATCCTTTTGATGTTCTTTTTTAAAAAAAATTTTTTTGAGACCAAGTCTCGCTCTGGCGCCCAGA,b86d384074ebd1b0725e5daa4c311f81bc7fc14009566d1e38783ac615cc7853,-0.0990084726805177,CTGGGTGGGAGACTTGTTTCTCCTTGTCTATCCCTGCTGCCACCTTGTGGTCACAGATGATAGTACCGTCTTCCCATCCTACTCTCCTAAACACACACGCGCACACATACACACACACCTGATGACACCTTAATAGATCCTTTTGATGTTCTTTTTTAAAAAAAATTTTTTTGAGACCAAGTCTCGCTCTGGCGCCCAGA,0d70a49a65225ddfc03c2cac453539a2230a9a8263f56c3522b6ac40b7cb753b,0.184172776580869,0.2005902187507741,0.308303286301036,-197.76952945720404,-199.73343372438103,-195.77547597931692,-197.4724248200655,0.2669554264284102,-1.0,-0.2005902187507741,0.0,0,0.18611892853268147,0.18565657667894103,0.15145376406925343,0.14931030992799826,1.0
chr17:4807098:T:C;chr17:4807164:T:A;var1;middle;OL41|K562|74b9829a99fbe730,chr17:4807098:T:C;chr17:4807164:T:A;var1;middle;OL41,K562,K562_region_00850,100,166,66,CTGGGTGGGAGACTTGTTTCTCCTTGTCTATCCCTGCTGCCACCTTGTGGTCACAGATGATAGTACCGTCTTCCCATCCTACTCTCCTAAACACACACGTGCACACATACACACACACCTGATGACACCTTAATAGATCCTTTTGATGTTCCTTTTTAAAAAAAATTTTTTTGAGACCAAGTCTCGCTCTGGCGCCCAGA,f14f1d3247d5b1d3184bac47e733b23fa9e58bdbb448e59f278b1576b8980378,0.0,CTGGGTGGGAGACTTGTTTCTCCTTGTCTATCCCTGCTGCCACCTTGTGGTCACAGATGATAGTACCGTCTTCCCATCCTACTCTCCTAAACACACACGCGCACACATACACACACACCTGATGACACCTTAATAGATCCTTTTGATGTTCCTTTTTAAAAAAAATTTTTTTGAGACCAAGTCTCGCTCTGGCGCCCAGA,48e964be2e100ec22796fe90be51e27cef8911b2947189d20a5837a80c36d464,0.0828179609220094,CTGGGTGGGAGACTTGTTTCTCCTTGTCTATCCCTGCTGCCACCTTGTGGTCACAGATGATAGTACCGTCTTCCCATCCTACTCTCCTAAACACACACGTGCACACATACACACACACCTGATGACACCTTAATAGATCCTTTTGATGTTCCTTTTTAAAAAAAAATTTTTTGAGACCAAGTCTCGCTCTGGCGCCCAGA,8c0309d89a08af3909f4d34c233e23ee869cd62542270e9beb5ec1edf9abfd0e,-0.676891956207964,CTGGGTGGGAGACTTGTTTCTCCTTGTCTATCCCTGCTGCCACCTTGTGGTCACAGATGATAGTACCGTCTTCCCATCCTACTCTCCTAAACACACACGCGCACACATACACACACACCTGATGACACCTTAATAGATCCTTTTGATGTTCCTTTTTAAAAAAAAATTTTTTGAGACCAAGTCTCGCTCTGGCGCCCAGA,74b9829a99fbe730cc4aeddc71952f694d7541f6d692bf3484600e3f51c25a12,-0.0708572470182024,0.5232167482677522,0.290126599166313,-197.76952945720404,-199.73343372438103,-198.1262492747046,-200.5369301349856,-0.44677659310400486,-1.0,-0.5232167482677522,0.0,0,0.18520221940373355,0.18565657667894103,0.15145376406925343,0.14830766645454685,1.0
chr17:48129773:G:A;chr17:48129850:C:T;var1;middle;OL41|K562|1c919ddc2b1eaa53,chr17:48129773:G:A;chr17:48129850:C:T;var1;middle;OL41,K562,K562_region_00917,100,177,77,GTGTGCTCTGGGGCTCTGGGAGAGTGAGATGAGGGCTGGGGAGAGGGCAGGTAGAGGAAGACTTGTGGGAACACAGCAAGCGCTAAATAAACAGAAGCCGCCTTTGTGGGATATTGACATTGTCATTGTTCCAGCTGGGAAAACTTCACCTGAACCAGGACCCAATTTTTCTGCCTCTCTTCTCCAGCTCCTTTCTTTCC,1d092ea7b0babee6580aef22121302f617ad2fe5357f2b6eb0e1cf18a96380cd,0.0,GTGTGCTCTGGGGCTCTGGGAGAGTGAGATGAGGGCTGGGGAGAGGGCAGGTAGAGGAAGACTTGTGGGAACACAGCAAGCGCTAAATAAACAGAAGCCACCTTTGTGGGATATTGACATTGTCATTGTTCCAGCTGGGAAAACTTCACCTGAACCAGGACCCAATTTTTCTGCCTCTCTTCTCCAGCTCCTTTCTTTCC,604560ec3755e9b22294b598faa6889a43020095f129d05603b16ac62e835e83,-0.0099199137619111,GTGTGCTCTGGGGCTCTGGGAGAGTGAGATGAGGGCTGGGGAGAGGGCAGGTAGAGGAAGACTTGTGGGAACACAGCAAGCGCTAAATAAACAGAAGCCGCCTTTGTGGGATATTGACATTGTCATTGTTCCAGCTGGGAAAACTTCACCTGAACCAGGACCCAATTTTTCTGCCTTTCTTCTCCAGCTCCTTTCTTTCC,e460aa003e441650ee6dfd3e635f0c2acad610c85d8e624c9d0cb8d98f2c247f,0.359267541316222,GTGTGCTCTGGGGCTCTGGGAGAGTGAGATGAGGGCTGGGGAGAGGGCAGGTAGAGGAAGACTTGTGGGAACACAGCAAGCGCTAAATAAACAGAAGCCACCTTTGTGGGATATTGACATTGTCATTGTTCCAGCTGGGAAAACTTCACCTGAACCAGGACCCAATTTTTCTGCCTTTCTTCTCCAGCTCCTTTCTTTCC,1c919ddc2b1eaa53aef7f5d063b7aa1c751394f62aab3df6d30782d911026cf9,0.25659212519751,-0.0927555023568009,0.155391466666235,-265.6796844303608,-243.8761751707644,-309.14622236881405,-307.6690611189697,-20.326348009751996,-1.0,0.0927555023568009,0.0,0,0.15966912841371142,0.18565657667894103,0.15145376406925343,0.16906583614074744,1.0
chr17:48132643:T:C;chr17:48132713:A:G;var1;middle;OL41|K562|161029f69ce395f7,chr17:48132643:T:C;chr17:48132713:A:G;var1;middle;OL41,K562,K562_region_00918,100,170,70,CCTGGCCCTACCCACCAAACACCTGATGGGTGCTGACGTCCGAGCCCAGTCTCCAAACACTCTGTTCGAGCTTGGGTGGGAAGAGGGAGCCTCTGGGATTCTGCTGGGCTGGGCCCTGAAGGCAGGAGTGGACGAGAAATGGATACGGTCTAGGCTCAGCTTCCCGGCTACGCAGTGCGTTCTGTGAAGGACGGACTCAT,4456bf77df7f90bfba4ea3d25fb507ae3a96c0d5c480bd27a88e06b8291bd984,0.0,CCTGGCCCTACCCACCAAACACCTGATGGGTGCTGACGTCCGAGCCCAGTCTCCAAACACTCTGTTCGAGCTTGGGTGGGAAGAGGGAGCCTCTGGGATCCTGCTGGGCTGGGCCCTGAAGGCAGGAGTGGACGAGAAATGGATACGGTCTAGGCTCAGCTTCCCGGCTACGCAGTGCGTTCTGTGAAGGACGGACTCAT,b2f4ef059f375ab05586fc44f9572c4377e55831a984e73979f92f903eea9ec8,0.310821904657651,CCTGGCCCTACCCACCAAACACCTGATGGGTGCTGACGTCCGAGCCCAGTCTCCAAACACTCTGTTCGAGCTTGGGTGGGAAGAGGGAGCCTCTGGGATTCTGCTGGGCTGGGCCCTGAAGGCAGGAGTGGACGAGAAATGGATACGGTCTAGGCTCAGCTTCCCGGCTGCGCAGTGCGTTCTGTGAAGGACGGACTCAT,6115bcb3af9d3d204efeb770f5c678f6204d4a98d2e34988656d0ba0af7a3a5e,-0.146836025829512,CCTGGCCCTACCCACCAAACACCTGATGGGTGCTGACGTCCGAGCCCAGTCTCCAAACACTCTGTTCGAGCTTGGGTGGGAAGAGGGAGCCTCTGGGATCCTGCTGGGCTGGGCCCTGAAGGCAGGAGTGGACGAGAAATGGATACGGTCTAGGCTCAGCTTCCCGGCTGCGCAGTGCGTTCTGTGAAGGACGGACTCAT,161029f69ce395f7e7f6e20745627f3eab0a9ba0a002325790eb9c5a84695010,-0.04665887436807,-0.210644753196209,0.289431155234016,-379.8455209331587,-324.1972196637653,-415.65534826694056,-372.9231069786474,-12.916059981100261,-1.0,0.210644753196209,0.0,1,0.16922384529093623,0.18216460459877223,0.1501433469024087,0.2091311262636725,1.0
chr17:48132643:T:C;chr17:48132727:G:A;var1;middle;OL41|K562|0cb3dd13e072c57d,chr17:48132643:T:C;chr17:48132727:G:A;var1;middle;OL41,K562,K562_region_00918,100,184,84,CCTGGCCCTACCCACCAAACACCTGATGGGTGCTGACGTCCGAGCCCAGTCTCCAAACACTCTGTTCGAGCTTGGGTGGGAAGAGGGAGCCTCTGGGATTCTGCTGGGCTGGGCCCTGAAGGCAGGAGTGGACGAGAAATGGATACGGTCTAGGCTCAGCTTCCCGGCTACGCAGTGCGTTCTGTGAAGGACGGACTCAT,4456bf77df7f90bfba4ea3d25fb507ae3a96c0d5c480bd27a88e06b8291bd984,0.0,CCTGGCCCTACCCACCAAACACCTGATGGGTGCTGACGTCCGAGCCCAGTCTCCAAACACTCTGTTCGAGCTTGGGTGGGAAGAGGGAGCCTCTGGGATCCTGCTGGGCTGGGCCCTGAAGGCAGGAGTGGACGAGAAATGGATACGGTCTAGGCTCAGCTTCCCGGCTACGCAGTGCGTTCTGTGAAGGACGGACTCAT,b2f4ef059f375ab05586fc44f9572c4377e55831a984e73979f92f903eea9ec8,0.310550832212994,CCTGGCCCTACCCACCAAACACCTGATGGGTGCTGACGTCCGAGCCCAGTCTCCAAACACTCTGTTCGAGCTTGGGTGGGAAGAGGGAGCCTCTGGGATTCTGCTGGGCTGGGCCCTGAAGGCAGGAGTGGACGAGAAATGGATACGGTCTAGGCTCAGCTTCCCGGCTACGCAGTGCGTTCTATGAAGGACGGACTCAT,04d704cb6855c498bd746b8322e2958e7788174de5d510bae57dca759dd5436b,-0.238229357192373,CCTGGCCCTACCCACCAAACACCTGATGGGTGCTGACGTCCGAGCCCAGTCTCCAAACACTCTGTTCGAGCTTGGGTGGGAAGAGGGAGCCTCTGGGATCCTGCTGGGCTGGGCCCTGAAGGCAGGAGTGGACGAGAAATGGATACGGTCTAGGCTCAGCTTCCCGGCTACGCAGTGCGTTCTATGAAGGACGGACTCAT,0cb3dd13e072c57dfaee31a32e91de92e2a955b8c6f4b8074442abe4a362e7a6,0.0965014696471972,0.0241799946265762,0.2431384788056,-379.8455209331587,-324.1972196637653,-406.1161618549377,-357.24105572421104,-6.773195138666779,-1.0,-0.0241799946265762,0.0,1,0.17547384089476886,0.18216460459877223,0.1501433469024087,0.21203859643650871,1.0
chr17:48132713:A:G;chr17:48132727:G:A;var1;middle;OL41|K562|1ac6c4589d09f851,chr17:48132713:A:G;chr17:48132727:G:A;var1;middle;OL41,K562,K562_region_00918,100,114,14,CTTGGGTGGGAAGAGGGAGCCTCTGGGATTCTGCTGGGCTGGGCCCTGAAGGCAGGAGTGGACGAGAAATGGATACGGTCTAGGCTCAGCTTCCCGGCTACGCAGTGCGTTCTGTGAAGGACGGACTCATTTCTACATTGACAGTCTTAGCCTTTGATACCAGAAGTCGCAGCACTTAGGGGGAAAAATGCTTTTTGGTA,2198b84933e3fdb1cd088a9dbb018d23a5fa271c5d99be0fe8032728238c60a8,0.0,CTTGGGTGGGAAGAGGGAGCCTCTGGGATTCTGCTGGGCTGGGCCCTGAAGGCAGGAGTGGACGAGAAATGGATACGGTCTAGGCTCAGCTTCCCGGCTGCGCAGTGCGTTCTGTGAAGGACGGACTCATTTCTACATTGACAGTCTTAGCCTTTGATACCAGAAGTCGCAGCACTTAGGGGGAAAAATGCTTTTTGGTA,af4b5234c63a12d6f052645ee8568df6defa49d0e311a5fd601a9c7e7430ee3e,-0.0460649829945541,CTTGGGTGGGAAGAGGGAGCCTCTGGGATTCTGCTGGGCTGGGCCCTGAAGGCAGGAGTGGACGAGAAATGGATACGGTCTAGGCTCAGCTTCCCGGCTACGCAGTGCGTTCTATGAAGGACGGACTCATTTCTACATTGACAGTCTTAGCCTTTGATACCAGAAGTCGCAGCACTTAGGGGGAAAAATGCTTTTTGGTA,471ac36d0fdcc57018304082e6f6bd1079c14b9518b4cfd9179a010cd020873c,-0.26092680468864,CTTGGGTGGGAAGAGGGAGCCTCTGGGATTCTGCTGGGCTGGGCCCTGAAGGCAGGAGTGGACGAGAAATGGATACGGTCTAGGCTCAGCTTCCCGGCTGCGCAGTGCGTTCTATGAAGGACGGACTCATTTCTACATTGACAGTCTTAGCCTTTGATACCAGAAGTCGCAGCACTTAGGGGGAAAAATGCTTTTTGGTA,1ac6c4589d09f8518f6073eac21cdb742bda56909420df45ab034093f6d272eb,-0.270948548436439,-0.036043239246755,0.223244588435973,-340.70626278594136,-343.43642782978714,-344.2450777059421,-346.64501049090177,-0.33023225888609886,1.0,-0.036043239246755,0.0,1,0.18202916820656656,0.18216460459877223,0.1501433469024087,0.15890789501836766,1.0
chr17:48132713:A:G;chr17:48132763:G:T;var1;middle;OL41|K562|daad7742abfbc3ef,chr17:48132713:A:G;chr17:48132763:G:T;var1;middle;OL41,K562,K562_region_00918,100,150,50,CTTGGGTGGGAAGAGGGAGCCTCTGGGATTCTGCTGGGCTGGGCCCTGAAGGCAGGAGTGGACGAGAAATGGATACGGTCTAGGCTCAGCTTCCCGGCTACGCAGTGCGTTCTGTGAAGGACGGACTCATTTCTACATTGACAGTCTTAGCCTTTGATACCAGAAGTCGCAGCACTTAGGGGGAAAAATGCTTTTTGGTA,2198b84933e3fdb1cd088a9dbb018d23a5fa271c5d99be0fe8032728238c60a8,0.0,CTTGGGTGGGAAGAGGGAGCCTCTGGGATTCTGCTGGGCTGGGCCCTGAAGGCAGGAGTGGACGAGAAATGGATACGGTCTAGGCTCAGCTTCCCGGCTGCGCAGTGCGTTCTGTGAAGGACGGACTCATTTCTACATTGACAGTCTTAGCCTTTGATACCAGAAGTCGCAGCACTTAGGGGGAAAAATGCTTTTTGGTA,af4b5234c63a12d6f052645ee8568df6defa49d0e311a5fd601a9c7e7430ee3e,-0.0462374740513593,CTTGGGTGGGAAGAGGGAGCCTCTGGGATTCTGCTGGGCTGGGCCCTGAAGGCAGGAGTGGACGAGAAATGGATACGGTCTAGGCTCAGCTTCCCGGCTACGCAGTGCGTTCTGTGAAGGACGGACTCATTTCTACATTGACAGTCTTATCCTTTGATACCAGAAGTCGCAGCACTTAGGGGGAAAAATGCTTTTTGGTA,da87a11e307e9cdabb3aac76d3796ad39faf409abe80176be98292dc47bf6c81,0.058640307752405,CTTGGGTGGGAAGAGGGAGCCTCTGGGATTCTGCTGGGCTGGGCCCTGAAGGCAGGAGTGGACGAGAAATGGATACGGTCTAGGCTCAGCTTCCCGGCTGCGCAGTGCGTTCTGTGAAGGACGGACTCATTTCTACATTGACAGTCTTATCCTTTGATACCAGAAGTCGCAGCACTTAGGGGGAAAAATGCTTTTTGGTA,daad7742abfbc3ef67a714ce968aea26144ea8cb311beb8896003f4d761372d6,0.266107857121811,0.2537050234207653,0.315469979760452,-340.70626278594136,-343.43642782978714,-345.5852440511808,-348.34803573414683,-0.03262663912028074,-1.0,-0.2537050234207653,0.0,1,0.18233196402951282,0.18216460459877223,0.1501433469024087,0.16955223418048024,1.0
chr17:48132727:G:A;chr17:48132763:G:T;var1;middle;OL41|K562|75471184d9db71e2,chr17:48132727:G:A;chr17:48132763:G:T;var1;middle;OL41,K562,K562_region_00918,100,136,36,GGGAGCCTCTGGGATTCTGCTGGGCTGGGCCCTGAAGGCAGGAGTGGACGAGAAATGGATACGGTCTAGGCTCAGCTTCCCGGCTACGCAGTGCGTTCTGTGAAGGACGGACTCATTTCTACATTGACAGTCTTAGCCTTTGATACCAGAAGTCGCAGCACTTAGGGGGAAAAATGCTTTTTGGTAATTATAATTAGCGA,10bebee579cceffd68716adac603a54af1d62f8896e7572d6e34b4b69a5dc5d0,0.0,GGGAGCCTCTGGGATTCTGCTGGGCTGGGCCCTGAAGGCAGGAGTGGACGAGAAATGGATACGGTCTAGGCTCAGCTTCCCGGCTACGCAGTGCGTTCTATGAAGGACGGACTCATTTCTACATTGACAGTCTTAGCCTTTGATACCAGAAGTCGCAGCACTTAGGGGGAAAAATGCTTTTTGGTAATTATAATTAGCGA,5b678c035e58c46449793618d644ec2342614867f34e35bc5d2e0d5b67305f81,0.143012269556524,GGGAGCCTCTGGGATTCTGCTGGGCTGGGCCCTGAAGGCAGGAGTGGACGAGAAATGGATACGGTCTAGGCTCAGCTTCCCGGCTACGCAGTGCGTTCTGTGAAGGACGGACTCATTTCTACATTGACAGTCTTATCCTTTGATACCAGAAGTCGCAGCACTTAGGGGGAAAAATGCTTTTTGGTAATTATAATTAGCGA,007313bfb2c01a0ef5ceb7b7b4f5cd910a396a03b54fcf8598be7a6c4a9dcfae,0.083559674993193,GGGAGCCTCTGGGATTCTGCTGGGCTGGGCCCTGAAGGCAGGAGTGGACGAGAAATGGATACGGTCTAGGCTCAGCTTCCCGGCTACGCAGTGCGTTCTATGAAGGACGGACTCATTTCTACATTGACAGTCTTATCCTTTGATACCAGAAGTCGCAGCACTTAGGGGGAAAAATGCTTTTTGGTAATTATAATTAGCGA,75471184d9db71e2a8058b2d881b69e4a7e6b2865d79cfa35ff4f668e8312cbf,0.18553961928755,0.0410323252621669,0.319543297562369,-343.9662933195941,-348.23449984472245,-348.4416822758503,-351.92926935851574,-0.7806194424629211,1.0,0.0410323252621669,0.0,1,0.1815709263292697,0.18216460459877223,0.1501433469024087,0.23689771951887403,1.0
chr17:48432681:G:A;chr17:48432749:G:C;var1;middle;OL41|K562|ff8f8bed0ef75e3c,chr17:48432681:G:A;chr17:48432749:G:C;var1;middle;OL41,K562,K562_region_00919,100,168,68,TTGGTGTAAGATGATCTAAGAATTGAGCATGATAGGAGATGGGGAGGAGGAGGAGCCAGAGGTCTGTACCTGGTGTTCTGGGTCAGACAGCAAGGGGCAGAGGAAGGATGGGGTGGTCTTCCTCAGGGGCCTCTGGTGCTCACCACCCCAGACATCAGCCAGGGGTAGGGCACATGGCCAGCCAGCAATCAGGCAGAGAA,bc5546418df8a009315dd599f015f1b259f94977cd08ad5b7836be46d5323c87,0.0,TTGGTGTAAGATGATCTAAGAATTGAGCATGATAGGAGATGGGGAGGAGGAGGAGCCAGAGGTCTGTACCTGGTGTTCTGGGTCAGACAGCAAGGGGCAAAGGAAGGATGGGGTGGTCTTCCTCAGGGGCCTCTGGTGCTCACCACCCCAGACATCAGCCAGGGGTAGGGCACATGGCCAGCCAGCAATCAGGCAGAGAA,72b4398c48213a54e0402e79698a9a97ed10f5e2a01479dc300613da10cfd7fe,-0.294975230919725,TTGGTGTAAGATGATCTAAGAATTGAGCATGATAGGAGATGGGGAGGAGGAGGAGCCAGAGGTCTGTACCTGGTGTTCTGGGTCAGACAGCAAGGGGCAGAGGAAGGATGGGGTGGTCTTCCTCAGGGGCCTCTGGTGCTCACCACCCCAGACATCAGCCAGGGGTACGGCACATGGCCAGCCAGCAATCAGGCAGAGAA,c341d9b730769d13cc7e5b2f8780d4c181e9ed5f9b67799f203679575215715a,0.0955782189566231,TTGGTGTAAGATGATCTAAGAATTGAGCATGATAGGAGATGGGGAGGAGGAGGAGCCAGAGGTCTGTACCTGGTGTTCTGGGTCAGACAGCAAGGGGCAAAGGAAGGATGGGGTGGTCTTCCTCAGGGGCCTCTGGTGCTCACCACCCCAGACATCAGCCAGGGGTACGGCACATGGCCAGCCAGCAATCAGGCAGAGAA,ff8f8bed0ef75e3c7528c0aeb903a42111195af258e0799e091965a8d2c0bd41,-0.472804865033447,0.2734078530703451,0.257495953616161,-234.4876603800804,-262.6573779322207,-268.1508922316134,-295.6743957092985,-0.6462140744552016,1.0,0.2734078530703451,0.0,2,0.1742535284300739,0.17490732828716207,0.146091925319964,0.22384405952488717,1.0
chr17:48595109:T:C;chr17:48595198:C:T;var1;middle;OL41|K562|794e243e33d7d323,chr17:48595109:T:C;chr17:48595198:C:T;var1;middle;OL41,K562,K562_region_00920,100,189,89,GGAGTCTCCAGGATTTTAAGAGAATTGCACTTGCTCGAGGGAACACCCAGGTTTGTTTGCACAGAACTACCCGGATGAGAGCAGTCACTGAAGTCATTTTGGTCTCCCACCTGACACAGTCAAGCAGGGCTGGGGTTAAAGAGACAGTCTAGTCTGTAGGTTTTGAGTCTGAGTTGATAAGGGACCCTCTCCCAGAATAG,16b948cdc06bc4d61ff5f5e67e255f346f400cec1e596093ce5c4a090bdb5a45,0.0,GGAGTCTCCAGGATTTTAAGAGAATTGCACTTGCTCGAGGGAACACCCAGGTTTGTTTGCACAGAACTACCCGGATGAGAGCAGTCACTGAAGTCATTTCGGTCTCCCACCTGACACAGTCAAGCAGGGCTGGGGTTAAAGAGACAGTCTAGTCTGTAGGTTTTGAGTCTGAGTTGATAAGGGACCCTCTCCCAGAATAG,e208df8cf527a054e1bb90193d80b392aee99778b1279e043629e7d2ece99d4e,0.245836520811689,GGAGTCTCCAGGATTTTAAGAGAATTGCACTTGCTCGAGGGAACACCCAGGTTTGTTTGCACAGAACTACCCGGATGAGAGCAGTCACTGAAGTCATTTTGGTCTCCCACCTGACACAGTCAAGCAGGGCTGGGGTTAAAGAGACAGTCTAGTCTGTAGGTTTTGAGTCTGAGTTGATAAGGGACCCTTTCCCAGAATAG,5f013a302f66002f600c9b49355d55aa225d4356c02741f789b0b7938c688fd0,1.2569831391367,GGAGTCTCCAGGATTTTAAGAGAATTGCACTTGCTCGAGGGAACACCCAGGTTTGTTTGCACAGAACTACCCGGATGAGAGCAGTCACTGAAGTCATTTCGGTCTCCCACCTGACACAGTCAAGCAGGGCTGGGGTTAAAGAGACAGTCTAGTCTGTAGGTTTTGAGTCTGAGTTGATAAGGGACCCTTTCCCAGAATAG,794e243e33d7d323a0f8df42af04a1a38dd97e4b2c433ba54dfa551bc0ad8a3c,1.01614359878375,0.486676061164639,0.194612183469378,-319.4740041545592,-336.5358102694154,-339.7905932026915,-353.1952031943947,-3.6571961231529713,1.0,0.486676061164639,0.0,3,0.17410672464855975,0.18106719778262317,0.1474303780702046,0.042675070484019834,1.0
chr17:48601328:G:A;chr17:48601381:G:C;var1;middle;OL41|K562|d08ca45b2b4e216f,chr17:48601328:G:A;chr17:48601381:G:C;var1;middle;OL41,K562,K562_region_00921,100,153,53,TTTCTCCCAGCCTAAGAGGAGAATTGGATTTTTAGCAAACAGGTAACTACTCTTGCTCCACAAACACTTCCCAGGGCTTGTGATTTAAAAGATGGGTGCGCTGGCTAGGCAGGCATGGAGCAGCTTGCAGCAATGCCATGCATGGCCCCACTGAGTTAGAAAGAAATTAGACTGAGCCTTAAGAGGCAGACTGTAAAGTA,7dcb66f3f181cd3d650d1a6fb2a43d38f7490fec59d753f9e9585210cde9ff52,0.0,TTTCTCCCAGCCTAAGAGGAGAATTGGATTTTTAGCAAACAGGTAACTACTCTTGCTCCACAAACACTTCCCAGGGCTTGTGATTTAAAAGATGGGTGCACTGGCTAGGCAGGCATGGAGCAGCTTGCAGCAATGCCATGCATGGCCCCACTGAGTTAGAAAGAAATTAGACTGAGCCTTAAGAGGCAGACTGTAAAGTA,b11ac0ba09bf8f189a89bd397cb04452ec83653f7f4a77f72ce62b08d3c69bb3,0.0849130701902262,TTTCTCCCAGCCTAAGAGGAGAATTGGATTTTTAGCAAACAGGTAACTACTCTTGCTCCACAAACACTTCCCAGGGCTTGTGATTTAAAAGATGGGTGCGCTGGCTAGGCAGGCATGGAGCAGCTTGCAGCAATGCCATGCATGGCCCCACTCAGTTAGAAAGAAATTAGACTGAGCCTTAAGAGGCAGACTGTAAAGTA,150b615a49dd363fd3ecb4072781c2c10e7aa724357565201b26bf12978481bd,-0.0828483872551792,TTTCTCCCAGCCTAAGAGGAGAATTGGATTTTTAGCAAACAGGTAACTACTCTTGCTCCACAAACACTTCCCAGGGCTTGTGATTTAAAAGATGGGTGCACTGGCTAGGCAGGCATGGAGCAGCTTGCAGCAATGCCATGCATGGCCCCACTCAGTTAGAAAGAAATTAGACTGAGCCTTAAGAGGCAGACTGTAAAGTA,d08ca45b2b4e216fd9623301463eb29d9af0aac01a61ee25077b8053b353930c,-0.127619633185037,0.129684316120084,0.214549942206824,-285.36384364776313,-277.45252206828445,-286.2958318418823,-278.1745869875885,-0.2099232748151394,1.0,0.129684316120084,0.0,0,0.18550643105902576,0.18565657667894103,0.15145376406925343,0.2972765920718815,1.0
chr17:48713096:C:T;chr17:48713180:A:G;var1;middle;OL41|K562|2e2723c44402c1f1,chr17:48713096:C:T;chr17:48713180:A:G;var1;middle;OL41,K562,K562_region_00922,100,184,84,CTTCTCACAGATGGAGAAAGGGAGGCCCAGAGAGAGGAAGGGACTTGCCCAAAGTTACCCAGTTCAATGAAGGCAGAGCTGGGATAGAAAAACAGGCTACAGGCCAGGTGCAGTGGTTCACGCCTGTAATCCCACCCTTTGGGAGGCAGAGGTGGGAGGATCACTTCAGCCCAGGAGTTTTAGATTACTGTGAGCTATGA,e121f650b77d2233dbd0d8337f6f1272c0a870ac89d2a27812b0d15abd95f666,0.0,CTTCTCACAGATGGAGAAAGGGAGGCCCAGAGAGAGGAAGGGACTTGCCCAAAGTTACCCAGTTCAATGAAGGCAGAGCTGGGATAGAAAAACAGGCTATAGGCCAGGTGCAGTGGTTCACGCCTGTAATCCCACCCTTTGGGAGGCAGAGGTGGGAGGATCACTTCAGCCCAGGAGTTTTAGATTACTGTGAGCTATGA,23d278c78fc6992aa6ba4b3f4531bbba86adaa15dbcea6d7ae265ed9955eb86d,0.325788446647511,CTTCTCACAGATGGAGAAAGGGAGGCCCAGAGAGAGGAAGGGACTTGCCCAAAGTTACCCAGTTCAATGAAGGCAGAGCTGGGATAGAAAAACAGGCTACAGGCCAGGTGCAGTGGTTCACGCCTGTAATCCCACCCTTTGGGAGGCAGAGGTGGGAGGATCACTTCAGCCCAGGAGTTTTAGGTTACTGTGAGCTATGA,a4d13d04a8bdd887b6c3529b236dc486f5a6f1ede5eca31b5fb932aa03b8939c,-0.552822869748471,CTTCTCACAGATGGAGAAAGGGAGGCCCAGAGAGAGGAAGGGACTTGCCCAAAGTTACCCAGTTCAATGAAGGCAGAGCTGGGATAGAAAAACAGGCTATAGGCCAGGTGCAGTGGTTCACGCCTGTAATCCCACCCTTTGGGAGGCAGAGGTGGGAGGATCACTTCAGCCCAGGAGTTTTAGGTTACTGTGAGCTATGA,2e2723c44402c1f17e04d48b305cf72ce0450d7dc7e183e288606425906c1925,0.271629304854736,0.4986637279556959,0.198394071251843,-130.64239166956395,-131.01411561574787,-127.90592407621445,-128.33613341022283,-0.058485387824475765,-1.0,-0.4986637279556959,0.0,3,0.18135519531271246,0.18106719778262317,0.1474303780702046,0.21588764781252834,1.0
chr17:49020855:G:A;chr17:49020921:G:A;var1;middle;OL41|K562|9901446fe7f84c1d,chr17:49020855:G:A;chr17:49020921:G:A;var1;middle;OL41,K562,K562_region_00923,100,166,66,ACCTTGAAAAATCATTCTTACTGAAATGATTAAAAAGTAACATTCCTGTATCTTCCAAAGCTGAGCAGACACACAGCCGGGCCCCGTCATCCCTGCCCTGGGTATTCACCCAACAGAAATGCATTCATATGTTCACAATACACAGGAACTAGAATGTTCATAGTGGCACTATTCACCATAGCCAGGAACTGGAACCTCCC,82bc7472008d3bf2a58d4a1e7c8ea4d5540da65bde858e7cda788d8c76795115,0.0,ACCTTGAAAAATCATTCTTACTGAAATGATTAAAAAGTAACATTCCTGTATCTTCCAAAGCTGAGCAGACACACAGCCGGGCCCCGTCATCCCTGCCCTAGGTATTCACCCAACAGAAATGCATTCATATGTTCACAATACACAGGAACTAGAATGTTCATAGTGGCACTATTCACCATAGCCAGGAACTGGAACCTCCC,d29ee7cc71d3242fb67cb923e63f7696a546dc91d322198bd0397ca32971186b,-0.301469285155708,ACCTTGAAAAATCATTCTTACTGAAATGATTAAAAAGTAACATTCCTGTATCTTCCAAAGCTGAGCAGACACACAGCCGGGCCCCGTCATCCCTGCCCTGGGTATTCACCCAACAGAAATGCATTCATATGTTCACAATACACAGGAACTAGAATGTTCATAGTGACACTATTCACCATAGCCAGGAACTGGAACCTCCC,77c82baaa0cb527849469a1c8e5b062716b687065a6ff28c788fb839f90b09f5,0.287367121021259,ACCTTGAAAAATCATTCTTACTGAAATGATTAAAAAGTAACATTCCTGTATCTTCCAAAGCTGAGCAGACACACAGCCGGGCCCCGTCATCCCTGCCCTAGGTATTCACCCAACAGAAATGCATTCATATGTTCACAATACACAGGAACTAGAATGTTCATAGTGACACTATTCACCATAGCCAGGAACTGGAACCTCCC,9901446fe7f84c1de39d1953c445a1393053934b8e80e71e2558635d077c476b,0.0599427368164948,0.0740449009509437,0.242232202338347,-248.29895822051915,-260.6926045883447,-233.70123159280047,-260.6061313091777,-14.511253348551719,-1.0,-0.0740449009509437,0.0,1,0.16760083195927955,0.18216460459877223,0.1501433469024087,0.2192972027065192,1.0
chr17:49230491:A:T;chr17:49230552:T:G;var1;middle;OL41|K562|93dcacf25c4b9d5d,chr17:49230491:A:T;chr17:49230552:T:G;var1;middle;OL41,K562,K562_region_00924,100,161,61,CTTCATGCAGGTCTATTCTATTATCACTTACTCAGAGATTTCTCTGGCCTTTTCTTCACAGCACTTACAAAATGCGATCTATTACATATTAATTTGCTTATTTGCTTCTTGTTTTCCTATACTCCCATCCCTCCCAGAAGCTCCAAGAGAGCATACTGTTTTATCCCTAGGGCCTAGAATAATGCGTCCACGTAGTAGGT,c427f5df0444fc94d1d31f1c59af9f585182c0e3d6e29ed82ec6f96280b64506,0.0,CTTCATGCAGGTCTATTCTATTATCACTTACTCAGAGATTTCTCTGGCCTTTTCTTCACAGCACTTACAAAATGCGATCTATTACATATTAATTTGCTTTTTTGCTTCTTGTTTTCCTATACTCCCATCCCTCCCAGAAGCTCCAAGAGAGCATACTGTTTTATCCCTAGGGCCTAGAATAATGCGTCCACGTAGTAGGT,3121663ab9ced19885b5118979108ddc7bdd7700b21443628c79cedd8c996922,-0.277076669397494,CTTCATGCAGGTCTATTCTATTATCACTTACTCAGAGATTTCTCTGGCCTTTTCTTCACAGCACTTACAAAATGCGATCTATTACATATTAATTTGCTTATTTGCTTCTTGTTTTCCTATACTCCCATCCCTCCCAGAAGCTCCAAGAGAGCATACTGTTGTATCCCTAGGGCCTAGAATAATGCGTCCACGTAGTAGGT,25a451aa9ab5c78ce29eb252ea82d0a88bb13b5f852498f564790e85b1bcbd63,-0.31200179043516,CTTCATGCAGGTCTATTCTATTATCACTTACTCAGAGATTTCTCTGGCCTTTTCTTCACAGCACTTACAAAATGCGATCTATTACATATTAATTTGCTTTTTTGCTTCTTGTTTTCCTATACTCCCATCCCTCCCAGAAGCTCCAAGAGAGCATACTGTTGTATCCCTAGGGCCTAGAATAATGCGTCCACGTAGTAGGT,93dcacf25c4b9d5d9554af37c35eeb989e772dbf7e433a54115b58f6678b65bd,-0.105040914934937,0.4840375448977169,0.290297698038913,-221.2991189807653,-228.6786028370261,-217.0057303607464,-225.77585211396217,-1.3906378969549564,-1.0,-0.4840375448977169,0.0,0,0.18398993489074827,0.18565657667894103,0.15145376406925343,0.0680225117570656,1.0
chr17:49231623:C:G;chr17:49231627:G:A;var1;middle;OL41|K562|91f26064bf6c0a83,chr17:49231623:C:G;chr17:49231627:G:A;var1;middle;OL41,K562,K562_region_00925,100,104,4,TTTTTTTTTTGGAAGTTGCAGAATGGTGATAAATGATTTTCTTTGCTCCTATTGACTGCTAGGCCCTGTGGCTAGGTACCATAGAGTCTCTACACAGGACTAAGTCAGCCTGGTGTGCAGGGGAGGCAGACACACAAACAGAAAATTGGACTACAGTGCTAAGATGCTGTAAGAAGAGGTTAACTAAAGGACAGGAAGAT,644a15bddd1f747a00ac1f21e24ac31cfea93e3464c47467f135d09b384dcf46,0.0,TTTTTTTTTTGGAAGTTGCAGAATGGTGATAAATGATTTTCTTTGCTCCTATTGACTGCTAGGCCCTGTGGCTAGGTACCATAGAGTCTCTACACAGGAGTAAGTCAGCCTGGTGTGCAGGGGAGGCAGACACACAAACAGAAAATTGGACTACAGTGCTAAGATGCTGTAAGAAGAGGTTAACTAAAGGACAGGAAGAT,7841ed6620a3b5c4ef27f04a612cb28eba4b0f9ab8edc602fd39b2f90d3a8060,-0.29861499157739,TTTTTTTTTTGGAAGTTGCAGAATGGTGATAAATGATTTTCTTTGCTCCTATTGACTGCTAGGCCCTGTGGCTAGGTACCATAGAGTCTCTACACAGGACTAAATCAGCCTGGTGTGCAGGGGAGGCAGACACACAAACAGAAAATTGGACTACAGTGCTAAGATGCTGTAAGAAGAGGTTAACTAAAGGACAGGAAGAT,5ba2cc5a6c7368cb3ef05c2b726b815e5dfe6d40cf45f19ea9ade447b0deaf97,0.16035519924959,TTTTTTTTTTGGAAGTTGCAGAATGGTGATAAATGATTTTCTTTGCTCCTATTGACTGCTAGGCCCTGTGGCTAGGTACCATAGAGTCTCTACACAGGAGTAAATCAGCCTGGTGTGCAGGGGAGGCAGACACACAAACAGAAAATTGGACTACAGTGCTAAGATGCTGTAAGAAGAGGTTAACTAAAGGACAGGAAGAT,91f26064bf6c0a83136fde827b60352c93520bedbfa69fa031da01051ea027bc,-0.519302313968772,0.3810425216409719,0.300453722471286,-235.3505466189236,-256.09933950938284,-240.83865727484223,-259.7509131450206,-1.8365370202809004,1.0,0.3810425216409719,0.0,4,0.1739231015084066,0.17620727786206916,0.145609630836647,0.12747591036636471,1.0
chr17:4953724:G:T;chr17:4953756:G:A;var1;middle;OL41|K562|fd562d7bba282a1c,chr17:4953724:G:T;chr17:4953756:G:A;var1;middle;OL41,K562,K562_region_00851,100,132,32,AACAAAAACAAAAAAAACCACAGCTTCGCTGTGCATCCTTGAGCTGCTTTTCTATTTCAGTTGAATGCATATTGCAGTTTATCATGATCACATGCAAGCGCTGCCCTACAGCTGGGCGGTGAGTTCAGAGCGATTACCATGGAGACTGAGAGAAGATTGCGTATCATCCCCCCAAACAGCATTCCAGCGTGGGAACGCCA,290d8ba455b660ae6a196a73caac6feba158c7f5a96d306cf580897a5a819e97,0.0,AACAAAAACAAAAAAAACCACAGCTTCGCTGTGCATCCTTGAGCTGCTTTTCTATTTCAGTTGAATGCATATTGCAGTTTATCATGATCACATGCAAGCTCTGCCCTACAGCTGGGCGGTGAGTTCAGAGCGATTACCATGGAGACTGAGAGAAGATTGCGTATCATCCCCCCAAACAGCATTCCAGCGTGGGAACGCCA,779695e53ee61b64d0097d40f58fa22e3abbf92e551fa6a0e1da7792c0d11b63,-0.207274541252662,AACAAAAACAAAAAAAACCACAGCTTCGCTGTGCATCCTTGAGCTGCTTTTCTATTTCAGTTGAATGCATATTGCAGTTTATCATGATCACATGCAAGCGCTGCCCTACAGCTGGGCGGTGAGTTCAGAGCAATTACCATGGAGACTGAGAGAAGATTGCGTATCATCCCCCCAAACAGCATTCCAGCGTGGGAACGCCA,f880f800e44dc8c1452ab9aac4dc44c3419b42c107baa7625236c5f0a0988c83,-0.642929988027218,AACAAAAACAAAAAAAACCACAGCTTCGCTGTGCATCCTTGAGCTGCTTTTCTATTTCAGTTGAATGCATATTGCAGTTTATCATGATCACATGCAAGCTCTGCCCTACAGCTGGGCGGTGAGTTCAGAGCAATTACCATGGAGACTGAGAGAAGATTGCGTATCATCCCCCCAAACAGCATTCCAGCGTGGGAACGCCA,fd562d7bba282a1ca3f11439b2754c62fde93d17de5229c8685c3c66ab8e4940,-0.68398623181027,-0.16621829746961,0.212964376672703,-252.37759232521057,-250.4873193576932,-264.66977307386696,-260.4440076611936,-2.335492445155978,1.0,-0.16621829746961,0.0,4,0.17330469050754257,0.17620727786206916,0.145609630836647,0.20425687193281516,1.0
chr17:5014145:T:A;chr17:5014212:G:A;var1;middle;OL41|K562|3fb610c0cb6451f5,chr17:5014145:T:A;chr17:5014212:G:A;var1;middle;OL41,K562,K562_region_00852,100,167,67,GAGATAGGTCTCAACCAATTTAGGGGTTATTTTGCTAAGGTTGAGGATGCACCCAGGAAAAAGACACACAAGCCACAGTAGGATCCGTGGCTCGCACTTTTACCAAAGAGGGTTTTGAGGGCTTCAATTTAATGGGGAGAAAGCTGGCAGGAGGGGAAGGAGGAGAGAAGAGGGAGGGTATGTGGTGAGGTAAGTGGCCA,500a5399d0bd9c8566bbaab83e62bdd57b93bcbca52c2c6037495725adb067f6,0.0,GAGATAGGTCTCAACCAATTTAGGGGTTATTTTGCTAAGGTTGAGGATGCACCCAGGAAAAAGACACACAAGCCACAGTAGGATCCGTGGCTCGCACTTATACCAAAGAGGGTTTTGAGGGCTTCAATTTAATGGGGAGAAAGCTGGCAGGAGGGGAAGGAGGAGAGAAGAGGGAGGGTATGTGGTGAGGTAAGTGGCCA,30b57dd49eaf64b4d613c5e82147936eaab708c1899edeb8282b4a056a89bb9e,-0.131470575416872,GAGATAGGTCTCAACCAATTTAGGGGTTATTTTGCTAAGGTTGAGGATGCACCCAGGAAAAAGACACACAAGCCACAGTAGGATCCGTGGCTCGCACTTTTACCAAAGAGGGTTTTGAGGGCTTCAATTTAATGGGGAGAAAGCTGGCAGGAGGGGAAGGAGGAGAAAAGAGGGAGGGTATGTGGTGAGGTAAGTGGCCA,d59cc62aa40180291951e7fe4d516fc0b0e8d9f07952288baed568e7aa1fab79,0.211822332473611,GAGATAGGTCTCAACCAATTTAGGGGTTATTTTGCTAAGGTTGAGGATGCACCCAGGAAAAAGACACACAAGCCACAGTAGGATCCGTGGCTCGCACTTATACCAAAGAGGGTTTTGAGGGCTTCAATTTAATGGGGAGAAAGCTGGCAGGAGGGGAAGGAGGAGAAAAGAGGGAGGGTATGTGGTGAGGTAAGTGGCCA,3fb610c0cb6451f576df23ac420176808d62350046eabe94a31859aa26bcbbe9,0.131742925070623,0.0513911680138839,0.289934986378714,-400.7691843989305,-427.4669590322301,-411.143385212752,-433.5665432217065,4.274616624345072,-1.0,-0.0513911680138839,0.0,3,0.19008286617318382,0.18106719778262317,0.1474303780702046,0.0612660766405584,1.0
chr17:5014368:T:A;chr17:5014416:G:A;var1;middle;OL41|K562|9ee982a0ac2fc2db,chr17:5014368:T:A;chr17:5014416:G:A;var1;middle;OL41,K562,K562_region_00853,100,148,48,AGCTCACTGAATCCACATGTTGCACGTGAAAAGAGGAAGTCAATTATGAATTTGTCTCGTGCTCAGTAAATCTGCATTTTACACAAGATAAGGTAGACATACAGTAGAGGAAGAAGTCAAATATGCTTTGTCTCTGGGTGGGTGGAGGAACGATTTCTAGTCTTGTCCGGTGAAGCTCGGCTGTTCGTTTCCATTGCCAG,436ce778c8fd83520dbfd62042347c4165c0428666928c7c9feb947c67b89233,0.0,AGCTCACTGAATCCACATGTTGCACGTGAAAAGAGGAAGTCAATTATGAATTTGTCTCGTGCTCAGTAAATCTGCATTTTACACAAGATAAGGTAGACAAACAGTAGAGGAAGAAGTCAAATATGCTTTGTCTCTGGGTGGGTGGAGGAACGATTTCTAGTCTTGTCCGGTGAAGCTCGGCTGTTCGTTTCCATTGCCAG,331acf40dc31a343173f879e0e9a8c89f6242d29ad0848808d44fac8a59f3b1e,-0.0209608184470115,AGCTCACTGAATCCACATGTTGCACGTGAAAAGAGGAAGTCAATTATGAATTTGTCTCGTGCTCAGTAAATCTGCATTTTACACAAGATAAGGTAGACATACAGTAGAGGAAGAAGTCAAATATGCTTTGTCTCTGGGTGGGTGGAGAAACGATTTCTAGTCTTGTCCGGTGAAGCTCGGCTGTTCGTTTCCATTGCCAG,dfd1d9622574330ddffcdf836b024c06109d16e861ad194f9ba46ea74bb785ed,0.0107885293682911,AGCTCACTGAATCCACATGTTGCACGTGAAAAGAGGAAGTCAATTATGAATTTGTCTCGTGCTCAGTAAATCTGCATTTTACACAAGATAAGGTAGACAAACAGTAGAGGAAGAAGTCAAATATGCTTTGTCTCTGGGTGGGTGGAGAAACGATTTCTAGTCTTGTCCGGTGAAGCTCGGCTGTTCGTTTCCATTGCCAG,9ee982a0ac2fc2dba17cf1d98c10ece6de71aa3673df695caa7c1fa3760173ea,-0.118773964542032,0.1086016754633115,0.209272806090168,-375.7776584322564,-374.39329367829487,-375.94165351148695,-373.9606222216971,-0.5966665358283194,1.0,0.1086016754633115,0.0,2,0.17432567365232324,0.17490732828716207,0.146091925319964,0.11481754712938821,1.0
chr17:50307873:C:G;chr17:50307888:G:A;var1;middle;OL33|K562|6679705f8e1de035,chr17:50307873:C:G;chr17:50307888:G:A;var1;middle;OL33,K562,K562_region_00926,100,115,15,TATCCATATCCTAGTTGGGAAACATTTAGCCATTATGTTTATGAATATATTTAAATAATTAAAAATGATACAACTCTATCTTATGGACCAAATATTTGTCTCTTTTCAAAATCCGTATTTTGAAATTCTAACCTCTAATGTGATAGTATTTAAAAGCTGGGCCTTTTGGGAGGTAATTAGGTCATGAAGGTGGAACTGTC,22482af4f34b478ced68648207d93d3e882e4f176e126b97766fb56fae8becea,0.0,TATCCATATCCTAGTTGGGAAACATTTAGCCATTATGTTTATGAATATATTTAAATAATTAAAAATGATACAACTCTATCTTATGGACCAAATATTTGTGTCTTTTCAAAATCCGTATTTTGAAATTCTAACCTCTAATGTGATAGTATTTAAAAGCTGGGCCTTTTGGGAGGTAATTAGGTCATGAAGGTGGAACTGTC,4d25c265713e5e98152ae941c49a9ba6cb9b7a6ebd3f7f3f238ae16f31f10c49,-0.107413244293548,TATCCATATCCTAGTTGGGAAACATTTAGCCATTATGTTTATGAATATATTTAAATAATTAAAAATGATACAACTCTATCTTATGGACCAAATATTTGTCTCTTTTCAAAATCCATATTTTGAAATTCTAACCTCTAATGTGATAGTATTTAAAAGCTGGGCCTTTTGGGAGGTAATTAGGTCATGAAGGTGGAACTGTC,291f0e0df852023f94347618c5ff7f86d7515476dded359d4d3b8e3c25a0fe13,-0.132272215733843,TATCCATATCCTAGTTGGGAAACATTTAGCCATTATGTTTATGAATATATTTAAATAATTAAAAATGATACAACTCTATCTTATGGACCAAATATTTGTGTCTTTTCAAAATCCATATTTTGAAATTCTAACCTCTAATGTGATAGTATTTAAAAGCTGGGCCTTTTGGGAGGTAATTAGGTCATGAAGGTGGAACTGTC,6679705f8e1de0357673123e040274f9005a5e60d456c5ede98e39d6614b0f7c,-0.16732885300266,-0.0723566070247309,0.178486861436868,-354.3041125801392,-346.87423026748,-344.96334828529507,-339.67739911936224,2.14393314672634,1.0,-0.0723566070247309,0.0,3,0.18579127459553943,0.18106719778262317,0.1474303780702046,0.26925459325174084,1.0
chr17:5323125:C:A;chr17:5323206:T:G;var1;middle;OL41|K562|637e603d97c8dc6d,chr17:5323125:C:A;chr17:5323206:T:G;var1;middle;OL41,K562,K562_region_00854,100,181,81,AATCCGCGGCCGTCCACTCACTGTTTCGGCCAATCACCGAGCAGACGGCCCGGAAGCTCGAGAGGCTCGTGCCAGGTCGGGGGGCGAAGGCGAGGCCAGCCCACCAAGCAGGGGCGTCACCAAGGGAAAGCCAATCACCATTATTTCTGAAGCCCAAGGGGGCGGGACGAGAAGTCAACATAATGGTGGTGCTGCTGGAA,59f54bb60bd1946bdedce36f6fc7b2de0d8b1cfc8ab88ae184ed02a86d607496,0.0,AATCCGCGGCCGTCCACTCACTGTTTCGGCCAATCACCGAGCAGACGGCCCGGAAGCTCGAGAGGCTCGTGCCAGGTCGGGGGGCGAAGGCGAGGCCAGACCACCAAGCAGGGGCGTCACCAAGGGAAAGCCAATCACCATTATTTCTGAAGCCCAAGGGGGCGGGACGAGAAGTCAACATAATGGTGGTGCTGCTGGAA,4769e4e5f9c3a70c8c3afd0619ac07e576ac7b7cd9bd7b5a951e2ab0ba8fd5a1,-1.21073662861906,AATCCGCGGCCGTCCACTCACTGTTTCGGCCAATCACCGAGCAGACGGCCCGGAAGCTCGAGAGGCTCGTGCCAGGTCGGGGGGCGAAGGCGAGGCCAGCCCACCAAGCAGGGGCGTCACCAAGGGAAAGCCAATCACCATTATTTCTGAAGCCCAAGGGGGCGGGACGAGAAGTCAACAGAATGGTGGTGCTGCTGGAA,8224b3198b1cd6b72ea769e796748fd614bb5dddefe49d6dfb85e0da8714bc0b,-0.534552950996795,AATCCGCGGCCGTCCACTCACTGTTTCGGCCAATCACCGAGCAGACGGCCCGGAAGCTCGAGAGGCTCGTGCCAGGTCGGGGGGCGAAGGCGAGGCCAGACCACCAAGCAGGGGCGTCACCAAGGGAAAGCCAATCACCATTATTTCTGAAGCCCAAGGGGGCGGGACGAGAAGTCAACAGAATGGTGGTGCTGCTGGAA,637e603d97c8dc6d2f65184a0a70b848a7bc7b03e341b8bc6035f621ee412e44,-1.5127051342639,-0.232584445351955,0.228261578909557,-363.0258552907035,-360.9937194213271,-315.5546406051144,-314.0189312528819,0.49642651714384556,1.0,-0.232584445351955,0.0,4,0.1768146029216227,0.17620727786206916,0.145609630836647,0.22907867870391535,1.0
chr17:5323206:T:G;chr17:5323269:C:T;var1;middle;OL41|K562|7fbb9c1205f48f26,chr17:5323206:T:G;chr17:5323269:C:T;var1;middle;OL41,K562,K562_region_00854,100,163,63,GGGCGAAGGCGAGGCCAGCCCACCAAGCAGGGGCGTCACCAAGGGAAAGCCAATCACCATTATTTCTGAAGCCCAAGGGGGCGGGACGAGAAGTCAACATAATGGTGGTGCTGCTGGAAATCTAGCACCTGGGGAGAGCCTGAGACTTGTGTATCTAATTGCCTATTGGACACCTCCATCTGGGTAAACCCAGGCATCCA,96f03691b2d5ff196d32b9ac414229e41a90743ba6523e863beaa996a1c3c92f,0.0,GGGCGAAGGCGAGGCCAGCCCACCAAGCAGGGGCGTCACCAAGGGAAAGCCAATCACCATTATTTCTGAAGCCCAAGGGGGCGGGACGAGAAGTCAACAGAATGGTGGTGCTGCTGGAAATCTAGCACCTGGGGAGAGCCTGAGACTTGTGTATCTAATTGCCTATTGGACACCTCCATCTGGGTAAACCCAGGCATCCA,242b0bfb52b40b3b4a1ed59b1a8a45c190dc0f5c3f04c8e74494fa2ca9d9c2db,-0.492675896646467,GGGCGAAGGCGAGGCCAGCCCACCAAGCAGGGGCGTCACCAAGGGAAAGCCAATCACCATTATTTCTGAAGCCCAAGGGGGCGGGACGAGAAGTCAACATAATGGTGGTGCTGCTGGAAATCTAGCACCTGGGGAGAGCCTGAGACTTGTGTATCTAATTGCTTATTGGACACCTCCATCTGGGTAAACCCAGGCATCCA,4f90eabd87f28a529ca4cac5986c79213749db66f19d392fdc43b1f9f4d077c4,0.100146715692797,GGGCGAAGGCGAGGCCAGCCCACCAAGCAGGGGCGTCACCAAGGGAAAGCCAATCACCATTATTTCTGAAGCCCAAGGGGGCGGGACGAGAAGTCAACAGAATGGTGGTGCTGCTGGAAATCTAGCACCTGGGGAGAGCCTGAGACTTGTGTATCTAATTGCTTATTGGACACCTCCATCTGGGTAAACCCAGGCATCCA,7fbb9c1205f48f2682bb76c01001d3a86dcc0217682cb78328e5111fa5dcd419,-0.454843217532341,-0.062314036578671,0.166254774027473,-408.1140465310309,-386.9716033935547,-386.9495797744021,-371.8763019666076,-6.069165329681766,-1.0,0.062314036578671,0.0,4,0.1686771340760305,0.17620727786206916,0.145609630836647,0.21779308548948956,1.0
chr17:5326089:C:T;chr17:5326145:C:G;var1;middle;OL41|K562|c460c55a2edac5d1,chr17:5326089:C:T;chr17:5326145:C:G;var1;middle;OL41,K562,K562_region_00855,100,156,56,AATCTGGGTTCTTCAAGCCAGCCTCCAAGTATGAATCACTGTGGGGCTTGGTTGGTGATTAATACTTCAAACTTCTGATGCCGCTCCTTTCTCTTCCAGCTGGAGGAGCTGATAGACATGGCTGTGCTGGAGGAAATTCAACAGGAGCTGATCAACCAAGGTAACCCCTAGTGGTAGTCCTTCCTTACCTGTATTTAGCT,5e12b70746a31b979b8bc9b744589f4a91c09fcd3f696aefdfbffe58fd9508e1,0.0,AATCTGGGTTCTTCAAGCCAGCCTCCAAGTATGAATCACTGTGGGGCTTGGTTGGTGATTAATACTTCAAACTTCTGATGCCGCTCCTTTCTCTTCCAGTTGGAGGAGCTGATAGACATGGCTGTGCTGGAGGAAATTCAACAGGAGCTGATCAACCAAGGTAACCCCTAGTGGTAGTCCTTCCTTACCTGTATTTAGCT,18a513673e1343f169edf4d13882c2908d19860546fdc2bbeac15c1e374c2d07,-0.0432625139087724,AATCTGGGTTCTTCAAGCCAGCCTCCAAGTATGAATCACTGTGGGGCTTGGTTGGTGATTAATACTTCAAACTTCTGATGCCGCTCCTTTCTCTTCCAGCTGGAGGAGCTGATAGACATGGCTGTGCTGGAGGAAATTCAACAGGAGCTGATCAAGCAAGGTAACCCCTAGTGGTAGTCCTTCCTTACCTGTATTTAGCT,63f2959c159fd57c4f0630eec2900cf04b6a465b475d78edfca94d095d15c10a,-0.131420397411597,AATCTGGGTTCTTCAAGCCAGCCTCCAAGTATGAATCACTGTGGGGCTTGGTTGGTGATTAATACTTCAAACTTCTGATGCCGCTCCTTTCTCTTCCAGTTGGAGGAGCTGATAGACATGGCTGTGCTGGAGGAAATTCAACAGGAGCTGATCAAGCAAGGTAACCCCTAGTGGTAGTCCTTCCTTACCTGTATTTAGCT,c460c55a2edac5d1b98eb4f1d3d2c161d39c0f281d66bb2e5bb7e838118350d6,-0.111974934227651,0.0627079770927184,0.257698522134495,-268.1411714821588,-277.98379642749205,-254.35476820915932,-275.1810763871763,-10.983683232683688,-1.0,-0.0627079770927184,0.0,4,0.16258602496358712,0.17620727786206916,0.145609630836647,0.3195710314640837,1.0
chr17:5326089:C:T;chr17:5326162:G:A;var1;middle;OL41|K562|6c142d8fe5b9f837,chr17:5326089:C:T;chr17:5326162:G:A;var1;middle;OL41,K562,K562_region_00855,100,173,73,AATCTGGGTTCTTCAAGCCAGCCTCCAAGTATGAATCACTGTGGGGCTTGGTTGGTGATTAATACTTCAAACTTCTGATGCCGCTCCTTTCTCTTCCAGCTGGAGGAGCTGATAGACATGGCTGTGCTGGAGGAAATTCAACAGGAGCTGATCAACCAAGGTAACCCCTAGTGGTAGTCCTTCCTTACCTGTATTTAGCT,5e12b70746a31b979b8bc9b744589f4a91c09fcd3f696aefdfbffe58fd9508e1,0.0,AATCTGGGTTCTTCAAGCCAGCCTCCAAGTATGAATCACTGTGGGGCTTGGTTGGTGATTAATACTTCAAACTTCTGATGCCGCTCCTTTCTCTTCCAGTTGGAGGAGCTGATAGACATGGCTGTGCTGGAGGAAATTCAACAGGAGCTGATCAACCAAGGTAACCCCTAGTGGTAGTCCTTCCTTACCTGTATTTAGCT,18a513673e1343f169edf4d13882c2908d19860546fdc2bbeac15c1e374c2d07,-0.0436121308647707,AATCTGGGTTCTTCAAGCCAGCCTCCAAGTATGAATCACTGTGGGGCTTGGTTGGTGATTAATACTTCAAACTTCTGATGCCGCTCCTTTCTCTTCCAGCTGGAGGAGCTGATAGACATGGCTGTGCTGGAGGAAATTCAACAGGAGCTGATCAACCAAGGTAACCCCTAGTAGTAGTCCTTCCTTACCTGTATTTAGCT,0fd342ebe72c2e7eae9ada738883de81bdd528141553dc22c1bda92720b71d61,0.160857245885037,AATCTGGGTTCTTCAAGCCAGCCTCCAAGTATGAATCACTGTGGGGCTTGGTTGGTGATTAATACTTCAAACTTCTGATGCCGCTCCTTTCTCTTCCAGTTGGAGGAGCTGATAGACATGGCTGTGCTGGAGGAAATTCAACAGGAGCTGATCAACCAAGGTAACCCCTAGTAGTAGTCCTTCCTTACCTGTATTTAGCT,6c142d8fe5b9f8374a8ddee1134b29bb11903f108f6489e0217201821d9c87e5,-0.0432748891130958,-0.1605200041333621,0.187892385039078,-268.1411714821588,-277.98379642749205,-257.05376066756435,-270.5978281083517,-3.7014424954541028,-1.0,0.1605200041333621,0.0,4,0.1716117165551166,0.17620727786206916,0.145609630836647,0.22061668658798617,1.0
chr17:5326089:C:T;chr17:5326178:C:T;var1;middle;OL41|K562|ba763b3180c0ec87,chr17:5326089:C:T;chr17:5326178:C:T;var1;middle;OL41,K562,K562_region_00855,100,189,89,AATCTGGGTTCTTCAAGCCAGCCTCCAAGTATGAATCACTGTGGGGCTTGGTTGGTGATTAATACTTCAAACTTCTGATGCCGCTCCTTTCTCTTCCAGCTGGAGGAGCTGATAGACATGGCTGTGCTGGAGGAAATTCAACAGGAGCTGATCAACCAAGGTAACCCCTAGTGGTAGTCCTTCCTTACCTGTATTTAGCT,5e12b70746a31b979b8bc9b744589f4a91c09fcd3f696aefdfbffe58fd9508e1,0.0,AATCTGGGTTCTTCAAGCCAGCCTCCAAGTATGAATCACTGTGGGGCTTGGTTGGTGATTAATACTTCAAACTTCTGATGCCGCTCCTTTCTCTTCCAGTTGGAGGAGCTGATAGACATGGCTGTGCTGGAGGAAATTCAACAGGAGCTGATCAACCAAGGTAACCCCTAGTGGTAGTCCTTCCTTACCTGTATTTAGCT,18a513673e1343f169edf4d13882c2908d19860546fdc2bbeac15c1e374c2d07,-0.0436001317282713,AATCTGGGTTCTTCAAGCCAGCCTCCAAGTATGAATCACTGTGGGGCTTGGTTGGTGATTAATACTTCAAACTTCTGATGCCGCTCCTTTCTCTTCCAGCTGGAGGAGCTGATAGACATGGCTGTGCTGGAGGAAATTCAACAGGAGCTGATCAACCAAGGTAACCCCTAGTGGTAGTCCTTCCTTACTTGTATTTAGCT,50b24406fcaf97645ead3d32086306d6d37d61a90febddd767987e7da3b7fafb,0.197612817740544,AATCTGGGTTCTTCAAGCCAGCCTCCAAGTATGAATCACTGTGGGGCTTGGTTGGTGATTAATACTTCAAACTTCTGATGCCGCTCCTTTCTCTTCCAGTTGGAGGAGCTGATAGACATGGCTGTGCTGGAGGAAATTCAACAGGAGCTGATCAACCAAGGTAACCCCTAGTGGTAGTCCTTCCTTACTTGTATTTAGCT,ba763b3180c0ec8755aadb6ab0c24e1d80e997a7aa0f7a7d58698a2a14f1f4ec,0.0458094833207982,-0.1082032026914745,0.189342134680167,-268.1411714821588,-277.98379642749205,-252.81501097185537,-277.7878685873002,-15.130232670111582,-1.0,0.1082032026914745,0.0,4,0.15744674465939162,0.17620727786206916,0.145609630836647,0.3852950725212707,1.0
chr17:5412932:C:A;chr17:5412937:G:T;var1;middle;OL41|K562|976a0f192d83d6dd,chr17:5412932:C:A;chr17:5412937:G:T;var1;middle;OL41,K562,K562_region_00856,100,105,5,AAGCTCAGCCCAGGGCTCCCACCATCCATCAGAGTGCCTGGTGGAAGCATTCCATGATTCTTCCGTTTTTCTGAGATGGAGTCTCACTCTTGTTGCCTACACTGGAGTACAATGGCGTGATCTCGGCTCACTGCATGAGCCAGCACGCCCAGCTCATTTTGTTTGTATTTTTAGTAGAGATGGGGTTTTGCTATGTTGGC,50574f6eac5b1ee7e8bc4a098c8a8fe438ef2b8c516ad3dfd9a76b0650e74a48,0.0,AAGCTCAGCCCAGGGCTCCCACCATCCATCAGAGTGCCTGGTGGAAGCATTCCATGATTCTTCCGTTTTTCTGAGATGGAGTCTCACTCTTGTTGCCTAAACTGGAGTACAATGGCGTGATCTCGGCTCACTGCATGAGCCAGCACGCCCAGCTCATTTTGTTTGTATTTTTAGTAGAGATGGGGTTTTGCTATGTTGGC,0ed556f946d4c224e806f2ab8aa1dc4752dbdf2485b08859ef3538558c815bc9,-0.102250674738766,AAGCTCAGCCCAGGGCTCCCACCATCCATCAGAGTGCCTGGTGGAAGCATTCCATGATTCTTCCGTTTTTCTGAGATGGAGTCTCACTCTTGTTGCCTACACTGTAGTACAATGGCGTGATCTCGGCTCACTGCATGAGCCAGCACGCCCAGCTCATTTTGTTTGTATTTTTAGTAGAGATGGGGTTTTGCTATGTTGGC,ccab80554a78e79431f54f89c4ce01b5804f87fdf892fb7c258f242b36735594,0.403162081666438,AAGCTCAGCCCAGGGCTCCCACCATCCATCAGAGTGCCTGGTGGAAGCATTCCATGATTCTTCCGTTTTTCTGAGATGGAGTCTCACTCTTGTTGCCTAAACTGTAGTACAATGGCGTGATCTCGGCTCACTGCATGAGCCAGCACGCCCAGCTCATTTTGTTTGTATTTTTAGTAGAGATGGGGTTTTGCTATGTTGGC,976a0f192d83d6dd6020f1fc0434dac325dfe7fb4fddeca0630f6624dc7f4dfe,0.0007048519799005,-0.3002065549477715,0.189635104940973,-196.345012499718,-206.2120761105325,-227.24509910214687,-247.6930365548469,-10.580873841885534,-1.0,0.3002065549477715,0.0,3,0.16016115399193415,0.18106719778262317,0.1474303780702046,0.10415343065972892,1.0
chr17:5412932:C:A;chr17:5412979:G:A;var1;middle;OL41|K562|a341aa97b3e216cc,chr17:5412932:C:A;chr17:5412979:G:A;var1;middle;OL41,K562,K562_region_00856,100,147,47,AAGCTCAGCCCAGGGCTCCCACCATCCATCAGAGTGCCTGGTGGAAGCATTCCATGATTCTTCCGTTTTTCTGAGATGGAGTCTCACTCTTGTTGCCTACACTGGAGTACAATGGCGTGATCTCGGCTCACTGCATGAGCCAGCACGCCCAGCTCATTTTGTTTGTATTTTTAGTAGAGATGGGGTTTTGCTATGTTGGC,50574f6eac5b1ee7e8bc4a098c8a8fe438ef2b8c516ad3dfd9a76b0650e74a48,0.0,AAGCTCAGCCCAGGGCTCCCACCATCCATCAGAGTGCCTGGTGGAAGCATTCCATGATTCTTCCGTTTTTCTGAGATGGAGTCTCACTCTTGTTGCCTAAACTGGAGTACAATGGCGTGATCTCGGCTCACTGCATGAGCCAGCACGCCCAGCTCATTTTGTTTGTATTTTTAGTAGAGATGGGGTTTTGCTATGTTGGC,0ed556f946d4c224e806f2ab8aa1dc4752dbdf2485b08859ef3538558c815bc9,-0.102252038411602,AAGCTCAGCCCAGGGCTCCCACCATCCATCAGAGTGCCTGGTGGAAGCATTCCATGATTCTTCCGTTTTTCTGAGATGGAGTCTCACTCTTGTTGCCTACACTGGAGTACAATGGCGTGATCTCGGCTCACTGCATGAGCCAGCACACCCAGCTCATTTTGTTTGTATTTTTAGTAGAGATGGGGTTTTGCTATGTTGGC,5b687552ab331cddf5e728925fe6a68c1ecce82d3546896d8ca5c927f87d889a,-0.0724120538541645,AAGCTCAGCCCAGGGCTCCCACCATCCATCAGAGTGCCTGGTGGAAGCATTCCATGATTCTTCCGTTTTTCTGAGATGGAGTCTCACTCTTGTTGCCTAAACTGGAGTACAATGGCGTGATCTCGGCTCACTGCATGAGCCAGCACACCCAGCTCATTTTGTTTGTATTTTTAGTAGAGATGGGGTTTTGCTATGTTGGC,a341aa97b3e216cc95dcc3bc9bc40cf4edc9f8f0ca900c100494bac87a71ad72,0.0734008324084239,0.2480649246741904,0.190594378581426,-196.345012499718,-206.2120761105325,-202.6502924170345,-210.9840686768293,1.533287351019709,-1.0,-0.2480649246741904,0.0,3,0.18456132074208983,0.18106719778262317,0.1474303780702046,0.10894457962287812,1.0
chr17:5412937:G:T;chr17:5412979:G:A;var1;middle;OL41|K562|97f35a9270eef505,chr17:5412937:G:T;chr17:5412979:G:A;var1;middle;OL41,K562,K562_region_00856,100,142,42,CAGCCCAGGGCTCCCACCATCCATCAGAGTGCCTGGTGGAAGCATTCCATGATTCTTCCGTTTTTCTGAGATGGAGTCTCACTCTTGTTGCCTACACTGGAGTACAATGGCGTGATCTCGGCTCACTGCATGAGCCAGCACGCCCAGCTCATTTTGTTTGTATTTTTAGTAGAGATGGGGTTTTGCTATGTTGGCCAGGC,197c56a9fc1ac7667056a9304f9b202b5181ad4b1a80aac1d9b5e968a63b13fb,0.0,CAGCCCAGGGCTCCCACCATCCATCAGAGTGCCTGGTGGAAGCATTCCATGATTCTTCCGTTTTTCTGAGATGGAGTCTCACTCTTGTTGCCTACACTGTAGTACAATGGCGTGATCTCGGCTCACTGCATGAGCCAGCACGCCCAGCTCATTTTGTTTGTATTTTTAGTAGAGATGGGGTTTTGCTATGTTGGCCAGGC,0f5d1a6d8692b8afab0f34dfb37821597cb41bc0105ce1c2af205998d20f17c4,-0.193512508144708,CAGCCCAGGGCTCCCACCATCCATCAGAGTGCCTGGTGGAAGCATTCCATGATTCTTCCGTTTTTCTGAGATGGAGTCTCACTCTTGTTGCCTACACTGGAGTACAATGGCGTGATCTCGGCTCACTGCATGAGCCAGCACACCCAGCTCATTTTGTTTGTATTTTTAGTAGAGATGGGGTTTTGCTATGTTGGCCAGGC,d059eacff77a6cc8754d15eb52c47bb4b9e9805987b3db8e5109a39caabf671c,-0.0462372052530762,CAGCCCAGGGCTCCCACCATCCATCAGAGTGCCTGGTGGAAGCATTCCATGATTCTTCCGTTTTTCTGAGATGGAGTCTCACTCTTGTTGCCTACACTGTAGTACAATGGCGTGATCTCGGCTCACTGCATGAGCCAGCACACCCAGCTCATTTTGTTTGTATTTTTAGTAGAGATGGGGTTTTGCTATGTTGGCCAGGC,97f35a9270eef50580d26a1aad2d3edc98e681fc998ce662bcc8f3661b19a181,-0.348166228091511,0.1084165146937267,0.208234113357049,-194.7463857904077,-222.1211054050364,-183.82534641493112,-198.2152384142392,-12.984827615320597,1.0,0.1084165146937267,0.0,3,0.155319145370996,0.18106719778262317,0.1474303780702046,0.1668911768721342,1.0
chr17:55164881:G:C;chr17:55164925:C:T;var1;middle;OL41|K562|099a3173e3fda3a0,chr17:55164881:G:C;chr17:55164925:C:T;var1;middle;OL41,K562,K562_region_00927,100,144,44,GTTGCTGAACATCAATATTTAAAAGCAATTTATCTTGCTGCCTGGTAACCCAAATTATTCTTGAGCTTTGGACATAGGCTGGGTTGCAGCCATATTTTAGGGGAAGGCTGGTGTTAGCCTCTACAGTATTCCCTTTTCCTGTCCTAAAGACAAATGGAGATCATATTTGTGATACTGGGGACTGTGATAGGTGCTTAAGC,5984f4797c43685de1293de3a32ba0e9e39ec13ccf660d8728f7252cf480c75a,0.0,GTTGCTGAACATCAATATTTAAAAGCAATTTATCTTGCTGCCTGGTAACCCAAATTATTCTTGAGCTTTGGACATAGGCTGGGTTGCAGCCATATTTTACGGGAAGGCTGGTGTTAGCCTCTACAGTATTCCCTTTTCCTGTCCTAAAGACAAATGGAGATCATATTTGTGATACTGGGGACTGTGATAGGTGCTTAAGC,4975ebee88e56b7edde304b721704f7d3c11f7ede3268a014e44ab1724004aad,0.235154714176693,GTTGCTGAACATCAATATTTAAAAGCAATTTATCTTGCTGCCTGGTAACCCAAATTATTCTTGAGCTTTGGACATAGGCTGGGTTGCAGCCATATTTTAGGGGAAGGCTGGTGTTAGCCTCTACAGTATTCCCTTTTCCTGTCTTAAAGACAAATGGAGATCATATTTGTGATACTGGGGACTGTGATAGGTGCTTAAGC,a55f64b137eda6ed68c7d5efcad8477436488c227c155b52b226d204505b28ed,0.0479134798046464,GTTGCTGAACATCAATATTTAAAAGCAATTTATCTTGCTGCCTGGTAACCCAAATTATTCTTGAGCTTTGGACATAGGCTGGGTTGCAGCCATATTTTACGGGAAGGCTGGTGTTAGCCTCTACAGTATTCCCTTTTCCTGTCTTAAAGACAAATGGAGATCATATTTGTGATACTGGGGACTGTGATAGGTGCTTAAGC,099a3173e3fda3a003d54167160976f6c5970d2b73f16c0966527e335a9e9726,0.302252325399177,-0.0191841314178375,0.307911767001391,-330.73764085769653,-341.3401842014864,-339.57181181013584,-349.3644579071552,-0.8098972467705039,1.0,-0.0191841314178375,0.0,1,0.18154113792387483,0.18216460459877223,0.1501433469024087,0.03985852135003223,1.0
chr17:58156330:A:G;chr17:58156392:A:G;var1;middle;OL41|K562|f1149fe5d017fa32,chr17:58156330:A:G;chr17:58156392:A:G;var1;middle;OL41,K562,K562_region_00928,100,162,62,CGGCTGCACGGAAGGCCACGAACCGACAACTTGCACAGCAGCCATCTTTTCTACGGGCGGGGGGGGTGGGTGGGGTGATCCCAGGGAAATACTTCCGGGACATCCTCCCGTTCCGCGCGCTCTAGTTCCGAAAGTACCTTTTTTAGACCGGACTGGGGCTCAGAGGGGTTTCCATGACTACGGGACTCCTCCGACCGGTA,54dc8078e6c4f1e81cdf3be4d3ccfb32fc2b7492efab1cd5afeaef461b8e0e81,0.0,CGGCTGCACGGAAGGCCACGAACCGACAACTTGCACAGCAGCCATCTTTTCTACGGGCGGGGGGGGTGGGTGGGGTGATCCCAGGGAAATACTTCCGGGGCATCCTCCCGTTCCGCGCGCTCTAGTTCCGAAAGTACCTTTTTTAGACCGGACTGGGGCTCAGAGGGGTTTCCATGACTACGGGACTCCTCCGACCGGTA,07474c5dfea1c19633bd697ed46b6412e26d4c15c0c2cf005021ff6d7b211dc5,0.56866035061731,CGGCTGCACGGAAGGCCACGAACCGACAACTTGCACAGCAGCCATCTTTTCTACGGGCGGGGGGGGTGGGTGGGGTGATCCCAGGGAAATACTTCCGGGACATCCTCCCGTTCCGCGCGCTCTAGTTCCGAAAGTACCTTTTTTAGACCGGACTGGGGCTCGGAGGGGTTTCCATGACTACGGGACTCCTCCGACCGGTA,a974f428859b0c77f1bafc67bd93d7542ff7bf70b75cd14eb120a2c5426b05c7,0.025259403557629,CGGCTGCACGGAAGGCCACGAACCGACAACTTGCACAGCAGCCATCTTTTCTACGGGCGGGGGGGGTGGGTGGGGTGATCCCAGGGAAATACTTCCGGGGCATCCTCCCGTTCCGCGCGCTCTAGTTCCGAAAGTACCTTTTTTAGACCGGACTGGGGCTCGGAGGGGTTTCCATGACTACGGGACTCCTCCGACCGGTA,f1149fe5d017fa3298ddcd578faa98c2bea5e9177abceb102811da1cc7a3577b,0.51412606057324,0.079793693601699,0.214114653045416,-370.1365131214261,-372.7145881541073,-369.5023141168058,-373.2998341415077,1.2194449920206694,1.0,0.079793693601699,0.0,4,0.1777107202026478,0.17620727786206916,0.145609630836647,0.19134824131954983,1.0
chr17:58156392:A:G;chr17:58156427:G:A;var1;middle;OL41|K562|a419a2f576184aa0,chr17:58156392:A:G;chr17:58156427:G:A;var1;middle;OL41,K562,K562_region_00928,100,135,35,GGGGTGGGTGGGGTGATCCCAGGGAAATACTTCCGGGACATCCTCCCGTTCCGCGCGCTCTAGTTCCGAAAGTACCTTTTTTAGACCGGACTGGGGCTCAGAGGGGTTTCCATGACTACGGGACTCCTCCGACCGGTACCCTGCAGATGCTTGTCAGAAATTGGCTTGGAGGCCGGGCTCGGTGGCTGACGCCTGTAATC,c4c75340cbfb594a1d5097e90a83d11af2bc8ef43d8fcb7c6fc6ef9df8cc64f7,0.0,GGGGTGGGTGGGGTGATCCCAGGGAAATACTTCCGGGACATCCTCCCGTTCCGCGCGCTCTAGTTCCGAAAGTACCTTTTTTAGACCGGACTGGGGCTCGGAGGGGTTTCCATGACTACGGGACTCCTCCGACCGGTACCCTGCAGATGCTTGTCAGAAATTGGCTTGGAGGCCGGGCTCGGTGGCTGACGCCTGTAATC,1d2ae02e83782dc33dbde0dca2490f06de5fe73a2c010208054b65b1d0105640,-0.331830498442151,GGGGTGGGTGGGGTGATCCCAGGGAAATACTTCCGGGACATCCTCCCGTTCCGCGCGCTCTAGTTCCGAAAGTACCTTTTTTAGACCGGACTGGGGCTCAGAGGGGTTTCCATGACTACGGGACTCCTCCGACCAGTACCCTGCAGATGCTTGTCAGAAATTGGCTTGGAGGCCGGGCTCGGTGGCTGACGCCTGTAATC,c42231783f69ca45679f19c981d2bf8a6d4d87d3c029d7216f29e5090b49fc2c,0.446257976121902,GGGGTGGGTGGGGTGATCCCAGGGAAATACTTCCGGGACATCCTCCCGTTCCGCGCGCTCTAGTTCCGAAAGTACCTTTTTTAGACCGGACTGGGGCTCGGAGGGGTTTCCATGACTACGGGACTCCTCCGACCAGTACCCTGCAGATGCTTGTCAGAAATTGGCTTGGAGGCCGGGCTCGGTGGCTGACGCCTGTAATC,a419a2f576184aa05eaae352aa63a664304fc4c8bf9554e3387bab75ccce1383,0.0925691918027517,-0.0218582858769992,0.148210789969528,-255.7599785886705,-266.94955469854176,-262.857433591038,-270.3448787946254,3.7021309062838554,-1.0,0.0218582858769992,0.0,4,0.18078778922430425,0.17620727786206916,0.145609630836647,0.1229539313151068,1.0
chr17:618039:G:A;chr17:618100:C:G;var1;middle;OL41|K562|4aaf123c64b35650,chr17:618039:G:A;chr17:618100:C:G;var1;middle;OL41,K562,K562_region_00830,100,161,61,CCTCCATCATTCCGCCACCCGGCCCCCTGCCGACCCCCGCCGCGAGCCCAACTCAGGCCTCCAGCCGCCACCCAGGCCCCAGCACAGCAACTCCCTCGCGGCAGCGACCTGGTGAGCCCGGCTCCGTCAGCCGCTCTGTCAGCCGCTCCGGCACTTCCGGCAGGCCAGGGCACTTCCGGGACCGGGGAACTGTGGGATCA,1d923e78d949cabce533c0560ae4244d674da5fb26a397fccd5dad280a952e12,0.0,CCTCCATCATTCCGCCACCCGGCCCCCTGCCGACCCCCGCCGCGAGCCCAACTCAGGCCTCCAGCCGCCACCCAGGCCCCAGCACAGCAACTCCCTCGCAGCAGCGACCTGGTGAGCCCGGCTCCGTCAGCCGCTCTGTCAGCCGCTCCGGCACTTCCGGCAGGCCAGGGCACTTCCGGGACCGGGGAACTGTGGGATCA,78cbec4744ec211652efa200992826d9b19f8f991cdf883eb8435e99de061c26,-0.237594929084332,CCTCCATCATTCCGCCACCCGGCCCCCTGCCGACCCCCGCCGCGAGCCCAACTCAGGCCTCCAGCCGCCACCCAGGCCCCAGCACAGCAACTCCCTCGCGGCAGCGACCTGGTGAGCCCGGCTCCGTCAGCCGCTCTGTCAGCCGCTCCGGCACTTCCGGGAGGCCAGGGCACTTCCGGGACCGGGGAACTGTGGGATCA,772291a3fdb11f63e10a2c9278c8b0ab03d82e9222276e9daeaa27ca1d7c25a1,-0.173605554725744,CCTCCATCATTCCGCCACCCGGCCCCCTGCCGACCCCCGCCGCGAGCCCAACTCAGGCCTCCAGCCGCCACCCAGGCCCCAGCACAGCAACTCCCTCGCAGCAGCGACCTGGTGAGCCCGGCTCCGTCAGCCGCTCTGTCAGCCGCTCCGGCACTTCCGGGAGGCCAGGGCACTTCCGGGACCGGGGAACTGTGGGATCA,4aaf123c64b356503f81d7441c399b29c6eaf3e4b08753801be788d44c7d8bf5,-0.0928208157004548,0.3183796681096212,0.293550593692793,-306.5119605237851,-303.44185221695807,-277.5779385472415,-278.2931792398449,-3.7853489994304255,-1.0,-0.3183796681096212,0.0,3,0.17384860099468985,0.18106719778262317,0.1474303780702046,0.26045413376261106,1.0
chr17:62079286:G:A;chr17:62079334:A:G;var1;middle;OL41|K562|bbe693d13593c729,chr17:62079286:G:A;chr17:62079334:A:G;var1;middle;OL41,K562,K562_region_00929,100,148,48,CTGCACCTCTCTTGTCGACTCCCCGGTGCCCATGGCTGGCAGTCCTTCTCACTCCCTCAACCTCAGCCAGGCCCTCTTCTCCTGGGGAAATCAGTCCCTGCCCCACGCCAATGAGTTCCTGGACGGGCCGGATCTGTGCTGTTGTGTAAGAGCTCCCTAGAGCACCACCCAGGCCCTTGAAGCCACGTCAGCCCGCCTCT,4c5230bfb340265da3962a201ad9de4085f1e43456ae9e2a8ff6bcadefd3dafb,0.0,CTGCACCTCTCTTGTCGACTCCCCGGTGCCCATGGCTGGCAGTCCTTCTCACTCCCTCAACCTCAGCCAGGCCCTCTTCTCCTGGGGAAATCAGTCCCTACCCCACGCCAATGAGTTCCTGGACGGGCCGGATCTGTGCTGTTGTGTAAGAGCTCCCTAGAGCACCACCCAGGCCCTTGAAGCCACGTCAGCCCGCCTCT,c6ba021a2c78772f87d79e5f080d5314ca5b13c2fc972070ae584d83371897d1,-0.404650766090657,CTGCACCTCTCTTGTCGACTCCCCGGTGCCCATGGCTGGCAGTCCTTCTCACTCCCTCAACCTCAGCCAGGCCCTCTTCTCCTGGGGAAATCAGTCCCTGCCCCACGCCAATGAGTTCCTGGACGGGCCGGATCTGTGCTGTTGTGTGAGAGCTCCCTAGAGCACCACCCAGGCCCTTGAAGCCACGTCAGCCCGCCTCT,323e5b13b21da18b7c910ef4353754105711043b25d95c064a4265d2b8d6d0b9,-0.770816463579219,CTGCACCTCTCTTGTCGACTCCCCGGTGCCCATGGCTGGCAGTCCTTCTCACTCCCTCAACCTCAGCCAGGCCCTCTTCTCCTGGGGAAATCAGTCCCTACCCCACGCCAATGAGTTCCTGGACGGGCCGGATCTGTGCTGTTGTGTGAGAGCTCCCTAGAGCACCACCCAGGCCCTTGAAGCCACGTCAGCCCGCCTCT,bbe693d13593c729f0ae59dbeee0fd0e311c973204b9486dfcb963749f47c78f,-0.537750367957994,0.6377168617118818,0.286390200568659,-260.2506535202265,-261.96200297772884,-258.5748975649476,-261.2026094570756,-0.9163624346256256,-1.0,-0.6377168617118818,0.0,4,0.17506357630458141,0.17620727786206916,0.145609630836647,0.07867135028045216,1.0
chr17:62160382:C:A;chr17:62160439:A:G;var1;middle;OL41|K562|4b3132ca46c9dbc6,chr17:62160382:C:A;chr17:62160439:A:G;var1;middle;OL41,K562,K562_region_00930,100,157,57,CCACTCAGTAAAATAAGCACCTGGAATAAGCCTCTTCAAAGCTGCAGCCCAGGTAAAGACACAATTATTAAGACAGTTCTGACAGAGGCAGACACACTGCTGCTTGGCTTCTGAAATGTAACAATGACCTAATTCTGTAAATGTTTTTCTTTAAGAATCATCTGAATTCAAGATTTGCTTTAAAATACTACAGAAAATAA,c33b783a10cc9a1106c6df6ce1d17d9a092e01fa6f0cb1080bb13124327eb77b,0.0,CCACTCAGTAAAATAAGCACCTGGAATAAGCCTCTTCAAAGCTGCAGCCCAGGTAAAGACACAATTATTAAGACAGTTCTGACAGAGGCAGACACACTGATGCTTGGCTTCTGAAATGTAACAATGACCTAATTCTGTAAATGTTTTTCTTTAAGAATCATCTGAATTCAAGATTTGCTTTAAAATACTACAGAAAATAA,12d7d764d3b04491a047a189dc6361eeecec086fe10af33d71810a6a18efc304,0.299032569863518,CCACTCAGTAAAATAAGCACCTGGAATAAGCCTCTTCAAAGCTGCAGCCCAGGTAAAGACACAATTATTAAGACAGTTCTGACAGAGGCAGACACACTGCTGCTTGGCTTCTGAAATGTAACAATGACCTAATTCTGTAAATGTTTTTCTTTAAGAGTCATCTGAATTCAAGATTTGCTTTAAAATACTACAGAAAATAA,a3c5bdd65341575beba79fa552974ca37cf15dbb05b4772a939940b795694c1e,0.48287065922701,CCACTCAGTAAAATAAGCACCTGGAATAAGCCTCTTCAAAGCTGCAGCCCAGGTAAAGACACAATTATTAAGACAGTTCTGACAGAGGCAGACACACTGATGCTTGGCTTCTGAAATGTAACAATGACCTAATTCTGTAAATGTTTTTCTTTAAGAGTCATCTGAATTCAAGATTTGCTTTAAAATACTACAGAAAATAA,4b3132ca46c9dbc6fb4398f53b347fb4edb88a13009d1ea069ec4aaecb5b8f05,0.627953743446123,0.153949485644405,0.207020723703253,-296.4315783106722,-298.25683423352893,-289.86471819039434,-287.12065087398514,-4.569323239265941,1.0,0.153949485644405,0.0,1,0.1777161480325585,0.18216460459877223,0.1501433469024087,0.44221967337460544,1.0
chr17:63063412:T:C;chr17:63063451:A:C;var1;middle;OL31|K562|6b83efe717fc9dc9,chr17:63063412:T:C;chr17:63063451:A:C;var1;middle;OL31,K562,K562_region_00931,100,139,39,GGCTCTGGTAAGTCCCTTGGCATTGCTCCATGTGTAGGGGTAGCACCAGGCGAGGACCAGAGCAGGATCCTCTAAAGCACAGGCGGGCAGGGGCCTCTGTTGCCTGGAGCTAAGAGTGGTACTGGCTGGGAAGACATAATGCAATAGCATCTAAATTGCCCCTGTTTGTCAAGGGCTGAACTAGACCTCCAAGTTCCAAG,e9c15de64f466afab15244d32ed0525e2d1bb4f610614dcde43d644318db3c83,0.0,GGCTCTGGTAAGTCCCTTGGCATTGCTCCATGTGTAGGGGTAGCACCAGGCGAGGACCAGAGCAGGATCCTCTAAAGCACAGGCGGGCAGGGGCCTCTGCTGCCTGGAGCTAAGAGTGGTACTGGCTGGGAAGACATAATGCAATAGCATCTAAATTGCCCCTGTTTGTCAAGGGCTGAACTAGACCTCCAAGTTCCAAG,fdbfff5219a17ca70e2bfc6892f0a1f135fa44bd8d6fae16d4674335c1ac986a,-0.28256948301217,GGCTCTGGTAAGTCCCTTGGCATTGCTCCATGTGTAGGGGTAGCACCAGGCGAGGACCAGAGCAGGATCCTCTAAAGCACAGGCGGGCAGGGGCCTCTGTTGCCTGGAGCTAAGAGTGGTACTGGCTGGGAAGACATACTGCAATAGCATCTAAATTGCCCCTGTTTGTCAAGGGCTGAACTAGACCTCCAAGTTCCAAG,d7a3beee2454fadd5e7887776c4ea0f2b77f912ff88c5cd8b27853d48a8d7f34,-0.19731594115279,GGCTCTGGTAAGTCCCTTGGCATTGCTCCATGTGTAGGGGTAGCACCAGGCGAGGACCAGAGCAGGATCCTCTAAAGCACAGGCGGGCAGGGGCCTCTGCTGCCTGGAGCTAAGAGTGGTACTGGCTGGGAAGACATACTGCAATAGCATCTAAATTGCCCCTGTTTGTCAAGGGCTGAACTAGACCTCCAAGTTCCAAG,6b83efe717fc9dc9f64be55fdbc4c95bae505f5507248c93044d342cb16a9166,-0.0990022772438149,0.3808831469211451,0.253795786515756,-355.7074719024822,-352.97019156068563,-344.35823729634285,-339.0233200993389,2.5976368552073836,-1.0,-0.3808831469211451,0.0,4,0.17941886679652308,0.17620727786206916,0.145609630836647,0.4077259260009528,1.0
chr17:6558135:A:C;chr17:6558205:C:T;var1;middle;OL41|K562|6899d724f4cc2b44,chr17:6558135:A:C;chr17:6558205:C:T;var1;middle;OL41,K562,K562_region_00857,100,170,70,AACTGCAGAGTACCTTAGCCTTTCTAGACGCTGCAAGAGCCTTCTCTCCTCCCTGTCCAAATACTAATCCTGCCGGGAGTGAGGCCTGGAAGGAGGCCCAGGGGAAGCGGGAGAAGAGGTCTGGGCCAAGGAGAGTTCTATCTGCGAAGACTCCAGGCTCAGAGCGCTACTCACCTGTCTCCAGGGCGACGGCAGCGGCC,c8850c4f5f8ef2fa1bfbb41302365b74a7a2eb6a887a23c5bf880ed583c13ec8,0.0,AACTGCAGAGTACCTTAGCCTTTCTAGACGCTGCAAGAGCCTTCTCTCCTCCCTGTCCAAATACTAATCCTGCCGGGAGTGAGGCCTGGAAGGAGGCCCCGGGGAAGCGGGAGAAGAGGTCTGGGCCAAGGAGAGTTCTATCTGCGAAGACTCCAGGCTCAGAGCGCTACTCACCTGTCTCCAGGGCGACGGCAGCGGCC,60e89e38f1e1659bb2187e39bc309ff79720cf96bf93877d17528f41c03b8c3f,0.282734289330793,AACTGCAGAGTACCTTAGCCTTTCTAGACGCTGCAAGAGCCTTCTCTCCTCCCTGTCCAAATACTAATCCTGCCGGGAGTGAGGCCTGGAAGGAGGCCCAGGGGAAGCGGGAGAAGAGGTCTGGGCCAAGGAGAGTTCTATCTGCGAAGACTCCAGGCTCAGAGCGCTATTCACCTGTCTCCAGGGCGACGGCAGCGGCC,7eb1d5bc0480e79039899f065a9c93eae09598467f5582d6f14465d585a17588,-0.121165225457797,AACTGCAGAGTACCTTAGCCTTTCTAGACGCTGCAAGAGCCTTCTCTCCTCCCTGTCCAAATACTAATCCTGCCGGGAGTGAGGCCTGGAAGGAGGCCCCGGGGAAGCGGGAGAAGAGGTCTGGGCCAAGGAGAGTTCTATCTGCGAAGACTCCAGGCTCAGAGCGCTATTCACCTGTCTCCAGGGCGACGGCAGCGGCC,6899d724f4cc2b44fdc401494b8ae41f16f2b1ff059a4af4ef606f238e8165fe,0.0634596601226532,-0.0981094037503427,0.60777810826526,-248.4035950154066,-249.4911322891712,-252.23418553173545,-254.2692747414112,-0.9475519359111786,-1.0,0.0981094037503427,0.0,3,0.17956445044149463,0.18106719778262317,0.1474303780702046,0.21908146487816973,1.0
chr17:65610:G:T;chr17:65632:C:T;var1;middle;OL41|K562|f6405cd9821ce9f8,chr17:65610:G:T;chr17:65632:C:T;var1;middle;OL41,K562,K562_region_00827,100,122,22,ACCACTGGCCAGGCTGCTCTGGCACCCAGAGAGGTGGCCCGGCGGGTGGGTGAACCCCATCCTGGGGGCCTCCACGCTGCCACCTGTGGGAAATCACGTGTGGGCCCCGTGGATCTCAAACCGAGACGGGGTGATCTCAGTCCAGTTCCTCGTTTGGAACTCTAGATCTCTATGGGATGTCTGCCCCCCACCCCACCCAC,4c5abff3947bcbc1cbee390342a97adf66bc2cff9decf9771c742d02a2d2e1ec,0.0,ACCACTGGCCAGGCTGCTCTGGCACCCAGAGAGGTGGCCCGGCGGGTGGGTGAACCCCATCCTGGGGGCCTCCACGCTGCCACCTGTGGGAAATCACGTTTGGGCCCCGTGGATCTCAAACCGAGACGGGGTGATCTCAGTCCAGTTCCTCGTTTGGAACTCTAGATCTCTATGGGATGTCTGCCCCCCACCCCACCCAC,7fdd8d860d40dfb885e0f1faf71c98dcadcab37ffa98bd5e7330b14b12bdfc05,0.415243947501813,ACCACTGGCCAGGCTGCTCTGGCACCCAGAGAGGTGGCCCGGCGGGTGGGTGAACCCCATCCTGGGGGCCTCCACGCTGCCACCTGTGGGAAATCACGTGTGGGCCCCGTGGATCTCAAACTGAGACGGGGTGATCTCAGTCCAGTTCCTCGTTTGGAACTCTAGATCTCTATGGGATGTCTGCCCCCCACCCCACCCAC,cff7a9efd7e0ca4474e13f6059908b8ca68b1e05316c158e3b3648685795025b,0.289155547719717,ACCACTGGCCAGGCTGCTCTGGCACCCAGAGAGGTGGCCCGGCGGGTGGGTGAACCCCATCCTGGGGGCCTCCACGCTGCCACCTGTGGGAAATCACGTTTGGGCCCCGTGGATCTCAAACTGAGACGGGGTGATCTCAGTCCAGTTCCTCGTTTGGAACTCTAGATCTCTATGGGATGTCTGCCCCCCACCCCACCCAC,f6405cd9821ce9f8248f55ca128051003d8dce7612400c895a3a2c076de753ca,-0.0200999707066946,0.7244994659282246,0.510587494725115,-285.5394235216081,-296.14602567255497,-253.1877555400133,-271.9176096934825,8.12325200252235,1.0,0.7244994659282246,0.0,3,0.1978347314069956,0.18106719778262317,0.1474303780702046,0.29598167128087044,1.0
chr17:66179547:C:A;chr17:66179581:A:C;var1;middle;OL41|K562|9e5ce1c641e741fb,chr17:66179547:C:A;chr17:66179581:A:C;var1;middle;OL41,K562,K562_region_00932,100,134,34,TTCTAGATGAGGAAATGGAGGCTTTAGAGCAGCTAACGTGGCTTATACAACCTGCCTGCAGAACCTTCCAGGTCTGAGCTGAGGTGTCATCTCTGAACACCAGGCTGCTGCACTAACCAGAAGACCCCTCCCCACCTGCAGTGGCCTCGCTGCATCGTAAGGATGGAGGAGCTGTTGTCTCCACAGCTGACAGGTGCTTA,0002dd56332cfca8c27ad4df373dbc0bfdd77d52142fc39371e73d3ebcee8c8f,0.0,TTCTAGATGAGGAAATGGAGGCTTTAGAGCAGCTAACGTGGCTTATACAACCTGCCTGCAGAACCTTCCAGGTCTGAGCTGAGGTGTCATCTCTGAACAACAGGCTGCTGCACTAACCAGAAGACCCCTCCCCACCTGCAGTGGCCTCGCTGCATCGTAAGGATGGAGGAGCTGTTGTCTCCACAGCTGACAGGTGCTTA,6b8b62adc3cbc0d093243233be3c2396ded7537772a043b09ea627ffb4f39e2a,-0.146956913340214,TTCTAGATGAGGAAATGGAGGCTTTAGAGCAGCTAACGTGGCTTATACAACCTGCCTGCAGAACCTTCCAGGTCTGAGCTGAGGTGTCATCTCTGAACACCAGGCTGCTGCACTAACCAGAAGACCCCTCCCCCCCTGCAGTGGCCTCGCTGCATCGTAAGGATGGAGGAGCTGTTGTCTCCACAGCTGACAGGTGCTTA,232e6c23047f7694c22b96331d8e4d7210e64b17773c266349b9f0b5875914e5,0.456693899013032,TTCTAGATGAGGAAATGGAGGCTTTAGAGCAGCTAACGTGGCTTATACAACCTGCCTGCAGAACCTTCCAGGTCTGAGCTGAGGTGTCATCTCTGAACAACAGGCTGCTGCACTAACCAGAAGACCCCTCCCCCCCTGCAGTGGCCTCGCTGCATCGTAAGGATGGAGGAGCTGTTGTCTCCACAGCTGACAGGTGCTTA,9e5ce1c641e741fbd01d489c4fbd9a4237034ac473926473dbcf86a2c5d49329,0.382329423429819,0.072592437757001,0.238530849008687,-221.76125157624483,-226.4890600219369,-229.75912988185885,-234.04594298824668,0.44099533930420876,-1.0,-0.072592437757001,0.0,4,0.1767459008924275,0.17620727786206916,0.145609630836647,0.010674633806433381,1.0
chr17:66193334:G:T;chr17:66193336:A:C;var1;middle;OL41|K562|6031e8e679225e89,chr17:66193334:G:T;chr17:66193336:A:C;var1;middle;OL41,K562,K562_region_00933,100,102,2,CAGGGTGCAAATGATCTCCCCGCGAGCGGGAACGCCCGGACAAGACAACCAGCCCCAGCCCAGCATTCCCAGAGCCGCGTGCGGGAGGGACGCAGGGACGCAGGGACAGCAAATCCCCAGGTGAGGGGAGAAGGGGGAAGGCCGGGCAGGGGCGGCCCCACCCTCCTTGGGTTCTGCTAGCGATCAGCCAGCACCCCTTC,242d52f591ca888452a23c20f5b09f2d5666eebccda7b73b65321818ef01ff4a,0.0,CAGGGTGCAAATGATCTCCCCGCGAGCGGGAACGCCCGGACAAGACAACCAGCCCCAGCCCAGCATTCCCAGAGCCGCGTGCGGGAGGGACGCAGGGACTCAGGGACAGCAAATCCCCAGGTGAGGGGAGAAGGGGGAAGGCCGGGCAGGGGCGGCCCCACCCTCCTTGGGTTCTGCTAGCGATCAGCCAGCACCCCTTC,7ebe6494d45b40107e690cd54af331d20f9140e2de4fcabd0420f1c0aa481f78,-0.0495875995075785,CAGGGTGCAAATGATCTCCCCGCGAGCGGGAACGCCCGGACAAGACAACCAGCCCCAGCCCAGCATTCCCAGAGCCGCGTGCGGGAGGGACGCAGGGACGCCGGGACAGCAAATCCCCAGGTGAGGGGAGAAGGGGGAAGGCCGGGCAGGGGCGGCCCCACCCTCCTTGGGTTCTGCTAGCGATCAGCCAGCACCCCTTC,48163c484c8fb2fe8019d268bb51bbf05f6c9d5f420240c53f3ff6cbd71d5d31,0.249430457717861,CAGGGTGCAAATGATCTCCCCGCGAGCGGGAACGCCCGGACAAGACAACCAGCCCCAGCCCAGCATTCCCAGAGCCGCGTGCGGGAGGGACGCAGGGACTCCGGGACAGCAAATCCCCAGGTGAGGGGAGAAGGGGGAAGGCCGGGCAGGGGCGGCCCCACCCTCCTTGGGTTCTGCTAGCGATCAGCCAGCACCCCTTC,6031e8e679225e890fa49abd8ceb17b5165d165674346821e15e44810727c85a,-0.658430873315046,0.8582737315253285,0.38241118672908,-247.4194350764156,-254.1709985211492,-273.2488811882213,-275.8636078722775,-4.13683676067734,1.0,0.8582737315253285,0.0,1,0.17815617701890762,0.18216460459877223,0.1501433469024087,0.027349210404547464,1.0
chr17:66203079:C:A;chr17:66203119:T:G;var1;middle;OL41|K562|0b8041ccba2e756e,chr17:66203079:C:A;chr17:66203119:T:G;var1;middle;OL41,K562,K562_region_00934,100,140,40,TGTATGTTTGCTTTTATTCTTCGAGTGCTAATGGGCCTGTGCAACAGTTGCTGGTAAATGGCTGATTAAAAAGCAAAGCAGAAAGCCAAACAAGACCCACCCAACTTTGGTTATTCATTCGATTCAAAATTGTTTTTGGTTAAATCAAAAATGAAAGTACAAAACCGCAGGAACGCGCATCTTAGCTCATTTGATCGCTT,b5516cc0e868f2ee1d04a4afa54519745367c990bdcf33133282510f5857cd06,0.0,TGTATGTTTGCTTTTATTCTTCGAGTGCTAATGGGCCTGTGCAACAGTTGCTGGTAAATGGCTGATTAAAAAGCAAAGCAGAAAGCCAAACAAGACCCAACCAACTTTGGTTATTCATTCGATTCAAAATTGTTTTTGGTTAAATCAAAAATGAAAGTACAAAACCGCAGGAACGCGCATCTTAGCTCATTTGATCGCTT,04acc092467e97bf9c0ff86b83480139787299017f9b39852916c7c165e341a7,-0.105507301884209,TGTATGTTTGCTTTTATTCTTCGAGTGCTAATGGGCCTGTGCAACAGTTGCTGGTAAATGGCTGATTAAAAAGCAAAGCAGAAAGCCAAACAAGACCCACCCAACTTTGGTTATTCATTCGATTCAAAATTGTTTTTGGGTAAATCAAAAATGAAAGTACAAAACCGCAGGAACGCGCATCTTAGCTCATTTGATCGCTT,6d34640bb9aa615cf36ba43c6acf275278e6efaa173d96bb5091e53712f7e068,0.0585749228211229,TGTATGTTTGCTTTTATTCTTCGAGTGCTAATGGGCCTGTGCAACAGTTGCTGGTAAATGGCTGATTAAAAAGCAAAGCAGAAAGCCAAACAAGACCCAACCAACTTTGGTTATTCATTCGATTCAAAATTGTTTTTGGGTAAATCAAAAATGAAAGTACAAAACCGCAGGAACGCGCATCTTAGCTCATTTGATCGCTT,0b8041ccba2e756e09d2a32714408fea286bd6e2ce7a4f48f08f00d9722af507,0.0801142432258918,0.1270466222889779,0.235651771445703,-353.66120429494185,-355.9085893986339,-366.8278789400356,-369.3054662014183,-0.23020215769065544,-1.0,-0.1270466222889779,0.0,2,0.17485927541620297,0.17490732828716207,0.146091925319964,0.04848390084061577,1.0
chr17:66433179:A:G;chr17:66433181:A:G;var1;middle;OL28|K562|6fc39455d94e4e86,chr17:66433179:A:G;chr17:66433181:A:G;var1;middle;OL28,K562,K562_region_00935,100,102,2,AGTGGAGATCGTGCCACTGCACTCCAGCCTGGGCTACAGAGTGAGACCCCGTCTCAAAAAAAAAAAAATATATATATATGTGTGTGTGTGTGTGTGTGTATATATTGCTCATTTTTACATTTTACCCCAGGACTCTGAAACAGCATCTACTTTTCTTCCAATTCCATTATCCTCTAGGGTTACAAGAGATTTCCTCAAAA,f39e963a6da7d810221a3f8ea967d506453e683ac2a269f4607df6a5da1bb90f,0.0,AGTGGAGATCGTGCCACTGCACTCCAGCCTGGGCTACAGAGTGAGACCCCGTCTCAAAAAAAAAAAAATATATATATATGTGTGTGTGTGTGTGTGTGTGTATATTGCTCATTTTTACATTTTACCCCAGGACTCTGAAACAGCATCTACTTTTCTTCCAATTCCATTATCCTCTAGGGTTACAAGAGATTTCCTCAAAA,e73cabc61abecacb84a486ae252fdc09aa13ff9ea608178f8ecef86f13f7793b,0.310321620842902,AGTGGAGATCGTGCCACTGCACTCCAGCCTGGGCTACAGAGTGAGACCCCGTCTCAAAAAAAAAAAAATATATATATATGTGTGTGTGTGTGTGTGTGTATGTATTGCTCATTTTTACATTTTACCCCAGGACTCTGAAACAGCATCTACTTTTCTTCCAATTCCATTATCCTCTAGGGTTACAAGAGATTTCCTCAAAA,0f0d8a5396064d15c7bc4c29a298740a6fac4624e4200d4fcff6590cabfa69fc,0.158869175802852,AGTGGAGATCGTGCCACTGCACTCCAGCCTGGGCTACAGAGTGAGACCCCGTCTCAAAAAAAAAAAAATATATATATATGTGTGTGTGTGTGTGTGTGTGTGTATTGCTCATTTTTACATTTTACCCCAGGACTCTGAAACAGCATCTACTTTTCTTCCAATTCCATTATCCTCTAGGGTTACAAGAGATTTCCTCAAAA,6fc39455d94e4e867fc5c635d87618084e5381e1c441a1199f04f84cc4ef5084,0.319254184018125,0.149936612627629,0.290198915937217,-172.61237010522746,-172.7952160773566,-174.95018722722307,-169.9683235209668,-5.164709678385407,1.0,0.149936612627629,0.0,1,0.1771103781316202,0.18216460459877223,0.1501433469024087,0.11802997572501141,1.0
chr17:6656175:T:C;chr17:6656188:G:C;var1;middle;OL41|K562|aa9c303e7eaa8b25,chr17:6656175:T:C;chr17:6656188:G:C;var1;middle;OL41,K562,K562_region_00858,100,113,13,ACACCACCGACAGAAGTGTGTGCAATTGCACCATATAATTTTTGTCTGGGAAGTGAAATATCTCTGTCGTTACATCATCTTCCTTAGCATAGTGATCCCTTAAAAGAAGAAAGCCTAAATAAGATCCCTTCTCAAAGCCAAACTATTAAAACAATCCTTTTTAAATATTCTTTCCTGTCTTCCATGCTGTACAAGTACAG,15f47d0d09612d6c9bba8077c8b9a419a57020ad467048248fcd909b54cd2cf2,0.0,ACACCACCGACAGAAGTGTGTGCAATTGCACCATATAATTTTTGTCTGGGAAGTGAAATATCTCTGTCGTTACATCATCTTCCTTAGCATAGTGATCCCCTAAAAGAAGAAAGCCTAAATAAGATCCCTTCTCAAAGCCAAACTATTAAAACAATCCTTTTTAAATATTCTTTCCTGTCTTCCATGCTGTACAAGTACAG,20a46cb14ee03c9d97540a4dc8ba502d2790abc0688cd7afb6b352deec9fcf49,-0.0266700489658802,ACACCACCGACAGAAGTGTGTGCAATTGCACCATATAATTTTTGTCTGGGAAGTGAAATATCTCTGTCGTTACATCATCTTCCTTAGCATAGTGATCCCTTAAAAGAAGAAACCCTAAATAAGATCCCTTCTCAAAGCCAAACTATTAAAACAATCCTTTTTAAATATTCTTTCCTGTCTTCCATGCTGTACAAGTACAG,df39dc72477f2d00a43a9e1eae0e9d1c20157f209a88385ac67a260b91f75b25,-0.112378640469916,ACACCACCGACAGAAGTGTGTGCAATTGCACCATATAATTTTTGTCTGGGAAGTGAAATATCTCTGTCGTTACATCATCTTCCTTAGCATAGTGATCCCCTAAAAGAAGAAACCCTAAATAAGATCCCTTCTCAAAGCCAAACTATTAAAACAATCCTTTTTAAATATTCTTTCCTGTCTTCCATGCTGTACAAGTACAG,aa9c303e7eaa8b25b128404458b3e0f5997d8574e8d71cad94fd3fe08dd076d7,0.253535844109628,0.3925845335454242,0.393273487717511,-281.1580775869079,-285.96404235600494,-279.6463989848271,-279.80005139647983,4.652312357444316,-1.0,-0.3925845335454242,0.0,2,0.18196861131041542,0.17490732828716207,0.146091925319964,0.29828180770941215,1.0
chr17:66576439:G:T;chr17:66576490:C:T;var1;middle;OL41|K562|0b9ac3b3c3df69c5,chr17:66576439:G:T;chr17:66576490:C:T;var1;middle;OL41,K562,K562_region_00936,100,151,51,AAACGAATGCTTTGTCAAGAATTTAATTTGAATTTCCTTGGAGCCTTCTTAAAGATCATGGTGGTGGTGGGTGGGGGGAGACACAGAACCTGATTAACTGTTTGCTGTTGAGAAAGCAATGACTGTACCAAGATTTTACTGAGATTTTTGCGAAATGGGCTGGTTTCCCGAAATGGGCTGGTTTCCCGACAAAAACTCAT,9cf7f3b840a45ebffb4c3831879bcd4ece8a45847676e4d048032db6561be6d9,0.0,AAACGAATGCTTTGTCAAGAATTTAATTTGAATTTCCTTGGAGCCTTCTTAAAGATCATGGTGGTGGTGGGTGGGGGGAGACACAGAACCTGATTAACTTTTTGCTGTTGAGAAAGCAATGACTGTACCAAGATTTTACTGAGATTTTTGCGAAATGGGCTGGTTTCCCGAAATGGGCTGGTTTCCCGACAAAAACTCAT,98a00b24625fc03585a23543c3b63ecdf43c0038767f311db39804c0db869279,-0.109423357254567,AAACGAATGCTTTGTCAAGAATTTAATTTGAATTTCCTTGGAGCCTTCTTAAAGATCATGGTGGTGGTGGGTGGGGGGAGACACAGAACCTGATTAACTGTTTGCTGTTGAGAAAGCAATGACTGTACCAAGATTTTACTGAGATTTTTGTGAAATGGGCTGGTTTCCCGAAATGGGCTGGTTTCCCGACAAAAACTCAT,d6f24d6034c8a8548688884e3ca3b9edfc207933e55a7cc55b33f762647abe47,-0.160526243723016,AAACGAATGCTTTGTCAAGAATTTAATTTGAATTTCCTTGGAGCCTTCTTAAAGATCATGGTGGTGGTGGGTGGGGGGAGACACAGAACCTGATTAACTTTTTGCTGTTGAGAAAGCAATGACTGTACCAAGATTTTACTGAGATTTTTGTGAAATGGGCTGGTTTCCCGAAATGGGCTGGTTTCCCGACAAAAACTCAT,0b9ac3b3c3df69c565a3f8ab5e5ce869e556554b827f94e0e2205660169a2d99,-0.0558575560153932,0.2140920449621898,0.306712536401444,-272.423490407411,-269.2141944941832,-279.4643254976254,-268.14843776565976,8.106591818737797,-1.0,-0.2140920449621898,0.0,1,0.190613129395361,0.18216460459877223,0.1501433469024087,0.20295916728349306,1.0
chr17:70030083:G:A;chr17:70030172:A:G;var1;middle;OL41|K562|50065db6749012b3,chr17:70030083:G:A;chr17:70030172:A:G;var1;middle;OL41,K562,K562_region_00937,100,189,89,CAAGTGCTCTTTTTCATTCCTATTCAGCTTGCCTGTCCCATCCCAAGTATACTTGCCTCAGATGGCAACATGACAAAGCTCCCTTCCTTCTCTCGAATGGTTTGCAAGCTTCTGGTCTTCTTTTTCTTCTCCCTGGATTGTGCACAAAATTATGCCAATTTATGGTGGGGTAAGGGGATACTCCATGGACCACTTATCTC,acbc62370c2c1b20ad61ba68b0f0f5a487581b41316801173c34db768ea83cb9,0.0,CAAGTGCTCTTTTTCATTCCTATTCAGCTTGCCTGTCCCATCCCAAGTATACTTGCCTCAGATGGCAACATGACAAAGCTCCCTTCCTTCTCTCGAATGATTTGCAAGCTTCTGGTCTTCTTTTTCTTCTCCCTGGATTGTGCACAAAATTATGCCAATTTATGGTGGGGTAAGGGGATACTCCATGGACCACTTATCTC,9c4afc955e288a1fdeaae65a6933d2561a793f5d5d271b2d8352d7c358ba39e3,0.218208082007957,CAAGTGCTCTTTTTCATTCCTATTCAGCTTGCCTGTCCCATCCCAAGTATACTTGCCTCAGATGGCAACATGACAAAGCTCCCTTCCTTCTCTCGAATGGTTTGCAAGCTTCTGGTCTTCTTTTTCTTCTCCCTGGATTGTGCACAAAATTATGCCAATTTATGGTGGGGTAAGGGGATACTCCATGGGCCACTTATCTC,f2c568cbb87e71ecb63148f45275ccce92cc2583c8d218fa12c46168340f206f,0.0709819127063592,CAAGTGCTCTTTTTCATTCCTATTCAGCTTGCCTGTCCCATCCCAAGTATACTTGCCTCAGATGGCAACATGACAAAGCTCCCTTCCTTCTCTCGAATGATTTGCAAGCTTCTGGTCTTCTTTTTCTTCTCCCTGGATTGTGCACAAAATTATGCCAATTTATGGTGGGGTAAGGGGATACTCCATGGGCCACTTATCTC,50065db6749012b36e35184d7b057112362d0d0940c9c5903f49dbd8ac088a20,0.059082519589319,0.2301074751249971,0.260732135681011,-343.0405352215748,-330.9644674959127,-318.88319112733006,-295.733235405758,-11.0738879959099,1.0,0.2301074751249971,0.0,1,0.17109814451520214,0.18216460459877223,0.1501433469024087,0.31664087383504835,1.0
chr17:70063522:A:C;chr17:70063583:C:A;var1;middle;OL30|K562|91cea8110f888770,chr17:70063522:A:C;chr17:70063583:C:A;var1;middle;OL30,K562,K562_region_00938,100,161,61,CCCCCATGATTCAATTACCTCCCACCAGGTCCCTCCCACAACACATGGGAATTATGGGAGCTACAATTCAAGATGAGATTTGGGTTGGGACACAGCAAAACCATATCAACAGGACTACATTTCTTGGGCTCTGGTATTTGGTGGGGCCTTGTGACTGGTGCTGGGCAATGAGTTGTGAACAGAGGTAATGTATATCACTC,cc54020dd95a628b3d22d23201a9189c7567e02e56ac9bc9ae70228e56809996,0.0,CCCCCATGATTCAATTACCTCCCACCAGGTCCCTCCCACAACACATGGGAATTATGGGAGCTACAATTCAAGATGAGATTTGGGTTGGGACACAGCAAACCCATATCAACAGGACTACATTTCTTGGGCTCTGGTATTTGGTGGGGCCTTGTGACTGGTGCTGGGCAATGAGTTGTGAACAGAGGTAATGTATATCACTC,bc7e49e9825311b19944d23b11e684576c5c1122d263a47c3dc793183cd2182c,-0.010026655786882,CCCCCATGATTCAATTACCTCCCACCAGGTCCCTCCCACAACACATGGGAATTATGGGAGCTACAATTCAAGATGAGATTTGGGTTGGGACACAGCAAAACCATATCAACAGGACTACATTTCTTGGGCTCTGGTATTTGGTGGGGCCTTGTGACTGGTGATGGGCAATGAGTTGTGAACAGAGGTAATGTATATCACTC,a470c24a8bd6093921a5314354975b4d535de493925c67bbaf661d86fbdad8a9,-0.160046249224452,CCCCCATGATTCAATTACCTCCCACCAGGTCCCTCCCACAACACATGGGAATTATGGGAGCTACAATTCAAGATGAGATTTGGGTTGGGACACAGCAAACCCATATCAACAGGACTACATTTCTTGGGCTCTGGTATTTGGTGGGGCCTTGTGACTGGTGATGGGCAATGAGTTGTGAACAGAGGTAATGTATATCACTC,91cea8110f8887704083ca07c11b9bf5c1c4ee6ced2432cc85df6803fd92c687,-0.230027547982465,0.059954642971131,0.151215159399535,-281.93705976661295,-289.94613338739146,-296.5418235346442,-307.4191150024999,2.868217847077176,1.0,0.059954642971131,0.0,1,0.18528339886507955,0.18216460459877223,0.1501433469024087,0.2807282943148835,1.0
chr17:7164499:C:T;chr17:7164563:C:T;var1;middle;OL41|K562|b25d50c3395f8f58,chr17:7164499:C:T;chr17:7164563:C:T;var1;middle;OL41,K562,K562_region_00859,100,164,64,CTGTCCGGCGCCGTGTTCTGCCGAGGGCCAGGGGCGCCCAGGTGTCCAAGACCTGGGCCAAGCGGGCAGGTCCCCGCCCCTCCCGACAGCGCGGCCTTCCTGCTCCCGCCCCGCCCTCTCCGCTCAAGGATCCGCCCGGGGCGCCGGGGTTTCGGTGAAACTGCCCTGGATAGGGGGAAGGGTGAAAGGGTGCAGCGAAG,605c37781bdc5d39adfd4850bcb5596dfc2adb33b0c95802dd29eb0d471f9a61,0.0,CTGTCCGGCGCCGTGTTCTGCCGAGGGCCAGGGGCGCCCAGGTGTCCAAGACCTGGGCCAAGCGGGCAGGTCCCCGCCCCTCCCGACAGCGCGGCCTTCTTGCTCCCGCCCCGCCCTCTCCGCTCAAGGATCCGCCCGGGGCGCCGGGGTTTCGGTGAAACTGCCCTGGATAGGGGGAAGGGTGAAAGGGTGCAGCGAAG,cb4eec3802a4cb98fb325b0dc7e067578daf82ff1e24d433a8d190046a8475c9,-0.633092477070216,CTGTCCGGCGCCGTGTTCTGCCGAGGGCCAGGGGCGCCCAGGTGTCCAAGACCTGGGCCAAGCGGGCAGGTCCCCGCCCCTCCCGACAGCGCGGCCTTCCTGCTCCCGCCCCGCCCTCTCCGCTCAAGGATCCGCCCGGGGCGCCGGGGTTTCGGTGAAACTGTCCTGGATAGGGGGAAGGGTGAAAGGGTGCAGCGAAG,8c710f425cd30c316706943a245b1e9d79b7a99d242d8b38d60bfe27ce6f3a12,0.314424858630553,CTGTCCGGCGCCGTGTTCTGCCGAGGGCCAGGGGCGCCCAGGTGTCCAAGACCTGGGCCAAGCGGGCAGGTCCCCGCCCCTCCCGACAGCGCGGCCTTCTTGCTCCCGCCCCGCCCTCTCCGCTCAAGGATCCGCCCGGGGCGCCGGGGTTTCGGTGAAACTGTCCTGGATAGGGGGAAGGGTGAAAGGGTGCAGCGAAG,b25d50c3395f8f58f0de7407010962ff1e0c93578a684d7bf0c3b73073609313,-0.394535069975399,-0.0758674515357359,0.320083255915543,-250.05663713812828,-255.02994579076767,-247.8571685552597,-253.3568138629198,-0.5263366550207138,-1.0,0.0758674515357359,0.0,4,0.17554697867021085,0.17620727786206916,0.145609630836647,0.11316418785772585,1.0
chr17:7185062:C:A;chr17:7185092:G:A;var1;middle;OL41|K562|04b7532af8bad0f2,chr17:7185062:C:A;chr17:7185092:G:A;var1;middle;OL41,K562,K562_region_00860,100,130,30,CGGGCTCCTGGCCAATGGGTGCTGTGAAGGGCGTGGCCCGCGGGGGCAGGAGCGAGGTGGCGGGGGCTTCTCGCGTCTTTTCCCCCAGCCCCGCTCCACCAGATCCGCGGGAGCCCCACTGCTCTCCGGGTCCTTGGCTTGTGGCTGTGGGTCCCATCGGGCCCGCCCTCGCACGTCACTCCGGGACCCCCGCGGCCTCC,1cab545d79b10fcc50c026548e277b66cf75001234629ac01bfc6aef7d309d67,0.0,CGGGCTCCTGGCCAATGGGTGCTGTGAAGGGCGTGGCCCGCGGGGGCAGGAGCGAGGTGGCGGGGGCTTCTCGCGTCTTTTCCCCCAGCCCCGCTCCACAAGATCCGCGGGAGCCCCACTGCTCTCCGGGTCCTTGGCTTGTGGCTGTGGGTCCCATCGGGCCCGCCCTCGCACGTCACTCCGGGACCCCCGCGGCCTCC,9b1885cb616cbfaa2e1d6630e5801a400370744895d8c74eb653681988064502,0.0420264814849969,CGGGCTCCTGGCCAATGGGTGCTGTGAAGGGCGTGGCCCGCGGGGGCAGGAGCGAGGTGGCGGGGGCTTCTCGCGTCTTTTCCCCCAGCCCCGCTCCACCAGATCCGCGGGAGCCCCACTGCTCTCCGGATCCTTGGCTTGTGGCTGTGGGTCCCATCGGGCCCGCCCTCGCACGTCACTCCGGGACCCCCGCGGCCTCC,2933c86203ccb1e7635e5bc2578398fe514d3ab4a13a8f79eaf83ec0b58a3319,-0.0814576519608183,CGGGCTCCTGGCCAATGGGTGCTGTGAAGGGCGTGGCCCGCGGGGGCAGGAGCGAGGTGGCGGGGGCTTCTCGCGTCTTTTCCCCCAGCCCCGCTCCACAAGATCCGCGGGAGCCCCACTGCTCTCCGGATCCTTGGCTTGTGGCTGTGGGTCCCATCGGGCCCGCCCTCGCACGTCACTCCGGGACCCCCGCGGCCTCC,04b7532af8bad0f2be5178aff59920edd8ce1996bea531b418ee144bd19915c1,0.0552906564320167,0.0947218269078381,0.274378789617071,-243.4948663674295,-243.44672570377588,-244.7776226550341,-245.89049907028675,-1.1610170789062977,-1.0,-0.0947218269078381,0.0,4,0.17476034856941144,0.17620727786206916,0.145609630836647,0.16507942794962233,1.0
chr17:72083:C:T;chr17:72161:G:A;var1;middle;OL41|K562|7f0e257b4d4ca490,chr17:72083:C:T;chr17:72161:G:A;var1;middle;OL41,K562,K562_region_00828,100,178,78,TTGAAGTTTCAGAACAATTCTGTGAGGTAGGAAACAGCATTACCCCCATTTCACAGGCAAGAAAACGGGGGCACGTGCCCAAGTTGTAAGTAGAAGAGCCGGATTCTCATCCTGGCAGGCTGGCTCCGTGGCTCCTGCTCACAACCCTCTGATTTTACTGCAAGAATTGAACTGGAAGCCAGCAGGCCTGGGCTCTCATC,d51940dc146c1b7f64487198b0d40c0b5d0509305601fde3a3e8ac268d4bc2b4,0.0,TTGAAGTTTCAGAACAATTCTGTGAGGTAGGAAACAGCATTACCCCCATTTCACAGGCAAGAAAACGGGGGCACGTGCCCAAGTTGTAAGTAGAAGAGCTGGATTCTCATCCTGGCAGGCTGGCTCCGTGGCTCCTGCTCACAACCCTCTGATTTTACTGCAAGAATTGAACTGGAAGCCAGCAGGCCTGGGCTCTCATC,d7b026aeb338cbaf3356dee4bc94718012c575c20535c2bd6c411a56d587c9a5,0.0493401708735851,TTGAAGTTTCAGAACAATTCTGTGAGGTAGGAAACAGCATTACCCCCATTTCACAGGCAAGAAAACGGGGGCACGTGCCCAAGTTGTAAGTAGAAGAGCCGGATTCTCATCCTGGCAGGCTGGCTCCGTGGCTCCTGCTCACAACCCTCTGATTTTACTGCAAGAATTGAACTGGAAACCAGCAGGCCTGGGCTCTCATC,9f403db62bd65bc046cd976e57878f4e11fa1060ecf4b698e42b75231129964d,0.123317652418116,TTGAAGTTTCAGAACAATTCTGTGAGGTAGGAAACAGCATTACCCCCATTTCACAGGCAAGAAAACGGGGGCACGTGCCCAAGTTGTAAGTAGAAGAGCTGGATTCTCATCCTGGCAGGCTGGCTCCGTGGCTCCTGCTCACAACCCTCTGATTTTACTGCAAGAATTGAACTGGAAACCAGCAGGCCTGGGCTCTCATC,7f0e257b4d4ca490f7a12c1aaa35576dc3e4e1532b72f3df444247a05aaea5a4,-0.124870084000018,0.2975279072917191,0.210663895133585,-199.8674817495048,-195.522816747427,-201.5994648747146,-197.2559393271804,0.0011394545436189674,1.0,0.2975279072917191,0.0,1,0.1823663189994448,0.18216460459877223,0.1501433469024087,0.04881668287425667,1.0
chr17:72601810:T:C;chr17:72601818:G:C;var1;middle;OL41|K562|164b519876912d76,chr17:72601810:T:C;chr17:72601818:G:C;var1;middle;OL41,K562,K562_region_00939,100,108,8,GAGTTAAATTCACATGACTCATCACTGCTTCCATGCCCTGGGCTGGAGGCCAGCTTCGGGGAGAGAACAGGGATGGCCTGAGGGAAAGGGCCCTGGCACTGGGTGTAGGGGAGTGGATGAGGAATAAGACTGGGGAATCAGACTCTTACACGCTGATGGGGACTCCCCAGAACCCACTCGTTTAGCTAGACCAAATATTA,5616de9df9daf2989d526b54597fcdea5ddea588dd0ea81e51ff242625850745,0.0,GAGTTAAATTCACATGACTCATCACTGCTTCCATGCCCTGGGCTGGAGGCCAGCTTCGGGGAGAGAACAGGGATGGCCTGAGGGAAAGGGCCCTGGCACCGGGTGTAGGGGAGTGGATGAGGAATAAGACTGGGGAATCAGACTCTTACACGCTGATGGGGACTCCCCAGAACCCACTCGTTTAGCTAGACCAAATATTA,cf9dee930d67d354135881f112434a5ca72a1821d8450f9670ba0ffecf0141a1,-0.273810973329184,GAGTTAAATTCACATGACTCATCACTGCTTCCATGCCCTGGGCTGGAGGCCAGCTTCGGGGAGAGAACAGGGATGGCCTGAGGGAAAGGGCCCTGGCACTGGGTGTACGGGAGTGGATGAGGAATAAGACTGGGGAATCAGACTCTTACACGCTGATGGGGACTCCCCAGAACCCACTCGTTTAGCTAGACCAAATATTA,87bf5b6061bc0c01d396890497b4fd006f06fa1bba29171d7d2c3d712fb66f9f,0.0270443241108849,GAGTTAAATTCACATGACTCATCACTGCTTCCATGCCCTGGGCTGGAGGCCAGCTTCGGGGAGAGAACAGGGATGGCCTGAGGGAAAGGGCCCTGGCACCGGGTGTACGGGAGTGGATGAGGAATAAGACTGGGGAATCAGACTCTTACACGCTGATGGGGACTCCCCAGAACCCACTCGTTTAGCTAGACCAAATATTA,164b519876912d7605e3c21440b451885716c71062342176e51640ce4c3c3795,-0.0365895598418044,0.2101770893764947,0.256965538476577,-319.4411142328754,-363.6403629472479,-353.274737755768,-391.17523014126346,6.298756328877062,-1.0,-0.2101770893764947,0.0,3,0.1941598588373657,0.18106719778262317,0.1474303780702046,0.08852824115027697,1.0
chr17:72604717:C:T;chr17:72604791:G:A;var1;middle;OL41|K562|dbc7fe26a027f2d7,chr17:72604717:C:T;chr17:72604791:G:A;var1;middle;OL41,K562,K562_region_00940,100,174,74,AAGGGGAGGGGACCTAAGCCACAACTCTTCATGGAAGGAGTATCAAGAAATTTGCAGCCATGTTTTTAAACTGCCTTGTGGAAGAATCATAATGTAGCGCCTTCATGTCACATATAAGAATAGCGGGACGTGAAGGGGTGAAGCCACCTGGTCCCCAGTCACAAGGCCAGAGAGCAGAGTTGATTCTGCCTCTGAATGGC,4b79082dccecfa4129d7e793c3740c35c11d46a6976153ae2b613304675dd7ca,0.0,AAGGGGAGGGGACCTAAGCCACAACTCTTCATGGAAGGAGTATCAAGAAATTTGCAGCCATGTTTTTAAACTGCCTTGTGGAAGAATCATAATGTAGCGTCTTCATGTCACATATAAGAATAGCGGGACGTGAAGGGGTGAAGCCACCTGGTCCCCAGTCACAAGGCCAGAGAGCAGAGTTGATTCTGCCTCTGAATGGC,86a43935bd9adf59dd1e338fc169d48553f9d539669b8dc9cf36d2e2cc63ff5b,-0.206465771791364,AAGGGGAGGGGACCTAAGCCACAACTCTTCATGGAAGGAGTATCAAGAAATTTGCAGCCATGTTTTTAAACTGCCTTGTGGAAGAATCATAATGTAGCGCCTTCATGTCACATATAAGAATAGCGGGACGTGAAGGGGTGAAGCCACCTGGTCCCCAGTCACAAGGCCAGAGAACAGAGTTGATTCTGCCTCTGAATGGC,9a922b22460999af080966b3571749d8bb9fa250db7eca89fce3bd180f31d48e,0.229312758256556,AAGGGGAGGGGACCTAAGCCACAACTCTTCATGGAAGGAGTATCAAGAAATTTGCAGCCATGTTTTTAAACTGCCTTGTGGAAGAATCATAATGTAGCGTCTTCATGTCACATATAAGAATAGCGGGACGTGAAGGGGTGAAGCCACCTGGTCCCCAGTCACAAGGCCAGAGAACAGAGTTGATTCTGCCTCTGAATGGC,dbc7fe26a027f2d7c4e1b45a5473bbc44e57378561d51c9816e899c4e14c2ec2,-0.269997476724056,0.292844463189248,0.176389691676016,-338.5435979999602,-336.49580734595656,-325.4066430926323,-326.8998202420771,3.5409678034484386,1.0,0.292844463189248,0.0,2,0.18035040378556957,0.17490732828716207,0.146091925319964,0.18716916736278646,1.0
chr17:72688028:G:A;chr17:72688065:C:T;var1;middle;OL27|K562|3ee590cef3a840ee,chr17:72688028:G:A;chr17:72688065:C:T;var1;middle;OL27,K562,K562_region_00941,100,137,37,TCTGAAATAAATCCACTTTATGCACAATAGTTGAAATGGCACAGTTACGCTCTGATCTAAGGCCTTATGTTATGCCATTTTTTTTTTTTTTTTTGAGACGGAGTCTTGCTCTGTCACCCAGGCTGGAGTGCAGTGGCGCGATCTCAGCTCACTGCAAGCTCCGCCTTCTGGGTTCATGCCATTCTCCTACCTCGGCCTCC,71911ba44b437491c92ba084771adf3fa3410aa89312858dd24fc7feb6ec6a53,0.0,TCTGAAATAAATCCACTTTATGCACAATAGTTGAAATGGCACAGTTACGCTCTGATCTAAGGCCTTATGTTATGCCATTTTTTTTTTTTTTTTTGAGACAGAGTCTTGCTCTGTCACCCAGGCTGGAGTGCAGTGGCGCGATCTCAGCTCACTGCAAGCTCCGCCTTCTGGGTTCATGCCATTCTCCTACCTCGGCCTCC,2b0066f8bb9c0019684f2a54d9d97a2ab5c9ee3c8ee4116f137546eff6d4cccc,-0.0817335777672304,TCTGAAATAAATCCACTTTATGCACAATAGTTGAAATGGCACAGTTACGCTCTGATCTAAGGCCTTATGTTATGCCATTTTTTTTTTTTTTTTTGAGACGGAGTCTTGCTCTGTCACCCAGGCTGGAGTGCAGTGGTGCGATCTCAGCTCACTGCAAGCTCCGCCTTCTGGGTTCATGCCATTCTCCTACCTCGGCCTCC,5225725c83eb86def5973b7fbf31644708c86c546ff583430cbd277da166d904,-0.809380884187486,TCTGAAATAAATCCACTTTATGCACAATAGTTGAAATGGCACAGTTACGCTCTGATCTAAGGCCTTATGTTATGCCATTTTTTTTTTTTTTTTTGAGACAGAGTCTTGCTCTGTCACCCAGGCTGGAGTGCAGTGGTGCGATCTCAGCTCACTGCAAGCTCCGCCTTCTGGGTTCATGCCATTCTCCTACCTCGGCCTCC,3ee590cef3a840ee93a1f33ed1f3e21166de26de24005566fff26fa06aee5809,-0.621981040198556,0.2691334217561604,0.10114331048587,-202.14485030900687,-198.62323957285844,-202.87294160178865,-198.3110600055661,1.040270860074088,-1.0,-0.2691334217561604,0.0,4,0.17748864975558576,0.17620727786206916,0.145609630836647,0.07688296888969441,1.0
chr17:72702914:C:T;chr17:72702978:G:A;var1;middle;OL32|K562|c9d4edaa73055e18,chr17:72702914:C:T;chr17:72702978:G:A;var1;middle;OL32,K562,K562_region_00942,100,164,64,AAACAAAACAAAACAAAAACCAGCAGTTCAAGCACAACAACCAACGGCGCGGACAGAGGGCCTCAGTGTCAGAGAGACCCTGGGAAGGGGTGAGGACCACGGCAGCCTGGATTGGAGAGCAGGGTATCCATGCGAAGGCACAGCCCTCCTTCCACTCCAGCCCGGGTCCTGGGGAAAGAAGCGGGCCCTGTGACAAGAAC,ecc120565ba800375525ae4daa9557750c80c455725910392beedfaedc88d4fa,0.0,AAACAAAACAAAACAAAAACCAGCAGTTCAAGCACAACAACCAACGGCGCGGACAGAGGGCCTCAGTGTCAGAGAGACCCTGGGAAGGGGTGAGGACCATGGCAGCCTGGATTGGAGAGCAGGGTATCCATGCGAAGGCACAGCCCTCCTTCCACTCCAGCCCGGGTCCTGGGGAAAGAAGCGGGCCCTGTGACAAGAAC,d34d59789059bc447e9169278f2433d68cbd3e14c22e139967833a4230689d82,-0.243676024180033,AAACAAAACAAAACAAAAACCAGCAGTTCAAGCACAACAACCAACGGCGCGGACAGAGGGCCTCAGTGTCAGAGAGACCCTGGGAAGGGGTGAGGACCACGGCAGCCTGGATTGGAGAGCAGGGTATCCATGCGAAGGCACAGCCCTCCTTCCACTCCAGCCCAGGTCCTGGGGAAAGAAGCGGGCCCTGTGACAAGAAC,9a47fd206148711181e29b01171226207bd519d4fa238ba66ad5021dfe79cf76,-0.0379976278650928,AAACAAAACAAAACAAAAACCAGCAGTTCAAGCACAACAACCAACGGCGCGGACAGAGGGCCTCAGTGTCAGAGAGACCCTGGGAAGGGGTGAGGACCATGGCAGCCTGGATTGGAGAGCAGGGTATCCATGCGAAGGCACAGCCCTCCTTCCACTCCAGCCCAGGTCCTGGGGAAAGAAGCGGGCCCTGTGACAAGAAC,c9d4edaa73055e18f0cdb83d451a12280ee5af1c2e6802e9abcab0e596f78953,-0.144177724338207,0.1374959277069188,0.355206991743828,-234.01300367433572,-234.6481791860424,-230.95199404843152,-231.1468861424364,0.44028341770180646,-1.0,-0.1374959277069188,0.0,2,0.17583555662395223,0.17490732828716207,0.146091925319964,0.2846663513803591,1.0
chr17:7347042:A:C;chr17:7347123:C:T;var1;middle;OL41|K562|170fbedcee22bf81,chr17:7347042:A:C;chr17:7347123:C:T;var1;middle;OL41,K562,K562_region_00861,100,181,81,ACACTGGACACCCTCGCCAGGGCCACTTCTGCACTAGGGCTCTGTGCTGGAACCCAGGCATGCTGCCAGCCTTTTCTCTGGATCTGTCAGGCCTCTGTCATTGACTCAGATGGACCCCTGGTTTCCAAGTAGAAAGAGGCTAGATTTGGGCCTTGTCTAGCTGTTGGCTTTGGCCTGAACCGGAACCAGTCTCAGATGAC,98017f13445d245f71804c38c50d1d03bca4f970efeefa88801b0afb96fcd473,0.0,ACACTGGACACCCTCGCCAGGGCCACTTCTGCACTAGGGCTCTGTGCTGGAACCCAGGCATGCTGCCAGCCTTTTCTCTGGATCTGTCAGGCCTCTGTCCTTGACTCAGATGGACCCCTGGTTTCCAAGTAGAAAGAGGCTAGATTTGGGCCTTGTCTAGCTGTTGGCTTTGGCCTGAACCGGAACCAGTCTCAGATGAC,1eb655d8b9c10a0a69e8cb3ed7913ddc103d0fd65d3e8f0b6c897395011afcef,-0.0376544689546086,ACACTGGACACCCTCGCCAGGGCCACTTCTGCACTAGGGCTCTGTGCTGGAACCCAGGCATGCTGCCAGCCTTTTCTCTGGATCTGTCAGGCCTCTGTCATTGACTCAGATGGACCCCTGGTTTCCAAGTAGAAAGAGGCTAGATTTGGGCCTTGTCTAGCTGTTGGCTTTGGCCTGAACTGGAACCAGTCTCAGATGAC,bc506f5b6a19a9b2c916a85f410bd68d41afc284244c3577ba6073e62c0943d8,-0.566275146693237,ACACTGGACACCCTCGCCAGGGCCACTTCTGCACTAGGGCTCTGTGCTGGAACCCAGGCATGCTGCCAGCCTTTTCTCTGGATCTGTCAGGCCTCTGTCCTTGACTCAGATGGACCCCTGGTTTCCAAGTAGAAAGAGGCTAGATTTGGGCCTTGTCTAGCTGTTGGCTTTGGCCTGAACTGGAACCAGTCTCAGATGAC,170fbedcee22bf810af1d7348bb958d50b165247bd66fb97102250eccfc12283,-0.453305776625674,0.1506238390221715,0.290323691927328,-281.92305143829435,-301.8868057811633,-273.3442502524704,-293.12015651050024,0.1878480848390609,-1.0,-0.1506238390221715,0.0,1,0.1825562838038929,0.18216460459877223,0.1501433469024087,0.21063530027543087,1.0
chr17:73587268:C:T;chr17:73587347:G:A;var1;middle;OL41|K562|25d1aad135c11a63,chr17:73587268:C:T;chr17:73587347:G:A;var1;middle;OL41,K562,K562_region_00943,100,179,79,GAGGTCCCGGGGCCTGTGAGCACCTCTGCTACACCTCGGAGGGTCCCAGGTCCCCATGTCTGGCAACCTTCTCATCTCCCTCAGACACATCTTTGCCATCGTGGCATCAGCCTATGACCTGGCTCAGAATACTGGGCAGGACCCATGCATCCTCCTGTGGTGAGTGGTGGCCTTCCTGGGTGGCTGAACCCATGGGCCAC,f41f9476c189ae59b5165f4267db70d8658c0ceda10249a9df3eb091e2789a8d,0.0,GAGGTCCCGGGGCCTGTGAGCACCTCTGCTACACCTCGGAGGGTCCCAGGTCCCCATGTCTGGCAACCTTCTCATCTCCCTCAGACACATCTTTGCCATTGTGGCATCAGCCTATGACCTGGCTCAGAATACTGGGCAGGACCCATGCATCCTCCTGTGGTGAGTGGTGGCCTTCCTGGGTGGCTGAACCCATGGGCCAC,7c542ef77666450ce2906d80c9e4ae9e9fef46d2d4a34cf9210844e3190212d2,0.770069766669586,GAGGTCCCGGGGCCTGTGAGCACCTCTGCTACACCTCGGAGGGTCCCAGGTCCCCATGTCTGGCAACCTTCTCATCTCCCTCAGACACATCTTTGCCATCGTGGCATCAGCCTATGACCTGGCTCAGAATACTGGGCAGGACCCATGCATCCTCCTGTGGTGAGTGGTGGCCTTCCTGAGTGGCTGAACCCATGGGCCAC,f47b2e9920d4963a1723913fc22d25cdc9b42bc163d6dd083a1a1c23d8884c6e,0.613955466303719,GAGGTCCCGGGGCCTGTGAGCACCTCTGCTACACCTCGGAGGGTCCCAGGTCCCCATGTCTGGCAACCTTCTCATCTCCCTCAGACACATCTTTGCCATTGTGGCATCAGCCTATGACCTGGCTCAGAATACTGGGCAGGACCCATGCATCCTCCTGTGGTGAGTGGTGGCCTTCCTGAGTGGCTGAACCCATGGGCCAC,25d1aad135c11a63a930400ca037e89f02797943b3ba7fb181ac7d8d3918dd95,0.691976353796124,0.6920488791771809,0.462060041276235,-233.83766270428896,-232.55863813310864,-236.10019966214887,-234.19720213115207,-0.6239729598164843,1.0,0.6920488791771809,0.0,2,0.17428591329122245,0.17490732828716207,0.146091925319964,0.25204147328660087,1.0
chr17:7358861:T:C;chr17:7358930:G:A;var1;middle;OL41|K562|621ae026bb23e628,chr17:7358861:T:C;chr17:7358930:G:A;var1;middle;OL41,K562,K562_region_00862,100,169,69,CCCAAACCCAATAGGTAGGACTACGCCCGTTACCCACATAAGAGGGAGAGGGAGAACTACAGTTCCCAGAAGAGTGTGCGGAAGAAGCGGCCCATGCTCTCGGAAGACGCTGTGGTTGAGCATCATGGGAGTTGTAGTACTCCTGCTGCTCACTTTGAGGGGAGGTGGGAACTAAAACAGAGGCGGTGGAAGAAGTTGCA,d4aa247cf0c411c07640a3fb6c8791d544061b3e1170a2f2a80e10a87a182c68,0.0,CCCAAACCCAATAGGTAGGACTACGCCCGTTACCCACATAAGAGGGAGAGGGAGAACTACAGTTCCCAGAAGAGTGTGCGGAAGAAGCGGCCCATGCTCCCGGAAGACGCTGTGGTTGAGCATCATGGGAGTTGTAGTACTCCTGCTGCTCACTTTGAGGGGAGGTGGGAACTAAAACAGAGGCGGTGGAAGAAGTTGCA,1f72e330c2645fada45c0bcf12d6fb87ff28e5700983b38f5a908c5b4cc2c931,0.679793582542881,CCCAAACCCAATAGGTAGGACTACGCCCGTTACCCACATAAGAGGGAGAGGGAGAACTACAGTTCCCAGAAGAGTGTGCGGAAGAAGCGGCCCATGCTCTCGGAAGACGCTGTGGTTGAGCATCATGGGAGTTGTAGTACTCCTGCTGCTCACTTTGAGGGGAGGTGGAAACTAAAACAGAGGCGGTGGAAGAAGTTGCA,f1e6940b368851a0e27b9fa302aabef364df19c69a44be3c7d21793ca603ad13,-0.0576251858285442,CCCAAACCCAATAGGTAGGACTACGCCCGTTACCCACATAAGAGGGAGAGGGAGAACTACAGTTCCCAGAAGAGTGTGCGGAAGAAGCGGCCCATGCTCCCGGAAGACGCTGTGGTTGAGCATCATGGGAGTTGTAGTACTCCTGCTGCTCACTTTGAGGGGAGGTGGAAACTAAAACAGAGGCGGTGGAAGAAGTTGCA,621ae026bb23e62817664de7dca7d35867c200172f7e5ded89df7bfa6e3be125,0.601061260002138,-0.0211071367121987,0.170349277352628,-375.5763078620657,-362.9148447008338,-369.80136867053807,-363.0920890145935,-5.952183505287337,-1.0,0.0211071367121987,0.0,2,0.16652760794150653,0.17490732828716207,0.146091925319964,0.056712041821395956,1.0
chr17:738949:T:C;chr17:738952:T:C;var1;middle;OL29|K562|e41a83ca414c4613,chr17:738949:T:C;chr17:738952:T:C;var1;middle;OL29,K562,K562_region_00831,100,103,3,AAACACATATCAAAAGGGACGGGACTGGGAACCGGGAAACGGTAAAAATGCCAACGAGAAAGTCCAGCAAATCTGAAACACCGGTGGGATTCGTCAGCCTCATAGAGGCCGCAGGGAAAAAACACCGGTGGGATTCGTCAGCCCCCACAGAGGCCGCAGGGGAAAAACACCGGTGGGATTCGTCAGCCTCATAGAGGCCG,fb3882197a60c6e3875d76d11b831f03e2b0262ca4e1450938fc09a506425d1d,0.0,AAACACATATCAAAAGGGACGGGACTGGGAACCGGGAAACGGTAAAAATGCCAACGAGAAAGTCCAGCAAATCTGAAACACCGGTGGGATTCGTCAGCCCCATAGAGGCCGCAGGGAAAAAACACCGGTGGGATTCGTCAGCCCCCACAGAGGCCGCAGGGGAAAAACACCGGTGGGATTCGTCAGCCTCATAGAGGCCG,bd61d98049eacfbd5463e36a2d7b844de574dc39f4a8cfccd97f0f8b080e0ee6,0.0657811357713773,AAACACATATCAAAAGGGACGGGACTGGGAACCGGGAAACGGTAAAAATGCCAACGAGAAAGTCCAGCAAATCTGAAACACCGGTGGGATTCGTCAGCCTCACAGAGGCCGCAGGGAAAAAACACCGGTGGGATTCGTCAGCCCCCACAGAGGCCGCAGGGGAAAAACACCGGTGGGATTCGTCAGCCTCATAGAGGCCG,ab56c54520f58c125e6dd081a51246c76e3aa6ba96854555a1f5203803d749af,-0.0320424021969809,AAACACATATCAAAAGGGACGGGACTGGGAACCGGGAAACGGTAAAAATGCCAACGAGAAAGTCCAGCAAATCTGAAACACCGGTGGGATTCGTCAGCCCCACAGAGGCCGCAGGGAAAAAACACCGGTGGGATTCGTCAGCCCCCACAGAGGCCGCAGGGGAAAAACACCGGTGGGATTCGTCAGCCTCATAGAGGCCG,e41a83ca414c4613d65e6a019b6fec6a00f8329c4f372e13a835efea53799933,0.0073122669972717,-0.0264264665771246,0.17402807532008,-153.66918476414867,-148.85767186339945,-152.24796841619536,-145.9064508995507,1.5300046158954501,-1.0,0.0264264665771246,0.0,0,0.18774117426442438,0.18565657667894103,0.15145376406925343,0.27373458700532444,1.0
chr17:74309425:T:C;chr17:74309474:A:G;var1;middle;OL41|K562|7d07138a5b39293a,chr17:74309425:T:C;chr17:74309474:A:G;var1;middle;OL41,K562,K562_region_00944,100,149,49,ACGGCTGGAGCTGAGGATTGCCAACACTCATTTTCCTGTCTCACGTTTCTGGTGAATCCCACATAGCCAGCGTTCCATTTATTTTTTTTTCAAATAGACTGTGACATGAGAAGAAAACTGAAATAAAGTGTGCTACTGCAAAGGACTCATGACCCACTAGCCAGCAGATATTTAGAGCTGGGAAAAAAAGTATGTCAACA,6575c30e5d45bca74740e1ddb87c9180414b6cf93f9138cb7a3aabd56894d714,0.0,ACGGCTGGAGCTGAGGATTGCCAACACTCATTTTCCTGTCTCACGTTTCTGGTGAATCCCACATAGCCAGCGTTCCATTTATTTTTTTTTCAAATAGACCGTGACATGAGAAGAAAACTGAAATAAAGTGTGCTACTGCAAAGGACTCATGACCCACTAGCCAGCAGATATTTAGAGCTGGGAAAAAAAGTATGTCAACA,9b4cea7d85ca5d53af74211f7adacbed5c5ff6f39ef2e2844081a51f0849765a,-0.324733329371392,ACGGCTGGAGCTGAGGATTGCCAACACTCATTTTCCTGTCTCACGTTTCTGGTGAATCCCACATAGCCAGCGTTCCATTTATTTTTTTTTCAAATAGACTGTGACATGAGAAGAAAACTGAAATAAAGTGTGCTACTGCAAAGGACTCGTGACCCACTAGCCAGCAGATATTTAGAGCTGGGAAAAAAAGTATGTCAACA,55a599a90c11d306cf135d23583b8c3303f941cf6e71cf97ec6d7d8bc370bc85,-0.229675145311032,ACGGCTGGAGCTGAGGATTGCCAACACTCATTTTCCTGTCTCACGTTTCTGGTGAATCCCACATAGCCAGCGTTCCATTTATTTTTTTTTCAAATAGACCGTGACATGAGAAGAAAACTGAAATAAAGTGTGCTACTGCAAAGGACTCGTGACCCACTAGCCAGCAGATATTTAGAGCTGGGAAAAAAAGTATGTCAACA,7d07138a5b39293a638e7a8d9f72d3f618d59abc8dc89508394be2f5104fa401,0.0926519873311948,0.6470604620136189,0.320930260643758,-358.33675705315545,-372.3980172036681,-351.8322481298819,-357.3667573174462,8.526750962948427,-1.0,-0.6470604620136189,0.0,1,0.19104061606022893,0.18216460459877223,0.1501433469024087,0.11571992213683796,1.0
chr17:74541129:A:G;chr17:74541137:C:T;var1;middle;OL41|K562|88ae19a68d98e135,chr17:74541129:A:G;chr17:74541137:C:T;var1;middle;OL41,K562,K562_region_00945,100,108,8,ATCCAGAGGAAGGGCGGGAAAAAGAGAGGAAGGGGCTGCTGGCGGCCAGCGGGGCTGTGGCTGCCTGGGCTTGGAGGTTGCCTGGGCAGCTGGGGTGCCATGTGGGCCGGGTGGGGGGGCTGTCTCCCCCAGGGAGCAGGCTGGCTTTGGTGGGAGCAGATTGTGTTTACACCTTCCCCGCACACCCAGCCCACGCTCGC,7085b09887533352ff8fc776430172db7c65dcfb63a9794ed692d218e12f4bbe,0.0,ATCCAGAGGAAGGGCGGGAAAAAGAGAGGAAGGGGCTGCTGGCGGCCAGCGGGGCTGTGGCTGCCTGGGCTTGGAGGTTGCCTGGGCAGCTGGGGTGCCGTGTGGGCCGGGTGGGGGGGCTGTCTCCCCCAGGGAGCAGGCTGGCTTTGGTGGGAGCAGATTGTGTTTACACCTTCCCCGCACACCCAGCCCACGCTCGC,982be38eec79aec795781a5dafa0041a4e5421a44bfcf3bea573d52051cb023d,0.224406399926673,ATCCAGAGGAAGGGCGGGAAAAAGAGAGGAAGGGGCTGCTGGCGGCCAGCGGGGCTGTGGCTGCCTGGGCTTGGAGGTTGCCTGGGCAGCTGGGGTGCCATGTGGGCTGGGTGGGGGGGCTGTCTCCCCCAGGGAGCAGGCTGGCTTTGGTGGGAGCAGATTGTGTTTACACCTTCCCCGCACACCCAGCCCACGCTCGC,a821bc4f44d684dbe75c71439e2ccf1a416fac0c022475c95c989b06946ee5a0,0.0614555653950209,ATCCAGAGGAAGGGCGGGAAAAAGAGAGGAAGGGGCTGCTGGCGGCCAGCGGGGCTGTGGCTGCCTGGGCTTGGAGGTTGCCTGGGCAGCTGGGGTGCCGTGTGGGCTGGGTGGGGGGGCTGTCTCCCCCAGGGAGCAGGCTGGCTTTGGTGGGAGCAGATTGTGTTTACACCTTCCCCGCACACCCAGCCCACGCTCGC,88ae19a68d98e13506ae25e553da1576c08f31a9fa0dc07675f568b49f18fc58,0.218690471983227,0.0671714933384668,0.237720752389333,-267.7392601456959,-269.7856419712771,-262.150417357916,-264.93371319491416,0.7369140114169568,1.0,0.0671714933384668,0.0,4,0.17711266584390872,0.17620727786206916,0.145609630836647,0.117927236738052,1.0
chr17:74541129:A:G;chr17:74541171:T:C;var1;middle;OL41|K562|f39bcb8029a31b55,chr17:74541129:A:G;chr17:74541171:T:C;var1;middle;OL41,K562,K562_region_00945,100,142,42,ATCCAGAGGAAGGGCGGGAAAAAGAGAGGAAGGGGCTGCTGGCGGCCAGCGGGGCTGTGGCTGCCTGGGCTTGGAGGTTGCCTGGGCAGCTGGGGTGCCATGTGGGCCGGGTGGGGGGGCTGTCTCCCCCAGGGAGCAGGCTGGCTTTGGTGGGAGCAGATTGTGTTTACACCTTCCCCGCACACCCAGCCCACGCTCGC,7085b09887533352ff8fc776430172db7c65dcfb63a9794ed692d218e12f4bbe,0.0,ATCCAGAGGAAGGGCGGGAAAAAGAGAGGAAGGGGCTGCTGGCGGCCAGCGGGGCTGTGGCTGCCTGGGCTTGGAGGTTGCCTGGGCAGCTGGGGTGCCGTGTGGGCCGGGTGGGGGGGCTGTCTCCCCCAGGGAGCAGGCTGGCTTTGGTGGGAGCAGATTGTGTTTACACCTTCCCCGCACACCCAGCCCACGCTCGC,982be38eec79aec795781a5dafa0041a4e5421a44bfcf3bea573d52051cb023d,0.224398199988675,ATCCAGAGGAAGGGCGGGAAAAAGAGAGGAAGGGGCTGCTGGCGGCCAGCGGGGCTGTGGCTGCCTGGGCTTGGAGGTTGCCTGGGCAGCTGGGGTGCCATGTGGGCCGGGTGGGGGGGCTGTCTCCCCCAGGGAGCAGGCCGGCTTTGGTGGGAGCAGATTGTGTTTACACCTTCCCCGCACACCCAGCCCACGCTCGC,724c20df55f3198f320283a46892e44667b3f5b27ec447be721a8d6d86d19104,0.234574333877683,ATCCAGAGGAAGGGCGGGAAAAAGAGAGGAAGGGGCTGCTGGCGGCCAGCGGGGCTGTGGCTGCCTGGGCTTGGAGGTTGCCTGGGCAGCTGGGGTGCCGTGTGGGCCGGGTGGGGGGGCTGTCTCCCCCAGGGAGCAGGCCGGCTTTGGTGGGAGCAGATTGTGTTTACACCTTCCCCGCACACCCAGCCCACGCTCGC,f39bcb8029a31b55da4d839882b4e59b11ecab5a6eec0e56a737530c5ad72a98,0.305138642130277,0.1538338917360809,0.240772335913196,-267.7392601456959,-269.7856419712771,-270.01539739524014,-272.7811158245895,0.7193366037681699,1.0,0.1538338917360809,0.0,4,0.1770908802059243,0.17620727786206916,0.145609630836647,0.057777493252333695,1.0
chr17:74541137:C:T;chr17:74541171:T:C;var1;middle;OL41|K562|a026de0cff006fff,chr17:74541137:C:T;chr17:74541171:T:C;var1;middle;OL41,K562,K562_region_00945,100,134,34,GAAGGGCGGGAAAAAGAGAGGAAGGGGCTGCTGGCGGCCAGCGGGGCTGTGGCTGCCTGGGCTTGGAGGTTGCCTGGGCAGCTGGGGTGCCATGTGGGCCGGGTGGGGGGGCTGTCTCCCCCAGGGAGCAGGCTGGCTTTGGTGGGAGCAGATTGTGTTTACACCTTCCCCGCACACCCAGCCCACGCTCGCCTCTTATT,6ebca3abe773fde8cc40a9419879371ec85490e077a42178e65811b8d862b3b6,0.0,GAAGGGCGGGAAAAAGAGAGGAAGGGGCTGCTGGCGGCCAGCGGGGCTGTGGCTGCCTGGGCTTGGAGGTTGCCTGGGCAGCTGGGGTGCCATGTGGGCTGGGTGGGGGGGCTGTCTCCCCCAGGGAGCAGGCTGGCTTTGGTGGGAGCAGATTGTGTTTACACCTTCCCCGCACACCCAGCCCACGCTCGCCTCTTATT,cfb1ab8b3e220fb9ecbdc7c9c63bb55b359c7d96388bcdc4f3cd9935ce5e4227,0.248796663641364,GAAGGGCGGGAAAAAGAGAGGAAGGGGCTGCTGGCGGCCAGCGGGGCTGTGGCTGCCTGGGCTTGGAGGTTGCCTGGGCAGCTGGGGTGCCATGTGGGCCGGGTGGGGGGGCTGTCTCCCCCAGGGAGCAGGCCGGCTTTGGTGGGAGCAGATTGTGTTTACACCTTCCCCGCACACCCAGCCCACGCTCGCCTCTTATT,19d8eb934cd0973ac5ea5bee42f9bdc126d6babe7aac8833a38d00bae03ac203,0.185802760172045,GAAGGGCGGGAAAAAGAGAGGAAGGGGCTGCTGGCGGCCAGCGGGGCTGTGGCTGCCTGGGCTTGGAGGTTGCCTGGGCAGCTGGGGTGCCATGTGGGCTGGGTGGGGGGGCTGTCTCCCCCAGGGAGCAGGCCGGCTTTGGTGGGAGCAGATTGTGTTTACACCTTCCCCGCACACCCAGCCCACGCTCGCCTCTTATT,a026de0cff006fffde8c0a26926750124209fb4ada3397d96cdf424d256f8f4f,0.27856939445101,0.156030029362399,0.180302887813056,-266.15957047138363,-258.57511006388813,-272.09199246484786,-266.570518089924,2.0629860325716436,1.0,0.156030029362399,0.0,4,0.1787562145156671,0.17620727786206916,0.145609630836647,0.10502901360611729,1.0
chr17:74557976:G:A;chr17:74558010:T:A;var1;middle;OL41|K562|f8694bb38b62e4e5,chr17:74557976:G:A;chr17:74558010:T:A;var1;middle;OL41,K562,K562_region_00946,100,134,34,CATCATTCCTCTAAAACGTGAAAAGCAAATGAGTGATTGTCCTGCTTTCTCTAGTCCTTTGATTATGGCTCTGAGGATACAGGCTGTATGAGGTGGCAGGAATGCACAAGTACCCAGGATTTGATTTATGCCCTTATTGTGGAATGAAAGTGCTTGTTACATATTTCAAGAAAATGAATGCGCTCTTAGAAACAGATTGG,42ee5e7dc140cb22bb09261ae770c0fd1a23356fe7c504b07b75409d4c9d7664,0.0,CATCATTCCTCTAAAACGTGAAAAGCAAATGAGTGATTGTCCTGCTTTCTCTAGTCCTTTGATTATGGCTCTGAGGATACAGGCTGTATGAGGTGGCAGAAATGCACAAGTACCCAGGATTTGATTTATGCCCTTATTGTGGAATGAAAGTGCTTGTTACATATTTCAAGAAAATGAATGCGCTCTTAGAAACAGATTGG,f8900bcddef95c69c8bfd9bfcc04cadcc1d496e7eb8bca7f546f25e4fcb28474,-0.168632657708402,CATCATTCCTCTAAAACGTGAAAAGCAAATGAGTGATTGTCCTGCTTTCTCTAGTCCTTTGATTATGGCTCTGAGGATACAGGCTGTATGAGGTGGCAGGAATGCACAAGTACCCAGGATTTGATTTATGCCCATATTGTGGAATGAAAGTGCTTGTTACATATTTCAAGAAAATGAATGCGCTCTTAGAAACAGATTGG,1b38464cc2d9e751c0d80a50d17faaf226364be81d14e458a117b8d2418931f6,-0.398622771934565,CATCATTCCTCTAAAACGTGAAAAGCAAATGAGTGATTGTCCTGCTTTCTCTAGTCCTTTGATTATGGCTCTGAGGATACAGGCTGTATGAGGTGGCAGAAATGCACAAGTACCCAGGATTTGATTTATGCCCATATTGTGGAATGAAAGTGCTTGTTACATATTTCAAGAAAATGAATGCGCTCTTAGAAACAGATTGG,f8694bb38b62e4e5af7a6cd677b9daf4179b3575adbda36a38e9ce3a36bcc28e,0.435840576371502,1.0030960060144691,0.23477954402648,-304.34286183468066,-309.85487819253467,-301.59997816826217,-305.81813384918496,1.2938606769312173,-1.0,-1.0030960060144691,0.0,1,0.1836815851112909,0.18216460459877223,0.1501433469024087,0.24566602288111677,1.0
chr17:74697848:C:A;chr17:74697852:T:C;var1;middle;OL41|K562|d2a1254445faa558,chr17:74697848:C:A;chr17:74697852:T:C;var1;middle;OL41,K562,K562_region_00947,100,104,4,GGGAGTATGTTGTGGGTGGGGGGTGTCTGGGGAGAGACAGGATCACTGTTCCTGCGAGGAGCCGACCCCATCCGGGCCCCAACCCCTGCCCAGGGCCGACTGCTGCGTTCCAATGTCCAGACCAAAAGCATCGTCCTGCATTCCAACCTCACATCCCGATCAAGGGCACATTCACAAGCCCTAAACAAACTCTTGCTCAG,e20b7f8541d9839710b46bc4b622fee3fc61e7c6eb3a769dcafb36f983bd7d51,0.0,GGGAGTATGTTGTGGGTGGGGGGTGTCTGGGGAGAGACAGGATCACTGTTCCTGCGAGGAGCCGACCCCATCCGGGCCCCAACCCCTGCCCAGGGCCGAATGCTGCGTTCCAATGTCCAGACCAAAAGCATCGTCCTGCATTCCAACCTCACATCCCGATCAAGGGCACATTCACAAGCCCTAAACAAACTCTTGCTCAG,6aa1b7acfba4de9800a1795ab2273e743e885d71d07fbbbed30055629897469d,-0.0256146312141729,GGGAGTATGTTGTGGGTGGGGGGTGTCTGGGGAGAGACAGGATCACTGTTCCTGCGAGGAGCCGACCCCATCCGGGCCCCAACCCCTGCCCAGGGCCGACTGCCGCGTTCCAATGTCCAGACCAAAAGCATCGTCCTGCATTCCAACCTCACATCCCGATCAAGGGCACATTCACAAGCCCTAAACAAACTCTTGCTCAG,dae645a4d23a0e1b8b870fa09589589f8a7cc026621bb04f49e2a186f22d64a1,0.107052019843189,GGGAGTATGTTGTGGGTGGGGGGTGTCTGGGGAGAGACAGGATCACTGTTCCTGCGAGGAGCCGACCCCATCCGGGCCCCAACCCCTGCCCAGGGCCGAATGCCGCGTTCCAATGTCCAGACCAAAAGCATCGTCCTGCATTCCAACCTCACATCCCGATCAAGGGCACATTCACAAGCCCTAAACAAACTCTTGCTCAG,d2a1254445faa558f1881932a6a3db0b7d533965673f79fd2bb987d7d53fa583,-0.0273141891832716,0.1087515778122877,0.315373569593471,-292.66004434786737,-297.4473511427641,-302.5406188657508,-290.6125951362774,-16.715330524370074,1.0,0.1087515778122877,0.0,4,0.15548215643837998,0.17620727786206916,0.145609630836647,0.20803316299114302,1.0
chr17:74706341:A:T;chr17:74706346:G:A;var1;middle;OL41|K562|6f0f613a6cd6d0a1,chr17:74706341:A:T;chr17:74706346:G:A;var1;middle;OL41,K562,K562_region_00948,100,105,5,AAAGTCCTACTTTTTAAACATCAAGATAACTCTCATGGCAGGCCTGGAAATAAGCCACAGGCACGTGGATTTGGGAACCGGTGGGCGGGAGGGGTCAGAAGTGGGTGAGGAGCAAAATTCCAAGCCCTGGTCCCGAGGCCTGGGAGCCAGCAGCTGCGGAGCACGCCCTGGGCTGGGAGAGGCCGAGGGGAGGGGAGAGC,b55caa1d4a01ff829851fcd5f86b3e383a0a98adf871a5db6ed24e5aa1ef0e8a,0.0,AAAGTCCTACTTTTTAAACATCAAGATAACTCTCATGGCAGGCCTGGAAATAAGCCACAGGCACGTGGATTTGGGAACCGGTGGGCGGGAGGGGTCAGATGTGGGTGAGGAGCAAAATTCCAAGCCCTGGTCCCGAGGCCTGGGAGCCAGCAGCTGCGGAGCACGCCCTGGGCTGGGAGAGGCCGAGGGGAGGGGAGAGC,0c05e11d975a87bf0601dc7eb36f4e8a693961d0eb0d78fafe0386f076bc1d16,0.456417907748627,AAAGTCCTACTTTTTAAACATCAAGATAACTCTCATGGCAGGCCTGGAAATAAGCCACAGGCACGTGGATTTGGGAACCGGTGGGCGGGAGGGGTCAGAAGTGGATGAGGAGCAAAATTCCAAGCCCTGGTCCCGAGGCCTGGGAGCCAGCAGCTGCGGAGCACGCCCTGGGCTGGGAGAGGCCGAGGGGAGGGGAGAGC,1521bddf7011c882e3ad728a28807ee30acfd0f59937a0e0a66546514508784f,0.731715837563568,AAAGTCCTACTTTTTAAACATCAAGATAACTCTCATGGCAGGCCTGGAAATAAGCCACAGGCACGTGGATTTGGGAACCGGTGGGCGGGAGGGGTCAGATGTGGATGAGGAGCAAAATTCCAAGCCCTGGTCCCGAGGCCTGGGAGCCAGCAGCTGCGGAGCACGCCCTGGGCTGGGAGAGGCCGAGGGGAGGGGAGAGC,6f0f613a6cd6d0a1e660945b0d484230e8f4232a1a50851dd0ad247e865a7d16,0.334099545783966,0.854034199528229,0.301292537498837,-241.4817807432264,-270.1354802791029,-274.71692760288715,-291.27773012872785,-12.092897010035813,1.0,0.854034199528229,0.0,2,0.15758623259074087,0.17490732828716207,0.146091925319964,0.10467220106757621,1.0
chr17:74706341:A:T;chr17:74706349:A:T;var1;middle;OL41|K562|92388d57c212861e,chr17:74706341:A:T;chr17:74706349:A:T;var1;middle;OL41,K562,K562_region_00948,100,108,8,AAAGTCCTACTTTTTAAACATCAAGATAACTCTCATGGCAGGCCTGGAAATAAGCCACAGGCACGTGGATTTGGGAACCGGTGGGCGGGAGGGGTCAGAAGTGGGTGAGGAGCAAAATTCCAAGCCCTGGTCCCGAGGCCTGGGAGCCAGCAGCTGCGGAGCACGCCCTGGGCTGGGAGAGGCCGAGGGGAGGGGAGAGC,b55caa1d4a01ff829851fcd5f86b3e383a0a98adf871a5db6ed24e5aa1ef0e8a,0.0,AAAGTCCTACTTTTTAAACATCAAGATAACTCTCATGGCAGGCCTGGAAATAAGCCACAGGCACGTGGATTTGGGAACCGGTGGGCGGGAGGGGTCAGATGTGGGTGAGGAGCAAAATTCCAAGCCCTGGTCCCGAGGCCTGGGAGCCAGCAGCTGCGGAGCACGCCCTGGGCTGGGAGAGGCCGAGGGGAGGGGAGAGC,0c05e11d975a87bf0601dc7eb36f4e8a693961d0eb0d78fafe0386f076bc1d16,0.457113608425404,AAAGTCCTACTTTTTAAACATCAAGATAACTCTCATGGCAGGCCTGGAAATAAGCCACAGGCACGTGGATTTGGGAACCGGTGGGCGGGAGGGGTCAGAAGTGGGTGTGGAGCAAAATTCCAAGCCCTGGTCCCGAGGCCTGGGAGCCAGCAGCTGCGGAGCACGCCCTGGGCTGGGAGAGGCCGAGGGGAGGGGAGAGC,defd054aa9f6945ffe7c581651b185c08b85d302586ddc716beb022601632cbb,0.990193871918477,AAAGTCCTACTTTTTAAACATCAAGATAACTCTCATGGCAGGCCTGGAAATAAGCCACAGGCACGTGGATTTGGGAACCGGTGGGCGGGAGGGGTCAGATGTGGGTGTGGAGCAAAATTCCAAGCCCTGGTCCCGAGGCCTGGGAGCCAGCAGCTGCGGAGCACGCCCTGGGCTGGGAGAGGCCGAGGGGAGGGGAGAGC,92388d57c212861e1e4ac74baf4f7ab1e05da2a88bffc83962eadb7f4060473b,0.866379876148975,0.580927604194906,0.383291981909843,-241.4817807432264,-270.1354802791029,-232.64264383167028,-241.12196365650743,-20.174379711039364,1.0,0.580927604194906,0.0,2,0.14581894037550958,0.17490732828716207,0.146091925319964,0.215909902277822,1.0
chr17:74706341:A:T;chr17:74706380:C:T;var1;middle;OL41|K562|0e8fcb97c84cfb83,chr17:74706341:A:T;chr17:74706380:C:T;var1;middle;OL41,K562,K562_region_00948,100,139,39,AAAGTCCTACTTTTTAAACATCAAGATAACTCTCATGGCAGGCCTGGAAATAAGCCACAGGCACGTGGATTTGGGAACCGGTGGGCGGGAGGGGTCAGAAGTGGGTGAGGAGCAAAATTCCAAGCCCTGGTCCCGAGGCCTGGGAGCCAGCAGCTGCGGAGCACGCCCTGGGCTGGGAGAGGCCGAGGGGAGGGGAGAGC,b55caa1d4a01ff829851fcd5f86b3e383a0a98adf871a5db6ed24e5aa1ef0e8a,0.0,AAAGTCCTACTTTTTAAACATCAAGATAACTCTCATGGCAGGCCTGGAAATAAGCCACAGGCACGTGGATTTGGGAACCGGTGGGCGGGAGGGGTCAGATGTGGGTGAGGAGCAAAATTCCAAGCCCTGGTCCCGAGGCCTGGGAGCCAGCAGCTGCGGAGCACGCCCTGGGCTGGGAGAGGCCGAGGGGAGGGGAGAGC,0c05e11d975a87bf0601dc7eb36f4e8a693961d0eb0d78fafe0386f076bc1d16,0.457033595900284,AAAGTCCTACTTTTTAAACATCAAGATAACTCTCATGGCAGGCCTGGAAATAAGCCACAGGCACGTGGATTTGGGAACCGGTGGGCGGGAGGGGTCAGAAGTGGGTGAGGAGCAAAATTCCAAGCCCTGGTCCCGAGGTCTGGGAGCCAGCAGCTGCGGAGCACGCCCTGGGCTGGGAGAGGCCGAGGGGAGGGGAGAGC,dd34373625dff63091e684a081d8f0c996245bee3b22beac582b5a432cedcc35,0.614284388908871,AAAGTCCTACTTTTTAAACATCAAGATAACTCTCATGGCAGGCCTGGAAATAAGCCACAGGCACGTGGATTTGGGAACCGGTGGGCGGGAGGGGTCAGATGTGGGTGAGGAGCAAAATTCCAAGCCCTGGTCCCGAGGTCTGGGAGCCAGCAGCTGCGGAGCACGCCCTGGGCTGGGAGAGGCCGAGGGGAGGGGAGAGC,0e8fcb97c84cfb8351f2fa90ca08ccfd1ea5e84eb7b9604b1e273bdd287b9c4a,0.731707836136515,0.3396101486726399,0.370100047821736,-241.4817807432264,-270.1354802791029,-241.544943286106,-273.2955044787377,3.096861656755209,1.0,0.3396101486726399,0.0,2,0.1797037493291948,0.17490732828716207,0.146091925319964,0.09713832360565489,1.0
chr17:74706346:G:A;chr17:74706349:A:T;var1;middle;OL41|K562|d2f0a117ef7c5d97,chr17:74706346:G:A;chr17:74706349:A:T;var1;middle;OL41,K562,K562_region_00948,100,103,3,CCTACTTTTTAAACATCAAGATAACTCTCATGGCAGGCCTGGAAATAAGCCACAGGCACGTGGATTTGGGAACCGGTGGGCGGGAGGGGTCAGAAGTGGGTGAGGAGCAAAATTCCAAGCCCTGGTCCCGAGGCCTGGGAGCCAGCAGCTGCGGAGCACGCCCTGGGCTGGGAGAGGCCGAGGGGAGGGGAGAGCAAAAC,4252d47ebfd3759757e5a5c857f5302ed2c5cec921697e7d0e774061b59d5c19,0.0,CCTACTTTTTAAACATCAAGATAACTCTCATGGCAGGCCTGGAAATAAGCCACAGGCACGTGGATTTGGGAACCGGTGGGCGGGAGGGGTCAGAAGTGGATGAGGAGCAAAATTCCAAGCCCTGGTCCCGAGGCCTGGGAGCCAGCAGCTGCGGAGCACGCCCTGGGCTGGGAGAGGCCGAGGGGAGGGGAGAGCAAAAC,47f8d345e5d19a0e8f9226ac3c2ca9488086abfad7c598f66a26ee9934e79c9a,0.0692665462238746,CCTACTTTTTAAACATCAAGATAACTCTCATGGCAGGCCTGGAAATAAGCCACAGGCACGTGGATTTGGGAACCGGTGGGCGGGAGGGGTCAGAAGTGGGTGTGGAGCAAAATTCCAAGCCCTGGTCCCGAGGCCTGGGAGCCAGCAGCTGCGGAGCACGCCCTGGGCTGGGAGAGGCCGAGGGGAGGGGAGAGCAAAAC,84f10838dcbd0283eaf4f1ac38b00b3034dca262ea55b64ee9e45e2f7da9c0cf,0.652745180220003,CCTACTTTTTAAACATCAAGATAACTCTCATGGCAGGCCTGGAAATAAGCCACAGGCACGTGGATTTGGGAACCGGTGGGCGGGAGGGGTCAGAAGTGGATGTGGAGCAAAATTCCAAGCCCTGGTCCCGAGGCCTGGGAGCCAGCAGCTGCGGAGCACGCCCTGGGCTGGGAGAGGCCGAGGGGAGGGGAGAGCAAAAC,d2f0a117ef7c5d97d94a57d2a1bc585d4719cd5b5ec3637b7a2c563e6fe0c02e,0.0478212823818957,0.6741904440619819,0.367648192811375,-258.18091192282736,-281.89727763971314,-250.45549743343145,-274.59616981749423,0.4243066671770066,1.0,0.6741904440619819,0.0,2,0.1758122931834388,0.17490732828716207,0.146091925319964,0.2845327948043583,1.0
chr17:74706346:G:A;chr17:74706380:C:T;var1;middle;OL41|K562|6c8c3f3687172ae4,chr17:74706346:G:A;chr17:74706380:C:T;var1;middle;OL41,K562,K562_region_00948,100,134,34,CCTACTTTTTAAACATCAAGATAACTCTCATGGCAGGCCTGGAAATAAGCCACAGGCACGTGGATTTGGGAACCGGTGGGCGGGAGGGGTCAGAAGTGGGTGAGGAGCAAAATTCCAAGCCCTGGTCCCGAGGCCTGGGAGCCAGCAGCTGCGGAGCACGCCCTGGGCTGGGAGAGGCCGAGGGGAGGGGAGAGCAAAAC,4252d47ebfd3759757e5a5c857f5302ed2c5cec921697e7d0e774061b59d5c19,0.0,CCTACTTTTTAAACATCAAGATAACTCTCATGGCAGGCCTGGAAATAAGCCACAGGCACGTGGATTTGGGAACCGGTGGGCGGGAGGGGTCAGAAGTGGATGAGGAGCAAAATTCCAAGCCCTGGTCCCGAGGCCTGGGAGCCAGCAGCTGCGGAGCACGCCCTGGGCTGGGAGAGGCCGAGGGGAGGGGAGAGCAAAAC,47f8d345e5d19a0e8f9226ac3c2ca9488086abfad7c598f66a26ee9934e79c9a,0.0685226562280761,CCTACTTTTTAAACATCAAGATAACTCTCATGGCAGGCCTGGAAATAAGCCACAGGCACGTGGATTTGGGAACCGGTGGGCGGGAGGGGTCAGAAGTGGGTGAGGAGCAAAATTCCAAGCCCTGGTCCCGAGGTCTGGGAGCCAGCAGCTGCGGAGCACGCCCTGGGCTGGGAGAGGCCGAGGGGAGGGGAGAGCAAAAC,adf11b1c02c9404faa42474413f09a0bb4ba6786247255cf1232a0e227a7804d,-0.274102221255483,CCTACTTTTTAAACATCAAGATAACTCTCATGGCAGGCCTGGAAATAAGCCACAGGCACGTGGATTTGGGAACCGGTGGGCGGGAGGGGTCAGAAGTGGATGAGGAGCAAAATTCCAAGCCCTGGTCCCGAGGTCTGGGAGCCAGCAGCTGCGGAGCACGCCCTGGGCTGGGAGAGGCCGAGGGGAGGGGAGAGCAAAAC,6c8c3f3687172ae449860967ef8cb889169008c9ced01d185d8ac0425fcd6561,0.132366810319514,0.3379463753469209,0.283828662552911,-258.18091192282736,-281.89727763971314,-257.7406985750422,-275.8650806350633,5.59198365686467,-1.0,-0.3379463753469209,0.0,2,0.18333684869650452,0.17490732828716207,0.146091925319964,0.16576121613219116,1.0
chr17:74706346:G:A;chr17:74706433:G:A;var1;middle;OL41|K562|2d7e4104ab171e10,chr17:74706346:G:A;chr17:74706433:G:A;var1;middle;OL41,K562,K562_region_00948,100,187,87,CCTACTTTTTAAACATCAAGATAACTCTCATGGCAGGCCTGGAAATAAGCCACAGGCACGTGGATTTGGGAACCGGTGGGCGGGAGGGGTCAGAAGTGGGTGAGGAGCAAAATTCCAAGCCCTGGTCCCGAGGCCTGGGAGCCAGCAGCTGCGGAGCACGCCCTGGGCTGGGAGAGGCCGAGGGGAGGGGAGAGCAAAAC,4252d47ebfd3759757e5a5c857f5302ed2c5cec921697e7d0e774061b59d5c19,0.0,CCTACTTTTTAAACATCAAGATAACTCTCATGGCAGGCCTGGAAATAAGCCACAGGCACGTGGATTTGGGAACCGGTGGGCGGGAGGGGTCAGAAGTGGATGAGGAGCAAAATTCCAAGCCCTGGTCCCGAGGCCTGGGAGCCAGCAGCTGCGGAGCACGCCCTGGGCTGGGAGAGGCCGAGGGGAGGGGAGAGCAAAAC,47f8d345e5d19a0e8f9226ac3c2ca9488086abfad7c598f66a26ee9934e79c9a,0.0682335007401569,CCTACTTTTTAAACATCAAGATAACTCTCATGGCAGGCCTGGAAATAAGCCACAGGCACGTGGATTTGGGAACCGGTGGGCGGGAGGGGTCAGAAGTGGGTGAGGAGCAAAATTCCAAGCCCTGGTCCCGAGGCCTGGGAGCCAGCAGCTGCGGAGCACGCCCTGGGCTGGGAGAGGCCGAGGGGAAGGGAGAGCAAAAC,4592d9e3570a9d9f60a821e56781073141b8588a803af4d3d239662231dc91ed,-1.04259075631821,CCTACTTTTTAAACATCAAGATAACTCTCATGGCAGGCCTGGAAATAAGCCACAGGCACGTGGATTTGGGAACCGGTGGGCGGGAGGGGTCAGAAGTGGATGAGGAGCAAAATTCCAAGCCCTGGTCCCGAGGCCTGGGAGCCAGCAGCTGCGGAGCACGCCCTGGGCTGGGAGAGGCCGAGGGGAAGGGAGAGCAAAAC,2d7e4104ab171e10e62a8cca32e569a1da033e728ad3c42f6fe5a0d33da6c7d4,-1.21144054246569,0.2370832868876369,0.265843009592841,-258.18091192282736,-281.89727763971314,-270.4094298495911,-286.8943896724377,-7.231405894039199,1.0,0.2370832868876369,0.0,2,0.16466495671602782,0.17490732828716207,0.146091925319964,0.23121482469801757,1.0
chr17:74706349:A:T;chr17:74706380:C:T;var1;middle;OL41|K562|aa13e7e8d8254115,chr17:74706349:A:T;chr17:74706380:C:T;var1;middle;OL41,K562,K562_region_00948,100,131,31,ACTTTTTAAACATCAAGATAACTCTCATGGCAGGCCTGGAAATAAGCCACAGGCACGTGGATTTGGGAACCGGTGGGCGGGAGGGGTCAGAAGTGGGTGAGGAGCAAAATTCCAAGCCCTGGTCCCGAGGCCTGGGAGCCAGCAGCTGCGGAGCACGCCCTGGGCTGGGAGAGGCCGAGGGGAGGGGAGAGCAAAACACC,6b3cd46e9b5486a5ea0968cfb58e79ca13a6bc9ab72e4f9a5f338a55ba12a407,0.0,ACTTTTTAAACATCAAGATAACTCTCATGGCAGGCCTGGAAATAAGCCACAGGCACGTGGATTTGGGAACCGGTGGGCGGGAGGGGTCAGAAGTGGGTGTGGAGCAAAATTCCAAGCCCTGGTCCCGAGGCCTGGGAGCCAGCAGCTGCGGAGCACGCCCTGGGCTGGGAGAGGCCGAGGGGAGGGGAGAGCAAAACACC,d542d65bf8078606c1c5593c12afc517bf85235a7037ebc260c191022bc6b2c3,0.354285663795604,ACTTTTTAAACATCAAGATAACTCTCATGGCAGGCCTGGAAATAAGCCACAGGCACGTGGATTTGGGAACCGGTGGGCGGGAGGGGTCAGAAGTGGGTGAGGAGCAAAATTCCAAGCCCTGGTCCCGAGGTCTGGGAGCCAGCAGCTGCGGAGCACGCCCTGGGCTGGGAGAGGCCGAGGGGAGGGGAGAGCAAAACACC,a224d4875b5f369d7bc6d61435443f0fc3688822ca0ba4fe3e59ca363fe3120b,-0.0512266294216946,ACTTTTTAAACATCAAGATAACTCTCATGGCAGGCCTGGAAATAAGCCACAGGCACGTGGATTTGGGAACCGGTGGGCGGGAGGGGTCAGAAGTGGGTGTGGAGCAAAATTCCAAGCCCTGGTCCCGAGGTCTGGGAGCCAGCAGCTGCGGAGCACGCCCTGGGCTGGGAGAGGCCGAGGGGAGGGGAGAGCAAAACACC,aa13e7e8d8254115b641482d1ef395d64919bae5de8814b0f9310cb9b756855c,0.471785284827916,0.1687262504540065,0.286285029005001,-249.7905771378428,-243.72987409867343,-249.43449501227587,-240.69339553266764,2.680396440438898,-1.0,-0.1687262504540065,0.0,2,0.1790973423022683,0.17490732828716207,0.146091925319964,0.061293030771636434,1.0
chr17:74706349:A:T;chr17:74706433:G:A;var1;middle;OL41|K562|bc17a3b692ceb2c2,chr17:74706349:A:T;chr17:74706433:G:A;var1;middle;OL41,K562,K562_region_00948,100,184,84,ACTTTTTAAACATCAAGATAACTCTCATGGCAGGCCTGGAAATAAGCCACAGGCACGTGGATTTGGGAACCGGTGGGCGGGAGGGGTCAGAAGTGGGTGAGGAGCAAAATTCCAAGCCCTGGTCCCGAGGCCTGGGAGCCAGCAGCTGCGGAGCACGCCCTGGGCTGGGAGAGGCCGAGGGGAGGGGAGAGCAAAACACC,6b3cd46e9b5486a5ea0968cfb58e79ca13a6bc9ab72e4f9a5f338a55ba12a407,0.0,ACTTTTTAAACATCAAGATAACTCTCATGGCAGGCCTGGAAATAAGCCACAGGCACGTGGATTTGGGAACCGGTGGGCGGGAGGGGTCAGAAGTGGGTGTGGAGCAAAATTCCAAGCCCTGGTCCCGAGGCCTGGGAGCCAGCAGCTGCGGAGCACGCCCTGGGCTGGGAGAGGCCGAGGGGAGGGGAGAGCAAAACACC,d542d65bf8078606c1c5593c12afc517bf85235a7037ebc260c191022bc6b2c3,0.354104133769888,ACTTTTTAAACATCAAGATAACTCTCATGGCAGGCCTGGAAATAAGCCACAGGCACGTGGATTTGGGAACCGGTGGGCGGGAGGGGTCAGAAGTGGGTGAGGAGCAAAATTCCAAGCCCTGGTCCCGAGGCCTGGGAGCCAGCAGCTGCGGAGCACGCCCTGGGCTGGGAGAGGCCGAGGGGAAGGGAGAGCAAAACACC,415fd5851fa14067bf681d62896099ac81f5e328c9326e5462d99b44c306eb18,-1.04040177280447,ACTTTTTAAACATCAAGATAACTCTCATGGCAGGCCTGGAAATAAGCCACAGGCACGTGGATTTGGGAACCGGTGGGCGGGAGGGGTCAGAAGTGGGTGTGGAGCAAAATTCCAAGCCCTGGTCCCGAGGCCTGGGAGCCAGCAGCTGCGGAGCACGCCCTGGGCTGGGAGAGGCCGAGGGGAAGGGAGAGCAAAACACC,bc17a3b692ceb2c2c86cdcb3c5d114bf91a3f1395661e1b699b73e82164e1b66,-0.434504233633209,0.251793405401373,0.348913264838355,-249.7905771378428,-243.72987409867343,-249.3522665509954,-251.0907009267248,-7.799137414898723,-1.0,-0.251793405401373,0.0,2,0.16383829371953063,0.17490732828716207,0.146091925319964,0.12674663933746286,1.0
chr17:74706380:C:T;chr17:74706433:G:A;var1;middle;OL41|K562|ae6859182e91dcf5,chr17:74706380:C:T;chr17:74706433:G:A;var1;middle;OL41,K562,K562_region_00948,100,153,53,AGGCCTGGAAATAAGCCACAGGCACGTGGATTTGGGAACCGGTGGGCGGGAGGGGTCAGAAGTGGGTGAGGAGCAAAATTCCAAGCCCTGGTCCCGAGGCCTGGGAGCCAGCAGCTGCGGAGCACGCCCTGGGCTGGGAGAGGCCGAGGGGAGGGGAGAGCAAAACACCTCCAAACAAACTCCTTCGGGCTCGCCCCTCG,8c653b011623ad1b0dd71363985ba1e22adb404c40de7b652a1606583354b39d,0.0,AGGCCTGGAAATAAGCCACAGGCACGTGGATTTGGGAACCGGTGGGCGGGAGGGGTCAGAAGTGGGTGAGGAGCAAAATTCCAAGCCCTGGTCCCGAGGTCTGGGAGCCAGCAGCTGCGGAGCACGCCCTGGGCTGGGAGAGGCCGAGGGGAGGGGAGAGCAAAACACCTCCAAACAAACTCCTTCGGGCTCGCCCCTCG,b4e14d39c7abd7c0d3a16597bf43369825aba3ff6dcb38ac10e22f5441dbb408,-0.150413505714521,AGGCCTGGAAATAAGCCACAGGCACGTGGATTTGGGAACCGGTGGGCGGGAGGGGTCAGAAGTGGGTGAGGAGCAAAATTCCAAGCCCTGGTCCCGAGGCCTGGGAGCCAGCAGCTGCGGAGCACGCCCTGGGCTGGGAGAGGCCGAGGGGAAGGGAGAGCAAAACACCTCCAAACAAACTCCTTCGGGCTCGCCCCTCG,c8929628c51e4337034f1fd0a458e2e9296a838ab499d1c44ebff6e598988f8e,-0.952641860700161,AGGCCTGGAAATAAGCCACAGGCACGTGGATTTGGGAACCGGTGGGCGGGAGGGGTCAGAAGTGGGTGAGGAGCAAAATTCCAAGCCCTGGTCCCGAGGTCTGGGAGCCAGCAGCTGCGGAGCACGCCCTGGGCTGGGAGAGGCCGAGGGGAAGGGAGAGCAAAACACCTCCAAACAAACTCCTTCGGGCTCGCCCCTCG,ae6859182e91dcf5fd4571b166782dc0d4420adfd3875196b12481d4b1a14fa0,-0.779556801632891,0.323498564781791,0.22296401504352,-248.7666181270033,-252.8743898356333,-231.77191804721951,-238.1879306733608,-2.308240917511256,-1.0,-0.323498564781791,0.0,2,0.17183348296869214,0.17490732828716207,0.146091925319964,0.3370016524079331,1.0
chr17:76300505:G:A;chr17:76300568:C:A;var1;middle;OL29|K562|7061ec9cbb0310f1,chr17:76300505:G:A;chr17:76300568:C:A;var1;middle;OL29,K562,K562_region_00949,100,163,63,AACTGGGGAGCAGGAGAATCCCTCACCTCGTGGGGCTGTGGTGGGGACACTTGTGTGGGATGCAGCCAGCTCAGGATAGGGGCAGCGAGGACCAGGCACGAGTGGGAGGAGCGGGGCCCTCAGGGCTCTGTAGGGTTCTTGACTTTTTCTCGCTTCTGTGGCCTCCTCCTATCTCCTTCCCTAGGGCCCCACCTGGCCTT,3f082cc7870a58eb34c00a1c9d96064ad94faa142f7d1a471baa573b30b86b96,0.0,AACTGGGGAGCAGGAGAATCCCTCACCTCGTGGGGCTGTGGTGGGGACACTTGTGTGGGATGCAGCCAGCTCAGGATAGGGGCAGCGAGGACCAGGCACAAGTGGGAGGAGCGGGGCCCTCAGGGCTCTGTAGGGTTCTTGACTTTTTCTCGCTTCTGTGGCCTCCTCCTATCTCCTTCCCTAGGGCCCCACCTGGCCTT,e71229e1f75a5b5c30662b90ca6a8d5626f7e33b8027e65ec4b6b16fb595f582,-0.000360067527435,AACTGGGGAGCAGGAGAATCCCTCACCTCGTGGGGCTGTGGTGGGGACACTTGTGTGGGATGCAGCCAGCTCAGGATAGGGGCAGCGAGGACCAGGCACGAGTGGGAGGAGCGGGGCCCTCAGGGCTCTGTAGGGTTCTTGACTTTTTCTCGCTTCTGTGGCATCCTCCTATCTCCTTCCCTAGGGCCCCACCTGGCCTT,ba1ffede69234532055060a6828f5ddb0fb145d58e9d995aa4e8e6fd2128f591,-0.652772234979622,AACTGGGGAGCAGGAGAATCCCTCACCTCGTGGGGCTGTGGTGGGGACACTTGTGTGGGATGCAGCCAGCTCAGGATAGGGGCAGCGAGGACCAGGCACAAGTGGGAGGAGCGGGGCCCTCAGGGCTCTGTAGGGTTCTTGACTTTTTCTCGCTTCTGTGGCATCCTCCTATCTCCTTCCCTAGGGCCCCACCTGGCCTT,7061ec9cbb0310f1087f213f7904a81d118106263e950fc7031570a20409553e,-0.916790993375784,0.2636586908687269,0.0875278781287683,-290.9494647649117,-297.3572502862662,-271.3758034668863,-260.3243833631277,-17.4592056251131,1.0,0.2636586908687269,0.0,0,0.16335165284313785,0.18565657667894103,0.15145376406925343,0.3033426713489242,1.0
chr17:76431285:C:G;chr17:76431368:C:G;var1;middle;OL41|K562|a9f2d399006e0c4e,chr17:76431285:C:G;chr17:76431368:C:G;var1;middle;OL41,K562,K562_region_00950,100,183,83,GAGACGATGGGCCCAGGAGACTGGCCTGGCCAGTCCCTTTCAGACCTCAGCTCCCTGGGGAGGGCGCTGGCAGTGAACACGTGGAGAGCCAGAGTGACACCAGCCAATGGGAGACTCACCAGCCCCCAAGGACAAGGGAAGGCCTGGCGGGTGTCACCGTCCATCCATCCTCCAGAGTCCATCCGATCCGGTGCTTTTCA,a668f50eec333c8a85e8dd1de741011df33a537db923333803441f85275ac096,0.0,GAGACGATGGGCCCAGGAGACTGGCCTGGCCAGTCCCTTTCAGACCTCAGCTCCCTGGGGAGGGCGCTGGCAGTGAACACGTGGAGAGCCAGAGTGACAGCAGCCAATGGGAGACTCACCAGCCCCCAAGGACAAGGGAAGGCCTGGCGGGTGTCACCGTCCATCCATCCTCCAGAGTCCATCCGATCCGGTGCTTTTCA,54d1921b4e00b0d227e084d8a9973c5156e90fdaecf5d00eed4cdc445e00ff6e,-0.159523573086454,GAGACGATGGGCCCAGGAGACTGGCCTGGCCAGTCCCTTTCAGACCTCAGCTCCCTGGGGAGGGCGCTGGCAGTGAACACGTGGAGAGCCAGAGTGACACCAGCCAATGGGAGACTCACCAGCCCCCAAGGACAAGGGAAGGCCTGGCGGGTGTCACCGTCCATCCATCCTCCAGAGTCCATGCGATCCGGTGCTTTTCA,27c5c715bc24587aca6487d4296e21b26dd3d8c5bfe75c3283aad203fdc71868,0.0907299455870538,GAGACGATGGGCCCAGGAGACTGGCCTGGCCAGTCCCTTTCAGACCTCAGCTCCCTGGGGAGGGCGCTGGCAGTGAACACGTGGAGAGCCAGAGTGACAGCAGCCAATGGGAGACTCACCAGCCCCCAAGGACAAGGGAAGGCCTGGCGGGTGTCACCGTCCATCCATCCTCCAGAGTCCATGCGATCCGGTGCTTTTCA,a9f2d399006e0c4eed4b7540dd0952d52de74e0833805b2470dec8a1a1b36c91,-0.0187155463272272,0.050078081172173,0.181001418384171,-277.9309117238736,-275.53750872029923,-289.2516876591835,-286.9415589896962,-0.08327433408703655,-1.0,-0.050078081172173,0.0,3,0.18130526577877812,0.18106719778262317,0.1474303780702046,0.1681830714525988,1.0
chr17:77078838:A:G;chr17:77078871:C:A;var1;middle;OL41|K562|17a1ee50f15e8855,chr17:77078838:A:G;chr17:77078871:C:A;var1;middle;OL41,K562,K562_region_00951,100,133,33,TTTAAATGAGTAAATTAATCCAATAACTAAAGAGCCTCTTTACTGCCCGTGATTCTGATAATCGAATGAGAGGTGTGCCAGAGGACAATGGGACCGCGCAGCCACAGCCAGTTGGGGCCCAGCCCCTGCCCCCCTGCCCTTGCAGCAGCGCTGACCGCCTCTCCCGCGCCCTCTTCTGGCGGGCTTGTGGAACGACGGGG,2b75e32df56e9eeee9eeb7663bbe3cec8614abf2c95e6277fef81f19bf09d9a4,0.0,TTTAAATGAGTAAATTAATCCAATAACTAAAGAGCCTCTTTACTGCCCGTGATTCTGATAATCGAATGAGAGGTGTGCCAGAGGACAATGGGACCGCGCGGCCACAGCCAGTTGGGGCCCAGCCCCTGCCCCCCTGCCCTTGCAGCAGCGCTGACCGCCTCTCCCGCGCCCTCTTCTGGCGGGCTTGTGGAACGACGGGG,9443a826740d931fd21a2cc010c8ffe8ed391b6c32441820b586c17920802000,0.261964664414089,TTTAAATGAGTAAATTAATCCAATAACTAAAGAGCCTCTTTACTGCCCGTGATTCTGATAATCGAATGAGAGGTGTGCCAGAGGACAATGGGACCGCGCAGCCACAGCCAGTTGGGGCCCAGCCCCTGCCCCACTGCCCTTGCAGCAGCGCTGACCGCCTCTCCCGCGCCCTCTTCTGGCGGGCTTGTGGAACGACGGGG,a8d7343a43deb66272847227e916b56c3c3440d0e5c2f29f49ef18bd348cbfba,0.0333524171746046,TTTAAATGAGTAAATTAATCCAATAACTAAAGAGCCTCTTTACTGCCCGTGATTCTGATAATCGAATGAGAGGTGTGCCAGAGGACAATGGGACCGCGCGGCCACAGCCAGTTGGGGCCCAGCCCCTGCCCCACTGCCCTTGCAGCAGCGCTGACCGCCTCTCCCGCGCCCTCTTCTGGCGGGCTTGTGGAACGACGGGG,17a1ee50f15e88551623909089c1617a43621a6b1a32e7ea1df899244f2dd43a,0.0776543676713606,0.217662713917333,0.234840571535171,-363.3994381891098,-359.0575323894154,-350.988752003992,-348.1212857430801,1.4744395387824625,1.0,0.217662713917333,0.0,4,0.17802676332998188,0.17620727786206916,0.145609630836647,0.31807954786079073,1.0
chr17:77078871:C:A;chr17:77078955:T:C;var1;middle;OL41|K562|9ffeebd6007199e8,chr17:77078871:C:A;chr17:77078955:T:C;var1;middle;OL41,K562,K562_region_00951,100,184,84,GCCTCTTTACTGCCCGTGATTCTGATAATCGAATGAGAGGTGTGCCAGAGGACAATGGGACCGCGCAGCCACAGCCAGTTGGGGCCCAGCCCCTGCCCCCCTGCCCTTGCAGCAGCGCTGACCGCCTCTCCCGCGCCCTCTTCTGGCGGGCTTGTGGAACGACGGGGGTGATGCCCAGCAGCCTCCAGGTGCATCTAGGA,b1801c9655cf720856ba6d7d23fa1b294256329fd3dd6fafe970541dc1ecf138,0.0,GCCTCTTTACTGCCCGTGATTCTGATAATCGAATGAGAGGTGTGCCAGAGGACAATGGGACCGCGCAGCCACAGCCAGTTGGGGCCCAGCCCCTGCCCCACTGCCCTTGCAGCAGCGCTGACCGCCTCTCCCGCGCCCTCTTCTGGCGGGCTTGTGGAACGACGGGGGTGATGCCCAGCAGCCTCCAGGTGCATCTAGGA,117e34dcc880a0f5ae441be389715834527ec8491c264ad5fdb907eb46c5a2ee,-0.378318137017314,GCCTCTTTACTGCCCGTGATTCTGATAATCGAATGAGAGGTGTGCCAGAGGACAATGGGACCGCGCAGCCACAGCCAGTTGGGGCCCAGCCCCTGCCCCCCTGCCCTTGCAGCAGCGCTGACCGCCTCTCCCGCGCCCTCTTCTGGCGGGCTTGTGGAACGACGGGGGTGATGCCCAGCAGCCCCCAGGTGCATCTAGGA,12c6fbadc54fdde4aab2f56b0fb3726d4d9f8c9d02aee7e8d75da2c499f8a0ac,-0.625322683641161,GCCTCTTTACTGCCCGTGATTCTGATAATCGAATGAGAGGTGTGCCAGAGGACAATGGGACCGCGCAGCCACAGCCAGTTGGGGCCCAGCCCCTGCCCCACTGCCCTTGCAGCAGCGCTGACCGCCTCTCCCGCGCCCTCTTCTGGCGGGCTTGTGGAACGACGGGGGTGATGCCCAGCAGCCCCCAGGTGCATCTAGGA,9ffeebd6007199e8f5ff54873d56a5e5506770173e52d31cf661fb0dd51243c4,-0.947488034379051,-0.0561527862794237,0.293523604403146,-278.7947474271059,-293.5990338847041,-351.68169880937785,-388.8181552494643,22.332169982488267,1.0,-0.0561527862794237,0.0,4,0.20387807051373238,0.17620727786206916,0.145609630836647,0.25777429335821656,1.0
chr17:7732957:A:C;chr17:7733037:C:T;var1;middle;OL28|K562|6f45a6b469b22ed1,chr17:7732957:A:C;chr17:7733037:C:T;var1;middle;OL28,K562,K562_region_00863,100,180,80,TAATGCCAATCACATAGACTGTTCTTCCTTGATGATATATTATGGACTTTTTAATCTACACTAACCTTTGCACGCAATTCCGTACATTTTTGTTAGTTGAACGTATATGTACTTATCTTTGTTCATTTTTCTGGCACCCCAAATTGTGCTGGCCTACCTACCACTGAGAACATCAGGGCCGAGAGGATCAAAAGTGGTGG,a7d48ba4f7df3a7bff80b7a160a1d1d040fbd3fc5395e9639fb4e77f7cfee5f5,0.0,TAATGCCAATCACATAGACTGTTCTTCCTTGATGATATATTATGGACTTTTTAATCTACACTAACCTTTGCACGCAATTCCGTACATTTTTGTTAGTTGCACGTATATGTACTTATCTTTGTTCATTTTTCTGGCACCCCAAATTGTGCTGGCCTACCTACCACTGAGAACATCAGGGCCGAGAGGATCAAAAGTGGTGG,97c2587da0752c9b647ef990c29ec0415ede6153ec11816665e71e484a574566,0.0966786864270372,TAATGCCAATCACATAGACTGTTCTTCCTTGATGATATATTATGGACTTTTTAATCTACACTAACCTTTGCACGCAATTCCGTACATTTTTGTTAGTTGAACGTATATGTACTTATCTTTGTTCATTTTTCTGGCACCCCAAATTGTGCTGGCCTACCTACCACTGAGAACATCAGGGCTGAGAGGATCAAAAGTGGTGG,f143e3ad3e653872904142bf55971367da12d619f445c494c6fc2df2b1b18b9c,0.0961499971876901,TAATGCCAATCACATAGACTGTTCTTCCTTGATGATATATTATGGACTTTTTAATCTACACTAACCTTTGCACGCAATTCCGTACATTTTTGTTAGTTGCACGTATATGTACTTATCTTTGTTCATTTTTCTGGCACCCCAAATTGTGCTGGCCTACCTACCACTGAGAACATCAGGGCTGAGAGGATCAAAAGTGGTGG,6f45a6b469b22ed1c1e14a28fcd0f90f47ee73cc92c8da96814e10655ee4de5d,-0.0603304278315839,0.2531591114463112,0.155974685216825,-345.1509091104381,-346.5967017733492,-337.24305615457706,-338.2687430740334,-0.42010574345476925,1.0,0.2531591114463112,0.0,2,0.1745827604412802,0.17490732828716207,0.146091925319964,0.19319456381631955,1.0
chr17:78006747:A:G;chr17:78006749:C:T;var1;middle;OL41|K562|d3ab93522cca3c6a,chr17:78006747:A:G;chr17:78006749:C:T;var1;middle;OL41,K562,K562_region_00952,100,102,2,TACAAGAGAATTTAGGCCTGTGACAAAAATCAGGGTCCCTCAGCCAGGGAAGAAGGGGAGCTAAAATTTTCACAGGAGGTGGTGTTGCCAGGCAACCTGATCAGCTCTGCTCCCCATAGCATCCTGCAGGGACCCAGCCCCCGGTCAAGTTGTAAAGATAAGGGTACACATACGCACAAATAGTAAATCCTACATCTGCC,ab367841ed22e533699d266626372bcccdecccc505af00d3af32d2f20e72c8d7,0.0,TACAAGAGAATTTAGGCCTGTGACAAAAATCAGGGTCCCTCAGCCAGGGAAGAAGGGGAGCTAAAATTTTCACAGGAGGTGGTGTTGCCAGGCAACCTGGTCAGCTCTGCTCCCCATAGCATCCTGCAGGGACCCAGCCCCCGGTCAAGTTGTAAAGATAAGGGTACACATACGCACAAATAGTAAATCCTACATCTGCC,655e7c40f7dbe8648011ac48d813042a99be9ad7982f09cfc5bee9d3e326071a,0.0228425219137865,TACAAGAGAATTTAGGCCTGTGACAAAAATCAGGGTCCCTCAGCCAGGGAAGAAGGGGAGCTAAAATTTTCACAGGAGGTGGTGTTGCCAGGCAACCTGATTAGCTCTGCTCCCCATAGCATCCTGCAGGGACCCAGCCCCCGGTCAAGTTGTAAAGATAAGGGTACACATACGCACAAATAGTAAATCCTACATCTGCC,c017c892815d10cb234f46cb4ed1e2289cd05763431834026f1849f03a7b92a6,0.34249169229535,TACAAGAGAATTTAGGCCTGTGACAAAAATCAGGGTCCCTCAGCCAGGGAAGAAGGGGAGCTAAAATTTTCACAGGAGGTGGTGTTGCCAGGCAACCTGGTTAGCTCTGCTCCCCATAGCATCCTGCAGGGACCCAGCCCCCGGTCAAGTTGTAAAGATAAGGGTACACATACGCACAAATAGTAAATCCTACATCTGCC,d3ab93522cca3c6aad827827b874c4b9936386eddbabba48323fd1b1e69babd3,0.284451777951494,0.0808824362576424,0.421543259784582,-253.3007937669754,-250.994313493371,-254.339658588171,-253.730972468853,1.6977941542863846,1.0,0.0808824362576424,0.0,4,0.17830359156840814,0.17620727786206916,0.145609630836647,0.29374309619597283,1.0
chr17:78011360:A:G;chr17:78011368:T:C;var1;middle;OL41|K562|dc205703848df207,chr17:78011360:A:G;chr17:78011368:T:C;var1;middle;OL41,K562,K562_region_00953,100,108,8,GATAGGCATAAATGTAAAAGGGTAGGTATACTATGATCTCTAATTCAGGGTGTGTGTGTGTGTTTAAAACATAGAAAAATGTTGAAAGAATGTGGTCCTAAATGTTATCAATGATTATCTTGGGAAGGAAAGGGAAGATCACAGGGAACTGTCACTGTCTGTCTCTTTGAACATATCTATATTCCTTTGACAGATAAAAA,da08051b14e9255336c62a9d56e96834ac438a3f3261f98f74ad65a10594d700,0.0,GATAGGCATAAATGTAAAAGGGTAGGTATACTATGATCTCTAATTCAGGGTGTGTGTGTGTGTTTAAAACATAGAAAAATGTTGAAAGAATGTGGTCCTGAATGTTATCAATGATTATCTTGGGAAGGAAAGGGAAGATCACAGGGAACTGTCACTGTCTGTCTCTTTGAACATATCTATATTCCTTTGACAGATAAAAA,2bfa5cc9a1928a13e074396f3e44e46dfa9b08b393c9ec80c5f17702b36c9fbd,-0.0165921246249911,GATAGGCATAAATGTAAAAGGGTAGGTATACTATGATCTCTAATTCAGGGTGTGTGTGTGTGTTTAAAACATAGAAAAATGTTGAAAGAATGTGGTCCTAAATGTTACCAATGATTATCTTGGGAAGGAAAGGGAAGATCACAGGGAACTGTCACTGTCTGTCTCTTTGAACATATCTATATTCCTTTGACAGATAAAAA,252037b05a0770d40daf31764926785c2d1a4901af17040a289e311a272577cd,0.0273986552682101,GATAGGCATAAATGTAAAAGGGTAGGTATACTATGATCTCTAATTCAGGGTGTGTGTGTGTGTTTAAAACATAGAAAAATGTTGAAAGAATGTGGTCCTGAATGTTACCAATGATTATCTTGGGAAGGAAAGGGAAGATCACAGGGAACTGTCACTGTCTGTCTCTTTGAACATATCTATATTCCTTTGACAGATAAAAA,dc205703848df207cb9bf519b2fd4d4d06cd437a35d650b8d133d25edde5c13c,0.0470333524235054,0.0362268217802864,0.156729484758267,-330.6384991959203,-320.6620517249685,-342.63486435089726,-329.6000012579607,3.05841562198475,-1.0,-0.0362268217802864,0.0,0,0.1897042476361143,0.18565657667894103,0.15145376406925343,0.2571368026056511,1.0
chr17:78011360:A:G;chr17:78011370:A:C;var1;middle;OL41|K562|89208b4fe8f1500f,chr17:78011360:A:G;chr17:78011370:A:C;var1;middle;OL41,K562,K562_region_00953,100,110,10,GATAGGCATAAATGTAAAAGGGTAGGTATACTATGATCTCTAATTCAGGGTGTGTGTGTGTGTTTAAAACATAGAAAAATGTTGAAAGAATGTGGTCCTAAATGTTATCAATGATTATCTTGGGAAGGAAAGGGAAGATCACAGGGAACTGTCACTGTCTGTCTCTTTGAACATATCTATATTCCTTTGACAGATAAAAA,da08051b14e9255336c62a9d56e96834ac438a3f3261f98f74ad65a10594d700,0.0,GATAGGCATAAATGTAAAAGGGTAGGTATACTATGATCTCTAATTCAGGGTGTGTGTGTGTGTTTAAAACATAGAAAAATGTTGAAAGAATGTGGTCCTGAATGTTATCAATGATTATCTTGGGAAGGAAAGGGAAGATCACAGGGAACTGTCACTGTCTGTCTCTTTGAACATATCTATATTCCTTTGACAGATAAAAA,2bfa5cc9a1928a13e074396f3e44e46dfa9b08b393c9ec80c5f17702b36c9fbd,-0.0165974931221043,GATAGGCATAAATGTAAAAGGGTAGGTATACTATGATCTCTAATTCAGGGTGTGTGTGTGTGTTTAAAACATAGAAAAATGTTGAAAGAATGTGGTCCTAAATGTTATCCATGATTATCTTGGGAAGGAAAGGGAAGATCACAGGGAACTGTCACTGTCTGTCTCTTTGAACATATCTATATTCCTTTGACAGATAAAAA,8b212dde8a55ab8d7c00e3e14ad16ddf69dc22353755b99a3545011040cccbba,0.0847775459214183,GATAGGCATAAATGTAAAAGGGTAGGTATACTATGATCTCTAATTCAGGGTGTGTGTGTGTGTTTAAAACATAGAAAAATGTTGAAAGAATGTGGTCCTGAATGTTATCCATGATTATCTTGGGAAGGAAAGGGAAGATCACAGGGAACTGTCACTGTCTGTCTCTTTGAACATATCTATATTCCTTTGACAGATAAAAA,89208b4fe8f1500fc8ad2726b54c8098dd266c9c870ae9f0c23dc1c73a5bbec8,-0.098293475445388,0.166473528244702,0.168198079728324,-330.6384991959203,-320.6620517249685,-316.5899569672765,-308.0985532354098,1.4850437390850857,1.0,0.166473528244702,0.0,0,0.18768342703564717,0.18565657667894103,0.15145376406925343,0.3125821649207976,1.0
chr17:78011691:A:G;chr17:78011731:G:T;var1;middle;OL41|K562|0530ca25ebe4656f,chr17:78011691:A:G;chr17:78011731:G:T;var1;middle;OL41,K562,K562_region_00954,100,140,40,CGTTGTATTTCTTTTCCCCAGTTTTGTCCCAGACACAAGTTATATTTGAGGTGACTTTTCTGGGGTGATCTAATCCTGCTGTTCCTTCGATGTTTTAATAATTATATTTTTCATTCATTCATGGAGCTTTGCTTTTGTGGCATCTCCGCCACCTGACAGGCATGATATAGTGCTATGGTTCCTGACAAACAGGACAAAGA,af370a4777d07d6f81a4df589a3d439f485d3142d784facdba0fb3b0d7e618e0,0.0,CGTTGTATTTCTTTTCCCCAGTTTTGTCCCAGACACAAGTTATATTTGAGGTGACTTTTCTGGGGTGATCTAATCCTGCTGTTCCTTCGATGTTTTAATGATTATATTTTTCATTCATTCATGGAGCTTTGCTTTTGTGGCATCTCCGCCACCTGACAGGCATGATATAGTGCTATGGTTCCTGACAAACAGGACAAAGA,354ce07d53b1ec08bd9cd3ab176bd951b3c98d4d7ee1d716e4d94b0f5891fd7f,-0.14321462737114,CGTTGTATTTCTTTTCCCCAGTTTTGTCCCAGACACAAGTTATATTTGAGGTGACTTTTCTGGGGTGATCTAATCCTGCTGTTCCTTCGATGTTTTAATAATTATATTTTTCATTCATTCATGGAGCTTTGCTTTTGTGTCATCTCCGCCACCTGACAGGCATGATATAGTGCTATGGTTCCTGACAAACAGGACAAAGA,d6baab5dc0ce65da62bbf17fa39babffae08a73d25487cc628b9fba5967ab3f8,0.57233345389252,CGTTGTATTTCTTTTCCCCAGTTTTGTCCCAGACACAAGTTATATTTGAGGTGACTTTTCTGGGGTGATCTAATCCTGCTGTTCCTTCGATGTTTTAATGATTATATTTTTCATTCATTCATGGAGCTTTGCTTTTGTGTCATCTCCGCCACCTGACAGGCATGATATAGTGCTATGGTTCCTGACAAACAGGACAAAGA,0530ca25ebe4656f39996be13e99a416e6329cad46bb3afa4b35aaca7c173af3,0.667206583895982,0.2380877573746019,0.291587520294949,-391.2431743456982,-370.4353478839621,-406.3280345480889,-372.7923159231432,12.727892163209617,-1.0,-0.2380877573746019,0.0,4,0.19197441988144714,0.17620727786206916,0.145609630836647,0.18984087197465158,1.0
chr17:78018751:G:T;chr17:78018810:A:G;var1;middle;OL41|K562|c99319bdab1de69b,chr17:78018751:G:T;chr17:78018810:A:G;var1;middle;OL41,K562,K562_region_00955,100,159,59,AAGTAGTTTTCAAATATGATTGAAGAAAGGGCAGGGACAGCCCCTGAGCGAGCCTTGCTTCCCACCTCCCACTGGCTCTCAGTCTTTGGGACAGTGTGAGTGGAGCTTGTGTCCAGTTGTGCACACGGACACCCGGAAACCTCTCATTAGGAGAAGCCACTGCTGCGCACCCTGGAGATGGGTTTTGACCCTGGGCTCCC,68eb57856fad9376d9703d254b8e06c3f30c7bb0d44bede6124659aa8bf37be5,0.0,AAGTAGTTTTCAAATATGATTGAAGAAAGGGCAGGGACAGCCCCTGAGCGAGCCTTGCTTCCCACCTCCCACTGGCTCTCAGTCTTTGGGACAGTGTGATTGGAGCTTGTGTCCAGTTGTGCACACGGACACCCGGAAACCTCTCATTAGGAGAAGCCACTGCTGCGCACCCTGGAGATGGGTTTTGACCCTGGGCTCCC,0a82f82ac28dcba6a04087189fae9dd66bbad8693c402890f4b64bc967b1235d,1.36449190036114,AAGTAGTTTTCAAATATGATTGAAGAAAGGGCAGGGACAGCCCCTGAGCGAGCCTTGCTTCCCACCTCCCACTGGCTCTCAGTCTTTGGGACAGTGTGAGTGGAGCTTGTGTCCAGTTGTGCACACGGACACCCGGAAACCTCTCATTAGGAGAAGCCGCTGCTGCGCACCCTGGAGATGGGTTTTGACCCTGGGCTCCC,52a948d31515f571d7d16e9bf889ba60a3f91452229e586dd1b89836342115d1,0.159953662651764,AAGTAGTTTTCAAATATGATTGAAGAAAGGGCAGGGACAGCCCCTGAGCGAGCCTTGCTTCCCACCTCCCACTGGCTCTCAGTCTTTGGGACAGTGTGATTGGAGCTTGTGTCCAGTTGTGCACACGGACACCCGGAAACCTCTCATTAGGAGAAGCCGCTGCTGCGCACCCTGGAGATGGGTTTTGACCCTGGGCTCCC,c99319bdab1de69ba9b56e2f86dcfdb562d251fdf72caf1f4020ea3421aa889b,1.50012816444887,0.0243173985640339,0.18724345064612,-328.0980866025202,-350.2279942063615,-333.0264806239866,-352.28906644997187,-2.8673217778559774,1.0,0.0243173985640339,0.0,1,0.17944783217739715,0.18216460459877223,0.1501433469024087,0.11804225231390594,1.0
chr17:78021493:A:G;chr17:78021529:A:G;var1;middle;OL41|K562|1ee01528372fa53b,chr17:78021493:A:G;chr17:78021529:A:G;var1;middle;OL41,K562,K562_region_00956,100,136,36,AACAGTGACCGATGAAGTAGGAATCCTTCTCCATTTAACAGACAGGTTCCCTAAGGCCATTAAGGAACTGGTCCGATTAAGTGACAGAACGCGGCCTTCACCAAGATTCAGTGACGCCCAGCCCCATCCCCTGACAGCCATTTCTCACGGGCTCCTGGTCTCAGAGCGAGACGTGCCGTGACAGCAACCCCAGGCCTGAA,1e969c46c453404d485a2884519e7d903f1a401e0e9f7852dcf8b5f80def37b1,0.0,AACAGTGACCGATGAAGTAGGAATCCTTCTCCATTTAACAGACAGGTTCCCTAAGGCCATTAAGGAACTGGTCCGATTAAGTGACAGAACGCGGCCTTCGCCAAGATTCAGTGACGCCCAGCCCCATCCCCTGACAGCCATTTCTCACGGGCTCCTGGTCTCAGAGCGAGACGTGCCGTGACAGCAACCCCAGGCCTGAA,0ea85b7b8ef9502e0ab0dace45eab3d7e4b3a23fe66c25f71ea78275aa703dae,0.1582482408611,AACAGTGACCGATGAAGTAGGAATCCTTCTCCATTTAACAGACAGGTTCCCTAAGGCCATTAAGGAACTGGTCCGATTAAGTGACAGAACGCGGCCTTCACCAAGATTCAGTGACGCCCAGCCCCATCCCCTGACGGCCATTTCTCACGGGCTCCTGGTCTCAGAGCGAGACGTGCCGTGACAGCAACCCCAGGCCTGAA,bcf448abef8db369a94490f7e3233d36088e8b1d0890c6dc1e214092f76ec44a,0.172849455846882,AACAGTGACCGATGAAGTAGGAATCCTTCTCCATTTAACAGACAGGTTCCCTAAGGCCATTAAGGAACTGGTCCGATTAAGTGACAGAACGCGGCCTTCGCCAAGATTCAGTGACGCCCAGCCCCATCCCCTGACGGCCATTTCTCACGGGCTCCTGGTCTCAGAGCGAGACGTGCCGTGACAGCAACCCCAGGCCTGAA,1ee01528372fa53bc0986a06bb7261523b99fac5929cb898efda7efcd8054d4a,0.13386889466795,0.197228802040032,0.209102010625987,-362.96790857519954,-359.3339751567692,-371.8498630318791,-367.4730079127476,-0.7429217007011744,1.0,0.197228802040032,0.0,4,0.17527854071324311,0.17620727786206916,0.145609630836647,0.16252945893954202,1.0
chr17:78074446:A:C;chr17:78074468:A:G;var1;middle;OL27|K562|c0856d6b33096202,chr17:78074446:A:C;chr17:78074468:A:G;var1;middle;OL27,K562,K562_region_00957,100,122,22,ACAAAATAATTTCACTTTCAAACATTTCAGCAGAAGAATAAAATCTTTTTTCTGAATATCTAGTAAGCCTTTCTGAGTCAGCCTTACTTATTTTAAAACATTGTAGAAATACAGAAACCACAACAGAGGTGGAAGGGAGGCTTTTGTTTTTTTTTTTTTGAGACGGAGTCTCGCTCTGTCGCCCAGGCTGGAGTGCAGTG,9660f4665226609fd2e9a057d90bd36e12564797bfa628b98b71a102efaa546b,0.0,ACAAAATAATTTCACTTTCAAACATTTCAGCAGAAGAATAAAATCTTTTTTCTGAATATCTAGTAAGCCTTTCTGAGTCAGCCTTACTTATTTTAAAACCTTGTAGAAATACAGAAACCACAACAGAGGTGGAAGGGAGGCTTTTGTTTTTTTTTTTTTGAGACGGAGTCTCGCTCTGTCGCCCAGGCTGGAGTGCAGTG,86c1202c804d909da25bdd08d2814cf4aa80031f6077293bbc9cca16735ff902,-0.0303222100584539,ACAAAATAATTTCACTTTCAAACATTTCAGCAGAAGAATAAAATCTTTTTTCTGAATATCTAGTAAGCCTTTCTGAGTCAGCCTTACTTATTTTAAAACATTGTAGAAATACAGAAACCACGACAGAGGTGGAAGGGAGGCTTTTGTTTTTTTTTTTTTGAGACGGAGTCTCGCTCTGTCGCCCAGGCTGGAGTGCAGTG,9758bb38eed460b0c619e43eb2c1f4ddd18419d45ae1cb9dfcce8fa5edfd0d02,-0.200347190284279,ACAAAATAATTTCACTTTCAAACATTTCAGCAGAAGAATAAAATCTTTTTTCTGAATATCTAGTAAGCCTTTCTGAGTCAGCCTTACTTATTTTAAAACCTTGTAGAAATACAGAAACCACGACAGAGGTGGAAGGGAGGCTTTTGTTTTTTTTTTTTTGAGACGGAGTCTCGCTCTGTCGCCCAGGCTGGAGTGCAGTG,c0856d6b330962029f2ba4b6660376c2c79436eb7af05ee613936ece14e25697,-0.0742918277171942,0.1563775726255387,0.164255001765263,-199.7426778259687,-194.5258916825988,-191.71388256456703,-192.1495546405204,-5.652458219323279,-1.0,-0.1563775726255387,0.0,2,0.16696403219120454,0.17490732828716207,0.146091925319964,0.1493095037079679,1.0
chr17:781040:C:T;chr17:781043:T:A;var1;middle;OL41|K562|2a6e79f7518d027b,chr17:781040:C:T;chr17:781043:T:A;var1;middle;OL41,K562,K562_region_00832,100,103,3,CTTTACAAAATACTCGTTATTTTTACCATCTAACCTTGTGAGTTAGAGCGACTGAAGAGGAAAGGCCGTAGCGTCTGAGCTGCTCTGTGAAGAATGAACCGGTTTTCACCAGGCAGGCCAGGAGTGGGATAGGGCGAGGCATCCAAGAAACAGCAAGAGGCAGGCAGAGCTCAGCACACGTTTTTCCAGACTGTGAACCA,765e0f0d029edef48e9ddbdef9654b624c58e4c13adc7335f9f045f2e50cf9a0,0.0,CTTTACAAAATACTCGTTATTTTTACCATCTAACCTTGTGAGTTAGAGCGACTGAAGAGGAAAGGCCGTAGCGTCTGAGCTGCTCTGTGAAGAATGAACTGGTTTTCACCAGGCAGGCCAGGAGTGGGATAGGGCGAGGCATCCAAGAAACAGCAAGAGGCAGGCAGAGCTCAGCACACGTTTTTCCAGACTGTGAACCA,c2ca386f30f02e5a0b7fb32bd625c0e3b7c48fb00183c12cc1523b12662a6271,0.283784836287434,CTTTACAAAATACTCGTTATTTTTACCATCTAACCTTGTGAGTTAGAGCGACTGAAGAGGAAAGGCCGTAGCGTCTGAGCTGCTCTGTGAAGAATGAACCGGATTTCACCAGGCAGGCCAGGAGTGGGATAGGGCGAGGCATCCAAGAAACAGCAAGAGGCAGGCAGAGCTCAGCACACGTTTTTCCAGACTGTGAACCA,9eddd19513199cbe7bec0ff892584b7372892df8dcae4d6a015b315d32fdc095,-0.131355351294022,CTTTACAAAATACTCGTTATTTTTACCATCTAACCTTGTGAGTTAGAGCGACTGAAGAGGAAAGGCCGTAGCGTCTGAGCTGCTCTGTGAAGAATGAACTGGATTTCACCAGGCAGGCCAGGAGTGGGATAGGGCGAGGCATCCAAGAAACAGCAAGAGGCAGGCAGAGCTCAGCACACGTTTTTCCAGACTGTGAACCA,2a6e79f7518d027bcffdbe873418e687cec111012c39e08109db57aabe2b9df9,0.315845699453332,0.16341621445992,0.516916760266513,-335.99260819144547,-332.6143777836114,-333.63537788949907,-324.4676984772086,5.789449004456401,-1.0,-0.16341621445992,0.0,4,0.18337483489984868,0.17620727786206916,0.145609630836647,-0.023883073997559123,1.0
chr17:781040:C:T;chr17:781115:C:A;var1;middle;OL41|K562|b665a3c509f5a689,chr17:781040:C:T;chr17:781115:C:A;var1;middle;OL41,K562,K562_region_00832,100,175,75,CTTTACAAAATACTCGTTATTTTTACCATCTAACCTTGTGAGTTAGAGCGACTGAAGAGGAAAGGCCGTAGCGTCTGAGCTGCTCTGTGAAGAATGAACCGGTTTTCACCAGGCAGGCCAGGAGTGGGATAGGGCGAGGCATCCAAGAAACAGCAAGAGGCAGGCAGAGCTCAGCACACGTTTTTCCAGACTGTGAACCA,765e0f0d029edef48e9ddbdef9654b624c58e4c13adc7335f9f045f2e50cf9a0,0.0,CTTTACAAAATACTCGTTATTTTTACCATCTAACCTTGTGAGTTAGAGCGACTGAAGAGGAAAGGCCGTAGCGTCTGAGCTGCTCTGTGAAGAATGAACTGGTTTTCACCAGGCAGGCCAGGAGTGGGATAGGGCGAGGCATCCAAGAAACAGCAAGAGGCAGGCAGAGCTCAGCACACGTTTTTCCAGACTGTGAACCA,c2ca386f30f02e5a0b7fb32bd625c0e3b7c48fb00183c12cc1523b12662a6271,0.283765534926224,CTTTACAAAATACTCGTTATTTTTACCATCTAACCTTGTGAGTTAGAGCGACTGAAGAGGAAAGGCCGTAGCGTCTGAGCTGCTCTGTGAAGAATGAACCGGTTTTCACCAGGCAGGCCAGGAGTGGGATAGGGCGAGGCATCCAAGAAACAGCAAGAGGCAGGCAGAGCTCAGAACACGTTTTTCCAGACTGTGAACCA,b1986e7f4e587f094ee09f888d30ac7aaef36d4904e6c13c5e52f636aa0c025f,0.356061011722134,CTTTACAAAATACTCGTTATTTTTACCATCTAACCTTGTGAGTTAGAGCGACTGAAGAGGAAAGGCCGTAGCGTCTGAGCTGCTCTGTGAAGAATGAACTGGTTTTCACCAGGCAGGCCAGGAGTGGGATAGGGCGAGGCATCCAAGAAACAGCAAGAGGCAGGCAGAGCTCAGAACACGTTTTTCCAGACTGTGAACCA,b665a3c509f5a68903870a7f4d7f13c97eac544025e5fe7317cec48f69468ad3,0.523691044275387,0.1161355023729708,0.509506700105058,-335.99260819144547,-332.6143777836114,-335.5760509716347,-329.54825554136187,-2.6495650224387646,1.0,0.1161355023729708,0.0,4,0.17291542540052418,0.17620727786206916,0.145609630836647,-0.04431575128350204,1.0
chr17:781043:T:A;chr17:781115:C:A;var1;middle;OL41|K562|806801c9e5ad691d,chr17:781043:T:A;chr17:781115:C:A;var1;middle;OL41,K562,K562_region_00832,100,172,72,TACAAAATACTCGTTATTTTTACCATCTAACCTTGTGAGTTAGAGCGACTGAAGAGGAAAGGCCGTAGCGTCTGAGCTGCTCTGTGAAGAATGAACCGGTTTTCACCAGGCAGGCCAGGAGTGGGATAGGGCGAGGCATCCAAGAAACAGCAAGAGGCAGGCAGAGCTCAGCACACGTTTTTCCAGACTGTGAACCATGA,73f3e7f8497c1eaa24032ac8fe2bf0e14d476e35a5879816d07eba1d05354ad0,0.0,TACAAAATACTCGTTATTTTTACCATCTAACCTTGTGAGTTAGAGCGACTGAAGAGGAAAGGCCGTAGCGTCTGAGCTGCTCTGTGAAGAATGAACCGGATTTCACCAGGCAGGCCAGGAGTGGGATAGGGCGAGGCATCCAAGAAACAGCAAGAGGCAGGCAGAGCTCAGCACACGTTTTTCCAGACTGTGAACCATGA,5af27f8628b489e193fb50bdbb1bb382ff2bd97d41996bb11b9f8a60be225f78,-0.376713544102489,TACAAAATACTCGTTATTTTTACCATCTAACCTTGTGAGTTAGAGCGACTGAAGAGGAAAGGCCGTAGCGTCTGAGCTGCTCTGTGAAGAATGAACCGGTTTTCACCAGGCAGGCCAGGAGTGGGATAGGGCGAGGCATCCAAGAAACAGCAAGAGGCAGGCAGAGCTCAGAACACGTTTTTCCAGACTGTGAACCATGA,165fea737459dd4278f0b5465e185091108a54b95ff9b7fa8a1c7e1cce69857b,-0.291088475959022,TACAAAATACTCGTTATTTTTACCATCTAACCTTGTGAGTTAGAGCGACTGAAGAGGAAAGGCCGTAGCGTCTGAGCTGCTCTGTGAAGAATGAACCGGATTTCACCAGGCAGGCCAGGAGTGGGATAGGGCGAGGCATCCAAGAAACAGCAAGAGGCAGGCAGAGCTCAGAACACGTTTTTCCAGACTGTGAACCATGA,806801c9e5ad691dcf437914278b8828b9d9f531ccd3965328cf89f9bf81ddc5,-0.229850748709098,0.4379512713524129,0.444995338884426,-327.7952978592366,-328.1716740373522,-341.3333002505824,-336.1610447820276,5.548631646670401,-1.0,-0.4379512713524129,0.0,4,0.18307636314099135,0.17620727786206916,0.145609630836647,-0.054875697867645484,1.0
chr17:78121096:C:G;chr17:78121170:G:T;var1;middle;OL41|K562|18143417507ceb73,chr17:78121096:C:G;chr17:78121170:G:T;var1;middle;OL41,K562,K562_region_00958,100,174,74,GTACGCGCGACGCGGCCACGCCTCTGGGGGACGGGGCACTCTTCGTCACGTGAAAGGGAACTGGGCGTTTGCCGCAGGGAAAAGTAAGGTGTTTCTGCTCTCGCGCCATATGCAGTTCCCGCGGGATCTCGTTGAGGGCGGGGCACCCAGTTCCTTACGAAAGGGATGGAGGGGGTGGTACTTCTAAAGTTGGCGGTGTT,5851e8979982cfe2aebbb1d08e8c1fbafa81e6129c1d69bfe7deeb3a72de1415,0.0,GTACGCGCGACGCGGCCACGCCTCTGGGGGACGGGGCACTCTTCGTCACGTGAAAGGGAACTGGGCGTTTGCCGCAGGGAAAAGTAAGGTGTTTCTGCTGTCGCGCCATATGCAGTTCCCGCGGGATCTCGTTGAGGGCGGGGCACCCAGTTCCTTACGAAAGGGATGGAGGGGGTGGTACTTCTAAAGTTGGCGGTGTT,53b14b2cf73c26096a4bf3a0e3695d2771307ca4ee7ed4f1226dccd8859ab204,-0.224785319609422,GTACGCGCGACGCGGCCACGCCTCTGGGGGACGGGGCACTCTTCGTCACGTGAAAGGGAACTGGGCGTTTGCCGCAGGGAAAAGTAAGGTGTTTCTGCTCTCGCGCCATATGCAGTTCCCGCGGGATCTCGTTGAGGGCGGGGCACCCAGTTCCTTACGAAAGGGATGGAGGGTGTGGTACTTCTAAAGTTGGCGGTGTT,a8492421b0ef07d08c3263756c18b61cfe961f7c0b3cf695fea48f114212a696,-0.262303818898677,GTACGCGCGACGCGGCCACGCCTCTGGGGGACGGGGCACTCTTCGTCACGTGAAAGGGAACTGGGCGTTTGCCGCAGGGAAAAGTAAGGTGTTTCTGCTGTCGCGCCATATGCAGTTCCCGCGGGATCTCGTTGAGGGCGGGGCACCCAGTTCCTTACGAAAGGGATGGAGGGTGTGGTACTTCTAAAGTTGGCGGTGTT,18143417507ceb7313c5768fd72e834fc40b9b62a470851510dc1c4bc224513c,-0.426880004589992,-0.060209133918107,0.17204305993331,-345.987788695842,-349.3208779189736,-360.4705258086324,-360.29874318279326,-3.5048718489706516,1.0,-0.060209133918107,0.0,1,0.17879916331622273,0.18216460459877223,0.1501433469024087,0.0101848837204917,1.0
chr17:78263429:C:G;chr17:78263514:G:A;var1;middle;OL41|K562|7753ed3059c5b553,chr17:78263429:C:G;chr17:78263514:G:A;var1;middle;OL41,K562,K562_region_00959,100,185,85,AGTGAGCTGAGATCGCAGTACTGCACTCCAGCCTTGGTAATAAGAGCGAGACTCTGTCTCAGAAAAAAAAAAAAAAAAGAAAATGTGGAGGCCGGCCTTCAAGGTCAGGGTTTGGTTCCTTGTTCCAGGAAGCTGAGACCAAGACCAAGGACGAGATGGCTGCTGCTGAAGAAAAAGTCGGTAAGAATGAACAAGGGGAG,de288548105dcf588934c18b2ae6060a5b955ecd5ac79a61fa67032a8fb0180a,0.0,AGTGAGCTGAGATCGCAGTACTGCACTCCAGCCTTGGTAATAAGAGCGAGACTCTGTCTCAGAAAAAAAAAAAAAAAAGAAAATGTGGAGGCCGGCCTTGAAGGTCAGGGTTTGGTTCCTTGTTCCAGGAAGCTGAGACCAAGACCAAGGACGAGATGGCTGCTGCTGAAGAAAAAGTCGGTAAGAATGAACAAGGGGAG,2409a96ada6a842a2e3564cd5c22313788d0b122d81f065bf83428849af8cf75,-0.192541316596194,AGTGAGCTGAGATCGCAGTACTGCACTCCAGCCTTGGTAATAAGAGCGAGACTCTGTCTCAGAAAAAAAAAAAAAAAAGAAAATGTGGAGGCCGGCCTTCAAGGTCAGGGTTTGGTTCCTTGTTCCAGGAAGCTGAGACCAAGACCAAGGACGAGATGGCTGCTGCTGAAGAAAAAGTCGGTAAAAATGAACAAGGGGAG,157064bde55619471d3f39568bcc41f3a4a91922e2c8de18b0f63da709ccf328,-0.277619692827036,AGTGAGCTGAGATCGCAGTACTGCACTCCAGCCTTGGTAATAAGAGCGAGACTCTGTCTCAGAAAAAAAAAAAAAAAAGAAAATGTGGAGGCCGGCCTTGAAGGTCAGGGTTTGGTTCCTTGTTCCAGGAAGCTGAGACCAAGACCAAGGACGAGATGGCTGCTGCTGAAGAAAAAGTCGGTAAAAATGAACAAGGGGAG,7753ed3059c5b553fb669227543a4dd435b54eb0bc9bcb3d7f2dcbefb8c31222,-0.382641120245668,-0.087519889177562,0.290268144783464,-196.21513218432665,-191.28973465785384,-194.94052408542484,-195.73218415305016,5.717057594098122,1.0,-0.087519889177562,0.0,3,0.19298820973174924,0.18106719778262317,0.1474303780702046,0.1702983680450964,1.0
chr17:78263486:T:C;chr17:78263514:G:A;var1;middle;OL41|K562|2671f087552c8092,chr17:78263486:T:C;chr17:78263514:G:A;var1;middle;OL41,K562,K562_region_00959,100,128,28,CTCAGAAAAAAAAAAAAAAAAGAAAATGTGGAGGCCGGCCTTCAAGGTCAGGGTTTGGTTCCTTGTTCCAGGAAGCTGAGACCAAGACCAAGGACGAGATGGCTGCTGCTGAAGAAAAAGTCGGTAAGAATGAACAAGGGGAGCCTGAAGACCTCAAGAAGCCAGAGGGGAAGAACAGAAGTGCAGCTGCTGTGAAAAAC,9330ae8f8ef4f1b3316a061d0b9991893e96bf313205e113613aea1fa17e6ea9,0.0,CTCAGAAAAAAAAAAAAAAAAGAAAATGTGGAGGCCGGCCTTCAAGGTCAGGGTTTGGTTCCTTGTTCCAGGAAGCTGAGACCAAGACCAAGGACGAGACGGCTGCTGCTGAAGAAAAAGTCGGTAAGAATGAACAAGGGGAGCCTGAAGACCTCAAGAAGCCAGAGGGGAAGAACAGAAGTGCAGCTGCTGTGAAAAAC,fdc5dc4e3b44b2a6fe0f328d624d0c5fc4ab554083ddb5d49af6772d439406d1,0.716629406345118,CTCAGAAAAAAAAAAAAAAAAGAAAATGTGGAGGCCGGCCTTCAAGGTCAGGGTTTGGTTCCTTGTTCCAGGAAGCTGAGACCAAGACCAAGGACGAGATGGCTGCTGCTGAAGAAAAAGTCGGTAAAAATGAACAAGGGGAGCCTGAAGACCTCAAGAAGCCAGAGGGGAAGAACAGAAGTGCAGCTGCTGTGAAAAAC,5930adfa2441c4b2663912c9955694dcf6d3d01b214094754286f771a0888baf,0.19706188030124,CTCAGAAAAAAAAAAAAAAAAGAAAATGTGGAGGCCGGCCTTCAAGGTCAGGGTTTGGTTCCTTGTTCCAGGAAGCTGAGACCAAGACCAAGGACGAGACGGCTGCTGCTGAAGAAAAAGTCGGTAAAAATGAACAAGGGGAGCCTGAAGACCTCAAGAAGCCAGAGGGGAAGAACAGAAGTGCAGCTGCTGTGAAAAAC,2671f087552c8092c55a059c3b7958f504f6a98c1b04e03d76b334d7956e7a91,0.460276454433739,0.453414832212619,0.332899354585417,-240.07680827658623,-249.4391432297416,-248.5167399793864,-252.37531342171133,-5.503761510830429,1.0,0.453414832212619,0.0,3,0.1703873995828851,0.18106719778262317,0.1474303780702046,0.06451637500823795,1.0
chr17:782899:G:T;chr17:782952:G:A;var1;middle;OL41|K562|e86adff303c5e21b,chr17:782899:G:T;chr17:782952:G:A;var1;middle;OL41,K562,K562_region_00833,100,153,53,TACAGGCATGAGCCACCGCGCCCGGCCACGAGTCTGGTTTTAAACCCGTGGAGCTAAAGGTTTCTGGCAAGCAGGGAAAGGACACGACTCATTGACTGAGAAGCAGGAGGCGTCCAACACAAAGGCCTCTTGGGAACCCGCTGGGGTTTGGCGGGCGTCACCTTTCTGCATCTTGGGAGGAGAGCTGGTGGGAGGAGCTT,0c4a661ff51bff0a9a2e488ec13046499da512bfea8826cb6c2989a21279fbc4,0.0,TACAGGCATGAGCCACCGCGCCCGGCCACGAGTCTGGTTTTAAACCCGTGGAGCTAAAGGTTTCTGGCAAGCAGGGAAAGGACACGACTCATTGACTGATAAGCAGGAGGCGTCCAACACAAAGGCCTCTTGGGAACCCGCTGGGGTTTGGCGGGCGTCACCTTTCTGCATCTTGGGAGGAGAGCTGGTGGGAGGAGCTT,a2cb1b942fbbc722b78e6cdd92bce6927902fc4a770f26c9f6f7edd33a30a43f,0.394219132612641,TACAGGCATGAGCCACCGCGCCCGGCCACGAGTCTGGTTTTAAACCCGTGGAGCTAAAGGTTTCTGGCAAGCAGGGAAAGGACACGACTCATTGACTGAGAAGCAGGAGGCGTCCAACACAAAGGCCTCTTGGGAACCCGCTGGGGTTTGGCAGGCGTCACCTTTCTGCATCTTGGGAGGAGAGCTGGTGGGAGGAGCTT,446cfe94ba1384932b77a5f925e393febf7617be680326fa21b8f7a18f10bbfc,-0.0706313049048404,TACAGGCATGAGCCACCGCGCCCGGCCACGAGTCTGGTTTTAAACCCGTGGAGCTAAAGGTTTCTGGCAAGCAGGGAAAGGACACGACTCATTGACTGATAAGCAGGAGGCGTCCAACACAAAGGCCTCTTGGGAACCCGCTGGGGTTTGGCAGGCGTCACCTTTCTGCATCTTGGGAGGAGAGCTGGTGGGAGGAGCTT,e86adff303c5e21b636240184d269368eb50f76543fbde663a9b6a28d58c0f05,0.208216614201125,-0.1153712135066755,0.171036561291434,-237.5297463643365,-259.0988130476326,-247.9562933766283,-259.1070608906448,10.418299169279635,-1.0,0.1153712135066755,0.0,3,0.20245738192952178,0.18106719778262317,0.1474303780702046,0.19773780574016606,1.0
chr17:78943074:C:T;chr17:78943109:A:G;var1;middle;OL41|K562|2d44b49c15a70ebf,chr17:78943074:C:T;chr17:78943109:A:G;var1;middle;OL41,K562,K562_region_00960,100,135,35,CGAGGGGCCGGTGAGGGCCAGGGGTGGCCATGGGGGCTCCTGCTCAGCATGGCTCTGCTGGGTGAGACTGCAGGCACCTGCCAGATGGGCAGCTGTGGCCTCCAACACACGTCTGTGCCTGGCCCCCTTCCAGGAGTCTTGGCGGATAGCCCTCGGGAGGCGGCAGAGCAGTTGGCCTCTGGGGGTCTGTGTCTCAGACT,cbc27f55236607ebcad0d13a05cbbc3557deea5652b70e99ae2562a9c4905f46,0.0,CGAGGGGCCGGTGAGGGCCAGGGGTGGCCATGGGGGCTCCTGCTCAGCATGGCTCTGCTGGGTGAGACTGCAGGCACCTGCCAGATGGGCAGCTGTGGCTTCCAACACACGTCTGTGCCTGGCCCCCTTCCAGGAGTCTTGGCGGATAGCCCTCGGGAGGCGGCAGAGCAGTTGGCCTCTGGGGGTCTGTGTCTCAGACT,dcc024cc60afc4aabbec49f36f87ed9b9162f63d1179777958a82261d80efcef,0.311824805619474,CGAGGGGCCGGTGAGGGCCAGGGGTGGCCATGGGGGCTCCTGCTCAGCATGGCTCTGCTGGGTGAGACTGCAGGCACCTGCCAGATGGGCAGCTGTGGCCTCCAACACACGTCTGTGCCTGGCCCCCTTCCAGGGGTCTTGGCGGATAGCCCTCGGGAGGCGGCAGAGCAGTTGGCCTCTGGGGGTCTGTGTCTCAGACT,52cad8e3c6661ed5327a1cd5ea4d9c0a72265d0fa9a0b22ea68bdefdbda58002,-0.409528845685475,CGAGGGGCCGGTGAGGGCCAGGGGTGGCCATGGGGGCTCCTGCTCAGCATGGCTCTGCTGGGTGAGACTGCAGGCACCTGCCAGATGGGCAGCTGTGGCTTCCAACACACGTCTGTGCCTGGCCCCCTTCCAGGGGTCTTGGCGGATAGCCCTCGGGAGGCGGCAGAGCAGTTGGCCTCTGGGGGTCTGTGTCTCAGACT,2d44b49c15a70ebf55d65ad84f42af091f828c64d5d8e3364fd5ef8fce5472e7,-0.738711788511746,0.641007748445745,0.476487118006549,-284.314263259992,-284.87641416396946,-261.8159006116912,-262.5369092570618,0.1588577413931489,1.0,0.641007748445745,0.0,2,0.17542577808546922,0.17490732828716207,0.146091925319964,0.21364532724574076,1.0
chr17:78943074:C:T;chr17:78943114:T:C;var1;middle;OL41|K562|eb31856889d2ddd7,chr17:78943074:C:T;chr17:78943114:T:C;var1;middle;OL41,K562,K562_region_00960,100,140,40,CGAGGGGCCGGTGAGGGCCAGGGGTGGCCATGGGGGCTCCTGCTCAGCATGGCTCTGCTGGGTGAGACTGCAGGCACCTGCCAGATGGGCAGCTGTGGCCTCCAACACACGTCTGTGCCTGGCCCCCTTCCAGGAGTCTTGGCGGATAGCCCTCGGGAGGCGGCAGAGCAGTTGGCCTCTGGGGGTCTGTGTCTCAGACT,cbc27f55236607ebcad0d13a05cbbc3557deea5652b70e99ae2562a9c4905f46,0.0,CGAGGGGCCGGTGAGGGCCAGGGGTGGCCATGGGGGCTCCTGCTCAGCATGGCTCTGCTGGGTGAGACTGCAGGCACCTGCCAGATGGGCAGCTGTGGCTTCCAACACACGTCTGTGCCTGGCCCCCTTCCAGGAGTCTTGGCGGATAGCCCTCGGGAGGCGGCAGAGCAGTTGGCCTCTGGGGGTCTGTGTCTCAGACT,dcc024cc60afc4aabbec49f36f87ed9b9162f63d1179777958a82261d80efcef,0.312084813748431,CGAGGGGCCGGTGAGGGCCAGGGGTGGCCATGGGGGCTCCTGCTCAGCATGGCTCTGCTGGGTGAGACTGCAGGCACCTGCCAGATGGGCAGCTGTGGCCTCCAACACACGTCTGTGCCTGGCCCCCTTCCAGGAGTCTCGGCGGATAGCCCTCGGGAGGCGGCAGAGCAGTTGGCCTCTGGGGGTCTGTGTCTCAGACT,7b4e83fdc41eb97bf8f45fd5be6c987812aa3d5a560b5e419b20500fac799952,-0.229106327396203,CGAGGGGCCGGTGAGGGCCAGGGGTGGCCATGGGGGCTCCTGCTCAGCATGGCTCTGCTGGGTGAGACTGCAGGCACCTGCCAGATGGGCAGCTGTGGCTTCCAACACACGTCTGTGCCTGGCCCCCTTCCAGGAGTCTCGGCGGATAGCCCTCGGGAGGCGGCAGAGCAGTTGGCCTCTGGGGGTCTGTGTCTCAGACT,eb31856889d2ddd7d25ae597bf63a8f77970efb36de0fdd642c437e8034a5d5b,0.10249421035222,0.019515723999992,0.373782785883794,-284.314263259992,-284.87641416396946,-295.9363529998809,-302.1541650984436,-5.655661194585264,-1.0,-0.019515723999992,0.0,2,0.1669593684002567,0.17490732828716207,0.146091925319964,0.15875961396371463,1.0
chr17:78943109:A:G;chr17:78943114:T:C;var1;middle;OL41|K562|05b50d5e37a57414,chr17:78943109:A:G;chr17:78943114:T:C;var1;middle;OL41,K562,K562_region_00960,100,105,5,GCTCCTGCTCAGCATGGCTCTGCTGGGTGAGACTGCAGGCACCTGCCAGATGGGCAGCTGTGGCCTCCAACACACGTCTGTGCCTGGCCCCCTTCCAGGAGTCTTGGCGGATAGCCCTCGGGAGGCGGCAGAGCAGTTGGCCTCTGGGGGTCTGTGTCTCAGACTCAGTTACCGGGTGGTCCGGAGCCCACACGTCCCCA,4e874abcb08f944da25c3b6c3d61ca35efab4ab3b58194cf4b3c68c1dfcef031,0.0,GCTCCTGCTCAGCATGGCTCTGCTGGGTGAGACTGCAGGCACCTGCCAGATGGGCAGCTGTGGCCTCCAACACACGTCTGTGCCTGGCCCCCTTCCAGGGGTCTTGGCGGATAGCCCTCGGGAGGCGGCAGAGCAGTTGGCCTCTGGGGGTCTGTGTCTCAGACTCAGTTACCGGGTGGTCCGGAGCCCACACGTCCCCA,881dadd06b452cdd9e7ef85f04d6623ba5f7af42c2e830d1d446354e74490fda,-0.112189782547179,GCTCCTGCTCAGCATGGCTCTGCTGGGTGAGACTGCAGGCACCTGCCAGATGGGCAGCTGTGGCCTCCAACACACGTCTGTGCCTGGCCCCCTTCCAGGAGTCTCGGCGGATAGCCCTCGGGAGGCGGCAGAGCAGTTGGCCTCTGGGGGTCTGTGTCTCAGACTCAGTTACCGGGTGGTCCGGAGCCCACACGTCCCCA,63a7a922fafcd60f40ecdbd12aafe91ccaf8887f05fdbdf5b9e105db389e8fd7,-0.279796442048602,GCTCCTGCTCAGCATGGCTCTGCTGGGTGAGACTGCAGGCACCTGCCAGATGGGCAGCTGTGGCCTCCAACACACGTCTGTGCCTGGCCCCCTTCCAGGGGTCTCGGCGGATAGCCCTCGGGAGGCGGCAGAGCAGTTGGCCTCTGGGGGTCTGTGTCTCAGACTCAGTTACCGGGTGGTCCGGAGCCCACACGTCCCCA,05b50d5e37a57414ea75489a5a9c11bfb45107f5f03b27bf6206198f0c001c3f,-0.286473950789489,-0.1055122738062919,0.376265492547191,-352.77173056360334,-301.89663444133475,-347.77456391835585,-295.29564312985167,-1.603824666235596,1.0,-0.1055122738062919,0.0,2,0.1728591699838842,0.17490732828716207,0.146091925319964,0.16680481991786356,1.0
chr17:78962932:A:G;chr17:78962945:A:G;var1;middle;OL41|K562|0c5003bd91db3535,chr17:78962932:A:G;chr17:78962945:A:G;var1;middle;OL41,K562,K562_region_00961,100,113,13,GCTTACATGCTACAAGAATTCAGAGATATTTCAGATAGATATCGCGGGGAACCTGGGGAGAACCTGCGGGAGTGGATTCGGGGGGGTTGGACCGGGAACACCGAATCGGAACACTAGAGGGGGCTGAAGTCCCTGATATGGGGGCCTTGATCGCTCTGCCGGGTCTGCAGCTGCAGCCACAGCTAAGCGCTCCCTCGCGC,e07b948488b5afa07ddd87d1a8ccd5eabcadc6ca826d233e554dd6b44aabc0f6,0.0,GCTTACATGCTACAAGAATTCAGAGATATTTCAGATAGATATCGCGGGGAACCTGGGGAGAACCTGCGGGAGTGGATTCGGGGGGGTTGGACCGGGAACGCCGAATCGGAACACTAGAGGGGGCTGAAGTCCCTGATATGGGGGCCTTGATCGCTCTGCCGGGTCTGCAGCTGCAGCCACAGCTAAGCGCTCCCTCGCGC,c7d9a53a8b5a9795561acd96518232023109b7bb4065f52068e5e94d706dcf84,0.0897950487394839,GCTTACATGCTACAAGAATTCAGAGATATTTCAGATAGATATCGCGGGGAACCTGGGGAGAACCTGCGGGAGTGGATTCGGGGGGGTTGGACCGGGAACACCGAATCGGAACGCTAGAGGGGGCTGAAGTCCCTGATATGGGGGCCTTGATCGCTCTGCCGGGTCTGCAGCTGCAGCCACAGCTAAGCGCTCCCTCGCGC,ac989b79efc6b8b9b4ec95378c6ab8d95f958b7d0933695c0d1bd878ff5357b7,0.579261526440601,GCTTACATGCTACAAGAATTCAGAGATATTTCAGATAGATATCGCGGGGAACCTGGGGAGAACCTGCGGGAGTGGATTCGGGGGGGTTGGACCGGGAACGCCGAATCGGAACGCTAGAGGGGGCTGAAGTCCCTGATATGGGGGCCTTGATCGCTCTGCCGGGTCTGCAGCTGCAGCCACAGCTAAGCGCTCCCTCGCGC,0c5003bd91db353526ccb5b2fe1f8dbb67e93ca827a6328b24bb335187cc9210,0.762347050079252,-0.093290474899167,0.170830222637584,-393.5825525559485,-396.2986581590958,-402.74801984848455,-400.1547169839032,-5.309408467728645,1.0,-0.093290474899167,0.0,2,0.16746354036572247,0.17490732828716207,0.146091925319964,0.04288192455349435,1.0
chr17:79303772:C:T;chr17:79303786:T:C;var1;middle;OL41|K562|49cfb1cb8f853319,chr17:79303772:C:T;chr17:79303786:T:C;var1;middle;OL41,K562,K562_region_00962,100,114,14,GGGATCCAGTGTCCTCCGCACTGACCCCAGGCTCTGCTCTCCCTGGGAAGCACCCGCTTTGACAGTGGGGCCAAGGACTGGGGTTCCCACCCTCCTCTGCCCAGTGGACTTTGTGGCCCCAGGCAGGTGGCATCAGCTCTCTGGGCCTAAGCTTCTCATCTCTGCAGGGTTCATCAGCTCAACAAGCATTTGTGGGTTCC,18eb0f90e70c8fb2e78c53fd430ffcd207d3b48faf5c59d119607cc7b742e799,0.0,GGGATCCAGTGTCCTCCGCACTGACCCCAGGCTCTGCTCTCCCTGGGAAGCACCCGCTTTGACAGTGGGGCCAAGGACTGGGGTTCCCACCCTCCTCTGTCCAGTGGACTTTGTGGCCCCAGGCAGGTGGCATCAGCTCTCTGGGCCTAAGCTTCTCATCTCTGCAGGGTTCATCAGCTCAACAAGCATTTGTGGGTTCC,1ee161c0cf9fa334f77f5806252298dfb8c9eb9f9c2107e727c8bb4b3961e51c,-0.170169406632735,GGGATCCAGTGTCCTCCGCACTGACCCCAGGCTCTGCTCTCCCTGGGAAGCACCCGCTTTGACAGTGGGGCCAAGGACTGGGGTTCCCACCCTCCTCTGCCCAGTGGACTTTGCGGCCCCAGGCAGGTGGCATCAGCTCTCTGGGCCTAAGCTTCTCATCTCTGCAGGGTTCATCAGCTCAACAAGCATTTGTGGGTTCC,2ce40765e1eaf6bbe27dda7ea22fdf4bf7e0a09427f4305e5fefcc1c0bc533eb,0.0688969658382908,GGGATCCAGTGTCCTCCGCACTGACCCCAGGCTCTGCTCTCCCTGGGAAGCACCCGCTTTGACAGTGGGGCCAAGGACTGGGGTTCCCACCCTCCTCTGTCCAGTGGACTTTGCGGCCCCAGGCAGGTGGCATCAGCTCTCTGGGCCTAAGCTTCTCATCTCTGCAGGGTTCATCAGCTCAACAAGCATTTGTGGGTTCC,49cfb1cb8f853319e9cc1a56e56a0eb5283d63a417e6b2551c5b8bf92de768f4,-0.0637081377867562,0.0375643030076879,0.464261699906164,-210.95473781134933,-227.29091930110008,-211.08929937519133,-221.6315541765653,5.793926688376786,-1.0,-0.0375643030076879,0.0,1,0.18826013168685737,0.18216460459877223,0.1501433469024087,0.165995487358094,1.0
chr17:79303772:C:T;chr17:79303804:A:G;var1;middle;OL41|K562|7049b7795ea38852,chr17:79303772:C:T;chr17:79303804:A:G;var1;middle;OL41,K562,K562_region_00962,100,132,32,GGGATCCAGTGTCCTCCGCACTGACCCCAGGCTCTGCTCTCCCTGGGAAGCACCCGCTTTGACAGTGGGGCCAAGGACTGGGGTTCCCACCCTCCTCTGCCCAGTGGACTTTGTGGCCCCAGGCAGGTGGCATCAGCTCTCTGGGCCTAAGCTTCTCATCTCTGCAGGGTTCATCAGCTCAACAAGCATTTGTGGGTTCC,18eb0f90e70c8fb2e78c53fd430ffcd207d3b48faf5c59d119607cc7b742e799,0.0,GGGATCCAGTGTCCTCCGCACTGACCCCAGGCTCTGCTCTCCCTGGGAAGCACCCGCTTTGACAGTGGGGCCAAGGACTGGGGTTCCCACCCTCCTCTGTCCAGTGGACTTTGTGGCCCCAGGCAGGTGGCATCAGCTCTCTGGGCCTAAGCTTCTCATCTCTGCAGGGTTCATCAGCTCAACAAGCATTTGTGGGTTCC,1ee161c0cf9fa334f77f5806252298dfb8c9eb9f9c2107e727c8bb4b3961e51c,-0.171043272802974,GGGATCCAGTGTCCTCCGCACTGACCCCAGGCTCTGCTCTCCCTGGGAAGCACCCGCTTTGACAGTGGGGCCAAGGACTGGGGTTCCCACCCTCCTCTGCCCAGTGGACTTTGTGGCCCCAGGCAGGTGGCGTCAGCTCTCTGGGCCTAAGCTTCTCATCTCTGCAGGGTTCATCAGCTCAACAAGCATTTGTGGGTTCC,8c7007c87b1f4cb70faa7679f0d555a46a611f2146e69f1b11af77ec2b8e0aaa,-0.190416087678938,GGGATCCAGTGTCCTCCGCACTGACCCCAGGCTCTGCTCTCCCTGGGAAGCACCCGCTTTGACAGTGGGGCCAAGGACTGGGGTTCCCACCCTCCTCTGTCCAGTGGACTTTGTGGCCCCAGGCAGGTGGCGTCAGCTCTCTGGGCCTAAGCTTCTCATCTCTGCAGGGTTCATCAGCTCAACAAGCATTTGTGGGTTCC,7049b7795ea3885245691b717f015e8a2f54bc37f73a5dc3060c65a50b1c5293,0.142184640374311,0.503644000856223,0.512411374235635,-210.95473781134933,-227.29091930110008,-213.2050468842499,-228.24694727081803,1.2942811031826125,-1.0,-0.503644000856223,0.0,1,0.18368201286972127,0.18216460459877223,0.1501433469024087,0.13259969452022863,1.0
chr17:79303786:T:C;chr17:79303804:A:G;var1;middle;OL41|K562|8f0301d37b225051,chr17:79303786:T:C;chr17:79303804:A:G;var1;middle;OL41,K562,K562_region_00962,100,118,18,TCCGCACTGACCCCAGGCTCTGCTCTCCCTGGGAAGCACCCGCTTTGACAGTGGGGCCAAGGACTGGGGTTCCCACCCTCCTCTGCCCAGTGGACTTTGTGGCCCCAGGCAGGTGGCATCAGCTCTCTGGGCCTAAGCTTCTCATCTCTGCAGGGTTCATCAGCTCAACAAGCATTTGTGGGTTCCTGAGACCTGAAGGC,710e1be4f541e0fc9e39d00210ea650cc35ebbe2705b5df1b005c56dde90a94e,0.0,TCCGCACTGACCCCAGGCTCTGCTCTCCCTGGGAAGCACCCGCTTTGACAGTGGGGCCAAGGACTGGGGTTCCCACCCTCCTCTGCCCAGTGGACTTTGCGGCCCCAGGCAGGTGGCATCAGCTCTCTGGGCCTAAGCTTCTCATCTCTGCAGGGTTCATCAGCTCAACAAGCATTTGTGGGTTCCTGAGACCTGAAGGC,62f86e62bf1541b34e038c901badf109033f189fe82268597172db7ec01ed0df,-0.0532510654834916,TCCGCACTGACCCCAGGCTCTGCTCTCCCTGGGAAGCACCCGCTTTGACAGTGGGGCCAAGGACTGGGGTTCCCACCCTCCTCTGCCCAGTGGACTTTGTGGCCCCAGGCAGGTGGCGTCAGCTCTCTGGGCCTAAGCTTCTCATCTCTGCAGGGTTCATCAGCTCAACAAGCATTTGTGGGTTCCTGAGACCTGAAGGC,0e3be8a357d497d9ecfe4c9e9f7e379c50e614cd3d9b2b18d786387dd8cfb027,0.28613732191266,TCCGCACTGACCCCAGGCTCTGCTCTCCCTGGGAAGCACCCGCTTTGACAGTGGGGCCAAGGACTGGGGTTCCCACCCTCCTCTGCCCAGTGGACTTTGCGGCCCCAGGCAGGTGGCGTCAGCTCTCTGGGCCTAAGCTTCTCATCTCTGCAGGGTTCATCAGCTCAACAAGCATTTGTGGGTTCCTGAGACCTGAAGGC,8f0301d37b2250519b78c33ac9108d983be9faf687fea4f3f70ec028a6278b39,2.30946751025419,2.076581253825022,0.399263228168736,-294.64938716054894,-301.77083943528123,-299.17271829082165,-305.40461914555635,0.8895514199975878,-1.0,-2.076581253825022,0.0,1,0.18327022475366614,0.18216460459877223,0.1501433469024087,0.18129906601006066,1.0
chr17:79357397:G:A;chr17:79357486:A:G;var1;middle;OL41|K562|a6b48452f029abad,chr17:79357397:G:A;chr17:79357486:A:G;var1;middle;OL41,K562,K562_region_00963,100,189,89,GAGGGATGGCAGCGCCCACTGCGCCCCTTTCCTCCTCCCCCCACCCCGGGCTCCTCCTCTGATTCCGTTTTGGGGACTCTTTCCTGCCCCTCAGAGTCTGAGGCTTCTAGGCCTGCGCTGTTCATACCTTGACCCCACCCCAGCCCCCATGTTCGCAAGCCTGTGTCCCCTGGAGCCTCTTGTCACAGAGGACCCTCTCC,1ba4b591d6db7f7e274b5c58017938fb413cf6fe58544b2853458d71883ec209,0.0,GAGGGATGGCAGCGCCCACTGCGCCCCTTTCCTCCTCCCCCCACCCCGGGCTCCTCCTCTGATTCCGTTTTGGGGACTCTTTCCTGCCCCTCAGAGTCTAAGGCTTCTAGGCCTGCGCTGTTCATACCTTGACCCCACCCCAGCCCCCATGTTCGCAAGCCTGTGTCCCCTGGAGCCTCTTGTCACAGAGGACCCTCTCC,3e4ed3fb398122b0d35ab955fe32fa35888f8007ed5e3578d30f9aed3b441dc8,-0.102840533267993,GAGGGATGGCAGCGCCCACTGCGCCCCTTTCCTCCTCCCCCCACCCCGGGCTCCTCCTCTGATTCCGTTTTGGGGACTCTTTCCTGCCCCTCAGAGTCTGAGGCTTCTAGGCCTGCGCTGTTCATACCTTGACCCCACCCCAGCCCCCATGTTCGCAAGCCTGTGTCCCCTGGAGCCTCTTGTCACAGGGGACCCTCTCC,97b7e7789d9e9c46751a4b0eea17c55f3870b0c7ff72e4fcd8ace4bdf6e51b59,0.246036816030585,GAGGGATGGCAGCGCCCACTGCGCCCCTTTCCTCCTCCCCCCACCCCGGGCTCCTCCTCTGATTCCGTTTTGGGGACTCTTTCCTGCCCCTCAGAGTCTAAGGCTTCTAGGCCTGCGCTGTTCATACCTTGACCCCACCCCAGCCCCCATGTTCGCAAGCCTGTGTCCCCTGGAGCCTCTTGTCACAGGGGACCCTCTCC,a6b48452f029abadb45836e032aaafede1ae0f13fbd55a4eba73eeb0bffab2d4,-0.434952123530215,0.5781484062928071,0.396179532136236,-345.8257859759033,-347.9933031965047,-312.77562284749,-325.80823543295264,10.86509536486119,1.0,0.5781484062928071,0.0,0,0.19973105656610463,0.18565657667894103,0.15145376406925343,0.24838947859202132,1.0
chr17:79397611:T:G;chr17:79397678:C:T;var1;middle;OL29|K562|9977c90b4fed1f83,chr17:79397611:T:G;chr17:79397678:C:T;var1;middle;OL29,K562,K562_region_00964,100,167,67,ATCTGTGTGTGCTGTGTCCTCCGTGTGCAGGAGCCGATAGTCATGGCAACTCTGGGAGGCTCCCTCGGGCTGGCCTTGGCCACTGGACTTGGGCAGAGGTGGGCACAGCTGAGGGGCCACAGGCAAGCATGCAGGCGGGCCGATGGTCCGGGAGAGCTGGGCTGGGCGGGGCCTGGGGCGCTGGGGGCTCACCATTTCCC,892c89349735dbccc1c748796b7c8d966663b5d92e8f24812f4d793da55cbc8a,0.0,ATCTGTGTGTGCTGTGTCCTCCGTGTGCAGGAGCCGATAGTCATGGCAACTCTGGGAGGCTCCCTCGGGCTGGCCTTGGCCACTGGACTTGGGCAGAGGGGGGCACAGCTGAGGGGCCACAGGCAAGCATGCAGGCGGGCCGATGGTCCGGGAGAGCTGGGCTGGGCGGGGCCTGGGGCGCTGGGGGCTCACCATTTCCC,6cfabe5012849bd75558bb00c0121e247e86459bcdae0344410106d53720aca4,0.151513296742563,ATCTGTGTGTGCTGTGTCCTCCGTGTGCAGGAGCCGATAGTCATGGCAACTCTGGGAGGCTCCCTCGGGCTGGCCTTGGCCACTGGACTTGGGCAGAGGTGGGCACAGCTGAGGGGCCACAGGCAAGCATGCAGGCGGGCCGATGGTCCGGGAGAGCTGGGCTGGGTGGGGCCTGGGGCGCTGGGGGCTCACCATTTCCC,134f11c39298881411e3087a3db4904681dc41e970a882c5d59b52e4e8a710c6,-1.84069483192463,ATCTGTGTGTGCTGTGTCCTCCGTGTGCAGGAGCCGATAGTCATGGCAACTCTGGGAGGCTCCCTCGGGCTGGCCTTGGCCACTGGACTTGGGCAGAGGGGGGCACAGCTGAGGGGCCACAGGCAAGCATGCAGGCGGGCCGATGGTCCGGGAGAGCTGGGCTGGGTGGGGCCTGGGGCGCTGGGGGCTCACCATTTCCC,9977c90b4fed1f83d307caed3624b860437338c0e936f9812eaa504db55c4eb7,-1.69417183584184,-0.0049903006597731,0.169060274263897,-232.08276971057057,-245.10305647552013,-228.3226423561573,-232.76606018841267,8.576868932694197,-1.0,0.0049903006597731,0.0,0,0.19679208507251572,0.18565657667894103,0.15145376406925343,0.3306006162000854,1.0
chr17:79397771:C:T;chr17:79397803:A:G;var1;middle;OL29|K562|549d9e70b5031274,chr17:79397771:C:T;chr17:79397803:A:G;var1;middle;OL29,K562,K562_region_00964,100,132,32,GCTGGGCGGGGCCTGGGGCGCTGGGGGCTCACCATTTCCCACACTCAGGCTGCCAGGAGAAGTGCGGGGTATCCTGGCGGTGCCCAGGAAGGAGCCTCTCGCGGCCTCCACCTGACCCAGAGGTGAGCGCCATCCGCAGCTCTGTGCCAGCCCAGTCGGGGCCCAGCCCCAGGAATCCTGAAGGGATTTTAGAAGCAGAT,774be1101d9341da679de092078468af42658112f055c087b96e37fa9cf4192b,0.0,GCTGGGCGGGGCCTGGGGCGCTGGGGGCTCACCATTTCCCACACTCAGGCTGCCAGGAGAAGTGCGGGGTATCCTGGCGGTGCCCAGGAAGGAGCCTCTTGCGGCCTCCACCTGACCCAGAGGTGAGCGCCATCCGCAGCTCTGTGCCAGCCCAGTCGGGGCCCAGCCCCAGGAATCCTGAAGGGATTTTAGAAGCAGAT,681293155289b4bbb9e2c204115bc335e6302c170968517d079b7c561033fa70,-0.159653897729557,GCTGGGCGGGGCCTGGGGCGCTGGGGGCTCACCATTTCCCACACTCAGGCTGCCAGGAGAAGTGCGGGGTATCCTGGCGGTGCCCAGGAAGGAGCCTCTCGCGGCCTCCACCTGACCCAGAGGTGAGCGCCGTCCGCAGCTCTGTGCCAGCCCAGTCGGGGCCCAGCCCCAGGAATCCTGAAGGGATTTTAGAAGCAGAT,5fe034eb324cbe59e1449a7010deba77dbd4cdb2f218c164025d4caa97b97efd,0.127111111378602,GCTGGGCGGGGCCTGGGGCGCTGGGGGCTCACCATTTCCCACACTCAGGCTGCCAGGAGAAGTGCGGGGTATCCTGGCGGTGCCCAGGAAGGAGCCTCTTGCGGCCTCCACCTGACCCAGAGGTGAGCGCCGTCCGCAGCTCTGTGCCAGCCCAGTCGGGGCCCAGCCCCAGGAATCCTGAAGGGATTTTAGAAGCAGAT,549d9e70b50312742531a0ef0aed05d2a93c554ef16f1281e9cdeaf984bcda76,-0.101380983406179,-0.068838197055224,0.124637967619263,-238.03421824797988,-235.8266047239304,-246.16422186419368,-248.06912529841065,-4.112516958266497,-1.0,0.068838197055224,0.0,0,0.1804939849892276,0.18565657667894103,0.15145376406925343,0.2298175153158515,1.0
chr17:79992138:T:C;chr17:79992140:T:C;var1;middle;OL29|K562|82a1e77b2b96f268,chr17:79992138:T:C;chr17:79992140:T:C;var1;middle;OL29,K562,K562_region_00965,100,102,2,CAGCCCCTTCTCATTTTATACAATAAACATTCTCCACCTACACCTCTTGCCTCTCACTACCTGCCCTTCTGTCCTGGGGCGGTTTGCTCCTAATTCCCCTCTGTGATGGTGCAGAGCGGGTCCATCACACCCCAGCCGACCCCAGCCGCACTTCAGAGCTGAGTTCCCAAAGGCAGCACTAAGCTTCCTCCACCCTACCC,08b5395efe9a8b19903bfe9d1dbd9b7b2fd93ace3dff4dfe0a54399ed8707315,0.0,CAGCCCCTTCTCATTTTATACAATAAACATTCTCCACCTACACCTCTTGCCTCTCACTACCTGCCCTTCTGTCCTGGGGCGGTTTGCTCCTAATTCCCCCCTGTGATGGTGCAGAGCGGGTCCATCACACCCCAGCCGACCCCAGCCGCACTTCAGAGCTGAGTTCCCAAAGGCAGCACTAAGCTTCCTCCACCCTACCC,9f9b6f6c4c725b04b1b968b338fa8446fa17e85b0d73fc3097fab9d77e82a7a5,0.0579944778300571,CAGCCCCTTCTCATTTTATACAATAAACATTCTCCACCTACACCTCTTGCCTCTCACTACCTGCCCTTCTGTCCTGGGGCGGTTTGCTCCTAATTCCCCTCCGTGATGGTGCAGAGCGGGTCCATCACACCCCAGCCGACCCCAGCCGCACTTCAGAGCTGAGTTCCCAAAGGCAGCACTAAGCTTCCTCCACCCTACCC,2113c40d96bcbefe470c8654b34ba3a25b31b027c82807240c9e1b0a491fb9c1,-0.199692575622552,CAGCCCCTTCTCATTTTATACAATAAACATTCTCCACCTACACCTCTTGCCTCTCACTACCTGCCCTTCTGTCCTGGGGCGGTTTGCTCCTAATTCCCCCCCGTGATGGTGCAGAGCGGGTCCATCACACCCCAGCCGACCCCAGCCGCACTTCAGAGCTGAGTTCCCAAAGGCAGCACTAAGCTTCCTCCACCCTACCC,82a1e77b2b96f26887adb0cf7e212185846ab16410cfd5d23e268f8f17a4d4e5,-0.312193381227874,0.1704952834353791,0.275014500882521,-409.47596368798986,-407.8119075291325,-421.0430297279963,-412.815966211725,-6.5630073574138805,1.0,0.1704952834353791,0.0,1,0.17568769432350384,0.18216460459877223,0.1501433469024087,0.47105138669756846,1.0
chr17:79993388:C:T;chr17:79993408:A:G;var1;middle;OL41|K562|71672a191f9aca72,chr17:79993388:C:T;chr17:79993408:A:G;var1;middle;OL41,K562,K562_region_00966,100,120,20,TGTGTCTATGCTCATTACATTGTGAATAGCACAAGTTGAGGAAACGCTCTTCTAGTTTCCGAAAACCATCATCTGATTCAACAAAGTGGCTCAGATCACCGACGAAGTGGAGAAGCTTGACGTTCTCCTTGTTTCCCTTTTGTCTTACTCATTAGCTTGAAGGAAGAGGAGCCAACTGTACACTCACAGAGGGGGCCATC,ad3d15c96c93841e69063f86de9b1eefbefd5fcf13add90db70ef0afc5a737f1,0.0,TGTGTCTATGCTCATTACATTGTGAATAGCACAAGTTGAGGAAACGCTCTTCTAGTTTCCGAAAACCATCATCTGATTCAACAAAGTGGCTCAGATCACTGACGAAGTGGAGAAGCTTGACGTTCTCCTTGTTTCCCTTTTGTCTTACTCATTAGCTTGAAGGAAGAGGAGCCAACTGTACACTCACAGAGGGGGCCATC,e46fa5bacdb2f7c7929873272f39f7cfb6b06bd2de0adf625f7f9a9a0129267f,0.309688749622836,TGTGTCTATGCTCATTACATTGTGAATAGCACAAGTTGAGGAAACGCTCTTCTAGTTTCCGAAAACCATCATCTGATTCAACAAAGTGGCTCAGATCACCGACGAAGTGGAGAAGCTTGGCGTTCTCCTTGTTTCCCTTTTGTCTTACTCATTAGCTTGAAGGAAGAGGAGCCAACTGTACACTCACAGAGGGGGCCATC,513870acc8f3766f9a829aae6a4cbdd67d996118c4b34fa1cbfcaf786d3df3f7,-0.33109345869606,TGTGTCTATGCTCATTACATTGTGAATAGCACAAGTTGAGGAAACGCTCTTCTAGTTTCCGAAAACCATCATCTGATTCAACAAAGTGGCTCAGATCACTGACGAAGTGGAGAAGCTTGGCGTTCTCCTTGTTTCCCTTTTGTCTTACTCATTAGCTTGAAGGAAGAGGAGCCAACTGTACACTCACAGAGGGGGCCATC,71672a191f9aca72b9a7b325667f646b7748f88f1703900b210eb5afa8304392,-0.108774872452636,-0.087370163379412,0.248375339114666,-371.9223228795454,-366.1951225334778,-374.4433442056179,-364.6573806917295,4.058763167820871,-1.0,0.087370163379412,0.0,0,0.19098908242325105,0.18565657667894103,0.15145376406925343,0.08834296349640469,1.0
chr17:79993388:C:T;chr17:79993412:T:C;var1;middle;OL41|K562|5c870f3d4fb97e8a,chr17:79993388:C:T;chr17:79993412:T:C;var1;middle;OL41,K562,K562_region_00966,100,124,24,TGTGTCTATGCTCATTACATTGTGAATAGCACAAGTTGAGGAAACGCTCTTCTAGTTTCCGAAAACCATCATCTGATTCAACAAAGTGGCTCAGATCACCGACGAAGTGGAGAAGCTTGACGTTCTCCTTGTTTCCCTTTTGTCTTACTCATTAGCTTGAAGGAAGAGGAGCCAACTGTACACTCACAGAGGGGGCCATC,ad3d15c96c93841e69063f86de9b1eefbefd5fcf13add90db70ef0afc5a737f1,0.0,TGTGTCTATGCTCATTACATTGTGAATAGCACAAGTTGAGGAAACGCTCTTCTAGTTTCCGAAAACCATCATCTGATTCAACAAAGTGGCTCAGATCACTGACGAAGTGGAGAAGCTTGACGTTCTCCTTGTTTCCCTTTTGTCTTACTCATTAGCTTGAAGGAAGAGGAGCCAACTGTACACTCACAGAGGGGGCCATC,e46fa5bacdb2f7c7929873272f39f7cfb6b06bd2de0adf625f7f9a9a0129267f,0.309833259253493,TGTGTCTATGCTCATTACATTGTGAATAGCACAAGTTGAGGAAACGCTCTTCTAGTTTCCGAAAACCATCATCTGATTCAACAAAGTGGCTCAGATCACCGACGAAGTGGAGAAGCTTGACGTCCTCCTTGTTTCCCTTTTGTCTTACTCATTAGCTTGAAGGAAGAGGAGCCAACTGTACACTCACAGAGGGGGCCATC,a6450928baaeb5534deabba86ed92d235632c0d08749c0c3a5fb90e27dea5311,0.0005047100868898,TGTGTCTATGCTCATTACATTGTGAATAGCACAAGTTGAGGAAACGCTCTTCTAGTTTCCGAAAACCATCATCTGATTCAACAAAGTGGCTCAGATCACTGACGAAGTGGAGAAGCTTGACGTCCTCCTTGTTTCCCTTTTGTCTTACTCATTAGCTTGAAGGAAGAGGAGCCAACTGTACACTCACAGAGGGGGCCATC,5c870f3d4fb97e8a47998666e171c8c9bef5bb743264e9b3d32908a3f3541f49,0.571382845479489,-0.2610448761391062,0.201355818360181,-371.9223228795454,-366.1951225334778,-375.48190775560215,-370.5438001686707,0.7890927591361105,1.0,-0.2610448761391062,0.0,0,0.18678955566773875,0.18565657667894103,0.15145376406925343,0.0240622904613908,1.0
chr17:8009331:A:C;chr17:8009337:G:T;var1;middle;OL41|K562|9e2b2b1852bcf9e7,chr17:8009331:A:C;chr17:8009337:G:T;var1;middle;OL41,K562,K562_region_00864,100,106,6,CAAAAAAAAAAAAAAAAAAAAAAAGCCAGAGTAGGAAGGCACGGGGTATTAACAGGGTGAGGGAACAGGGAGGGGACCTAATTGGAGGTGAGGCTGCAGAGGCATGCAGGGCCATGTGGTTTCTGGGCAGTATTTCAGAGGATTAGCAGGGTGGTGGCCCTGCAGGCTTGGCGGGCAAGCAGCGAGAGGCTGGGAGAGGT,662d7e3b9e513e266ee193978f0cceaf383dc1e2217bc5741d8d4b50680ab32e,0.0,CAAAAAAAAAAAAAAAAAAAAAAAGCCAGAGTAGGAAGGCACGGGGTATTAACAGGGTGAGGGAACAGGGAGGGGACCTAATTGGAGGTGAGGCTGCAGCGGCATGCAGGGCCATGTGGTTTCTGGGCAGTATTTCAGAGGATTAGCAGGGTGGTGGCCCTGCAGGCTTGGCGGGCAAGCAGCGAGAGGCTGGGAGAGGT,89e4b0a8b252183d47116363b1fde4789726ca3695640e586c0115171a47e7b8,0.464880417868818,CAAAAAAAAAAAAAAAAAAAAAAAGCCAGAGTAGGAAGGCACGGGGTATTAACAGGGTGAGGGAACAGGGAGGGGACCTAATTGGAGGTGAGGCTGCAGAGGCATTCAGGGCCATGTGGTTTCTGGGCAGTATTTCAGAGGATTAGCAGGGTGGTGGCCCTGCAGGCTTGGCGGGCAAGCAGCGAGAGGCTGGGAGAGGT,bd439a3470627f98ca0411316a1fc10af13a3d1625287d02bffd90ec666e40bc,0.458036990862013,CAAAAAAAAAAAAAAAAAAAAAAAGCCAGAGTAGGAAGGCACGGGGTATTAACAGGGTGAGGGAACAGGGAGGGGACCTAATTGGAGGTGAGGCTGCAGCGGCATTCAGGGCCATGTGGTTTCTGGGCAGTATTTCAGAGGATTAGCAGGGTGGTGGCCCTGCAGGCTTGGCGGGCAAGCAGCGAGAGGCTGGGAGAGGT,9e2b2b1852bcf9e7fadeb924212ff201cd225bc94f27b3f08b9994706903efd0,0.598828241987131,0.3240891667436999,0.379140258911097,-255.9620113057317,-269.750934808515,-221.5194569909945,-252.41505087492988,17.106670381152043,1.0,0.3240891667436999,0.0,3,0.21592900165274337,0.18106719778262317,0.1474303780702046,0.11224337708006253,1.0
chr17:80191348:C:T;chr17:80191425:C:A;var1;middle;OL29|K562|85cbe0808ac4bf76,chr17:80191348:C:T;chr17:80191425:C:A;var1;middle;OL29,K562,K562_region_00967,100,177,77,TCAGGTCTCAGAACATGCTGTGCTCTCCTGGTCAGTGAGTCCTGGCACTGCCCCAACCCTCTGCCAGCCCTCCTTGACACTAATTCAGGGGCGCCGCGTCTCCTGAGGGTGGCCACTGTCCCCTGCCTCCCCACACGCCCTCGTCTGTCTCCTGAGGACCCTGGCGGGCTTCAAACCCTGGGTCTGCCTGCGTCTCCCAC,18f78a8d9300bc0dc254feed8ffb45d4d040d21fe1ac1c69e48ec05aebf14e54,0.0,TCAGGTCTCAGAACATGCTGTGCTCTCCTGGTCAGTGAGTCCTGGCACTGCCCCAACCCTCTGCCAGCCCTCCTTGACACTAATTCAGGGGCGCCGCGTTTCCTGAGGGTGGCCACTGTCCCCTGCCTCCCCACACGCCCTCGTCTGTCTCCTGAGGACCCTGGCGGGCTTCAAACCCTGGGTCTGCCTGCGTCTCCCAC,5a22447a60240c5e5b3ee172525abdca1b7ef9c6ccd7a8974039fe5a76e1ad60,0.0571468083114109,TCAGGTCTCAGAACATGCTGTGCTCTCCTGGTCAGTGAGTCCTGGCACTGCCCCAACCCTCTGCCAGCCCTCCTTGACACTAATTCAGGGGCGCCGCGTCTCCTGAGGGTGGCCACTGTCCCCTGCCTCCCCACACGCCCTCGTCTGTCTCCTGAGGACCCTGGCGGGCTTCAAACACTGGGTCTGCCTGCGTCTCCCAC,e3d9614c7bf4471467e6aabdb23e99a5a8cc77de302967a9b0c8da416dd66fdd,-0.116774607581548,TCAGGTCTCAGAACATGCTGTGCTCTCCTGGTCAGTGAGTCCTGGCACTGCCCCAACCCTCTGCCAGCCCTCCTTGACACTAATTCAGGGGCGCCGCGTTTCCTGAGGGTGGCCACTGTCCCCTGCCTCCCCACACGCCCTCGTCTGTCTCCTGAGGACCCTGGCGGGCTTCAAACACTGGGTCTGCCTGCGTCTCCCAC,85cbe0808ac4bf76a9dada5ee48e3b078e3ddca3df82657b3aa75303d42b7659,-0.0570679823362142,0.0025598169339229,0.224837684821762,-234.5470180362463,-235.8381266258657,-236.7231350801885,-237.02341202273965,0.9908316470682621,-1.0,-0.0025598169339229,0.0,4,0.1774273742354238,0.17620727786206916,0.145609630836647,0.36705393325431224,1.0
chr17:80341546:A:G;chr17:80341588:G:A;var1;middle;OL41|K562|40980ce825786bb6,chr17:80341546:A:G;chr17:80341588:G:A;var1;middle;OL41,K562,K562_region_00968,100,142,42,AGCACAGCTGCCTCCCTTCTGCTGCCGGGGCCTGGCCGAGGGATCGCTGCCGCTGCTAAGGGGTGGCTGTCTGGGTCCAGCGCTGGGTGGGCAGTCGCTAAAGAAGTTGCTGTGAATGCTGCTGCCTCAGCCTCTGCTTTCGTTTGCCCTGGGTAGAACCCAGGGGCGGAATCACTGGGCAGGTGGAAGCTGTCTCGCTG,b26fbbdd66fd316e1febe42e7aedfd2c5d4bebca59373b19f4ff2be5127b34bb,0.0,AGCACAGCTGCCTCCCTTCTGCTGCCGGGGCCTGGCCGAGGGATCGCTGCCGCTGCTAAGGGGTGGCTGTCTGGGTCCAGCGCTGGGTGGGCAGTCGCTGAAGAAGTTGCTGTGAATGCTGCTGCCTCAGCCTCTGCTTTCGTTTGCCCTGGGTAGAACCCAGGGGCGGAATCACTGGGCAGGTGGAAGCTGTCTCGCTG,94de64fbc54b14747627cb71be24fe2f1683cdadc5f79a583885646a86e59cfe,-0.371612491194256,AGCACAGCTGCCTCCCTTCTGCTGCCGGGGCCTGGCCGAGGGATCGCTGCCGCTGCTAAGGGGTGGCTGTCTGGGTCCAGCGCTGGGTGGGCAGTCGCTAAAGAAGTTGCTGTGAATGCTGCTGCCTCAGCCTCTGCTTTCATTTGCCCTGGGTAGAACCCAGGGGCGGAATCACTGGGCAGGTGGAAGCTGTCTCGCTG,68451a10e34c9f33646f146752b05288fe1b730d10d2404aad2ce626b6dada7c,-0.419781455567882,AGCACAGCTGCCTCCCTTCTGCTGCCGGGGCCTGGCCGAGGGATCGCTGCCGCTGCTAAGGGGTGGCTGTCTGGGTCCAGCGCTGGGTGGGCAGTCGCTGAAGAAGTTGCTGTGAATGCTGCTGCCTCAGCCTCTGCTTTCATTTGCCCTGGGTAGAACCCAGGGGCGGAATCACTGGGCAGGTGGAAGCTGTCTCGCTG,40980ce825786bb69487aee8db15e488b8b79e44f23510b40e40be6e3e9d99ce,-0.328874455702712,0.462519491059426,0.265027518621599,-285.6918100502808,-286.5147408276098,-283.4665523490403,-283.3688208658714,0.9206622604978634,-1.0,-0.462519491059426,0.0,3,0.1833273802218979,0.18106719778262317,0.1474303780702046,0.07298874420554954,1.0
chr17:80385765:G:T;chr17:80385793:A:G;var1;middle;OL41|K562|9e17e97fc0c0f0e5,chr17:80385765:G:T;chr17:80385793:A:G;var1;middle;OL41,K562,K562_region_00969,100,128,28,AAATTCATAAATGACAGCTCATGTAAAGCTTGTGAAAAACGAAGAGGTCGACCCGGGGCAGTCAGCCCTTCCCAGGATGTGGCCCTTCTGCAGAGGACGGGCGCCCCAGGATTGTTTCAGGTTGAGGACCCTGTGGTGGACCTGCCCTCGGGCAGCTGCTGACCCGGCTCTGGATGGAGTGTGGCACCTTCTGTAGCATT,3bea6db6b6649306a2a3da8495b6bfb7e21e332fee018833bb56ab2a24ce2530,0.0,AAATTCATAAATGACAGCTCATGTAAAGCTTGTGAAAAACGAAGAGGTCGACCCGGGGCAGTCAGCCCTTCCCAGGATGTGGCCCTTCTGCAGAGGACGTGCGCCCCAGGATTGTTTCAGGTTGAGGACCCTGTGGTGGACCTGCCCTCGGGCAGCTGCTGACCCGGCTCTGGATGGAGTGTGGCACCTTCTGTAGCATT,b4e54655329d9ae9f13e3eca6bf8f2b5cfc2d87a7ce576d9fc4aa804e90f25af,1.32342349515926,AAATTCATAAATGACAGCTCATGTAAAGCTTGTGAAAAACGAAGAGGTCGACCCGGGGCAGTCAGCCCTTCCCAGGATGTGGCCCTTCTGCAGAGGACGGGCGCCCCAGGATTGTTTCAGGTTGAGGGCCCTGTGGTGGACCTGCCCTCGGGCAGCTGCTGACCCGGCTCTGGATGGAGTGTGGCACCTTCTGTAGCATT,d4d59109fa6403591f23443a451510c9c6fe48761177e4223e2e38d257f42620,0.593239024477114,AAATTCATAAATGACAGCTCATGTAAAGCTTGTGAAAAACGAAGAGGTCGACCCGGGGCAGTCAGCCCTTCCCAGGATGTGGCCCTTCTGCAGAGGACGTGCGCCCCAGGATTGTTTCAGGTTGAGGGCCCTGTGGTGGACCTGCCCTCGGGCAGCTGCTGACCCGGCTCTGGATGGAGTGTGGCACCTTCTGTAGCATT,9e17e97fc0c0f0e599ba0133f3b0ae2d73158217e4f48ae92207132708ab6e8a,0.256978318936229,1.6596842007001449,0.292882489747473,-364.77576979016885,-369.9762754156254,-361.7218609075062,-363.9008258667309,-3.0215406662318856,1.0,1.6596842007001449,0.0,2,0.1707948608629733,0.17490732828716207,0.146091925319964,0.30897751891904585,1.0
chr17:81007101:C:T;chr17:81007175:T:C;var1;middle;OL41|K562|d0a10cce0b54c2b3,chr17:81007101:C:T;chr17:81007175:T:C;var1;middle;OL41,K562,K562_region_00970,100,174,74,TCCTGTAGTCCCAGCTACTCGGGAAGCTGAGGCGGGAGAATGGCGTGAACCCGGGAGGCGGAGCTTGCAGTGAGCTGAGATTGCACCACTGCACTCCAGCCTGGGTGACAGAGCAAGACTCTGTCTCAAAAAAACAAAACAAAACAAAACAAAAAAACTGAAAGGCATCAAATTGTTCCCAACTCAATGGTAAATCATGA,fc4cd958f2c0f9258d7c2df529f6c932e3df7573b74db30b9d3481ed79b2ec5c,0.0,TCCTGTAGTCCCAGCTACTCGGGAAGCTGAGGCGGGAGAATGGCGTGAACCCGGGAGGCGGAGCTTGCAGTGAGCTGAGATTGCACCACTGCACTCCAGTCTGGGTGACAGAGCAAGACTCTGTCTCAAAAAAACAAAACAAAACAAAACAAAAAAACTGAAAGGCATCAAATTGTTCCCAACTCAATGGTAAATCATGA,adbb105e16617b23a24d2b9e6557d77e12bda46407906edcec23d22d28392fab,-0.262429042660871,TCCTGTAGTCCCAGCTACTCGGGAAGCTGAGGCGGGAGAATGGCGTGAACCCGGGAGGCGGAGCTTGCAGTGAGCTGAGATTGCACCACTGCACTCCAGCCTGGGTGACAGAGCAAGACTCTGTCTCAAAAAAACAAAACAAAACAAAACAAAAAAACTGAAAGGCATCAAATCGTTCCCAACTCAATGGTAAATCATGA,69e25fc907117f5d1d0ad7a611bcced63519cfab3d9989fbced7fecaae91bd2a,0.685773498341143,TCCTGTAGTCCCAGCTACTCGGGAAGCTGAGGCGGGAGAATGGCGTGAACCCGGGAGGCGGAGCTTGCAGTGAGCTGAGATTGCACCACTGCACTCCAGTCTGGGTGACAGAGCAAGACTCTGTCTCAAAAAAACAAAACAAAACAAAACAAAAAAACTGAAAGGCATCAAATCGTTCCCAACTCAATGGTAAATCATGA,d0a10cce0b54c2b32e596b25577811d65f5fa051850e1c3668b3b6cf14036579,0.690368041747763,0.267023586067491,0.583948808413496,-119.65270650375167,-123.47868064977229,-120.3030365469167,-124.78800159331875,-0.6589909003814398,-1.0,-0.267023586067491,0.0,2,0.17423492433849572,0.17490732828716207,0.146091925319964,0.34700968911489677,1.0
chr17:8121622:G:T;chr17:8121669:G:A;var1;middle;OL41|K562|6ce557346db97529,chr17:8121622:G:T;chr17:8121669:G:A;var1;middle;OL41,K562,K562_region_00865,100,147,47,TAAGGTTAAATGAGGTCATTTGAGTGGAATCCTAATCCTACAGGGCTGGCATCCTTAGGAGAAGAGGGAGAGACTCCAGAGTTCTCTCTTTCCCTGTCGGCACAGAGGAAAGGCCATGTGAGGACACTGCAAGAAGGCGGCATGTAGAAGCCGGCAAGAGAGGCCTCAGCAGACACCAACCCTGATAACATCTTGATCTT,dd918b68532d4b8a1a02403d895d07338a18782e0a48cfc2507e63170c69a528,0.0,TAAGGTTAAATGAGGTCATTTGAGTGGAATCCTAATCCTACAGGGCTGGCATCCTTAGGAGAAGAGGGAGAGACTCCAGAGTTCTCTCTTTCCCTGTCGTCACAGAGGAAAGGCCATGTGAGGACACTGCAAGAAGGCGGCATGTAGAAGCCGGCAAGAGAGGCCTCAGCAGACACCAACCCTGATAACATCTTGATCTT,38d7853858a8cf4e2875779d5fc8c1178a8252200587709a60afa57444603de3,-0.0357585049131723,TAAGGTTAAATGAGGTCATTTGAGTGGAATCCTAATCCTACAGGGCTGGCATCCTTAGGAGAAGAGGGAGAGACTCCAGAGTTCTCTCTTTCCCTGTCGGCACAGAGGAAAGGCCATGTGAGGACACTGCAAGAAGGCGGCATGTAAAAGCCGGCAAGAGAGGCCTCAGCAGACACCAACCCTGATAACATCTTGATCTT,abb24fae1625361d529369308d26f83ad7c4b0d4ae1dd6360d4c758798565491,0.0715547277527107,TAAGGTTAAATGAGGTCATTTGAGTGGAATCCTAATCCTACAGGGCTGGCATCCTTAGGAGAAGAGGGAGAGACTCCAGAGTTCTCTCTTTCCCTGTCGTCACAGAGGAAAGGCCATGTGAGGACACTGCAAGAAGGCGGCATGTAAAAGCCGGCAAGAGAGGCCTCAGCAGACACCAACCCTGATAACATCTTGATCTT,6ce557346db97529158b26675f433c15eb1261b735fa5791e27212a32022995f,0.189978228775584,0.1541820059360456,0.228924062185803,-262.31863967934623,-251.84403905970976,-283.122656439431,-272.78658496262506,-0.13852914283052087,-1.0,-0.1541820059360456,0.0,4,0.1760276316900997,0.17620727786206916,0.145609630836647,0.19172250557793138,1.0
chr17:812491:T:C;chr17:812533:G:T;var1;middle;OL41|K562|b4eb46b30ab41b50,chr17:812491:T:C;chr17:812533:G:T;var1;middle;OL41,K562,K562_region_00834,100,142,42,AGTCAAACGAGAGGAACACATCTCAAAATCTTCTTTTAAGTGACAGAATAATGAAGATTAAACAAGAAACATCTTGGGTTTTGTTTTTCACTTTTAATCTCATAAAACATTGCAAAATCTGAAATTACAAACACTTATAAAGCTAAACATTACACAACCAGTGCTCGGCATGAAACAGAGAGATTTTATATTTATTCTTC,66e0d6233ed0f1c19932f21dc56f9062dd114113ae0f4517ed866f0e9f4293ad,0.0,AGTCAAACGAGAGGAACACATCTCAAAATCTTCTTTTAAGTGACAGAATAATGAAGATTAAACAAGAAACATCTTGGGTTTTGTTTTTCACTTTTAATCCCATAAAACATTGCAAAATCTGAAATTACAAACACTTATAAAGCTAAACATTACACAACCAGTGCTCGGCATGAAACAGAGAGATTTTATATTTATTCTTC,bcc008ac84c74ab1098a2ba70d33fa2cdd344bf2014e4a005e7e3e755dde3a19,-0.531535774078737,AGTCAAACGAGAGGAACACATCTCAAAATCTTCTTTTAAGTGACAGAATAATGAAGATTAAACAAGAAACATCTTGGGTTTTGTTTTTCACTTTTAATCTCATAAAACATTGCAAAATCTGAAATTACAAACACTTATAAATCTAAACATTACACAACCAGTGCTCGGCATGAAACAGAGAGATTTTATATTTATTCTTC,520fb04a36f05857339e4074471f4543246ed479835d7cd853ade6664ed7fb16,0.110127383069196,AGTCAAACGAGAGGAACACATCTCAAAATCTTCTTTTAAGTGACAGAATAATGAAGATTAAACAAGAAACATCTTGGGTTTTGTTTTTCACTTTTAATCCCATAAAACATTGCAAAATCTGAAATTACAAACACTTATAAATCTAAACATTACACAACCAGTGCTCGGCATGAAACAGAGAGATTTTATATTTATTCTTC,b4eb46b30ab41b5075fa2e8181fdc4e13351a7727067952ed1859123850c8cc4,-0.202837547242462,0.2185708437670789,0.642073652347245,-246.7154462561012,-255.5803346633911,-242.3115241676569,-246.48340739309788,4.693005181848946,-1.0,-0.2185708437670789,0.0,3,0.19092557830214496,0.18106719778262317,0.1474303780702046,0.25440934460865716,1.0
chr17:812491:T:C;chr17:812534:C:T;var1;middle;OL41|K562|1b01caf1e0d16e54,chr17:812491:T:C;chr17:812534:C:T;var1;middle;OL41,K562,K562_region_00834,100,143,43,AGTCAAACGAGAGGAACACATCTCAAAATCTTCTTTTAAGTGACAGAATAATGAAGATTAAACAAGAAACATCTTGGGTTTTGTTTTTCACTTTTAATCTCATAAAACATTGCAAAATCTGAAATTACAAACACTTATAAAGCTAAACATTACACAACCAGTGCTCGGCATGAAACAGAGAGATTTTATATTTATTCTTC,66e0d6233ed0f1c19932f21dc56f9062dd114113ae0f4517ed866f0e9f4293ad,0.0,AGTCAAACGAGAGGAACACATCTCAAAATCTTCTTTTAAGTGACAGAATAATGAAGATTAAACAAGAAACATCTTGGGTTTTGTTTTTCACTTTTAATCCCATAAAACATTGCAAAATCTGAAATTACAAACACTTATAAAGCTAAACATTACACAACCAGTGCTCGGCATGAAACAGAGAGATTTTATATTTATTCTTC,bcc008ac84c74ab1098a2ba70d33fa2cdd344bf2014e4a005e7e3e755dde3a19,-0.5316919080482,AGTCAAACGAGAGGAACACATCTCAAAATCTTCTTTTAAGTGACAGAATAATGAAGATTAAACAAGAAACATCTTGGGTTTTGTTTTTCACTTTTAATCTCATAAAACATTGCAAAATCTGAAATTACAAACACTTATAAAGTTAAACATTACACAACCAGTGCTCGGCATGAAACAGAGAGATTTTATATTTATTCTTC,1465cb6928651f82eee3cb840d93f87dafb9274f6c6583696899471a964b3607,-0.0266851659186718,AGTCAAACGAGAGGAACACATCTCAAAATCTTCTTTTAAGTGACAGAATAATGAAGATTAAACAAGAAACATCTTGGGTTTTGTTTTTCACTTTTAATCCCATAAAACATTGCAAAATCTGAAATTACAAACACTTATAAAGTTAAACATTACACAACCAGTGCTCGGCATGAAACAGAGAGATTTTATATTTATTCTTC,1b01caf1e0d16e54049e60d47512dec4adb23aa19d17cc9543302f194c65fd21,-0.134509800093196,0.4238672738736757,0.67374741318634,-246.7154462561012,-255.5803346633911,-238.88918824493885,-241.1836357563734,6.57044089585537,-1.0,-0.4238672738736757,0.0,3,0.19470708192876693,0.18106719778262317,0.1474303780702046,0.2595618974495748,1.0
chr17:8785087:A:C;chr17:8785092:C:T;var1;middle;OL28|K562|f6e550dd0ec9ef0a,chr17:8785087:A:C;chr17:8785092:C:T;var1;middle;OL28,K562,K562_region_00866,100,105,5,CCACTTCTGTCAGGTTTAGCGTCAGGGCCTCCATGCTGGAATCTGAGGGGCAAGGACACTCAGGCCAGGCTCAGAGCACCTCCCTACTGCACACCCCACACTGACCACCCCACTCACCCAGCTCCTCCTGCTTCCGGCAGGCCTTGTTGAGGTTCACGGAGGTACAGACCTTCTCCAGGTTGCTCCAGCGACTTCGTCCA,dfb6ed15c6038126cec79a90bd40ee94ec95667ff49c67f6ba646a8e91a92c27,0.0,CCACTTCTGTCAGGTTTAGCGTCAGGGCCTCCATGCTGGAATCTGAGGGGCAAGGACACTCAGGCCAGGCTCAGAGCACCTCCCTACTGCACACCCCACCCTGACCACCCCACTCACCCAGCTCCTCCTGCTTCCGGCAGGCCTTGTTGAGGTTCACGGAGGTACAGACCTTCTCCAGGTTGCTCCAGCGACTTCGTCCA,5f432505d99faf839251799862aa2bfda20cf31a9cd3daf40c439fef03ba43b7,0.915622067532342,CCACTTCTGTCAGGTTTAGCGTCAGGGCCTCCATGCTGGAATCTGAGGGGCAAGGACACTCAGGCCAGGCTCAGAGCACCTCCCTACTGCACACCCCACACTGATCACCCCACTCACCCAGCTCCTCCTGCTTCCGGCAGGCCTTGTTGAGGTTCACGGAGGTACAGACCTTCTCCAGGTTGCTCCAGCGACTTCGTCCA,ab176b9ae8613a6643cb6f1049c3b562a1a95cfd924e488015fa110093c82046,0.039006579772006,CCACTTCTGTCAGGTTTAGCGTCAGGGCCTCCATGCTGGAATCTGAGGGGCAAGGACACTCAGGCCAGGCTCAGAGCACCTCCCTACTGCACACCCCACCCTGATCACCCCACTCACCCAGCTCCTCCTGCTTCCGGCAGGCCTTGTTGAGGTTCACGGAGGTACAGACCTTCTCCAGGTTGCTCCAGCGACTTCGTCCA,f6e550dd0ec9ef0a70a6cf9aac018c20eb76c2f85650d7a908ce0cca638b13b6,1.06320637939054,-0.108577732086192,0.268719468973202,-323.45626241900027,-330.0478771796916,-293.4720667696092,-295.7148405252956,-4.348841005004942,1.0,-0.108577732086192,0.0,1,0.17794047544821892,0.18216460459877223,0.1501433469024087,0.2490842678589919,1.0
chr17:9588450:T:G;chr17:9588455:G:A;var1;middle;OL41|K562|b5342973c5d69f87,chr17:9588450:T:G;chr17:9588455:G:A;var1;middle;OL41,K562,K562_region_00867,100,105,5,ATATCTAGTTCCTGCGATAAGCAAGCATTGTTTAAATAAAAACTTGGAATGCCTCACAGTACAGGATGGATTAAGTAAACCGATCTGTCCATACAACAATGGACGCACAGTGCCCTTGCCTGTCCAGACAGATCACCTCATATTTGTGTTCTGCTTTAGCCAATTTTATTCAACAATTTCACATTCTTACCTCATTGGGT,6f646054f31885387828a47cdb91e8c575f01c48a1b1a443327c99426090307b,0.0,ATATCTAGTTCCTGCGATAAGCAAGCATTGTTTAAATAAAAACTTGGAATGCCTCACAGTACAGGATGGATTAAGTAAACCGATCTGTCCATACAACAAGGGACGCACAGTGCCCTTGCCTGTCCAGACAGATCACCTCATATTTGTGTTCTGCTTTAGCCAATTTTATTCAACAATTTCACATTCTTACCTCATTGGGT,c8eb37411f14c11e9c2dfab644917a9ce8b101dfb7a3e0ee12a2deb894ab71b2,0.575933735069042,ATATCTAGTTCCTGCGATAAGCAAGCATTGTTTAAATAAAAACTTGGAATGCCTCACAGTACAGGATGGATTAAGTAAACCGATCTGTCCATACAACAATGGACACACAGTGCCCTTGCCTGTCCAGACAGATCACCTCATATTTGTGTTCTGCTTTAGCCAATTTTATTCAACAATTTCACATTCTTACCTCATTGGGT,fcc7290cbfa6ab1efc8e8a1c9a8e1803ff68c03df539e3080958e53526339ae7,0.196800707733616,ATATCTAGTTCCTGCGATAAGCAAGCATTGTTTAAATAAAAACTTGGAATGCCTCACAGTACAGGATGGATTAAGTAAACCGATCTGTCCATACAACAAGGGACACACAGTGCCCTTGCCTGTCCAGACAGATCACCTCATATTTGTGTTCTGCTTTAGCCAATTTTATTCAACAATTTCACATTCTTACCTCATTGGGT,b5342973c5d69f87eb48a848e4850ba6b5ca4eed8a3d148c8d2c2d21846beec6,0.611612998778022,0.161121444024636,0.519076968635241,-321.5811134497635,-329.10513182356954,-299.44781690090895,-310.1485022921115,3.1766670173965394,1.0,0.161121444024636,0.0,2,0.1798199523866971,0.17490732828716207,0.146091925319964,0.2896364185888243,1.0
chr18:10520290:T:A;chr18:10520309:C:G;var1;middle;OL41|K562|b3559077bc6a4c9d,chr18:10520290:T:A;chr18:10520309:C:G;var1;middle;OL41,K562,K562_region_00981,100,119,19,CAGAATCTGACTGTAATCCCAAGAGGCAGAAACTAACCACTTTTGTTTGGACGGCTTGCAGCTTGTAAAGGCACGTGCAGGCAGCGCCACCATGTGTTTTCTGAAGAGACCCATAAGGCTACGCGGGAGAAGGAATGAACGCCAGGACTCTCCCCAGCCAACGTATACCTAAGTGGGACTTCTCAGTATAATATGCTTGG,7e8dfbd0df0a9eecf67d57e36d9e98dca901fa1717bcf5b6fbc7f6968473e4e6,0.0,CAGAATCTGACTGTAATCCCAAGAGGCAGAAACTAACCACTTTTGTTTGGACGGCTTGCAGCTTGTAAAGGCACGTGCAGGCAGCGCCACCATGTGTTTACTGAAGAGACCCATAAGGCTACGCGGGAGAAGGAATGAACGCCAGGACTCTCCCCAGCCAACGTATACCTAAGTGGGACTTCTCAGTATAATATGCTTGG,b616900d1f24ec60d909f57cc8a2b48adadb80959148818d2a2b2b4832807225,0.201851965661374,CAGAATCTGACTGTAATCCCAAGAGGCAGAAACTAACCACTTTTGTTTGGACGGCTTGCAGCTTGTAAAGGCACGTGCAGGCAGCGCCACCATGTGTTTTCTGAAGAGACCCATAAGGGTACGCGGGAGAAGGAATGAACGCCAGGACTCTCCCCAGCCAACGTATACCTAAGTGGGACTTCTCAGTATAATATGCTTGG,16fba6072ebefc78800f8a9691aa63a47ee6e54708a872784f245e8293be9672,-1.0199241694135,CAGAATCTGACTGTAATCCCAAGAGGCAGAAACTAACCACTTTTGTTTGGACGGCTTGCAGCTTGTAAAGGCACGTGCAGGCAGCGCCACCATGTGTTTACTGAAGAGACCCATAAGGGTACGCGGGAGAAGGAATGAACGCCAGGACTCTCCCCAGCCAACGTATACCTAAGTGGGACTTCTCAGTATAATATGCTTGG,b3559077bc6a4c9d0854353a2a87e3c76813a3d082415332ad3f0e2a312bba87,-1.01608819380832,-0.1980159900561939,0.245422935830155,-391.0975093431771,-377.1713942028582,-353.4783578962088,-360.5537792928517,-21.001536536961794,-1.0,0.1980159900561939,0.0,0,0.15880192409932514,0.18565657667894103,0.15145376406925343,0.1414064454376943,1.0
chr18:11947651:T:A;chr18:11947700:C:A;var1;middle;OL41|K562|907082ade3c8816b,chr18:11947651:T:A;chr18:11947700:C:A;var1;middle;OL41,K562,K562_region_00982,100,149,49,CTTCTGCTTACCTCCACTACGTGATGCAGTATGGCCCCCGGGAGGCCGCCCCCAGATTCTAGAGGGGCTTACCCCAGACACACCCGAAGGACCACCTCGTGACCTCAGAGGAACAGCCCTAGACCCAGGAGAGACTGCCAGACACCCCCGTGGCAGCCCGCCAGGGCCCAGCTCTACTTGTCGCCTGGAGGTGCTGCCTC,5e0085aaf71ea24b28eecc9dde32c15429ffa58ae88437f3d2abd2f5df74d908,0.0,CTTCTGCTTACCTCCACTACGTGATGCAGTATGGCCCCCGGGAGGCCGCCCCCAGATTCTAGAGGGGCTTACCCCAGACACACCCGAAGGACCACCTCGAGACCTCAGAGGAACAGCCCTAGACCCAGGAGAGACTGCCAGACACCCCCGTGGCAGCCCGCCAGGGCCCAGCTCTACTTGTCGCCTGGAGGTGCTGCCTC,393363b3a377ecf769e75081cce7dc2261fa528e13f3c389e5638abcc3129710,0.0769225263556324,CTTCTGCTTACCTCCACTACGTGATGCAGTATGGCCCCCGGGAGGCCGCCCCCAGATTCTAGAGGGGCTTACCCCAGACACACCCGAAGGACCACCTCGTGACCTCAGAGGAACAGCCCTAGACCCAGGAGAGACTGCCAGACACCCCAGTGGCAGCCCGCCAGGGCCCAGCTCTACTTGTCGCCTGGAGGTGCTGCCTC,1572191e72114df1686d059178b6c57f1cb3dc4944f06b0f173b8c11179300d4,-0.272210385229853,CTTCTGCTTACCTCCACTACGTGATGCAGTATGGCCCCCGGGAGGCCGCCCCCAGATTCTAGAGGGGCTTACCCCAGACACACCCGAAGGACCACCTCGAGACCTCAGAGGAACAGCCCTAGACCCAGGAGAGACTGCCAGACACCCCAGTGGCAGCCCGCCAGGGCCCAGCTCTACTTGTCGCCTGGAGGTGCTGCCTC,907082ade3c8816b0bc449d2f2932a08e003a411e848676d5211e0dcaa632fc3,-0.0750073089224767,0.1202805499517439,0.479362653695137,-349.673127874732,-311.94761528773233,-324.35037791728973,-285.4206911250949,1.2041742051951587,-1.0,-0.1202805499517439,0.0,2,0.17694784337250163,0.17490732828716207,0.146091925319964,0.23857287154820858,1.0
chr18:12911365:G:T;chr18:12911423:T:C;var1;middle;OL41|K562|98928a06df9a9684,chr18:12911365:G:T;chr18:12911423:T:C;var1;middle;OL41,K562,K562_region_00983,100,158,58,CAAGGGCTGGTTCTGGGAGAGGCGCAAGGGCATCGACCTCCGCACCAATCAGGTGGTGGTCATTAGGGCAGTGGACCCGGAGGAGGCCGAGGACGCCCAGCAGGAGAACCCTGCGCTCAGCTGTGCTACAGCCCCGAGTCACCGCTGCTCTTGCTGCTCTCTGTGAGTTTCCCCCGGAGGCCCAGAGCGGCGGCAGCGCG,f4490cc2ffc1a905c2fce9e3a73764a0a534b21f658f81856e679104639bdd26,0.0,CAAGGGCTGGTTCTGGGAGAGGCGCAAGGGCATCGACCTCCGCACCAATCAGGTGGTGGTCATTAGGGCAGTGGACCCGGAGGAGGCCGAGGACGCCCATCAGGAGAACCCTGCGCTCAGCTGTGCTACAGCCCCGAGTCACCGCTGCTCTTGCTGCTCTCTGTGAGTTTCCCCCGGAGGCCCAGAGCGGCGGCAGCGCG,340bd40c4471e9d9588bfb7a34aaa4c51b9303e6075d2e752da87a859214920f,-0.117999337057437,CAAGGGCTGGTTCTGGGAGAGGCGCAAGGGCATCGACCTCCGCACCAATCAGGTGGTGGTCATTAGGGCAGTGGACCCGGAGGAGGCCGAGGACGCCCAGCAGGAGAACCCTGCGCTCAGCTGTGCTACAGCCCCGAGTCACCGCTGCTCTTGCTGCCCTCTGTGAGTTTCCCCCGGAGGCCCAGAGCGGCGGCAGCGCG,858fb6ad112127d5c0b6483a9d6a6432525354c27067f61c50d76060264bd2e1,-0.0817341722067812,CAAGGGCTGGTTCTGGGAGAGGCGCAAGGGCATCGACCTCCGCACCAATCAGGTGGTGGTCATTAGGGCAGTGGACCCGGAGGAGGCCGAGGACGCCCATCAGGAGAACCCTGCGCTCAGCTGTGCTACAGCCCCGAGTCACCGCTGCTCTTGCTGCCCTCTGTGAGTTTCCCCCGGAGGCCCAGAGCGGCGGCAGCGCG,98928a06df9a96849307d40b41b024ef89941d578d8f3e4d1a2c1e17a72e533a,-0.275099434271491,0.0753659250072728,0.327447488634383,-313.24753958685324,-323.4435237501748,-324.5956510310061,-338.9217790509574,4.130143856629729,1.0,0.0753659250072728,0.0,2,0.18120829175495667,0.17490732828716207,0.146091925319964,0.2379841790960529,1.0
chr18:12911366:C:A;chr18:12911423:T:C;var1;middle;OL41|K562|b53ec7182381d834,chr18:12911366:C:A;chr18:12911423:T:C;var1;middle;OL41,K562,K562_region_00983,100,157,57,AAGGGCTGGTTCTGGGAGAGGCGCAAGGGCATCGACCTCCGCACCAATCAGGTGGTGGTCATTAGGGCAGTGGACCCGGAGGAGGCCGAGGACGCCCAGCAGGAGAACCCTGCGCTCAGCTGTGCTACAGCCCCGAGTCACCGCTGCTCTTGCTGCTCTCTGTGAGTTTCCCCCGGAGGCCCAGAGCGGCGGCAGCGCGC,1da6d92c243c49b76191f10d62cb07ec5c95f488f603fb2f4d234466b9dcd880,0.0,AAGGGCTGGTTCTGGGAGAGGCGCAAGGGCATCGACCTCCGCACCAATCAGGTGGTGGTCATTAGGGCAGTGGACCCGGAGGAGGCCGAGGACGCCCAGAAGGAGAACCCTGCGCTCAGCTGTGCTACAGCCCCGAGTCACCGCTGCTCTTGCTGCTCTCTGTGAGTTTCCCCCGGAGGCCCAGAGCGGCGGCAGCGCGC,90b276ffbbd2a6c5007404788723d1b7c9b790a58870804f175eed0c3bd26e9e,0.126909553227106,AAGGGCTGGTTCTGGGAGAGGCGCAAGGGCATCGACCTCCGCACCAATCAGGTGGTGGTCATTAGGGCAGTGGACCCGGAGGAGGCCGAGGACGCCCAGCAGGAGAACCCTGCGCTCAGCTGTGCTACAGCCCCGAGTCACCGCTGCTCTTGCTGCCCTCTGTGAGTTTCCCCCGGAGGCCCAGAGCGGCGGCAGCGCGC,f98b8783c37a845ffbc58f8a46c53900e2ead2f32a4d447278d4b2b450117828,-0.316326702971134,AAGGGCTGGTTCTGGGAGAGGCGCAAGGGCATCGACCTCCGCACCAATCAGGTGGTGGTCATTAGGGCAGTGGACCCGGAGGAGGCCGAGGACGCCCAGAAGGAGAACCCTGCGCTCAGCTGTGCTACAGCCCCGAGTCACCGCTGCTCTTGCTGCCCTCTGTGAGTTTCCCCCGGAGGCCCAGAGCGGCGGCAGCGCGC,b53ec7182381d8345c040763e1d9b10a38ff32c85f99e3426251524e78a9d769,-0.431040383683929,0.2416232339399009,0.256164115908792,-322.1564046074636,-318.4015726116486,-333.7949590217322,-330.0736463842913,0.033519358374121566,1.0,0.2416232339399009,0.0,2,0.17524327526595734,0.17490732828716207,0.146091925319964,0.2544564781151419,1.0
chr18:12911423:T:C;chr18:12911503:A:G;var1;middle;OL41|K562|23e50c0e94a74dc4,chr18:12911423:T:C;chr18:12911503:A:G;var1;middle;OL41,K562,K562_region_00983,100,180,80,GTCATTAGGGCAGTGGACCCGGAGGAGGCCGAGGACGCCCAGCAGGAGAACCCTGCGCTCAGCTGTGCTACAGCCCCGAGTCACCGCTGCTCTTGCTGCTCTCTGTGAGTTTCCCCCGGAGGCCCAGAGCGGCGGCAGCGCGCAAGACTTGCAGAACTCGGGCCCCCTGGAGGAGACCTAACCGCCACGGTCTTGGGGAG,0421457259c07a02c6815ebc7ec64f6b808f3d858247db677b4add018fb8ecfa,0.0,GTCATTAGGGCAGTGGACCCGGAGGAGGCCGAGGACGCCCAGCAGGAGAACCCTGCGCTCAGCTGTGCTACAGCCCCGAGTCACCGCTGCTCTTGCTGCCCTCTGTGAGTTTCCCCCGGAGGCCCAGAGCGGCGGCAGCGCGCAAGACTTGCAGAACTCGGGCCCCCTGGAGGAGACCTAACCGCCACGGTCTTGGGGAG,7ef8a14f03060bd409ded7d9b020faaac6568d0e3821112536cfe9fa6b50c906,-0.192393227502012,GTCATTAGGGCAGTGGACCCGGAGGAGGCCGAGGACGCCCAGCAGGAGAACCCTGCGCTCAGCTGTGCTACAGCCCCGAGTCACCGCTGCTCTTGCTGCTCTCTGTGAGTTTCCCCCGGAGGCCCAGAGCGGCGGCAGCGCGCAAGACTTGCAGAACTCGGGCCCCCTGGAGGAGACCTGACCGCCACGGTCTTGGGGAG,8599c22054049fcde0fe6eaf7a41693f8aee3fb8d4f6bdc92119d3eb12eb66d6,-0.042656254114968,GTCATTAGGGCAGTGGACCCGGAGGAGGCCGAGGACGCCCAGCAGGAGAACCCTGCGCTCAGCTGTGCTACAGCCCCGAGTCACCGCTGCTCTTGCTGCCCTCTGTGAGTTTCCCCCGGAGGCCCAGAGCGGCGGCAGCGCGCAAGACTTGCAGAACTCGGGCCCCCTGGAGGAGACCTGACCGCCACGGTCTTGGGGAG,23e50c0e94a74dc4e7466bd0c8c13092f59df1cbe9997a4a74d972a6286f0a4a,-0.0055028496866158,0.2295466319303641,0.288487831604906,-254.21141201257703,-254.7748177051544,-249.9614707306028,-250.2709896564484,0.25388676673173904,-1.0,-0.2295466319303641,0.0,2,0.17556414802963166,0.17490732828716207,0.146091925319964,0.15952806626778404,1.0
chr18:12911423:T:C;chr18:12911504:A:C;var1;middle;OL41|K562|55df9fde20480259,chr18:12911423:T:C;chr18:12911504:A:C;var1;middle;OL41,K562,K562_region_00983,100,181,81,GTCATTAGGGCAGTGGACCCGGAGGAGGCCGAGGACGCCCAGCAGGAGAACCCTGCGCTCAGCTGTGCTACAGCCCCGAGTCACCGCTGCTCTTGCTGCTCTCTGTGAGTTTCCCCCGGAGGCCCAGAGCGGCGGCAGCGCGCAAGACTTGCAGAACTCGGGCCCCCTGGAGGAGACCTAACCGCCACGGTCTTGGGGAG,0421457259c07a02c6815ebc7ec64f6b808f3d858247db677b4add018fb8ecfa,0.0,GTCATTAGGGCAGTGGACCCGGAGGAGGCCGAGGACGCCCAGCAGGAGAACCCTGCGCTCAGCTGTGCTACAGCCCCGAGTCACCGCTGCTCTTGCTGCCCTCTGTGAGTTTCCCCCGGAGGCCCAGAGCGGCGGCAGCGCGCAAGACTTGCAGAACTCGGGCCCCCTGGAGGAGACCTAACCGCCACGGTCTTGGGGAG,7ef8a14f03060bd409ded7d9b020faaac6568d0e3821112536cfe9fa6b50c906,-0.192513717535142,GTCATTAGGGCAGTGGACCCGGAGGAGGCCGAGGACGCCCAGCAGGAGAACCCTGCGCTCAGCTGTGCTACAGCCCCGAGTCACCGCTGCTCTTGCTGCTCTCTGTGAGTTTCCCCCGGAGGCCCAGAGCGGCGGCAGCGCGCAAGACTTGCAGAACTCGGGCCCCCTGGAGGAGACCTACCCGCCACGGTCTTGGGGAG,daab443aa4fa66a6326c6eeb0c58c5ffda9568faa565777abf90771ce1584dda,-0.159352650744464,GTCATTAGGGCAGTGGACCCGGAGGAGGCCGAGGACGCCCAGCAGGAGAACCCTGCGCTCAGCTGTGCTACAGCCCCGAGTCACCGCTGCTCTTGCTGCCCTCTGTGAGTTTCCCCCGGAGGCCCAGAGCGGCGGCAGCGCGCAAGACTTGCAGAACTCGGGCCCCCTGGAGGAGACCTACCCGCCACGGTCTTGGGGAG,55df9fde2048025904e18f88699aa8a396fd8ba9d0e70c5e1ac175160b36b4e2,-0.226937605989,-0.1249287622906059,0.25540201768821,-254.21141201257703,-254.7748177051544,-253.89995960891247,-252.8604719936848,-1.6028933078050613,1.0,-0.1249287622906059,0.0,2,0.17286052611706107,0.17490732828716207,0.146091925319964,0.1735335854012633,1.0
chr18:13271319:A:G;chr18:13271367:A:G;var1;middle;OL41|K562|9de6d67f4e8af618,chr18:13271319:A:G;chr18:13271367:A:G;var1;middle;OL41,K562,K562_region_00984,100,148,48,CACTTAAATAATGAGACTCTAATGAGGGTTAGCTAAGACTCAAGTGACTGTAACCAAAATGATTTCTTGCTGCTGATGTAGACGACTGTAGGATCGTCCATTTCTTTGGCATCGTGACGTTAGGCGTTCAGTGCCTGTGTGAAAGCGAAGGGTGGAGAGGGACCCTCTGAGCCTGTAGAAGGCCCATTTCCCAATTCCCA,539ddf9ea2e0815c1928e1e62e71a5cb79969aef4546e5915b686315abd9f5a6,0.0,CACTTAAATAATGAGACTCTAATGAGGGTTAGCTAAGACTCAAGTGACTGTAACCAAAATGATTTCTTGCTGCTGATGTAGACGACTGTAGGATCGTCCGTTTCTTTGGCATCGTGACGTTAGGCGTTCAGTGCCTGTGTGAAAGCGAAGGGTGGAGAGGGACCCTCTGAGCCTGTAGAAGGCCCATTTCCCAATTCCCA,f36a2666fdefbf0443480c064fe1796405b4e95ec4a8771f6e346786a6955fe8,0.0952059278175434,CACTTAAATAATGAGACTCTAATGAGGGTTAGCTAAGACTCAAGTGACTGTAACCAAAATGATTTCTTGCTGCTGATGTAGACGACTGTAGGATCGTCCATTTCTTTGGCATCGTGACGTTAGGCGTTCAGTGCCTGTGTGAAAGCGGAGGGTGGAGAGGGACCCTCTGAGCCTGTAGAAGGCCCATTTCCCAATTCCCA,846003e2cc8dca104a0a651159531d000337326a53dfad28301ef89f26fbfe8b,-0.0515390882170644,CACTTAAATAATGAGACTCTAATGAGGGTTAGCTAAGACTCAAGTGACTGTAACCAAAATGATTTCTTGCTGCTGATGTAGACGACTGTAGGATCGTCCGTTTCTTTGGCATCGTGACGTTAGGCGTTCAGTGCCTGTGTGAAAGCGGAGGGTGGAGAGGGACCCTCTGAGCCTGTAGAAGGCCCATTTCCCAATTCCCA,9de6d67f4e8af61827b549f75c63faeb0a70fd4f0e676b580f59b4494dadb2b6,1.10013456749601,1.056467727895531,0.214100862908522,-354.7795595275238,-350.4052748866379,-359.2420249953866,-354.3940140372142,0.4737263172864914,-1.0,-1.056467727895531,0.0,2,0.17588425218966677,0.17490732828716207,0.146091925319964,-0.07254207834606732,1.0
chr18:1839564:A:G;chr18:1839601:A:T;var1;middle;OL29|K562|d014f1eab9da93ca,chr18:1839564:A:G;chr18:1839601:A:T;var1;middle;OL29,K562,K562_region_00974,100,137,37,TAAAAATACTGCACAGGTATATTGAGATCATCACCATCACTGTTTCTAGCACATTATCACACGATCACCATCATTATCACCTTCCTTGATATTATCAAGATGAATTTTAAACATTTAGGAAAAATCTGAAAAACAGAGATCTTATTCAAATTTTAAGATAATTACTAATATCATATTTAAAGTAATTAAAATTTTAAAAT,ad61fbc00dc9addbc0a0f8f64111664e74b20963872f1e612cc10aa53e8c10b7,0.0,TAAAAATACTGCACAGGTATATTGAGATCATCACCATCACTGTTTCTAGCACATTATCACACGATCACCATCATTATCACCTTCCTTGATATTATCAAGGTGAATTTTAAACATTTAGGAAAAATCTGAAAAACAGAGATCTTATTCAAATTTTAAGATAATTACTAATATCATATTTAAAGTAATTAAAATTTTAAAAT,52c38e092da693a3471297673ccebf90e19781174a7a22981b0a5a3782a3bad3,-0.32159769511729,TAAAAATACTGCACAGGTATATTGAGATCATCACCATCACTGTTTCTAGCACATTATCACACGATCACCATCATTATCACCTTCCTTGATATTATCAAGATGAATTTTAAACATTTAGGAAAAATCTGAAAAACAGTGATCTTATTCAAATTTTAAGATAATTACTAATATCATATTTAAAGTAATTAAAATTTTAAAAT,16d9a464a2fffcdb71798f113c1be11fc7d158c0106a10e55cbe8ad85a16322c,0.182386169032806,TAAAAATACTGCACAGGTATATTGAGATCATCACCATCACTGTTTCTAGCACATTATCACACGATCACCATCATTATCACCTTCCTTGATATTATCAAGGTGAATTTTAAACATTTAGGAAAAATCTGAAAAACAGTGATCTTATTCAAATTTTAAGATAATTACTAATATCATATTTAAAGTAATTAAAATTTTAAAAT,d014f1eab9da93cad5dab9606dcb46a0e6a26523bbbb4f0455c7de3875fd029b,-0.178827583323139,-0.039616057238655,0.434119444764802,-239.69868299737573,-239.2566978782416,-239.73094878718257,-239.0815045833588,0.20745908468964558,-1.0,0.039616057238655,0.0,1,0.18257623681702229,0.18216460459877223,0.1501433469024087,0.3009130428826715,1.0
chr18:20735408:T:C;chr18:20735461:T:G;var1;middle;OL29|K562|60b33b2215696f89,chr18:20735408:T:C;chr18:20735461:T:G;var1;middle;OL29,K562,K562_region_00985,100,153,53,CAGAGTGTGAGTTGGGAAACAAATCACTTTGCCATTTGGAAGGCTGATTGATATTTTAGGAGTTTCTTTTTGTTTTCAAAGGGAAAATAATGCATATTATAGACCTAGCAAACAGAACTTTTGTAAATGGCAATTAACAGAAGATGCCCAAGTGAGGAAGTCTCCAGTTTCTTTTTATAACCCTGGCAAAAGTAATGGAG,2591754d074cf03716b5ec33e3aca9d1a1bd73d953d17ced0304519c3c143da2,0.0,CAGAGTGTGAGTTGGGAAACAAATCACTTTGCCATTTGGAAGGCTGATTGATATTTTAGGAGTTTCTTTTTGTTTTCAAAGGGAAAATAATGCATATTACAGACCTAGCAAACAGAACTTTTGTAAATGGCAATTAACAGAAGATGCCCAAGTGAGGAAGTCTCCAGTTTCTTTTTATAACCCTGGCAAAAGTAATGGAG,195500ac73aacec72f11f837b9c5ee43a4856fdd513646375b317fc7c157d413,0.0250480207709525,CAGAGTGTGAGTTGGGAAACAAATCACTTTGCCATTTGGAAGGCTGATTGATATTTTAGGAGTTTCTTTTTGTTTTCAAAGGGAAAATAATGCATATTATAGACCTAGCAAACAGAACTTTTGTAAATGGCAATTAACAGAAGATGCCCAAGGGAGGAAGTCTCCAGTTTCTTTTTATAACCCTGGCAAAAGTAATGGAG,2be8ed8772b6eab08fb89cfc2636a7519f3327b6c5a501c6a173eee5dae2b385,0.0517413634101872,CAGAGTGTGAGTTGGGAAACAAATCACTTTGCCATTTGGAAGGCTGATTGATATTTTAGGAGTTTCTTTTTGTTTTCAAAGGGAAAATAATGCATATTACAGACCTAGCAAACAGAACTTTTGTAAATGGCAATTAACAGAAGATGCCCAAGGGAGGAAGTCTCCAGTTTCTTTTTATAACCCTGGCAAAAGTAATGGAG,60b33b2215696f89ed0f5207082840f443798b6275e966e884ccba31158f7dd2,-0.060316727753821,0.1371061119349607,0.178984121657922,-354.7338686045259,-357.42880492750555,-351.5799568556249,-356.64604792930186,2.3711547506973147,1.0,0.1371061119349607,0.0,1,0.1847776670531501,0.18216460459877223,0.1501433469024087,0.1543908910182713,1.0
chr18:21264965:G:T;chr18:21265039:G:A;var1;middle;OL41|K562|056350f43080908a,chr18:21264965:G:T;chr18:21265039:G:A;var1;middle;OL41,K562,K562_region_00986,100,174,74,TTGTACAGTGCAATAAATTTGTATATCATGCTGTTAAGTGTTGCCGTTTATAGCAAAATATGAAGCCCTGTAAGGACAAAGCCTTGATTTGAATCCAGGGATGGTTGTAGCTGCTGCCGAGGTTTCTGATAGCATCAGAACATCTCAGCAAAAGGACTTGGCAGTGTGGAAGAGTTACTGGCCAGGGCAGAAAACAACTT,687159188c335e7f5ec1fe30932868e6599eb6899f80e8bfec6dd27ac11b658f,0.0,TTGTACAGTGCAATAAATTTGTATATCATGCTGTTAAGTGTTGCCGTTTATAGCAAAATATGAAGCCCTGTAAGGACAAAGCCTTGATTTGAATCCAGGTATGGTTGTAGCTGCTGCCGAGGTTTCTGATAGCATCAGAACATCTCAGCAAAAGGACTTGGCAGTGTGGAAGAGTTACTGGCCAGGGCAGAAAACAACTT,8c511ad3dab15d2769786d86788fcb707acae3d1fba5b48eb6c51afc0562b9b8,0.0706652766406918,TTGTACAGTGCAATAAATTTGTATATCATGCTGTTAAGTGTTGCCGTTTATAGCAAAATATGAAGCCCTGTAAGGACAAAGCCTTGATTTGAATCCAGGGATGGTTGTAGCTGCTGCCGAGGTTTCTGATAGCATCAGAACATCTCAGCAAAAGGACTTGGCAGTGTGGAAGAATTACTGGCCAGGGCAGAAAACAACTT,3223735b2fc421132afd29c24ba68eb2edcc267ef3607f69bd3e821886723aec,-0.150574322661505,TTGTACAGTGCAATAAATTTGTATATCATGCTGTTAAGTGTTGCCGTTTATAGCAAAATATGAAGCCCTGTAAGGACAAAGCCTTGATTTGAATCCAGGTATGGTTGTAGCTGCTGCCGAGGTTTCTGATAGCATCAGAACATCTCAGCAAAAGGACTTGGCAGTGTGGAAGAATTACTGGCCAGGGCAGAAAACAACTT,056350f43080908a5cc7dc671818ff97a4b72a98359ac271f1630b2091bf0c72,-0.180907687997971,0.1009986419771578,0.469404047887102,-317.64601304847747,-325.6827069257852,-327.965423544636,-337.78346222406253,1.7813448021188378,1.0,0.1009986419771578,0.0,1,0.18417757089602027,0.18216460459877223,0.1501433469024087,0.0902271216460069,1.0
chr18:21640515:G:A;chr18:21640564:G:A;var1;middle;OL28|K562|3ee2aab4d5a43cd7,chr18:21640515:G:A;chr18:21640564:G:A;var1;middle;OL28,K562,K562_region_00987,100,149,49,GGATTATAGGCATGCCCAGCTAATTTTTGTATTTTTAGTAGAGATGGGGTTTCACCATGTTAGCCAGGCTGGTCTCGAACTCCTGACCTCAGGTGATCTGCCCGCCTCAGCCTCCCAAAGTGCTAGGATTACAGGCGTGAGCCACTGCGCCTGGCCGTATTCTTTTAAAGATAAAAAATTCAGTGAGTTTGCTTTTATTC,e4e652a84837e98ed7d64d442e9a141a0d0268c2cbedc459f5dbb2470e237ea6,0.0,GGATTATAGGCATGCCCAGCTAATTTTTGTATTTTTAGTAGAGATGGGGTTTCACCATGTTAGCCAGGCTGGTCTCGAACTCCTGACCTCAGGTGATCTACCCGCCTCAGCCTCCCAAAGTGCTAGGATTACAGGCGTGAGCCACTGCGCCTGGCCGTATTCTTTTAAAGATAAAAAATTCAGTGAGTTTGCTTTTATTC,b56cb6725d98e1f7ea5c9b6b1e643343f538281b7689a64801ff410741360acb,-0.0558858500784414,GGATTATAGGCATGCCCAGCTAATTTTTGTATTTTTAGTAGAGATGGGGTTTCACCATGTTAGCCAGGCTGGTCTCGAACTCCTGACCTCAGGTGATCTGCCCGCCTCAGCCTCCCAAAGTGCTAGGATTACAGGCGTGAGCCACTGCACCTGGCCGTATTCTTTTAAAGATAAAAAATTCAGTGAGTTTGCTTTTATTC,57fe10f4855b520ed9a5f3abf9437b9629b4cc80b34bb3d781185a258ea7ce16,-0.4512117637002,GGATTATAGGCATGCCCAGCTAATTTTTGTATTTTTAGTAGAGATGGGGTTTCACCATGTTAGCCAGGCTGGTCTCGAACTCCTGACCTCAGGTGATCTACCCGCCTCAGCCTCCCAAAGTGCTAGGATTACAGGCGTGAGCCACTGCACCTGGCCGTATTCTTTTAAAGATAAAAAATTCAGTGAGTTTGCTTTTATTC,3ee2aab4d5a43cd7896d94453de77fa88e9ec2bc00c1dcd4a31cfb5c09b5f2e3,-0.381973764735758,0.1251238490428833,0.129501330028598,-89.59207511506975,-93.75735674798489,-89.95870156213641,-93.76028410391882,0.36369909113273025,-1.0,-0.1251238490428833,0.0,2,0.17572404365248562,0.17490732828716207,0.146091925319964,0.043478360771047886,1.0
chr18:2843866:T:C;chr18:2843928:A:T;var1;middle;OL41|K562|216d46268cad20d5,chr18:2843866:T:C;chr18:2843928:A:T;var1;middle;OL41,K562,K562_region_00975,100,162,62,TTGTTCATGGCAGGGATCAGAAGTCCTGCCCAATTAGTCTGTTTCTTAGTGTGCTGAAGCTCTCTATCCTCCGGAAGCTTCCCTCTGTCTTGTTTCTTATGCAGGGCTCTCTGGTTCCTGAGTTTGTTGCATCCCTTCCTCCAGCTGGAGTAGAGAAAACAAAGAGGGTCTCTTGGGATCTTGGCCTCAAATCAAGAAAT,eeb188d3658bd7758dff48a22f42f29c1187098d23bdb5ece1a16844f0638974,0.0,TTGTTCATGGCAGGGATCAGAAGTCCTGCCCAATTAGTCTGTTTCTTAGTGTGCTGAAGCTCTCTATCCTCCGGAAGCTTCCCTCTGTCTTGTTTCTTACGCAGGGCTCTCTGGTTCCTGAGTTTGTTGCATCCCTTCCTCCAGCTGGAGTAGAGAAAACAAAGAGGGTCTCTTGGGATCTTGGCCTCAAATCAAGAAAT,85d267181953ef1866e283880da98793da091861e8106054a694d5794b2f3fc3,0.380556722192211,TTGTTCATGGCAGGGATCAGAAGTCCTGCCCAATTAGTCTGTTTCTTAGTGTGCTGAAGCTCTCTATCCTCCGGAAGCTTCCCTCTGTCTTGTTTCTTATGCAGGGCTCTCTGGTTCCTGAGTTTGTTGCATCCCTTCCTCCAGCTGGAGTAGAGAAAACATAGAGGGTCTCTTGGGATCTTGGCCTCAAATCAAGAAAT,6d219d7c7d68dfd16a493eed18dde52cb86f251128459120310b443d6438d45b,0.178496987025564,TTGTTCATGGCAGGGATCAGAAGTCCTGCCCAATTAGTCTGTTTCTTAGTGTGCTGAAGCTCTCTATCCTCCGGAAGCTTCCCTCTGTCTTGTTTCTTACGCAGGGCTCTCTGGTTCCTGAGTTTGTTGCATCCCTTCCTCCAGCTGGAGTAGAGAAAACATAGAGGGTCTCTTGGGATCTTGGCCTCAAATCAAGAAAT,216d46268cad20d557ac1772cf7df60be2455eb44f209b688001f8c2d3082e05,0.281814995909945,0.2772387133078299,0.201341178869351,-314.672203078866,-313.0941244764253,-325.9127213063184,-322.97489558765665,-1.359747116221115,1.0,0.2772387133078299,0.0,3,0.17873421292252692,0.18106719778262317,0.1474303780702046,0.20515693650458683,1.0
chr18:33074501:C:G;chr18:33074558:T:C;var1;middle;OL41|K562|478c78f97a975237,chr18:33074501:C:G;chr18:33074558:T:C;var1;middle;OL41,K562,K562_region_00988,100,157,57,AGTCCAGGGGTCAGCAATAAAAGAAGTCTGAAATATCTGAAGCATGAGAAGAATTGGACACAAGGGAGATTCTCCATAGCTGGCTCTGAAAATGGAAAACGCCATGTGGCAAGGAACACGGGCAGCAGCTGACAGCCAGCAAGAAGACAGGGGCCCTGCAGTCCTGCCGCCCCAAAAGAACAGAATTCTGCCAACAACCT,f011370953aeefe15fd724d9208c5b1da213face026f285df270fe1a195c3210,0.0,AGTCCAGGGGTCAGCAATAAAAGAAGTCTGAAATATCTGAAGCATGAGAAGAATTGGACACAAGGGAGATTCTCCATAGCTGGCTCTGAAAATGGAAAAGGCCATGTGGCAAGGAACACGGGCAGCAGCTGACAGCCAGCAAGAAGACAGGGGCCCTGCAGTCCTGCCGCCCCAAAAGAACAGAATTCTGCCAACAACCT,5950a18916e3e771bc2b1c01c4a409e13c8a85bd8e01d7855dffc8e494757e6f,0.0540221208745283,AGTCCAGGGGTCAGCAATAAAAGAAGTCTGAAATATCTGAAGCATGAGAAGAATTGGACACAAGGGAGATTCTCCATAGCTGGCTCTGAAAATGGAAAACGCCATGTGGCAAGGAACACGGGCAGCAGCTGACAGCCAGCAAGAAGACAGGGGCCCCGCAGTCCTGCCGCCCCAAAAGAACAGAATTCTGCCAACAACCT,27aea5ba2ef7cfedad52a55345845531845ab53cb89a2a11b0bfd2337ab62a9c,0.206442350833911,AGTCCAGGGGTCAGCAATAAAAGAAGTCTGAAATATCTGAAGCATGAGAAGAATTGGACACAAGGGAGATTCTCCATAGCTGGCTCTGAAAATGGAAAAGGCCATGTGGCAAGGAACACGGGCAGCAGCTGACAGCCAGCAAGAAGACAGGGGCCCCGCAGTCCTGCCGCCCCAAAAGAACAGAATTCTGCCAACAACCT,478c78f97a975237809a5f577da4acf6b57cb4eb2144da9c1fb8dd8fb4e88d80,0.149716961341122,0.1107475103673172,0.276641736028685,-308.53711550775915,-303.9958201404661,-316.8168917936273,-313.8134515834972,1.5378551571629941,1.0,0.1107475103673172,0.0,0,0.187751257408588,0.18565657667894103,0.15145376406925343,0.2535504611006322,1.0
chr18:33766982:G:A;chr18:33767017:G:C;var1;middle;OL41|K562|fba3be4c69de4186,chr18:33766982:G:A;chr18:33767017:G:C;var1;middle;OL41,K562,K562_region_00989,100,135,35,CTCAGCTCACTTGGATCCCAGCTGCAGGGCCCGCTCCGGGGGAAGCCCCCGAGCTTCCCGGTTCCGAAAGTGTGCAGCCACTGAGAATTTATTAGCCTCGTGGATCCCTAATCTTTCCCCTTTTCTACCCTTTGGTCAGCCGCATTCTAACAAACGGCAAGCACACGCCCCGCTGGGTAGCAGCAACCCGAGAACGCCCC,08b586e6783f99a18b51cc35fd0f86cce312b9ae45c830209979842cfdeac54c,0.0,CTCAGCTCACTTGGATCCCAGCTGCAGGGCCCGCTCCGGGGGAAGCCCCCGAGCTTCCCGGTTCCGAAAGTGTGCAGCCACTGAGAATTTATTAGCCTCATGGATCCCTAATCTTTCCCCTTTTCTACCCTTTGGTCAGCCGCATTCTAACAAACGGCAAGCACACGCCCCGCTGGGTAGCAGCAACCCGAGAACGCCCC,c17bc125cf7054ed63762c404217b8496582a9ea206cab7a91cc9397b780e34a,-0.0826532998816116,CTCAGCTCACTTGGATCCCAGCTGCAGGGCCCGCTCCGGGGGAAGCCCCCGAGCTTCCCGGTTCCGAAAGTGTGCAGCCACTGAGAATTTATTAGCCTCGTGGATCCCTAATCTTTCCCCTTTTCTACCCTTTGCTCAGCCGCATTCTAACAAACGGCAAGCACACGCCCCGCTGGGTAGCAGCAACCCGAGAACGCCCC,1db21b1c4660893b5b06f442328e6656002ff173c9ee2fc8f74eaafbf593dc02,-0.114864534180561,CTCAGCTCACTTGGATCCCAGCTGCAGGGCCCGCTCCGGGGGAAGCCCCCGAGCTTCCCGGTTCCGAAAGTGTGCAGCCACTGAGAATTTATTAGCCTCATGGATCCCTAATCTTTCCCCTTTTCTACCCTTTGCTCAGCCGCATTCTAACAAACGGCAAGCACACGCCCCGCTGGGTAGCAGCAACCCGAGAACGCCCC,fba3be4c69de4186027b765007baac07a069f5989b39354f8e74ea2f1c576455,0.140080786708013,0.3375986207701856,0.394438742667609,-301.98087366390973,-303.1061017336324,-304.74955814983696,-303.55027728062123,2.3245089389383793,-1.0,-0.3375986207701856,0.0,1,0.18473020774451993,0.18216460459877223,0.1501433469024087,0.2017831547783726,1.0
chr18:42815791:T:C;chr18:42815793:T:C;var1;middle;OL27|K562|edebeb260ca148e8,chr18:42815791:T:C;chr18:42815793:T:C;var1;middle;OL27,K562,K562_region_00990,100,102,2,ATCCATGTTGCTGCAAATGACAAGATTTCATTCATTTTTATGGGTGAGTAGCATTCCAATGTGTATGCGCGTGTGTGTGTGTGTGTGTATATATATATATATATACGTGTATATATATATGTATATATACATATATGTGTGTATATATGTATATATACATATATGTGTGTATGTATGTATATATACATATATGTGTGTAT,ffc798b600718dd13609fab8f3965976c89fabe9491a9ae26a6a7017068eeb6e,0.0,ATCCATGTTGCTGCAAATGACAAGATTTCATTCATTTTTATGGGTGAGTAGCATTCCAATGTGTATGCGCGTGTGTGTGTGTGTGTGTATATATATATACATATACGTGTATATATATATGTATATATACATATATGTGTGTATATATGTATATATACATATATGTGTGTATGTATGTATATATACATATATGTGTGTAT,023f97c2a285e4cebc926af6c3202bddf5de0d8b6a6f2cac3b3984018a59c0cc,-0.886520355411934,ATCCATGTTGCTGCAAATGACAAGATTTCATTCATTTTTATGGGTGAGTAGCATTCCAATGTGTATGCGCGTGTGTGTGTGTGTGTGTATATATATATATACATACGTGTATATATATATGTATATATACATATATGTGTGTATATATGTATATATACATATATGTGTGTATGTATGTATATATACATATATGTGTGTAT,4bf209734ee97b94d514dba4aad1ffec2d5d0695ed7f30463dbc764214c6f9af,-0.817056623329945,ATCCATGTTGCTGCAAATGACAAGATTTCATTCATTTTTATGGGTGAGTAGCATTCCAATGTGTATGCGCGTGTGTGTGTGTGTGTGTATATATATATACACATACGTGTATATATATATGTATATATACATATATGTGTGTATATATGTATATATACATATATGTGTGTATGTATGTATATATACATATATGTGTGTAT,edebeb260ca148e876009e45c19a0e72297c1b25eb9ee64f272833de30fa6724,-0.738829013217077,0.964747965524802,0.180084851925422,-126.10621714312585,-129.48645046912134,-126.002498798538,-129.6133615016006,-0.23062937706708908,-1.0,-0.964747965524802,0.0,4,0.17591348161737866,0.17620727786206916,0.145609630836647,0.34194034845636684,1.0
chr18:42815791:T:C;chr18:42815797:C:T;var1;middle;OL27|K562|2b3b70b2656fd7ab,chr18:42815791:T:C;chr18:42815797:C:T;var1;middle;OL27,K562,K562_region_00990,100,106,6,ATCCATGTTGCTGCAAATGACAAGATTTCATTCATTTTTATGGGTGAGTAGCATTCCAATGTGTATGCGCGTGTGTGTGTGTGTGTGTATATATATATATATATACGTGTATATATATATGTATATATACATATATGTGTGTATATATGTATATATACATATATGTGTGTATGTATGTATATATACATATATGTGTGTAT,ffc798b600718dd13609fab8f3965976c89fabe9491a9ae26a6a7017068eeb6e,0.0,ATCCATGTTGCTGCAAATGACAAGATTTCATTCATTTTTATGGGTGAGTAGCATTCCAATGTGTATGCGCGTGTGTGTGTGTGTGTGTATATATATATACATATACGTGTATATATATATGTATATATACATATATGTGTGTATATATGTATATATACATATATGTGTGTATGTATGTATATATACATATATGTGTGTAT,023f97c2a285e4cebc926af6c3202bddf5de0d8b6a6f2cac3b3984018a59c0cc,-0.886842856753513,ATCCATGTTGCTGCAAATGACAAGATTTCATTCATTTTTATGGGTGAGTAGCATTCCAATGTGTATGCGCGTGTGTGTGTGTGTGTGTATATATATATATATATATGTGTATATATATATGTATATATACATATATGTGTGTATATATGTATATATACATATATGTGTGTATGTATGTATATATACATATATGTGTGTAT,43887e2626ac6cf88cea3fe2679b1792d0c2a92739a84241c37a39f0e8fc88b6,-0.703759484360176,ATCCATGTTGCTGCAAATGACAAGATTTCATTCATTTTTATGGGTGAGTAGCATTCCAATGTGTATGCGCGTGTGTGTGTGTGTGTGTATATATATATACATATATGTGTATATATATATGTATATATACATATATGTGTGTATATATGTATATATACATATATGTGTGTATGTATGTATATATACATATATGTGTGTAT,2b3b70b2656fd7abf7df61334211379c3e3bcd2532a4f59af63003309a8b9e93,-0.810439709297941,0.780162631815748,0.213464482222263,-126.10621714312585,-129.48645046912134,-117.44889503484592,-115.4743258333765,5.354802527464912,-1.0,-0.780162631815748,0.0,4,0.18283612913685265,0.17620727786206916,0.145609630836647,0.2924417592306641,1.0
chr18:42815793:T:C;chr18:42815797:C:T;var1;middle;OL27|K562|dd7c8a8893a8c149,chr18:42815793:T:C;chr18:42815797:C:T;var1;middle;OL27,K562,K562_region_00990,100,104,4,CCATGTTGCTGCAAATGACAAGATTTCATTCATTTTTATGGGTGAGTAGCATTCCAATGTGTATGCGCGTGTGTGTGTGTGTGTGTATATATATATATATATACGTGTATATATATATGTATATATACATATATGTGTGTATATATGTATATATACATATATGTGTGTATGTATGTATATATACATATATGTGTGTATAT,619cc5d02c34514dbbdb815db60fc75a4adf40f243a4df3b2e362c533cdf9273,0.0,CCATGTTGCTGCAAATGACAAGATTTCATTCATTTTTATGGGTGAGTAGCATTCCAATGTGTATGCGCGTGTGTGTGTGTGTGTGTATATATATATATACATACGTGTATATATATATGTATATATACATATATGTGTGTATATATGTATATATACATATATGTGTGTATGTATGTATATATACATATATGTGTGTATAT,93abee53e3a0ee952dcba72fba15dbd1d57e1c55809f193d6f6370d83ee101cc,0.0819562878594539,CCATGTTGCTGCAAATGACAAGATTTCATTCATTTTTATGGGTGAGTAGCATTCCAATGTGTATGCGCGTGTGTGTGTGTGTGTGTATATATATATATATATATGTGTATATATATATGTATATATACATATATGTGTGTATATATGTATATATACATATATGTGTGTATGTATGTATATATACATATATGTGTGTATAT,fb6c5d731e6f719b3c764ccda745e1cca57a5efdd4e7bd36e7c344b0652eaa08,0.0199051964405385,CCATGTTGCTGCAAATGACAAGATTTCATTCATTTTTATGGGTGAGTAGCATTCCAATGTGTATGCGCGTGTGTGTGTGTGTGTGTATATATATATATACATATGTGTATATATATATGTATATATACATATATGTGTGTATATATGTATATATACATATATGTGTGTATGTATGTATATATACATATATGTGTGTATAT,dd7c8a8893a8c149761f404e66b568905f26a77299f9020253d1ba9bd2873f0b,-0.12219377202562,0.2240552563256124,0.195387179188264,-133.11802236363292,-134.64947978127748,-127.03127947822212,-127.54396213870496,-1.0187747571617365,1.0,0.2240552563256124,0.0,4,0.17493664531290773,0.17620727786206916,0.145609630836647,0.33040728507413214,1.0
chr18:42825022:C:G;chr18:42825040:G:A;var1;middle;OL31|K562|e6d1c5f5dfa6c347,chr18:42825022:C:G;chr18:42825040:G:A;var1;middle;OL31,K562,K562_region_00991,100,118,18,CCTAAGAATGTAAGTGGAAGGTGGTGATTCTGTCGGCAGGGCAATCCAACTCTTCTGGCTAAATACTTTATGCCATGTGCCATACTCAGACATACTCATCACACAATGAAATGAAGGGTGCCTCTCTCAAATTCCTGTGATTCCTTCCATCCTAACCTTTTCCTGCACCTCCTTTCTGCAGGAGGATCAAGGAGTGTATA,55451acd9e0333ffba84021c6024aaaaaeb4ca1ad92f896e1363393fc70fd58e,0.0,CCTAAGAATGTAAGTGGAAGGTGGTGATTCTGTCGGCAGGGCAATCCAACTCTTCTGGCTAAATACTTTATGCCATGTGCCATACTCAGACATACTCATGACACAATGAAATGAAGGGTGCCTCTCTCAAATTCCTGTGATTCCTTCCATCCTAACCTTTTCCTGCACCTCCTTTCTGCAGGAGGATCAAGGAGTGTATA,8cf0f600954103881bd3c01eca51fbbf4a413c5f5f702dcfef456a792ab25b3c,0.186005234695323,CCTAAGAATGTAAGTGGAAGGTGGTGATTCTGTCGGCAGGGCAATCCAACTCTTCTGGCTAAATACTTTATGCCATGTGCCATACTCAGACATACTCATCACACAATGAAATGAAGGATGCCTCTCTCAAATTCCTGTGATTCCTTCCATCCTAACCTTTTCCTGCACCTCCTTTCTGCAGGAGGATCAAGGAGTGTATA,cea8b3cc5a7b6e4b7c4c62b7c4cb0c6590661b436a3280e395f2e1e671f069c1,-0.225836495080644,CCTAAGAATGTAAGTGGAAGGTGGTGATTCTGTCGGCAGGGCAATCCAACTCTTCTGGCTAAATACTTTATGCCATGTGCCATACTCAGACATACTCATGACACAATGAAATGAAGGATGCCTCTCTCAAATTCCTGTGATTCCTTCCATCCTAACCTTTTCCTGCACCTCCTTTCTGCAGGAGGATCAAGGAGTGTATA,e6d1c5f5dfa6c347cb629e8e6e3f7d75a20019d1e62cf377965753d2b07a9f32,0.153124772888463,0.1929560332737839,0.426266435847782,-377.14225166104734,-369.65214260830544,-355.3872534111142,-346.81802780600265,1.079116552369669,-1.0,-0.1929560332737839,0.0,2,0.1767657493188491,0.17490732828716207,0.146091925319964,0.21283886066865587,1.0
chr18:42829025:G:A;chr18:42829030:C:T;var1;middle;OL31|K562|6c9791e584cca645,chr18:42829025:G:A;chr18:42829030:C:T;var1;middle;OL31,K562,K562_region_00992,100,105,5,ATATTTTCATTGCTGTCCACGTTCCATAATTTTTCTCTTTTAAATTCCCTTTAGTGCCTTTTCAAGGAAATAGAAGAAAGGAGCCAGCGTCCTTTGGGGGTTACCTCTAAGATAGCAAGCACAGCACAGGACTACATATACACATGTGTCTGTTCATGTGTGTAAGCAGCTTCACTTGGGAGCAACCGATAACTCCATTT,05c65e91defacf48f0b762a82ce10828e7202a1a00032ec3d143d5671e9d7703,0.0,ATATTTTCATTGCTGTCCACGTTCCATAATTTTTCTCTTTTAAATTCCCTTTAGTGCCTTTTCAAGGAAATAGAAGAAAGGAGCCAGCGTCCTTTGGGGATTACCTCTAAGATAGCAAGCACAGCACAGGACTACATATACACATGTGTCTGTTCATGTGTGTAAGCAGCTTCACTTGGGAGCAACCGATAACTCCATTT,29344d7b3a92b6b2767a096495757bf15067620e80b46c5190c6953ca5ad1d6c,0.33188858407035,ATATTTTCATTGCTGTCCACGTTCCATAATTTTTCTCTTTTAAATTCCCTTTAGTGCCTTTTCAAGGAAATAGAAGAAAGGAGCCAGCGTCCTTTGGGGGTTACTTCTAAGATAGCAAGCACAGCACAGGACTACATATACACATGTGTCTGTTCATGTGTGTAAGCAGCTTCACTTGGGAGCAACCGATAACTCCATTT,163f74d505680f7b5b13d551fbd8d1624af5c8e141f0a547c650f3147dac187c,0.252726147281462,ATATTTTCATTGCTGTCCACGTTCCATAATTTTTCTCTTTTAAATTCCCTTTAGTGCCTTTTCAAGGAAATAGAAGAAAGGAGCCAGCGTCCTTTGGGGATTACTTCTAAGATAGCAAGCACAGCACAGGACTACATATACACATGTGTCTGTTCATGTGTGTAAGCAGCTTCACTTGGGAGCAACCGATAACTCCATTT,6c9791e584cca645f4af32e8bd247bc3b88c9378e9d737cad0ae3370db702a15,0.548163880509013,0.0364508508427989,0.183563911135788,-372.063381804619,-366.729762381874,-371.3034670380876,-364.4628660567105,-1.5069815586321056,1.0,0.0364508508427989,0.0,2,0.1730001813784962,0.17490732828716207,0.146091925319964,0.272220266781328,1.0
chr18:44308614:C:A;chr18:44308687:C:T;var1;middle;OL41|K562|a50eb328f24e6b11,chr18:44308614:C:A;chr18:44308687:C:T;var1;middle;OL41,K562,K562_region_00993,100,173,73,CCCACCCCTGATGCCAGAGCCCAGGACCCCATGTGCTGACTGCTCAACCCAGTGGGGCACAGCGTGCAGCCCAGGTCACCAAGAGACTGGCCATGTGCTCAAGACAAAATGCAACTGAACCCATCCTTGCAAACCACCTCCAAGAGCCTCCTGCTTCAGGCTGAGGCCCCCCCACATGCTCTGGAGAGTGAGACTGAAGC,590bea1d9c3e9f3760ec290d32b73b91773c4d5077ad014e66be69ac9a6e7d1c,0.0,CCCACCCCTGATGCCAGAGCCCAGGACCCCATGTGCTGACTGCTCAACCCAGTGGGGCACAGCGTGCAGCCCAGGTCACCAAGAGACTGGCCATGTGCTAAAGACAAAATGCAACTGAACCCATCCTTGCAAACCACCTCCAAGAGCCTCCTGCTTCAGGCTGAGGCCCCCCCACATGCTCTGGAGAGTGAGACTGAAGC,f5a590df4ce917882649a24fc93e192256eff03597de07317f1e861fa76c58ce,-0.526509747812204,CCCACCCCTGATGCCAGAGCCCAGGACCCCATGTGCTGACTGCTCAACCCAGTGGGGCACAGCGTGCAGCCCAGGTCACCAAGAGACTGGCCATGTGCTCAAGACAAAATGCAACTGAACCCATCCTTGCAAACCACCTCCAAGAGCCTCCTGCTTCAGGCTGAGGCCCCCCTACATGCTCTGGAGAGTGAGACTGAAGC,9a5b4adb02e5a2c5fa9243e88a13e7168aa2636b0da81f8b578deecb063a8125,-0.80779143081436,CCCACCCCTGATGCCAGAGCCCAGGACCCCATGTGCTGACTGCTCAACCCAGTGGGGCACAGCGTGCAGCCCAGGTCACCAAGAGACTGGCCATGTGCTAAAGACAAAATGCAACTGAACCCATCCTTGCAAACCACCTCCAAGAGCCTCCTGCTTCAGGCTGAGGCCCCCCTACATGCTCTGGAGAGTGAGACTGAAGC,a50eb328f24e6b11e1cd1f2635547afbdbe9fc5abdacd2104066ba3edc1b692e,-1.01111532434878,-0.3231858542777841,0.368672935439539,-339.49489161837846,-343.45493160840124,-352.2384694973007,-358.5845858217217,2.38607633439824,1.0,-0.3231858542777841,0.0,2,0.1786687884315574,0.17490732828716207,0.146091925319964,0.20225538502583934,1.0
chr18:44337686:A:G;chr18:44337708:C:G;var1;middle;OL41|K562|58790606115ecd38,chr18:44337686:A:G;chr18:44337708:C:G;var1;middle;OL41,K562,K562_region_00994,100,122,22,GGAGCAAGGTCAGCCGGGCAGCCCTTCAAGGACGGCGCGCCGCTCCTGCATGCTGATGGCCTGCGGGGCTGCCTGCCCGTGCCCCGGCGCCCAACTCCTACAAGGAAGAAATTCAGGGGCTCCCCGCCCCCGCCACAGTCCTCTTCCCCCTCCCCAGCTGCAACTCGGCAGCCGTTCGTCAAAGACCCTGTTGTCACCGA,e51757a26cda1c9da2096fe445b0c1789b54784ffdc699cdcdc0aa6b38fa034b,0.0,GGAGCAAGGTCAGCCGGGCAGCCCTTCAAGGACGGCGCGCCGCTCCTGCATGCTGATGGCCTGCGGGGCTGCCTGCCCGTGCCCCGGCGCCCAACTCCTGCAAGGAAGAAATTCAGGGGCTCCCCGCCCCCGCCACAGTCCTCTTCCCCCTCCCCAGCTGCAACTCGGCAGCCGTTCGTCAAAGACCCTGTTGTCACCGA,33c4a73179fcfd6b8ceb0e8f98f10029dacde5506469be590dcecc26947049b8,0.0796331539086146,GGAGCAAGGTCAGCCGGGCAGCCCTTCAAGGACGGCGCGCCGCTCCTGCATGCTGATGGCCTGCGGGGCTGCCTGCCCGTGCCCCGGCGCCCAACTCCTACAAGGAAGAAATTCAGGGGCTGCCCGCCCCCGCCACAGTCCTCTTCCCCCTCCCCAGCTGCAACTCGGCAGCCGTTCGTCAAAGACCCTGTTGTCACCGA,9659ca9ac7b7de2d824ac92ce21e4e61d6492e2624b336eee619c8dc57b07cd0,-0.418822181811738,GGAGCAAGGTCAGCCGGGCAGCCCTTCAAGGACGGCGCGCCGCTCCTGCATGCTGATGGCCTGCGGGGCTGCCTGCCCGTGCCCCGGCGCCCAACTCCTGCAAGGAAGAAATTCAGGGGCTGCCCGCCCCCGCCACAGTCCTCTTCCCCCTCCCCAGCTGCAACTCGGCAGCCGTTCGTCAAAGACCCTGTTGTCACCGA,58790606115ecd38402bb77cacd25be8cb78863e494a4ecd35e455ea0fea2623,-0.105076553708887,0.2341124741942364,0.458705556612367,-302.1808765125461,-295.95447519933805,-305.0848148264922,-302.39727179449983,-3.538858281215653,-1.0,-0.2341124741942364,0.0,2,0.1700416045894872,0.17490732828716207,0.146091925319964,0.2603182231720827,1.0
chr18:44337686:A:G;chr18:44337725:T:G;var1;middle;OL41|K562|d3290ccc8b8accd2,chr18:44337686:A:G;chr18:44337725:T:G;var1;middle;OL41,K562,K562_region_00994,100,139,39,GGAGCAAGGTCAGCCGGGCAGCCCTTCAAGGACGGCGCGCCGCTCCTGCATGCTGATGGCCTGCGGGGCTGCCTGCCCGTGCCCCGGCGCCCAACTCCTACAAGGAAGAAATTCAGGGGCTCCCCGCCCCCGCCACAGTCCTCTTCCCCCTCCCCAGCTGCAACTCGGCAGCCGTTCGTCAAAGACCCTGTTGTCACCGA,e51757a26cda1c9da2096fe445b0c1789b54784ffdc699cdcdc0aa6b38fa034b,0.0,GGAGCAAGGTCAGCCGGGCAGCCCTTCAAGGACGGCGCGCCGCTCCTGCATGCTGATGGCCTGCGGGGCTGCCTGCCCGTGCCCCGGCGCCCAACTCCTGCAAGGAAGAAATTCAGGGGCTCCCCGCCCCCGCCACAGTCCTCTTCCCCCTCCCCAGCTGCAACTCGGCAGCCGTTCGTCAAAGACCCTGTTGTCACCGA,33c4a73179fcfd6b8ceb0e8f98f10029dacde5506469be590dcecc26947049b8,0.0800308237331638,GGAGCAAGGTCAGCCGGGCAGCCCTTCAAGGACGGCGCGCCGCTCCTGCATGCTGATGGCCTGCGGGGCTGCCTGCCCGTGCCCCGGCGCCCAACTCCTACAAGGAAGAAATTCAGGGGCTCCCCGCCCCCGCCACAGGCCTCTTCCCCCTCCCCAGCTGCAACTCGGCAGCCGTTCGTCAAAGACCCTGTTGTCACCGA,52d0207ae94ac5c69ee086bbe15b5c4fdc6d48d6eea5e469ebda325d6d61e61d,0.137747357194854,GGAGCAAGGTCAGCCGGGCAGCCCTTCAAGGACGGCGCGCCGCTCCTGCATGCTGATGGCCTGCGGGGCTGCCTGCCCGTGCCCCGGCGCCCAACTCCTGCAAGGAAGAAATTCAGGGGCTCCCCGCCCCCGCCACAGGCCTCTTCCCCCTCCCCAGCTGCAACTCGGCAGCCGTTCGTCAAAGACCCTGTTGTCACCGA,d3290ccc8b8accd28f5c278be0bf66b56844e2e91a68dbc59b13bc73a937824d,0.238168108488841,-0.0203899275608231,0.385726359945246,-302.1808765125461,-295.95447519933805,-306.0804610652849,-307.33259523427114,7.478535482194275,1.0,-0.0203899275608231,0.0,2,0.1860838206853296,0.17490732828716207,0.146091925319964,0.2471989985640854,1.0
chr18:44337708:C:G;chr18:44337725:T:G;var1;middle;OL41|K562|b68944613c3a865c,chr18:44337708:C:G;chr18:44337725:T:G;var1;middle;OL41,K562,K562_region_00994,100,117,17,CCTTCAAGGACGGCGCGCCGCTCCTGCATGCTGATGGCCTGCGGGGCTGCCTGCCCGTGCCCCGGCGCCCAACTCCTACAAGGAAGAAATTCAGGGGCTCCCCGCCCCCGCCACAGTCCTCTTCCCCCTCCCCAGCTGCAACTCGGCAGCCGTTCGTCAAAGACCCTGTTGTCACCGAGACACTGGGACCTTGTCTCATC,93a3a634c59e05dc8ecdb40b89308a2020e7dfcd9537f5a759b9717f873b12ad,0.0,CCTTCAAGGACGGCGCGCCGCTCCTGCATGCTGATGGCCTGCGGGGCTGCCTGCCCGTGCCCCGGCGCCCAACTCCTACAAGGAAGAAATTCAGGGGCTGCCCGCCCCCGCCACAGTCCTCTTCCCCCTCCCCAGCTGCAACTCGGCAGCCGTTCGTCAAAGACCCTGTTGTCACCGAGACACTGGGACCTTGTCTCATC,98f9f92bdc6353c1e68e6cf22cc8322b44c0ad19fdc891862fc8c0fbde6e9ed8,-0.0116341420916939,CCTTCAAGGACGGCGCGCCGCTCCTGCATGCTGATGGCCTGCGGGGCTGCCTGCCCGTGCCCCGGCGCCCAACTCCTACAAGGAAGAAATTCAGGGGCTCCCCGCCCCCGCCACAGGCCTCTTCCCCCTCCCCAGCTGCAACTCGGCAGCCGTTCGTCAAAGACCCTGTTGTCACCGAGACACTGGGACCTTGTCTCATC,80daa48efd3508ae610846314a9bdd65a345d3d3d059e002a40392e07b8a5999,0.0274817045760308,CCTTCAAGGACGGCGCGCCGCTCCTGCATGCTGATGGCCTGCGGGGCTGCCTGCCCGTGCCCCGGCGCCCAACTCCTACAAGGAAGAAATTCAGGGGCTGCCCGCCCCCGCCACAGGCCTCTTCCCCCTCCCCAGCTGCAACTCGGCAGCCGTTCGTCAAAGACCCTGTTGTCACCGAGACACTGGGACCTTGTCTCATC,b68944613c3a865cae66cd014280fd517121a116bd4cb0bd3226f0fa7cffaf01,0.123763219254059,0.1079156567697221,0.612856313947265,-288.5756519357674,-305.3163637171965,-289.0471996329725,-317.09590197261423,-11.307990558212623,-1.0,-0.1079156567697221,0.0,2,0.15872911984570917,0.17490732828716207,0.146091925319964,0.16765213825971645,1.0
chr18:47158186:T:C;chr18:47158234:C:T;var1;middle;OL31|K562|dd437c3b159a4bb1,chr18:47158186:T:C;chr18:47158234:C:T;var1;middle;OL31,K562,K562_region_00995,100,148,48,CTGATTTGGACCCTGGGCTCCAGCCAAGCCTGTTTCTTCACTGTCCCTGTCACATGCTCCCTGCTCCCCTGGGCGATCACATTTGCTCATTCTGTACTCTAGTCCCTACTTTTGTCCCCAGTCCTGGTTATTGTCCCCAAGGTCAGACTGAACCCCACCTCATCCATAATCCCCACCTCCAGATCTCTTGGGACCGGAAG,778975d13caf292177f986bd72e7e6304d1cf2190cd6f5015741a3c98e727129,0.0,CTGATTTGGACCCTGGGCTCCAGCCAAGCCTGTTTCTTCACTGTCCCTGTCACATGCTCCCTGCTCCCCTGGGCGATCACATTTGCTCATTCTGTACTCCAGTCCCTACTTTTGTCCCCAGTCCTGGTTATTGTCCCCAAGGTCAGACTGAACCCCACCTCATCCATAATCCCCACCTCCAGATCTCTTGGGACCGGAAG,4d2e595dc36a0818c67bf0e8cbabedde148ac6d1e9f89873e99514be3671413e,0.300508000506437,CTGATTTGGACCCTGGGCTCCAGCCAAGCCTGTTTCTTCACTGTCCCTGTCACATGCTCCCTGCTCCCCTGGGCGATCACATTTGCTCATTCTGTACTCTAGTCCCTACTTTTGTCCCCAGTCCTGGTTATTGTCCCCAAGGTCAGATTGAACCCCACCTCATCCATAATCCCCACCTCCAGATCTCTTGGGACCGGAAG,54f1de3fd32081a2dfa955581305491d659366b95029c2d54038a67a5b05bce9,0.244146796272402,CTGATTTGGACCCTGGGCTCCAGCCAAGCCTGTTTCTTCACTGTCCCTGTCACATGCTCCCTGCTCCCCTGGGCGATCACATTTGCTCATTCTGTACTCCAGTCCCTACTTTTGTCCCCAGTCCTGGTTATTGTCCCCAAGGTCAGATTGAACCCCACCTCATCCATAATCCCCACCTCCAGATCTCTTGGGACCGGAAG,dd437c3b159a4bb1a1da8208118a12f19569d8c0b623682268e3851ad88cfe67,0.102508747056597,0.442146049722242,0.594447460101898,-237.96580331027508,-236.3937630057335,-241.39332166314125,-240.1471820473671,0.32590068876743317,1.0,0.442146049722242,0.0,1,0.18269674402722222,0.18216460459877223,0.1501433469024087,0.12203706231838936,1.0
chr18:48147793:T:C;chr18:48147876:G:A;var1;middle;OL28|K562|350d44e4820fa050,chr18:48147793:T:C;chr18:48147876:G:A;var1;middle;OL28,K562,K562_region_00996,100,183,83,AATAACAACTGTTCTTAAGCACAAAAATGTGCCCTAAAGATACATAGTGCTGCAGGGAATGAGAGTGGGGCAATATCTATGTGAGCAGGAAACCTTAAATACAAGGGAGAAAAATGGGACACGATCCTAATGGCAGAGGCTGCTATTATAGGTTTGGGGCCAGCAGAATTACTTGGTGAGATGAAAAGTCACAGAGAGCC,e9f4523465a4bb114b47329b0193cfdd79be9693834a087897152aba97055d81,0.0,AATAACAACTGTTCTTAAGCACAAAAATGTGCCCTAAAGATACATAGTGCTGCAGGGAATGAGAGTGGGGCAATATCTATGTGAGCAGGAAACCTTAAACACAAGGGAGAAAAATGGGACACGATCCTAATGGCAGAGGCTGCTATTATAGGTTTGGGGCCAGCAGAATTACTTGGTGAGATGAAAAGTCACAGAGAGCC,ec7e0150dbc437c409508a9d154e5dc91484aaa91604aa7ce95dfb53283ecf48,0.0206562077123894,AATAACAACTGTTCTTAAGCACAAAAATGTGCCCTAAAGATACATAGTGCTGCAGGGAATGAGAGTGGGGCAATATCTATGTGAGCAGGAAACCTTAAATACAAGGGAGAAAAATGGGACACGATCCTAATGGCAGAGGCTGCTATTATAGGTTTGGGGCCAGCAGAATTACTTGGTGAGATAAAAAGTCACAGAGAGCC,b31cf62e7dfb2f53f3f1c29e864af0cee70a2d1dc3589faf72121722152fa501,0.223472522853186,AATAACAACTGTTCTTAAGCACAAAAATGTGCCCTAAAGATACATAGTGCTGCAGGGAATGAGAGTGGGGCAATATCTATGTGAGCAGGAAACCTTAAACACAAGGGAGAAAAATGGGACACGATCCTAATGGCAGAGGCTGCTATTATAGGTTTGGGGCCAGCAGAATTACTTGGTGAGATAAAAAGTCACAGAGAGCC,350d44e4820fa0507255edbfe2d6ede1f664b2184cba06abf957d8d2a3dbbc32,0.320847373202864,-0.0767186426372885,0.158942691839356,-298.3092083428055,-306.2749506793916,-307.1349328607321,-304.9274879116565,-10.173187285661697,1.0,-0.0767186426372885,0.0,2,0.1603814851614512,0.17490732828716207,0.146091925319964,0.2633280287932037,1.0
chr18:51773423:A:T;chr18:51773444:C:T;var1;middle;OL27|K562|b1f4bbb01bf8eace,chr18:51773423:A:T;chr18:51773444:C:T;var1;middle;OL27,K562,K562_region_00997,100,121,21,GGGATAGTTTTTAAACCCTTTTGGTCTTTACCATTTGAATAATGAAGAGTTCTGTTCTCCTCTTTCAGAGACGCTGTATTTACACACACACACACACACACACACTCTCTCTCTCTCTCTCTCTGTCTCTCCACAGCCCCACCCCCCATCTTTGTTCTTCCCCAAGGCAAGAACAGATGTTTATTTAATTAGTGAAAGGA,892315dcfab340dd4a49ea9c1f9ff72b1340503dfa3a73db94229701fb8ac047,0.0,GGGATAGTTTTTAAACCCTTTTGGTCTTTACCATTTGAATAATGAAGAGTTCTGTTCTCCTCTTTCAGAGACGCTGTATTTACACACACACACACACACTCACACTCTCTCTCTCTCTCTCTCTGTCTCTCCACAGCCCCACCCCCCATCTTTGTTCTTCCCCAAGGCAAGAACAGATGTTTATTTAATTAGTGAAAGGA,c02b5bd08f5a38c498526c1be1a6a5b72f0ac394201fa720b193a306f3d8e869,0.034037064958991,GGGATAGTTTTTAAACCCTTTTGGTCTTTACCATTTGAATAATGAAGAGTTCTGTTCTCCTCTTTCAGAGACGCTGTATTTACACACACACACACACACACACACTCTCTCTCTCTCTCTTTCTGTCTCTCCACAGCCCCACCCCCCATCTTTGTTCTTCCCCAAGGCAAGAACAGATGTTTATTTAATTAGTGAAAGGA,6428a4a290c2f4ab7b5d64fdf3cd5fbfa779d51b384e3c2312f0e7b1b09316a5,-0.0831636390675557,GGGATAGTTTTTAAACCCTTTTGGTCTTTACCATTTGAATAATGAAGAGTTCTGTTCTCCTCTTTCAGAGACGCTGTATTTACACACACACACACACACTCACACTCTCTCTCTCTCTCTTTCTGTCTCTCCACAGCCCCACCCCCCATCTTTGTTCTTCCCCAAGGCAAGAACAGATGTTTATTTAATTAGTGAAAGGA,b1f4bbb01bf8eacecdadd940f55a18f3957b5ece1e0d97e3206e744bcbde4c18,-0.0958389643149869,0.0467123902064222,0.124564951202699,-198.4770102982875,-203.1128187738359,-205.20339026651345,-207.22897889837623,-2.610219843685627,1.0,0.0467123902064222,0.0,2,0.171393777236637,0.17490732828716207,0.146091925319964,0.4465516788676646,1.0
chr18:53076736:C:T;chr18:53076790:G:A;var1;middle;OL31|K562|6ffce4f0a579252d,chr18:53076736:C:T;chr18:53076790:G:A;var1;middle;OL31,K562,K562_region_00998,100,154,54,CTATGTTACCCAAGGTGCTCTCTAACTCCTATGCTCAAGGATTCTTCTGCACTGCTCTCCAGAGGAGCTGGGATCACAGACATGAGACACTGTACTTGGCTTTCAATTTAGTTTTATACAATGTTTCCTAAACTGACTTGAGCATACATGCCCGTCCCCATCTTTTTTGTGTCTATTAATACAAGAGCTGATGACCTTTC,f2d6dbb3c2e76333f263477cebd50a1f62637d757c136127b2633aa54070b100,0.0,CTATGTTACCCAAGGTGCTCTCTAACTCCTATGCTCAAGGATTCTTCTGCACTGCTCTCCAGAGGAGCTGGGATCACAGACATGAGACACTGTACTTGGTTTTCAATTTAGTTTTATACAATGTTTCCTAAACTGACTTGAGCATACATGCCCGTCCCCATCTTTTTTGTGTCTATTAATACAAGAGCTGATGACCTTTC,8fd36bde071bf1d83c3953be6d6af07b1c771211a4a6572e5e43cea076cd5635,0.220291539857508,CTATGTTACCCAAGGTGCTCTCTAACTCCTATGCTCAAGGATTCTTCTGCACTGCTCTCCAGAGGAGCTGGGATCACAGACATGAGACACTGTACTTGGCTTTCAATTTAGTTTTATACAATGTTTCCTAAACTGACTTGAGCATACATGCCCATCCCCATCTTTTTTGTGTCTATTAATACAAGAGCTGATGACCTTTC,7c3cc65b445947cfc25dca59cad5d45f050512f4cc1297e0ce5de55174387c12,0.741076879246946,CTATGTTACCCAAGGTGCTCTCTAACTCCTATGCTCAAGGATTCTTCTGCACTGCTCTCCAGAGGAGCTGGGATCACAGACATGAGACACTGTACTTGGTTTTCAATTTAGTTTTATACAATGTTTCCTAAACTGACTTGAGCATACATGCCCATCCCCATCTTTTTTGTGTCTATTAATACAAGAGCTGATGACCTTTC,6ffce4f0a579252d7cf5b2e45235cc8229c18ff1c25bc7cc23ba4472a90ad87c,0.398664746080349,0.5627036730241051,0.477027451521863,-237.8083814196289,-237.72123564127835,-224.5741851758212,-227.486305039376,2.9992656419053105,1.0,0.5627036730241051,0.0,3,0.18751407282951177,0.18106719778262317,0.1474303780702046,0.20867981200376687,1.0
chr18:54702677:T:C;chr18:54702725:G:A;var1;middle;OL41|K562|3b5cec134fe46409,chr18:54702677:T:C;chr18:54702725:G:A;var1;middle;OL41,K562,K562_region_00999,100,148,48,AGGAGATTGAACAACCCGCAAGGACCCAGGGAAAAAGTGCTGCCCTGATGTTATAAGCTGCTTGGCTTGGAGAAAATGGTGGCTGACACTAAGAAGAAATGTCAGAACTGATGTGACAGAGGGTGGAGGCAAGAACAGGAAAGCTCAGAGTGAGGAGACTGCTGGAGCAGGTATGCTAGGTACCCCCAAATCCACTGGAT,44ef61736d773f106ce18b783d30f79e0632e2ca40ba716a8ec8c0976f026f58,0.0,AGGAGATTGAACAACCCGCAAGGACCCAGGGAAAAAGTGCTGCCCTGATGTTATAAGCTGCTTGGCTTGGAGAAAATGGTGGCTGACACTAAGAAGAAACGTCAGAACTGATGTGACAGAGGGTGGAGGCAAGAACAGGAAAGCTCAGAGTGAGGAGACTGCTGGAGCAGGTATGCTAGGTACCCCCAAATCCACTGGAT,26fe35d2bdb9c6beb300b5a5133988cd550f2ebc2ca462ae17387e8e8912c69c,1.16610224144471,AGGAGATTGAACAACCCGCAAGGACCCAGGGAAAAAGTGCTGCCCTGATGTTATAAGCTGCTTGGCTTGGAGAAAATGGTGGCTGACACTAAGAAGAAATGTCAGAACTGATGTGACAGAGGGTGGAGGCAAGAACAGGAAAGCTCAAAGTGAGGAGACTGCTGGAGCAGGTATGCTAGGTACCCCCAAATCCACTGGAT,60d0b2d8fbaa3579af1e9179bedacda87199ff54143bb97197f8675e7cc71a73,-0.235324673185788,AGGAGATTGAACAACCCGCAAGGACCCAGGGAAAAAGTGCTGCCCTGATGTTATAAGCTGCTTGGCTTGGAGAAAATGGTGGCTGACACTAAGAAGAAACGTCAGAACTGATGTGACAGAGGGTGGAGGCAAGAACAGGAAAGCTCAAAGTGAGGAGACTGCTGGAGCAGGTATGCTAGGTACCCCCAAATCCACTGGAT,3b5cec134fe46409088a99475aa70f3089f1bebcd855b57cc48c0296ecc31a81,0.005443802561992,-0.92533376569693,0.224978331158617,-386.372120781336,-401.01216938579455,-392.3690933680628,-406.45954365096986,0.549598321551457,-1.0,0.92533376569693,0.0,2,0.17599472796226606,0.17490732828716207,0.146091925319964,0.17844347663458945,1.0
chr18:55091293:C:T;chr18:55091318:G:A;var1;middle;OL41|K562|1925498b4f7e514c,chr18:55091293:C:T;chr18:55091318:G:A;var1;middle;OL41,K562,K562_region_01000,100,125,25,AAAAAACACCAGGAATACAAATACAAAATATCCAGGATTTCTGCTGTTTGCTTATATTGTGTAACAAAACTAATGTTAAACATGACCCTTGAAACTGTCCTGGCATCCTTCAGTCAGATACTATGATGAGTATGATGAGCCCATAGTAAATTTCACTATAGTTCCACTTGGAAGAAAATACTTTTTCCTAAGTTCTTAGA,c666b51ca16e5e56025858cfade25af2dafcf241655c8ab5aea7cd338416253b,0.0,AAAAAACACCAGGAATACAAATACAAAATATCCAGGATTTCTGCTGTTTGCTTATATTGTGTAACAAAACTAATGTTAAACATGACCCTTGAAACTGTCTTGGCATCCTTCAGTCAGATACTATGATGAGTATGATGAGCCCATAGTAAATTTCACTATAGTTCCACTTGGAAGAAAATACTTTTTCCTAAGTTCTTAGA,f90a1ac9249e83c1075022fb6950f45119bbf61b40e64985aaca041aebcecd4e,-0.318121055940882,AAAAAACACCAGGAATACAAATACAAAATATCCAGGATTTCTGCTGTTTGCTTATATTGTGTAACAAAACTAATGTTAAACATGACCCTTGAAACTGTCCTGGCATCCTTCAGTCAGATACTATAATGAGTATGATGAGCCCATAGTAAATTTCACTATAGTTCCACTTGGAAGAAAATACTTTTTCCTAAGTTCTTAGA,611ada6fecf9cd10fd7ea2b4c6315170576a2ef741498520ea98510275a8d614,-0.868802956400382,AAAAAACACCAGGAATACAAATACAAAATATCCAGGATTTCTGCTGTTTGCTTATATTGTGTAACAAAACTAATGTTAAACATGACCCTTGAAACTGTCTTGGCATCCTTCAGTCAGATACTATAATGAGTATGATGAGCCCATAGTAAATTTCACTATAGTTCCACTTGGAAGAAAATACTTTTTCCTAAGTTCTTAGA,1925498b4f7e514cb5b76369a9a858c2a236c25af4f64396081aa9c5e894dfe2,-0.293513401586307,0.8934106107549569,0.434000195588527,-262.79292235709727,-248.9593836851418,-288.4072320293635,-277.8852541670203,-3.311560809612274,-1.0,-0.8934106107549569,0.0,2,0.17037256808555556,0.17490732828716207,0.146091925319964,0.2864475123401943,1.0
chr18:60793494:C:T;chr18:60793549:C:T;var1;middle;OL27|K562|dbbb1cc31b558b93,chr18:60793494:C:T;chr18:60793549:C:T;var1;middle;OL27,K562,K562_region_01001,100,155,55,TAAAAATTAGAATCATTCAAAGGTCTGATCATTCTGTTCCCTGAGGCCCGCCGGGGAGGTCTGGCTTCATACCACAGGTTTCCTGCTTTCTTGGTGGAGCGTAAGCACCACTGCATTTCAGGAAGACCCTGAAGGACAGCCATGAGAAAGCCCCCGCGGAAGGAGGGCAGGAGGGCTCTGGGTGGGTCTGTGTTGAAACA,0098db624bcfae6bb2bd3038cda5ea89f22f595be00974d39827712c997c2371,0.0,TAAAAATTAGAATCATTCAAAGGTCTGATCATTCTGTTCCCTGAGGCCCGCCGGGGAGGTCTGGCTTCATACCACAGGTTTCCTGCTTTCTTGGTGGAGTGTAAGCACCACTGCATTTCAGGAAGACCCTGAAGGACAGCCATGAGAAAGCCCCCGCGGAAGGAGGGCAGGAGGGCTCTGGGTGGGTCTGTGTTGAAACA,b17d6ecc25d36c72f544092d0f7920a43734af26bf5147a8b23023ffd20f2dfb,-0.121773533579739,TAAAAATTAGAATCATTCAAAGGTCTGATCATTCTGTTCCCTGAGGCCCGCCGGGGAGGTCTGGCTTCATACCACAGGTTTCCTGCTTTCTTGGTGGAGCGTAAGCACCACTGCATTTCAGGAAGACCCTGAAGGACAGCCATGAGAAAGCCCCTGCGGAAGGAGGGCAGGAGGGCTCTGGGTGGGTCTGTGTTGAAACA,5840561b831a507831fc01f222f9c2a399ccc15601a3684c03dae90f0f8dd464,-0.1521532959931,TAAAAATTAGAATCATTCAAAGGTCTGATCATTCTGTTCCCTGAGGCCCGCCGGGGAGGTCTGGCTTCATACCACAGGTTTCCTGCTTTCTTGGTGGAGTGTAAGCACCACTGCATTTCAGGAAGACCCTGAAGGACAGCCATGAGAAAGCCCCTGCGGAAGGAGGGCAGGAGGGCTCTGGGTGGGTCTGTGTTGAAACA,dbbb1cc31b558b932990f9a777dc844d2b5a8aaf6061177ecdb5da171d7d2939,-0.108758165644114,0.1651686639287249,0.125561806642257,-318.39692590152845,-283.86401344370097,-338.92142883932684,-297.2369225965813,7.151593784918077,-1.0,-0.1651686639287249,0.0,1,0.189641476320429,0.18216460459877223,0.1501433469024087,0.2386541727080022,1.0
chr18:60846656:T:C;chr18:60846738:G:A;var1;middle;OL30|K562|88d13df355538397,chr18:60846656:T:C;chr18:60846738:G:A;var1;middle;OL30,K562,K562_region_01002,100,182,82,CTGAGAGAAAGCTGCTCCGGTTGGCAGCATTGCCAGATTCTCAGACACACCGTACATTCCAGCCCCCGAAAAGGCCATCCTGAGTCCCTCTAGGGCCCCTGGGGCTCTCATCTCATCCCAAATATTTGGAACTGTCTGTGCCTGCTATAATACACAAGAGCCCCTTCCCATGTTTTCTCCTGGTGCTATTTGTAAAGGTG,8d7efe374b9c7ec8eb882a430d420b329a3cf0728443bfeabf18a0eded2df3f1,0.0,CTGAGAGAAAGCTGCTCCGGTTGGCAGCATTGCCAGATTCTCAGACACACCGTACATTCCAGCCCCCGAAAAGGCCATCCTGAGTCCCTCTAGGGCCCCCGGGGCTCTCATCTCATCCCAAATATTTGGAACTGTCTGTGCCTGCTATAATACACAAGAGCCCCTTCCCATGTTTTCTCCTGGTGCTATTTGTAAAGGTG,e592cfa7ffe9df7e2c517bf098a4346f734f20f8e508e9963adca88ec63b7a6c,0.16114174057907,CTGAGAGAAAGCTGCTCCGGTTGGCAGCATTGCCAGATTCTCAGACACACCGTACATTCCAGCCCCCGAAAAGGCCATCCTGAGTCCCTCTAGGGCCCCTGGGGCTCTCATCTCATCCCAAATATTTGGAACTGTCTGTGCCTGCTATAATACACAAGAGCCCCTTCCCATGTTTTCTCCTAGTGCTATTTGTAAAGGTG,be352dc16616b86b6b96cdfe7837a9ecb62e2ceba4a4c93f36676b3288ae3246,0.412712673139948,CTGAGAGAAAGCTGCTCCGGTTGGCAGCATTGCCAGATTCTCAGACACACCGTACATTCCAGCCCCCGAAAAGGCCATCCTGAGTCCCTCTAGGGCCCCCGGGGCTCTCATCTCATCCCAAATATTTGGAACTGTCTGTGCCTGCTATAATACACAAGAGCCCCTTCCCATGTTTTCTCCTAGTGCTATTTGTAAAGGTG,88d13df35553839756cc8a1e51e867c99f74c8be2f54beee734f4635b752be94,0.778778909744885,-0.2049244960258669,0.384676747971845,-372.6887715253979,-378.4441611482762,-375.0502534285188,-379.8612162452191,-0.944426806177944,1.0,-0.2049244960258669,0.0,2,0.17381930658164405,0.17490732828716207,0.146091925319964,0.26881812422486107,1.0
chr18:61630803:A:C;chr18:61630884:G:C;var1;middle;OL41|K562|81f7c39401dd2583,chr18:61630803:A:C;chr18:61630884:G:C;var1;middle;OL41,K562,K562_region_01003,100,181,81,CCACCACCTCGGCCTCCCAAAGTGCTGAGATTACAGACATGAGCCACCGCACCAGGCCGGAAGTAGTTTGCTTTCTCTAGCTGCTTGTGACCAAGCATAAAATGTTTTACCAGTGAATTCCTTAGATATTGTCCTTGAGATGAAGGATTCTGGAGAGGATCAGGAAAAGAGACAGATTCAGTAGTTATCATCCAGATTTA,09f5376c40904ab8fed72847270b65b10d7cbb337cc84f3cadd0e60205b58d77,0.0,CCACCACCTCGGCCTCCCAAAGTGCTGAGATTACAGACATGAGCCACCGCACCAGGCCGGAAGTAGTTTGCTTTCTCTAGCTGCTTGTGACCAAGCATACAATGTTTTACCAGTGAATTCCTTAGATATTGTCCTTGAGATGAAGGATTCTGGAGAGGATCAGGAAAAGAGACAGATTCAGTAGTTATCATCCAGATTTA,7c13f0e0e7645345f5bbc2ec6104622c2a9fab3672cef7686586bc9ab76d0962,-0.155276371970102,CCACCACCTCGGCCTCCCAAAGTGCTGAGATTACAGACATGAGCCACCGCACCAGGCCGGAAGTAGTTTGCTTTCTCTAGCTGCTTGTGACCAAGCATAAAATGTTTTACCAGTGAATTCCTTAGATATTGTCCTTGAGATGAAGGATTCTGGAGAGGATCAGGAAAAGAGACAGATTCACTAGTTATCATCCAGATTTA,6ac58e15e3732c17cd04e583c287f7c16560d96fbddcc8d623c8d4bdbeedd385,0.117165027356206,CCACCACCTCGGCCTCCCAAAGTGCTGAGATTACAGACATGAGCCACCGCACCAGGCCGGAAGTAGTTTGCTTTCTCTAGCTGCTTGTGACCAAGCATACAATGTTTTACCAGTGAATTCCTTAGATATTGTCCTTGAGATGAAGGATTCTGGAGAGGATCAGGAAAAGAGACAGATTCACTAGTTATCATCCAGATTTA,81f7c39401dd25838c3d33c9ac925ddcad148eb83e4c5521e07c5f1c004fa548,-0.119128232339756,-0.08101688772586,0.227563115696038,-205.4205200430005,-208.0002826498821,-206.84354155510664,-209.17998779471964,0.24331636726864758,-1.0,0.08101688772586,0.0,0,0.18608856679923186,0.18565657667894103,0.15145376406925343,0.1312260416048973,1.0
chr18:61637222:C:G;chr18:61637225:A:G;var1;middle;OL41|K562|31ca723eeaee6bf7,chr18:61637222:C:G;chr18:61637225:A:G;var1;middle;OL41,K562,K562_region_01004,100,103,3,TCAAACGTGAATCAACGGTGAAAAAAGGACAATAGCCAATGTGTACACTTTTTATAAAAACCACCCTCCAAGGACCAGGCACTGGCCCTCTCTCCGGTGCCCACAGACATCCACACAGGCCCAAAGAATCAGGGATTGCACAAGCCAGAGCAATCGAACGGTTCTGAGTCATCTGCCGGAAGCCTTGCCCTCAATCAAGG,09e9821ad67cd2c3c89a1edf811df8db129cfb9603b771e1dbfa13dadf90edfe,0.0,TCAAACGTGAATCAACGGTGAAAAAAGGACAATAGCCAATGTGTACACTTTTTATAAAAACCACCCTCCAAGGACCAGGCACTGGCCCTCTCTCCGGTGGCCACAGACATCCACACAGGCCCAAAGAATCAGGGATTGCACAAGCCAGAGCAATCGAACGGTTCTGAGTCATCTGCCGGAAGCCTTGCCCTCAATCAAGG,c1404e2c4882eba5c40f198296fd844d2d2501eebf99772b38f481c33efff53a,0.621401858221059,TCAAACGTGAATCAACGGTGAAAAAAGGACAATAGCCAATGTGTACACTTTTTATAAAAACCACCCTCCAAGGACCAGGCACTGGCCCTCTCTCCGGTGCCCGCAGACATCCACACAGGCCCAAAGAATCAGGGATTGCACAAGCCAGAGCAATCGAACGGTTCTGAGTCATCTGCCGGAAGCCTTGCCCTCAATCAAGG,ad463c8cc21605852bb5213974ed3a3924fb90f8adc519f7b00b003a76902faa,0.202719608244874,TCAAACGTGAATCAACGGTGAAAAAAGGACAATAGCCAATGTGTACACTTTTTATAAAAACCACCCTCCAAGGACCAGGCACTGGCCCTCTCTCCGGTGGCCGCAGACATCCACACAGGCCCAAAGAATCAGGGATTGCACAAGCCAGAGCAATCGAACGGTTCTGAGTCATCTGCCGGAAGCCTTGCCCTCAATCAAGG,31ca723eeaee6bf72a640ffb7654104c4665c6930681c286d91b22140ff92bde,0.499676682911975,0.324444783553958,0.247252413615231,-336.17528974148445,-337.65040254360065,-348.8391185074579,-350.38321969052777,0.06898838095366955,1.0,0.324444783553958,0.0,4,0.17628483125780123,0.17620727786206916,0.145609630836647,0.2491186748068606,1.0
chr18:61637819:A:C;chr18:61637862:C:A;var1;middle;OL41|K562|0e68236efb8a7c14,chr18:61637819:A:C;chr18:61637862:C:A;var1;middle;OL41,K562,K562_region_01005,100,143,43,AGAGGGAGCGTCTGTTTCTAGGCTTGCGATTTGCTGCGCTGTGATTTGCTGCCGGATGGGAGCGGGGGGTGACGCGAGCAGTGAGTTTGGAAGCGCCGGAAGCTTGGGCGGGAGCCCCGGGAGGGCGAGTGGGAGGAGCCGCCGCTGCGGAGGAGGCTCCGGGAGTGCGGGTGGCGGGGCCTGGAATTTCCGTGGCGCCT,444b911d12246c1e56afe94f772ac6cd11ed29026b414d1c8a9fc0afc51e8ca9,0.0,AGAGGGAGCGTCTGTTTCTAGGCTTGCGATTTGCTGCGCTGTGATTTGCTGCCGGATGGGAGCGGGGGGTGACGCGAGCAGTGAGTTTGGAAGCGCCGGCAGCTTGGGCGGGAGCCCCGGGAGGGCGAGTGGGAGGAGCCGCCGCTGCGGAGGAGGCTCCGGGAGTGCGGGTGGCGGGGCCTGGAATTTCCGTGGCGCCT,ea72ba8e9218517d19e7d5e393457ffdf16e4798ac9e64070291601551747074,-1.83216768695893,AGAGGGAGCGTCTGTTTCTAGGCTTGCGATTTGCTGCGCTGTGATTTGCTGCCGGATGGGAGCGGGGGGTGACGCGAGCAGTGAGTTTGGAAGCGCCGGAAGCTTGGGCGGGAGCCCCGGGAGGGCGAGTGGGAGGAGCCGCAGCTGCGGAGGAGGCTCCGGGAGTGCGGGTGGCGGGGCCTGGAATTTCCGTGGCGCCT,68bd66f19c8f50317c1e39f7df769fe62209c3efb38d850b7d78a273a5e272ad,-0.154043860159731,AGAGGGAGCGTCTGTTTCTAGGCTTGCGATTTGCTGCGCTGTGATTTGCTGCCGGATGGGAGCGGGGGGTGACGCGAGCAGTGAGTTTGGAAGCGCCGGCAGCTTGGGCGGGAGCCCCGGGAGGGCGAGTGGGAGGAGCCGCAGCTGCGGAGGAGGCTCCGGGAGTGCGGGTGGCGGGGCCTGGAATTTCCGTGGCGCCT,0e68236efb8a7c14112fc0692833a7706f1cc57324fa62b0f3991b36f9816ed4,-1.80972074107371,0.176490806044951,0.249545081609595,-350.5400132519426,-347.6861881056684,-337.51098874607123,-335.52367188886274,-0.8665082890656777,-1.0,-0.176490806044951,0.0,1,0.181483539592388,0.18216460459877223,0.1501433469024087,0.03593279026595833,1.0
chr18:6728467:G:A;chr18:6728488:G:A;var1;middle;OL41|K562|d752de4068270e85,chr18:6728467:G:A;chr18:6728488:G:A;var1;middle;OL41,K562,K562_region_00976,100,121,21,CCCACGAGATGAACGTTATTTTCCCCATTTCACAGATGCAGCAACAGAGATTCTGAGATGTTAAGTAGCATGATCAAGTTGCCCTCCAGTAAGGGATAGGTTAACTTGTCTTTCCACTTCGTCTAGCTCCTAGAGATGCACGGAAGAGACAGCAGATAAAACACATTGTCCGTGTGAGTAAAACATTCACGTGGGCCTCT,744511020efade981378766674f6bedae6c7897eac711ed7797ae0d96f3d04a3,0.0,CCCACGAGATGAACGTTATTTTCCCCATTTCACAGATGCAGCAACAGAGATTCTGAGATGTTAAGTAGCATGATCAAGTTGCCCTCCAGTAAGGGATAGATTAACTTGTCTTTCCACTTCGTCTAGCTCCTAGAGATGCACGGAAGAGACAGCAGATAAAACACATTGTCCGTGTGAGTAAAACATTCACGTGGGCCTCT,dd433c19ea14f34600d5671ccde4e43f0d1edd083d1cb77688dc098d3304f9d1,-0.0357654251978013,CCCACGAGATGAACGTTATTTTCCCCATTTCACAGATGCAGCAACAGAGATTCTGAGATGTTAAGTAGCATGATCAAGTTGCCCTCCAGTAAGGGATAGGTTAACTTGTCTTTCCACTTCATCTAGCTCCTAGAGATGCACGGAAGAGACAGCAGATAAAACACATTGTCCGTGTGAGTAAAACATTCACGTGGGCCTCT,01cf973e02cfa16805e428cbc3bd0b6f13275aa41fb6085e8ee8b9016c16a06a,-0.255617781368438,CCCACGAGATGAACGTTATTTTCCCCATTTCACAGATGCAGCAACAGAGATTCTGAGATGTTAAGTAGCATGATCAAGTTGCCCTCCAGTAAGGGATAGATTAACTTGTCTTTCCACTTCATCTAGCTCCTAGAGATGCACGGAAGAGACAGCAGATAAAACACATTGTCCGTGTGAGTAAAACATTCACGTGGGCCTCT,d752de4068270e85d5f07852f47fadb654faf0503452da8981f9d2e8b4aff1a3,-0.285459534000717,-0.0059236725655222,0.210019870520375,-235.74276071041825,-230.43872806802392,-227.867018416524,-226.6554801240564,4.0924943499267386,1.0,-0.0059236725655222,0.0,4,0.1812716100945641,0.17620727786206916,0.145609630836647,0.059706896905119655,1.0
chr18:6729022:G:A;chr18:6729046:T:C;var1;middle;OL41|K562|a7ac8950a221635f,chr18:6729022:G:A;chr18:6729046:T:C;var1;middle;OL41,K562,K562_region_00977,100,124,24,TGACCCAAAAGGAAATCAAGTTTATTGTAACTTGACTAAGTAAACAGCAATGTAATCCAGTTCTTCAATTTTTGATGTGGATGCTTTAAATGAGAGAGTGTCACATTTTCTCCTTTTCTTCCCTAGAGCACACATATCAAACCCGGCCTCTCTCCTCAGCCTGAGGTATGGTTTCTTAGTCTCACTCCTCGCAGCCAGGC,e2e6ef75f8b0b460bbccc9cc7520c4d93f8ee7048b11a7ef3cecf322b9f9ca59,0.0,TGACCCAAAAGGAAATCAAGTTTATTGTAACTTGACTAAGTAAACAGCAATGTAATCCAGTTCTTCAATTTTTGATGTGGATGCTTTAAATGAGAGAGTATCACATTTTCTCCTTTTCTTCCCTAGAGCACACATATCAAACCCGGCCTCTCTCCTCAGCCTGAGGTATGGTTTCTTAGTCTCACTCCTCGCAGCCAGGC,82d84a2802894e6aaea94c6cafb7bd76e1cd70362dfbcba04125e906503ebde5,0.259295744140691,TGACCCAAAAGGAAATCAAGTTTATTGTAACTTGACTAAGTAAACAGCAATGTAATCCAGTTCTTCAATTTTTGATGTGGATGCTTTAAATGAGAGAGTGTCACATTTTCTCCTTTTCTTCCCCAGAGCACACATATCAAACCCGGCCTCTCTCCTCAGCCTGAGGTATGGTTTCTTAGTCTCACTCCTCGCAGCCAGGC,2f744267ce4e89d08ae504f8c459345bd7bce64605c697fbcdc5c0706dbfbd73,0.0941437797793733,TGACCCAAAAGGAAATCAAGTTTATTGTAACTTGACTAAGTAAACAGCAATGTAATCCAGTTCTTCAATTTTTGATGTGGATGCTTTAAATGAGAGAGTATCACATTTTCTCCTTTTCTTCCCCAGAGCACACATATCAAACCCGGCCTCTCTCCTCAGCCTGAGGTATGGTTTCTTAGTCTCACTCCTCGCAGCCAGGC,a7ac8950a221635ffc03d3b191257420cbb3c953f2416dee9467b608f4fe4904,0.275179548137557,0.0782599757825072,0.34568415087843,-292.98762513988186,-301.673778651515,-285.8423907724209,-294.7158205471933,0.18727626313921064,1.0,0.0782599757825072,0.0,1,0.18255570200969723,0.18216460459877223,0.1501433469024087,0.15376141060449883,1.0
chr18:68158754:T:C;chr18:68158783:C:T;var1;middle;OL41|K562|8d4874318ca6a60b,chr18:68158754:T:C;chr18:68158783:C:T;var1;middle;OL41,K562,K562_region_01006,100,129,29,ACTCAAGAAGGTTTTTATATTAAAAATCCCTTATCCCAAAAACTGTAGGCTGTGTTCTGATGATGTATTACTAATTTATCAGATATATTTAATGACAGTTTGTAACATGTTCCTACTAAGTGAAGGAACGGTGCTCTGATAAGCACTGGGCAGAATTGAAGAAGTATGACATTCTCTGATCACTTAATCCATGCTCAATT,eefb5264ba70c6a40d42a238456decb216cdec95fdc925638d0ec03ac800e722,0.0,ACTCAAGAAGGTTTTTATATTAAAAATCCCTTATCCCAAAAACTGTAGGCTGTGTTCTGATGATGTATTACTAATTTATCAGATATATTTAATGACAGTCTGTAACATGTTCCTACTAAGTGAAGGAACGGTGCTCTGATAAGCACTGGGCAGAATTGAAGAAGTATGACATTCTCTGATCACTTAATCCATGCTCAATT,c070fe79834d36877ed04b70570dce63e6c86de90bf0e16c3fdf48601f62317a,0.144165356441969,ACTCAAGAAGGTTTTTATATTAAAAATCCCTTATCCCAAAAACTGTAGGCTGTGTTCTGATGATGTATTACTAATTTATCAGATATATTTAATGACAGTTTGTAACATGTTCCTACTAAGTGAAGGAATGGTGCTCTGATAAGCACTGGGCAGAATTGAAGAAGTATGACATTCTCTGATCACTTAATCCATGCTCAATT,121ee76e2a95b8899e50ac32c625848f5ea2da1e107a3550b50ffcef1cfa5f4d,-0.145862775197609,ACTCAAGAAGGTTTTTATATTAAAAATCCCTTATCCCAAAAACTGTAGGCTGTGTTCTGATGATGTATTACTAATTTATCAGATATATTTAATGACAGTCTGTAACATGTTCCTACTAAGTGAAGGAATGGTGCTCTGATAAGCACTGGGCAGAATTGAAGAAGTATGACATTCTCTGATCACTTAATCCATGCTCAATT,8d4874318ca6a60b2d4865fae6d2a628d5fdb6e35e5997bf074527f5a5bc9abb,-0.253995013507523,0.252297594751883,0.391103154959108,-332.9584277169779,-327.9092454947531,-327.5390975493938,-324.9026996511966,2.412784324027598,1.0,0.252297594751883,0.0,4,0.17918975847718221,0.17620727786206916,0.145609630836647,0.2697036153472365,1.0
chr18:686782:C:T;chr18:686807:C:T;var1;middle;OL41|K562|303059d47b69e4ad,chr18:686782:C:T;chr18:686807:C:T;var1;middle;OL41,K562,K562_region_00972,100,125,25,AGTGTGTTGCTGGCCTCAGTGTGGGCACTGGCAGGTGGAGGAGGGGACACCACCACGGGGAGGCCAGCATCTGCCCCCTCGAACAGCAGCCTACCCTCCCTGTGCGCCTCCTTGGCTGAGGTCCCCCTGCTGCTTTGCAAAGAGCCCCAGCTTGCAGAGTGCCGCACATTCTCAGGCACCTGCTGTTCTCTTCTGTACCA,27f417097a6f9e6f31c4832a7f1c1989a3404fe206e286e9d0b49a920ba30ca9,0.0,AGTGTGTTGCTGGCCTCAGTGTGGGCACTGGCAGGTGGAGGAGGGGACACCACCACGGGGAGGCCAGCATCTGCCCCCTCGAACAGCAGCCTACCCTCCTTGTGCGCCTCCTTGGCTGAGGTCCCCCTGCTGCTTTGCAAAGAGCCCCAGCTTGCAGAGTGCCGCACATTCTCAGGCACCTGCTGTTCTCTTCTGTACCA,293ca8a2ec9b11d2b5b75fc666e91c2b63bf7b8441351ed2c8efb7b905b995f8,-0.24052217007795,AGTGTGTTGCTGGCCTCAGTGTGGGCACTGGCAGGTGGAGGAGGGGACACCACCACGGGGAGGCCAGCATCTGCCCCCTCGAACAGCAGCCTACCCTCCCTGTGCGCCTCCTTGGCTGAGGTCCTCCTGCTGCTTTGCAAAGAGCCCCAGCTTGCAGAGTGCCGCACATTCTCAGGCACCTGCTGTTCTCTTCTGTACCA,ba83dea9e59748ea4f0723c7f5bcab67a16dc264fc3012ec38cb8af179bad5ad,-0.533908600164637,AGTGTGTTGCTGGCCTCAGTGTGGGCACTGGCAGGTGGAGGAGGGGACACCACCACGGGGAGGCCAGCATCTGCCCCCTCGAACAGCAGCCTACCCTCCTTGTGCGCCTCCTTGGCTGAGGTCCTCCTGCTGCTTTGCAAAGAGCCCCAGCTTGCAGAGTGCCGCACATTCTCAGGCACCTGCTGTTCTCTTCTGTACCA,303059d47b69e4ad995ea16f071c89144590939ac086c47063091efbb6cbc5e7,-0.0940551928553714,0.6803755773872155,0.305870480053694,-323.5158021945972,-329.416745075956,-327.1839811173268,-329.7457835489185,3.339140449767058,-1.0,-0.6803755773872155,0.0,4,0.18033789474410125,0.17620727786206916,0.145609630836647,0.33290678234547416,1.0
chr18:69390:G:A;chr18:69432:T:C;var1;middle;OL41|K562|b09d9e3b85ecb897,chr18:69390:G:A;chr18:69432:T:C;var1;middle;OL41,K562,K562_region_00971,100,142,42,CATCTCTACAAAAAAAAACAAAAATTAGCTGAGCACGGTTGTATATACCTGTAGTCCCAGCTACTCGGGAGGCTGAAGCGGGAGGATGGCTTGAGCCCGGGAGGATGCAGTGAGCCGAGATGGTGCCAGAGGACTCCAGCCTGGGCAATCGGGCCAGACCTTAGAAACACTCTCCTCCTGACTCTTCAGGGAGCCAGACA,f69948ddf1e23973555eb98418b1962ad9bb2fbc3f7ff7d37c740b8b79d664a6,0.0,CATCTCTACAAAAAAAAACAAAAATTAGCTGAGCACGGTTGTATATACCTGTAGTCCCAGCTACTCGGGAGGCTGAAGCGGGAGGATGGCTTGAGCCCGAGAGGATGCAGTGAGCCGAGATGGTGCCAGAGGACTCCAGCCTGGGCAATCGGGCCAGACCTTAGAAACACTCTCCTCCTGACTCTTCAGGGAGCCAGACA,6025caeb63e8f9ecd5e9aabe0890d6527349b129532989017f6f3299b072b3ba,-0.0782702169068913,CATCTCTACAAAAAAAAACAAAAATTAGCTGAGCACGGTTGTATATACCTGTAGTCCCAGCTACTCGGGAGGCTGAAGCGGGAGGATGGCTTGAGCCCGGGAGGATGCAGTGAGCCGAGATGGTGCCAGAGGACTCCAGCCCGGGCAATCGGGCCAGACCTTAGAAACACTCTCCTCCTGACTCTTCAGGGAGCCAGACA,ae7af1c07a93b0d05a526f774785287af8ec20adb1cdbd9547ac6b9f5e2c8943,-0.102780176482943,CATCTCTACAAAAAAAAACAAAAATTAGCTGAGCACGGTTGTATATACCTGTAGTCCCAGCTACTCGGGAGGCTGAAGCGGGAGGATGGCTTGAGCCCGAGAGGATGCAGTGAGCCGAGATGGTGCCAGAGGACTCCAGCCCGGGCAATCGGGCCAGACCTTAGAAACACTCTCCTCCTGACTCTTCAGGGAGCCAGACA,b09d9e3b85ecb897632861f2b36ebf5ae26ba860f6c9eafc1d54cd7021087259,-0.0953718555484598,0.0856785378413745,0.382666488905607,-155.01345727499574,-158.2139355642721,-167.64195816684514,-174.8549171537161,-4.012480697594583,-1.0,-0.0856785378413745,0.0,1,0.17828270183550596,0.18216460459877223,0.1501433469024087,0.1968165364792513,1.0
chr18:72163410:G:A;chr18:72163459:A:T;var1;middle;OL41|K562|ebea25b6af89ecdb,chr18:72163410:G:A;chr18:72163459:A:T;var1;middle;OL41,K562,K562_region_01007,100,149,49,ACGCCCACATCCCCGTCTACCGTCGGGGAGGGGCGACGAGGCGAAAGCCTTGTGGACCAGGCCGGGATTGGTGGGCGGGACGGAAATGGAGCTGGGAGAGGTGACGTCACCTTCCGCACCTGGCTCAGGGCGGAAATGGGGCGGGGAGAGAGTGACACCACCCCTCTGCCTGTGGCTGGATTGGTGGGCGTGGCGGGGGC,a2eb59b9edc23d8615e5716f1fa7f5b19c793ddcb1827fb6e9b0c24cd2362974,0.0,ACGCCCACATCCCCGTCTACCGTCGGGGAGGGGCGACGAGGCGAAAGCCTTGTGGACCAGGCCGGGATTGGTGGGCGGGACGGAAATGGAGCTGGGAGAAGTGACGTCACCTTCCGCACCTGGCTCAGGGCGGAAATGGGGCGGGGAGAGAGTGACACCACCCCTCTGCCTGTGGCTGGATTGGTGGGCGTGGCGGGGGC,5d042e59346ac1244fabde99c5653b73ce938e351552e7fc756c1d73d55c2889,-0.203008148347721,ACGCCCACATCCCCGTCTACCGTCGGGGAGGGGCGACGAGGCGAAAGCCTTGTGGACCAGGCCGGGATTGGTGGGCGGGACGGAAATGGAGCTGGGAGAGGTGACGTCACCTTCCGCACCTGGCTCAGGGCGGAAATGGGGCGGGGAGTGAGTGACACCACCCCTCTGCCTGTGGCTGGATTGGTGGGCGTGGCGGGGGC,a95253ab60fe2e8bfaf94aa73c3ebd9a597847a910776b5837222f78ff632526,-0.136637256223328,ACGCCCACATCCCCGTCTACCGTCGGGGAGGGGCGACGAGGCGAAAGCCTTGTGGACCAGGCCGGGATTGGTGGGCGGGACGGAAATGGAGCTGGGAGAAGTGACGTCACCTTCCGCACCTGGCTCAGGGCGGAAATGGGGCGGGGAGTGAGTGACACCACCCCTCTGCCTGTGGCTGGATTGGTGGGCGTGGCGGGGGC,ebea25b6af89ecdb612f1a6d7590b052e2c560971cc843c9b39e463681db0116,-0.0764452037097945,0.2632002008612544,0.214016798632825,-232.7942816242576,-231.96919547952712,-247.37038602493703,-246.10560366744176,0.439696212764801,-1.0,-0.2632002008612544,0.0,4,0.1767442907402908,0.17620727786206916,0.145609630836647,0.12648251389508927,1.0
chr18:72264387:T:G;chr18:72264406:A:G;var1;middle;OL41|K562|b540613de761b7c6,chr18:72264387:T:G;chr18:72264406:A:G;var1;middle;OL41,K562,K562_region_01008,100,119,19,ACGTTTTAAACAGCCAAGGTGTTTCAGCTTTAATAAAAGCTGAAAATTTGGCAATACCAAACAGGTCACCAAGCCACAGTCCGCTTCTTGGCCTCCTCTTTGGTATCAGAGTTCGGCTAGCGGCTTCCTGTGGCCTCTTAAACAAGGACCTCATTTTGGGAGCCATTCGAGAGATTTTTTCTCATCATCTAAAGTAGCAT,60c3b568bfcc61a2c1318119146483b1b29e2d55aa630d0e7629635904e761ed,0.0,ACGTTTTAAACAGCCAAGGTGTTTCAGCTTTAATAAAAGCTGAAAATTTGGCAATACCAAACAGGTCACCAAGCCACAGTCCGCTTCTTGGCCTCCTCTGTGGTATCAGAGTTCGGCTAGCGGCTTCCTGTGGCCTCTTAAACAAGGACCTCATTTTGGGAGCCATTCGAGAGATTTTTTCTCATCATCTAAAGTAGCAT,400ce1bd523cd3fb2eb9b5650e3e03dc4d667e41d18f97345686a407bb074e71,-0.107842528165122,ACGTTTTAAACAGCCAAGGTGTTTCAGCTTTAATAAAAGCTGAAAATTTGGCAATACCAAACAGGTCACCAAGCCACAGTCCGCTTCTTGGCCTCCTCTTTGGTATCAGAGTTCGGCTGGCGGCTTCCTGTGGCCTCTTAAACAAGGACCTCATTTTGGGAGCCATTCGAGAGATTTTTTCTCATCATCTAAAGTAGCAT,84e0818bcbc1d53fc58bab19c97cdcbc426ff92846b3b582211825dd57cb9d85,-0.408105082455462,ACGTTTTAAACAGCCAAGGTGTTTCAGCTTTAATAAAAGCTGAAAATTTGGCAATACCAAACAGGTCACCAAGCCACAGTCCGCTTCTTGGCCTCCTCTGTGGTATCAGAGTTCGGCTGGCGGCTTCCTGTGGCCTCTTAAACAAGGACCTCATTTTGGGAGCCATTCGAGAGATTTTTTCTCATCATCTAAAGTAGCAT,b540613de761b7c6d131bca6bb57db6d29ce4e4faa8392c54d6d97a83fc8e9b0,-0.395925563044565,0.120022047576019,0.397058930624798,-371.72087904205546,-375.77237843722105,-370.7260631020181,-374.9161350089125,-0.13857251172879614,-1.0,-0.120022047576019,0.0,4,0.17602757793819632,0.17620727786206916,0.145609630836647,0.26100669749757915,1.0
chr18:72920065:G:A;chr18:72920103:G:A;var1;middle;OL41|K562|8821965486c4ca41,chr18:72920065:G:A;chr18:72920103:G:A;var1;middle;OL41,K562,K562_region_01009,100,138,38,GCGGGCATGGCTCCGATAAAGAGTGAGGTCCGTTTCCTCCCTGTTGCTTCGCCAGTTACTAAAGATGAGTGAGGCGGAAACACGACGGTGGGGAGCGCGGGGAATGGAAAAGCCAGAAGGTCTCGCAACAACCCGGTGTCACCTGAATGTCTGCAAAACGTGCCGGCAAAGGCAGCCATGCCCCCACCCCGACCCTGGCC,324031c2e78deb0e87a7dd4c3cd28ac45a30ed8de8875a988d6ea7c1d99b97c5,0.0,GCGGGCATGGCTCCGATAAAGAGTGAGGTCCGTTTCCTCCCTGTTGCTTCGCCAGTTACTAAAGATGAGTGAGGCGGAAACACGACGGTGGGGAGCGCGAGGAATGGAAAAGCCAGAAGGTCTCGCAACAACCCGGTGTCACCTGAATGTCTGCAAAACGTGCCGGCAAAGGCAGCCATGCCCCCACCCCGACCCTGGCC,e1f150fba5c02af96c2eb3d55684866eb7ceb07cca999ceaafda0aaf72d02307,-0.089711696544654,GCGGGCATGGCTCCGATAAAGAGTGAGGTCCGTTTCCTCCCTGTTGCTTCGCCAGTTACTAAAGATGAGTGAGGCGGAAACACGACGGTGGGGAGCGCGGGGAATGGAAAAGCCAGAAGGTCTCGCAACAACCCGGTATCACCTGAATGTCTGCAAAACGTGCCGGCAAAGGCAGCCATGCCCCCACCCCGACCCTGGCC,fe77c2e977b41a64cf8cfa4b128930b539b3153845cba8de78d5351de9c4e7de,0.0396227066934573,GCGGGCATGGCTCCGATAAAGAGTGAGGTCCGTTTCCTCCCTGTTGCTTCGCCAGTTACTAAAGATGAGTGAGGCGGAAACACGACGGTGGGGAGCGCGAGGAATGGAAAAGCCAGAAGGTCTCGCAACAACCCGGTATCACCTGAATGTCTGCAAAACGTGCCGGCAAAGGCAGCCATGCCCCCACCCCGACCCTGGCC,8821965486c4ca41bcb7ef5a7aa0d2ff9714cb62453219587355b3dfbf492592,-0.0056495562738904,0.0444394335773063,0.320094027120735,-430.05490673333406,-426.777187197702,-440.0616133715957,-438.4511816781014,-1.667287842137739,-1.0,-0.0444394335773063,0.0,4,0.1741328708553921,0.17620727786206916,0.145609630836647,0.058775981691197146,1.0
chr18:77722378:G:A;chr18:77722401:G:A;var1;middle;OL41|K562|ed16ec041236e024,chr18:77722378:G:A;chr18:77722401:G:A;var1;middle;OL41,K562,K562_region_01010,100,123,23,CTGCCTCCTCTCTACAGGCGTAATTTCCTTTTCCCCTAAGTTAGCTTGAGTGACTTCTGGTTCTTGACACTGAGGTGTGTTTCTGATGGAAACACCACCGGCTTGTACTCCTTGCCCCCCACGCCAGGCAGGCTTTCCTGGGTGCAGGCCGTCCACCCTGTACTGTGGCATCTTCTGGCCCTGCCTCCTCCTCCTCAGCA,472d6e1b56b18aafb907f9502cbdf2200a2760646a7efc08c8dbf6a0142a7742,0.0,CTGCCTCCTCTCTACAGGCGTAATTTCCTTTTCCCCTAAGTTAGCTTGAGTGACTTCTGGTTCTTGACACTGAGGTGTGTTTCTGATGGAAACACCACCAGCTTGTACTCCTTGCCCCCCACGCCAGGCAGGCTTTCCTGGGTGCAGGCCGTCCACCCTGTACTGTGGCATCTTCTGGCCCTGCCTCCTCCTCCTCAGCA,4e307497a54f03e0cda577a126039cf673053ebe83c7c89f190d21e0d56cc5e9,0.0077607902974991,CTGCCTCCTCTCTACAGGCGTAATTTCCTTTTCCCCTAAGTTAGCTTGAGTGACTTCTGGTTCTTGACACTGAGGTGTGTTTCTGATGGAAACACCACCGGCTTGTACTCCTTGCCCCCCACACCAGGCAGGCTTTCCTGGGTGCAGGCCGTCCACCCTGTACTGTGGCATCTTCTGGCCCTGCCTCCTCCTCCTCAGCA,06119e6cc6215e8b51833e99e818835d65ffdee9d5b43d7bf1c00d31b83cb726,0.174327030439092,CTGCCTCCTCTCTACAGGCGTAATTTCCTTTTCCCCTAAGTTAGCTTGAGTGACTTCTGGTTCTTGACACTGAGGTGTGTTTCTGATGGAAACACCACCAGCTTGTACTCCTTGCCCCCCACACCAGGCAGGCTTTCCTGGGTGCAGGCCGTCCACCCTGTACTGTGGCATCTTCTGGCCCTGCCTCCTCCTCCTCAGCA,ed16ec041236e0245b0e5ba6ef0dc7a0068544b67f0f07d59c46a6c515feb701,-0.666676073897947,0.8487638946345382,0.509818939801233,-366.0759850554168,-361.4626785865985,-356.2148316267412,-351.7885742781218,0.18704912019893527,1.0,0.8487638946345382,0.0,0,0.18601629779961018,0.18565657667894103,0.15145376406925343,0.1534736738279044,1.0
chr18:77725625:G:C;chr18:77725655:A:G;var1;middle;OL41|K562|bcfa16c1c12c9882,chr18:77725625:G:C;chr18:77725655:A:G;var1;middle;OL41,K562,K562_region_01011,100,130,30,GCAGGGTGAGGAGTAGATTACACCGTGAATGGTGTGGGACGTCAGTCTGTAAACTACAAAGCAGTATATAAACAGGAAACGCTTTCAGTAGCAATGGTGGTATTTCTGTGTGACCTGGTAAGTAATTTCATAAGAATTCTTGAGGAGCGCAGGGTCACGAGATTTTCTCCTGCATCCTCCTCTGCATGCTTTATGGCCTT,f4b0f4947886445eca1096fac9c39e07502bf5883c1fa74930aba6f3a6439da4,0.0,GCAGGGTGAGGAGTAGATTACACCGTGAATGGTGTGGGACGTCAGTCTGTAAACTACAAAGCAGTATATAAACAGGAAACGCTTTCAGTAGCAATGGTGCTATTTCTGTGTGACCTGGTAAGTAATTTCATAAGAATTCTTGAGGAGCGCAGGGTCACGAGATTTTCTCCTGCATCCTCCTCTGCATGCTTTATGGCCTT,ae755f873ab1a47c781ee805b7df0d78c17f8c73bd4f51be6d832eb655d26849,0.287218157430687,GCAGGGTGAGGAGTAGATTACACCGTGAATGGTGTGGGACGTCAGTCTGTAAACTACAAAGCAGTATATAAACAGGAAACGCTTTCAGTAGCAATGGTGGTATTTCTGTGTGACCTGGTAAGTAATTTCGTAAGAATTCTTGAGGAGCGCAGGGTCACGAGATTTTCTCCTGCATCCTCCTCTGCATGCTTTATGGCCTT,e92de7c62fc80a6ba9ea28d20cd79dba7d234bd58431371bf03247c3ba6b497d,0.241015695921149,GCAGGGTGAGGAGTAGATTACACCGTGAATGGTGTGGGACGTCAGTCTGTAAACTACAAAGCAGTATATAAACAGGAAACGCTTTCAGTAGCAATGGTGCTATTTCTGTGTGACCTGGTAAGTAATTTCGTAAGAATTCTTGAGGAGCGCAGGGTCACGAGATTTTCTCCTGCATCCTCCTCTGCATGCTTTATGGCCTT,bcfa16c1c12c98823a560f043efb562184c328354393f6c9e02151c840c7f0c9,0.125443852562637,0.402790000789199,0.211521206512868,-303.3263489259407,-296.9598522009328,-292.34245558828115,-280.4604472182691,-5.515511645004153,1.0,0.402790000789199,0.0,3,0.17036373263404644,0.18106719778262317,0.1474303780702046,0.18683979731050865,1.0
chr18:77725625:G:C;chr18:77725699:A:G;var1;middle;OL41|K562|5bc216a14bf1acfd,chr18:77725625:G:C;chr18:77725699:A:G;var1;middle;OL41,K562,K562_region_01011,100,174,74,GCAGGGTGAGGAGTAGATTACACCGTGAATGGTGTGGGACGTCAGTCTGTAAACTACAAAGCAGTATATAAACAGGAAACGCTTTCAGTAGCAATGGTGGTATTTCTGTGTGACCTGGTAAGTAATTTCATAAGAATTCTTGAGGAGCGCAGGGTCACGAGATTTTCTCCTGCATCCTCCTCTGCATGCTTTATGGCCTT,f4b0f4947886445eca1096fac9c39e07502bf5883c1fa74930aba6f3a6439da4,0.0,GCAGGGTGAGGAGTAGATTACACCGTGAATGGTGTGGGACGTCAGTCTGTAAACTACAAAGCAGTATATAAACAGGAAACGCTTTCAGTAGCAATGGTGCTATTTCTGTGTGACCTGGTAAGTAATTTCATAAGAATTCTTGAGGAGCGCAGGGTCACGAGATTTTCTCCTGCATCCTCCTCTGCATGCTTTATGGCCTT,ae755f873ab1a47c781ee805b7df0d78c17f8c73bd4f51be6d832eb655d26849,0.287218751749625,GCAGGGTGAGGAGTAGATTACACCGTGAATGGTGTGGGACGTCAGTCTGTAAACTACAAAGCAGTATATAAACAGGAAACGCTTTCAGTAGCAATGGTGGTATTTCTGTGTGACCTGGTAAGTAATTTCATAAGAATTCTTGAGGAGCGCAGGGTCACGAGATTTTCTCCTGCGTCCTCCTCTGCATGCTTTATGGCCTT,247d7224c7cdff669b6f03734c7c0c7dc275c038c95a95d67869cdd4da05740f,0.245897196444251,GCAGGGTGAGGAGTAGATTACACCGTGAATGGTGTGGGACGTCAGTCTGTAAACTACAAAGCAGTATATAAACAGGAAACGCTTTCAGTAGCAATGGTGCTATTTCTGTGTGACCTGGTAAGTAATTTCATAAGAATTCTTGAGGAGCGCAGGGTCACGAGATTTTCTCCTGCGTCCTCCTCTGCATGCTTTATGGCCTT,5bc216a14bf1acfdd922ebee07a02e5f7f1f37a580c4e525394a390dde40adc8,0.335131798946594,0.197984149247282,0.271576948294292,-303.3263489259407,-296.9598522009328,-324.1136791370809,-330.6759711708873,12.928788758814278,1.0,0.197984149247282,0.0,3,0.207513973437075,0.18106719778262317,0.1474303780702046,0.1566350008977052,1.0
chr18:77725655:A:G;chr18:77725699:A:G;var1;middle;OL41|K562|d0d6a2b142b82bfd,chr18:77725655:A:G;chr18:77725699:A:G;var1;middle;OL41,K562,K562_region_01011,100,144,44,GGTGTGGGACGTCAGTCTGTAAACTACAAAGCAGTATATAAACAGGAAACGCTTTCAGTAGCAATGGTGGTATTTCTGTGTGACCTGGTAAGTAATTTCATAAGAATTCTTGAGGAGCGCAGGGTCACGAGATTTTCTCCTGCATCCTCCTCTGCATGCTTTATGGCCTTGGCTCTGGGCCAAGGTGTGTGATCTCCTGC,e600aefe13f7f5c613fe8b7db36c416d20bf59077abc29c3c9ee5da7bdf90c5a,0.0,GGTGTGGGACGTCAGTCTGTAAACTACAAAGCAGTATATAAACAGGAAACGCTTTCAGTAGCAATGGTGGTATTTCTGTGTGACCTGGTAAGTAATTTCGTAAGAATTCTTGAGGAGCGCAGGGTCACGAGATTTTCTCCTGCATCCTCCTCTGCATGCTTTATGGCCTTGGCTCTGGGCCAAGGTGTGTGATCTCCTGC,59082825e6549e261ef4cc066156079cda2ef4746587d004ce2fbdbd62a3cf25,0.218187151361437,GGTGTGGGACGTCAGTCTGTAAACTACAAAGCAGTATATAAACAGGAAACGCTTTCAGTAGCAATGGTGGTATTTCTGTGTGACCTGGTAAGTAATTTCATAAGAATTCTTGAGGAGCGCAGGGTCACGAGATTTTCTCCTGCGTCCTCCTCTGCATGCTTTATGGCCTTGGCTCTGGGCCAAGGTGTGTGATCTCCTGC,ee5e1b06a28313cd20009078ee10f0e787eb9527ad1969d2c96f3d48bddad185,0.4038948288539,GGTGTGGGACGTCAGTCTGTAAACTACAAAGCAGTATATAAACAGGAAACGCTTTCAGTAGCAATGGTGGTATTTCTGTGTGACCTGGTAAGTAATTTCGTAAGAATTCTTGAGGAGCGCAGGGTCACGAGATTTTCTCCTGCGTCCTCCTCTGCATGCTTTATGGCCTTGGCTCTGGGCCAAGGTGTGTGATCTCCTGC,d0d6a2b142b82bfd7895f908cd11af284543553c6742d63842c053c92de4fcbd,0.712895167930459,-0.090813187715122,0.224266986423619,-323.01658740034327,-319.37289926595986,-321.18465130915865,-315.86865731771104,-1.6723058570642024,1.0,-0.090813187715122,0.0,3,0.1781046616664105,0.18106719778262317,0.1474303780702046,0.16291211209978226,1.0
chr18:77825898:A:G;chr18:77825934:C:T;var1;middle;OL41|K562|0aa13f212f91f655,chr18:77825898:A:G;chr18:77825934:C:T;var1;middle;OL41,K562,K562_region_01012,100,136,36,AGCCCAGGTGGAGCCTCAGCTCCCCTGCGACCTGTGCTTTTCCGAGGGTGCCGCCTGGCAGGGCCTGCGTCAGGGTCACCCTGGCAGGACCAGAGGTCAAAGGTCACCCTGGCCAGACCAGAGCCTCGGAGGTCCCTGGGCTGCAGTGAGGGAGATCAGAGGTCGTGGGCTGGGGCCAGCCAAGAAGAGTTGGGGGCAGC,ed75459af8d16a0104d668e0fa172d6c0b7c03b5b685833b604b47f02d81dee5,0.0,AGCCCAGGTGGAGCCTCAGCTCCCCTGCGACCTGTGCTTTTCCGAGGGTGCCGCCTGGCAGGGCCTGCGTCAGGGTCACCCTGGCAGGACCAGAGGTCAGAGGTCACCCTGGCCAGACCAGAGCCTCGGAGGTCCCTGGGCTGCAGTGAGGGAGATCAGAGGTCGTGGGCTGGGGCCAGCCAAGAAGAGTTGGGGGCAGC,83163fcb9bb071808c30aff9c0459aeec85b7d2c879f988ea5af74f89a461687,0.35600089612413,AGCCCAGGTGGAGCCTCAGCTCCCCTGCGACCTGTGCTTTTCCGAGGGTGCCGCCTGGCAGGGCCTGCGTCAGGGTCACCCTGGCAGGACCAGAGGTCAAAGGTCACCCTGGCCAGACCAGAGCCTCGGAGGTCCTTGGGCTGCAGTGAGGGAGATCAGAGGTCGTGGGCTGGGGCCAGCCAAGAAGAGTTGGGGGCAGC,5cbafc34c3adafd2853c334c5e538201346eb62425bbf466f63acd95dda4aaa8,0.192887281092006,AGCCCAGGTGGAGCCTCAGCTCCCCTGCGACCTGTGCTTTTCCGAGGGTGCCGCCTGGCAGGGCCTGCGTCAGGGTCACCCTGGCAGGACCAGAGGTCAGAGGTCACCCTGGCCAGACCAGAGCCTCGGAGGTCCTTGGGCTGCAGTGAGGGAGATCAGAGGTCGTGGGCTGGGGCCAGCCAAGAAGAGTTGGGGGCAGC,0aa13f212f91f655ccb2aa765617af608a155ed129e46d13b6365414ac3e78fc,0.239423499029186,0.30946467818695,0.542722459109894,-226.75559266586788,-233.09767637378536,-264.90063943946734,-259.5748689881293,-11.667854159255512,1.0,0.30946467818695,0.0,3,0.1579717740938445,0.18106719778262317,0.1474303780702046,0.12781579870799564,1.0
chr18:8803227:T:G;chr18:8803251:C:T;var1;middle;OL41|K562|31f24973589e7415,chr18:8803227:T:G;chr18:8803251:C:T;var1;middle;OL41,K562,K562_region_00978,100,124,24,GGATTAGATGGCTTCTGCAAGGTAAAGTTTAAAAAAAAAAAAAAGAAGAAGAAAAAGAAAAAGGCTTGGCAGGGTATAATGTCAGAATTCGAATATTCCTGGCTCGGTTTGTTGGCTTTGGAACGCGACAACCTGGACTGCAGTCCAGGATCTCACTTCCTTGACAGTGGGACCTTGGCCCTCAGCCACTCCAAGCCATA,4129433c8cf2e02817c53f3a3c78a525f356f628f201d99baa2f8efd3cb2322f,0.0,GGATTAGATGGCTTCTGCAAGGTAAAGTTTAAAAAAAAAAAAAAGAAGAAGAAAAAGAAAAAGGCTTGGCAGGGTATAATGTCAGAATTCGAATATTCCGGGCTCGGTTTGTTGGCTTTGGAACGCGACAACCTGGACTGCAGTCCAGGATCTCACTTCCTTGACAGTGGGACCTTGGCCCTCAGCCACTCCAAGCCATA,a7336552995111e74ee64bc4fe9948f1026922617bf162fb172fdccd86b83306,0.0896501516992678,GGATTAGATGGCTTCTGCAAGGTAAAGTTTAAAAAAAAAAAAAAGAAGAAGAAAAAGAAAAAGGCTTGGCAGGGTATAATGTCAGAATTCGAATATTCCTGGCTCGGTTTGTTGGCTTTGGAATGCGACAACCTGGACTGCAGTCCAGGATCTCACTTCCTTGACAGTGGGACCTTGGCCCTCAGCCACTCCAAGCCATA,ef7fdc5b1fb1d6699daa41f0b7bc19ad6c65fbb1d090eb54fb5c28b7d942668a,0.0295736219839028,GGATTAGATGGCTTCTGCAAGGTAAAGTTTAAAAAAAAAAAAAAGAAGAAGAAAAAGAAAAAGGCTTGGCAGGGTATAATGTCAGAATTCGAATATTCCGGGCTCGGTTTGTTGGCTTTGGAATGCGACAACCTGGACTGCAGTCCAGGATCTCACTTCCTTGACAGTGGGACCTTGGCCCTCAGCCACTCCAAGCCATA,31f24973589e7415cb53227ddc0b55f9bca7ae3e8c6394e77bf5cf0855d00d3f,-0.0372646147875596,0.1564883884707302,0.204774676771624,-263.263358514756,-272.3358520567417,-270.1309893159196,-283.1437786591705,3.940295801265222,1.0,0.1564883884707302,0.0,1,0.1863741737189158,0.18216460459877223,0.1501433469024087,0.21267554185500387,1.0
chr18:907564:C:A;chr18:907566:T:C;var1;middle;OL41|K562|49a90b0a9a01e98e,chr18:907564:C:A;chr18:907566:T:C;var1;middle;OL41,K562,K562_region_00973,100,102,2,GCGGGGTAGGAGTGGTTGGGTGTCGTTGCCTCCTCCTTACCTCTGCTCCCACCCCCAGTCCTGGGAGAAGAGACAATTCTCAGCGGAGGACTTTTATCACCTGTGAAAATCCGCGCGAGCCCCTTACTTTGGATCCTCGCCGAGCTGGGGAGGAACTTGCACTGACCACACCTTCTGTCCCCGGCCACCCCGCAGGCCAG,79468558301e1e302761a92f86242df27d40d0435022c6b088c63cf73b1abb45,0.0,GCGGGGTAGGAGTGGTTGGGTGTCGTTGCCTCCTCCTTACCTCTGCTCCCACCCCCAGTCCTGGGAGAAGAGACAATTCTCAGCGGAGGACTTTTATCAACTGTGAAAATCCGCGCGAGCCCCTTACTTTGGATCCTCGCCGAGCTGGGGAGGAACTTGCACTGACCACACCTTCTGTCCCCGGCCACCCCGCAGGCCAG,be592754b1269a94995622a86332579cda207327d776c379e0a94c93997e3e5d,0.536762159738437,GCGGGGTAGGAGTGGTTGGGTGTCGTTGCCTCCTCCTTACCTCTGCTCCCACCCCCAGTCCTGGGAGAAGAGACAATTCTCAGCGGAGGACTTTTATCACCCGTGAAAATCCGCGCGAGCCCCTTACTTTGGATCCTCGCCGAGCTGGGGAGGAACTTGCACTGACCACACCTTCTGTCCCCGGCCACCCCGCAGGCCAG,b242bd51279816bc13af9252128fa06c8633d08ce3db4edcd90ead4044506b56,-0.0939965883651646,GCGGGGTAGGAGTGGTTGGGTGTCGTTGCCTCCTCCTTACCTCTGCTCCCACCCCCAGTCCTGGGAGAAGAGACAATTCTCAGCGGAGGACTTTTATCAACCGTGAAAATCCGCGCGAGCCCCTTACTTTGGATCCTCGCCGAGCTGGGGAGGAACTTGCACTGACCACACCTTCTGTCCCCGGCCACCCCGCAGGCCAG,49a90b0a9a01e98ef5d3f5a45ff885432b90f4df827d67efd2e4aa8c4a44a316,0.838333349350839,0.3955677779775666,0.281184049982726,-259.09068240225315,-258.5637067705393,-262.7647433578968,-263.0629319101572,-0.825164183974266,-1.0,-0.3955677779775666,0.0,4,0.17517660844863814,0.17620727786206916,0.145609630836647,0.12173469642305798,1.0
chr18:9619173:T:G;chr18:9619241:A:G;var1;middle;OL41|K562|bc1b5e8e20a303ff,chr18:9619173:T:G;chr18:9619241:A:G;var1;middle;OL41,K562,K562_region_00979,100,168,68,AAGAAAGGAAAAGAAAAGAAAAGAGAAGAAAAGAAAAGAAAAAAGAGAAGAAAAATACCTACAGAACTGAGCTCTATACAGAGTTACCCTGATTCAGGCTGTTCTTTCTACATTTACAGGAGCTGAACACTGCCCCGAGAATGCAACAGAACTTCAGCTCTGTCCCAAGGTCGTCAGCCACAGCTCCAAGTTTCTTAGCA,448998f4791d0dc36852b0c460e5a544f57afbdd074e10f18a1eba6553c7f76e,0.0,AAGAAAGGAAAAGAAAAGAAAAGAGAAGAAAAGAAAAGAAAAAAGAGAAGAAAAATACCTACAGAACTGAGCTCTATACAGAGTTACCCTGATTCAGGCGGTTCTTTCTACATTTACAGGAGCTGAACACTGCCCCGAGAATGCAACAGAACTTCAGCTCTGTCCCAAGGTCGTCAGCCACAGCTCCAAGTTTCTTAGCA,e39f238ea9c0b4f6bcc695bd6df24ffbfa5425c831fb5ac144f2ca0b3572a9d4,-0.302331904518418,AAGAAAGGAAAAGAAAAGAAAAGAGAAGAAAAGAAAAGAAAAAAGAGAAGAAAAATACCTACAGAACTGAGCTCTATACAGAGTTACCCTGATTCAGGCTGTTCTTTCTACATTTACAGGAGCTGAACACTGCCCCGAGAATGCAACAGAACTTCAGCTCTGTCCCAGGGTCGTCAGCCACAGCTCCAAGTTTCTTAGCA,cf72c14809ebac24ef7ec1a9e572b1bd41203a17364aa175eacd112f93676168,-0.0815678151597567,AAGAAAGGAAAAGAAAAGAAAAGAGAAGAAAAGAAAAGAAAAAAGAGAAGAAAAATACCTACAGAACTGAGCTCTATACAGAGTTACCCTGATTCAGGCGGTTCTTTCTACATTTACAGGAGCTGAACACTGCCCCGAGAATGCAACAGAACTTCAGCTCTGTCCCAGGGTCGTCAGCCACAGCTCCAAGTTTCTTAGCA,bc1b5e8e20a303ffecb682baade001330965a01e8df0e01d63a7175be0121b3d,-0.168210195281603,0.2156895243965717,0.224361481686565,-244.3968595399056,-257.00306059990544,-246.35173347068485,-257.06935621681623,1.8885783138684928,-1.0,-0.2156895243965717,0.0,0,0.18820172216382766,0.18565657667894103,0.15145376406925343,0.17245983633854625,1.0
chr18:9870028:C:G;chr18:9870046:C:G;var1;middle;OL41|K562|3dd9e01ecdad012f,chr18:9870028:C:G;chr18:9870046:C:G;var1;middle;OL41,K562,K562_region_00980,100,118,18,GCTGAATCACCCAATTAAAGGAGACTTGCTGCTTTGATGGGAAGGTCTGATCCAAAACTGCTGGGGTGACTCTCCTTGACCCTACCGTTTGGGCAGCTTCATTTATCTTTTCTGTGTCCCTGACCTTGATGTTGAAACCATTACTCAACCCTCAGTGAAGTTCTTAACCGGCTTTTTTGAAATGACTCATGCATCAAGGT,ed3cccd50447ccac1139a8b0dac8d99245e4351f5c2de3086134896c60144a34,0.0,GCTGAATCACCCAATTAAAGGAGACTTGCTGCTTTGATGGGAAGGTCTGATCCAAAACTGCTGGGGTGACTCTCCTTGACCCTACCGTTTGGGCAGCTTGATTTATCTTTTCTGTGTCCCTGACCTTGATGTTGAAACCATTACTCAACCCTCAGTGAAGTTCTTAACCGGCTTTTTTGAAATGACTCATGCATCAAGGT,2c3e18af088e6f180d43ebc93ffccd1684c45b89092ebf06f28f945c463769a4,-0.0940131603292575,GCTGAATCACCCAATTAAAGGAGACTTGCTGCTTTGATGGGAAGGTCTGATCCAAAACTGCTGGGGTGACTCTCCTTGACCCTACCGTTTGGGCAGCTTCATTTATCTTTTCTGTGTGCCTGACCTTGATGTTGAAACCATTACTCAACCCTCAGTGAAGTTCTTAACCGGCTTTTTTGAAATGACTCATGCATCAAGGT,d5ff79f55c2b2274cf8ee1708383a1cca214e2be60f4b23f04369e742ca79b92,0.82713986758732,GCTGAATCACCCAATTAAAGGAGACTTGCTGCTTTGATGGGAAGGTCTGATCCAAAACTGCTGGGGTGACTCTCCTTGACCCTACCGTTTGGGCAGCTTGATTTATCTTTTCTGTGTGCCTGACCTTGATGTTGAAACCATTACTCAACCCTCAGTGAAGTTCTTAACCGGCTTTTTTGAAATGACTCATGCATCAAGGT,3dd9e01ecdad012fea9f754edca5c7d931f245b2777aa09fb4b32a7989fe9a60,0.345673757083382,-0.3874529501746805,0.207465517211997,-351.1996274776757,-364.53820377169177,-368.7827182081528,-374.3280913603958,7.79320314177312,-1.0,0.3874529501746805,0.0,2,0.1865420022391288,0.17490732828716207,0.146091925319964,0.05110499126983638,1.0
chr19:10097536:G:T;chr19:10097593:C:T;var1;middle;OL41|K562|9aa0c689496c9ee8,chr19:10097536:G:T;chr19:10097593:C:T;var1;middle;OL41,K562,K562_region_01071,100,157,57,GGAAAATAAAAAAAAAAAGCTCTCAAGCCTCTTCCCTGCTTAAGAAGTGACCCAGACTCAGTCCCCTGCTCTAAAGCAGCCAGGATAGTCCCAAGAGGAGGCTAGGCAGAAGCTGGGAGGGGCAGCTTCAGAAGAAATGATCTTTCCCCAGAGGCCCCTCCCTCCCCACTGGAGGCCTCTCAAGGTCATCTGTGCGGGGG,ab394bbb0727ff0492766335624d69211c6f8a4287f6d4778e4f2c230d128a1a,0.0,GGAAAATAAAAAAAAAAAGCTCTCAAGCCTCTTCCCTGCTTAAGAAGTGACCCAGACTCAGTCCCCTGCTCTAAAGCAGCCAGGATAGTCCCAAGAGGATGCTAGGCAGAAGCTGGGAGGGGCAGCTTCAGAAGAAATGATCTTTCCCCAGAGGCCCCTCCCTCCCCACTGGAGGCCTCTCAAGGTCATCTGTGCGGGGG,5e8ad715402a2ea083ffc052b120e30a82345f12ad67b0c99b47696b9e4ba04a,-0.598354738145164,GGAAAATAAAAAAAAAAAGCTCTCAAGCCTCTTCCCTGCTTAAGAAGTGACCCAGACTCAGTCCCCTGCTCTAAAGCAGCCAGGATAGTCCCAAGAGGAGGCTAGGCAGAAGCTGGGAGGGGCAGCTTCAGAAGAAATGATCTTTCCCCAGAGGCCTCTCCCTCCCCACTGGAGGCCTCTCAAGGTCATCTGTGCGGGGG,14ae5c92b2ef8bb0c9b748dbba4d70b79132fdbd80ea704be171b2170d02cb68,-1.54525264436335,GGAAAATAAAAAAAAAAAGCTCTCAAGCCTCTTCCCTGCTTAAGAAGTGACCCAGACTCAGTCCCCTGCTCTAAAGCAGCCAGGATAGTCCCAAGAGGATGCTAGGCAGAAGCTGGGAGGGGCAGCTTCAGAAGAAATGATCTTTCCCCAGAGGCCTCTCCCTCCCCACTGGAGGCCTCTCAAGGTCATCTGTGCGGGGG,9aa0c689496c9ee8595432d3d38a3f79e559c9cc674b36fae4f655679459a1ff,-1.98844855444453,-0.1551588280639839,0.204859294680796,-269.13296537892893,-269.3936375388876,-275.10768980602734,-274.6983532826416,-0.6700086833443493,1.0,-0.1551588280639839,0.0,4,0.17536890993219878,0.17620727786206916,0.145609630836647,0.3868409401228967,1.0
chr19:10097593:C:T;chr19:10097667:C:T;var1;middle;OL41|K562|d93a076b985ae066,chr19:10097593:C:T;chr19:10097667:C:T;var1;middle;OL41,K562,K562_region_01071,100,174,74,TCAGTCCCCTGCTCTAAAGCAGCCAGGATAGTCCCAAGAGGAGGCTAGGCAGAAGCTGGGAGGGGCAGCTTCAGAAGAAATGATCTTTCCCCAGAGGCCCCTCCCTCCCCACTGGAGGCCTCTCAAGGTCATCTGTGCGGGGGTGTGCAGGGAAGGCCAAATTTCCAAGTAAGCGATTCCCATCTCCTGGAGACGCTTTG,58a39e5a47938f365ff517093f6641e54790395fd2ad951d870cd0de4dcf9802,0.0,TCAGTCCCCTGCTCTAAAGCAGCCAGGATAGTCCCAAGAGGAGGCTAGGCAGAAGCTGGGAGGGGCAGCTTCAGAAGAAATGATCTTTCCCCAGAGGCCTCTCCCTCCCCACTGGAGGCCTCTCAAGGTCATCTGTGCGGGGGTGTGCAGGGAAGGCCAAATTTCCAAGTAAGCGATTCCCATCTCCTGGAGACGCTTTG,a64f60ae720c55f4316f377e7e8357032f88682dc9a5b0bc16ab128651feb3e7,-0.943713881787255,TCAGTCCCCTGCTCTAAAGCAGCCAGGATAGTCCCAAGAGGAGGCTAGGCAGAAGCTGGGAGGGGCAGCTTCAGAAGAAATGATCTTTCCCCAGAGGCCCCTCCCTCCCCACTGGAGGCCTCTCAAGGTCATCTGTGCGGGGGTGTGCAGGGAAGGCCAAATTTCCAAGTAAGTGATTCCCATCTCCTGGAGACGCTTTG,d2eebffc15d06b50b097f7ef4408bd52014678483c8011584cec56195d267dd0,-0.764312112022155,TCAGTCCCCTGCTCTAAAGCAGCCAGGATAGTCCCAAGAGGAGGCTAGGCAGAAGCTGGGAGGGGCAGCTTCAGAAGAAATGATCTTTCCCCAGAGGCCTCTCCCTCCCCACTGGAGGCCTCTCAAGGTCATCTGTGCGGGGGTGTGCAGGGAAGGCCAAATTTCCAAGTAAGTGATTCCCATCTCCTGGAGACGCTTTG,d93a076b985ae0661f6c03d809223c643cd45672536538ab66adbdca0d9841b4,-1.31734698100765,-0.3906790128017601,0.219870261606504,-266.01026653312147,-255.8464275188744,-272.2800747482106,-260.22883658483624,-1.8873991491273046,1.0,-0.3906790128017601,0.0,4,0.17386006241024696,0.17620727786206916,0.145609630836647,0.25289712991676544,1.0
chr19:1015908:C:T;chr19:1015961:A:G;var1;middle;OL41|K562|18f0ea2f1bd77797,chr19:1015908:C:T;chr19:1015961:A:G;var1;middle;OL41,K562,K562_region_01028,100,153,53,GGAGCCTCAACTCTTCCACGCCCACAGTGAGCTGGGGCCTCCTCTCCAGAACCCTCTGTAGACTGAGCAAAGGGCCGAGTCAGCAAAGCAACCCACTTCCAGCCCGGCCGCAGTGCTGTGACCTGTGGGAGGCCCTGAGTCTGAGCACGGATAAAGCCCTGGGTCTAGCCGCACGTGCACCTGGGGCGAGCCCCATCACA,34062f4041c4533b337a52c74bee2b199f863c02e584353f374733073bf80339,0.0,GGAGCCTCAACTCTTCCACGCCCACAGTGAGCTGGGGCCTCCTCTCCAGAACCCTCTGTAGACTGAGCAAAGGGCCGAGTCAGCAAAGCAACCCACTTCTAGCCCGGCCGCAGTGCTGTGACCTGTGGGAGGCCCTGAGTCTGAGCACGGATAAAGCCCTGGGTCTAGCCGCACGTGCACCTGGGGCGAGCCCCATCACA,7dabd51209ccee72627f3e68cb08e9cfa11e21c4559bedc15e79a6b37ff9150c,-0.150209759604205,GGAGCCTCAACTCTTCCACGCCCACAGTGAGCTGGGGCCTCCTCTCCAGAACCCTCTGTAGACTGAGCAAAGGGCCGAGTCAGCAAAGCAACCCACTTCCAGCCCGGCCGCAGTGCTGTGACCTGTGGGAGGCCCTGAGTCTGAGCACGGATGAAGCCCTGGGTCTAGCCGCACGTGCACCTGGGGCGAGCCCCATCACA,12894416f60dcff107b20ec6960eac7b7c1ce92c06e64cabe14103e9ea070e64,-0.088334133742103,GGAGCCTCAACTCTTCCACGCCCACAGTGAGCTGGGGCCTCCTCTCCAGAACCCTCTGTAGACTGAGCAAAGGGCCGAGTCAGCAAAGCAACCCACTTCTAGCCCGGCCGCAGTGCTGTGACCTGTGGGAGGCCCTGAGTCTGAGCACGGATGAAGCCCTGGGTCTAGCCGCACGTGCACCTGGGGCGAGCCCCATCACA,18f0ea2f1bd77797cfb4441b0cae518b262eb11ead2b48f3c8e58678b01132dd,-0.217368594771566,-0.0211752985747419,0.377450067545982,-339.24735812377185,-339.8418709076941,-328.9078321736306,-316.02197360340506,-13.480371354147792,1.0,-0.0211752985747419,0.0,4,0.15949160144784616,0.17620727786206916,0.145609630836647,0.23403013996161617,1.0
chr19:1016206:G:T;chr19:1016285:G:C;var1;middle;OL41|K562|d60b97dbda098ffe,chr19:1016206:G:T;chr19:1016285:G:C;var1;middle;OL41,K562,K562_region_01029,100,179,79,GCGCTGAGATTTAAGCAGAAACAGGCAAGAGCAGAACCCTGACCGCCAGGCATTCAGGCCCCGCCCACAGACGCCGGAGCTACAAATGAGGGGTGGGCGGGGGGAGGGGGCAGGGCCCTCTGCTGGGGAGGGTTCCCCTGTGTCCTGGGGAAGACAGGGAGGGCAGTGTGGAAGGGGGGCAGCCCCGGAGCCTGAGATGC,f23c788bc08be100af1f331038e8905bd3b30ab2c6ebeb42638d6b6311f105c1,0.0,GCGCTGAGATTTAAGCAGAAACAGGCAAGAGCAGAACCCTGACCGCCAGGCATTCAGGCCCCGCCCACAGACGCCGGAGCTACAAATGAGGGGTGGGCGTGGGGAGGGGGCAGGGCCCTCTGCTGGGGAGGGTTCCCCTGTGTCCTGGGGAAGACAGGGAGGGCAGTGTGGAAGGGGGGCAGCCCCGGAGCCTGAGATGC,bdd81a606686443fe398664985fbbdb1d01038ceda09c4527c7dfade3c00bd12,-0.52276164857822,GCGCTGAGATTTAAGCAGAAACAGGCAAGAGCAGAACCCTGACCGCCAGGCATTCAGGCCCCGCCCACAGACGCCGGAGCTACAAATGAGGGGTGGGCGGGGGGAGGGGGCAGGGCCCTCTGCTGGGGAGGGTTCCCCTGTGTCCTGGGGAAGACAGGGAGGGCAGTGTGGAAGGGGGCCAGCCCCGGAGCCTGAGATGC,be7edac32945a423f046efbcded676291d318c2217dd2a83f50a67dec24d7d86,0.211296395750085,GCGCTGAGATTTAAGCAGAAACAGGCAAGAGCAGAACCCTGACCGCCAGGCATTCAGGCCCCGCCCACAGACGCCGGAGCTACAAATGAGGGGTGGGCGTGGGGAGGGGGCAGGGCCCTCTGCTGGGGAGGGTTCCCCTGTGTCCTGGGGAAGACAGGGAGGGCAGTGTGGAAGGGGGCCAGCCCCGGAGCCTGAGATGC,d60b97dbda098ffe129dfdc43253d49494a444cd13e9a9de7e1c7234c1bc5bc8,-0.450117108798933,-0.1386518559707979,0.326642366848335,-256.94516483321786,-258.45573161449283,-258.5088488990441,-260.89056127425283,-0.8711455939337611,-1.0,0.1386518559707979,0.0,2,0.17392600995159083,0.17490732828716207,0.146091925319964,0.003931124351891135,1.0
chr19:10338676:T:G;chr19:10338764:A:G;var1;middle;OL28|K562|1a1282f0d30ab5e0,chr19:10338676:T:G;chr19:10338764:A:G;var1;middle;OL28,K562,K562_region_01072,100,188,88,AAGTGAGAATCAAGGTCCCTTTCCAGGCCTGGGGAGCACGCTGTGCAGTGCAGCCGCCCCCTCTGCTGCTCACCAAGAGATTTGCTGTGGCTTCCTGGATAAATAAGAAATGTGTTTAGGCCGGGCGCAGTGGCTCATGCCTGTAATCCCAGCACTCTGGGAAGCCGAGGCGGGCCTATCACCTGAGATCATGAGTTCAA,cdcac6a1744a9df9f1f5c38171ece7c3b6e307285c685b929108aa4f1476459a,0.0,AAGTGAGAATCAAGGTCCCTTTCCAGGCCTGGGGAGCACGCTGTGCAGTGCAGCCGCCCCCTCTGCTGCTCACCAAGAGATTTGCTGTGGCTTCCTGGAGAAATAAGAAATGTGTTTAGGCCGGGCGCAGTGGCTCATGCCTGTAATCCCAGCACTCTGGGAAGCCGAGGCGGGCCTATCACCTGAGATCATGAGTTCAA,0a98448df43b63ee1e991735552e678b24a07a0d24d3f15e2d663e65b94e78c0,-0.271166915712752,AAGTGAGAATCAAGGTCCCTTTCCAGGCCTGGGGAGCACGCTGTGCAGTGCAGCCGCCCCCTCTGCTGCTCACCAAGAGATTTGCTGTGGCTTCCTGGATAAATAAGAAATGTGTTTAGGCCGGGCGCAGTGGCTCATGCCTGTAATCCCAGCACTCTGGGAAGCCGAGGCGGGCCTATCACCTGAGGTCATGAGTTCAA,d69412a16a6a756d8434d048a100f48f1e78a5aec8ba35981e4cec85f799aea4,0.401143278400598,AAGTGAGAATCAAGGTCCCTTTCCAGGCCTGGGGAGCACGCTGTGCAGTGCAGCCGCCCCCTCTGCTGCTCACCAAGAGATTTGCTGTGGCTTCCTGGAGAAATAAGAAATGTGTTTAGGCCGGGCGCAGTGGCTCATGCCTGTAATCCCAGCACTCTGGGAAGCCGAGGCGGGCCTATCACCTGAGGTCATGAGTTCAA,1a1282f0d30ab5e0d47726e9c38a3fa1362fbb0119b71b79a12b197cc248ffc8,0.150564744051343,0.020588381363497,0.13852690656321,-174.51337945554403,-171.69735976681113,-171.04470409965143,-168.23693928215653,-0.008254871237994621,-1.0,-0.020588381363497,0.0,3,0.18145636888644484,0.18106719778262317,0.1474303780702046,0.12237795815706912,1.0
chr19:10347032:C:T;chr19:10347084:T:C;var1;middle;OL41|K562|c7f2e99ea05f6478,chr19:10347032:C:T;chr19:10347084:T:C;var1;middle;OL41,K562,K562_region_01073,100,152,52,GCTGGCTCAGCAATTTGCAGTCTCTCCTGGGACCTGGGGGGTTGGGGCAGAGGGGTGATGTCAAGGCTGCAGACATATGTGGCCGTCTGCCAGGGGAACCGTGGCTCCCAGACAAAGGTGATGTCCCCGGGGACACACAGACACACCGACATGCAACTTCCGCCTCCCTCCCACTTCTGAGGCAACACAATGTCTTCGCC,f2f010c5f413dc23824a3b33aa8fdec272e832690fe9770d13ae7eb724802b7e,0.0,GCTGGCTCAGCAATTTGCAGTCTCTCCTGGGACCTGGGGGGTTGGGGCAGAGGGGTGATGTCAAGGCTGCAGACATATGTGGCCGTCTGCCAGGGGAACTGTGGCTCCCAGACAAAGGTGATGTCCCCGGGGACACACAGACACACCGACATGCAACTTCCGCCTCCCTCCCACTTCTGAGGCAACACAATGTCTTCGCC,d0bc379d8220dc17cc75fa3ef876a18ffaac5c79815572d32c53102a24a6ccfe,0.130119617469438,GCTGGCTCAGCAATTTGCAGTCTCTCCTGGGACCTGGGGGGTTGGGGCAGAGGGGTGATGTCAAGGCTGCAGACATATGTGGCCGTCTGCCAGGGGAACCGTGGCTCCCAGACAAAGGTGATGTCCCCGGGGACACACAGACACACCGACACGCAACTTCCGCCTCCCTCCCACTTCTGAGGCAACACAATGTCTTCGCC,c6ac977957f2162d178eb39308d65afdb9d710b7ce357013fea478aa88c4194d,0.490148068634814,GCTGGCTCAGCAATTTGCAGTCTCTCCTGGGACCTGGGGGGTTGGGGCAGAGGGGTGATGTCAAGGCTGCAGACATATGTGGCCGTCTGCCAGGGGAACTGTGGCTCCCAGACAAAGGTGATGTCCCCGGGGACACACAGACACACCGACACGCAACTTCCGCCTCCCTCCCACTTCTGAGGCAACACAATGTCTTCGCC,c7f2e99ea05f647863c10d5903ea378413f7e8acbfdc07b0f80184d0c46d2d76,0.832445104619197,-0.2121774185149449,0.253016249895783,-253.11683496832848,-252.08312878012657,-252.0151841342449,-252.47052164375785,1.489043697714834,1.0,-0.2121774185149449,0.0,0,0.18768856453612487,0.18565657667894103,0.15145376406925343,0.37278443795764893,1.0
chr19:1038222:C:G;chr19:1038289:A:C;var1;middle;OL41|K562|313e571e15f78b49,chr19:1038222:C:G;chr19:1038289:A:C;var1;middle;OL41,K562,K562_region_01030,100,167,67,TCCCAATACGTGTAGGGCGAGGGTCCCTGCTGGCACATTCAGGCTGTGCTGGGAAGAAGAGACCTGGGCTTGGAAGGAACCGGTCCCCGACGGTTTCTGCTTGCCTCGCCTCTTCCCCCTTTTGTCAGCTGAGCAGTTTGTGGTTTCTATGCCCGCAAGTTTCAGGAAGTATTCACAAAAGAAAAATACATTTTTTCCCC,42921b59d6513881b85d38e6765cd9b386770831474b59ccbdc52ab699644955,0.0,TCCCAATACGTGTAGGGCGAGGGTCCCTGCTGGCACATTCAGGCTGTGCTGGGAAGAAGAGACCTGGGCTTGGAAGGAACCGGTCCCCGACGGTTTCTGGTTGCCTCGCCTCTTCCCCCTTTTGTCAGCTGAGCAGTTTGTGGTTTCTATGCCCGCAAGTTTCAGGAAGTATTCACAAAAGAAAAATACATTTTTTCCCC,ab1e375483d490c33fffa400cae6d07f7562213aac6027c8a673cc85b75304cc,-0.112525835456874,TCCCAATACGTGTAGGGCGAGGGTCCCTGCTGGCACATTCAGGCTGTGCTGGGAAGAAGAGACCTGGGCTTGGAAGGAACCGGTCCCCGACGGTTTCTGCTTGCCTCGCCTCTTCCCCCTTTTGTCAGCTGAGCAGTTTGTGGTTTCTATGCCCGCAAGTTTCAGGCAGTATTCACAAAAGAAAAATACATTTTTTCCCC,36da577b2f53dfab9041d50a88f747aae10e4794036bbe9640c89bf047c1951c,-1.1141695989082,TCCCAATACGTGTAGGGCGAGGGTCCCTGCTGGCACATTCAGGCTGTGCTGGGAAGAAGAGACCTGGGCTTGGAAGGAACCGGTCCCCGACGGTTTCTGGTTGCCTCGCCTCTTCCCCCTTTTGTCAGCTGAGCAGTTTGTGGTTTCTATGCCCGCAAGTTTCAGGCAGTATTCACAAAAGAAAAATACATTTTTTCCCC,313e571e15f78b49742faed65cd1025783ec5f69818f9c577b529bd90a7f8c0a,-0.922646112422046,0.304049321943028,0.223615281191297,-358.5746190762148,-349.1057047182694,-359.3767579868436,-351.1510373633355,-1.243193734437284,-1.0,-0.304049321943028,0.0,3,0.17896897304380427,0.18106719778262317,0.1474303780702046,0.23872647947771994,1.0
chr19:10567212:T:A;chr19:10567216:T:A;var1;middle;OL28|K562|46cbe9fddba25d99,chr19:10567212:T:A;chr19:10567216:T:A;var1;middle;OL28,K562,K562_region_01074,100,104,4,AATTGCTTCAACCTGGGAGATGGAGGTTGCAGTGAGCTGAGATAGCGTCACTGCACTCCAGCCTGGGTGACAGAGTGAGACTCCATCTCAAAAAAAAAATAAATAAATAAATAAATAAATAGAATAAAAAACTAGTCGGGCATGGTGGCGTGTGCCTGTGGTCCCAGCTACCTGGGAGGCTGAGGCAGGAGGATCACTTG,6a59214a6d605848d930184468d706255ba954a9f517c6f2d7da1cbd396c789a,0.0,AATTGCTTCAACCTGGGAGATGGAGGTTGCAGTGAGCTGAGATAGCGTCACTGCACTCCAGCCTGGGTGACAGAGTGAGACTCCATCTCAAAAAAAAAAAAAATAAATAAATAAATAAATAGAATAAAAAACTAGTCGGGCATGGTGGCGTGTGCCTGTGGTCCCAGCTACCTGGGAGGCTGAGGCAGGAGGATCACTTG,9f8eef9f273844bb81b89da2604d1408682b156a1b14a5e418dba3842d8e6289,-0.0802259114196357,AATTGCTTCAACCTGGGAGATGGAGGTTGCAGTGAGCTGAGATAGCGTCACTGCACTCCAGCCTGGGTGACAGAGTGAGACTCCATCTCAAAAAAAAAATAAAAAAATAAATAAATAAATAGAATAAAAAACTAGTCGGGCATGGTGGCGTGTGCCTGTGGTCCCAGCTACCTGGGAGGCTGAGGCAGGAGGATCACTTG,ad44899a1ca04a92cfb11fdd1c353e51857c64ace99f02f295c1e63da1faae9b,0.219478336385674,AATTGCTTCAACCTGGGAGATGGAGGTTGCAGTGAGCTGAGATAGCGTCACTGCACTCCAGCCTGGGTGACAGAGTGAGACTCCATCTCAAAAAAAAAAAAAAAAAATAAATAAATAAATAGAATAAAAAACTAGTCGGGCATGGTGGCGTGTGCCTGTGGTCCCAGCTACCTGGGAGGCTGAGGCAGGAGGATCACTTG,46cbe9fddba25d99e45880323290970d17dc7588598bbe66299c4487ffdbbabd,0.721787379817245,0.5825349548512067,0.289534236500841,-69.37275695428252,-68.6585079622455,-74.95905903633684,-68.20577697362751,6.039033070672303,-1.0,-0.5825349548512067,0.0,0,0.19353251812186803,0.18565657667894103,0.15145376406925343,0.15999853109741596,1.0
chr19:10676343:A:T;chr19:10676423:G:A;var1;middle;OL41|K562|6a4be6a2ceb2e391,chr19:10676343:A:T;chr19:10676423:G:A;var1;middle;OL41,K562,K562_region_01075,100,180,80,GTCTGTCCCTCATGGGATGGGGAGCGGAGGATGGGACGCTCCCGCAGGGCGCTCTGGGGTTGGGGGTTCCCCCCCGTCTACATCGGGGTCGGGGTGCAGAGGGGGGCTTGGACGCCTCCGCACGTCCAGGACGGGGCGGGGACGCGCACCACGCGCTCGTCGCTTGAGTCCGACTCGGAGCTGGAGTCGCTGCTGCTGTC,df514a3b1bfc73d4b4fbd684e93e3919fe023a03a92e0ed04242b94f69e8222f,0.0,GTCTGTCCCTCATGGGATGGGGAGCGGAGGATGGGACGCTCCCGCAGGGCGCTCTGGGGTTGGGGGTTCCCCCCCGTCTACATCGGGGTCGGGGTGCAGTGGGGGGCTTGGACGCCTCCGCACGTCCAGGACGGGGCGGGGACGCGCACCACGCGCTCGTCGCTTGAGTCCGACTCGGAGCTGGAGTCGCTGCTGCTGTC,a4ffdd2c61e319a970063ff462aabedc8358d171b8cd9037ca4e6dca153e7f88,-0.238822424569966,GTCTGTCCCTCATGGGATGGGGAGCGGAGGATGGGACGCTCCCGCAGGGCGCTCTGGGGTTGGGGGTTCCCCCCCGTCTACATCGGGGTCGGGGTGCAGAGGGGGGCTTGGACGCCTCCGCACGTCCAGGACGGGGCGGGGACGCGCACCACGCGCTCGTCGCTTGAGTCCGACTCGGAACTGGAGTCGCTGCTGCTGTC,eccefdacddba1248d19983018ee7961285ab83f333fba3b2731efeef3350cb9a,0.231367419220728,GTCTGTCCCTCATGGGATGGGGAGCGGAGGATGGGACGCTCCCGCAGGGCGCTCTGGGGTTGGGGGTTCCCCCCCGTCTACATCGGGGTCGGGGTGCAGTGGGGGGCTTGGACGCCTCCGCACGTCCAGGACGGGGCGGGGACGCGCACCACGCGCTCGTCGCTTGAGTCCGACTCGGAACTGGAGTCGCTGCTGCTGTC,6a4be6a2ceb2e391782ede1fc099fd946f85996a3a6b811cdb9db811464bc2d5,-0.083112931706362,-0.075657926357124,0.291867409846906,-307.94510596606415,-322.1965192487114,-319.5332023338415,-332.9206544531044,0.8639611633843174,-1.0,0.075657926357124,0.0,3,0.18321317369926243,0.18106719778262317,0.1474303780702046,-0.010531325786765994,1.0
chr19:1078297:C:T;chr19:1078303:T:C;var1;middle;OL31|K562|0117f9cf020267d0,chr19:1078297:C:T;chr19:1078303:T:C;var1;middle;OL31,K562,K562_region_01031,100,106,6,AGTGGCACAGTCTCGGCTCACTGCAAGCTCCGCCTCCCGGGTTCACGCCATTCTCCTGCCTCAGCCTCCCGAGTAGCTGGGACTACAGGCGCCCGCCACCACGCCTGGCTAATTTTTTGTATTTTTAGTAGAGACGGGGTTTCACTGTGTTAGCCAGGATGGTCTCGATCTCCTGACCTCGTGATCCGTCCACCTCGGCC,a6403c753393a46cc60608b817d7f97095a884722b7a199ef6d5e0b50aba8cf1,0.0,AGTGGCACAGTCTCGGCTCACTGCAAGCTCCGCCTCCCGGGTTCACGCCATTCTCCTGCCTCAGCCTCCCGAGTAGCTGGGACTACAGGCGCCCGCCACTACGCCTGGCTAATTTTTTGTATTTTTAGTAGAGACGGGGTTTCACTGTGTTAGCCAGGATGGTCTCGATCTCCTGACCTCGTGATCCGTCCACCTCGGCC,9b5fb5a3999efc4422e106f42c632b2008fd03c1c1025373e8aacd46d5e355c6,0.72985464852142,AGTGGCACAGTCTCGGCTCACTGCAAGCTCCGCCTCCCGGGTTCACGCCATTCTCCTGCCTCAGCCTCCCGAGTAGCTGGGACTACAGGCGCCCGCCACCACGCCCGGCTAATTTTTTGTATTTTTAGTAGAGACGGGGTTTCACTGTGTTAGCCAGGATGGTCTCGATCTCCTGACCTCGTGATCCGTCCACCTCGGCC,ce85dce973aefa2cfd9510c9b45028cbbc6663b850985f9a8b89b95f1606c681,0.0923768853519133,AGTGGCACAGTCTCGGCTCACTGCAAGCTCCGCCTCCCGGGTTCACGCCATTCTCCTGCCTCAGCCTCCCGAGTAGCTGGGACTACAGGCGCCCGCCACTACGCCCGGCTAATTTTTTGTATTTTTAGTAGAGACGGGGTTTCACTGTGTTAGCCAGGATGGTCTCGATCTCCTGACCTCGTGATCCGTCCACCTCGGCC,0117f9cf020267d0652c5b353d0dcc704b6e420fc7f7321326a5d00e0125f948,0.969493520150365,-0.1472619862770318,0.186301292442077,-33.66633692011237,-37.26535314973444,-32.49214889621362,-36.39862191257998,0.30745678674429655,1.0,-0.1472619862770318,0.0,2,0.17564215031000346,0.17490732828716207,0.146091925319964,0.05165493843151017,1.0
chr19:1083491:A:T;chr19:1083532:C:T;var1;middle;OL41|K562|9eab04bc78941192,chr19:1083491:A:T;chr19:1083532:C:T;var1;middle;OL41,K562,K562_region_01032,100,141,41,TTGGGGAGCAGGGGGCGCTGCTGGGGACAGTCGTTGTCGGATGAAGCCCAAGGAACCACAGGGAGATAATTTGGTTTGGACAGGGCTGTTCGGGAGGCCACTGTCTTTTTGTGTCTTTTATGCAAAAAACTCAGCGAGGTCTGCATTGAATCTGGCAGAGGTGCAAAGGCTCTGCGGCCGCCCCTCCACTCTCCCTTGGG,41460cc906fd16b80874e1170a81060fa80ca7a4af221fae29d15184c3d49348,0.0,TTGGGGAGCAGGGGGCGCTGCTGGGGACAGTCGTTGTCGGATGAAGCCCAAGGAACCACAGGGAGATAATTTGGTTTGGACAGGGCTGTTCGGGAGGCCTCTGTCTTTTTGTGTCTTTTATGCAAAAAACTCAGCGAGGTCTGCATTGAATCTGGCAGAGGTGCAAAGGCTCTGCGGCCGCCCCTCCACTCTCCCTTGGG,af891ecbe92bed832d87b0eb45dfe44e4ce6a6816a4198373b06ff0aae467a4f,0.0734135796236296,TTGGGGAGCAGGGGGCGCTGCTGGGGACAGTCGTTGTCGGATGAAGCCCAAGGAACCACAGGGAGATAATTTGGTTTGGACAGGGCTGTTCGGGAGGCCACTGTCTTTTTGTGTCTTTTATGCAAAAAACTCAGCGAGGTTTGCATTGAATCTGGCAGAGGTGCAAAGGCTCTGCGGCCGCCCCTCCACTCTCCCTTGGG,3186f2e13072f51f1c034308cf96434cd2698706cb3de6383ab11b6a0e7d67c9,-0.0488804609552349,TTGGGGAGCAGGGGGCGCTGCTGGGGACAGTCGTTGTCGGATGAAGCCCAAGGAACCACAGGGAGATAATTTGGTTTGGACAGGGCTGTTCGGGAGGCCTCTGTCTTTTTGTGTCTTTTATGCAAAAAACTCAGCGAGGTTTGCATTGAATCTGGCAGAGGTGCAAAGGCTCTGCGGCCGCCCCTCCACTCTCCCTTGGG,9eab04bc78941192b4caf7fa0d320130e75ee62368fb07e3acade568d908aed6,-0.148485864730813,0.1730189833992076,0.241989019846341,-357.0468295002356,-322.19151085056365,-355.60484071052633,-340.5603647317039,19.810842670849524,1.0,0.1730189833992076,0.0,1,0.20252150085529266,0.18216460459877223,0.1501433469024087,0.21138231712472086,1.0
chr19:1083491:A:T;chr19:1083556:A:G;var1;middle;OL41|K562|0411473e103c7563,chr19:1083491:A:T;chr19:1083556:A:G;var1;middle;OL41,K562,K562_region_01032,100,165,65,TTGGGGAGCAGGGGGCGCTGCTGGGGACAGTCGTTGTCGGATGAAGCCCAAGGAACCACAGGGAGATAATTTGGTTTGGACAGGGCTGTTCGGGAGGCCACTGTCTTTTTGTGTCTTTTATGCAAAAAACTCAGCGAGGTCTGCATTGAATCTGGCAGAGGTGCAAAGGCTCTGCGGCCGCCCCTCCACTCTCCCTTGGG,41460cc906fd16b80874e1170a81060fa80ca7a4af221fae29d15184c3d49348,0.0,TTGGGGAGCAGGGGGCGCTGCTGGGGACAGTCGTTGTCGGATGAAGCCCAAGGAACCACAGGGAGATAATTTGGTTTGGACAGGGCTGTTCGGGAGGCCTCTGTCTTTTTGTGTCTTTTATGCAAAAAACTCAGCGAGGTCTGCATTGAATCTGGCAGAGGTGCAAAGGCTCTGCGGCCGCCCCTCCACTCTCCCTTGGG,af891ecbe92bed832d87b0eb45dfe44e4ce6a6816a4198373b06ff0aae467a4f,0.0734103107166295,TTGGGGAGCAGGGGGCGCTGCTGGGGACAGTCGTTGTCGGATGAAGCCCAAGGAACCACAGGGAGATAATTTGGTTTGGACAGGGCTGTTCGGGAGGCCACTGTCTTTTTGTGTCTTTTATGCAAAAAACTCAGCGAGGTCTGCATTGAATCTGGCAGAGGTGCGAAGGCTCTGCGGCCGCCCCTCCACTCTCCCTTGGG,d4b376ab56ca3fd611d28b7b006492a23251ff3a4a559070126bc7903854f8cc,-0.0804448411782907,TTGGGGAGCAGGGGGCGCTGCTGGGGACAGTCGTTGTCGGATGAAGCCCAAGGAACCACAGGGAGATAATTTGGTTTGGACAGGGCTGTTCGGGAGGCCTCTGTCTTTTTGTGTCTTTTATGCAAAAAACTCAGCGAGGTCTGCATTGAATCTGGCAGAGGTGCGAAGGCTCTGCGGCCGCCCCTCCACTCTCCCTTGGG,0411473e103c7563d19d16eeabb3b5a144d52005e17a52d56965df96acc771bc,0.184210621538137,0.1912451519997982,0.235603491603684,-357.0468295002356,-322.19151085056365,-361.3920284442138,-346.9654627754353,-20.428752980893478,-1.0,-0.1912451519997982,0.0,1,0.1615801319053995,0.18216460459877223,0.1501433469024087,0.17958748401491473,1.0
chr19:1083532:C:T;chr19:1083556:A:G;var1;middle;OL41|K562|e1f8b2e259b3d4ba,chr19:1083532:C:T;chr19:1083556:A:G;var1;middle;OL41,K562,K562_region_01032,100,124,24,TGAAGCCCAAGGAACCACAGGGAGATAATTTGGTTTGGACAGGGCTGTTCGGGAGGCCACTGTCTTTTTGTGTCTTTTATGCAAAAAACTCAGCGAGGTCTGCATTGAATCTGGCAGAGGTGCAAAGGCTCTGCGGCCGCCCCTCCACTCTCCCTTGGGGCTGGCCTTGGGCCTCACCCTTCACCCCCAGCTTCCTTCCC,df73c0eabc85e5d5fd7fcd61a4b6e56a49d29b69c324b736b23caaf08886999c,0.0,TGAAGCCCAAGGAACCACAGGGAGATAATTTGGTTTGGACAGGGCTGTTCGGGAGGCCACTGTCTTTTTGTGTCTTTTATGCAAAAAACTCAGCGAGGTTTGCATTGAATCTGGCAGAGGTGCAAAGGCTCTGCGGCCGCCCCTCCACTCTCCCTTGGGGCTGGCCTTGGGCCTCACCCTTCACCCCCAGCTTCCTTCCC,320ccb430efdd86fb5de782de7d6db9fac6ea940898991115789357e25a52a2e,0.276879087893,TGAAGCCCAAGGAACCACAGGGAGATAATTTGGTTTGGACAGGGCTGTTCGGGAGGCCACTGTCTTTTTGTGTCTTTTATGCAAAAAACTCAGCGAGGTCTGCATTGAATCTGGCAGAGGTGCGAAGGCTCTGCGGCCGCCCCTCCACTCTCCCTTGGGGCTGGCCTTGGGCCTCACCCTTCACCCCCAGCTTCCTTCCC,37e889363a96f66ca1e5540bc809272b741f42e4b235226d05aa7ea83bb502cb,-0.155516536134783,TGAAGCCCAAGGAACCACAGGGAGATAATTTGGTTTGGACAGGGCTGTTCGGGAGGCCACTGTCTTTTTGTGTCTTTTATGCAAAAAACTCAGCGAGGTTTGCATTGAATCTGGCAGAGGTGCGAAGGCTCTGCGGCCGCCCCTCCACTCTCCCTTGGGGCTGGCCTTGGGCCTCACCCTTCACCCCCAGCTTCCTTCCC,e1f8b2e259b3d4bac8c0fe5ebc2a114e67ff476c5ca5fd7614f5efedbeb16e86,-0.0168699372569321,-0.138232489015149,0.247390950325103,-299.73874292965047,-295.3550146473572,-294.827896239236,-300.2613646844402,-9.817196727497503,-1.0,0.138232489015149,0.0,1,0.1723767523153765,0.18216460459877223,0.1501433469024087,0.157965864855147,1.0
chr19:1086314:T:C;chr19:1086352:C:A;var1;middle;OL41|K562|a5943102787f4f97,chr19:1086314:T:C;chr19:1086352:C:A;var1;middle;OL41,K562,K562_region_01033,100,138,38,TCCCCTGCACCCCGGCTCAGCTGAGCTGGGGAACACTGCTGTCGTGTGAAGTCACAGTGGCCTTGTTGGTGCCCACAGGGCTGTGTGGATGGAGGAAGCTGTCCCTGCCCAGTGCATCCCCCAGGTCATCACGGGGACGCAGGAGGCAGGCCCTGCCCTGCCCTCTCCTCACAGGTCTGTTGCAGGGACTCCAGAAACCA,9c12cef43781ad19e58b6db1130110ac62f946dd61b0ae70df197ca2a6f11344,0.0,TCCCCTGCACCCCGGCTCAGCTGAGCTGGGGAACACTGCTGTCGTGTGAAGTCACAGTGGCCTTGTTGGTGCCCACAGGGCTGTGTGGATGGAGGAAGCCGTCCCTGCCCAGTGCATCCCCCAGGTCATCACGGGGACGCAGGAGGCAGGCCCTGCCCTGCCCTCTCCTCACAGGTCTGTTGCAGGGACTCCAGAAACCA,cb94990d27abfc831fe590ff2c1980938c660cf17e1e2ae8a02ce3290715ab50,-0.142856982069242,TCCCCTGCACCCCGGCTCAGCTGAGCTGGGGAACACTGCTGTCGTGTGAAGTCACAGTGGCCTTGTTGGTGCCCACAGGGCTGTGTGGATGGAGGAAGCTGTCCCTGCCCAGTGCATCCCCCAGGTCATCACGGGGAAGCAGGAGGCAGGCCCTGCCCTGCCCTCTCCTCACAGGTCTGTTGCAGGGACTCCAGAAACCA,d4460620c778e6ddbfbcf187df40a57f02baa7df9ac5f5e14ff9616741e680f8,-0.300873098682336,TCCCCTGCACCCCGGCTCAGCTGAGCTGGGGAACACTGCTGTCGTGTGAAGTCACAGTGGCCTTGTTGGTGCCCACAGGGCTGTGTGGATGGAGGAAGCCGTCCCTGCCCAGTGCATCCCCCAGGTCATCACGGGGAAGCAGGAGGCAGGCCCTGCCCTGCCCTCTCCTCACAGGTCTGTTGCAGGGACTCCAGAAACCA,a5943102787f4f9744bc802f21b2940ef9df815b1b9b96197c66b91ba2eced93,-0.670755190059689,0.2270251093081109,0.210199853746142,-254.8142922092229,-257.19041118002497,-252.66569453850389,-256.29768740409054,1.2558738947845995,1.0,0.2270251093081109,0.0,4,0.17775587059704276,0.17620727786206916,0.145609630836647,0.2223089832257887,1.0
chr19:11526759:G:A;chr19:11526765:G:T;var1;middle;OL30|K562|d3d64db267aed8c8,chr19:11526759:G:A;chr19:11526765:G:T;var1;middle;OL30,K562,K562_region_01076,100,106,6,TCCAAAAAATCTTCCAGAAGCTTCTCTGCTTTTTGAGCCTCAGCACTCCCTGGGGCCGCCCAGCCCAGAAAGGTTCGGACACTGCCCAGGTCCGAATGGGCAGGGGGGTCTCGGAAATCCTGAGGGTGGTCCTGCAGCCAGGAGCCCAGCACTGACACCACAGCCCTGGCCAGAGAGGCAGGGTCTCAGAGCTGGGTCCA,54de9ed69c97eb55f1a8e6f5f8d1ecf39717bee2e286d1ef60ea1e3c91693d86,0.0,TCCAAAAAATCTTCCAGAAGCTTCTCTGCTTTTTGAGCCTCAGCACTCCCTGGGGCCGCCCAGCCCAGAAAGGTTCGGACACTGCCCAGGTCCGAATGGACAGGGGGGTCTCGGAAATCCTGAGGGTGGTCCTGCAGCCAGGAGCCCAGCACTGACACCACAGCCCTGGCCAGAGAGGCAGGGTCTCAGAGCTGGGTCCA,3a61e954a335d8bb8e1638945890c987283d5bda1b6edd192f2812d06d699f4d,-0.696295874680259,TCCAAAAAATCTTCCAGAAGCTTCTCTGCTTTTTGAGCCTCAGCACTCCCTGGGGCCGCCCAGCCCAGAAAGGTTCGGACACTGCCCAGGTCCGAATGGGCAGGGTGGTCTCGGAAATCCTGAGGGTGGTCCTGCAGCCAGGAGCCCAGCACTGACACCACAGCCCTGGCCAGAGAGGCAGGGTCTCAGAGCTGGGTCCA,8b39f2d171130ffe18a1bffdfdb32d3815e331922c112fc7f1edff320df7fa97,-0.0478579007512464,TCCAAAAAATCTTCCAGAAGCTTCTCTGCTTTTTGAGCCTCAGCACTCCCTGGGGCCGCCCAGCCCAGAAAGGTTCGGACACTGCCCAGGTCCGAATGGACAGGGTGGTCTCGGAAATCCTGAGGGTGGTCCTGCAGCCAGGAGCCCAGCACTGACACCACAGCCCTGGCCAGAGAGGCAGGGTCTCAGAGCTGGGTCCA,d3d64db267aed8c89aa34624dbc728dc28c0940d70c6e20985ffa7ab854e7ccd,0.246939334374825,0.9910931098063304,0.42351940603054,-264.8745380359469,-271.74443052941933,-272.5693241212284,-291.3775205879938,-11.938303973292932,-1.0,-0.9910931098063304,0.0,0,0.1704426349004692,0.18565657667894103,0.15145376406925343,0.27215861142439424,1.0
chr19:12982233:C:A;chr19:12982291:C:T;var1;middle;OL27|K562|7c77bdb825a32f03,chr19:12982233:C:A;chr19:12982291:C:T;var1;middle;OL27,K562,K562_region_01077,100,158,58,GGCTGCGGGCTGGGCGCGGTGGCTCACGCCTGTAACCCCAGCACTTTGGGAGGCCGAGGCGGGCAGATCACGAGGTCAGGAGTTTGAGACCAGCCTGGCCAATATGGTGAAACCCCATCTCTACTAAAAATACAAAAATTAGCCTGGCATGGTGGCGCTCGCCTGCAGTCCCAGCTACTTAGGAAGCTGAGGCAGAAGAA,e297707243a7c978ac36862e0201cf60097c1e9f0b6e796b465636dae64d85f5,0.0,GGCTGCGGGCTGGGCGCGGTGGCTCACGCCTGTAACCCCAGCACTTTGGGAGGCCGAGGCGGGCAGATCACGAGGTCAGGAGTTTGAGACCAGCCTGGCAAATATGGTGAAACCCCATCTCTACTAAAAATACAAAAATTAGCCTGGCATGGTGGCGCTCGCCTGCAGTCCCAGCTACTTAGGAAGCTGAGGCAGAAGAA,766d03b5c2df6c24075c4b211cb58e5a6ed2f05d6215c18e06f6c5f432eb151b,-0.237137922014186,GGCTGCGGGCTGGGCGCGGTGGCTCACGCCTGTAACCCCAGCACTTTGGGAGGCCGAGGCGGGCAGATCACGAGGTCAGGAGTTTGAGACCAGCCTGGCCAATATGGTGAAACCCCATCTCTACTAAAAATACAAAAATTAGCCTGGCATGGTGGCGTTCGCCTGCAGTCCCAGCTACTTAGGAAGCTGAGGCAGAAGAA,c1db2f49db24ecd7b8b4baa747d20a269c8cbae9252153a0798deb18f4c97233,0.0702432048738933,GGCTGCGGGCTGGGCGCGGTGGCTCACGCCTGTAACCCCAGCACTTTGGGAGGCCGAGGCGGGCAGATCACGAGGTCAGGAGTTTGAGACCAGCCTGGCAAATATGGTGAAACCCCATCTCTACTAAAAATACAAAAATTAGCCTGGCATGGTGGCGTTCGCCTGCAGTCCCAGCTACTTAGGAAGCTGAGGCAGAAGAA,7c77bdb825a32f03d0d9652e49ff926263bf9108a6b2e9b8eddc88aed660c98d,-0.349123481631378,0.1822287644910853,0.170788926808483,-65.50256021181121,-69.88906957441941,-68.56879540393129,-72.93435380095616,-0.020950965583324432,1.0,0.1822287644910853,0.0,4,0.1761733594137524,0.17620727786206916,0.145609630836647,0.17018561193012208,1.0
chr19:1372046:A:G;chr19:1372132:C:T;var1;middle;OL41|K562|af66ca5edcabfe51,chr19:1372046:A:G;chr19:1372132:C:T;var1;middle;OL41,K562,K562_region_01034,100,186,86,GCGCCCGCCACGACGCCCGGCTAATTTTTTGTATTTTTAGTAGAGACGGGGTTTCACCATGTTGGCCAGGATGATCTTGATCTCCTGACCTCGTGATCCACCCCCCTCAGCCTCCCAAAGTGCTGGGATTACAGGCGTGAGCCACCACTCCCGGCCACAGTTTTTTTTTAAGCCCATAAATACTTCAGTGTGTGTCTCTA,88ea6fd9bd524cf660fd599702fe20247902da13567373fe524e2a8b9e84df2a,0.0,GCGCCCGCCACGACGCCCGGCTAATTTTTTGTATTTTTAGTAGAGACGGGGTTTCACCATGTTGGCCAGGATGATCTTGATCTCCTGACCTCGTGATCCGCCCCCCTCAGCCTCCCAAAGTGCTGGGATTACAGGCGTGAGCCACCACTCCCGGCCACAGTTTTTTTTTAAGCCCATAAATACTTCAGTGTGTGTCTCTA,d0100d66b6d4f3c284c04260b09915520a42870fdb6f10236373bf2f059194ad,-0.136993764411595,GCGCCCGCCACGACGCCCGGCTAATTTTTTGTATTTTTAGTAGAGACGGGGTTTCACCATGTTGGCCAGGATGATCTTGATCTCCTGACCTCGTGATCCACCCCCCTCAGCCTCCCAAAGTGCTGGGATTACAGGCGTGAGCCACCACTCCCGGCCACAGTTTTTTTTTAAGCCCATAAATACTTTAGTGTGTGTCTCTA,c84e5d620a865ec324bbf7ac409081c54c3ca8fa9fb1cff54e786522e09ad90f,-0.145737458452897,GCGCCCGCCACGACGCCCGGCTAATTTTTTGTATTTTTAGTAGAGACGGGGTTTCACCATGTTGGCCAGGATGATCTTGATCTCCTGACCTCGTGATCCGCCCCCCTCAGCCTCCCAAAGTGCTGGGATTACAGGCGTGAGCCACCACTCCCGGCCACAGTTTTTTTTTAAGCCCATAAATACTTTAGTGTGTGTCTCTA,af66ca5edcabfe51bf2ef036716d9795cc43e0687e1a73831e8f12121c3aee37,-0.138215545729947,0.144515677134545,0.390979865149805,-93.88509686803444,-94.05570913711564,-95.70708514587022,-95.72084374539554,0.156853669555872,-1.0,-0.144515677134545,0.0,2,0.17542285999484128,0.17490732828716207,0.146091925319964,0.0691505749427967,1.0
chr19:1372050:C:A;chr19:1372132:C:T;var1;middle;OL41|K562|6dea68800694d32a,chr19:1372050:C:A;chr19:1372132:C:T;var1;middle;OL41,K562,K562_region_01034,100,182,82,CCGCCACGACGCCCGGCTAATTTTTTGTATTTTTAGTAGAGACGGGGTTTCACCATGTTGGCCAGGATGATCTTGATCTCCTGACCTCGTGATCCACCCCCCTCAGCCTCCCAAAGTGCTGGGATTACAGGCGTGAGCCACCACTCCCGGCCACAGTTTTTTTTTAAGCCCATAAATACTTCAGTGTGTGTCTCTAAAAG,1de212591e5bb414bf6b38ff28ad08495199abfab35278e6cff35bca629cf084,0.0,CCGCCACGACGCCCGGCTAATTTTTTGTATTTTTAGTAGAGACGGGGTTTCACCATGTTGGCCAGGATGATCTTGATCTCCTGACCTCGTGATCCACCCACCTCAGCCTCCCAAAGTGCTGGGATTACAGGCGTGAGCCACCACTCCCGGCCACAGTTTTTTTTTAAGCCCATAAATACTTCAGTGTGTGTCTCTAAAAG,8c8548eae213bb55a0d53fcd398095dc72c49796846c309154f03cf0504e9afd,-0.004414293993156,CCGCCACGACGCCCGGCTAATTTTTTGTATTTTTAGTAGAGACGGGGTTTCACCATGTTGGCCAGGATGATCTTGATCTCCTGACCTCGTGATCCACCCCCCTCAGCCTCCCAAAGTGCTGGGATTACAGGCGTGAGCCACCACTCCCGGCCACAGTTTTTTTTTAAGCCCATAAATACTTTAGTGTGTGTCTCTAAAAG,38aec45a94d2483b85b4d8f2cad6b1159657cdb79ac3917c29da787584d208ac,-0.430339724837894,CCGCCACGACGCCCGGCTAATTTTTTGTATTTTTAGTAGAGACGGGGTTTCACCATGTTGGCCAGGATGATCTTGATCTCCTGACCTCGTGATCCACCCACCTCAGCCTCCCAAAGTGCTGGGATTACAGGCGTGAGCCACCACTCCCGGCCACAGTTTTTTTTTAAGCCCATAAATACTTTAGTGTGTGTCTCTAAAAG,6dea68800694d32af300265e4031ad65d53a52949ef8a795029bf96022a75279,-0.316289789511332,0.118464229319718,0.375073056334457,-99.0259900134988,-95.6485787925776,-99.35392483812755,-95.9535719542764,0.022941662929952145,-1.0,-0.118464229319718,0.0,2,0.17522787328616474,0.17490732828716207,0.146091925319964,0.257398007928452,1.0
chr19:13885437:C:A;chr19:13885484:A:G;var1;middle;OL41|K562|bb33663d4bb2349e,chr19:13885437:C:A;chr19:13885484:A:G;var1;middle;OL41,K562,K562_region_01078,100,147,47,GTAAGACGGCAGCGGCAGCCTCTGAAAAGAATCGGGGCCCAAGAAAAGGCGGTAAGGAGCGGCCCGGGGACTTGGGGGCGAGGTGGACCCCCGGCTTCCCGGCCTCACGTGAGCACATCTTTCCCCAGGTCGTGTTATCGCTCCCAAGAAGGCGCGCGTCGTGCAGCAGCAAAAGCTCAAGAAGGTGTGCGGGGGCGAGA,6b6651a23b937a10381a02d0b93857ad28fd89eb571256fb2ac51df8d0ddbb90,0.0,GTAAGACGGCAGCGGCAGCCTCTGAAAAGAATCGGGGCCCAAGAAAAGGCGGTAAGGAGCGGCCCGGGGACTTGGGGGCGAGGTGGACCCCCGGCTTCCAGGCCTCACGTGAGCACATCTTTCCCCAGGTCGTGTTATCGCTCCCAAGAAGGCGCGCGTCGTGCAGCAGCAAAAGCTCAAGAAGGTGTGCGGGGGCGAGA,2e4cbc969cefb8f600020a0c44c78ffade617f9731c7afa6a5ba0fc1f5f51ca4,-0.296423617871556,GTAAGACGGCAGCGGCAGCCTCTGAAAAGAATCGGGGCCCAAGAAAAGGCGGTAAGGAGCGGCCCGGGGACTTGGGGGCGAGGTGGACCCCCGGCTTCCCGGCCTCACGTGAGCACATCTTTCCCCAGGTCGTGTTATCGCTCCCAGGAAGGCGCGCGTCGTGCAGCAGCAAAAGCTCAAGAAGGTGTGCGGGGGCGAGA,0a22e89ae0a390b0725c416af51fb44a59d0e9e60aae173e12cc0dd215346089,-0.0939984247710957,GTAAGACGGCAGCGGCAGCCTCTGAAAAGAATCGGGGCCCAAGAAAAGGCGGTAAGGAGCGGCCCGGGGACTTGGGGGCGAGGTGGACCCCCGGCTTCCAGGCCTCACGTGAGCACATCTTTCCCCAGGTCGTGTTATCGCTCCCAGGAAGGCGCGCGTCGTGCAGCAGCAAAAGCTCAAGAAGGTGTGCGGGGGCGAGA,bb33663d4bb2349eaea41173b4118fea6b7cd196e70d816c7e029c6b6828a87a,-0.0158585507081331,0.3745634919345186,0.255085721300071,-292.9893692294136,-301.6272231740877,-361.8676950391382,-358.11341296788305,12.392136015929225,-1.0,-0.3745634919345186,0.0,1,0.19497341292422113,0.18216460459877223,0.1501433469024087,0.11696822834516873,1.0
chr19:13948312:G:A;chr19:13948397:T:G;var1;middle;OL27|K562|a8f71344dfc3b5be,chr19:13948312:G:A;chr19:13948397:T:G;var1;middle;OL27,K562,K562_region_01079,100,185,85,ACCAGGGCAAGATACAGGATTTTCAGGACCCGGTGCAAAATGAACACGTGGTCCTCTAGTTCGAAAACTAAGAATTTCAGGCCAAGCATGGCGGCTCACGCCTGTAATCCCAGCACTTTGGGAGGCCGAGGCAGGAGAGTCACCTGAGGCCAGGAGTTCAAGACCAGCCTGCGCAATACGACAATACCCCATCTCTACAA,93c0e73797a0b6d9b6c8a3a007b850e3edab2b5f5200e86bb751119fa12965b8,0.0,ACCAGGGCAAGATACAGGATTTTCAGGACCCGGTGCAAAATGAACACGTGGTCCTCTAGTTCGAAAACTAAGAATTTCAGGCCAAGCATGGCGGCTCACACCTGTAATCCCAGCACTTTGGGAGGCCGAGGCAGGAGAGTCACCTGAGGCCAGGAGTTCAAGACCAGCCTGCGCAATACGACAATACCCCATCTCTACAA,61ef0de228aec98926bda0fc7e2957d8065bf229504c33e7ae4ea7c8be791a47,0.0875099493500638,ACCAGGGCAAGATACAGGATTTTCAGGACCCGGTGCAAAATGAACACGTGGTCCTCTAGTTCGAAAACTAAGAATTTCAGGCCAAGCATGGCGGCTCACGCCTGTAATCCCAGCACTTTGGGAGGCCGAGGCAGGAGAGTCACCTGAGGCCAGGAGTTCAAGACCAGCCTGCGCAATACGACAAGACCCCATCTCTACAA,0470155a9888863418c28868a4e3c5f4c01f983bcf62cccc1a18320522bf325f,0.191978364066396,ACCAGGGCAAGATACAGGATTTTCAGGACCCGGTGCAAAATGAACACGTGGTCCTCTAGTTCGAAAACTAAGAATTTCAGGCCAAGCATGGCGGCTCACACCTGTAATCCCAGCACTTTGGGAGGCCGAGGCAGGAGAGTCACCTGAGGCCAGGAGTTCAAGACCAGCCTGCGCAATACGACAAGACCCCATCTCTACAA,a8f71344dfc3b5bed008184200bb26ee3f26cbd336e271e58ba2ca08d8d092be,-0.0752475789168115,0.3547358923332713,0.197584236515721,-148.29486448131502,-148.2974351113662,-145.47644695546478,-145.5819689296186,0.10295134410262108,1.0,0.3547358923332713,0.0,1,0.1824699064750744,0.18216460459877223,0.1501433469024087,0.27700349465621543,1.0
chr19:14172896:G:C;chr19:14172921:A:T;var1;middle;OL29|K562|5d68f652fd95af82,chr19:14172896:G:C;chr19:14172921:A:T;var1;middle;OL29,K562,K562_region_01080,100,125,25,GCCCAGAAGTTCACTTTCTGGTCTCCGAGTTCTGGACCCACCACCCGCTTGCCTGAAGGTGCCCCGGAGGCTGTGACTTGGCTGCCTGGAGTGGGGGGGGGCTGCGGGCGGGCACCGGGAGAGCAGGTCCAGCGGGTTTGGGCCAGGGAGGCGGTAGGCACACCAGAGAGGGGGGCTGGGGGCTGGAGGGCAGTTCTGGG,cf6ca6341efa7a7e0e39864a537fe217032c459171c4ed43f9c45f5356d5f3e5,0.0,GCCCAGAAGTTCACTTTCTGGTCTCCGAGTTCTGGACCCACCACCCGCTTGCCTGAAGGTGCCCCGGAGGCTGTGACTTGGCTGCCTGGAGTGGGGGGGCGCTGCGGGCGGGCACCGGGAGAGCAGGTCCAGCGGGTTTGGGCCAGGGAGGCGGTAGGCACACCAGAGAGGGGGGCTGGGGGCTGGAGGGCAGTTCTGGG,a916998e3eeb095893c6c35b762117129fab87dd69a1f905dbe05225d821c165,0.264026269538158,GCCCAGAAGTTCACTTTCTGGTCTCCGAGTTCTGGACCCACCACCCGCTTGCCTGAAGGTGCCCCGGAGGCTGTGACTTGGCTGCCTGGAGTGGGGGGGGGCTGCGGGCGGGCACCGGGAGAGCTGGTCCAGCGGGTTTGGGCCAGGGAGGCGGTAGGCACACCAGAGAGGGGGGCTGGGGGCTGGAGGGCAGTTCTGGG,298aec52557f39d95676df4ffaccbb719df63e76043c03dd358ae5caa5244bc4,-0.124711590410234,GCCCAGAAGTTCACTTTCTGGTCTCCGAGTTCTGGACCCACCACCCGCTTGCCTGAAGGTGCCCCGGAGGCTGTGACTTGGCTGCCTGGAGTGGGGGGGCGCTGCGGGCGGGCACCGGGAGAGCTGGTCCAGCGGGTTTGGGCCAGGGAGGCGGTAGGCACACCAGAGAGGGGGGCTGGGGGCTGGAGGGCAGTTCTGGG,5d68f652fd95af82e2fca0436d1b97b1cf109585dc9c421527e4b501ecaa85a3,0.105433803684631,-0.033880875443293,0.179876028425995,-233.6650828719139,-232.96885193884373,-234.39890740811825,-233.5524270534516,0.15024942159647026,-1.0,0.033880875443293,0.0,4,0.17638554711130208,0.17620727786206916,0.145609630836647,0.10830898310779193,1.0
chr19:14172896:G:C;chr19:14172951:T:G;var1;middle;OL29|K562|34c9f532f77d7d59,chr19:14172896:G:C;chr19:14172951:T:G;var1;middle;OL29,K562,K562_region_01080,100,155,55,GCCCAGAAGTTCACTTTCTGGTCTCCGAGTTCTGGACCCACCACCCGCTTGCCTGAAGGTGCCCCGGAGGCTGTGACTTGGCTGCCTGGAGTGGGGGGGGGCTGCGGGCGGGCACCGGGAGAGCAGGTCCAGCGGGTTTGGGCCAGGGAGGCGGTAGGCACACCAGAGAGGGGGGCTGGGGGCTGGAGGGCAGTTCTGGG,cf6ca6341efa7a7e0e39864a537fe217032c459171c4ed43f9c45f5356d5f3e5,0.0,GCCCAGAAGTTCACTTTCTGGTCTCCGAGTTCTGGACCCACCACCCGCTTGCCTGAAGGTGCCCCGGAGGCTGTGACTTGGCTGCCTGGAGTGGGGGGGCGCTGCGGGCGGGCACCGGGAGAGCAGGTCCAGCGGGTTTGGGCCAGGGAGGCGGTAGGCACACCAGAGAGGGGGGCTGGGGGCTGGAGGGCAGTTCTGGG,a916998e3eeb095893c6c35b762117129fab87dd69a1f905dbe05225d821c165,0.263919534384042,GCCCAGAAGTTCACTTTCTGGTCTCCGAGTTCTGGACCCACCACCCGCTTGCCTGAAGGTGCCCCGGAGGCTGTGACTTGGCTGCCTGGAGTGGGGGGGGGCTGCGGGCGGGCACCGGGAGAGCAGGTCCAGCGGGTTTGGGCCAGGGAGGCGGGAGGCACACCAGAGAGGGGGGCTGGGGGCTGGAGGGCAGTTCTGGG,c17099125f58b05f764ed9b4ab453d478c7493c092a8b8212cd560205d834112,0.300499233753063,GCCCAGAAGTTCACTTTCTGGTCTCCGAGTTCTGGACCCACCACCCGCTTGCCTGAAGGTGCCCCGGAGGCTGTGACTTGGCTGCCTGGAGTGGGGGGGCGCTGCGGGCGGGCACCGGGAGAGCAGGTCCAGCGGGTTTGGGCCAGGGAGGCGGGAGGCACACCAGAGAGGGGGGCTGGGGGCTGGAGGGCAGTTCTGGG,34c9f532f77d7d59ffa3a883afab09cebfdc59f4e52c214c5e7595c8e9e1de9c,0.460275917644554,0.1041428504925509,0.174042119695448,-233.6650828719139,-232.96885193884373,-227.28317299485207,-226.92514138668776,0.33819932490587234,1.0,0.1041428504925509,0.0,4,0.17661849434871707,0.17620727786206916,0.145609630836647,0.16638238698460797,1.0
chr19:14172921:A:T;chr19:14172951:T:G;var1;middle;OL29|K562|8ad9a33f5c7b1d92,chr19:14172921:A:T;chr19:14172951:T:G;var1;middle;OL29,K562,K562_region_01080,100,130,30,CGAGTTCTGGACCCACCACCCGCTTGCCTGAAGGTGCCCCGGAGGCTGTGACTTGGCTGCCTGGAGTGGGGGGGGGCTGCGGGCGGGCACCGGGAGAGCAGGTCCAGCGGGTTTGGGCCAGGGAGGCGGTAGGCACACCAGAGAGGGGGGCTGGGGGCTGGAGGGCAGTTCTGGGGAGGTACTATCAGCTGTCCTGATAA,312ef253f3e0b7d298a3236e980af8232e5d489709be4030576017ac3a1064ac,0.0,CGAGTTCTGGACCCACCACCCGCTTGCCTGAAGGTGCCCCGGAGGCTGTGACTTGGCTGCCTGGAGTGGGGGGGGGCTGCGGGCGGGCACCGGGAGAGCTGGTCCAGCGGGTTTGGGCCAGGGAGGCGGTAGGCACACCAGAGAGGGGGGCTGGGGGCTGGAGGGCAGTTCTGGGGAGGTACTATCAGCTGTCCTGATAA,16efb004fe5228ab5034f3481381d5e2b1762996a75a8c8bbfb5bfdd324f1498,-0.114495923090164,CGAGTTCTGGACCCACCACCCGCTTGCCTGAAGGTGCCCCGGAGGCTGTGACTTGGCTGCCTGGAGTGGGGGGGGGCTGCGGGCGGGCACCGGGAGAGCAGGTCCAGCGGGTTTGGGCCAGGGAGGCGGGAGGCACACCAGAGAGGGGGGCTGGGGGCTGGAGGGCAGTTCTGGGGAGGTACTATCAGCTGTCCTGATAA,a3b004c3b54643619dad86a0d7166af4d5ddca3cf1bdb60af19e2676233a81d5,0.544757901537227,CGAGTTCTGGACCCACCACCCGCTTGCCTGAAGGTGCCCCGGAGGCTGTGACTTGGCTGCCTGGAGTGGGGGGGGGCTGCGGGCGGGCACCGGGAGAGCTGGTCCAGCGGGTTTGGGCCAGGGAGGCGGGAGGCACACCAGAGAGGGGGGCTGGGGGCTGGAGGGCAGTTCTGGGGAGGTACTATCAGCTGTCCTGATAA,8ad9a33f5c7b1d9243cdbbaef7cf4fc78f91212509e2adc8c6d6f0dbe47c6a2f,0.395877176667634,-0.034384801779429,0.123271796369178,-245.6415764689445,-245.8315821439028,-241.0595823451877,-241.31404925882816,-0.06446123868215636,-1.0,0.034384801779429,0.0,4,0.17611943228881602,0.17620727786206916,0.145609630836647,0.21141811143960593,1.0
chr19:14492219:C:A;chr19:14492265:T:C;var1;middle;OL41|K562|c248e4b0584be407,chr19:14492219:C:A;chr19:14492265:T:C;var1;middle;OL41,K562,K562_region_01081,100,146,46,GCAGCGCCCCTGGGTCTGTGTTTTTATTGCACTTTCCTGCTGGCTTCCAGCTGCACCGCCAGTTCCGGGGAGGGCCCTGGGCCAGCGGCTGTCCGCCCCCCCTCCTTCATAAAGTCCTGGCCTCGGGACAGCCTGCACAGCTGCCTAGCCTGTGGAGACGGGACAGCCCTGTCCCACTCACTCTTTCCCCTGCCGCTCCT,9cb0713870c77ca6a35b91155deff31bbd83d311c475fe8c53a3b8495ee81dc9,0.0,GCAGCGCCCCTGGGTCTGTGTTTTTATTGCACTTTCCTGCTGGCTTCCAGCTGCACCGCCAGTTCCGGGGAGGGCCCTGGGCCAGCGGCTGTCCGCCCCACCTCCTTCATAAAGTCCTGGCCTCGGGACAGCCTGCACAGCTGCCTAGCCTGTGGAGACGGGACAGCCCTGTCCCACTCACTCTTTCCCCTGCCGCTCCT,0421b3631ef9b19286b07a9a83970e4adeae96906071c00a301aee4324928a05,0.870176180341077,GCAGCGCCCCTGGGTCTGTGTTTTTATTGCACTTTCCTGCTGGCTTCCAGCTGCACCGCCAGTTCCGGGGAGGGCCCTGGGCCAGCGGCTGTCCGCCCCCCCTCCTTCATAAAGTCCTGGCCTCGGGACAGCCTGCACAGCTGCCCAGCCTGTGGAGACGGGACAGCCCTGTCCCACTCACTCTTTCCCCTGCCGCTCCT,8a67fa10f59b42819e47910250b9fc6ceba5ecd723123f96525ba7bfedbda6f9,-0.248115868094284,GCAGCGCCCCTGGGTCTGTGTTTTTATTGCACTTTCCTGCTGGCTTCCAGCTGCACCGCCAGTTCCGGGGAGGGCCCTGGGCCAGCGGCTGTCCGCCCCACCTCCTTCATAAAGTCCTGGCCTCGGGACAGCCTGCACAGCTGCCCAGCCTGTGGAGACGGGACAGCCCTGTCCCACTCACTCTTTCCCCTGCCGCTCCT,c248e4b0584be4076d18d31bf91ac433108b6b0b448cf6bb2739b1f1ce053910,0.396419196627405,-0.225641115619388,0.33817969123878,-316.30839399574324,-329.763334908057,-308.1300014789449,-320.83842561696656,0.746516774292104,-1.0,0.225641115619388,0.0,1,0.18312469560240113,0.18216460459877223,0.1501433469024087,0.22608016217684485,1.0
chr19:14492219:C:A;chr19:14492272:T:C;var1;middle;OL41|K562|9d2d56ac6797bff9,chr19:14492219:C:A;chr19:14492272:T:C;var1;middle;OL41,K562,K562_region_01081,100,153,53,GCAGCGCCCCTGGGTCTGTGTTTTTATTGCACTTTCCTGCTGGCTTCCAGCTGCACCGCCAGTTCCGGGGAGGGCCCTGGGCCAGCGGCTGTCCGCCCCCCCTCCTTCATAAAGTCCTGGCCTCGGGACAGCCTGCACAGCTGCCTAGCCTGTGGAGACGGGACAGCCCTGTCCCACTCACTCTTTCCCCTGCCGCTCCT,9cb0713870c77ca6a35b91155deff31bbd83d311c475fe8c53a3b8495ee81dc9,0.0,GCAGCGCCCCTGGGTCTGTGTTTTTATTGCACTTTCCTGCTGGCTTCCAGCTGCACCGCCAGTTCCGGGGAGGGCCCTGGGCCAGCGGCTGTCCGCCCCACCTCCTTCATAAAGTCCTGGCCTCGGGACAGCCTGCACAGCTGCCTAGCCTGTGGAGACGGGACAGCCCTGTCCCACTCACTCTTTCCCCTGCCGCTCCT,0421b3631ef9b19286b07a9a83970e4adeae96906071c00a301aee4324928a05,0.870171049295499,GCAGCGCCCCTGGGTCTGTGTTTTTATTGCACTTTCCTGCTGGCTTCCAGCTGCACCGCCAGTTCCGGGGAGGGCCCTGGGCCAGCGGCTGTCCGCCCCCCCTCCTTCATAAAGTCCTGGCCTCGGGACAGCCTGCACAGCTGCCTAGCCTGCGGAGACGGGACAGCCCTGTCCCACTCACTCTTTCCCCTGCCGCTCCT,197eb63af1b93f555d883e78869dc191a4aa712bf14cd677e7142332c24719be,-0.0247185180930121,GCAGCGCCCCTGGGTCTGTGTTTTTATTGCACTTTCCTGCTGGCTTCCAGCTGCACCGCCAGTTCCGGGGAGGGCCCTGGGCCAGCGGCTGTCCGCCCCACCTCCTTCATAAAGTCCTGGCCTCGGGACAGCCTGCACAGCTGCCTAGCCTGCGGAGACGGGACAGCCCTGTCCCACTCACTCTTTCCCCTGCCGCTCCT,9d2d56ac6797bff93649694b958c443add12a9a6f6f62dc59c63a0151153333c,0.960059780964016,0.114607249761529,0.338000789307819,-316.30839399574324,-329.763334908057,-317.13687640288845,-328.8914417885244,1.700375526677817,-1.0,-0.114607249761529,0.0,1,0.18409518952697954,0.18216460459877223,0.1501433469024087,0.19915630053593775,1.0
chr19:14499614:G:C;chr19:14499616:C:T;var1;middle;OL27|K562|e0a6e2afc8f37f40,chr19:14499614:G:C;chr19:14499616:C:T;var1;middle;OL27,K562,K562_region_01082,100,102,2,CTGTGCCCGGTGGTGCCCTCAGAACTCCTCGTGTGTCAATGCCACCGCCTGTCGCTGCAATCCAGGGTTCAGCTCTTTTTCTGAGATCATCACCACCCCGACGGAGACTTGTGACGGTACAGAGGCTTGAGGGCAGCGCAGGGGACATCCGCGATTATGAGGCATTGCCCAGCCAGTGGGGGACAGAGGTTGTTGTGAGG,32d078b86e83a4e07a3fe521bd2bf1933aefcd060c09d5d7cd27a14681fa58d6,0.0,CTGTGCCCGGTGGTGCCCTCAGAACTCCTCGTGTGTCAATGCCACCGCCTGTCGCTGCAATCCAGGGTTCAGCTCTTTTTCTGAGATCATCACCACCCCCACGGAGACTTGTGACGGTACAGAGGCTTGAGGGCAGCGCAGGGGACATCCGCGATTATGAGGCATTGCCCAGCCAGTGGGGGACAGAGGTTGTTGTGAGG,411fd2c13118fb4443843daff42df68bb0f26dc56f2e4acad413406e407872a8,0.227471731799778,CTGTGCCCGGTGGTGCCCTCAGAACTCCTCGTGTGTCAATGCCACCGCCTGTCGCTGCAATCCAGGGTTCAGCTCTTTTTCTGAGATCATCACCACCCCGATGGAGACTTGTGACGGTACAGAGGCTTGAGGGCAGCGCAGGGGACATCCGCGATTATGAGGCATTGCCCAGCCAGTGGGGGACAGAGGTTGTTGTGAGG,6bbfbe84782b13bce4f944ea9bf225882c47fe800c803b946a54826943cf7981,0.0961233903757953,CTGTGCCCGGTGGTGCCCTCAGAACTCCTCGTGTGTCAATGCCACCGCCTGTCGCTGCAATCCAGGGTTCAGCTCTTTTTCTGAGATCATCACCACCCCCATGGAGACTTGTGACGGTACAGAGGCTTGAGGGCAGCGCAGGGGACATCCGCGATTATGAGGCATTGCCCAGCCAGTGGGGGACAGAGGTTGTTGTGAGG,e0a6e2afc8f37f4092bab3063951c614c7f874ae3db0e7f7a6de452b4b56691c,-0.0084743576085647,0.332069479784138,0.159522656736084,-336.46364773623645,-337.91260316222906,-331.6186059676111,-339.5510653741658,6.483503980562091,1.0,0.332069479784138,0.0,1,0.18896173511705,0.18216460459877223,0.1501433469024087,0.08215444230852288,1.0
chr19:1456544:A:G;chr19:1456595:G:C;var1;middle;OL41|K562|da90359f72630d0f,chr19:1456544:A:G;chr19:1456595:G:C;var1;middle;OL41,K562,K562_region_01035,100,151,51,GCTGGAAGGGGGATCAGGTCTGCATCCTCGCCAGTGGTGGTGCCCTCCCATGCCTCCATCCAGCACCCCCTCGGGTGTAGGAAGGCCCCTCTGGCGTGCAGCTCATGCAGAAGCTGCGGGCCTGGCGAGGTGGATGGGGAAATACGTCCCGTAGCGGGGGCTAAGTGGGGCACCATAGACGTCCCCGTGGAGTCCCTTGG,ac259945c820b656c8730196e84e6d1c7ee7ae9e615152cb9bd34bbd21f65bb6,0.0,GCTGGAAGGGGGATCAGGTCTGCATCCTCGCCAGTGGTGGTGCCCTCCCATGCCTCCATCCAGCACCCCCTCGGGTGTAGGAAGGCCCCTCTGGCGTGCGGCTCATGCAGAAGCTGCGGGCCTGGCGAGGTGGATGGGGAAATACGTCCCGTAGCGGGGGCTAAGTGGGGCACCATAGACGTCCCCGTGGAGTCCCTTGG,33672a3086449a5a57d08fdfa3ecb0ff9733b24f113d4e2a5a23512de40c1019,-0.0550911425805045,GCTGGAAGGGGGATCAGGTCTGCATCCTCGCCAGTGGTGGTGCCCTCCCATGCCTCCATCCAGCACCCCCTCGGGTGTAGGAAGGCCCCTCTGGCGTGCAGCTCATGCAGAAGCTGCGGGCCTGGCGAGGTGGATGGGGAAATACGTCCCCTAGCGGGGGCTAAGTGGGGCACCATAGACGTCCCCGTGGAGTCCCTTGG,c12eb742097995a958c0bdb3ece8b50a91d2119d91664c994639b9965212e028,0.475579496365148,GCTGGAAGGGGGATCAGGTCTGCATCCTCGCCAGTGGTGGTGCCCTCCCATGCCTCCATCCAGCACCCCCTCGGGTGTAGGAAGGCCCCTCTGGCGTGCGGCTCATGCAGAAGCTGCGGGCCTGGCGAGGTGGATGGGGAAATACGTCCCCTAGCGGGGGCTAAGTGGGGCACCATAGACGTCCCCGTGGAGTCCCTTGG,da90359f72630d0f9d84fa324db1bd16447c5c9a9e45cff8d3b2062997d966ca,0.491928957218384,0.0714406034337404,0.253785295485488,-348.52586855803384,-358.1599806065205,-329.20887030509766,-337.179039771785,1.663942581799347,-1.0,-0.0714406034337404,0.0,2,0.17761730330194653,0.17490732828716207,0.146091925319964,0.1056608201933774,1.0
chr19:1456595:G:C;chr19:1456647:C:G;var1;middle;OL41|K562|61ce90e1944c1ffe,chr19:1456595:G:C;chr19:1456647:C:G;var1;middle;OL41,K562,K562_region_01035,100,152,52,GCCTCCATCCAGCACCCCCTCGGGTGTAGGAAGGCCCCTCTGGCGTGCAGCTCATGCAGAAGCTGCGGGCCTGGCGAGGTGGATGGGGAAATACGTCCCGTAGCGGGGGCTAAGTGGGGCACCATAGACGTCCCCGTGGAGTCCCTTGGCTCTGCGCGGCCACCCTAGGAATGCCAGGTGAGGGGGGCCAGCCTCCCCGA,5e52df3281680a4d1398c031842cdc311e24d41de265ed0b7de47cd2e7f8d92f,0.0,GCCTCCATCCAGCACCCCCTCGGGTGTAGGAAGGCCCCTCTGGCGTGCAGCTCATGCAGAAGCTGCGGGCCTGGCGAGGTGGATGGGGAAATACGTCCCCTAGCGGGGGCTAAGTGGGGCACCATAGACGTCCCCGTGGAGTCCCTTGGCTCTGCGCGGCCACCCTAGGAATGCCAGGTGAGGGGGGCCAGCCTCCCCGA,588246072a543cacdb4e75c8545cd8395c80a002503a0bac060f19152cc7bba0,0.748676321114389,GCCTCCATCCAGCACCCCCTCGGGTGTAGGAAGGCCCCTCTGGCGTGCAGCTCATGCAGAAGCTGCGGGCCTGGCGAGGTGGATGGGGAAATACGTCCCGTAGCGGGGGCTAAGTGGGGCACCATAGACGTCCCCGTGGAGTCCCTTGGCTGTGCGCGGCCACCCTAGGAATGCCAGGTGAGGGGGGCCAGCCTCCCCGA,9f80e0290c11bb6d068cc95356de38ca137f62938ec3eb64e7c7d364123209b8,-0.0357465626166742,GCCTCCATCCAGCACCCCCTCGGGTGTAGGAAGGCCCCTCTGGCGTGCAGCTCATGCAGAAGCTGCGGGCCTGGCGAGGTGGATGGGGAAATACGTCCCCTAGCGGGGGCTAAGTGGGGCACCATAGACGTCCCCGTGGAGTCCCTTGGCTGTGCGCGGCCACCCTAGGAATGCCAGGTGAGGGGGGCCAGCCTCCCCGA,61ce90e1944c1ffeb36e3080af82dbe1e5fab8ea23359313e15478d1970318bb,0.298439232454031,-0.4144905260436838,0.479904964609186,-419.3417049469426,-384.39694363297895,-426.3160255528055,-393.6461179004982,-2.2748536616563797,-1.0,0.4144905260436838,0.0,2,0.1718820975126372,0.17490732828716207,0.146091925319964,0.24143746127158436,1.0
chr19:1456595:G:C;chr19:1456653:G:T;var1;middle;OL41|K562|a3a3403898c4ce09,chr19:1456595:G:C;chr19:1456653:G:T;var1;middle;OL41,K562,K562_region_01035,100,158,58,GCCTCCATCCAGCACCCCCTCGGGTGTAGGAAGGCCCCTCTGGCGTGCAGCTCATGCAGAAGCTGCGGGCCTGGCGAGGTGGATGGGGAAATACGTCCCGTAGCGGGGGCTAAGTGGGGCACCATAGACGTCCCCGTGGAGTCCCTTGGCTCTGCGCGGCCACCCTAGGAATGCCAGGTGAGGGGGGCCAGCCTCCCCGA,5e52df3281680a4d1398c031842cdc311e24d41de265ed0b7de47cd2e7f8d92f,0.0,GCCTCCATCCAGCACCCCCTCGGGTGTAGGAAGGCCCCTCTGGCGTGCAGCTCATGCAGAAGCTGCGGGCCTGGCGAGGTGGATGGGGAAATACGTCCCCTAGCGGGGGCTAAGTGGGGCACCATAGACGTCCCCGTGGAGTCCCTTGGCTCTGCGCGGCCACCCTAGGAATGCCAGGTGAGGGGGGCCAGCCTCCCCGA,588246072a543cacdb4e75c8545cd8395c80a002503a0bac060f19152cc7bba0,0.748679224691788,GCCTCCATCCAGCACCCCCTCGGGTGTAGGAAGGCCCCTCTGGCGTGCAGCTCATGCAGAAGCTGCGGGCCTGGCGAGGTGGATGGGGAAATACGTCCCGTAGCGGGGGCTAAGTGGGGCACCATAGACGTCCCCGTGGAGTCCCTTGGCTCTGCGCTGCCACCCTAGGAATGCCAGGTGAGGGGGGCCAGCCTCCCCGA,dda72b03d51bf4a67385156d2762794b68c416f7bc94f566d211a0a5f1e1d024,0.000821004890589,GCCTCCATCCAGCACCCCCTCGGGTGTAGGAAGGCCCCTCTGGCGTGCAGCTCATGCAGAAGCTGCGGGCCTGGCGAGGTGGATGGGGAAATACGTCCCCTAGCGGGGGCTAAGTGGGGCACCATAGACGTCCCCGTGGAGTCCCTTGGCTCTGCGCTGCCACCCTAGGAATGCCAGGTGAGGGGGGCCAGCCTCCCCGA,a3a3403898c4ce09c07de5e1bef36ee8d21b59a1071c5af32e469f7bb4543271,0.460740690412708,0.288759539169669,0.394203229244216,-419.3417049469426,-384.39694363297895,-428.4538482844364,-410.969714039471,17.460627068998292,1.0,0.288759539169669,0.0,2,0.2006185531059705,0.17490732828716207,0.146091925319964,0.18216364073501762,1.0
chr19:14800346:A:G;chr19:14800350:A:C;var1;middle;OL41|K562|a86e5963ec7c624d,chr19:14800346:A:G;chr19:14800350:A:C;var1;middle;OL41,K562,K562_region_01083,100,104,4,ATATTTTTGTAGGGGATTGGATTAAGCCCATGGATAAAGGTGGAAGGGGTTGGGGAAAAGGAAGGAGAAAAGGGTAAGTTAAATATTGAGCATCCCTAAAGAGACCCGGGGAGGGGTCGGGTGTGCCCCTCTCAACCCTTGAAGCCCAGGTCCCCTCATCCCGCCTTCCGAATGCAAGTTCAGCTCCCATTCCCACCCCA,9b1666793256bf51c75738da2e3f906af7d15e1294b9bf07559dba0e2b8d79d9,0.0,ATATTTTTGTAGGGGATTGGATTAAGCCCATGGATAAAGGTGGAAGGGGTTGGGGAAAAGGAAGGAGAAAAGGGTAAGTTAAATATTGAGCATCCCTAAGGAGACCCGGGGAGGGGTCGGGTGTGCCCCTCTCAACCCTTGAAGCCCAGGTCCCCTCATCCCGCCTTCCGAATGCAAGTTCAGCTCCCATTCCCACCCCA,7a024de23b07b65ca6c2259ed3db580987165051d35ee602abbb46db8754343a,0.0690581526250567,ATATTTTTGTAGGGGATTGGATTAAGCCCATGGATAAAGGTGGAAGGGGTTGGGGAAAAGGAAGGAGAAAAGGGTAAGTTAAATATTGAGCATCCCTAAAGAGCCCCGGGGAGGGGTCGGGTGTGCCCCTCTCAACCCTTGAAGCCCAGGTCCCCTCATCCCGCCTTCCGAATGCAAGTTCAGCTCCCATTCCCACCCCA,6d55eb39c0dbb02877449f91c126c4594bfe6f6c6d40912523268b3369927333,0.193928834995388,ATATTTTTGTAGGGGATTGGATTAAGCCCATGGATAAAGGTGGAAGGGGTTGGGGAAAAGGAAGGAGAAAAGGGTAAGTTAAATATTGAGCATCCCTAAGGAGCCCCGGGGAGGGGTCGGGTGTGCCCCTCTCAACCCTTGAAGCCCAGGTCCCCTCATCCCGCCTTCCGAATGCAAGTTCAGCTCCCATTCCCACCCCA,a86e5963ec7c624dd59b4fd6828fd040940cab111ec6c7ecd6d10c7cba2db509,0.158832915434689,0.1041540721857557,0.27874715014417,-327.9048650301993,-297.2775368541479,-324.5823506852612,-308.141087802127,14.186065292917192,1.0,0.1041540721857557,0.0,0,0.20399647182939198,0.18565657667894103,0.15145376406925343,0.3740040499395869,1.0
chr19:1490664:T:C;chr19:1490703:G:A;var1;middle;OL41|K562|cc64daa09f5b47f1,chr19:1490664:T:C;chr19:1490703:G:A;var1;middle;OL41,K562,K562_region_01036,100,139,39,GCCTCAGTTTTCCCATTTGTACAACGACAAGACTAACCCAGAGAAGCGGGTTCACTGTTGCGATAACGCGTCCTACCCTTTGTTTGACCTCTCCCACTTTCCAACACACCCCTCCTTCGAGAATCAGCCCGGCCTCCTGTCCGGCCTAATCAGAATCATTCTTTTGCGTAATCCCGCCTCCTCCGATAAGCCTCGCCCCG,4f3e104f91abefb6179aa991e2212d8e9c140b3b3791311685e65266fdb05221,0.0,GCCTCAGTTTTCCCATTTGTACAACGACAAGACTAACCCAGAGAAGCGGGTTCACTGTTGCGATAACGCGTCCTACCCTTTGTTTGACCTCTCCCACTTCCCAACACACCCCTCCTTCGAGAATCAGCCCGGCCTCCTGTCCGGCCTAATCAGAATCATTCTTTTGCGTAATCCCGCCTCCTCCGATAAGCCTCGCCCCG,a5eee06e41abe5408ad709b719f209dedc1581474ac4ce0717ea7478412bbc0d,0.410569242525762,GCCTCAGTTTTCCCATTTGTACAACGACAAGACTAACCCAGAGAAGCGGGTTCACTGTTGCGATAACGCGTCCTACCCTTTGTTTGACCTCTCCCACTTTCCAACACACCCCTCCTTCGAGAATCAGCCCGGCCTCCTATCCGGCCTAATCAGAATCATTCTTTTGCGTAATCCCGCCTCCTCCGATAAGCCTCGCCCCG,bcd8f2f2487244d5a04aa59d9a736ed254517a0eb4ab20f4669ab7612fb2a57e,-0.109005901082376,GCCTCAGTTTTCCCATTTGTACAACGACAAGACTAACCCAGAGAAGCGGGTTCACTGTTGCGATAACGCGTCCTACCCTTTGTTTGACCTCTCCCACTTCCCAACACACCCCTCCTTCGAGAATCAGCCCGGCCTCCTATCCGGCCTAATCAGAATCATTCTTTTGCGTAATCCCGCCTCCTCCGATAAGCCTCGCCCCG,cc64daa09f5b47f1015cea720c642a1373a884774feb443cffd44c23a98c09ae,0.125617653340033,-0.1759456881033529,0.214490361106095,-333.564773015678,-334.52498637279496,-333.59281345643103,-334.2789426352829,0.2740841782651273,-1.0,0.1759456881033529,0.0,0,0.18612808461887054,0.18565657667894103,0.15145376406925343,0.1573475813549792,1.0
chr19:14946017:T:C;chr19:14946075:G:C;var1;middle;OL41|K562|9d3fc311645f09a6,chr19:14946017:T:C;chr19:14946075:G:C;var1;middle;OL41,K562,K562_region_01084,100,158,58,GTGTAAGTGCAAATTCCTCACTGGATGATTGATGGTGGAGACTGAAGCTCTGCTCAGCAGACTAGGCAGCAGGAAAGAGTCAAGCATCTGTCTCTGAGCTAGACTTAGGACTTCAAAAGAAACAATGATATTCCATTCAACCCAGGGGTGCCTGAGGGACAACAGCAGATGAAATATTTATAGCTTCCCACATCTGCTCA,a45b760b1aec3383528a37b28185155d88f4320d714f9eac1321e90f8d8f3872,0.0,GTGTAAGTGCAAATTCCTCACTGGATGATTGATGGTGGAGACTGAAGCTCTGCTCAGCAGACTAGGCAGCAGGAAAGAGTCAAGCATCTGTCTCTGAGCCAGACTTAGGACTTCAAAAGAAACAATGATATTCCATTCAACCCAGGGGTGCCTGAGGGACAACAGCAGATGAAATATTTATAGCTTCCCACATCTGCTCA,306ae68bde3b86d6a0f22439e489eadb98fbd62fdb7d5f87dff82b585483e959,-0.199546315484832,GTGTAAGTGCAAATTCCTCACTGGATGATTGATGGTGGAGACTGAAGCTCTGCTCAGCAGACTAGGCAGCAGGAAAGAGTCAAGCATCTGTCTCTGAGCTAGACTTAGGACTTCAAAAGAAACAATGATATTCCATTCAACCCAGGGGTGCCTGAGGCACAACAGCAGATGAAATATTTATAGCTTCCCACATCTGCTCA,5a48e8547dc2400b0307057e2b5736c7df11e93c1c010cb3f90c746e7fb40112,0.145205719818764,GTGTAAGTGCAAATTCCTCACTGGATGATTGATGGTGGAGACTGAAGCTCTGCTCAGCAGACTAGGCAGCAGGAAAGAGTCAAGCATCTGTCTCTGAGCCAGACTTAGGACTTCAAAAGAAACAATGATATTCCATTCAACCCAGGGGTGCCTGAGGCACAACAGCAGATGAAATATTTATAGCTTCCCACATCTGCTCA,9d3fc311645f09a6c6781b7d68b03bfe2baecee4be3e5d468c924dd9ff0d5f9a,-0.169551347964772,-0.115210752298704,0.34223848768648,-347.3219920648262,-344.5653292099014,-354.0783112742938,-349.7431837003678,1.5784647190012038,-1.0,0.115210752298704,0.0,2,0.1774928406226718,0.17490732828716207,0.146091925319964,0.21619982649554756,1.0
chr19:1495723:C:G;chr19:1495756:C:T;var1;middle;OL41|K562|da0d372efc062066,chr19:1495723:C:G;chr19:1495756:C:T;var1;middle;OL41,K562,K562_region_01037,100,133,33,GGGCACAGCCGTGGAGCGCATGGGGCTTGGGGATTCCTGGGAGGCGCTGGGGCCAGAAAGTCCGGAGGATACCAGGAGATGGGGGATGTGAGGGGAAGACTCAGTCCCTTCCCTGGGGAAACGAGCCCTGTCCGGGGGCTGATGGTGGAGGGCCCACCCTGAAGGGTGTCTGATGGTGGAGACCCAAGCCTGCTCCAATA,e7126883e246680ee32fb225a8a933dac8246b36949822119fad49f989feb9a5,0.0,GGGCACAGCCGTGGAGCGCATGGGGCTTGGGGATTCCTGGGAGGCGCTGGGGCCAGAAAGTCCGGAGGATACCAGGAGATGGGGGATGTGAGGGGAAGAGTCAGTCCCTTCCCTGGGGAAACGAGCCCTGTCCGGGGGCTGATGGTGGAGGGCCCACCCTGAAGGGTGTCTGATGGTGGAGACCCAAGCCTGCTCCAATA,1c4dcf7bbef3862a9b8cf3d12df072e13bc8b00c5966243226080a64731d4b1e,0.051071937799769,GGGCACAGCCGTGGAGCGCATGGGGCTTGGGGATTCCTGGGAGGCGCTGGGGCCAGAAAGTCCGGAGGATACCAGGAGATGGGGGATGTGAGGGGAAGACTCAGTCCCTTCCCTGGGGAAACGAGCCCTGTCTGGGGGCTGATGGTGGAGGGCCCACCCTGAAGGGTGTCTGATGGTGGAGACCCAAGCCTGCTCCAATA,9b6f41a8a6e0b9a9657f77c9bad0612d336e2b6ee872ce1a340a40c3f73874ed,0.0874574246566316,GGGCACAGCCGTGGAGCGCATGGGGCTTGGGGATTCCTGGGAGGCGCTGGGGCCAGAAAGTCCGGAGGATACCAGGAGATGGGGGATGTGAGGGGAAGAGTCAGTCCCTTCCCTGGGGAAACGAGCCCTGTCTGGGGGCTGATGGTGGAGGGCCCACCCTGAAGGGTGTCTGATGGTGGAGACCCAAGCCTGCTCCAATA,da0d372efc0620664994d5fa58dffebd20930437ce2302372e20c292302d5a35,-0.313825583309829,0.4523549457662296,0.285004612793417,-373.8746104415041,-355.5871553623583,-359.85991506581195,-347.12980281887576,5.557342832209599,1.0,0.4523549457662296,0.0,4,0.1830871598829435,0.17620727786206916,0.145609630836647,0.09260468936236634,1.0
chr19:1516557:T:G;chr19:1516565:C:T;var1;middle;OL41|K562|3a3a84ffda090692,chr19:1516557:T:G;chr19:1516565:C:T;var1;middle;OL41,K562,K562_region_01038,100,108,8,AAACCACCTGTTCTGTCACTTTCAGGCGACGTGGATCAGGTGGACTGGCCCACCTCCTCCATTGTGTATGACGTAACCCATGCTTGGCCAAACAGATAATTCCATCTCCTAGAGACGGGGATTGGCTGGGGGATGACCATGTGACCCAAGTGGGCCAATGAGAGCCTGCCCTGGGACTTGAACTGGGCCATTAGAGGAAA,d92be60b56629adf3341fa6e21c0bba61a35237d8f622ca60f2333d770d76712,0.0,AAACCACCTGTTCTGTCACTTTCAGGCGACGTGGATCAGGTGGACTGGCCCACCTCCTCCATTGTGTATGACGTAACCCATGCTTGGCCAAACAGATAAGTCCATCTCCTAGAGACGGGGATTGGCTGGGGGATGACCATGTGACCCAAGTGGGCCAATGAGAGCCTGCCCTGGGACTTGAACTGGGCCATTAGAGGAAA,f1c1312226dd5c0fce7779284843218b98d846563309bb98ea81d221dc29f467,0.0537110261307002,AAACCACCTGTTCTGTCACTTTCAGGCGACGTGGATCAGGTGGACTGGCCCACCTCCTCCATTGTGTATGACGTAACCCATGCTTGGCCAAACAGATAATTCCATCTTCTAGAGACGGGGATTGGCTGGGGGATGACCATGTGACCCAAGTGGGCCAATGAGAGCCTGCCCTGGGACTTGAACTGGGCCATTAGAGGAAA,b645f3337e43641cce349496a2b3aa08b85d836a4555fe25c7671c021685a5b7,0.0251517678324057,AAACCACCTGTTCTGTCACTTTCAGGCGACGTGGATCAGGTGGACTGGCCCACCTCCTCCATTGTGTATGACGTAACCCATGCTTGGCCAAACAGATAAGTCCATCTTCTAGAGACGGGGATTGGCTGGGGGATGACCATGTGACCCAAGTGGGCCAATGAGAGCCTGCCCTGGGACTTGAACTGGGCCATTAGAGGAAA,3a3a84ffda090692880ce3fac4b2eacee0cf77470f1a3138876353cfbcc67539,0.0552984868974082,0.0235643070656977,0.204874782166858,-310.3078355421312,-361.7373279504245,-316.61673939041793,-368.86889435490593,0.8226625561947003,1.0,0.0235643070656977,0.0,1,0.18320216935680544,0.18216460459877223,0.1501433469024087,0.2116080446785885,1.0
chr19:1516557:T:G;chr19:1516567:T:C;var1;middle;OL41|K562|75a38b7704cf158b,chr19:1516557:T:G;chr19:1516567:T:C;var1;middle;OL41,K562,K562_region_01038,100,110,10,AAACCACCTGTTCTGTCACTTTCAGGCGACGTGGATCAGGTGGACTGGCCCACCTCCTCCATTGTGTATGACGTAACCCATGCTTGGCCAAACAGATAATTCCATCTCCTAGAGACGGGGATTGGCTGGGGGATGACCATGTGACCCAAGTGGGCCAATGAGAGCCTGCCCTGGGACTTGAACTGGGCCATTAGAGGAAA,d92be60b56629adf3341fa6e21c0bba61a35237d8f622ca60f2333d770d76712,0.0,AAACCACCTGTTCTGTCACTTTCAGGCGACGTGGATCAGGTGGACTGGCCCACCTCCTCCATTGTGTATGACGTAACCCATGCTTGGCCAAACAGATAAGTCCATCTCCTAGAGACGGGGATTGGCTGGGGGATGACCATGTGACCCAAGTGGGCCAATGAGAGCCTGCCCTGGGACTTGAACTGGGCCATTAGAGGAAA,f1c1312226dd5c0fce7779284843218b98d846563309bb98ea81d221dc29f467,0.0537074480069423,AAACCACCTGTTCTGTCACTTTCAGGCGACGTGGATCAGGTGGACTGGCCCACCTCCTCCATTGTGTATGACGTAACCCATGCTTGGCCAAACAGATAATTCCATCTCCCAGAGACGGGGATTGGCTGGGGGATGACCATGTGACCCAAGTGGGCCAATGAGAGCCTGCCCTGGGACTTGAACTGGGCCATTAGAGGAAA,ebe41bb98cdd2f8b2d1340fe65c167880c192da3818ef431a7c5074f67752a14,-0.0398588315366099,AAACCACCTGTTCTGTCACTTTCAGGCGACGTGGATCAGGTGGACTGGCCCACCTCCTCCATTGTGTATGACGTAACCCATGCTTGGCCAAACAGATAAGTCCATCTCCCAGAGACGGGGATTGGCTGGGGGATGACCATGTGACCCAAGTGGGCCAATGAGAGCCTGCCCTGGGACTTGAACTGGGCCATTAGAGGAAA,75a38b7704cf158b46a52d16c6d23a62b115c5c3695bf29cdb313ba980c825ea,0.11180389751879,0.0979552810484576,0.197741227799872,-310.3078355421312,-361.7373279504245,-295.5118941375986,-333.14216714305803,13.799219402833842,-1.0,-0.0979552810484576,0.0,1,0.19640503566181272,0.18216460459877223,0.1501433469024087,0.18602341679748177,1.0
chr19:1516565:C:T;chr19:1516567:T:C;var1;middle;OL41|K562|67f6e781fabad28e,chr19:1516565:C:T;chr19:1516567:T:C;var1;middle;OL41,K562,K562_region_01038,100,102,2,TGTTCTGTCACTTTCAGGCGACGTGGATCAGGTGGACTGGCCCACCTCCTCCATTGTGTATGACGTAACCCATGCTTGGCCAAACAGATAATTCCATCTCCTAGAGACGGGGATTGGCTGGGGGATGACCATGTGACCCAAGTGGGCCAATGAGAGCCTGCCCTGGGACTTGAACTGGGCCATTAGAGGAAAAGGTGGTT,33e76314121f82b4f61e538ef16625ec06788d0951eab9ecf91acad58f048715,0.0,TGTTCTGTCACTTTCAGGCGACGTGGATCAGGTGGACTGGCCCACCTCCTCCATTGTGTATGACGTAACCCATGCTTGGCCAAACAGATAATTCCATCTTCTAGAGACGGGGATTGGCTGGGGGATGACCATGTGACCCAAGTGGGCCAATGAGAGCCTGCCCTGGGACTTGAACTGGGCCATTAGAGGAAAAGGTGGTT,2b0401bd3b4bb2d6159bc10f882721999f898c681862216c6a7732c8d28e5a8d,-0.0853236777618358,TGTTCTGTCACTTTCAGGCGACGTGGATCAGGTGGACTGGCCCACCTCCTCCATTGTGTATGACGTAACCCATGCTTGGCCAAACAGATAATTCCATCTCCCAGAGACGGGGATTGGCTGGGGGATGACCATGTGACCCAAGTGGGCCAATGAGAGCCTGCCCTGGGACTTGAACTGGGCCATTAGAGGAAAAGGTGGTT,7ed907e17c02d038bac6dbf7fb2331d545ea038f217712b7993d028a2d253a73,-0.107062297042578,TGTTCTGTCACTTTCAGGCGACGTGGATCAGGTGGACTGGCCCACCTCCTCCATTGTGTATGACGTAACCCATGCTTGGCCAAACAGATAATTCCATCTTCCAGAGACGGGGATTGGCTGGGGGATGACCATGTGACCCAAGTGGGCCAATGAGAGCCTGCCCTGGGACTTGAACTGGGCCATTAGAGGAAAAGGTGGTT,67f6e781fabad28e6cb81a499cad3a0d4537c7b4b666e7e7c5e55ec298abc015,0.0547880308165954,0.2471740056210092,0.213057162654528,-271.2764268410392,-310.3548914953135,-245.02662708982825,-256.78667631931603,27.318415424786508,-1.0,-0.2471740056210092,0.0,1,0.21016000469855348,0.18216460459877223,0.1501433469024087,0.08659428798430825,1.0
chr19:1520784:C:T;chr19:1520804:T:C;var1;middle;OL41|K562|2f9e05e55c5df1c7,chr19:1520784:C:T;chr19:1520804:T:C;var1;middle;OL41,K562,K562_region_01039,100,120,20,AAGAACCCAGGGCAGGGGGTAGGATGGGAGGGCCAGGTGGCCCCATTGAACCCTGCCCTGCCCCTTTGCAAAACGGCATCCTGTGCTCATCACACAAGCCGTGCCTCAGTTTCCCCATCTGTAAACTGGGGCATTAGTAGGACTATGTGTTTTAGGGGGTAGGGAATCTAATATATTTTTCCCTTTTTTTTTTTTTTGAC,1641b12663f87748f82262c947b120f3b655300dc1257194479a40945f461819,0.0,AAGAACCCAGGGCAGGGGGTAGGATGGGAGGGCCAGGTGGCCCCATTGAACCCTGCCCTGCCCCTTTGCAAAACGGCATCCTGTGCTCATCACACAAGCTGTGCCTCAGTTTCCCCATCTGTAAACTGGGGCATTAGTAGGACTATGTGTTTTAGGGGGTAGGGAATCTAATATATTTTTCCCTTTTTTTTTTTTTTGAC,4db536a64a884d0ed409e0dac89ca585e9dcab9ccac13e6628ac75546abbbc72,-0.0437163065513675,AAGAACCCAGGGCAGGGGGTAGGATGGGAGGGCCAGGTGGCCCCATTGAACCCTGCCCTGCCCCTTTGCAAAACGGCATCCTGTGCTCATCACACAAGCCGTGCCTCAGTTTCCCCATCCGTAAACTGGGGCATTAGTAGGACTATGTGTTTTAGGGGGTAGGGAATCTAATATATTTTTCCCTTTTTTTTTTTTTTGAC,2a1b609ab84d175f4e3342f0b01b0ce935a0a408134630750502f9a3020db41d,0.0277049204566182,AAGAACCCAGGGCAGGGGGTAGGATGGGAGGGCCAGGTGGCCCCATTGAACCCTGCCCTGCCCCTTTGCAAAACGGCATCCTGTGCTCATCACACAAGCTGTGCCTCAGTTTCCCCATCCGTAAACTGGGGCATTAGTAGGACTATGTGTTTTAGGGGGTAGGGAATCTAATATATTTTTCCCTTTTTTTTTTTTTTGAC,2f9e05e55c5df1c7aea311fb50a14f0ca72afdc65b5ab89d1729a89099cf67be,0.0952294988769525,0.1112408849717018,0.160755281785837,-211.5509995371104,-207.5551880989224,-216.2970690410584,-212.1813436038792,0.11991399899116573,-1.0,-0.1112408849717018,0.0,2,0.17536907284785955,0.17490732828716207,0.146091925319964,0.21780775288718626,1.0
chr19:1525243:G:A;chr19:1525307:G:A;var1;middle;OL41|K562|47fbfaf8c7e19187,chr19:1525243:G:A;chr19:1525307:G:A;var1;middle;OL41,K562,K562_region_01040,100,164,64,CCAGGCGGGAGGGTGGGAGCTGTGTGTTGTTTTTTCCCCGGTGTGTGTGTGGAGAGACCTGGACGCGCCTGCGTCCCTGGCTGCCCTGTGCCTCTGTACGCGCTGCCAGCTTGCACACCCGTGCACACCTGCCCACTGATCTGCTGACCCCTCCCCACAGGGCGCCTTCAGCCGCTGCTACAAGCTGACAGACATGTCCA,ec329d9f0cd128a4bbcdfc1e12d3870daedece4fefe3415e2e6e1f32cef77cb9,0.0,CCAGGCGGGAGGGTGGGAGCTGTGTGTTGTTTTTTCCCCGGTGTGTGTGTGGAGAGACCTGGACGCGCCTGCGTCCCTGGCTGCCCTGTGCCTCTGTACACGCTGCCAGCTTGCACACCCGTGCACACCTGCCCACTGATCTGCTGACCCCTCCCCACAGGGCGCCTTCAGCCGCTGCTACAAGCTGACAGACATGTCCA,e97a7aabf106620c602fa61915b975ce17df7f78e056aff673aef9ff58e0f0a2,0.102726822472078,CCAGGCGGGAGGGTGGGAGCTGTGTGTTGTTTTTTCCCCGGTGTGTGTGTGGAGAGACCTGGACGCGCCTGCGTCCCTGGCTGCCCTGTGCCTCTGTACGCGCTGCCAGCTTGCACACCCGTGCACACCTGCCCACTGATCTGCTGACCCCTCCCCACAGGGCACCTTCAGCCGCTGCTACAAGCTGACAGACATGTCCA,913009afe439c3da3c89c1986b1bb5c22c287647a5a78ada3cf99b4907a8179e,-0.0605449587437488,CCAGGCGGGAGGGTGGGAGCTGTGTGTTGTTTTTTCCCCGGTGTGTGTGTGGAGAGACCTGGACGCGCCTGCGTCCCTGGCTGCCCTGTGCCTCTGTACACGCTGCCAGCTTGCACACCCGTGCACACCTGCCCACTGATCTGCTGACCCCTCCCCACAGGGCACCTTCAGCCGCTGCTACAAGCTGACAGACATGTCCA,47fbfaf8c7e191871aded19d0fe5220a6d0784abecdec4f48d9bd66d5149a596,-0.101731894129432,0.1439137578577612,0.175265408407139,-218.2132612615824,-215.14596308209,-218.0896461317316,-214.02202829066664,-1.0003196615725471,1.0,0.1439137578577612,0.0,4,0.1749595187672593,0.17620727786206916,0.145609630836647,0.22153383037256777,1.0
chr19:1525382:G:A;chr19:1525392:C:T;var1;middle;OL41|K562|cab431e0791cb8db,chr19:1525382:G:A;chr19:1525392:C:T;var1;middle;OL41,K562,K562_region_01040,100,110,10,TCTGCTGACCCCTCCCCACAGGGCGCCTTCAGCCGCTGCTACAAGCTGACAGACATGTCCACCAGCGCCGTGTTCGCCCTCAAGGTGGTGCCGTGTGGCGGGGCTGGGGCCGGGTGGCTTCGCCCGCAGGGAAAGGTGCGTGTCCCCATCGGTCCCCAGGGCCCACAGTCCGCAGCCCGCAGCGTGTCCCGAAGAAGGCC,b3bec0cf4e3f841f1f0f9509043c4b37cc9281bc460b806cfc1e010e0acf948c,0.0,TCTGCTGACCCCTCCCCACAGGGCGCCTTCAGCCGCTGCTACAAGCTGACAGACATGTCCACCAGCGCCGTGTTCGCCCTCAAGGTGGTGCCGTGTGGCAGGGCTGGGGCCGGGTGGCTTCGCCCGCAGGGAAAGGTGCGTGTCCCCATCGGTCCCCAGGGCCCACAGTCCGCAGCCCGCAGCGTGTCCCGAAGAAGGCC,fb2909c40fc0d4447acfbad891137a06201246d8bf639d86665e39c6282f1350,-0.0777123076760051,TCTGCTGACCCCTCCCCACAGGGCGCCTTCAGCCGCTGCTACAAGCTGACAGACATGTCCACCAGCGCCGTGTTCGCCCTCAAGGTGGTGCCGTGTGGCGGGGCTGGGGTCGGGTGGCTTCGCCCGCAGGGAAAGGTGCGTGTCCCCATCGGTCCCCAGGGCCCACAGTCCGCAGCCCGCAGCGTGTCCCGAAGAAGGCC,2409e4ec4d3d4750026190af6ebdd60d21ae07b0e46e635f80af57195e884048,0.134358629416965,TCTGCTGACCCCTCCCCACAGGGCGCCTTCAGCCGCTGCTACAAGCTGACAGACATGTCCACCAGCGCCGTGTTCGCCCTCAAGGTGGTGCCGTGTGGCAGGGCTGGGGTCGGGTGGCTTCGCCCGCAGGGAAAGGTGCGTGTCCCCATCGGTCCCCAGGGCCCACAGTCCGCAGCCCGCAGCGTGTCCCGAAGAAGGCC,cab431e0791cb8db29fa6d9d142f35f07b207c7652c7dae2e184349b96917e5f,-0.357094368562358,0.4137406903033179,0.366785488308947,-226.50221766158936,-226.33032914623612,-231.78925469331443,-230.70738773979247,-0.9099784381687357,1.0,0.4137406903033179,0.0,4,0.1750714887020454,0.17620727786206916,0.145609630836647,0.13006117035959214,1.0
chr19:15413612:C:T;chr19:15413679:C:T;var1;middle;OL30|K562|1f10368f66042847,chr19:15413612:C:T;chr19:15413679:C:T;var1;middle;OL30,K562,K562_region_01085,100,167,67,AAAATTAAAAAGTGCTTTTCTGGGCCGGGCGCAGTGGTTCACGCCTGTAATCTCAGCACTTTGGGAGGCCGAGGCGGGCGCATCACGAGGTTAGGAGATCGAGACCATCCTGGCTAAAACAGTGAAACCCCGTCTCTACTAAAAAATACAAAAAAAATTAGCCAGGCGTGGTGGCGGTCACCTGTAGTCCCAGCTACTTG,5c7a798833d5f9eeb5db2e804559823e80b3ff0525fd244ad412446e1a523b8f,0.0,AAAATTAAAAAGTGCTTTTCTGGGCCGGGCGCAGTGGTTCACGCCTGTAATCTCAGCACTTTGGGAGGCCGAGGCGGGCGCATCACGAGGTTAGGAGATTGAGACCATCCTGGCTAAAACAGTGAAACCCCGTCTCTACTAAAAAATACAAAAAAAATTAGCCAGGCGTGGTGGCGGTCACCTGTAGTCCCAGCTACTTG,dfac03b4b291337c471f2185203daf6445ee81f84295a49d17f46a6bc5b3fd18,-0.164953959457632,AAAATTAAAAAGTGCTTTTCTGGGCCGGGCGCAGTGGTTCACGCCTGTAATCTCAGCACTTTGGGAGGCCGAGGCGGGCGCATCACGAGGTTAGGAGATCGAGACCATCCTGGCTAAAACAGTGAAACCCCGTCTCTACTAAAAAATACAAAAAAAATTAGCCAGGTGTGGTGGCGGTCACCTGTAGTCCCAGCTACTTG,561e4c926d34653cdfc0e8d51d431e2c7b4f97321218dee300a5d1fec335782d,0.0205123645264852,AAAATTAAAAAGTGCTTTTCTGGGCCGGGCGCAGTGGTTCACGCCTGTAATCTCAGCACTTTGGGAGGCCGAGGCGGGCGCATCACGAGGTTAGGAGATTGAGACCATCCTGGCTAAAACAGTGAAACCCCGTCTCTACTAAAAAATACAAAAAAAATTAGCCAGGTGTGGTGGCGGTCACCTGTAGTCCCAGCTACTTG,1f10368f66042847750f63a414078c8cad83ac94035d7333b5da48232baecb72,-0.487025645455391,0.3425840505242442,0.175711412603525,-70.80052686808631,-72.44728448893875,-72.10772136272863,-73.58657428645529,-0.1679046971257776,1.0,0.3425840505242442,0.0,4,0.17599122329562797,0.17620727786206916,0.145609630836647,0.2414856268236525,1.0
chr19:15748675:C:T;chr19:15748681:T:G;var1;middle;OL41|K562|bfce5ebd23ea8c56,chr19:15748675:C:T;chr19:15748681:T:G;var1;middle;OL41,K562,K562_region_01086,100,106,6,TCATTTATCCAGTCTCGCCGTCTTTACAAAGGTAAACACTTTTACTTTTTCTGTATCCTTTCATAGTATATTTAGGCAAATAATACATGTAATTAATCTCCTTTGTTCAGGATGATGAATTGCCCCCCCCCCCCACGATGGTCAGTTCACCTCCCTGGGGCACAACTGTAAAACCCTCACAGCTCTAGCTGTATTCAGGG,51b7cef91c8f20cd792144f0502e150ddfc6634e56e26faba2229d8933fccc67,0.0,TCATTTATCCAGTCTCGCCGTCTTTACAAAGGTAAACACTTTTACTTTTTCTGTATCCTTTCATAGTATATTTAGGCAAATAATACATGTAATTAATCTTCTTTGTTCAGGATGATGAATTGCCCCCCCCCCCCACGATGGTCAGTTCACCTCCCTGGGGCACAACTGTAAAACCCTCACAGCTCTAGCTGTATTCAGGG,32a22605b6e023ff6b3535a1b11bf5bd36c1cd77a0803719e9d34d5531814403,-0.0777078846640865,TCATTTATCCAGTCTCGCCGTCTTTACAAAGGTAAACACTTTTACTTTTTCTGTATCCTTTCATAGTATATTTAGGCAAATAATACATGTAATTAATCTCCTTTGGTCAGGATGATGAATTGCCCCCCCCCCCCACGATGGTCAGTTCACCTCCCTGGGGCACAACTGTAAAACCCTCACAGCTCTAGCTGTATTCAGGG,0220ae646fecdc500b940310181aa51fcfe85951a67f1cdc40bb9b1bab875ddd,0.630508358595096,TCATTTATCCAGTCTCGCCGTCTTTACAAAGGTAAACACTTTTACTTTTTCTGTATCCTTTCATAGTATATTTAGGCAAATAATACATGTAATTAATCTTCTTTGGTCAGGATGATGAATTGCCCCCCCCCCCCACGATGGTCAGTTCACCTCCCTGGGGCACAACTGTAAAACCCTCACAGCTCTAGCTGTATTCAGGG,bfce5ebd23ea8c562c2d95da74af2ae139eb31503476db3e9be8017841208685,0.105686300479647,-0.4471141734513625,0.588991281936713,-252.92018872499463,-251.365083988756,-255.9515313711017,-256.3890627343208,-1.9926360994577692,-1.0,0.4471141734513625,0.0,3,0.17745945716524386,0.18106719778262317,0.1474303780702046,0.3647295858814398,1.0
chr19:15890725:G:T;chr19:15890771:T:G;var1;middle;OL41|K562|aa51ea7f2901421c,chr19:15890725:G:T;chr19:15890771:T:G;var1;middle;OL41,K562,K562_region_01087,100,146,46,GGCCAGGAGCCGGGAGGCCCCAGCCAGCAGCAGGAGCAGCCACGGGAATGCTGCCACCTGCCCGAGGCCCAGCCAGGACAGGCTCAGCTGCGGCATCCTGCAGGGCAGACAGGATGGAGGGTGAGATCCTGAGGCCCAGGGAAAGTCTCAGGGAGCTCCAGGGACAGTGGAGAGAAGCAGGGAAGGGGTGGGTGGAGGCA,4d66ebdade61f44feea2ce4b3186d8232699a311c99a759c79ba400807a8b1f4,0.0,GGCCAGGAGCCGGGAGGCCCCAGCCAGCAGCAGGAGCAGCCACGGGAATGCTGCCACCTGCCCGAGGCCCAGCCAGGACAGGCTCAGCTGCGGCATCCTTCAGGGCAGACAGGATGGAGGGTGAGATCCTGAGGCCCAGGGAAAGTCTCAGGGAGCTCCAGGGACAGTGGAGAGAAGCAGGGAAGGGGTGGGTGGAGGCA,4bf2a00070ab92b72e0c7f412d4669c7ec392820dad63621ce7d5e58b0e5d6d8,0.262173481863382,GGCCAGGAGCCGGGAGGCCCCAGCCAGCAGCAGGAGCAGCCACGGGAATGCTGCCACCTGCCCGAGGCCCAGCCAGGACAGGCTCAGCTGCGGCATCCTGCAGGGCAGACAGGATGGAGGGTGAGATCCTGAGGCCCAGGGAAAGGCTCAGGGAGCTCCAGGGACAGTGGAGAGAAGCAGGGAAGGGGTGGGTGGAGGCA,72d3f119fc23691946bb087bcceb28fdfd4bb793e741c949910d27a80dac03b6,0.33878072824764,GGCCAGGAGCCGGGAGGCCCCAGCCAGCAGCAGGAGCAGCCACGGGAATGCTGCCACCTGCCCGAGGCCCAGCCAGGACAGGCTCAGCTGCGGCATCCTTCAGGGCAGACAGGATGGAGGGTGAGATCCTGAGGCCCAGGGAAAGGCTCAGGGAGCTCCAGGGACAGTGGAGAGAAGCAGGGAAGGGGTGGGTGGAGGCA,aa51ea7f2901421cc32c6a0264913ec56251c9e58b094f40f711e2aebd7fb13b,-0.411979192049872,1.012933402160894,0.380996857800009,-185.8373987907544,-190.2892697956413,-180.0147533477284,-186.0575287565589,1.590904403943597,1.0,1.012933402160894,0.0,2,0.17751095380971907,0.17490732828716207,0.146091925319964,0.08938647859842466,1.0
chr19:15890725:G:T;chr19:15890777:G:T;var1;middle;OL41|K562|9529a2d0d5e93e16,chr19:15890725:G:T;chr19:15890777:G:T;var1;middle;OL41,K562,K562_region_01087,100,152,52,GGCCAGGAGCCGGGAGGCCCCAGCCAGCAGCAGGAGCAGCCACGGGAATGCTGCCACCTGCCCGAGGCCCAGCCAGGACAGGCTCAGCTGCGGCATCCTGCAGGGCAGACAGGATGGAGGGTGAGATCCTGAGGCCCAGGGAAAGTCTCAGGGAGCTCCAGGGACAGTGGAGAGAAGCAGGGAAGGGGTGGGTGGAGGCA,4d66ebdade61f44feea2ce4b3186d8232699a311c99a759c79ba400807a8b1f4,0.0,GGCCAGGAGCCGGGAGGCCCCAGCCAGCAGCAGGAGCAGCCACGGGAATGCTGCCACCTGCCCGAGGCCCAGCCAGGACAGGCTCAGCTGCGGCATCCTTCAGGGCAGACAGGATGGAGGGTGAGATCCTGAGGCCCAGGGAAAGTCTCAGGGAGCTCCAGGGACAGTGGAGAGAAGCAGGGAAGGGGTGGGTGGAGGCA,4bf2a00070ab92b72e0c7f412d4669c7ec392820dad63621ce7d5e58b0e5d6d8,0.261590133670023,GGCCAGGAGCCGGGAGGCCCCAGCCAGCAGCAGGAGCAGCCACGGGAATGCTGCCACCTGCCCGAGGCCCAGCCAGGACAGGCTCAGCTGCGGCATCCTGCAGGGCAGACAGGATGGAGGGTGAGATCCTGAGGCCCAGGGAAAGTCTCAGTGAGCTCCAGGGACAGTGGAGAGAAGCAGGGAAGGGGTGGGTGGAGGCA,1ecf21982265bb3114285df50a88525853188578c33664324ab2c967ce6bd493,0.237797635399589,GGCCAGGAGCCGGGAGGCCCCAGCCAGCAGCAGGAGCAGCCACGGGAATGCTGCCACCTGCCCGAGGCCCAGCCAGGACAGGCTCAGCTGCGGCATCCTTCAGGGCAGACAGGATGGAGGGTGAGATCCTGAGGCCCAGGGAAAGTCTCAGTGAGCTCCAGGGACAGTGGAGAGAAGCAGGGAAGGGGTGGGTGGAGGCA,9529a2d0d5e93e1634f97936c40b784bdbe0559e436dbf4355b8bf6512981452,0.557907211346905,-0.058519442277293,0.430474790648639,-185.8373987907544,-190.2892697956413,-189.54484987049364,-195.0710216462612,1.0743007708806545,1.0,-0.058519442277293,0.0,2,0.1767587371516364,0.17490732828716207,0.146091925319964,0.14514964712834616,1.0
chr19:15890725:G:T;chr19:15890800:A:G;var1;middle;OL41|K562|f2d841210d110e70,chr19:15890725:G:T;chr19:15890800:A:G;var1;middle;OL41,K562,K562_region_01087,100,175,75,GGCCAGGAGCCGGGAGGCCCCAGCCAGCAGCAGGAGCAGCCACGGGAATGCTGCCACCTGCCCGAGGCCCAGCCAGGACAGGCTCAGCTGCGGCATCCTGCAGGGCAGACAGGATGGAGGGTGAGATCCTGAGGCCCAGGGAAAGTCTCAGGGAGCTCCAGGGACAGTGGAGAGAAGCAGGGAAGGGGTGGGTGGAGGCA,4d66ebdade61f44feea2ce4b3186d8232699a311c99a759c79ba400807a8b1f4,0.0,GGCCAGGAGCCGGGAGGCCCCAGCCAGCAGCAGGAGCAGCCACGGGAATGCTGCCACCTGCCCGAGGCCCAGCCAGGACAGGCTCAGCTGCGGCATCCTTCAGGGCAGACAGGATGGAGGGTGAGATCCTGAGGCCCAGGGAAAGTCTCAGGGAGCTCCAGGGACAGTGGAGAGAAGCAGGGAAGGGGTGGGTGGAGGCA,4bf2a00070ab92b72e0c7f412d4669c7ec392820dad63621ce7d5e58b0e5d6d8,0.261055442162107,GGCCAGGAGCCGGGAGGCCCCAGCCAGCAGCAGGAGCAGCCACGGGAATGCTGCCACCTGCCCGAGGCCCAGCCAGGACAGGCTCAGCTGCGGCATCCTGCAGGGCAGACAGGATGGAGGGTGAGATCCTGAGGCCCAGGGAAAGTCTCAGGGAGCTCCAGGGACAGTGGAGAGGAGCAGGGAAGGGGTGGGTGGAGGCA,e5d7966c1af643e9c66d92a0bb496a0bc56ee2e725bc1c8318ffd15576069cfb,-0.401355847818066,GGCCAGGAGCCGGGAGGCCCCAGCCAGCAGCAGGAGCAGCCACGGGAATGCTGCCACCTGCCCGAGGCCCAGCCAGGACAGGCTCAGCTGCGGCATCCTTCAGGGCAGACAGGATGGAGGGTGAGATCCTGAGGCCCAGGGAAAGTCTCAGGGAGCTCCAGGGACAGTGGAGAGGAGCAGGGAAGGGGTGGGTGGAGGCA,f2d841210d110e70ae968462a01e69a61c7b4c2c26696e7335bd17b5f06c0df4,-0.168929317066486,-0.028628911410527,0.50793091524885,-185.8373987907544,-190.2892697956413,-182.12984122289345,-186.3237980492413,0.2579141785390391,-1.0,0.028628911410527,0.0,2,0.17557001226684668,0.17490732828716207,0.146091925319964,0.07678998488883336,1.0
chr19:15890771:T:G;chr19:15890777:G:T;var1;middle;OL41|K562|5bc594cb05f2044e,chr19:15890771:T:G;chr19:15890777:G:T;var1;middle;OL41,K562,K562_region_01087,100,106,6,AATGCTGCCACCTGCCCGAGGCCCAGCCAGGACAGGCTCAGCTGCGGCATCCTGCAGGGCAGACAGGATGGAGGGTGAGATCCTGAGGCCCAGGGAAAGTCTCAGGGAGCTCCAGGGACAGTGGAGAGAAGCAGGGAAGGGGTGGGTGGAGGCAGGAAAGGGAGGGCTCTGGGATGAATAAACAAGGACTGAGAGCTAAA,9b9b049b26bada8f558aced9980ca35b3b5f591b8f1c929975d312c2ff1f38d1,0.0,AATGCTGCCACCTGCCCGAGGCCCAGCCAGGACAGGCTCAGCTGCGGCATCCTGCAGGGCAGACAGGATGGAGGGTGAGATCCTGAGGCCCAGGGAAAGGCTCAGGGAGCTCCAGGGACAGTGGAGAGAAGCAGGGAAGGGGTGGGTGGAGGCAGGAAAGGGAGGGCTCTGGGATGAATAAACAAGGACTGAGAGCTAAA,cd5c2008b168de410292cf25f0517851c4b0de11a3856e95ee9eb174b788f9bf,-0.0736594969808784,AATGCTGCCACCTGCCCGAGGCCCAGCCAGGACAGGCTCAGCTGCGGCATCCTGCAGGGCAGACAGGATGGAGGGTGAGATCCTGAGGCCCAGGGAAAGTCTCAGTGAGCTCCAGGGACAGTGGAGAGAAGCAGGGAAGGGGTGGGTGGAGGCAGGAAAGGGAGGGCTCTGGGATGAATAAACAAGGACTGAGAGCTAAA,74e734498845dd90f869ab0df3e02a0edd99d6bf40fd75805458380d0aff0bef,0.296447252300258,AATGCTGCCACCTGCCCGAGGCCCAGCCAGGACAGGCTCAGCTGCGGCATCCTGCAGGGCAGACAGGATGGAGGGTGAGATCCTGAGGCCCAGGGAAAGGCTCAGTGAGCTCCAGGGACAGTGGAGAGAAGCAGGGAAGGGGTGGGTGGAGGCAGGAAAGGGAGGGCTCTGGGATGAATAAACAAGGACTGAGAGCTAAA,5bc594cb05f2044ebc47daa1127d98f9ec283076b31f75bada49bf6f732b5330,0.148270983067358,-0.0745167722520215,0.273405267718324,-270.80631096381694,-271.07071701809764,-264.4205005383119,-269.0309400856495,-4.346033493056893,-1.0,0.0745167722520215,0.0,2,0.16886629221946287,0.17490732828716207,0.146091925319964,0.15608332156095692,1.0
chr19:15890771:T:G;chr19:15890800:A:G;var1;middle;OL41|K562|4361bef472b279e9,chr19:15890771:T:G;chr19:15890800:A:G;var1;middle;OL41,K562,K562_region_01087,100,129,29,AATGCTGCCACCTGCCCGAGGCCCAGCCAGGACAGGCTCAGCTGCGGCATCCTGCAGGGCAGACAGGATGGAGGGTGAGATCCTGAGGCCCAGGGAAAGTCTCAGGGAGCTCCAGGGACAGTGGAGAGAAGCAGGGAAGGGGTGGGTGGAGGCAGGAAAGGGAGGGCTCTGGGATGAATAAACAAGGACTGAGAGCTAAA,9b9b049b26bada8f558aced9980ca35b3b5f591b8f1c929975d312c2ff1f38d1,0.0,AATGCTGCCACCTGCCCGAGGCCCAGCCAGGACAGGCTCAGCTGCGGCATCCTGCAGGGCAGACAGGATGGAGGGTGAGATCCTGAGGCCCAGGGAAAGGCTCAGGGAGCTCCAGGGACAGTGGAGAGAAGCAGGGAAGGGGTGGGTGGAGGCAGGAAAGGGAGGGCTCTGGGATGAATAAACAAGGACTGAGAGCTAAA,cd5c2008b168de410292cf25f0517851c4b0de11a3856e95ee9eb174b788f9bf,-0.0737354026526028,AATGCTGCCACCTGCCCGAGGCCCAGCCAGGACAGGCTCAGCTGCGGCATCCTGCAGGGCAGACAGGATGGAGGGTGAGATCCTGAGGCCCAGGGAAAGTCTCAGGGAGCTCCAGGGACAGTGGAGAGGAGCAGGGAAGGGGTGGGTGGAGGCAGGAAAGGGAGGGCTCTGGGATGAATAAACAAGGACTGAGAGCTAAA,d05d53ad5fcfbf8fe2cfb484044b6a4725515c9b81ce9acc99d0cfa033290a4d,-0.171704795279053,AATGCTGCCACCTGCCCGAGGCCCAGCCAGGACAGGCTCAGCTGCGGCATCCTGCAGGGCAGACAGGATGGAGGGTGAGATCCTGAGGCCCAGGGAAAGGCTCAGGGAGCTCCAGGGACAGTGGAGAGGAGCAGGGAAGGGGTGGGTGGAGGCAGGAAAGGGAGGGCTCTGGGATGAATAAACAAGGACTGAGAGCTAAA,4361bef472b279e933e140cf23d90db278080f4b39159aafdc6a077d865a5167,-0.0471237681509974,0.1983164297806584,0.295348269639114,-270.80631096381694,-271.07071701809764,-258.8005889165215,-259.12662586243823,-0.061630891636013985,-1.0,-0.1983164297806584,0.0,2,0.17510472880887187,0.17490732828716207,0.146091925319964,0.08772365932144373,1.0
chr19:15890777:G:T;chr19:15890800:A:G;var1;middle;OL41|K562|35c88a17c56fdfe8,chr19:15890777:G:T;chr19:15890800:A:G;var1;middle;OL41,K562,K562_region_01087,100,123,23,GCCACCTGCCCGAGGCCCAGCCAGGACAGGCTCAGCTGCGGCATCCTGCAGGGCAGACAGGATGGAGGGTGAGATCCTGAGGCCCAGGGAAAGTCTCAGGGAGCTCCAGGGACAGTGGAGAGAAGCAGGGAAGGGGTGGGTGGAGGCAGGAAAGGGAGGGCTCTGGGATGAATAAACAAGGACTGAGAGCTAAATTCCAG,8b01ac9e8d3d2bdfe198dd4c1c909f9fad624f8faf20b20d786f0613b6eacdf7,0.0,GCCACCTGCCCGAGGCCCAGCCAGGACAGGCTCAGCTGCGGCATCCTGCAGGGCAGACAGGATGGAGGGTGAGATCCTGAGGCCCAGGGAAAGTCTCAGTGAGCTCCAGGGACAGTGGAGAGAAGCAGGGAAGGGGTGGGTGGAGGCAGGAAAGGGAGGGCTCTGGGATGAATAAACAAGGACTGAGAGCTAAATTCCAG,038ccb2db74d1fc91d7aaf6138ffa67028e1b8cabe69db6076a676da437e94bc,-0.0864353085225819,GCCACCTGCCCGAGGCCCAGCCAGGACAGGCTCAGCTGCGGCATCCTGCAGGGCAGACAGGATGGAGGGTGAGATCCTGAGGCCCAGGGAAAGTCTCAGGGAGCTCCAGGGACAGTGGAGAGGAGCAGGGAAGGGGTGGGTGGAGGCAGGAAAGGGAGGGCTCTGGGATGAATAAACAAGGACTGAGAGCTAAATTCCAG,fb55a0af0f4836b3a88f66c20cc8be6b7fa81b098ad024b0df98df28b108e09f,-0.0185154471817463,GCCACCTGCCCGAGGCCCAGCCAGGACAGGCTCAGCTGCGGCATCCTGCAGGGCAGACAGGATGGAGGGTGAGATCCTGAGGCCCAGGGAAAGTCTCAGTGAGCTCCAGGGACAGTGGAGAGGAGCAGGGAAGGGGTGGGTGGAGGCAGGAAAGGGAGGGCTCTGGGATGAATAAACAAGGACTGAGAGCTAAATTCCAG,35c88a17c56fdfe8fc2bde9824e8ce47dcc2edff10a3bbabf105c76747618bc1,0.0110922437004571,0.1160429994047853,0.317874912452367,-287.3093380292412,-268.44560734857805,-274.7557992313523,-245.2784469497856,10.613621600903542,-1.0,-0.1160429994047853,0.0,2,0.19064875955158322,0.17490732828716207,0.146091925319964,0.20441282223582025,1.0
chr19:15893878:T:A;chr19:15893942:A:G;var1;middle;OL41|K562|ee7cdc8ad31206f8,chr19:15893878:T:A;chr19:15893942:A:G;var1;middle;OL41,K562,K562_region_01088,100,164,64,GTGTAGCAAAGAGTAACAGAGCAGTATTGCCACCAGCATATCTCGCCTCCAGCCACAGGGCGGTTTTCTCCTATCTCAGAATAGAATGAACAGTCAGATTTATACTGAGACATTCCCTTCCCAGGGACATGTGGGAAACAGAGGCCTTCCTCTTATCTCAACCACAAAGAGGCTTTCCTCTTTCACTACTCCTCCTCAGC,300e5a1410749368c75176ca2300f955d90a7e3f131a07fa968ef6a5d95f4cc4,0.0,GTGTAGCAAAGAGTAACAGAGCAGTATTGCCACCAGCATATCTCGCCTCCAGCCACAGGGCGGTTTTCTCCTATCTCAGAATAGAATGAACAGTCAGATATATACTGAGACATTCCCTTCCCAGGGACATGTGGGAAACAGAGGCCTTCCTCTTATCTCAACCACAAAGAGGCTTTCCTCTTTCACTACTCCTCCTCAGC,7f2ee72bbf243d4d60602621a18e10cace54d7b91cca954ce89ec8e39b095afd,4.02230226564243,GTGTAGCAAAGAGTAACAGAGCAGTATTGCCACCAGCATATCTCGCCTCCAGCCACAGGGCGGTTTTCTCCTATCTCAGAATAGAATGAACAGTCAGATTTATACTGAGACATTCCCTTCCCAGGGACATGTGGGAAACAGAGGCCTTCCTCTTATCTCAACCGCAAAGAGGCTTTCCTCTTTCACTACTCCTCCTCAGC,4977621c02657d4cbbeef91246c86354cb0fa25636b045633368559a0b62c83f,-0.0858183723930824,GTGTAGCAAAGAGTAACAGAGCAGTATTGCCACCAGCATATCTCGCCTCCAGCCACAGGGCGGTTTTCTCCTATCTCAGAATAGAATGAACAGTCAGATATATACTGAGACATTCCCTTCCCAGGGACATGTGGGAAACAGAGGCCTTCCTCTTATCTCAACCGCAAAGAGGCTTTCCTCTTTCACTACTCCTCCTCAGC,ee7cdc8ad31206f8de184028c038eae0bbff02344fabc044d1bf842266fe34db,3.90448380658193,-0.0320000866674172,0.359063011627016,-382.5416030585766,-371.555780928582,-394.6847649943084,-378.3886403888464,5.310302475467438,-1.0,0.0320000866674172,0.0,2,0.18292669812195447,0.17490732828716207,0.146091925319964,0.14312580742961611,1.0
chr19:16197377:C:T;chr19:16197432:C:T;var1;middle;OL41|K562|af816ffd1677e044,chr19:16197377:C:T;chr19:16197432:C:T;var1;middle;OL41,K562,K562_region_01089,100,155,55,GATGGAGATTCAGGAGATGCAGCTCAAAGAGGCCAAGCACATTGCGGAAGAGGCTGACCGCAAATACGAGGAGGTGAGTGGGGCTGGCAGATGGCGCAGCAGCAGGAAGTGGGAGGAAATGCATCTGCTGAGATAGGGAGGACACCGGGGCCAACGAAAGGAAGCTCTCGGTTAGGTCAGCTGTCCTCCTGCGTGAACAT,4f7be3aeecce086211c0eb6f959534930cc12d989353d07efe07f15a7f2dc337,0.0,GATGGAGATTCAGGAGATGCAGCTCAAAGAGGCCAAGCACATTGCGGAAGAGGCTGACCGCAAATACGAGGAGGTGAGTGGGGCTGGCAGATGGCGCAGTAGCAGGAAGTGGGAGGAAATGCATCTGCTGAGATAGGGAGGACACCGGGGCCAACGAAAGGAAGCTCTCGGTTAGGTCAGCTGTCCTCCTGCGTGAACAT,d800624db7aabcf7de47f76bfffdcc1999442eebf5d9324489942039ef43eeb4,-0.0623540057146677,GATGGAGATTCAGGAGATGCAGCTCAAAGAGGCCAAGCACATTGCGGAAGAGGCTGACCGCAAATACGAGGAGGTGAGTGGGGCTGGCAGATGGCGCAGCAGCAGGAAGTGGGAGGAAATGCATCTGCTGAGATAGGGAGGACACCGGGGCCAATGAAAGGAAGCTCTCGGTTAGGTCAGCTGTCCTCCTGCGTGAACAT,22722e43422b04a6781186c0b23675b92f0d8110c37c81ef1babcb43e6f8ed47,-0.312534966808066,GATGGAGATTCAGGAGATGCAGCTCAAAGAGGCCAAGCACATTGCGGAAGAGGCTGACCGCAAATACGAGGAGGTGAGTGGGGCTGGCAGATGGCGCAGTAGCAGGAAGTGGGAGGAAATGCATCTGCTGAGATAGGGAGGACACCGGGGCCAATGAAAGGAAGCTCTCGGTTAGGTCAGCTGTCCTCCTGCGTGAACAT,af816ffd1677e04468e317651272127ed93750dfe7379f016d797efbc0e20d68,-0.1667620817373,0.2081268907854336,0.204047620003106,-332.7472456336254,-341.9803930623457,-330.78168055042624,-339.50023694580887,0.5145910333376378,-1.0,-0.2081268907854336,0.0,2,0.17594375452022382,0.17490732828716207,0.146091925319964,0.15189195006933642,1.0
chr19:16217453:T:C;chr19:16217484:T:C;var1;middle;OL27|K562|be20a8bf9082e6be,chr19:16217453:T:C;chr19:16217484:T:C;var1;middle;OL27,K562,K562_region_01090,100,131,31,TTTGAGACAGGATTCCACTCTTGTCACCCAGGCTGGAGGGCAGTGGCGTGATCATGGCTCACAGCAGCCTCGACCTCCTGGGCTCAAGCAATCCTCCCATCTCCACCTCCCGAGTAGCTGGGACGACAGATGTGTACCCAGCTAATTTTTGTATTTTTAATAGAGACAGGGTTTCGCCATGTTGCCCAGGCTGGTCTGAA,ceca1d8dbfecdd58c551164949d9583f7da5af6705ce3a3db9144810039007a9,0.0,TTTGAGACAGGATTCCACTCTTGTCACCCAGGCTGGAGGGCAGTGGCGTGATCATGGCTCACAGCAGCCTCGACCTCCTGGGCTCAAGCAATCCTCCCACCTCCACCTCCCGAGTAGCTGGGACGACAGATGTGTACCCAGCTAATTTTTGTATTTTTAATAGAGACAGGGTTTCGCCATGTTGCCCAGGCTGGTCTGAA,3844c33856436b59c277dfa4fd4b824d3a045388d81fdee4297f0e1831c42bab,-0.0960192282687592,TTTGAGACAGGATTCCACTCTTGTCACCCAGGCTGGAGGGCAGTGGCGTGATCATGGCTCACAGCAGCCTCGACCTCCTGGGCTCAAGCAATCCTCCCATCTCCACCTCCCGAGTAGCTGGGACGACAGACGTGTACCCAGCTAATTTTTGTATTTTTAATAGAGACAGGGTTTCGCCATGTTGCCCAGGCTGGTCTGAA,fda5bd7a7ff988cca99f67c1e3a8b642d0938adf79c5e82f7deb955a16d0233b,0.124192023074989,TTTGAGACAGGATTCCACTCTTGTCACCCAGGCTGGAGGGCAGTGGCGTGATCATGGCTCACAGCAGCCTCGACCTCCTGGGCTCAAGCAATCCTCCCACCTCCACCTCCCGAGTAGCTGGGACGACAGACGTGTACCCAGCTAATTTTTGTATTTTTAATAGAGACAGGGTTTCGCCATGTTGCCCAGGCTGGTCTGAA,be20a8bf9082e6be0020100474b7ff268a66667da2369fc3f948269715fdfd5b,-0.0475568741685807,-0.0757296689748105,0.132368878975031,-85.119524971582,-82.21507060248405,-87.9861247073859,-85.1358440881595,-0.05417374987155199,-1.0,0.0757296689748105,0.0,3,0.18136387975097792,0.18106719778262317,0.1474303780702046,0.34518975388985995,1.0
chr19:16365586:T:C;chr19:16365655:C:T;var1;middle;OL31|K562|1dcda7291c476f23,chr19:16365586:T:C;chr19:16365655:C:T;var1;middle;OL31,K562,K562_region_01091,100,169,69,TGGGAGATGTGTGCAGGAGGGGCCCCAGCAGGCCGGGAGAGCTACATAATATAACATAAAGTTCACCATTTTTAAAGTGAACAATTTGGTGGCATTCAGTACATTGACAATGTCATCCAACCATGACCTCCACTTCCAAAGGAGACCTCATCCCCATCAGTAGCCATTCCCCATTCCCCTCCCCCAACCCCTGGCAGCCA,1ad909ce9a2cb5d3a97944a00f421fa5c29c8c614cec7340bb9fb1310ef48362,0.0,TGGGAGATGTGTGCAGGAGGGGCCCCAGCAGGCCGGGAGAGCTACATAATATAACATAAAGTTCACCATTTTTAAAGTGAACAATTTGGTGGCATTCAGCACATTGACAATGTCATCCAACCATGACCTCCACTTCCAAAGGAGACCTCATCCCCATCAGTAGCCATTCCCCATTCCCCTCCCCCAACCCCTGGCAGCCA,5343fa6d30af6f2352f580614c675ce04fa9a71d80e8c1e2e69e634028891521,-0.522175294089326,TGGGAGATGTGTGCAGGAGGGGCCCCAGCAGGCCGGGAGAGCTACATAATATAACATAAAGTTCACCATTTTTAAAGTGAACAATTTGGTGGCATTCAGTACATTGACAATGTCATCCAACCATGACCTCCACTTCCAAAGGAGACCTCATCCCCATCAGTAGCCATTTCCCATTCCCCTCCCCCAACCCCTGGCAGCCA,ca0b4464257ea9de37ac825d59a1cdae5825de20f6a3dca15495af617b45db22,-0.192458796384646,TGGGAGATGTGTGCAGGAGGGGCCCCAGCAGGCCGGGAGAGCTACATAATATAACATAAAGTTCACCATTTTTAAAGTGAACAATTTGGTGGCATTCAGCACATTGACAATGTCATCCAACCATGACCTCCACTTCCAAAGGAGACCTCATCCCCATCAGTAGCCATTTCCCATTCCCCTCCCCCAACCCCTGGCAGCCA,1dcda7291c476f23d1eda53da5c0d7fdb76e57ba144025acd64fe4a050e270d0,0.0087197167482522,0.7233538072222242,0.59972598154746,-224.7275493745692,-231.97326785931364,-226.2137699308805,-234.10760150570425,-0.6481130900793062,-1.0,-0.7233538072222242,0.0,1,0.18170574357515093,0.18216460459877223,0.1501433469024087,0.34151427884905605,1.0
chr19:16434937:C:T;chr19:16435011:G:A;var1;middle;OL33|K562|b69037dd210438d8,chr19:16434937:C:T;chr19:16435011:G:A;var1;middle;OL33,K562,K562_region_01092,100,174,74,AGCCTCGACCTCCTGGGCTCAAGCGATCCTCCCACCTCAGCCTCCCACTACACCCAGCTAATTTTTTTTATTTTTTAAGAGATGGGGGCCACTGTGTTGCCCAGGCTGGTCTTGAACTCCTGGCCTCGAGTGATCCTCCTGTCTCAGCCTCCCAAAGCGGTGGGATTACAGATGTGACCCACTGCACCAGGTCTACACAA,9d4e157adce88b4027eabf8497745bc4218115892f9b5c25479da4a70abafd4d,0.0,AGCCTCGACCTCCTGGGCTCAAGCGATCCTCCCACCTCAGCCTCCCACTACACCCAGCTAATTTTTTTTATTTTTTAAGAGATGGGGGCCACTGTGTTGTCCAGGCTGGTCTTGAACTCCTGGCCTCGAGTGATCCTCCTGTCTCAGCCTCCCAAAGCGGTGGGATTACAGATGTGACCCACTGCACCAGGTCTACACAA,1b6aa0f1f7b9b963fa04371bc0fa5ae3f2a0d5b1fc4e388070363f50ccaa9ca1,-0.0680365554974245,AGCCTCGACCTCCTGGGCTCAAGCGATCCTCCCACCTCAGCCTCCCACTACACCCAGCTAATTTTTTTTATTTTTTAAGAGATGGGGGCCACTGTGTTGCCCAGGCTGGTCTTGAACTCCTGGCCTCGAGTGATCCTCCTGTCTCAGCCTCCCAAAGCGGTGGGATTACAGATATGACCCACTGCACCAGGTCTACACAA,4b9ef91e8f1559f609bec18368e0a9b910ce39e720cc5a2416a00999ea3f421a,0.188607615921298,AGCCTCGACCTCCTGGGCTCAAGCGATCCTCCCACCTCAGCCTCCCACTACACCCAGCTAATTTTTTTTATTTTTTAAGAGATGGGGGCCACTGTGTTGTCCAGGCTGGTCTTGAACTCCTGGCCTCGAGTGATCCTCCTGTCTCAGCCTCCCAAAGCGGTGGGATTACAGATATGACCCACTGCACCAGGTCTACACAA,b69037dd210438d820e9627accd5da89f4190fb4ab46ef16768716a041d579f9,0.152062744116481,0.0314916836926075,0.249922257439172,-92.65480626095086,-94.97847893834114,-97.06441203318536,-99.4116121036932,-0.023527393117561246,-1.0,-0.0314916836926075,0.0,3,0.18142560719567463,0.18106719778262317,0.1474303780702046,0.3032399035077278,1.0
chr19:16441973:G:A;chr19:16442019:G:A;var1;middle;OL27|K562|1c46cd79141f385e,chr19:16441973:G:A;chr19:16442019:G:A;var1;middle;OL27,K562,K562_region_01093,100,146,46,GGGCTCACACCTGTAATTCCAGCACTTTGGGAGGGCAAGGCGGGTGGATCACTTGAGCTCAGGAGTTCGAGGCCAGCCTGGCCAATATGGTGAAACCCTGTCTCTACTTAAAAAAAAAAAAAATTAGCTGGGTGTGGTGGCAGGCGCCTATAATCTCTGTCATCTCAGCTACTTGGGAGGCTGAGTCAGGAGAATCACTG,90d8d95c267bc4e18bec246c4b5d35e29812086f6bc258f507ccefc8cc9adfff,0.0,GGGCTCACACCTGTAATTCCAGCACTTTGGGAGGGCAAGGCGGGTGGATCACTTGAGCTCAGGAGTTCGAGGCCAGCCTGGCCAATATGGTGAAACCCTATCTCTACTTAAAAAAAAAAAAAATTAGCTGGGTGTGGTGGCAGGCGCCTATAATCTCTGTCATCTCAGCTACTTGGGAGGCTGAGTCAGGAGAATCACTG,7cac6f8221b9522c38375ea5bc29b8623918c2f6eb61b52902d26065e48aa032,0.0006612694016866,GGGCTCACACCTGTAATTCCAGCACTTTGGGAGGGCAAGGCGGGTGGATCACTTGAGCTCAGGAGTTCGAGGCCAGCCTGGCCAATATGGTGAAACCCTGTCTCTACTTAAAAAAAAAAAAAATTAGCTGGGTGTGGTGGCAGGCACCTATAATCTCTGTCATCTCAGCTACTTGGGAGGCTGAGTCAGGAGAATCACTG,705f02dc457512ff4c37356b82694ab7c70f5ea21011a7c826d6050b76e5044c,-0.208634858117764,GGGCTCACACCTGTAATTCCAGCACTTTGGGAGGGCAAGGCGGGTGGATCACTTGAGCTCAGGAGTTCGAGGCCAGCCTGGCCAATATGGTGAAACCCTATCTCTACTTAAAAAAAAAAAAAATTAGCTGGGTGTGGTGGCAGGCACCTATAATCTCTGTCATCTCAGCTACTTGGGAGGCTGAGTCAGGAGAATCACTG,1c46cd79141f385e371f2fed7e1a57e359d797af86c71109c0886dc34e77c9fd,-0.184175289052875,0.0237982996632024,0.164596212110242,-73.65540905855596,-77.41840367531404,-71.56468982202932,-75.26814984390512,0.059534594882279634,-1.0,-0.0237982996632024,0.0,1,0.1824257325434122,0.18216460459877223,0.1501433469024087,0.13311624812018058,1.0
chr19:16443223:T:C;chr19:16443300:C:T;var1;middle;OL28|K562|c59f4d6622800884,chr19:16443223:T:C;chr19:16443300:C:T;var1;middle;OL28,K562,K562_region_01094,100,177,77,GGTTCCTGGAAGCCCTGCTGAGTTCCTTCTAGGCTTTTGTCTAAAAGGAACTGAGAAGCCCATTTGCCAGGAATATCCCAGACAGGGAGGGACAAGGGGTCGGGAAGAGGCTGGGTGAATAGGGTTCCCTGAGGTGCCCTATAAGAAGTTAGGAGGAGGCCGGGCACAGTGGCTCACGCCTGTAATCCCAGCACTTTGGG,c01add6531c6eeef7fda6d8854113ac742e7813ffc348b95b3f606311a0649f8,0.0,GGTTCCTGGAAGCCCTGCTGAGTTCCTTCTAGGCTTTTGTCTAAAAGGAACTGAGAAGCCCATTTGCCAGGAATATCCCAGACAGGGAGGGACAAGGGGCCGGGAAGAGGCTGGGTGAATAGGGTTCCCTGAGGTGCCCTATAAGAAGTTAGGAGGAGGCCGGGCACAGTGGCTCACGCCTGTAATCCCAGCACTTTGGG,f0e23a19d7bf0ab583a4f7d3c360296d55dbefd280c644b5d55f73ece492f5b3,0.0737135615391219,GGTTCCTGGAAGCCCTGCTGAGTTCCTTCTAGGCTTTTGTCTAAAAGGAACTGAGAAGCCCATTTGCCAGGAATATCCCAGACAGGGAGGGACAAGGGGTCGGGAAGAGGCTGGGTGAATAGGGTTCCCTGAGGTGCCCTATAAGAAGTTAGGAGGAGGCCGGGCACAGTGGCTCATGCCTGTAATCCCAGCACTTTGGG,ef941583aa4fa79facfa121f75a72582a57edf111d16865bf892f434755ed84d,0.0211535541430803,GGTTCCTGGAAGCCCTGCTGAGTTCCTTCTAGGCTTTTGTCTAAAAGGAACTGAGAAGCCCATTTGCCAGGAATATCCCAGACAGGGAGGGACAAGGGGCCGGGAAGAGGCTGGGTGAATAGGGTTCCCTGAGGTGCCCTATAAGAAGTTAGGAGGAGGCCGGGCACAGTGGCTCATGCCTGTAATCCCAGCACTTTGGG,c59f4d66228008840cd5bf54bbd4619ffbdfaf35024fc71d899ba284e53bae0e,-0.0242721072135196,0.1191392228957217,0.147552773264313,-191.2213166030124,-189.86131710652265,-190.94322835747155,-188.56415521539748,-1.0190736455843137,1.0,0.1191392228957217,0.0,2,0.17371061474813568,0.17490732828716207,0.146091925319964,0.059475101253610205,1.0
chr19:16443300:C:T;chr19:16443332:G:A;var1;middle;OL27|K562|c9b24ff23825e347,chr19:16443300:C:T;chr19:16443332:G:A;var1;middle;OL27,K562,K562_region_01094,100,132,32,CCAGACAGGGAGGGACAAGGGGTCGGGAAGAGGCTGGGTGAATAGGGTTCCCTGAGGTGCCCTATAAGAAGTTAGGAGGAGGCCGGGCACAGTGGCTCACGCCTGTAATCCCAGCACTTTGGGAGGTCAAGGCAGGTGGATCATTTGAGGTCAGGAGTTCGAGACCAGCCTGGCCAACATGGTGAAACCTCGTCTCTACT,0c0d9ab5b0f979694abb30933dfc6482a33492ad8433088c59e96471b82631c2,0.0,CCAGACAGGGAGGGACAAGGGGTCGGGAAGAGGCTGGGTGAATAGGGTTCCCTGAGGTGCCCTATAAGAAGTTAGGAGGAGGCCGGGCACAGTGGCTCATGCCTGTAATCCCAGCACTTTGGGAGGTCAAGGCAGGTGGATCATTTGAGGTCAGGAGTTCGAGACCAGCCTGGCCAACATGGTGAAACCTCGTCTCTACT,05c92f0366ca716eba4f554842e266b6b43a47397081afeed8b04559c0e9a847,-0.257080118940544,CCAGACAGGGAGGGACAAGGGGTCGGGAAGAGGCTGGGTGAATAGGGTTCCCTGAGGTGCCCTATAAGAAGTTAGGAGGAGGCCGGGCACAGTGGCTCACGCCTGTAATCCCAGCACTTTGGGAGGTCAAGACAGGTGGATCATTTGAGGTCAGGAGTTCGAGACCAGCCTGGCCAACATGGTGAAACCTCGTCTCTACT,e9e2bffbde87eca1ad7bc239a3e97a0b7336f4a99a1787f9dc927df38e3874f6,0.0450024093486365,CCAGACAGGGAGGGACAAGGGGTCGGGAAGAGGCTGGGTGAATAGGGTTCCCTGAGGTGCCCTATAAGAAGTTAGGAGGAGGCCGGGCACAGTGGCTCATGCCTGTAATCCCAGCACTTTGGGAGGTCAAGACAGGTGGATCATTTGAGGTCAGGAGTTCGAGACCAGCCTGGCCAACATGGTGAAACCTCGTCTCTACT,c9b24ff23825e347ba1b36cb976667023728d7cc06f5d294978649c5ddeb88e1,-0.199704799837432,0.0123729097544754,0.131932478436689,-118.81434856308624,-118.79834277555346,-122.47023686487228,-123.10838134214282,-0.6541502648033202,-1.0,-0.0123729097544754,0.0,2,0.17424197269527164,0.17490732828716207,0.146091925319964,0.09120708542461384,1.0
chr19:16607233:G:C;chr19:16607305:A:G;var1;middle;OL41|K562|197149b20a3bead8,chr19:16607233:G:C;chr19:16607305:A:G;var1;middle;OL41,K562,K562_region_01095,100,172,72,TGATTCGGGGCGCCATTGGTCTGCGGGGCGCGGTGCTTCCCGGGAGATGTAGTCTCTTCTGCTCTGGCTCTGTTGCCCAGGGCAACCGCTCCTTCAGGCGTGAATGTGGCGGCTGCCTCTGCGAATGGACGGCGTGGGAAGAGGTCGGCAGGGCTGGTGGGGAGGTGACCTAGCTGGGCGTCCGGGCTCGCGAGGGGGAT,0b1c7dd533a037073446f01304ed742c55437e1ea6352a101941f8fe40cd113b,0.0,TGATTCGGGGCGCCATTGGTCTGCGGGGCGCGGTGCTTCCCGGGAGATGTAGTCTCTTCTGCTCTGGCTCTGTTGCCCAGGGCAACCGCTCCTTCAGGCCTGAATGTGGCGGCTGCCTCTGCGAATGGACGGCGTGGGAAGAGGTCGGCAGGGCTGGTGGGGAGGTGACCTAGCTGGGCGTCCGGGCTCGCGAGGGGGAT,7c573233149267791381223532c333d522f02c6d8d5bb5e9f74a9d6826a8fcd1,-0.234916299294907,TGATTCGGGGCGCCATTGGTCTGCGGGGCGCGGTGCTTCCCGGGAGATGTAGTCTCTTCTGCTCTGGCTCTGTTGCCCAGGGCAACCGCTCCTTCAGGCGTGAATGTGGCGGCTGCCTCTGCGAATGGACGGCGTGGGAAGAGGTCGGCAGGGCTGGTGGGGAGGTGACCTGGCTGGGCGTCCGGGCTCGCGAGGGGGAT,661dddc87ee04a58e1c108e19657f78274a0bd3c51ccaeb67d31f0dcc1fd9e26,-0.599056924952296,TGATTCGGGGCGCCATTGGTCTGCGGGGCGCGGTGCTTCCCGGGAGATGTAGTCTCTTCTGCTCTGGCTCTGTTGCCCAGGGCAACCGCTCCTTCAGGCCTGAATGTGGCGGCTGCCTCTGCGAATGGACGGCGTGGGAAGAGGTCGGCAGGGCTGGTGGGGAGGTGACCTGGCTGGGCGTCCGGGCTCGCGAGGGGGAT,197149b20a3bead825ba8fd49cfa38cc652ac7f4d54d0ab09abe560ec962aa2e,-0.360491314587759,0.473481909659444,0.196744007631786,-368.2877228497528,-358.0325617454946,-336.53772998042405,-315.06634765001945,11.216221226146388,-1.0,-0.473481909659444,0.0,3,0.20406454489616438,0.18106719778262317,0.1474303780702046,0.22054621191789797,1.0
chr19:17337308:T:C;chr19:17337344:T:G;var1;middle;OL41|K562|8f5ce2ecc366a90a,chr19:17337308:T:C;chr19:17337344:T:G;var1;middle;OL41,K562,K562_region_01096,100,136,36,GCTCTGCGCGCCCTGGAGGTCGAGGCTCCGGCAGCGCGGGGGTTAACTCGAGCCGGTCCCAGGCTGCGCGGCGACGTCAGAGTTCATTTACATAGCGCTTATTTGGGTTGCGCAGTCGTGGGCGGGGTCTGGACGTCGCTGCGGACCAATCGCGTGCGTCTATGCAAATAGCGGTCGTTCTGGGGAACTCTGCTCCCGCG,12e57c61e36ca14801a0515354033f92dfde3132686cc48857a51e63870c4fb0,0.0,GCTCTGCGCGCCCTGGAGGTCGAGGCTCCGGCAGCGCGGGGGTTAACTCGAGCCGGTCCCAGGCTGCGCGGCGACGTCAGAGTTCATTTACATAGCGCTCATTTGGGTTGCGCAGTCGTGGGCGGGGTCTGGACGTCGCTGCGGACCAATCGCGTGCGTCTATGCAAATAGCGGTCGTTCTGGGGAACTCTGCTCCCGCG,7e6184405f2607473e8d8ca6ade72fae933d4e6bd4c1b61e6f73bfc384d5a151,0.129404656700036,GCTCTGCGCGCCCTGGAGGTCGAGGCTCCGGCAGCGCGGGGGTTAACTCGAGCCGGTCCCAGGCTGCGCGGCGACGTCAGAGTTCATTTACATAGCGCTTATTTGGGTTGCGCAGTCGTGGGCGGGGTCTGGACGGCGCTGCGGACCAATCGCGTGCGTCTATGCAAATAGCGGTCGTTCTGGGGAACTCTGCTCCCGCG,9b33efed88c7c6240165eebcf3ca590423ead35aa123cb4d2e642029df6ee548,-0.0114379954442494,GCTCTGCGCGCCCTGGAGGTCGAGGCTCCGGCAGCGCGGGGGTTAACTCGAGCCGGTCCCAGGCTGCGCGGCGACGTCAGAGTTCATTTACATAGCGCTCATTTGGGTTGCGCAGTCGTGGGCGGGGTCTGGACGGCGCTGCGGACCAATCGCGTGCGTCTATGCAAATAGCGGTCGTTCTGGGGAACTCTGCTCCCGCG,8f5ce2ecc366a90a9819626aed238ae40c973977b08deaac9dbfd6450543fe1f,0.199716527840209,0.0817498665844223,0.153573205731745,-286.0864054611884,-273.8464339338243,-275.3009683368728,-254.9228763319552,8.138120477553457,-1.0,-0.0817498665844223,0.0,2,0.1870442297672187,0.17490732828716207,0.146091925319964,0.12033771696000635,1.0
chr19:17337344:T:G;chr19:17337413:G:T;var1;middle;OL41|K562|7c25ea879a82b950,chr19:17337344:T:G;chr19:17337413:G:T;var1;middle;OL41,K562,K562_region_01096,100,169,69,CGGGGGTTAACTCGAGCCGGTCCCAGGCTGCGCGGCGACGTCAGAGTTCATTTACATAGCGCTTATTTGGGTTGCGCAGTCGTGGGCGGGGTCTGGACGTCGCTGCGGACCAATCGCGTGCGTCTATGCAAATAGCGGTCGTTCTGGGGAACTCTGCTCCCGCGGGGTGAGAGTTGGCCGCTCTTCGGCCGAGCTGCCCG,23a574714b73ced14da06e226acad257525c56e47a8d241b7ba744497dd4b425,0.0,CGGGGGTTAACTCGAGCCGGTCCCAGGCTGCGCGGCGACGTCAGAGTTCATTTACATAGCGCTTATTTGGGTTGCGCAGTCGTGGGCGGGGTCTGGACGGCGCTGCGGACCAATCGCGTGCGTCTATGCAAATAGCGGTCGTTCTGGGGAACTCTGCTCCCGCGGGGTGAGAGTTGGCCGCTCTTCGGCCGAGCTGCCCG,b7008449941eeda922a8aefa09a6485115ffe5cebf9671bd0f178bca75a2b38f,-0.0505222423071335,CGGGGGTTAACTCGAGCCGGTCCCAGGCTGCGCGGCGACGTCAGAGTTCATTTACATAGCGCTTATTTGGGTTGCGCAGTCGTGGGCGGGGTCTGGACGTCGCTGCGGACCAATCGCGTGCGTCTATGCAAATAGCGGTCGTTCTGGGGAACTCTGCTCCCGCGGGGTTAGAGTTGGCCGCTCTTCGGCCGAGCTGCCCG,08f5bc9277d2ec49ab5152340a11027d361895acd2af1a1ba945bbf20a1646ad,-0.0914349066968291,CGGGGGTTAACTCGAGCCGGTCCCAGGCTGCGCGGCGACGTCAGAGTTCATTTACATAGCGCTTATTTGGGTTGCGCAGTCGTGGGCGGGGTCTGGACGGCGCTGCGGACCAATCGCGTGCGTCTATGCAAATAGCGGTCGTTCTGGGGAACTCTGCTCCCGCGGGGTTAGAGTTGGCCGCTCTTCGGCCGAGCTGCCCG,7c25ea879a82b950ae541562fa9da84524ce33f50640c8f439f8c8bd961cf9a8,-0.0782453884804939,0.0637117605234687,0.17440087381585,-301.5756244137883,-301.2296106461436,-297.84462814452127,-301.41990454355255,-3.9212901666760445,-1.0,-0.0637117605234687,0.0,2,0.16948475284394357,0.17490732828716207,0.146091925319964,-0.07755580186402161,1.0
chr19:17337413:G:T;chr19:17337447:C:T;var1;middle;OL41|K562|8a80f71403111553,chr19:17337413:G:T;chr19:17337447:C:T;var1;middle;OL41,K562,K562_region_01096,100,134,34,GGTTGCGCAGTCGTGGGCGGGGTCTGGACGTCGCTGCGGACCAATCGCGTGCGTCTATGCAAATAGCGGTCGTTCTGGGGAACTCTGCTCCCGCGGGGTGAGAGTTGGCCGCTCTTCGGCCGAGCTGCCCGCGCGTCCTTTCTCCGTGCGCGTCGTCAGGCGTGTCCTCTCCGCGTGTCCACCCACAGGCCGCCCGCAGA,eddd8b6540c0209bce6e84f6cb81677c51fe1b7459374dfb7368780da26ae2b8,0.0,GGTTGCGCAGTCGTGGGCGGGGTCTGGACGTCGCTGCGGACCAATCGCGTGCGTCTATGCAAATAGCGGTCGTTCTGGGGAACTCTGCTCCCGCGGGGTTAGAGTTGGCCGCTCTTCGGCCGAGCTGCCCGCGCGTCCTTTCTCCGTGCGCGTCGTCAGGCGTGTCCTCTCCGCGTGTCCACCCACAGGCCGCCCGCAGA,c31ff9896a4bb5b63beed60842adf5321936dfc5f9fb3270688b017b6a481557,0.152161143983287,GGTTGCGCAGTCGTGGGCGGGGTCTGGACGTCGCTGCGGACCAATCGCGTGCGTCTATGCAAATAGCGGTCGTTCTGGGGAACTCTGCTCCCGCGGGGTGAGAGTTGGCCGCTCTTCGGCCGAGCTGCCCGCGTGTCCTTTCTCCGTGCGCGTCGTCAGGCGTGTCCTCTCCGCGTGTCCACCCACAGGCCGCCCGCAGA,293df30aa77375af72cd61df8bf409931d09fb9d10e316cd3daa05ab33775c0e,0.003167118463883,GGTTGCGCAGTCGTGGGCGGGGTCTGGACGTCGCTGCGGACCAATCGCGTGCGTCTATGCAAATAGCGGTCGTTCTGGGGAACTCTGCTCCCGCGGGGTTAGAGTTGGCCGCTCTTCGGCCGAGCTGCCCGCGTGTCCTTTCTCCGTGCGCGTCGTCAGGCGTGTCCTCTCCGCGTGTCCACCCACAGGCCGCCCGCAGA,8a80f71403111553b5673957287d68c75ba1f9ebe7a7b9dba9abdeb8fc527590,-0.029997215472945,0.185325477920115,0.190120673878233,-357.9897428089753,-370.3908436220372,-342.88757925631944,-356.8254121122882,1.5367320429068059,1.0,0.185325477920115,0.0,2,0.17743207447211562,0.17490732828716207,0.146091925319964,0.10018097864082412,1.0
chr19:17337871:A:G;chr19:17337882:C:G;var1;middle;OL41|K562|a96e10257ecc767a,chr19:17337871:A:G;chr19:17337882:C:G;var1;middle;OL41,K562,K562_region_01097,100,111,11,ATTTAACTCCAGACCACGATTCCTGTGGCAGCTGCAGGGACTGGCGCCCCGAGGCCTCAAAACCAGCGCCCCCCGCCCTCCGTGCCAGCCCCAGCCGGGACCCCACAAGGCAAAGACCAAGAAGATTGTGTTTGAGGATGAGTTGCTCTCCCAGGCCCTCCTGGGCGCCAAGAAGCCTATTGGAGCCATCCCTAAGGGGC,a98d2cf46ace8ad074459d889103f5c9587a013bb63a56a690f0b0f691bbb82b,0.0,ATTTAACTCCAGACCACGATTCCTGTGGCAGCTGCAGGGACTGGCGCCCCGAGGCCTCAAAACCAGCGCCCCCCGCCCTCCGTGCCAGCCCCAGCCGGGGCCCCACAAGGCAAAGACCAAGAAGATTGTGTTTGAGGATGAGTTGCTCTCCCAGGCCCTCCTGGGCGCCAAGAAGCCTATTGGAGCCATCCCTAAGGGGC,43da3f328192bcfb890ddc6405588fca4d2e8615c9646a1d8aabba3f30255018,0.118896201605113,ATTTAACTCCAGACCACGATTCCTGTGGCAGCTGCAGGGACTGGCGCCCCGAGGCCTCAAAACCAGCGCCCCCCGCCCTCCGTGCCAGCCCCAGCCGGGACCCCACAAGGGAAAGACCAAGAAGATTGTGTTTGAGGATGAGTTGCTCTCCCAGGCCCTCCTGGGCGCCAAGAAGCCTATTGGAGCCATCCCTAAGGGGC,401f06bb40ccc476708318433df2e4c6058e81b87376659d267063c27fc8bfc5,0.135571835629542,ATTTAACTCCAGACCACGATTCCTGTGGCAGCTGCAGGGACTGGCGCCCCGAGGCCTCAAAACCAGCGCCCCCCGCCCTCCGTGCCAGCCCCAGCCGGGGCCCCACAAGGGAAAGACCAAGAAGATTGTGTTTGAGGATGAGTTGCTCTCCCAGGCCCTCCTGGGCGCCAAGAAGCCTATTGGAGCCATCCCTAAGGGGC,a96e10257ecc767a90cb89482a3003e0cb81ec04801983d6646219f9c4477a15,0.269136461131592,-0.014668423896937,0.363598103417904,-317.99458168959245,-285.61433610413224,-315.00142857804894,-288.4013854423538,5.780202449765056,1.0,-0.014668423896937,0.0,1,0.18824616809931485,0.18216460459877223,0.1501433469024087,0.22022150396859894,1.0
chr19:17338033:C:T;chr19:17338099:G:C;var1;middle;OL41|K562|6078abb06e10fc05,chr19:17338033:C:T;chr19:17338099:G:C;var1;middle;OL41,K562,K562_region_01097,100,166,66,GGGCGCCAAGAAGCCTATTGGAGCCATCCCTAAGGGGCATAAGCCTAGGCCCCACCCAGTGCCCGACTATGAGCTGTGAGTGTCCCCCATGTGATTCTTCATGCCTGGGATCAGGAGAGGGGCACTGAGGCTGGGGCTTTGATAGTTGAATAAGAGTTTACCAAAGAGTAGAAAGGAAAGGATCCCTTGCTGATCAGTAG,78b912940f731cae17595f295387158d74a17ad78dfc757e83c974340e032b86,0.0,GGGCGCCAAGAAGCCTATTGGAGCCATCCCTAAGGGGCATAAGCCTAGGCCCCACCCAGTGCCCGACTATGAGCTGTGAGTGTCCCCCATGTGATTCTTTATGCCTGGGATCAGGAGAGGGGCACTGAGGCTGGGGCTTTGATAGTTGAATAAGAGTTTACCAAAGAGTAGAAAGGAAAGGATCCCTTGCTGATCAGTAG,5b01f8d64df6ae0049b66aa56b928695eddb32fbf5a685f707c22a07db188fc9,-0.103142947756138,GGGCGCCAAGAAGCCTATTGGAGCCATCCCTAAGGGGCATAAGCCTAGGCCCCACCCAGTGCCCGACTATGAGCTGTGAGTGTCCCCCATGTGATTCTTCATGCCTGGGATCAGGAGAGGGGCACTGAGGCTGGGGCTTTGATAGTTGAATAAGAGTTTACCAAACAGTAGAAAGGAAAGGATCCCTTGCTGATCAGTAG,2eecd39f859224b2e9030235e11a70ca930f098c1a9089967e23f47928230f55,-0.119252642736382,GGGCGCCAAGAAGCCTATTGGAGCCATCCCTAAGGGGCATAAGCCTAGGCCCCACCCAGTGCCCGACTATGAGCTGTGAGTGTCCCCCATGTGATTCTTTATGCCTGGGATCAGGAGAGGGGCACTGAGGCTGGGGCTTTGATAGTTGAATAAGAGTTTACCAAACAGTAGAAAGGAAAGGATCCCTTGCTGATCAGTAG,6078abb06e10fc05c3d143b8964900a8a9cb349cfffe6d03edabba81e67f4ca2,-0.155175648257121,-0.067219942235399,0.248648694724646,-328.9932617931627,-336.5827889863868,-319.50359264109284,-327.34042496967595,0.2473051353590563,1.0,-0.067219942235399,0.0,1,0.1826167777776167,0.18216460459877223,0.1501433469024087,0.04611377837231795,1.0
chr19:17340400:C:T;chr19:17340459:G:A;var1;middle;OL41|K562|6996d0dbb166c762,chr19:17340400:C:T;chr19:17340459:G:A;var1;middle;OL41,K562,K562_region_01098,100,159,59,AGGCTGGACTGGAACTCCTGACCTCAAGTGATCCGCCCACCTCAGCCTCCAAAAGTGCTGGGGTTACAGGCATGAGCCACCACGTCCAGCTGGATTCTTCACTCTCTGTGTCTCCCTGGGCACTTCAGGACAGCAACTGACCCCAGTGTGTGGGCACGGTCCATATGCATGGCCTAGGGGGAGGCTCTTCCAGTGTCTGA,5f32e7908288a30dc230f41baf5df49cad60c932bbd69c15bc4e6d1260492f33,0.0,AGGCTGGACTGGAACTCCTGACCTCAAGTGATCCGCCCACCTCAGCCTCCAAAAGTGCTGGGGTTACAGGCATGAGCCACCACGTCCAGCTGGATTCTTTACTCTCTGTGTCTCCCTGGGCACTTCAGGACAGCAACTGACCCCAGTGTGTGGGCACGGTCCATATGCATGGCCTAGGGGGAGGCTCTTCCAGTGTCTGA,7ec6a7d76262cd3bc553a3f186ba84f95112401319bb781caf2357ee48378e94,0.185929705547101,AGGCTGGACTGGAACTCCTGACCTCAAGTGATCCGCCCACCTCAGCCTCCAAAAGTGCTGGGGTTACAGGCATGAGCCACCACGTCCAGCTGGATTCTTCACTCTCTGTGTCTCCCTGGGCACTTCAGGACAGCAACTGACCCCAGTGTGTGGGCACGATCCATATGCATGGCCTAGGGGGAGGCTCTTCCAGTGTCTGA,fff6f033001b4373d156dccb3cc77568c5c98ed1aa2932902646fd4f91115aa2,-0.151925322287592,AGGCTGGACTGGAACTCCTGACCTCAAGTGATCCGCCCACCTCAGCCTCCAAAAGTGCTGGGGTTACAGGCATGAGCCACCACGTCCAGCTGGATTCTTTACTCTCTGTGTCTCCCTGGGCACTTCAGGACAGCAACTGACCCCAGTGTGTGGGCACGATCCATATGCATGGCCTAGGGGGAGGCTCTTCCAGTGTCTGA,6996d0dbb166c7621da76a202362dfdee90b812c372d8e907d181fc71539dd6c,-0.278730528189946,0.312734911449455,0.42687316342722,-183.4314412167296,-186.42403118684888,-185.57454368192705,-187.27998330444092,-1.287150347605376,1.0,0.312734911449455,0.0,3,0.17888043627481182,0.18106719778262317,0.1474303780702046,0.25780753573723386,1.0
chr19:17412883:G:A;chr19:17412947:T:C;var1;middle;OL41|K562|4fae2b09256e0515,chr19:17412883:G:A;chr19:17412947:T:C;var1;middle;OL41,K562,K562_region_01099,100,164,64,GTAGAGATGGGGTTTCACCATGTTGGCCAGGCTGGTCTTGAACTCCTGACCTCAAATTTTCCTCCTGCTTCGGCCTCCCAAAGTGCTGGGATTATAGGTGTGAGCCACCGTGCACTGACATGTTTTGTCTGAGCAGTGCCTTTGTGGTAGTTACCCTCCTGGGTCACCCTAGTCTATCCTCAGAGAGAAAGACTTGGCTA,a91fd65629997ddc40e915f67bc662d8beb5feaa9dc240baee3df6ab7a948d62,0.0,GTAGAGATGGGGTTTCACCATGTTGGCCAGGCTGGTCTTGAACTCCTGACCTCAAATTTTCCTCCTGCTTCGGCCTCCCAAAGTGCTGGGATTATAGGTATGAGCCACCGTGCACTGACATGTTTTGTCTGAGCAGTGCCTTTGTGGTAGTTACCCTCCTGGGTCACCCTAGTCTATCCTCAGAGAGAAAGACTTGGCTA,5f26171e7099676d3cded4d762ff24f87e5087652a0a9829416a023ddff45500,0.139442346225987,GTAGAGATGGGGTTTCACCATGTTGGCCAGGCTGGTCTTGAACTCCTGACCTCAAATTTTCCTCCTGCTTCGGCCTCCCAAAGTGCTGGGATTATAGGTGTGAGCCACCGTGCACTGACATGTTTTGTCTGAGCAGTGCCTTTGTGGTAGTTACCCTCCTGGGCCACCCTAGTCTATCCTCAGAGAGAAAGACTTGGCTA,77d7a47f40801a9547ce92f45f7c9f82ff1d2faa3b7e70418a8dc74b84670d06,-0.139409192128764,GTAGAGATGGGGTTTCACCATGTTGGCCAGGCTGGTCTTGAACTCCTGACCTCAAATTTTCCTCCTGCTTCGGCCTCCCAAAGTGCTGGGATTATAGGTATGAGCCACCGTGCACTGACATGTTTTGTCTGAGCAGTGCCTTTGTGGTAGTTACCCTCCTGGGCCACCCTAGTCTATCCTCAGAGAGAAAGACTTGGCTA,4fae2b09256e05151ffdcc65fe923a75564ac22978392407286b868275131e3f,-0.206299132210147,0.20633228630737,0.321963887496029,-169.19547719601542,-174.04738928563893,-161.05756550608203,-169.09309673542157,3.183619139716029,1.0,0.20633228630737,0.0,1,0.18560430071511194,0.18216460459877223,0.1501433469024087,0.10497989033654535,1.0
chr19:17412947:T:C;chr19:17413022:C:G;var1;middle;OL41|K562|15f7fddb47af8034,chr19:17412947:T:C;chr19:17413022:C:G;var1;middle;OL41,K562,K562_region_01099,100,175,75,CTGCTTCGGCCTCCCAAAGTGCTGGGATTATAGGTGTGAGCCACCGTGCACTGACATGTTTTGTCTGAGCAGTGCCTTTGTGGTAGTTACCCTCCTGGGTCACCCTAGTCTATCCTCAGAGAGAAAGACTTGGCTATGGCTTACCCCACAGGGTGTCCACAGGGAAGGTGGTGGCGTCTTGTGTGGGGATGTTCCTGGAG,0506688dbdd938a5ae7b14b1783aa857086df49bc352d490299e5f7f2c6673bb,0.0,CTGCTTCGGCCTCCCAAAGTGCTGGGATTATAGGTGTGAGCCACCGTGCACTGACATGTTTTGTCTGAGCAGTGCCTTTGTGGTAGTTACCCTCCTGGGCCACCCTAGTCTATCCTCAGAGAGAAAGACTTGGCTATGGCTTACCCCACAGGGTGTCCACAGGGAAGGTGGTGGCGTCTTGTGTGGGGATGTTCCTGGAG,b60babd2ce319a4f50c0d2565fa3c0f1e80bb47350d499ac5ffb2888142fb7a2,-0.375953585085064,CTGCTTCGGCCTCCCAAAGTGCTGGGATTATAGGTGTGAGCCACCGTGCACTGACATGTTTTGTCTGAGCAGTGCCTTTGTGGTAGTTACCCTCCTGGGTCACCCTAGTCTATCCTCAGAGAGAAAGACTTGGCTATGGCTTACCCCACAGGGTGTCCACAGGGAAGGTGGTGGGGTCTTGTGTGGGGATGTTCCTGGAG,b0b1744c4fe742587667fc9ed7674665004f87e200946909f3419d42f357271c,-0.269271649890623,CTGCTTCGGCCTCCCAAAGTGCTGGGATTATAGGTGTGAGCCACCGTGCACTGACATGTTTTGTCTGAGCAGTGCCTTTGTGGTAGTTACCCTCCTGGGCCACCCTAGTCTATCCTCAGAGAGAAAGACTTGGCTATGGCTTACCCCACAGGGTGTCCACAGGGAAGGTGGTGGGGTCTTGTGTGGGGATGTTCCTGGAG,15f7fddb47af8034301412fef0413884185e03d779259eb6d5cd3b9ec5b519c4,-0.127430769543309,0.5177944654323781,0.355333251385275,-208.74654953181744,-208.52694308385253,-203.74818873032928,-203.5135025493801,0.015079732984276006,-1.0,-0.5177944654323781,0.0,1,0.1823805023945227,0.18216460459877223,0.1501433469024087,0.07059872049847483,1.0
chr19:17580183:A:G;chr19:17580226:A:T;var1;middle;OL41|K562|31fa47501a32beca,chr19:17580183:A:G;chr19:17580226:A:T;var1;middle;OL41,K562,K562_region_01100,100,143,43,TCTGAGGCCCCAATGGTGTGAGTTGAGCACTCCCCCGGGCCCTGGAACGTGTTTTTAAGACCGAAAGAGGCTTTGGGGCTTGGATTTAGGACAAGCTGGAGCAAGAATACAGCCCGCGCGGGCCGTGGGTGTGGACTGGGATATTTTTGGTCCCCCGGGGTAGAGATCCTGCACGCCAACTAGGGCTCGGGTCCTGATAT,96b1667796ac6ea72252ff71eb790918df689f533804df653667c7be85b4720a,0.0,TCTGAGGCCCCAATGGTGTGAGTTGAGCACTCCCCCGGGCCCTGGAACGTGTTTTTAAGACCGAAAGAGGCTTTGGGGCTTGGATTTAGGACAAGCTGGGGCAAGAATACAGCCCGCGCGGGCCGTGGGTGTGGACTGGGATATTTTTGGTCCCCCGGGGTAGAGATCCTGCACGCCAACTAGGGCTCGGGTCCTGATAT,4ba70531ad482096372d97027a15dfdfebe6a8099a75b3a08c72c5a3063d9102,-0.215973976515013,TCTGAGGCCCCAATGGTGTGAGTTGAGCACTCCCCCGGGCCCTGGAACGTGTTTTTAAGACCGAAAGAGGCTTTGGGGCTTGGATTTAGGACAAGCTGGAGCAAGAATACAGCCCGCGCGGGCCGTGGGTGTGGACTGGGATTTTTTTGGTCCCCCGGGGTAGAGATCCTGCACGCCAACTAGGGCTCGGGTCCTGATAT,b656256b73d003eefc433233f07a2b6d6c52a6fdfcc74a93d466f9730bbbc93f,-0.104810871793794,TCTGAGGCCCCAATGGTGTGAGTTGAGCACTCCCCCGGGCCCTGGAACGTGTTTTTAAGACCGAAAGAGGCTTTGGGGCTTGGATTTAGGACAAGCTGGGGCAAGAATACAGCCCGCGCGGGCCGTGGGTGTGGACTGGGATTTTTTTGGTCCCCCGGGGTAGAGATCCTGCACGCCAACTAGGGCTCGGGTCCTGATAT,31fa47501a32becaee4cb843191391eec32806e80f9622e16c79c125b794e076,-0.0883852010986481,0.2323996472101588,0.229136464905821,-273.3327816426754,-271.33327746391296,-270.95955134928226,-268.7635767161846,0.1964704543352127,-1.0,-0.2323996472101588,0.0,3,0.1818687236506271,0.18106719778262317,0.1474303780702046,0.15421969280321926,1.0
chr19:17592797:C:A;chr19:17592799:C:T;var1;middle;OL41|K562|b775041e28709338,chr19:17592797:C:A;chr19:17592799:C:T;var1;middle;OL41,K562,K562_region_01101,100,102,2,CCACCCAGAGAGCAGCAGGACAGGTCCCTGCAGGGAGACCTGGTGGGCCAGAACCTGCCCGGGGCCCCTTAGATCGGGCTGGGGCCACGGGTGGCTGCTCTCTCCCTAGGCCTGCAGGATTGGAACCTGATCTGAGAGTCCCAGATGCCTCTCTTCCTTCGAGATTATTTGTAGCAAGCTCTCTGTGCTCCAGGAGAGCT,c1397805df9a3d1cc4d0504616377498464ab1f1c2ea5ced8dd6ecf7583606b5,0.0,CCACCCAGAGAGCAGCAGGACAGGTCCCTGCAGGGAGACCTGGTGGGCCAGAACCTGCCCGGGGCCCCTTAGATCGGGCTGGGGCCACGGGTGGCTGCTATCTCCCTAGGCCTGCAGGATTGGAACCTGATCTGAGAGTCCCAGATGCCTCTCTTCCTTCGAGATTATTTGTAGCAAGCTCTCTGTGCTCCAGGAGAGCT,8266429406fdeea4c2baa72b38659e01c38354fc79d3eb7076defc72dc050da4,0.0014511049423812,CCACCCAGAGAGCAGCAGGACAGGTCCCTGCAGGGAGACCTGGTGGGCCAGAACCTGCCCGGGGCCCCTTAGATCGGGCTGGGGCCACGGGTGGCTGCTCTTTCCCTAGGCCTGCAGGATTGGAACCTGATCTGAGAGTCCCAGATGCCTCTCTTCCTTCGAGATTATTTGTAGCAAGCTCTCTGTGCTCCAGGAGAGCT,c8e9d9cb774004b6fcc3a3df3d34e905b494e4fb8ffa604f3edecd5c901e9dec,-0.158636729665646,CCACCCAGAGAGCAGCAGGACAGGTCCCTGCAGGGAGACCTGGTGGGCCAGAACCTGCCCGGGGCCCCTTAGATCGGGCTGGGGCCACGGGTGGCTGCTATTTCCCTAGGCCTGCAGGATTGGAACCTGATCTGAGAGTCCCAGATGCCTCTCTTCCTTCGAGATTATTTGTAGCAAGCTCTCTGTGCTCCAGGAGAGCT,b775041e28709338fa7224e931df7ed5ee6969d7a31d36eb7e2f0ec7c9a74741,-0.21100210165277,0.0538164769295052,0.324239911528258,-347.0729238744825,-335.6034635361284,-349.15430707484484,-344.77121396083385,7.086367224343121,1.0,0.0538164769295052,0.0,1,0.18957511221714765,0.18216460459877223,0.1501433469024087,0.0843168316948605,1.0
chr19:17592797:C:A;chr19:17592844:G:A;var1;middle;OL41|K562|10222b482bbfd5f3,chr19:17592797:C:A;chr19:17592844:G:A;var1;middle;OL41,K562,K562_region_01101,100,147,47,CCACCCAGAGAGCAGCAGGACAGGTCCCTGCAGGGAGACCTGGTGGGCCAGAACCTGCCCGGGGCCCCTTAGATCGGGCTGGGGCCACGGGTGGCTGCTCTCTCCCTAGGCCTGCAGGATTGGAACCTGATCTGAGAGTCCCAGATGCCTCTCTTCCTTCGAGATTATTTGTAGCAAGCTCTCTGTGCTCCAGGAGAGCT,c1397805df9a3d1cc4d0504616377498464ab1f1c2ea5ced8dd6ecf7583606b5,0.0,CCACCCAGAGAGCAGCAGGACAGGTCCCTGCAGGGAGACCTGGTGGGCCAGAACCTGCCCGGGGCCCCTTAGATCGGGCTGGGGCCACGGGTGGCTGCTATCTCCCTAGGCCTGCAGGATTGGAACCTGATCTGAGAGTCCCAGATGCCTCTCTTCCTTCGAGATTATTTGTAGCAAGCTCTCTGTGCTCCAGGAGAGCT,8266429406fdeea4c2baa72b38659e01c38354fc79d3eb7076defc72dc050da4,0.002168662502286,CCACCCAGAGAGCAGCAGGACAGGTCCCTGCAGGGAGACCTGGTGGGCCAGAACCTGCCCGGGGCCCCTTAGATCGGGCTGGGGCCACGGGTGGCTGCTCTCTCCCTAGGCCTGCAGGATTGGAACCTGATCTGAGAGTCCCAGATACCTCTCTTCCTTCGAGATTATTTGTAGCAAGCTCTCTGTGCTCCAGGAGAGCT,dbf0396e3c0fbb326d147d818536abffbf087aa62a5ff2c76182c6d96b0edaee,-0.0411662690405873,CCACCCAGAGAGCAGCAGGACAGGTCCCTGCAGGGAGACCTGGTGGGCCAGAACCTGCCCGGGGCCCCTTAGATCGGGCTGGGGCCACGGGTGGCTGCTATCTCCCTAGGCCTGCAGGATTGGAACCTGATCTGAGAGTCCCAGATACCTCTCTTCCTTCGAGATTATTTGTAGCAAGCTCTCTGTGCTCCAGGAGAGCT,10222b482bbfd5f3cad20abb1abb18bb8011daa1438ab178d75718b33583bd0d,0.543079650962745,0.5820772575010463,0.283967797260455,-347.0729238744825,-335.6034635361284,-343.92995468340814,-301.21869614347816,31.241798201575875,-1.0,-0.5820772575010463,0.0,1,0.21415181075909057,0.18216460459877223,0.1501433469024087,0.06170077426400694,1.0
chr19:17592799:C:T;chr19:17592844:G:A;var1;middle;OL41|K562|86a9d877b54ac7ed,chr19:17592799:C:T;chr19:17592844:G:A;var1;middle;OL41,K562,K562_region_01101,100,145,45,ACCCAGAGAGCAGCAGGACAGGTCCCTGCAGGGAGACCTGGTGGGCCAGAACCTGCCCGGGGCCCCTTAGATCGGGCTGGGGCCACGGGTGGCTGCTCTCTCCCTAGGCCTGCAGGATTGGAACCTGATCTGAGAGTCCCAGATGCCTCTCTTCCTTCGAGATTATTTGTAGCAAGCTCTCTGTGCTCCAGGAGAGCTGG,4b48185d739f74fb596557742346491403759336c899dcbed214192dc2eb1030,0.0,ACCCAGAGAGCAGCAGGACAGGTCCCTGCAGGGAGACCTGGTGGGCCAGAACCTGCCCGGGGCCCCTTAGATCGGGCTGGGGCCACGGGTGGCTGCTCTTTCCCTAGGCCTGCAGGATTGGAACCTGATCTGAGAGTCCCAGATGCCTCTCTTCCTTCGAGATTATTTGTAGCAAGCTCTCTGTGCTCCAGGAGAGCTGG,a49150bb483d4911cdaa6e4c6ff67d3eeb08f5042df73990ab60a39d02dc93cf,0.367875628258169,ACCCAGAGAGCAGCAGGACAGGTCCCTGCAGGGAGACCTGGTGGGCCAGAACCTGCCCGGGGCCCCTTAGATCGGGCTGGGGCCACGGGTGGCTGCTCTCTCCCTAGGCCTGCAGGATTGGAACCTGATCTGAGAGTCCCAGATACCTCTCTTCCTTCGAGATTATTTGTAGCAAGCTCTCTGTGCTCCAGGAGAGCTGG,843a897174c301b67e8619c6b5f1796814b075c4913b3ac3bb8100995eaa7a02,0.266741932548462,ACCCAGAGAGCAGCAGGACAGGTCCCTGCAGGGAGACCTGGTGGGCCAGAACCTGCCCGGGGCCCCTTAGATCGGGCTGGGGCCACGGGTGGCTGCTCTTTCCCTAGGCCTGCAGGATTGGAACCTGATCTGAGAGTCCCAGATACCTCTCTTCCTTCGAGATTATTTGTAGCAAGCTCTCTGTGCTCCAGGAGAGCTGG,86a9d877b54ac7ed57599afb5503b4b1061a96d7913d983a6f7a75da9c60da55,0.164540587587709,0.470076973218922,0.286886745054809,-325.4001189470291,-341.6383073059842,-313.31086451839656,-328.9761318080127,-0.5729210693389177,1.0,0.470076973218922,0.0,1,0.18178224693492281,0.18216460459877223,0.1501433469024087,0.23888292581931486,1.0
chr19:18157498:G:A;chr19:18157551:A:G;var1;middle;OL30|K562|9b181efe82e01648,chr19:18157498:G:A;chr19:18157551:A:G;var1;middle;OL30,K562,K562_region_01102,100,153,53,AAAGGGAGAAGCGAGGAGACCACAGAGGGGTGCCACTGCTGGTCCTAAGGAGCAATGATAGTCTGGACCAGGGAGAAGGGACCTTCATGAGAAGGGATCGGATGTGGGAGCAATTTTGATGGTGGATGGGTGGAGGAAGAAGATTCAGGGGCACCAGTGTGAGCCCATCTCACAAGGGAGGAAACTGAGACTCTGGGGAC,f028984156b61c9be0812fa2a8fa17766d14cf6091df338961344bce4dae817c,0.0,AAAGGGAGAAGCGAGGAGACCACAGAGGGGTGCCACTGCTGGTCCTAAGGAGCAATGATAGTCTGGACCAGGGAGAAGGGACCTTCATGAGAAGGGATCAGATGTGGGAGCAATTTTGATGGTGGATGGGTGGAGGAAGAAGATTCAGGGGCACCAGTGTGAGCCCATCTCACAAGGGAGGAAACTGAGACTCTGGGGAC,ca13e37f9370e9a58d86dd45471624931f0d2c96053aff75569ef705265ea31d,0.0802502440909241,AAAGGGAGAAGCGAGGAGACCACAGAGGGGTGCCACTGCTGGTCCTAAGGAGCAATGATAGTCTGGACCAGGGAGAAGGGACCTTCATGAGAAGGGATCGGATGTGGGAGCAATTTTGATGGTGGATGGGTGGAGGAAGAAGATTCAGGGGCGCCAGTGTGAGCCCATCTCACAAGGGAGGAAACTGAGACTCTGGGGAC,f2cb24ce82eae224b591cbf47d18b4fcbfd66cb1f6c0c5e7f8d1bec2540b6f3b,0.276585767083529,AAAGGGAGAAGCGAGGAGACCACAGAGGGGTGCCACTGCTGGTCCTAAGGAGCAATGATAGTCTGGACCAGGGAGAAGGGACCTTCATGAGAAGGGATCAGATGTGGGAGCAATTTTGATGGTGGATGGGTGGAGGAAGAAGATTCAGGGGCGCCAGTGTGAGCCCATCTCACAAGGGAGGAAACTGAGACTCTGGGGAC,9b181efe82e01648f2319e7a39fccc18264e4783d36c7dafd10e81071c7716d3,-0.0307857556914828,0.3876217668659358,0.203916350951377,-224.80109428986907,-219.4887721203268,-230.0026326961816,-225.2568779215217,0.5665673948823553,1.0,0.3876217668659358,0.0,3,0.1826141675092049,0.18106719778262317,0.1474303780702046,0.1621844369279124,1.0
chr19:18157894:A:G;chr19:18157925:C:T;var1;middle;OL30|K562|a7f0be744e727147,chr19:18157894:A:G;chr19:18157925:C:T;var1;middle;OL30,K562,K562_region_01103,100,131,31,CTGGGGTGCAGTGGCACGATCCCTGCTCACTGCAACCTCTACCTCCCATGTTCAAGCAATTCTACTGCTTCAGCCTCCAAAGTAGCTGGGATTACAGATACACACCACCACACTGGGCTAATTTTTGTATCTTTAGTAGAGACGGGGTTTCGCCATGTTGGCCAGGGTGATCTTGAACCCCTGACCTCAAGTGATCTGCC,675782ed5a620c356a443da3ffa495339d3fcba2326d2afe43361f0578615fc9,0.0,CTGGGGTGCAGTGGCACGATCCCTGCTCACTGCAACCTCTACCTCCCATGTTCAAGCAATTCTACTGCTTCAGCCTCCAAAGTAGCTGGGATTACAGATGCACACCACCACACTGGGCTAATTTTTGTATCTTTAGTAGAGACGGGGTTTCGCCATGTTGGCCAGGGTGATCTTGAACCCCTGACCTCAAGTGATCTGCC,7818b60359eda486fe5f4d1dfedbbd2415fd5364fb8615d7b644d692feb7d976,0.218745561294186,CTGGGGTGCAGTGGCACGATCCCTGCTCACTGCAACCTCTACCTCCCATGTTCAAGCAATTCTACTGCTTCAGCCTCCAAAGTAGCTGGGATTACAGATACACACCACCACACTGGGCTAATTTTTGTATTTTTAGTAGAGACGGGGTTTCGCCATGTTGGCCAGGGTGATCTTGAACCCCTGACCTCAAGTGATCTGCC,f701cfec8c25dabd1b2dd8dbab175975b082b12b8161c9178782229478f6fb6c,0.241078244828175,CTGGGGTGCAGTGGCACGATCCCTGCTCACTGCAACCTCTACCTCCCATGTTCAAGCAATTCTACTGCTTCAGCCTCCAAAGTAGCTGGGATTACAGATGCACACCACCACACTGGGCTAATTTTTGTATTTTTAGTAGAGACGGGGTTTCGCCATGTTGGCCAGGGTGATCTTGAACCCCTGACCTCAAGTGATCTGCC,a7f0be744e7271479e46432388f60547c8bca9ed96b74361e05cf129e1fc903a,0.271445542390653,0.1883782637317079,0.200433115335472,-86.82896213606,-82.92570035811514,-82.64765376364812,-78.70621758978814,-0.03817439591512084,1.0,0.1883782637317079,0.0,2,0.17513888336314182,0.17490732828716207,0.146091925319964,0.27447630915074206,1.0
chr19:18166498:G:A;chr19:18166559:T:C;var1;middle;OL32|K562|f1463b052a1aead2,chr19:18166498:G:A;chr19:18166559:T:C;var1;middle;OL32,K562,K562_region_01104,100,161,61,TACTCGGGAGGCTGAGGCAGGAGAATGGCGTGAACCCGGAAGGCAGAGCTTGCAGTGAGCCTAGATCGCGCCACTGCACTCCAGCCTGGGCAACAGAGCGAGACTCCATCTCAAAAAAAAAAAAAACCTAGCCCACGGGTACAGTGGCTCACGCCTGTAATCCCAGCACATTGAGAGGCCAAGACAGGAGGATCACTTGA,0e74e96ed2c7f35fc7a38faaf6467bd710f92099c6fe9cadbfca7f3b443bed1a,0.0,TACTCGGGAGGCTGAGGCAGGAGAATGGCGTGAACCCGGAAGGCAGAGCTTGCAGTGAGCCTAGATCGCGCCACTGCACTCCAGCCTGGGCAACAGAGCAAGACTCCATCTCAAAAAAAAAAAAAACCTAGCCCACGGGTACAGTGGCTCACGCCTGTAATCCCAGCACATTGAGAGGCCAAGACAGGAGGATCACTTGA,7254519dcb173fa3c0859a34a490b535ee65a189b35ba40e1b14e1b7b247d0a9,-0.0036002745310825,TACTCGGGAGGCTGAGGCAGGAGAATGGCGTGAACCCGGAAGGCAGAGCTTGCAGTGAGCCTAGATCGCGCCACTGCACTCCAGCCTGGGCAACAGAGCGAGACTCCATCTCAAAAAAAAAAAAAACCTAGCCCACGGGTACAGTGGCTCACGCCTGTAACCCCAGCACATTGAGAGGCCAAGACAGGAGGATCACTTGA,1fbb75801401fafebb13e1d72bd199174a1ce2bd9c5d09eeeb6954a3ed7f2911,0.0003543901445211,TACTCGGGAGGCTGAGGCAGGAGAATGGCGTGAACCCGGAAGGCAGAGCTTGCAGTGAGCCTAGATCGCGCCACTGCACTCCAGCCTGGGCAACAGAGCAAGACTCCATCTCAAAAAAAAAAAAAACCTAGCCCACGGGTACAGTGGCTCACGCCTGTAACCCCAGCACATTGAGAGGCCAAGACAGGAGGATCACTTGA,f1463b052a1aead2ed09906ffdef6503cf45c0fcfba7c93cb0129d365578f00b,0.284469333189383,0.2877152175759444,0.284368417236272,-72.49790557241067,-72.47733748191968,-76.08612625207752,-76.05509504768997,0.010463113896548748,-1.0,-0.2877152175759444,0.0,4,0.17621229437941036,0.17620727786206916,0.145609630836647,0.11105928833787343,1.0
chr19:18166559:T:C;chr19:18166638:C:T;var1;middle;OL32|K562|79332627329ddf4e,chr19:18166559:T:C;chr19:18166638:C:T;var1;middle;OL32,K562,K562_region_01104,100,179,79,TAGATCGCGCCACTGCACTCCAGCCTGGGCAACAGAGCGAGACTCCATCTCAAAAAAAAAAAAAACCTAGCCCACGGGTACAGTGGCTCACGCCTGTAATCCCAGCACATTGAGAGGCCAAGACAGGAGGATCACTTGAGCCTAGGAGTTTGAGATCAGCCCAGGCAATATGGTGAGACTCTGTCTCTACAAATAATCAA,2de300df450aadbbe9f39eca47d4f4213e07a4d242dd8e9d49f304917f178609,0.0,TAGATCGCGCCACTGCACTCCAGCCTGGGCAACAGAGCGAGACTCCATCTCAAAAAAAAAAAAAACCTAGCCCACGGGTACAGTGGCTCACGCCTGTAACCCCAGCACATTGAGAGGCCAAGACAGGAGGATCACTTGAGCCTAGGAGTTTGAGATCAGCCCAGGCAATATGGTGAGACTCTGTCTCTACAAATAATCAA,c4583d6b84dd00c330772e3e1a9376f5477e3e6fb2671d7732b571a57958aa61,-0.0825256020530292,TAGATCGCGCCACTGCACTCCAGCCTGGGCAACAGAGCGAGACTCCATCTCAAAAAAAAAAAAAACCTAGCCCACGGGTACAGTGGCTCACGCCTGTAATCCCAGCACATTGAGAGGCCAAGACAGGAGGATCACTTGAGCCTAGGAGTTTGAGATCAGCCCAGGCAATATGGTGAGATTCTGTCTCTACAAATAATCAA,cf214899d7c54eb7650c926851ec19b9cb489f3b822e681b5fe31741d06440c1,-0.12193461993167,TAGATCGCGCCACTGCACTCCAGCCTGGGCAACAGAGCGAGACTCCATCTCAAAAAAAAAAAAAACCTAGCCCACGGGTACAGTGGCTCACGCCTGTAACCCCAGCACATTGAGAGGCCAAGACAGGAGGATCACTTGAGCCTAGGAGTTTGAGATCAGCCCAGGCAATATGGTGAGATTCTGTCTCTACAAATAATCAA,79332627329ddf4eb9f5512489bd1050aea1d6efd87e951b0f9bd52ac6836935,-0.180739214573509,-0.0237210074111902,0.410995224926582,-97.37036895938218,-100.87566818203776,-99.42629985231906,-102.85861146915704,-0.07298760581761599,1.0,-0.0237210074111902,0.0,4,0.17610886461288527,0.17620727786206916,0.145609630836647,0.10702149060554605,1.0
chr19:18297608:A:T;chr19:18297656:A:T;var1;middle;OL28|K562|7c91e8349f5b0560,chr19:18297608:A:T;chr19:18297656:A:T;var1;middle;OL28,K562,K562_region_01105,100,148,48,TGCAAGTGTGTTTAACTCAAAATTCTCAATATCAATATGCCAAAGTTGTATGCTGGTATGTTATGGGTGACATGTCCTGAACACTATCAACAGAAACATACAAAAATTACTGCCAGGTATCAAAAGCTGCTCTTCCTGGGAAGCAATAAAGTATCTTTTGTTTTTCTGTTTTTGAGACAGAGCCTGGCTCTGTCGCCCAG,05758fcd6211252735e3b17f4f45d5e2f889e9803e0859f63e7b6c2543adb38f,0.0,TGCAAGTGTGTTTAACTCAAAATTCTCAATATCAATATGCCAAAGTTGTATGCTGGTATGTTATGGGTGACATGTCCTGAACACTATCAACAGAAACATTCAAAAATTACTGCCAGGTATCAAAAGCTGCTCTTCCTGGGAAGCAATAAAGTATCTTTTGTTTTTCTGTTTTTGAGACAGAGCCTGGCTCTGTCGCCCAG,6341804a87598bf75ed1a2d0d6308a63345816b853f19f47219dfd9caf7666e6,-0.168555582857767,TGCAAGTGTGTTTAACTCAAAATTCTCAATATCAATATGCCAAAGTTGTATGCTGGTATGTTATGGGTGACATGTCCTGAACACTATCAACAGAAACATACAAAAATTACTGCCAGGTATCAAAAGCTGCTCTTCCTGGGAAGCAATTAAGTATCTTTTGTTTTTCTGTTTTTGAGACAGAGCCTGGCTCTGTCGCCCAG,1fba486d475cdd06818999d7cfa7e43cd0451e8ee5a54b2643be1f5cc533beb6,-0.0269021249908462,TGCAAGTGTGTTTAACTCAAAATTCTCAATATCAATATGCCAAAGTTGTATGCTGGTATGTTATGGGTGACATGTCCTGAACACTATCAACAGAAACATTCAAAAATTACTGCCAGGTATCAAAAGCTGCTCTTCCTGGGAAGCAATTAAGTATCTTTTGTTTTTCTGTTTTTGAGACAGAGCCTGGCTCTGTCGCCCAG,7c91e8349f5b05608aea91826dfe391818369c7cb7383d7a3a33adcb0094738c,-0.0064820314755956,0.1889756763730176,0.173829042895823,-252.4537415988744,-251.2255451846868,-262.02678109519184,-263.95703979209065,-3.1584551110864254,-1.0,-0.1889756763730176,0.0,2,0.1705955023614833,0.17490732828716207,0.146091925319964,0.0810613929313095,1.0
chr19:18402117:G:A;chr19:18402142:C:G;var1;middle;OL41|K562|879c09719a542198,chr19:18402117:G:A;chr19:18402142:C:G;var1;middle;OL41,K562,K562_region_01106,100,125,25,CAAGAAAGGCTTCAGTATGTGGAAGGCAGATTCGAAGCCAGTTGGCCCTGCACATCGTGGGCTGCATTTCTGCACCAAGACTGGGGGTTCCTGGAGCGAGCTTAGGGGTCCGGACTGGTGCAGACGGGGCGCTGGACCTGGCCCCCAGCCAGCGGAAGGGATCTGGGCCCCAGATGGGGAGTAGATGGAACTGGAGGCAA,da59a7483d40db3fe7f40671c0bf6a36be07c44e8349107fae230ce8731523e1,0.0,CAAGAAAGGCTTCAGTATGTGGAAGGCAGATTCGAAGCCAGTTGGCCCTGCACATCGTGGGCTGCATTTCTGCACCAAGACTGGGGGTTCCTGGAGCGAACTTAGGGGTCCGGACTGGTGCAGACGGGGCGCTGGACCTGGCCCCCAGCCAGCGGAAGGGATCTGGGCCCCAGATGGGGAGTAGATGGAACTGGAGGCAA,543f206af3ac61e98e17a77e0d34af3b35bed56a10958d33bab75f9927bd9211,0.0624749300391765,CAAGAAAGGCTTCAGTATGTGGAAGGCAGATTCGAAGCCAGTTGGCCCTGCACATCGTGGGCTGCATTTCTGCACCAAGACTGGGGGTTCCTGGAGCGAGCTTAGGGGTCCGGACTGGTGCAGAGGGGGCGCTGGACCTGGCCCCCAGCCAGCGGAAGGGATCTGGGCCCCAGATGGGGAGTAGATGGAACTGGAGGCAA,428ecf83df20aa7b9e9a28d8198d5faf724b6367059c15334f5c0bae9fcc1af2,0.152887968167056,CAAGAAAGGCTTCAGTATGTGGAAGGCAGATTCGAAGCCAGTTGGCCCTGCACATCGTGGGCTGCATTTCTGCACCAAGACTGGGGGTTCCTGGAGCGAACTTAGGGGTCCGGACTGGTGCAGAGGGGGCGCTGGACCTGGCCCCCAGCCAGCGGAAGGGATCTGGGCCCCAGATGGGGAGTAGATGGAACTGGAGGCAA,879c09719a542198985ce636cd45a3c736cb352925475c4fb59e6269de447d9f,0.383516938478541,-0.1681540402723085,0.350125307573396,-332.4263245156035,-307.2141857314855,-326.9392558853142,-311.18197788111866,9.454860779922456,1.0,-0.1681540402723085,0.0,1,0.1919849119913215,0.18216460459877223,0.1501433469024087,0.17538965674277518,1.0
chr19:18457026:T:C;chr19:18457045:G:A;var1;middle;OL41|K562|04ab8d3aae4e858c,chr19:18457026:T:C;chr19:18457045:G:A;var1;middle;OL41,K562,K562_region_01107,100,119,19,CTCCCGATGTAAACCTCTGCAGACTTTTTTGCGCCAGTAGGTGAATTTTGCCTGTTCCAGAAGTTGGCAGGAACAAGCAGCTTCCAGGTGCCACACCTCTGCGAGAACCGCCCCTGGAGTTGCTGCTTGGTTCCTTCCTGTCCTGGATTTGCCTGTTAGAAAGGTGTCACTGCTGGATGGGTTGAATCCATTCCTCCAAA,c81491c988c52dd13fcb9d3bc731475ffb897764d28467d34f899091a8c063c1,0.0,CTCCCGATGTAAACCTCTGCAGACTTTTTTGCGCCAGTAGGTGAATTTTGCCTGTTCCAGAAGTTGGCAGGAACAAGCAGCTTCCAGGTGCCACACCTCCGCGAGAACCGCCCCTGGAGTTGCTGCTTGGTTCCTTCCTGTCCTGGATTTGCCTGTTAGAAAGGTGTCACTGCTGGATGGGTTGAATCCATTCCTCCAAA,7563c34ba90881175334a97a2fa8473ab3f223768b89b3367fcd033a9a7cf616,0.0434057655511814,CTCCCGATGTAAACCTCTGCAGACTTTTTTGCGCCAGTAGGTGAATTTTGCCTGTTCCAGAAGTTGGCAGGAACAAGCAGCTTCCAGGTGCCACACCTCTGCGAGAACCGCCCCTGGAATTGCTGCTTGGTTCCTTCCTGTCCTGGATTTGCCTGTTAGAAAGGTGTCACTGCTGGATGGGTTGAATCCATTCCTCCAAA,b374e5ab55701faf029fbb53f61f9cd80f069dd440209663de79866547ff8d85,-0.760204162731277,CTCCCGATGTAAACCTCTGCAGACTTTTTTGCGCCAGTAGGTGAATTTTGCCTGTTCCAGAAGTTGGCAGGAACAAGCAGCTTCCAGGTGCCACACCTCCGCGAGAACCGCCCCTGGAATTGCTGCTTGGTTCCTTCCTGTCCTGGATTTGCCTGTTAGAAAGGTGTCACTGCTGGATGGGTTGAATCCATTCCTCCAAA,04ab8d3aae4e858c18cc3d2e7506686c00becbb7ff25109b42332afc60567010,-0.37336347963807,0.3434349175420256,0.196664347780665,-432.2367311650305,-397.90320091869216,-395.61277816598886,-356.43087853922043,4.848369380430086,-1.0,-0.3434349175420256,0.0,4,0.18220845016250953,0.17620727786206916,0.145609630836647,0.08652026214365084,1.0
chr19:18811966:A:G;chr19:18812024:A:G;var1;middle;OL29|K562|566a9a43ecf3a891,chr19:18811966:A:G;chr19:18812024:A:G;var1;middle;OL29,K562,K562_region_01108,100,158,58,TTTATGGTCCCAACAGCCTATCTTTGCGCCCAGGCGGCCTCGGCCTCTGTTCGGCAAGGAGCCCGCTAATCCCTTCACTGCCGGCTCAGCCGGGGCAGAAGGAGGAGCCTGAAGGTCCACCATGGGGTGGAGGCTGCCTGCTCGCGGGCCCGCCCCCAGAGCCCGGGGCTCATCACGCTGCTCTATGCGCCTCTGTTGGC,4bfcb79959cf187e88c35712926341f4856ddddcdc3c4de2f146adbf127b6bcb,0.0,TTTATGGTCCCAACAGCCTATCTTTGCGCCCAGGCGGCCTCGGCCTCTGTTCGGCAAGGAGCCCGCTAATCCCTTCACTGCCGGCTCAGCCGGGGCAGAGGGAGGAGCCTGAAGGTCCACCATGGGGTGGAGGCTGCCTGCTCGCGGGCCCGCCCCCAGAGCCCGGGGCTCATCACGCTGCTCTATGCGCCTCTGTTGGC,06541e4122e2c8bb7936954ea53b037d9940faadde5f04c3291153b617bfa56f,0.113317479724169,TTTATGGTCCCAACAGCCTATCTTTGCGCCCAGGCGGCCTCGGCCTCTGTTCGGCAAGGAGCCCGCTAATCCCTTCACTGCCGGCTCAGCCGGGGCAGAAGGAGGAGCCTGAAGGTCCACCATGGGGTGGAGGCTGCCTGCTCGCGGGCCCGCCCCCGGAGCCCGGGGCTCATCACGCTGCTCTATGCGCCTCTGTTGGC,f6f4a87ff8cf3c8470e759441e4bc896e7ca77d2f8a45287cc88226d1c3f80d3,-0.184353684120125,TTTATGGTCCCAACAGCCTATCTTTGCGCCCAGGCGGCCTCGGCCTCTGTTCGGCAAGGAGCCCGCTAATCCCTTCACTGCCGGCTCAGCCGGGGCAGAGGGAGGAGCCTGAAGGTCCACCATGGGGTGGAGGCTGCCTGCTCGCGGGCCCGCCCCCGGAGCCCGGGGCTCATCACGCTGCTCTATGCGCCTCTGTTGGC,566a9a43ecf3a891da974d9eeffe7355aa054eb189aadab7cd405cb78a125046,-0.0919671252873395,-0.0209309208913834,0.106691320019834,-345.3830981907668,-312.5074586851988,-403.3054030365311,-338.9264051904902,31.503358340472857,-1.0,0.0209309208913834,0.0,0,0.2262386021961377,0.18565657667894103,0.15145376406925343,0.3103202091102678,1.0
chr19:18988666:T:C;chr19:18988699:T:C;var1;middle;OL41|K562|5fc3343c6aafef5c,chr19:18988666:T:C;chr19:18988699:T:C;var1;middle;OL41,K562,K562_region_01109,100,133,33,AAAAAAAAAAAAAAAAAGAATTCTTGACTCATGCTCAAAGGACAGCGCAATCTAACACCCTCAAAAGGAGGCTCCTAACGCCGCATCTGCCAGAACCCATGTGACCCTCTGCCCCAATCCCATCTCAGTCAATACCAGCTCGAGCCAAAAGTCTTGAGTCGTCTTTGATTCTTTTATTTCTGTTTCATCTACACCCAAGG,71985cb9adeca3c7630ce2a0d25bcf084489b893f84d60b005cd708d387a3755,0.0,AAAAAAAAAAAAAAAAAGAATTCTTGACTCATGCTCAAAGGACAGCGCAATCTAACACCCTCAAAAGGAGGCTCCTAACGCCGCATCTGCCAGAACCCACGTGACCCTCTGCCCCAATCCCATCTCAGTCAATACCAGCTCGAGCCAAAAGTCTTGAGTCGTCTTTGATTCTTTTATTTCTGTTTCATCTACACCCAAGG,94f8f257282ee377847788537f969818c0634795080e05f2234e0856ec5075b0,1.28092599277098,AAAAAAAAAAAAAAAAAGAATTCTTGACTCATGCTCAAAGGACAGCGCAATCTAACACCCTCAAAAGGAGGCTCCTAACGCCGCATCTGCCAGAACCCATGTGACCCTCTGCCCCAATCCCATCTCAGTCAACACCAGCTCGAGCCAAAAGTCTTGAGTCGTCTTTGATTCTTTTATTTCTGTTTCATCTACACCCAAGG,553981494caf3eaae1239cc0d457b738142265b786135011249fc315e4027b24,0.571915751456311,AAAAAAAAAAAAAAAAAGAATTCTTGACTCATGCTCAAAGGACAGCGCAATCTAACACCCTCAAAAGGAGGCTCCTAACGCCGCATCTGCCAGAACCCACGTGACCCTCTGCCCCAATCCCATCTCAGTCAACACCAGCTCGAGCCAAAAGTCTTGAGTCGTCTTTGATTCTTTTATTTCTGTTTCATCTACACCCAAGG,5fc3343c6aafef5cc6d5f145e8444c4ea5047921d7027c31edb8e3ddd31c2f85,1.80342025738022,0.049421486847071,0.207936313197501,-312.6329731140286,-314.03245014185086,-313.095102195628,-313.2001207633876,-1.2944584600626854,1.0,0.049421486847071,0.0,1,0.181048126026243,0.18216460459877223,0.1501433469024087,0.28609953633623986,1.0
chr19:18989270:A:G;chr19:18989320:T:C;var1;middle;OL41|K562|72007532fd15cd8f,chr19:18989270:A:G;chr19:18989320:T:C;var1;middle;OL41,K562,K562_region_01110,100,150,50,CGTGGGCTATCTCCTTCCCCAGGACTCCCACCTGGGCTGGACTGAGTCTGAGCTCCCAGCCCCAGCTCCTGTTTGGCCGGGCAGTGGGCTCCCCTGTCAAACTCAGAGGCCAGGATGTCTCGGCCCAGATGGAGCCTGGGTTCTCTCTGTGGCCCTTGGCGTTCCTTCCTCCCCAGCCCCACTGCCACCAGCTCCAGTGG,d6c244776cbc74a8509de18cdc7f3a8a87e3028ceb443d4c690449a403e24891,0.0,CGTGGGCTATCTCCTTCCCCAGGACTCCCACCTGGGCTGGACTGAGTCTGAGCTCCCAGCCCCAGCTCCTGTTTGGCCGGGCAGTGGGCTCCCCTGTCAGACTCAGAGGCCAGGATGTCTCGGCCCAGATGGAGCCTGGGTTCTCTCTGTGGCCCTTGGCGTTCCTTCCTCCCCAGCCCCACTGCCACCAGCTCCAGTGG,d73826ed33bd82d9fd99d41c0025a68cf76fa4efb782d3a2d99f8fd564f8b734,0.40581466869729,CGTGGGCTATCTCCTTCCCCAGGACTCCCACCTGGGCTGGACTGAGTCTGAGCTCCCAGCCCCAGCTCCTGTTTGGCCGGGCAGTGGGCTCCCCTGTCAAACTCAGAGGCCAGGATGTCTCGGCCCAGATGGAGCCTGGGTTCTCTCTGCGGCCCTTGGCGTTCCTTCCTCCCCAGCCCCACTGCCACCAGCTCCAGTGG,cc4d877808d551b909518bd6ba49427e893a0005982ed406359a0e67aa2f7d42,-0.0212234406736452,CGTGGGCTATCTCCTTCCCCAGGACTCCCACCTGGGCTGGACTGAGTCTGAGCTCCCAGCCCCAGCTCCTGTTTGGCCGGGCAGTGGGCTCCCCTGTCAGACTCAGAGGCCAGGATGTCTCGGCCCAGATGGAGCCTGGGTTCTCTCTGCGGCCCTTGGCGTTCCTTCCTCCCCAGCCCCACTGCCACCAGCTCCAGTGG,72007532fd15cd8f6c7e51b31676e715e64d3f1c9bde4052102a7252661cef1f,0.801412640793365,0.4168214127697202,0.498400097879165,-215.2128721103072,-211.0090292170644,-218.8466839119792,-214.76664116978645,-0.12380015105006237,-1.0,-0.4168214127697202,0.0,1,0.18223920046343028,0.18216460459877223,0.1501433469024087,0.27400704173806545,1.0
chr19:19380513:A:G;chr19:19380516:A:G;var1;middle;OL31|K562|9343e80f4f9b8454,chr19:19380513:A:G;chr19:19380516:A:G;var1;middle;OL31,K562,K562_region_01111,100,103,3,GAGGATCCAATGGGGGTGCTTCTAGGTGCAGGGCAGTGACCAAGCCCAAGAGAACCTGGATTTCCCAAAGCCTTGTCCTTACCAAGAATGTTTCCTGTAAGGAACACCAGGATGCTCATGGCGAAGGAACCCAGCCAGTAGAGTCCAAAATTCCGGTATCTCTTCCTGAGCAGGGGATGGAGGGGTGACCAGCAGGTAGT,1a617f252b90a8593e89cc40226cf62798b767db8c1ba40021c2731de4b45ca9,0.0,GAGGATCCAATGGGGGTGCTTCTAGGTGCAGGGCAGTGACCAAGCCCAAGAGAACCTGGATTTCCCAAAGCCTTGTCCTTACCAAGAATGTTTCCTGTAGGGAACACCAGGATGCTCATGGCGAAGGAACCCAGCCAGTAGAGTCCAAAATTCCGGTATCTCTTCCTGAGCAGGGGATGGAGGGGTGACCAGCAGGTAGT,fb41299d62a7600712159c93d28065efc1db11eb59fb9a845cc79462ed57d7b0,0.362041980095355,GAGGATCCAATGGGGGTGCTTCTAGGTGCAGGGCAGTGACCAAGCCCAAGAGAACCTGGATTTCCCAAAGCCTTGTCCTTACCAAGAATGTTTCCTGTAAGGGACACCAGGATGCTCATGGCGAAGGAACCCAGCCAGTAGAGTCCAAAATTCCGGTATCTCTTCCTGAGCAGGGGATGGAGGGGTGACCAGCAGGTAGT,72f14692f54f85f64cd1ca4569cd7decf9dd93cac6a0a4ec94cc0b2e28f150e0,0.258178279399981,GAGGATCCAATGGGGGTGCTTCTAGGTGCAGGGCAGTGACCAAGCCCAAGAGAACCTGGATTTCCCAAAGCCTTGTCCTTACCAAGAATGTTTCCTGTAGGGGACACCAGGATGCTCATGGCGAAGGAACCCAGCCAGTAGAGTCCAAAATTCCGGTATCTCTTCCTGAGCAGGGGATGGAGGGGTGACCAGCAGGTAGT,9343e80f4f9b845482021474c98f038319119ecbf250855b3595544cdd339021,0.325499947459894,0.2947203120354419,0.332146696267592,-230.0243046581745,-232.0367190539837,-231.12476278282705,-234.7124256417156,1.5752484630793901,1.0,0.2947203120354419,0.0,4,0.1781517070517304,0.17620727786206916,0.145609630836647,0.2690693101921508,1.0
chr19:1986414:G:A;chr19:1986455:A:G;var1;middle;OL41|K562|9146c7b4096bc1ec,chr19:1986414:G:A;chr19:1986455:A:G;var1;middle;OL41,K562,K562_region_01041,100,141,41,TGGTGAACACAGGGCAACCCCGTCCTGATGCTGAGAAAGGTGGCATGGAGTGGACAGACGGCCTGGGGGACACTGGGCCTGGCACCGCGTGGTGGGGGGGCCCCAGCAGCAGATGATGGCCTGGGGCTGCGGCTATCCCCACGGAGGGAGGGCGGTGTCGGTGTCGGGCAGCCTAGGTGTAGAAGATGACCTCGGGGATC,e249d57b4ee81b14676db492421a5f5024b8461b09076422f4f04b4d02d7a232,0.0,TGGTGAACACAGGGCAACCCCGTCCTGATGCTGAGAAAGGTGGCATGGAGTGGACAGACGGCCTGGGGGACACTGGGCCTGGCACCGCGTGGTGGGGGGACCCCAGCAGCAGATGATGGCCTGGGGCTGCGGCTATCCCCACGGAGGGAGGGCGGTGTCGGTGTCGGGCAGCCTAGGTGTAGAAGATGACCTCGGGGATC,bdb59744acae6a5ee08dd6214308a9484ef6b884b32b00990896a805b61595f3,0.0540943663555736,TGGTGAACACAGGGCAACCCCGTCCTGATGCTGAGAAAGGTGGCATGGAGTGGACAGACGGCCTGGGGGACACTGGGCCTGGCACCGCGTGGTGGGGGGGCCCCAGCAGCAGATGATGGCCTGGGGCTGCGGCTATCCCCGCGGAGGGAGGGCGGTGTCGGTGTCGGGCAGCCTAGGTGTAGAAGATGACCTCGGGGATC,8b7e808156b7938287d4dc7f3c906ab034d3776fd9caf60ca9833b2dccd306bf,-0.0846764287456945,TGGTGAACACAGGGCAACCCCGTCCTGATGCTGAGAAAGGTGGCATGGAGTGGACAGACGGCCTGGGGGACACTGGGCCTGGCACCGCGTGGTGGGGGGACCCCAGCAGCAGATGATGGCCTGGGGCTGCGGCTATCCCCGCGGAGGGAGGGCGGTGTCGGTGTCGGGCAGCCTAGGTGTAGAAGATGACCTCGGGGATC,9146c7b4096bc1ec915847a996b9276d38ee1e63e907cc8395f00ac53b1a0dc5,0.302243808194661,0.3328258705847819,0.34160895051614,-248.6274153962732,-246.815015681088,-250.83352902531624,-249.1028210148216,-0.08169170469057008,-1.0,-0.3328258705847819,0.0,3,0.18130845348782065,0.18106719778262317,0.1474303780702046,0.007687816427935118,1.0
chr19:1986455:A:G;chr19:1986520:G:A;var1;middle;OL41|K562|9d5cb2faeef79de8,chr19:1986455:A:G;chr19:1986520:G:A;var1;middle;OL41,K562,K562_region_01041,100,165,65,GGCATGGAGTGGACAGACGGCCTGGGGGACACTGGGCCTGGCACCGCGTGGTGGGGGGGCCCCAGCAGCAGATGATGGCCTGGGGCTGCGGCTATCCCCACGGAGGGAGGGCGGTGTCGGTGTCGGGCAGCCTAGGTGTAGAAGATGACCTCGGGGATCTGGCCGTCCTCCACGGATGTGCCATTGTTGTTCCCGGCCGC,0b10ca994cdeaa6502ac3c31f074f9f20b0a962cdce3412a0906f815f1f5e79d,0.0,GGCATGGAGTGGACAGACGGCCTGGGGGACACTGGGCCTGGCACCGCGTGGTGGGGGGGCCCCAGCAGCAGATGATGGCCTGGGGCTGCGGCTATCCCCGCGGAGGGAGGGCGGTGTCGGTGTCGGGCAGCCTAGGTGTAGAAGATGACCTCGGGGATCTGGCCGTCCTCCACGGATGTGCCATTGTTGTTCCCGGCCGC,8851024be60c9376f378ec69fe2038587476c83156ed717cad4db41d380ad821,0.241975271950133,GGCATGGAGTGGACAGACGGCCTGGGGGACACTGGGCCTGGCACCGCGTGGTGGGGGGGCCCCAGCAGCAGATGATGGCCTGGGGCTGCGGCTATCCCCACGGAGGGAGGGCGGTGTCGGTGTCGGGCAGCCTAGGTGTAGAAGATGACCTCGGGGATCTGGCCATCCTCCACGGATGTGCCATTGTTGTTCCCGGCCGC,306ba2af94931340ee6e72f3e6cd640b62af737a4cf686b5fe694ecdcad30471,-0.118240755167097,GGCATGGAGTGGACAGACGGCCTGGGGGACACTGGGCCTGGCACCGCGTGGTGGGGGGGCCCCAGCAGCAGATGATGGCCTGGGGCTGCGGCTATCCCCGCGGAGGGAGGGCGGTGTCGGTGTCGGGCAGCCTAGGTGTAGAAGATGACCTCGGGGATCTGGCCATCCTCCACGGATGTGCCATTGTTGTTCCCGGCCGC,9d5cb2faeef79de8e7c0a627bd6879818db41d1ae9678daec549a63f051e2733,-0.184823813838582,0.3085583306216179,0.27137320927573,-311.9428381372709,-316.30823107110336,-304.4360157754272,-311.89525871165097,3.093850002391264,1.0,0.3085583306216179,0.0,3,0.18770458326858086,0.18106719778262317,0.1474303780702046,0.10533013247620068,1.0
chr19:20844392:A:G;chr19:20844477:C:T;var1;middle;OL41|K562|5dd9bbb2b4a215d2,chr19:20844392:A:G;chr19:20844477:C:T;var1;middle;OL41,K562,K562_region_01112,100,185,85,TCCCAATACCTGCAGGACACGGGGCCACACAGCCTGGGCCTTTAGGAGAAGAACCAGACCTGGAGCTCTGACTGCAGCGAGAGACAAAGGCCGCACCAAACCCGGAAACCGTCCTCTTCGCTCCAGCTGCGTTCCTGATTGGATGGTTTCCAGCCCACCATCCCTGATTGGATAATGCTTAAGGCCCCGCCCCCTGAGGC,3903535934d614b5f155df59d0b7327d49287df51ca29494fc2621f3fd1b4e99,0.0,TCCCAATACCTGCAGGACACGGGGCCACACAGCCTGGGCCTTTAGGAGAAGAACCAGACCTGGAGCTCTGACTGCAGCGAGAGACAAAGGCCGCACCAAGCCCGGAAACCGTCCTCTTCGCTCCAGCTGCGTTCCTGATTGGATGGTTTCCAGCCCACCATCCCTGATTGGATAATGCTTAAGGCCCCGCCCCCTGAGGC,02790a0dba70988dabf739fb27ae35ccd5d393cc4b600f022c68a2aa2743dbe4,-0.170272905634896,TCCCAATACCTGCAGGACACGGGGCCACACAGCCTGGGCCTTTAGGAGAAGAACCAGACCTGGAGCTCTGACTGCAGCGAGAGACAAAGGCCGCACCAAACCCGGAAACCGTCCTCTTCGCTCCAGCTGCGTTCCTGATTGGATGGTTTCCAGCCCACCATCCCTGATTGGATAATGCTTAAGGTCCCGCCCCCTGAGGC,cff3ce9ca294ee2b56b4ce2f8ffa41442b4454dacb26e1971bd5d6bf34eaf383,0.125908905714369,TCCCAATACCTGCAGGACACGGGGCCACACAGCCTGGGCCTTTAGGAGAAGAACCAGACCTGGAGCTCTGACTGCAGCGAGAGACAAAGGCCGCACCAAGCCCGGAAACCGTCCTCTTCGCTCCAGCTGCGTTCCTGATTGGATGGTTTCCAGCCCACCATCCCTGATTGGATAATGCTTAAGGTCCCGCCCCCTGAGGC,5dd9bbb2b4a215d2c4479e6d993967347af05451ea6a926bbb07e2517c49cf18,-0.144576886697972,-0.100212886777445,0.171463406199875,-296.4996378631331,-301.0564969899133,-313.06550335045904,-315.6583908936009,1.9639715836383402,-1.0,0.100212886777445,0.0,4,0.17863349488699448,0.17620727786206916,0.145609630836647,0.23784544537817268,1.0
chr19:20844477:C:T;chr19:20844531:T:A;var1;middle;OL41|K562|86b431447d1b5de1,chr19:20844477:C:T;chr19:20844531:T:A;var1;middle;OL41,K562,K562_region_01112,100,154,54,AAAGGCCGCACCAAACCCGGAAACCGTCCTCTTCGCTCCAGCTGCGTTCCTGATTGGATGGTTTCCAGCCCACCATCCCTGATTGGATAATGCTTAAGGCCCCGCCCCCTGAGGCCCTGAGTGACAGTAGATGTGATCAGACGCTGAGCTGAGTGAAGAAAGAGTGACAGCCTAAGCTGCAGCCTTTTCAGGCAGGGCTT,36c16786dc70aea267daa659058f283ea24589f68ed61a7fc159fa94cf5f8bd3,0.0,AAAGGCCGCACCAAACCCGGAAACCGTCCTCTTCGCTCCAGCTGCGTTCCTGATTGGATGGTTTCCAGCCCACCATCCCTGATTGGATAATGCTTAAGGTCCCGCCCCCTGAGGCCCTGAGTGACAGTAGATGTGATCAGACGCTGAGCTGAGTGAAGAAAGAGTGACAGCCTAAGCTGCAGCCTTTTCAGGCAGGGCTT,988dddd35815b7734a6d1422d45a3f519644156e701166c5b49d4bf77c37ac83,0.161952779935902,AAAGGCCGCACCAAACCCGGAAACCGTCCTCTTCGCTCCAGCTGCGTTCCTGATTGGATGGTTTCCAGCCCACCATCCCTGATTGGATAATGCTTAAGGCCCCGCCCCCTGAGGCCCTGAGTGACAGTAGATGTGATCAGACGCTGAGCTGAGAGAAGAAAGAGTGACAGCCTAAGCTGCAGCCTTTTCAGGCAGGGCTT,bba77aa896dc5e33f8c9d55d73261cf382f574dcd12049845b8e442707d823c7,-0.0415446446031603,AAAGGCCGCACCAAACCCGGAAACCGTCCTCTTCGCTCCAGCTGCGTTCCTGATTGGATGGTTTCCAGCCCACCATCCCTGATTGGATAATGCTTAAGGTCCCGCCCCCTGAGGCCCTGAGTGACAGTAGATGTGATCAGACGCTGAGCTGAGAGAAGAAAGAGTGACAGCCTAAGCTGCAGCCTTTTCAGGCAGGGCTT,86b431447d1b5de15a81354ba564fe746f1f2071d2a8da589eb026f5c5e2693b,0.113688540338302,-0.0067195949944397,0.166095147867955,-230.5739752259105,-234.19235864607617,-230.8036655448377,-235.2139561441727,-0.7919071791693,-1.0,0.0067195949944397,0.0,4,0.17521782755680262,0.17620727786206916,0.145609630836647,0.20508631234965288,1.0
chr19:20844531:T:A;chr19:20844599:C:A;var1;middle;OL41|K562|11919d745a71f149,chr19:20844531:T:A;chr19:20844599:C:A;var1;middle;OL41,K562,K562_region_01112,100,168,68,TGGATGGTTTCCAGCCCACCATCCCTGATTGGATAATGCTTAAGGCCCCGCCCCCTGAGGCCCTGAGTGACAGTAGATGTGATCAGACGCTGAGCTGAGTGAAGAAAGAGTGACAGCCTAAGCTGCAGCCTTTTCAGGCAGGGCTTCCTTCCTGAGCTGAGCCAGGCCCACCCCAGAGCATGGGAGAATTCTATCTTTTC,507ad8e153c98462102eda6aa6941d72311bc9daf8e0edc3050e5f1f68c53651,0.0,TGGATGGTTTCCAGCCCACCATCCCTGATTGGATAATGCTTAAGGCCCCGCCCCCTGAGGCCCTGAGTGACAGTAGATGTGATCAGACGCTGAGCTGAGAGAAGAAAGAGTGACAGCCTAAGCTGCAGCCTTTTCAGGCAGGGCTTCCTTCCTGAGCTGAGCCAGGCCCACCCCAGAGCATGGGAGAATTCTATCTTTTC,b7a49e1d13d9f567098f65b06f478a7c9fa27d0ec54c71c8ceb880f139fab2c8,-0.103148140410026,TGGATGGTTTCCAGCCCACCATCCCTGATTGGATAATGCTTAAGGCCCCGCCCCCTGAGGCCCTGAGTGACAGTAGATGTGATCAGACGCTGAGCTGAGTGAAGAAAGAGTGACAGCCTAAGCTGCAGCCTTTTCAGGCAGGGCTTCCTTCCTGAGCTGAGCCAGGCACACCCCAGAGCATGGGAGAATTCTATCTTTTC,2514e0c95be186d76988d2192caf4d7297d2aa57884f321d6ebe96a10a83598d,-0.0152041031157892,TGGATGGTTTCCAGCCCACCATCCCTGATTGGATAATGCTTAAGGCCCCGCCCCCTGAGGCCCTGAGTGACAGTAGATGTGATCAGACGCTGAGCTGAGAGAAGAAAGAGTGACAGCCTAAGCTGCAGCCTTTTCAGGCAGGGCTTCCTTCCTGAGCTGAGCCAGGCACACCCCAGAGCATGGGAGAATTCTATCTTTTC,11919d745a71f149dc5eb54072bcbb96d5818b7ccd108afa61dcd7b26775a46a,-0.190300249999183,0.0719480064733678,0.180047391507145,-304.4430299620144,-303.844691685983,-308.79111200006446,-307.3999557127827,-0.7928180112503469,1.0,0.0719480064733678,0.0,4,0.1752166986612124,0.17620727786206916,0.145609630836647,0.1290832162932638,1.0
chr19:2100331:A:G;chr19:2100346:A:G;var1;middle;OL41|K562|e9647fbc1932b73e,chr19:2100331:A:G;chr19:2100346:A:G;var1;middle;OL41,K562,K562_region_01042,100,115,15,CCTCAGGCTCCCGTCACGGGAGGGGTGCACGGGCACATTTGCTGAGGTCAGGAACGGCGTGTGGGAAGGTCACCGAGTGCCTCCCAGGCTCCCTGGGACATGGGAGCCACACGCATGTTGGGGGAGAATGTGGTAGTGGCCACTGGGGACAGTGTCAGGAGTGATGGCGCTGGGTCCTGGCTGTGAAGGATGCTGCTTTC,275e192e2b0917eb47ef24c1bc446d999e3a605da7930c15a5511411a36320b2,0.0,CCTCAGGCTCCCGTCACGGGAGGGGTGCACGGGCACATTTGCTGAGGTCAGGAACGGCGTGTGGGAAGGTCACCGAGTGCCTCCCAGGCTCCCTGGGACGTGGGAGCCACACGCATGTTGGGGGAGAATGTGGTAGTGGCCACTGGGGACAGTGTCAGGAGTGATGGCGCTGGGTCCTGGCTGTGAAGGATGCTGCTTTC,11a25a292bbb404a92d87c89a8a1ca561a08d2ce569389b4b006f731c1111670,-0.0667318218497269,CCTCAGGCTCCCGTCACGGGAGGGGTGCACGGGCACATTTGCTGAGGTCAGGAACGGCGTGTGGGAAGGTCACCGAGTGCCTCCCAGGCTCCCTGGGACATGGGAGCCACACGCGTGTTGGGGGAGAATGTGGTAGTGGCCACTGGGGACAGTGTCAGGAGTGATGGCGCTGGGTCCTGGCTGTGAAGGATGCTGCTTTC,405179daf93dff02b4a6dc025c675e36c5960b43c4bcd3e941aaf60ed46870c7,-0.0386757070175438,CCTCAGGCTCCCGTCACGGGAGGGGTGCACGGGCACATTTGCTGAGGTCAGGAACGGCGTGTGGGAAGGTCACCGAGTGCCTCCCAGGCTCCCTGGGACGTGGGAGCCACACGCGTGTTGGGGGAGAATGTGGTAGTGGCCACTGGGGACAGTGTCAGGAGTGATGGCGCTGGGTCCTGGCTGTGAAGGATGCTGCTTTC,e9647fbc1932b73edc6c08974a9e764fbccd7cce0e41b46b45564eb9a8774377,-0.144462999375844,0.0390554705085733,0.220307433711986,-318.6462372164242,-315.4223557813093,-321.84150589304045,-321.12396087357774,2.5063364156521857,1.0,0.0390554705085733,0.0,1,0.18491520626870478,0.18216460459877223,0.1501433469024087,-0.07093742014036519,1.0
chr19:21753035:C:G;chr19:21753089:A:C;var1;middle;OL41|K562|d8d707c294825acd,chr19:21753035:C:G;chr19:21753089:A:C;var1;middle;OL41,K562,K562_region_01113,100,154,54,TTTCTTGCAAATTGCAGCTCAGACCAGCCACATTCCAGGCTCCCAGGAGTCACACATGGTCAATACCTGTCACATTGAAGTGCAGCTCTGTTGTCAGGTCTGTGAAAGGCCTGAATATCCCTTTTCTTCCTGTTAGGAATAACGCTCAAAATCATAAGGAAATTGAACACTCGAACAAAGGATTCCTAGCAAAGCAATTT,2014b952e6e8fb78dde3ecf0c7cfac9e20fe440123cb42bbe42abc61971855cc,0.0,TTTCTTGCAAATTGCAGCTCAGACCAGCCACATTCCAGGCTCCCAGGAGTCACACATGGTCAATACCTGTCACATTGAAGTGCAGCTCTGTTGTCAGGTGTGTGAAAGGCCTGAATATCCCTTTTCTTCCTGTTAGGAATAACGCTCAAAATCATAAGGAAATTGAACACTCGAACAAAGGATTCCTAGCAAAGCAATTT,54f13af4c50f30d59cb46f1cd406c4fbd350f78b308fe5baaedf9cfa49d4bbaa,-0.223474738049426,TTTCTTGCAAATTGCAGCTCAGACCAGCCACATTCCAGGCTCCCAGGAGTCACACATGGTCAATACCTGTCACATTGAAGTGCAGCTCTGTTGTCAGGTCTGTGAAAGGCCTGAATATCCCTTTTCTTCCTGTTAGGAATAACGCTCAAAATCCTAAGGAAATTGAACACTCGAACAAAGGATTCCTAGCAAAGCAATTT,ccdc578c18d489c3e69c638a38e7f6348468f4efe650623e24807ab4e85fb29e,-0.224556311257354,TTTCTTGCAAATTGCAGCTCAGACCAGCCACATTCCAGGCTCCCAGGAGTCACACATGGTCAATACCTGTCACATTGAAGTGCAGCTCTGTTGTCAGGTGTGTGAAAGGCCTGAATATCCCTTTTCTTCCTGTTAGGAATAACGCTCAAAATCCTAAGGAAATTGAACACTCGAACAAAGGATTCCTAGCAAAGCAATTT,d8d707c294825acdc7eac92194ab87b958d58176bba4ba7921c771610ae91c1a,-0.383786742133761,-0.0642443071730189,0.326910587256786,-352.450905257836,-358.2741629527882,-306.1019311542623,-319.7774034393952,7.852214590180722,1.0,-0.0642443071730189,0.0,3,0.1972888118050227,0.18106719778262317,0.1474303780702046,0.1778525763167176,1.0
chr19:21778138:C:G;chr19:21778217:A:G;var1;middle;OL41|K562|6a27ec9aae86b57f,chr19:21778138:C:G;chr19:21778217:A:G;var1;middle;OL41,K562,K562_region_01114,100,179,79,GATATATCTCCGGGTTCACCAACCAGGTGGTGTGTCTCCCATACCTGGGCTTTTCTTGCAGAGATAATTGTGACAAATCGTTGTGCACAGCACCCAAGTCACGTGACTCTCCTCTCATATCAAGGCTCTGCCAACTAGGGTAATTGTGACATACAGCTGGGCCTAGCCCCTAGGTTCTATGACTCTTTTGATGATTCTGA,0f94404024c0fd984db4fe5e36d7b903996af42ee55cc9401e641af775630e51,0.0,GATATATCTCCGGGTTCACCAACCAGGTGGTGTGTCTCCCATACCTGGGCTTTTCTTGCAGAGATAATTGTGACAAATCGTTGTGCACAGCACCCAAGTGACGTGACTCTCCTCTCATATCAAGGCTCTGCCAACTAGGGTAATTGTGACATACAGCTGGGCCTAGCCCCTAGGTTCTATGACTCTTTTGATGATTCTGA,05ea799004389b058e58228161fbeb719d4395a905ca1d7e4cff0f2e33d88df6,-1.09312303897764,GATATATCTCCGGGTTCACCAACCAGGTGGTGTGTCTCCCATACCTGGGCTTTTCTTGCAGAGATAATTGTGACAAATCGTTGTGCACAGCACCCAAGTCACGTGACTCTCCTCTCATATCAAGGCTCTGCCAACTAGGGTAATTGTGACATACAGCTGGGCCTAGCCCCTAGGTTCTGTGACTCTTTTGATGATTCTGA,30797da764707b8bbad00447c81c53b1c5b044390f45ccdcac134b0513c7a4d4,0.248924628637174,GATATATCTCCGGGTTCACCAACCAGGTGGTGTGTCTCCCATACCTGGGCTTTTCTTGCAGAGATAATTGTGACAAATCGTTGTGCACAGCACCCAAGTGACGTGACTCTCCTCTCATATCAAGGCTCTGCCAACTAGGGTAATTGTGACATACAGCTGGGCCTAGCCCCTAGGTTCTGTGACTCTTTTGATGATTCTGA,6a27ec9aae86b57f04090520005820e2fa1d2e04a3709f755642b941e6cf0263,-0.922914904011676,-0.0787164936712099,0.19871527687373,-276.767042696476,-280.8066291809082,-275.8892449736595,-279.7110079526901,0.21782350540161133,-1.0,0.0787164936712099,0.0,0,0.18605582406308305,0.18565657667894103,0.15145376406925343,0.1737174834950995,1.0
chr19:21778217:A:G;chr19:21778255:T:G;var1;middle;OL41|K562|3cd0c831cfa43cf6,chr19:21778217:A:G;chr19:21778255:T:G;var1;middle;OL41,K562,K562_region_01114,100,138,38,GTTGTGCACAGCACCCAAGTCACGTGACTCTCCTCTCATATCAAGGCTCTGCCAACTAGGGTAATTGTGACATACAGCTGGGCCTAGCCCCTAGGTTCTATGACTCTTTTGATGATTCTGAGCCCTATCTACAGAGGTCATTGGGAAATATCTCTTGGCCCATCTACTAGGTAATGGAACTCACCTGCCTGGGCTCTTTT,132031a6e2fb0e862e6d55fac5a44d9d333a00340e30d4305f3169b901b3ef7d,0.0,GTTGTGCACAGCACCCAAGTCACGTGACTCTCCTCTCATATCAAGGCTCTGCCAACTAGGGTAATTGTGACATACAGCTGGGCCTAGCCCCTAGGTTCTGTGACTCTTTTGATGATTCTGAGCCCTATCTACAGAGGTCATTGGGAAATATCTCTTGGCCCATCTACTAGGTAATGGAACTCACCTGCCTGGGCTCTTTT,3725400c9f67f75cca529758848ad45daf44d76ca71958d6c380e59119ffd32c,0.246225196817776,GTTGTGCACAGCACCCAAGTCACGTGACTCTCCTCTCATATCAAGGCTCTGCCAACTAGGGTAATTGTGACATACAGCTGGGCCTAGCCCCTAGGTTCTATGACTCTTTTGATGATTCTGAGCCCTATCTACAGAGGGCATTGGGAAATATCTCTTGGCCCATCTACTAGGTAATGGAACTCACCTGCCTGGGCTCTTTT,779646ca1004749721a0165981c8b169f073dc4a17cdd8c7477f85018c43e6f9,-0.142400371360621,GTTGTGCACAGCACCCAAGTCACGTGACTCTCCTCTCATATCAAGGCTCTGCCAACTAGGGTAATTGTGACATACAGCTGGGCCTAGCCCCTAGGTTCTGTGACTCTTTTGATGATTCTGAGCCCTATCTACAGAGGGCATTGGGAAATATCTCTTGGCCCATCTACTAGGTAATGGAACTCACCTGCCTGGGCTCTTTT,3cd0c831cfa43cf65a7697164018241a25ef5ffb0510e10e9d85f8bc2bae7472,-0.109750275809363,-0.213575101266518,0.219298624830904,-356.57070497609675,-343.3043009415269,-331.1717646946199,-328.3832735745236,-10.477912914473563,-1.0,0.213575101266518,0.0,0,0.17231834424069284,0.18565657667894103,0.15145376406925343,0.30237522751028656,1.0
chr19:21782858:G:T;chr19:21782896:T:A;var1;middle;OL41|K562|554272ac78ec5a16,chr19:21782858:G:T;chr19:21782896:T:A;var1;middle;OL41,K562,K562_region_01115,100,138,38,ATGTAAATGGCAAGAAAAAGCGGTGGGGGGGAATGGGGTGGGTAGGTAACAGCAACAGCTGTGATTAAAGAAATCCCCCATCCTTTGTGTTTTCCAAGAGCATTTACTGCAAAGAAACATCTTTCCTGTTTTTGATATCACAAAGCCACAGACTCTAAATTCCCTTTTTTGGGGGTCTCATAAACAATTAAATAATAAGT,13de6f1e0a0147dcdccd40b4873afb6717089d30a3d08ded07702123b6de8bac,0.0,ATGTAAATGGCAAGAAAAAGCGGTGGGGGGGAATGGGGTGGGTAGGTAACAGCAACAGCTGTGATTAAAGAAATCCCCCATCCTTTGTGTTTTCCAAGATCATTTACTGCAAAGAAACATCTTTCCTGTTTTTGATATCACAAAGCCACAGACTCTAAATTCCCTTTTTTGGGGGTCTCATAAACAATTAAATAATAAGT,408eb784a3aafb5bdfce5c42bbb12cdba719aeb7ff0597a7381381038651989e,-0.349267797541639,ATGTAAATGGCAAGAAAAAGCGGTGGGGGGGAATGGGGTGGGTAGGTAACAGCAACAGCTGTGATTAAAGAAATCCCCCATCCTTTGTGTTTTCCAAGAGCATTTACTGCAAAGAAACATCTTTCCTGTTTTTGATAACACAAAGCCACAGACTCTAAATTCCCTTTTTTGGGGGTCTCATAAACAATTAAATAATAAGT,7db0fd126f536d54e81cdfad141c725ba92aa1b332a1460c16c6c1771893ee70,0.497501816281602,ATGTAAATGGCAAGAAAAAGCGGTGGGGGGGAATGGGGTGGGTAGGTAACAGCAACAGCTGTGATTAAAGAAATCCCCCATCCTTTGTGTTTTCCAAGATCATTTACTGCAAAGAAACATCTTTCCTGTTTTTGATAACACAAAGCCACAGACTCTAAATTCCCTTTTTTGGGGGTCTCATAAACAATTAAATAATAAGT,554272ac78ec5a1682d41b4c20ec13d6cd720629f5d1bc92c23ae667b3fa29d2,-0.288839696939093,-0.437073715679056,0.484065622736992,-284.3813506839797,-281.2285649762489,-283.9687781499233,-281.6508820904419,-0.8348896482493728,-1.0,0.437073715679056,0.0,2,0.17397880153986642,0.17490732828716207,0.146091925319964,0.22223995264882118,1.0
chr19:21950337:G:C;chr19:21950402:T:C;var1;middle;OL41|K562|a1414725af6d3d1c,chr19:21950337:G:C;chr19:21950402:T:C;var1;middle;OL41,K562,K562_region_01116,100,165,65,GCTTCTAGGGGGTCCTGGCGTCTTAGCTGTGGATCTCCCAATATCTGCAGGTCAGAGGGCCACACAGGCTAGGCCCCTAGGAGCAGAAGACACAGAGAAGTGAGAGCAAAACCTGGAGCTCCGGCTACAGCGAGAGACAAAGACCCCGCCAAACCCGGAAGCCGTCCAGTCCGCTCCAGCTGCATGCCTGATTGGACGGT,da27ac00bed8828c9c18791d0edd7989ffe81a9424ebb4f3e45a7eb7316395fd,0.0,GCTTCTAGGGGGTCCTGGCGTCTTAGCTGTGGATCTCCCAATATCTGCAGGTCAGAGGGCCACACAGGCTAGGCCCCTAGGAGCAGAAGACACAGAGAACTGAGAGCAAAACCTGGAGCTCCGGCTACAGCGAGAGACAAAGACCCCGCCAAACCCGGAAGCCGTCCAGTCCGCTCCAGCTGCATGCCTGATTGGACGGT,c8490e8336b37049bc902fb008ce1d07c58253d4f21951d764fdd97aae3ecc02,0.0215571809964392,GCTTCTAGGGGGTCCTGGCGTCTTAGCTGTGGATCTCCCAATATCTGCAGGTCAGAGGGCCACACAGGCTAGGCCCCTAGGAGCAGAAGACACAGAGAAGTGAGAGCAAAACCTGGAGCTCCGGCTACAGCGAGAGACAAAGACCCCGCCAAACCCGGAAGCCGCCCAGTCCGCTCCAGCTGCATGCCTGATTGGACGGT,01fdbc4db54f73bd9ec72351a25de7ddd75826719ba7b161019ad3bc0b746b0e,0.546169294069178,GCTTCTAGGGGGTCCTGGCGTCTTAGCTGTGGATCTCCCAATATCTGCAGGTCAGAGGGCCACACAGGCTAGGCCCCTAGGAGCAGAAGACACAGAGAACTGAGAGCAAAACCTGGAGCTCCGGCTACAGCGAGAGACAAAGACCCCGCCAAACCCGGAAGCCGCCCAGTCCGCTCCAGCTGCATGCCTGATTGGACGGT,a1414725af6d3d1c005df894f3673b84ee9afa36d7516af4d96024659864f6a4,0.808962280556399,-0.2412358054907817,0.177119282580712,-325.5486979400739,-330.107584701851,-355.61594890407287,-357.33224521018565,-2.842590455664322,1.0,-0.2412358054907817,0.0,1,0.17947299481062118,0.18216460459877223,0.1501433469024087,0.05970441436066974,1.0
chr19:2324384:A:G;chr19:2324458:G:A;var1;middle;OL41|K562|2298ff5b6df89814,chr19:2324384:A:G;chr19:2324458:G:A;var1;middle;OL41,K562,K562_region_01043,100,174,74,TAACTGCTCCAGGGATGGAGGACTGAGGGTAGGAGAGGGCTCCCGGGAGTGGCCGATGACAGCCGCCTCCAGAGTGATCTCCACCACAGGCAGCAGACCACGTCTGCGGGGGGCCAGATGGCAAACACTTCTGGCCGTGTGGGCCACAGGGTGCCGGTCACAGCTGCTGGCTCGGGCTGCCTGGGTGGAGGCAGCTTCGG,d3f3218c45e7a68cd900bb02d750b448a5f519452c22ec29a14d709db70fa112,0.0,TAACTGCTCCAGGGATGGAGGACTGAGGGTAGGAGAGGGCTCCCGGGAGTGGCCGATGACAGCCGCCTCCAGAGTGATCTCCACCACAGGCAGCAGACCGCGTCTGCGGGGGGCCAGATGGCAAACACTTCTGGCCGTGTGGGCCACAGGGTGCCGGTCACAGCTGCTGGCTCGGGCTGCCTGGGTGGAGGCAGCTTCGG,d19a14bb5f1c30615dc544111a1ec10c5e6e2f327672846934c13dc7fedccbf0,-0.149782305393518,TAACTGCTCCAGGGATGGAGGACTGAGGGTAGGAGAGGGCTCCCGGGAGTGGCCGATGACAGCCGCCTCCAGAGTGATCTCCACCACAGGCAGCAGACCACGTCTGCGGGGGGCCAGATGGCAAACACTTCTGGCCGTGTGGGCCACAGGGTGCCGGTCACAGCTGCTGGCTCAGGCTGCCTGGGTGGAGGCAGCTTCGG,1a882c8003e96c72c73c51e3a489da893c9a1a26f18493f434d2c811d78168ed,-0.183767868904892,TAACTGCTCCAGGGATGGAGGACTGAGGGTAGGAGAGGGCTCCCGGGAGTGGCCGATGACAGCCGCCTCCAGAGTGATCTCCACCACAGGCAGCAGACCGCGTCTGCGGGGGGCCAGATGGCAAACACTTCTGGCCGTGTGGGCCACAGGGTGCCGGTCACAGCTGCTGGCTCAGGCTGCCTGGGTGGAGGCAGCTTCGG,2298ff5b6df89814b808f9fc00ec474212e7a3209379296ca1f2bc210cd39c49,-0.0703119299930255,0.2632382443053845,0.37225239151789,-240.32074454426763,-243.8383919745684,-238.39236484467983,-242.27022299915552,-0.3602107241749479,-1.0,-0.2632382443053845,0.0,0,0.1853134036019072,0.18565657667894103,0.15145376406925343,0.1379946975503064,1.0
chr19:2326897:C:T;chr19:2326902:G:A;var1;middle;OL41|K562|b4a03fb264ad5f11,chr19:2326897:C:T;chr19:2326902:G:A;var1;middle;OL41,K562,K562_region_01044,100,105,5,ACTGGCCCGAATAACTGAATATGGACAAATGTCAGCTCAGCCTGCAGCACTGTAGGGGCAGACCACCACGGTGGAACAGAGTCCCGAGCTGGCAGCGTCCGGGAGCTGCAAGTGTCCCTAGCCAACACTGGCCAGAACGGGGACCCTGGCCCTGCAAAGGTAAGGCACTGAGCTCTGTCAATAACCAGTGGGCTCAGAAG,f339324dd853340251c2746a2422bd0048d821ad5ae65630c71f5873a5a15164,0.0,ACTGGCCCGAATAACTGAATATGGACAAATGTCAGCTCAGCCTGCAGCACTGTAGGGGCAGACCACCACGGTGGAACAGAGTCCCGAGCTGGCAGCGTCTGGGAGCTGCAAGTGTCCCTAGCCAACACTGGCCAGAACGGGGACCCTGGCCCTGCAAAGGTAAGGCACTGAGCTCTGTCAATAACCAGTGGGCTCAGAAG,f65596a1a86ce210b98b349d13dfaf8ea30699d964e29cf7d814167e4ef07015,-0.100680473971769,ACTGGCCCGAATAACTGAATATGGACAAATGTCAGCTCAGCCTGCAGCACTGTAGGGGCAGACCACCACGGTGGAACAGAGTCCCGAGCTGGCAGCGTCCGGGAACTGCAAGTGTCCCTAGCCAACACTGGCCAGAACGGGGACCCTGGCCCTGCAAAGGTAAGGCACTGAGCTCTGTCAATAACCAGTGGGCTCAGAAG,85f06659a568f8f616641ada24f3ec819862a03b6a323fcb1c9aa72735678747,0.0740763282125875,ACTGGCCCGAATAACTGAATATGGACAAATGTCAGCTCAGCCTGCAGCACTGTAGGGGCAGACCACCACGGTGGAACAGAGTCCCGAGCTGGCAGCGTCTGGGAACTGCAAGTGTCCCTAGCCAACACTGGCCAGAACGGGGACCCTGGCCCTGCAAAGGTAAGGCACTGAGCTCTGTCAATAACCAGTGGGCTCAGAAG,b4a03fb264ad5f11769ce665c40ddec11a7c7479f6784dbf40cf5cffb593dfb9,-0.0853735606170589,-0.0587694148578774,0.273463501129528,-355.9180056930054,-347.0901078353636,-355.0282912920229,-345.6691338503733,0.5312595840077847,-1.0,0.0587694148578774,0.0,2,0.17596802527768218,0.17490732828716207,0.146091925319964,0.3523425145178253,1.0
chr19:2360806:G:A;chr19:2360854:A:G;var1;middle;OL41|K562|9f48177f07f14939,chr19:2360806:G:A;chr19:2360854:A:G;var1;middle;OL41,K562,K562_region_01045,100,148,48,TGCGGCGGGGGTTATGTGGACGCAGGTGTGGCGTGTGGATGCGGCCGGGGTTGTGTGGACTCAGGTGTGGTGTGTAGATGCACGTAGGGTTGTGTGGACGCAGCCGGGATTGTGTGGATGTATCTAGCGTGTGTAGATGTGGCTGAGATTTCTAGACGAGGCCAGGCTGGGTAGATGCCGCCAGGGTGTGTGGACGTAGC,7c4d9beb5b9b4babf607225854f36aacc2ca08ea5ec9c632a64bd7a053c3bd93,0.0,TGCGGCGGGGGTTATGTGGACGCAGGTGTGGCGTGTGGATGCGGCCGGGGTTGTGTGGACTCAGGTGTGGTGTGTAGATGCACGTAGGGTTGTGTGGACACAGCCGGGATTGTGTGGATGTATCTAGCGTGTGTAGATGTGGCTGAGATTTCTAGACGAGGCCAGGCTGGGTAGATGCCGCCAGGGTGTGTGGACGTAGC,797846c31dbc933897b3585ddd127fd830d55ef2ec87455d401897f85a2da9e6,-0.0338953787395436,TGCGGCGGGGGTTATGTGGACGCAGGTGTGGCGTGTGGATGCGGCCGGGGTTGTGTGGACTCAGGTGTGGTGTGTAGATGCACGTAGGGTTGTGTGGACGCAGCCGGGATTGTGTGGATGTATCTAGCGTGTGTAGATGTGGCTGAGGTTTCTAGACGAGGCCAGGCTGGGTAGATGCCGCCAGGGTGTGTGGACGTAGC,8cbfd3bc6dd01a3618854c85d6db01842482893081ce13d395b1aa85f4d4a2cf,0.0555145550488753,TGCGGCGGGGGTTATGTGGACGCAGGTGTGGCGTGTGGATGCGGCCGGGGTTGTGTGGACTCAGGTGTGGTGTGTAGATGCACGTAGGGTTGTGTGGACACAGCCGGGATTGTGTGGATGTATCTAGCGTGTGTAGATGTGGCTGAGGTTTCTAGACGAGGCCAGGCTGGGTAGATGCCGCCAGGGTGTGTGGACGTAGC,9f48177f07f149390251cb7f8c795c77b49180856ee6f50e3e5952a2892df1ab,0.0948824382698066,0.0732632619604748,0.202166615549306,-240.258132775256,-236.1654460628052,-240.8212543360424,-236.94354796595871,-0.21498034236714147,-1.0,-0.0732632619604748,0.0,1,0.18214643010147283,0.18216460459877223,0.1501433469024087,0.04700357941926597,1.0
chr19:2534518:T:C;chr19:2534533:T:C;var1;middle;OL27|K562|f22485ec2915e03e,chr19:2534518:T:C;chr19:2534533:T:C;var1;middle;OL27,K562,K562_region_01046,100,115,15,TCAAGTGCAAAAATCAAGGCTTATTGTTCAATTCCCACTGCTAGGAATTCTTCCCCCAGCTCCAATCCCATCAAAGAACTGCCTTCTCTGATGCATGGCTCCAGGATCATCTCCTTTCTCACCCTGTGGCCTCATGAGCTCAGCATTTTCCAGATTCGGAAATCCTGGAGGGGGCCATGAGGGAGATGGCTGTCCCTGGG,951b7dbf28583bb727245265598992e7ea2b13447f562d77149ac5ae686c7e04,0.0,TCAAGTGCAAAAATCAAGGCTTATTGTTCAATTCCCACTGCTAGGAATTCTTCCCCCAGCTCCAATCCCATCAAAGAACTGCCTTCTCTGATGCATGGCCCCAGGATCATCTCCTTTCTCACCCTGTGGCCTCATGAGCTCAGCATTTTCCAGATTCGGAAATCCTGGAGGGGGCCATGAGGGAGATGGCTGTCCCTGGG,27931867d03082d3b081f54c91eacdd0c49e1e5684b0f9dfae3a24a194920b20,-0.128669445285876,TCAAGTGCAAAAATCAAGGCTTATTGTTCAATTCCCACTGCTAGGAATTCTTCCCCCAGCTCCAATCCCATCAAAGAACTGCCTTCTCTGATGCATGGCTCCAGGATCATCTCCCTTCTCACCCTGTGGCCTCATGAGCTCAGCATTTTCCAGATTCGGAAATCCTGGAGGGGGCCATGAGGGAGATGGCTGTCCCTGGG,16e5c22a53b84eb434d72334803386bef70eee9bddf9f557d7e35d076158fc32,0.570315317039759,TCAAGTGCAAAAATCAAGGCTTATTGTTCAATTCCCACTGCTAGGAATTCTTCCCCCAGCTCCAATCCCATCAAAGAACTGCCTTCTCTGATGCATGGCCCCAGGATCATCTCCCTTCTCACCCTGTGGCCTCATGAGCTCAGCATTTTCCAGATTCGGAAATCCTGGAGGGGGCCATGAGGGAGATGGCTGTCCCTGGG,f22485ec2915e03e473d4c3b0d68ec95d500d125012c3fe9eff2e751096d8139,0.066375932367322,-0.375269939386561,0.298529566501209,-311.51973738893867,-308.30585726955906,-317.3121557654813,-314.2709473136347,-0.17267166753299534,-1.0,0.375269939386561,0.0,3,0.18112520297390328,0.18106719778262317,0.1474303780702046,0.31969895634303996,1.0
chr19:2721991:A:C;chr19:2722050:C:A;var1;middle;OL41|K562|240dc6a0353e72e9,chr19:2721991:A:C;chr19:2722050:C:A;var1;middle;OL41,K562,K562_region_01047,100,159,59,GGAGGCCCACCCATCCCAGGGGCCTGGGCAGGGGCGGGATGGGGGCAGAAGCGGACTCAGCGCTCTGTAGGGCTGGTTTTGTGGAGGCGGAGGCAGCCCATGGCAGTCAGGCCTAGGGAGGTGGGGGGTGAGCAAAGGGGGCTGGCGCTGCTCTGCAGCGGATGGGTTTGCCGTTTTCGGTTAGGAAAATGTTTGTGTTC,96c8af72a0ee6a2def705f2249f2188934ae3c60e2b60171397bcb3888cbbdf1,0.0,GGAGGCCCACCCATCCCAGGGGCCTGGGCAGGGGCGGGATGGGGGCAGAAGCGGACTCAGCGCTCTGTAGGGCTGGTTTTGTGGAGGCGGAGGCAGCCCCTGGCAGTCAGGCCTAGGGAGGTGGGGGGTGAGCAAAGGGGGCTGGCGCTGCTCTGCAGCGGATGGGTTTGCCGTTTTCGGTTAGGAAAATGTTTGTGTTC,d01ae4f730297ecb92dd5e58bc4ac389a37060530c6f918f917f7b476bbf7839,-0.110990652096947,GGAGGCCCACCCATCCCAGGGGCCTGGGCAGGGGCGGGATGGGGGCAGAAGCGGACTCAGCGCTCTGTAGGGCTGGTTTTGTGGAGGCGGAGGCAGCCCATGGCAGTCAGGCCTAGGGAGGTGGGGGGTGAGCAAAGGGGGCTGGCGCTGCTCTGCAGAGGATGGGTTTGCCGTTTTCGGTTAGGAAAATGTTTGTGTTC,a3adf28fa731a1d1bb9138d722bd4c63b746f56ad4685b757eff1990b23ecd8d,-0.206225741244887,GGAGGCCCACCCATCCCAGGGGCCTGGGCAGGGGCGGGATGGGGGCAGAAGCGGACTCAGCGCTCTGTAGGGCTGGTTTTGTGGAGGCGGAGGCAGCCCCTGGCAGTCAGGCCTAGGGAGGTGGGGGGTGAGCAAAGGGGGCTGGCGCTGCTCTGCAGAGGATGGGTTTGCCGTTTTCGGTTAGGAAAATGTTTGTGTTC,240dc6a0353e72e930acc36ac950ad58e3100a456363b874cdcd48ac3d8e139a,-0.434131046629513,0.116914653287679,0.247417095884811,-347.68678470532177,-347.6150252451189,-347.61825642257463,-349.8990565741551,2.352559611783363,1.0,0.116914653287679,0.0,2,0.17861998537354218,0.17490732828716207,0.146091925319964,-0.01986350074282478,1.0
chr19:2775668:C:T;chr19:2775723:C:T;var1;middle;OL41|K562|1a5539945a3626e2,chr19:2775668:C:T;chr19:2775723:C:T;var1;middle;OL41,K562,K562_region_01048,100,155,55,AGCCAGACCCAAAGCACACACAGGGTGTGACACCGACTCCATTTCTATGAAATGTCCAGGACAGGCCCATCCAGAGACAGGAAGGAGACGCGTGGGTGCCGGGGCTTGGGGAGGGGAAGGGGAGTGACAGCTGGTGGGGACCAGCTTCCTTGCTCCCTTTTGGGGCGATGAGACAGCTCTGGAACCAGAGAGTGGTGATG,203503020627c5ca5e42e705114536733430c1e4a5715587d2380500315ce12c,0.0,AGCCAGACCCAAAGCACACACAGGGTGTGACACCGACTCCATTTCTATGAAATGTCCAGGACAGGCCCATCCAGAGACAGGAAGGAGACGCGTGGGTGCTGGGGCTTGGGGAGGGGAAGGGGAGTGACAGCTGGTGGGGACCAGCTTCCTTGCTCCCTTTTGGGGCGATGAGACAGCTCTGGAACCAGAGAGTGGTGATG,b89050eec6a3430d389a1038db87f9ae5c888c517532842f466046d28e4027f6,0.0723704352689686,AGCCAGACCCAAAGCACACACAGGGTGTGACACCGACTCCATTTCTATGAAATGTCCAGGACAGGCCCATCCAGAGACAGGAAGGAGACGCGTGGGTGCCGGGGCTTGGGGAGGGGAAGGGGAGTGACAGCTGGTGGGGACCAGCTTCCTTGCTTCCTTTTGGGGCGATGAGACAGCTCTGGAACCAGAGAGTGGTGATG,d1d04d4893da69e8efcc3a0a8be75c5e6833540cc235c3c2d26afbcae5eeb549,0.540797098738629,AGCCAGACCCAAAGCACACACAGGGTGTGACACCGACTCCATTTCTATGAAATGTCCAGGACAGGCCCATCCAGAGACAGGAAGGAGACGCGTGGGTGCTGGGGCTTGGGGAGGGGAAGGGGAGTGACAGCTGGTGGGGACCAGCTTCCTTGCTTCCTTTTGGGGCGATGAGACAGCTCTGGAACCAGAGAGTGGTGATG,1a5539945a3626e29f7cd7f876b5b027d17b3e6c9ebd30be29c05e0c0678e4dd,0.748174012024739,-0.1350064780171413,0.231906329338481,-245.8075501574204,-238.10481128375977,-244.6251555113122,-242.2843294129707,5.3619127753191265,1.0,-0.1350064780171413,0.0,4,0.18284494165851833,0.17620727786206916,0.145609630836647,0.2237508251204462,1.0
chr19:3185553:G:A;chr19:3185563:C:T;var1;middle;OL41|K562|e795ff01cfdb8d8b,chr19:3185553:G:A;chr19:3185563:C:T;var1;middle;OL41,K562,K562_region_01049,100,110,10,TTTTGTTTTTCTCAGCAATTTCTGCCAGGACGACTACAGTTCCCGTGACCCTTTGTGTGTTTGACGGGACTACAACTCCCAGAAGACCTAGCGCGCCAGGCAGGCACTTCCTTTTCTCTTTATCCCCAACTTCCTTCCAGGTCGCAAGGTCACGTCCTGTCCCCACCTTTCGCCCCTCACCCTAGCTCCCCCAACGCCAA,73b5bc6c25ebdf591b3464dd191c8044e3b44e0aa295f658c5789247417c4ada,0.0,TTTTGTTTTTCTCAGCAATTTCTGCCAGGACGACTACAGTTCCCGTGACCCTTTGTGTGTTTGACGGGACTACAACTCCCAGAAGACCTAGCGCGCCAGACAGGCACTTCCTTTTCTCTTTATCCCCAACTTCCTTCCAGGTCGCAAGGTCACGTCCTGTCCCCACCTTTCGCCCCTCACCCTAGCTCCCCCAACGCCAA,15aacc0054475ce88f72771b586f13c8c91d743246c76975141c2fb14e269e72,-0.0413571802375311,TTTTGTTTTTCTCAGCAATTTCTGCCAGGACGACTACAGTTCCCGTGACCCTTTGTGTGTTTGACGGGACTACAACTCCCAGAAGACCTAGCGCGCCAGGCAGGCACTTTCTTTTCTCTTTATCCCCAACTTCCTTCCAGGTCGCAAGGTCACGTCCTGTCCCCACCTTTCGCCCCTCACCCTAGCTCCCCCAACGCCAA,24a8f8dd3e54686657ebbc068417d501c472746c4466537da8e9b627f1e016d5,-0.416656303731425,TTTTGTTTTTCTCAGCAATTTCTGCCAGGACGACTACAGTTCCCGTGACCCTTTGTGTGTTTGACGGGACTACAACTCCCAGAAGACCTAGCGCGCCAGACAGGCACTTTCTTTTCTCTTTATCCCCAACTTCCTTCCAGGTCGCAAGGTCACGTCCTGTCCCCACCTTTCGCCCCTCACCCTAGCTCCCCCAACGCCAA,e795ff01cfdb8d8be20c4f772c03e8fb9b377968f9baf333047235581a1804a6,-0.523619938286813,0.0656064543178568,0.126451213768153,-231.54173725983128,-234.3916643159464,-233.33242221176624,-239.8400498945266,3.657700626645237,1.0,0.0656064543178568,0.0,0,0.19047396234636896,0.18565657667894103,0.15145376406925343,0.1620883291754283,1.0
chr19:3185802:A:C;chr19:3185829:G:A;var1;middle;OL41|K562|74b3b7b6b55a7968,chr19:3185802:A:C;chr19:3185829:G:A;var1;middle;OL41,K562,K562_region_01050,100,127,27,ATTGCATTTTATGACTTGGAGTTTATGTGAAACCTCAACGGTATTAGCCGAACAGCCTGCCGCACCTTCCGGGAGTTCCAGAGTGGGCCTACAACTCCCACAGGGCTCCGCGAGCGCCGGACGGACGGACTACAATTCCCGACAGGCAGCGCGGCTGGCGGGGCGGTTCGCCGCGGTGCCCACAGGACCTCAGGGCGAGT,531d9bdaf462a026102fd528079d95967acf8d27115b26331a3c9ca052bb27ee,0.0,ATTGCATTTTATGACTTGGAGTTTATGTGAAACCTCAACGGTATTAGCCGAACAGCCTGCCGCACCTTCCGGGAGTTCCAGAGTGGGCCTACAACTCCCCCAGGGCTCCGCGAGCGCCGGACGGACGGACTACAATTCCCGACAGGCAGCGCGGCTGGCGGGGCGGTTCGCCGCGGTGCCCACAGGACCTCAGGGCGAGT,29e0ed8c804bf7df0a32b4deead767104c45f18e99f32ac99e70f309633f2b47,-0.456972123568357,ATTGCATTTTATGACTTGGAGTTTATGTGAAACCTCAACGGTATTAGCCGAACAGCCTGCCGCACCTTCCGGGAGTTCCAGAGTGGGCCTACAACTCCCACAGGGCTCCGCGAGCGCCGGACGGACAGACTACAATTCCCGACAGGCAGCGCGGCTGGCGGGGCGGTTCGCCGCGGTGCCCACAGGACCTCAGGGCGAGT,f48cae96e8f4719046b5a7698e81afcae7b95e0d8070c91caf2f45276c5861c2,-0.143538162615203,ATTGCATTTTATGACTTGGAGTTTATGTGAAACCTCAACGGTATTAGCCGAACAGCCTGCCGCACCTTCCGGGAGTTCCAGAGTGGGCCTACAACTCCCCCAGGGCTCCGCGAGCGCCGGACGGACAGACTACAATTCCCGACAGGCAGCGCGGCTGGCGGGGCGGTTCGCCGCGGTGCCCACAGGACCTCAGGGCGAGT,74b3b7b6b55a79686e67a34b50fc470ae6190f788ef1fda129647cd3923ca63d,-0.282790215442297,0.3177200707412629,0.155493457818758,-432.1608492388041,-441.4029910702375,-439.9577170704724,-447.8777495933464,1.3221093085594475,-1.0,-0.3177200707412629,0.0,1,0.18371032639536916,0.18216460459877223,0.1501433469024087,0.07494962928410567,1.0
chr19:3185802:A:C;chr19:3185874:C:G;var1;middle;OL41|K562|2b648047257d695e,chr19:3185802:A:C;chr19:3185874:C:G;var1;middle;OL41,K562,K562_region_01050,100,172,72,ATTGCATTTTATGACTTGGAGTTTATGTGAAACCTCAACGGTATTAGCCGAACAGCCTGCCGCACCTTCCGGGAGTTCCAGAGTGGGCCTACAACTCCCACAGGGCTCCGCGAGCGCCGGACGGACGGACTACAATTCCCGACAGGCAGCGCGGCTGGCGGGGCGGTTCGCCGCGGTGCCCACAGGACCTCAGGGCGAGT,531d9bdaf462a026102fd528079d95967acf8d27115b26331a3c9ca052bb27ee,0.0,ATTGCATTTTATGACTTGGAGTTTATGTGAAACCTCAACGGTATTAGCCGAACAGCCTGCCGCACCTTCCGGGAGTTCCAGAGTGGGCCTACAACTCCCCCAGGGCTCCGCGAGCGCCGGACGGACGGACTACAATTCCCGACAGGCAGCGCGGCTGGCGGGGCGGTTCGCCGCGGTGCCCACAGGACCTCAGGGCGAGT,29e0ed8c804bf7df0a32b4deead767104c45f18e99f32ac99e70f309633f2b47,-0.45687801233334,ATTGCATTTTATGACTTGGAGTTTATGTGAAACCTCAACGGTATTAGCCGAACAGCCTGCCGCACCTTCCGGGAGTTCCAGAGTGGGCCTACAACTCCCACAGGGCTCCGCGAGCGCCGGACGGACGGACTACAATTCCCGACAGGCAGCGCGGCTGGCGGGGCGGTTCGCGGCGGTGCCCACAGGACCTCAGGGCGAGT,959bc454891923ebc823ce650e7f888d55c7ffca14fe3f3dd98f8b5aa15c2c95,-0.0726940473939716,ATTGCATTTTATGACTTGGAGTTTATGTGAAACCTCAACGGTATTAGCCGAACAGCCTGCCGCACCTTCCGGGAGTTCCAGAGTGGGCCTACAACTCCCCCAGGGCTCCGCGAGCGCCGGACGGACGGACTACAATTCCCGACAGGCAGCGCGGCTGGCGGGGCGGTTCGCGGCGGTGCCCACAGGACCTCAGGGCGAGT,2b648047257d695efdcf3e018937f0d5752d4a30e1fe4db8a90b7b45a161a17b,-0.21397193538164,0.3156001243456716,0.152576059674501,-432.1608492388041,-441.4029910702375,-431.4580042726593,-445.680641104118,-4.980495000025314,-1.0,-0.3156001243456716,0.0,1,0.1772978054899366,0.18216460459877223,0.1501433469024087,0.08874264249726282,1.0
chr19:3189634:T:C;chr19:3189652:C:T;var1;middle;OL41|K562|4620b08249bd15e5,chr19:3189634:T:C;chr19:3189652:C:T;var1;middle;OL41,K562,K562_region_01051,100,118,18,GACAGGTGCCCAGGCCACTGTTCAGGTCCAGTCCTGTCACGCCAACTGGTGACTTCTCTCAGGATGCCCGGTGCCCTCCATGGCGTCCACCACAAGTGGTCTCAGCCCATTCAGACGCGGGTCTGAGGGAGTTGGTGCTGGTTTCGCCTCCGCAGAGGGCCGTGTCCACACTAGCTTGTGGCCACCCGGCCCGACCCTGG,f95a439a574bd29f46d820c52f48f9afe7960ae5c260aee90c6bc2f91da82c35,0.0,GACAGGTGCCCAGGCCACTGTTCAGGTCCAGTCCTGTCACGCCAACTGGTGACTTCTCTCAGGATGCCCGGTGCCCTCCATGGCGTCCACCACAAGTGGCCTCAGCCCATTCAGACGCGGGTCTGAGGGAGTTGGTGCTGGTTTCGCCTCCGCAGAGGGCCGTGTCCACACTAGCTTGTGGCCACCCGGCCCGACCCTGG,d599562f80ac8a149441f956181b7175d056b6c7b1fe8a7fb5c517202443afaf,0.17035438412518,GACAGGTGCCCAGGCCACTGTTCAGGTCCAGTCCTGTCACGCCAACTGGTGACTTCTCTCAGGATGCCCGGTGCCCTCCATGGCGTCCACCACAAGTGGTCTCAGCCCATTCAGACGTGGGTCTGAGGGAGTTGGTGCTGGTTTCGCCTCCGCAGAGGGCCGTGTCCACACTAGCTTGTGGCCACCCGGCCCGACCCTGG,0be6708532f1547b247d090a12dfbb0a929917e2a511af8d089b59063eb164f0,0.383986827299826,GACAGGTGCCCAGGCCACTGTTCAGGTCCAGTCCTGTCACGCCAACTGGTGACTTCTCTCAGGATGCCCGGTGCCCTCCATGGCGTCCACCACAAGTGGCCTCAGCCCATTCAGACGTGGGTCTGAGGGAGTTGGTGCTGGTTTCGCCTCCGCAGAGGGCCGTGTCCACACTAGCTTGTGGCCACCCGGCCCGACCCTGG,4620b08249bd15e5126b7d90d1c5972085e9c8aa1eacec19a1688307e2b752bf,0.0717706754776358,0.4825705359473701,0.470480661471096,-255.4585193991661,-253.1786933839321,-251.42327102273703,-249.1234780997038,-0.019966907799243927,1.0,0.4825705359473701,0.0,2,0.17516539493794706,0.17490732828716207,0.146091925319964,0.0940776444407228,1.0
chr19:3192277:T:C;chr19:3192280:T:C;var1;middle;OL41|K562|de024716b89d942a,chr19:3192277:T:C;chr19:3192280:T:C;var1;middle;OL41,K562,K562_region_01052,100,103,3,CCTGTCTCAAAAACAAAACCAAAAAACAAAGATTCTCAGGAGGTCTGAGACCCAGGGTTCGCGTGGCACTGAGCCTGTGGGCATGGACCCGGCACGCGTTCATGGCCCCTGTGACCCGTTATGTCGGGGGCAGGCTGGGGGGACCCTGGGAGCTTCTCGAATCGGTGGTCTTCCAGGTTGTGGGCTGGGGCTGGGGCTGG,50a7ce61804c68af12099973792aea779a52f901a94c5897d97b7577fa662365,0.0,CCTGTCTCAAAAACAAAACCAAAAAACAAAGATTCTCAGGAGGTCTGAGACCCAGGGTTCGCGTGGCACTGAGCCTGTGGGCATGGACCCGGCACGCGTCCATGGCCCCTGTGACCCGTTATGTCGGGGGCAGGCTGGGGGGACCCTGGGAGCTTCTCGAATCGGTGGTCTTCCAGGTTGTGGGCTGGGGCTGGGGCTGG,e302d90637aba74fbd2e1bfa19371d0bfd5560ef1061ddb784fa35e8ad4a498b,0.134243435710884,CCTGTCTCAAAAACAAAACCAAAAAACAAAGATTCTCAGGAGGTCTGAGACCCAGGGTTCGCGTGGCACTGAGCCTGTGGGCATGGACCCGGCACGCGTTCACGGCCCCTGTGACCCGTTATGTCGGGGGCAGGCTGGGGGGACCCTGGGAGCTTCTCGAATCGGTGGTCTTCCAGGTTGTGGGCTGGGGCTGGGGCTGG,139b189f72c12eacfadfd7e0a02cddd586657930a59afb7509d784cdbc3c2f9c,0.0633416544822807,CCTGTCTCAAAAACAAAACCAAAAAACAAAGATTCTCAGGAGGTCTGAGACCCAGGGTTCGCGTGGCACTGAGCCTGTGGGCATGGACCCGGCACGCGTCCACGGCCCCTGTGACCCGTTATGTCGGGGGCAGGCTGGGGGGACCCTGGGAGCTTCTCGAATCGGTGGTCTTCCAGGTTGTGGGCTGGGGCTGGGGCTGG,de024716b89d942a8ff489961db80432cae9110fde3daa2019c5d3e7ffb4899a,0.213980723765989,-0.0163956335728242,0.594506673586654,-228.8085369197652,-226.79711753781885,-229.10173176974047,-227.4337386423722,0.34342625457807685,1.0,-0.0163956335728242,0.0,0,0.18621714677754728,0.18565657667894103,0.15145376406925343,0.3112080047419589,1.0
chr19:32585186:T:C;chr19:32585236:G:A;var1;middle;OL27|K562|3cbc4b501ef856ce,chr19:32585186:T:C;chr19:32585236:G:A;var1;middle;OL27,K562,K562_region_01117,100,150,50,CGCTTGAACCTGGGATTTTGAGACCAGCCTGGGCAACACAGTGAGACCCCCAACTCTACAAAAAATACAAAAATGTTAGCTGGGCATGGTGGCTCATCCTTGTAGTTCCAGCTATTCAGGAAGCTGAGGCAGGAGGATTGCCTGAGCCCGGGAGGTCAAGGCTGCAGTGAGCTATGATCGCACCACTGCAGTCCAGCCTG,6ec049e6177b081baafe770dc610c1905a18d311a57306d4d5b97aac67f0e4ed,0.0,CGCTTGAACCTGGGATTTTGAGACCAGCCTGGGCAACACAGTGAGACCCCCAACTCTACAAAAAATACAAAAATGTTAGCTGGGCATGGTGGCTCATCCCTGTAGTTCCAGCTATTCAGGAAGCTGAGGCAGGAGGATTGCCTGAGCCCGGGAGGTCAAGGCTGCAGTGAGCTATGATCGCACCACTGCAGTCCAGCCTG,048c0aa604e72054af798582bdce901c197e507e8c68a30b5bb3846e092a0f11,0.0882160704961387,CGCTTGAACCTGGGATTTTGAGACCAGCCTGGGCAACACAGTGAGACCCCCAACTCTACAAAAAATACAAAAATGTTAGCTGGGCATGGTGGCTCATCCTTGTAGTTCCAGCTATTCAGGAAGCTGAGGCAGGAGGATTGCCTGAGCCCAGGAGGTCAAGGCTGCAGTGAGCTATGATCGCACCACTGCAGTCCAGCCTG,9fe484de0a3445c941b3bd90a1807d3a0e5437d7ae45ba1c5b16d1942aeed755,-0.0745874821180089,CGCTTGAACCTGGGATTTTGAGACCAGCCTGGGCAACACAGTGAGACCCCCAACTCTACAAAAAATACAAAAATGTTAGCTGGGCATGGTGGCTCATCCCTGTAGTTCCAGCTATTCAGGAAGCTGAGGCAGGAGGATTGCCTGAGCCCAGGAGGTCAAGGCTGCAGTGAGCTATGATCGCACCACTGCAGTCCAGCCTG,3cbc4b501ef856ce46acccfddb97ed46a6175a358438454cbdfd2eba41580b0c,-0.17620162758835,0.1898302159664798,0.159078327744826,-80.96095351688564,-78.84445049613714,-76.29683685768396,-74.20920097921044,0.028867142274975777,1.0,0.1898302159664798,0.0,4,0.17623510454048294,0.17620727786206916,0.145609630836647,0.2649830042353216,1.0
chr19:33182746:A:G;chr19:33182750:C:T;var1;middle;OL41|K562|7109718824a05f4f,chr19:33182746:A:G;chr19:33182750:C:T;var1;middle;OL41,K562,K562_region_01118,100,104,4,AGTGCCCTAGCTGGGCCCCAGTGCACTCGAGGCGGTCCCTGCTCGGGTGCCCCTCCCACAGGCAGGCGCCGTTGCCGACCAAACGCCCAGGTTCACCCAACGCCAGAGGCTCGTCCTCAATTCCCGCGAGGCCCCCGGAGGTGCTGGGGTCCCTGCAGGGCCGGGCCACCTGCCGTGGAGCTCAGGCCGCGCCAGAATCG,429c57add6ccc00239c989af827d31063cf6f18e29d7f936f32953acbc0b65f6,0.0,AGTGCCCTAGCTGGGCCCCAGTGCACTCGAGGCGGTCCCTGCTCGGGTGCCCCTCCCACAGGCAGGCGCCGTTGCCGACCAAACGCCCAGGTTCACCCAGCGCCAGAGGCTCGTCCTCAATTCCCGCGAGGCCCCCGGAGGTGCTGGGGTCCCTGCAGGGCCGGGCCACCTGCCGTGGAGCTCAGGCCGCGCCAGAATCG,d0807006860a21c6bf5f0aa7a13ebad934212a46209e77d460e018ab7c6a001d,0.140198182149195,AGTGCCCTAGCTGGGCCCCAGTGCACTCGAGGCGGTCCCTGCTCGGGTGCCCCTCCCACAGGCAGGCGCCGTTGCCGACCAAACGCCCAGGTTCACCCAACGCTAGAGGCTCGTCCTCAATTCCCGCGAGGCCCCCGGAGGTGCTGGGGTCCCTGCAGGGCCGGGCCACCTGCCGTGGAGCTCAGGCCGCGCCAGAATCG,986f7a82e8fcc56a6b7e50d49257af90fc3f7a692826af6514fea9ec789169ae,0.310006630779651,AGTGCCCTAGCTGGGCCCCAGTGCACTCGAGGCGGTCCCTGCTCGGGTGCCCCTCCCACAGGCAGGCGCCGTTGCCGACCAAACGCCCAGGTTCACCCAGCGCTAGAGGCTCGTCCTCAATTCCCGCGAGGCCCCCGGAGGTGCTGGGGTCCCTGCAGGGCCGGGCCACCTGCCGTGGAGCTCAGGCCGCGCCAGAATCG,7109718824a05f4ff31e8f7e1444ad6b68ac8cbd4036d4acdbd8db17062570c9,0.0471176237908069,0.4030871891380391,0.393380256455633,-294.37473852653056,-298.3130551604554,-267.4368582414463,-308.4211724791676,37.04599760379642,1.0,0.4030871891380391,0.0,4,0.22211455500152447,0.17620727786206916,0.145609630836647,0.177800390894925,1.0
chr19:3336804:G:A;chr19:3336818:G:T;var1;middle;OL31|K562|608035036955c700,chr19:3336804:G:A;chr19:3336818:G:T;var1;middle;OL31,K562,K562_region_01053,100,114,14,TGCCCCCACCTCCCAGGGGGAGCTGGCATCCTCCCAGCTGGACCTGGCCCCCCCTTGGAGCTTCCCCAACCTGGGGATACAGAAGGGCCCCCACGGGGAGGGAGGCAGCCAGGGCAGGCAGTGGCACAGAGCAAGGAGGGAGCAGGGCGTCTGCCACCCGCCCCCACGGCTGCCTGGGAAACGCCACGGCCTAATCCTGG,62903ffc6532e98a10fa04f3907612826f7ec3cdb20542ec890e22599a2dcb40,0.0,TGCCCCCACCTCCCAGGGGGAGCTGGCATCCTCCCAGCTGGACCTGGCCCCCCCTTGGAGCTTCCCCAACCTGGGGATACAGAAGGGCCCCCACGGGGAAGGAGGCAGCCAGGGCAGGCAGTGGCACAGAGCAAGGAGGGAGCAGGGCGTCTGCCACCCGCCCCCACGGCTGCCTGGGAAACGCCACGGCCTAATCCTGG,2a71990a50579cbc4539e733fd29f716b850876bfdcae0d4a24aeae62f480698,0.234220138338716,TGCCCCCACCTCCCAGGGGGAGCTGGCATCCTCCCAGCTGGACCTGGCCCCCCCTTGGAGCTTCCCCAACCTGGGGATACAGAAGGGCCCCCACGGGGAGGGAGGCAGCCAGGTCAGGCAGTGGCACAGAGCAAGGAGGGAGCAGGGCGTCTGCCACCCGCCCCCACGGCTGCCTGGGAAACGCCACGGCCTAATCCTGG,77c2e20b16f14b3db6a16c02faf05cb81c0b779a1a914be2f73b909db16c6675,0.1636376217349,TGCCCCCACCTCCCAGGGGGAGCTGGCATCCTCCCAGCTGGACCTGGCCCCCCCTTGGAGCTTCCCCAACCTGGGGATACAGAAGGGCCCCCACGGGGAAGGAGGCAGCCAGGTCAGGCAGTGGCACAGAGCAAGGAGGGAGCAGGGCGTCTGCCACCCGCCCCCACGGCTGCCTGGGAAACGCCACGGCCTAATCCTGG,608035036955c70036172a0caa960363c689125eebbf5778510a0628d509126a,0.174572905103081,0.223284854970535,0.38252296413937,-264.8704059452284,-265.55861271638423,-265.0519149499014,-267.78106777509674,2.040946054039523,1.0,0.223284854970535,0.0,4,0.17872889791682164,0.17620727786206916,0.145609630836647,0.08022768331270633,1.0
chr19:33517152:G:A;chr19:33517201:C:T;var1;middle;OL30|K562|a173f94d77c99fc3,chr19:33517152:G:A;chr19:33517201:C:T;var1;middle;OL30,K562,K562_region_01119,100,149,49,CTGGCTATTTTTTTTTTTATTTTTAGCAGAGACGGGGTTTCACCATGTTGGCCAGACTGACCTCAGGTGATCCACCCGCCTCAGCCTCCCAAAGTGTTGGGATTACGGGAGTGAGCCACCGTGCCCGGCCTCACAAATGCCTTTTTGTCCAACACTGCAGGTATTTCCCAACAAATGGGCTCATCCCTTCCAGTCTAGCA,1d40e3ec0f50feef3364b00ee22c74bc9a9c556b6711cdad072fa5e75be2579c,0.0,CTGGCTATTTTTTTTTTTATTTTTAGCAGAGACGGGGTTTCACCATGTTGGCCAGACTGACCTCAGGTGATCCACCCGCCTCAGCCTCCCAAAGTGTTGAGATTACGGGAGTGAGCCACCGTGCCCGGCCTCACAAATGCCTTTTTGTCCAACACTGCAGGTATTTCCCAACAAATGGGCTCATCCCTTCCAGTCTAGCA,bf5880527c11cb0ded3cd18e5baae9da5e1f36506b365a421e7ece869ac24882,-0.128703733604157,CTGGCTATTTTTTTTTTTATTTTTAGCAGAGACGGGGTTTCACCATGTTGGCCAGACTGACCTCAGGTGATCCACCCGCCTCAGCCTCCCAAAGTGTTGGGATTACGGGAGTGAGCCACCGTGCCCGGCCTCACAAATGCCTTTTTGTTCAACACTGCAGGTATTTCCCAACAAATGGGCTCATCCCTTCCAGTCTAGCA,d48f21ad4b7c45a3349d84e4080a5d2cbb2c86c18d53745831da1f55c45ad094,0.277026670472271,CTGGCTATTTTTTTTTTTATTTTTAGCAGAGACGGGGTTTCACCATGTTGGCCAGACTGACCTCAGGTGATCCACCCGCCTCAGCCTCCCAAAGTGTTGAGATTACGGGAGTGAGCCACCGTGCCCGGCCTCACAAATGCCTTTTTGTTCAACACTGCAGGTATTTCCCAACAAATGGGCTCATCCCTTCCAGTCTAGCA,a173f94d77c99fc383810efd3f71e17c836e64cc6fccd4019d9e3504bb59e1ab,0.17545305358328,0.027130116715166,0.148388041888515,-135.11189271789044,-138.06448713247664,-135.28002717206255,-138.343240395654,-0.11061880900524557,-1.0,-0.027130116715166,0.0,1,0.18225261168636062,0.18216460459877223,0.1501433469024087,0.1162757681647536,1.0
chr19:33635043:C:T;chr19:33635097:C:G;var1;middle;OL41|K562|45e985c4cc188380,chr19:33635043:C:T;chr19:33635097:C:G;var1;middle;OL41,K562,K562_region_01120,100,154,54,CGATCTCTGCACAGCCGCTGTTCCTGCTCTTGGCCACTTGGTGTCACTGTCGAGTCTAAAACTGCGCAGCCCCACGGACACTGATCATTCTGGCGCTGCCCTCAGTTGGCCCCGGCCCGCCCAGAGTGCGTGCAGGGGCCTGGATCCCACAACCCAAGACGATCATTTTCTTTTCTTTTTGAGACGGTGTCTCGCTCTGT,21e9396bc714e3416ee1109977aac9cc5d195b10c5f169172041e87c5a0cc36b,0.0,CGATCTCTGCACAGCCGCTGTTCCTGCTCTTGGCCACTTGGTGTCACTGTCGAGTCTAAAACTGCGCAGCCCCACGGACACTGATCATTCTGGCGCTGCTCTCAGTTGGCCCCGGCCCGCCCAGAGTGCGTGCAGGGGCCTGGATCCCACAACCCAAGACGATCATTTTCTTTTCTTTTTGAGACGGTGTCTCGCTCTGT,dcf1b8b39ca88ebf9edd09da95d1f848a9c1b864c4fc35fc2153df7311254fa2,0.26677809210402,CGATCTCTGCACAGCCGCTGTTCCTGCTCTTGGCCACTTGGTGTCACTGTCGAGTCTAAAACTGCGCAGCCCCACGGACACTGATCATTCTGGCGCTGCCCTCAGTTGGCCCCGGCCCGCCCAGAGTGCGTGCAGGGGCCTGGATCCCACAACGCAAGACGATCATTTTCTTTTCTTTTTGAGACGGTGTCTCGCTCTGT,aed1fb00c05cc0c177a7c0fe4b2c205c15a7d6b11b3bcddda2addfbb30ae73c9,-0.157816517671897,CGATCTCTGCACAGCCGCTGTTCCTGCTCTTGGCCACTTGGTGTCACTGTCGAGTCTAAAACTGCGCAGCCCCACGGACACTGATCATTCTGGCGCTGCTCTCAGTTGGCCCCGGCCCGCCCAGAGTGCGTGCAGGGGCCTGGATCCCACAACGCAAGACGATCATTTTCTTTTCTTTTTGAGACGGTGTCTCGCTCTGT,45e985c4cc188380abc59da594094aff1e6d78eb9877be6f75fae5d512917539,0.433474013621564,0.324512439189441,0.15009526754865,-233.1506695570424,-253.71047779545188,-238.1728850696236,-253.9931235453114,4.739569762721658,-1.0,-0.324512439189441,0.0,3,0.19101936800164232,0.18106719778262317,0.1474303780702046,0.1150108385232235,1.0
chr19:33752920:C:T;chr19:33752994:G:T;var1;middle;OL27|K562|02f9340ff3e0bf06,chr19:33752920:C:T;chr19:33752994:G:T;var1;middle;OL27,K562,K562_region_01121,100,174,74,TTGGCTCTGGCCGAGTCCATGGACAAGGAGCATGGCTCCATCCGCCCCGCTCAGCTCTGTGCAGCCCACAGCCCTGCCTGCCCCACCTGAGGGTTGGGGCTCTCTGGACTGGTCAGGGGTGTGTGCTGTCCCTGCCACCCTGCCCCAGCTGAGGCCTGTACCTGGCAGGGGTCGAGCCAGTAAAATCATTGTCCTGCCCT,577a5c8d6a56bdfcdd86eed2eba19b16b9fe6d1ca281d527e884b530ac15753e,0.0,TTGGCTCTGGCCGAGTCCATGGACAAGGAGCATGGCTCCATCCGCCCCGCTCAGCTCTGTGCAGCCCACAGCCCTGCCTGCCCCACCTGAGGGTTGGGGTTCTCTGGACTGGTCAGGGGTGTGTGCTGTCCCTGCCACCCTGCCCCAGCTGAGGCCTGTACCTGGCAGGGGTCGAGCCAGTAAAATCATTGTCCTGCCCT,25e8e718496f27e2a4934af1ae7082a0b01090fe2a4214d976683a378ab60ced,0.62190231132793,TTGGCTCTGGCCGAGTCCATGGACAAGGAGCATGGCTCCATCCGCCCCGCTCAGCTCTGTGCAGCCCACAGCCCTGCCTGCCCCACCTGAGGGTTGGGGCTCTCTGGACTGGTCAGGGGTGTGTGCTGTCCCTGCCACCCTGCCCCAGCTGAGGCCTGTACCTGGCAGGGGTCTAGCCAGTAAAATCATTGTCCTGCCCT,27a2767c20e9aad6c7ef88a97656c9c266d57f1c14d9d8cad2416c3bdccc1a15,0.513124076318318,TTGGCTCTGGCCGAGTCCATGGACAAGGAGCATGGCTCCATCCGCCCCGCTCAGCTCTGTGCAGCCCACAGCCCTGCCTGCCCCACCTGAGGGTTGGGGTTCTCTGGACTGGTCAGGGGTGTGTGCTGTCCCTGCCACCCTGCCCCAGCTGAGGCCTGTACCTGGCAGGGGTCTAGCCAGTAAAATCATTGTCCTGCCCT,02f9340ff3e0bf0606c77a581d3f466479fef8b7a8337197f730a34b76d76c02,0.775899615439317,0.3591267722069309,0.297015180471522,-255.9700188846328,-248.9935609712265,-277.8066430944018,-267.33930519479327,-3.4908799862022875,1.0,0.3591267722069309,0.0,2,0.17011146486615902,0.17490732828716207,0.146091925319964,0.2654753197117141,1.0
chr19:3481578:T:C;chr19:3481650:C:T;var1;middle;OL41|K562|fbda0c1b19b65047,chr19:3481578:T:C;chr19:3481650:C:T;var1;middle;OL41,K562,K562_region_01054,100,172,72,CAAAGCAAATTTGAGAGTCACCTTTTGTGCTCTCAGAGTACACATGAGGCTCCGTGCTCGGCAATTTCACAGATCGCATTTCCTTTTCTTAACACCCCGTGAAATGGTGCCGGTCTCATTGTGCCCAGGAAAGTCAAGGTCACGCAGCAGGTCTGACCTGGGATTTGAAGCCGGGTCTGCCTCGCCCCCAGCTTATCCTG,1dae10b598a0cd9990b60b559c93113c07187a1fb59c7547b67cae710ffaaa56,0.0,CAAAGCAAATTTGAGAGTCACCTTTTGTGCTCTCAGAGTACACATGAGGCTCCGTGCTCGGCAATTTCACAGATCGCATTTCCTTTTCTTAACACCCCGCGAAATGGTGCCGGTCTCATTGTGCCCAGGAAAGTCAAGGTCACGCAGCAGGTCTGACCTGGGATTTGAAGCCGGGTCTGCCTCGCCCCCAGCTTATCCTG,5b4acd3075c84da4057cab1f875b434c6eaefd446ea1f7f8095221b9fa93bd91,0.218821518091595,CAAAGCAAATTTGAGAGTCACCTTTTGTGCTCTCAGAGTACACATGAGGCTCCGTGCTCGGCAATTTCACAGATCGCATTTCCTTTTCTTAACACCCCGTGAAATGGTGCCGGTCTCATTGTGCCCAGGAAAGTCAAGGTCACGCAGCAGGTCTGACCTGGGATTTGAAGCTGGGTCTGCCTCGCCCCCAGCTTATCCTG,dfd782afe12a1b071ba1b74a31f623cf4705261e8f5fe5d9d8995bbc41b6be3b,0.569494782727433,CAAAGCAAATTTGAGAGTCACCTTTTGTGCTCTCAGAGTACACATGAGGCTCCGTGCTCGGCAATTTCACAGATCGCATTTCCTTTTCTTAACACCCCGCGAAATGGTGCCGGTCTCATTGTGCCCAGGAAAGTCAAGGTCACGCAGCAGGTCTGACCTGGGATTTGAAGCTGGGTCTGCCTCGCCCCCAGCTTATCCTG,fbda0c1b19b65047e09d9939c06dc8df71490e3d828d2e82aaca0ffa1d068e48,0.456543881761205,0.331772419057823,0.284530132985352,-356.6651146905497,-357.5289914244786,-344.1862013563514,-341.10027356352657,-3.9498045267537236,1.0,0.331772419057823,0.0,3,0.17351735707067606,0.18106719778262317,0.1474303780702046,0.15352088830038166,1.0
chr19:3538646:A:G;chr19:3538654:G:C;var1;middle;OL41|K562|7264eaeaa20b05d1,chr19:3538646:A:G;chr19:3538654:G:C;var1;middle;OL41,K562,K562_region_01055,100,108,8,GTCTGGTGTCTCTCACTGAGCGTGACATCCTCAAGGTGCATCCGCACTGTGGCCTGGGTCAGAGCTTCGCACCTCCTTGTGGCTGAGTCTCGTTCCAGCACGGTGGCGGCGCCGTGCTGATCCCCTCACCTTCACTGGGTGTTCGGTGTTCTCCGCCTCGGGCTGTCACAAATCGTGCTGCTGTGAGCCACTGCGTGCAG,618cb4dc0a47eb05277905d880729bb56e8b4a9904d4c693475a9ca943aae927,0.0,GTCTGGTGTCTCTCACTGAGCGTGACATCCTCAAGGTGCATCCGCACTGTGGCCTGGGTCAGAGCTTCGCACCTCCTTGTGGCTGAGTCTCGTTCCAGCGCGGTGGCGGCGCCGTGCTGATCCCCTCACCTTCACTGGGTGTTCGGTGTTCTCCGCCTCGGGCTGTCACAAATCGTGCTGCTGTGAGCCACTGCGTGCAG,aad11e219bd191b540346fc1d8239aa8d01ffa5f85e4b80d4ee4679429dfcff6,-0.0676246582595053,GTCTGGTGTCTCTCACTGAGCGTGACATCCTCAAGGTGCATCCGCACTGTGGCCTGGGTCAGAGCTTCGCACCTCCTTGTGGCTGAGTCTCGTTCCAGCACGGTGGCCGCGCCGTGCTGATCCCCTCACCTTCACTGGGTGTTCGGTGTTCTCCGCCTCGGGCTGTCACAAATCGTGCTGCTGTGAGCCACTGCGTGCAG,07190e8d41c8b6cfb9f05bf4c9def6158384f0b20b540ed3adac8bbf493a0a49,0.123837889012398,GTCTGGTGTCTCTCACTGAGCGTGACATCCTCAAGGTGCATCCGCACTGTGGCCTGGGTCAGAGCTTCGCACCTCCTTGTGGCTGAGTCTCGTTCCAGCGCGGTGGCCGCGCCGTGCTGATCCCCTCACCTTCACTGGGTGTTCGGTGTTCTCCGCCTCGGGCTGTCACAAATCGTGCTGCTGTGAGCCACTGCGTGCAG,7264eaeaa20b05d189c3d41d7a84aa2d3923ab7365d12d9b0297d376b54c0154,-0.0912219848071263,0.147435215560019,0.252785340236797,-255.6972119957209,-252.63138933479783,-233.8548756875097,-235.85532496497035,5.066271938383721,1.0,0.147435215560019,0.0,1,0.18751978673296074,0.18216460459877223,0.1501433469024087,0.00340235443839626,1.0
chr19:35418182:G:A;chr19:35418193:C:T;var1;middle;OL41|K562|459d44ccaa8e8121,chr19:35418182:G:A;chr19:35418193:C:T;var1;middle;OL41,K562,K562_region_01122,100,111,11,CAGACCTGTGTCGGCGCGGAACCCGGACTGAGACATGCGTGAGCGTTGGGTGGACCGGGCGAGGATCCCGGGCCGGCGAGTGCGGGAGCGGCAGGGCAGGGAGGGTGCGTCGGCCGGGGCCGGTGTGCATCCGCGAAGACTGGGTGCATGGCCTCCATGCGAACCTGAGCTATTAATATTTGTTACTATTTTGGATAAAA,992c7ebaca62d82c0c60f66cab43b2d8df067614b6e1690cf49c398662ef2cee,0.0,CAGACCTGTGTCGGCGCGGAACCCGGACTGAGACATGCGTGAGCGTTGGGTGGACCGGGCGAGGATCCCGGGCCGGCGAGTGCGGGAGCGGCAGGGCAGAGAGGGTGCGTCGGCCGGGGCCGGTGTGCATCCGCGAAGACTGGGTGCATGGCCTCCATGCGAACCTGAGCTATTAATATTTGTTACTATTTTGGATAAAA,545336886fce02ce001a87170e46d5a3ea4bbd21b41318bb981d79f8ebb6bcc4,0.0010257583131159,CAGACCTGTGTCGGCGCGGAACCCGGACTGAGACATGCGTGAGCGTTGGGTGGACCGGGCGAGGATCCCGGGCCGGCGAGTGCGGGAGCGGCAGGGCAGGGAGGGTGCGTTGGCCGGGGCCGGTGTGCATCCGCGAAGACTGGGTGCATGGCCTCCATGCGAACCTGAGCTATTAATATTTGTTACTATTTTGGATAAAA,13103d9a0b9c69a535db3983d90f6d965699079f5e7e2f5ca083f096be7780e5,0.0248068974506579,CAGACCTGTGTCGGCGCGGAACCCGGACTGAGACATGCGTGAGCGTTGGGTGGACCGGGCGAGGATCCCGGGCCGGCGAGTGCGGGAGCGGCAGGGCAGAGAGGGTGCGTTGGCCGGGGCCGGTGTGCATCCGCGAAGACTGGGTGCATGGCCTCCATGCGAACCTGAGCTATTAATATTTGTTACTATTTTGGATAAAA,459d44ccaa8e812126865084742dc4c064d9ec1ccf978229611738cf729b90bd,0.398894899728192,-0.3730622439644181,0.279800932446829,-273.0062752366066,-275.05178368091583,-273.13331040740013,-274.8682997226715,-0.31051912903785706,1.0,-0.3730622439644181,0.0,1,0.1820492251308274,0.18216460459877223,0.1501433469024087,0.15435621868599217,1.0
chr19:35556640:T:C;chr19:35556729:C:T;var1;middle;OL32|K562|8755705f82b03686,chr19:35556640:T:C;chr19:35556729:C:T;var1;middle;OL32,K562,K562_region_01123,100,189,89,ATGTTCTGTGCTGGCTACCCCGAGGGTGGCATTGATGCCTGCCAGGTGAGGGACTCTGTAGGGGCAGCCCCCTGGTCGCTGCCACCCCAGGGATGGAGATGCAGGGGAGTGGGTGGTCAGGCTCCCCATCTAAAAGCCTGAGGGCTCTGGGGCCACAGCCCATGTCATCCCGGGGTGGGCCTCCTGTCCAACCACTTTGG,2d35d2e2f874d25e058f35283f5f50cb22c06eb274c58cb0952710e868af250e,0.0,ATGTTCTGTGCTGGCTACCCCGAGGGTGGCATTGATGCCTGCCAGGTGAGGGACTCTGTAGGGGCAGCCCCCTGGTCGCTGCCACCCCAGGGATGGAGACGCAGGGGAGTGGGTGGTCAGGCTCCCCATCTAAAAGCCTGAGGGCTCTGGGGCCACAGCCCATGTCATCCCGGGGTGGGCCTCCTGTCCAACCACTTTGG,d8d8afe96908783e1f72c60f434933cb49cb94cd43f166427867bfa49f0ff0d3,0.396236457178839,ATGTTCTGTGCTGGCTACCCCGAGGGTGGCATTGATGCCTGCCAGGTGAGGGACTCTGTAGGGGCAGCCCCCTGGTCGCTGCCACCCCAGGGATGGAGATGCAGGGGAGTGGGTGGTCAGGCTCCCCATCTAAAAGCCTGAGGGCTCTGGGGCCACAGCCCATGTCATCCCGGGGTGGGCCTCCTGTCTAACCACTTTGG,7f874605737b56fcc6cc15f313ed8355df56d7a077ed86ddfda6c332d1847411,0.584804690536842,ATGTTCTGTGCTGGCTACCCCGAGGGTGGCATTGATGCCTGCCAGGTGAGGGACTCTGTAGGGGCAGCCCCCTGGTCGCTGCCACCCCAGGGATGGAGACGCAGGGGAGTGGGTGGTCAGGCTCCCCATCTAAAAGCCTGAGGGCTCTGGGGCCACAGCCCATGTCATCCCGGGGTGGGCCTCCTGTCTAACCACTTTGG,8755705f82b036864c2683f43020fe3943e87d101196668da2f4d9e3ce0e7015,0.514527150699148,0.466513997016533,0.338686170035335,-258.7309557115659,-287.99542402662337,-239.3075188472867,-279.258500861004,10.686513698659837,1.0,0.466513997016533,0.0,2,0.19075489633937504,0.17490732828716207,0.146091925319964,0.24527001035411689,1.0
chr19:35800662:G:T;chr19:35800720:G:C;var1;middle;OL41|K562|409f7412acd5b65c,chr19:35800662:G:T;chr19:35800720:G:C;var1;middle;OL41,K562,K562_region_01124,100,158,58,AGCTTGCAGTGAAAACAGGCAGCCGGCGGGGTCGTAGTGAGGTCAAGGCGCTCTCAGTCAGGACAGAGAAAAAAGGAGGGGAAATTGGAGGGCCCTACAGGAAGCTACCGCCCCCATCCTTGGCCACACTGGCCTTGCCTTGAGCCAAGGAGTCTCCGGGGCCGGGCCTCGCGTTGGCTCCGGGCCACCCTCAGACCTGA,a34987b6a3126ec4d0061e40b177ae76bdaeccb5ba086ae48382efd524c6a145,0.0,AGCTTGCAGTGAAAACAGGCAGCCGGCGGGGTCGTAGTGAGGTCAAGGCGCTCTCAGTCAGGACAGAGAAAAAAGGAGGGGAAATTGGAGGGCCCTACATGAAGCTACCGCCCCCATCCTTGGCCACACTGGCCTTGCCTTGAGCCAAGGAGTCTCCGGGGCCGGGCCTCGCGTTGGCTCCGGGCCACCCTCAGACCTGA,3dd7bd9bbbfab17b4b9b34c9ac6eb7a583b9a992d73e6e9948768e4d29f79809,-1.60958184795723,AGCTTGCAGTGAAAACAGGCAGCCGGCGGGGTCGTAGTGAGGTCAAGGCGCTCTCAGTCAGGACAGAGAAAAAAGGAGGGGAAATTGGAGGGCCCTACAGGAAGCTACCGCCCCCATCCTTGGCCACACTGGCCTTGCCTTGAGCCAAGGAGTCTCCCGGGCCGGGCCTCGCGTTGGCTCCGGGCCACCCTCAGACCTGA,06d8bb20e0a926028ebfccf7df820ce6da5c84991f5c812271977a7683d0b528,-0.480548734248607,AGCTTGCAGTGAAAACAGGCAGCCGGCGGGGTCGTAGTGAGGTCAAGGCGCTCTCAGTCAGGACAGAGAAAAAAGGAGGGGAAATTGGAGGGCCCTACATGAAGCTACCGCCCCCATCCTTGGCCACACTGGCCTTGCCTTGAGCCAAGGAGTCTCCCGGGCCGGGCCTCGCGTTGGCTCCGGGCCACCCTCAGACCTGA,409f7412acd5b65cf53d1bca868a264714971adbd8431498b62e9313896c9904,-1.80140090009663,-0.2887296821092067,0.21799291260193,-373.46474609244615,-371.5995685560629,-308.9250517925248,-273.90211218595505,-33.157762070186436,1.0,-0.2887296821092067,0.0,2,0.12691408593052134,0.17490732828716207,0.146091925319964,0.25551264837567333,1.0
chr19:3617460:A:G;chr19:3617493:G:A;var1;middle;OL41|K562|ecf1f5f520acd1f1,chr19:3617460:A:G;chr19:3617493:G:A;var1;middle;OL41,K562,K562_region_01056,100,133,33,AAGTCAAGACCCCTCGGTTCCCTACTCCTGGAAACCATGTTGAAAGGAGAATCAGAAACAAACTCCCTCGGAAGACACCAAAGCCACCTGGGGTCCCCAACTGTAACGCGTGAGGGGAAAGGAGGGCTGAGCGACGTGGTGGAGGCAGAAGGCCATGGAAGGGATGGGAGAGGCCGGGGCCTAGGGCAGTGGGGCACGCT,90793170917094b33ce6f9d923d8e511c09911cc7d477159ef45560520ea3d46,0.0,AAGTCAAGACCCCTCGGTTCCCTACTCCTGGAAACCATGTTGAAAGGAGAATCAGAAACAAACTCCCTCGGAAGACACCAAAGCCACCTGGGGTCCCCAGCTGTAACGCGTGAGGGGAAAGGAGGGCTGAGCGACGTGGTGGAGGCAGAAGGCCATGGAAGGGATGGGAGAGGCCGGGGCCTAGGGCAGTGGGGCACGCT,5b8d4af95de6c9b70ba373396707a60e379b8ca88993ff56518dbf3a93395bf6,-0.271942613038191,AAGTCAAGACCCCTCGGTTCCCTACTCCTGGAAACCATGTTGAAAGGAGAATCAGAAACAAACTCCCTCGGAAGACACCAAAGCCACCTGGGGTCCCCAACTGTAACGCGTGAGGGGAAAGGAGGGCTGAGCAACGTGGTGGAGGCAGAAGGCCATGGAAGGGATGGGAGAGGCCGGGGCCTAGGGCAGTGGGGCACGCT,9aaa5833280593eb4da91e565ff51693115e1e3a2622170c10343aae71826377,0.184916311216501,AAGTCAAGACCCCTCGGTTCCCTACTCCTGGAAACCATGTTGAAAGGAGAATCAGAAACAAACTCCCTCGGAAGACACCAAAGCCACCTGGGGTCCCCAGCTGTAACGCGTGAGGGGAAAGGAGGGCTGAGCAACGTGGTGGAGGCAGAAGGCCATGGAAGGGATGGGAGAGGCCGGGGCCTAGGGCAGTGGGGCACGCT,ecf1f5f520acd1f1f7c88f181f4679a1155c92d43aa26547b87197e78bb5fa64,-0.0793052593907166,0.0077210424309733,0.410563456550139,-427.2695084332954,-430.1844165145885,-429.3368235344533,-435.9065939036664,-3.654862287920025,-1.0,-0.0077210424309733,0.0,0,0.1810817913405345,0.18565657667894103,0.15145376406925343,0.13010118233015885,1.0
chr19:36209680:C:T;chr19:36209700:T:G;var1;middle;OL41|K562|133a396bfe5617a2,chr19:36209680:C:T;chr19:36209700:T:G;var1;middle;OL41,K562,K562_region_01125,100,120,20,GCAGTGGGGACTGCATGTCCAGCCAGTCGTGGTTGACAGCGGCAGCGTGGCCTTGGCAGACAGGTTGGAGCTGTCTGGGCTCTTACCTGTGGGCCGCCCCGCCGGGCCTCGCAACCTCCTGGTTTCTCCAGGGCCCCAGTTTCTCTTGGCATCTCAGGTAGAGTGGTGGAGGGCTTCCTCTTGGGGCTCGGGTTGAACAG,172f8310a480f04656880e9beec4f4d90947985ad7c818baab2b807f7d2bc20d,0.0,GCAGTGGGGACTGCATGTCCAGCCAGTCGTGGTTGACAGCGGCAGCGTGGCCTTGGCAGACAGGTTGGAGCTGTCTGGGCTCTTACCTGTGGGCCGCCCTGCCGGGCCTCGCAACCTCCTGGTTTCTCCAGGGCCCCAGTTTCTCTTGGCATCTCAGGTAGAGTGGTGGAGGGCTTCCTCTTGGGGCTCGGGTTGAACAG,4e0512b6ec37dbcc7ff9b0d4c7227aea7f211d868b9d18f6caff1977d1c83408,0.219254113406749,GCAGTGGGGACTGCATGTCCAGCCAGTCGTGGTTGACAGCGGCAGCGTGGCCTTGGCAGACAGGTTGGAGCTGTCTGGGCTCTTACCTGTGGGCCGCCCCGCCGGGCCTCGCAACCTCCGGGTTTCTCCAGGGCCCCAGTTTCTCTTGGCATCTCAGGTAGAGTGGTGGAGGGCTTCCTCTTGGGGCTCGGGTTGAACAG,cf2041aeb88541ddafcfb75b6dfb0116aff34120ff2651b8d44e78f9bf7e5785,0.140889609702351,GCAGTGGGGACTGCATGTCCAGCCAGTCGTGGTTGACAGCGGCAGCGTGGCCTTGGCAGACAGGTTGGAGCTGTCTGGGCTCTTACCTGTGGGCCGCCCTGCCGGGCCTCGCAACCTCCGGGTTTCTCCAGGGCCCCAGTTTCTCTTGGCATCTCAGGTAGAGTGGTGGAGGGCTTCCTCTTGGGGCTCGGGTTGAACAG,133a396bfe5617a2d989e76de6e9b5cbcac8b69eb361d55a328de7868ba7867c,-0.0121564275383701,0.3723001506474701,0.238126484243226,-321.8826208226383,-325.7732527027838,-336.4450358131435,-347.83993045124225,7.504262757953256,1.0,0.3723001506474701,0.0,2,0.18612128167893172,0.17490732828716207,0.146091925319964,0.1187884096621398,1.0
chr19:36235928:A:C;chr19:36236000:C:A;var1;middle;OL41|K562|36bacdd1bfe62686,chr19:36235928:A:C;chr19:36236000:C:A;var1;middle;OL41,K562,K562_region_01126,100,172,72,ATGGGGGCGCGACCAAGTTCCCGGGAAAACGGCACGAAGACCGGTGGGAGGAGCCTGCAGAAAGGTCCAATGAGAAAAAAAGCCGGGCGGTGGGGAGGGACTCAGGAACCCGGAATAGGCGGGACATGGTGACGACGGCCCCAGAAGGGGAAGGGCCAGGGAGCCGTTAACCCCCGAGGCTCCGTGCCGGGTCTCACCTG,5e27356981e354c9c86e296b57a267cf8264510e4e4daeb800d213953d25a57b,0.0,ATGGGGGCGCGACCAAGTTCCCGGGAAAACGGCACGAAGACCGGTGGGAGGAGCCTGCAGAAAGGTCCAATGAGAAAAAAAGCCGGGCGGTGGGGAGGGCCTCAGGAACCCGGAATAGGCGGGACATGGTGACGACGGCCCCAGAAGGGGAAGGGCCAGGGAGCCGTTAACCCCCGAGGCTCCGTGCCGGGTCTCACCTG,5bf0b0710e94f9c37169bea354ba228e677ab0cff17e4d43e114fb4b7879c241,0.0498958997782553,ATGGGGGCGCGACCAAGTTCCCGGGAAAACGGCACGAAGACCGGTGGGAGGAGCCTGCAGAAAGGTCCAATGAGAAAAAAAGCCGGGCGGTGGGGAGGGACTCAGGAACCCGGAATAGGCGGGACATGGTGACGACGGCCCCAGAAGGGGAAGGGCCAGGGAGCCGTTAACACCCGAGGCTCCGTGCCGGGTCTCACCTG,77ccd528b9e10d74fa7b1359b8a49ee3403fbd0df82a5f97441a65872102280b,0.100909450039376,ATGGGGGCGCGACCAAGTTCCCGGGAAAACGGCACGAAGACCGGTGGGAGGAGCCTGCAGAAAGGTCCAATGAGAAAAAAAGCCGGGCGGTGGGGAGGGCCTCAGGAACCCGGAATAGGCGGGACATGGTGACGACGGCCCCAGAAGGGGAAGGGCCAGGGAGCCGTTAACACCCGAGGCTCCGTGCCGGGTCTCACCTG,36bacdd1bfe62686968ea7fa90044a95ca3404bfcb60032756dcca7393a670ff,0.159250684649346,-0.0084453348317146,0.18010143606352,-432.5287773410091,-415.0703656152473,-443.2028550092364,-424.34346969309263,-1.4009735903819092,1.0,-0.0084453348317146,0.0,2,0.17315453755120547,0.17490732828716207,0.146091925319964,0.21350568746431003,1.0
chr19:36605794:C:T;chr19:36605875:G:T;var1;middle;OL41|K562|bd01e27562be05de,chr19:36605794:C:T;chr19:36605875:G:T;var1;middle;OL41,K562,K562_region_01127,100,181,81,CTCACCATTCCTGGCAGAAGCGAATACCCACGAAGCCCGGCTCGTAAGTCCCGTCGGGCTCCATGGCGACGCGCAGCCCGCGCAGCCCTCCCAGCCTTCCGCGCTTGCTCCGCCGCGCTACAGGTCGCGGGAGGGGCCAGGCCTAGGTGCTTCGCCAAAAGAGGGCGGAGCTGCGCACACGTGCTGGCTCCCCGCCGCCT,be8b8482ce8b76df0fb25e59e78d8af04eee58c3b2770ca94ea0364089f75968,0.0,CTCACCATTCCTGGCAGAAGCGAATACCCACGAAGCCCGGCTCGTAAGTCCCGTCGGGCTCCATGGCGACGCGCAGCCCGCGCAGCCCTCCCAGCCTTCTGCGCTTGCTCCGCCGCGCTACAGGTCGCGGGAGGGGCCAGGCCTAGGTGCTTCGCCAAAAGAGGGCGGAGCTGCGCACACGTGCTGGCTCCCCGCCGCCT,b998a85bae8c923838aed3314ed09e49058df3395fae44ef3ba997b77669d23d,0.251668132353708,CTCACCATTCCTGGCAGAAGCGAATACCCACGAAGCCCGGCTCGTAAGTCCCGTCGGGCTCCATGGCGACGCGCAGCCCGCGCAGCCCTCCCAGCCTTCCGCGCTTGCTCCGCCGCGCTACAGGTCGCGGGAGGGGCCAGGCCTAGGTGCTTCGCCAAAAGAGGGCGGAGCTGCGCACACTTGCTGGCTCCCCGCCGCCT,5807a824cb828b4a5bafc977cb0ae73cfade36696dfeaef64aa229498973ae1e,0.873190579379874,CTCACCATTCCTGGCAGAAGCGAATACCCACGAAGCCCGGCTCGTAAGTCCCGTCGGGCTCCATGGCGACGCGCAGCCCGCGCAGCCCTCCCAGCCTTCTGCGCTTGCTCCGCCGCGCTACAGGTCGCGGGAGGGGCCAGGCCTAGGTGCTTCGCCAAAAGAGGGCGGAGCTGCGCACACTTGCTGGCTCCCCGCCGCCT,bd01e27562be05de8659ac9169c34f6b4a86d944c90b38eec1b973be7703d379,1.19491644893471,-0.0700577372011279,0.226201697448325,-324.6444707852788,-321.9750027358532,-330.108611070551,-328.6043212991208,1.1651782779954374,1.0,-0.0700577372011279,0.0,0,0.18727259554680895,0.18565657667894103,0.15145376406925343,0.14312346122976558,1.0
chr19:3755835:T:C;chr19:3755846:G:C;var1;middle;OL30|K562|0a4177e4a57e11c4,chr19:3755835:T:C;chr19:3755846:G:C;var1;middle;OL30,K562,K562_region_01057,100,111,11,GTGAGCCGAGAGAGATCGCACCACTGCACACCAGCCTGGGTGACAGAGCAAGATTCCATCTCCAAAAACAAAAAGGAAAAAAAAAAAAAAGCTTTACTCTCATGGTTCTAGAATTCCCTGAGCTACCCAGAGCCAGACAGCTCTGCCAGTGGCCCTAGAACATTCTAACCAGTAACTACGGCTCTTTGGTTTAGAACCAC,e8737a3005de8c96360a897b1a27b54bafc38d5e966266140fc9e38c61ccf1a7,0.0,GTGAGCCGAGAGAGATCGCACCACTGCACACCAGCCTGGGTGACAGAGCAAGATTCCATCTCCAAAAACAAAAAGGAAAAAAAAAAAAAAGCTTTACTCCCATGGTTCTAGAATTCCCTGAGCTACCCAGAGCCAGACAGCTCTGCCAGTGGCCCTAGAACATTCTAACCAGTAACTACGGCTCTTTGGTTTAGAACCAC,66b8c8cd63417e50bf93ef6348cfffe638395de89377bd5b1bc0e0484fa36c5b,0.203981582278182,GTGAGCCGAGAGAGATCGCACCACTGCACACCAGCCTGGGTGACAGAGCAAGATTCCATCTCCAAAAACAAAAAGGAAAAAAAAAAAAAAGCTTTACTCTCATGGTTCTACAATTCCCTGAGCTACCCAGAGCCAGACAGCTCTGCCAGTGGCCCTAGAACATTCTAACCAGTAACTACGGCTCTTTGGTTTAGAACCAC,50f8d73cbaa2e80c0481dcedfc4f79c1ae5d9096b85e238262c64943e377bed8,0.33039142246511,GTGAGCCGAGAGAGATCGCACCACTGCACACCAGCCTGGGTGACAGAGCAAGATTCCATCTCCAAAAACAAAAAGGAAAAAAAAAAAAAAGCTTTACTCCCATGGTTCTACAATTCCCTGAGCTACCCAGAGCCAGACAGCTCTGCCAGTGGCCCTAGAACATTCTAACCAGTAACTACGGCTCTTTGGTTTAGAACCAC,0a4177e4a57e11c42481cc8be35bc0c03a3363f22dca056f2f92fe1caea416e9,0.170429762460031,0.3639432422832609,0.359140452728749,-243.16219299496152,-240.13369227480143,-240.94122254941607,-236.48951176460832,-1.4232100646476624,1.0,0.3639432422832609,0.0,2,0.17312215944681517,0.17490732828716207,0.146091925319964,0.2781358153461854,1.0
chr19:3812466:C:G;chr19:3812479:C:T;var1;middle;OL41|K562|133d672e9d89514d,chr19:3812466:C:G;chr19:3812479:C:T;var1;middle;OL41,K562,K562_region_01058,100,113,13,TGTGCCCGACCTAAAAAGGGAGTTTTAGAAGCTCACCTCCCCACCACGCTGGGCCTGGGGAGAGGAAGCGGGGGCAGGAAAAGGCCGACAGGAAGTGCACTTTCCTGGGGGGCGGCTCACGGGGCTCTTCTGTCACTGATCTGTCCTCACAGAAGGATTTCCGCTCACTTCATCACCCACCCGAGCCAGGAAAGAGCCAC,58074b16d61a7ea379f499f05c8b18ccd7a76cd0123bf012973cd2f91133e54a,0.0,TGTGCCCGACCTAAAAAGGGAGTTTTAGAAGCTCACCTCCCCACCACGCTGGGCCTGGGGAGAGGAAGCGGGGGCAGGAAAAGGCCGACAGGAAGTGCAGTTTCCTGGGGGGCGGCTCACGGGGCTCTTCTGTCACTGATCTGTCCTCACAGAAGGATTTCCGCTCACTTCATCACCCACCCGAGCCAGGAAAGAGCCAC,44561dee1a8aa30915d714e3efc2d7bd69fc63ef49e0c8472a952028aec9a198,0.246864376133285,TGTGCCCGACCTAAAAAGGGAGTTTTAGAAGCTCACCTCCCCACCACGCTGGGCCTGGGGAGAGGAAGCGGGGGCAGGAAAAGGCCGACAGGAAGTGCACTTTCCTGGGGGGTGGCTCACGGGGCTCTTCTGTCACTGATCTGTCCTCACAGAAGGATTTCCGCTCACTTCATCACCCACCCGAGCCAGGAAAGAGCCAC,3e23150316f76be64f4adaced5649a3c337c794aac5839ab0980718f004ddb5e,0.698087314526709,TGTGCCCGACCTAAAAAGGGAGTTTTAGAAGCTCACCTCCCCACCACGCTGGGCCTGGGGAGAGGAAGCGGGGGCAGGAAAAGGCCGACAGGAAGTGCAGTTTCCTGGGGGGTGGCTCACGGGGCTCTTCTGTCACTGATCTGTCCTCACAGAAGGATTTCCGCTCACTTCATCACCCACCCGAGCCAGGAAAGAGCCAC,133d672e9d89514d6221736c352106627c70727860220f16f7c95f4ff511b0f9,0.879765823635368,0.0651858670246259,0.17031806014589,-300.1230403217487,-302.52598414663225,-263.0672722235322,-273.6208232454956,8.150607197079864,1.0,0.0651858670246259,0.0,1,0.1906579123961587,0.18216460459877223,0.1501433469024087,0.23629684874312618,1.0
chr19:384644:A:G;chr19:384724:G:A;var1;middle;OL41|K562|d1b0c8b798ed0f46,chr19:384644:A:G;chr19:384724:G:A;var1;middle;OL41,K562,K562_region_01013,100,180,80,CCCAGACTACAGAACACCAAATACTGTGATGAGAAATTACTTCCCTTTTCCTTCAGGGCCAGTCCTGGCTACCCCAAGGGGAAAGTCGCAGCTTGGTGCAAATGAAAGTTCAACTGTCCCCAGCATTGTCAATGGTTTTTACAGAGAGAGAGCAGGCCCAAGCCTGGGGCAGAGCATAGGAGCTGGTTAGTAACCTTGTT,215cc1579a4adf903ce3a01bf8e036ed7b555b8c59a9f6c98787046ff2e20cad,0.0,CCCAGACTACAGAACACCAAATACTGTGATGAGAAATTACTTCCCTTTTCCTTCAGGGCCAGTCCTGGCTACCCCAAGGGGAAAGTCGCAGCTTGGTGCGAATGAAAGTTCAACTGTCCCCAGCATTGTCAATGGTTTTTACAGAGAGAGAGCAGGCCCAAGCCTGGGGCAGAGCATAGGAGCTGGTTAGTAACCTTGTT,9c13bccd15c10385964fd69b97a3426c98f0ad56158ff5baa63893fe5c1902fe,-0.0320585518674072,CCCAGACTACAGAACACCAAATACTGTGATGAGAAATTACTTCCCTTTTCCTTCAGGGCCAGTCCTGGCTACCCCAAGGGGAAAGTCGCAGCTTGGTGCAAATGAAAGTTCAACTGTCCCCAGCATTGTCAATGGTTTTTACAGAGAGAGAGCAGGCCCAAGCCTGGGGCAGAGCATAGAAGCTGGTTAGTAACCTTGTT,46a7f6ae8e16d26ba7e6c8f9d62e39203cf0cb409bbc44ae80890f02c605cc57,-0.0236892368724666,CCCAGACTACAGAACACCAAATACTGTGATGAGAAATTACTTCCCTTTTCCTTCAGGGCCAGTCCTGGCTACCCCAAGGGGAAAGTCGCAGCTTGGTGCGAATGAAAGTTCAACTGTCCCCAGCATTGTCAATGGTTTTTACAGAGAGAGAGCAGGCCCAAGCCTGGGGCAGAGCATAGAAGCTGGTTAGTAACCTTGTT,d1b0c8b798ed0f46e385bd5a0c28a6d5bfc351d3f7d5a491bce3ad6b7732b3e2,-0.179538443649797,0.1237906549099232,0.25589116051186,-315.69782188674435,-337.6697409339249,-272.21743208914995,-295.7393819070421,1.5500307707116008,1.0,0.1237906549099232,0.0,0,0.18776689562543286,0.18565657667894103,0.15145376406925343,0.15455351491765118,1.0
chr19:384724:G:A;chr19:384812:C:G;var1;middle;OL41|K562|4b6771e391425108,chr19:384724:G:A;chr19:384812:C:G;var1;middle;OL41,K562,K562_region_01013,100,188,88,GAAAGTCGCAGCTTGGTGCAAATGAAAGTTCAACTGTCCCCAGCATTGTCAATGGTTTTTACAGAGAGAGAGCAGGCCCAAGCCTGGGGCAGAGCATAGGAGCTGGTTAGTAACCTTGTTTTGTTCTCACTGCTGTTTGTTTGCATGCCTTTCTGGCTTTGTTTGTGTTGTTGTTTTGAAATAATTGCGAACTTTCAAGA,60eba78cef1a2a44f3b2a80f7772c51f7be9dff9faf5b4d84fbb1a7ce2400a84,0.0,GAAAGTCGCAGCTTGGTGCAAATGAAAGTTCAACTGTCCCCAGCATTGTCAATGGTTTTTACAGAGAGAGAGCAGGCCCAAGCCTGGGGCAGAGCATAGAAGCTGGTTAGTAACCTTGTTTTGTTCTCACTGCTGTTTGTTTGCATGCCTTTCTGGCTTTGTTTGTGTTGTTGTTTTGAAATAATTGCGAACTTTCAAGA,bf566a4290da6ec6bdc31c7c24617107b0c1e61b2c72be317a65af6acf799036,0.175619605809226,GAAAGTCGCAGCTTGGTGCAAATGAAAGTTCAACTGTCCCCAGCATTGTCAATGGTTTTTACAGAGAGAGAGCAGGCCCAAGCCTGGGGCAGAGCATAGGAGCTGGTTAGTAACCTTGTTTTGTTCTCACTGCTGTTTGTTTGCATGCCTTTCTGGCTTTGTTTGTGTTGTTGTTTTGAAATAATTGGGAACTTTCAAGA,d4876d2876986734c9a4b31849c0037a02fa31f9f7691f90b3b407234623ca37,-0.102337779662687,GAAAGTCGCAGCTTGGTGCAAATGAAAGTTCAACTGTCCCCAGCATTGTCAATGGTTTTTACAGAGAGAGAGCAGGCCCAAGCCTGGGGCAGAGCATAGAAGCTGGTTAGTAACCTTGTTTTGTTCTCACTGCTGTTTGTTTGCATGCCTTTCTGGCTTTGTTTGTGTTGTTGTTTTGAAATAATTGGGAACTTTCAAGA,4b6771e3914251085604cebd1d8b00d0870a3aa189464d93f113a43a3a259a66,-0.0175273924432845,-0.0908092185898234,0.162599835030067,-304.5502996891737,-298.55427964311093,-294.6136405877769,-294.1816432615742,-5.564022719860077,-1.0,0.0908092185898234,0.0,0,0.1786296878217206,0.18565657667894103,0.15145376406925343,0.12571045179957527,1.0
chr19:39260470:A:C;chr19:39260544:T:A;var1;middle;OL41|K562|d092d56a67202a0b,chr19:39260470:A:C;chr19:39260544:T:A;var1;middle;OL41,K562,K562_region_01128,100,174,74,AGGACGCGGGAAGAGACTGCCCAGCCCGAGGGTCGCAGGGGCAGAAAACCCCAGGTCCTGAACGCGCCTGGGCCCCGCGGCGAACCTGGCGTCCCCACCAGACACCAGAATCAGATTCAGGCCAGGCCAGGAACCACCCCAGCTTCCTGCATCCGCCTTGGTCCAGGCAGCAATGACGGCGGCGGCCGCCAGGGGGACGG,140bd325aad160139ead64da1de77b7e300ecf24316bac13250d1217767155aa,0.0,AGGACGCGGGAAGAGACTGCCCAGCCCGAGGGTCGCAGGGGCAGAAAACCCCAGGTCCTGAACGCGCCTGGGCCCCGCGGCGAACCTGGCGTCCCCACCCGACACCAGAATCAGATTCAGGCCAGGCCAGGAACCACCCCAGCTTCCTGCATCCGCCTTGGTCCAGGCAGCAATGACGGCGGCGGCCGCCAGGGGGACGG,be9be8099dba275b54f2d1272f7f918cc607b8fb083e2f526500e81ae8720b39,-0.121612669406134,AGGACGCGGGAAGAGACTGCCCAGCCCGAGGGTCGCAGGGGCAGAAAACCCCAGGTCCTGAACGCGCCTGGGCCCCGCGGCGAACCTGGCGTCCCCACCAGACACCAGAATCAGATTCAGGCCAGGCCAGGAACCACCCCAGCTTCCTGCATCCGCCTTGGTCCAGGCAGCAAAGACGGCGGCGGCCGCCAGGGGGACGG,5df67cdffce60c63d14ec700ce7be752c95716c46d6592868984443d7aad7d2e,-0.162574304890519,AGGACGCGGGAAGAGACTGCCCAGCCCGAGGGTCGCAGGGGCAGAAAACCCCAGGTCCTGAACGCGCCTGGGCCCCGCGGCGAACCTGGCGTCCCCACCCGACACCAGAATCAGATTCAGGCCAGGCCAGGAACCACCCCAGCTTCCTGCATCCGCCTTGGTCCAGGCAGCAAAGACGGCGGCGGCCGCCAGGGGGACGG,d092d56a67202a0b44421e419b95894674ecec97cb1e4d6819c7e8268a92f2f3,-0.15104466811534,0.1331423061813129,0.301092212609344,-303.83367142279167,-304.6732606436126,-291.94080738560297,-293.9200930381194,-1.1396964316954836,-1.0,-0.1331423061813129,0.0,1,0.1812055870841933,0.18216460459877223,0.1501433469024087,0.2792410973947164,1.0
chr19:39260544:T:A;chr19:39260589:C:G;var1;middle;OL41|K562|5d44cc7bb83f824b,chr19:39260544:T:A;chr19:39260589:C:G;var1;middle;OL41,K562,K562_region_01128,100,145,45,CCGCGGCGAACCTGGCGTCCCCACCAGACACCAGAATCAGATTCAGGCCAGGCCAGGAACCACCCCAGCTTCCTGCATCCGCCTTGGTCCAGGCAGCAATGACGGCGGCGGCCGCCAGGGGGACGGAAGCTCAAGGGCGGGGATCCAGGCCCAAGCCTGGGCGCGCCCACCAAGGCGTGGATCCGGACGAAGGTTCCGGA,56b35e9379c21930e0cea69e495cfa68aea805cbfab174e29229c501de5204bd,0.0,CCGCGGCGAACCTGGCGTCCCCACCAGACACCAGAATCAGATTCAGGCCAGGCCAGGAACCACCCCAGCTTCCTGCATCCGCCTTGGTCCAGGCAGCAAAGACGGCGGCGGCCGCCAGGGGGACGGAAGCTCAAGGGCGGGGATCCAGGCCCAAGCCTGGGCGCGCCCACCAAGGCGTGGATCCGGACGAAGGTTCCGGA,225b6cb1e0f19b29b26b7c584486142d03b67350595252c69e0db6a99660ff33,-0.461668239427029,CCGCGGCGAACCTGGCGTCCCCACCAGACACCAGAATCAGATTCAGGCCAGGCCAGGAACCACCCCAGCTTCCTGCATCCGCCTTGGTCCAGGCAGCAATGACGGCGGCGGCCGCCAGGGGGACGGAAGCTCAAGGGCGGGGATGCAGGCCCAAGCCTGGGCGCGCCCACCAAGGCGTGGATCCGGACGAAGGTTCCGGA,387a01b74267dd4dd332a97067142d26f26a7adce3f556cda87e3680d8fbc984,0.236981249314607,CCGCGGCGAACCTGGCGTCCCCACCAGACACCAGAATCAGATTCAGGCCAGGCCAGGAACCACCCCAGCTTCCTGCATCCGCCTTGGTCCAGGCAGCAAAGACGGCGGCGGCCGCCAGGGGGACGGAAGCTCAAGGGCGGGGATGCAGGCCCAAGCCTGGGCGCGCCCACCAAGGCGTGGATCCGGACGAAGGTTCCGGA,5d44cc7bb83f824bb40fe2aa1400fc24e9acfa9cab501664810dd1feac54094b,-0.277383475689454,-0.0526964855770319,0.323319229064265,-299.8044220446609,-319.02174721169285,-262.346082592383,-284.2054612180218,-2.6420534586068243,-1.0,0.0526964855770319,0.0,1,0.17967702914674352,0.18216460459877223,0.1501433469024087,0.27423558151380595,1.0
chr19:39260682:A:T;chr19:39260702:C:G;var1;middle;OL41|K562|711f0ce14e4fa35a,chr19:39260682:A:T;chr19:39260702:C:G;var1;middle;OL41,K562,K562_region_01128,100,120,20,GGGGATCCAGGCCCAAGCCTGGGCGCGCCCACCAAGGCGTGGATCCGGACGAAGGTTCCGGAACAGCCGGTCCCGAGCACCCACGTGCAGCTTCCGATCACAGCCCTGGCGTGGCTTCTCTGTCCCCGGCTAAGGCCCGCGGTCGCTGCAGGGTGCCTCGCCGAGGGTGCGGGCTCGGGGCTCACAGTGCTCCCAGCCTC,ec9c590bf913ba9ba6e426886f09da2a8fd31bd5b8c30fdd05df3c36e9725705,0.0,GGGGATCCAGGCCCAAGCCTGGGCGCGCCCACCAAGGCGTGGATCCGGACGAAGGTTCCGGAACAGCCGGTCCCGAGCACCCACGTGCAGCTTCCGATCTCAGCCCTGGCGTGGCTTCTCTGTCCCCGGCTAAGGCCCGCGGTCGCTGCAGGGTGCCTCGCCGAGGGTGCGGGCTCGGGGCTCACAGTGCTCCCAGCCTC,85822cd8669abd14af15c60855c78ec87ac77a3e8083e705063d15618554c06b,0.0155673271894321,GGGGATCCAGGCCCAAGCCTGGGCGCGCCCACCAAGGCGTGGATCCGGACGAAGGTTCCGGAACAGCCGGTCCCGAGCACCCACGTGCAGCTTCCGATCACAGCCCTGGCGTGGCTTCTGTGTCCCCGGCTAAGGCCCGCGGTCGCTGCAGGGTGCCTCGCCGAGGGTGCGGGCTCGGGGCTCACAGTGCTCCCAGCCTC,1594555101ced7990566666c0ba06a670f81859e8beb2a905fdf91ef48a8fba2,-0.166316548398036,GGGGATCCAGGCCCAAGCCTGGGCGCGCCCACCAAGGCGTGGATCCGGACGAAGGTTCCGGAACAGCCGGTCCCGAGCACCCACGTGCAGCTTCCGATCTCAGCCCTGGCGTGGCTTCTGTGTCCCCGGCTAAGGCCCGCGGTCGCTGCAGGGTGCCTCGCCGAGGGTGCGGGCTCGGGGCTCACAGTGCTCCCAGCCTC,711f0ce14e4fa35af025dba08d17140a808f032451bdbfa76ca0a87f3efa4a12,0.326170231259355,0.4769194524679589,0.481721215825629,-303.6975010558963,-331.0082988981157,-302.9065617546439,-329.77935008239,0.43800951447337866,-1.0,-0.4769194524679589,0.0,1,0.18281080801622177,0.18216460459877223,0.1501433469024087,0.11207255655809562,1.0
chr19:39283345:A:G;chr19:39283401:C:G;var1;middle;OL41|K562|e199a58ca8befa0d,chr19:39283345:A:G;chr19:39283401:C:G;var1;middle;OL41,K562,K562_region_01129,100,156,56,CCCACCCTCGGCGAGGCACCCTGCAGCGGTCGCGGGTCTCTCAACCGGGGACCGAGGAGCCAGGCCAGGGCTGCGATCGGAAGCTGCACGTGGGTGTTCAGGGCCGGCTGTTCCGGAACCTTAGTGCAGAGCCACATCTTGGTGGGCGCGCCAGGCCTTGGGTCTCGATCCCCGCCCTTGAGCCTCCGACCCCCTGGCGT,59e3120c2f76f91ebedc8bdef86c6bdd286643f66debd8913918c9fa617103c0,0.0,CCCACCCTCGGCGAGGCACCCTGCAGCGGTCGCGGGTCTCTCAACCGGGGACCGAGGAGCCAGGCCAGGGCTGCGATCGGAAGCTGCACGTGGGTGTTCGGGGCCGGCTGTTCCGGAACCTTAGTGCAGAGCCACATCTTGGTGGGCGCGCCAGGCCTTGGGTCTCGATCCCCGCCCTTGAGCCTCCGACCCCCTGGCGT,30fdaadcec336d25e153ccf50883aa87670688923b62e81096a7d5119cbd08cb,0.0376534135130284,CCCACCCTCGGCGAGGCACCCTGCAGCGGTCGCGGGTCTCTCAACCGGGGACCGAGGAGCCAGGCCAGGGCTGCGATCGGAAGCTGCACGTGGGTGTTCAGGGCCGGCTGTTCCGGAACCTTAGTGCAGAGCCACATCTTGGTGGGCGCGCCAGGGCTTGGGTCTCGATCCCCGCCCTTGAGCCTCCGACCCCCTGGCGT,ead56365a31aaf81585abbb31c43821cd90b234503c8b04901b85fb6f4b8f333,0.104125332971595,CCCACCCTCGGCGAGGCACCCTGCAGCGGTCGCGGGTCTCTCAACCGGGGACCGAGGAGCCAGGCCAGGGCTGCGATCGGAAGCTGCACGTGGGTGTTCGGGGCCGGCTGTTCCGGAACCTTAGTGCAGAGCCACATCTTGGTGGGCGCGCCAGGGCTTGGGTCTCGATCCCCGCCCTTGAGCCTCCGACCCCCTGGCGT,e199a58ca8befa0d6cc4dde87a7bca24560a17e9d36b3acf0bda07d44e61084a,0.0238616348893589,0.1179171115952645,0.334438096262463,-291.11869894713163,-300.4640831872821,-269.2926253378391,-273.0831870734692,-5.554822504520359,1.0,0.1179171115952645,0.0,1,0.17671346178869504,0.18216460459877223,0.1501433469024087,0.3432730145818025,1.0
chr19:39379855:G:A;chr19:39379906:G:A;var1;middle;OL41|K562|75433306bcc284b0,chr19:39379855:G:A;chr19:39379906:G:A;var1;middle;OL41,K562,K562_region_01130,100,151,51,TGTCCTTCAGCAGGCGCATGAAGTAGTGACAGATGGTTGGCTGCAGGGAAGAGCGACAGCACTGCTGACGACTGCAGGGAACAGCCACAGGCCACTGCCGCATGCCAGGAACTGTTCTAGGCACTGTGACTGTTTTACCCCCAGGGAACCGTCACAGCAGCCGCGTCGGGGAGAGACCACTGCTATCCCCAGATCACAGA,0df37602083b550c1d0ca106440fdb67a6d96a6db1ae68e929267e08d31f5da2,0.0,TGTCCTTCAGCAGGCGCATGAAGTAGTGACAGATGGTTGGCTGCAGGGAAGAGCGACAGCACTGCTGACGACTGCAGGGAACAGCCACAGGCCACTGCCACATGCCAGGAACTGTTCTAGGCACTGTGACTGTTTTACCCCCAGGGAACCGTCACAGCAGCCGCGTCGGGGAGAGACCACTGCTATCCCCAGATCACAGA,4276cef7c5abbb628c29b39b230ef4a1d0506cb786bfeea771270bed2d3d523e,-0.300512734998487,TGTCCTTCAGCAGGCGCATGAAGTAGTGACAGATGGTTGGCTGCAGGGAAGAGCGACAGCACTGCTGACGACTGCAGGGAACAGCCACAGGCCACTGCCGCATGCCAGGAACTGTTCTAGGCACTGTGACTGTTTTACCCCCAGGGAACCATCACAGCAGCCGCGTCGGGGAGAGACCACTGCTATCCCCAGATCACAGA,9e64fb34e437beecb82240d2eb1340bdc87e5feafc9f299a9ed353d4eae939e1,-0.208911657577029,TGTCCTTCAGCAGGCGCATGAAGTAGTGACAGATGGTTGGCTGCAGGGAAGAGCGACAGCACTGCTGACGACTGCAGGGAACAGCCACAGGCCACTGCCACATGCCAGGAACTGTTCTAGGCACTGTGACTGTTTTACCCCCAGGGAACCATCACAGCAGCCGCGTCGGGGAGAGACCACTGCTATCCCCAGATCACAGA,75433306bcc284b04c286fb762e2e738e67e4c38e3740af5e4782408d0c78b85,-0.480857190854449,-0.0285672017210669,0.187292167863415,-223.98771154135463,-219.1486820988357,-224.21636443212628,-219.2148306183517,-0.16250437125566464,1.0,-0.0285672017210669,0.0,4,0.17599791652063332,0.17620727786206916,0.145609630836647,0.12013510472598865,1.0
chr19:39906985:T:C;chr19:39907036:C:T;var1;middle;OL41|K562|423119c2cd6ad9c0,chr19:39906985:T:C;chr19:39907036:C:T;var1;middle;OL41,K562,K562_region_01131,100,151,51,GCCCCCAGCCCCAGCAGACCATTGGGGCCTCAGCCTCCTGGAGGCCTCCCATGGAGGGGTCGTGAAGGCAGGCGGTTCCTCACCCTCCCCTCTCCCCTGTAGCGAGCTCCTGGAGGACTTGGAGAACAGCAGCAGCGCCGGGGGTATTGCCGAGTGCTTCGTGCAGAGGGTGAGTGGAGGGGTGGGGGGCTCTCGGTCCT,823122cdc0de812cb3870da200d257a1435351ec6ecd06e33484ad2f4c1c3e3a,0.0,GCCCCCAGCCCCAGCAGACCATTGGGGCCTCAGCCTCCTGGAGGCCTCCCATGGAGGGGTCGTGAAGGCAGGCGGTTCCTCACCCTCCCCTCTCCCCTGCAGCGAGCTCCTGGAGGACTTGGAGAACAGCAGCAGCGCCGGGGGTATTGCCGAGTGCTTCGTGCAGAGGGTGAGTGGAGGGGTGGGGGGCTCTCGGTCCT,d294203c3598e17739b8d60f1e1c7ceb61836c107ebccd537bb0f4aa13bd8668,0.382284110284743,GCCCCCAGCCCCAGCAGACCATTGGGGCCTCAGCCTCCTGGAGGCCTCCCATGGAGGGGTCGTGAAGGCAGGCGGTTCCTCACCCTCCCCTCTCCCCTGTAGCGAGCTCCTGGAGGACTTGGAGAACAGCAGCAGCGCCGGGGGTATTGCTGAGTGCTTCGTGCAGAGGGTGAGTGGAGGGGTGGGGGGCTCTCGGTCCT,6c5ac60cc77d8b9e02f00b0702a6d0cc2376b3c0a5f40216a9556a5a9fb46ef5,0.136398521937914,GCCCCCAGCCCCAGCAGACCATTGGGGCCTCAGCCTCCTGGAGGCCTCCCATGGAGGGGTCGTGAAGGCAGGCGGTTCCTCACCCTCCCCTCTCCCCTGCAGCGAGCTCCTGGAGGACTTGGAGAACAGCAGCAGCGCCGGGGGTATTGCTGAGTGCTTCGTGCAGAGGGTGAGTGGAGGGGTGGGGGGCTCTCGGTCCT,423119c2cd6ad9c06e84a5f9e9bde2593edc0ad9fe6d20b3e664e4f56a4c16dd,0.246144621989114,0.2725380102335429,0.227146057497558,-220.6607420067303,-220.03319562063552,-219.98919112537988,-216.20413659513,-3.1575081441551163,1.0,0.2725380102335429,0.0,3,0.17511318888627658,0.18106719778262317,0.1474303780702046,0.20990199744169774,1.0
chr19:39926521:G:A;chr19:39926601:C:T;var1;middle;OL41|K562|a5b165c9f89be166,chr19:39926521:G:A;chr19:39926601:C:T;var1;middle;OL41,K562,K562_region_01132,100,180,80,CCACCGACCTCTCCCAGACCCTGGCCTTCTCCTTCCCCTCCCCTTCCCATCCGGCGTCTGGCTCACCTTGCGTCCGAAGACCTGCACAGACTGCAGCGGGCCCTTGGACGGCATGGCTCCGAGCGTGGACTAGACAACCTCACCGCGCGGCGCCGCAACCGGAAAAGGAAAGCTAGGGGCCACCCTGGCCGCTTTTCAGG,d959cc765f25ad099d605777997a6c2bfbf61043526e5fe32e06933822b7c950,0.0,CCACCGACCTCTCCCAGACCCTGGCCTTCTCCTTCCCCTCCCCTTCCCATCCGGCGTCTGGCTCACCTTGCGTCCGAAGACCTGCACAGACTGCAGCGGACCCTTGGACGGCATGGCTCCGAGCGTGGACTAGACAACCTCACCGCGCGGCGCCGCAACCGGAAAAGGAAAGCTAGGGGCCACCCTGGCCGCTTTTCAGG,e8e534a58daf29a56962656e77c1a6441a67b84c06984d1ac41c6b493693fc87,-0.170679119060805,CCACCGACCTCTCCCAGACCCTGGCCTTCTCCTTCCCCTCCCCTTCCCATCCGGCGTCTGGCTCACCTTGCGTCCGAAGACCTGCACAGACTGCAGCGGGCCCTTGGACGGCATGGCTCCGAGCGTGGACTAGACAACCTCACCGCGCGGCGCCGCAACCGGAAAAGGAAAGCTAGGGGTCACCCTGGCCGCTTTTCAGG,7bf55d0e6857c4c4464723eb359ca65a7f42d650b223e1664d76719ad5b7bd11,-0.0771626416273216,CCACCGACCTCTCCCAGACCCTGGCCTTCTCCTTCCCCTCCCCTTCCCATCCGGCGTCTGGCTCACCTTGCGTCCGAAGACCTGCACAGACTGCAGCGGACCCTTGGACGGCATGGCTCCGAGCGTGGACTAGACAACCTCACCGCGCGGCGCCGCAACCGGAAAAGGAAAGCTAGGGGTCACCCTGGCCGCTTTTCAGG,a5b165c9f89be1665c319dfad38a1e9963e99d931e1afa1e8cc07d0e0a6c8d52,-0.317622740790445,0.0697809801023184,0.356947977835045,-262.95486599672586,-269.4797852486372,-275.051556433551,-281.50413595326245,-0.0723397321999073,1.0,0.0697809801023184,0.0,0,0.18568314176564504,0.18565657667894103,0.15145376406925343,0.2684399513521053,1.0
chr19:40591182:T:C;chr19:40591209:A:G;var1;middle;OL41|K562|5620e5ba61114826,chr19:40591182:T:C;chr19:40591209:A:G;var1;middle;OL41,K562,K562_region_01133,100,127,27,AGCTGAGAAGGGATTGCATCATCCAAACCAGAACCTCTTTGTGAAATCAGGATTGGGTGCAGTGGGGGAAGGCATGAGAACTGGAAAGCATATTTGCACTGGCAGTGTTTGCACCAAATTGCACTGACAGTGTTCAGCATTCTAAATTCAGCAAAAGCCAGTTGGTTAATACAGTTCAGAACATCCACTTAATAGAATAC,8e8d4aa59addfd3cfc83a4e58e7a54edd7f7474738f5ca81b18bc3501d82b37d,0.0,AGCTGAGAAGGGATTGCATCATCCAAACCAGAACCTCTTTGTGAAATCAGGATTGGGTGCAGTGGGGGAAGGCATGAGAACTGGAAAGCATATTTGCACCGGCAGTGTTTGCACCAAATTGCACTGACAGTGTTCAGCATTCTAAATTCAGCAAAAGCCAGTTGGTTAATACAGTTCAGAACATCCACTTAATAGAATAC,54592c61e648bddac8bdf4d98e1ea56bb77fe7eb8e0598ff6afcfec3bbce7427,-0.108884501628262,AGCTGAGAAGGGATTGCATCATCCAAACCAGAACCTCTTTGTGAAATCAGGATTGGGTGCAGTGGGGGAAGGCATGAGAACTGGAAAGCATATTTGCACTGGCAGTGTTTGCACCAAATTGCACTGGCAGTGTTCAGCATTCTAAATTCAGCAAAAGCCAGTTGGTTAATACAGTTCAGAACATCCACTTAATAGAATAC,581c3dea0a0688c7cf21bcf1841bccb0e7679762dd76da90d7ce7a10768a64d1,-0.414928389661365,AGCTGAGAAGGGATTGCATCATCCAAACCAGAACCTCTTTGTGAAATCAGGATTGGGTGCAGTGGGGGAAGGCATGAGAACTGGAAAGCATATTTGCACCGGCAGTGTTTGCACCAAATTGCACTGGCAGTGTTCAGCATTCTAAATTCAGCAAAAGCCAGTTGGTTAATACAGTTCAGAACATCCACTTAATAGAATAC,5620e5ba61114826d77f42406bfcd1b9a612bcfd028cafa56c185f9a2fc22eb7,-0.0587383356704827,0.4650745556191443,0.359520248642162,-342.03633829322644,-353.8025088168215,-337.0404204183724,-351.1042616465129,-2.297670704545453,-1.0,-0.4650745556191443,0.0,3,0.17684506091360191,0.18106719778262317,0.1474303780702046,0.2335907770068809,1.0
chr19:41090190:C:T;chr19:41090260:C:G;var1;middle;OL30|K562|9cc490868ef8c92f,chr19:41090190:C:T;chr19:41090260:C:G;var1;middle;OL30,K562,K562_region_01134,100,170,70,TCCCTGTATATAAGCACGTTCTAGGTGCTAGATGGTGGCCACCCTCTCCACTAGGGGCAGAATGGACCATTAGGAGTTAATCTTTGTGTTTCTTTCCCACCTTTGTGATTAAGGCATGATGTTCACATGTTCATAAAACAACACAGATGCAGGTTTTACAGCAGATGAACCTGAGTTCTCTTACTTGAGACAGTTTTTTG,de8682c935ac0a12cabd6ebf7d5dd07a612fadce7d6e588a93155755a26029ed,0.0,TCCCTGTATATAAGCACGTTCTAGGTGCTAGATGGTGGCCACCCTCTCCACTAGGGGCAGAATGGACCATTAGGAGTTAATCTTTGTGTTTCTTTCCCATCTTTGTGATTAAGGCATGATGTTCACATGTTCATAAAACAACACAGATGCAGGTTTTACAGCAGATGAACCTGAGTTCTCTTACTTGAGACAGTTTTTTG,69ff7c792df8f7a96a4907a869dbbda6720cd6d5a080408864043617ad4f2549,0.697700867120794,TCCCTGTATATAAGCACGTTCTAGGTGCTAGATGGTGGCCACCCTCTCCACTAGGGGCAGAATGGACCATTAGGAGTTAATCTTTGTGTTTCTTTCCCACCTTTGTGATTAAGGCATGATGTTCACATGTTCATAAAACAACACAGATGCAGGTTTTACAGCAGATGAAGCTGAGTTCTCTTACTTGAGACAGTTTTTTG,e874f191425502208fc7d0849b688a725013fe9e7856a9a73681845d91cd9615,0.076929685807249,TCCCTGTATATAAGCACGTTCTAGGTGCTAGATGGTGGCCACCCTCTCCACTAGGGGCAGAATGGACCATTAGGAGTTAATCTTTGTGTTTCTTTCCCATCTTTGTGATTAAGGCATGATGTTCACATGTTCATAAAACAACACAGATGCAGGTTTTACAGCAGATGAAGCTGAGTTCTCTTACTTGAGACAGTTTTTTG,9cc490868ef8c92fa92c59d6e48a21602e5443a87be6a9689c4a298fb8a43f3f,0.734915911391722,0.039714641536321,0.126736362469197,-346.00733847916126,-339.59424455231056,-346.9628621500451,-340.4022526498884,-0.14751557330600917,1.0,0.039714641536321,0.0,4,0.17601649380645823,0.17620727786206916,0.145609630836647,0.19583860904931327,1.0
chr19:41116166:C:G;chr19:41116251:G:C;var1;middle;OL41|K562|f87bd05027335e96,chr19:41116166:C:G;chr19:41116251:G:C;var1;middle;OL41,K562,K562_region_01135,100,185,85,CCTGACTAACTCCCTCCCCCAGGCCCCGCCACTGTCCTGCAACTGCGGCAACCAATCTCCTGACCGCGACCCCGATTCCAACCCTGCCACACCAGAGCCCTATCCCCAAACTGCTCCTTTCTTCTCTAGCCCCTACCCCACCTTCCCTTAGCTTGGTCCCCAAAGCTCTCCTTTCTGCCCTTGCGCTACCAAACCCTGCC,b936dd52b1b1cd36bdc145a95b8a414dcbe66705efbeb98d3edfaba07e7ec083,0.0,CCTGACTAACTCCCTCCCCCAGGCCCCGCCACTGTCCTGCAACTGCGGCAACCAATCTCCTGACCGCGACCCCGATTCCAACCCTGCCACACCAGAGCCGTATCCCCAAACTGCTCCTTTCTTCTCTAGCCCCTACCCCACCTTCCCTTAGCTTGGTCCCCAAAGCTCTCCTTTCTGCCCTTGCGCTACCAAACCCTGCC,d4b171644097c9847f4523f57086075ebb4b7b348d056ae37361cc5a18f1f51b,0.123433300018461,CCTGACTAACTCCCTCCCCCAGGCCCCGCCACTGTCCTGCAACTGCGGCAACCAATCTCCTGACCGCGACCCCGATTCCAACCCTGCCACACCAGAGCCCTATCCCCAAACTGCTCCTTTCTTCTCTAGCCCCTACCCCACCTTCCCTTAGCTTGGTCCCCAAAGCTCTCCTTTCTGCCCTTGCCCTACCAAACCCTGCC,9fc8d28d3a52041b140402f81cbeea4d2f111e3ba3c00c2d24295135c5de7872,0.0064480746490907,CCTGACTAACTCCCTCCCCCAGGCCCCGCCACTGTCCTGCAACTGCGGCAACCAATCTCCTGACCGCGACCCCGATTCCAACCCTGCCACACCAGAGCCGTATCCCCAAACTGCTCCTTTCTTCTCTAGCCCCTACCCCACCTTCCCTTAGCTTGGTCCCCAAAGCTCTCCTTTCTGCCCTTGCCCTACCAAACCCTGCC,f87bd05027335e96fb0d16bba74fa7cd57c4ae359340b75e57c440093401c2a2,-0.3103867831948,0.4402681578623517,0.605159196012311,-249.342081412673,-252.55127319693565,-241.9568770825863,-247.16465762257576,1.9985887557268143,1.0,0.4402681578623517,0.0,1,0.1843986035558356,0.18216460459877223,0.1501433469024087,0.3601226227421331,1.0
chr19:41324179:G:A;chr19:41324225:C:T;var1;middle;OL33|K562|6e816c5f0f3d0a29,chr19:41324179:G:A;chr19:41324225:C:T;var1;middle;OL33,K562,K562_region_01136,100,146,46,CCTCCCAAAGTGCTGGGATTACAGGTGTGAGCCACTTCGCCTGGTCCTGCTATCTTTTTCTCTGTCTTGGTTTCTCTGCCTCACTGGCTTCAGGTCCTCGCAGCCTTTACCTTCAAGCCTGTCTCCAGGATACAATTTGTCCCACCCTAGCCACCCTAAAGGTGAGGGCAAAACTAGCCAGTGTCTCCATCTCTGCAGCC,27326f79963dfa1992d5ad365490e68c6d8298e7e08c9e7ce43a52e3d1d56e2a,0.0,CCTCCCAAAGTGCTGGGATTACAGGTGTGAGCCACTTCGCCTGGTCCTGCTATCTTTTTCTCTGTCTTGGTTTCTCTGCCTCACTGGCTTCAGGTCCTCACAGCCTTTACCTTCAAGCCTGTCTCCAGGATACAATTTGTCCCACCCTAGCCACCCTAAAGGTGAGGGCAAAACTAGCCAGTGTCTCCATCTCTGCAGCC,403de8f9723ec0fbdb30dd0f032e7ab822fc15e56f8cb57f8a41c691ef32a25a,-0.302219402788437,CCTCCCAAAGTGCTGGGATTACAGGTGTGAGCCACTTCGCCTGGTCCTGCTATCTTTTTCTCTGTCTTGGTTTCTCTGCCTCACTGGCTTCAGGTCCTCGCAGCCTTTACCTTCAAGCCTGTCTCCAGGATACAATTTGTCCCACTCTAGCCACCCTAAAGGTGAGGGCAAAACTAGCCAGTGTCTCCATCTCTGCAGCC,6856c916030dfc3451b814bc3fb79511536b82b32b09c5a924a937be2d9fbd3c,0.298570340761106,CCTCCCAAAGTGCTGGGATTACAGGTGTGAGCCACTTCGCCTGGTCCTGCTATCTTTTTCTCTGTCTTGGTTTCTCTGCCTCACTGGCTTCAGGTCCTCACAGCCTTTACCTTCAAGCCTGTCTCCAGGATACAATTTGTCCCACTCTAGCCACCCTAAAGGTGAGGGCAAAACTAGCCAGTGTCTCCATCTCTGCAGCC,6e816c5f0f3d0a299da2d2c07030c2d7d4a6f0d4c8a5ce660a4dc4fa516d720d,0.0470698408910372,0.0507189029183682,0.375986509670062,-204.4718321748078,-200.07154658343643,-204.83903458248824,-200.5883831800893,-0.14963418897241354,-1.0,-0.0507189029183682,0.0,0,0.18558386566172744,0.18565657667894103,0.15145376406925343,0.34319854953141016,1.0
chr19:41324180:C:A;chr19:41324225:C:T;var1;middle;OL33|K562|f004728ea099f68d,chr19:41324180:C:A;chr19:41324225:C:T;var1;middle;OL33,K562,K562_region_01136,100,145,45,CTCCCAAAGTGCTGGGATTACAGGTGTGAGCCACTTCGCCTGGTCCTGCTATCTTTTTCTCTGTCTTGGTTTCTCTGCCTCACTGGCTTCAGGTCCTCGCAGCCTTTACCTTCAAGCCTGTCTCCAGGATACAATTTGTCCCACCCTAGCCACCCTAAAGGTGAGGGCAAAACTAGCCAGTGTCTCCATCTCTGCAGCCA,2d602a650ca6f36462bd7ce64e6cd64bea77ceb60692d103173c65ec74e9e494,0.0,CTCCCAAAGTGCTGGGATTACAGGTGTGAGCCACTTCGCCTGGTCCTGCTATCTTTTTCTCTGTCTTGGTTTCTCTGCCTCACTGGCTTCAGGTCCTCGAAGCCTTTACCTTCAAGCCTGTCTCCAGGATACAATTTGTCCCACCCTAGCCACCCTAAAGGTGAGGGCAAAACTAGCCAGTGTCTCCATCTCTGCAGCCA,4c1a43c0f2aa01e9c9b8dbc9fb1c45ba0c15e4db13351779ceaa483b3725d6ac,0.147922005475562,CTCCCAAAGTGCTGGGATTACAGGTGTGAGCCACTTCGCCTGGTCCTGCTATCTTTTTCTCTGTCTTGGTTTCTCTGCCTCACTGGCTTCAGGTCCTCGCAGCCTTTACCTTCAAGCCTGTCTCCAGGATACAATTTGTCCCACTCTAGCCACCCTAAAGGTGAGGGCAAAACTAGCCAGTGTCTCCATCTCTGCAGCCA,8605648e84b2faf20c686cfdf10ed8ce0d2636727a0a25ca557eab1aaf77eb8c,-0.0266662537411149,CTCCCAAAGTGCTGGGATTACAGGTGTGAGCCACTTCGCCTGGTCCTGCTATCTTTTTCTCTGTCTTGGTTTCTCTGCCTCACTGGCTTCAGGTCCTCGAAGCCTTTACCTTCAAGCCTGTCTCCAGGATACAATTTGTCCCACTCTAGCCACCCTAAAGGTGAGGGCAAAACTAGCCAGTGTCTCCATCTCTGCAGCCA,f004728ea099f68d1aa62bebd61fe3a1651c53c7623f9d73c854125a68ec1a10,-0.0504764929703926,0.1717322447048397,0.352420724865433,-204.5043830703944,-206.0028103441,-204.7650081934408,-206.77424306981263,0.5108076026662332,1.0,0.1717322447048397,0.0,0,0.18643212943995965,0.18565657667894103,0.15145376406925343,0.27314112432342386,1.0
chr19:41444406:A:G;chr19:41444410:A:C;var1;middle;OL30|K562|0645fc5638ea6e73,chr19:41444406:A:G;chr19:41444410:A:C;var1;middle;OL30,K562,K562_region_01137,100,104,4,CTTTTTTGTAGAGACAGGTTCTCCTTATGGTGCCCAGGCTGGTCTTGAATTCCTGATCCTTTTGCCTCAGGCTCCCAAAGTGCTGGGATTAGAGGTATGAGCCACTGTGCCCACCCAGGGCTTTTTAATTTATACAAGCAATTGATTAAACACCTACTCTGCCCAGCCCCTACCCCTGGGATTTAGCTGTATTCACTCCC,7af1d3fa337bfefb38a40322b2cb58637152d2e21be96cdfd8620cac477f9f97,0.0,CTTTTTTGTAGAGACAGGTTCTCCTTATGGTGCCCAGGCTGGTCTTGAATTCCTGATCCTTTTGCCTCAGGCTCCCAAAGTGCTGGGATTAGAGGTATGGGCCACTGTGCCCACCCAGGGCTTTTTAATTTATACAAGCAATTGATTAAACACCTACTCTGCCCAGCCCCTACCCCTGGGATTTAGCTGTATTCACTCCC,4af797d97c01791611b93f20b952bf071883c42b587b3e1cae1e61ca79f46f1d,-0.457606289678201,CTTTTTTGTAGAGACAGGTTCTCCTTATGGTGCCCAGGCTGGTCTTGAATTCCTGATCCTTTTGCCTCAGGCTCCCAAAGTGCTGGGATTAGAGGTATGAGCCCCTGTGCCCACCCAGGGCTTTTTAATTTATACAAGCAATTGATTAAACACCTACTCTGCCCAGCCCCTACCCCTGGGATTTAGCTGTATTCACTCCC,b303ddfed2946f015aef2ca1504dd95521d44df07153825095d992f8f8a8842a,-0.403496544095799,CTTTTTTGTAGAGACAGGTTCTCCTTATGGTGCCCAGGCTGGTCTTGAATTCCTGATCCTTTTGCCTCAGGCTCCCAAAGTGCTGGGATTAGAGGTATGGGCCCCTGTGCCCACCCAGGGCTTTTTAATTTATACAAGCAATTGATTAAACACCTACTCTGCCCAGCCCCTACCCCTGGGATTTAGCTGTATTCACTCCC,0645fc5638ea6e73828cb3f6ee6402945da2beac9fd10a4b273687d1851c09e8,-0.232109262623647,0.6289935711503529,0.280788478820235,-152.45373722258955,-156.12752169836313,-157.26865217462182,-161.0721161738038,-0.12967952340841293,-1.0,-0.6289935711503529,0.0,0,0.18560949520276948,0.18565657667894103,0.15145376406925343,0.043238872239773934,1.0
chr19:41918009:C:T;chr19:41918054:G:A;var1;middle;OL41|K562|52063a7329579330,chr19:41918009:C:T;chr19:41918054:G:A;var1;middle;OL41,K562,K562_region_01138,100,145,45,GAGCCGCGAGGAGCTCTGGCCCCGGGGTGTCCCTCAGGGTGCTGGCCAGGCTGCCTTTGTTCCGCTTTACACATGGCCCTGTGTGATCTCATGTCCATCCGTATGCCAGGGCTGCCCAGAGCCCCAGCCAGACTGCTTGTCAGAGCCCTGCTTGGCTTCTCGCCCTGGATGTCCCACAGCAAACTAATCCTGTCTGAACT,faffcfa5d3444e8ccb1c0e81c2792644b39e6b682f48292c28e9a4d736a7aead,0.0,GAGCCGCGAGGAGCTCTGGCCCCGGGGTGTCCCTCAGGGTGCTGGCCAGGCTGCCTTTGTTCCGCTTTACACATGGCCCTGTGTGATCTCATGTCCATCTGTATGCCAGGGCTGCCCAGAGCCCCAGCCAGACTGCTTGTCAGAGCCCTGCTTGGCTTCTCGCCCTGGATGTCCCACAGCAAACTAATCCTGTCTGAACT,96a3c781b81eceb365f24f307e2ee9c95ae75dbc1bcc103838b2510ad5b647d5,-0.419116481323002,GAGCCGCGAGGAGCTCTGGCCCCGGGGTGTCCCTCAGGGTGCTGGCCAGGCTGCCTTTGTTCCGCTTTACACATGGCCCTGTGTGATCTCATGTCCATCCGTATGCCAGGGCTGCCCAGAGCCCCAGCCAGACTGCTTGTCAGAACCCTGCTTGGCTTCTCGCCCTGGATGTCCCACAGCAAACTAATCCTGTCTGAACT,9b28d77b8b810aa18196388454dd40834c239e887bad55bdbdc42302fa6df0fa,-0.278856687688964,GAGCCGCGAGGAGCTCTGGCCCCGGGGTGTCCCTCAGGGTGCTGGCCAGGCTGCCTTTGTTCCGCTTTACACATGGCCCTGTGTGATCTCATGTCCATCTGTATGCCAGGGCTGCCCAGAGCCCCAGCCAGACTGCTTGTCAGAACCCTGCTTGGCTTCTCGCCCTGGATGTCCCACAGCAAACTAATCCTGTCTGAACT,52063a7329579330e30a54ae9bd1f7da7b611b8714f5d814850ade0fdf389e6e,-0.566443631307126,-0.1315295377048398,0.401801629622043,-285.56193644646555,-273.6981455888599,-290.6740566226654,-282.3299829168245,3.5197171517647803,1.0,-0.1315295377048398,0.0,3,0.18856235866818616,0.18106719778262317,0.1474303780702046,0.12477281122522728,1.0
chr19:425290:G:A;chr19:425305:C:T;var1;middle;OL41|K562|0156a4097410a128,chr19:425290:G:A;chr19:425305:C:T;var1;middle;OL41,K562,K562_region_01014,100,115,15,GCCCCGGGCGTCCGCCTGCACGTAGCCGTCCCCCGGTGGAGCTGGGGAGTGTAAAGAGGGGCAGGGGGTCAGCTGGGAGCCAGGCGAGGGGCTCGCAGGGAGCAAGGCGGGGTCCCACGAGGAGCTCCCCCGGCCACCACCTGTGCTGCTGGCTGCAGGGCGGATGCTGCTCTGGTCTCCCTGTGGTAACCCGCCCGTCT,1a48edd195091f9e7a1b9a62080477bb0bc3e8ac77123cc583ca10e2603cd1f6,0.0,GCCCCGGGCGTCCGCCTGCACGTAGCCGTCCCCCGGTGGAGCTGGGGAGTGTAAAGAGGGGCAGGGGGTCAGCTGGGAGCCAGGCGAGGGGCTCGCAGGAAGCAAGGCGGGGTCCCACGAGGAGCTCCCCCGGCCACCACCTGTGCTGCTGGCTGCAGGGCGGATGCTGCTCTGGTCTCCCTGTGGTAACCCGCCCGTCT,dc12bbe791a284ccf474be4595538d8aea3ee4a9be2cb9eef01555635f5167ff,-0.334195584837958,GCCCCGGGCGTCCGCCTGCACGTAGCCGTCCCCCGGTGGAGCTGGGGAGTGTAAAGAGGGGCAGGGGGTCAGCTGGGAGCCAGGCGAGGGGCTCGCAGGGAGCAAGGCGGGGTCTCACGAGGAGCTCCCCCGGCCACCACCTGTGCTGCTGGCTGCAGGGCGGATGCTGCTCTGGTCTCCCTGTGGTAACCCGCCCGTCT,c43ccedff156597e1908e459b99df5370f21d0f00f9f2cc8c77917edd1b676b4,-0.0811345447647862,GCCCCGGGCGTCCGCCTGCACGTAGCCGTCCCCCGGTGGAGCTGGGGAGTGTAAAGAGGGGCAGGGGGTCAGCTGGGAGCCAGGCGAGGGGCTCGCAGGAAGCAAGGCGGGGTCTCACGAGGAGCTCCCCCGGCCACCACCTGTGCTGCTGGCTGCAGGGCGGATGCTGCTCTGGTCTCCCTGTGGTAACCCGCCCGTCT,0156a4097410a128cf97162e7b1f54bcc31c992db2b285020286d178d491906b,-0.171097589651879,0.2442325399508652,0.406213279507882,-233.374893989414,-237.25335052609444,-237.77068205177784,-240.14407244324684,1.5050661452114298,-1.0,-0.2442325399508652,0.0,2,0.17738596636482576,0.17490732828716207,0.146091925319964,0.10110320618440301,1.0
chr19:4369944:A:G;chr19:4370004:T:C;var1;middle;OL41|K562|1864fa286a64330f,chr19:4369944:A:G;chr19:4370004:T:C;var1;middle;OL41,K562,K562_region_01059,100,160,60,CCCTGTAAGGCCCCTTCTCTCCAAGGCTTATGGGCTAGAAACCAGCACAGATGGACACAGGGATGAGCAGCCACAAGGGAAACACGGGAAAAGCAAGGCAGCCGGGCCACGTGCAGCGCCGGCCGCAAGCGCGGAAACCAAGCGTGGGCTCCTGCCCGCTGGGGCCCTACTCACTGCGGTCTCCACACCAGCACACTGCT,8c6f5bda36a9d03e29e0c8055eb52a26ed1eb458e530d1903bc495e59162b142,0.0,CCCTGTAAGGCCCCTTCTCTCCAAGGCTTATGGGCTAGAAACCAGCACAGATGGACACAGGGATGAGCAGCCACAAGGGAAACACGGGAAAAGCAAGGCGGCCGGGCCACGTGCAGCGCCGGCCGCAAGCGCGGAAACCAAGCGTGGGCTCCTGCCCGCTGGGGCCCTACTCACTGCGGTCTCCACACCAGCACACTGCT,ea3e7828b390141a0e607673436962d27fe9613ffe375b448ff8a2195d80d880,0.397388619055203,CCCTGTAAGGCCCCTTCTCTCCAAGGCTTATGGGCTAGAAACCAGCACAGATGGACACAGGGATGAGCAGCCACAAGGGAAACACGGGAAAAGCAAGGCAGCCGGGCCACGTGCAGCGCCGGCCGCAAGCGCGGAAACCAAGCGTGGGCTCCTGCCCGCCGGGGCCCTACTCACTGCGGTCTCCACACCAGCACACTGCT,3d17a9f72119cd70f1483be3d9f852b193b46c1dde22a0d1ec4d97db1009f5ab,0.473514341054163,CCCTGTAAGGCCCCTTCTCTCCAAGGCTTATGGGCTAGAAACCAGCACAGATGGACACAGGGATGAGCAGCCACAAGGGAAACACGGGAAAAGCAAGGCGGCCGGGCCACGTGCAGCGCCGGCCGCAAGCGCGGAAACCAAGCGTGGGCTCCTGCCCGCCGGGGCCCTACTCACTGCGGTCTCCACACCAGCACACTGCT,1864fa286a64330f7cb6892b5a6ea044189c778e59019772196f86f2db1ad0d1,0.091462440732681,0.7794405193766851,0.304118514479767,-292.2873101667501,-294.6528947209008,-289.3140242192894,-291.5057875558268,-0.17382121761329472,1.0,0.7794405193766851,0.0,3,0.18112288756690145,0.18106719778262317,0.1474303780702046,0.13525565462125727,1.0
chr19:43709798:C:T;chr19:43709815:T:C;var1;middle;OL41|K562|6bed72cea18fb941,chr19:43709798:C:T;chr19:43709815:T:C;var1;middle;OL41,K562,K562_region_01139,100,117,17,GCTTGTGTGTTCTCCTCTGTGGAGATAAGCCTAGGATCCAGAAGCTTCCTGAGTACGGCTGTCAGCTGTGCTGTCCTTCCTCCTTCTGTGCTGAGCCTCCTCCCGGGGCAGGAGCATTTCTCAAGCTCGTGGGCGGGGTCAGGCCCAGGACACCTCTCTGTCCCCTCCTCTCTCAGTTCTGCCTCCTTGTCCCTCCTGTT,f0986f82abb4de03b80f3671709402064f33bf790eaff1e0a28b60526668b80a,0.0,GCTTGTGTGTTCTCCTCTGTGGAGATAAGCCTAGGATCCAGAAGCTTCCTGAGTACGGCTGTCAGCTGTGCTGTCCTTCCTCCTTCTGTGCTGAGCCTCTTCCCGGGGCAGGAGCATTTCTCAAGCTCGTGGGCGGGGTCAGGCCCAGGACACCTCTCTGTCCCCTCCTCTCTCAGTTCTGCCTCCTTGTCCCTCCTGTT,8fbb1a3e5ce47eae2a1245d6cfa7520e5a9714890b111528ec184d0c12cac1bd,-0.312613299759296,GCTTGTGTGTTCTCCTCTGTGGAGATAAGCCTAGGATCCAGAAGCTTCCTGAGTACGGCTGTCAGCTGTGCTGTCCTTCCTCCTTCTGTGCTGAGCCTCCTCCCGGGGCAGGAGCACTTCTCAAGCTCGTGGGCGGGGTCAGGCCCAGGACACCTCTCTGTCCCCTCCTCTCTCAGTTCTGCCTCCTTGTCCCTCCTGTT,1d4f41e8c77ee9e1a73c7ee5ecd94ebd576a1492d9388ae71977d6a0a611ed61,-0.410100762251183,GCTTGTGTGTTCTCCTCTGTGGAGATAAGCCTAGGATCCAGAAGCTTCCTGAGTACGGCTGTCAGCTGTGCTGTCCTTCCTCCTTCTGTGCTGAGCCTCTTCCCGGGGCAGGAGCACTTCTCAAGCTCGTGGGCGGGGTCAGGCCCAGGACACCTCTCTGTCCCCTCCTCTCTCAGTTCTGCCTCCTTGTCCCTCCTGTT,6bed72cea18fb94169bb620c8ffce62ab9e168f64212f0b4a3abbe60c016f8b1,-1.78208717258044,1.0593731105699609,0.205427228406978,-371.8627699678764,-372.40463202504907,-360.23896679794416,-362.1910219638376,1.4101931087207618,1.0,1.0593731105699609,0.0,3,0.1843133861149827,0.18106719778262317,0.1474303780702046,0.2399224909552728,1.0
chr19:44293333:C:T;chr19:44293356:T:C;var1;middle;OL41|K562|8fa283f80b65ae8b,chr19:44293333:C:T;chr19:44293356:T:C;var1;middle;OL41,K562,K562_region_01140,100,123,23,GCTCAATGAATATTTGTTGAAGGAATGCTCTTGTTCAATGATACTGATAGGCGTTTTTTGACTCTAGCCTCTTGTCCTGTTCCACACTGTTCAAGATGGCATTTCTTCATTTCCCTGTCTTTTGTCCTCCGTTAGTTGAGTTGCTGTCTGTGGTTCTGAGACCCAATACTGTGGATCTGTCCTTGGTGCTGACCTGGACT,dae29b75a148b2cbd7e445692bc81978b0bb3e0e146bd279205eea0ed98fce13,0.0,GCTCAATGAATATTTGTTGAAGGAATGCTCTTGTTCAATGATACTGATAGGCGTTTTTTGACTCTAGCCTCTTGTCCTGTTCCACACTGTTCAAGATGGTATTTCTTCATTTCCCTGTCTTTTGTCCTCCGTTAGTTGAGTTGCTGTCTGTGGTTCTGAGACCCAATACTGTGGATCTGTCCTTGGTGCTGACCTGGACT,f0fb0994df9b9397dcbce97cb0bde6d7cdef99a009848faebd83874373df5003,-0.577299389248722,GCTCAATGAATATTTGTTGAAGGAATGCTCTTGTTCAATGATACTGATAGGCGTTTTTTGACTCTAGCCTCTTGTCCTGTTCCACACTGTTCAAGATGGCATTTCTTCATTTCCCTGTCTTTCGTCCTCCGTTAGTTGAGTTGCTGTCTGTGGTTCTGAGACCCAATACTGTGGATCTGTCCTTGGTGCTGACCTGGACT,f07c2d35fe9ee70566afa276ed24b76879d8567a551651bca615410e12eb665d,-0.131797669987349,GCTCAATGAATATTTGTTGAAGGAATGCTCTTGTTCAATGATACTGATAGGCGTTTTTTGACTCTAGCCTCTTGTCCTGTTCCACACTGTTCAAGATGGTATTTCTTCATTTCCCTGTCTTTCGTCCTCCGTTAGTTGAGTTGCTGTCTGTGGTTCTGAGACCCAATACTGTGGATCTGTCCTTGGTGCTGACCTGGACT,8fa283f80b65ae8b1c85acfe38d250bf44bda061eafed3e33df70f9c8dd740f5,0.0055525328367322,0.7146495920728032,0.580270152071784,-329.2481257831678,-356.085572863929,-311.66921130847186,-325.0591386659071,13.447519723325968,-1.0,-0.7146495920728032,0.0,2,0.19477514434364607,0.17490732828716207,0.146091925319964,-0.09066038982753871,1.0
chr19:4445073:A:G;chr19:4445156:A:G;var1;middle;OL41|K562|23c4fe1e16b85861,chr19:4445073:A:G;chr19:4445156:A:G;var1;middle;OL41,K562,K562_region_01060,100,183,83,CCCACGGTTTCAACGGAGAACCAAGAAACTATATTCAAACAACCTGTTTATTTGGGCTTATGATTTACTAACTGCAGGTCTATGTGCAGGAAGGCCAGCATCCCCTCCTGCCGTTGTCACCCACATCCACAGAGCAGCCCTAGTGCCAGGTGCAGCCACTGCCACCCACGGCACACGGGAACAGGACCCATGCTGCAGGC,dc9dc027cf928ab857883165e279685fe55ac18dda21e336e8df5e4deed9c58d,0.0,CCCACGGTTTCAACGGAGAACCAAGAAACTATATTCAAACAACCTGTTTATTTGGGCTTATGATTTACTAACTGCAGGTCTATGTGCAGGAAGGCCAGCGTCCCCTCCTGCCGTTGTCACCCACATCCACAGAGCAGCCCTAGTGCCAGGTGCAGCCACTGCCACCCACGGCACACGGGAACAGGACCCATGCTGCAGGC,b8abac46bf1f01caed492d6aa0b3e678d13de6a3108e47ae96412370191d8181,0.30817001682885,CCCACGGTTTCAACGGAGAACCAAGAAACTATATTCAAACAACCTGTTTATTTGGGCTTATGATTTACTAACTGCAGGTCTATGTGCAGGAAGGCCAGCATCCCCTCCTGCCGTTGTCACCCACATCCACAGAGCAGCCCTAGTGCCAGGTGCAGCCACTGCCACCCACGGCACACGGGAACGGGACCCATGCTGCAGGC,51fcd806d9d535bd93518cc3e4bea221943dcda2c817ebaf88b96f51d7c71de9,0.204440250106546,CCCACGGTTTCAACGGAGAACCAAGAAACTATATTCAAACAACCTGTTTATTTGGGCTTATGATTTACTAACTGCAGGTCTATGTGCAGGAAGGCCAGCGTCCCCTCCTGCCGTTGTCACCCACATCCACAGAGCAGCCCTAGTGCCAGGTGCAGCCACTGCCACCCACGGCACACGGGAACGGGACCCATGCTGCAGGC,23c4fe1e16b85861d2f034757ac5df0deb20ac0299cac307530d2d6d388265f4,-0.147361387348094,0.65997165428349,0.314816533564018,-356.83104869234376,-354.9754908781033,-342.61280464881565,-343.54117754253093,2.783930707955733,1.0,0.65997165428349,0.0,2,0.1792480965667066,0.17490732828716207,0.146091925319964,0.1698206989987356,1.0
chr19:4450325:T:C;chr19:4450330:C:A;var1;middle;OL41|K562|c9758583a0fbe346,chr19:4450325:T:C;chr19:4450330:C:A;var1;middle;OL41,K562,K562_region_01061,100,105,5,AAAAAAAAAAAAGCACTGGAGAGGCCACAAAAGAATTCTCTCAGCATGGAAATGGGGAAGGCATTTCTAAGAATGACCCCAAACCCAAAAGCCATGAACTAAAACTGACACATTTAATTATACAGAGATCAAAAAATCCTACACAGCAAAGTGACCATAAGCAGAGCCAACATAGAAGCAACTAGAGGGAAACATGTGCA,e1bd5bcbdb7210f12763022e16106558fc59892d3358e572326317debcae06ec,0.0,AAAAAAAAAAAAGCACTGGAGAGGCCACAAAAGAATTCTCTCAGCATGGAAATGGGGAAGGCATTTCTAAGAATGACCCCAAACCCAAAAGCCATGAACCAAAACTGACACATTTAATTATACAGAGATCAAAAAATCCTACACAGCAAAGTGACCATAAGCAGAGCCAACATAGAAGCAACTAGAGGGAAACATGTGCA,7a4b1c538d059c60d4754fc5a48c1a8344622311680cdc044311bc98db9d62a1,0.140813175826812,AAAAAAAAAAAAGCACTGGAGAGGCCACAAAAGAATTCTCTCAGCATGGAAATGGGGAAGGCATTTCTAAGAATGACCCCAAACCCAAAAGCCATGAACTAAAAATGACACATTTAATTATACAGAGATCAAAAAATCCTACACAGCAAAGTGACCATAAGCAGAGCCAACATAGAAGCAACTAGAGGGAAACATGTGCA,f7f160dbf97d465435a6a6df36bd9f030d4c7a97119a16f90caa4ef88e927895,0.0170958044018048,AAAAAAAAAAAAGCACTGGAGAGGCCACAAAAGAATTCTCTCAGCATGGAAATGGGGAAGGCATTTCTAAGAATGACCCCAAACCCAAAAGCCATGAACCAAAAATGACACATTTAATTATACAGAGATCAAAAAATCCTACACAGCAAAGTGACCATAAGCAGAGCCAACATAGAAGCAACTAGAGGGAAACATGTGCA,c9758583a0fbe3467fc8e8ba08bdfb7d69e93fb62a579ebee50b534b50ca7a89,0.036132698762571,0.1217762814660458,0.448665881605774,-305.2313210712746,-305.9252801374532,-308.41109347436577,-313.33230147883296,4.22724893828854,1.0,0.1217762814660458,0.0,3,0.1899874588709411,0.18106719778262317,0.1474303780702046,0.27474126812819993,1.0
chr19:44952066:T:G;chr19:44952075:G:C;var1;middle;OL41|K562|ed2cb7b1d28f0782,chr19:44952066:T:G;chr19:44952075:G:C;var1;middle;OL41,K562,K562_region_01141,100,109,9,GGGACACGCCATTCCTGATGCCCAAAGAAAACGTCTACAAGCCTACTTTCACTGCCCCTTTCAGGAGACAAGGAGAATCAAGACAAAATCTCAAGATTTTAATCCAGAGCTGACTGTCACATGCTGTGGGACACTTACAAGTGAAATTCTGCCTGTGTGTGCTTAGGCGGCTACAAAAAGCAGAGCCAGCAACGATACAG,2bc9b10c35561e30506b3ce49968eb46261f1c95d1b56d750f6a9f7de5a65233,0.0,GGGACACGCCATTCCTGATGCCCAAAGAAAACGTCTACAAGCCTACTTTCACTGCCCCTTTCAGGAGACAAGGAGAATCAAGACAAAATCTCAAGATTTGAATCCAGAGCTGACTGTCACATGCTGTGGGACACTTACAAGTGAAATTCTGCCTGTGTGTGCTTAGGCGGCTACAAAAAGCAGAGCCAGCAACGATACAG,094f38b941c58fa772a1e08565f42b75276b8905afa80154e010e26211ef946b,-0.0103610710205998,GGGACACGCCATTCCTGATGCCCAAAGAAAACGTCTACAAGCCTACTTTCACTGCCCCTTTCAGGAGACAAGGAGAATCAAGACAAAATCTCAAGATTTTAATCCAGACCTGACTGTCACATGCTGTGGGACACTTACAAGTGAAATTCTGCCTGTGTGTGCTTAGGCGGCTACAAAAAGCAGAGCCAGCAACGATACAG,cd464bc9e234a4e19cec92b07d4dca92a7e44d9b87c62988c3587bb65d7e94f8,0.36709826818292,GGGACACGCCATTCCTGATGCCCAAAGAAAACGTCTACAAGCCTACTTTCACTGCCCCTTTCAGGAGACAAGGAGAATCAAGACAAAATCTCAAGATTTGAATCCAGACCTGACTGTCACATGCTGTGGGACACTTACAAGTGAAATTCTGCCTGTGTGTGCTTAGGCGGCTACAAAAAGCAGAGCCAGCAACGATACAG,ed2cb7b1d28f0782fca8573d9af024ecdebaae289aba2bd042699703d811d361,-0.0340142574900057,0.3907514546523259,0.230086655346308,-259.63767701387405,-263.2756701409817,-262.04677683115005,-258.1136106401682,-7.571159318089485,1.0,0.3907514546523259,0.0,4,0.1668155457269399,0.17620727786206916,0.145609630836647,0.06905477174751035,1.0
chr19:4518610:T:C;chr19:4518627:A:G;var1;middle;OL41|K562|d1d01caf502769b5,chr19:4518610:T:C;chr19:4518627:A:G;var1;middle;OL41,K562,K562_region_01062,100,117,17,AGCTCCCTGGCCTTATAGGGTCCGGGGCAGGCGCAGGCCCAGCCAGCAGCGGCAGGCGGCCAATGGGCCCGGGGGAGGTGGCCTGGACGGTCACATGGCTACCTGCCCAGCCCAGCATGGGCCCAGGCCCAGCACCTTTCCCCTGTTTCCTGCCCACAGCTTGCATCAGGCTGAGTGGCTCACAGGCCAGATGGGCTCCC,7fa139ebee0144305042c72097df6147cc19bde34635c987adbe1336cfb569b7,0.0,AGCTCCCTGGCCTTATAGGGTCCGGGGCAGGCGCAGGCCCAGCCAGCAGCGGCAGGCGGCCAATGGGCCCGGGGGAGGTGGCCTGGACGGTCACATGGCCACCTGCCCAGCCCAGCATGGGCCCAGGCCCAGCACCTTTCCCCTGTTTCCTGCCCACAGCTTGCATCAGGCTGAGTGGCTCACAGGCCAGATGGGCTCCC,8ed8d6dcb99e0dde0d58aa427078c22c6a232a13bd893e9f2be1902defaf26e3,0.309956891135606,AGCTCCCTGGCCTTATAGGGTCCGGGGCAGGCGCAGGCCCAGCCAGCAGCGGCAGGCGGCCAATGGGCCCGGGGGAGGTGGCCTGGACGGTCACATGGCTACCTGCCCAGCCCAGCGTGGGCCCAGGCCCAGCACCTTTCCCCTGTTTCCTGCCCACAGCTTGCATCAGGCTGAGTGGCTCACAGGCCAGATGGGCTCCC,aa301a13925326ac364556b05711655b1ee42d3f52b53e3d597abbf69b96aa3f,0.862681164108335,AGCTCCCTGGCCTTATAGGGTCCGGGGCAGGCGCAGGCCCAGCCAGCAGCGGCAGGCGGCCAATGGGCCCGGGGGAGGTGGCCTGGACGGTCACATGGCCACCTGCCCAGCCCAGCGTGGGCCCAGGCCCAGCACCTTTCCCCTGTTTCCTGCCCACAGCTTGCATCAGGCTGAGTGGCTCACAGGCCAGATGGGCTCCC,d1d01caf502769b555a671294c456cebe94fc5ac8dc06b6c8ca71ba503a2ae17,0.79958658796067,0.3730514672832711,0.305100365183538,-265.19920650008135,-258.3211433661636,-249.86475514620545,-247.60133705940092,4.6146450471132425,1.0,0.3730514672832711,0.0,3,0.1907677464618987,0.18106719778262317,0.1474303780702046,0.29257325192015504,1.0
chr19:45451620:T:A;chr19:45451656:T:G;var1;middle;OL41|K562|9b56c14861b9e425,chr19:45451620:T:A;chr19:45451656:T:G;var1;middle;OL41,K562,K562_region_01142,100,136,36,TTAAAATCAGGAGTAGAATCACAGAATGTTGGAAAGTGAGGCCCAAGAAGGGGGCTGTGTCCAAGTCCATGCATGGGAAACTTGACTGGGACACCGAGCTCACACAGAGCAGGATCTCAGTCCCCCCCACCAGAGTGGGGCGTGACCACAGGAACAGCCGCCTCCAGTCAGCCTGCCACATGACACCCCCTCAATGTTCC,f4858c3c410f6a2969cbdbc86a91c59a395cc43acb7b3c7b7d7e65e51783c782,0.0,TTAAAATCAGGAGTAGAATCACAGAATGTTGGAAAGTGAGGCCCAAGAAGGGGGCTGTGTCCAAGTCCATGCATGGGAAACTTGACTGGGACACCGAGCACACACAGAGCAGGATCTCAGTCCCCCCCACCAGAGTGGGGCGTGACCACAGGAACAGCCGCCTCCAGTCAGCCTGCCACATGACACCCCCTCAATGTTCC,6fc0f044405ff30d090d6050b2e8ec973de9e01c35b0ff3e64fbac4482f21824,0.0962609465431006,TTAAAATCAGGAGTAGAATCACAGAATGTTGGAAAGTGAGGCCCAAGAAGGGGGCTGTGTCCAAGTCCATGCATGGGAAACTTGACTGGGACACCGAGCTCACACAGAGCAGGATCTCAGTCCCCCCCACCAGAGGGGGGCGTGACCACAGGAACAGCCGCCTCCAGTCAGCCTGCCACATGACACCCCCTCAATGTTCC,a577e376725ea0fa05f7b21f739094029055e95bb858910d136cbc4f55d2718f,0.658051849078477,TTAAAATCAGGAGTAGAATCACAGAATGTTGGAAAGTGAGGCCCAAGAAGGGGGCTGTGTCCAAGTCCATGCATGGGAAACTTGACTGGGACACCGAGCACACACAGAGCAGGATCTCAGTCCCCCCCACCAGAGGGGGGCGTGACCACAGGAACAGCCGCCTCCAGTCAGCCTGCCACATGACACCCCCTCAATGTTCC,9b56c14861b9e42509e83376ad05b30f0b42840bc8480e135943fbd9babb2c18,0.808368502763831,-0.0540557071422533,0.143217394649994,-263.8595595434308,-260.67372741550207,-350.845090886578,-345.157397383824,-2.501861374825239,1.0,-0.0540557071422533,0.0,3,0.17643378304431198,0.18106719778262317,0.1474303780702046,0.33289106734462737,1.0
chr19:45715680:T:C;chr19:45715717:C:T;var1;middle;OL27|K562|cda710dd2661e4b4,chr19:45715680:T:C;chr19:45715717:C:T;var1;middle;OL27,K562,K562_region_01143,100,137,37,TTCCCCGGTCCTTCCTCCCCACAACACACTCAGGACTCAGCCCTTCCTTGTGTTAAATAGAAACCTCTTTATTCTAAGTATCGAACGTTCCTTAATACATTGGATTGGGGCCAGACCTTGAGGTGAGGGAAAGGGGCGGGGGAGCTGGGATATTTCTGTAGAGACTTCCAGAACGACACTCACCACTCTGGGCTATGGCA,fa12c4cdd2f3b50e174eb724fa9267b197600e2d71c5f39aff73109804e7f7ae,0.0,TTCCCCGGTCCTTCCTCCCCACAACACACTCAGGACTCAGCCCTTCCTTGTGTTAAATAGAAACCTCTTTATTCTAAGTATCGAACGTTCCTTAATACACTGGATTGGGGCCAGACCTTGAGGTGAGGGAAAGGGGCGGGGGAGCTGGGATATTTCTGTAGAGACTTCCAGAACGACACTCACCACTCTGGGCTATGGCA,537ec62256eb384f4ba345e3a04304c5792a1548dd0f959efa95836c2f041f2b,-0.0335577529920893,TTCCCCGGTCCTTCCTCCCCACAACACACTCAGGACTCAGCCCTTCCTTGTGTTAAATAGAAACCTCTTTATTCTAAGTATCGAACGTTCCTTAATACATTGGATTGGGGCCAGACCTTGAGGTGAGGGAAAGGGGTGGGGGAGCTGGGATATTTCTGTAGAGACTTCCAGAACGACACTCACCACTCTGGGCTATGGCA,136085f6f2f06a258eeb23edf0d2ea521b9f05fe95a945b55009748e952eb14b,-0.328567793681668,TTCCCCGGTCCTTCCTCCCCACAACACACTCAGGACTCAGCCCTTCCTTGTGTTAAATAGAAACCTCTTTATTCTAAGTATCGAACGTTCCTTAATACACTGGATTGGGGCCAGACCTTGAGGTGAGGGAAAGGGGTGGGGGAGCTGGGATATTTCTGTAGAGACTTCCAGAACGACACTCACCACTCTGGGCTATGGCA,cda710dd2661e4b4d792b51334454267efd60da86bc7f3baaa8e0f0b0da4174c,-0.309938797217116,0.0521867494566413,0.112182258776597,-257.9862357378006,-256.65627594292164,-255.05605140328407,-253.32289637625212,0.4031952321529957,-1.0,-0.0521867494566413,0.0,3,0.18228510568235184,0.18106719778262317,0.1474303780702046,0.3107886450144159,1.0
chr19:45909934:G:A;chr19:45910003:G:T;var1;middle;OL27|K562|73c6eaa915d1e97a,chr19:45909934:G:A;chr19:45910003:G:T;var1;middle;OL27,K562,K562_region_01144,100,169,69,CCCGCGCTCCCGCACCAGTTGGGCGCTCCCGGATGATGCCCTACCCCTTTGGATCCACGTGGTCTGCAACCTGGTGCGAGCAGCCCGGGCTACAGGGTTGCCTGAGGTGTGGGTCCCAGGATGGAGGAGCCCCAGGCCGGCGGTGAGGGTGCGGGTTGACGGGGTGCGGAGGGTGCGTTGGTGGAAGGAGAAAGGGGCGT,e74b1412184564b0b9bb39107821eaea90205ce6191742abaabd3a5b027caaa0,0.0,CCCGCGCTCCCGCACCAGTTGGGCGCTCCCGGATGATGCCCTACCCCTTTGGATCCACGTGGTCTGCAACCTGGTGCGAGCAGCCCGGGCTACAGGGTTACCTGAGGTGTGGGTCCCAGGATGGAGGAGCCCCAGGCCGGCGGTGAGGGTGCGGGTTGACGGGGTGCGGAGGGTGCGTTGGTGGAAGGAGAAAGGGGCGT,33c6c89d7e4abe926880051bd88288b00905b4e35b6ace5388b54a8b8d961fec,-0.0892282796186802,CCCGCGCTCCCGCACCAGTTGGGCGCTCCCGGATGATGCCCTACCCCTTTGGATCCACGTGGTCTGCAACCTGGTGCGAGCAGCCCGGGCTACAGGGTTGCCTGAGGTGTGGGTCCCAGGATGGAGGAGCCCCAGGCCGGCGGTGAGGGTGCGGGTTGACGGGGTGCGTAGGGTGCGTTGGTGGAAGGAGAAAGGGGCGT,5a89d9c08862007c7d2bb06184e5fdba75a1d98122f20c86d18eca1ff1e23e59,0.148503807975597,CCCGCGCTCCCGCACCAGTTGGGCGCTCCCGGATGATGCCCTACCCCTTTGGATCCACGTGGTCTGCAACCTGGTGCGAGCAGCCCGGGCTACAGGGTTACCTGAGGTGTGGGTCCCAGGATGGAGGAGCCCCAGGCCGGCGGTGAGGGTGCGGGTTGACGGGGTGCGTAGGGTGCGTTGGTGGAAGGAGAAAGGGGCGT,73c6eaa915d1e97a087ec75cfa4364e905f2fbf76fe016ae2a38f2b932742aeb,0.150163281145119,0.0908877527882022,0.0920606629759643,-264.1045937091112,-262.4247292131185,-277.9195551238954,-273.0763295516372,3.1633610762655735,-1.0,-0.0908877527882022,0.0,4,0.1801200317990786,0.17620727786206916,0.145609630836647,0.044960880595964675,1.0
chr19:460025:A:G;chr19:460027:G:A;var1;middle;OL41|K562|74c0ec7437a6e2e8,chr19:460025:A:G;chr19:460027:G:A;var1;middle;OL41,K562,K562_region_01015,100,102,2,TCAGCAGAGGGGAAGGTTACCCTCCTAGGTGGAGGCGTGCTGTGTCCAGGCGCCCGACTTCCCCGTGTGTTTGAAAAGGTTCATTTATCATAAGACCCAAGGTAAATAAACAAAGGCCGCTTCCTTGGCCGCCCTGGAAGTCCCTGCTGCCTCCCATCTGGAATCCTGGGGTCTGTCCGGGCGCCAGCCCCTTTCCAAAC,8435531bbc2b597190a131203b3353ef5f7e177072f78ab3d368bd74da7197c9,0.0,TCAGCAGAGGGGAAGGTTACCCTCCTAGGTGGAGGCGTGCTGTGTCCAGGCGCCCGACTTCCCCGTGTGTTTGAAAAGGTTCATTTATCATAAGACCCAGGGTAAATAAACAAAGGCCGCTTCCTTGGCCGCCCTGGAAGTCCCTGCTGCCTCCCATCTGGAATCCTGGGGTCTGTCCGGGCGCCAGCCCCTTTCCAAAC,fb42c4c13cf725c7a6e4bedbfe25986135c9277cc8ffdeab126b5fd34e27ace7,-0.351143365393969,TCAGCAGAGGGGAAGGTTACCCTCCTAGGTGGAGGCGTGCTGTGTCCAGGCGCCCGACTTCCCCGTGTGTTTGAAAAGGTTCATTTATCATAAGACCCAAGATAAATAAACAAAGGCCGCTTCCTTGGCCGCCCTGGAAGTCCCTGCTGCCTCCCATCTGGAATCCTGGGGTCTGTCCGGGCGCCAGCCCCTTTCCAAAC,ca08fa253e86331bf1c09a523d846cbc8fb287fe1bd595bd98c6ef91f89e2a6a,-0.134022946549901,TCAGCAGAGGGGAAGGTTACCCTCCTAGGTGGAGGCGTGCTGTGTCCAGGCGCCCGACTTCCCCGTGTGTTTGAAAAGGTTCATTTATCATAAGACCCAGGATAAATAAACAAAGGCCGCTTCCTTGGCCGCCCTGGAAGTCCCTGCTGCCTCCCATCTGGAATCCTGGGGTCTGTCCGGGCGCCAGCCCCTTTCCAAAC,74c0ec7437a6e2e8dac6688bac22cfd9fe5539a45288732c94dd47d9c234f662,-0.383720475297683,-0.101445836646187,0.293288061307477,-320.45598166715354,-317.76426309905946,-325.2431797357276,-330.2789708347991,7.727509667165577,1.0,-0.101445836646187,0.0,2,0.18644634722866338,0.17490732828716207,0.146091925319964,0.3358939662798293,1.0
chr19:460025:A:G;chr19:460049:C:T;var1;middle;OL41|K562|32c3eee0f8e2e4aa,chr19:460025:A:G;chr19:460049:C:T;var1;middle;OL41,K562,K562_region_01015,100,124,24,TCAGCAGAGGGGAAGGTTACCCTCCTAGGTGGAGGCGTGCTGTGTCCAGGCGCCCGACTTCCCCGTGTGTTTGAAAAGGTTCATTTATCATAAGACCCAAGGTAAATAAACAAAGGCCGCTTCCTTGGCCGCCCTGGAAGTCCCTGCTGCCTCCCATCTGGAATCCTGGGGTCTGTCCGGGCGCCAGCCCCTTTCCAAAC,8435531bbc2b597190a131203b3353ef5f7e177072f78ab3d368bd74da7197c9,0.0,TCAGCAGAGGGGAAGGTTACCCTCCTAGGTGGAGGCGTGCTGTGTCCAGGCGCCCGACTTCCCCGTGTGTTTGAAAAGGTTCATTTATCATAAGACCCAGGGTAAATAAACAAAGGCCGCTTCCTTGGCCGCCCTGGAAGTCCCTGCTGCCTCCCATCTGGAATCCTGGGGTCTGTCCGGGCGCCAGCCCCTTTCCAAAC,fb42c4c13cf725c7a6e4bedbfe25986135c9277cc8ffdeab126b5fd34e27ace7,-0.351033145756663,TCAGCAGAGGGGAAGGTTACCCTCCTAGGTGGAGGCGTGCTGTGTCCAGGCGCCCGACTTCCCCGTGTGTTTGAAAAGGTTCATTTATCATAAGACCCAAGGTAAATAAACAAAGGCCGCTTCTTTGGCCGCCCTGGAAGTCCCTGCTGCCTCCCATCTGGAATCCTGGGGTCTGTCCGGGCGCCAGCCCCTTTCCAAAC,aa66cfef59f11ecb1a75866d1fabfe96ac64617bf386fd50b8e885ec9f8bb867,-0.18987540289294,TCAGCAGAGGGGAAGGTTACCCTCCTAGGTGGAGGCGTGCTGTGTCCAGGCGCCCGACTTCCCCGTGTGTTTGAAAAGGTTCATTTATCATAAGACCCAGGGTAAATAAACAAAGGCCGCTTCTTTGGCCGCCCTGGAAGTCCCTGCTGCCTCCCATCTGGAATCCTGGGGTCTGTCCGGGCGCCAGCCCCTTTCCAAAC,32c3eee0f8e2e4aa246a33663245540ec3708ae5793111ded07cb1994d2f3528,-0.244157999744638,0.296750548904965,0.273464158184259,-320.45598166715354,-317.76426309905946,-298.60884381458163,-289.8040624577552,6.11306278873235,-1.0,-0.296750548904965,0.0,2,0.1840955820426991,0.17490732828716207,0.146091925319964,0.29465411817690607,1.0
chr19:460025:A:G;chr19:460073:T:A;var1;middle;OL41|K562|8f5a84b66abadfb5,chr19:460025:A:G;chr19:460073:T:A;var1;middle;OL41,K562,K562_region_01015,100,148,48,TCAGCAGAGGGGAAGGTTACCCTCCTAGGTGGAGGCGTGCTGTGTCCAGGCGCCCGACTTCCCCGTGTGTTTGAAAAGGTTCATTTATCATAAGACCCAAGGTAAATAAACAAAGGCCGCTTCCTTGGCCGCCCTGGAAGTCCCTGCTGCCTCCCATCTGGAATCCTGGGGTCTGTCCGGGCGCCAGCCCCTTTCCAAAC,8435531bbc2b597190a131203b3353ef5f7e177072f78ab3d368bd74da7197c9,0.0,TCAGCAGAGGGGAAGGTTACCCTCCTAGGTGGAGGCGTGCTGTGTCCAGGCGCCCGACTTCCCCGTGTGTTTGAAAAGGTTCATTTATCATAAGACCCAGGGTAAATAAACAAAGGCCGCTTCCTTGGCCGCCCTGGAAGTCCCTGCTGCCTCCCATCTGGAATCCTGGGGTCTGTCCGGGCGCCAGCCCCTTTCCAAAC,fb42c4c13cf725c7a6e4bedbfe25986135c9277cc8ffdeab126b5fd34e27ace7,-0.351131777868196,TCAGCAGAGGGGAAGGTTACCCTCCTAGGTGGAGGCGTGCTGTGTCCAGGCGCCCGACTTCCCCGTGTGTTTGAAAAGGTTCATTTATCATAAGACCCAAGGTAAATAAACAAAGGCCGCTTCCTTGGCCGCCCTGGAAGTCCCTGCAGCCTCCCATCTGGAATCCTGGGGTCTGTCCGGGCGCCAGCCCCTTTCCAAAC,60fdd4813df018de75959f2f61ec2d3f723146bf54257387a70d1a1185eab4f6,-0.173822672795384,TCAGCAGAGGGGAAGGTTACCCTCCTAGGTGGAGGCGTGCTGTGTCCAGGCGCCCGACTTCCCCGTGTGTTTGAAAAGGTTCATTTATCATAAGACCCAGGGTAAATAAACAAAGGCCGCTTCCTTGGCCGCCCTGGAAGTCCCTGCAGCCTCCCATCTGGAATCCTGGGGTCTGTCCGGGCGCCAGCCCCTTTCCAAAC,8f5a84b66abadfb56222bfec83b879ef2d81864070857ea5bbe3bbe6aff6b36c,-0.175248266205835,0.3497061844577449,0.291296924503509,-320.45598166715354,-317.76426309905946,-333.67270538024604,-332.9402159145102,-1.959229102358222,-1.0,-0.3497061844577449,0.0,2,0.17234167238979478,0.17490732828716207,0.146091925319964,0.3003561710582383,1.0
chr19:460027:G:A;chr19:460049:C:T;var1;middle;OL41|K562|e264417ad1d6a81e,chr19:460027:G:A;chr19:460049:C:T;var1;middle;OL41,K562,K562_region_01015,100,122,22,AGCAGAGGGGAAGGTTACCCTCCTAGGTGGAGGCGTGCTGTGTCCAGGCGCCCGACTTCCCCGTGTGTTTGAAAAGGTTCATTTATCATAAGACCCAAGGTAAATAAACAAAGGCCGCTTCCTTGGCCGCCCTGGAAGTCCCTGCTGCCTCCCATCTGGAATCCTGGGGTCTGTCCGGGCGCCAGCCCCTTTCCAAACAC,69eca84f69549779b61e1fb4cb4f4f9e0851d388b251594bbcd33fe5b0e874a8,0.0,AGCAGAGGGGAAGGTTACCCTCCTAGGTGGAGGCGTGCTGTGTCCAGGCGCCCGACTTCCCCGTGTGTTTGAAAAGGTTCATTTATCATAAGACCCAAGATAAATAAACAAAGGCCGCTTCCTTGGCCGCCCTGGAAGTCCCTGCTGCCTCCCATCTGGAATCCTGGGGTCTGTCCGGGCGCCAGCCCCTTTCCAAACAC,62a57156b06a6e978ec033e0a1e511857d09d216a841adbfb85da2c838776453,0.0157384589143446,AGCAGAGGGGAAGGTTACCCTCCTAGGTGGAGGCGTGCTGTGTCCAGGCGCCCGACTTCCCCGTGTGTTTGAAAAGGTTCATTTATCATAAGACCCAAGGTAAATAAACAAAGGCCGCTTCTTTGGCCGCCCTGGAAGTCCCTGCTGCCTCCCATCTGGAATCCTGGGGTCTGTCCGGGCGCCAGCCCCTTTCCAAACAC,834d501afed825ade3d7263a937a470e73324167755809912bad6dcb5d700935,-0.140923077390896,AGCAGAGGGGAAGGTTACCCTCCTAGGTGGAGGCGTGCTGTGTCCAGGCGCCCGACTTCCCCGTGTGTTTGAAAAGGTTCATTTATCATAAGACCCAAGATAAATAAACAAAGGCCGCTTCTTTGGCCGCCCTGGAAGTCCCTGCTGCCTCCCATCTGGAATCCTGGGGTCTGTCCGGGCGCCAGCCCCTTTCCAAACAC,e264417ad1d6a81ec588b1a92b7fdd6f675276e9a61cda2fe2bcea0431341000,-0.0182993222169458,0.1068852962596055,0.396014850551529,-323.9451992623508,-332.0395098477602,-323.91785540618,-325.66470913775265,6.347456853836775,-1.0,-0.1068852962596055,0.0,2,0.18443687875267747,0.17490732828716207,0.146091925319964,0.23126721744210277,1.0
chr19:460027:G:A;chr19:460073:T:A;var1;middle;OL41|K562|4112fdb810e8a387,chr19:460027:G:A;chr19:460073:T:A;var1;middle;OL41,K562,K562_region_01015,100,146,46,AGCAGAGGGGAAGGTTACCCTCCTAGGTGGAGGCGTGCTGTGTCCAGGCGCCCGACTTCCCCGTGTGTTTGAAAAGGTTCATTTATCATAAGACCCAAGGTAAATAAACAAAGGCCGCTTCCTTGGCCGCCCTGGAAGTCCCTGCTGCCTCCCATCTGGAATCCTGGGGTCTGTCCGGGCGCCAGCCCCTTTCCAAACAC,69eca84f69549779b61e1fb4cb4f4f9e0851d388b251594bbcd33fe5b0e874a8,0.0,AGCAGAGGGGAAGGTTACCCTCCTAGGTGGAGGCGTGCTGTGTCCAGGCGCCCGACTTCCCCGTGTGTTTGAAAAGGTTCATTTATCATAAGACCCAAGATAAATAAACAAAGGCCGCTTCCTTGGCCGCCCTGGAAGTCCCTGCTGCCTCCCATCTGGAATCCTGGGGTCTGTCCGGGCGCCAGCCCCTTTCCAAACAC,62a57156b06a6e978ec033e0a1e511857d09d216a841adbfb85da2c838776453,0.0157383366387313,AGCAGAGGGGAAGGTTACCCTCCTAGGTGGAGGCGTGCTGTGTCCAGGCGCCCGACTTCCCCGTGTGTTTGAAAAGGTTCATTTATCATAAGACCCAAGGTAAATAAACAAAGGCCGCTTCCTTGGCCGCCCTGGAAGTCCCTGCAGCCTCCCATCTGGAATCCTGGGGTCTGTCCGGGCGCCAGCCCCTTTCCAAACAC,75745d4bf9e89667072074d0570b39cf30a9738208ac434f118717ce910c3c4b,0.145566651453984,AGCAGAGGGGAAGGTTACCCTCCTAGGTGGAGGCGTGCTGTGTCCAGGCGCCCGACTTCCCCGTGTGTTTGAAAAGGTTCATTTATCATAAGACCCAAGATAAATAAACAAAGGCCGCTTCCTTGGCCGCCCTGGAAGTCCCTGCAGCCTCCCATCTGGAATCCTGGGGTCTGTCCGGGCGCCAGCCCCTTTCCAAACAC,4112fdb810e8a387004be9bfb5881f6e4f7da950ce24cf4b696b98582272ff9e,-0.0120384730000913,0.1733434610928066,0.394313953498399,-323.9451992623508,-332.0395098477602,-331.4799864292145,-335.935699025169,-3.6385979894548655,1.0,0.1733434610928066,0.0,2,0.16989637551015413,0.17490732828716207,0.146091925319964,0.236969270323435,1.0
chr19:460049:C:T;chr19:460073:T:A;var1;middle;OL41|K562|b47e8ef00e56c134,chr19:460049:C:T;chr19:460073:T:A;var1;middle;OL41,K562,K562_region_01015,100,124,24,CTAGGTGGAGGCGTGCTGTGTCCAGGCGCCCGACTTCCCCGTGTGTTTGAAAAGGTTCATTTATCATAAGACCCAAGGTAAATAAACAAAGGCCGCTTCCTTGGCCGCCCTGGAAGTCCCTGCTGCCTCCCATCTGGAATCCTGGGGTCTGTCCGGGCGCCAGCCCCTTTCCAAACACCCCTTCCCGCACCCCCACCGCA,b983c1789cb3110a25c59413c8f68cabfd7485957862e2ab06b546ee033f1fae,0.0,CTAGGTGGAGGCGTGCTGTGTCCAGGCGCCCGACTTCCCCGTGTGTTTGAAAAGGTTCATTTATCATAAGACCCAAGGTAAATAAACAAAGGCCGCTTCTTTGGCCGCCCTGGAAGTCCCTGCTGCCTCCCATCTGGAATCCTGGGGTCTGTCCGGGCGCCAGCCCCTTTCCAAACACCCCTTCCCGCACCCCCACCGCA,fa1326761f2d6549aba7032264042e2f9900977bde30ad3d86217eff9d07044d,-0.331410172411547,CTAGGTGGAGGCGTGCTGTGTCCAGGCGCCCGACTTCCCCGTGTGTTTGAAAAGGTTCATTTATCATAAGACCCAAGGTAAATAAACAAAGGCCGCTTCCTTGGCCGCCCTGGAAGTCCCTGCAGCCTCCCATCTGGAATCCTGGGGTCTGTCCGGGCGCCAGCCCCTTTCCAAACACCCCTTCCCGCACCCCCACCGCA,da6570544e9e2bd24b7c0a8308f42cabd749f838c70f9c34136f63e5b70f311a,-0.435942624374596,CTAGGTGGAGGCGTGCTGTGTCCAGGCGCCCGACTTCCCCGTGTGTTTGAAAAGGTTCATTTATCATAAGACCCAAGGTAAATAAACAAAGGCCGCTTCTTTGGCCGCCCTGGAAGTCCCTGCAGCCTCCCATCTGGAATCCTGGGGTCTGTCCGGGCGCCAGCCCCTTTCCAAACACCCCTTCCCGCACCCCCACCGCA,b47e8ef00e56c13463fc7ab364023f08c78c3a9054f20886be70b56f699a2324,-0.138937851903851,0.6284149448822921,0.303014813003648,-349.1611781686079,-356.82389973592944,-344.421879314119,-350.81257350044325,1.272027380997315,-1.0,-0.6284149448822921,0.0,2,0.1770466430825222,0.17490732828716207,0.146091925319964,0.31663123329951315,1.0
chr19:46077862:C:G;chr19:46077867:T:C;var1;middle;OL41|K562|af6325511728a5cb,chr19:46077862:C:G;chr19:46077867:T:C;var1;middle;OL41,K562,K562_region_01145,100,105,5,TCCTGCTGCATCCTCACAAGAATCCTGGGAGATAAGTTCTATTAGTATCCCATTTGATAAATATGGAAATGGAGGCTCATAGAGGTCAAGCTGCCTGCTCAAAGTCACATGGCTAATAAGCAGCAGTGCCAAGATCCGAAGCCAAGAGTGCCTACTCTGTGGCAGACTGTGCCATCAGGGACCCCTTCGTATCACACCCT,20669da18f5225271ada2ff36518b8302ba2ce12e97ba24051d1dead38f0cf23,0.0,TCCTGCTGCATCCTCACAAGAATCCTGGGAGATAAGTTCTATTAGTATCCCATTTGATAAATATGGAAATGGAGGCTCATAGAGGTCAAGCTGCCTGCTGAAAGTCACATGGCTAATAAGCAGCAGTGCCAAGATCCGAAGCCAAGAGTGCCTACTCTGTGGCAGACTGTGCCATCAGGGACCCCTTCGTATCACACCCT,f7061f633f13860170ffe7b45b9387c172b0a8a5f4da4cb6a3d5d870d2bbafe0,-0.277410206862047,TCCTGCTGCATCCTCACAAGAATCCTGGGAGATAAGTTCTATTAGTATCCCATTTGATAAATATGGAAATGGAGGCTCATAGAGGTCAAGCTGCCTGCTCAAAGCCACATGGCTAATAAGCAGCAGTGCCAAGATCCGAAGCCAAGAGTGCCTACTCTGTGGCAGACTGTGCCATCAGGGACCCCTTCGTATCACACCCT,177f34e027bf808d92beb4a859ab487aaa6bf8058edd90533a1116eea877de74,-0.269846261029811,TCCTGCTGCATCCTCACAAGAATCCTGGGAGATAAGTTCTATTAGTATCCCATTTGATAAATATGGAAATGGAGGCTCATAGAGGTCAAGCTGCCTGCTGAAAGCCACATGGCTAATAAGCAGCAGTGCCAAGATCCGAAGCCAAGAGTGCCTACTCTGTGGCAGACTGTGCCATCAGGGACCCCTTCGTATCACACCCT,af6325511728a5cbb9f24cdd1af997a3777586960bcd1c31ded987e2e1eec8e0,0.0276187239973994,0.5748751918892574,0.338369578560937,-189.99624278582635,-198.1783774420619,-189.63106048107147,-197.1113201957196,0.7018749415874197,-1.0,-0.5748751918892574,0.0,2,0.17621645503288003,0.17490732828716207,0.146091925319964,0.25192821428705753,1.0
chr19:46180184:C:T;chr19:46180223:G:T;var1;middle;OL29|K562|4c49353dd8eef96e,chr19:46180184:C:T;chr19:46180223:G:T;var1;middle;OL29,K562,K562_region_01146,100,139,39,GACACAGAGTGGAAGAACCTTTGATGGCAAGAGACGGGGTGGAAGGGCGATCAAAGCTGGGGGAGACTGGGAGACACCCGGGCAGCGCTGACTACCCCTCTACCGGTCTGGCCCCTCCCTAGGCCCTCGCTGCCTGCCGCACGGCCCAGATCGTGACCCAGTACTGCGTGGGTGCCAACTACACGTGGCTGCTGGTGGAG,b0cd4907055af0f026691067399df4daeb57e2c2c785720171082197323ef9f3,0.0,GACACAGAGTGGAAGAACCTTTGATGGCAAGAGACGGGGTGGAAGGGCGATCAAAGCTGGGGGAGACTGGGAGACACCCGGGCAGCGCTGACTACCCCTTTACCGGTCTGGCCCCTCCCTAGGCCCTCGCTGCCTGCCGCACGGCCCAGATCGTGACCCAGTACTGCGTGGGTGCCAACTACACGTGGCTGCTGGTGGAG,1c73555b280c5a850a8e6292c2232b056962e0fca1fd772cb48224c4e0f1b1c5,-0.0335543670650372,GACACAGAGTGGAAGAACCTTTGATGGCAAGAGACGGGGTGGAAGGGCGATCAAAGCTGGGGGAGACTGGGAGACACCCGGGCAGCGCTGACTACCCCTCTACCGGTCTGGCCCCTCCCTAGGCCCTCGCTGCCTGCCTCACGGCCCAGATCGTGACCCAGTACTGCGTGGGTGCCAACTACACGTGGCTGCTGGTGGAG,89b38aa5ef49ecaf50a3906b95611e3ff141cb2becfe6aee6fea88262f5033b3,-0.206852351343195,GACACAGAGTGGAAGAACCTTTGATGGCAAGAGACGGGGTGGAAGGGCGATCAAAGCTGGGGGAGACTGGGAGACACCCGGGCAGCGCTGACTACCCCTTTACCGGTCTGGCCCCTCCCTAGGCCCTCGCTGCCTGCCTCACGGCCCAGATCGTGACCCAGTACTGCGTGGGTGCCAACTACACGTGGCTGCTGGTGGAG,4c49353dd8eef96ec44313993a60754265fefea6851582fe2be688aa3fdf0cf9,-0.281409057415652,0.0410023390074197,0.0798247695804621,-252.42906777746973,-254.7715011220425,-253.4218636024744,-254.20127214863896,-1.563024798408179,1.0,0.0410023390074197,0.0,2,0.17291857789018442,0.17490732828716207,0.146091925319964,0.014144784842400587,1.0
chr19:46533914:G:A;chr19:46533996:T:C;var1;middle;OL41|K562|76a05b546927caed,chr19:46533914:G:A;chr19:46533996:T:C;var1;middle;OL41,K562,K562_region_01147,100,182,82,CTATCTTGATTGTGGTGGTAGGTATACAAATATTTATATGGATCAGATTGCATAGAAACACACATGCACATGCGTGCACACACACACAGGAATGCATGTGAAACTGGTGAATACTGAATAAGGTCCTCTGTAATCTAGTTAACAGTAATGTACCCATGTCACTTTCCTGGTTTTGATATTATACTATGGTTATGTAAGAT,bf3b90a673753d47707c7ae76f389921ecdbb77e58eda31a8c611880e3cc78e8,0.0,CTATCTTGATTGTGGTGGTAGGTATACAAATATTTATATGGATCAGATTGCATAGAAACACACATGCACATGCGTGCACACACACACAGGAATGCATGTAAAACTGGTGAATACTGAATAAGGTCCTCTGTAATCTAGTTAACAGTAATGTACCCATGTCACTTTCCTGGTTTTGATATTATACTATGGTTATGTAAGAT,3fe6494b00b4cb3f43421fb161b6fa2d3a20f7e842c13c43f2c30f8ef85a5691,0.128990807145469,CTATCTTGATTGTGGTGGTAGGTATACAAATATTTATATGGATCAGATTGCATAGAAACACACATGCACATGCGTGCACACACACACAGGAATGCATGTGAAACTGGTGAATACTGAATAAGGTCCTCTGTAATCTAGTTAACAGTAATGTACCCATGTCACTTTCCTGGTTTTGATATTACACTATGGTTATGTAAGAT,b754f3768e98fe2420e17808613a883028853e44ae62f58376a05d071ca33162,0.780307112589632,CTATCTTGATTGTGGTGGTAGGTATACAAATATTTATATGGATCAGATTGCATAGAAACACACATGCACATGCGTGCACACACACACAGGAATGCATGTAAAACTGGTGAATACTGAATAAGGTCCTCTGTAATCTAGTTAACAGTAATGTACCCATGTCACTTTCCTGGTTTTGATATTACACTATGGTTATGTAAGAT,76a05b546927caedee93329acddfc09b57f3930011c48641a5def03be5fa1bae,0.181246583327286,0.7280513364078149,0.542391624298213,-233.25848729535937,-234.3289363086224,-232.84496646374464,-234.11236583068967,0.19695035368204117,1.0,0.7280513364078149,0.0,2,0.1754812440088188,0.17490732828716207,0.146091925319964,0.29773014690108035,1.0
chr19:46929591:C:A;chr19:46929619:G:A;var1;middle;OL41|K562|7f343ab018729f36,chr19:46929591:C:A;chr19:46929619:G:A;var1;middle;OL41,K562,K562_region_01148,100,128,28,GCTTCTGGAATTTAACTTGGGGAGACTCACACCCTCACCCCAGGCGCCAATCGGGGCAGAAGGGTCCCGCTTCTGACCACTTCTGTAAGAGAGACTCAGCGTGTAGAGAAAGACGACAGCTTTTCAAGAGCCGCTTACAGATCAGTGAGTTCCTCAGAGGTGGGGAGCAGGCAACTCACTCTCAGCCATGGTTTCTGCTT,80d726f522103cbe087a92548ee1d5f9717930181cdbfbc3a47c2d7ce91b3152,0.0,GCTTCTGGAATTTAACTTGGGGAGACTCACACCCTCACCCCAGGCGCCAATCGGGGCAGAAGGGTCCCGCTTCTGACCACTTCTGTAAGAGAGACTCAGAGTGTAGAGAAAGACGACAGCTTTTCAAGAGCCGCTTACAGATCAGTGAGTTCCTCAGAGGTGGGGAGCAGGCAACTCACTCTCAGCCATGGTTTCTGCTT,7d2c196ac2c34a409e4ccbd7f7071e94825c0c7d6daa1f0163b920ccafa5af80,-0.0381164449560757,GCTTCTGGAATTTAACTTGGGGAGACTCACACCCTCACCCCAGGCGCCAATCGGGGCAGAAGGGTCCCGCTTCTGACCACTTCTGTAAGAGAGACTCAGCGTGTAGAGAAAGACGACAGCTTTTCAAAAGCCGCTTACAGATCAGTGAGTTCCTCAGAGGTGGGGAGCAGGCAACTCACTCTCAGCCATGGTTTCTGCTT,cafd7aa9c6f4d6e49d412a22af217f265bcbcaab7f29d5b902ef2e4625b07fe2,-0.0032104896340976,GCTTCTGGAATTTAACTTGGGGAGACTCACACCCTCACCCCAGGCGCCAATCGGGGCAGAAGGGTCCCGCTTCTGACCACTTCTGTAAGAGAGACTCAGAGTGTAGAGAAAGACGACAGCTTTTCAAAAGCCGCTTACAGATCAGTGAGTTCCTCAGAGGTGGGGAGCAGGCAACTCACTCTCAGCCATGGTTTCTGCTT,7f343ab018729f36911a07f658dae929bd3dfc30e6e987246ad72b5a7970287f,0.0501684382987996,0.0914953728889728,0.206707421964272,-332.9005946521647,-315.817129064817,-319.71728446520865,-289.01130647817627,13.622512399684638,-1.0,-0.0914953728889728,0.0,0,0.2032726510286806,0.18565657667894103,0.15145376406925343,0.23357980433525968,1.0
chr19:46974233:G:A;chr19:46974307:C:T;var1;middle;OL41|K562|f912b4501b40325c,chr19:46974233:G:A;chr19:46974307:C:T;var1;middle;OL41,K562,K562_region_01149,100,174,74,GTACGGGCCCAGTGGGGAGAGGACCCCATTCAAGGTCTCCTCAATTTCTGCCTGCCCACAGTCCTCTGGGATGCCTGTGACCAACAAGGACCTGTGGATGTCCACTTCCATTCCCCTGCACCAATCCTCCAGAAGGTTCATCGCCATGGTCTTGGACATTTAGCGGCTCTGAACCTACTATGTGTAGTAAATAGTCTATC,b1b50d3c1fe9ae830f660bc30bc61f3ea0f59ca764f33312e898404f482b279f,0.0,GTACGGGCCCAGTGGGGAGAGGACCCCATTCAAGGTCTCCTCAATTTCTGCCTGCCCACAGTCCTCTGGGATGCCTGTGACCAACAAGGACCTGTGGATATCCACTTCCATTCCCCTGCACCAATCCTCCAGAAGGTTCATCGCCATGGTCTTGGACATTTAGCGGCTCTGAACCTACTATGTGTAGTAAATAGTCTATC,d5b7a5128af187d61f4abe60bf54977b41c05773b597b5ce5e1a3d6f9ba925f7,-0.245974492128988,GTACGGGCCCAGTGGGGAGAGGACCCCATTCAAGGTCTCCTCAATTTCTGCCTGCCCACAGTCCTCTGGGATGCCTGTGACCAACAAGGACCTGTGGATGTCCACTTCCATTCCCCTGCACCAATCCTCCAGAAGGTTCATCGCCATGGTCTTGGACATTTAGCGGCTCTGAATCTACTATGTGTAGTAAATAGTCTATC,10b3de95662c0e6454c2e0634aa814445f5926a12ce3013f6437b020a5912bbc,-0.186700252312028,GTACGGGCCCAGTGGGGAGAGGACCCCATTCAAGGTCTCCTCAATTTCTGCCTGCCCACAGTCCTCTGGGATGCCTGTGACCAACAAGGACCTGTGGATATCCACTTCCATTCCCCTGCACCAATCCTCCAGAAGGTTCATCGCCATGGTCTTGGACATTTAGCGGCTCTGAATCTACTATGTGTAGTAAATAGTCTATC,f912b4501b40325cdfd2b75c953ad2c3bd3ae2c9d512f52401eae0d8f1c4b59e,-0.337491503903588,-0.095183240537428,0.630216117314706,-344.1947871564189,-358.9798710232135,-343.32815859885886,-356.1261610388756,-1.987081426777877,1.0,-0.095183240537428,0.0,3,0.17747064530592266,0.18106719778262317,0.1474303780702046,0.08251840780787041,1.0
chr19:46974652:G:C;chr19:46974728:C:T;var1;middle;OL41|K562|c548d8cc622ff80a,chr19:46974652:G:C;chr19:46974728:C:T;var1;middle;OL41,K562,K562_region_01150,100,176,76,TCCCCCGGGCCTGACGCTCCGCCTGCCCAGCCGGGACTTACTTGGCAGATCAGCCTCCGACCGCCCAGCCAGGCCAAGGAGACGCAGTGGAATGCAGCCGTTTCCCAGTCGCTGGCTCCGGCTACCCCGGCGCCGCTGCTAGAGGCAGAAAGGGCCAAGAAGGCGCCGTCCGCCCCCGCTCCGGCCCAGGCGGGTCACGG,dbe8cac465d69317258be64951c5a2dfb7e39ea6813487ad80446281820d67fc,0.0,TCCCCCGGGCCTGACGCTCCGCCTGCCCAGCCGGGACTTACTTGGCAGATCAGCCTCCGACCGCCCAGCCAGGCCAAGGAGACGCAGTGGAATGCAGCCCTTTCCCAGTCGCTGGCTCCGGCTACCCCGGCGCCGCTGCTAGAGGCAGAAAGGGCCAAGAAGGCGCCGTCCGCCCCCGCTCCGGCCCAGGCGGGTCACGG,c1825b9e74128ba67273fd4c38bcb0d5147a534150e0f8b00297ab26d4a6b041,-0.631502789456624,TCCCCCGGGCCTGACGCTCCGCCTGCCCAGCCGGGACTTACTTGGCAGATCAGCCTCCGACCGCCCAGCCAGGCCAAGGAGACGCAGTGGAATGCAGCCGTTTCCCAGTCGCTGGCTCCGGCTACCCCGGCGCCGCTGCTAGAGGCAGAAAGGGCCAAGAAGGCGCCGTCCGCCCTCGCTCCGGCCCAGGCGGGTCACGG,0d500ad6f625d004633a97cc92795ccd181c7525e11e8b5026418d06ce3503ac,-0.438435961949349,TCCCCCGGGCCTGACGCTCCGCCTGCCCAGCCGGGACTTACTTGGCAGATCAGCCTCCGACCGCCCAGCCAGGCCAAGGAGACGCAGTGGAATGCAGCCCTTTCCCAGTCGCTGGCTCCGGCTACCCCGGCGCCGCTGCTAGAGGCAGAAAGGGCCAAGAAGGCGCCGTCCGCCCTCGCTCCGGCCCAGGCGGGTCACGG,c548d8cc622ff80ac1fd497bacc0f297064969f01b39718a2f7dfb944f8b3046,-0.358616659253756,0.711322092152217,0.435970611167051,-288.9707999108359,-291.27407457865775,-276.125066485256,-285.78296737745404,-7.354626224376261,-1.0,-0.711322092152217,0.0,0,0.1763298574456202,0.18565657667894103,0.15145376406925343,0.05529227933174549,1.0
chr19:46974678:C:G;chr19:46974728:C:T;var1;middle;OL41|K562|6ed3232cf4010b90,chr19:46974678:C:G;chr19:46974728:C:T;var1;middle;OL41,K562,K562_region_01150,100,150,50,CCAGCCGGGACTTACTTGGCAGATCAGCCTCCGACCGCCCAGCCAGGCCAAGGAGACGCAGTGGAATGCAGCCGTTTCCCAGTCGCTGGCTCCGGCTACCCCGGCGCCGCTGCTAGAGGCAGAAAGGGCCAAGAAGGCGCCGTCCGCCCCCGCTCCGGCCCAGGCGGGTCACGGGGCGTCCAGACTCGATGCCGTTAGCG,0f1ecd7c98d5a6656111c47eef75422f2a6392e16d10443624099aea8fe9565e,0.0,CCAGCCGGGACTTACTTGGCAGATCAGCCTCCGACCGCCCAGCCAGGCCAAGGAGACGCAGTGGAATGCAGCCGTTTCCCAGTCGCTGGCTCCGGCTACGCCGGCGCCGCTGCTAGAGGCAGAAAGGGCCAAGAAGGCGCCGTCCGCCCCCGCTCCGGCCCAGGCGGGTCACGGGGCGTCCAGACTCGATGCCGTTAGCG,913b2fb29e4197e10eb34d5175fc90b27934e46bd2c7046c3f6917cf95ce44ed,0.495500697363342,CCAGCCGGGACTTACTTGGCAGATCAGCCTCCGACCGCCCAGCCAGGCCAAGGAGACGCAGTGGAATGCAGCCGTTTCCCAGTCGCTGGCTCCGGCTACCCCGGCGCCGCTGCTAGAGGCAGAAAGGGCCAAGAAGGCGCCGTCCGCCCTCGCTCCGGCCCAGGCGGGTCACGGGGCGTCCAGACTCGATGCCGTTAGCG,bb7d24761fc306acf6a90e19da5fa896b07f5cf7b7d86262ba326315eae4850f,-0.149287410508272,CCAGCCGGGACTTACTTGGCAGATCAGCCTCCGACCGCCCAGCCAGGCCAAGGAGACGCAGTGGAATGCAGCCGTTTCCCAGTCGCTGGCTCCGGCTACGCCGGCGCCGCTGCTAGAGGCAGAAAGGGCCAAGAAGGCGCCGTCCGCCCTCGCTCCGGCCCAGGCGGGTCACGGGGCGTCCAGACTCGATGCCGTTAGCG,6ed3232cf4010b90b0af3b06604eb170580e09aed2cb41f675b08e90dffb9e70,0.0120356304208649,-0.3341776564342051,0.417414096085296,-286.27554105967283,-315.1336098462343,-277.3127801865339,-301.7450243011117,4.425824671983719,-1.0,0.3341776564342051,0.0,0,0.19146053196249394,0.18565657667894103,0.15145376406925343,0.019008009059173686,1.0
chr19:46974678:C:G;chr19:46974748:C:G;var1;middle;OL41|K562|1fc515d0a5985470,chr19:46974678:C:G;chr19:46974748:C:G;var1;middle;OL41,K562,K562_region_01150,100,170,70,CCAGCCGGGACTTACTTGGCAGATCAGCCTCCGACCGCCCAGCCAGGCCAAGGAGACGCAGTGGAATGCAGCCGTTTCCCAGTCGCTGGCTCCGGCTACCCCGGCGCCGCTGCTAGAGGCAGAAAGGGCCAAGAAGGCGCCGTCCGCCCCCGCTCCGGCCCAGGCGGGTCACGGGGCGTCCAGACTCGATGCCGTTAGCG,0f1ecd7c98d5a6656111c47eef75422f2a6392e16d10443624099aea8fe9565e,0.0,CCAGCCGGGACTTACTTGGCAGATCAGCCTCCGACCGCCCAGCCAGGCCAAGGAGACGCAGTGGAATGCAGCCGTTTCCCAGTCGCTGGCTCCGGCTACGCCGGCGCCGCTGCTAGAGGCAGAAAGGGCCAAGAAGGCGCCGTCCGCCCCCGCTCCGGCCCAGGCGGGTCACGGGGCGTCCAGACTCGATGCCGTTAGCG,913b2fb29e4197e10eb34d5175fc90b27934e46bd2c7046c3f6917cf95ce44ed,0.49658812049746,CCAGCCGGGACTTACTTGGCAGATCAGCCTCCGACCGCCCAGCCAGGCCAAGGAGACGCAGTGGAATGCAGCCGTTTCCCAGTCGCTGGCTCCGGCTACCCCGGCGCCGCTGCTAGAGGCAGAAAGGGCCAAGAAGGCGCCGTCCGCCCCCGCTCCGGCCCAGGCGGGTGACGGGGCGTCCAGACTCGATGCCGTTAGCG,fc3fa8eacf77c2192352296234a8cf75f724bf607dcd4703a3bcb51cd322f3be,-0.103546433720453,CCAGCCGGGACTTACTTGGCAGATCAGCCTCCGACCGCCCAGCCAGGCCAAGGAGACGCAGTGGAATGCAGCCGTTTCCCAGTCGCTGGCTCCGGCTACGCCGGCGCCGCTGCTAGAGGCAGAAAGGGCCAAGAAGGCGCCGTCCGCCCCCGCTCCGGCCCAGGCGGGTGACGGGGCGTCCAGACTCGATGCCGTTAGCG,1fc515d0a59854703386fc4c8d63be1ab0822678436d65dc82b47dc769e16d97,0.278783545720298,-0.114258141056709,0.482055160693562,-286.27554105967283,-315.1336098462343,-265.71376640349627,-277.5829213671386,16.98891382291913,-1.0,0.114258141056709,0.0,0,0.20759641797751957,0.18565657667894103,0.15145376406925343,-0.002945139069890357,1.0
chr19:46974678:C:G;chr19:46974752:G:C;var1;middle;OL41|K562|8877334b09eed0fe,chr19:46974678:C:G;chr19:46974752:G:C;var1;middle;OL41,K562,K562_region_01150,100,174,74,CCAGCCGGGACTTACTTGGCAGATCAGCCTCCGACCGCCCAGCCAGGCCAAGGAGACGCAGTGGAATGCAGCCGTTTCCCAGTCGCTGGCTCCGGCTACCCCGGCGCCGCTGCTAGAGGCAGAAAGGGCCAAGAAGGCGCCGTCCGCCCCCGCTCCGGCCCAGGCGGGTCACGGGGCGTCCAGACTCGATGCCGTTAGCG,0f1ecd7c98d5a6656111c47eef75422f2a6392e16d10443624099aea8fe9565e,0.0,CCAGCCGGGACTTACTTGGCAGATCAGCCTCCGACCGCCCAGCCAGGCCAAGGAGACGCAGTGGAATGCAGCCGTTTCCCAGTCGCTGGCTCCGGCTACGCCGGCGCCGCTGCTAGAGGCAGAAAGGGCCAAGAAGGCGCCGTCCGCCCCCGCTCCGGCCCAGGCGGGTCACGGGGCGTCCAGACTCGATGCCGTTAGCG,913b2fb29e4197e10eb34d5175fc90b27934e46bd2c7046c3f6917cf95ce44ed,0.493501797944916,CCAGCCGGGACTTACTTGGCAGATCAGCCTCCGACCGCCCAGCCAGGCCAAGGAGACGCAGTGGAATGCAGCCGTTTCCCAGTCGCTGGCTCCGGCTACCCCGGCGCCGCTGCTAGAGGCAGAAAGGGCCAAGAAGGCGCCGTCCGCCCCCGCTCCGGCCCAGGCGGGTCACGCGGCGTCCAGACTCGATGCCGTTAGCG,06332392265b57727dafc745575564ae102249b5fd5a7926597d8f23562d41e0,0.337345157308619,CCAGCCGGGACTTACTTGGCAGATCAGCCTCCGACCGCCCAGCCAGGCCAAGGAGACGCAGTGGAATGCAGCCGTTTCCCAGTCGCTGGCTCCGGCTACGCCGGCGCCGCTGCTAGAGGCAGAAAGGGCCAAGAAGGCGCCGTCCGCCCCCGCTCCGGCCCAGGCGGGTCACGCGGCGTCCAGACTCGATGCCGTTAGCG,8877334b09eed0fe97c9a4d111d7f849c4f6ce29815de366a6ffc31aceea4010,0.423908393102277,0.406938562151258,0.342152385385915,-286.27554105967283,-315.1336098462343,-274.72980450838804,-292.9841629974544,-10.603710297495127,1.0,0.406938562151258,0.0,0,0.17215677154077508,0.18565657667894103,0.15145376406925343,-0.002156431250465385,1.0
chr19:46974678:C:G;chr19:46974762:A:G;var1;middle;OL41|K562|583d8936eb83ef1b,chr19:46974678:C:G;chr19:46974762:A:G;var1;middle;OL41,K562,K562_region_01150,100,184,84,CCAGCCGGGACTTACTTGGCAGATCAGCCTCCGACCGCCCAGCCAGGCCAAGGAGACGCAGTGGAATGCAGCCGTTTCCCAGTCGCTGGCTCCGGCTACCCCGGCGCCGCTGCTAGAGGCAGAAAGGGCCAAGAAGGCGCCGTCCGCCCCCGCTCCGGCCCAGGCGGGTCACGGGGCGTCCAGACTCGATGCCGTTAGCG,0f1ecd7c98d5a6656111c47eef75422f2a6392e16d10443624099aea8fe9565e,0.0,CCAGCCGGGACTTACTTGGCAGATCAGCCTCCGACCGCCCAGCCAGGCCAAGGAGACGCAGTGGAATGCAGCCGTTTCCCAGTCGCTGGCTCCGGCTACGCCGGCGCCGCTGCTAGAGGCAGAAAGGGCCAAGAAGGCGCCGTCCGCCCCCGCTCCGGCCCAGGCGGGTCACGGGGCGTCCAGACTCGATGCCGTTAGCG,913b2fb29e4197e10eb34d5175fc90b27934e46bd2c7046c3f6917cf95ce44ed,0.496868643825269,CCAGCCGGGACTTACTTGGCAGATCAGCCTCCGACCGCCCAGCCAGGCCAAGGAGACGCAGTGGAATGCAGCCGTTTCCCAGTCGCTGGCTCCGGCTACCCCGGCGCCGCTGCTAGAGGCAGAAAGGGCCAAGAAGGCGCCGTCCGCCCCCGCTCCGGCCCAGGCGGGTCACGGGGCGTCCAGGCTCGATGCCGTTAGCG,896a38b41eddfbfc588965f6cdd751c942bd0a7279f706221366c43c37c81aba,-0.0368101436147322,CCAGCCGGGACTTACTTGGCAGATCAGCCTCCGACCGCCCAGCCAGGCCAAGGAGACGCAGTGGAATGCAGCCGTTTCCCAGTCGCTGGCTCCGGCTACGCCGGCGCCGCTGCTAGAGGCAGAAAGGGCCAAGAAGGCGCCGTCCGCCCCCGCTCCGGCCCAGGCGGGTCACGGGGCGTCCAGGCTCGATGCCGTTAGCG,583d8936eb83ef1b476f6ed79eadc9a7cd273d9fc084696e31e670aa76fc0f99,0.402274507989385,-0.0577839922211518,0.505982549220756,-286.27554105967283,-315.1336098462343,-323.0580436550081,-337.8746926933527,14.041419748216867,-1.0,0.0577839922211518,0.0,0,0.20381069076919056,0.18565657667894103,0.15145376406925343,-0.005903829125129545,1.0
chr19:46974728:C:T;chr19:46974748:C:G;var1;middle;OL41|K562|374d1d1f73697491,chr19:46974728:C:T;chr19:46974748:C:G;var1;middle;OL41,K562,K562_region_01150,100,120,20,AGGAGACGCAGTGGAATGCAGCCGTTTCCCAGTCGCTGGCTCCGGCTACCCCGGCGCCGCTGCTAGAGGCAGAAAGGGCCAAGAAGGCGCCGTCCGCCCCCGCTCCGGCCCAGGCGGGTCACGGGGCGTCCAGACTCGATGCCGTTAGCGGCGAGAAGCCGAGGTTGGCGTCGCAGCGCGCGCCTGCGCACTGGCTCCCG,87d732a1aaae1f6c1c2c47f4a3b1e4a0a6332a9e8b414d6bee67b67c43e4ef48,0.0,AGGAGACGCAGTGGAATGCAGCCGTTTCCCAGTCGCTGGCTCCGGCTACCCCGGCGCCGCTGCTAGAGGCAGAAAGGGCCAAGAAGGCGCCGTCCGCCCTCGCTCCGGCCCAGGCGGGTCACGGGGCGTCCAGACTCGATGCCGTTAGCGGCGAGAAGCCGAGGTTGGCGTCGCAGCGCGCGCCTGCGCACTGGCTCCCG,b95511120a902af6da5e04c4902def3dc0d381f1fb29e98b4209458c3ae8c43c,-0.0305413207012852,AGGAGACGCAGTGGAATGCAGCCGTTTCCCAGTCGCTGGCTCCGGCTACCCCGGCGCCGCTGCTAGAGGCAGAAAGGGCCAAGAAGGCGCCGTCCGCCCCCGCTCCGGCCCAGGCGGGTGACGGGGCGTCCAGACTCGATGCCGTTAGCGGCGAGAAGCCGAGGTTGGCGTCGCAGCGCGCGCCTGCGCACTGGCTCCCG,36227b5eebaf1640d2b892bb449dfa56e4e10716a9c6dbaa62b7f588492e6327,-0.281058007515961,AGGAGACGCAGTGGAATGCAGCCGTTTCCCAGTCGCTGGCTCCGGCTACCCCGGCGCCGCTGCTAGAGGCAGAAAGGGCCAAGAAGGCGCCGTCCGCCCTCGCTCCGGCCCAGGCGGGTGACGGGGCGTCCAGACTCGATGCCGTTAGCGGCGAGAAGCCGAGGTTGGCGTCGCAGCGCGCGCCTGCGCACTGGCTCCCG,374d1d1f73697491f9f50f79a3f3b61f4af9e890a43e7d5e36007c7ea10d960e,-0.141550233252537,0.1700490949647091,0.367020186509591,-262.1289975717664,-265.46327970921993,-263.1461853682995,-266.10190568864346,0.3785618171095848,-1.0,-0.1700490949647091,0.0,0,0.186262274486606,0.18565657667894103,0.15145376406925343,-0.08002034348681011,1.0
chr19:46974728:C:T;chr19:46974752:G:C;var1;middle;OL41|K562|5a6c6e7e82a29173,chr19:46974728:C:T;chr19:46974752:G:C;var1;middle;OL41,K562,K562_region_01150,100,124,24,AGGAGACGCAGTGGAATGCAGCCGTTTCCCAGTCGCTGGCTCCGGCTACCCCGGCGCCGCTGCTAGAGGCAGAAAGGGCCAAGAAGGCGCCGTCCGCCCCCGCTCCGGCCCAGGCGGGTCACGGGGCGTCCAGACTCGATGCCGTTAGCGGCGAGAAGCCGAGGTTGGCGTCGCAGCGCGCGCCTGCGCACTGGCTCCCG,87d732a1aaae1f6c1c2c47f4a3b1e4a0a6332a9e8b414d6bee67b67c43e4ef48,0.0,AGGAGACGCAGTGGAATGCAGCCGTTTCCCAGTCGCTGGCTCCGGCTACCCCGGCGCCGCTGCTAGAGGCAGAAAGGGCCAAGAAGGCGCCGTCCGCCCTCGCTCCGGCCCAGGCGGGTCACGGGGCGTCCAGACTCGATGCCGTTAGCGGCGAGAAGCCGAGGTTGGCGTCGCAGCGCGCGCCTGCGCACTGGCTCCCG,b95511120a902af6da5e04c4902def3dc0d381f1fb29e98b4209458c3ae8c43c,-0.0290876095738275,AGGAGACGCAGTGGAATGCAGCCGTTTCCCAGTCGCTGGCTCCGGCTACCCCGGCGCCGCTGCTAGAGGCAGAAAGGGCCAAGAAGGCGCCGTCCGCCCCCGCTCCGGCCCAGGCGGGTCACGCGGCGTCCAGACTCGATGCCGTTAGCGGCGAGAAGCCGAGGTTGGCGTCGCAGCGCGCGCCTGCGCACTGGCTCCCG,e92952bef19e061f52ea3e9b99cce577f8cd60f87189252a6b6f035072cfef59,-0.120839893163898,AGGAGACGCAGTGGAATGCAGCCGTTTCCCAGTCGCTGGCTCCGGCTACCCCGGCGCCGCTGCTAGAGGCAGAAAGGGCCAAGAAGGCGCCGTCCGCCCTCGCTCCGGCCCAGGCGGGTCACGCGGCGTCCAGACTCGATGCCGTTAGCGGCGAGAAGCCGAGGTTGGCGTCGCAGCGCGCGCCTGCGCACTGGCTCCCG,5a6c6e7e82a291737117aa38aad17b087f4469a3fd0bc9965bafef9c88425c81,-0.486922251636155,0.3369947488984295,0.266884308475165,-262.1289975717664,-265.46327970921993,-262.6040483415127,-264.6218300014734,-1.3165004774928093,1.0,0.3369947488984295,0.0,0,0.1840851561325557,0.18565657667894103,0.15145376406925343,-0.07923163566738525,1.0
chr19:46974728:C:T;chr19:46974781:G:A;var1;middle;OL41|K562|c520d95f9ce807e2,chr19:46974728:C:T;chr19:46974781:G:A;var1;middle;OL41,K562,K562_region_01150,100,153,53,AGGAGACGCAGTGGAATGCAGCCGTTTCCCAGTCGCTGGCTCCGGCTACCCCGGCGCCGCTGCTAGAGGCAGAAAGGGCCAAGAAGGCGCCGTCCGCCCCCGCTCCGGCCCAGGCGGGTCACGGGGCGTCCAGACTCGATGCCGTTAGCGGCGAGAAGCCGAGGTTGGCGTCGCAGCGCGCGCCTGCGCACTGGCTCCCG,87d732a1aaae1f6c1c2c47f4a3b1e4a0a6332a9e8b414d6bee67b67c43e4ef48,0.0,AGGAGACGCAGTGGAATGCAGCCGTTTCCCAGTCGCTGGCTCCGGCTACCCCGGCGCCGCTGCTAGAGGCAGAAAGGGCCAAGAAGGCGCCGTCCGCCCTCGCTCCGGCCCAGGCGGGTCACGGGGCGTCCAGACTCGATGCCGTTAGCGGCGAGAAGCCGAGGTTGGCGTCGCAGCGCGCGCCTGCGCACTGGCTCCCG,b95511120a902af6da5e04c4902def3dc0d381f1fb29e98b4209458c3ae8c43c,-0.0288186693424237,AGGAGACGCAGTGGAATGCAGCCGTTTCCCAGTCGCTGGCTCCGGCTACCCCGGCGCCGCTGCTAGAGGCAGAAAGGGCCAAGAAGGCGCCGTCCGCCCCCGCTCCGGCCCAGGCGGGTCACGGGGCGTCCAGACTCGATGCCGTTAGCGGCAAGAAGCCGAGGTTGGCGTCGCAGCGCGCGCCTGCGCACTGGCTCCCG,014841b93946ac81e8d880f3e641b4b0fb604f3d6fd8ed12fa1c197ed7bdd895,-0.2345807635379,AGGAGACGCAGTGGAATGCAGCCGTTTCCCAGTCGCTGGCTCCGGCTACCCCGGCGCCGCTGCTAGAGGCAGAAAGGGCCAAGAAGGCGCCGTCCGCCCTCGCTCCGGCCCAGGCGGGTCACGGGGCGTCCAGACTCGATGCCGTTAGCGGCAAGAAGCCGAGGTTGGCGTCGCAGCGCGCGCCTGCGCACTGGCTCCCG,c520d95f9ce807e2e0deb62aa1aa059c80aed8d97d7d22d81901f6086cc0aa10,-0.474751176239314,0.2113517433589903,0.256536322983551,-262.1289975717664,-265.46327970921993,-260.9083686619997,-264.02859730273485,-0.21405349671840668,1.0,0.2113517433589903,0.0,0,0.18550112624991016,0.18565657667894103,0.15145376406925343,-0.04331869438533678,1.0
chr19:46975520:C:T;chr19:46975590:T:G;var1;middle;OL41|K562|1429990e8931ac1a,chr19:46975520:C:T;chr19:46975590:T:G;var1;middle;OL41,K562,K562_region_01151,100,170,70,GACTGCCCCTACAGAGAAGTGTTAGTCCAAACTGCAACCATTTTGTAAGCCCTGACTATTTTGCAGATCTTGGTCAAAGTGAAATATTCCACGGGGGTTCGGGCCAATGAGAAACATCCTGCCTAATCACCTGACCACAAGGCGGACAAAGGCCCAGCTAAAGAAACATTATCATACCCTATCGTGCAAAGGCCCAACTG,c9f6e9d184042ec1786e689def28178406c79002f2a3cf7fa87a1332d26df935,0.0,GACTGCCCCTACAGAGAAGTGTTAGTCCAAACTGCAACCATTTTGTAAGCCCTGACTATTTTGCAGATCTTGGTCAAAGTGAAATATTCCACGGGGGTTTGGGCCAATGAGAAACATCCTGCCTAATCACCTGACCACAAGGCGGACAAAGGCCCAGCTAAAGAAACATTATCATACCCTATCGTGCAAAGGCCCAACTG,b55b4aa14b2e5e2bbec8517f3491be8bbb2a66fa5104a9f0093f453da999d67c,0.127525385236367,GACTGCCCCTACAGAGAAGTGTTAGTCCAAACTGCAACCATTTTGTAAGCCCTGACTATTTTGCAGATCTTGGTCAAAGTGAAATATTCCACGGGGGTTCGGGCCAATGAGAAACATCCTGCCTAATCACCTGACCACAAGGCGGACAAAGGCCCAGCTAAAGAAACATGATCATACCCTATCGTGCAAAGGCCCAACTG,26e009424655594853613e509b079d179621a6c117ea43df322df5f8c5b66164,-0.693138078428038,GACTGCCCCTACAGAGAAGTGTTAGTCCAAACTGCAACCATTTTGTAAGCCCTGACTATTTTGCAGATCTTGGTCAAAGTGAAATATTCCACGGGGGTTTGGGCCAATGAGAAACATCCTGCCTAATCACCTGACCACAAGGCGGACAAAGGCCCAGCTAAAGAAACATGATCATACCCTATCGTGCAAAGGCCCAACTG,1429990e8931ac1ae850934e919c22257d654aa69aa96b64e3fe7088b14083da,-0.569531027208,-0.003918334016329,0.201316626546684,-385.9408100442961,-335.5205910396762,-409.334734746255,-346.46704738074914,12.447468360885978,-1.0,0.003918334016329,0.0,0,0.2017634380918864,0.18565657667894103,0.15145376406925343,0.13132545085252223,1.0
chr19:47609212:C:T;chr19:47609223:G:A;var1;middle;OL29|K562|d06b801d04b2a7bf,chr19:47609212:C:T;chr19:47609223:G:A;var1;middle;OL29,K562,K562_region_01152,100,111,11,GGACTTCATATCCCACTAGTGGCTATACCCCACAGTCTGAAAAATAGCACACCAGATCCACCACAGTATAATGGTATGTATAGAGATGGGGTCTGAGTACCAGCCACCCCGGGTTCTAACTCTGCCTGCAGCACACACTTGTTTTGTGACCTGGGACAAGTGACTTCACCTCTCTGTTTTGGTTTCTCCTCAAACAGCAG,44f99dbf6cd6943b9baf6c4dbb29571a9d5e855c91b51d8ebccb4cedfe4bd8ee,0.0,GGACTTCATATCCCACTAGTGGCTATACCCCACAGTCTGAAAAATAGCACACCAGATCCACCACAGTATAATGGTATGTATAGAGATGGGGTCTGAGTATCAGCCACCCCGGGTTCTAACTCTGCCTGCAGCACACACTTGTTTTGTGACCTGGGACAAGTGACTTCACCTCTCTGTTTTGGTTTCTCCTCAAACAGCAG,83cb98a8ba12472a204dc0e88d82d1504bad9a6eb42763da9e1966013d01ceb8,0.219516084015747,GGACTTCATATCCCACTAGTGGCTATACCCCACAGTCTGAAAAATAGCACACCAGATCCACCACAGTATAATGGTATGTATAGAGATGGGGTCTGAGTACCAGCCACCCCAGGTTCTAACTCTGCCTGCAGCACACACTTGTTTTGTGACCTGGGACAAGTGACTTCACCTCTCTGTTTTGGTTTCTCCTCAAACAGCAG,bb345dd63c0e50deb49caacdd15464ac6af7159d640b17e0db72ac78e810e36e,0.056940966530129,GGACTTCATATCCCACTAGTGGCTATACCCCACAGTCTGAAAAATAGCACACCAGATCCACCACAGTATAATGGTATGTATAGAGATGGGGTCTGAGTATCAGCCACCCCAGGTTCTAACTCTGCCTGCAGCACACACTTGTTTTGTGACCTGGGACAAGTGACTTCACCTCTCTGTTTTGGTTTCTCCTCAAACAGCAG,d06b801d04b2a7bf5537c150574acaf06e6b212d2a009bcfbcd8dadbf1d8aca8,0.248921814424827,0.0275352361210489,0.204574311029212,-228.5250525753945,-234.06290457583964,-227.85472807846963,-230.7924028318376,-2.60017724707717,1.0,0.0275352361210489,0.0,4,0.17297663716828773,0.17620727786206916,0.145609630836647,0.3106745590434049,1.0
chr19:48097125:T:G;chr19:48097205:T:A;var1;middle;OL29|K562|07e314694460a9a8,chr19:48097125:T:G;chr19:48097205:T:A;var1;middle;OL29,K562,K562_region_01153,100,180,80,TCTGTCTCAAAAAAAAAAAAGAAGTGGGGGGCAATCTTGTGGGACTCAGCCTTCAACCTGTGGGATCTGATGCTGTCTCCAGGTAGATAGTGTCAGAAGTGAATTGAATTGGAGGACAGGCTGGTGTCCCCTGGGGGGAGAAGATCCCCCTCATATCTAGTGACAGAGCGTGTTGTGAGTGTGTCGTGGGACAAACTGTT,1bdba5f0e0f285db2527ad325e6b4091de0f8d738b4bcb17de42af7272bf5fa3,0.0,TCTGTCTCAAAAAAAAAAAAGAAGTGGGGGGCAATCTTGTGGGACTCAGCCTTCAACCTGTGGGATCTGATGCTGTCTCCAGGTAGATAGTGTCAGAAGGGAATTGAATTGGAGGACAGGCTGGTGTCCCCTGGGGGGAGAAGATCCCCCTCATATCTAGTGACAGAGCGTGTTGTGAGTGTGTCGTGGGACAAACTGTT,82c8197682f7cb544ec0ac4062f1c59ffc2cdbe159a978b2f40b22e2e66e2cb4,0.0163693763051608,TCTGTCTCAAAAAAAAAAAAGAAGTGGGGGGCAATCTTGTGGGACTCAGCCTTCAACCTGTGGGATCTGATGCTGTCTCCAGGTAGATAGTGTCAGAAGTGAATTGAATTGGAGGACAGGCTGGTGTCCCCTGGGGGGAGAAGATCCCCCTCATATCTAGTGACAGAGCGTGTTGTGAGAGTGTCGTGGGACAAACTGTT,3c6d8210fe123687272d06d2f988c225678e7ae850cd6fc0fd36c8e3cd8dbafb,0.103871344530494,TCTGTCTCAAAAAAAAAAAAGAAGTGGGGGGCAATCTTGTGGGACTCAGCCTTCAACCTGTGGGATCTGATGCTGTCTCCAGGTAGATAGTGTCAGAAGGGAATTGAATTGGAGGACAGGCTGGTGTCCCCTGGGGGGAGAAGATCCCCCTCATATCTAGTGACAGAGCGTGTTGTGAGAGTGTCGTGGGACAAACTGTT,07e314694460a9a82d2b564cc8b8321c320d4fee3f85458ec63b59a94ce6c5fd,-0.0154017957716679,0.1356425166073227,0.113506088077755,-244.3364685364068,-243.4702783972025,-245.39006475545463,-244.76104836165905,0.23717374540871106,1.0,0.1356425166073227,0.0,4,0.17649328210206125,0.17620727786206916,0.145609630836647,0.10404289171880761,1.0
chr19:48097205:T:A;chr19:48097257:A:T;var1;middle;OL29|K562|6cc6547cd4ef2e93,chr19:48097205:T:A;chr19:48097257:A:T;var1;middle;OL29,K562,K562_region_01153,100,152,52,AGGTAGATAGTGTCAGAAGTGAATTGAATTGGAGGACAGGCTGGTGTCCCCTGGGGGGAGAAGATCCCCCTCATATCTAGTGACAGAGCGTGTTGTGAGTGTGTCGTGGGACAAACTGTTTGTGTATTCCTCTATTCTCAGAATTCCCTGCACTGTCTTTTCCTAACAATTCCTCTTTATCCTCCTCCTCCTCCAGGAAG,51ca61d5481cc975a4855557769c4c0fb0792855f4344c15cb1c549fd7eca878,0.0,AGGTAGATAGTGTCAGAAGTGAATTGAATTGGAGGACAGGCTGGTGTCCCCTGGGGGGAGAAGATCCCCCTCATATCTAGTGACAGAGCGTGTTGTGAGAGTGTCGTGGGACAAACTGTTTGTGTATTCCTCTATTCTCAGAATTCCCTGCACTGTCTTTTCCTAACAATTCCTCTTTATCCTCCTCCTCCTCCAGGAAG,93c370c89cb0515dd544dc4a854d9b373697d619c953a292e75be9225f2f97c1,0.0275044751922219,AGGTAGATAGTGTCAGAAGTGAATTGAATTGGAGGACAGGCTGGTGTCCCCTGGGGGGAGAAGATCCCCCTCATATCTAGTGACAGAGCGTGTTGTGAGTGTGTCGTGGGACAAACTGTTTGTGTATTCCTCTATTCTCAGAATTCCCTGCTCTGTCTTTTCCTAACAATTCCTCTTTATCCTCCTCCTCCTCCAGGAAG,027efd5ebdcff85dfac550c940134aed1b2ee37f93986178cd31321c031c8541,-0.0499908393568435,AGGTAGATAGTGTCAGAAGTGAATTGAATTGGAGGACAGGCTGGTGTCCCCTGGGGGGAGAAGATCCCCCTCATATCTAGTGACAGAGCGTGTTGTGAGAGTGTCGTGGGACAAACTGTTTGTGTATTCCTCTATTCTCAGAATTCCCTGCTCTGTCTTTTCCTAACAATTCCTCTTTATCCTCCTCCTCCTCCAGGAAG,6cc6547cd4ef2e93884d2df01e52afac4d6af040ecc7022a2fdddb816d22a023,-0.0367977136862074,-0.0143113495215857,0.175455232570826,-360.9988492480479,-350.500451806467,-351.4615976209752,-354.4987401284743,-13.535539949079975,-1.0,0.0143113495215857,0.0,4,0.1594232248668784,0.17620727786206916,0.145609630836647,0.1731293999627125,1.0
chr19:4837487:A:G;chr19:4837557:C:A;var1;middle;OL32|K562|2dba432b3e1401a9,chr19:4837487:A:G;chr19:4837557:C:A;var1;middle;OL32,K562,K562_region_01063,100,170,70,GGGCAGATCACTTGAGGTCAGGAGTTCAAAGCCAGCCTGGCCAATATGGCAAAACCCCGTCTCTAGTAAAATTCAAAAATTAGCCGGGCATGGTGGGGCACGCACCAGTAATCCCTGTGGCTGTTGGTTATAGGGAGTGGATTCCTATGTAACATTCATTGAACTGTCCCTTTAAGATTCATATACTTGGGTGCATATGA,5b0f70122abe2ad3d25885dac4630e526c8d0eed603655ffe29a21dab1ae1555,0.0,GGGCAGATCACTTGAGGTCAGGAGTTCAAAGCCAGCCTGGCCAATATGGCAAAACCCCGTCTCTAGTAAAATTCAAAAATTAGCCGGGCATGGTGGGGCGCGCACCAGTAATCCCTGTGGCTGTTGGTTATAGGGAGTGGATTCCTATGTAACATTCATTGAACTGTCCCTTTAAGATTCATATACTTGGGTGCATATGA,d448952af97a4e096090e565673f6bd0252403ffce53ccea4b6e9fc681fa40c1,-0.180324514201742,GGGCAGATCACTTGAGGTCAGGAGTTCAAAGCCAGCCTGGCCAATATGGCAAAACCCCGTCTCTAGTAAAATTCAAAAATTAGCCGGGCATGGTGGGGCACGCACCAGTAATCCCTGTGGCTGTTGGTTATAGGGAGTGGATTCCTATGTAACATTCATTGAACTGTCCATTTAAGATTCATATACTTGGGTGCATATGA,6d66562f8a687604edd5da5860c890ea17e00c343ac69633bd05119abbb7ed80,-2.17583335744866,GGGCAGATCACTTGAGGTCAGGAGTTCAAAGCCAGCCTGGCCAATATGGCAAAACCCCGTCTCTAGTAAAATTCAAAAATTAGCCGGGCATGGTGGGGCGCGCACCAGTAATCCCTGTGGCTGTTGGTTATAGGGAGTGGATTCCTATGTAACATTCATTGAACTGTCCATTTAAGATTCATATACTTGGGTGCATATGA,2dba432b3e1401a92b0f32ee784c97ff941c6e09247fc8a38803b3e1f8a43006,-1.9542536480336,0.4019042236168022,0.28360789030391,-201.8853208851069,-204.25534566305572,-211.7510454002768,-213.70081088226289,0.42025929596277933,-1.0,-0.4019042236168022,0.0,0,0.1863158302448917,0.18565657667894103,0.15145376406925343,0.0743486733102327,1.0
chr19:48836208:G:A;chr19:48836236:G:A;var1;middle;OL41|K562|1c8888790c879896,chr19:48836208:G:A;chr19:48836236:G:A;var1;middle;OL41,K562,K562_region_01154,100,128,28,CGCAGCTTTAACTCTTCTACCTGGCGGTTTACAGAAGCCAGAGCTGAGCAGCTGTGATTGGCAGACACCCTCAGCTCCTCAGCCAAACCACACTTGGATGTTTATGGTGAGGGTGGGACTAAGAAATGGAACAGAAGCAGAGCTAAATCGCTTTGATTGGCTGTTCATCGAAGGGGCGGGGAAGACTTAACAACTGCTAG,41f9ed0f9a217ff1e85564beaf57a8c9fb9915f3910a30f2dcbc67eb636ca441,0.0,CGCAGCTTTAACTCTTCTACCTGGCGGTTTACAGAAGCCAGAGCTGAGCAGCTGTGATTGGCAGACACCCTCAGCTCCTCAGCCAAACCACACTTGGATATTTATGGTGAGGGTGGGACTAAGAAATGGAACAGAAGCAGAGCTAAATCGCTTTGATTGGCTGTTCATCGAAGGGGCGGGGAAGACTTAACAACTGCTAG,ac554221de6d8eb298002150e342e426925bd68d4e3ac866d1cb70f42a502399,0.108888450659629,CGCAGCTTTAACTCTTCTACCTGGCGGTTTACAGAAGCCAGAGCTGAGCAGCTGTGATTGGCAGACACCCTCAGCTCCTCAGCCAAACCACACTTGGATGTTTATGGTGAGGGTGGGACTAAGAAATAGAACAGAAGCAGAGCTAAATCGCTTTGATTGGCTGTTCATCGAAGGGGCGGGGAAGACTTAACAACTGCTAG,1478fc60c81830ff7cbd8feadf76398ef35c8809f68e2fe6aeeabb9c1a6797eb,-0.457665549396817,CGCAGCTTTAACTCTTCTACCTGGCGGTTTACAGAAGCCAGAGCTGAGCAGCTGTGATTGGCAGACACCCTCAGCTCCTCAGCCAAACCACACTTGGATATTTATGGTGAGGGTGGGACTAAGAAATAGAACAGAAGCAGAGCTAAATCGCTTTGATTGGCTGTTCATCGAAGGGGCGGGGAAGACTTAACAACTGCTAG,1c8888790c8798968741b69316368f1ba93d829b6c81e16e579d8e2eed9c5355,-0.417401345286833,-0.068624246549645,0.267294218958612,-240.39422196894884,-241.54292751848692,-242.66662137955427,-243.90541104227304,-0.0900841131806942,-1.0,0.068624246549645,0.0,0,0.18566035108848966,0.18565657667894103,0.15145376406925343,0.1165325021935281,1.0
chr19:488470:C:G;chr19:488506:A:G;var1;middle;OL41|K562|7c0d0894fb9d92de,chr19:488470:C:G;chr19:488506:A:G;var1;middle;OL41,K562,K562_region_01016,100,136,36,AATTAGCCGGGCGTGGTGGCAGGCGCCTGTAGTCCCAGCTACTCGGGAGGCTGAGGCAGGAGAATGGCGTGAACCCGGGAGGCGGAGCTTGCGGTGAGCCGAGATGGCGCCACTGCACTCCAGCCTGGGCGACAGAGCGAGACTCCGTCTCAAAAAAATAACAAGTAAATCAGTGTGGAACTAACGAGCGCCCTCGTCCC,bd9a111f0bd5f942970e0a07e35f879393392ae9026925d25329256923f1033e,0.0,AATTAGCCGGGCGTGGTGGCAGGCGCCTGTAGTCCCAGCTACTCGGGAGGCTGAGGCAGGAGAATGGCGTGAACCCGGGAGGCGGAGCTTGCGGTGAGCGGAGATGGCGCCACTGCACTCCAGCCTGGGCGACAGAGCGAGACTCCGTCTCAAAAAAATAACAAGTAAATCAGTGTGGAACTAACGAGCGCCCTCGTCCC,03cea9c85aa91ca7f6ba1feb1f4925b67d9adf18279f52a9d1e49c299834da3a,-0.37935038371328,AATTAGCCGGGCGTGGTGGCAGGCGCCTGTAGTCCCAGCTACTCGGGAGGCTGAGGCAGGAGAATGGCGTGAACCCGGGAGGCGGAGCTTGCGGTGAGCCGAGATGGCGCCACTGCACTCCAGCCTGGGCGACAGGGCGAGACTCCGTCTCAAAAAAATAACAAGTAAATCAGTGTGGAACTAACGAGCGCCCTCGTCCC,5f726fc563f1f939fa3d008d1ecfb3b748e854207181188b76bf9d9fae835f87,0.168208551384589,AATTAGCCGGGCGTGGTGGCAGGCGCCTGTAGTCCCAGCTACTCGGGAGGCTGAGGCAGGAGAATGGCGTGAACCCGGGAGGCGGAGCTTGCGGTGAGCGGAGATGGCGCCACTGCACTCCAGCCTGGGCGACAGGGCGAGACTCCGTCTCAAAAAAATAACAAGTAAATCAGTGTGGAACTAACGAGCGCCCTCGTCCC,7c0d0894fb9d92de5d153f92433fbcfda7550c4bdf11a300672ace5b03959c6e,-0.211347375970975,-0.000205543642284,0.235698985708426,-84.14614779502153,-87.19123988272622,-87.42045517871156,-90.50346382707356,-0.037916560657308196,-1.0,0.000205543642284,0.0,4,0.17615233206319783,0.17620727786206916,0.145609630836647,0.11505054054712673,1.0
chr19:488474:A:T;chr19:488506:A:G;var1;middle;OL41|K562|8f2254567d7b2283,chr19:488474:A:T;chr19:488506:A:G;var1;middle;OL41,K562,K562_region_01016,100,132,32,AGCCGGGCGTGGTGGCAGGCGCCTGTAGTCCCAGCTACTCGGGAGGCTGAGGCAGGAGAATGGCGTGAACCCGGGAGGCGGAGCTTGCGGTGAGCCGAGATGGCGCCACTGCACTCCAGCCTGGGCGACAGAGCGAGACTCCGTCTCAAAAAAATAACAAGTAAATCAGTGTGGAACTAACGAGCGCCCTCGTCCCTCGC,93a9f5469a2a6630457b3a942caeceaa892530af85a81fdcd8a312e54302916d,0.0,AGCCGGGCGTGGTGGCAGGCGCCTGTAGTCCCAGCTACTCGGGAGGCTGAGGCAGGAGAATGGCGTGAACCCGGGAGGCGGAGCTTGCGGTGAGCCGAGTTGGCGCCACTGCACTCCAGCCTGGGCGACAGAGCGAGACTCCGTCTCAAAAAAATAACAAGTAAATCAGTGTGGAACTAACGAGCGCCCTCGTCCCTCGC,5e2b0d986d04014144264ab88b4378a54dd14d7129f67ffb3c396240942e1cbb,0.118415344937331,AGCCGGGCGTGGTGGCAGGCGCCTGTAGTCCCAGCTACTCGGGAGGCTGAGGCAGGAGAATGGCGTGAACCCGGGAGGCGGAGCTTGCGGTGAGCCGAGATGGCGCCACTGCACTCCAGCCTGGGCGACAGGGCGAGACTCCGTCTCAAAAAAATAACAAGTAAATCAGTGTGGAACTAACGAGCGCCCTCGTCCCTCGC,b68a677d3fe00e8362ff2b73e5e38a50c8f01bba014fad10917bf18cdcbaf790,0.666787424701916,AGCCGGGCGTGGTGGCAGGCGCCTGTAGTCCCAGCTACTCGGGAGGCTGAGGCAGGAGAATGGCGTGAACCCGGGAGGCGGAGCTTGCGGTGAGCCGAGTTGGCGCCACTGCACTCCAGCCTGGGCGACAGGGCGAGACTCCGTCTCAAAAAAATAACAAGTAAATCAGTGTGGAACTAACGAGCGCCCTCGTCCCTCGC,8f2254567d7b2283bf1c4afad3ddbaf447a4652570956a76caffdda960cc86db,-0.184455137902368,0.969657907541615,0.21085625350122,-88.70117583265528,-94.67901492863894,-91.97136424900964,-97.98721440369263,0.03801105869933963,1.0,0.969657907541615,0.0,4,0.17624643761399192,0.17620727786206916,0.145609630836647,0.22756603011721427,1.0
chr19:48969879:T:C;chr19:48969936:A:G;var1;middle;OL41|K562|fdebfc35712b9ad6,chr19:48969879:T:C;chr19:48969936:A:G;var1;middle;OL41,K562,K562_region_01155,100,157,57,GGACCCCAGAAGCTTTGCTCTAAATCCCAATGCTGCCCCAACTTACTGTGTCACTTTGGACTCCTCTTCATGTCAGTTTCCCCATCTGTAAAAACGGGATATTGGAACTTGAAGTTCTTCAGGGGCCTTTCCAGCAGGATGAGTCCTCACTACACCAAGGGTGGGATGGGCATTCGAGTCCTGGGGATTTCCCTCCTCTC,4b3eea4c9cc58090f656a6f4a242c2ae210142a55b72dfa8f9b044892081d666,0.0,GGACCCCAGAAGCTTTGCTCTAAATCCCAATGCTGCCCCAACTTACTGTGTCACTTTGGACTCCTCTTCATGTCAGTTTCCCCATCTGTAAAAACGGGACATTGGAACTTGAAGTTCTTCAGGGGCCTTTCCAGCAGGATGAGTCCTCACTACACCAAGGGTGGGATGGGCATTCGAGTCCTGGGGATTTCCCTCCTCTC,ab08db4c6b81958f9a662993f0fd016c6c8d063bbf22568221429d9860f2b80e,0.655308152956055,GGACCCCAGAAGCTTTGCTCTAAATCCCAATGCTGCCCCAACTTACTGTGTCACTTTGGACTCCTCTTCATGTCAGTTTCCCCATCTGTAAAAACGGGATATTGGAACTTGAAGTTCTTCAGGGGCCTTTCCAGCAGGATGAGTCCTCACTACACCGAGGGTGGGATGGGCATTCGAGTCCTGGGGATTTCCCTCCTCTC,c5d4df97330257ebf7276df05595004648ca998050ebffbe5b719967b0c7ca6a,0.0412452587391795,GGACCCCAGAAGCTTTGCTCTAAATCCCAATGCTGCCCCAACTTACTGTGTCACTTTGGACTCCTCTTCATGTCAGTTTCCCCATCTGTAAAAACGGGACATTGGAACTTGAAGTTCTTCAGGGGCCTTTCCAGCAGGATGAGTCCTCACTACACCGAGGGTGGGATGGGCATTCGAGTCCTGGGGATTTCCCTCCTCTC,fdebfc35712b9ad6bc2f0d5aad74d7e62e4ba82afb41c5e8e5f6ac9bc7048321,0.0577484023380428,0.6388050093571918,0.39715169010686,-280.114104770124,-265.0416439352557,-280.3276578378864,-267.42756538884714,2.1723683858290883,1.0,0.6388050093571918,0.0,4,0.17889178424230495,0.17620727786206916,0.145609630836647,0.2629933642846111,1.0
chr19:49206108:C:G;chr19:49206145:G:C;var1;middle;OL30|K562|a3c9f6017eaa64a3,chr19:49206108:C:G;chr19:49206145:G:C;var1;middle;OL30,K562,K562_region_01156,100,137,37,GAACACAATGTAGACACATCTGTATAAACACACTTGAGATACATGCCTGTGCACATAGGCAAGTATGTGCCAAGTATTTACACACCTGAAGTAGAAGCACACACACACCCACACTATGCCTGCACACCACCGCATGGCCACGTTCACCAGCGCCCCGGGCCTCCATCTCCCAGCTAACGTGTCCCGTTTTCCTCCCCTGA,6cfc574516ebdb00b011692a90e701c100768784523def3a0250a640f5383e4b,0.0,GAACACAATGTAGACACATCTGTATAAACACACTTGAGATACATGCCTGTGCACATAGGCAAGTATGTGCCAAGTATTTACACACCTGAAGTAGAAGCAGACACACACCCACACTATGCCTGCACACCACCGCATGGCCACGTTCACCAGCGCCCCGGGCCTCCATCTCCCAGCTAACGTGTCCCGTTTTCCTCCCCTGA,984f45d70886e919f9608c67a0047f2ba3dd21149b46a5a44c4ee8d9e7e57a9b,-0.221586040846633,GAACACAATGTAGACACATCTGTATAAACACACTTGAGATACATGCCTGTGCACATAGGCAAGTATGTGCCAAGTATTTACACACCTGAAGTAGAAGCACACACACACCCACACTATGCCTGCACACCACCGCATGCCCACGTTCACCAGCGCCCCGGGCCTCCATCTCCCAGCTAACGTGTCCCGTTTTCCTCCCCTGA,bb216adde4be8f658ec7fb0b2092262d3fe9778604751ced0146a1daa19a19b9,-0.554953487521496,GAACACAATGTAGACACATCTGTATAAACACACTTGAGATACATGCCTGTGCACATAGGCAAGTATGTGCCAAGTATTTACACACCTGAAGTAGAAGCAGACACACACCCACACTATGCCTGCACACCACCGCATGCCCACGTTCACCAGCGCCCCGGGCCTCCATCTCCCAGCTAACGTGTCCCGTTTTCCTCCCCTGA,a3c9f6017eaa64a367344c0bf3cc955066135b1badfaf1310b40318f6527eba4,-0.654802610165079,-0.1217369182030499,0.345340035684017,-306.7764505041414,-312.5619293554919,-281.95265691535315,-288.7404284066288,1.0022926399251446,1.0,-0.1217369182030499,0.0,3,0.18349179894129472,0.18106719778262317,0.1474303780702046,0.3016608525494444,1.0
chr19:49206108:C:G;chr19:49206172:C:T;var1;middle;OL30|K562|6fca26419962c65a,chr19:49206108:C:G;chr19:49206172:C:T;var1;middle;OL30,K562,K562_region_01156,100,164,64,GAACACAATGTAGACACATCTGTATAAACACACTTGAGATACATGCCTGTGCACATAGGCAAGTATGTGCCAAGTATTTACACACCTGAAGTAGAAGCACACACACACCCACACTATGCCTGCACACCACCGCATGGCCACGTTCACCAGCGCCCCGGGCCTCCATCTCCCAGCTAACGTGTCCCGTTTTCCTCCCCTGA,6cfc574516ebdb00b011692a90e701c100768784523def3a0250a640f5383e4b,0.0,GAACACAATGTAGACACATCTGTATAAACACACTTGAGATACATGCCTGTGCACATAGGCAAGTATGTGCCAAGTATTTACACACCTGAAGTAGAAGCAGACACACACCCACACTATGCCTGCACACCACCGCATGGCCACGTTCACCAGCGCCCCGGGCCTCCATCTCCCAGCTAACGTGTCCCGTTTTCCTCCCCTGA,984f45d70886e919f9608c67a0047f2ba3dd21149b46a5a44c4ee8d9e7e57a9b,-0.22087933459436,GAACACAATGTAGACACATCTGTATAAACACACTTGAGATACATGCCTGTGCACATAGGCAAGTATGTGCCAAGTATTTACACACCTGAAGTAGAAGCACACACACACCCACACTATGCCTGCACACCACCGCATGGCCACGTTCACCAGCGCCCCGGGCCTCTATCTCCCAGCTAACGTGTCCCGTTTTCCTCCCCTGA,26059231bc6f389cc1bdc8ad05185a79d10beda0d1fe02b49ed272887805819f,0.0765415304385602,GAACACAATGTAGACACATCTGTATAAACACACTTGAGATACATGCCTGTGCACATAGGCAAGTATGTGCCAAGTATTTACACACCTGAAGTAGAAGCAGACACACACCCACACTATGCCTGCACACCACCGCATGGCCACGTTCACCAGCGCCCCGGGCCTCTATCTCCCAGCTAACGTGTCCCGTTTTCCTCCCCTGA,6fca26419962c65a3b872e88b870ea1623d59a41b7eda5c930618e2ccf3bfc39,0.261417465158574,0.4057552693143738,0.296021560390323,-306.7764505041414,-312.5619293554919,-323.68534799682675,-329.15383980283514,0.31698704534210265,-1.0,-0.4057552693143738,0.0,3,0.1821114664101052,0.18106719778262317,0.1474303780702046,0.27061119446365056,1.0
chr19:49206145:G:C;chr19:49206172:C:T;var1;middle;OL30|K562|ad159f83ebb309d8,chr19:49206145:G:C;chr19:49206172:C:T;var1;middle;OL30,K562,K562_region_01156,100,127,27,GATACATGCCTGTGCACATAGGCAAGTATGTGCCAAGTATTTACACACCTGAAGTAGAAGCACACACACACCCACACTATGCCTGCACACCACCGCATGGCCACGTTCACCAGCGCCCCGGGCCTCCATCTCCCAGCTAACGTGTCCCGTTTTCCTCCCCTGACAGCCATGCTGGTCGTTCAGATGCCTTTCTCCTTTCC,24588b51cb8323ad131aa6e127ad27c6d82c9432b8a521a5fef7d3bfda849bbd,0.0,GATACATGCCTGTGCACATAGGCAAGTATGTGCCAAGTATTTACACACCTGAAGTAGAAGCACACACACACCCACACTATGCCTGCACACCACCGCATGCCCACGTTCACCAGCGCCCCGGGCCTCCATCTCCCAGCTAACGTGTCCCGTTTTCCTCCCCTGACAGCCATGCTGGTCGTTCAGATGCCTTTCTCCTTTCC,d826a7af0cb9ca237f92a7bb6326cb1bc6304dad77d9651db02d8de17313af28,0.011794249057471,GATACATGCCTGTGCACATAGGCAAGTATGTGCCAAGTATTTACACACCTGAAGTAGAAGCACACACACACCCACACTATGCCTGCACACCACCGCATGGCCACGTTCACCAGCGCCCCGGGCCTCTATCTCCCAGCTAACGTGTCCCGTTTTCCTCCCCTGACAGCCATGCTGGTCGTTCAGATGCCTTTCTCCTTTCC,7de18693e4ad6818ec4146cb769720a3755bd947a6c136a35cd8621b6ec5deda,0.155001141478461,GATACATGCCTGTGCACATAGGCAAGTATGTGCCAAGTATTTACACACCTGAAGTAGAAGCACACACACACCCACACTATGCCTGCACACCACCGCATGCCCACGTTCACCAGCGCCCCGGGCCTCTATCTCCCAGCTAACGTGTCCCGTTTTCCTCCCCTGACAGCCATGCTGGTCGTTCAGATGCCTTTCTCCTTTCC,ad159f83ebb309d82dacdc06999cfd7097debcb43a5d168a90bc47ac067ba6ec,0.179107113447251,-0.0123117229113189,0.311999338743132,-319.1648271647282,-317.85591536946595,-337.61794612789527,-339.06362499599345,2.754590663360432,1.0,-0.0123117229113189,0.0,3,0.18702125205711012,0.18106719778262317,0.1474303780702046,0.28286665687652024,1.0
chr19:49206417:A:G;chr19:49206462:C:T;var1;middle;OL30|K562|459a4b8d2853a002,chr19:49206417:A:G;chr19:49206462:C:T;var1;middle;OL30,K562,K562_region_01157,100,145,45,TCAAGCCATGTGGGAGTTACCGGTGCAGATACCAGTGCTAGCCTCAACATCAAAGGCACTGGGACCCAGCCAGCTCAGGGGGATGTGGACGATCAATGCAATAGGCCGCCTGGGGAACCAGATGGGCGAGTACGCCACACTGTACGCCCTGGCCAAGATGAACGGGCGGCCCGCCTTCATCCCGGCCCAGATGCACAGCA,4d0eaa2c1ace8350af613b1def4a408b6437d964b35028de9a612e8581117ecf,0.0,TCAAGCCATGTGGGAGTTACCGGTGCAGATACCAGTGCTAGCCTCAACATCAAAGGCACTGGGACCCAGCCAGCTCAGGGGGATGTGGACGATCAATGCGATAGGCCGCCTGGGGAACCAGATGGGCGAGTACGCCACACTGTACGCCCTGGCCAAGATGAACGGGCGGCCCGCCTTCATCCCGGCCCAGATGCACAGCA,fead909e21c59a797ccd948920986c6caebfffece023350c53028823e042dff9,0.687208968695486,TCAAGCCATGTGGGAGTTACCGGTGCAGATACCAGTGCTAGCCTCAACATCAAAGGCACTGGGACCCAGCCAGCTCAGGGGGATGTGGACGATCAATGCAATAGGCCGCCTGGGGAACCAGATGGGCGAGTACGCCACACTGTATGCCCTGGCCAAGATGAACGGGCGGCCCGCCTTCATCCCGGCCCAGATGCACAGCA,232c4be19344258214b3658c57f0f6c9b3980cf1ce73beb202e535c8228a92e4,-0.206969147999957,TCAAGCCATGTGGGAGTTACCGGTGCAGATACCAGTGCTAGCCTCAACATCAAAGGCACTGGGACCCAGCCAGCTCAGGGGGATGTGGACGATCAATGCGATAGGCCGCCTGGGGAACCAGATGGGCGAGTACGCCACACTGTATGCCCTGGCCAAGATGAACGGGCGGCCCGCCTTCATCCCGGCCCAGATGCACAGCA,459a4b8d2853a0029f113b31a8c31e60e0d6c1d6b0a4f92dcf0e5c59cc60c11f,0.376085757693506,-0.1041540630020229,0.139614640144572,-361.0175826791965,-357.337296657468,-377.9512922758004,-369.2183772346471,5.052629019424842,-1.0,0.1041540630020229,0.0,3,0.19164992738950246,0.18106719778262317,0.1474303780702046,0.16192399553655107,1.0
chr19:49206603:C:T;chr19:49206674:G:A;var1;middle;OL31|K562|76d4a3a1ba5b80fe,chr19:49206603:C:T;chr19:49206674:G:A;var1;middle;OL31,K562,K562_region_01157,100,171,71,CCAGATGCACAGCACCCTGGCCCCCATCTTCAGAATCACCCTGCCGGTGCTGCACAGCGCCACGGCCAGCAGGATCCCCTGGCAGAACTACCACCTGAACGACTGGATGGAGGAGGAATACCGCCACATCCCGGGGGAGTACGTCCGCTTCACCGGCTACCCCTGCTCCTGGACCTTCTACCACCACCTCCGCCAGGAGA,30f76ff3a6c34f19dc1d3f25ebba8d009c6c13edfda1dba5df8a9318f680f0ec,0.0,CCAGATGCACAGCACCCTGGCCCCCATCTTCAGAATCACCCTGCCGGTGCTGCACAGCGCCACGGCCAGCAGGATCCCCTGGCAGAACTACCACCTGAATGACTGGATGGAGGAGGAATACCGCCACATCCCGGGGGAGTACGTCCGCTTCACCGGCTACCCCTGCTCCTGGACCTTCTACCACCACCTCCGCCAGGAGA,513e95d12c3a282301582cd3dd5f62d0a3de8ffc1df4d712101bf2dc4693f7b6,-0.149739519719583,CCAGATGCACAGCACCCTGGCCCCCATCTTCAGAATCACCCTGCCGGTGCTGCACAGCGCCACGGCCAGCAGGATCCCCTGGCAGAACTACCACCTGAACGACTGGATGGAGGAGGAATACCGCCACATCCCGGGGGAGTACGTCCGCTTCACCGGCTACCCCTGCTCCTAGACCTTCTACCACCACCTCCGCCAGGAGA,d8c8fcb67c9bc7ad62feca19803914062cda5668e2edec9fe6049abfdb76faf8,0.0932519555996553,CCAGATGCACAGCACCCTGGCCCCCATCTTCAGAATCACCCTGCCGGTGCTGCACAGCGCCACGGCCAGCAGGATCCCCTGGCAGAACTACCACCTGAATGACTGGATGGAGGAGGAATACCGCCACATCCCGGGGGAGTACGTCCGCTTCACCGGCTACCCCTGCTCCTAGACCTTCTACCACCACCTCCGCCAGGAGA,76d4a3a1ba5b80fe13dbe535f8865e421a77668e559b20917c29350980ddddf3,0.485150005172686,0.5416375692926138,0.40524741693265,-227.8022177387029,-222.4372052345425,-234.3418240584433,-232.120519772172,-3.143708217889099,-1.0,-0.5416375692926138,0.0,3,0.1751409844964446,0.18106719778262317,0.1474303780702046,0.2906887561448708,1.0
chr19:49218430:A:G;chr19:49218437:A:C;var1;middle;OL41|K562|f57c5e1c648fa201,chr19:49218430:A:G;chr19:49218437:A:C;var1;middle;OL41,K562,K562_region_01158,100,107,7,AGGAGGAACTAGGCGTTCAGACTCGGGTCTGAAGGGCGAAGGGAGGGGCTGGGATCCTGGACTCTTAAACCCTGGGAGAAGAGAGGGTTGGGGGCCCCAATCCCCTAATCTTGGACTCGAGGTTTGAGGGAGGAGGATGCTGGGACCTGAATTTCTGGGTCCCGGGAGAACAGAAGTGGGTGTCATACCTAGGATGTGGC,54bc19cae654bb463cc6528a7910a36b463f2aa7a6a4616e6558415139dcef21,0.0,AGGAGGAACTAGGCGTTCAGACTCGGGTCTGAAGGGCGAAGGGAGGGGCTGGGATCCTGGACTCTTAAACCCTGGGAGAAGAGAGGGTTGGGGGCCCCAGTCCCCTAATCTTGGACTCGAGGTTTGAGGGAGGAGGATGCTGGGACCTGAATTTCTGGGTCCCGGGAGAACAGAAGTGGGTGTCATACCTAGGATGTGGC,8bf5e12ed2222bd89e2ca3dbe52d0f13489cb84430cf280d4a1997850eda972b,-0.172728120460588,AGGAGGAACTAGGCGTTCAGACTCGGGTCTGAAGGGCGAAGGGAGGGGCTGGGATCCTGGACTCTTAAACCCTGGGAGAAGAGAGGGTTGGGGGCCCCAATCCCCTCATCTTGGACTCGAGGTTTGAGGGAGGAGGATGCTGGGACCTGAATTTCTGGGTCCCGGGAGAACAGAAGTGGGTGTCATACCTAGGATGTGGC,0b1d5cdd61268b86051b431e9790a853cb86106b3ec678db1127adeed9b1fb75,-0.0855872085555003,AGGAGGAACTAGGCGTTCAGACTCGGGTCTGAAGGGCGAAGGGAGGGGCTGGGATCCTGGACTCTTAAACCCTGGGAGAAGAGAGGGTTGGGGGCCCCAGTCCCCTCATCTTGGACTCGAGGTTTGAGGGAGGAGGATGCTGGGACCTGAATTTCTGGGTCCCGGGAGAACAGAAGTGGGTGTCATACCTAGGATGTGGC,f57c5e1c648fa201fdc1c15fe283ccd9a94a223cd8de7d700d209f9a94a7e47e,-0.0835345260448873,0.1747808029712009,0.251983701393667,-228.466284416616,-227.01363416016105,-226.09378368407488,-224.4367141500116,0.20441927760830936,-1.0,-0.1747808029712009,0.0,2,0.1754921193659315,0.17490732828716207,0.146091925319964,0.25482704316547905,1.0
chr19:49342145:T:G;chr19:49342188:C:T;var1;middle;OL41|K562|41af3cc4f2a9fc53,chr19:49342145:T:G;chr19:49342188:C:T;var1;middle;OL41,K562,K562_region_01159,100,143,43,ATAAAAATAAAAATAAAAAATAAACAGCTGGCACAGTGGGGACCCGGGTACCGCACGTGCCTTTCTGGGAGTTGTAGTTCCTAGCACGTGTCTCTAAAATACGTTAAACATGGCACCGCCCTCATACCGCCCACATGCATTACGGGATTTGTAGTCCACTCGCGCGTCACTATCACCCAATTTCCTTGATGCAGAAGTAG,8f64bdb2d8cfbe1030066e7a0ab3e679b9f285f20ac18e5dafa755de91b250fb,0.0,ATAAAAATAAAAATAAAAAATAAACAGCTGGCACAGTGGGGACCCGGGTACCGCACGTGCCTTTCTGGGAGTTGTAGTTCCTAGCACGTGTCTCTAAAAGACGTTAAACATGGCACCGCCCTCATACCGCCCACATGCATTACGGGATTTGTAGTCCACTCGCGCGTCACTATCACCCAATTTCCTTGATGCAGAAGTAG,5715e7dd13827d5c404b8412aaf1d1535e98e6dc461887fa33da2bc9618daa6c,-0.0971705905830266,ATAAAAATAAAAATAAAAAATAAACAGCTGGCACAGTGGGGACCCGGGTACCGCACGTGCCTTTCTGGGAGTTGTAGTTCCTAGCACGTGTCTCTAAAATACGTTAAACATGGCACCGCCCTCATACCGCCCACATGCATTATGGGATTTGTAGTCCACTCGCGCGTCACTATCACCCAATTTCCTTGATGCAGAAGTAG,2c1f67626321484b524a659f846186ae1a092eb172e6468069fa9dac4f22c273,0.0289960383788692,ATAAAAATAAAAATAAAAAATAAACAGCTGGCACAGTGGGGACCCGGGTACCGCACGTGCCTTTCTGGGAGTTGTAGTTCCTAGCACGTGTCTCTAAAAGACGTTAAACATGGCACCGCCCTCATACCGCCCACATGCATTATGGGATTTGTAGTCCACTCGCGCGTCACTATCACCCAATTTCCTTGATGCAGAAGTAG,41af3cc4f2a9fc536919c4930b7701d7205714a41366f6cc59ea82556eaad8a6,0.0019341077373727,0.0701086599415301,0.1341382995558,-217.0886803548783,-217.35321032023057,-213.5799658256583,-213.80216488381848,0.04233090719208121,-1.0,-0.0701086599415301,0.0,3,0.18155825802339998,0.18106719778262317,0.1474303780702046,0.470273986951928,1.0
chr19:49374081:C:T;chr19:49374108:C:T;var1;middle;OL30|K562|138f2694f0f5ab9f,chr19:49374081:C:T;chr19:49374108:C:T;var1;middle;OL30,K562,K562_region_01160,100,127,27,CACCTGTAATCCCAGCACTTTGGGAGGCCGAGGCGGGTGGATCACAAGGTCAGGAGATCGAGACCATCCTGGTTAACACGGTGAAAAACCCCGTCTCTACTAAGAATACAAAAAAAATTAGCCGGGCGTGGTGGTGGGCACCTGTAGTCCCAGCTACTAGGGAGGCTGAGGCAGGAGAATGGCGAGAACCAGGGAGGAGG,1bd33a6393e7d13182340dfc26fc5734c51b18b43f3865ee9f9a7d26b3c0c8f4,0.0,CACCTGTAATCCCAGCACTTTGGGAGGCCGAGGCGGGTGGATCACAAGGTCAGGAGATCGAGACCATCCTGGTTAACACGGTGAAAAACCCCGTCTCTATTAAGAATACAAAAAAAATTAGCCGGGCGTGGTGGTGGGCACCTGTAGTCCCAGCTACTAGGGAGGCTGAGGCAGGAGAATGGCGAGAACCAGGGAGGAGG,840b8ed6f67c3496da171ed0eb6bfe3e3b4849b46b0a20a5d955d621f299678b,-0.646101155587057,CACCTGTAATCCCAGCACTTTGGGAGGCCGAGGCGGGTGGATCACAAGGTCAGGAGATCGAGACCATCCTGGTTAACACGGTGAAAAACCCCGTCTCTACTAAGAATACAAAAAAAATTAGCCGGGTGTGGTGGTGGGCACCTGTAGTCCCAGCTACTAGGGAGGCTGAGGCAGGAGAATGGCGAGAACCAGGGAGGAGG,51eaa498cf6f95a3b0bad0927d83a178b5c34ee50658250fb49ef5f390f09322,-0.0833897126504336,CACCTGTAATCCCAGCACTTTGGGAGGCCGAGGCGGGTGGATCACAAGGTCAGGAGATCGAGACCATCCTGGTTAACACGGTGAAAAACCCCGTCTCTATTAAGAATACAAAAAAAATTAGCCGGGTGTGGTGGTGGGCACCTGTAGTCCCAGCTACTAGGGAGGCTGAGGCAGGAGAATGGCGAGAACCAGGGAGGAGG,138f2694f0f5ab9fd29522d274ddd142dfc981a226ce1c79ab6ba1b573bbfcb6,-1.07493665026088,0.3454457820233892,0.403646167213414,-54.70572554273531,-59.70572998095304,-56.04018306080252,-61.10296466620639,0.06277716718614101,1.0,0.3454457820233892,0.0,4,0.17627713300915804,0.17620727786206916,0.145609630836647,0.3112978429882323,1.0
chr19:494225:G:A;chr19:494245:G:A;var1;middle;OL41|K562|b592b6520f5e5788,chr19:494225:G:A;chr19:494245:G:A;var1;middle;OL41,K562,K562_region_01017,100,120,20,TCCTCAGGGGGACCCCAGCTTTGTTGTCTCCCCGCCCCCACAAGCCTGTGGATGTGAGGGCTCGGCACACGGGGACTGTGAGCAGCGTGATCACCACGCGTGACCCAGCGGGCGGGCGGGGGACAGGGCCCTGGAGAGCTGGGACACACCCTGCAAGGGGCCTCAGCCCTCCTGGCGCCCAGTGGTCCCTCCCCACCTGC,7e662d9de4331527f2b281ffc4ba85110fde491ddbc93fc2058584b40d9bc5e9,0.0,TCCTCAGGGGGACCCCAGCTTTGTTGTCTCCCCGCCCCCACAAGCCTGTGGATGTGAGGGCTCGGCACACGGGGACTGTGAGCAGCGTGATCACCACGCATGACCCAGCGGGCGGGCGGGGGACAGGGCCCTGGAGAGCTGGGACACACCCTGCAAGGGGCCTCAGCCCTCCTGGCGCCCAGTGGTCCCTCCCCACCTGC,57e1325113658195579de198172963032b242e32515ee544e118595b88569731,1.01736362161118,TCCTCAGGGGGACCCCAGCTTTGTTGTCTCCCCGCCCCCACAAGCCTGTGGATGTGAGGGCTCGGCACACGGGGACTGTGAGCAGCGTGATCACCACGCGTGACCCAGCGGGCGGGCGGAGGACAGGGCCCTGGAGAGCTGGGACACACCCTGCAAGGGGCCTCAGCCCTCCTGGCGCCCAGTGGTCCCTCCCCACCTGC,769c66831e635625b84bb5b79f8ff0505b46eeec4bc58aafcb5a4ff16828a8bd,-0.401647518711305,TCCTCAGGGGGACCCCAGCTTTGTTGTCTCCCCGCCCCCACAAGCCTGTGGATGTGAGGGCTCGGCACACGGGGACTGTGAGCAGCGTGATCACCACGCATGACCCAGCGGGCGGGCGGAGGACAGGGCCCTGGAGAGCTGGGACACACCCTGCAAGGGGCCTCAGCCCTCCTGGCGCCCAGTGGTCCCTCCCCACCTGC,b592b6520f5e57880e0ed3711d406981fd09a8e3c65ed47c0ba280d29e179dd8,0.898112090535476,0.2823959876356009,0.351587963225688,-220.1691154614091,-220.9632673561573,-222.42286152392623,-223.3910870403052,-0.17407362163072548,-1.0,-0.2823959876356009,0.0,1,0.18218805023008183,0.18216460459877223,0.1501433469024087,0.30441032826761355,1.0
chr19:49436926:A:C;chr19:49436982:G:C;var1;middle;OL41|K562|61acd302608ccec0,chr19:49436926:A:C;chr19:49436982:G:C;var1;middle;OL41,K562,K562_region_01161,100,156,56,TAAATGACCGCTCTGCCGACTGGAGCCAACGAGAATCGGCGTAGGCGCAATACGGGCGGAGGATGGGGACCCGCCCCCGGGGTGGGCGGGGCGTCAGGTACTTAATTCGCGCCTGGAGGGACCGAAGGTGCCGAGGGCTCCGCATCGCAACCATGGCGCTGCGCTGGGGCATCGTGTCTGTCGGCCTCATCTCCAGCGAC,4c899fe05a831c40a8d67aec57f77d08702b6fd0f1b2b26961a4a3a4d62a02b3,0.0,TAAATGACCGCTCTGCCGACTGGAGCCAACGAGAATCGGCGTAGGCGCAATACGGGCGGAGGATGGGGACCCGCCCCCGGGGTGGGCGGGGCGTCAGGTCCTTAATTCGCGCCTGGAGGGACCGAAGGTGCCGAGGGCTCCGCATCGCAACCATGGCGCTGCGCTGGGGCATCGTGTCTGTCGGCCTCATCTCCAGCGAC,89bb1ff011dbafb5977f71807ab91abd97a181f5cc7036f0e600e88dddf9087d,0.0156257531218653,TAAATGACCGCTCTGCCGACTGGAGCCAACGAGAATCGGCGTAGGCGCAATACGGGCGGAGGATGGGGACCCGCCCCCGGGGTGGGCGGGGCGTCAGGTACTTAATTCGCGCCTGGAGGGACCGAAGGTGCCGAGGGCTCCGCATCGCAACCATGCCGCTGCGCTGGGGCATCGTGTCTGTCGGCCTCATCTCCAGCGAC,9f7816c4f216c61e112dc99aff45f20367d95edd879fa03798a03f8e09b0efcb,-0.0279522253051296,TAAATGACCGCTCTGCCGACTGGAGCCAACGAGAATCGGCGTAGGCGCAATACGGGCGGAGGATGGGGACCCGCCCCCGGGGTGGGCGGGGCGTCAGGTCCTTAATTCGCGCCTGGAGGGACCGAAGGTGCCGAGGGCTCCGCATCGCAACCATGCCGCTGCGCTGGGGCATCGTGTCTGTCGGCCTCATCTCCAGCGAC,61acd302608ccec0185d84c1ee74aeafb32df5cb235b87efb4fba4b3bb7cf63d,0.0072218254380904,0.0195482976213547,0.218254982082495,-353.58933125669137,-352.5481527573429,-349.7628097003326,-394.3756474077236,-45.65401620673947,-1.0,-0.0195482976213547,0.0,0,0.12713856509899113,0.18565657667894103,0.15145376406925343,0.1990584739702806,1.0
chr19:49891280:A:G;chr19:49891314:C:A;var1;middle;OL41|K562|1f79f2c31ac4e889,chr19:49891280:A:G;chr19:49891314:C:A;var1;middle;OL41,K562,K562_region_01162,100,134,34,AAAAAAAAAAAAAGAAAGAAATGGGGGACGGACAAGGAGTCTCTCAGTTCAATTCCCCCTTCCTCAGCCCATTTCACCAAAGCCTGAAGCGGAAGAGAAAAACACGAGCCCCAGCATGGCGGGCGCAGCCACCCCCTCCTTCCACCACCAGACAAACTCCGTGGCCACAGCCCACACCGCCAGCGCGCATGCGTGACACG,c491904ed2f343e26b3e7ca14da5e9538a2cc5a6c4513883fb2d959976194904,0.0,AAAAAAAAAAAAAGAAAGAAATGGGGGACGGACAAGGAGTCTCTCAGTTCAATTCCCCCTTCCTCAGCCCATTTCACCAAAGCCTGAAGCGGAAGAGAAGAACACGAGCCCCAGCATGGCGGGCGCAGCCACCCCCTCCTTCCACCACCAGACAAACTCCGTGGCCACAGCCCACACCGCCAGCGCGCATGCGTGACACG,f4cb4d5af87e4a1700469bf9351f7c192438ffa3deac4c4066b2e112f4021e15,0.188028158868894,AAAAAAAAAAAAAGAAAGAAATGGGGGACGGACAAGGAGTCTCTCAGTTCAATTCCCCCTTCCTCAGCCCATTTCACCAAAGCCTGAAGCGGAAGAGAAAAACACGAGCCCCAGCATGGCGGGCGCAGCCACCACCTCCTTCCACCACCAGACAAACTCCGTGGCCACAGCCCACACCGCCAGCGCGCATGCGTGACACG,5654d6116a0a2fda7f7919f1bd006170bec83456d81dc8f779642756578c0ab8,-0.429069512975677,AAAAAAAAAAAAAGAAAGAAATGGGGGACGGACAAGGAGTCTCTCAGTTCAATTCCCCCTTCCTCAGCCCATTTCACCAAAGCCTGAAGCGGAAGAGAAGAACACGAGCCCCAGCATGGCGGGCGCAGCCACCACCTCCTTCCACCACCAGACAAACTCCGTGGCCACAGCCCACACCGCCAGCGCGCATGCGTGACACG,1f79f2c31ac4e889b13ce978c5e7af8296990e3a4bebe20b820732de8252a667,-0.51381430309298,0.272772948986197,0.218381247054592,-299.5662348931656,-274.9714899538085,-327.14660495566204,-318.5719009384047,16.02004092209978,1.0,0.272772948986197,0.0,4,0.1960547463143911,0.17620727786206916,0.145609630836647,0.23869275887458946,1.0
chr19:49950298:C:T;chr19:49950356:C:G;var1;middle;OL41|K562|3a1d83e891d1b357,chr19:49950298:C:T;chr19:49950356:C:G;var1;middle;OL41,K562,K562_region_01163,100,158,58,CCCCTTGTCACTCACACTCAGAGACAGTCCCTGACCTTTCCAGACCTCATTCCCCTGCTCTGGTCCAGCGCGCAAAACTCACCAGTTTGGGGAGGTCAACTTCGGCCAAGAGGAGGTCGGGGGCTTCCAGCCACAGGTTCAGGTGAGGCTTTTCAGGCCTGAGGAGGAACAAGGTCCAGGGCTGAGCACAGCTGCCAGGT,b419754c533e0b64d8d5edf88c06d60b47908a67650f56cf79cb47dc8b8d5401,0.0,CCCCTTGTCACTCACACTCAGAGACAGTCCCTGACCTTTCCAGACCTCATTCCCCTGCTCTGGTCCAGCGCGCAAAACTCACCAGTTTGGGGAGGTCAATTTCGGCCAAGAGGAGGTCGGGGGCTTCCAGCCACAGGTTCAGGTGAGGCTTTTCAGGCCTGAGGAGGAACAAGGTCCAGGGCTGAGCACAGCTGCCAGGT,19097fbb34bbbe8849687c1f3029edd97a4a8efabacc8b2c655daedba86c9baa,0.174497882748192,CCCCTTGTCACTCACACTCAGAGACAGTCCCTGACCTTTCCAGACCTCATTCCCCTGCTCTGGTCCAGCGCGCAAAACTCACCAGTTTGGGGAGGTCAACTTCGGCCAAGAGGAGGTCGGGGGCTTCCAGCCACAGGTTCAGGTGAGGCTTTTCAGGGCTGAGGAGGAACAAGGTCCAGGGCTGAGCACAGCTGCCAGGT,81749d9186da0144b977cdc689229fddf16e7ea86d7d4cfd1435accf3c3ac663,-0.0294299066701521,CCCCTTGTCACTCACACTCAGAGACAGTCCCTGACCTTTCCAGACCTCATTCCCCTGCTCTGGTCCAGCGCGCAAAACTCACCAGTTTGGGGAGGTCAATTTCGGCCAAGAGGAGGTCGGGGGCTTCCAGCCACAGGTTCAGGTGAGGCTTTTCAGGGCTGAGGAGGAACAAGGTCCAGGGCTGAGCACAGCTGCCAGGT,3a1d83e891d1b357d6aa8b8dfb7749351deab5ef6ddc7e2952ff017fd8278440,-0.0653945984721129,0.2104625745501528,0.214984857819807,-229.4350955323316,-229.09339674934745,-230.9623255040497,-230.1333731878549,-0.4872535332106338,1.0,0.2104625745501528,0.0,4,0.17559541873373258,0.17620727786206916,0.145609630836647,0.28221247273996153,1.0
chr19:49950356:C:G;chr19:49950413:C:G;var1;middle;OL41|K562|88a9d9af4b75f7ef,chr19:49950356:C:G;chr19:49950413:C:G;var1;middle;OL41,K562,K562_region_01163,100,157,57,TCTGGTCCAGCGCGCAAAACTCACCAGTTTGGGGAGGTCAACTTCGGCCAAGAGGAGGTCGGGGGCTTCCAGCCACAGGTTCAGGTGAGGCTTTTCAGGCCTGAGGAGGAACAAGGTCCAGGGCTGAGCACAGCTGCCAGGTCTTTGCCTGGCGTGCTGTCCCTTTTCTCCCTCCAACCAGCCCTATTGGCCTCAGGACG,3121cd568ec2880dafc6cb0e805a7c1a8b3d33403544f9c072520aa9f76705a0,0.0,TCTGGTCCAGCGCGCAAAACTCACCAGTTTGGGGAGGTCAACTTCGGCCAAGAGGAGGTCGGGGGCTTCCAGCCACAGGTTCAGGTGAGGCTTTTCAGGGCTGAGGAGGAACAAGGTCCAGGGCTGAGCACAGCTGCCAGGTCTTTGCCTGGCGTGCTGTCCCTTTTCTCCCTCCAACCAGCCCTATTGGCCTCAGGACG,981772823375b997aa4572367e457c9c85114c035e1aaa8f298c5f71985753d4,0.0516979745835617,TCTGGTCCAGCGCGCAAAACTCACCAGTTTGGGGAGGTCAACTTCGGCCAAGAGGAGGTCGGGGGCTTCCAGCCACAGGTTCAGGTGAGGCTTTTCAGGCCTGAGGAGGAACAAGGTCCAGGGCTGAGCACAGCTGCCAGGTCTTTGCCTGGCGTGGTGTCCCTTTTCTCCCTCCAACCAGCCCTATTGGCCTCAGGACG,9e3d94e69e3e0049f5536e99db5e818d92421970d05d4b2af2784193585d8811,-0.0986438302000078,TCTGGTCCAGCGCGCAAAACTCACCAGTTTGGGGAGGTCAACTTCGGCCAAGAGGAGGTCGGGGGCTTCCAGCCACAGGTTCAGGTGAGGCTTTTCAGGGCTGAGGAGGAACAAGGTCCAGGGCTGAGCACAGCTGCCAGGTCTTTGCCTGGCGTGGTGTCCCTTTTCTCCCTCCAACCAGCCCTATTGGCCTCAGGACG,88a9d9af4b75f7ef935d68b3e62d8988c2b55428a6d029e63f6e3cc903a4c655,0.239120362470313,0.2860662180867591,0.245619430256887,-313.3299305709661,-298.3165132244467,-319.0904899677844,-300.1717687897617,3.905303831503261,-1.0,-0.2860662180867591,0.0,4,0.1810396040473716,0.17620727786206916,0.145609630836647,0.25248876862851066,1.0
chr19:49954803:C:T;chr19:49954807:T:G;var1;middle;OL41|K562|137a8adf5ee6a0e3,chr19:49954803:C:T;chr19:49954807:T:G;var1;middle;OL41,K562,K562_region_01164,100,104,4,CCCGAATACTCAAGGATCCAGGGGTCCGGTCACTGCACCTGCAGCAGCAGCTCCTCAAATCGCGCCGAATCAGCACCGATCGCCTCCGCCTCGCTTAGCCCCATTCCCAGCAGCTTCGGGTTCGCCATGGCCCTGGGAAAGAGATCTAGGCGTCCTCGAGACCCTCAACGTGGGAAACTTTGCCCAGGATCCGAACCCCA,7ec58a7375aa57659ce172376011651d09a0d8d50beda98af0857ea671035c41,0.0,CCCGAATACTCAAGGATCCAGGGGTCCGGTCACTGCACCTGCAGCAGCAGCTCCTCAAATCGCGCCGAATCAGCACCGATCGCCTCCGCCTCGCTTAGCTCCATTCCCAGCAGCTTCGGGTTCGCCATGGCCCTGGGAAAGAGATCTAGGCGTCCTCGAGACCCTCAACGTGGGAAACTTTGCCCAGGATCCGAACCCCA,6d9108858f403a295d8e97fdd771edff6e0223f7f798bd663791e8b1df004e65,0.172182644064102,CCCGAATACTCAAGGATCCAGGGGTCCGGTCACTGCACCTGCAGCAGCAGCTCCTCAAATCGCGCCGAATCAGCACCGATCGCCTCCGCCTCGCTTAGCCCCAGTCCCAGCAGCTTCGGGTTCGCCATGGCCCTGGGAAAGAGATCTAGGCGTCCTCGAGACCCTCAACGTGGGAAACTTTGCCCAGGATCCGAACCCCA,b611156a4edba7bd0610c0f53d556b3eed65b03bbbcf96c789989822c32f0464,0.0713736308489168,CCCGAATACTCAAGGATCCAGGGGTCCGGTCACTGCACCTGCAGCAGCAGCTCCTCAAATCGCGCCGAATCAGCACCGATCGCCTCCGCCTCGCTTAGCTCCAGTCCCAGCAGCTTCGGGTTCGCCATGGCCCTGGGAAAGAGATCTAGGCGTCCTCGAGACCCTCAACGTGGGAAACTTTGCCCAGGATCCGAACCCCA,137a8adf5ee6a0e3dcf45e26c49416f2447d73b5c7071d4b106254f265e8a4c9,0.202162578615795,0.0413936962972237,0.588161614535933,-336.9539598105476,-338.993087076582,-312.5642428640276,-326.3738038772717,11.770433747209665,1.0,0.0413936962972237,0.0,1,0.19434086824904792,0.18216460459877223,0.1501433469024087,0.2330488903632734,1.0
chr19:49990793:C:T;chr19:49990843:A:G;var1;middle;OL41|K562|0bc329320df718d4,chr19:49990793:C:T;chr19:49990843:A:G;var1;middle;OL41,K562,K562_region_01165,100,150,50,GAATGTCCGGATTGGACATTCGGAAGAGGGCCCGCCTTCCCTGGGGAATCTCTGCGCACGCGCAGAACGCTTCGACCAATGAAAACACAGGAAGCCGTCCGCGCAACCGCGTTGCGTCACTTCTGCCGCCCCTGTTTCAAGGGATAAGAAACCCTGCGACAAAACCTCCTCCTTTTCCAAGCGGCTGCCGAAGATGGCGG,9ba65b7f90e28d908e55fbdc7d1ce319e5a90a47d2d04ae6b010c72579c34042,0.0,GAATGTCCGGATTGGACATTCGGAAGAGGGCCCGCCTTCCCTGGGGAATCTCTGCGCACGCGCAGAACGCTTCGACCAATGAAAACACAGGAAGCCGTCTGCGCAACCGCGTTGCGTCACTTCTGCCGCCCCTGTTTCAAGGGATAAGAAACCCTGCGACAAAACCTCCTCCTTTTCCAAGCGGCTGCCGAAGATGGCGG,3cfde119a97666c4f7d86987a3a5ebffe4c32044b7631430082bef2f582ac660,0.0101513650796447,GAATGTCCGGATTGGACATTCGGAAGAGGGCCCGCCTTCCCTGGGGAATCTCTGCGCACGCGCAGAACGCTTCGACCAATGAAAACACAGGAAGCCGTCCGCGCAACCGCGTTGCGTCACTTCTGCCGCCCCTGTTTCAAGGGATAAGAGACCCTGCGACAAAACCTCCTCCTTTTCCAAGCGGCTGCCGAAGATGGCGG,d61ad35a926ddc9dc6b9fd372fd0e62e264b6c9e31aff7c859fa7d35cd0f7165,0.29026278795805,GAATGTCCGGATTGGACATTCGGAAGAGGGCCCGCCTTCCCTGGGGAATCTCTGCGCACGCGCAGAACGCTTCGACCAATGAAAACACAGGAAGCCGTCTGCGCAACCGCGTTGCGTCACTTCTGCCGCCCCTGTTTCAAGGGATAAGAGACCCTGCGACAAAACCTCCTCCTTTTCCAAGCGGCTGCCGAAGATGGCGG,0bc329320df718d4a73998d51ce63697b0df602d82cce88b81df356b3c50ac25,0.133723150166931,0.1666910028707637,0.265956891276056,-327.81750297750114,-329.82895753876073,-337.1456611043832,-339.30666236695834,0.14954670131555758,1.0,0.1666910028707637,0.0,0,0.18596813012770086,0.18565657667894103,0.15145376406925343,0.19317768984062827,1.0
chr19:50432789:G:C;chr19:50432810:T:C;var1;middle;OL41|K562|f5a8611708636135,chr19:50432789:G:C;chr19:50432810:T:C;var1;middle;OL41,K562,K562_region_01166,100,121,21,TTTCCCGCCCTTTCGCAGCTCGTGGCCCTCTTTAGGGAGCCCTGGGGGGTGGGGAGTCGCGAGCGGGGAATCACGGTCGCGCAGGCGCAGAAGTAGTACGGTGGGCCGAAGGCGCGCGGCTGCGCATGCGCACTGGGCCCGGGGCCGGGTGGGAGAGTTCTAGACTCGATGTTTGTCAGCCCGCGTGCAGCTGGGCCTGA,74144634dfb69dfe3ae3449e36c65b60b3b61e79b4b5c895687437536bce6f23,0.0,TTTCCCGCCCTTTCGCAGCTCGTGGCCCTCTTTAGGGAGCCCTGGGGGGTGGGGAGTCGCGAGCGGGGAATCACGGTCGCGCAGGCGCAGAAGTAGTACCGTGGGCCGAAGGCGCGCGGCTGCGCATGCGCACTGGGCCCGGGGCCGGGTGGGAGAGTTCTAGACTCGATGTTTGTCAGCCCGCGTGCAGCTGGGCCTGA,19b34099055a3c951ee4a21cab654453541807790c3356f2ca8a78e347213ace,-0.143738921310083,TTTCCCGCCCTTTCGCAGCTCGTGGCCCTCTTTAGGGAGCCCTGGGGGGTGGGGAGTCGCGAGCGGGGAATCACGGTCGCGCAGGCGCAGAAGTAGTACGGTGGGCCGAAGGCGCGCGGCCGCGCATGCGCACTGGGCCCGGGGCCGGGTGGGAGAGTTCTAGACTCGATGTTTGTCAGCCCGCGTGCAGCTGGGCCTGA,2a33da004d8ee4e9b78af64ce402820e5d4dbd19206838db446ce031c62bd262,0.174848070102867,TTTCCCGCCCTTTCGCAGCTCGTGGCCCTCTTTAGGGAGCCCTGGGGGGTGGGGAGTCGCGAGCGGGGAATCACGGTCGCGCAGGCGCAGAAGTAGTACCGTGGGCCGAAGGCGCGCGGCCGCGCATGCGCACTGGGCCCGGGGCCGGGTGGGAGAGTTCTAGACTCGATGTTTGTCAGCCCGCGTGCAGCTGGGCCTGA,f5a8611708636135875f287c6b3a477b429722edae5292c7d80699100781441c,-0.176073512490909,0.2071826612836929,0.230105351095045,-343.4702219851315,-334.7053300612606,-342.2249647225253,-332.77041213121265,-0.6896606674417853,1.0,0.2071826612836929,0.0,1,0.1816634714134599,0.18216460459877223,0.1501433469024087,0.2268792902713373,1.0
chr19:51774538:A:G;chr19:51774613:G:A;var1;middle;OL41|K562|a1d4e047dd63d4a8,chr19:51774538:A:G;chr19:51774613:G:A;var1;middle;OL41,K562,K562_region_01167,100,175,75,CTTATGCGGCTGCGCATCCCAGCAGCTCCCGCGAGAAGGGTCAGGCCCTGATTGGCTCTGGACAAACCCGCGCGAGCTTGCGGGGCGGGGCTTCAAGGGATTGGTATCCCCGTGCAAGGAGGTTGGCGAGGCCTCAGGGGACTCCCAGTTCAGCGAATCCGTTAGCCTTCCTCTGCCTTAGTCACTTCCCCGTGAGGCAC,5851aaa8ae7e0f82536585d8fc291fdfa553f7152239439a695e7577b95af08d,0.0,CTTATGCGGCTGCGCATCCCAGCAGCTCCCGCGAGAAGGGTCAGGCCCTGATTGGCTCTGGACAAACCCGCGCGAGCTTGCGGGGCGGGGCTTCAAGGGGTTGGTATCCCCGTGCAAGGAGGTTGGCGAGGCCTCAGGGGACTCCCAGTTCAGCGAATCCGTTAGCCTTCCTCTGCCTTAGTCACTTCCCCGTGAGGCAC,db8b2861a90198882f44e8b9804c78b33068d5e71ca6a2b013f54d5dc5b5fff2,-0.188383851736215,CTTATGCGGCTGCGCATCCCAGCAGCTCCCGCGAGAAGGGTCAGGCCCTGATTGGCTCTGGACAAACCCGCGCGAGCTTGCGGGGCGGGGCTTCAAGGGATTGGTATCCCCGTGCAAGGAGGTTGGCGAGGCCTCAGGGGACTCCCAGTTCAGCGAATCCGTTAGCCTTCCTCTACCTTAGTCACTTCCCCGTGAGGCAC,e312fdf2f8e4908ffec2bfe0d4dec0c645decc2ba0d9ae71d292e1080a6a4c3d,-0.131084028290926,CTTATGCGGCTGCGCATCCCAGCAGCTCCCGCGAGAAGGGTCAGGCCCTGATTGGCTCTGGACAAACCCGCGCGAGCTTGCGGGGCGGGGCTTCAAGGGGTTGGTATCCCCGTGCAAGGAGGTTGGCGAGGCCTCAGGGGACTCCCAGTTCAGCGAATCCGTTAGCCTTCCTCTACCTTAGTCACTTCCCCGTGAGGCAC,a1d4e047dd63d4a8de0a32444f7e6c95d85ee61cb9f902c65812fa2ccb963a8c,-0.204752837028688,-0.114715042998453,0.260181621220866,-384.1211556843482,-385.0890406444669,-397.3960991185159,-397.7992806248367,-0.564703453797847,1.0,-0.114715042998453,0.0,4,0.17549942642556363,0.17620727786206916,0.145609630836647,0.17212086101084778,1.0
chr19:5293583:C:A;chr19:5293654:G:A;var1;middle;OL41|K562|aa71a2b2daa57f96,chr19:5293583:C:A;chr19:5293654:G:A;var1;middle;OL41,K562,K562_region_01064,100,171,71,GGCGCCCCAGGGAGGGCACGACCCAAGACCCCTCCCTCCCGAAGACGTCTCACGGGGAGCCTCTACACTGCTCCTCGCTTCCCCAGCTCTGATCGTAGCCATGGCAACGCATGAGGAGGCTGGATGCCGGACAGGGCGGCGGAGGGCTCCCCAAACACACCCAACTACAGGAGGTCGGAGAAGGGGCAGAGTTCCCCTCC,60a976e7b52eef4348ab82e66537a876b45d0b820f977f1e789f0a5be4cc1cb2,0.0,GGCGCCCCAGGGAGGGCACGACCCAAGACCCCTCCCTCCCGAAGACGTCTCACGGGGAGCCTCTACACTGCTCCTCGCTTCCCCAGCTCTGATCGTAGCAATGGCAACGCATGAGGAGGCTGGATGCCGGACAGGGCGGCGGAGGGCTCCCCAAACACACCCAACTACAGGAGGTCGGAGAAGGGGCAGAGTTCCCCTCC,e251ec799da0727f3fbe2ec32eeddb68db0b80ecd6d205c4f7dd5a7e38a7a1ff,0.362922483126869,GGCGCCCCAGGGAGGGCACGACCCAAGACCCCTCCCTCCCGAAGACGTCTCACGGGGAGCCTCTACACTGCTCCTCGCTTCCCCAGCTCTGATCGTAGCCATGGCAACGCATGAGGAGGCTGGATGCCGGACAGGGCGGCGGAGGGCTCCCCAAACACACCCAACTACAGAAGGTCGGAGAAGGGGCAGAGTTCCCCTCC,16fe32716cf2d4009abf19b7e66f89cf9d38b74975a7e4f38d33e4730986b656,0.427870468626418,GGCGCCCCAGGGAGGGCACGACCCAAGACCCCTCCCTCCCGAAGACGTCTCACGGGGAGCCTCTACACTGCTCCTCGCTTCCCCAGCTCTGATCGTAGCAATGGCAACGCATGAGGAGGCTGGATGCCGGACAGGGCGGCGGAGGGCTCCCCAAACACACCCAACTACAGAAGGTCGGAGAAGGGGCAGAGTTCCCCTCC,aa71a2b2daa57f96af684f475d37b1a6f9ac3f88f9db8295aafc597c5aa0824b,0.681330559629692,0.1094623921235949,0.460207719211313,-251.722010999918,-262.6612392961979,-251.55146829038856,-262.7549985051155,0.26430191844701767,1.0,0.1094623921235949,0.0,2,0.17557931333261306,0.17490732828716207,0.146091925319964,0.1374306403438582,1.0
chr19:53141566:G:A;chr19:53141625:G:A;var1;middle;OL41|K562|1fe1772d54269643,chr19:53141566:G:A;chr19:53141625:G:A;var1;middle;OL41,K562,K562_region_01168,100,159,59,AAGGGAGAGAATTTCCAGGTCTGTGGGGACCCCACGTCTCAGGTACAGCAGCGCCGGGGACCTGGTAAGCGCAGACTTAATAGAAGAGCGAAACTCACCGCCACGGTGTAACTTTCACTCCACATAATCCGCTTCCGGGTTTGCGCGCATGTGCGCGCGCAGTACAGAAGCCAGGTCTGGGCGGGGCCCGCGAGGTGGGC,b0de9ccd984e011488fe33c65ef9e73447843a8274fa9629d635061541219251,0.0,AAGGGAGAGAATTTCCAGGTCTGTGGGGACCCCACGTCTCAGGTACAGCAGCGCCGGGGACCTGGTAAGCGCAGACTTAATAGAAGAGCGAAACTCACCACCACGGTGTAACTTTCACTCCACATAATCCGCTTCCGGGTTTGCGCGCATGTGCGCGCGCAGTACAGAAGCCAGGTCTGGGCGGGGCCCGCGAGGTGGGC,81144758cdb9641bb5691f55e5206ea53cf16d48cfc2423844f849fcc240b127,-0.0464456345967851,AAGGGAGAGAATTTCCAGGTCTGTGGGGACCCCACGTCTCAGGTACAGCAGCGCCGGGGACCTGGTAAGCGCAGACTTAATAGAAGAGCGAAACTCACCGCCACGGTGTAACTTTCACTCCACATAATCCGCTTCCGGGTTTGCGCGCATGTGCGCGCACAGTACAGAAGCCAGGTCTGGGCGGGGCCCGCGAGGTGGGC,d6af00c848e43d84288801f26a2accfcc64bf86d6c7558fcea12b830100d9f01,-0.270152750388854,AAGGGAGAGAATTTCCAGGTCTGTGGGGACCCCACGTCTCAGGTACAGCAGCGCCGGGGACCTGGTAAGCGCAGACTTAATAGAAGAGCGAAACTCACCACCACGGTGTAACTTTCACTCCACATAATCCGCTTCCGGGTTTGCGCGCATGTGCGCGCACAGTACAGAAGCCAGGTCTGGGCGGGGCCCGCGAGGTGGGC,1fe1772d54269643a2498dffb0c16c0b80237aa7117e4df56459bd6eb7d16ac6,-0.140876128605187,0.175722256380452,0.212053757474051,-274.09639362990856,-273.1218170374632,-272.54032495617867,-271.64177875220776,-0.07603038847446442,-1.0,-0.175722256380452,0.0,3,0.18131985642835435,0.18106719778262317,0.1474303780702046,0.27413796011247954,1.0
chr19:53360976:C:G;chr19:53360992:C:T;var1;middle;OL41|K562|04fa1365a604b632,chr19:53360976:C:G;chr19:53360992:C:T;var1;middle;OL41,K562,K562_region_01169,100,116,16,GAATCTGCGCGCGCAGGACAGAAACCAGGCCTGGGTGGAGCCAACGAGGAGGCGAGCGGGGCCCGGGTGAGGTGTGGGCGGGGCGCGAAGCGGCGAGACCTTGCCCTTTAGAACCCGCAGAGGGCGGGGCCGGAGCGGGACCTGTGCATCTCTCAGCCTCCTCCCAACCCGTTCTCCGGGTTTTGGCGGCGAGAGCCCCC,7b6f038e4ef6c85c1cf6eb2eb4a40b95267ad81c1ec095ec1440b3bfb0ca29f3,0.0,GAATCTGCGCGCGCAGGACAGAAACCAGGCCTGGGTGGAGCCAACGAGGAGGCGAGCGGGGCCCGGGTGAGGTGTGGGCGGGGCGCGAAGCGGCGAGACGTTGCCCTTTAGAACCCGCAGAGGGCGGGGCCGGAGCGGGACCTGTGCATCTCTCAGCCTCCTCCCAACCCGTTCTCCGGGTTTTGGCGGCGAGAGCCCCC,b9e0be183c0257c75dc9eca7b7d544803624353eb8e8508e3538b75baf733a54,0.317777556111259,GAATCTGCGCGCGCAGGACAGAAACCAGGCCTGGGTGGAGCCAACGAGGAGGCGAGCGGGGCCCGGGTGAGGTGTGGGCGGGGCGCGAAGCGGCGAGACCTTGCCCTTTAGAACCTGCAGAGGGCGGGGCCGGAGCGGGACCTGTGCATCTCTCAGCCTCCTCCCAACCCGTTCTCCGGGTTTTGGCGGCGAGAGCCCCC,dfbcbd174e99b6f354f71b003774c01aee54504d816829f17004d47418372ee5,-0.0776549764064949,GAATCTGCGCGCGCAGGACAGAAACCAGGCCTGGGTGGAGCCAACGAGGAGGCGAGCGGGGCCCGGGTGAGGTGTGGGCGGGGCGCGAAGCGGCGAGACGTTGCCCTTTAGAACCTGCAGAGGGCGGGGCCGGAGCGGGACCTGTGCATCTCTCAGCCTCCTCCCAACCCGTTCTCCGGGTTTTGGCGGCGAGAGCCCCC,04fa1365a604b632394aec7a4704b31c35091600d0156fbbc20d80d281cd4d4e,0.142155193963024,-0.0979673857417401,0.154298933552638,-240.24940180778503,-242.5221835076809,-239.64128451049328,-242.03407736122608,-0.12001115083694458,-1.0,0.0979673857417401,0.0,3,0.1812312710184069,0.18106719778262317,0.1474303780702046,0.158065754014927,1.0
chr19:53636173:C:A;chr19:53636204:T:C;var1;middle;OL41|K562|2f7265ed3cd9e290,chr19:53636173:C:A;chr19:53636204:T:C;var1;middle;OL41,K562,K562_region_01170,100,131,31,GAGCGCAGGTTTAATCTACACAGAGGGTCACTCACGCTCGACGCCGTCACCTTCACCCAACGCGATCCGTTTCCGGGCCTGTAGGAAACTGCGCATGCGCGGAGAGAAGAGCCCGGGCAGCCTGAAGGAATGGCTGGAGTGGGCGGGGTCTGCGCCGCTTTAAGGTAAAAAAATCAGAGTTGTGTGGGCCACTTATGGTG,0aab2b044dffe6f1ced83046528c3e356cb9501708656641bb322986a51e68fa,0.0,GAGCGCAGGTTTAATCTACACAGAGGGTCACTCACGCTCGACGCCGTCACCTTCACCCAACGCGATCCGTTTCCGGGCCTGTAGGAAACTGCGCATGCGAGGAGAGAAGAGCCCGGGCAGCCTGAAGGAATGGCTGGAGTGGGCGGGGTCTGCGCCGCTTTAAGGTAAAAAAATCAGAGTTGTGTGGGCCACTTATGGTG,ab42ff24bd2c7c05c9c9f37c49484784cb06f8d72ed0d061ac40a0a03f009ed7,-0.472509377486902,GAGCGCAGGTTTAATCTACACAGAGGGTCACTCACGCTCGACGCCGTCACCTTCACCCAACGCGATCCGTTTCCGGGCCTGTAGGAAACTGCGCATGCGCGGAGAGAAGAGCCCGGGCAGCCTGAAGGAACGGCTGGAGTGGGCGGGGTCTGCGCCGCTTTAAGGTAAAAAAATCAGAGTTGTGTGGGCCACTTATGGTG,38426d5a88e8382dceed14825e2b889c06d4b85f9f6c8c922dcab478f1f581f6,0.134396310945571,GAGCGCAGGTTTAATCTACACAGAGGGTCACTCACGCTCGACGCCGTCACCTTCACCCAACGCGATCCGTTTCCGGGCCTGTAGGAAACTGCGCATGCGAGGAGAGAAGAGCCCGGGCAGCCTGAAGGAACGGCTGGAGTGGGCGGGGTCTGCGCCGCTTTAAGGTAAAAAAATCAGAGTTGTGTGGGCCACTTATGGTG,2f7265ed3cd9e2909307271624db97c9ce155c5210227bb4f84f6b4e04d821d5,-0.307483673098296,0.030629393443035,0.165465030832059,-271.4286493305117,-275.230559244752,-308.6601547221653,-318.4004547588993,-5.938390122493729,-1.0,-0.030629393443035,0.0,1,0.17632320480150787,0.18216460459877223,0.1501433469024087,0.15484634163605765,1.0
chr19:53868421:T:C;chr19:53868435:A:C;var1;middle;OL41|K562|6905e4075a634f2c,chr19:53868421:T:C;chr19:53868435:A:C;var1;middle;OL41,K562,K562_region_01171,100,114,14,GAGAGAAAGAGAGAAACGAGGAAGGGAGCCCTGCGGGAGGGGGTGTTACTTTGTCGCCCAGGCTGGCCTGGACCCCCAGGTTCAGCGATCCTCCCGCCCTGCTTCCTGAGTAGATGGGACCTCAGGCTCCCGCGCCCGCGTCCGCATCCTTGCTGTGTTTATCCGGCAGGTGGTGACCTCACTCCTCGCTGGCCTGAGCA,3f082c10a2a3da80b348ef9b4bbdbb4d643c09404ed1a083903954fb0fe7cb02,0.0,GAGAGAAAGAGAGAAACGAGGAAGGGAGCCCTGCGGGAGGGGGTGTTACTTTGTCGCCCAGGCTGGCCTGGACCCCCAGGTTCAGCGATCCTCCCGCCCCGCTTCCTGAGTAGATGGGACCTCAGGCTCCCGCGCCCGCGTCCGCATCCTTGCTGTGTTTATCCGGCAGGTGGTGACCTCACTCCTCGCTGGCCTGAGCA,8825a78628fd1c5a8e65d2b07f2258dad12e1b057157acec92ffdac47eb148c9,0.0375220488343026,GAGAGAAAGAGAGAAACGAGGAAGGGAGCCCTGCGGGAGGGGGTGTTACTTTGTCGCCCAGGCTGGCCTGGACCCCCAGGTTCAGCGATCCTCCCGCCCTGCTTCCTGAGTAGCTGGGACCTCAGGCTCCCGCGCCCGCGTCCGCATCCTTGCTGTGTTTATCCGGCAGGTGGTGACCTCACTCCTCGCTGGCCTGAGCA,89128eafe152bebb2e31f0d401f1483be14b7340a00fcbcb4f0f52be65e65dff,0.115763269954705,GAGAGAAAGAGAGAAACGAGGAAGGGAGCCCTGCGGGAGGGGGTGTTACTTTGTCGCCCAGGCTGGCCTGGACCCCCAGGTTCAGCGATCCTCCCGCCCCGCTTCCTGAGTAGCTGGGACCTCAGGCTCCCGCGCCCGCGTCCGCATCCTTGCTGTGTTTATCCGGCAGGTGGTGACCTCACTCCTCGCTGGCCTGAGCA,6905e4075a634f2cd65d132cf2b1947add9174ba27166044a2c437fc0a23b7a2,-0.0166010418755782,0.1698863606645858,0.162625354038269,-199.6155304852873,-199.30140820331872,-194.6045172661543,-194.51456581242385,0.22417082823815804,1.0,0.1698863606645858,0.0,1,0.18259324001119792,0.18216460459877223,0.1501433469024087,0.039593442845589355,1.0
chr19:53868959:G:C;chr19:53868979:C:G;var1;middle;OL41|K562|6a622821aa24d575,chr19:53868959:G:C;chr19:53868979:C:G;var1;middle;OL41,K562,K562_region_01172,100,120,20,AAAGGGCAAGGTCTCTCCGCCTCTACCCCTACCTGGCCCAGGCCCCGCCCACCTCCTCGCAGGCCCCGCCCAGGCCTGGCTTCTGTCCTTCCCCGCTCAGACGCGCGCAAACCCGGAAGCAGATCGCGTGGAGTGAAGGTCCCTCAGCGGCGCGTGAGTTTCGCTCCATCTTGTATGAAGTCTGCTCTTCCCAGGTCCCC,07802439fc771149e8381f536f8e51580827b5adc90c45fdf11b7bd95609de98,0.0,AAAGGGCAAGGTCTCTCCGCCTCTACCCCTACCTGGCCCAGGCCCCGCCCACCTCCTCGCAGGCCCCGCCCAGGCCTGGCTTCTGTCCTTCCCCGCTCACACGCGCGCAAACCCGGAAGCAGATCGCGTGGAGTGAAGGTCCCTCAGCGGCGCGTGAGTTTCGCTCCATCTTGTATGAAGTCTGCTCTTCCCAGGTCCCC,ba6a4537835bd0b5cea7295fcd5068fafdfa6131bf0d48709e4b7e6bb167fa14,-0.440320387283524,AAAGGGCAAGGTCTCTCCGCCTCTACCCCTACCTGGCCCAGGCCCCGCCCACCTCCTCGCAGGCCCCGCCCAGGCCTGGCTTCTGTCCTTCCCCGCTCAGACGCGCGCAAACCCGGAAGGAGATCGCGTGGAGTGAAGGTCCCTCAGCGGCGCGTGAGTTTCGCTCCATCTTGTATGAAGTCTGCTCTTCCCAGGTCCCC,5fbc8b3a800156bb2de107815ae68519369d8e231f860601c433f1df8ee7fcff,-0.0487474234467447,AAAGGGCAAGGTCTCTCCGCCTCTACCCCTACCTGGCCCAGGCCCCGCCCACCTCCTCGCAGGCCCCGCCCAGGCCTGGCTTCTGTCCTTCCCCGCTCACACGCGCGCAAACCCGGAAGGAGATCGCGTGGAGTGAAGGTCCCTCAGCGGCGCGTGAGTTTCGCTCCATCTTGTATGAAGTCTGCTCTTCCCAGGTCCCC,6a622821aa24d575ec5d9f23551313d0d86aa75a84d7e2a4cb08a5b6dbbf3286,-0.281262981386368,0.2078048293439007,0.204140223169076,-362.4711346844997,-364.7198209243361,-378.373385803774,-380.9330051484285,-0.31093310481810477,-1.0,-0.2078048293439007,0.0,4,0.17581395226831095,0.17620727786206916,0.145609630836647,0.15722789979927976,1.0
chr19:53869405:A:T;chr19:53869408:T:C;var1;middle;OL41|K562|9b64a2964bf99277,chr19:53869405:A:T;chr19:53869408:T:C;var1;middle;OL41,K562,K562_region_01173,100,103,3,TCCTCACCCGAGAGGTGAATTCCCGCCCTGGGCGCCTCCCAGCCTCGCCCTCGTCGGCCCCTAGAGCGCAGCGTCGCAGCTCCGGTCCCGGGGAGGCCGAGTTCTCTGCCTGTCCTGGGATCCTACAAACCCCACCCTTGTCTTAAGGCGCCGTCGCCCCCCACGTCCCTCCTCATGCCGGGCCCTGCTGCTCCCCAGGT,f4c23fc3f7aa6d379ec45ab782c977b4a289523825448ac1933b213501e99765,0.0,TCCTCACCCGAGAGGTGAATTCCCGCCCTGGGCGCCTCCCAGCCTCGCCCTCGTCGGCCCCTAGAGCGCAGCGTCGCAGCTCCGGTCCCGGGGAGGCCGTGTTCTCTGCCTGTCCTGGGATCCTACAAACCCCACCCTTGTCTTAAGGCGCCGTCGCCCCCCACGTCCCTCCTCATGCCGGGCCCTGCTGCTCCCCAGGT,2dd2c1f4ae5b9c1baa982d6e87c1fc2cee45d19f6d3680d573f12352dcd4deeb,0.233729200119232,TCCTCACCCGAGAGGTGAATTCCCGCCCTGGGCGCCTCCCAGCCTCGCCCTCGTCGGCCCCTAGAGCGCAGCGTCGCAGCTCCGGTCCCGGGGAGGCCGAGTCCTCTGCCTGTCCTGGGATCCTACAAACCCCACCCTTGTCTTAAGGCGCCGTCGCCCCCCACGTCCCTCCTCATGCCGGGCCCTGCTGCTCCCCAGGT,2d30a0cad3b1072d7688fb36401e38a60684940b7e1ee73037ff853239fbc1ea,-0.009221003993294,TCCTCACCCGAGAGGTGAATTCCCGCCCTGGGCGCCTCCCAGCCTCGCCCTCGTCGGCCCCTAGAGCGCAGCGTCGCAGCTCCGGTCCCGGGGAGGCCGTGTCCTCTGCCTGTCCTGGGATCCTACAAACCCCACCCTTGTCTTAAGGCGCCGTCGCCCCCCACGTCCCTCCTCATGCCGGGCCCTGCTGCTCCCCAGGT,9b64a2964bf99277370cf7c94c87199078ed120ac7d86370f0f7e96bcd9cd8f0,0.515794471162764,0.291286275036826,0.588978589269657,-294.1054222555831,-292.426036211662,-283.3969717102591,-281.7120186894899,0.0055669768480584025,-1.0,-0.291286275036826,0.0,3,0.181484208651223,0.18106719778262317,0.1474303780702046,0.11400480695106924,1.0
chr19:539222:G:A;chr19:539250:G:A;var1;middle;OL31|K562|9d31ccaffb0b79e5,chr19:539222:G:A;chr19:539250:G:A;var1;middle;OL31,K562,K562_region_01018,100,128,28,CTCGTGGCAGCCCAAGTCCCGCTGAGCTGTGTCGGGCAGGCTGCCGTGGAGCCCGGCTTGGTCAGGGATGTTGGTCTTGCTGAACAGGACCTCCAGACCGTCCTCCAGCTCATGCTGGCGGTGTGCCGGCGGCACCTCCACGGTGCAGGTCAGTTCCCACCCTGGCCCTCCCCTGCGTCTCCCCACAGCCGCCACCTCTG,116ecb07546d04e07bb6fbfbab54afd906b7180d633508fd79d816307bf630db,0.0,CTCGTGGCAGCCCAAGTCCCGCTGAGCTGTGTCGGGCAGGCTGCCGTGGAGCCCGGCTTGGTCAGGGATGTTGGTCTTGCTGAACAGGACCTCCAGACCATCCTCCAGCTCATGCTGGCGGTGTGCCGGCGGCACCTCCACGGTGCAGGTCAGTTCCCACCCTGGCCCTCCCCTGCGTCTCCCCACAGCCGCCACCTCTG,2148283f334eef79a0bf52d30d5bae0eb229299138356ab39f2a4e6251b380ac,-0.411443077368981,CTCGTGGCAGCCCAAGTCCCGCTGAGCTGTGTCGGGCAGGCTGCCGTGGAGCCCGGCTTGGTCAGGGATGTTGGTCTTGCTGAACAGGACCTCCAGACCGTCCTCCAGCTCATGCTGGCGGTGTGCCAGCGGCACCTCCACGGTGCAGGTCAGTTCCCACCCTGGCCCTCCCCTGCGTCTCCCCACAGCCGCCACCTCTG,6a99818d9f1bf799dfe2eb171a90cc6dd1475166072843c51e3431daba0a5cbd,0.419380128771317,CTCGTGGCAGCCCAAGTCCCGCTGAGCTGTGTCGGGCAGGCTGCCGTGGAGCCCGGCTTGGTCAGGGATGTTGGTCTTGCTGAACAGGACCTCCAGACCATCCTCCAGCTCATGCTGGCGGTGTGCCAGCGGCACCTCCACGGTGCAGGTCAGTTCCCACCCTGGCCCTCCCCTGCGTCTCCCCACAGCCGCCACCTCTG,9d31ccaffb0b79e5453945f2ef11653d6d44f13d55daf2e93091e7d2009e7bfa,-0.199569438667826,-0.2075064900701619,0.350974058103743,-310.75205879379064,-310.5299732373096,-320.47032381687313,-319.3521647239104,0.8960735364817083,-1.0,0.2075064900701619,0.0,1,0.1832768606150108,0.18216460459877223,0.1501433469024087,0.06696659800187356,1.0
chr19:53935075:A:G;chr19:53935160:G:A;var1;middle;OL41|K562|51ebbb70dce631b7,chr19:53935075:A:G;chr19:53935160:G:A;var1;middle;OL41,K562,K562_region_01174,100,185,85,TTGTATCCCGTTCCAGACAATTCCAGGGCTTTTGAGTCCATGCGTCAGCCTTCCTGGGCGGTCTCACCTTCACCACCCGAAAACAGGTGCTAGGAGAGAAGCTGAGAGGAGCACCGGTCACGCCCCGGCCCCGCCCTCTGCCGGCTCTAAAGCGCAAGGTCTCTCCGCCTCGCGCCCCGCCCCTGCCTCGTCCAGGCCCC,a6f67dd3465c7ba17307295cb6332545477851b0733f12a66897ba2167476365,0.0,TTGTATCCCGTTCCAGACAATTCCAGGGCTTTTGAGTCCATGCGTCAGCCTTCCTGGGCGGTCTCACCTTCACCACCCGAAAACAGGTGCTAGGAGAGAGGCTGAGAGGAGCACCGGTCACGCCCCGGCCCCGCCCTCTGCCGGCTCTAAAGCGCAAGGTCTCTCCGCCTCGCGCCCCGCCCCTGCCTCGTCCAGGCCCC,676c2d3633fd4a4fd217a4b090a6850e7c024cb98f27511183fda0dc8f129ef4,0.193629075274644,TTGTATCCCGTTCCAGACAATTCCAGGGCTTTTGAGTCCATGCGTCAGCCTTCCTGGGCGGTCTCACCTTCACCACCCGAAAACAGGTGCTAGGAGAGAAGCTGAGAGGAGCACCGGTCACGCCCCGGCCCCGCCCTCTGCCGGCTCTAAAGCGCAAGGTCTCTCCGCCTCGCGCCCCGCCCCTACCTCGTCCAGGCCCC,309ce35852604962db36c4e2aeb2fa6efe87fc63e6d491a9ffd4951feed96119,-0.163711875229959,TTGTATCCCGTTCCAGACAATTCCAGGGCTTTTGAGTCCATGCGTCAGCCTTCCTGGGCGGTCTCACCTTCACCACCCGAAAACAGGTGCTAGGAGAGAGGCTGAGAGGAGCACCGGTCACGCCCCGGCCCCGCCCTCTGCCGGCTCTAAAGCGCAAGGTCTCTCCGCCTCGCGCCCCGCCCCTACCTCGTCCAGGCCCC,51ebbb70dce631b77332d66cd45a3393e811aaad2653039e5ae426eac9ea7c94,0.13762804440403,0.107710844359345,0.220191227467141,-253.94653034955263,-256.8427634164691,-254.5150163769722,-254.5973056927324,2.8139437511562733,-1.0,-0.107710844359345,0.0,1,0.18522817823600687,0.18216460459877223,0.1501433469024087,0.15075024798059716,1.0
chr19:53935766:A:G;chr19:53935803:C:T;var1;middle;OL41|K562|0d6b0c2a7d5499e4,chr19:53935766:A:G;chr19:53935803:C:T;var1;middle;OL41,K562,K562_region_01175,100,137,37,CTAGGATCCTGCAGACCCCACCCTTGCCTTAAGGTGCTGTCGCCCCTTCACCTCCCTCCTTGTGCCGGGCCCTGCTGCTCCACGGGTTTCGCCTCCACAATCACCGCTTCCCCTGAGCCCGCGTTGGGGAGGTGCCCGGGGCCTGTCCTGTGACGCGGGGTGTTACTGCCTGCCCAGCTCCAGCCCCTGGAAAATGCGCT,8f6bce4c6320efb30f5482a5b3f8b40dc7273786165f47161b6610ac612c14b6,0.0,CTAGGATCCTGCAGACCCCACCCTTGCCTTAAGGTGCTGTCGCCCCTTCACCTCCCTCCTTGTGCCGGGCCCTGCTGCTCCACGGGTTTCGCCTCCACAGTCACCGCTTCCCCTGAGCCCGCGTTGGGGAGGTGCCCGGGGCCTGTCCTGTGACGCGGGGTGTTACTGCCTGCCCAGCTCCAGCCCCTGGAAAATGCGCT,15c7be448b5ac72038db5e79f48ecd00539f813865087d01a6409ed01408cee7,0.434651005566188,CTAGGATCCTGCAGACCCCACCCTTGCCTTAAGGTGCTGTCGCCCCTTCACCTCCCTCCTTGTGCCGGGCCCTGCTGCTCCACGGGTTTCGCCTCCACAATCACCGCTTCCCCTGAGCCCGCGTTGGGGAGGTGCCTGGGGCCTGTCCTGTGACGCGGGGTGTTACTGCCTGCCCAGCTCCAGCCCCTGGAAAATGCGCT,6f75c075a7f102307aaf573050e92b0b3a2627b3a7822078c6ecf08b652a3cf9,0.746115561132236,CTAGGATCCTGCAGACCCCACCCTTGCCTTAAGGTGCTGTCGCCCCTTCACCTCCCTCCTTGTGCCGGGCCCTGCTGCTCCACGGGTTTCGCCTCCACAGTCACCGCTTCCCCTGAGCCCGCGTTGGGGAGGTGCCTGGGGCCTGTCCTGTGACGCGGGGTGTTACTGCCTGCCCAGCTCCAGCCCCTGGAAAATGCGCT,0d6b0c2a7d5499e429519f3765e4db3eaadb54634a9cd7cac8f5eb33c6692f11,1.04440914159688,0.136357425101544,0.361030444929952,-279.0763628827408,-261.0954865468666,-275.6576935746707,-257.7235522894189,0.04673505062237382,1.0,0.136357425101544,0.0,2,0.17526251838238355,0.17490732828716207,0.146091925319964,0.2931831582344199,1.0
chr19:53935766:A:G;chr19:53935821:G:A;var1;middle;OL41|K562|12209b06d0b41aa2,chr19:53935766:A:G;chr19:53935821:G:A;var1;middle;OL41,K562,K562_region_01175,100,155,55,CTAGGATCCTGCAGACCCCACCCTTGCCTTAAGGTGCTGTCGCCCCTTCACCTCCCTCCTTGTGCCGGGCCCTGCTGCTCCACGGGTTTCGCCTCCACAATCACCGCTTCCCCTGAGCCCGCGTTGGGGAGGTGCCCGGGGCCTGTCCTGTGACGCGGGGTGTTACTGCCTGCCCAGCTCCAGCCCCTGGAAAATGCGCT,8f6bce4c6320efb30f5482a5b3f8b40dc7273786165f47161b6610ac612c14b6,0.0,CTAGGATCCTGCAGACCCCACCCTTGCCTTAAGGTGCTGTCGCCCCTTCACCTCCCTCCTTGTGCCGGGCCCTGCTGCTCCACGGGTTTCGCCTCCACAGTCACCGCTTCCCCTGAGCCCGCGTTGGGGAGGTGCCCGGGGCCTGTCCTGTGACGCGGGGTGTTACTGCCTGCCCAGCTCCAGCCCCTGGAAAATGCGCT,15c7be448b5ac72038db5e79f48ecd00539f813865087d01a6409ed01408cee7,0.434579952621809,CTAGGATCCTGCAGACCCCACCCTTGCCTTAAGGTGCTGTCGCCCCTTCACCTCCCTCCTTGTGCCGGGCCCTGCTGCTCCACGGGTTTCGCCTCCACAATCACCGCTTCCCCTGAGCCCGCGTTGGGGAGGTGCCCGGGGCCTGTCCTGTGACACGGGGTGTTACTGCCTGCCCAGCTCCAGCCCCTGGAAAATGCGCT,a5825fe05c8b00f542ad4283b51964b08fe36945952d8dbd0f891551b4be75e6,-0.353147545763751,CTAGGATCCTGCAGACCCCACCCTTGCCTTAAGGTGCTGTCGCCCCTTCACCTCCCTCCTTGTGCCGGGCCCTGCTGCTCCACGGGTTTCGCCTCCACAGTCACCGCTTCCCCTGAGCCCGCGTTGGGGAGGTGCCCGGGGCCTGTCCTGTGACACGGGGTGTTACTGCCTGCCCAGCTCCAGCCCCTGGAAAATGCGCT,12209b06d0b41aa249217194be0a355f4f6a38248829665291e5ebf1bc024969,-0.464397538277754,0.545829945135812,0.412697622722739,-279.0763628827408,-261.0954865468666,-311.3556632832624,-282.9877329953015,-10.387053952086717,1.0,0.545829945135812,0.0,2,0.16007007800362755,0.17490732828716207,0.146091925319964,0.2286196730123264,1.0
chr19:54023986:A:T;chr19:54024017:G:T;var1;middle;OL41|K562|47c393c537c27afc,chr19:54023986:A:T;chr19:54024017:G:T;var1;middle;OL41,K562,K562_region_01176,100,131,31,CGGCCGCGCTTCCAGCGCTAAGGATTCCCGCGTAGTGAGCATTTCCCAGAGGTCTCTGGGGCATGGCTCCATTAGGGCCGTGTGCAGTTGCCTGCAGGGAAACACTGATGGGCGCCCTTCCAGATACGTCGATTCCCGGGTTATGAGCTACATTTCCCAGAAGCCCTCAAGGCAGGACGCCCTTAGGGTCGCGTAGAGTT,b6b375528c5cbf4c6b451aaf86158cec9dc85bccd4eb570418ced22a5e70e948,0.0,CGGCCGCGCTTCCAGCGCTAAGGATTCCCGCGTAGTGAGCATTTCCCAGAGGTCTCTGGGGCATGGCTCCATTAGGGCCGTGTGCAGTTGCCTGCAGGGTAACACTGATGGGCGCCCTTCCAGATACGTCGATTCCCGGGTTATGAGCTACATTTCCCAGAAGCCCTCAAGGCAGGACGCCCTTAGGGTCGCGTAGAGTT,ad4f4c05633f4909906fe54c0ddcee38599fc0f98dc8cd947db654a044ec9090,-0.20235862551702,CGGCCGCGCTTCCAGCGCTAAGGATTCCCGCGTAGTGAGCATTTCCCAGAGGTCTCTGGGGCATGGCTCCATTAGGGCCGTGTGCAGTTGCCTGCAGGGAAACACTGATGGGCGCCCTTCCAGATACGTCTATTCCCGGGTTATGAGCTACATTTCCCAGAAGCCCTCAAGGCAGGACGCCCTTAGGGTCGCGTAGAGTT,0266a9e8d7417ffa4ddbb6e0459e1fc3708253ddd256d643c3ef9eaf0bb9c339,-0.129425018341624,CGGCCGCGCTTCCAGCGCTAAGGATTCCCGCGTAGTGAGCATTTCCCAGAGGTCTCTGGGGCATGGCTCCATTAGGGCCGTGTGCAGTTGCCTGCAGGGTAACACTGATGGGCGCCCTTCCAGATACGTCTATTCCCGGGTTATGAGCTACATTTCCCAGAAGCCCTCAAGGCAGGACGCCCTTAGGGTCGCGTAGAGTT,47c393c537c27afc182918c8322af5890809d063538068a107b6990a6f19dd68,-0.541281912402214,0.20949826854357,0.308667539509885,-380.378563224338,-323.42829399742186,-398.1764202537015,-355.19803378358483,13.97188275679946,1.0,0.20949826854357,0.0,4,0.19351623590286818,0.17620727786206916,0.145609630836647,0.27273012201165275,1.0
chr19:54024128:T:C;chr19:54024214:A:G;var1;middle;OL41|K562|9af4c4094a308e35,chr19:54024128:T:C;chr19:54024214:A:G;var1;middle;OL41,K562,K562_region_01176,100,186,86,ATGAGCTACATTTCCCAGAAGCCCTCAAGGCAGGACGCCCTTAGGGTCGCGTAGAGTTGCATGCTGGGAAATCCTGACAGCCGCTTCCAACTCTGTGGATTTCCGGGTTATGGACTACATTTCCCAGAGGCCTCTGGGTCACGGCTCCATTTGCGCCGTGTAGAGTTGCATGCTGGGAAACACTGACGGGCGCCCTTCCA,550a6b34c65822cbb44161f56e177f807a3e1bbebf503bb79473210fa92d9b13,0.0,ATGAGCTACATTTCCCAGAAGCCCTCAAGGCAGGACGCCCTTAGGGTCGCGTAGAGTTGCATGCTGGGAAATCCTGACAGCCGCTTCCAACTCTGTGGACTTCCGGGTTATGGACTACATTTCCCAGAGGCCTCTGGGTCACGGCTCCATTTGCGCCGTGTAGAGTTGCATGCTGGGAAACACTGACGGGCGCCCTTCCA,ca3f16f1f6997a5b9c968f1d8f804ac1d54328bbac6a3ea17f33bbffd0610c87,0.070338998200157,ATGAGCTACATTTCCCAGAAGCCCTCAAGGCAGGACGCCCTTAGGGTCGCGTAGAGTTGCATGCTGGGAAATCCTGACAGCCGCTTCCAACTCTGTGGATTTCCGGGTTATGGACTACATTTCCCAGAGGCCTCTGGGTCACGGCTCCATTTGCGCCGTGTAGAGTTGCATGCTGGGAAACACTGGCGGGCGCCCTTCCA,473be19208100767014b5d4dde592495cadbbd56644ab36092163dc3dd7120ec,0.0594219838394275,ATGAGCTACATTTCCCAGAAGCCCTCAAGGCAGGACGCCCTTAGGGTCGCGTAGAGTTGCATGCTGGGAAATCCTGACAGCCGCTTCCAACTCTGTGGACTTCCGGGTTATGGACTACATTTCCCAGAGGCCTCTGGGTCACGGCTCCATTTGCGCCGTGTAGAGTTGCATGCTGGGAAACACTGGCGGGCGCCCTTCCA,9af4c4094a308e3500fd30a4c7080547669d026dbca18720e9e21c7c19d890ef,0.0203397510953114,0.1094212309442731,0.146496833359276,-226.55680825281888,-225.17539539327845,-227.2242166264914,-221.5612774593756,-4.281526307575376,1.0,0.1094212309442731,0.0,4,0.17089275411287286,0.17620727786206916,0.145609630836647,0.22160439899645917,1.0
chr19:54024214:A:G;chr19:54024252:T:A;var1;middle;OL41|K562|d2684777a09b2cec,chr19:54024214:A:G;chr19:54024252:T:A;var1;middle;OL41,K562,K562_region_01176,100,138,38,CCAACTCTGTGGATTTCCGGGTTATGGACTACATTTCCCAGAGGCCTCTGGGTCACGGCTCCATTTGCGCCGTGTAGAGTTGCATGCTGGGAAACACTGACGGGCGCCCTTCCAGCTGCGTCGAAGCTTCTCTGGTTTCGCATTACATTTCCCAGAGGGCCTTGGGGCACAGTCCAATGAGGAGCGAGCCGGGTGGCCGG,7cb7defd5da6d3a8367c860f726f86372def03b345cea531755875239e12d701,0.0,CCAACTCTGTGGATTTCCGGGTTATGGACTACATTTCCCAGAGGCCTCTGGGTCACGGCTCCATTTGCGCCGTGTAGAGTTGCATGCTGGGAAACACTGGCGGGCGCCCTTCCAGCTGCGTCGAAGCTTCTCTGGTTTCGCATTACATTTCCCAGAGGGCCTTGGGGCACAGTCCAATGAGGAGCGAGCCGGGTGGCCGG,4242c3a70f91d15bd44c7c4b4f33aa661aa15be85a31faa0027007f4f5855605,-0.224173571564102,CCAACTCTGTGGATTTCCGGGTTATGGACTACATTTCCCAGAGGCCTCTGGGTCACGGCTCCATTTGCGCCGTGTAGAGTTGCATGCTGGGAAACACTGACGGGCGCCCTTCCAGCTGCGTCGAAGCTTCTCTGGTTACGCATTACATTTCCCAGAGGGCCTTGGGGCACAGTCCAATGAGGAGCGAGCCGGGTGGCCGG,9b9ee3a1baf5cf6e418c7bc412bd87de2ad71f40d4445b5f9b7596b0a861a7ae,-0.0054592519388392,CCAACTCTGTGGATTTCCGGGTTATGGACTACATTTCCCAGAGGCCTCTGGGTCACGGCTCCATTTGCGCCGTGTAGAGTTGCATGCTGGGAAACACTGGCGGGCGCCCTTCCAGCTGCGTCGAAGCTTCTCTGGTTACGCATTACATTTCCCAGAGGGCCTTGGGGCACAGTCCAATGAGGAGCGAGCCGGGTGGCCGG,d2684777a09b2cec2e215cab8f96263ce1b0caa1c24fe134dd174f0d4c06f943,-0.0800534443008865,0.1495793792020547,0.158421207483468,-384.75248708197614,-388.59260635459214,-324.1600908396067,-346.71884793182835,-18.718637819605647,-1.0,-0.1495793792020547,0.0,4,0.15299923470284615,0.17620727786206916,0.145609630836647,0.0287681042335787,1.0
chr19:54024214:A:G;chr19:54024255:C:G;var1;middle;OL41|K562|8198d1a486f2b639,chr19:54024214:A:G;chr19:54024255:C:G;var1;middle;OL41,K562,K562_region_01176,100,141,41,CCAACTCTGTGGATTTCCGGGTTATGGACTACATTTCCCAGAGGCCTCTGGGTCACGGCTCCATTTGCGCCGTGTAGAGTTGCATGCTGGGAAACACTGACGGGCGCCCTTCCAGCTGCGTCGAAGCTTCTCTGGTTTCGCATTACATTTCCCAGAGGGCCTTGGGGCACAGTCCAATGAGGAGCGAGCCGGGTGGCCGG,7cb7defd5da6d3a8367c860f726f86372def03b345cea531755875239e12d701,0.0,CCAACTCTGTGGATTTCCGGGTTATGGACTACATTTCCCAGAGGCCTCTGGGTCACGGCTCCATTTGCGCCGTGTAGAGTTGCATGCTGGGAAACACTGGCGGGCGCCCTTCCAGCTGCGTCGAAGCTTCTCTGGTTTCGCATTACATTTCCCAGAGGGCCTTGGGGCACAGTCCAATGAGGAGCGAGCCGGGTGGCCGG,4242c3a70f91d15bd44c7c4b4f33aa661aa15be85a31faa0027007f4f5855605,-0.22415195040365,CCAACTCTGTGGATTTCCGGGTTATGGACTACATTTCCCAGAGGCCTCTGGGTCACGGCTCCATTTGCGCCGTGTAGAGTTGCATGCTGGGAAACACTGACGGGCGCCCTTCCAGCTGCGTCGAAGCTTCTCTGGTTTCGGATTACATTTCCCAGAGGGCCTTGGGGCACAGTCCAATGAGGAGCGAGCCGGGTGGCCGG,e97a77bffa3c811a103d5261a43fb766bd827ac051206684228adab65ca353dd,0.132509046731221,CCAACTCTGTGGATTTCCGGGTTATGGACTACATTTCCCAGAGGCCTCTGGGTCACGGCTCCATTTGCGCCGTGTAGAGTTGCATGCTGGGAAACACTGGCGGGCGCCCTTCCAGCTGCGTCGAAGCTTCTCTGGTTTCGGATTACATTTCCCAGAGGGCCTTGGGGCACAGTCCAATGAGGAGCGAGCCGGGTGGCCGG,8198d1a486f2b639320ad6bf7b89ea3b58adbc9c53a542c864498b4746603b65,0.0332730460839855,0.1249159497564145,0.158063942974733,-384.75248708197614,-388.59260635459214,-333.0812521571643,-371.9689094808127,-35.04753805103246,-1.0,-0.1249159497564145,0.0,4,0.13276101094236925,0.17620727786206916,0.145609630836647,0.006647631710285845,1.0
chr19:54024252:T:A;chr19:54024255:C:G;var1;middle;OL41|K562|2ed2c41fcea62038,chr19:54024252:T:A;chr19:54024255:C:G;var1;middle;OL41,K562,K562_region_01176,100,103,3,CAGAGGCCTCTGGGTCACGGCTCCATTTGCGCCGTGTAGAGTTGCATGCTGGGAAACACTGACGGGCGCCCTTCCAGCTGCGTCGAAGCTTCTCTGGTTTCGCATTACATTTCCCAGAGGGCCTTGGGGCACAGTCCAATGAGGAGCGAGCCGGGTGGCCGGCTGAGGGGCGTGCTTCATGCTCGCGGGATTTTTAAAAA,55875be33f9596b8311369ba4fae473b770d72de64423879ae5d338f67fb0a66,0.0,CAGAGGCCTCTGGGTCACGGCTCCATTTGCGCCGTGTAGAGTTGCATGCTGGGAAACACTGACGGGCGCCCTTCCAGCTGCGTCGAAGCTTCTCTGGTTACGCATTACATTTCCCAGAGGGCCTTGGGGCACAGTCCAATGAGGAGCGAGCCGGGTGGCCGGCTGAGGGGCGTGCTTCATGCTCGCGGGATTTTTAAAAA,5cf264897b1f3154eeeecacb6ccc4ecdf8e49372519101d5c61182e3048146ae,-0.0715096468222284,CAGAGGCCTCTGGGTCACGGCTCCATTTGCGCCGTGTAGAGTTGCATGCTGGGAAACACTGACGGGCGCCCTTCCAGCTGCGTCGAAGCTTCTCTGGTTTCGGATTACATTTCCCAGAGGGCCTTGGGGCACAGTCCAATGAGGAGCGAGCCGGGTGGCCGGCTGAGGGGCGTGCTTCATGCTCGCGGGATTTTTAAAAA,e72986e82de5095ed6b8e9831c07ca06a7019ce79479c42722d10e4b7eb19d00,0.245038691135712,CAGAGGCCTCTGGGTCACGGCTCCATTTGCGCCGTGTAGAGTTGCATGCTGGGAAACACTGACGGGCGCCCTTCCAGCTGCGTCGAAGCTTCTCTGGTTACGGATTACATTTCCCAGAGGGCCTTGGGGCACAGTCCAATGAGGAGCGAGCCGGGTGGCCGGCTGAGGGGCGTGCTTCATGCTCGCGGGATTTTTAAAAA,2ed2c41fcea62038c9f5298d257fd7e9124a4d6b2f476e2c1482cad81ccda7e9,-0.328870724535937,0.5023997688494206,0.185309099886383,-401.3624449460767,-410.61585977114737,-396.4187374003232,-409.58009726402815,3.9079450386343524,1.0,0.5023997688494206,0.0,4,0.18104287758938356,0.17620727786206916,0.145609630836647,-0.14660176462426375,1.0
chr19:54492922:A:T;chr19:54492973:C:T;var1;middle;OL41|K562|f3e08fd9b8daee93,chr19:54492922:A:T;chr19:54492973:C:T;var1;middle;OL41,K562,K562_region_01177,100,151,51,TCCCATCTCTGCCTTCAGAGGGGGGGACAGGTAGTCCAGACAATTAGAATACAGAGGGGGCTGTGTTCTGACGGGGCCACGCGGGCATTGAGGAAACGCAGCAGGCCCCTCCCCTAGCTGGGGCGGGGATGTCTGTGTGCCATCATCTCACTCCATCTGGTCATTCCTTTGCCCATTCATCCATCCATTCATTCAAGTCA,c55ff3aff524a3eef2808244905f04c723e21d28d562e0cda4cd866b096ceb80,0.0,TCCCATCTCTGCCTTCAGAGGGGGGGACAGGTAGTCCAGACAATTAGAATACAGAGGGGGCTGTGTTCTGACGGGGCCACGCGGGCATTGAGGAAACGCTGCAGGCCCCTCCCCTAGCTGGGGCGGGGATGTCTGTGTGCCATCATCTCACTCCATCTGGTCATTCCTTTGCCCATTCATCCATCCATTCATTCAAGTCA,cc4c9a0400f89eaee97f615c5072b7e29b3fee3ac1b53cb8da6f00a50b91b6ab,0.0519290269845739,TCCCATCTCTGCCTTCAGAGGGGGGGACAGGTAGTCCAGACAATTAGAATACAGAGGGGGCTGTGTTCTGACGGGGCCACGCGGGCATTGAGGAAACGCAGCAGGCCCCTCCCCTAGCTGGGGCGGGGATGTCTGTGTGCCATCATCTCATTCCATCTGGTCATTCCTTTGCCCATTCATCCATCCATTCATTCAAGTCA,3d569859b2fd4368225e1740eb5c2f35e7b6037addeddde9ac291786e41ba849,-0.0310023837725078,TCCCATCTCTGCCTTCAGAGGGGGGGACAGGTAGTCCAGACAATTAGAATACAGAGGGGGCTGTGTTCTGACGGGGCCACGCGGGCATTGAGGAAACGCTGCAGGCCCCTCCCCTAGCTGGGGCGGGGATGTCTGTGTGCCATCATCTCATTCCATCTGGTCATTCCTTTGCCCATTCATCCATCCATTCATTCAAGTCA,f3e08fd9b8daee93d365ff4db7a3a6e2afaddc74167f43f7218b6bb0e2a7b62d,-0.0289500576889115,-0.0498767009009775,0.173813694995982,-237.84800145030025,-237.4241680577397,-238.18432342633605,-237.5674063488841,0.1930836848914339,-1.0,0.0498767009009775,0.0,3,0.18186190206902053,0.18106719778262317,0.1474303780702046,0.21592247859738906,1.0
chr19:54674349:G:A;chr19:54674421:G:A;var1;middle;OL30|K562|46a2becd641fb8c5,chr19:54674349:G:A;chr19:54674421:G:A;var1;middle;OL30,K562,K562_region_01178,100,172,72,CAAGGACTCCCCAAGAATACTGAAATCTGTAGATGCCCAAATTCCTTATATAAAACGGTATAGTATTTGCATACAGGCTACACACATCCTCCTGTGTTTGTTTTATTTTATTTTAATTTTTATCTGATTTTTACAGACAAATGTCTCGTTTTGTTGTCCAGGCTGGAGTGCGGTGGTGCAATCATAGCTCAATGCAGCCT,b2c8aa8d5640e08f87f0d6ef02f01afd4082363b10a67893fd7015a938673f61,0.0,CAAGGACTCCCCAAGAATACTGAAATCTGTAGATGCCCAAATTCCTTATATAAAACGGTATAGTATTTGCATACAGGCTACACACATCCTCCTGTGTTTATTTTATTTTATTTTAATTTTTATCTGATTTTTACAGACAAATGTCTCGTTTTGTTGTCCAGGCTGGAGTGCGGTGGTGCAATCATAGCTCAATGCAGCCT,90d1732975cf9f2b4cc6703136ad6a2660af68b67e4c146a5e58c7cdeb1e1887,0.0738681102711916,CAAGGACTCCCCAAGAATACTGAAATCTGTAGATGCCCAAATTCCTTATATAAAACGGTATAGTATTTGCATACAGGCTACACACATCCTCCTGTGTTTGTTTTATTTTATTTTAATTTTTATCTGATTTTTACAGACAAATGTCTCGTTTTGTTGTCCAGGCTGGAGTGCAGTGGTGCAATCATAGCTCAATGCAGCCT,ce9fc725e9d535ccf76af6a29cb47f0d31eb3e411f9987776b96babe906e3922,-0.823924136273038,CAAGGACTCCCCAAGAATACTGAAATCTGTAGATGCCCAAATTCCTTATATAAAACGGTATAGTATTTGCATACAGGCTACACACATCCTCCTGTGTTTATTTTATTTTATTTTAATTTTTATCTGATTTTTACAGACAAATGTCTCGTTTTGTTGTCCAGGCTGGAGTGCAGTGGTGCAATCATAGCTCAATGCAGCCT,46a2becd641fb8c5595c2140beef1770d5cd946f01aa5710cb7aa8c4dc767490,-0.789521131292387,-0.0394651052905405,0.187185693829671,-202.7048506466672,-195.7580451657996,-179.45906165987253,-178.38542361930013,-5.873167440295248,-1.0,0.0394651052905405,0.0,3,0.16964334754874866,0.18106719778262317,0.1474303780702046,0.23154756790212566,1.0
chr19:54674421:G:A;chr19:54674478:G:A;var1;middle;OL30|K562|f7df6abe6c5197bf,chr19:54674421:G:A;chr19:54674478:G:A;var1;middle;OL30,K562,K562_region_01178,100,157,57,ACAGGCTACACACATCCTCCTGTGTTTGTTTTATTTTATTTTAATTTTTATCTGATTTTTACAGACAAATGTCTCGTTTTGTTGTCCAGGCTGGAGTGCGGTGGTGCAATCATAGCTCAATGCAGCCTCAAACTTCCAGGCTCAAGCAATTCTCCCGCCTCAGCCTCCCAAAGCGCTGGGGCTACAGGTATGGGCCACGA,f8ac25fc6857785e327da43bc8878117549fcef265e8f07eb4befad6b52406c9,0.0,ACAGGCTACACACATCCTCCTGTGTTTGTTTTATTTTATTTTAATTTTTATCTGATTTTTACAGACAAATGTCTCGTTTTGTTGTCCAGGCTGGAGTGCAGTGGTGCAATCATAGCTCAATGCAGCCTCAAACTTCCAGGCTCAAGCAATTCTCCCGCCTCAGCCTCCCAAAGCGCTGGGGCTACAGGTATGGGCCACGA,715675aa9451f07771e5ce3af3eb3695b96c93f0666d0ea5eeb02d8b4eecbbfa,-0.0126418392861435,ACAGGCTACACACATCCTCCTGTGTTTGTTTTATTTTATTTTAATTTTTATCTGATTTTTACAGACAAATGTCTCGTTTTGTTGTCCAGGCTGGAGTGCGGTGGTGCAATCATAGCTCAATGCAGCCTCAAACTTCCAGGCTCAAGCAATTCTCCCACCTCAGCCTCCCAAAGCGCTGGGGCTACAGGTATGGGCCACGA,d40426f1c4aeea5d6f4cedd7dc1d139c43805941fe6d29ae64e30b19a50169a4,0.322964222879331,ACAGGCTACACACATCCTCCTGTGTTTGTTTTATTTTATTTTAATTTTTATCTGATTTTTACAGACAAATGTCTCGTTTTGTTGTCCAGGCTGGAGTGCAGTGGTGCAATCATAGCTCAATGCAGCCTCAAACTTCCAGGCTCAAGCAATTCTCCCACCTCAGCCTCCCAAAGCGCTGGGGCTACAGGTATGGGCCACGA,f7df6abe6c5197bfa72733c52a5dc0366683a1b102feeded350cb67bc8c9031b,-0.019752267800825,0.3300746513940125,0.148814022200541,-147.9756300346926,-142.05955841764808,-141.69930600747466,-136.48792729526758,0.704692904837458,1.0,0.3300746513940125,0.0,3,0.1828923778963449,0.18106719778262317,0.1474303780702046,0.30492081175072927,1.0
chr19:54677103:G:C;chr19:54677189:C:T;var1;middle;OL41|K562|cd239422ce7131de,chr19:54677103:G:C;chr19:54677189:C:T;var1;middle;OL41,K562,K562_region_01179,100,186,86,AGTTTGGTTCCTGGGCTGGGCGGGGGGGCTGTACCTCACCCTGGGACTTGGTGGACTAAGTCCTTCCCACCGTTTATCACCCAGATACCTGCACGGACAGGATGCCTTTGTGCAACACTTTATTGGGAAAGATTTACACACGGTGACCTGTCATAGGCCAAGCGATGAGAAGAGGGCGCCAGGAGCGCTGGGGTCCCGAG,08a3523a4c561fc6bb06af9b3125f281935924e1ffa30f499bb2d19ae2132722,0.0,AGTTTGGTTCCTGGGCTGGGCGGGGGGGCTGTACCTCACCCTGGGACTTGGTGGACTAAGTCCTTCCCACCGTTTATCACCCAGATACCTGCACGGACACGATGCCTTTGTGCAACACTTTATTGGGAAAGATTTACACACGGTGACCTGTCATAGGCCAAGCGATGAGAAGAGGGCGCCAGGAGCGCTGGGGTCCCGAG,4a7bc1381e0e5113134debf5b98f0a70e51edd5ea740ff3bafc48b5ec2dc8128,-0.183881784791688,AGTTTGGTTCCTGGGCTGGGCGGGGGGGCTGTACCTCACCCTGGGACTTGGTGGACTAAGTCCTTCCCACCGTTTATCACCCAGATACCTGCACGGACAGGATGCCTTTGTGCAACACTTTATTGGGAAAGATTTACACACGGTGACCTGTCATAGGCCAAGCGATGAGAAGAGGGCGCCAGGAGTGCTGGGGTCCCGAG,e138c528fe9c74f45a8398e902e8372e75cf036bcc87215eeeb2e8130d33e8be,-0.205567443954572,AGTTTGGTTCCTGGGCTGGGCGGGGGGGCTGTACCTCACCCTGGGACTTGGTGGACTAAGTCCTTCCCACCGTTTATCACCCAGATACCTGCACGGACACGATGCCTTTGTGCAACACTTTATTGGGAAAGATTTACACACGGTGACCTGTCATAGGCCAAGCGATGAGAAGAGGGCGCCAGGAGTGCTGGGGTCCCGAG,cd239422ce7131dec670a964c79e366edec3483740d53f503507b71c55a244cc,0.0252839218728389,0.4147331506190989,0.269110704771784,-259.3289227485657,-260.5283291041851,-259.54898858070374,-261.1041591614485,-0.3557642251253128,-1.0,-0.4147331506190989,0.0,3,0.18075642061540356,0.18106719778262317,0.1474303780702046,0.25084158705277904,1.0
chr19:55574412:G:T;chr19:55574468:G:A;var1;middle;OL41|K562|a010511b9ea9fa61,chr19:55574412:G:T;chr19:55574468:G:A;var1;middle;OL41,K562,K562_region_01180,100,156,56,ACGCGGGGCTAGAATGTACTCACTTGAGCAGCACGGCGGCGCCTGCTACCGTGCCCAGCGCCGACAGCGGCAGCAGGTAGCGGCTCATGCCGGGCCGGGGACAGGCGTCAGGCGTCAGGGGTCGGCGCGGAGCTTGCTGCACACCAGCCGCCTGGGTAGCTCCGAGGAAGAGCGCGCGACGCAGCCACAGGCGAGCGGAG,f57918f9c88aea71ed352753a31920cbc3f995179fc370c80d39e4b00f458a9d,0.0,ACGCGGGGCTAGAATGTACTCACTTGAGCAGCACGGCGGCGCCTGCTACCGTGCCCAGCGCCGACAGCGGCAGCAGGTAGCGGCTCATGCCGGGCCGGGTACAGGCGTCAGGCGTCAGGGGTCGGCGCGGAGCTTGCTGCACACCAGCCGCCTGGGTAGCTCCGAGGAAGAGCGCGCGACGCAGCCACAGGCGAGCGGAG,aa9af01e7c38526623be6136feb5850e60dde6b84bee1ef0dd08e9be662e8d25,0.567854618590449,ACGCGGGGCTAGAATGTACTCACTTGAGCAGCACGGCGGCGCCTGCTACCGTGCCCAGCGCCGACAGCGGCAGCAGGTAGCGGCTCATGCCGGGCCGGGGACAGGCGTCAGGCGTCAGGGGTCGGCGCGGAGCTTGCTGCACACCAGCCGCCTGGATAGCTCCGAGGAAGAGCGCGCGACGCAGCCACAGGCGAGCGGAG,f76e5402276b133a25de185023eeb96840502ca63882854375296957e110aab3,0.378378274554049,ACGCGGGGCTAGAATGTACTCACTTGAGCAGCACGGCGGCGCCTGCTACCGTGCCCAGCGCCGACAGCGGCAGCAGGTAGCGGCTCATGCCGGGCCGGGTACAGGCGTCAGGCGTCAGGGGTCGGCGCGGAGCTTGCTGCACACCAGCCGCCTGGATAGCTCCGAGGAAGAGCGCGCGACGCAGCCACAGGCGAGCGGAG,a010511b9ea9fa61d09bfca119005e73474da2287541e2bef83dcb4996e4a273,0.37036588088888,0.5758670122556179,0.607293756446822,-283.0526394271292,-288.23756351321936,-277.57228438858874,-279.29216283001006,-3.4650456446688622,1.0,0.5758670122556179,0.0,0,0.18132558963587875,0.18565657667894103,0.15145376406925343,0.14071993282181242,1.0
chr19:55658387:T:C;chr19:55658397:C:T;var1;middle;OL41|K562|1ec304cef8d86781,chr19:55658387:T:C;chr19:55658397:C:T;var1;middle;OL41,K562,K562_region_01181,100,110,10,CCCGCCAAAGTGCCACACTCCTCGCCTCCCCTCCCAAGAGCTCCTGGGCGTGTCCCCATCCCATAGGGCCGGCCCACTCCCTACTCACCTTCCGGCTGCTCCCTGCGGACGGGTGTGGGGAGAGAGGAGGGAGGGGAGAGTTAGACCTGGGGTGGGAGAGCCTCTCCACCACTGCACGCCCCAACCCCTCCCAGTGCAGC,1c61d57cab0275c2a62e7a34a7b6d4348100c2fa4c32fa9fad3277c5904dcc7e,0.0,CCCGCCAAAGTGCCACACTCCTCGCCTCCCCTCCCAAGAGCTCCTGGGCGTGTCCCCATCCCATAGGGCCGGCCCACTCCCTACTCACCTTCCGGCTGCCCCCTGCGGACGGGTGTGGGGAGAGAGGAGGGAGGGGAGAGTTAGACCTGGGGTGGGAGAGCCTCTCCACCACTGCACGCCCCAACCCCTCCCAGTGCAGC,3e83242599b81eb5eae2b07a83217a0984f9138d76c0210f5f5668fcbc9cc027,0.152827251415581,CCCGCCAAAGTGCCACACTCCTCGCCTCCCCTCCCAAGAGCTCCTGGGCGTGTCCCCATCCCATAGGGCCGGCCCACTCCCTACTCACCTTCCGGCTGCTCCCTGCGGATGGGTGTGGGGAGAGAGGAGGGAGGGGAGAGTTAGACCTGGGGTGGGAGAGCCTCTCCACCACTGCACGCCCCAACCCCTCCCAGTGCAGC,ba8b0676741a025306701823d1e965085f5767a785fbaf2679d1e7343301809a,0.328579303949643,CCCGCCAAAGTGCCACACTCCTCGCCTCCCCTCCCAAGAGCTCCTGGGCGTGTCCCCATCCCATAGGGCCGGCCCACTCCCTACTCACCTTCCGGCTGCCCCCTGCGGATGGGTGTGGGGAGAGAGGAGGGAGGGGAGAGTTAGACCTGGGGTGGGAGAGCCTCTCCACCACTGCACGCCCCAACCCCTCCCAGTGCAGC,1ec304cef8d86781cf89d04261f5a08a15947ea5740643a79348ef1b241f54d4,0.0655000449949648,0.4159065103702592,0.201595815507731,-228.4115969501436,-234.1883273869753,-227.1162773892284,-231.8697803132236,-1.0232275128364847,1.0,0.4159065103702592,0.0,3,0.17941202579842708,0.18106719778262317,0.1474303780702046,0.2722224408761899,1.0
chr19:55697712:G:A;chr19:55697766:T:A;var1;middle;OL31|K562|aca41dfb7df09f52,chr19:55697712:G:A;chr19:55697766:T:A;var1;middle;OL31,K562,K562_region_01182,100,154,54,TGGTCAGCATGACCAGGGTGTGGCTCTGCTGTTCCCACACCAGGCGCCAGAAGTCACCCACTGTCTGTGGCAGGGGACCCTGGGTTGCAATGAACTCCTGGGGGCTCCAGAGACCCTGGTTGAGGAAGGCAGGCGGGTCAGGGGGGCCTTTAGTTGATCCCCGAGCTCTTATCTCTCCAGGCGTGCTGGGCACCCTTTCA,5a3e6a1231da111cd524586ad9a7848c9972fdfab0282627467cd88388644a36,0.0,TGGTCAGCATGACCAGGGTGTGGCTCTGCTGTTCCCACACCAGGCGCCAGAAGTCACCCACTGTCTGTGGCAGGGGACCCTGGGTTGCAATGAACTCCTAGGGGCTCCAGAGACCCTGGTTGAGGAAGGCAGGCGGGTCAGGGGGGCCTTTAGTTGATCCCCGAGCTCTTATCTCTCCAGGCGTGCTGGGCACCCTTTCA,0f7a35d22419df409e1516213eb0774b321a29b417527cdcbafd18b46ad86d59,0.0797410100882895,TGGTCAGCATGACCAGGGTGTGGCTCTGCTGTTCCCACACCAGGCGCCAGAAGTCACCCACTGTCTGTGGCAGGGGACCCTGGGTTGCAATGAACTCCTGGGGGCTCCAGAGACCCTGGTTGAGGAAGGCAGGCGGGTCAGGGGGGCCTTTAGATGATCCCCGAGCTCTTATCTCTCCAGGCGTGCTGGGCACCCTTTCA,40e2e4eb158f8692dfb14a79324a617469c7900ce47a40c9b4a8f980edfb5b0d,0.258384396957263,TGGTCAGCATGACCAGGGTGTGGCTCTGCTGTTCCCACACCAGGCGCCAGAAGTCACCCACTGTCTGTGGCAGGGGACCCTGGGTTGCAATGAACTCCTAGGGGCTCCAGAGACCCTGGTTGAGGAAGGCAGGCGGGTCAGGGGGGCCTTTAGATGATCCCCGAGCTCTTATCTCTCCAGGCGTGCTGGGCACCCTTTCA,aca41dfb7df09f5246c53eec38386f4374d677003343f367ddca036247db6eea,0.0335707441562714,0.3045546628892811,0.195494582196716,-199.331308529363,-228.07160117430607,-205.99751822289545,-233.56893126969223,-1.168879598146276,1.0,0.3045546628892811,0.0,3,0.17911865549300732,0.18106719778262317,0.1474303780702046,0.16324029680480448,1.0
chr19:55697712:G:A;chr19:55697795:G:C;var1;middle;OL31|K562|9911fac05e9b1a8b,chr19:55697712:G:A;chr19:55697795:G:C;var1;middle;OL31,K562,K562_region_01182,100,183,83,TGGTCAGCATGACCAGGGTGTGGCTCTGCTGTTCCCACACCAGGCGCCAGAAGTCACCCACTGTCTGTGGCAGGGGACCCTGGGTTGCAATGAACTCCTGGGGGCTCCAGAGACCCTGGTTGAGGAAGGCAGGCGGGTCAGGGGGGCCTTTAGTTGATCCCCGAGCTCTTATCTCTCCAGGCGTGCTGGGCACCCTTTCA,5a3e6a1231da111cd524586ad9a7848c9972fdfab0282627467cd88388644a36,0.0,TGGTCAGCATGACCAGGGTGTGGCTCTGCTGTTCCCACACCAGGCGCCAGAAGTCACCCACTGTCTGTGGCAGGGGACCCTGGGTTGCAATGAACTCCTAGGGGCTCCAGAGACCCTGGTTGAGGAAGGCAGGCGGGTCAGGGGGGCCTTTAGTTGATCCCCGAGCTCTTATCTCTCCAGGCGTGCTGGGCACCCTTTCA,0f7a35d22419df409e1516213eb0774b321a29b417527cdcbafd18b46ad86d59,0.0797445884628681,TGGTCAGCATGACCAGGGTGTGGCTCTGCTGTTCCCACACCAGGCGCCAGAAGTCACCCACTGTCTGTGGCAGGGGACCCTGGGTTGCAATGAACTCCTGGGGGCTCCAGAGACCCTGGTTGAGGAAGGCAGGCGGGTCAGGGGGGCCTTTAGTTGATCCCCGAGCTCTTATCTCTCCAGGCCTGCTGGGCACCCTTTCA,a0b01eec95ad54b033aee1099095c55fbf2684d402f5456f54fcb1f3d6a248a8,0.33028299725695,TGGTCAGCATGACCAGGGTGTGGCTCTGCTGTTCCCACACCAGGCGCCAGAAGTCACCCACTGTCTGTGGCAGGGGACCCTGGGTTGCAATGAACTCCTAGGGGCTCCAGAGACCCTGGTTGAGGAAGGCAGGCGGGTCAGGGGGGCCTTTAGTTGATCCCCGAGCTCTTATCTCTCCAGGCCTGCTGGGCACCCTTTCA,9911fac05e9b1a8b377c9e42d7e7453b93756ee0facd9dda7912270a30387f14,0.245138109333776,0.164889476386042,0.175474172773929,-199.331308529363,-228.07160117430607,-190.5238330780412,-216.40981021162588,-2.8543155113583794,1.0,0.164889476386042,0.0,3,0.17572387506420128,0.18106719778262317,0.1474303780702046,0.13350641905187222,1.0
chr19:55697766:T:A;chr19:55697795:G:C;var1;middle;OL31|K562|de9cb20ebd4add53,chr19:55697766:T:A;chr19:55697795:G:C;var1;middle;OL31,K562,K562_region_01182,100,129,29,CACCCACTGTCTGTGGCAGGGGACCCTGGGTTGCAATGAACTCCTGGGGGCTCCAGAGACCCTGGTTGAGGAAGGCAGGCGGGTCAGGGGGGCCTTTAGTTGATCCCCGAGCTCTTATCTCTCCAGGCGTGCTGGGCACCCTTTCAATCCCAACCACGACCTTACGGGCATGAAGCTGGCATTGATGTAGTCAGAGCCTG,1187ea0b3b63c9e28980f66461e3020b1207554bd056dc5c102e35a2736b33b3,0.0,CACCCACTGTCTGTGGCAGGGGACCCTGGGTTGCAATGAACTCCTGGGGGCTCCAGAGACCCTGGTTGAGGAAGGCAGGCGGGTCAGGGGGGCCTTTAGATGATCCCCGAGCTCTTATCTCTCCAGGCGTGCTGGGCACCCTTTCAATCCCAACCACGACCTTACGGGCATGAAGCTGGCATTGATGTAGTCAGAGCCTG,515a079def9b967a1ac8a0765b2044335f79e872a0da7097f6d01061e0cc7935,0.393550243957199,CACCCACTGTCTGTGGCAGGGGACCCTGGGTTGCAATGAACTCCTGGGGGCTCCAGAGACCCTGGTTGAGGAAGGCAGGCGGGTCAGGGGGGCCTTTAGTTGATCCCCGAGCTCTTATCTCTCCAGGCCTGCTGGGCACCCTTTCAATCCCAACCACGACCTTACGGGCATGAAGCTGGCATTGATGTAGTCAGAGCCTG,fc8e027c9661fcb4bfe6aca0db7dd845bf59864245fd4edda24a12c1ef56511c,0.252841096927706,CACCCACTGTCTGTGGCAGGGGACCCTGGGTTGCAATGAACTCCTGGGGGCTCCAGAGACCCTGGTTGAGGAAGGCAGGCGGGTCAGGGGGGCCTTTAGATGATCCCCGAGCTCTTATCTCTCCAGGCCTGCTGGGCACCCTTTCAATCCCAACCACGACCTTACGGGCATGAAGCTGGCATTGATGTAGTCAGAGCCTG,de9cb20ebd4add5318cfbfe066ed605a078294bd1facb1bf117bf8678e40f0f7,0.414539492584565,0.23185184830034,0.269580530786608,-323.79021747782826,-326.8425818178803,-320.5738114519045,-322.6315309321508,-0.9946448598057032,1.0,0.23185184830034,0.0,3,0.17946959656119035,0.18106719778262317,0.1474303780702046,0.13951822994554416,1.0
chr19:55698165:A:C;chr19:55698211:A:G;var1;middle;OL27|K562|6ca95b47900a7ac5,chr19:55698165:A:C;chr19:55698211:A:G;var1;middle;OL27,K562,K562_region_01183,100,146,46,ACTGAGAGGGGCGGAGGGACCTCAGCTGCAGGGAGCAGGCCAGGAGGACTCTCAAAGGGACCCACAGCCGGGTGCAGTGACTCACACCTGTAATCCCAGAACTTTGGGAGGCTGAGGTGGGTGGATCACCTGAGGTCAGGAATTTAAGACCAGCCTGGCCAACATGGTGAAACCCGGTCGCCATTAAAAATACAAAAATT,60e04618a60c158dc0b38878b3a634d691aac821742c6089a9b1898be05823d0,0.0,ACTGAGAGGGGCGGAGGGACCTCAGCTGCAGGGAGCAGGCCAGGAGGACTCTCAAAGGGACCCACAGCCGGGTGCAGTGACTCACACCTGTAATCCCAGCACTTTGGGAGGCTGAGGTGGGTGGATCACCTGAGGTCAGGAATTTAAGACCAGCCTGGCCAACATGGTGAAACCCGGTCGCCATTAAAAATACAAAAATT,751de9e0f39e29544fd0d7b24020d9d6a6c1d2c4048ed74201735074c90aca87,0.0614703427476273,ACTGAGAGGGGCGGAGGGACCTCAGCTGCAGGGAGCAGGCCAGGAGGACTCTCAAAGGGACCCACAGCCGGGTGCAGTGACTCACACCTGTAATCCCAGAACTTTGGGAGGCTGAGGTGGGTGGATCACCTGAGGTCAGGAATTTGAGACCAGCCTGGCCAACATGGTGAAACCCGGTCGCCATTAAAAATACAAAAATT,f9e25365acc1a1a73fbf387752b732ca2975f11c4796b658ac9815d4d23ebab1,-0.0539617501755308,ACTGAGAGGGGCGGAGGGACCTCAGCTGCAGGGAGCAGGCCAGGAGGACTCTCAAAGGGACCCACAGCCGGGTGCAGTGACTCACACCTGTAATCCCAGCACTTTGGGAGGCTGAGGTGGGTGGATCACCTGAGGTCAGGAATTTGAGACCAGCCTGGCCAACATGGTGAAACCCGGTCGCCATTAAAAATACAAAAATT,6ca95b47900a7ac5ecad1676bbfe379161a77c3222109b5eb305ef661bc3617f,-0.001375011837848,-0.0088836044099444,0.175858162244218,-134.5978601486422,-129.08913519373164,-130.29816927900538,-124.7501415796578,0.039302744437009096,-1.0,0.0088836044099444,0.0,0,0.18582653406795266,0.18565657667894103,0.15145376406925343,0.43331436200170204,1.0
chr19:55698165:A:C;chr19:55698245:G:A;var1;middle;OL27|K562|c826d9e54d921700,chr19:55698165:A:C;chr19:55698245:G:A;var1;middle;OL27,K562,K562_region_01183,100,180,80,ACTGAGAGGGGCGGAGGGACCTCAGCTGCAGGGAGCAGGCCAGGAGGACTCTCAAAGGGACCCACAGCCGGGTGCAGTGACTCACACCTGTAATCCCAGAACTTTGGGAGGCTGAGGTGGGTGGATCACCTGAGGTCAGGAATTTAAGACCAGCCTGGCCAACATGGTGAAACCCGGTCGCCATTAAAAATACAAAAATT,60e04618a60c158dc0b38878b3a634d691aac821742c6089a9b1898be05823d0,0.0,ACTGAGAGGGGCGGAGGGACCTCAGCTGCAGGGAGCAGGCCAGGAGGACTCTCAAAGGGACCCACAGCCGGGTGCAGTGACTCACACCTGTAATCCCAGCACTTTGGGAGGCTGAGGTGGGTGGATCACCTGAGGTCAGGAATTTAAGACCAGCCTGGCCAACATGGTGAAACCCGGTCGCCATTAAAAATACAAAAATT,751de9e0f39e29544fd0d7b24020d9d6a6c1d2c4048ed74201735074c90aca87,0.0626355683945069,ACTGAGAGGGGCGGAGGGACCTCAGCTGCAGGGAGCAGGCCAGGAGGACTCTCAAAGGGACCCACAGCCGGGTGCAGTGACTCACACCTGTAATCCCAGAACTTTGGGAGGCTGAGGTGGGTGGATCACCTGAGGTCAGGAATTTAAGACCAGCCTGGCCAACATGGTGAAACCCGGTCACCATTAAAAATACAAAAATT,4ace61954420979a193320ea66aa1a3db34e39675bcfab9996591d38c330f990,0.133801842666591,ACTGAGAGGGGCGGAGGGACCTCAGCTGCAGGGAGCAGGCCAGGAGGACTCTCAAAGGGACCCACAGCCGGGTGCAGTGACTCACACCTGTAATCCCAGCACTTTGGGAGGCTGAGGTGGGTGGATCACCTGAGGTCAGGAATTTAAGACCAGCCTGGCCAACATGGTGAAACCCGGTCACCATTAAAAATACAAAAATT,c826d9e54d921700887097410326e61c307ba6c30dc6552148336ac19629e328,-0.23809038455299,0.4345277956140879,0.219320389966817,-134.5978601486422,-129.08913519373164,-132.72422834765166,-127.2405882626772,0.0250848699361228,1.0,0.4345277956140879,0.0,0,0.1858082727948242,0.18565657667894103,0.15145376406925343,0.4003532582319137,1.0
chr19:55698211:A:G;chr19:55698245:G:A;var1;middle;OL27|K562|ac184f0eba5ff9f3,chr19:55698211:A:G;chr19:55698245:G:A;var1;middle;OL27,K562,K562_region_01183,100,134,34,GACTCTCAAAGGGACCCACAGCCGGGTGCAGTGACTCACACCTGTAATCCCAGAACTTTGGGAGGCTGAGGTGGGTGGATCACCTGAGGTCAGGAATTTAAGACCAGCCTGGCCAACATGGTGAAACCCGGTCGCCATTAAAAATACAAAAATTAGCCAGGCATGGTGGCGGGCGCCTGTAGTCCCAGCTACTAGGGAGG,6b44102f32a60d1c242125ccedcba68d7ff59fb52871d3d4a91bc8c0d03a5df0,0.0,GACTCTCAAAGGGACCCACAGCCGGGTGCAGTGACTCACACCTGTAATCCCAGAACTTTGGGAGGCTGAGGTGGGTGGATCACCTGAGGTCAGGAATTTGAGACCAGCCTGGCCAACATGGTGAAACCCGGTCGCCATTAAAAATACAAAAATTAGCCAGGCATGGTGGCGGGCGCCTGTAGTCCCAGCTACTAGGGAGG,461aeb5ad19d25e64603c56f1d01c7a434bdd711f3365058d01b0c2c02717134,0.386853292747018,GACTCTCAAAGGGACCCACAGCCGGGTGCAGTGACTCACACCTGTAATCCCAGAACTTTGGGAGGCTGAGGTGGGTGGATCACCTGAGGTCAGGAATTTAAGACCAGCCTGGCCAACATGGTGAAACCCGGTCACCATTAAAAATACAAAAATTAGCCAGGCATGGTGGCGGGCGCCTGTAGTCCCAGCTACTAGGGAGG,66463b9fa856e16c8ddefba70eb46ce29569ec0cc8ab6a9f1b9ed7bccef191cd,0.0977716185336612,GACTCTCAAAGGGACCCACAGCCGGGTGCAGTGACTCACACCTGTAATCCCAGAACTTTGGGAGGCTGAGGTGGGTGGATCACCTGAGGTCAGGAATTTGAGACCAGCCTGGCCAACATGGTGAAACCCGGTCACCATTAAAAATACAAAAATTAGCCAGGCATGGTGGCGGGCGCCTGTAGTCCCAGCTACTAGGGAGG,ac184f0eba5ff9f365a42f3c12b40fc77acd0872301c5464e3edea4a226903c8,0.772268499837861,-0.2876435885571818,0.236898374175122,-89.68066517217085,-84.57635156624019,-88.83992679137737,-83.73160482617095,-0.0040083592757582664,1.0,-0.2876435885571818,0.0,0,0.18577090578861005,0.18565657667894103,0.15145376406925343,0.33719814578021357,1.0
chr19:55888095:C:T;chr19:55888156:C:T;var1;middle;OL41|K562|5dd024d3ede6851d,chr19:55888095:C:T;chr19:55888156:C:T;var1;middle;OL41,K562,K562_region_01184,100,161,61,CCTGAGACGCCCCCACTCTTCCACCAGGTCCCTAAAGAATCAACACCCTAGACCAGGCATGGCCAGGCTGGTGTGAAGCCCTTCCACGTCCGTAGCACACCCCTGACTCCCTAGCAACAGAACTCACAATCCTGGGGCCTGGCGGGCAGGCGGGCGGGGCCGGTTGCTGGGGTGATGTCCTGTAAGGCCTCTTCCCACAG,aa80cf5426f53ad5a827695efd77b73d9c22d8a43b6ad849dc6f4ad1248aca01,0.0,CCTGAGACGCCCCCACTCTTCCACCAGGTCCCTAAAGAATCAACACCCTAGACCAGGCATGGCCAGGCTGGTGTGAAGCCCTTCCACGTCCGTAGCACATCCCTGACTCCCTAGCAACAGAACTCACAATCCTGGGGCCTGGCGGGCAGGCGGGCGGGGCCGGTTGCTGGGGTGATGTCCTGTAAGGCCTCTTCCCACAG,a9e77a615e40f636538a60caea1619c5eae242cbc8d5daae90dc9eb5883727e1,-0.448013149030256,CCTGAGACGCCCCCACTCTTCCACCAGGTCCCTAAAGAATCAACACCCTAGACCAGGCATGGCCAGGCTGGTGTGAAGCCCTTCCACGTCCGTAGCACACCCCTGACTCCCTAGCAACAGAACTCACAATCCTGGGGCCTGGCGGGCAGGCGGGCGGGGCTGGTTGCTGGGGTGATGTCCTGTAAGGCCTCTTCCCACAG,d81b653970d1cc4184f29a9edf8df4993d6f31dcb1fcfeba29201302afdb9dee,-0.0579752879885461,CCTGAGACGCCCCCACTCTTCCACCAGGTCCCTAAAGAATCAACACCCTAGACCAGGCATGGCCAGGCTGGTGTGAAGCCCTTCCACGTCCGTAGCACATCCCTGACTCCCTAGCAACAGAACTCACAATCCTGGGGCCTGGCGGGCAGGCGGGCGGGGCTGGTTGCTGGGGTGATGTCCTGTAAGGCCTCTTCCCACAG,5dd024d3ede6851df80b1608296629a7c43dce987233c6b8a49e94c2fbd05af5,-0.400564016561012,0.1054244204577901,0.467310582958344,-291.9436931340024,-286.5456713633612,-313.52717843372375,-303.6937901992351,4.435366463847458,-1.0,-0.1054244204577901,0.0,0,0.19147278732931036,0.18565657667894103,0.15145376406925343,0.30160083784341063,1.0
chr19:56004012:T:C;chr19:56004080:G:C;var1;middle;OL41|K562|9f0b9820018d22ac,chr19:56004012:T:C;chr19:56004080:G:C;var1;middle;OL41,K562,K562_region_01185,100,168,68,CCGGGAGGGAGACGCTCCCCTCCCCTGTCTGCAGATGAGGAAAAGCAGACAGGTGTGTTAGACTCCTCCCTAGTTCTGTGCTCTTCTCTAGAACAGTGATTGGGGGCAATTCTGCACCTGCCTCGTTGGGGGACAGAGAGAGGGACTCCAGAGTCCTCCAATGATGAGTCAACTCTTACCCCAACAGAAATGTACCCGAA,97d8a97297e2dc45456b56b14f99bd190b1d126fa93023b499a0120ec1335fac,0.0,CCGGGAGGGAGACGCTCCCCTCCCCTGTCTGCAGATGAGGAAAAGCAGACAGGTGTGTTAGACTCCTCCCTAGTTCTGTGCTCTTCTCTAGAACAGTGACTGGGGGCAATTCTGCACCTGCCTCGTTGGGGGACAGAGAGAGGGACTCCAGAGTCCTCCAATGATGAGTCAACTCTTACCCCAACAGAAATGTACCCGAA,657760cc7c887ee920c8fdfee9836b2f41de3188ff92e7ec929f0c107e12f187,0.531984204761632,CCGGGAGGGAGACGCTCCCCTCCCCTGTCTGCAGATGAGGAAAAGCAGACAGGTGTGTTAGACTCCTCCCTAGTTCTGTGCTCTTCTCTAGAACAGTGATTGGGGGCAATTCTGCACCTGCCTCGTTGGGGGACAGAGAGAGGGACTCCAGAGTCCTCCAATGATGACTCAACTCTTACCCCAACAGAAATGTACCCGAA,41725f3501d70dac186425979a6f6433d7eba8012474208e927a98868fb57b6b,0.373844121419488,CCGGGAGGGAGACGCTCCCCTCCCCTGTCTGCAGATGAGGAAAAGCAGACAGGTGTGTTAGACTCCTCCCTAGTTCTGTGCTCTTCTCTAGAACAGTGACTGGGGGCAATTCTGCACCTGCCTCGTTGGGGGACAGAGAGAGGGACTCCAGAGTCCTCCAATGATGACTCAACTCTTACCCCAACAGAAATGTACCCGAA,9f0b9820018d22ac36d57a9b384cc34562e8b3cd065030d0fba861d6186ab690,0.578215025197947,0.327613300983173,0.379145750439629,-297.39989260118455,-307.57701402902603,-302.65589540218934,-306.5001977616921,-6.332819068338722,1.0,0.327613300983173,0.0,0,0.17764225470723888,0.18565657667894103,0.15145376406925343,0.23303048189023412,1.0
chr19:56004080:G:C;chr19:56004135:A:C;var1;middle;OL41|K562|74f96bde4670c714,chr19:56004080:G:C;chr19:56004135:A:C;var1;middle;OL41,K562,K562_region_01185,100,155,55,CCTAGTTCTGTGCTCTTCTCTAGAACAGTGATTGGGGGCAATTCTGCACCTGCCTCGTTGGGGGACAGAGAGAGGGACTCCAGAGTCCTCCAATGATGAGTCAACTCTTACCCCAACAGAAATGTACCCGAAGAGCCAGGCATGGTTACAGGCTAACACCTGTAGCCCACGTGCTTTGGGAGGATTTCTTGAGGCCAGGA,09ea244304da43c03182c9147bc954435f860e81998f7b0759359cb15391e12c,0.0,CCTAGTTCTGTGCTCTTCTCTAGAACAGTGATTGGGGGCAATTCTGCACCTGCCTCGTTGGGGGACAGAGAGAGGGACTCCAGAGTCCTCCAATGATGACTCAACTCTTACCCCAACAGAAATGTACCCGAAGAGCCAGGCATGGTTACAGGCTAACACCTGTAGCCCACGTGCTTTGGGAGGATTTCTTGAGGCCAGGA,8e264cbdcb74073e3535db1b11da735f43a914e028c9c30e3ad5c37673379953,0.36206226232042,CCTAGTTCTGTGCTCTTCTCTAGAACAGTGATTGGGGGCAATTCTGCACCTGCCTCGTTGGGGGACAGAGAGAGGGACTCCAGAGTCCTCCAATGATGAGTCAACTCTTACCCCAACAGAAATGTACCCGAAGAGCCAGGCATGGTTACAGGCTCACACCTGTAGCCCACGTGCTTTGGGAGGATTTCTTGAGGCCAGGA,ffa93e28a1f53fad5d4c8d6c693916f55d6b7dc5608b0f6c09cb3e1d616b6293,0.196216419550891,CCTAGTTCTGTGCTCTTCTCTAGAACAGTGATTGGGGGCAATTCTGCACCTGCCTCGTTGGGGGACAGAGAGAGGGACTCCAGAGTCCTCCAATGATGACTCAACTCTTACCCCAACAGAAATGTACCCGAAGAGCCAGGCATGGTTACAGGCTCACACCTGTAGCCCACGTGCTTTGGGAGGATTTCTTGAGGCCAGGA,74f96bde4670c714094b1384a17f8d05c0cef1a7262474eed1774c8ccf86c355,0.155823718736975,0.402454963134336,0.319680105310508,-379.2355737350881,-359.7908544689417,-311.1069148154929,-286.9083069888875,-4.753888560459018,1.0,0.402454963134336,0.0,0,0.17967021474116865,0.18565657667894103,0.15145376406925343,0.2464694963924287,1.0
chr19:56368765:C:T;chr19:56368812:G:T;var1;middle;OL41|K562|ef868d42fffabfca,chr19:56368765:C:T;chr19:56368812:G:T;var1;middle;OL41,K562,K562_region_01186,100,147,47,GTCAAACTTTACGTAGTAGCAATGAATGTGTGTGTGTGTGTGTGTGTGTGTGTGTGTGTCTATTGAAAGCAGAAGTTGTCAACCTTTTTGTGTAGAGGACCATATGGTTTCCATTTTAGGCTTTGTGAGTCATACGGTCTCTCATAGCTGTTCAGCTCTGCTATTCAATCAGGAAGGCTCCTGTAGACAATATACCCGTG,09084c03c624e1c62aad94547d97f9e7ec563df03cf3a8118aef8caa6475e6b2,0.0,GTCAAACTTTACGTAGTAGCAATGAATGTGTGTGTGTGTGTGTGTGTGTGTGTGTGTGTCTATTGAAAGCAGAAGTTGTCAACCTTTTTGTGTAGAGGATCATATGGTTTCCATTTTAGGCTTTGTGAGTCATACGGTCTCTCATAGCTGTTCAGCTCTGCTATTCAATCAGGAAGGCTCCTGTAGACAATATACCCGTG,2899792f008d4f1afdba9e3c718a238f601cf904627e616c81ba620953c2d90c,0.0703411682227257,GTCAAACTTTACGTAGTAGCAATGAATGTGTGTGTGTGTGTGTGTGTGTGTGTGTGTGTCTATTGAAAGCAGAAGTTGTCAACCTTTTTGTGTAGAGGACCATATGGTTTCCATTTTAGGCTTTGTGAGTCATACGGTCTCTCATATCTGTTCAGCTCTGCTATTCAATCAGGAAGGCTCCTGTAGACAATATACCCGTG,97da52f829c30e7a89ff3c4406092884f1248f37f5ec7e950ee774f8aa9c863f,0.779616419794314,GTCAAACTTTACGTAGTAGCAATGAATGTGTGTGTGTGTGTGTGTGTGTGTGTGTGTGTCTATTGAAAGCAGAAGTTGTCAACCTTTTTGTGTAGAGGATCATATGGTTTCCATTTTAGGCTTTGTGAGTCATACGGTCTCTCATATCTGTTCAGCTCTGCTATTCAATCAGGAAGGCTCCTGTAGACAATATACCCGTG,ef868d42fffabfca4e6fbe3e1c1f384184a004ab441ae8e4f577b98287235573,0.808971816004761,0.0409857720122787,0.134486412022312,-315.5312388072489,-309.1525029706536,-300.23631870979443,-293.2539642644115,-0.6036186087876558,1.0,0.0409857720122787,0.0,3,0.1802571959315963,0.18106719778262317,0.1474303780702046,0.08412202008482883,1.0
chr19:56368812:G:T;chr19:56368863:G:A;var1;middle;OL41|K562|86488183f6162e8b,chr19:56368812:G:T;chr19:56368863:G:A;var1;middle;OL41,K562,K562_region_01186,100,151,51,GTGTGTGTGTGTCTATTGAAAGCAGAAGTTGTCAACCTTTTTGTGTAGAGGACCATATGGTTTCCATTTTAGGCTTTGTGAGTCATACGGTCTCTCATAGCTGTTCAGCTCTGCTATTCAATCAGGAAGGCTCCTGTAGACAATATACCCGTGAATGGTGTAGTGAGTTCTAATGAAACTTTATTTACAAGAGGAGACTG,8a401f29fd726a26b7bf7db06cc35c867f0f6cc7a04d8b66077670817a71afac,0.0,GTGTGTGTGTGTCTATTGAAAGCAGAAGTTGTCAACCTTTTTGTGTAGAGGACCATATGGTTTCCATTTTAGGCTTTGTGAGTCATACGGTCTCTCATATCTGTTCAGCTCTGCTATTCAATCAGGAAGGCTCCTGTAGACAATATACCCGTGAATGGTGTAGTGAGTTCTAATGAAACTTTATTTACAAGAGGAGACTG,49c3ebe76e9d3fb819275fb9b31a0e5de7b9b2c613da68c60c5e81a5aa04d6c8,0.755415325341372,GTGTGTGTGTGTCTATTGAAAGCAGAAGTTGTCAACCTTTTTGTGTAGAGGACCATATGGTTTCCATTTTAGGCTTTGTGAGTCATACGGTCTCTCATAGCTGTTCAGCTCTGCTATTCAATCAGGAAGGCTCCTGTAGACAATATACCCATGAATGGTGTAGTGAGTTCTAATGAAACTTTATTTACAAGAGGAGACTG,0e11651cc3b1df3229fb5661d715696d3409d0d3272c4c55be11b336784e7ddd,-0.314547668838107,GTGTGTGTGTGTCTATTGAAAGCAGAAGTTGTCAACCTTTTTGTGTAGAGGACCATATGGTTTCCATTTTAGGCTTTGTGAGTCATACGGTCTCTCATATCTGTTCAGCTCTGCTATTCAATCAGGAAGGCTCCTGTAGACAATATACCCATGAATGGTGTAGTGAGTTCTAATGAAACTTTATTTACAAGAGGAGACTG,86488183f6162e8be40a7a22b2b70dfc514c03c5717164128f387961920dd9ff,0.556318105203056,0.1154504486997909,0.170349891563022,-350.0546446843073,-343.7263981772121,-359.464415760478,-348.3577071550535,4.778462098329328,-1.0,-0.1154504486997909,0.0,3,0.19109770437665158,0.18106719778262317,0.1474303780702046,-0.019074700182671933,1.0
chr19:57182549:G:T;chr19:57182605:G:C;var1;middle;OL41|K562|f4e00351780f2282,chr19:57182549:G:T;chr19:57182605:G:C;var1;middle;OL41,K562,K562_region_01187,100,156,56,CACACACCTGCAAGGCCTGGCACCGCCGAGTGAGCAGGTACAGACACAGTGATGGGCTGGCACCGCCAAGTGAGCAGGGGCAGACGCTGTGACACTCAGGGACGGGCTCACAGGCAGTCACACACCTGCACCTGCTGGTACCGTCGAGTGAGCAGGTGCAGACGCTGTGACACTCAGGGACAGGCTCACAGCCAGTCACA,5d41af8ff3c4bb2b790362f0275bbd7652a3e5257a7ad8d5854555f356378d60,0.0,CACACACCTGCAAGGCCTGGCACCGCCGAGTGAGCAGGTACAGACACAGTGATGGGCTGGCACCGCCAAGTGAGCAGGGGCAGACGCTGTGACACTCAGTGACGGGCTCACAGGCAGTCACACACCTGCACCTGCTGGTACCGTCGAGTGAGCAGGTGCAGACGCTGTGACACTCAGGGACAGGCTCACAGCCAGTCACA,549c63c307c968a9c82b19d03eb8fdd5f5f2afd3db2b758962e3b74ec123ae02,-0.0132972615567634,CACACACCTGCAAGGCCTGGCACCGCCGAGTGAGCAGGTACAGACACAGTGATGGGCTGGCACCGCCAAGTGAGCAGGGGCAGACGCTGTGACACTCAGGGACGGGCTCACAGGCAGTCACACACCTGCACCTGCTGGTACCGTCGAGTGAGCAGCTGCAGACGCTGTGACACTCAGGGACAGGCTCACAGCCAGTCACA,37f6658416a30ce15078b4c18327c259d07b229d31e88f9f3b63569ebabf364c,0.349601739687749,CACACACCTGCAAGGCCTGGCACCGCCGAGTGAGCAGGTACAGACACAGTGATGGGCTGGCACCGCCAAGTGAGCAGGGGCAGACGCTGTGACACTCAGTGACGGGCTCACAGGCAGTCACACACCTGCACCTGCTGGTACCGTCGAGTGAGCAGCTGCAGACGCTGTGACACTCAGGGACAGGCTCACAGCCAGTCACA,f4e00351780f2282cc8ebc4d11231366d58f0606fd44423999199d6125f32337,0.453906262949532,0.1176017848185464,0.343810108473605,-204.36513207410465,-211.20797239243984,-215.49208009359427,-218.5520237390884,3.782896672841048,-1.0,-0.1176017848185464,0.0,0,0.19063476269624127,0.18565657667894103,0.15145376406925343,0.2729488305723109,1.0
chr19:57183083:T:G;chr19:57183129:G:T;var1;middle;OL41|K562|4f9feeb5d9034278,chr19:57183083:T:G;chr19:57183129:G:T;var1;middle;OL41,K562,K562_region_01188,100,146,46,CCGGCCCCCTCCTAGCCTGGTGCAGTCGGCTCCGCTTCTACTCAGTCTCGGGTCCTCCTGGGCCAACGCAGACCCTGGTGCCTCCTTCCTTAGACGAGCTAAGGTCAAGACTTCTGCTGCTGCGGAGGAGCCCGCGCACCAGGCCGGGGTGGACTGCGCCTGCGCATCGGGCCCGCCTGGTTCTTAGGAACTACGACTCC,630b0792cb0bbd547fe6be7b9198c0f250b7aa498ff6bf0d68cd02dd9b8ea247,0.0,CCGGCCCCCTCCTAGCCTGGTGCAGTCGGCTCCGCTTCTACTCAGTCTCGGGTCCTCCTGGGCCAACGCAGACCCTGGTGCCTCCTTCCTTAGACGAGCGAAGGTCAAGACTTCTGCTGCTGCGGAGGAGCCCGCGCACCAGGCCGGGGTGGACTGCGCCTGCGCATCGGGCCCGCCTGGTTCTTAGGAACTACGACTCC,7107ebe041a85ff5ef388c1330a0dfd3c7297a208533ef686909fc2186e48c94,0.19360507997052,CCGGCCCCCTCCTAGCCTGGTGCAGTCGGCTCCGCTTCTACTCAGTCTCGGGTCCTCCTGGGCCAACGCAGACCCTGGTGCCTCCTTCCTTAGACGAGCTAAGGTCAAGACTTCTGCTGCTGCGGAGGAGCCCGCGCACCAGGCCTGGGTGGACTGCGCCTGCGCATCGGGCCCGCCTGGTTCTTAGGAACTACGACTCC,27038123c935aa5539da3ba6cc93f9072637bff59814f80259115a8954264051,-0.209772990851647,CCGGCCCCCTCCTAGCCTGGTGCAGTCGGCTCCGCTTCTACTCAGTCTCGGGTCCTCCTGGGCCAACGCAGACCCTGGTGCCTCCTTCCTTAGACGAGCGAAGGTCAAGACTTCTGCTGCTGCGGAGGAGCCCGCGCACCAGGCCTGGGTGGACTGCGCCTGCGCATCGGGCCCGCCTGGTTCTTAGGAACTACGACTCC,4f9feeb5d9034278cf3308f1d6c34b7037f3d3a37f8a290af41b64355a4fbb55,0.366489490075824,0.382657400956951,0.234121546918146,-258.27551147155464,-272.03848089650273,-255.4559800773859,-253.006686873734,16.2122626286,-1.0,-0.382657400956951,0.0,2,0.1988008335482158,0.17490732828716207,0.146091925319964,0.20345503053500683,1.0
chr19:57678194:G:A;chr19:57678212:A:G;var1;middle;OL33|K562|0977fb85c5cbcb7d,chr19:57678194:G:A;chr19:57678212:A:G;var1;middle;OL33,K562,K562_region_01189,100,118,18,ATCTAATGAGATGGACCAAGAAATGGTCAGATTCCTTAAATATTTGAATGTTAAAGCCATCAGAATGTCCAGCCTGACTGTGTTATGGGGGAAAAAATGGAGTCAGGGGTGTTTTCTAGATATGAGGCATGACCTGGCACCTCCTGAGCTGGAGAAAACAGTGCGAGGAATAGTTTAGATATGAACATAGGGAATTCAGT,c31acb71ef0edf5f3c0ca739360a8a501a81ce4942ec39cd9e28fb9f0c405aff,0.0,ATCTAATGAGATGGACCAAGAAATGGTCAGATTCCTTAAATATTTGAATGTTAAAGCCATCAGAATGTCCAGCCTGACTGTGTTATGGGGGAAAAAATGAAGTCAGGGGTGTTTTCTAGATATGAGGCATGACCTGGCACCTCCTGAGCTGGAGAAAACAGTGCGAGGAATAGTTTAGATATGAACATAGGGAATTCAGT,7c33ac417b28c07b7c9721cd1e3d9d4dae4ebe57bb9c6a2cfc7eb8fd98030fc5,0.121285806130819,ATCTAATGAGATGGACCAAGAAATGGTCAGATTCCTTAAATATTTGAATGTTAAAGCCATCAGAATGTCCAGCCTGACTGTGTTATGGGGGAAAAAATGGAGTCAGGGGTGTTTTCTGGATATGAGGCATGACCTGGCACCTCCTGAGCTGGAGAAAACAGTGCGAGGAATAGTTTAGATATGAACATAGGGAATTCAGT,3b47eb4c65b391bb9c049710e8a4c39a817513cf793bdf6c292f79ceea0004ca,0.0316470909247342,ATCTAATGAGATGGACCAAGAAATGGTCAGATTCCTTAAATATTTGAATGTTAAAGCCATCAGAATGTCCAGCCTGACTGTGTTATGGGGGAAAAAATGAAGTCAGGGGTGTTTTCTGGATATGAGGCATGACCTGGCACCTCCTGAGCTGGAGAAAACAGTGCGAGGAATAGTTTAGATATGAACATAGGGAATTCAGT,0977fb85c5cbcb7d6616d96360a8be738036de73703c711fc5743c9e3567e0c7,0.0544562361243621,0.0984766609311911,0.149168838064972,-256.09818445146084,-254.93191438913345,-255.5944337546825,-252.27750505506992,-2.1506586372852325,1.0,0.0984766609311911,0.0,0,0.1830137730656042,0.18565657667894103,0.15145376406925343,0.29482709072316626,1.0
chr19:57678194:G:A;chr19:57678258:C:T;var1;middle;OL33|K562|0d59a0e17b970a10,chr19:57678194:G:A;chr19:57678258:C:T;var1;middle;OL33,K562,K562_region_01189,100,164,64,ATCTAATGAGATGGACCAAGAAATGGTCAGATTCCTTAAATATTTGAATGTTAAAGCCATCAGAATGTCCAGCCTGACTGTGTTATGGGGGAAAAAATGGAGTCAGGGGTGTTTTCTAGATATGAGGCATGACCTGGCACCTCCTGAGCTGGAGAAAACAGTGCGAGGAATAGTTTAGATATGAACATAGGGAATTCAGT,c31acb71ef0edf5f3c0ca739360a8a501a81ce4942ec39cd9e28fb9f0c405aff,0.0,ATCTAATGAGATGGACCAAGAAATGGTCAGATTCCTTAAATATTTGAATGTTAAAGCCATCAGAATGTCCAGCCTGACTGTGTTATGGGGGAAAAAATGAAGTCAGGGGTGTTTTCTAGATATGAGGCATGACCTGGCACCTCCTGAGCTGGAGAAAACAGTGCGAGGAATAGTTTAGATATGAACATAGGGAATTCAGT,7c33ac417b28c07b7c9721cd1e3d9d4dae4ebe57bb9c6a2cfc7eb8fd98030fc5,0.12127673862049,ATCTAATGAGATGGACCAAGAAATGGTCAGATTCCTTAAATATTTGAATGTTAAAGCCATCAGAATGTCCAGCCTGACTGTGTTATGGGGGAAAAAATGGAGTCAGGGGTGTTTTCTAGATATGAGGCATGACCTGGCACCTCCTGAGCTGGAGAAAACAGTGTGAGGAATAGTTTAGATATGAACATAGGGAATTCAGT,d851daff5e8a94851dbadc377c176143be831ac53c810e5fc05fc719c1406fd1,0.303931808933377,ATCTAATGAGATGGACCAAGAAATGGTCAGATTCCTTAAATATTTGAATGTTAAAGCCATCAGAATGTCCAGCCTGACTGTGTTATGGGGGAAAAAATGAAGTCAGGGGTGTTTTCTAGATATGAGGCATGACCTGGCACCTCCTGAGCTGGAGAAAACAGTGTGAGGAATAGTTTAGATATGAACATAGGGAATTCAGT,0d59a0e17b970a10ef4371717c0544652868b1f8c3ce7e66107cdee933da559c,0.214647384327791,0.210561163226076,0.147739977081311,-256.09818445146084,-254.93191438913345,-250.22397802770132,-249.24453587830067,0.18682791292673073,1.0,0.210561163226076,0.0,0,0.18601601368355503,0.18565657667894103,0.15145376406925343,0.2036175326576088,1.0
chr19:57678212:A:G;chr19:57678258:C:T;var1;middle;OL33|K562|bf0e301a77146792,chr19:57678212:A:G;chr19:57678258:C:T;var1;middle;OL33,K562,K562_region_01189,100,146,46,AGAAATGGTCAGATTCCTTAAATATTTGAATGTTAAAGCCATCAGAATGTCCAGCCTGACTGTGTTATGGGGGAAAAAATGGAGTCAGGGGTGTTTTCTAGATATGAGGCATGACCTGGCACCTCCTGAGCTGGAGAAAACAGTGCGAGGAATAGTTTAGATATGAACATAGGGAATTCAGTTTTTGGAACACATTGAGT,16f82b84e4a3646ce225646e231e07b1ff6349fa8bb97ce9c504f2c4a6218811,0.0,AGAAATGGTCAGATTCCTTAAATATTTGAATGTTAAAGCCATCAGAATGTCCAGCCTGACTGTGTTATGGGGGAAAAAATGGAGTCAGGGGTGTTTTCTGGATATGAGGCATGACCTGGCACCTCCTGAGCTGGAGAAAACAGTGCGAGGAATAGTTTAGATATGAACATAGGGAATTCAGTTTTTGGAACACATTGAGT,7ef6c36f0fcc83fbb7bafc219ff553d3c2e69489a95b4af38da28e67940cb401,-0.13243452488564,AGAAATGGTCAGATTCCTTAAATATTTGAATGTTAAAGCCATCAGAATGTCCAGCCTGACTGTGTTATGGGGGAAAAAATGGAGTCAGGGGTGTTTTCTAGATATGAGGCATGACCTGGCACCTCCTGAGCTGGAGAAAACAGTGTGAGGAATAGTTTAGATATGAACATAGGGAATTCAGTTTTTGGAACACATTGAGT,ebb7365b30d00ed12a6ce3f75b3528296149c6105694b3b5ff0b80806d2b8749,-0.0263162402623602,AGAAATGGTCAGATTCCTTAAATATTTGAATGTTAAAGCCATCAGAATGTCCAGCCTGACTGTGTTATGGGGGAAAAAATGGAGTCAGGGGTGTTTTCTGGATATGAGGCATGACCTGGCACCTCCTGAGCTGGAGAAAACAGTGTGAGGAATAGTTTAGATATGAACATAGGGAATTCAGTTTTTGGAACACATTGAGT,bf0e301a771467920d666c65a825921be56defe0a7fd78d64068bf9512b5644e,-0.224242841126857,0.0654920759788567,0.130382324183496,-253.79795935750008,-262.2217800542712,-245.321788430214,-244.721952021122,-9.02365710586318,1.0,0.0654920759788567,0.0,0,0.17418617353669677,0.18565657667894103,0.15145376406925343,0.14473510875334547,1.0
chr19:57678258:C:T;chr19:57678336:C:T;var1;middle;OL33|K562|32be993ad60b4c8b,chr19:57678258:C:T;chr19:57678336:C:T;var1;middle;OL33,K562,K562_region_01189,100,178,78,ATGTCCAGCCTGACTGTGTTATGGGGGAAAAAATGGAGTCAGGGGTGTTTTCTAGATATGAGGCATGACCTGGCACCTCCTGAGCTGGAGAAAACAGTGCGAGGAATAGTTTAGATATGAACATAGGGAATTCAGTTTTTGGAACACATTGAGTCTGAGATGCCTGTTAGAGACAAGCAGGCAATTAGATGAAGTCCAAA,8642e593c853efeb81e779bfd5ef4098bc236edb58f5da6fcf66af2eb60f4d10,0.0,ATGTCCAGCCTGACTGTGTTATGGGGGAAAAAATGGAGTCAGGGGTGTTTTCTAGATATGAGGCATGACCTGGCACCTCCTGAGCTGGAGAAAACAGTGTGAGGAATAGTTTAGATATGAACATAGGGAATTCAGTTTTTGGAACACATTGAGTCTGAGATGCCTGTTAGAGACAAGCAGGCAATTAGATGAAGTCCAAA,fd06ef123b46f35ed2905480964e88d37317beae47f34ecd8f67e695ce793934,-0.0066911201210442,ATGTCCAGCCTGACTGTGTTATGGGGGAAAAAATGGAGTCAGGGGTGTTTTCTAGATATGAGGCATGACCTGGCACCTCCTGAGCTGGAGAAAACAGTGCGAGGAATAGTTTAGATATGAACATAGGGAATTCAGTTTTTGGAACACATTGAGTCTGAGATGCCTGTTAGAGACAAGTAGGCAATTAGATGAAGTCCAAA,0a4353a30e948101f27a5da5f7612ef625a43b4bb7ecbbcd0db2651f77494e22,0.0707189559058955,ATGTCCAGCCTGACTGTGTTATGGGGGAAAAAATGGAGTCAGGGGTGTTTTCTAGATATGAGGCATGACCTGGCACCTCCTGAGCTGGAGAAAACAGTGTGAGGAATAGTTTAGATATGAACATAGGGAATTCAGTTTTTGGAACACATTGAGTCTGAGATGCCTGTTAGAGACAAGTAGGCAATTAGATGAAGTCCAAA,32be993ad60b4c8bb27d562b0463ba52e0dbb86a3184b43746a2f7af1858aeca,-0.127807656226472,0.1918354920113233,0.20414786774649,-223.606150213629,-242.24133314564824,-222.58286902681,-248.7248157896101,7.506763830780869,1.0,0.1918354920113233,0.0,0,0.19541765448931117,0.18565657667894103,0.15145376406925343,-0.013044894235413385,1.0
chr19:58144519:C:G;chr19:58144548:G:C;var1;middle;OL41|K562|f0d41961215e2b3c,chr19:58144519:C:G;chr19:58144548:G:C;var1;middle;OL41,K562,K562_region_01190,100,129,29,TCGCAGCCTGGGGGAGACTACATTACCCAGAAAGCCTTGCGTCGAGCGGCAGTACTTTGATCCAATGAAAATCCAAGACAGGGGCATTTCCGTGTGGGTCTACCCCCGCCCCCCCCAGGGCGGGACTTGTGGCGTCTTCGCAGCGGTCATTTTGGCTGCCCTCCCGGAGGTCCGTTCTGTCTGTCAGCCGCTTTGGTACG,75e52385f599513b18cf12342c36ad2eae72171a278165aa62e7a23d3076cf6f,0.0,TCGCAGCCTGGGGGAGACTACATTACCCAGAAAGCCTTGCGTCGAGCGGCAGTACTTTGATCCAATGAAAATCCAAGACAGGGGCATTTCCGTGTGGGTGTACCCCCGCCCCCCCCAGGGCGGGACTTGTGGCGTCTTCGCAGCGGTCATTTTGGCTGCCCTCCCGGAGGTCCGTTCTGTCTGTCAGCCGCTTTGGTACG,99064de45831a9b512922aa3cfeeddeca31032f8d518b041f0ea24f90676b1be,0.0571798382554353,TCGCAGCCTGGGGGAGACTACATTACCCAGAAAGCCTTGCGTCGAGCGGCAGTACTTTGATCCAATGAAAATCCAAGACAGGGGCATTTCCGTGTGGGTCTACCCCCGCCCCCCCCAGGGCGGGACTTCTGGCGTCTTCGCAGCGGTCATTTTGGCTGCCCTCCCGGAGGTCCGTTCTGTCTGTCAGCCGCTTTGGTACG,9bb3cfe9fceaaf41331633b6fb91c7c41c1f64e04dc61574a15682852acc3ed4,0.292770666160522,TCGCAGCCTGGGGGAGACTACATTACCCAGAAAGCCTTGCGTCGAGCGGCAGTACTTTGATCCAATGAAAATCCAAGACAGGGGCATTTCCGTGTGGGTGTACCCCCGCCCCCCCCAGGGCGGGACTTCTGGCGTCTTCGCAGCGGTCATTTTGGCTGCCCTCCCGGAGGTCCGTTCTGTCTGTCAGCCGCTTTGGTACG,f0d41961215e2b3c632394f7396be94e812bd88bd113eb0234d8f1af878502e1,0.343449495886625,0.0065010085293323,0.142865168948759,-350.4050829211483,-347.4526915529277,-341.4641455837991,-336.04277427797206,-2.468979937606491,1.0,0.0065010085293323,0.0,0,0.18260492487894972,0.18565657667894103,0.15145376406925343,0.0806716377872618,1.0
chr19:58547449:C:A;chr19:58547516:G:A;var1;middle;OL41|K562|d78c527795cc5b70,chr19:58547449:C:A;chr19:58547516:G:A;var1;middle;OL41,K562,K562_region_01191,100,167,67,CCCGACACCATTTGGAGGAGATTCAGAGAAGTATGAACAGCACAAAGCACTTGGCCGCCCCCCATGGGCGTCTTCCCAGGACTCCCTTTCTATGACACTCACGCATCATCCTGCATCCCACGTTCCCTGTGCCTCATGTCATCTGTACATCATGTGTCTACTCCCCGTGGTCATGTCATAGTGTTGTGTACTGGGCACGG,2755b4d3bb14021c9c3c4d87ec86517b2625c5d9de460bd7a69c631ca5678346,0.0,CCCGACACCATTTGGAGGAGATTCAGAGAAGTATGAACAGCACAAAGCACTTGGCCGCCCCCCATGGGCGTCTTCCCAGGACTCCCTTTCTATGACACTAACGCATCATCCTGCATCCCACGTTCCCTGTGCCTCATGTCATCTGTACATCATGTGTCTACTCCCCGTGGTCATGTCATAGTGTTGTGTACTGGGCACGG,a8f6da8214f7801a1b9fa16d9a2feb6aa504af38ecee594ffd9e1a52a708f9b0,0.552311165268063,CCCGACACCATTTGGAGGAGATTCAGAGAAGTATGAACAGCACAAAGCACTTGGCCGCCCCCCATGGGCGTCTTCCCAGGACTCCCTTTCTATGACACTCACGCATCATCCTGCATCCCACGTTCCCTGTGCCTCATGTCATCTGTACATCATGTGTCTACTCCCCATGGTCATGTCATAGTGTTGTGTACTGGGCACGG,862095d4d600c5aa03d44dc0bb36072a13016128e910ab6a8c26d83f8fc3f3ff,0.907112918556493,CCCGACACCATTTGGAGGAGATTCAGAGAAGTATGAACAGCACAAAGCACTTGGCCGCCCCCCATGGGCGTCTTCCCAGGACTCCCTTTCTATGACACTAACGCATCATCCTGCATCCCACGTTCCCTGTGCCTCATGTCATCTGTACATCATGTGTCTACTCCCCATGGTCATGTCATAGTGTTGTGTACTGGGCACGG,d78c527795cc5b707faa43dbb398f1ed6281b97f989e9fd9cd2aed37929f20df,0.139798626326369,1.319625457498187,0.48022696331892,-330.2156999381259,-319.63542373944074,-344.79042564937845,-324.2016224563122,-10.0085269943811,1.0,1.319625457498187,0.0,2,0.16062124385863968,0.17490732828716207,0.146091925319964,0.022686374238174378,1.0
chr19:58572959:G:A;chr19:58572979:G:A;var1;middle;OL41|K562|33313d11bd9aba95,chr19:58572959:G:A;chr19:58572979:G:A;var1;middle;OL41,K562,K562_region_01192,100,120,20,GACCCAGCCTGGCTGGCATTTACCAGCTACCCCACCAGCAGCCAGTGCCAGGGTTGGCTTGGCTGAGGACACTCGTGTGATGTTTCAGGAGCAAGTGACGTTTGAGGACGTGGTAGTGGGCTTCAGCCAGGAGGAGTGGGGGCAGCTGAAGCCTGCCCAGAGGACCCTGTACCGTGATGTAATGCTGGACACCTTCAGGC,6ac94a7946c0cca8d66b6566556bdfe9d163a90b1b104f4f9a975ce793973dbe,0.0,GACCCAGCCTGGCTGGCATTTACCAGCTACCCCACCAGCAGCCAGTGCCAGGGTTGGCTTGGCTGAGGACACTCGTGTGATGTTTCAGGAGCAAGTGACATTTGAGGACGTGGTAGTGGGCTTCAGCCAGGAGGAGTGGGGGCAGCTGAAGCCTGCCCAGAGGACCCTGTACCGTGATGTAATGCTGGACACCTTCAGGC,4a81f07ed808b746fcb730b33b377d70b5e4532c273866b5283f5d47300d504f,-0.144566226358342,GACCCAGCCTGGCTGGCATTTACCAGCTACCCCACCAGCAGCCAGTGCCAGGGTTGGCTTGGCTGAGGACACTCGTGTGATGTTTCAGGAGCAAGTGACGTTTGAGGACGTGGTAGTGGACTTCAGCCAGGAGGAGTGGGGGCAGCTGAAGCCTGCCCAGAGGACCCTGTACCGTGATGTAATGCTGGACACCTTCAGGC,f35a14da64049e0c6be496eb7f42924a52d15b8f5a487cdd7e5cd53c286388f1,0.0453235218640091,GACCCAGCCTGGCTGGCATTTACCAGCTACCCCACCAGCAGCCAGTGCCAGGGTTGGCTTGGCTGAGGACACTCGTGTGATGTTTCAGGAGCAAGTGACATTTGAGGACGTGGTAGTGGACTTCAGCCAGGAGGAGTGGGGGCAGCTGAAGCCTGCCCAGAGGACCCTGTACCGTGATGTAATGCTGGACACCTTCAGGC,33313d11bd9aba95729357789189036bfa76adddf111178e1861b827ca5d6905,0.0384606985030531,0.1377034029973859,0.373053161669302,-343.7761507483665,-345.01396637992,-339.0060716387816,-342.73023826116696,-2.486350990831852,-1.0,-0.1377034029973859,0.0,2,0.1715741403014141,0.17490732828716207,0.146091925319964,0.20317275504161367,1.0
chr19:58662235:C:T;chr19:58662254:T:C;var1;middle;OL31|K562|730d51095e668862,chr19:58662235:C:T;chr19:58662254:T:C;var1;middle;OL31,K562,K562_region_01193,100,119,19,AGCCATGTTCCGGGCGATTGCGCTTGCGCGGCTGCCGGGACAAGGATGTGCGCGTGCGCGGAGTCCCCGAGCTTCCCCCGCCCAACGCTGGGGCGGCCGCGGGTACCGGGTTATTCATTACCCTGGCGTGGACTTGCCTCGGGGCGGACGCGCAGGCATTTACTTTCTCCTATGGTCTCCTCTGATTTTTAACCCGATGC,4a415c7290fd959ab341955139d9f6ab157b4e817b61af3b33a2ea7ecdc98a40,0.0,AGCCATGTTCCGGGCGATTGCGCTTGCGCGGCTGCCGGGACAAGGATGTGCGCGTGCGCGGAGTCCCCGAGCTTCCCCCGCCCAACGCTGGGGCGGCCGTGGGTACCGGGTTATTCATTACCCTGGCGTGGACTTGCCTCGGGGCGGACGCGCAGGCATTTACTTTCTCCTATGGTCTCCTCTGATTTTTAACCCGATGC,d59588fb9a9ebc1bf709b2ef99e993fc2a3610eb217ea592bed6d1a468a06f42,-0.656057093363279,AGCCATGTTCCGGGCGATTGCGCTTGCGCGGCTGCCGGGACAAGGATGTGCGCGTGCGCGGAGTCCCCGAGCTTCCCCCGCCCAACGCTGGGGCGGCCGCGGGTACCGGGTTATTCATCACCCTGGCGTGGACTTGCCTCGGGGCGGACGCGCAGGCATTTACTTTCTCCTATGGTCTCCTCTGATTTTTAACCCGATGC,e95319adbb0cb11576e4884df37350a9ae7795e037c101acbc72f34a26ea4d96,-0.358145431378166,AGCCATGTTCCGGGCGATTGCGCTTGCGCGGCTGCCGGGACAAGGATGTGCGCGTGCGCGGAGTCCCCGAGCTTCCCCCGCCCAACGCTGGGGCGGCCGTGGGTACCGGGTTATTCATCACCCTGGCGTGGACTTGCCTCGGGGCGGACGCGCAGGCATTTACTTTCTCCTATGGTCTCCTCTGATTTTTAACCCGATGC,730d51095e668862afd5f9a67064117a551c6914d9d6cfef6d8e5255d523618a,-0.971116227358969,-0.043086297382476,0.171944998877249,-379.7683149387594,-371.0375364469364,-372.5532151191728,-370.3541223462671,6.531685718917231,1.0,-0.043086297382476,0.0,0,0.1941652754701265,0.18565657667894103,0.15145376406925343,0.17195203429317682,1.0
chr19:58912737:C:T;chr19:58912788:C:A;var1;middle;OL41|K562|2f18e7fe4a127a37,chr19:58912737:C:T;chr19:58912788:C:A;var1;middle;OL41,K562,K562_region_01194,100,151,51,GGCCCCGCCCAGAATGCGGAGAGGCCTTCGAGGAAGCGCGGACCAATCGGAGGCCCTATGTAGGGCTGAAGAGGCGGGACTCTGGTCGCCATAACAACTCATCACGCCTGTGCTGCGCGCGCGCGTCGCCTTAGTGCCGCAGCCCTATTACGTGAGGTAGGGAAGGCGCGCCAGACTCGACGGCCAATCAGGGACCCGAG,2941af4ae2cbe70a04cd92e8dce7f4499d986a70b223d0a42ff0a233b6f8af7e,0.0,GGCCCCGCCCAGAATGCGGAGAGGCCTTCGAGGAAGCGCGGACCAATCGGAGGCCCTATGTAGGGCTGAAGAGGCGGGACTCTGGTCGCCATAACAACTTATCACGCCTGTGCTGCGCGCGCGCGTCGCCTTAGTGCCGCAGCCCTATTACGTGAGGTAGGGAAGGCGCGCCAGACTCGACGGCCAATCAGGGACCCGAG,6f655a68a33903c3656cf76053aaf9453d4cd2482d7da8328003d9b699572533,0.200286621629245,GGCCCCGCCCAGAATGCGGAGAGGCCTTCGAGGAAGCGCGGACCAATCGGAGGCCCTATGTAGGGCTGAAGAGGCGGGACTCTGGTCGCCATAACAACTCATCACGCCTGTGCTGCGCGCGCGCGTCGCCTTAGTGCCGCAGCCCTATTAAGTGAGGTAGGGAAGGCGCGCCAGACTCGACGGCCAATCAGGGACCCGAG,d75d32235d25eb10e873bc8bb3a311188c687368b6eb4a28e7c0567ee647e5a6,-0.296611035690726,GGCCCCGCCCAGAATGCGGAGAGGCCTTCGAGGAAGCGCGGACCAATCGGAGGCCCTATGTAGGGCTGAAGAGGCGGGACTCTGGTCGCCATAACAACTTATCACGCCTGTGCTGCGCGCGCGCGTCGCCTTAGTGCCGCAGCCCTATTAAGTGAGGTAGGGAAGGCGCGCCAGACTCGACGGCCAATCAGGGACCCGAG,2f18e7fe4a127a3796ba21d1bd278e6249d6f5bbc6700c71611ee4de9ef91892,-0.108757715045704,-0.0124333009842229,0.148760985273146,-259.2747199656442,-245.69165301136672,-264.0879662367515,-253.46803315123543,-2.9631338687613606,-1.0,0.0124333009842229,0.0,3,0.17550469471619123,0.18106719778262317,0.1474303780702046,0.08198482454456102,1.0
chr19:58962958:C:T;chr19:58963018:C:G;var1;middle;OL41|K562|b0f9542e52df8d0f,chr19:58962958:C:T;chr19:58963018:C:G;var1;middle;OL41,K562,K562_region_01195,100,160,60,ACTGGTAATGGCCCCGCCTCCGCGCCGAAAAACAGGCAGGAACCACATAACCCAGAAGGCTGTGCGCAAGCGTCTGCGCGCGTATTGGGGCAATGTGAGCTCTGGGGGCTGGACTTCCGGCGTTGGGACTGTCACTTGGCTGCTCGCGTCAGGCCACACCGGTGGTCTGGGCTGTGGCGCGCGGGTCGGGGCCCGAGGCG,57e0511dc38d7b5b108ae4b365aa6412bf6c4c28563431326d1e49e68d830e35,0.0,ACTGGTAATGGCCCCGCCTCCGCGCCGAAAAACAGGCAGGAACCACATAACCCAGAAGGCTGTGCGCAAGCGTCTGCGCGCGTATTGGGGCAATGTGAGTTCTGGGGGCTGGACTTCCGGCGTTGGGACTGTCACTTGGCTGCTCGCGTCAGGCCACACCGGTGGTCTGGGCTGTGGCGCGCGGGTCGGGGCCCGAGGCG,e8437727dc86808588f9e303584a66b6acf7c4ec9589792e1cbb0b7875836413,-0.42465440474492,ACTGGTAATGGCCCCGCCTCCGCGCCGAAAAACAGGCAGGAACCACATAACCCAGAAGGCTGTGCGCAAGCGTCTGCGCGCGTATTGGGGCAATGTGAGCTCTGGGGGCTGGACTTCCGGCGTTGGGACTGTCACTTGGCTGCTCGCGTCAGGCCACACGGGTGGTCTGGGCTGTGGCGCGCGGGTCGGGGCCCGAGGCG,075c218ca5c437530780d273890066a4ed0d9b8aa0b65d91f37661a8be1eacf1,-0.434643063741836,ACTGGTAATGGCCCCGCCTCCGCGCCGAAAAACAGGCAGGAACCACATAACCCAGAAGGCTGTGCGCAAGCGTCTGCGCGCGTATTGGGGCAATGTGAGTTCTGGGGGCTGGACTTCCGGCGTTGGGACTGTCACTTGGCTGCTCGCGTCAGGCCACACGGGTGGTCTGGGCTGTGGCGCGCGGGTCGGGGCCCGAGGCG,b0f9542e52df8d0f4781534bf1a15028248f95e0ba55745c6a18783184b79a8a,-0.30799808520829,0.5512993832784661,0.235345862228534,-392.34280016087,-401.61185319162905,-384.92195609398186,-391.826275171712,2.3647339530289173,-1.0,-0.5512993832784661,0.0,3,0.18623600835849338,0.18106719778262317,0.1474303780702046,0.3112109031523204,1.0
chr19:632675:C:T;chr19:632737:C:T;var1;middle;OL41|K562|c0f1c9432c2c0769,chr19:632675:C:T;chr19:632737:C:T;var1;middle;OL41,K562,K562_region_01019,100,162,62,TATGTCCCTGGAAAGTGGGAGCACCTGGTGGGGTTCTGGGGAGGGGGAATTACGAGAGCTCCAGGAAGGAGCCTGCTCAGCAAGGACAGGGCCCATGAGCGGTGCAAGAGATGTTTCAGCAACGCCGTCTGGGCGTGTCCTGGGACCCGAGAGGTGGAGACCGCCCTCAGCCTGTCTCAGAATCTGAGCCTTTGCCTTTT,7940aa2c3ab8eed2aa782b217b8b8afd3ed75162b3063b0f95a0596be19c0add,0.0,TATGTCCCTGGAAAGTGGGAGCACCTGGTGGGGTTCTGGGGAGGGGGAATTACGAGAGCTCCAGGAAGGAGCCTGCTCAGCAAGGACAGGGCCCATGAGTGGTGCAAGAGATGTTTCAGCAACGCCGTCTGGGCGTGTCCTGGGACCCGAGAGGTGGAGACCGCCCTCAGCCTGTCTCAGAATCTGAGCCTTTGCCTTTT,ec2b4e46fab1daa70c8b149a77419ba8047b8f380cc15d93bf5bd4a14baa198d,0.314240551931439,TATGTCCCTGGAAAGTGGGAGCACCTGGTGGGGTTCTGGGGAGGGGGAATTACGAGAGCTCCAGGAAGGAGCCTGCTCAGCAAGGACAGGGCCCATGAGCGGTGCAAGAGATGTTTCAGCAACGCCGTCTGGGCGTGTCCTGGGACCCGAGAGGTGGAGACTGCCCTCAGCCTGTCTCAGAATCTGAGCCTTTGCCTTTT,a10f26295655c58c05ad3fcd4b0d8729cb217cf2abb2ee56a733cc8303b063d7,0.238333042472588,TATGTCCCTGGAAAGTGGGAGCACCTGGTGGGGTTCTGGGGAGGGGGAATTACGAGAGCTCCAGGAAGGAGCCTGCTCAGCAAGGACAGGGCCCATGAGTGGTGCAAGAGATGTTTCAGCAACGCCGTCTGGGCGTGTCCTGGGACCCGAGAGGTGGAGACTGCCCTCAGCCTGTCTCAGAATCTGAGCCTTTGCCTTTT,c0f1c9432c2c076909f55284e3b4c87a63c496c2625ba65d65286fbeba549a13,0.54099277439892,0.0115808200051069,0.234600895976935,-366.391459396109,-368.53272989345714,-365.5665640626103,-366.4250361984596,-1.2827983614988057,1.0,0.0115808200051069,0.0,3,0.17888920198173974,0.18106719778262317,0.1474303780702046,0.2024766653448361,1.0
chr19:634067:G:T;chr19:634095:A:G;var1;middle;OL41|K562|3ad38908f4a86588,chr19:634067:G:T;chr19:634095:A:G;var1;middle;OL41,K562,K562_region_01020,100,128,28,TTTTTTTTTTTTCAAGGCATACTCATCTAATAACGAGGACAGCATCTGCAATTTAGAGATTCCTGTCCGCAACCTTCATTGCTCCAACGACAACTTTTGGGTAAGAGTCATTAGGATGCCGTCTATCATGGAGGAAGCTGAGGCTCAGAGAGGGCCACCAAGTTGCTGGAAGACACAGCACGTGCGACCTCAGGGAGGCT,ee1fa35d9f3e8809ded3f93199b011594c1164cc47fabe6b5024d5268b023fc3,0.0,TTTTTTTTTTTTCAAGGCATACTCATCTAATAACGAGGACAGCATCTGCAATTTAGAGATTCCTGTCCGCAACCTTCATTGCTCCAACGACAACTTTTGTGTAAGAGTCATTAGGATGCCGTCTATCATGGAGGAAGCTGAGGCTCAGAGAGGGCCACCAAGTTGCTGGAAGACACAGCACGTGCGACCTCAGGGAGGCT,20857848fda53cf8d063d831ee37b61dec2b4ed0b54f57cf877fc829a20f6b4e,-0.0548960002974282,TTTTTTTTTTTTCAAGGCATACTCATCTAATAACGAGGACAGCATCTGCAATTTAGAGATTCCTGTCCGCAACCTTCATTGCTCCAACGACAACTTTTGGGTAAGAGTCATTAGGATGCCGTCTATCGTGGAGGAAGCTGAGGCTCAGAGAGGGCCACCAAGTTGCTGGAAGACACAGCACGTGCGACCTCAGGGAGGCT,751c2cbf834c50212808aab0c344d133df7ff14ada2e2cb20e2dda455f909c68,0.362914849534925,TTTTTTTTTTTTCAAGGCATACTCATCTAATAACGAGGACAGCATCTGCAATTTAGAGATTCCTGTCCGCAACCTTCATTGCTCCAACGACAACTTTTGTGTAAGAGTCATTAGGATGCCGTCTATCGTGGAGGAAGCTGAGGCTCAGAGAGGGCCACCAAGTTGCTGGAAGACACAGCACGTGCGACCTCAGGGAGGCT,3ad38908f4a86588b66fab4c86593e1a4822b8f67914d3222683c74083d9de6d,0.515739633889304,0.2077207846518072,0.51313886609661,-396.0296576307155,-392.4963628388941,-387.04039163375273,-391.4136377326213,-7.906540890689939,-1.0,-0.2077207846518072,0.0,4,0.1663998700099455,0.17620727786206916,0.145609630836647,-0.039777722291135464,1.0
chr19:6737509:G:A;chr19:6737516:C:T;var1;middle;OL41|K562|576f9ddad2c2bec4,chr19:6737509:G:A;chr19:6737516:C:T;var1;middle;OL41,K562,K562_region_01065,100,107,7,GGCTTCTCCGAGACAAAGTTGCGCCACCGACCCCAGACCCTCGCGCGGCGGGCCTCACCGTCAGCGCCAGCTGGTGGATGCGCCCGGAGCAGCCACCCAGCAGCAGCACCAGAAGTAGCCGCTGCCCCCACTCCGCGGGGCTCCCGCGGCCGAGCCCCCTCCTCTCGCTCACTGCCATCTCTGGAGCCACCTCCTCCCCG,8b85fba1a5dbbb5952f234a6230b12eca79a44e40ed65827e90c86d347ed9717,0.0,GGCTTCTCCGAGACAAAGTTGCGCCACCGACCCCAGACCCTCGCGCGGCGGGCCTCACCGTCAGCGCCAGCTGGTGGATGCGCCCGGAGCAGCCACCCAACAGCAGCACCAGAAGTAGCCGCTGCCCCCACTCCGCGGGGCTCCCGCGGCCGAGCCCCCTCCTCTCGCTCACTGCCATCTCTGGAGCCACCTCCTCCCCG,92d345875b43c37623eeef8c09a72d1e0f54176d74a0cab3413c0936e6d0a2fd,-0.175472784171561,GGCTTCTCCGAGACAAAGTTGCGCCACCGACCCCAGACCCTCGCGCGGCGGGCCTCACCGTCAGCGCCAGCTGGTGGATGCGCCCGGAGCAGCCACCCAGCAGCAGTACCAGAAGTAGCCGCTGCCCCCACTCCGCGGGGCTCCCGCGGCCGAGCCCCCTCCTCTCGCTCACTGCCATCTCTGGAGCCACCTCCTCCCCG,289f63dbc11efe5d72543867d5011a317e6feec2757f4e0ab104af03e9734f13,-0.122454419156126,GGCTTCTCCGAGACAAAGTTGCGCCACCGACCCCAGACCCTCGCGCGGCGGGCCTCACCGTCAGCGCCAGCTGGTGGATGCGCCCGGAGCAGCCACCCAACAGCAGTACCAGAAGTAGCCGCTGCCCCCACTCCGCGGGGCTCCCGCGGCCGAGCCCCCTCCTCTCGCTCACTGCCATCTCTGGAGCCACCTCCTCCCCG,576f9ddad2c2bec4a83bfda84905066611585868e8ccd4efc147d69a91dd6f39,-0.465345638732167,0.1674184354044799,0.544960084768283,-312.6132172701764,-321.70544070994947,-314.68219561246224,-321.3664266364649,-2.4079924157704227,1.0,0.1674184354044799,0.0,2,0.1716882367221368,0.17490732828716207,0.146091925319964,0.12207757895506174,1.0
chr19:6745105:T:C;chr19:6745138:G:A;var1;middle;OL41|K562|b3f94bbcc8fdfd5c,chr19:6745105:T:C;chr19:6745138:G:A;var1;middle;OL41,K562,K562_region_01066,100,133,33,GTGGGGGCCGGGACCCTTGGGATGGTGGGGGAGAAGGACAGTGAAGTGGGGACAGTGGGGCCCCTATTGAGTCAGCCCCAGCCGCCTGAACGCCGAGTCTCGGGCAGGAATTTTCCTCTTGGCTGCCAGCCCGGACTGGAGGGAAGGAAGGCGGCCGATTGGCCTGGGAGTCCCCCGAGGCGAAGGCGGGGGCAGGGTGG,b7c9018f9dab829e6e41a7d59d06bd38df5582a30af3e34727effbff9e489259,0.0,GTGGGGGCCGGGACCCTTGGGATGGTGGGGGAGAAGGACAGTGAAGTGGGGACAGTGGGGCCCCTATTGAGTCAGCCCCAGCCGCCTGAACGCCGAGTCCCGGGCAGGAATTTTCCTCTTGGCTGCCAGCCCGGACTGGAGGGAAGGAAGGCGGCCGATTGGCCTGGGAGTCCCCCGAGGCGAAGGCGGGGGCAGGGTGG,69699015c3b80c480bc7d521c89f9876df5f3227ac51f951ea0fe15d35068ee6,0.0762844356528605,GTGGGGGCCGGGACCCTTGGGATGGTGGGGGAGAAGGACAGTGAAGTGGGGACAGTGGGGCCCCTATTGAGTCAGCCCCAGCCGCCTGAACGCCGAGTCTCGGGCAGGAATTTTCCTCTTGGCTGCCAGCCCAGACTGGAGGGAAGGAAGGCGGCCGATTGGCCTGGGAGTCCCCCGAGGCGAAGGCGGGGGCAGGGTGG,07fdfa34836a2cbf0af08b06c810d8a81ec167a268992217b52b9565225f4255,0.454030574340892,GTGGGGGCCGGGACCCTTGGGATGGTGGGGGAGAAGGACAGTGAAGTGGGGACAGTGGGGCCCCTATTGAGTCAGCCCCAGCCGCCTGAACGCCGAGTCCCGGGCAGGAATTTTCCTCTTGGCTGCCAGCCCAGACTGGAGGGAAGGAAGGCGGCCGATTGGCCTGGGAGTCCCCCGAGGCGAAGGCGGGGGCAGGGTGG,b3f94bbcc8fdfd5caf2c37c115a1844ccdef0aacc3fbaa5cd5792426977ca4cd,0.603293452283352,-0.0729784422895994,0.169837451353061,-237.7750279456377,-235.79027381539345,-235.1526463329792,-233.2901608794928,0.12226867675784092,1.0,-0.0729784422895994,0.0,3,0.18171926751270595,0.18106719778262317,0.1474303780702046,0.22545667577967435,1.0
chr19:7223785:C:T;chr19:7223848:T:G;var1;middle;OL29|K562|0be11be2f16e2f7c,chr19:7223785:C:T;chr19:7223848:T:G;var1;middle;OL29,K562,K562_region_01067,100,163,63,TCCTCTGTAAGGCAGAGTATAGCAAGAAAAGCTAGGGTTCTGAAGCCAGAGAGACTGTGGGTTCAAATCCTAGCTCTGTGAAAAGATTGTTGTGAGGACCATGTGCCTGGGAGACAATACATGCTCAATAACTCTATACAGCTGGTGCTCAGTAGTGACTTATGGATATTCCCAGGTGCTTCAAAGCCCTCAACCTGATG,6d6eada2b249f16cf32d219da1ce8278a91e027947998bcbdc6a9fce19d4ac71,0.0,TCCTCTGTAAGGCAGAGTATAGCAAGAAAAGCTAGGGTTCTGAAGCCAGAGAGACTGTGGGTTCAAATCCTAGCTCTGTGAAAAGATTGTTGTGAGGACTATGTGCCTGGGAGACAATACATGCTCAATAACTCTATACAGCTGGTGCTCAGTAGTGACTTATGGATATTCCCAGGTGCTTCAAAGCCCTCAACCTGATG,73ee4bb6de6abc7ff4da69620f416e2e14e048c84cfac2b76520bca139f9f60d,-0.103665281204725,TCCTCTGTAAGGCAGAGTATAGCAAGAAAAGCTAGGGTTCTGAAGCCAGAGAGACTGTGGGTTCAAATCCTAGCTCTGTGAAAAGATTGTTGTGAGGACCATGTGCCTGGGAGACAATACATGCTCAATAACTCTATACAGCTGGTGCTCAGTAGTGACTTAGGGATATTCCCAGGTGCTTCAAAGCCCTCAACCTGATG,b92562927d5517446435761ee87a07d1d2f1921d013d5ac59086f9139975dd52,0.439887235870484,TCCTCTGTAAGGCAGAGTATAGCAAGAAAAGCTAGGGTTCTGAAGCCAGAGAGACTGTGGGTTCAAATCCTAGCTCTGTGAAAAGATTGTTGTGAGGACTATGTGCCTGGGAGACAATACATGCTCAATAACTCTATACAGCTGGTGCTCAGTAGTGACTTAGGGATATTCCCAGGTGCTTCAAAGCCCTCAACCTGATG,0be11be2f16e2f7c88df93df36df2a10701788a67e4ab0734ff07e6b24de30e7,0.0840712560216505,-0.2521506986441085,0.321895350129243,-257.500924508553,-272.086084051989,-260.2977536502294,-277.3049543942325,-2.422041200567037,-1.0,0.2521506986441085,0.0,2,0.17166778055560314,0.17490732828716207,0.146091925319964,0.08219383639799747,1.0
chr19:7991679:T:A;chr19:7991723:C:A;var1;middle;OL41|K562|a5cc82bd5090a8c5,chr19:7991679:T:A;chr19:7991723:C:A;var1;middle;OL41,K562,K562_region_01068,100,144,44,GAAGACACTTCAGACTCCGTAGCTGCTCTTCTGCAATTCGGTGTTTTATTCTTTCCAAATCTCAGGCTTATGCACAAGATGGAAGAGCACTGTTAAAATTAAAAAATGGACCTAAAGTGGCTTGGCTGACGTGGCTAGCGGGCCACTGAGCCGCGGGTCCCGGGTCCCACCCTGCTGTGGGGGGAGTCCCTGGGCCCTGG,11967e5ac3a59bbea4d5e4ff31e19a3724a3ff714df23e973b0763bafe75555d,0.0,GAAGACACTTCAGACTCCGTAGCTGCTCTTCTGCAATTCGGTGTTTTATTCTTTCCAAATCTCAGGCTTATGCACAAGATGGAAGAGCACTGTTAAAATAAAAAAATGGACCTAAAGTGGCTTGGCTGACGTGGCTAGCGGGCCACTGAGCCGCGGGTCCCGGGTCCCACCCTGCTGTGGGGGGAGTCCCTGGGCCCTGG,5ad0f25c57562a1dfe11cc86a86d158ee797dd39a84642f89d42e3625783f178,-0.155708906635155,GAAGACACTTCAGACTCCGTAGCTGCTCTTCTGCAATTCGGTGTTTTATTCTTTCCAAATCTCAGGCTTATGCACAAGATGGAAGAGCACTGTTAAAATTAAAAAATGGACCTAAAGTGGCTTGGCTGACGTGGCTAGCGGGCAACTGAGCCGCGGGTCCCGGGTCCCACCCTGCTGTGGGGGGAGTCCCTGGGCCCTGG,a952695e8c4a75fca6e1047be5ad3515eb0ae57f50864e39af54e5643a69be5f,-0.11667911534528,GAAGACACTTCAGACTCCGTAGCTGCTCTTCTGCAATTCGGTGTTTTATTCTTTCCAAATCTCAGGCTTATGCACAAGATGGAAGAGCACTGTTAAAATAAAAAAATGGACCTAAAGTGGCTTGGCTGACGTGGCTAGCGGGCAACTGAGCCGCGGGTCCCGGGTCCCACCCTGCTGTGGGGGGAGTCCCTGGGCCCTGG,a5cc82bd5090a8c5a30fb4c0d281a011dbd0474280186278b11e82cf4f13874d,-0.196256977701137,-0.0761310442792979,0.573388271363592,-338.3725063111633,-339.3993353135884,-348.2275967365131,-347.89611439593136,-1.3583113430067897,1.0,-0.0761310442792979,0.0,2,0.1732166572327039,0.17490732828716207,0.146091925319964,0.17982412213218393,1.0
chr19:7992052:A:C;chr19:7992126:G:A;var1;middle;OL41|K562|f58d1136bbe533e4,chr19:7992052:A:C;chr19:7992126:G:A;var1;middle;OL41,K562,K562_region_01069,100,174,74,CAGAGCTGGGGGCAGAGCCCGCAGTCTTGTTCCCAGAGGTCTGGAGTTGCCGCAGGTGGTGTTGCGGTGCCTCTGTGCCTGATGACCCAGGCCGGGGCTACCTGGCTCCGGCACCACACTCAGAGAATCTGCTCGGTGCTGGAGGCCGAGATGTCCAGGAGCCGCCAGGCCGCGTAGGGGTTGAGCTCGTCCTGGTCTCG,ecc5bbf65a1bc6950b59b7135a424464b7c8d050e4b1700f44d9a7cc87ea7423,0.0,CAGAGCTGGGGGCAGAGCCCGCAGTCTTGTTCCCAGAGGTCTGGAGTTGCCGCAGGTGGTGTTGCGGTGCCTCTGTGCCTGATGACCCAGGCCGGGGCTCCCTGGCTCCGGCACCACACTCAGAGAATCTGCTCGGTGCTGGAGGCCGAGATGTCCAGGAGCCGCCAGGCCGCGTAGGGGTTGAGCTCGTCCTGGTCTCG,4a460b082cbad75451d00667b1dc058701b24aacc9dd445c402ae54720b45367,0.642221146456687,CAGAGCTGGGGGCAGAGCCCGCAGTCTTGTTCCCAGAGGTCTGGAGTTGCCGCAGGTGGTGTTGCGGTGCCTCTGTGCCTGATGACCCAGGCCGGGGCTACCTGGCTCCGGCACCACACTCAGAGAATCTGCTCGGTGCTGGAGGCCGAGATGTCCAGGAGCCGCCAGGCCGCATAGGGGTTGAGCTCGTCCTGGTCTCG,c0a72d35e19c8faa3f1e67a34b5b1db2ac77db2ede0d48051846a00a5ba03235,0.132265983207851,CAGAGCTGGGGGCAGAGCCCGCAGTCTTGTTCCCAGAGGTCTGGAGTTGCCGCAGGTGGTGTTGCGGTGCCTCTGTGCCTGATGACCCAGGCCGGGGCTCCCTGGCTCCGGCACCACACTCAGAGAATCTGCTCGGTGCTGGAGGCCGAGATGTCCAGGAGCCGCCAGGCCGCATAGGGGTTGAGCTCGTCCTGGTCTCG,f58d1136bbe533e4c0c3bf73955818f14faa0736542a757cbebb38859e898911,0.0783026899533577,0.6961844397111804,0.402212130267815,-254.6901181414724,-250.40094456076625,-256.89262437820435,-253.88257981091732,1.2791290134191513,1.0,0.6961844397111804,0.0,0,0.18741895254993413,0.18565657667894103,0.15145376406925343,0.2555194605214551,1.0
chr19:8272146:C:G;chr19:8272163:G:A;var1;middle;OL32|K562|17f62cf5d4535499,chr19:8272146:C:G;chr19:8272163:G:A;var1;middle;OL32,K562,K562_region_01070,100,117,17,ATTACAGGTGCGCAACACCATGCCCAGCTAACTTTGGTATTTTTAGTAGAGAAGGGGTTTCGCCATATTGGCCAGGCTGGTCTCGAACTCCTGACCTCACGTGATCCACCTGCCTCGGCCTCCCAAAGTGCTGGGATTACAGGCATGAGCCACCACACCCTGCCTACCAAAGTTTTTTTATTTAAAACAAAAAAAAATTA,bd432e295b31a23990b84d8892b0285e5fb73dca6f6fb9254551fc7a7e91616f,0.0,ATTACAGGTGCGCAACACCATGCCCAGCTAACTTTGGTATTTTTAGTAGAGAAGGGGTTTCGCCATATTGGCCAGGCTGGTCTCGAACTCCTGACCTCAGGTGATCCACCTGCCTCGGCCTCCCAAAGTGCTGGGATTACAGGCATGAGCCACCACACCCTGCCTACCAAAGTTTTTTTATTTAAAACAAAAAAAAATTA,f11d02540d17492118b43374e521d9a68e58968fa6f362d48b6aa4d9b5fa9c8a,-0.0485391175715875,ATTACAGGTGCGCAACACCATGCCCAGCTAACTTTGGTATTTTTAGTAGAGAAGGGGTTTCGCCATATTGGCCAGGCTGGTCTCGAACTCCTGACCTCACGTGATCCACCTGCCTCAGCCTCCCAAAGTGCTGGGATTACAGGCATGAGCCACCACACCCTGCCTACCAAAGTTTTTTTATTTAAAACAAAAAAAAATTA,4a69af0faa88ec6be053986f60f31cd28f6eaa9ebd6374f7e0256718f1810fcf,0.269888186026809,ATTACAGGTGCGCAACACCATGCCCAGCTAACTTTGGTATTTTTAGTAGAGAAGGGGTTTCGCCATATTGGCCAGGCTGGTCTCGAACTCCTGACCTCAGGTGATCCACCTGCCTCAGCCTCCCAAAGTGCTGGGATTACAGGCATGAGCCACCACACCCTGCCTACCAAAGTTTTTTTATTTAAAACAAAAAAAAATTA,17f62cf5d4535499a28c37f7bfaf2ed6e81b56253ac072abb665baa89618aa17,0.220540505002112,-0.0008085634531094,0.335967197829884,-91.62408653693274,-87.00406149681658,-90.97413716604932,-86.31502431910485,0.039087806828320026,-1.0,0.0008085634531094,0.0,0,0.18582625800458064,0.18565657667894103,0.15145376406925343,0.16897620406005248,1.0
chr19:850733:C:G;chr19:850793:T:A;var1;middle;OL41|K562|edc9a71aefd0cdaf,chr19:850733:C:G;chr19:850793:T:A;var1;middle;OL41,K562,K562_region_01021,100,160,60,GAGACAGGCCCGTTGGTTCCCTTCCCCTCCCCTTGTCCTGGAGCCAGGAGGACGTTGGTTCTTGCGACAGCCTTGGCCCGGCCGTTGCAGCTGGAACATCGTGGGGGAGATGGGAAGAGGAACGGGGCCCGGAGCCCGGGGCTGGGTCCTGGGAATCCCTTTCCCGCAGCTGGGACTCCAGCTCCCCTGCCAGTTCCTCC,882786b65e020685a10d6b227068a79e3ed83cda0e9e1da20a43621f05760eb5,0.0,GAGACAGGCCCGTTGGTTCCCTTCCCCTCCCCTTGTCCTGGAGCCAGGAGGACGTTGGTTCTTGCGACAGCCTTGGCCCGGCCGTTGCAGCTGGAACATGGTGGGGGAGATGGGAAGAGGAACGGGGCCCGGAGCCCGGGGCTGGGTCCTGGGAATCCCTTTCCCGCAGCTGGGACTCCAGCTCCCCTGCCAGTTCCTCC,fd777c6e35a56f6930d2130d30d1da2a49f18a20a7075e5a4d751756e1075065,0.246200881707988,GAGACAGGCCCGTTGGTTCCCTTCCCCTCCCCTTGTCCTGGAGCCAGGAGGACGTTGGTTCTTGCGACAGCCTTGGCCCGGCCGTTGCAGCTGGAACATCGTGGGGGAGATGGGAAGAGGAACGGGGCCCGGAGCCCGGGGCTGGGTCCTGGGAATCCCATTCCCGCAGCTGGGACTCCAGCTCCCCTGCCAGTTCCTCC,4817edd085a31daf18af714aecf89c5000f3e4ce1e9044550f093b95cb522a89,-0.222642753368032,GAGACAGGCCCGTTGGTTCCCTTCCCCTCCCCTTGTCCTGGAGCCAGGAGGACGTTGGTTCTTGCGACAGCCTTGGCCCGGCCGTTGCAGCTGGAACATGGTGGGGGAGATGGGAAGAGGAACGGGGCCCGGAGCCCGGGGCTGGGTCCTGGGAATCCCATTCCCGCAGCTGGGACTCCAGCTCCCCTGCCAGTTCCTCC,edc9a71aefd0cdaf380a324eecc6b499a3313b3b167caf1e7a5c3886be9df2c4,0.31354066087498,0.289982532535024,0.359586249883749,-277.4319499693811,-277.48288380820304,-277.98310231766663,-278.8384803177323,-0.8044441612437367,-1.0,-0.289982532535024,0.0,1,0.18154668611050173,0.18216460459877223,0.1501433469024087,0.1900774801415794,1.0
chr19:870946:C:G;chr19:871033:G:A;var1;middle;OL41|K562|28b171b201e98de8,chr19:870946:C:G;chr19:871033:G:A;var1;middle;OL41,K562,K562_region_01022,100,187,87,AGGACATGGAGGGAGGGAGCCGTGTGGATTCGGGGGGTCCCGGGCAGGACATGGAGGCGGGGAGCCGTGTGGATTCGGGGGGACCTGGGGCAGGACATGCAGGGAGGGAGCCGTGTGGATTCGGGGGTCCCGGGGCAGGACACGGAGGAAGGAGTCCTGTGTTTGGGGACCAATGCAGGGACACACGCACCTGGCGAGGC,61772741ad26adb5dadde60e7dd69a419984277e21ecbe4d4c4b937787b4b401,0.0,AGGACATGGAGGGAGGGAGCCGTGTGGATTCGGGGGGTCCCGGGCAGGACATGGAGGCGGGGAGCCGTGTGGATTCGGGGGGACCTGGGGCAGGACATGGAGGGAGGGAGCCGTGTGGATTCGGGGGTCCCGGGGCAGGACACGGAGGAAGGAGTCCTGTGTTTGGGGACCAATGCAGGGACACACGCACCTGGCGAGGC,a8f412f6a8908de70cfe2305e37f243d27c5c7b901926c41bf7780e349dbfefb,-0.0842756932085432,AGGACATGGAGGGAGGGAGCCGTGTGGATTCGGGGGGTCCCGGGCAGGACATGGAGGCGGGGAGCCGTGTGGATTCGGGGGGACCTGGGGCAGGACATGCAGGGAGGGAGCCGTGTGGATTCGGGGGTCCCGGGGCAGGACACGGAGGAAGGAGTCCTGTGTTTGGGGACCAATGCAGGGACACACACACCTGGCGAGGC,e2810d35cf1b33cf4892c32798f2ae049fe729a7758fa519b37fa836128d6a74,-0.112472763961168,AGGACATGGAGGGAGGGAGCCGTGTGGATTCGGGGGGTCCCGGGCAGGACATGGAGGCGGGGAGCCGTGTGGATTCGGGGGGACCTGGGGCAGGACATGGAGGGAGGGAGCCGTGTGGATTCGGGGGTCCCGGGGCAGGACACGGAGGAAGGAGTCCTGTGTTTGGGGACCAATGCAGGGACACACACACCTGGCGAGGC,28b171b201e98de817ac56a91b1b9cf72786435c7377ef8a07a627897bd5f18d,-0.410958392815404,0.2142099356456928,0.283483457450927,-179.6314682503289,-171.77197487428202,-169.5540776977141,-161.66940146914567,-0.025182852521538734,1.0,0.2142099356456928,0.0,4,0.17616811436518387,0.17620727786206916,0.145609630836647,0.14190156826290112,1.0
chr19:990185:G:C;chr19:990238:C:T;var1;middle;OL41|K562|f1bfd07ac8ef3aac,chr19:990185:G:C;chr19:990238:C:T;var1;middle;OL41,K562,K562_region_01023,100,153,53,AGCCTTGAGTTTACTCAGGTGAGGCAGGCCAGGCTGCTGAGTGGAGGCAGGTGTGTGCGTGAGGTGGGTGCTGGAGGCGTGGACTGCCCTGTTCCCTCCGCTCCCCGCCTGCTGAGCACCTGCCCCACCCCGCTCAGCGTGCTGCAGGCCGACCCCTCCAGGATTCCGGCGCCCAGGCACGTCTGGTCTCACCACGCGCT,3e15739c7d7b03a78355a18d333dec83995ec135a5dc201dc81ef9757fb0c12d,0.0,AGCCTTGAGTTTACTCAGGTGAGGCAGGCCAGGCTGCTGAGTGGAGGCAGGTGTGTGCGTGAGGTGGGTGCTGGAGGCGTGGACTGCCCTGTTCCCTCCCCTCCCCGCCTGCTGAGCACCTGCCCCACCCCGCTCAGCGTGCTGCAGGCCGACCCCTCCAGGATTCCGGCGCCCAGGCACGTCTGGTCTCACCACGCGCT,27a79a857af0914a946002177b216dab5571dc8f7fc3713155bd807de4498ec1,1.65147887046588,AGCCTTGAGTTTACTCAGGTGAGGCAGGCCAGGCTGCTGAGTGGAGGCAGGTGTGTGCGTGAGGTGGGTGCTGGAGGCGTGGACTGCCCTGTTCCCTCCGCTCCCCGCCTGCTGAGCACCTGCCCCACCCCGCTCAGCGTGCTGCAGGCCGATCCCTCCAGGATTCCGGCGCCCAGGCACGTCTGGTCTCACCACGCGCT,70408ad87d0931395b6412df08b5950a918d46f98b763f3d479d95f36833c4ae,0.964059061125607,AGCCTTGAGTTTACTCAGGTGAGGCAGGCCAGGCTGCTGAGTGGAGGCAGGTGTGTGCGTGAGGTGGGTGCTGGAGGCGTGGACTGCCCTGTTCCCTCCCCTCCCCGCCTGCTGAGCACCTGCCCCACCCCGCTCAGCGTGCTGCAGGCCGATCCCTCCAGGATTCCGGCGCCCAGGCACGTCTGGTCTCACCACGCGCT,f1bfd07ac8ef3aac177d57568b7e5ae2850699f77001db2b4af9d9d0526c95b6,2.27702542004914,0.3385125115423473,0.259886586294716,-233.6294331029057,-232.1116712540388,-234.04105188697577,-231.9959024488926,-0.5273875892162891,1.0,0.3385125115423473,0.0,1,0.18182857451299805,0.18216460459877223,0.1501433469024087,0.10391583119593573,1.0
chr19:990645:G:A;chr19:990702:C:T;var1;middle;OL41|K562|63f2f35bf3f55659,chr19:990645:G:A;chr19:990702:C:T;var1;middle;OL41,K562,K562_region_01024,100,157,57,TCATTCACCGTTTCTGGCCCGGCTCCCTGGCCAAGCCTGGGGAATCGGAGGTCATCACTATGCTTGAGTCGTGACCGGTGGTCCTGGGAGGGAGAACCAGGGGTCATCAGCCGGAGACCAAGCTCCATTTCAGCACAGGCCATGTCCCCTGGCCCCCAAGACCCACATGGTGACGGCTTTCACCCAAAGTCGCAAGCCCT,4a79b9305d830d04c4cac85a27292106c69730e5e425463886330c4cd8f51291,0.0,TCATTCACCGTTTCTGGCCCGGCTCCCTGGCCAAGCCTGGGGAATCGGAGGTCATCACTATGCTTGAGTCGTGACCGGTGGTCCTGGGAGGGAGAACCAAGGGTCATCAGCCGGAGACCAAGCTCCATTTCAGCACAGGCCATGTCCCCTGGCCCCCAAGACCCACATGGTGACGGCTTTCACCCAAAGTCGCAAGCCCT,31d2ddc3c6abca034babc61a283190a913bccd5ba19bfa43daeec46a1b8808bc,-0.139288062875271,TCATTCACCGTTTCTGGCCCGGCTCCCTGGCCAAGCCTGGGGAATCGGAGGTCATCACTATGCTTGAGTCGTGACCGGTGGTCCTGGGAGGGAGAACCAGGGGTCATCAGCCGGAGACCAAGCTCCATTTCAGCACAGGCCATGTCCCCTGGCCCCTAAGACCCACATGGTGACGGCTTTCACCCAAAGTCGCAAGCCCT,514162c17948939121633b582873bbc86389f088689474e9d518bf97fdb9b54c,0.0567078371758036,TCATTCACCGTTTCTGGCCCGGCTCCCTGGCCAAGCCTGGGGAATCGGAGGTCATCACTATGCTTGAGTCGTGACCGGTGGTCCTGGGAGGGAGAACCAAGGGTCATCAGCCGGAGACCAAGCTCCATTTCAGCACAGGCCATGTCCCCTGGCCCCTAAGACCCACATGGTGACGGCTTTCACCCAAAGTCGCAAGCCCT,63f2f35bf3f55659e8154747d6f1d02820402fe2bdd2ce4c36aea2177e5731e3,-0.273175332217816,0.1905951065183485,0.44781140412216,-314.2309763357043,-323.853518107906,-320.7299894783646,-330.2056866642088,-0.14684458635741748,1.0,0.1905951065183485,0.0,3,0.1811772235040348,0.18106719778262317,0.1474303780702046,0.12667606957197008,1.0
chr19:990702:C:T;chr19:990736:C:T;var1;middle;OL41|K562|2f423718378de980,chr19:990702:C:T;chr19:990736:C:T;var1;middle;OL41,K562,K562_region_01024,100,134,34,CTATGCTTGAGTCGTGACCGGTGGTCCTGGGAGGGAGAACCAGGGGTCATCAGCCGGAGACCAAGCTCCATTTCAGCACAGGCCATGTCCCCTGGCCCCCAAGACCCACATGGTGACGGCTTTCACCCAAAGTCGCAAGCCCTAGGGCCAGAGGACAGCCGACGCCTGACCTCCCTGGTGCCCCTGTTCCCATGGGGTCC,1f2977a7258a376e6a392f8748db879928517adea544c5598d0cfb1b5530e35f,0.0,CTATGCTTGAGTCGTGACCGGTGGTCCTGGGAGGGAGAACCAGGGGTCATCAGCCGGAGACCAAGCTCCATTTCAGCACAGGCCATGTCCCCTGGCCCCTAAGACCCACATGGTGACGGCTTTCACCCAAAGTCGCAAGCCCTAGGGCCAGAGGACAGCCGACGCCTGACCTCCCTGGTGCCCCTGTTCCCATGGGGTCC,7eb29f5dad26dee3493a5ed486da31c7d7d8ff599678a5ffdb37e2721232a798,-0.153217919660238,CTATGCTTGAGTCGTGACCGGTGGTCCTGGGAGGGAGAACCAGGGGTCATCAGCCGGAGACCAAGCTCCATTTCAGCACAGGCCATGTCCCCTGGCCCCCAAGACCCACATGGTGACGGCTTTCACCCAAAGTTGCAAGCCCTAGGGCCAGAGGACAGCCGACGCCTGACCTCCCTGGTGCCCCTGTTCCCATGGGGTCC,0388f3f51a69b7c7172d68430fc5949bbaa2dcdefebf295fa7386cbf66f2702f,-0.0319112072508085,CTATGCTTGAGTCGTGACCGGTGGTCCTGGGAGGGAGAACCAGGGGTCATCAGCCGGAGACCAAGCTCCATTTCAGCACAGGCCATGTCCCCTGGCCCCTAAGACCCACATGGTGACGGCTTTCACCCAAAGTTGCAAGCCCTAGGGCCAGAGGACAGCCGACGCCTGACCTCCCTGGTGCCCCTGTTCCCATGGGGTCC,2f423718378de980a0c9f882c4625523db96ec224baa63a4f3edb8c7d90a569d,0.113150444504013,0.2982795714150595,0.387314205905365,-307.4437283584848,-319.9096168158576,-312.4181914711371,-322.26257065543905,2.621509273070842,-1.0,-0.2982795714150595,0.0,3,0.1867532014622154,0.18106719778262317,0.1474303780702046,0.11402489393996897,1.0
chr19:991063:A:C;chr19:991129:G:A;var1;middle;OL41|K562|ab5ad952e25e47af,chr19:991063:A:C;chr19:991129:G:A;var1;middle;OL41,K562,K562_region_01025,100,166,66,GCTCCATCTTCCAGGTCGACCTCTTCACCTGGGTGAGTGCCGCGGTCTGCGGGCTGCACCCTGCCCTGGGGCTGAGGGCATCGGGCCTGCGGCTCACACACGTCTCGGCCTTCGCAGCCCGGACAGAGGGAGAGGAGCTTCCACCCAGAGCAGGACGCCGGGAAGGTCTTCAAAGGGCACAGGTGGGGACGTGGGAACGG,350577bb9a55f0109d2bb81b8f328801f40d744dead5c3b447c0363f537ccbcb,0.0,GCTCCATCTTCCAGGTCGACCTCTTCACCTGGGTGAGTGCCGCGGTCTGCGGGCTGCACCCTGCCCTGGGGCTGAGGGCATCGGGCCTGCGGCTCACACCCGTCTCGGCCTTCGCAGCCCGGACAGAGGGAGAGGAGCTTCCACCCAGAGCAGGACGCCGGGAAGGTCTTCAAAGGGCACAGGTGGGGACGTGGGAACGG,d9a3499751f35ad5ebb1d063b24dafda238a79e8018c96b6138ae540623c91df,0.250785930767346,GCTCCATCTTCCAGGTCGACCTCTTCACCTGGGTGAGTGCCGCGGTCTGCGGGCTGCACCCTGCCCTGGGGCTGAGGGCATCGGGCCTGCGGCTCACACACGTCTCGGCCTTCGCAGCCCGGACAGAGGGAGAGGAGCTTCCACCCAGAGCAGGACGCCGGGAAGATCTTCAAAGGGCACAGGTGGGGACGTGGGAACGG,7cc02aac5c060e9a626b1c85a415d0ccd5b945bc2aeee49691ccc34dccf4e89c,0.299168706334399,GCTCCATCTTCCAGGTCGACCTCTTCACCTGGGTGAGTGCCGCGGTCTGCGGGCTGCACCCTGCCCTGGGGCTGAGGGCATCGGGCCTGCGGCTCACACCCGTCTCGGCCTTCGCAGCCCGGACAGAGGGAGAGGAGCTTCCACCCAGAGCAGGACGCCGGGAAGATCTTCAAAGGGCACAGGTGGGGACGTGGGAACGG,ab5ad952e25e47af52b68c43c899cb8b5d596a5c112d1d984eb2fed1a6b9f1d5,0.218593839708482,0.3313607973932629,0.5480475236912,-233.7730550058186,-232.2554715611041,-229.67050025984645,-228.0096316440031,-0.14328517112880945,1.0,0.3313607973932629,0.0,0,0.18559202026661809,0.18565657667894103,0.15145376406925343,0.2140690619932284,1.0
chr19:994800:A:G;chr19:994813:G:T;var1;middle;OL41|K562|0c2c8e29ab7889f1,chr19:994800:A:G;chr19:994813:G:T;var1;middle;OL41,K562,K562_region_01026,100,113,13,GGGGCGGCTTTAAGAGGGAGCCCCGAGCACCTGCAGTTCTGACTCTGCTCTGTTGCCCGAGGGCCTTTGCATGGCCGCCCCCTCCCGAGAAGGCGCTGGACCGGGGTGGTGGGATTGAGGAAGGAACCGGGAAGCCAGGCCCCTCCGGTCTGCTGTGCAGGGGGTCTGAGTGGAGACAGCCCTGTGGGGTCCCGGAAGGA,1aac9e6dad9ba9bafc25077def7e6bd24734c5688457f3a840b2a395dce48476,0.0,GGGGCGGCTTTAAGAGGGAGCCCCGAGCACCTGCAGTTCTGACTCTGCTCTGTTGCCCGAGGGCCTTTGCATGGCCGCCCCCTCCCGAGAAGGCGCTGGGCCGGGGTGGTGGGATTGAGGAAGGAACCGGGAAGCCAGGCCCCTCCGGTCTGCTGTGCAGGGGGTCTGAGTGGAGACAGCCCTGTGGGGTCCCGGAAGGA,1bf792c05d0ca54cf4e8293fc9082159ed44dc85f53355e422153bd204d1679a,0.0053936821083778,GGGGCGGCTTTAAGAGGGAGCCCCGAGCACCTGCAGTTCTGACTCTGCTCTGTTGCCCGAGGGCCTTTGCATGGCCGCCCCCTCCCGAGAAGGCGCTGGACCGGGGTGGTGGTATTGAGGAAGGAACCGGGAAGCCAGGCCCCTCCGGTCTGCTGTGCAGGGGGTCTGAGTGGAGACAGCCCTGTGGGGTCCCGGAAGGA,fc99027b0904314d808a4e4a711f0ba886da5e81e5dd658356b31e9feffec7d0,-0.0352540881641878,GGGGCGGCTTTAAGAGGGAGCCCCGAGCACCTGCAGTTCTGACTCTGCTCTGTTGCCCGAGGGCCTTTGCATGGCCGCCCCCTCCCGAGAAGGCGCTGGGCCGGGGTGGTGGTATTGAGGAAGGAACCGGGAAGCCAGGCCCCTCCGGTCTGCTGTGCAGGGGGTCTGAGTGGAGACAGCCCTGTGGGGTCCCGGAAGGA,0c2c8e29ab7889f1e17fb5b2e874ba25b5cadbb3a38494f638ae79032e68b379,-0.288986544918362,0.259126138862552,0.323831540987868,-279.08054032642394,-262.26346029993147,-302.17801488609985,-295.4709392541554,10.110004394548014,1.0,0.259126138862552,0.0,1,0.19265148122511028,0.18216460459877223,0.1501433469024087,0.17170083929737023,1.0
chr19:995640:A:G;chr19:995676:T:C;var1;middle;OL41|K562|e10f29a039647540,chr19:995640:A:G;chr19:995676:T:C;var1;middle;OL41,K562,K562_region_01027,100,136,36,CCAGCCGCCAGCGCTGAGTTCATGCTTTTAGGCTAATTTGTGTTCTTGTCCCCTCTATGGGGCTCTGAGTCCTCTCGGCTGGCAGCCTGGCCACACTGCATCAGGGCAGCTGGGCCCTCACCTGGCACTGACATCTGCCTCGGCTGCTCCGAGCCCTGAGAACCACTCCAGGGTCCCTTCCCCCTGGGCGCACGGCCAGC,ea02f7969c0a122b798afd1f1f20d020630f34817810784f8fcaab1f41429aad,0.0,CCAGCCGCCAGCGCTGAGTTCATGCTTTTAGGCTAATTTGTGTTCTTGTCCCCTCTATGGGGCTCTGAGTCCTCTCGGCTGGCAGCCTGGCCACACTGCGTCAGGGCAGCTGGGCCCTCACCTGGCACTGACATCTGCCTCGGCTGCTCCGAGCCCTGAGAACCACTCCAGGGTCCCTTCCCCCTGGGCGCACGGCCAGC,0424a654a09661f5ce27c78cbffc83cdceb186d0f936d5bdd1b84e8f440950a0,-0.199245931192498,CCAGCCGCCAGCGCTGAGTTCATGCTTTTAGGCTAATTTGTGTTCTTGTCCCCTCTATGGGGCTCTGAGTCCTCTCGGCTGGCAGCCTGGCCACACTGCATCAGGGCAGCTGGGCCCTCACCTGGCACTGACATCCGCCTCGGCTGCTCCGAGCCCTGAGAACCACTCCAGGGTCCCTTCCCCCTGGGCGCACGGCCAGC,ddb8a0b68f45bccb95d011c9a2fc48ab209ce259946431c1eff2feb9c2e2b72f,0.17821196115307,CCAGCCGCCAGCGCTGAGTTCATGCTTTTAGGCTAATTTGTGTTCTTGTCCCCTCTATGGGGCTCTGAGTCCTCTCGGCTGGCAGCCTGGCCACACTGCGTCAGGGCAGCTGGGCCCTCACCTGGCACTGACATCCGCCTCGGCTGCTCCGAGCCCTGAGAACCACTCCAGGGTCCCTTCCCCCTGGGCGCACGGCCAGC,e10f29a0396475406ae5aa2da6afebf219dc28859daaae44997e603464fac954,-0.032617699094175,-0.011583729054747,0.484336912455057,-323.4238308193162,-325.3378099501133,-339.84180005965754,-338.51272623892874,3.243052951525897,-1.0,0.011583729054747,0.0,1,0.18566477104484552,0.18216460459877223,0.1501433469024087,0.24606833953667714,1.0
chr1:1009223:C:T;chr1:1009234:T:C;var1;middle;OL41|K562|76b1db40bf8e33e7,chr1:1009223:C:T;chr1:1009234:T:C;var1;middle;OL41,K562,K562_region_00003,100,111,11,AAGTGACTCCTGGCACTGCCCCGCCCCACCCCTGACTTGCCAGTGAGTCCCAGACAGGCTGGCGGGATGACACAGGTCACTGTGACCACCTGAGTCACACGCCGTCACTGTGAGGCCGTGAGTGCCCCAGGCACCGGGACCTGGGGACTGTGCTCTGCGGCCTGTGTACCCCACAGAACCGGTTCCTTGGCACGAGGCCC,9a6c1b0bdcdde6af48c178d376ee0ce35dc001e17ce1fcec036f0bbb7326c573,0.0,AAGTGACTCCTGGCACTGCCCCGCCCCACCCCTGACTTGCCAGTGAGTCCCAGACAGGCTGGCGGGATGACACAGGTCACTGTGACCACCTGAGTCACATGCCGTCACTGTGAGGCCGTGAGTGCCCCAGGCACCGGGACCTGGGGACTGTGCTCTGCGGCCTGTGTACCCCACAGAACCGGTTCCTTGGCACGAGGCCC,8cb4f5aee5fd80b7d473c7ff0046365201cc7d30b19f7ecf16336446d0b21735,-0.523701774711968,AAGTGACTCCTGGCACTGCCCCGCCCCACCCCTGACTTGCCAGTGAGTCCCAGACAGGCTGGCGGGATGACACAGGTCACTGTGACCACCTGAGTCACACGCCGTCACTGCGAGGCCGTGAGTGCCCCAGGCACCGGGACCTGGGGACTGTGCTCTGCGGCCTGTGTACCCCACAGAACCGGTTCCTTGGCACGAGGCCC,0945ed21df721631a8578b683e5e2abfd8e86559dbc70c48f9142bd11af98153,-0.408917636803863,AAGTGACTCCTGGCACTGCCCCGCCCCACCCCTGACTTGCCAGTGAGTCCCAGACAGGCTGGCGGGATGACACAGGTCACTGTGACCACCTGAGTCACATGCCGTCACTGCGAGGCCGTGAGTGCCCCAGGCACCGGGACCTGGGGACTGTGCTCTGCGGCCTGTGTACCCCACAGAACCGGTTCCTTGGCACGAGGCCC,76b1db40bf8e33e78df2979b9e8d83e048ef37011baf1182f823b9ba0fa73a5c,-0.14632943958961,0.7862899719262211,0.5075395013503,-230.7005326896906,-230.7163915708661,-233.6622474640608,-234.28464060276747,-0.6065342575311661,-1.0,-0.7862899719262211,0.0,4,0.17544758085396744,0.17620727786206916,0.145609630836647,0.2216736444259123,1.0
chr1:101620490:G:A;chr1:101620526:A:G;var1;middle;OL30|K562|ae2e554da62d548b,chr1:101620490:G:A;chr1:101620526:A:G;var1;middle;OL30,K562,K562_region_00086,100,136,36,ACTGAAAAATGGATGAATGAGATTTCTCTCTAATTAATGTGTCCCTAATATCTGGCACAAAAGCAAGCTGTATTAATTAGTAGAGTGGTTGTTGTGTGTGTGTGATTGTGTGTGGATGTGGCGTGTCTGTCTGTAAGCATAGTTTGACATGTTTTATTTTTCAGCCTGTTTCTTTGTCTGCTCTTATCCTTCTTCCTAAT,99903e6df5352eed49e3c72ef3c8b2bdbcfc186f96f83d9a1cbc7e50c80720e5,0.0,ACTGAAAAATGGATGAATGAGATTTCTCTCTAATTAATGTGTCCCTAATATCTGGCACAAAAGCAAGCTGTATTAATTAGTAGAGTGGTTGTTGTGTGTATGTGATTGTGTGTGGATGTGGCGTGTCTGTCTGTAAGCATAGTTTGACATGTTTTATTTTTCAGCCTGTTTCTTTGTCTGCTCTTATCCTTCTTCCTAAT,d5079d3a25ed44f5facf6a5201355b07a008a0283bb7603ea2a32a8919beebbc,-0.0962659833003505,ACTGAAAAATGGATGAATGAGATTTCTCTCTAATTAATGTGTCCCTAATATCTGGCACAAAAGCAAGCTGTATTAATTAGTAGAGTGGTTGTTGTGTGTGTGTGATTGTGTGTGGATGTGGCGTGTCTGTCTGTAGGCATAGTTTGACATGTTTTATTTTTCAGCCTGTTTCTTTGTCTGCTCTTATCCTTCTTCCTAAT,00e1aeb00fbea2167d60d96e89d0a48ccf91c2dfd471b7df9d3cefedf4844beb,-0.101295795144084,ACTGAAAAATGGATGAATGAGATTTCTCTCTAATTAATGTGTCCCTAATATCTGGCACAAAAGCAAGCTGTATTAATTAGTAGAGTGGTTGTTGTGTGTATGTGATTGTGTGTGGATGTGGCGTGTCTGTCTGTAGGCATAGTTTGACATGTTTTATTTTTCAGCCTGTTTCTTTGTCTGCTCTTATCCTTCTTCCTAAT,ae2e554da62d548bb380c03daa787725a2710a048cde2e1f17a5420893fbee02,-0.0792911413329924,0.1182706371114421,0.142778601934734,-295.21358144376427,-300.11011363053694,-297.8670982872136,-297.75559431151487,5.008036162471399,-1.0,-0.1182706371114421,0.0,4,0.182406342979311,0.17620727786206916,0.145609630836647,0.3767976410827922,1.0
chr1:101644898:G:A;chr1:101644927:A:G;var1;middle;OL27|K562|4b0a0e51908a5508,chr1:101644898:G:A;chr1:101644927:A:G;var1;middle;OL27,K562,K562_region_00087,100,129,29,GCGAGGTCAGATGGTTGACAGGAAGTGGGTAAAGTGTTTCATTGAGGAAGAGTGTGGGGTTAAAGAACACACAATAAAAGGAGACAAAGGAAGAAGTAGGGCCCCGTGGAAACAAGAGTCATAAAGACATAGAAGTGGAGTGCCAAATGTCTATATTTCTTCACAAAGATGACAAGATTTGAAAATACACGTCAGTGACA,82f3167fc7e92c26bd71152155761ec7fffad63e2909af615381a2478832d06c,0.0,GCGAGGTCAGATGGTTGACAGGAAGTGGGTAAAGTGTTTCATTGAGGAAGAGTGTGGGGTTAAAGAACACACAATAAAAGGAGACAAAGGAAGAAGTAGAGCCCCGTGGAAACAAGAGTCATAAAGACATAGAAGTGGAGTGCCAAATGTCTATATTTCTTCACAAAGATGACAAGATTTGAAAATACACGTCAGTGACA,3f790e3c2598a4da74aca8e95217c1072f6beee2b2f915560473a585e329c90e,0.0438381417912299,GCGAGGTCAGATGGTTGACAGGAAGTGGGTAAAGTGTTTCATTGAGGAAGAGTGTGGGGTTAAAGAACACACAATAAAAGGAGACAAAGGAAGAAGTAGGGCCCCGTGGAAACAAGAGTCATAAAGACGTAGAAGTGGAGTGCCAAATGTCTATATTTCTTCACAAAGATGACAAGATTTGAAAATACACGTCAGTGACA,ea4b70ffa9c5786c5e6506b7abc867ad33f24cb29cd3359af091ddb9b160163f,0.0703230417213492,GCGAGGTCAGATGGTTGACAGGAAGTGGGTAAAGTGTTTCATTGAGGAAGAGTGTGGGGTTAAAGAACACACAATAAAAGGAGACAAAGGAAGAAGTAGAGCCCCGTGGAAACAAGAGTCATAAAGACGTAGAAGTGGAGTGCCAAATGTCTATATTTCTTCACAAAGATGACAAGATTTGAAAATACACGTCAGTGACA,4b0a0e51908a5508fbc9a5aa54645d6fb7c3c16015ef0b90892cc749a34569df,0.240931734601163,-0.1267705510885838,0.148131980350104,-427.8268739994383,-416.9551938258228,-430.3287678346387,-423.2404246192891,3.78333695826592,1.0,-0.1267705510885838,0.0,1,0.18621447753417283,0.18216460459877223,0.1501433469024087,0.05028443705063565,1.0
chr1:107886278:A:G;chr1:107886351:G:C;var1;middle;OL29|K562|28d9f1222ec4a391,chr1:107886278:A:G;chr1:107886351:G:C;var1;middle;OL29,K562,K562_region_00088,100,173,73,TGATTTCAGATTGTGCTTTTGGGGATTCGCCTGCAGAAGAAAAGGCTGCAGGAGAGCTCATTAGCCCAGCAGACGCTCTATCCCTGAACGAATTATACAATGAAAAGCTGCTTCTGAGGGCCACCAAAAAGAGCCAGGGCTTTGTGGAGATGGGCAGCCCTGCAGTGCAATAGAGGCTTTTTATTTGTTAAAAAGGAATT,336cf6fd158a827bcf04248dcb059282e9a8b5844f39e77c8a79c2a0826e749a,0.0,TGATTTCAGATTGTGCTTTTGGGGATTCGCCTGCAGAAGAAAAGGCTGCAGGAGAGCTCATTAGCCCAGCAGACGCTCTATCCCTGAACGAATTATACAGTGAAAAGCTGCTTCTGAGGGCCACCAAAAAGAGCCAGGGCTTTGTGGAGATGGGCAGCCCTGCAGTGCAATAGAGGCTTTTTATTTGTTAAAAAGGAATT,5b7d1f8aec35d457842d399bd743e2dd5b07ecb675175b12baba30dfbf29658f,0.0233393702330245,TGATTTCAGATTGTGCTTTTGGGGATTCGCCTGCAGAAGAAAAGGCTGCAGGAGAGCTCATTAGCCCAGCAGACGCTCTATCCCTGAACGAATTATACAATGAAAAGCTGCTTCTGAGGGCCACCAAAAAGAGCCAGGGCTTTGTGGAGATGGGCAGCCCTGCAGTGCAATACAGGCTTTTTATTTGTTAAAAAGGAATT,e90d81c832283912fda9f58826652855e778713999bdfc3d7174894dd7051671,-0.134104518867695,TGATTTCAGATTGTGCTTTTGGGGATTCGCCTGCAGAAGAAAAGGCTGCAGGAGAGCTCATTAGCCCAGCAGACGCTCTATCCCTGAACGAATTATACAGTGAAAAGCTGCTTCTGAGGGCCACCAAAAAGAGCCAGGGCTTTGTGGAGATGGGCAGCCCTGCAGTGCAATACAGGCTTTTTATTTGTTAAAAAGGAATT,28d9f1222ec4a3912f68daf81c8408c0b106871b31bb336d79bf082abcd2e2c1,0.0674295304314175,0.178194679066088,0.195689140652832,-351.6227304204367,-349.71063670516014,-341.97609378863126,-338.722663407214,1.3413366661407053,-1.0,-0.178194679066088,0.0,2,0.17714756300547269,0.17490732828716207,0.146091925319964,0.1587232018201521,1.0
chr1:10798489:C:G;chr1:10798552:T:C;var1;middle;OL30|K562|ab06f558ce308a96,chr1:10798489:C:G;chr1:10798552:T:C;var1;middle;OL30,K562,K562_region_00019,100,163,63,CCCGGAAGGACGCAGAGCACCCCACCCACCCCCTCCTTTTGGTGCCAGGTGGCCAAAGGCCCAGGCCAGTGGCTGGCAGGACGGGTGCCCACAGCAGGCCGGGGAAGGGGGAGGACAATGGCTGGCAGAGAGGCCACCTGCCTGCTGGCTGTGGACACAGGCTCCTCCTCCAGAGCCACTGCCAGGATAGGCCAGGTGGG,b6137207e862ee71876da1a982af9d556a1f5fa21aa9fd69c50fecf7ce5cfaef,0.0,CCCGGAAGGACGCAGAGCACCCCACCCACCCCCTCCTTTTGGTGCCAGGTGGCCAAAGGCCCAGGCCAGTGGCTGGCAGGACGGGTGCCCACAGCAGGCGGGGGAAGGGGGAGGACAATGGCTGGCAGAGAGGCCACCTGCCTGCTGGCTGTGGACACAGGCTCCTCCTCCAGAGCCACTGCCAGGATAGGCCAGGTGGG,c483cd2fb0cabfe7132c9979e01945f994d845f4279faf5bac4a4d79f85efddd,0.186834449191542,CCCGGAAGGACGCAGAGCACCCCACCCACCCCCTCCTTTTGGTGCCAGGTGGCCAAAGGCCCAGGCCAGTGGCTGGCAGGACGGGTGCCCACAGCAGGCCGGGGAAGGGGGAGGACAATGGCTGGCAGAGAGGCCACCTGCCTGCTGGCTGTGGACACAGGCCCCTCCTCCAGAGCCACTGCCAGGATAGGCCAGGTGGG,d2b3d5c87144626a188e6d68ff445e232a7c867b45efac2a688484826961e276,-0.112650630914543,CCCGGAAGGACGCAGAGCACCCCACCCACCCCCTCCTTTTGGTGCCAGGTGGCCAAAGGCCCAGGCCAGTGGCTGGCAGGACGGGTGCCCACAGCAGGCGGGGGAAGGGGGAGGACAATGGCTGGCAGAGAGGCCACCTGCCTGCTGGCTGTGGACACAGGCCCCTCCTCCAGAGCCACTGCCAGGATAGGCCAGGTGGG,ab06f558ce308a96d1b7fcc05bfd35877415c7b1f6a34cba349ba931e57b2941,-0.104029997223555,-0.1782138155005539,0.522667726833025,-205.2488753274083,-204.297618098557,-203.1568133160472,-203.18384639918804,-0.9782903119921684,-1.0,0.1782138155005539,0.0,1,0.18136980810556577,0.18216460459877223,0.1501433469024087,0.31490862406081765,1.0
chr1:108742123:C:G;chr1:108742130:T:C;var1;middle;OL41|K562|b8e11b61e915e793,chr1:108742123:C:G;chr1:108742130:T:C;var1;middle;OL41,K562,K562_region_00089,100,107,7,CCTAGGGCATTAACCTAGGAATGTCTTAAACAATGGAATGCCGCCATTCCTTCTCAACAGGAAGTGGGGGAAACACGCGATTGGTTTTCAAACAGTTTTCAAACAGTAGACAATACACATAGCTGCTGTAACAAAGCAGCTTCGAAAGAGATCGAATGTGTGCGCCTTTATACAAAACTTGGGACCCACTGAAGTCTGAC,d73a8338659ce6f99eaecabc70934153a01f17966f7476a12a0b8a525fbfa726,0.0,CCTAGGGCATTAACCTAGGAATGTCTTAAACAATGGAATGCCGCCATTCCTTCTCAACAGGAAGTGGGGGAAACACGCGATTGGTTTTCAAACAGTTTTGAAACAGTAGACAATACACATAGCTGCTGTAACAAAGCAGCTTCGAAAGAGATCGAATGTGTGCGCCTTTATACAAAACTTGGGACCCACTGAAGTCTGAC,7450a96dd831e7292f5c4271be861db523cfefe5d392cf69b87db6f6c246527e,-0.24362212339801,CCTAGGGCATTAACCTAGGAATGTCTTAAACAATGGAATGCCGCCATTCCTTCTCAACAGGAAGTGGGGGAAACACGCGATTGGTTTTCAAACAGTTTTCAAACAGCAGACAATACACATAGCTGCTGTAACAAAGCAGCTTCGAAAGAGATCGAATGTGTGCGCCTTTATACAAAACTTGGGACCCACTGAAGTCTGAC,d5e6b4a0ef7eb8a1afc8a0be909e25e8cc87ba981b3ef9486efec37222936ef1,-0.0013721009197564,CCTAGGGCATTAACCTAGGAATGTCTTAAACAATGGAATGCCGCCATTCCTTCTCAACAGGAAGTGGGGGAAACACGCGATTGGTTTTCAAACAGTTTTGAAACAGCAGACAATACACATAGCTGCTGTAACAAAGCAGCTTCGAAAGAGATCGAATGTGTGCGCCTTTATACAAAACTTGGGACCCACTGAAGTCTGAC,b8e11b61e915e793a52cf7acbedc04bc3717a51e9862e20437a5e7d8f9a4dad1,0.155432710592176,0.4004269349099424,0.312213983070981,-259.53340354934335,-279.0658046901226,-259.90309473872185,-276.4422389268875,2.993256952613592,-1.0,-0.4004269349099424,0.0,1,0.1854106186363028,0.18216460459877223,0.1501433469024087,0.37521527786671377,1.0
chr1:108743140:C:G;chr1:108743178:C:G;var1;middle;OL41|K562|986b9ac59bb3e20d,chr1:108743140:C:G;chr1:108743178:C:G;var1;middle;OL41,K562,K562_region_00090,100,138,38,CCGGAAGTGAGGGAGCTGGGAGCTGGGTCTCGGGAGGTGCTGTGCGGACCCGGGGTCGACCTCTGCCCAGTTGCCAGTCCCGCTGTCAGCATGCGGGTCCGAGGAAGAGGCCCCCAGCAGGTCCAGGGCTGCAGCGTCAGCGCGTCGGTGGCTTGGGAGCGGGGTCTTGAAGACTGGTTACTCCACTTAAAGACCCTCTC,d3a080662469d42481e8174675c7e3fe84e1b5db5b02efe81279e4854346f51f,0.0,CCGGAAGTGAGGGAGCTGGGAGCTGGGTCTCGGGAGGTGCTGTGCGGACCCGGGGTCGACCTCTGCCCAGTTGCCAGTCCCGCTGTCAGCATGCGGGTCGGAGGAAGAGGCCCCCAGCAGGTCCAGGGCTGCAGCGTCAGCGCGTCGGTGGCTTGGGAGCGGGGTCTTGAAGACTGGTTACTCCACTTAAAGACCCTCTC,a0286b4506d22e8687fe24ba77d64c21ae1884b5231bca1656aa8d332caf9c05,0.179125292412427,CCGGAAGTGAGGGAGCTGGGAGCTGGGTCTCGGGAGGTGCTGTGCGGACCCGGGGTCGACCTCTGCCCAGTTGCCAGTCCCGCTGTCAGCATGCGGGTCCGAGGAAGAGGCCCCCAGCAGGTCCAGGGCTGCAGCGTGAGCGCGTCGGTGGCTTGGGAGCGGGGTCTTGAAGACTGGTTACTCCACTTAAAGACCCTCTC,36a86419760de4f54c2e890838e53e44c704943a5bef149214548988cb0ada6d,0.199326774706324,CCGGAAGTGAGGGAGCTGGGAGCTGGGTCTCGGGAGGTGCTGTGCGGACCCGGGGTCGACCTCTGCCCAGTTGCCAGTCCCGCTGTCAGCATGCGGGTCGGAGGAAGAGGCCCCCAGCAGGTCCAGGGCTGCAGCGTGAGCGCGTCGGTGGCTTGGGAGCGGGGTCTTGAAGACTGGTTACTCCACTTAAAGACCCTCTC,986b9ac59bb3e20d9f8d5592a4d606e870fe84fef5f6f35e4ef8297466e34ba7,0.24748870806419,0.130963359054561,0.199196420453825,-315.7649639574811,-300.77383338380605,-302.4140810444951,-300.7467512181029,13.323800747282803,1.0,0.130963359054561,0.0,3,0.2083096008217087,0.18106719778262317,0.1474303780702046,0.053649219499112166,1.0
chr1:109265563:C:T;chr1:109265642:C:T;var1;middle;OL41|K562|cfa6a165d3e1b5a3,chr1:109265563:C:T;chr1:109265642:C:T;var1;middle;OL41,K562,K562_region_00091,100,179,79,AGTTTTTTCTTTTTCCTTTGTAAAGCTGTGAAAATTCTAAGATGTGATTTGAGTTGTACACAGCTCTAACTGTGCATACAGATAACTGCGTCTTCTTTGCGTCATGTCTCATGTCCTAGGCTTGGTGGGAGCCGCCATTTTTTAAGAAAAAGATAGGATATTTCTAGTTCTGAACATGCGTTTAGATATTTTTCCATTTT,ea38462cb5ca98730844437b6c02a599ea52419841789e3af4c6b6552fda06e3,0.0,AGTTTTTTCTTTTTCCTTTGTAAAGCTGTGAAAATTCTAAGATGTGATTTGAGTTGTACACAGCTCTAACTGTGCATACAGATAACTGCGTCTTCTTTGTGTCATGTCTCATGTCCTAGGCTTGGTGGGAGCCGCCATTTTTTAAGAAAAAGATAGGATATTTCTAGTTCTGAACATGCGTTTAGATATTTTTCCATTTT,dd30ce8db9febf4bbbf5e3cbf5a4c492e00e9fdce77a25aaabcc8aa08f93dcbc,-0.655128484931872,AGTTTTTTCTTTTTCCTTTGTAAAGCTGTGAAAATTCTAAGATGTGATTTGAGTTGTACACAGCTCTAACTGTGCATACAGATAACTGCGTCTTCTTTGCGTCATGTCTCATGTCCTAGGCTTGGTGGGAGCCGCCATTTTTTAAGAAAAAGATAGGATATTTCTAGTTCTGAACATGTGTTTAGATATTTTTCCATTTT,17155399d29af057f8c2c8778b8f97d7e989562b7aba7e684260121a1c712a5b,-0.129562823293152,AGTTTTTTCTTTTTCCTTTGTAAAGCTGTGAAAATTCTAAGATGTGATTTGAGTTGTACACAGCTCTAACTGTGCATACAGATAACTGCGTCTTCTTTGTGTCATGTCTCATGTCCTAGGCTTGGTGGGAGCCGCCATTTTTTAAGAAAAAGATAGGATATTTCTAGTTCTGAACATGTGTTTAGATATTTTTCCATTTT,cfa6a165d3e1b5a3f809226cd8333ecb4982ddbecfb8884e9d6a5217f86d3b1f,-0.644889385278384,0.1398019229466399,0.242253250937954,-311.7618802480865,-312.3511632746085,-327.2350393710658,-323.6451532128267,4.179169184761122,-1.0,-0.1398019229466399,0.0,4,0.18137903586586035,0.17620727786206916,0.145609630836647,-0.03432039988765384,1.0
chr1:109634613:C:T;chr1:109634688:T:G;var1;middle;OL41|K562|2d734ca6698771e0,chr1:109634613:C:T;chr1:109634688:T:G;var1;middle;OL41,K562,K562_region_00092,100,175,75,TTTGGAGCTTCCTGGGAAGTCAGAGGTCTCAGGATACTAGGCACAGTAAGAAAAGGGAATTTACCCAGAGGAAGACAGAATCTGAACCAGGAAGTAAGACAGCAGTTTGACACGGTAGTTGCTGAATAAATTTTAGTCATTCTTCCCCCATTTTGTGGTCCAATATCTTCTTGTTTTTTGCAATTAGGTGATTCATTGTG,83aecd30ce54aef25670b74eed2740252e70a5f61bebb41bb4453f58f332406a,0.0,TTTGGAGCTTCCTGGGAAGTCAGAGGTCTCAGGATACTAGGCACAGTAAGAAAAGGGAATTTACCCAGAGGAAGACAGAATCTGAACCAGGAAGTAAGATAGCAGTTTGACACGGTAGTTGCTGAATAAATTTTAGTCATTCTTCCCCCATTTTGTGGTCCAATATCTTCTTGTTTTTTGCAATTAGGTGATTCATTGTG,3ca6a35f00b503c71db32eb78d540dd79c2f2eaf6443f8afd6a9b358e02b3b63,-0.47583230991399,TTTGGAGCTTCCTGGGAAGTCAGAGGTCTCAGGATACTAGGCACAGTAAGAAAAGGGAATTTACCCAGAGGAAGACAGAATCTGAACCAGGAAGTAAGACAGCAGTTTGACACGGTAGTTGCTGAATAAATTTTAGTCATTCTTCCCCCATTTTGTGGTCCAATATCTTCTTGTGTTTTGCAATTAGGTGATTCATTGTG,620534fd590a9057f2f6da0b0dec4bc4152efb895401130c9266dea6b362b40e,-0.448892554000087,TTTGGAGCTTCCTGGGAAGTCAGAGGTCTCAGGATACTAGGCACAGTAAGAAAAGGGAATTTACCCAGAGGAAGACAGAATCTGAACCAGGAAGTAAGATAGCAGTTTGACACGGTAGTTGCTGAATAAATTTTAGTCATTCTTCCCCCATTTTGTGGTCCAATATCTTCTTGTGTTTTGCAATTAGGTGATTCATTGTG,2d734ca6698771e0b5d4216087227931bf7ddb375b3cd7a4368858a77e60d9c8,-0.709915937148815,-0.2148089267652621,0.422727049775521,-384.2435265351087,-395.2223787847906,-386.1425288198516,-397.0759812351316,-0.04539983440190554,1.0,-0.2148089267652621,0.0,1,0.182318968071372,0.18216460459877223,0.1501433469024087,0.13136421096523257,1.0
chr1:109727422:A:G;chr1:109727475:T:C;var1;middle;OL41|K562|a3766033f50091cc,chr1:109727422:A:G;chr1:109727475:T:C;var1;middle;OL41,K562,K562_region_00093,100,153,53,CAGTGGTTAACCTGCAAGAAGCTGTTTCCGTCTACCCTCCTTGCTGGTCCTTTGGCCAGGCCACTTCTCCCTCCCTTGCCCCATGGGGCGGGGGACGGGAAGCGGCAAACAGTGGTTTCTCATCAGCACCTGGAACAGGTGCAAAGGGAAGCTTGAGCAGGGTTGGGGAACTGGAAATGACACTATTGAGACAAGGGGAA,1b4b61c3ea29c8ec7584919ebfe9bec544ca7a1c0be6071407d5bb707acbf14e,0.0,CAGTGGTTAACCTGCAAGAAGCTGTTTCCGTCTACCCTCCTTGCTGGTCCTTTGGCCAGGCCACTTCTCCCTCCCTTGCCCCATGGGGCGGGGGACGGGGAGCGGCAAACAGTGGTTTCTCATCAGCACCTGGAACAGGTGCAAAGGGAAGCTTGAGCAGGGTTGGGGAACTGGAAATGACACTATTGAGACAAGGGGAA,4bdaf79e25a8b5adaccba8a8b5ae024a42626bf2139eeb5c67fd6fc6d059600f,0.254102102287019,CAGTGGTTAACCTGCAAGAAGCTGTTTCCGTCTACCCTCCTTGCTGGTCCTTTGGCCAGGCCACTTCTCCCTCCCTTGCCCCATGGGGCGGGGGACGGGAAGCGGCAAACAGTGGTTTCTCATCAGCACCTGGAACAGGTGCAAAGGGAAGCCTGAGCAGGGTTGGGGAACTGGAAATGACACTATTGAGACAAGGGGAA,faec0aabc15bf2e4ae54c801d2c4937bfe84285d61c59b3409716de037448afd,-0.0854930039250244,CAGTGGTTAACCTGCAAGAAGCTGTTTCCGTCTACCCTCCTTGCTGGTCCTTTGGCCAGGCCACTTCTCCCTCCCTTGCCCCATGGGGCGGGGGACGGGGAGCGGCAAACAGTGGTTTCTCATCAGCACCTGGAACAGGTGCAAAGGGAAGCCTGAGCAGGGTTGGGGAACTGGAAATGACACTATTGAGACAAGGGGAA,a3766033f50091cc8fac2d828f8babeb37b3fb39a81ec27be6cf0135879e3729,-0.245311025942684,0.4139201243046786,0.364793061587545,-304.2263932186179,-283.7686237664893,-272.18881197087467,-271.6308972351253,19.899854716379195,1.0,0.4139201243046786,0.0,4,0.20086343144350285,0.17620727786206916,0.145609630836647,0.23536877880004106,1.0
chr1:11024381:A:G;chr1:11024395:T:C;var1;middle;OL41|K562|2299d8e87730e7e1,chr1:11024381:A:G;chr1:11024395:T:C;var1;middle;OL41,K562,K562_region_00020,100,114,14,ATCACCCCTTTCTGAAATATTCTGATTTCCAGCCTGTAATTTGCTTTCTGGAAGTAGGGCAAAATTCATGTATGCAAATGAGAGAGGAAAATACAGTTAATAGCCTGCAATTATAGGTCAGTCCCTGTTCACAGCAAATAGGACACCATGAACCTCCTAGAAGGTGGGCTTGTGGAAGAGGGATGGGAAACGAGACCAAG,3a4c8cbaab54419651add56fee125662fade8765ff46ea26b03724570e60c19f,0.0,ATCACCCCTTTCTGAAATATTCTGATTTCCAGCCTGTAATTTGCTTTCTGGAAGTAGGGCAAAATTCATGTATGCAAATGAGAGAGGAAAATACAGTTAGTAGCCTGCAATTATAGGTCAGTCCCTGTTCACAGCAAATAGGACACCATGAACCTCCTAGAAGGTGGGCTTGTGGAAGAGGGATGGGAAACGAGACCAAG,1cf45df572478aa08e567bb74288323bbb9ca0e960dcde4ea33e58cd9584e7f9,0.270798206752039,ATCACCCCTTTCTGAAATATTCTGATTTCCAGCCTGTAATTTGCTTTCTGGAAGTAGGGCAAAATTCATGTATGCAAATGAGAGAGGAAAATACAGTTAATAGCCTGCAATTACAGGTCAGTCCCTGTTCACAGCAAATAGGACACCATGAACCTCCTAGAAGGTGGGCTTGTGGAAGAGGGATGGGAAACGAGACCAAG,67aca8e17e20ac23808adfb6590183251cb12aedd1c1e6346eb03a77541abd57,0.333273118196216,ATCACCCCTTTCTGAAATATTCTGATTTCCAGCCTGTAATTTGCTTTCTGGAAGTAGGGCAAAATTCATGTATGCAAATGAGAGAGGAAAATACAGTTAGTAGCCTGCAATTACAGGTCAGTCCCTGTTCACAGCAAATAGGACACCATGAACCTCCTAGAAGGTGGGCTTGTGGAAGAGGGATGGGAAACGAGACCAAG,2299d8e87730e7e1925f02dc6b28ef22ca3c68a8010f80cef0cf5cf510e7d3d9,0.0942720478662312,0.5097992770820238,0.333446407721691,-340.8528729612008,-331.04738626861945,-337.5321224334184,-332.91851450456306,5.191878763725981,1.0,0.5097992770820238,0.0,3,0.19193040219306165,0.18106719778262317,0.1474303780702046,0.2714902997369194,1.0
chr1:110246810:G:A;chr1:110246859:G:A;var1;middle;OL41|K562|1f42166da0807cba,chr1:110246810:G:A;chr1:110246859:G:A;var1;middle;OL41,K562,K562_region_00094,100,149,49,CCTGCAGTTACCACAGTTTTCTGAATCTGGCGACCTTCTACCTCTTCCACAGCTTTCCTCTCCCACTCGGGCTTCATTATCTGCTCAGCCTCTCCCTTCGCCTACTCCTCCCCCACCTAACGATATTGAGGATTCAATATCTAACTCCGGTGACTTTGGCTTAATGTCACCCCCGATGGTCTTATTTCTTTTCATGAAGA,cfa9ed15eeefbb18a24fdd86cc2300dcf7189d40ff5bba334a3af6e5acaee9d6,0.0,CCTGCAGTTACCACAGTTTTCTGAATCTGGCGACCTTCTACCTCTTCCACAGCTTTCCTCTCCCACTCGGGCTTCATTATCTGCTCAGCCTCTCCCTTCACCTACTCCTCCCCCACCTAACGATATTGAGGATTCAATATCTAACTCCGGTGACTTTGGCTTAATGTCACCCCCGATGGTCTTATTTCTTTTCATGAAGA,914fd87b8518fb57df9f4a6ffeb3ec37943aedf12bbf6935c93ad50319b7d66a,-0.383439022804882,CCTGCAGTTACCACAGTTTTCTGAATCTGGCGACCTTCTACCTCTTCCACAGCTTTCCTCTCCCACTCGGGCTTCATTATCTGCTCAGCCTCTCCCTTCGCCTACTCCTCCCCCACCTAACGATATTGAGGATTCAATATCTAACTCCAGTGACTTTGGCTTAATGTCACCCCCGATGGTCTTATTTCTTTTCATGAAGA,f31392a5bc35cecb446ecb27800e968f8dbd519c1a0d8049f2096c7116995b83,-0.0552826331963895,CCTGCAGTTACCACAGTTTTCTGAATCTGGCGACCTTCTACCTCTTCCACAGCTTTCCTCTCCCACTCGGGCTTCATTATCTGCTCAGCCTCTCCCTTCACCTACTCCTCCCCCACCTAACGATATTGAGGATTCAATATCTAACTCCAGTGACTTTGGCTTAATGTCACCCCCGATGGTCTTATTTCTTTTCATGAAGA,1f42166da0807cba86c2c14fd07ed689e1092dbfc84638fe841ff2d9d18afbf6,-0.0577208377567358,0.3810008182445357,0.437770386036295,-297.5146362930536,-261.1179055199027,-309.7867508935742,-294.2632361757569,-20.873216055333614,-1.0,-0.3810008182445357,0.0,4,0.15032882605155232,0.17620727786206916,0.145609630836647,0.4072736164202209,1.0
chr1:110247164:C:T;chr1:110247240:C:A;var1;middle;OL41|K562|1122aaf899aa48f2,chr1:110247164:C:T;chr1:110247240:C:A;var1;middle;OL41,K562,K562_region_00095,100,176,76,CCCCACCGCAGCCCCTCACCCTCCTGTCATTTCGGTCCCTCAACCAGTCACTTTGCCATTCACTCAACCTGCTTCTCTGTACCCTTCTTCACACATGGACGCCCCTGCCACTCTGGTTGCACAGGATTTCCCAATAATCACCAGTATGCTTCTGTCTCTTCTGCTCCCCCAATGCCCCTTTCTCACACTCTCATACTGGT,5dbfad3ce73183f850597a6ea32fd360712e1d7251942a1ee9ff1f28e823453f,0.0,CCCCACCGCAGCCCCTCACCCTCCTGTCATTTCGGTCCCTCAACCAGTCACTTTGCCATTCACTCAACCTGCTTCTCTGTACCCTTCTTCACACATGGATGCCCCTGCCACTCTGGTTGCACAGGATTTCCCAATAATCACCAGTATGCTTCTGTCTCTTCTGCTCCCCCAATGCCCCTTTCTCACACTCTCATACTGGT,8bcefc03a42feed2e9d40a9a32f3c8b4ab519aec9b1eed2de23212521fc37749,2.04398406935763,CCCCACCGCAGCCCCTCACCCTCCTGTCATTTCGGTCCCTCAACCAGTCACTTTGCCATTCACTCAACCTGCTTCTCTGTACCCTTCTTCACACATGGACGCCCCTGCCACTCTGGTTGCACAGGATTTCCCAATAATCACCAGTATGCTTCTGTCTCTTCTGCTCCCCCAATGCACCTTTCTCACACTCTCATACTGGT,e2570ba1cf367521eafaa3f411edad0964ce5c8f944eb7ff47c7e8b9cd0681b7,1.23992401287579,CCCCACCGCAGCCCCTCACCCTCCTGTCATTTCGGTCCCTCAACCAGTCACTTTGCCATTCACTCAACCTGCTTCTCTGTACCCTTCTTCACACATGGATGCCCCTGCCACTCTGGTTGCACAGGATTTCCCAATAATCACCAGTATGCTTCTGTCTCTTCTGCTCCCCCAATGCACCTTTCTCACACTCTCATACTGGT,1122aaf899aa48f21f906cc11d5af748928a86894289196333dcff3f819a0dc1,0.880944673405696,2.402963408827724,0.532547198042089,-257.4192824587226,-245.42116115242243,-289.27722640894353,-282.7970564328134,5.517951330170035,1.0,2.402963408827724,0.0,3,0.19258717279956025,0.18106719778262317,0.1474303780702046,0.28914413150038387,1.0
chr1:110254396:C:G;chr1:110254411:C:T;var1;middle;OL41|K562|70f15d96b1468b4e,chr1:110254396:C:G;chr1:110254411:C:T;var1;middle;OL41,K562,K562_region_00096,100,115,15,CTTTACTCTGGCCCTTTTCCTGGGGGTCCTTCCTATACCACTGACACTGTTCCTGTGTAGGCGGGGCTAGAGGGGAGACTAAGCCCTCGGAGTAGCTTTCGGATCAGAGGAAGTCCTGCTCTTACAGTGACAGGGGCTGAATTAAATTCCCAGGTTGGGACCACCACTTTTTAGTCTGACCCCTGCAGCCGGAGTCTCCC,6b4966735c34aeb652f232ddaddca0c9f499465ffdfa3618c9bfe5696d04b5f0,0.0,CTTTACTCTGGCCCTTTTCCTGGGGGTCCTTCCTATACCACTGACACTGTTCCTGTGTAGGCGGGGCTAGAGGGGAGACTAAGCCCTCGGAGTAGCTTTGGGATCAGAGGAAGTCCTGCTCTTACAGTGACAGGGGCTGAATTAAATTCCCAGGTTGGGACCACCACTTTTTAGTCTGACCCCTGCAGCCGGAGTCTCCC,67dbb2b4875d74f91d130915346f67dd82f5468eebbc37e3c2000392d6909de1,-0.247510885638066,CTTTACTCTGGCCCTTTTCCTGGGGGTCCTTCCTATACCACTGACACTGTTCCTGTGTAGGCGGGGCTAGAGGGGAGACTAAGCCCTCGGAGTAGCTTTCGGATCAGAGGAAGTTCTGCTCTTACAGTGACAGGGGCTGAATTAAATTCCCAGGTTGGGACCACCACTTTTTAGTCTGACCCCTGCAGCCGGAGTCTCCC,5f9a0b0b985e4185dc8c81bf69d21cae559c186321acf555f8712e4ed76ae128,0.0817621492992767,CTTTACTCTGGCCCTTTTCCTGGGGGTCCTTCCTATACCACTGACACTGTTCCTGTGTAGGCGGGGCTAGAGGGGAGACTAAGCCCTCGGAGTAGCTTTGGGATCAGAGGAAGTTCTGCTCTTACAGTGACAGGGGCTGAATTAAATTCCCAGGTTGGGACCACCACTTTTTAGTCTGACCCCTGCAGCCGGAGTCTCCC,70f15d96b1468b4e0a2e5853866a065f78552b51c4617c331facc01155e1518b,-0.221810474796122,-0.0560617384573327,0.157876103575593,-413.3387241633609,-409.6592080872506,-412.4560140592512,-407.9758347924799,0.8006631906609982,-1.0,0.0560617384573327,0.0,2,0.1763602987107407,0.17490732828716207,0.146091925319964,0.2051543516121709,1.0
chr1:110254396:C:G;chr1:110254456:A:G;var1;middle;OL41|K562|1db0505a694a848f,chr1:110254396:C:G;chr1:110254456:A:G;var1;middle;OL41,K562,K562_region_00096,100,160,60,CTTTACTCTGGCCCTTTTCCTGGGGGTCCTTCCTATACCACTGACACTGTTCCTGTGTAGGCGGGGCTAGAGGGGAGACTAAGCCCTCGGAGTAGCTTTCGGATCAGAGGAAGTCCTGCTCTTACAGTGACAGGGGCTGAATTAAATTCCCAGGTTGGGACCACCACTTTTTAGTCTGACCCCTGCAGCCGGAGTCTCCC,6b4966735c34aeb652f232ddaddca0c9f499465ffdfa3618c9bfe5696d04b5f0,0.0,CTTTACTCTGGCCCTTTTCCTGGGGGTCCTTCCTATACCACTGACACTGTTCCTGTGTAGGCGGGGCTAGAGGGGAGACTAAGCCCTCGGAGTAGCTTTGGGATCAGAGGAAGTCCTGCTCTTACAGTGACAGGGGCTGAATTAAATTCCCAGGTTGGGACCACCACTTTTTAGTCTGACCCCTGCAGCCGGAGTCTCCC,67dbb2b4875d74f91d130915346f67dd82f5468eebbc37e3c2000392d6909de1,-0.24755216353716,CTTTACTCTGGCCCTTTTCCTGGGGGTCCTTCCTATACCACTGACACTGTTCCTGTGTAGGCGGGGCTAGAGGGGAGACTAAGCCCTCGGAGTAGCTTTCGGATCAGAGGAAGTCCTGCTCTTACAGTGACAGGGGCTGAATTAAATTCCCAGGTTGGGGCCACCACTTTTTAGTCTGACCCCTGCAGCCGGAGTCTCCC,70da0e2419a674736ddfe08b264c5bfb1449a6e4d0e4cb049b4a9e92c7266635,0.45392116826316,CTTTACTCTGGCCCTTTTCCTGGGGGTCCTTCCTATACCACTGACACTGTTCCTGTGTAGGCGGGGCTAGAGGGGAGACTAAGCCCTCGGAGTAGCTTTGGGATCAGAGGAAGTCCTGCTCTTACAGTGACAGGGGCTGAATTAAATTCCCAGGTTGGGGCCACCACTTTTTAGTCTGACCCCTGCAGCCGGAGTCTCCC,1db0505a694a848f27334748a20b5f0abe9d2a5bdef6390259dab7598f221444,0.130224613663554,-0.0761443910624459,0.169787724482685,-413.3387241633609,-409.6592080872506,-418.8544310266152,-413.6885595531203,1.4863553973846138,-1.0,0.0761443910624459,0.0,2,0.17735872200319192,0.17490732828716207,0.146091925319964,0.27686781314976505,1.0
chr1:110254411:C:T;chr1:110254456:A:G;var1;middle;OL41|K562|377054a19c479263,chr1:110254411:C:T;chr1:110254456:A:G;var1;middle;OL41,K562,K562_region_00096,100,145,45,TTTCCTGGGGGTCCTTCCTATACCACTGACACTGTTCCTGTGTAGGCGGGGCTAGAGGGGAGACTAAGCCCTCGGAGTAGCTTTCGGATCAGAGGAAGTCCTGCTCTTACAGTGACAGGGGCTGAATTAAATTCCCAGGTTGGGACCACCACTTTTTAGTCTGACCCCTGCAGCCGGAGTCTCCCAGAGCCCTTGGGAAC,a75c1dfdf1fcd69d66f19cc269a44ec373259b0962e3b38d712637b790fbccc0,0.0,TTTCCTGGGGGTCCTTCCTATACCACTGACACTGTTCCTGTGTAGGCGGGGCTAGAGGGGAGACTAAGCCCTCGGAGTAGCTTTCGGATCAGAGGAAGTTCTGCTCTTACAGTGACAGGGGCTGAATTAAATTCCCAGGTTGGGACCACCACTTTTTAGTCTGACCCCTGCAGCCGGAGTCTCCCAGAGCCCTTGGGAAC,2c96d268248d81bbc2176951dc42ffafcafbd7eb95fb393982211df2feb5a8d0,-0.11222821610325,TTTCCTGGGGGTCCTTCCTATACCACTGACACTGTTCCTGTGTAGGCGGGGCTAGAGGGGAGACTAAGCCCTCGGAGTAGCTTTCGGATCAGAGGAAGTCCTGCTCTTACAGTGACAGGGGCTGAATTAAATTCCCAGGTTGGGGCCACCACTTTTTAGTCTGACCCCTGCAGCCGGAGTCTCCCAGAGCCCTTGGGAAC,5fd2c42acf56a620fe3dc201953642dfe4ac77355d36a325f7451b603941d90e,0.120520581113651,TTTCCTGGGGGTCCTTCCTATACCACTGACACTGTTCCTGTGTAGGCGGGGCTAGAGGGGAGACTAAGCCCTCGGAGTAGCTTTCGGATCAGAGGAAGTTCTGCTCTTACAGTGACAGGGGCTGAATTAAATTCCCAGGTTGGGGCCACCACTTTTTAGTCTGACCCCTGCAGCCGGAGTCTCCCAGAGCCCTTGGGAAC,377054a19c479263ab1c66e97ea0905af9ca89ac06d957eeb3e980271b343f99,0.227562410969939,0.219270045959538,0.19639795203944,-304.0472599118948,-305.8393333107233,-306.14905039034784,-305.03637501597404,2.9047487732023,-1.0,-0.219270045959538,0.0,2,0.17942401743806582,0.17490732828716207,0.146091925319964,0.2883727848202752,1.0
chr1:110254411:C:T;chr1:110254493:T:C;var1;middle;OL41|K562|6683d27b09d7281e,chr1:110254411:C:T;chr1:110254493:T:C;var1;middle;OL41,K562,K562_region_00096,100,182,82,TTTCCTGGGGGTCCTTCCTATACCACTGACACTGTTCCTGTGTAGGCGGGGCTAGAGGGGAGACTAAGCCCTCGGAGTAGCTTTCGGATCAGAGGAAGTCCTGCTCTTACAGTGACAGGGGCTGAATTAAATTCCCAGGTTGGGACCACCACTTTTTAGTCTGACCCCTGCAGCCGGAGTCTCCCAGAGCCCTTGGGAAC,a75c1dfdf1fcd69d66f19cc269a44ec373259b0962e3b38d712637b790fbccc0,0.0,TTTCCTGGGGGTCCTTCCTATACCACTGACACTGTTCCTGTGTAGGCGGGGCTAGAGGGGAGACTAAGCCCTCGGAGTAGCTTTCGGATCAGAGGAAGTTCTGCTCTTACAGTGACAGGGGCTGAATTAAATTCCCAGGTTGGGACCACCACTTTTTAGTCTGACCCCTGCAGCCGGAGTCTCCCAGAGCCCTTGGGAAC,2c96d268248d81bbc2176951dc42ffafcafbd7eb95fb393982211df2feb5a8d0,-0.112286521340334,TTTCCTGGGGGTCCTTCCTATACCACTGACACTGTTCCTGTGTAGGCGGGGCTAGAGGGGAGACTAAGCCCTCGGAGTAGCTTTCGGATCAGAGGAAGTCCTGCTCTTACAGTGACAGGGGCTGAATTAAATTCCCAGGTTGGGACCACCACTTTTTAGTCTGACCCCTGCAGCCGGAGTCCCCCAGAGCCCTTGGGAAC,d8b2456400c026c0dc307c80b62b045c636c778651b6700edab0292792492660,-0.222324568130238,TTTCCTGGGGGTCCTTCCTATACCACTGACACTGTTCCTGTGTAGGCGGGGCTAGAGGGGAGACTAAGCCCTCGGAGTAGCTTTCGGATCAGAGGAAGTTCTGCTCTTACAGTGACAGGGGCTGAATTAAATTCCCAGGTTGGGACCACCACTTTTTAGTCTGACCCCTGCAGCCGGAGTCCCCCAGAGCCCTTGGGAAC,6683d27b09d7281e86f18c23c2ae765d6805dc7bcf0beedd456b71e7cab70792,-0.239928827351306,-0.094682262119266,0.211700974464867,-304.0472599118948,-305.8393333107233,-309.9767130482942,-308.6429087165743,-3.125877730548382,1.0,-0.094682262119266,0.0,2,0.17064293766148714,0.17490732828716207,0.146091925319964,0.19717716516692024,1.0
chr1:110254456:A:G;chr1:110254493:T:C;var1;middle;OL41|K562|d70c7adaaa050c54,chr1:110254456:A:G;chr1:110254493:T:C;var1;middle;OL41,K562,K562_region_00096,100,137,37,GCGGGGCTAGAGGGGAGACTAAGCCCTCGGAGTAGCTTTCGGATCAGAGGAAGTCCTGCTCTTACAGTGACAGGGGCTGAATTAAATTCCCAGGTTGGGACCACCACTTTTTAGTCTGACCCCTGCAGCCGGAGTCTCCCAGAGCCCTTGGGAACTCGGCAGCGGAGAGAAGGCTGAGGGATTCTGCGGGCAGGGAGGAG,1b435619e2d15c735671d6046e368931f151d91ad6b63520ca2f8cc3808382f4,0.0,GCGGGGCTAGAGGGGAGACTAAGCCCTCGGAGTAGCTTTCGGATCAGAGGAAGTCCTGCTCTTACAGTGACAGGGGCTGAATTAAATTCCCAGGTTGGGGCCACCACTTTTTAGTCTGACCCCTGCAGCCGGAGTCTCCCAGAGCCCTTGGGAACTCGGCAGCGGAGAGAAGGCTGAGGGATTCTGCGGGCAGGGAGGAG,ebc72cc8f05d850d09e1db9838bd6e8c415b323ae75b41a474d649c9cce61ede,0.274241626037593,GCGGGGCTAGAGGGGAGACTAAGCCCTCGGAGTAGCTTTCGGATCAGAGGAAGTCCTGCTCTTACAGTGACAGGGGCTGAATTAAATTCCCAGGTTGGGACCACCACTTTTTAGTCTGACCCCTGCAGCCGGAGTCCCCCAGAGCCCTTGGGAACTCGGCAGCGGAGAGAAGGCTGAGGGATTCTGCGGGCAGGGAGGAG,e007cfa3e96ac2639905ea03d42a351998b5c11ee5c565ba940aa4e724f132d3,-0.0457629155279589,GCGGGGCTAGAGGGGAGACTAAGCCCTCGGAGTAGCTTTCGGATCAGAGGAAGTCCTGCTCTTACAGTGACAGGGGCTGAATTAAATTCCCAGGTTGGGGCCACCACTTTTTAGTCTGACCCCTGCAGCCGGAGTCCCCCAGAGCCCTTGGGAACTCGGCAGCGGAGAGAAGGCTGAGGGATTCTGCGGGCAGGGAGGAG,d70c7adaaa050c546e08877fcbfe9e40c4b7d51118aa527f4deb1a2a18433f3a,-0.183458826278173,0.4119375367878071,0.438305162351679,-366.4560202630237,-339.5617338004522,-356.1385810021311,-330.21793002821505,0.9736354886554182,1.0,0.4119375367878071,0.0,2,0.17661216036174537,0.17490732828716207,0.146091925319964,0.14549803211568588,1.0
chr1:110254493:T:C;chr1:110254541:T:C;var1;middle;OL41|K562|50094e2dba5d3a22,chr1:110254493:T:C;chr1:110254541:T:C;var1;middle;OL41,K562,K562_region_00096,100,148,48,TTCGGATCAGAGGAAGTCCTGCTCTTACAGTGACAGGGGCTGAATTAAATTCCCAGGTTGGGACCACCACTTTTTAGTCTGACCCCTGCAGCCGGAGTCTCCCAGAGCCCTTGGGAACTCGGCAGCGGAGAGAAGGCTGAGGGATTCTGCGGGCAGGGAGGAGAAGGGAGAAGAGCTTTGCTCCGTTAGGATCTGGCTGG,048a5c961301e79ed18be80b14f6a6dc7be4b07c39b4a6a8698f37dc627bc02f,0.0,TTCGGATCAGAGGAAGTCCTGCTCTTACAGTGACAGGGGCTGAATTAAATTCCCAGGTTGGGACCACCACTTTTTAGTCTGACCCCTGCAGCCGGAGTCCCCCAGAGCCCTTGGGAACTCGGCAGCGGAGAGAAGGCTGAGGGATTCTGCGGGCAGGGAGGAGAAGGGAGAAGAGCTTTGCTCCGTTAGGATCTGGCTGG,b33214852ffc0a1b2e1b9078f43c80081b5a75d8abd007d10f3170be135e584a,-0.295054722913014,TTCGGATCAGAGGAAGTCCTGCTCTTACAGTGACAGGGGCTGAATTAAATTCCCAGGTTGGGACCACCACTTTTTAGTCTGACCCCTGCAGCCGGAGTCTCCCAGAGCCCTTGGGAACTCGGCAGCGGAGAGAAGGCTGAGGGATTCCGCGGGCAGGGAGGAGAAGGGAGAAGAGCTTTGCTCCGTTAGGATCTGGCTGG,48f60a186738db8ef1728a97efde5591cd79e0c752975204b09c23035a5cea27,-0.28155652312386,TTCGGATCAGAGGAAGTCCTGCTCTTACAGTGACAGGGGCTGAATTAAATTCCCAGGTTGGGACCACCACTTTTTAGTCTGACCCCTGCAGCCGGAGTCCCCCAGAGCCCTTGGGAACTCGGCAGCGGAGAGAAGGCTGAGGGATTCCGCGGGCAGGGAGGAGAAGGGAGAAGAGCTTTGCTCCGTTAGGATCTGGCTGG,50094e2dba5d3a22cf5d250c582dc4e515b7ca805a18f5cd8a7cfe4754e7d347,0.0212410231983369,0.5978522692352108,0.301760165695214,-241.6878887116909,-241.99837590754032,-244.64799927175045,-244.71624566614628,0.2422408014535904,-1.0,-0.5978522692352108,0.0,2,0.17554719056258922,0.17490732828716207,0.146091925319964,0.18369333376973757,1.0
chr1:110270093:A:C;chr1:110270165:T:C;var1;middle;OL41|K562|f065062ec97199f8,chr1:110270093:A:C;chr1:110270165:T:C;var1;middle;OL41,K562,K562_region_00097,100,172,72,TAGGATTTGGGTAGGTAGTGGAAAATTACAGTCAAAGGGGGTTGTTCGCCTGTAGGCAGGGGCGGGAGTCACAAGGTGCTCAGTGGGGGAGCTTCTGAGACAGGAAAAGGAATTTCACAAGGTAATGTCATCAGTTGAGGCAGGAACCAGCCATTTTCACTTCTTTTATGGTTCTTCAGTTGCCTCAGGCCCTCTGGATG,f4858cd9839391854d7203a177c59d666146703c6be6dd719d28f1b46e3f0abe,0.0,TAGGATTTGGGTAGGTAGTGGAAAATTACAGTCAAAGGGGGTTGTTCGCCTGTAGGCAGGGGCGGGAGTCACAAGGTGCTCAGTGGGGGAGCTTCTGAGCCAGGAAAAGGAATTTCACAAGGTAATGTCATCAGTTGAGGCAGGAACCAGCCATTTTCACTTCTTTTATGGTTCTTCAGTTGCCTCAGGCCCTCTGGATG,9f6acca301c689c3fc2a0c8fc54d51225ad9cb58891a1878c0c80fe57f10c4f4,-0.367294391360269,TAGGATTTGGGTAGGTAGTGGAAAATTACAGTCAAAGGGGGTTGTTCGCCTGTAGGCAGGGGCGGGAGTCACAAGGTGCTCAGTGGGGGAGCTTCTGAGACAGGAAAAGGAATTTCACAAGGTAATGTCATCAGTTGAGGCAGGAACCAGCCATTTTCACTTCTTTTATGGCTCTTCAGTTGCCTCAGGCCCTCTGGATG,d6cc2700f38bc558a0febedfab23d0187e4316722eef25d79844e9442929de6b,-0.0203513253685504,TAGGATTTGGGTAGGTAGTGGAAAATTACAGTCAAAGGGGGTTGTTCGCCTGTAGGCAGGGGCGGGAGTCACAAGGTGCTCAGTGGGGGAGCTTCTGAGCCAGGAAAAGGAATTTCACAAGGTAATGTCATCAGTTGAGGCAGGAACCAGCCATTTTCACTTCTTTTATGGCTCTTCAGTTGCCTCAGGCCCTCTGGATG,f065062ec97199f8447c3f668bfc4bd3f45b04aa615663d559811f9cab9d6bb2,-0.411664769032669,0.0240190523038496,0.211672113761244,-399.171811606735,-381.0288239931688,-404.7044112691656,-387.2051995629445,0.6437759073451161,1.0,0.0240190523038496,0.0,2,0.17613185814161067,0.17490732828716207,0.146091925319964,0.1815477738416175,1.0
chr1:113172278:G:T;chr1:113172282:C:A;var1;middle;OL29|K562|b1b22ef62b9f5d2e,chr1:113172278:G:T;chr1:113172282:C:A;var1;middle;OL29,K562,K562_region_00098,100,104,4,TTTCATTGTTAACTCTCATAGGGCAGTCTGATTTCCAAGTTTTGTGAGGCCATATTGAGGACTCCAGTACTTCTGTATTACTGATAGATTTTTATTAATGGAGCTTTGTCCTCAGAAAGCTTTAGCAAGTGGCCATTGCCAATGACATACGGAATGAAACCAGATTTGGTATTACCATCATTACTGCTATCTGACTTACC,f34f91036f95b6621106d9b48c407245bedc46890bf48eed3182c8d7b0b3447c,0.0,TTTCATTGTTAACTCTCATAGGGCAGTCTGATTTCCAAGTTTTGTGAGGCCATATTGAGGACTCCAGTACTTCTGTATTACTGATAGATTTTTATTAATTGAGCTTTGTCCTCAGAAAGCTTTAGCAAGTGGCCATTGCCAATGACATACGGAATGAAACCAGATTTGGTATTACCATCATTACTGCTATCTGACTTACC,2964dc41ad57d232737f1b0c5f9006540b3b2e2005a2c4889dad80aac3f85a2a,0.0495713917121045,TTTCATTGTTAACTCTCATAGGGCAGTCTGATTTCCAAGTTTTGTGAGGCCATATTGAGGACTCCAGTACTTCTGTATTACTGATAGATTTTTATTAATGGAGATTTGTCCTCAGAAAGCTTTAGCAAGTGGCCATTGCCAATGACATACGGAATGAAACCAGATTTGGTATTACCATCATTACTGCTATCTGACTTACC,f3cdf6ad327fbbd8403c39cd912f710baecce74cc528a7f7e27ce2e1b3803090,0.125992304048367,TTTCATTGTTAACTCTCATAGGGCAGTCTGATTTCCAAGTTTTGTGAGGCCATATTGAGGACTCCAGTACTTCTGTATTACTGATAGATTTTTATTAATTGAGATTTGTCCTCAGAAAGCTTTAGCAAGTGGCCATTGCCAATGACATACGGAATGAAACCAGATTTGGTATTACCATCATTACTGCTATCTGACTTACC,b1b22ef62b9f5d2ed3d176ed72e77c3d1679217218f19e3ea1bfd8d3b3870b17,0.0861894024420314,0.0893742933184401,0.206020129349484,-298.82026630826294,-263.23426696658134,-264.02692525088787,-262.3603827506304,33.91945684142411,1.0,0.0893742933184401,0.0,0,0.2293418110919785,0.18565657667894103,0.15145376406925343,0.1315079070149779,1.0
chr1:1152601:A:G;chr1:1152631:C:A;var1;middle;OL41|K562|09c4fee80534f0fd,chr1:1152601:A:G;chr1:1152631:C:A;var1;middle;OL41,K562,K562_region_00004,100,130,30,TGGAGGAGCTGTTTTTTCCCACGGAGCGGCGGCCCTGGGAGGGGCCGGGCCCAGAGGTTCCGGCCGCGATGCCGTCAGCGCCTTCGGCAGAGTGACTGAAGCGAGATTTCGTTCTCAGAAGTGAGATGCCACGATTTCGAGGGACCAGGGAGGAGGCGGCGCCGCGGGGCCACAGCCCAGCCCCGCGCCCCGACCGCGTC,d2388a09df1f019ab7528856ec3caddf6b1d90625fa69d276df2d956e0fbe0ce,0.0,TGGAGGAGCTGTTTTTTCCCACGGAGCGGCGGCCCTGGGAGGGGCCGGGCCCAGAGGTTCCGGCCGCGATGCCGTCAGCGCCTTCGGCAGAGTGACTGAGGCGAGATTTCGTTCTCAGAAGTGAGATGCCACGATTTCGAGGGACCAGGGAGGAGGCGGCGCCGCGGGGCCACAGCCCAGCCCCGCGCCCCGACCGCGTC,f0e7ad801f69cd0395c72f7489d456f67d07da27a4d7ebdefb2c0ca25f5dd15b,0.150855265969315,TGGAGGAGCTGTTTTTTCCCACGGAGCGGCGGCCCTGGGAGGGGCCGGGCCCAGAGGTTCCGGCCGCGATGCCGTCAGCGCCTTCGGCAGAGTGACTGAAGCGAGATTTCGTTCTCAGAAGTGAGATGCAACGATTTCGAGGGACCAGGGAGGAGGCGGCGCCGCGGGGCCACAGCCCAGCCCCGCGCCCCGACCGCGTC,2c1e9e677818a7624892fed37e92a52c914b8856d1ccc6b06b5086be3cd90dcc,-0.122069073271932,TGGAGGAGCTGTTTTTTCCCACGGAGCGGCGGCCCTGGGAGGGGCCGGGCCCAGAGGTTCCGGCCGCGATGCCGTCAGCGCCTTCGGCAGAGTGACTGAGGCGAGATTTCGTTCTCAGAAGTGAGATGCAACGATTTCGAGGGACCAGGGAGGAGGCGGCGCCGCGGGGCCACAGCCCAGCCCCGCGCCCCGACCGCGTC,09c4fee80534f0fd218fffad5f61f0ccc22ab3cfc1ca9ff579f98531d690b6b1,-0.0466192453142029,-0.0754054380115859,0.556687741658685,-263.3584245396778,-261.5913090389222,-266.2143855774775,-266.7519273785874,-2.304657301865518,-1.0,0.0754054380115859,0.0,1,0.18002030944843866,0.18216460459877223,0.1501433469024087,0.07265167273554143,1.0
chr1:115625696:T:G;chr1:115625734:A:G;var1;middle;OL41|K562|7e7bf22f179d222c,chr1:115625696:T:G;chr1:115625734:A:G;var1;middle;OL41,K562,K562_region_00099,100,138,38,GATAACGCATATGAAAGCACTTCGTAAACTGAAGCATTGTTATTTTTGTTCCCAATCAAATTCAAAGAGGATGAAAAAGGCAGGCCAAGGTAACCCGAGTTAATTCATCTGTAAGATGTGCTCCCAGCCCATCTGGTATTTCCATCTTGCTGGCAGCATTCTCTCTTTAATTCCTTAGCAACCATGACATGATTTGTTTC,5b5944bc46f08923c4761007cba6d359e55fe8096e8ba517c3691b27bce119d3,0.0,GATAACGCATATGAAAGCACTTCGTAAACTGAAGCATTGTTATTTTTGTTCCCAATCAAATTCAAAGAGGATGAAAAAGGCAGGCCAAGGTAACCCGAGGTAATTCATCTGTAAGATGTGCTCCCAGCCCATCTGGTATTTCCATCTTGCTGGCAGCATTCTCTCTTTAATTCCTTAGCAACCATGACATGATTTGTTTC,40a37e131c5393d511c8e3e92df3a50654475b22a5841b36775b260c80135a3d,0.142575993511586,GATAACGCATATGAAAGCACTTCGTAAACTGAAGCATTGTTATTTTTGTTCCCAATCAAATTCAAAGAGGATGAAAAAGGCAGGCCAAGGTAACCCGAGTTAATTCATCTGTAAGATGTGCTCCCAGCCCATCTGGTGTTTCCATCTTGCTGGCAGCATTCTCTCTTTAATTCCTTAGCAACCATGACATGATTTGTTTC,876de4fdd96f521785119f0f42912af3377bed8a685cfd0b5e0f217b359305d9,0.254127946475936,GATAACGCATATGAAAGCACTTCGTAAACTGAAGCATTGTTATTTTTGTTCCCAATCAAATTCAAAGAGGATGAAAAAGGCAGGCCAAGGTAACCCGAGGTAATTCATCTGTAAGATGTGCTCCCAGCCCATCTGGTGTTTCCATCTTGCTGGCAGCATTCTCTCTTTAATTCCTTAGCAACCATGACATGATTTGTTTC,7e7bf22f179d222c9401d4a584071865fe4b5d1062b6f0704c1c60d94772d198,0.057000742800755,0.339703197186767,0.160987355467804,-242.32128135114908,-241.28182504326105,-242.0716778114438,-241.10538896918297,0.07316746562719345,1.0,0.339703197186767,0.0,4,0.17629001086264529,0.17620727786206916,0.145609630836647,0.2062333164309793,1.0
chr1:115848388:C:T;chr1:115848450:A:C;var1;middle;OL27|K562|b0ced3d025b791f6,chr1:115848388:C:T;chr1:115848450:A:C;var1;middle;OL27,K562,K562_region_00100,100,162,62,GAAGTAATCTAACCACCAAGGAAGAGATTTTGGAAGGACCCACTAATCTGATAGAAATGTAGCCATGAAAGATAGATGCTTAGAAATGTGAAGTTGTTCCTTACTGAGAAATTTATAGAAATAGAATGTGGCTATTCTATTTAATTTTATGCATTTTGGATAAGACTTACTCTTAATTCTGAGACTGTGAAGAAAAACTG,edd3b80afd9ccc41a9949f900cfd3e828e8e1ef34031db3b74b42497e5134b31,0.0,GAAGTAATCTAACCACCAAGGAAGAGATTTTGGAAGGACCCACTAATCTGATAGAAATGTAGCCATGAAAGATAGATGCTTAGAAATGTGAAGTTGTTCTTTACTGAGAAATTTATAGAAATAGAATGTGGCTATTCTATTTAATTTTATGCATTTTGGATAAGACTTACTCTTAATTCTGAGACTGTGAAGAAAAACTG,614c9b0a5ffb37a6052901009f5c20b37c53bf6188967cc7ccf48ae40d4e841f,0.157748894508581,GAAGTAATCTAACCACCAAGGAAGAGATTTTGGAAGGACCCACTAATCTGATAGAAATGTAGCCATGAAAGATAGATGCTTAGAAATGTGAAGTTGTTCCTTACTGAGAAATTTATAGAAATAGAATGTGGCTATTCTATTTAATTTTATGCATTTTGGATCAGACTTACTCTTAATTCTGAGACTGTGAAGAAAAACTG,d95c8b9f2bdf9e81e3976c986eea9d61be97954781c5ea3ad4bdf34140598b43,0.556732914939547,GAAGTAATCTAACCACCAAGGAAGAGATTTTGGAAGGACCCACTAATCTGATAGAAATGTAGCCATGAAAGATAGATGCTTAGAAATGTGAAGTTGTTCTTTACTGAGAAATTTATAGAAATAGAATGTGGCTATTCTATTTAATTTTATGCATTTTGGATCAGACTTACTCTTAATTCTGAGACTGTGAAGAAAAACTG,b0ced3d025b791f636bd021be1dd7478758c84051122c83d0ccb1879d0593f2b,0.340159731356619,0.374322078091509,0.206639557206619,-350.93005863262806,-352.14531388436444,-373.5305525686126,-365.6019281456247,-9.143879674724303,1.0,0.374322078091509,0.0,3,0.16305552668017856,0.18106719778262317,0.1474303780702046,0.052495116170624856,1.0
chr1:116525309:T:C;chr1:116525315:C:T;var1;middle;OL41|K562|087e3096d088e129,chr1:116525309:T:C;chr1:116525315:C:T;var1;middle;OL41,K562,K562_region_00101,100,106,6,TCCTCTTTTTCAAGTTCACAAACCCACGCAGCCCATGGTATTGGTTCTTTCTTCTGTTCTGACCTTTACTTCTTGCCAGTTGATTGTTTATCAGTCTTCTCAAGCCCAGACTTCTCCTGATTCCATTCATATAGTTCTACCTAGATGCTTTTTGTCCCAACTTCATGGATAAAATAGAGGTTAGCTGGTGTAAATTTTCT,7e10d90fb1928902435825040890d55cd0169aaaf0f908afdcdd36c6e46bf365,0.0,TCCTCTTTTTCAAGTTCACAAACCCACGCAGCCCATGGTATTGGTTCTTTCTTCTGTTCTGACCTTTACTTCTTGCCAGTTGATTGTTTATCAGTCTTCCCAAGCCCAGACTTCTCCTGATTCCATTCATATAGTTCTACCTAGATGCTTTTTGTCCCAACTTCATGGATAAAATAGAGGTTAGCTGGTGTAAATTTTCT,3b35e686e86b0c501814c8d7b09960036a440dfb6d3246892b6276e07eff2638,0.390750707266515,TCCTCTTTTTCAAGTTCACAAACCCACGCAGCCCATGGTATTGGTTCTTTCTTCTGTTCTGACCTTTACTTCTTGCCAGTTGATTGTTTATCAGTCTTCTCAAGCTCAGACTTCTCCTGATTCCATTCATATAGTTCTACCTAGATGCTTTTTGTCCCAACTTCATGGATAAAATAGAGGTTAGCTGGTGTAAATTTTCT,6d94c90de644dbddf911343e9f90f80ee05816da603bf3bb347ac36363245f91,0.451834989376662,TCCTCTTTTTCAAGTTCACAAACCCACGCAGCCCATGGTATTGGTTCTTTCTTCTGTTCTGACCTTTACTTCTTGCCAGTTGATTGTTTATCAGTCTTCCCAAGCTCAGACTTCTCCTGATTCCATTCATATAGTTCTACCTAGATGCTTTTTGTCCCAACTTCATGGATAAAATAGAGGTTAGCTGGTGTAAATTTTCT,087e3096d088e1292ebdd70b18218b5e335b54cc85731095b761d1f76f461f2b,0.509420474958511,0.3331652216846661,0.379805917944494,-364.0466569224373,-355.9916572673246,-366.2822510348633,-357.3507305183448,-0.8765208614058224,1.0,0.3331652216846661,0.0,3,0.1797075201955432,0.18106719778262317,0.1474303780702046,0.12364812238859484,1.0
chr1:117603156:G:T;chr1:117603188:G:T;var1;middle;OL41|K562|ed7c41e7ead2997b,chr1:117603156:G:T;chr1:117603188:G:T;var1;middle;OL41,K562,K562_region_00102,100,132,32,TCACTTTCTTCTCTCTTCAGGGACTTTCTGCTTTCTTAAGACCGGCGTCCGCGATGGCCCGAATAAAGGAAAGAGCTTCTACGTGTGCCGGGCAGACACGTGCAGCTTCGTGCGGGCCACCGAGTAGGTCTGGAGCTGGGCCCCACTCCCTGTGGCTGCCCGGGGCCTCCCGAGAGGAGCTTCCCGCTCCCCGCTGTCGG,fe9cb0027b99d06651b7fbe1acbb3b3e8142139bf0fcf015cd638b38b75b2694,0.0,TCACTTTCTTCTCTCTTCAGGGACTTTCTGCTTTCTTAAGACCGGCGTCCGCGATGGCCCGAATAAAGGAAAGAGCTTCTACGTGTGCCGGGCAGACACTTGCAGCTTCGTGCGGGCCACCGAGTAGGTCTGGAGCTGGGCCCCACTCCCTGTGGCTGCCCGGGGCCTCCCGAGAGGAGCTTCCCGCTCCCCGCTGTCGG,cc6dd010ec184deb9d492411990d412abeba22020ad15c3eb1202e6f20ed4952,-0.0445672531063884,TCACTTTCTTCTCTCTTCAGGGACTTTCTGCTTTCTTAAGACCGGCGTCCGCGATGGCCCGAATAAAGGAAAGAGCTTCTACGTGTGCCGGGCAGACACGTGCAGCTTCGTGCGGGCCACCGAGTAGGTCTTGAGCTGGGCCCCACTCCCTGTGGCTGCCCGGGGCCTCCCGAGAGGAGCTTCCCGCTCCCCGCTGTCGG,584b980c59325959918193d4bf42b4a9fa32dafa551918b6269af0d7612c1679,0.267059004177884,TCACTTTCTTCTCTCTTCAGGGACTTTCTGCTTTCTTAAGACCGGCGTCCGCGATGGCCCGAATAAAGGAAAGAGCTTCTACGTGTGCCGGGCAGACACTTGCAGCTTCGTGCGGGCCACCGAGTAGGTCTTGAGCTGGGCCCCACTCCCTGTGGCTGCCCGGGGCCTCCCGAGAGGAGCTTCCCGCTCCCCGCTGTCGG,ed7c41e7ead2997be3bb639037dead7a1070e6cb7f3a9b365240faf912b548cc,0.363152893215166,0.1406611421436704,0.251680513984587,-337.36425323970616,-363.5728589138016,-321.36023613717407,-364.47477783448994,-16.90593602322042,-1.0,-0.1406611421436704,0.0,3,0.14742130601797285,0.18106719778262317,0.1474303780702046,0.34524117216658545,1.0
chr1:11783451:T:A;chr1:11783484:T:G;var1;middle;OL41|K562|6782c4061f1befe6,chr1:11783451:T:A;chr1:11783484:T:G;var1;middle;OL41,K562,K562_region_00021,100,133,33,AATCCAGGAACATTCACAGGCCTGGGGCCCACCCACAAAGCTTCTGTTTTGTTTGGTCTGGGCTTCATAGTTTTTCTCCCAGGTAACTTCAGGTGCAGCTGGGGCGGAGAGTCTCTGCTCTCCCCTTCCATCTGTAGCAGTGTGGCTGGTGTTAAATCCACCTATTCCACCTCTCACAGCTTTGGCAACCTTAGGAAAGT,715096b0d2ddc3fa8e4551a9988275fb40e3a01b9d5aab5d44afc6fbf0cae2d1,0.0,AATCCAGGAACATTCACAGGCCTGGGGCCCACCCACAAAGCTTCTGTTTTGTTTGGTCTGGGCTTCATAGTTTTTCTCCCAGGTAACTTCAGGTGCAGCAGGGGCGGAGAGTCTCTGCTCTCCCCTTCCATCTGTAGCAGTGTGGCTGGTGTTAAATCCACCTATTCCACCTCTCACAGCTTTGGCAACCTTAGGAAAGT,cbcc27dad9fe57b51226898f8ed4d2eec4aab6da77c9cc6b1f47bc7e831771f5,0.0369376451168357,AATCCAGGAACATTCACAGGCCTGGGGCCCACCCACAAAGCTTCTGTTTTGTTTGGTCTGGGCTTCATAGTTTTTCTCCCAGGTAACTTCAGGTGCAGCTGGGGCGGAGAGTCTCTGCTCTCCCCTTCCATCGGTAGCAGTGTGGCTGGTGTTAAATCCACCTATTCCACCTCTCACAGCTTTGGCAACCTTAGGAAAGT,24e85e09416ffbf637d11aad647fd2727a4d39a57163b078df23a8a7edbb7ca7,0.342102111939719,AATCCAGGAACATTCACAGGCCTGGGGCCCACCCACAAAGCTTCTGTTTTGTTTGGTCTGGGCTTCATAGTTTTTCTCCCAGGTAACTTCAGGTGCAGCAGGGGCGGAGAGTCTCTGCTCTCCCCTTCCATCGGTAGCAGTGTGGCTGGTGTTAAATCCACCTATTCCACCTCTCACAGCTTTGGCAACCTTAGGAAAGT,6782c4061f1befe69f0eda858402c8c7cf28f9926ee570833d4f0ef679d3fe09,0.0068093158590476,0.3722304411975071,0.254651596223727,-261.68537164805457,-274.8222146779299,-277.62375613767654,-283.8333525066264,-6.927246660925448,1.0,0.3722304411975071,0.0,3,0.16752023655974232,0.18106719778262317,0.1474303780702046,0.2990652035960393,1.0
chr1:11797186:T:C;chr1:11797234:T:C;var1;middle;OL41|K562|0d88a940530ddfd7,chr1:11797186:T:C;chr1:11797234:T:C;var1;middle;OL41,K562,K562_region_00022,100,148,48,CTCCTTTGAGGCAATATCCAGGAATGTCCTCTTACTCATGAATGACAGAGCATTTAGCTCCCTGTTGGTGTCTGGGACTAAAGGAACCTGAGAAATAGATGGTTACAAAACAATGGCTTAATACACTTTATTATTACACAACATCTGTGCTATGACTTGCTATAGGCATGTTTCCCTTCTTAATCATACTTGCTTCAGCA,f13c3e5f21bf0cbaf844df921c9735392e010fdb241fa9221921957f62c198ba,0.0,CTCCTTTGAGGCAATATCCAGGAATGTCCTCTTACTCATGAATGACAGAGCATTTAGCTCCCTGTTGGTGTCTGGGACTAAAGGAACCTGAGAAATAGACGGTTACAAAACAATGGCTTAATACACTTTATTATTACACAACATCTGTGCTATGACTTGCTATAGGCATGTTTCCCTTCTTAATCATACTTGCTTCAGCA,d4a4db04bcd49385b903bf52e3e0f869e99d4d45e7bc862840327942a5fc3780,-0.202981063350267,CTCCTTTGAGGCAATATCCAGGAATGTCCTCTTACTCATGAATGACAGAGCATTTAGCTCCCTGTTGGTGTCTGGGACTAAAGGAACCTGAGAAATAGATGGTTACAAAACAATGGCTTAATACACTTTATTATTACACAACATCTGCGCTATGACTTGCTATAGGCATGTTTCCCTTCTTAATCATACTTGCTTCAGCA,028941cfbb6654240c10772bfecf7fb38f91d7e4e2e251da56e6f1013ae89b3e,-0.188612684170701,CTCCTTTGAGGCAATATCCAGGAATGTCCTCTTACTCATGAATGACAGAGCATTTAGCTCCCTGTTGGTGTCTGGGACTAAAGGAACCTGAGAAATAGACGGTTACAAAACAATGGCTTAATACACTTTATTATTACACAACATCTGCGCTATGACTTGCTATAGGCATGTTTCCCTTCTTAATCATACTTGCTTCAGCA,0d88a940530ddfd76f702c053150887c8bd4cc34fa774158e5fa8e8ab8fe59a0,0.0939502746474763,0.4855440221684443,0.37597062496202,-317.85281552700326,-379.1152304094285,-268.3850172609091,-331.5603551855311,-1.9129230421967804,-1.0,-0.4855440221684443,0.0,1,0.1804188755024869,0.18216460459877223,0.1501433469024087,0.18202625181890425,1.0
chr1:1179747:C:T;chr1:1179800:G:A;var1;middle;OL41|K562|737bb7bf599bcea9,chr1:1179747:C:T;chr1:1179800:G:A;var1;middle;OL41,K562,K562_region_00005,100,153,53,AGATCCCGCTGGGGGGAGAGAGAAGCAGGTGAGGGGCCCAGTGGGACCCGGTGGGAGCTACCACCACACCCTGTCCGGGGCTCAGACCCTGCAGCAGCCCGGGCGGGGCTCACCGGCTTCTTGTCCCTGCTTCCGCACCGCTTCCTTAAGGCGCCGTCGTCCGGCCGCCGGACAAAGTTCAGCCATGTCATGTGGGCGTC,e9beb6f5637b3f79e846250f5e3b26f285059bd86b8b30a600d272501e14b529,0.0,AGATCCCGCTGGGGGGAGAGAGAAGCAGGTGAGGGGCCCAGTGGGACCCGGTGGGAGCTACCACCACACCCTGTCCGGGGCTCAGACCCTGCAGCAGCCTGGGCGGGGCTCACCGGCTTCTTGTCCCTGCTTCCGCACCGCTTCCTTAAGGCGCCGTCGTCCGGCCGCCGGACAAAGTTCAGCCATGTCATGTGGGCGTC,b26cd606b10d6026b1c5a2c9a77f659a0e6ff28cde7bc40bd8082845eba6fe0b,0.717618875519055,AGATCCCGCTGGGGGGAGAGAGAAGCAGGTGAGGGGCCCAGTGGGACCCGGTGGGAGCTACCACCACACCCTGTCCGGGGCTCAGACCCTGCAGCAGCCCGGGCGGGGCTCACCGGCTTCTTGTCCCTGCTTCCGCACCGCTTCCTTAAGGCACCGTCGTCCGGCCGCCGGACAAAGTTCAGCCATGTCATGTGGGCGTC,5e13064d84f6845fca45980412a9384bc55169accc5c6a1732f5ed98b97b7c87,-0.307514890734562,AGATCCCGCTGGGGGGAGAGAGAAGCAGGTGAGGGGCCCAGTGGGACCCGGTGGGAGCTACCACCACACCCTGTCCGGGGCTCAGACCCTGCAGCAGCCTGGGCGGGGCTCACCGGCTTCTTGTCCCTGCTTCCGCACCGCTTCCTTAAGGCACCGTCGTCCGGCCGCCGGACAAAGTTCAGCCATGTCATGTGGGCGTC,737bb7bf599bcea9b0ef1c4851c2c7458468886b5d9a455d05b3ffbb090abf71,0.181303878616433,-0.22880010616806,0.212638559188175,-324.77304428908974,-308.0607836833224,-335.11877429368906,-318.91359055624343,-0.5070768683217466,-1.0,0.22880010616806,0.0,1,0.18184923945021508,0.18216460459877223,0.1501433469024087,0.14650094155438886,1.0
chr1:11905974:A:G;chr1:11905995:C:A;var1;middle;OL30|K562|a4067831a73dc91f,chr1:11905974:A:G;chr1:11905995:C:A;var1;middle;OL30,K562,K562_region_00023,100,121,21,CACCATCAAACCACTTTATCTACAGTTAGCATAAGATGTGAGAAGTGTTGACAGGAAGCTGCAGCTTAGATGGGATGATCACAACTCCATGGCAACAAGATGACACAAATGCAGCAGAGACCCCAGGGGACAGGAGCCTCTTGCAGTCTGTCCCTAGGCCCAGCCCTGCTTGTCCTCCCTGGCTGTTATCTTCAGTACTG,162c6d3d2d47232f2476212d5f98bbcd31762a0f2d34cc44005ba3934681c9b7,0.0,CACCATCAAACCACTTTATCTACAGTTAGCATAAGATGTGAGAAGTGTTGACAGGAAGCTGCAGCTTAGATGGGATGATCACAACTCCATGGCAACAAGGTGACACAAATGCAGCAGAGACCCCAGGGGACAGGAGCCTCTTGCAGTCTGTCCCTAGGCCCAGCCCTGCTTGTCCTCCCTGGCTGTTATCTTCAGTACTG,25a00935cc1c7bcccc17b52c90d9cbdf9d70a87067f8d0be8e750f62bb3b5896,-0.191655426441608,CACCATCAAACCACTTTATCTACAGTTAGCATAAGATGTGAGAAGTGTTGACAGGAAGCTGCAGCTTAGATGGGATGATCACAACTCCATGGCAACAAGATGACACAAATGCAGCAGAGAACCCAGGGGACAGGAGCCTCTTGCAGTCTGTCCCTAGGCCCAGCCCTGCTTGTCCTCCCTGGCTGTTATCTTCAGTACTG,cdec28b8383e2a046e873403ef224076c79bd0e5560bffe594e301b4d008fcc2,0.606871830880087,CACCATCAAACCACTTTATCTACAGTTAGCATAAGATGTGAGAAGTGTTGACAGGAAGCTGCAGCTTAGATGGGATGATCACAACTCCATGGCAACAAGGTGACACAAATGCAGCAGAGAACCCAGGGGACAGGAGCCTCTTGCAGTCTGTCCCTAGGCCCAGCCCTGCTTGTCCTCCCTGGCTGTTATCTTCAGTACTG,a4067831a73dc91f60d61d2f3a686772b3a5ec6db6839c876b9ca360395e8bed,0.137712099065191,-0.277504305373288,0.174465064276743,-245.28639510646465,-235.4767618626356,-242.6154558248818,-238.54531064629555,-5.739488065242796,-1.0,0.277504305373288,0.0,0,0.17840432216693083,0.18565657667894103,0.15145376406925343,0.14558052495888651,1.0
chr1:11968313:G:A;chr1:11968346:A:G;var1;middle;OL41|K562|a921ed6670bdc348,chr1:11968313:G:A;chr1:11968346:A:G;var1;middle;OL41,K562,K562_region_00024,100,133,33,CTGGTTTCTCTTCAAATCGTATAAATCTTTCGCCTTTTACTAAAGATTTCCGTGGAGAGAAACGAGTGTGAGTCTGAAACCAATTTTTTGAGGCCTTGCGTTTCTTAGCAGGGCTTATTTTAAGTGTTTTAAAAACAGATGCGATTCCGTTAAATCGCGTGTGGAGCTATGTAAAGTGTATTATAGAACAAATGCGAGTT,a8f8ec8c009d261eb0d03a8efdcd296f65b34c62677d18a91d7611f32a5cf23e,0.0,CTGGTTTCTCTTCAAATCGTATAAATCTTTCGCCTTTTACTAAAGATTTCCGTGGAGAGAAACGAGTGTGAGTCTGAAACCAATTTTTTGAGGCCTTGCATTTCTTAGCAGGGCTTATTTTAAGTGTTTTAAAAACAGATGCGATTCCGTTAAATCGCGTGTGGAGCTATGTAAAGTGTATTATAGAACAAATGCGAGTT,47960a6637f98cd49db0703baced41e94f84c6abbfc90d5806fc085b8590a07f,-0.216639207857174,CTGGTTTCTCTTCAAATCGTATAAATCTTTCGCCTTTTACTAAAGATTTCCGTGGAGAGAAACGAGTGTGAGTCTGAAACCAATTTTTTGAGGCCTTGCGTTTCTTAGCAGGGCTTATTTTAAGTGTTTTAAGAACAGATGCGATTCCGTTAAATCGCGTGTGGAGCTATGTAAAGTGTATTATAGAACAAATGCGAGTT,cb0be914b9ba55c1ffbbe040d04ac7a594dd3466fd0ff481379dca789613a1de,-0.263126937024361,CTGGTTTCTCTTCAAATCGTATAAATCTTTCGCCTTTTACTAAAGATTTCCGTGGAGAGAAACGAGTGTGAGTCTGAAACCAATTTTTTGAGGCCTTGCATTTCTTAGCAGGGCTTATTTTAAGTGTTTTAAGAACAGATGCGATTCCGTTAAATCGCGTGTGGAGCTATGTAAAGTGTATTATAGAACAAATGCGAGTT,a921ed6670bdc34859d2c7fab06b1a85261c79f0d9deeceb585b7fd86a6453f6,-0.32296043875465,-0.156805706126885,0.331402139001393,-418.7642784873024,-417.7050964541268,-413.93320268485695,-412.0148694142699,-0.8591512374113677,1.0,-0.156805706126885,0.0,4,0.17513448450993616,0.17620727786206916,0.145609630836647,0.15832432250246087,1.0
chr1:12042443:C:T;chr1:12042506:T:C;var1;middle;OL27|K562|b373fa6d42dddcda,chr1:12042443:C:T;chr1:12042506:T:C;var1;middle;OL27,K562,K562_region_00025,100,163,63,GCTGGTTGCTTAGAGAGCCTGTTTAAAAGTTGACAGTTCAGAAGTGGCTGGGATCTCTTGGGCTCCCTGAAGAGTTAGTCTCTGTCTCCCTCATTTGGTCTCTGCTGTGCTGGCTCTTCCCCATCTCGGCCCAGCACAGGTTGGCTCCTTGTCACTGCTCTTTTAAGACTCTGCTCTGTCCCCTTTACCCTGTATACTCT,707c9145a5259540c3c4cd85b6dca170214c251170031d911e282a57b1f6c45b,0.0,GCTGGTTGCTTAGAGAGCCTGTTTAAAAGTTGACAGTTCAGAAGTGGCTGGGATCTCTTGGGCTCCCTGAAGAGTTAGTCTCTGTCTCCCTCATTTGGTTTCTGCTGTGCTGGCTCTTCCCCATCTCGGCCCAGCACAGGTTGGCTCCTTGTCACTGCTCTTTTAAGACTCTGCTCTGTCCCCTTTACCCTGTATACTCT,d832efb4fd1e3b561328965ce0ae1364b1e002d2b6dca8b43b8f41cc8e151d98,-0.657522401847609,GCTGGTTGCTTAGAGAGCCTGTTTAAAAGTTGACAGTTCAGAAGTGGCTGGGATCTCTTGGGCTCCCTGAAGAGTTAGTCTCTGTCTCCCTCATTTGGTCTCTGCTGTGCTGGCTCTTCCCCATCTCGGCCCAGCACAGGTTGGCTCCTTGTCACTGCTCTTCTAAGACTCTGCTCTGTCCCCTTTACCCTGTATACTCT,c3495592025c2781a7131eb539392d31ef279a1c9b56376d972f889cbebd4e66,-0.421376525894782,GCTGGTTGCTTAGAGAGCCTGTTTAAAAGTTGACAGTTCAGAAGTGGCTGGGATCTCTTGGGCTCCCTGAAGAGTTAGTCTCTGTCTCCCTCATTTGGTTTCTGCTGTGCTGGCTCTTCCCCATCTCGGCCCAGCACAGGTTGGCTCCTTGTCACTGCTCTTCTAAGACTCTGCTCTGTCCCCTTTACCCTGTATACTCT,b373fa6d42dddcdaa5244ac04b7bb0ac585871a4ef6e22cc2db400dd6dc8e9e9,-0.658524918643035,-0.420374009099356,0.210219531557292,-292.6274867509492,-304.2270720214583,-295.9983493536711,-305.5642950050533,-2.033639619126916,1.0,-0.420374009099356,0.0,4,0.17367881031655158,0.17620727786206916,0.145609630836647,0.13160293269980786,1.0
chr1:12046063:G:T;chr1:12046089:G:A;var1;middle;OL41|K562|142d26d42e0bb7a7,chr1:12046063:G:T;chr1:12046089:G:A;var1;middle;OL41,K562,K562_region_00026,100,126,26,GTAGCATTTTCTTTGCAGTTTCCTTTCTCAGAGCTGTACTGTCTTTAAGCCCTGGACATATGGCTTCCATGCTGAGAAAACATCTCTCATAGCTGTGGCGTCATGCTGAGGAGGAATGTAGAAACGGAAGTGGGGTCACTTCCTTCCCTTGTCTCCAGAGGAATCATTAACATTGCACAAGAACTTGTTGGTTTGGGCAC,b071e775fd4fde82444be997215761afa24500976a5338c3d65d6d7674d8ec7d,0.0,GTAGCATTTTCTTTGCAGTTTCCTTTCTCAGAGCTGTACTGTCTTTAAGCCCTGGACATATGGCTTCCATGCTGAGAAAACATCTCTCATAGCTGTGGCTTCATGCTGAGGAGGAATGTAGAAACGGAAGTGGGGTCACTTCCTTCCCTTGTCTCCAGAGGAATCATTAACATTGCACAAGAACTTGTTGGTTTGGGCAC,fa9eb027ef69d080055302c57cbfa9163792f4ca7f9c579e37c2035fd1eb3e13,-1.23846227660161,GTAGCATTTTCTTTGCAGTTTCCTTTCTCAGAGCTGTACTGTCTTTAAGCCCTGGACATATGGCTTCCATGCTGAGAAAACATCTCTCATAGCTGTGGCGTCATGCTGAGGAGGAATGTAGAAACAGAAGTGGGGTCACTTCCTTCCCTTGTCTCCAGAGGAATCATTAACATTGCACAAGAACTTGTTGGTTTGGGCAC,157fabacea305ad3f885aef9362caffac9f0515f8ce0bd2dd00feb0e642688bc,-3.17365762570582,GTAGCATTTTCTTTGCAGTTTCCTTTCTCAGAGCTGTACTGTCTTTAAGCCCTGGACATATGGCTTCCATGCTGAGAAAACATCTCTCATAGCTGTGGCTTCATGCTGAGGAGGAATGTAGAAACAGAAGTGGGGTCACTTCCTTCCCTTGTCTCCAGAGGAATCATTAACATTGCACAAGAACTTGTTGGTTTGGGCAC,142d26d42e0bb7a7514c6b7f5e1529c91f4669f7519b73fc44f6344d5d771ebe,-3.61075202356783,-0.8013678787396001,0.20849441325004,-356.9798544375226,-346.8750376328826,-347.9950110660866,-334.1953561423579,-3.694838119088672,1.0,-0.8013678787396001,0.0,4,0.17161990209393352,0.17620727786206916,0.145609630836647,0.1808370180534788,1.0
chr1:1295323:G:A;chr1:1295403:T:C;var1;middle;OL41|K562|c02f027fb73683e2,chr1:1295323:G:A;chr1:1295403:T:C;var1;middle;OL41,K562,K562_region_00006,100,180,80,CTGGAAAAACAAGCCCCACCTGGCTGGCCTCGAGGCCTCTGCTGGCCTCTCCTCCTGTTTTTCCAACTGGTTTGTATTAGTGCTGGCAGCTGCCCGCCCGCCCATGTCTGTCTCCGTCGCACACTCTGGGGCCTTGGCCTCTGCAGTCTCTGTCTCCTTCCGTCACTCTCCCTGTTCCCTCTCTCCCCATGGAGGGAGGA,ba3231a1fb33284a256377a96c5b3c1858d888c98036829fa26212e0076d1061,0.0,CTGGAAAAACAAGCCCCACCTGGCTGGCCTCGAGGCCTCTGCTGGCCTCTCCTCCTGTTTTTCCAACTGGTTTGTATTAGTGCTGGCAGCTGCCCGCCCACCCATGTCTGTCTCCGTCGCACACTCTGGGGCCTTGGCCTCTGCAGTCTCTGTCTCCTTCCGTCACTCTCCCTGTTCCCTCTCTCCCCATGGAGGGAGGA,3d41d89e59c2671325609e578cd5ae739dcc4bf329550e0bfa584a685f1abdf9,0.0127022399376845,CTGGAAAAACAAGCCCCACCTGGCTGGCCTCGAGGCCTCTGCTGGCCTCTCCTCCTGTTTTTCCAACTGGTTTGTATTAGTGCTGGCAGCTGCCCGCCCGCCCATGTCTGTCTCCGTCGCACACTCTGGGGCCTTGGCCTCTGCAGTCTCTGTCTCCTTCCGTCACTCTCCCTGTTCCCCCTCTCCCCATGGAGGGAGGA,76b23c0defd139d9d042223ed55fa9cee9fac12da7cba88898daf49a67ef6b5e,-0.108005539864694,CTGGAAAAACAAGCCCCACCTGGCTGGCCTCGAGGCCTCTGCTGGCCTCTCCTCCTGTTTTTCCAACTGGTTTGTATTAGTGCTGGCAGCTGCCCGCCCACCCATGTCTGTCTCCGTCGCACACTCTGGGGCCTTGGCCTCTGCAGTCTCTGTCTCCTTCCGTCACTCTCCCTGTTCCCCCTCTCCCCATGGAGGGAGGA,c02f027fb73683e252ce6a62f7ff14b767cfca074a890d9a8934b21356a3f9e4,0.0154990812128501,0.1108023811398595,0.328234447940157,-267.2334958771244,-265.73082423827145,-257.2907619923353,-258.146201689844,-2.3581113363616737,-1.0,-0.1108023811398595,0.0,0,0.18274732322467813,0.18565657667894103,0.15145376406925343,0.2708104990746924,1.0
chr1:1307600:C:T;chr1:1307638:T:C;var1;middle;OL41|K562|e64c635c0b81446b,chr1:1307600:C:T;chr1:1307638:T:C;var1;middle;OL41,K562,K562_region_00007,100,138,38,GGGAAAACAGACCCAGGAATGATGCCTGTGACCCCAGCTGGGGCCCCACAAGACGCTTCCTGCCACCTGTCCTGGTCCCCAGCCCTGGACCCAGGAGCCCGGCTGCTGCCCCCCTGTGGTGGTCTGGGGAAGCGCACTTCCACCCGCTACAGCCTCCAGACCCCTCCGTGCACTCAGGGACCCACAGCCAAGGCCTACTG,418dd7433c22e6e19eb94cca9a7be7afd937783ecb95a429871c629e633141fe,0.0,GGGAAAACAGACCCAGGAATGATGCCTGTGACCCCAGCTGGGGCCCCACAAGACGCTTCCTGCCACCTGTCCTGGTCCCCAGCCCTGGACCCAGGAGCCTGGCTGCTGCCCCCCTGTGGTGGTCTGGGGAAGCGCACTTCCACCCGCTACAGCCTCCAGACCCCTCCGTGCACTCAGGGACCCACAGCCAAGGCCTACTG,dcb46b94289d0d8202ce4960b96e88fd325fa21e619b5af0af37d12c37d7ee9d,0.114378788301875,GGGAAAACAGACCCAGGAATGATGCCTGTGACCCCAGCTGGGGCCCCACAAGACGCTTCCTGCCACCTGTCCTGGTCCCCAGCCCTGGACCCAGGAGCCCGGCTGCTGCCCCCCTGTGGTGGTCTGGGGAAGCGCACCTCCACCCGCTACAGCCTCCAGACCCCTCCGTGCACTCAGGGACCCACAGCCAAGGCCTACTG,38794fde84d24e2e279808fef3020d05eaf7fc1b8ab2b830d43e42b44060503c,-0.506964932564329,GGGAAAACAGACCCAGGAATGATGCCTGTGACCCCAGCTGGGGCCCCACAAGACGCTTCCTGCCACCTGTCCTGGTCCCCAGCCCTGGACCCAGGAGCCTGGCTGCTGCCCCCCTGTGGTGGTCTGGGGAAGCGCACCTCCACCCGCTACAGCCTCCAGACCCCTCCGTGCACTCAGGGACCCACAGCCAAGGCCTACTG,e64c635c0b81446baee8a7974031c2ef5f11177bdebbc4af300486a4818ca434,-0.694438324825926,0.3018521805634721,0.314667963635872,-297.64568681642413,-247.527134613134,-309.4083013390191,-254.4041453851387,-4.885603750590235,1.0,0.3018521805634721,0.0,4,0.1701440536929351,0.17620727786206916,0.145609630836647,0.14485252007541008,1.0
chr1:1366286:G:T;chr1:1366288:A:G;var1;middle;OL41|K562|c1233c366f1a9a69,chr1:1366286:G:T;chr1:1366288:A:G;var1;middle;OL41,K562,K562_region_00008,100,102,2,GGTGGAAGGCACGGAGCAGCGAAGCCCGGCCCCGGCCCCGGCCGCCCGACCAGCTCACAGAGGAACACCTGTGGGGGGGCCTGTGGGCGGTTCACAGAGGGATGTAGGAACGTGCCTGTGGGAGGCCGTAGCCCCGGAGAGCAGAGGCCTGGCCGGCGGAAGAGAAGCAAGGAAGGGGCGATTCAGGAAGGCCAGAGCCC,203e5da6baf157d4a508709ad9ebe616acae0356815ad1ec5b7387f2660a9f65,0.0,GGTGGAAGGCACGGAGCAGCGAAGCCCGGCCCCGGCCCCGGCCGCCCGACCAGCTCACAGAGGAACACCTGTGGGGGGGCCTGTGGGCGGTTCACAGAGTGATGTAGGAACGTGCCTGTGGGAGGCCGTAGCCCCGGAGAGCAGAGGCCTGGCCGGCGGAAGAGAAGCAAGGAAGGGGCGATTCAGGAAGGCCAGAGCCC,0b60e4e9023a515637c625a2434e2557186ad0c4bfacfc5042472d355bcf4caa,0.622669881492284,GGTGGAAGGCACGGAGCAGCGAAGCCCGGCCCCGGCCCCGGCCGCCCGACCAGCTCACAGAGGAACACCTGTGGGGGGGCCTGTGGGCGGTTCACAGAGGGGTGTAGGAACGTGCCTGTGGGAGGCCGTAGCCCCGGAGAGCAGAGGCCTGGCCGGCGGAAGAGAAGCAAGGAAGGGGCGATTCAGGAAGGCCAGAGCCC,2c656dda427eaf582f929c5788a5ff031b8b45c6b7a7919f4cbd88fd5d4656b7,-0.0843376464249599,GGTGGAAGGCACGGAGCAGCGAAGCCCGGCCCCGGCCCCGGCCGCCCGACCAGCTCACAGAGGAACACCTGTGGGGGGGCCTGTGGGCGGTTCACAGAGTGGTGTAGGAACGTGCCTGTGGGAGGCCGTAGCCCCGGAGAGCAGAGGCCTGGCCGGCGGAAGAGAAGCAAGGAAGGGGCGATTCAGGAAGGCCAGAGCCC,c1233c366f1a9a690ab2fdc8c53b62c4e6a6d0bcd228c30078e9812b7f6f74d2,0.187883025783951,-0.3504492092833731,0.26110996005374,-238.43065098673105,-241.06239984184504,-238.3705096244812,-241.57027240097523,-0.568013921380043,-1.0,0.3504492092833731,0.0,2,0.1743673941755759,0.17490732828716207,0.146091925319964,0.17070922918226628,1.0
chr1:14150709:C:T;chr1:14150714:G:A;var1;middle;OL32|K562|bfd3a84462685dab,chr1:14150709:C:T;chr1:14150714:G:A;var1;middle;OL32,K562,K562_region_00027,100,105,5,GAGGACGGTCAGTCCATGTCTCGGAGAAACGGGTGAGCTGAGCTTGGCGTTTGGACCCAGTTCAGTGAGGTTCTTGGGTTTTGTGCCTTTGGGGCAGACCCCAGGCAAGGATGTCTGAGACCACTTGGGCGCTGTTTTCTCAGCTCCAATTTCAAGAGTGAGCTATCAAACCCAGAGCGGAAGGAGGGAGCTCTGATGAG,f50ed612ab815e4bda534440a00d8f0eaf529b1d0935d5bc6484e5c035617484,0.0,GAGGACGGTCAGTCCATGTCTCGGAGAAACGGGTGAGCTGAGCTTGGCGTTTGGACCCAGTTCAGTGAGGTTCTTGGGTTTTGTGCCTTTGGGGCAGACTCCAGGCAAGGATGTCTGAGACCACTTGGGCGCTGTTTTCTCAGCTCCAATTTCAAGAGTGAGCTATCAAACCCAGAGCGGAAGGAGGGAGCTCTGATGAG,42e8f8d689726c20fb16d59d88e29333c050b7729b24b578083e9a8b8f6b76f7,0.233421023159854,GAGGACGGTCAGTCCATGTCTCGGAGAAACGGGTGAGCTGAGCTTGGCGTTTGGACCCAGTTCAGTGAGGTTCTTGGGTTTTGTGCCTTTGGGGCAGACCCCAGACAAGGATGTCTGAGACCACTTGGGCGCTGTTTTCTCAGCTCCAATTTCAAGAGTGAGCTATCAAACCCAGAGCGGAAGGAGGGAGCTCTGATGAG,549b9e2086bac8495cef94d081729f93a9ee9a116ab60c254a8b5d9d97a1505a,-0.162254117559037,GAGGACGGTCAGTCCATGTCTCGGAGAAACGGGTGAGCTGAGCTTGGCGTTTGGACCCAGTTCAGTGAGGTTCTTGGGTTTTGTGCCTTTGGGGCAGACTCCAGACAAGGATGTCTGAGACCACTTGGGCGCTGTTTTCTCAGCTCCAATTTCAAGAGTGAGCTATCAAACCCAGAGCGGAAGGAGGGAGCTCTGATGAG,bfd3a84462685dab1b978f52676235e37bef38af443dbad4e2d64bd16ac1f470,0.138318110398421,0.067151204797604,0.137682335560971,-261.40193513035774,-279.94795349240303,-266.9328829050064,-287.0545735657215,-1.575672298669815,-1.0,-0.067151204797604,0.0,0,0.18375227885097503,0.18565657667894103,0.15145376406925343,-0.036744571698555245,1.0
chr1:14150709:C:T;chr1:14150740:G:T;var1;middle;OL32|K562|448c92802b8982b8,chr1:14150709:C:T;chr1:14150740:G:T;var1;middle;OL32,K562,K562_region_00027,100,131,31,GAGGACGGTCAGTCCATGTCTCGGAGAAACGGGTGAGCTGAGCTTGGCGTTTGGACCCAGTTCAGTGAGGTTCTTGGGTTTTGTGCCTTTGGGGCAGACCCCAGGCAAGGATGTCTGAGACCACTTGGGCGCTGTTTTCTCAGCTCCAATTTCAAGAGTGAGCTATCAAACCCAGAGCGGAAGGAGGGAGCTCTGATGAG,f50ed612ab815e4bda534440a00d8f0eaf529b1d0935d5bc6484e5c035617484,0.0,GAGGACGGTCAGTCCATGTCTCGGAGAAACGGGTGAGCTGAGCTTGGCGTTTGGACCCAGTTCAGTGAGGTTCTTGGGTTTTGTGCCTTTGGGGCAGACTCCAGGCAAGGATGTCTGAGACCACTTGGGCGCTGTTTTCTCAGCTCCAATTTCAAGAGTGAGCTATCAAACCCAGAGCGGAAGGAGGGAGCTCTGATGAG,42e8f8d689726c20fb16d59d88e29333c050b7729b24b578083e9a8b8f6b76f7,0.233567339952911,GAGGACGGTCAGTCCATGTCTCGGAGAAACGGGTGAGCTGAGCTTGGCGTTTGGACCCAGTTCAGTGAGGTTCTTGGGTTTTGTGCCTTTGGGGCAGACCCCAGGCAAGGATGTCTGAGACCACTTGGGCTCTGTTTTCTCAGCTCCAATTTCAAGAGTGAGCTATCAAACCCAGAGCGGAAGGAGGGAGCTCTGATGAG,29b541455fb0d6c0a6eed0b4f93fb23b938d96b3b86b37f6c2ff76924d065adc,-0.231549730887333,GAGGACGGTCAGTCCATGTCTCGGAGAAACGGGTGAGCTGAGCTTGGCGTTTGGACCCAGTTCAGTGAGGTTCTTGGGTTTTGTGCCTTTGGGGCAGACTCCAGGCAAGGATGTCTGAGACCACTTGGGCTCTGTTTTCTCAGCTCCAATTTCAAGAGTGAGCTATCAAACCCAGAGCGGAAGGAGGGAGCTCTGATGAG,448c92802b8982b80e89cf85fc431690b8e8f8c08a6ed8ae682cdf5d0d071ea4,-0.114569471189739,-0.116587080255317,0.15777410471948,-261.40193513035774,-279.94795349240303,-266.18907202780247,-282.150045003742,2.585045386105776,-1.0,0.116587080255317,0.0,0,0.18909625639468622,0.18565657667894103,0.15145376406925343,0.0025606305905602478,1.0
chr1:14150714:G:A;chr1:14150740:G:T;var1;middle;OL32|K562|4833081dc05de418,chr1:14150714:G:A;chr1:14150740:G:T;var1;middle;OL32,K562,K562_region_00027,100,126,26,CGGTCAGTCCATGTCTCGGAGAAACGGGTGAGCTGAGCTTGGCGTTTGGACCCAGTTCAGTGAGGTTCTTGGGTTTTGTGCCTTTGGGGCAGACCCCAGGCAAGGATGTCTGAGACCACTTGGGCGCTGTTTTCTCAGCTCCAATTTCAAGAGTGAGCTATCAAACCCAGAGCGGAAGGAGGGAGCTCTGATGAGCACGG,f913da0ed426f8448ef5c6c5d255708ff0884490a6ee174d7e2bba7f4639d1a6,0.0,CGGTCAGTCCATGTCTCGGAGAAACGGGTGAGCTGAGCTTGGCGTTTGGACCCAGTTCAGTGAGGTTCTTGGGTTTTGTGCCTTTGGGGCAGACCCCAGACAAGGATGTCTGAGACCACTTGGGCGCTGTTTTCTCAGCTCCAATTTCAAGAGTGAGCTATCAAACCCAGAGCGGAAGGAGGGAGCTCTGATGAGCACGG,d25b355593b2f9304df93d7f0148b98df3b68a1cbe86fcf61597feb32ce8a697,-0.0829831353999747,CGGTCAGTCCATGTCTCGGAGAAACGGGTGAGCTGAGCTTGGCGTTTGGACCCAGTTCAGTGAGGTTCTTGGGTTTTGTGCCTTTGGGGCAGACCCCAGGCAAGGATGTCTGAGACCACTTGGGCTCTGTTTTCTCAGCTCCAATTTCAAGAGTGAGCTATCAAACCCAGAGCGGAAGGAGGGAGCTCTGATGAGCACGG,eaeb3795c331de9ffe21192feb27a6c314d949141122f2836d9f71faa3841c63,-0.186368079658933,CGGTCAGTCCATGTCTCGGAGAAACGGGTGAGCTGAGCTTGGCGTTTGGACCCAGTTCAGTGAGGTTCTTGGGTTTTGTGCCTTTGGGGCAGACCCCAGACAAGGATGTCTGAGACCACTTGGGCTCTGTTTTCTCAGCTCCAATTTCAAGAGTGAGCTATCAAACCCAGAGCGGAAGGAGGGAGCTCTGATGAGCACGG,4833081dc05de4188e6fc2393c1cae0374f1d48f1c6270b68020fb16bb9b666f,-0.450721199752811,0.1813699846939033,0.375510766009069,-317.11088039632887,-311.0371715154033,-291.551227634307,-291.8091836255044,6.3316648721229285,1.0,0.1813699846939033,0.0,0,0.1939083710140866,0.18565657667894103,0.15145376406925343,0.0518636443500064,1.0
chr1:144512571:C:T;chr1:144512603:C:T;var1;middle;OL41|K562|416f710dee867895,chr1:144512571:C:T;chr1:144512603:C:T;var1;middle;OL41,K562,K562_region_00103,100,132,32,GGCCGTGGTGGTGTGTGCCTGTAATCCCAGTTACTTGAGAGACTGAGACAAGAGAATCGCTTGAACCCAGGGGGCAGAGGTTGCAGTGAGCCAAGATCGCACCAACTGCACTCCAGCCTGGGCAACAAGAGCGAAAACTCCATCTTAAAAATAAAATAAATAATAAAACAATGATGAAAACACAACTAACTACAGCACTT,ad8baa309eaa020e722c85edb804f9c91328c8d344d8fd6ebc8ec630bedf3bf3,0.0,GGCCGTGGTGGTGTGTGCCTGTAATCCCAGTTACTTGAGAGACTGAGACAAGAGAATCGCTTGAACCCAGGGGGCAGAGGTTGCAGTGAGCCAAGATCGTACCAACTGCACTCCAGCCTGGGCAACAAGAGCGAAAACTCCATCTTAAAAATAAAATAAATAATAAAACAATGATGAAAACACAACTAACTACAGCACTT,11d4f1d4aff8d898ebd26c69dbd4ad37a32007582e5341bc0fb986201fb41cfc,0.447327600862423,GGCCGTGGTGGTGTGTGCCTGTAATCCCAGTTACTTGAGAGACTGAGACAAGAGAATCGCTTGAACCCAGGGGGCAGAGGTTGCAGTGAGCCAAGATCGCACCAACTGCACTCCAGCCTGGGCAACAAGAGTGAAAACTCCATCTTAAAAATAAAATAAATAATAAAACAATGATGAAAACACAACTAACTACAGCACTT,c4d152d92fe4f92f9075dcf8694ee8b5567e132bf2af82eac2bb497cb2ca2c47,0.238786911519975,GGCCGTGGTGGTGTGTGCCTGTAATCCCAGTTACTTGAGAGACTGAGACAAGAGAATCGCTTGAACCCAGGGGGCAGAGGTTGCAGTGAGCCAAGATCGTACCAACTGCACTCCAGCCTGGGCAACAAGAGTGAAAACTCCATCTTAAAAATAAAATAAATAATAAAACAATGATGAAAACACAACTAACTACAGCACTT,416f710dee867895d593617edf84266b0f520d83410c6c33af0a0ac3a1683030,0.119885713730565,0.566228798651833,0.498787762363412,-106.6016566362232,-110.50892071053386,-104.615373281762,-108.3760497579351,-0.1465875981375575,1.0,0.566228798651833,0.0,2,0.17498102497530144,0.17490732828716207,0.146091925319964,-0.016046661980880866,1.0
chr1:144521099:A:G;chr1:144521102:T:A;var1;middle;OL41|K562|1ba8c1975fcd51bd,chr1:144521099:A:G;chr1:144521102:T:A;var1;middle;OL41,K562,K562_region_00104,100,103,3,TCCTGGGTGAGAGGAGGAGAAGGAGGAGGAGGAGGTGGAGGTCGGCTTTCCATTTCCAGATGTGACTGCCCAGCTGCTGCTCGCCGCTGCTGGATTCCAATTTCCTCCCCTTCTGGCGATGGATTGGTGATGACACCGAGTCTCACTTTCTCCTTCCCCCGCCCGGACCAACCGCCGTGGGGGCCGAGGGTGCTGGGGAC,c44aa805e087d1e0a4849b85bff7d04d93dd61bc88978cdb47fdc62dfb8bc571,0.0,TCCTGGGTGAGAGGAGGAGAAGGAGGAGGAGGAGGTGGAGGTCGGCTTTCCATTTCCAGATGTGACTGCCCAGCTGCTGCTCGCCGCTGCTGGATTCCAGTTTCCTCCCCTTCTGGCGATGGATTGGTGATGACACCGAGTCTCACTTTCTCCTTCCCCCGCCCGGACCAACCGCCGTGGGGGCCGAGGGTGCTGGGGAC,f9841f31071bfc1c6bbbe55dfca2edc2ac58a8998062e7aba5b8f1c722cdcff7,-0.103292496277245,TCCTGGGTGAGAGGAGGAGAAGGAGGAGGAGGAGGTGGAGGTCGGCTTTCCATTTCCAGATGTGACTGCCCAGCTGCTGCTCGCCGCTGCTGGATTCCAATTACCTCCCCTTCTGGCGATGGATTGGTGATGACACCGAGTCTCACTTTCTCCTTCCCCCGCCCGGACCAACCGCCGTGGGGGCCGAGGGTGCTGGGGAC,6999ce4c47c0f31fe159fd696cb8dbdbea4b19a07d7a008f0174bbb0ffef0c5a,-0.139039318614136,TCCTGGGTGAGAGGAGGAGAAGGAGGAGGAGGAGGTGGAGGTCGGCTTTCCATTTCCAGATGTGACTGCCCAGCTGCTGCTCGCCGCTGCTGGATTCCAGTTACCTCCCCTTCTGGCGATGGATTGGTGATGACACCGAGTCTCACTTTCTCCTTCCCCCGCCCGGACCAACCGCCGTGGGGGCCGAGGGTGCTGGGGAC,1ba8c1975fcd51bd525b2f01a00d54a199a82fba194122a846b042f23ce83ebc,0.408764746750517,0.651096561641898,0.238347884409844,-228.78048919513824,-226.02634878270328,-234.12838837504387,-231.79907041974369,-0.4248224571347805,-1.0,-0.651096561641898,0.0,3,0.18061732453192988,0.18106719778262317,0.1474303780702046,0.05716314974514014,1.0
chr1:144525184:T:G;chr1:144525236:G:A;var1;middle;OL41|K562|7b5205a9382603fa,chr1:144525184:T:G;chr1:144525236:G:A;var1;middle;OL41,K562,K562_region_00105,100,152,52,CCTGTATTCCAGAATACTCATAAGAGTATTTTCCATAAATCTCCTTGAAGAAGAAGCCATTTTGGACTGTAGCTAATTTCAAATGCTTTTAGAGAACAATTAAATTAAAACAATGACTGTCTACAGATGACAAGGACTTAAAATGTCCATGGTTAGAAAATCTAATGAGAGTTCATTGCAATGATGCAATTTATAAGAAA,ee570d5e4e64ebe827c3d9484741487768b2a0e516f934da8329cd0d1ec90568,0.0,CCTGTATTCCAGAATACTCATAAGAGTATTTTCCATAAATCTCCTTGAAGAAGAAGCCATTTTGGACTGTAGCTAATTTCAAATGCTTTTAGAGAACAAGTAAATTAAAACAATGACTGTCTACAGATGACAAGGACTTAAAATGTCCATGGTTAGAAAATCTAATGAGAGTTCATTGCAATGATGCAATTTATAAGAAA,653c224f8d6755651f8b99d4c85786f807b823bb513b1ee20c581e31c05e6583,-0.512431144675839,CCTGTATTCCAGAATACTCATAAGAGTATTTTCCATAAATCTCCTTGAAGAAGAAGCCATTTTGGACTGTAGCTAATTTCAAATGCTTTTAGAGAACAATTAAATTAAAACAATGACTGTCTACAGATGACAAGGACTTAAAATGTCCATGATTAGAAAATCTAATGAGAGTTCATTGCAATGATGCAATTTATAAGAAA,3bc9cdd76c2f3cb3a29beec688022855e04050724ee7247bf08f064e4ba1d0d3,-0.212021271150036,CCTGTATTCCAGAATACTCATAAGAGTATTTTCCATAAATCTCCTTGAAGAAGAAGCCATTTTGGACTGTAGCTAATTTCAAATGCTTTTAGAGAACAAGTAAATTAAAACAATGACTGTCTACAGATGACAAGGACTTAAAATGTCCATGATTAGAAAATCTAATGAGAGTTCATTGCAATGATGCAATTTATAAGAAA,7b5205a9382603faebaa2e0a4c6447f6a5acc8d45bb960eb05b82445864be88b,-0.436784034313786,0.2876683815120889,0.394006439034073,-307.810937019065,-315.569291876629,-270.5045108087361,-287.247841254808,-8.98497558850795,-1.0,-0.2876683815120889,0.0,3,0.1633755889725006,0.18106719778262317,0.1474303780702046,0.14094225546230812,1.0
chr1:144533984:G:A;chr1:144534025:G:A;var1;middle;OL41|K562|a07f0e3c53f02ba9,chr1:144533984:G:A;chr1:144534025:G:A;var1;middle;OL41,K562,K562_region_00106,100,141,41,CTTCCGGTTGGACGTGATAGTCCCAGCTGTGTGTCAGGGCTAGGAGGACTTGAGGCGGCATGGGGGCGGGGTGGGGGAATGCGCGGGGCAAGTGACCGTGCGTGTAAGGGGTGAGGCGTATGGAGCTGTGGCAGGGCGGAGGTGCGTTCATTCATACTTATGTAACAGGAGAAAATACGGCCATGAAGTTGGTGTTTTCC,4553688321a55e90b5856f1529456b63893191e93ff83030ae0ebe0bd135decc,0.0,CTTCCGGTTGGACGTGATAGTCCCAGCTGTGTGTCAGGGCTAGGAGGACTTGAGGCGGCATGGGGGCGGGGTGGGGGAATGCGCGGGGCAAGTGACCGTACGTGTAAGGGGTGAGGCGTATGGAGCTGTGGCAGGGCGGAGGTGCGTTCATTCATACTTATGTAACAGGAGAAAATACGGCCATGAAGTTGGTGTTTTCC,0e3e4caf1f7ae29c0a8fdcddffa2eb857cbe13cc49833708c6aa395c908aa7f1,0.535812734350046,CTTCCGGTTGGACGTGATAGTCCCAGCTGTGTGTCAGGGCTAGGAGGACTTGAGGCGGCATGGGGGCGGGGTGGGGGAATGCGCGGGGCAAGTGACCGTGCGTGTAAGGGGTGAGGCGTATGGAGCTGTGGCAGGGCGGAAGTGCGTTCATTCATACTTATGTAACAGGAGAAAATACGGCCATGAAGTTGGTGTTTTCC,ce564102b4ca31c1dd0b27da941aec2f81c96c3ddf09708cb55e6e58c28745f7,1.10740661567668,CTTCCGGTTGGACGTGATAGTCCCAGCTGTGTGTCAGGGCTAGGAGGACTTGAGGCGGCATGGGGGCGGGGTGGGGGAATGCGCGGGGCAAGTGACCGTACGTGTAAGGGGTGAGGCGTATGGAGCTGTGGCAGGGCGGAAGTGCGTTCATTCATACTTATGTAACAGGAGAAAATACGGCCATGAAGTTGGTGTTTTCC,a07f0e3c53f02ba9f0285cde16e5deebe15e3b09016ce23743b32a57f347abb4,1.46732743967285,0.175891910353876,0.185525086677884,-415.7500047998037,-424.1520320205018,-419.9041997976601,-427.5051759365015,-0.8010510818567127,1.0,0.175891910353876,0.0,4,0.1752064945003194,0.17620727786206916,0.145609630836647,-0.05488287263530847,1.0
chr1:144541653:T:A;chr1:144541734:T:A;var1;middle;OL41|K562|6c2b4c7f7c20a663,chr1:144541653:T:A;chr1:144541734:T:A;var1;middle;OL41,K562,K562_region_00107,100,181,81,CACTGTTGATTCAAACAATATAGCAGCTCTAAGAACATCTGTGCCTCCAGCCTCTGCATTTCAACCATGAGAGCGTCATTTCTCTCCATGATGCTTAAATTAAAAATCTAAATATTTGGTAAATTTTACGCTTTTCTAGAATATGTTTTGTTACTATTATATTCTAGTAAAAACAAAAAATGTTCTTAGCCTGAGAAAGA,d03d90b9c3452bd3b5d1633e69bb12daa2bed752b66fdc7447cf87d4c77a92da,0.0,CACTGTTGATTCAAACAATATAGCAGCTCTAAGAACATCTGTGCCTCCAGCCTCTGCATTTCAACCATGAGAGCGTCATTTCTCTCCATGATGCTTAAAATAAAAATCTAAATATTTGGTAAATTTTACGCTTTTCTAGAATATGTTTTGTTACTATTATATTCTAGTAAAAACAAAAAATGTTCTTAGCCTGAGAAAGA,bbbc19ee6aefaae49f15dacc47d94967c212c0b89d7a5a539804772c44ac9590,0.421208981989147,CACTGTTGATTCAAACAATATAGCAGCTCTAAGAACATCTGTGCCTCCAGCCTCTGCATTTCAACCATGAGAGCGTCATTTCTCTCCATGATGCTTAAATTAAAAATCTAAATATTTGGTAAATTTTACGCTTTTCTAGAATATGTTTTGTTACTATTATATTCTAGTAAAAACAAAAAAAGTTCTTAGCCTGAGAAAGA,e26efd16d455f1cd445ddb58dce83d993748ef58bb94b255e442324d14cbf2e8,0.245921128413136,CACTGTTGATTCAAACAATATAGCAGCTCTAAGAACATCTGTGCCTCCAGCCTCTGCATTTCAACCATGAGAGCGTCATTTCTCTCCATGATGCTTAAAATAAAAATCTAAATATTTGGTAAATTTTACGCTTTTCTAGAATATGTTTTGTTACTATTATATTCTAGTAAAAACAAAAAAAGTTCTTAGCCTGAGAAAGA,6c2b4c7f7c20a6638b5caece6dff680d7e525d4d95105413e74190ed0f66fab7,0.0738064124036025,0.5933236979986805,0.390662909863133,-348.00649184919894,-343.3884908882901,-352.3592892587185,-348.4608026072383,0.7195143094286323,1.0,0.5933236979986805,0.0,0,0.1867001899138152,0.18565657667894103,0.15145376406925343,0.18635171188974806,1.0
chr1:144574778:C:T;chr1:144574828:G:A;var1;middle;OL41|K562|62bfdb844ccb5c16,chr1:144574778:C:T;chr1:144574828:G:A;var1;middle;OL41,K562,K562_region_00108,100,150,50,TGTTTTTATTGGGGAACAGGACACAGGGTGGAAAATGTCATCTTGGTGGAGACAGAGTTTTGTTCTCGTTGCCCAGGCTGGAGTGCAGTGGCACAATCCCGGCCCACCGCAACCTCCGCCTCCCGGGTTCAAGCAACTCTCCTATCTCAGCCTCCCGAGTAGCTGGGACTACAGGCGCACGCCACCACGCCCAGCCAATC,4ea5bd383ef9d5393cd31bf0a3c10b3eb17151aa17bc0a3bbf05fae678a7b23d,0.0,TGTTTTTATTGGGGAACAGGACACAGGGTGGAAAATGTCATCTTGGTGGAGACAGAGTTTTGTTCTCGTTGCCCAGGCTGGAGTGCAGTGGCACAATCCTGGCCCACCGCAACCTCCGCCTCCCGGGTTCAAGCAACTCTCCTATCTCAGCCTCCCGAGTAGCTGGGACTACAGGCGCACGCCACCACGCCCAGCCAATC,25e5ef962e5a9cce381b5c07d60fd1e928a42fb722b02ab1ab1bcaf88ba44e08,0.014557771115271,TGTTTTTATTGGGGAACAGGACACAGGGTGGAAAATGTCATCTTGGTGGAGACAGAGTTTTGTTCTCGTTGCCCAGGCTGGAGTGCAGTGGCACAATCCCGGCCCACCGCAACCTCCGCCTCCCGGGTTCAAGCAACTCTCCTATCTCAACCTCCCGAGTAGCTGGGACTACAGGCGCACGCCACCACGCCCAGCCAATC,ef5af65d5a02b837286589e460bc2a48cbd39ae6bf047e4ef6314cf70f1bbf91,-0.0704934456895565,TGTTTTTATTGGGGAACAGGACACAGGGTGGAAAATGTCATCTTGGTGGAGACAGAGTTTTGTTCTCGTTGCCCAGGCTGGAGTGCAGTGGCACAATCCTGGCCCACCGCAACCTCCGCCTCCCGGGTTCAAGCAACTCTCCTATCTCAACCTCCCGAGTAGCTGGGACTACAGGCGCACGCCACCACGCCCAGCCAATC,62bfdb844ccb5c16d2c25472b880d338688f8a5bd3e1bf43234e44cbad9336ac,-0.0997448534078378,0.0438091788335523,0.205065456548753,-121.58278752490878,-121.05149505287407,-125.80430077016354,-125.21869534626605,-0.05431295186279783,1.0,0.0438091788335523,0.0,2,0.17511538432085041,0.17490732828716207,0.146091925319964,0.09631798488924682,1.0
chr1:144909149:A:G;chr1:144909154:T:C;var1;middle;OL41|K562|00008e5323e7410f,chr1:144909149:A:G;chr1:144909154:T:C;var1;middle;OL41,K562,K562_region_00109,100,105,5,CTTCTTCGTCTATAATAATTGGGCCGACACCACTTACTTTGTGTAGAGTTGTGAGCATTAGTGCTAATTTAAATACCTAGCACAGTACATTGCACATGAATACTTGATAAACACTGATTATACTCAAATTTCTCGTTTCATGTTTCTAAATCTAATTTCACGGATCTAATGTCATAACTCTAAGCAGCAATCACACAGCG,bf7bb0b081ed3a3e8726d48d6c1cd757f40e707161f367279a64b6cec7f6300c,0.0,CTTCTTCGTCTATAATAATTGGGCCGACACCACTTACTTTGTGTAGAGTTGTGAGCATTAGTGCTAATTTAAATACCTAGCACAGTACATTGCACATGAGTACTTGATAAACACTGATTATACTCAAATTTCTCGTTTCATGTTTCTAAATCTAATTTCACGGATCTAATGTCATAACTCTAAGCAGCAATCACACAGCG,442383dbeeecbb052f7035d12682c8abf092ab91f032f807603fc774faa40987,0.115814131637196,CTTCTTCGTCTATAATAATTGGGCCGACACCACTTACTTTGTGTAGAGTTGTGAGCATTAGTGCTAATTTAAATACCTAGCACAGTACATTGCACATGAATACTCGATAAACACTGATTATACTCAAATTTCTCGTTTCATGTTTCTAAATCTAATTTCACGGATCTAATGTCATAACTCTAAGCAGCAATCACACAGCG,96aacbc4a7fb8552134c03a1e7b59c48b2659242b66d62f50a0e353b5c0e8bed,0.261252648667601,CTTCTTCGTCTATAATAATTGGGCCGACACCACTTACTTTGTGTAGAGTTGTGAGCATTAGTGCTAATTTAAATACCTAGCACAGTACATTGCACATGAGTACTCGATAAACACTGATTATACTCAAATTTCTCGTTTCATGTTTCTAAATCTAATTTCACGGATCTAATGTCATAACTCTAAGCAGCAATCACACAGCG,00008e5323e7410f0f87769552673b9e9d8107b8deaccd05fcd74525dd63b93d,0.0580641664379187,0.3190026138668783,0.338343557403012,-315.5526270847768,-339.7932669185102,-316.0490856785327,-339.14900343492627,-1.1407220773398308,1.0,0.3190026138668783,0.0,3,0.17917536996064629,0.18106719778262317,0.1474303780702046,0.3981529797666145,1.0
chr1:144909149:A:G;chr1:144909155:G:A;var1;middle;OL41|K562|376c02abf3b63cb2,chr1:144909149:A:G;chr1:144909155:G:A;var1;middle;OL41,K562,K562_region_00109,100,106,6,CTTCTTCGTCTATAATAATTGGGCCGACACCACTTACTTTGTGTAGAGTTGTGAGCATTAGTGCTAATTTAAATACCTAGCACAGTACATTGCACATGAATACTTGATAAACACTGATTATACTCAAATTTCTCGTTTCATGTTTCTAAATCTAATTTCACGGATCTAATGTCATAACTCTAAGCAGCAATCACACAGCG,bf7bb0b081ed3a3e8726d48d6c1cd757f40e707161f367279a64b6cec7f6300c,0.0,CTTCTTCGTCTATAATAATTGGGCCGACACCACTTACTTTGTGTAGAGTTGTGAGCATTAGTGCTAATTTAAATACCTAGCACAGTACATTGCACATGAGTACTTGATAAACACTGATTATACTCAAATTTCTCGTTTCATGTTTCTAAATCTAATTTCACGGATCTAATGTCATAACTCTAAGCAGCAATCACACAGCG,442383dbeeecbb052f7035d12682c8abf092ab91f032f807603fc774faa40987,0.115699695521243,CTTCTTCGTCTATAATAATTGGGCCGACACCACTTACTTTGTGTAGAGTTGTGAGCATTAGTGCTAATTTAAATACCTAGCACAGTACATTGCACATGAATACTTAATAAACACTGATTATACTCAAATTTCTCGTTTCATGTTTCTAAATCTAATTTCACGGATCTAATGTCATAACTCTAAGCAGCAATCACACAGCG,1332942e042ab57d6e7df50ce23a05d46857cb9072da1f94c8071c05ff5d3849,0.603151729724247,CTTCTTCGTCTATAATAATTGGGCCGACACCACTTACTTTGTGTAGAGTTGTGAGCATTAGTGCTAATTTAAATACCTAGCACAGTACATTGCACATGAGTACTTAATAAACACTGATTATACTCAAATTTCTCGTTTCATGTTTCTAAATCTAATTTCACGGATCTAATGTCATAACTCTAAGCAGCAATCACACAGCG,376c02abf3b63cb20a41b25f0089c09e5b4f1c46cf96c6c0cddb2b87e11472e4,0.125515073801162,0.5933363514443281,0.372506274483846,-315.5526270847768,-339.7932669185102,-346.6198230748996,-353.4009933592752,-17.459469549357777,1.0,0.5933363514443281,0.0,3,0.14630638686472075,0.18106719778262317,0.1474303780702046,0.37609769176419405,1.0
chr1:144909149:A:G;chr1:144909163:C:T;var1;middle;OL41|K562|43495dcda1f9c5e0,chr1:144909149:A:G;chr1:144909163:C:T;var1;middle;OL41,K562,K562_region_00109,100,114,14,CTTCTTCGTCTATAATAATTGGGCCGACACCACTTACTTTGTGTAGAGTTGTGAGCATTAGTGCTAATTTAAATACCTAGCACAGTACATTGCACATGAATACTTGATAAACACTGATTATACTCAAATTTCTCGTTTCATGTTTCTAAATCTAATTTCACGGATCTAATGTCATAACTCTAAGCAGCAATCACACAGCG,bf7bb0b081ed3a3e8726d48d6c1cd757f40e707161f367279a64b6cec7f6300c,0.0,CTTCTTCGTCTATAATAATTGGGCCGACACCACTTACTTTGTGTAGAGTTGTGAGCATTAGTGCTAATTTAAATACCTAGCACAGTACATTGCACATGAGTACTTGATAAACACTGATTATACTCAAATTTCTCGTTTCATGTTTCTAAATCTAATTTCACGGATCTAATGTCATAACTCTAAGCAGCAATCACACAGCG,442383dbeeecbb052f7035d12682c8abf092ab91f032f807603fc774faa40987,0.115779182914337,CTTCTTCGTCTATAATAATTGGGCCGACACCACTTACTTTGTGTAGAGTTGTGAGCATTAGTGCTAATTTAAATACCTAGCACAGTACATTGCACATGAATACTTGATAAACATTGATTATACTCAAATTTCTCGTTTCATGTTTCTAAATCTAATTTCACGGATCTAATGTCATAACTCTAAGCAGCAATCACACAGCG,678e44d2101368649e44c7face34fb84fbde2bf8112576628ae0a7ba9a13271b,0.450226475317707,CTTCTTCGTCTATAATAATTGGGCCGACACCACTTACTTTGTGTAGAGTTGTGAGCATTAGTGCTAATTTAAATACCTAGCACAGTACATTGCACATGAGTACTTGATAAACATTGATTATACTCAAATTTCTCGTTTCATGTTTCTAAATCTAATTTCACGGATCTAATGTCATAACTCTAAGCAGCAATCACACAGCG,43495dcda1f9c5e050e0f72cb9bb5f876d01956501d109c9e72502549282f280,0.329163227314054,0.2368424309179899,0.348575160131299,-315.5526270847768,-339.7932669185102,-301.111445017159,-309.7797150090337,-15.572369841858688,1.0,0.2368424309179899,0.0,3,0.15010735556605476,0.18106719778262317,0.1474303780702046,0.32288354600582314,1.0
chr1:144909149:A:G;chr1:144909227:C:A;var1;middle;OL41|K562|514d68e6a9916391,chr1:144909149:A:G;chr1:144909227:C:A;var1;middle;OL41,K562,K562_region_00109,100,178,78,CTTCTTCGTCTATAATAATTGGGCCGACACCACTTACTTTGTGTAGAGTTGTGAGCATTAGTGCTAATTTAAATACCTAGCACAGTACATTGCACATGAATACTTGATAAACACTGATTATACTCAAATTTCTCGTTTCATGTTTCTAAATCTAATTTCACGGATCTAATGTCATAACTCTAAGCAGCAATCACACAGCG,bf7bb0b081ed3a3e8726d48d6c1cd757f40e707161f367279a64b6cec7f6300c,0.0,CTTCTTCGTCTATAATAATTGGGCCGACACCACTTACTTTGTGTAGAGTTGTGAGCATTAGTGCTAATTTAAATACCTAGCACAGTACATTGCACATGAGTACTTGATAAACACTGATTATACTCAAATTTCTCGTTTCATGTTTCTAAATCTAATTTCACGGATCTAATGTCATAACTCTAAGCAGCAATCACACAGCG,442383dbeeecbb052f7035d12682c8abf092ab91f032f807603fc774faa40987,0.115575125185556,CTTCTTCGTCTATAATAATTGGGCCGACACCACTTACTTTGTGTAGAGTTGTGAGCATTAGTGCTAATTTAAATACCTAGCACAGTACATTGCACATGAATACTTGATAAACACTGATTATACTCAAATTTCTCGTTTCATGTTTCTAAATCTAATTTCACGGATCTAATGTCATAAATCTAAGCAGCAATCACACAGCG,5ef0db8330003b2db11a05303df21fdd9dec9a1e6163b74311e9b52ecc8de10d,-0.166692902065192,CTTCTTCGTCTATAATAATTGGGCCGACACCACTTACTTTGTGTAGAGTTGTGAGCATTAGTGCTAATTTAAATACCTAGCACAGTACATTGCACATGAGTACTTGATAAACACTGATTATACTCAAATTTCTCGTTTCATGTTTCTAAATCTAATTTCACGGATCTAATGTCATAAATCTAAGCAGCAATCACACAGCG,514d68e6a9916391d7f48faf2477d0af0f483069e02c0f3dd8160c95627aafd0,0.536943054415724,0.58806083129536,0.428971548678186,-315.5526270847768,-339.7932669185102,-316.34156020917,-337.1103817913681,3.4718182515352396,-1.0,-0.58806083129536,0.0,3,0.18846588140210568,0.18106719778262317,0.1474303780702046,0.2650432856115733,1.0
chr1:144909154:T:C;chr1:144909163:C:T;var1;middle;OL41|K562|b8edd1e4986d5ab4,chr1:144909154:T:C;chr1:144909163:C:T;var1;middle;OL41,K562,K562_region_00109,100,109,9,TCGTCTATAATAATTGGGCCGACACCACTTACTTTGTGTAGAGTTGTGAGCATTAGTGCTAATTTAAATACCTAGCACAGTACATTGCACATGAATACTTGATAAACACTGATTATACTCAAATTTCTCGTTTCATGTTTCTAAATCTAATTTCACGGATCTAATGTCATAACTCTAAGCAGCAATCACACAGCGCTTCC,ad09a557bf627b3f952ee7cef5971e26fce9a36e8aa4cedd52b7807bbb563a99,0.0,TCGTCTATAATAATTGGGCCGACACCACTTACTTTGTGTAGAGTTGTGAGCATTAGTGCTAATTTAAATACCTAGCACAGTACATTGCACATGAATACTCGATAAACACTGATTATACTCAAATTTCTCGTTTCATGTTTCTAAATCTAATTTCACGGATCTAATGTCATAACTCTAAGCAGCAATCACACAGCGCTTCC,6d6d17d18535954cbafa17c867e9ab1479c260560e78b05b6ef31b25c820d01b,-0.143345356870499,TCGTCTATAATAATTGGGCCGACACCACTTACTTTGTGTAGAGTTGTGAGCATTAGTGCTAATTTAAATACCTAGCACAGTACATTGCACATGAATACTTGATAAACATTGATTATACTCAAATTTCTCGTTTCATGTTTCTAAATCTAATTTCACGGATCTAATGTCATAACTCTAAGCAGCAATCACACAGCGCTTCC,de871e0983ef0272851d9ce077875cb0a7c07e6358f9b32e9969de32401b72e7,-0.359721992336577,TCGTCTATAATAATTGGGCCGACACCACTTACTTTGTGTAGAGTTGTGAGCATTAGTGCTAATTTAAATACCTAGCACAGTACATTGCACATGAATACTCGATAAACATTGATTATACTCAAATTTCTCGTTTCATGTTTCTAAATCTAATTTCACGGATCTAATGTCATAACTCTAAGCAGCAATCACACAGCGCTTCC,b8edd1e4986d5ab4aba13371617a7736989ff4620a82c3f844397f0dbd555f1b,0.233497837840268,0.736565187047344,0.458272927250436,-307.1941264085472,-308.8150647711009,-305.8598471265286,-308.9593589473516,-1.4785734582692953,-1.0,-0.736565187047344,0.0,3,0.17849487463784364,0.18106719778262317,0.1474303780702046,0.2899770552430968,1.0
chr1:144909154:T:C;chr1:144909227:C:A;var1;middle;OL41|K562|f721034fb6a59efe,chr1:144909154:T:C;chr1:144909227:C:A;var1;middle;OL41,K562,K562_region_00109,100,173,73,TCGTCTATAATAATTGGGCCGACACCACTTACTTTGTGTAGAGTTGTGAGCATTAGTGCTAATTTAAATACCTAGCACAGTACATTGCACATGAATACTTGATAAACACTGATTATACTCAAATTTCTCGTTTCATGTTTCTAAATCTAATTTCACGGATCTAATGTCATAACTCTAAGCAGCAATCACACAGCGCTTCC,ad09a557bf627b3f952ee7cef5971e26fce9a36e8aa4cedd52b7807bbb563a99,0.0,TCGTCTATAATAATTGGGCCGACACCACTTACTTTGTGTAGAGTTGTGAGCATTAGTGCTAATTTAAATACCTAGCACAGTACATTGCACATGAATACTCGATAAACACTGATTATACTCAAATTTCTCGTTTCATGTTTCTAAATCTAATTTCACGGATCTAATGTCATAACTCTAAGCAGCAATCACACAGCGCTTCC,6d6d17d18535954cbafa17c867e9ab1479c260560e78b05b6ef31b25c820d01b,-0.142881856615347,TCGTCTATAATAATTGGGCCGACACCACTTACTTTGTGTAGAGTTGTGAGCATTAGTGCTAATTTAAATACCTAGCACAGTACATTGCACATGAATACTTGATAAACACTGATTATACTCAAATTTCTCGTTTCATGTTTCTAAATCTAATTTCACGGATCTAATGTCATAAATCTAAGCAGCAATCACACAGCGCTTCC,ec91ef3da6f7f0f3eaa05b5f31cab204f22e26da36f9ab304d5dea502334955c,-0.161131786375558,TCGTCTATAATAATTGGGCCGACACCACTTACTTTGTGTAGAGTTGTGAGCATTAGTGCTAATTTAAATACCTAGCACAGTACATTGCACATGAATACTCGATAAACACTGATTATACTCAAATTTCTCGTTTCATGTTTCTAAATCTAATTTCACGGATCTAATGTCATAAATCTAAGCAGCAATCACACAGCGCTTCC,f721034fb6a59efe5e3b1b40c9c403c5b5c5268018d59106ea73beec7b2616e7,0.122761846799546,0.426775489790451,0.339871232701351,-307.1941264085472,-308.8150647711009,-304.69637976400554,-305.2538844589144,1.0634336676448015,-1.0,-0.426775489790451,0.0,3,0.18361494830738614,0.18106719778262317,0.1474303780702046,0.23213679484884725,1.0
chr1:144909155:G:A;chr1:144909163:C:T;var1;middle;OL41|K562|a43f985d8415e7f8,chr1:144909155:G:A;chr1:144909163:C:T;var1;middle;OL41,K562,K562_region_00109,100,108,8,CGTCTATAATAATTGGGCCGACACCACTTACTTTGTGTAGAGTTGTGAGCATTAGTGCTAATTTAAATACCTAGCACAGTACATTGCACATGAATACTTGATAAACACTGATTATACTCAAATTTCTCGTTTCATGTTTCTAAATCTAATTTCACGGATCTAATGTCATAACTCTAAGCAGCAATCACACAGCGCTTCCT,98a57fdf0cf99624acac89440133d77e76553b8932c44366d704af78e2a493e4,0.0,CGTCTATAATAATTGGGCCGACACCACTTACTTTGTGTAGAGTTGTGAGCATTAGTGCTAATTTAAATACCTAGCACAGTACATTGCACATGAATACTTAATAAACACTGATTATACTCAAATTTCTCGTTTCATGTTTCTAAATCTAATTTCACGGATCTAATGTCATAACTCTAAGCAGCAATCACACAGCGCTTCCT,075369c2cc3d8de18fb8348c537a29390e9f412486b2d2bd86f68719be8c3d8b,-0.0098015920881736,CGTCTATAATAATTGGGCCGACACCACTTACTTTGTGTAGAGTTGTGAGCATTAGTGCTAATTTAAATACCTAGCACAGTACATTGCACATGAATACTTGATAAACATTGATTATACTCAAATTTCTCGTTTCATGTTTCTAAATCTAATTTCACGGATCTAATGTCATAACTCTAAGCAGCAATCACACAGCGCTTCCT,8b89caceaa665fae616c4de52d4b67c367406c24acf350bc209429b6035ba984,-0.255628188781743,CGTCTATAATAATTGGGCCGACACCACTTACTTTGTGTAGAGTTGTGAGCATTAGTGCTAATTTAAATACCTAGCACAGTACATTGCACATGAATACTTAATAAACATTGATTATACTCAAATTTCTCGTTTCATGTTTCTAAATCTAATTTCACGGATCTAATGTCATAACTCTAAGCAGCAATCACACAGCGCTTCCT,a43f985d8415e7f8d2a8d7a11f39085fbd880b1b8090c2a7bee89a92e5d99c23,-0.169874951923929,0.0955548289459875,0.29275833570835,-307.3798368675634,-312.4206866938621,-311.3968747947365,-310.4267969317734,6.0109276892617345,-1.0,-0.0955548289459875,0.0,3,0.19358011859037297,0.18106719778262317,0.1474303780702046,0.2228181487892336,1.0
chr1:144909155:G:A;chr1:144909227:C:A;var1;middle;OL41|K562|6d2ef1a3e3b4d2c1,chr1:144909155:G:A;chr1:144909227:C:A;var1;middle;OL41,K562,K562_region_00109,100,172,72,CGTCTATAATAATTGGGCCGACACCACTTACTTTGTGTAGAGTTGTGAGCATTAGTGCTAATTTAAATACCTAGCACAGTACATTGCACATGAATACTTGATAAACACTGATTATACTCAAATTTCTCGTTTCATGTTTCTAAATCTAATTTCACGGATCTAATGTCATAACTCTAAGCAGCAATCACACAGCGCTTCCT,98a57fdf0cf99624acac89440133d77e76553b8932c44366d704af78e2a493e4,0.0,CGTCTATAATAATTGGGCCGACACCACTTACTTTGTGTAGAGTTGTGAGCATTAGTGCTAATTTAAATACCTAGCACAGTACATTGCACATGAATACTTAATAAACACTGATTATACTCAAATTTCTCGTTTCATGTTTCTAAATCTAATTTCACGGATCTAATGTCATAACTCTAAGCAGCAATCACACAGCGCTTCCT,075369c2cc3d8de18fb8348c537a29390e9f412486b2d2bd86f68719be8c3d8b,-0.0098601857862072,CGTCTATAATAATTGGGCCGACACCACTTACTTTGTGTAGAGTTGTGAGCATTAGTGCTAATTTAAATACCTAGCACAGTACATTGCACATGAATACTTGATAAACACTGATTATACTCAAATTTCTCGTTTCATGTTTCTAAATCTAATTTCACGGATCTAATGTCATAAATCTAAGCAGCAATCACACAGCGCTTCCT,f5aab0dbf139c3137038b787d6294cc0d0097a65991c4f19d32153e6572a7a16,-0.591273332511644,CGTCTATAATAATTGGGCCGACACCACTTACTTTGTGTAGAGTTGTGAGCATTAGTGCTAATTTAAATACCTAGCACAGTACATTGCACATGAATACTTAATAAACACTGATTATACTCAAATTTCTCGTTTCATGTTTCTAAATCTAATTTCACGGATCTAATGTCATAAATCTAAGCAGCAATCACACAGCGCTTCCT,6d2ef1a3e3b4d2c1400170bade446e1eeec8e83947bf3a7da8b197f390e5fb54,-0.0119292759771864,0.5892042423206648,0.313921772389592,-307.3798368675634,-312.4206866938621,-307.90468950383365,-319.7761130668223,-6.830573736689985,-1.0,-0.5892042423206648,0.0,3,0.16771495375344717,0.18106719778262317,0.1474303780702046,0.1649778883949839,1.0
chr1:144909163:C:T;chr1:144909227:C:A;var1;middle;OL41|K562|a653b79dcfd24587,chr1:144909163:C:T;chr1:144909227:C:A;var1;middle;OL41,K562,K562_region_00109,100,164,64,ATAATTGGGCCGACACCACTTACTTTGTGTAGAGTTGTGAGCATTAGTGCTAATTTAAATACCTAGCACAGTACATTGCACATGAATACTTGATAAACACTGATTATACTCAAATTTCTCGTTTCATGTTTCTAAATCTAATTTCACGGATCTAATGTCATAACTCTAAGCAGCAATCACACAGCGCTTCCTTTTTTCAC,cdb9b080a64a646f3ca5ed19019c59ddec71721134561519ee6ce675dddc941c,0.0,ATAATTGGGCCGACACCACTTACTTTGTGTAGAGTTGTGAGCATTAGTGCTAATTTAAATACCTAGCACAGTACATTGCACATGAATACTTGATAAACATTGATTATACTCAAATTTCTCGTTTCATGTTTCTAAATCTAATTTCACGGATCTAATGTCATAACTCTAAGCAGCAATCACACAGCGCTTCCTTTTTTCAC,65ce0c231fcc310e78bc805338dfdb9eff51b46028941265e0c43e35fcc9452a,-0.255517328452336,ATAATTGGGCCGACACCACTTACTTTGTGTAGAGTTGTGAGCATTAGTGCTAATTTAAATACCTAGCACAGTACATTGCACATGAATACTTGATAAACACTGATTATACTCAAATTTCTCGTTTCATGTTTCTAAATCTAATTTCACGGATCTAATGTCATAAATCTAAGCAGCAATCACACAGCGCTTCCTTTTTTCAC,d98e600907a641c8749a1b9b817779add2412b306b048882ab0f91bdf49d4fa4,-1.00381766699535,ATAATTGGGCCGACACCACTTACTTTGTGTAGAGTTGTGAGCATTAGTGCTAATTTAAATACCTAGCACAGTACATTGCACATGAATACTTGATAAACATTGATTATACTCAAATTTCTCGTTTCATGTTTCTAAATCTAATTTCACGGATCTAATGTCATAAATCTAAGCAGCAATCACACAGCGCTTCCTTTTTTCAC,a653b79dcfd2458732deda81b3f7a7db18f832637e7f15bd46df375956578aa4,-0.23045863497748,1.028876360470206,0.331338399519328,-356.8091106424108,-305.69074932672083,-363.23054982023314,-324.5534615945071,-12.441273089963943,-1.0,-1.028876360470206,0.0,3,0.1564139649664519,0.18106719778262317,0.1474303780702046,0.21599413526591713,1.0
chr1:144909163:C:T;chr1:144909247:G:A;var1;middle;OL41|K562|2aa3b84ba80793e6,chr1:144909163:C:T;chr1:144909247:G:A;var1;middle;OL41,K562,K562_region_00109,100,184,84,ATAATTGGGCCGACACCACTTACTTTGTGTAGAGTTGTGAGCATTAGTGCTAATTTAAATACCTAGCACAGTACATTGCACATGAATACTTGATAAACACTGATTATACTCAAATTTCTCGTTTCATGTTTCTAAATCTAATTTCACGGATCTAATGTCATAACTCTAAGCAGCAATCACACAGCGCTTCCTTTTTTCAC,cdb9b080a64a646f3ca5ed19019c59ddec71721134561519ee6ce675dddc941c,0.0,ATAATTGGGCCGACACCACTTACTTTGTGTAGAGTTGTGAGCATTAGTGCTAATTTAAATACCTAGCACAGTACATTGCACATGAATACTTGATAAACATTGATTATACTCAAATTTCTCGTTTCATGTTTCTAAATCTAATTTCACGGATCTAATGTCATAACTCTAAGCAGCAATCACACAGCGCTTCCTTTTTTCAC,65ce0c231fcc310e78bc805338dfdb9eff51b46028941265e0c43e35fcc9452a,-0.255494975465552,ATAATTGGGCCGACACCACTTACTTTGTGTAGAGTTGTGAGCATTAGTGCTAATTTAAATACCTAGCACAGTACATTGCACATGAATACTTGATAAACACTGATTATACTCAAATTTCTCGTTTCATGTTTCTAAATCTAATTTCACGGATCTAATGTCATAACTCTAAGCAGCAATCACACAACGCTTCCTTTTTTCAC,75058e95564837873957bc0997931eb2acc90a0ef394a16060fd8f07b153a04b,-0.619524733747417,ATAATTGGGCCGACACCACTTACTTTGTGTAGAGTTGTGAGCATTAGTGCTAATTTAAATACCTAGCACAGTACATTGCACATGAATACTTGATAAACATTGATTATACTCAAATTTCTCGTTTCATGTTTCTAAATCTAATTTCACGGATCTAATGTCATAACTCTAAGCAGCAATCACACAACGCTTCCTTTTTTCAC,2aa3b84ba80793e60912ac18c5a647bf0bc9de494051649660058fca2ebe7fcf,-0.427880110797096,0.447139598415873,0.380203697283015,-356.8091106424108,-305.69074932672083,-312.5631292220205,-277.89169772714376,-16.44692982081324,-1.0,-0.447139598415873,0.0,3,0.14834582961475726,0.18106719778262317,0.1474303780702046,0.2924299153615121,1.0
chr1:145382407:A:G;chr1:145382494:A:G;var1;middle;OL41|K562|864e8ca99ac84d3c,chr1:145382407:A:G;chr1:145382494:A:G;var1;middle;OL41,K562,K562_region_00110,100,187,87,CCAGGGTCCAGCTGGTCGCCGAAAGCTTGCTCCGCAATACAGGCTAAGGACCAGCTTCTTTGGAAGAGAACAGATGAGGGAAGCAGGAGAGAAAAAAGGAAGAGGCAGACGTCACTTCCCCTTGCCGGCTCCGGCAGCGGGTTGGTCGGCTGAGCGGCAGAAAGGCAGACGGGGACTGGGAAAGGCACTGTCGGTGACAT,af84a1134b80ab8779c3fa7ff5958b7793f1f45135c8cb32dff0d0434305ea1e,0.0,CCAGGGTCCAGCTGGTCGCCGAAAGCTTGCTCCGCAATACAGGCTAAGGACCAGCTTCTTTGGAAGAGAACAGATGAGGGAAGCAGGAGAGAAAAAAGGGAGAGGCAGACGTCACTTCCCCTTGCCGGCTCCGGCAGCGGGTTGGTCGGCTGAGCGGCAGAAAGGCAGACGGGGACTGGGAAAGGCACTGTCGGTGACAT,9ab20a63afa345126fc3044170ba07e92d2a913ed19ea099fc320deb33330e9e,-0.22191250752148,CCAGGGTCCAGCTGGTCGCCGAAAGCTTGCTCCGCAATACAGGCTAAGGACCAGCTTCTTTGGAAGAGAACAGATGAGGGAAGCAGGAGAGAAAAAAGGAAGAGGCAGACGTCACTTCCCCTTGCCGGCTCCGGCAGCGGGTTGGTCGGCTGAGCGGCAGAAAGGCAGACGGGGACTGGGAAAGGCGCTGTCGGTGACAT,4e901949856888a8d2e20576731e2ee924dc92f7b8bad64b719f21a9277c1f1e,0.485202522661801,CCAGGGTCCAGCTGGTCGCCGAAAGCTTGCTCCGCAATACAGGCTAAGGACCAGCTTCTTTGGAAGAGAACAGATGAGGGAAGCAGGAGAGAAAAAAGGGAGAGGCAGACGTCACTTCCCCTTGCCGGCTCCGGCAGCGGGTTGGTCGGCTGAGCGGCAGAAAGGCAGACGGGGACTGGGAAAGGCGCTGTCGGTGACAT,864e8ca99ac84d3c8149dc9f8db572d80a8537ee5006573ad702ed539c672e26,0.299641015690044,0.036351000549723,0.201924825751642,-382.1684654513374,-390.3036918025464,-387.4040553201921,-394.9213674208149,0.6179142505862387,-1.0,-0.036351000549723,0.0,2,0.17609420147840776,0.17490732828716207,0.146091925319964,0.11105545609288982,1.0
chr1:146717505:G:A;chr1:146717564:C:T;var1;middle;OL41|K562|bcec514bb8a71dd6,chr1:146717505:G:A;chr1:146717564:C:T;var1;middle;OL41,K562,K562_region_00111,100,159,59,CCCATTGCAGCCTCGACCTGGGCTTCAGTGATCCTCCCACCTCAGCCTTCTGAGTAGCTGGGACTACAGGCATGAGTCACCAGTTTTAAGAAATAATACGGAAGGATCCCATGTAACCTTTACCCAGTTTCCCCTCGTGGTCATATCTTGCAATGTGGCACATTATCACATTGTGTACACTTGCAATGATGGTACACTAT,5418eaec1029be588b7b5862b664abfcd7843805afacb17b6a8a6246a52b47b0,0.0,CCCATTGCAGCCTCGACCTGGGCTTCAGTGATCCTCCCACCTCAGCCTTCTGAGTAGCTGGGACTACAGGCATGAGTCACCAGTTTTAAGAAATAATACAGAAGGATCCCATGTAACCTTTACCCAGTTTCCCCTCGTGGTCATATCTTGCAATGTGGCACATTATCACATTGTGTACACTTGCAATGATGGTACACTAT,3284deda548b4e2c4b9cd1306349fa92b08f039715a7f814f07ec8cf17303233,-1.3901546111855,CCCATTGCAGCCTCGACCTGGGCTTCAGTGATCCTCCCACCTCAGCCTTCTGAGTAGCTGGGACTACAGGCATGAGTCACCAGTTTTAAGAAATAATACGGAAGGATCCCATGTAACCTTTACCCAGTTTCCCCTCGTGGTCATATCTTGCAATGTGGTACATTATCACATTGTGTACACTTGCAATGATGGTACACTAT,92c4c45931a2910e6adc92d4f25ae01bc95fa474e976d88c8de1fabc1236f6e2,0.51408846670806,CCCATTGCAGCCTCGACCTGGGCTTCAGTGATCCTCCCACCTCAGCCTTCTGAGTAGCTGGGACTACAGGCATGAGTCACCAGTTTTAAGAAATAATACAGAAGGATCCCATGTAACCTTTACCCAGTTTCCCCTCGTGGTCATATCTTGCAATGTGGTACATTATCACATTGTGTACACTTGCAATGATGGTACACTAT,bcec514bb8a71dd608607f69ae233a8ef933ea5486b6762fdd1c49848d41aaea,-0.179338626887028,0.6967275175904122,0.299981382591135,-339.7899618726224,-324.0682994091185,-329.19514451979194,-313.3323921881384,0.14108986814960645,-1.0,-0.6967275175904122,0.0,2,0.17539990662546176,0.17490732828716207,0.146091925319964,0.14770031641289655,1.0
chr1:147735397:C:T;chr1:147735450:C:T;var1;middle;OL41|K562|eb1eeb656d2738a2,chr1:147735397:C:T;chr1:147735450:C:T;var1;middle;OL41,K562,K562_region_00112,100,153,53,TACTGAACGGCTTCCAATTTCAAGTAGAATGCTACATCAGAAGAATAACGATGGGAAGAGAACCGGTTTCTTGTGTAATCCAACATGTTTTAGTCTGCGCATTACAAACCATTATTTGAAGAAGGGTGGACAGGCTCTGGTAGCATGTTAGTCGGCTGAGTGGCGGAAGATGGGGCGGGAAAGTTGACGGAGACGGGAAA,878049b592f3ee209d604961be5f99559af44eafd3f63247f2f95688859f7d0f,0.0,TACTGAACGGCTTCCAATTTCAAGTAGAATGCTACATCAGAAGAATAACGATGGGAAGAGAACCGGTTTCTTGTGTAATCCAACATGTTTTAGTCTGCGTATTACAAACCATTATTTGAAGAAGGGTGGACAGGCTCTGGTAGCATGTTAGTCGGCTGAGTGGCGGAAGATGGGGCGGGAAAGTTGACGGAGACGGGAAA,b4bf20354e4b55e0e2b4dff24803bdbbd39658c2287d685cfeb785db952ea90b,-0.273233818100567,TACTGAACGGCTTCCAATTTCAAGTAGAATGCTACATCAGAAGAATAACGATGGGAAGAGAACCGGTTTCTTGTGTAATCCAACATGTTTTAGTCTGCGCATTACAAACCATTATTTGAAGAAGGGTGGACAGGCTCTGGTAGCATGTTAGTTGGCTGAGTGGCGGAAGATGGGGCGGGAAAGTTGACGGAGACGGGAAA,c827005357ca912120140dac67a8065dfcffb691a62036ee6222103660f484fe,-0.398760233213444,TACTGAACGGCTTCCAATTTCAAGTAGAATGCTACATCAGAAGAATAACGATGGGAAGAGAACCGGTTTCTTGTGTAATCCAACATGTTTTAGTCTGCGTATTACAAACCATTATTTGAAGAAGGGTGGACAGGCTCTGGTAGCATGTTAGTTGGCTGAGTGGCGGAAGATGGGGCGGGAAAGTTGACGGAGACGGGAAA,eb1eeb656d2738a2e02c307effa6ab4b5de9b28912594ea35e050fb9be3d98fd,-0.680757009912932,0.0087629585989209,0.606197926187113,-356.10813788697124,-363.3539243582636,-376.67647571116686,-380.0811848845333,-3.841077297925949,1.0,0.0087629585989209,0.0,4,0.17143865160051933,0.17620727786206916,0.145609630836647,-0.0642482094894867,1.0
chr1:148556781:G:A;chr1:148556784:G:A;var1;middle;OL41|K562|aa045410dd4fe201,chr1:148556781:G:A;chr1:148556784:G:A;var1;middle;OL41,K562,K562_region_00113,100,103,3,GTTTCTCCAGGCTGGTGATGGGCAAGCCGGGTGTACCAAGTCCAGGATGCACATGAGGAGCGTTTGTAGCAGTCACTGAATCACCTCATGACTAGCGGGGCAGGCCTCTAATTCACCGCAGGATTTCCGGTAGGTTGGATTGTGGGGTTGGTGTTTGCACTCCAAAGAGTTGCTGTGATTTCCCTGTATCTGTCTTTCTG,e46a00e6c5039dbe6a7307fc1f962766287a5700ae71a568e6946581d0b8bda6,0.0,GTTTCTCCAGGCTGGTGATGGGCAAGCCGGGTGTACCAAGTCCAGGATGCACATGAGGAGCGTTTGTAGCAGTCACTGAATCACCTCATGACTAGCGGGACAGGCCTCTAATTCACCGCAGGATTTCCGGTAGGTTGGATTGTGGGGTTGGTGTTTGCACTCCAAAGAGTTGCTGTGATTTCCCTGTATCTGTCTTTCTG,6e9af879097f18c26d84aac9c92a3f9f0f01d70bd0cf78018e12f5eeb65eb128,-0.259087441878747,GTTTCTCCAGGCTGGTGATGGGCAAGCCGGGTGTACCAAGTCCAGGATGCACATGAGGAGCGTTTGTAGCAGTCACTGAATCACCTCATGACTAGCGGGGCAAGCCTCTAATTCACCGCAGGATTTCCGGTAGGTTGGATTGTGGGGTTGGTGTTTGCACTCCAAAGAGTTGCTGTGATTTCCCTGTATCTGTCTTTCTG,398274d8f4f84db3d2d984eb4501d0b2d8e99d979fce9dddd5c0eb371e079eb5,-0.3069631475493,GTTTCTCCAGGCTGGTGATGGGCAAGCCGGGTGTACCAAGTCCAGGATGCACATGAGGAGCGTTTGTAGCAGTCACTGAATCACCTCATGACTAGCGGGACAAGCCTCTAATTCACCGCAGGATTTCCGGTAGGTTGGATTGTGGGGTTGGTGTTTGCACTCCAAAGAGTTGCTGTGATTTCCCTGTATCTGTCTTTCTG,aa045410dd4fe20140390a006911cbe5eac0104dfbe81cdc4c8da67c7a942385,-0.247612921168184,0.3184376682598629,0.196502512468372,-402.6600013982388,-398.3961647936958,-405.9591812656727,-396.85246067051776,4.842883990611881,-1.0,-0.3184376682598629,0.0,1,0.18729250292852495,0.18216460459877223,0.1501433469024087,0.02160691543900109,1.0
chr1:151115690:G:C;chr1:151115752:C:T;var1;middle;OL41|K562|4d65f09aa5a2f616,chr1:151115690:G:C;chr1:151115752:C:T;var1;middle;OL41,K562,K562_region_00114,100,162,62,GACCCCCACGGCACCCTGGGAGCAATGCAGGCACTGCGCCTAGGCGGGGGCAGCCGTGTGGCTGACACTGTCCTTTCTAGAGTTGAGGAAGACACAGTTGGGGGAGGCAGCCTAGAGGTCACTGTGCTGGTCTAAGCTCATGCTTCAGGGGCCCTTCCCACCGCTAGGGAAGAACTGAGTAGGGAGGAGAGTTGGTGGGG,de87a6271dc95c4a4ff63212f1b59bf08a38140ebc47e8a80ce5123f9d0ba42a,0.0,GACCCCCACGGCACCCTGGGAGCAATGCAGGCACTGCGCCTAGGCGGGGGCAGCCGTGTGGCTGACACTGTCCTTTCTAGAGTTGAGGAAGACACAGTTCGGGGAGGCAGCCTAGAGGTCACTGTGCTGGTCTAAGCTCATGCTTCAGGGGCCCTTCCCACCGCTAGGGAAGAACTGAGTAGGGAGGAGAGTTGGTGGGG,ed5357bb9f18efa9a292087219d857a7580acff38acf531cbeef0368ebd0ee65,0.162495173397415,GACCCCCACGGCACCCTGGGAGCAATGCAGGCACTGCGCCTAGGCGGGGGCAGCCGTGTGGCTGACACTGTCCTTTCTAGAGTTGAGGAAGACACAGTTGGGGGAGGCAGCCTAGAGGTCACTGTGCTGGTCTAAGCTCATGCTTCAGGGGCCCTTCCCACTGCTAGGGAAGAACTGAGTAGGGAGGAGAGTTGGTGGGG,ad10e6734442b2a40146b55b3d1e9045e2fba39a94466696acb8fe69b26c18ad,-0.483044006214828,GACCCCCACGGCACCCTGGGAGCAATGCAGGCACTGCGCCTAGGCGGGGGCAGCCGTGTGGCTGACACTGTCCTTTCTAGAGTTGAGGAAGACACAGTTCGGGGAGGCAGCCTAGAGGTCACTGTGCTGGTCTAAGCTCATGCTTCAGGGGCCCTTCCCACTGCTAGGGAAGAACTGAGTAGGGAGGAGAGTTGGTGGGG,4d65f09aa5a2f6161f2f19db339b7db1b6631528485b5aa9084203f60af79eab,-0.657205537446795,0.336656704629382,0.221510996747281,-301.4215934206732,-305.10426124278456,-315.2904798856471,-322.18817006982863,3.215022362070215,1.0,0.336656704629382,0.0,2,0.1798758008696413,0.17490732828716207,0.146091925319964,0.10381690653138366,1.0
chr1:152161648:T:G;chr1:152161735:C:T;var1;middle;OL41|K562|1279171647a31367,chr1:152161648:T:G;chr1:152161735:C:T;var1;middle;OL41,K562,K562_region_00115,100,187,87,GGAATCTGACATCAGTGGCCTCCCTTGGTAGAGGTGGGGAGCCGAGGGGCGGCAGTGTGGAAGGGCCATCGGCCTAGGTCTTTCGTATCCCCTCCGGCCTCTCGGGGCTGTGCGTTCGGAAACAGCGAAAGGAACGGCCTCAGGAATCTGGCCTCAGCCGGAGCACTGGTGAACACAGGCTCCCGTCGCGCCAAGGGAAG,34b4ab54bde56b67c10dd6dc39c793d387d4560bc3ac58c91babb873e0c8b471,0.0,GGAATCTGACATCAGTGGCCTCCCTTGGTAGAGGTGGGGAGCCGAGGGGCGGCAGTGTGGAAGGGCCATCGGCCTAGGTCTTTCGTATCCCCTCCGGCCGCTCGGGGCTGTGCGTTCGGAAACAGCGAAAGGAACGGCCTCAGGAATCTGGCCTCAGCCGGAGCACTGGTGAACACAGGCTCCCGTCGCGCCAAGGGAAG,a8a8ddffa2ab26914000d0a4a5da79559097debb3e8746188100bb0bb2393893,0.010585026701897,GGAATCTGACATCAGTGGCCTCCCTTGGTAGAGGTGGGGAGCCGAGGGGCGGCAGTGTGGAAGGGCCATCGGCCTAGGTCTTTCGTATCCCCTCCGGCCTCTCGGGGCTGTGCGTTCGGAAACAGCGAAAGGAACGGCCTCAGGAATCTGGCCTCAGCCGGAGCACTGGTGAACACAGGCTCCCGTTGCGCCAAGGGAAG,7221388ea4a3efd0af1d028ffc3295680d61a586c6f9aee6ee0059199ea61de7,0.0804661287588405,GGAATCTGACATCAGTGGCCTCCCTTGGTAGAGGTGGGGAGCCGAGGGGCGGCAGTGTGGAAGGGCCATCGGCCTAGGTCTTTCGTATCCCCTCCGGCCGCTCGGGGCTGTGCGTTCGGAAACAGCGAAAGGAACGGCCTCAGGAATCTGGCCTCAGCCGGAGCACTGGTGAACACAGGCTCCCGTTGCGCCAAGGGAAG,1279171647a313679a601c113c4e8dfc20645b564469546b18f9930ddeec9dab,-0.288188359484484,0.3792395149452215,0.270673351644383,-271.0600519478321,-272.0069365799427,-271.9070201218128,-273.2886320501566,0.4347272962331772,1.0,0.3792395149452215,0.0,3,0.18234861710582403,0.18106719778262317,0.1474303780702046,0.19738610105494633,1.0
chr1:156552711:C:G;chr1:156552720:T:G;var1;middle;OL41|K562|db0edb13111f623d,chr1:156552711:C:G;chr1:156552720:T:G;var1;middle;OL41,K562,K562_region_00116,100,109,9,GGTTGTTGCCTGACTCAAACTAGCCAGGTGGAGGCACTCACACCAGAACTCAGGATGGGGCCAGGCTGGGTGTGGAGGGTTCAGGCCTCTCGGATGCATCTGGAGTGTTCTGGGGCTGGGCACCAGGCCTCCTGGGAGGTCTGTCTTGGTTGCTGGAGGGTGGGGTCCTGATGTCCCAGCAGCCAGAGTCCCCTCTGAGG,d41138342fbcbd76640f4b265f759414eb939bdee40e126469c96462e03bfe51,0.0,GGTTGTTGCCTGACTCAAACTAGCCAGGTGGAGGCACTCACACCAGAACTCAGGATGGGGCCAGGCTGGGTGTGGAGGGTTCAGGCCTCTCGGATGCATGTGGAGTGTTCTGGGGCTGGGCACCAGGCCTCCTGGGAGGTCTGTCTTGGTTGCTGGAGGGTGGGGTCCTGATGTCCCAGCAGCCAGAGTCCCCTCTGAGG,a1b5a5e266b5628ee68bc751685cb26a330ff6c681471b6ba081dbd6044a5acc,0.0613674929167465,GGTTGTTGCCTGACTCAAACTAGCCAGGTGGAGGCACTCACACCAGAACTCAGGATGGGGCCAGGCTGGGTGTGGAGGGTTCAGGCCTCTCGGATGCATCTGGAGTGTGCTGGGGCTGGGCACCAGGCCTCCTGGGAGGTCTGTCTTGGTTGCTGGAGGGTGGGGTCCTGATGTCCCAGCAGCCAGAGTCCCCTCTGAGG,cf4bb9c676953dda24be622ceba70144e033e1ad007bdf8c2ea3abfc640336af,-0.125284380496684,GGTTGTTGCCTGACTCAAACTAGCCAGGTGGAGGCACTCACACCAGAACTCAGGATGGGGCCAGGCTGGGTGTGGAGGGTTCAGGCCTCTCGGATGCATGTGGAGTGTGCTGGGGCTGGGCACCAGGCCTCCTGGGAGGTCTGTCTTGGTTGCTGGAGGGTGGGGTCCTGATGTCCCAGCAGCCAGAGTCCCCTCTGAGG,db0edb13111f623d503b3de299fd33b042f2d7b16f5a32e64d9eaa9baa0e34fc,-0.186504951954019,0.1225880643740815,0.234995809065933,-383.6018545854604,-378.4287123125978,-374.7646586841438,-365.061635139864,-4.529881271417196,1.0,0.1225880643740815,0.0,3,0.17234897495388818,0.18106719778262317,0.1474303780702046,0.23153250103842296,1.0
chr1:159175494:C:T;chr1:159175527:G:A;var1;middle;OL28|K562|d1a021bae6f785bc,chr1:159175494:C:T;chr1:159175527:G:A;var1;middle;OL28,K562,K562_region_00117,100,133,33,CTGCTGGATGACTCTGCACTGCCCTTCTTCATCCTCACCAGTGTCCTGGGTATCCTAGCTAGCAGCACTGTCCTCTTCATGCTTTTCAGACCTCTCTTCCGCTGGCAGCTCTGCCCTGGCTGGCCTGTCCTGGCACAGCTGGCTGTGGGCAGTGCCCTCTTCAGCATTGTGGTGCCCGTCTTGGCCCCAGGGCTAGGTAG,c9a4d79d4c64f71696d74075791d34540f61cd9497f5cde4de811b0908c0f809,0.0,CTGCTGGATGACTCTGCACTGCCCTTCTTCATCCTCACCAGTGTCCTGGGTATCCTAGCTAGCAGCACTGTCCTCTTCATGCTTTTCAGACCTCTCTTCTGCTGGCAGCTCTGCCCTGGCTGGCCTGTCCTGGCACAGCTGGCTGTGGGCAGTGCCCTCTTCAGCATTGTGGTGCCCGTCTTGGCCCCAGGGCTAGGTAG,41a41d7d2358d654dc636a914505dd1ec8d08d115566c07402476fca95fa7137,0.318575514917705,CTGCTGGATGACTCTGCACTGCCCTTCTTCATCCTCACCAGTGTCCTGGGTATCCTAGCTAGCAGCACTGTCCTCTTCATGCTTTTCAGACCTCTCTTCCGCTGGCAGCTCTGCCCTGGCTGGCCTGTCCTGACACAGCTGGCTGTGGGCAGTGCCCTCTTCAGCATTGTGGTGCCCGTCTTGGCCCCAGGGCTAGGTAG,99268408de5c81ed455554e1c9b49272bfa8090fc0fe6dd48c88e229297a194a,0.153178010724427,CTGCTGGATGACTCTGCACTGCCCTTCTTCATCCTCACCAGTGTCCTGGGTATCCTAGCTAGCAGCACTGTCCTCTTCATGCTTTTCAGACCTCTCTTCTGCTGGCAGCTCTGCCCTGGCTGGCCTGTCCTGACACAGCTGGCTGTGGGCAGTGCCCTCTTCAGCATTGTGGTGCCCGTCTTGGCCCCAGGGCTAGGTAG,d1a021bae6f785bc1f10e9b99d2c82773afee07d16994401e1628e67d126fe00,-0.063566243915525,0.535319769557657,0.364687126329727,-202.0524174831808,-201.03894497826693,-205.30482944101087,-203.5949525013566,-0.6964044347404013,1.0,0.535319769557657,0.0,1,0.18165661003573946,0.18216460459877223,0.1501433469024087,0.1678199520061165,1.0
chr1:159697343:C:A;chr1:159697359:T:C;var1;middle;OL32|K562|d47b5235c75cfd6d,chr1:159697343:C:A;chr1:159697359:T:C;var1;middle;OL32,K562,K562_region_00118,100,116,16,AGGATTTAAGAGTACATCATAGAAACACGGCTGCCAGAAACCATCCTTGGATGTTGAGTAGGGGATCTGTTATCAGAAGAAAAGGTCCAAAAAGACCCCCGAAATACATCCATTATAGTAGGCATCAGAAGATCTGCCAGAAGAGTGATGATGAGTGAATGCTCAGGAATGCTCACTAATAAATAGCAGATGAAAGCCTG,9eeee2007570d9e3e0e108f3278640756ed8d28059a863bdc212d2c5ac7a488d,0.0,AGGATTTAAGAGTACATCATAGAAACACGGCTGCCAGAAACCATCCTTGGATGTTGAGTAGGGGATCTGTTATCAGAAGAAAAGGTCCAAAAAGACCCCAGAAATACATCCATTATAGTAGGCATCAGAAGATCTGCCAGAAGAGTGATGATGAGTGAATGCTCAGGAATGCTCACTAATAAATAGCAGATGAAAGCCTG,08dc36efbe97a57af775e68d52459bcc93b766c0c55eb008dd48bd35822a5b53,-0.229813379229634,AGGATTTAAGAGTACATCATAGAAACACGGCTGCCAGAAACCATCCTTGGATGTTGAGTAGGGGATCTGTTATCAGAAGAAAAGGTCCAAAAAGACCCCCGAAATACATCCATTACAGTAGGCATCAGAAGATCTGCCAGAAGAGTGATGATGAGTGAATGCTCAGGAATGCTCACTAATAAATAGCAGATGAAAGCCTG,cc7d106b3ed316f02c01629b46fe90e25ac243bc735d5872ecb173ddd68899df,0.080080105731921,AGGATTTAAGAGTACATCATAGAAACACGGCTGCCAGAAACCATCCTTGGATGTTGAGTAGGGGATCTGTTATCAGAAGAAAAGGTCCAAAAAGACCCCAGAAATACATCCATTACAGTAGGCATCAGAAGATCTGCCAGAAGAGTGATGATGAGTGAATGCTCAGGAATGCTCACTAATAAATAGCAGATGAAAGCCTG,d47b5235c75cfd6dea7ddc50e375727ac28631aa233ab55616333d06a2e1e7be,-0.173578485113696,-0.023845211615983,0.278592139505645,-340.08362930454314,-328.09176802029833,-342.7042845799588,-335.0747199114412,-4.362296615727246,-1.0,0.023845211615983,0.0,1,0.17792678517340116,0.18216460459877223,0.1501433469024087,-0.1445001636177906,1.0
chr1:160375954:C:T;chr1:160376015:C:G;var1;middle;OL41|K562|d4c9cf370638e9ac,chr1:160375954:C:T;chr1:160376015:C:G;var1;middle;OL41,K562,K562_region_00119,100,161,61,TTCTGCATACATTATTTTGCTGAAAACTCTTAACCTTCTGAAGTAGGCACTATTATTGCCATTTTATAGATAAGGAAACTGAAGTTTGGAAAAGGGGAGCGACTCACCTGAGATTACATAGCTCGTAAAAGGCTGTGCCAGGTCTGACTTCAGTGCTCTTCCTTTTCCCAAAGTCTCTTCACCTTCCCCTACTGTCATTC,ecbdaafaededce908be257e99196aadf1b42112113ac0fc5523d9d65e4e0e09c,0.0,TTCTGCATACATTATTTTGCTGAAAACTCTTAACCTTCTGAAGTAGGCACTATTATTGCCATTTTATAGATAAGGAAACTGAAGTTTGGAAAAGGGGAGTGACTCACCTGAGATTACATAGCTCGTAAAAGGCTGTGCCAGGTCTGACTTCAGTGCTCTTCCTTTTCCCAAAGTCTCTTCACCTTCCCCTACTGTCATTC,838ab5a1939b194632ebbff3669ac4ee96adca784303e397f4342e10942fdbba,-0.0929765759733252,TTCTGCATACATTATTTTGCTGAAAACTCTTAACCTTCTGAAGTAGGCACTATTATTGCCATTTTATAGATAAGGAAACTGAAGTTTGGAAAAGGGGAGCGACTCACCTGAGATTACATAGCTCGTAAAAGGCTGTGCCAGGTCTGACTTCAGTGCTCTTGCTTTTCCCAAAGTCTCTTCACCTTCCCCTACTGTCATTC,e47c77e9f7fdaf1cb25814b9975e9778fb1533fa8ca0d5fd4c5e997cdbc4870f,0.0185706320708845,TTCTGCATACATTATTTTGCTGAAAACTCTTAACCTTCTGAAGTAGGCACTATTATTGCCATTTTATAGATAAGGAAACTGAAGTTTGGAAAAGGGGAGTGACTCACCTGAGATTACATAGCTCGTAAAAGGCTGTGCCAGGTCTGACTTCAGTGCTCTTGCTTTTCCCAAAGTCTCTTCACCTTCCCCTACTGTCATTC,d4c9cf370638e9ac1d2ce9bfa95e2faa0abdfb8829ed13613d0180d580fe750b,0.0469328064086126,0.1213387503110533,0.352655010499274,-216.8515685424209,-226.34145786240697,-184.44112780317664,-182.49451426044104,11.436502862721682,-1.0,-0.1213387503110533,0.0,2,0.1918469412002366,0.17490732828716207,0.146091925319964,0.2059143200071759,1.0
chr1:160791880:G:T;chr1:160791892:T:C;var1;middle;OL27|K562|204150ba0654b86f,chr1:160791880:G:T;chr1:160791892:T:C;var1;middle;OL27,K562,K562_region_00120,100,112,12,TTAGGCAGACTAAATAAACTTATTCATGAAAAGCATTTAGAACTGTGCCTCGCACACGGTAGGCACTTACTAAATATGAGCATCAGGTCAAATTGAAGGGGCTATGTTGTCTGAGATATAAACTCAGGGTTTGTCCTCGCGTGCCGGGAAAGTTTAGGACACAGACACACAGGAGGAGTTTAGGAGCGGACGTTCAATAA,f6433809eae99a9e164b5755eecb10feff4968c0dcae29a0e7c58b590f2d4fea,0.0,TTAGGCAGACTAAATAAACTTATTCATGAAAAGCATTTAGAACTGTGCCTCGCACACGGTAGGCACTTACTAAATATGAGCATCAGGTCAAATTGAAGGTGCTATGTTGTCTGAGATATAAACTCAGGGTTTGTCCTCGCGTGCCGGGAAAGTTTAGGACACAGACACACAGGAGGAGTTTAGGAGCGGACGTTCAATAA,c570e9220b289df61e1ec07761d64d980627ff30ea682666e195631e80d314f6,0.0714868881557582,TTAGGCAGACTAAATAAACTTATTCATGAAAAGCATTTAGAACTGTGCCTCGCACACGGTAGGCACTTACTAAATATGAGCATCAGGTCAAATTGAAGGGGCTATGTTGTCCGAGATATAAACTCAGGGTTTGTCCTCGCGTGCCGGGAAAGTTTAGGACACAGACACACAGGAGGAGTTTAGGAGCGGACGTTCAATAA,89e6e1559d151e51001f16202e8b6d57fc547c3fdf5daed6239864e834346dc3,0.0696075269918999,TTAGGCAGACTAAATAAACTTATTCATGAAAAGCATTTAGAACTGTGCCTCGCACACGGTAGGCACTTACTAAATATGAGCATCAGGTCAAATTGAAGGTGCTATGTTGTCCGAGATATAAACTCAGGGTTTGTCCTCGCGTGCCGGGAAAGTTTAGGACACAGACACACAGGAGGAGTTTAGGAGCGGACGTTCAATAA,204150ba0654b86f54ec93cbf0709df9e9875f13ce73f07f57d69bfe4814cbbf,-0.0305693422389081,0.1716637573865662,0.121279472808135,-382.77635323023424,-361.77448449109215,-388.8257420246955,-367.3397729322314,-0.48410035332199186,1.0,0.1716637573865662,0.0,3,0.18049792785819127,0.18106719778262317,0.1474303780702046,0.16599976621636559,1.0
chr1:160990875:T:C;chr1:160990878:C:T;var1;middle;OL41|K562|94b4b79005f111c7,chr1:160990875:T:C;chr1:160990878:C:T;var1;middle;OL41,K562,K562_region_00121,100,103,3,CCTCCCGAAACTCTGGGAACTTACACAACAGGATCGCCAATATGAAGAGGCACAACAGTTTCCTCTCGACTTGCGCCTTTGTCCCCATCGCGATCAGGCTCCCGACACAACAGCCGCCGAAGGACTCCTGGGAACAGACACAGCTCCGCGACTACAGCGAGGGGACTGAGAGCCAGCCGCCAGGTGGAACCCCGCCCGGC,1bc826494a25ba172afe06a68b579017418e809493c1cbbc64a88da2ccdf8a5f,0.0,CCTCCCGAAACTCTGGGAACTTACACAACAGGATCGCCAATATGAAGAGGCACAACAGTTTCCTCTCGACTTGCGCCTTTGTCCCCATCGCGATCAGGCCCCCGACACAACAGCCGCCGAAGGACTCCTGGGAACAGACACAGCTCCGCGACTACAGCGAGGGGACTGAGAGCCAGCCGCCAGGTGGAACCCCGCCCGGC,a515bf36c240ca6e83bd2805c5edb94ee46cbdda7bc8cc53a19463958a185e53,0.0209724841617915,CCTCCCGAAACTCTGGGAACTTACACAACAGGATCGCCAATATGAAGAGGCACAACAGTTTCCTCTCGACTTGCGCCTTTGTCCCCATCGCGATCAGGCTCCTGACACAACAGCCGCCGAAGGACTCCTGGGAACAGACACAGCTCCGCGACTACAGCGAGGGGACTGAGAGCCAGCCGCCAGGTGGAACCCCGCCCGGC,3ab13f2cb4370156ebaa550857ca7b91e9308690111eac035c77a7a7aaa10a3c,-0.072104767927658,CCTCCCGAAACTCTGGGAACTTACACAACAGGATCGCCAATATGAAGAGGCACAACAGTTTCCTCTCGACTTGCGCCTTTGTCCCCATCGCGATCAGGCCCCTGACACAACAGCCGCCGAAGGACTCCTGGGAACAGACACAGCTCCGCGACTACAGCGAGGGGACTGAGAGCCAGCCGCCAGGTGGAACCCCGCCCGGC,94b4b79005f111c7038889a2bdd77b5ed9ab12b6a992590780a5f2837bd6ebd7,0.165972865039603,0.2171051488054695,0.302936857069909,-427.3014528239146,-411.9068617071025,-418.15538544021547,-402.54137115576304,0.2194231676403433,-1.0,-0.2171051488054695,0.0,1,0.1825884095520187,0.18216460459877223,0.1501433469024087,0.3309022830297629,1.0
chr1:160990876:C:A;chr1:160990878:C:T;var1;middle;OL41|K562|cb4ae50bf670fe01,chr1:160990876:C:A;chr1:160990878:C:T;var1;middle;OL41,K562,K562_region_00121,100,102,2,CTCCCGAAACTCTGGGAACTTACACAACAGGATCGCCAATATGAAGAGGCACAACAGTTTCCTCTCGACTTGCGCCTTTGTCCCCATCGCGATCAGGCTCCCGACACAACAGCCGCCGAAGGACTCCTGGGAACAGACACAGCTCCGCGACTACAGCGAGGGGACTGAGAGCCAGCCGCCAGGTGGAACCCCGCCCGGCC,f05e4d79279af642b95766c535220535e0adfe44f3e4274184f14b80af70a55a,0.0,CTCCCGAAACTCTGGGAACTTACACAACAGGATCGCCAATATGAAGAGGCACAACAGTTTCCTCTCGACTTGCGCCTTTGTCCCCATCGCGATCAGGCTACCGACACAACAGCCGCCGAAGGACTCCTGGGAACAGACACAGCTCCGCGACTACAGCGAGGGGACTGAGAGCCAGCCGCCAGGTGGAACCCCGCCCGGCC,fdc5ffd9da7636f4a092d2ffc2c58462490a740568b2141702b6ea52a1325602,-0.164415722059949,CTCCCGAAACTCTGGGAACTTACACAACAGGATCGCCAATATGAAGAGGCACAACAGTTTCCTCTCGACTTGCGCCTTTGTCCCCATCGCGATCAGGCTCCTGACACAACAGCCGCCGAAGGACTCCTGGGAACAGACACAGCTCCGCGACTACAGCGAGGGGACTGAGAGCCAGCCGCCAGGTGGAACCCCGCCCGGCC,31d0078b769838e0e29f5962d079371ec3e16ec4d259209a92ccb7009606f71b,0.117468449055601,CTCCCGAAACTCTGGGAACTTACACAACAGGATCGCCAATATGAAGAGGCACAACAGTTTCCTCTCGACTTGCGCCTTTGTCCCCATCGCGATCAGGCTACTGACACAACAGCCGCCGAAGGACTCCTGGGAACAGACACAGCTCCGCGACTACAGCGAGGGGACTGAGAGCCAGCCGCCAGGTGGAACCCCGCCCGGCC,cb4ae50bf670fe010499152f66a4f96c1092fe3a5f6b141ad377f6c717db2c80,-0.137390466342581,-0.090443193338233,0.199831457714743,-425.2806968986988,-416.4681266713888,-412.56055344454944,-422.9566694460809,-19.208686228841543,-1.0,0.090443193338233,0.0,1,0.16282147646242645,0.18216460459877223,0.1501433469024087,0.18781900190465808,1.0
chr1:161008535:C:G;chr1:161008572:C:A;var1;middle;OL41|K562|deece55f1ad01d6d,chr1:161008535:C:G;chr1:161008572:C:A;var1;middle;OL41,K562,K562_region_00122,100,137,37,CGGAGTTCAGGAAGCGAGACCGTGGGCGCTGAGGAAGGGGCGCGACAGCCTTCAGGAAGAGGGGGCCTAGGAGTCACGGCCGCCATGGCATCCCCTCACCTGGCAGCGCCCCTCCCGGTAGGGTGTGCACGAAGACCCCTCAGCCACGCCCCTTCGCTCCGCCACCCCACTCCCTGCCACGCCTCAACCCAGAGGACCAA,e1ec6679ff05bb281dba632e73eaf29a3a7b4171d55c80d8d4ae6ceaf95abf30,0.0,CGGAGTTCAGGAAGCGAGACCGTGGGCGCTGAGGAAGGGGCGCGACAGCCTTCAGGAAGAGGGGGCCTAGGAGTCACGGCCGCCATGGCATCCCCTCACGTGGCAGCGCCCCTCCCGGTAGGGTGTGCACGAAGACCCCTCAGCCACGCCCCTTCGCTCCGCCACCCCACTCCCTGCCACGCCTCAACCCAGAGGACCAA,d76c6ce9567bdb4c93b15225c99c73ef6cf553ba2af4bca40750d976c03e833f,1.13714858522295,CGGAGTTCAGGAAGCGAGACCGTGGGCGCTGAGGAAGGGGCGCGACAGCCTTCAGGAAGAGGGGGCCTAGGAGTCACGGCCGCCATGGCATCCCCTCACCTGGCAGCGCCCCTCCCGGTAGGGTGTGCACGAAGACACCTCAGCCACGCCCCTTCGCTCCGCCACCCCACTCCCTGCCACGCCTCAACCCAGAGGACCAA,102f22528442a5b7c52f27e6f137e665fb4956ee7994fdfe74cd0fde0cc0aaa4,0.630197439021521,CGGAGTTCAGGAAGCGAGACCGTGGGCGCTGAGGAAGGGGCGCGACAGCCTTCAGGAAGAGGGGGCCTAGGAGTCACGGCCGCCATGGCATCCCCTCACGTGGCAGCGCCCCTCCCGGTAGGGTGTGCACGAAGACACCTCAGCCACGCCCCTTCGCTCCGCCACCCCACTCCCTGCCACGCCTCAACCCAGAGGACCAA,deece55f1ad01d6dbb8339b459b1dba256a7cc692dd0084ab2c3c6421b6866fa,1.82104205537577,-0.053696031131299,0.20739120072149,-298.5440266150981,-314.26140970364213,-311.9804186397232,-316.4943292126991,-11.203472515568137,1.0,-0.053696031131299,0.0,1,0.1709663000584278,0.18216460459877223,0.1501433469024087,0.222503642962645,1.0
chr1:161014370:C:G;chr1:161014446:C:T;var1;middle;OL41|K562|a71a46e12e7285f4,chr1:161014370:C:G;chr1:161014446:C:T;var1;middle;OL41,K562,K562_region_00123,100,176,76,CTAGACTTGGCATTTGGGCCCCATTCTACTGACAGGACTCTTGTTTTGGGGTATCCAGATTTATATAATCTGTTAGAAACCCTAAAGCCCAAGTGGATCCTCTTCAAGCATTCTCTATTTTATTCATCAAGCCTTCCTGCAGAACAACACTGTTGCTAAAATGTTGCTATGACAACTCCAAATCAACTAAGCCTGAGCAA,68913d98626083feeb8806104b21ada770ec76aa6cbfe8a46ae2528046164d16,0.0,CTAGACTTGGCATTTGGGCCCCATTCTACTGACAGGACTCTTGTTTTGGGGTATCCAGATTTATATAATCTGTTAGAAACCCTAAAGCCCAAGTGGATCGTCTTCAAGCATTCTCTATTTTATTCATCAAGCCTTCCTGCAGAACAACACTGTTGCTAAAATGTTGCTATGACAACTCCAAATCAACTAAGCCTGAGCAA,20492c1d1e11b16891f9c29cb92362910caca107050ba99156db4bd6e962f97e,-0.130208811804031,CTAGACTTGGCATTTGGGCCCCATTCTACTGACAGGACTCTTGTTTTGGGGTATCCAGATTTATATAATCTGTTAGAAACCCTAAAGCCCAAGTGGATCCTCTTCAAGCATTCTCTATTTTATTCATCAAGCCTTCCTGCAGAACAACACTGTTGCTAAAATGTTGCTATGACAATTCCAAATCAACTAAGCCTGAGCAA,4685ea2d1120dc820eaa28377ab99300a54a5ccb8bcb5ba186e3986e0ffa413a,-0.250272422911563,CTAGACTTGGCATTTGGGCCCCATTCTACTGACAGGACTCTTGTTTTGGGGTATCCAGATTTATATAATCTGTTAGAAACCCTAAAGCCCAAGTGGATCGTCTTCAAGCATTCTCTATTTTATTCATCAAGCCTTCCTGCAGAACAACACTGTTGCTAAAATGTTGCTATGACAATTCCAAATCAACTAAGCCTGAGCAA,a71a46e12e7285f41402249e9f87864732c901d38f6f44a71e3399ebfdf1ffed,-0.574425976313052,0.193944741597458,0.297217432273765,-397.97232698486187,-403.5479816516163,-377.2752439887263,-385.2288019618718,2.37790330639109,1.0,0.193944741597458,0.0,3,0.18626253387791747,0.18106719778262317,0.1474303780702046,0.14496146388959716,1.0
chr1:161014649:A:G;chr1:161014727:A:G;var1;middle;OL41|K562|e2fa370d22b9cd6c,chr1:161014649:A:G;chr1:161014727:A:G;var1;middle;OL41,K562,K562_region_00124,100,178,78,ACCCTGACACCCAGCCAGAGGGCAGGAAAAACAAAGAGCTGGGCAGACATGCCTCCAGAAAGAAACAGCTACACAGTACAAAGCAATAAGATAATCCCAACACAAAAGGGGCAAGATTTTTGGAAATTCTCTACCCATAAGGTCCTCCAAACCTTTCCTATCCAAGGAAAATTTTCAATGGATAAGCCTCGGAAAGACCG,f5fafc99b247090658f3f3c7e6f0cf5183b3994c4739b7c28a331d17af496d4b,0.0,ACCCTGACACCCAGCCAGAGGGCAGGAAAAACAAAGAGCTGGGCAGACATGCCTCCAGAAAGAAACAGCTACACAGTACAAAGCAATAAGATAATCCCAGCACAAAAGGGGCAAGATTTTTGGAAATTCTCTACCCATAAGGTCCTCCAAACCTTTCCTATCCAAGGAAAATTTTCAATGGATAAGCCTCGGAAAGACCG,bc42d2353ba6c2f7ea2fb6c98457f11e655fa3b33bbd070cef694465347dad6c,-0.0797054551222157,ACCCTGACACCCAGCCAGAGGGCAGGAAAAACAAAGAGCTGGGCAGACATGCCTCCAGAAAGAAACAGCTACACAGTACAAAGCAATAAGATAATCCCAACACAAAAGGGGCAAGATTTTTGGAAATTCTCTACCCATAAGGTCCTCCAAACCTTTCCTATCCAAGGAAAATTTTCAGTGGATAAGCCTCGGAAAGACCG,1ad170d9271449ce9773d227db8d1caacfa6b3ba7385839e0477040746201362,0.0566351453676293,ACCCTGACACCCAGCCAGAGGGCAGGAAAAACAAAGAGCTGGGCAGACATGCCTCCAGAAAGAAACAGCTACACAGTACAAAGCAATAAGATAATCCCAGCACAAAAGGGGCAAGATTTTTGGAAATTCTCTACCCATAAGGTCCTCCAAACCTTTCCTATCCAAGGAAAATTTTCAGTGGATAAGCCTCGGAAAGACCG,e2fa370d22b9cd6c9c38035be5045b014dc242106202b2171e079493cd3bc745,0.506768114324921,0.5298384240795073,0.406282358381524,-348.11442438233644,-345.5179230319336,-354.4214007379487,-352.11074237246066,-0.28584298491477966,-1.0,-0.5298384240795073,0.0,0,0.18540892066379225,0.18565657667894103,0.15145376406925343,0.28664751357418544,1.0
chr1:161024782:C:T;chr1:161024822:A:C;var1;middle;OL41|K562|ac28b74e09725b99,chr1:161024782:C:T;chr1:161024822:A:C;var1;middle;OL41,K562,K562_region_00125,100,140,40,GAATTTTGGTTATGCCACTTAATAGCTTTTGTGAACTTGGCAACTCGCTGCCTTACCATCCTCCATCCGTAGAGCTCTGGTACTGGGATACTTCAGTGGCGCCACCCTGTGGGTGCCCCAGGGACCACAGAGTTATTTCAGTGTGTCCAGGAAAGCTGTCCCCCACCCCAACCTAGCCGGTGTGGACTGAGCAGGGTGCT,92f9e2cbd92eb7f3943d41c4a4f4329274cf29b7497df19f39fcd2a130d554a4,0.0,GAATTTTGGTTATGCCACTTAATAGCTTTTGTGAACTTGGCAACTCGCTGCCTTACCATCCTCCATCCGTAGAGCTCTGGTACTGGGATACTTCAGTGGTGCCACCCTGTGGGTGCCCCAGGGACCACAGAGTTATTTCAGTGTGTCCAGGAAAGCTGTCCCCCACCCCAACCTAGCCGGTGTGGACTGAGCAGGGTGCT,490dbe4e4c6055aa973647c9773fe272619e204a00a8ce920edde6cc52a8aca0,-1.02270080885112,GAATTTTGGTTATGCCACTTAATAGCTTTTGTGAACTTGGCAACTCGCTGCCTTACCATCCTCCATCCGTAGAGCTCTGGTACTGGGATACTTCAGTGGCGCCACCCTGTGGGTGCCCCAGGGACCACAGAGTTATTTCCGTGTGTCCAGGAAAGCTGTCCCCCACCCCAACCTAGCCGGTGTGGACTGAGCAGGGTGCT,0dce08d89cb41aac560740679fcdd091a873755f55d1244d9535dd07fc3d2297,0.164067797465228,GAATTTTGGTTATGCCACTTAATAGCTTTTGTGAACTTGGCAACTCGCTGCCTTACCATCCTCCATCCGTAGAGCTCTGGTACTGGGATACTTCAGTGGTGCCACCCTGTGGGTGCCCCAGGGACCACAGAGTTATTTCCGTGTGTCCAGGAAAGCTGTCCCCCACCCCAACCTAGCCGGTGTGGACTGAGCAGGGTGCT,ac28b74e09725b991c9ce97036586d2218aac5ebeb34fe8b4f0ca1ff50c10256,-0.87188108523074,-0.013248073844848,0.190141968036928,-309.71524552907795,-300.1402118050028,-375.1247886589263,-340.15208654361777,25.397668391233424,-1.0,0.013248073844848,0.0,3,0.23262860889337295,0.18106719778262317,0.1474303780702046,0.29003833379447813,1.0
chr1:161188587:G:A;chr1:161188649:G:A;var1;middle;OL41|K562|1e408eadc252a67d,chr1:161188587:G:A;chr1:161188649:G:A;var1;middle;OL41,K562,K562_region_00126,100,162,62,TGCAGAAATCAGATGGTGTTTACACGGTAAGTGTGCCTACCTCCCCCACCCAGGAAGTCAGCAGAAGAGGGTGGGATTTTGAGCGATCTTTGGAAGGCCGGTGGGGGGAGGGGGGTCCTGTGGAGGTGGGAGGGGCCTCTGATGGACTCCAGCTCCTGATCGCCCTTTGACTCCCATCTCCAGGGCCTGAGCACCAGGAA,f25af90d673d88a7a6a531710276dada70d9ac2e2a7d86d735276e2788cdd6d5,0.0,TGCAGAAATCAGATGGTGTTTACACGGTAAGTGTGCCTACCTCCCCCACCCAGGAAGTCAGCAGAAGAGGGTGGGATTTTGAGCGATCTTTGGAAGGCCAGTGGGGGGAGGGGGGTCCTGTGGAGGTGGGAGGGGCCTCTGATGGACTCCAGCTCCTGATCGCCCTTTGACTCCCATCTCCAGGGCCTGAGCACCAGGAA,5730568ab86132eb1239de6c9a61dd4dedb71378d88c9898f5b77d650710957e,-0.241928804552267,TGCAGAAATCAGATGGTGTTTACACGGTAAGTGTGCCTACCTCCCCCACCCAGGAAGTCAGCAGAAGAGGGTGGGATTTTGAGCGATCTTTGGAAGGCCGGTGGGGGGAGGGGGGTCCTGTGGAGGTGGGAGGGGCCTCTGATGGACTCCAGCTCCTGATCACCCTTTGACTCCCATCTCCAGGGCCTGAGCACCAGGAA,19949606ea188532494f6454eca63a81b331f8b8ed585a592cb9e6363b7a452e,-0.359008348449244,TGCAGAAATCAGATGGTGTTTACACGGTAAGTGTGCCTACCTCCCCCACCCAGGAAGTCAGCAGAAGAGGGTGGGATTTTGAGCGATCTTTGGAAGGCCAGTGGGGGGAGGGGGGTCCTGTGGAGGTGGGAGGGGCCTCTGATGGACTCCAGCTCCTGATCACCCTTTGACTCCCATCTCCAGGGCCTGAGCACCAGGAA,1e408eadc252a67d2d23a491ffd3fb63412f76818ab7a8dc653cbc8164a1870e,-0.287625946423959,0.313311206577552,0.240268087348833,-326.0832750638947,-324.4517836915329,-324.8956785397604,-326.4650222021155,-3.2008350347168744,-1.0,-0.313311206577552,0.0,4,0.17223217510792624,0.17620727786206916,0.145609630836647,-0.03717238505558915,1.0
chr1:161646112:C:T;chr1:161646116:T:C;var1;middle;OL30|K562|518122277dc40799,chr1:161646112:C:T;chr1:161646116:T:C;var1;middle;OL30,K562,K562_region_00127,100,104,4,GACCCCACCTCAGATGGCTGGAGTATGATTCAGAGCAGAGCCAACAGATTTAAGAGCTTGAGCAAAATATCACTTGTTCAGCTGTGCTTGCAGCAAGGTCGCATGTCTGCTGGCCAGGCCCAGTGGTGATAGGGGCCTGTGTTCACACCAGGGCCAAAACAGATCTGGAAAAAACAAAGTCCAAGCAACTGGATTATCCA,4693bc019fc72730ea29a64b802684f38e9c311c12335ca054af15e8eb5e571c,0.0,GACCCCACCTCAGATGGCTGGAGTATGATTCAGAGCAGAGCCAACAGATTTAAGAGCTTGAGCAAAATATCACTTGTTCAGCTGTGCTTGCAGCAAGGTTGCATGTCTGCTGGCCAGGCCCAGTGGTGATAGGGGCCTGTGTTCACACCAGGGCCAAAACAGATCTGGAAAAAACAAAGTCCAAGCAACTGGATTATCCA,9dc15de87c382303af5a2fa46103a74fa18ef03a1e7b46423ff4791ca3307ed7,0.110715737925739,GACCCCACCTCAGATGGCTGGAGTATGATTCAGAGCAGAGCCAACAGATTTAAGAGCTTGAGCAAAATATCACTTGTTCAGCTGTGCTTGCAGCAAGGTCGCACGTCTGCTGGCCAGGCCCAGTGGTGATAGGGGCCTGTGTTCACACCAGGGCCAAAACAGATCTGGAAAAAACAAAGTCCAAGCAACTGGATTATCCA,3104726d862069b1813e4d71040d838367751de4edb374847f471f3eab9eba7b,0.145713220403512,GACCCCACCTCAGATGGCTGGAGTATGATTCAGAGCAGAGCCAACAGATTTAAGAGCTTGAGCAAAATATCACTTGTTCAGCTGTGCTTGCAGCAAGGTTGCACGTCTGCTGGCCAGGCCCAGTGGTGATAGGGGCCTGTGTTCACACCAGGGCCAAAACAGATCTGGAAAAAACAAAGTCCAAGCAACTGGATTATCCA,518122277dc40799ae731cdafc4615b79fabec1768a4cf7a878bdf405079148c,0.0330678711038838,0.2233610872253671,0.212510186536626,-329.4077944448218,-347.9717605514452,-293.6242547184229,-306.58252348564565,-5.605697339400649,1.0,0.2233610872253671,0.0,3,0.17018208192404582,0.18106719778262317,0.1474303780702046,0.1622225495029116,1.0
chr1:161646112:C:T;chr1:161646120:T:C;var1;middle;OL30|K562|d9bb1239b6f68a90,chr1:161646112:C:T;chr1:161646120:T:C;var1;middle;OL30,K562,K562_region_00127,100,108,8,GACCCCACCTCAGATGGCTGGAGTATGATTCAGAGCAGAGCCAACAGATTTAAGAGCTTGAGCAAAATATCACTTGTTCAGCTGTGCTTGCAGCAAGGTCGCATGTCTGCTGGCCAGGCCCAGTGGTGATAGGGGCCTGTGTTCACACCAGGGCCAAAACAGATCTGGAAAAAACAAAGTCCAAGCAACTGGATTATCCA,4693bc019fc72730ea29a64b802684f38e9c311c12335ca054af15e8eb5e571c,0.0,GACCCCACCTCAGATGGCTGGAGTATGATTCAGAGCAGAGCCAACAGATTTAAGAGCTTGAGCAAAATATCACTTGTTCAGCTGTGCTTGCAGCAAGGTTGCATGTCTGCTGGCCAGGCCCAGTGGTGATAGGGGCCTGTGTTCACACCAGGGCCAAAACAGATCTGGAAAAAACAAAGTCCAAGCAACTGGATTATCCA,9dc15de87c382303af5a2fa46103a74fa18ef03a1e7b46423ff4791ca3307ed7,0.110700009176163,GACCCCACCTCAGATGGCTGGAGTATGATTCAGAGCAGAGCCAACAGATTTAAGAGCTTGAGCAAAATATCACTTGTTCAGCTGTGCTTGCAGCAAGGTCGCATGTCCGCTGGCCAGGCCCAGTGGTGATAGGGGCCTGTGTTCACACCAGGGCCAAAACAGATCTGGAAAAAACAAAGTCCAAGCAACTGGATTATCCA,055ce8ca0e95f12e6c75502afd4d23892a4adb9923cbcf7dad729745f658008e,0.0625572756398863,GACCCCACCTCAGATGGCTGGAGTATGATTCAGAGCAGAGCCAACAGATTTAAGAGCTTGAGCAAAATATCACTTGTTCAGCTGTGCTTGCAGCAAGGTTGCATGTCCGCTGGCCAGGCCCAGTGGTGATAGGGGCCTGTGTTCACACCAGGGCCAAAACAGATCTGGAAAAAACAAAGTCCAAGCAACTGGATTATCCA,d9bb1239b6f68a90ff1474848a7c94fb0d5bb6eba1b3f96d9c7df55da46c8f80,0.0394261370608132,0.133831147755236,0.209086884546319,-329.4077944448218,-347.9717605514452,-354.4954852252268,-352.4237834485248,-20.635667883325368,1.0,0.133831147755236,0.0,3,0.13990893451566633,0.18106719778262317,0.1474303780702046,0.18801020517282072,1.0
chr1:161646116:T:C;chr1:161646120:T:C;var1;middle;OL30|K562|2a385eea5c8e327f,chr1:161646116:T:C;chr1:161646120:T:C;var1;middle;OL30,K562,K562_region_00127,100,104,4,CCACCTCAGATGGCTGGAGTATGATTCAGAGCAGAGCCAACAGATTTAAGAGCTTGAGCAAAATATCACTTGTTCAGCTGTGCTTGCAGCAAGGTCGCATGTCTGCTGGCCAGGCCCAGTGGTGATAGGGGCCTGTGTTCACACCAGGGCCAAAACAGATCTGGAAAAAACAAAGTCCAAGCAACTGGATTATCCATCTT,fa3c9b7f798ffc664549afcc6dacccbddcba92bf47643c48c1cecf64b70e336f,0.0,CCACCTCAGATGGCTGGAGTATGATTCAGAGCAGAGCCAACAGATTTAAGAGCTTGAGCAAAATATCACTTGTTCAGCTGTGCTTGCAGCAAGGTCGCACGTCTGCTGGCCAGGCCCAGTGGTGATAGGGGCCTGTGTTCACACCAGGGCCAAAACAGATCTGGAAAAAACAAAGTCCAAGCAACTGGATTATCCATCTT,10fe88b77c33d5563c024ede2c4a3e587efa6363a9c2b33b24e08d1bda11f02b,0.332946473159084,CCACCTCAGATGGCTGGAGTATGATTCAGAGCAGAGCCAACAGATTTAAGAGCTTGAGCAAAATATCACTTGTTCAGCTGTGCTTGCAGCAAGGTCGCATGTCCGCTGGCCAGGCCCAGTGGTGATAGGGGCCTGTGTTCACACCAGGGCCAAAACAGATCTGGAAAAAACAAAGTCCAAGCAACTGGATTATCCATCTT,8a2a78892e2f4f4bb261168d280328abf7dccd9f9a4332f28eede8d3ceee3ba2,0.137089576911588,CCACCTCAGATGGCTGGAGTATGATTCAGAGCAGAGCCAACAGATTTAAGAGCTTGAGCAAAATATCACTTGTTCAGCTGTGCTTGCAGCAAGGTCGCACGTCCGCTGGCCAGGCCCAGTGGTGATAGGGGCCTGTGTTCACACCAGGGCCAAAACAGATCTGGAAAAAACAAAGTCCAAGCAACTGGATTATCCATCTT,2a385eea5c8e327f4aad1e1b76faf725a200bd6b07438dfa2fa2fd8bfb24a043,0.464830480750603,0.0052055693200689,0.197387605571964,-280.56970691960305,-267.3210892174393,-301.53445435129106,-292.1204708646983,3.8346342155709863,1.0,0.0052055693200689,0.0,3,0.18919666002401103,0.18106719778262317,0.1474303780702046,0.20725131792087514,1.0
chr1:162253826:T:C;chr1:162253908:C:G;var1;middle;OL41|K562|615af9f4d9f8203f,chr1:162253826:T:C;chr1:162253908:C:G;var1;middle;OL41,K562,K562_region_00128,100,182,82,AGACGGTGGCACCAGCAGTCTTGTTTGTTCTTCAGCCCCTGGCAAAGCCTGAGCAGATTGGATTCCTGTCCTGTGGAACACAGATGCTTCCTCCAGAGCTCACCTGCCCAGGCAGTGCTCCACCTTGGAGCAGCACCGTCAGTTTGGGAAAAAGGAGGATTTGTCCCTGAGAGCCCCTTCTCTTCTCCATTCTTGTGGTT,97f6c3addc9ad1d77c83e713ebb5296d0ef276c6471ba14d1a0964ec5efdfd12,0.0,AGACGGTGGCACCAGCAGTCTTGTTTGTTCTTCAGCCCCTGGCAAAGCCTGAGCAGATTGGATTCCTGTCCTGTGGAACACAGATGCTTCCTCCAGAGCCCACCTGCCCAGGCAGTGCTCCACCTTGGAGCAGCACCGTCAGTTTGGGAAAAAGGAGGATTTGTCCCTGAGAGCCCCTTCTCTTCTCCATTCTTGTGGTT,24b56c2721fe7f68c175d5d1195f1099bbd6bc34cc380ce78b01c4000f64f6bf,-0.0656747836036656,AGACGGTGGCACCAGCAGTCTTGTTTGTTCTTCAGCCCCTGGCAAAGCCTGAGCAGATTGGATTCCTGTCCTGTGGAACACAGATGCTTCCTCCAGAGCTCACCTGCCCAGGCAGTGCTCCACCTTGGAGCAGCACCGTCAGTTTGGGAAAAAGGAGGATTTGTCCCTGAGAGCCCCTTCTGTTCTCCATTCTTGTGGTT,dcc297c7da320873365607197b72e3c96ed1ce70111a95da5a446529d2b09335,0.09614010951519,AGACGGTGGCACCAGCAGTCTTGTTTGTTCTTCAGCCCCTGGCAAAGCCTGAGCAGATTGGATTCCTGTCCTGTGGAACACAGATGCTTCCTCCAGAGCCCACCTGCCCAGGCAGTGCTCCACCTTGGAGCAGCACCGTCAGTTTGGGAAAAAGGAGGATTTGTCCCTGAGAGCCCCTTCTGTTCTCCATTCTTGTGGTT,615af9f4d9f8203ffb870f7b8433f522605c63debee6988f4346b1b4306acdbd,-0.166162661017626,0.1966279869291504,0.300009765721766,-316.5080211497843,-304.8074668869376,-245.9597313255072,-238.11599637568,3.8568193130195425,1.0,0.1966279869291504,0.0,3,0.18924134492364983,0.18106719778262317,0.1474303780702046,0.15428666766181992,1.0
chr1:162254664:A:G;chr1:162254743:A:G;var1;middle;OL41|K562|043da4a1ea850563,chr1:162254664:A:G;chr1:162254743:A:G;var1;middle;OL41,K562,K562_region_00129,100,179,79,CACAAGCAAGGAGCTGGCTGGGTGCCTCTTGCTATGCTCGGGTAAGAAATCATGATTAATAAAGGCCACAGAGAGAGTGAAACCAACAGGGAGGTGGACAAAGCAAGAAAGAGAGATATGGTCAACTACAACATTCTTCCAGAAATATAAGACATTTAAGGTTATGGCATAGCAGGCAATATGTTCTCTAAAACCAGGAC,50b7daa4d76be303ae8d379de2c876b000f24957b929dc7e37b902f6a2769287,0.0,CACAAGCAAGGAGCTGGCTGGGTGCCTCTTGCTATGCTCGGGTAAGAAATCATGATTAATAAAGGCCACAGAGAGAGTGAAACCAACAGGGAGGTGGACGAAGCAAGAAAGAGAGATATGGTCAACTACAACATTCTTCCAGAAATATAAGACATTTAAGGTTATGGCATAGCAGGCAATATGTTCTCTAAAACCAGGAC,ae3499d836686bc24fc107bc52234aebd32be76198f054f39d8e888d25d76764,0.294711799768522,CACAAGCAAGGAGCTGGCTGGGTGCCTCTTGCTATGCTCGGGTAAGAAATCATGATTAATAAAGGCCACAGAGAGAGTGAAACCAACAGGGAGGTGGACAAAGCAAGAAAGAGAGATATGGTCAACTACAACATTCTTCCAGAAATATAAGACATTTAAGGTTATGGCATAGCAGGCAGTATGTTCTCTAAAACCAGGAC,2e874bfa6db3a9edb58977ef9acf0101bd5615f58cdeba8010f70ecc012adcd3,0.247421003841043,CACAAGCAAGGAGCTGGCTGGGTGCCTCTTGCTATGCTCGGGTAAGAAATCATGATTAATAAAGGCCACAGAGAGAGTGAAACCAACAGGGAGGTGGACGAAGCAAGAAAGAGAGATATGGTCAACTACAACATTCTTCCAGAAATATAAGACATTTAAGGTTATGGCATAGCAGGCAGTATGTTCTCTAAAACCAGGAC,043da4a1ea850563f92788cecffa20d2fd1a03324200b1fc78bd803efe28bb70,0.474510172422051,0.067622631187514,0.283048429478155,-353.7410421790555,-358.71398569922894,-353.5027720220387,-362.0654870076105,3.589771465398371,1.0,0.067622631187514,0.0,2,0.1804214658632335,0.17490732828716207,0.146091925319964,0.2355114907852041,1.0
chr1:16353415:C:A;chr1:16353482:A:G;var1;middle;OL41|K562|af813323c1e60428,chr1:16353415:C:A;chr1:16353482:A:G;var1;middle;OL41,K562,K562_region_00028,100,167,67,CCCCTCACACCCTGGGCTCCCTCGGCCCAGCTGAGAGCCTGGAGGAGGGGATGGGGCTCATTCTTGTTCTCACTTCAGCCCCGCTTTGGGTATAGCCACCCCCCGGGGGCGGCGGGGCGGGGCGGGTGGTTGGGGGCGTGGTTGGGCGGTGCTGAGAGGCTTCAGGATAACATTACACAGACTTGGGTTTGAAATCCACT,55a2d08cb7aff15fca1d57c4e75cb4d60958727dc879bc32a313c68270031afd,0.0,CCCCTCACACCCTGGGCTCCCTCGGCCCAGCTGAGAGCCTGGAGGAGGGGATGGGGCTCATTCTTGTTCTCACTTCAGCCCCGCTTTGGGTATAGCCACACCCCGGGGGCGGCGGGGCGGGGCGGGTGGTTGGGGGCGTGGTTGGGCGGTGCTGAGAGGCTTCAGGATAACATTACACAGACTTGGGTTTGAAATCCACT,f6d9070031f66fd887124b9982c71b2d07cb80fba2496cd5b2927226dddc70b6,0.285619927165693,CCCCTCACACCCTGGGCTCCCTCGGCCCAGCTGAGAGCCTGGAGGAGGGGATGGGGCTCATTCTTGTTCTCACTTCAGCCCCGCTTTGGGTATAGCCACCCCCCGGGGGCGGCGGGGCGGGGCGGGTGGTTGGGGGCGTGGTTGGGCGGTGCTGAGAGGCTTCAGGGTAACATTACACAGACTTGGGTTTGAAATCCACT,4c0697551703dbaa23c2955553d917965a5d30616fedae0742a9e6d9754a792e,-0.349900122042729,CCCCTCACACCCTGGGCTCCCTCGGCCCAGCTGAGAGCCTGGAGGAGGGGATGGGGCTCATTCTTGTTCTCACTTCAGCCCCGCTTTGGGTATAGCCACACCCCGGGGGCGGCGGGGCGGGGCGGGTGGTTGGGGGCGTGGTTGGGCGGTGCTGAGAGGCTTCAGGGTAACATTACACAGACTTGGGTTTGAAATCCACT,af813323c1e60428452613adc9f58ded7598fdf3bd2a9a575c2b8f13c4d569f3,0.274603236278632,0.338883431155668,0.207114936083058,-288.2131332687568,-286.76272325986065,-281.22279764711857,-279.77079860540107,0.0015890328213572502,-1.0,-0.338883431155668,0.0,3,0.1814761963343957,0.18106719778262317,0.1474303780702046,0.14878267428662803,1.0
chr1:16370677:G:C;chr1:16370741:C:T;var1;middle;OL28|K562|ac64d3f98a374f88,chr1:16370677:G:C;chr1:16370741:C:T;var1;middle;OL28,K562,K562_region_00029,100,164,64,GACTCTGCAGTGAGAGTGTCACAGCCCTGGGCAGAGACTGCTCCCAGCAGTGGAAGCGCCAAGTGACCCAGGAGGGTGGGAGCGGCTGCCACCGAAGGGGAAGGGGCTCTGAGCAGGGCTTGGGCTCCGGCCTGTGCCCAGTCTGCTGCTGGACACAGGGGGACACCTAGGAATCCCACCCCCATCCCACACAATGACAC,c80d877bfe7f87a2533dda5a89674947521150f7c00f3042cb27dd0b0ee1813f,0.0,GACTCTGCAGTGAGAGTGTCACAGCCCTGGGCAGAGACTGCTCCCAGCAGTGGAAGCGCCAAGTGACCCAGGAGGGTGGGAGCGGCTGCCACCGAAGGGCAAGGGGCTCTGAGCAGGGCTTGGGCTCCGGCCTGTGCCCAGTCTGCTGCTGGACACAGGGGGACACCTAGGAATCCCACCCCCATCCCACACAATGACAC,7b3fa3a96775dd1d738a42850d35cde2d867c889430b40a63fb22647ba9aec38,0.113522298739153,GACTCTGCAGTGAGAGTGTCACAGCCCTGGGCAGAGACTGCTCCCAGCAGTGGAAGCGCCAAGTGACCCAGGAGGGTGGGAGCGGCTGCCACCGAAGGGGAAGGGGCTCTGAGCAGGGCTTGGGCTCCGGCCTGTGCCCAGTCTGCTGCTGGACACAGGGGGATACCTAGGAATCCCACCCCCATCCCACACAATGACAC,60d2a0662bb6cf642214e093b2fcb6f4309097b6deadd7ad3c6af54cb94a8202,-0.292696312101937,GACTCTGCAGTGAGAGTGTCACAGCCCTGGGCAGAGACTGCTCCCAGCAGTGGAAGCGCCAAGTGACCCAGGAGGGTGGGAGCGGCTGCCACCGAAGGGCAAGGGGCTCTGAGCAGGGCTTGGGCTCCGGCCTGTGCCCAGTCTGCTGCTGGACACAGGGGGATACCTAGGAATCCCACCCCCATCCCACACAATGACAC,ac64d3f98a374f885ba3f5e22318d147be803c3404aa9f53c5e9827ddc294e1c,-0.360661336616573,0.181487323253789,0.360145251549681,-298.66376488865353,-308.62177734076977,-306.8580715950811,-314.33128815027885,-2.484795896918513,1.0,0.181487323253789,0.0,2,0.17157640464388407,0.17490732828716207,0.146091925319964,0.30460980590942666,1.0
chr1:16382584:T:C;chr1:16382602:A:G;var1;middle;OL41|K562|696d631f0d86ad5a,chr1:16382584:T:C;chr1:16382602:A:G;var1;middle;OL41,K562,K562_region_00030,100,118,18,GAGTGGCAAATGTAAATCTCTGGGTGGAGAAAGACAGTGGAGTTGCACCAAGGCACACGTGCGCTTCAATTTCAGGTCCACCGCATTCTCCCTGTGTGATCTTGGACAAACGACTTAACCACTCAGGACAGAGCCTGGCACACGGGTTGGGGAGGGGCAGAGGCTGACAGGGGACCTGGAGATGGCCCCGCCCCCTCTGT,72417135103314443b278ccf6a849e795500f4efe198462374e2e2aafc4d86d7,0.0,GAGTGGCAAATGTAAATCTCTGGGTGGAGAAAGACAGTGGAGTTGCACCAAGGCACACGTGCGCTTCAATTTCAGGTCCACCGCATTCTCCCTGTGTGACCTTGGACAAACGACTTAACCACTCAGGACAGAGCCTGGCACACGGGTTGGGGAGGGGCAGAGGCTGACAGGGGACCTGGAGATGGCCCCGCCCCCTCTGT,e5b97fb5541de22c4d7ecafb3d0e0d1de0c5441d4993bf6a947f737d263df2b6,0.0696017983038751,GAGTGGCAAATGTAAATCTCTGGGTGGAGAAAGACAGTGGAGTTGCACCAAGGCACACGTGCGCTTCAATTTCAGGTCCACCGCATTCTCCCTGTGTGATCTTGGACAAACGACTTAGCCACTCAGGACAGAGCCTGGCACACGGGTTGGGGAGGGGCAGAGGCTGACAGGGGACCTGGAGATGGCCCCGCCCCCTCTGT,4a343c2785a19bd8dd832315cc9b726a86e5a075c6617462e88cd14e96029397,-0.0607578231852605,GAGTGGCAAATGTAAATCTCTGGGTGGAGAAAGACAGTGGAGTTGCACCAAGGCACACGTGCGCTTCAATTTCAGGTCCACCGCATTCTCCCTGTGTGACCTTGGACAAACGACTTAGCCACTCAGGACAGAGCCTGGCACACGGGTTGGGGAGGGGCAGAGGCTGACAGGGGACCTGGAGATGGCCCCGCCCCCTCTGT,696d631f0d86ad5ab07b179366ffb55d27a3ecf3170d051441c9b60268a5e4aa,0.139124655342858,0.1302806802242434,0.169155972987585,-338.54082612204365,-329.3321488648653,-337.7883772340137,-327.70210234750994,0.8775976293254644,-1.0,-0.1302806802242434,0.0,0,0.1869032302966451,0.18565657667894103,0.15145376406925343,0.2786634465658648,1.0
chr1:1638925:C:T;chr1:1638994:C:T;var1;middle;OL41|K562|2289c808978388b2,chr1:1638925:C:T;chr1:1638994:C:T;var1;middle;OL41,K562,K562_region_00009,100,169,69,CGGGGCGAGGGGAGGGCCTGACCTGCAGGGCCGGCAGGTACTTGGGCAGCTCCTGCTTGAGCTCGATGGGCAACAGGGCAGGGGAGTCGGGCACATAGTCGCCCTCTGTCAGGGCGCTGCTCTGCGGCGTTCCCTCACCCACTTCTTCCTCTGCTTCTTCACTCTCCCCGGAATCTCGGTCGAACCGTGACTCTGGAACT,40de856e296cb05e4a5b07adff5a599776a99da6e4945d4caa33f9291f0f894d,0.0,CGGGGCGAGGGGAGGGCCTGACCTGCAGGGCCGGCAGGTACTTGGGCAGCTCCTGCTTGAGCTCGATGGGCAACAGGGCAGGGGAGTCGGGCACATAGTTGCCCTCTGTCAGGGCGCTGCTCTGCGGCGTTCCCTCACCCACTTCTTCCTCTGCTTCTTCACTCTCCCCGGAATCTCGGTCGAACCGTGACTCTGGAACT,9db34e83ba46b10d25ea7086ac19f6d1289e33cebfeeb2a74e680f980f390f3c,0.0082190992933062,CGGGGCGAGGGGAGGGCCTGACCTGCAGGGCCGGCAGGTACTTGGGCAGCTCCTGCTTGAGCTCGATGGGCAACAGGGCAGGGGAGTCGGGCACATAGTCGCCCTCTGTCAGGGCGCTGCTCTGCGGCGTTCCCTCACCCACTTCTTCCTCTGCTTCTTCACTCTCCCTGGAATCTCGGTCGAACCGTGACTCTGGAACT,eff68e1d781d51c8872e1ab6daffc7020951a5b4093da1ae36629f9be800c5e3,0.0600018740360622,CGGGGCGAGGGGAGGGCCTGACCTGCAGGGCCGGCAGGTACTTGGGCAGCTCCTGCTTGAGCTCGATGGGCAACAGGGCAGGGGAGTCGGGCACATAGTTGCCCTCTGTCAGGGCGCTGCTCTGCGGCGTTCCCTCACCCACTTCTTCCTCTGCTTCTTCACTCTCCCTGGAATCTCGGTCGAACCGTGACTCTGGAACT,2289c808978388b23fdd1c2d242cdc585741c91751e2f3498a8566aab375b42c,-0.123577027009805,0.1917980003391733,0.22059645225066,-310.0365751381032,-316.72181305871345,-307.62939080549404,-312.70607113908045,-1.6085575870238245,1.0,0.1917980003391733,0.0,0,0.18371004136797411,0.18565657667894103,0.15145376406925343,0.3081867607444799,1.0
chr1:16410170:C:G;chr1:16410178:G:C;var1;middle;OL32|K562|32289db5a46a9c18,chr1:16410170:C:G;chr1:16410178:G:C;var1;middle;OL32,K562,K562_region_00031,100,108,8,AAAAACAAACACAGCCCAGCTGGTGTCCCCTGCCCAGCCCTGCCCAGCCCTGCCCAGCCCTGCCCAGCCCACTCCTGCCCTTCCCACTCCGAGAAGCGGCTGGGCGGGGGGGTGGAGAAACTCACATTGTGGGAAAGTGTTTTTCCCAGCAGAGGTATGGAGGGGGCACAAGTCCAGGTCAGGGTGGTGCCAGCTGAGGG,d556f60c6dfdc1878a1f2fd00f60dded84f81b61050583d08ca6c9fe0f89ee73,0.0,AAAAACAAACACAGCCCAGCTGGTGTCCCCTGCCCAGCCCTGCCCAGCCCTGCCCAGCCCTGCCCAGCCCACTCCTGCCCTTCCCACTCCGAGAAGCGGGTGGGCGGGGGGGTGGAGAAACTCACATTGTGGGAAAGTGTTTTTCCCAGCAGAGGTATGGAGGGGGCACAAGTCCAGGTCAGGGTGGTGCCAGCTGAGGG,450bad77678c98036b95ca8ba55a5afae700561d90a26ba5f74fc1a0f4756171,-0.0837838428885574,AAAAACAAACACAGCCCAGCTGGTGTCCCCTGCCCAGCCCTGCCCAGCCCTGCCCAGCCCTGCCCAGCCCACTCCTGCCCTTCCCACTCCGAGAAGCGGCTGGGCGGCGGGGTGGAGAAACTCACATTGTGGGAAAGTGTTTTTCCCAGCAGAGGTATGGAGGGGGCACAAGTCCAGGTCAGGGTGGTGCCAGCTGAGGG,5cce31fe497d4e5df99b5f52e73d4e7856ff62b70c3b8d1949eff3c1d4902183,0.195245978733358,AAAAACAAACACAGCCCAGCTGGTGTCCCCTGCCCAGCCCTGCCCAGCCCTGCCCAGCCCTGCCCAGCCCACTCCTGCCCTTCCCACTCCGAGAAGCGGGTGGGCGGCGGGGTGGAGAAACTCACATTGTGGGAAAGTGTTTTTCCCAGCAGAGGTATGGAGGGGGCACAAGTCCAGGTCAGGGTGGTGCCAGCTGAGGG,32289db5a46a9c1849cba8a45a4cd3af8918272d24d923cfd99f172af0b23b5e,0.172128650397604,0.0606665145528034,0.477640500245787,-192.86851735785604,-189.33639872842468,-194.48935953294853,-191.78412270080293,-0.8268817972857505,-1.0,-0.0606665145528034,0.0,0,0.18471401668745036,0.18565657667894103,0.15145376406925343,0.33510253350571817,1.0
chr1:165352839:C:T;chr1:165352846:T:A;var1;middle;OL32|K562|9c649188ef13bd69,chr1:165352839:C:T;chr1:165352846:T:A;var1;middle;OL32,K562,K562_region_00130,100,107,7,TTTAAAAGGACACTGAAGCACAGGCAGATTTGGGCGTCACGGCGCTAGACCATTCTAGGATGCCCTTTCTGTTGTTTCAGTGCCTGGGATCCACCCTCACGACCCATCTGTTTCTGCCAAAGGTGTTTTAGCTATCCCTGGAGTCCACCCAGACCTCTGGGAAAACTTGTCTGAGGCCTGTGCCAGAACTCCAGTGGCCA,fd5e6ecf9bd5bf13ba22c92c309b33d41bb66b32b9f3afcacd1c52594d807f57,0.0,TTTAAAAGGACACTGAAGCACAGGCAGATTTGGGCGTCACGGCGCTAGACCATTCTAGGATGCCCTTTCTGTTGTTTCAGTGCCTGGGATCCACCCTCATGACCCATCTGTTTCTGCCAAAGGTGTTTTAGCTATCCCTGGAGTCCACCCAGACCTCTGGGAAAACTTGTCTGAGGCCTGTGCCAGAACTCCAGTGGCCA,ce5c70e0e36da20af5d6dd6960a37eaf1eec7797d8ad589f90c24a281275c821,0.0368092021654152,TTTAAAAGGACACTGAAGCACAGGCAGATTTGGGCGTCACGGCGCTAGACCATTCTAGGATGCCCTTTCTGTTGTTTCAGTGCCTGGGATCCACCCTCACGACCCAACTGTTTCTGCCAAAGGTGTTTTAGCTATCCCTGGAGTCCACCCAGACCTCTGGGAAAACTTGTCTGAGGCCTGTGCCAGAACTCCAGTGGCCA,2870c0203eeaee112bf4fd09f799e0444dd9298b36c74104ddbaedd064879111,-0.239653470416465,TTTAAAAGGACACTGAAGCACAGGCAGATTTGGGCGTCACGGCGCTAGACCATTCTAGGATGCCCTTTCTGTTGTTTCAGTGCCTGGGATCCACCCTCATGACCCAACTGTTTCTGCCAAAGGTGTTTTAGCTATCCCTGGAGTCCACCCAGACCTCTGGGAAAACTTGTCTGAGGCCTGTGCCAGAACTCCAGTGGCCA,9c649188ef13bd69d95f0a0353c9047da61b48add6a94d2583a8c38729f30abc,-0.142608759839882,0.0602355084111678,0.303936696787985,-397.85387280769646,-393.2252944665961,-398.4090757255908,-392.9943506421987,0.7861467422917485,-1.0,-0.0602355084111678,0.0,4,0.1771736854477805,0.17620727786206916,0.145609630836647,0.07642743375682348,1.0
chr1:165370400:G:C;chr1:165370475:G:C;var1;middle;OL32|K562|b79a0915c3587e81,chr1:165370400:G:C;chr1:165370475:G:C;var1;middle;OL32,K562,K562_region_00131,100,175,75,CAAAGCGTATTACCTTTAACATCTATACAAAAGTCCACCTATAAAAGTCTCATGTGTAGAAAGGTTTTCTTTATTATAAGCATCACATTTTGGGGACAGGAAGGGGGTCAGGGTGGGAGGTGGAGGAAAGTGCAGGGTGGGGGTCCACACACACCTGCCCAGGGGTCATCCTGGGTGGGGAGGCTGTGGCTGGTGGGGCT,1fb65ec377defc419f5b6e8265f0e0d3db0f4afe971d8c491616d56816ba54bf,0.0,CAAAGCGTATTACCTTTAACATCTATACAAAAGTCCACCTATAAAAGTCTCATGTGTAGAAAGGTTTTCTTTATTATAAGCATCACATTTTGGGGACAGCAAGGGGGTCAGGGTGGGAGGTGGAGGAAAGTGCAGGGTGGGGGTCCACACACACCTGCCCAGGGGTCATCCTGGGTGGGGAGGCTGTGGCTGGTGGGGCT,88b18b0c4ff10532dcc633d7120bc610feeb58daa736a56bab2c954697abffaf,-0.0471477823725208,CAAAGCGTATTACCTTTAACATCTATACAAAAGTCCACCTATAAAAGTCTCATGTGTAGAAAGGTTTTCTTTATTATAAGCATCACATTTTGGGGACAGGAAGGGGGTCAGGGTGGGAGGTGGAGGAAAGTGCAGGGTGGGGGTCCACACACACCTGCCCAGGGGTCATCCTGGCTGGGGAGGCTGTGGCTGGTGGGGCT,5f355a77146e12982a2486c2fa37862d39c5f71b36eeb884d3018f605b1491a4,0.163435085358465,CAAAGCGTATTACCTTTAACATCTATACAAAAGTCCACCTATAAAAGTCTCATGTGTAGAAAGGTTTTCTTTATTATAAGCATCACATTTTGGGGACAGCAAGGGGGTCAGGGTGGGAGGTGGAGGAAAGTGCAGGGTGGGGGTCCACACACACCTGCCCAGGGGTCATCCTGGCTGGGGAGGCTGTGGCTGGTGGGGCT,b79a0915c3587e81c09b769f27def3f893b31160c0f485b77494addfe8a13373,-0.0320100120434508,-0.148297315029395,0.294389051069149,-269.51801712287124,-293.6807850130135,-313.5846181946108,-334.30295305594336,3.4444330288097262,-1.0,0.148297315029395,0.0,2,0.18020984134868356,0.17490732828716207,0.146091925319964,0.31257434157280184,1.0
chr1:165406187:T:C;chr1:165406243:C:T;var1;middle;OL32|K562|740d925fba1eec1d,chr1:165406187:T:C;chr1:165406243:C:T;var1;middle;OL32,K562,K562_region_00132,100,156,56,CAAGAGTTTCAAGGTTAAAGATCAATCCCAAACTCCTGGTGGGATTTCAGAATTAACAACCAAACTTGAAAAGTGGAAAAGCCTGTTATCATCTTTAATTCAAAAAGCATTTACAAGATGTCAGAGGAACGGGAAACAAAGCACTTAATGAATATCTTGGAGTGTTTCTTCTAGGCTGGTTGCCTGGGTTTCATTTCTGT,0eb478c1ca3e50667890e3fe5c694bc8e87d2ba02572c4f76576f1d6ebc3f1b5,0.0,CAAGAGTTTCAAGGTTAAAGATCAATCCCAAACTCCTGGTGGGATTTCAGAATTAACAACCAAACTTGAAAAGTGGAAAAGCCTGTTATCATCTTTAATCCAAAAAGCATTTACAAGATGTCAGAGGAACGGGAAACAAAGCACTTAATGAATATCTTGGAGTGTTTCTTCTAGGCTGGTTGCCTGGGTTTCATTTCTGT,d17623a6289f543d4587b86a8c36814fdfc1f3b784ab9b1e35cad861b065db72,-0.18891903058501,CAAGAGTTTCAAGGTTAAAGATCAATCCCAAACTCCTGGTGGGATTTCAGAATTAACAACCAAACTTGAAAAGTGGAAAAGCCTGTTATCATCTTTAATTCAAAAAGCATTTACAAGATGTCAGAGGAACGGGAAACAAAGCACTTAATGAATATTTTGGAGTGTTTCTTCTAGGCTGGTTGCCTGGGTTTCATTTCTGT,0250a09ba150d36067d3010f19c2e956f5d214bec4151ab27f869458570f1e59,-0.0411010774511976,CAAGAGTTTCAAGGTTAAAGATCAATCCCAAACTCCTGGTGGGATTTCAGAATTAACAACCAAACTTGAAAAGTGGAAAAGCCTGTTATCATCTTTAATCCAAAAAGCATTTACAAGATGTCAGAGGAACGGGAAACAAAGCACTTAATGAATATTTTGGAGTGTTTCTTCTAGGCTGGTTGCCTGGGTTTCATTTCTGT,740d925fba1eec1d7693c3a3b62ffb3022629fb1d349e52b881ddf269f43746a,0.134580359695968,0.3646004677321756,0.236747505770974,-366.6557576458436,-368.2847976400517,-345.8915192456916,-346.16886211163364,1.3516971282660393,-1.0,-0.3646004677321756,0.0,0,0.18751215819509245,0.18565657667894103,0.15145376406925343,0.08038905950450742,1.0
chr1:165406243:C:T;chr1:165406313:T:G;var1;middle;OL32|K562|00f88b965bf6b126,chr1:165406243:C:T;chr1:165406313:T:G;var1;middle;OL32,K562,K562_region_00132,100,170,70,CAACCAAACTTGAAAAGTGGAAAAGCCTGTTATCATCTTTAATTCAAAAAGCATTTACAAGATGTCAGAGGAACGGGAAACAAAGCACTTAATGAATATCTTGGAGTGTTTCTTCTAGGCTGGTTGCCTGGGTTTCATTTCTGTGACTCAAAATCTCCTTTGCTCCTCCTTTTCATTTTACTGGTCACTAGTGTCATGGG,7fb2415b35dcd795b6cbacf495b7718eb0810c6143f8592b3072def2392884b6,0.0,CAACCAAACTTGAAAAGTGGAAAAGCCTGTTATCATCTTTAATTCAAAAAGCATTTACAAGATGTCAGAGGAACGGGAAACAAAGCACTTAATGAATATTTTGGAGTGTTTCTTCTAGGCTGGTTGCCTGGGTTTCATTTCTGTGACTCAAAATCTCCTTTGCTCCTCCTTTTCATTTTACTGGTCACTAGTGTCATGGG,ca746b35aea52cda9a846ff748c0aa6a1df7ec96b64dba8d676f983fcf7338c8,-0.0393702328544564,CAACCAAACTTGAAAAGTGGAAAAGCCTGTTATCATCTTTAATTCAAAAAGCATTTACAAGATGTCAGAGGAACGGGAAACAAAGCACTTAATGAATATCTTGGAGTGTTTCTTCTAGGCTGGTTGCCTGGGTTTCATTTCTGTGACTCAAAATCTCCTTTGCTCCTCCGTTTCATTTTACTGGTCACTAGTGTCATGGG,fbd7cf64d947adb14785d1bfb064034aea2af5d63d287f3464822339a29c875e,-0.376033355720889,CAACCAAACTTGAAAAGTGGAAAAGCCTGTTATCATCTTTAATTCAAAAAGCATTTACAAGATGTCAGAGGAACGGGAAACAAAGCACTTAATGAATATTTTGGAGTGTTTCTTCTAGGCTGGTTGCCTGGGTTTCATTTCTGTGACTCAAAATCTCCTTTGCTCCTCCGTTTCATTTTACTGGTCACTAGTGTCATGGG,00f88b965bf6b126d1e6a2df419ba53869244d110578f4e0a814a408beacba32,-0.464104663262356,0.0487010746870106,0.18706056896669,-325.7785448823124,-354.2992251208052,-367.4804974449799,-373.09822618495673,-22.902951498515904,1.0,0.0487010746870106,0.0,0,0.15635976877285301,0.18565657667894103,0.15145376406925343,0.24881288329313073,1.0
chr1:16542835:A:G;chr1:16542876:A:T;var1;middle;OL41|K562|8d5dc96eef7b1cfd,chr1:16542835:A:G;chr1:16542876:A:T;var1;middle;OL41,K562,K562_region_00032,100,141,41,TTGCAGATAAAGTAGAAAAGGGGGCTTGGCGGGGGCGGAGCTTAATGATGGGCGGGAACAGGCGGAAACTACAGGGAGTCCAGCCAATCCCTCCAATGGATGAGGCCAAATAAGGGGGCGGGGCTAGAGAGTGCTGAACTAGAGAGGGCTGAGCTGAAGCTTGAGGGCAGGCCAAGGGGCGTGGTCATTATGGTCATTAT,e8485ca8a1f4d623fb79525bbc1263024e22ab2f44082582c052785f0102b93e,0.0,TTGCAGATAAAGTAGAAAAGGGGGCTTGGCGGGGGCGGAGCTTAATGATGGGCGGGAACAGGCGGAAACTACAGGGAGTCCAGCCAATCCCTCCAATGGGTGAGGCCAAATAAGGGGGCGGGGCTAGAGAGTGCTGAACTAGAGAGGGCTGAGCTGAAGCTTGAGGGCAGGCCAAGGGGCGTGGTCATTATGGTCATTAT,29fd36e8b963faef727d24ab07f00d22f5400fc8bb813b9001d199735c6b000d,0.0104430218910249,TTGCAGATAAAGTAGAAAAGGGGGCTTGGCGGGGGCGGAGCTTAATGATGGGCGGGAACAGGCGGAAACTACAGGGAGTCCAGCCAATCCCTCCAATGGATGAGGCCAAATAAGGGGGCGGGGCTAGAGAGTGCTGAACTTGAGAGGGCTGAGCTGAAGCTTGAGGGCAGGCCAAGGGGCGTGGTCATTATGGTCATTAT,8193d0b5eb93144e9c357fa68e57fabc5f9cc753c6d5576ae57093d42e786d17,-0.0220743391529876,TTGCAGATAAAGTAGAAAAGGGGGCTTGGCGGGGGCGGAGCTTAATGATGGGCGGGAACAGGCGGAAACTACAGGGAGTCCAGCCAATCCCTCCAATGGGTGAGGCCAAATAAGGGGGCGGGGCTAGAGAGTGCTGAACTTGAGAGGGCTGAGCTGAAGCTTGAGGGCAGGCCAAGGGGCGTGGTCATTATGGTCATTAT,8d5dc96eef7b1cfdcd64a6ed98e97448b8d3582f70ef772a18b3ca373af50ba6,0.0758605999906309,0.0874919172525936,0.191482512454015,-200.27914238208905,-197.9433902045712,-217.3046203944832,-214.29305232688785,0.6758158900775015,-1.0,-0.0874919172525936,0.0,3,0.18283421423448096,0.18106719778262317,0.1474303780702046,0.18605451841067586,1.0
chr1:16542876:A:T;chr1:16542937:T:G;var1;middle;OL41|K562|672384397d01b95f,chr1:16542876:A:T;chr1:16542937:T:G;var1;middle;OL41,K562,K562_region_00032,100,161,61,TTAATGATGGGCGGGAACAGGCGGAAACTACAGGGAGTCCAGCCAATCCCTCCAATGGATGAGGCCAAATAAGGGGGCGGGGCTAGAGAGTGCTGAACTAGAGAGGGCTGAGCTGAAGCTTGAGGGCAGGCCAAGGGGCGTGGTCATTATGGTCATTATGTTGCGGGTGGGGCCGGGGTCCGCCTGCCTTGCTGACTGAA,1ae6160c98c3688a28f9d469319d9553c6e07e4acb13035b0209d4b044bd3415,0.0,TTAATGATGGGCGGGAACAGGCGGAAACTACAGGGAGTCCAGCCAATCCCTCCAATGGATGAGGCCAAATAAGGGGGCGGGGCTAGAGAGTGCTGAACTTGAGAGGGCTGAGCTGAAGCTTGAGGGCAGGCCAAGGGGCGTGGTCATTATGGTCATTATGTTGCGGGTGGGGCCGGGGTCCGCCTGCCTTGCTGACTGAA,b2b37b00daa1dd0dc944d6d11018194c3b53e7e3bdc823c6b0ff5ed887c99ab2,-0.12784003049743,TTAATGATGGGCGGGAACAGGCGGAAACTACAGGGAGTCCAGCCAATCCCTCCAATGGATGAGGCCAAATAAGGGGGCGGGGCTAGAGAGTGCTGAACTAGAGAGGGCTGAGCTGAAGCTTGAGGGCAGGCCAAGGGGCGTGGTCATTATGGTCATTATGGTGCGGGTGGGGCCGGGGTCCGCCTGCCTTGCTGACTGAA,09cc4eaf873a81a54d41b4c0efe33046838a004c0e6a492dd47d00a0fdce288d,-0.0730124266156653,TTAATGATGGGCGGGAACAGGCGGAAACTACAGGGAGTCCAGCCAATCCCTCCAATGGATGAGGCCAAATAAGGGGGCGGGGCTAGAGAGTGCTGAACTTGAGAGGGCTGAGCTGAAGCTTGAGGGCAGGCCAAGGGGCGTGGTCATTATGGTCATTATGGTGCGGGTGGGGCCGGGGTCCGCCTGCCTTGCTGACTGAA,672384397d01b95fc856f1d6d4312988f4b324cf184574152e5bc325ba813f1e,0.022861872404402,0.2237143295174972,0.166288298265958,-314.3512223714497,-306.9459744038759,-300.4804360847338,-291.37992662377656,1.6952614933834411,-1.0,-0.2237143295174972,0.0,3,0.18488756669671713,0.18106719778262317,0.1474303780702046,0.08217245299393908,1.0
chr1:16840462:C:T;chr1:16840476:A:G;var1;middle;OL41|K562|58c97704776d49b6,chr1:16840462:C:T;chr1:16840476:A:G;var1;middle;OL41,K562,K562_region_00033,100,114,14,GACCAATCCCTGCAAAAAGCAGCCAGGGTAGAAAGGGAAGAGCTGAGCGGACTTCACGATAGCTAATTTGTGTTACAAAGCCGATACGGCTGATGCTCGCTTTTTCTCCTATGACATGCAGGCGACATGTTACTTCCTATTCCCATAAACCCTCCACTGTAGGATTAACACCTAAGACACCAACCAAGACACAAACCAAT,d953d742c4f24db9edd24681944ce10452286c33c4524c26e13ab494433e29ad,0.0,GACCAATCCCTGCAAAAAGCAGCCAGGGTAGAAAGGGAAGAGCTGAGCGGACTTCACGATAGCTAATTTGTGTTACAAAGCCGATACGGCTGATGCTCGTTTTTTCTCCTATGACATGCAGGCGACATGTTACTTCCTATTCCCATAAACCCTCCACTGTAGGATTAACACCTAAGACACCAACCAAGACACAAACCAAT,1a0051fdae985e4de12ca625b87c2855d12771a37ebf3f06bacd1af9d32bb005,0.439347333324311,GACCAATCCCTGCAAAAAGCAGCCAGGGTAGAAAGGGAAGAGCTGAGCGGACTTCACGATAGCTAATTTGTGTTACAAAGCCGATACGGCTGATGCTCGCTTTTTCTCCTATGGCATGCAGGCGACATGTTACTTCCTATTCCCATAAACCCTCCACTGTAGGATTAACACCTAAGACACCAACCAAGACACAAACCAAT,365d8d5a11d8c3c00fa4019bde4eaea11315293eff485081faa0b3b73e8493f9,0.0825868986587969,GACCAATCCCTGCAAAAAGCAGCCAGGGTAGAAAGGGAAGAGCTGAGCGGACTTCACGATAGCTAATTTGTGTTACAAAGCCGATACGGCTGATGCTCGTTTTTTCTCCTATGGCATGCAGGCGACATGTTACTTCCTATTCCCATAAACCCTCCACTGTAGGATTAACACCTAAGACACCAACCAAGACACAAACCAAT,58c97704776d49b688b061661756cc9c1ee554f1b04eb967b7eea054470e2973,0.305830077625854,0.2161041543572538,0.382626565413551,-428.9642064594664,-434.8182752532885,-440.83239179709926,-447.84902953216806,1.162568941246775,1.0,0.2161041543572538,0.0,0,0.18726924414494867,0.18565657667894103,0.15145376406925343,0.514404632569554,1.0
chr1:172745284:T:C;chr1:172745316:T:C;var1;middle;OL28|K562|1f0f275b65ab5bee,chr1:172745284:T:C;chr1:172745316:T:C;var1;middle;OL28,K562,K562_region_00133,100,132,32,GGCAGAAGATGGCAGAATCCAGTGACGCAGGGGCATCTGGCTCCAGAAATAATAGGTCACTTGGCACCCACTTCTTCAAAACAGTGAGCTTCATGAACATTCTTATTTATTTGACGTGGATATTGCATGCCTGGTAGATGTGTTCCACAAGAAATTCTTGGTGGGAGTCAACCTAATCACAGTGAAGGAATAGTCTTTGA,bc5c92c939804c4fb00b8a5c5ab97b6c3c3c4a91ef59ca0c4d2876a20069a259,0.0,GGCAGAAGATGGCAGAATCCAGTGACGCAGGGGCATCTGGCTCCAGAAATAATAGGTCACTTGGCACCCACTTCTTCAAAACAGTGAGCTTCATGAACACTCTTATTTATTTGACGTGGATATTGCATGCCTGGTAGATGTGTTCCACAAGAAATTCTTGGTGGGAGTCAACCTAATCACAGTGAAGGAATAGTCTTTGA,7cd0004a269ba26ea257839bd840fccb906e389c969a491858e144316c411b20,0.0545270901122912,GGCAGAAGATGGCAGAATCCAGTGACGCAGGGGCATCTGGCTCCAGAAATAATAGGTCACTTGGCACCCACTTCTTCAAAACAGTGAGCTTCATGAACATTCTTATTTATTTGACGTGGATATTGCATGCCCGGTAGATGTGTTCCACAAGAAATTCTTGGTGGGAGTCAACCTAATCACAGTGAAGGAATAGTCTTTGA,1885126ad5b432183c3cda9a8187575769835fded66945e8906db0a469753d13,0.188847468664344,GGCAGAAGATGGCAGAATCCAGTGACGCAGGGGCATCTGGCTCCAGAAATAATAGGTCACTTGGCACCCACTTCTTCAAAACAGTGAGCTTCATGAACACTCTTATTTATTTGACGTGGATATTGCATGCCCGGTAGATGTGTTCCACAAGAAATTCTTGGTGGGAGTCAACCTAATCACAGTGAAGGAATAGTCTTTGA,1f0f275b65ab5bee7251ad8908d171cb93df153fc1180b9b882f3b61ed8409fd,0.112028270290718,0.1313462884859171,0.132641654404042,-409.37583386106417,-409.4076074855402,-408.246701002121,-404.9336851937696,-3.34478943282744,1.0,0.1313462884859171,0.0,0,0.18148004531979206,0.18565657667894103,0.15145376406925343,0.06478386829732238,1.0
chr1:17336253:C:T;chr1:17336319:A:C;var1;middle;OL41|K562|fed6b38b9bbf0a33,chr1:17336253:C:T;chr1:17336319:A:C;var1;middle;OL41,K562,K562_region_00034,100,166,66,TGCTGGGATTACAGGTGTGAGCCACCACACCCGGCCTCAAGACTCTTTATGAAGAAAAGGTTCTTCAAAAAGAGGGCAGAGTCCCCAGTATGTAAACAGCGGTCCCCCTGGGAAGTTCTTCCTCATGGCAATCGTATGACTGTCACTTCACAATGACACTCTCTCAGTCAACCTTGGCAAAGAGGAAAAGGGGAGTGGAA,55d63d787ba6aee6b5096847cc17372ef95ef975a1bb233fa9a9c4c7bd8832f2,0.0,TGCTGGGATTACAGGTGTGAGCCACCACACCCGGCCTCAAGACTCTTTATGAAGAAAAGGTTCTTCAAAAAGAGGGCAGAGTCCCCAGTATGTAAACAGTGGTCCCCCTGGGAAGTTCTTCCTCATGGCAATCGTATGACTGTCACTTCACAATGACACTCTCTCAGTCAACCTTGGCAAAGAGGAAAAGGGGAGTGGAA,a61cc59ff38752c4dac8a4a4506b35b6168358d3665f05eb120c6a9aef403aa6,-0.377526063113187,TGCTGGGATTACAGGTGTGAGCCACCACACCCGGCCTCAAGACTCTTTATGAAGAAAAGGTTCTTCAAAAAGAGGGCAGAGTCCCCAGTATGTAAACAGCGGTCCCCCTGGGAAGTTCTTCCTCATGGCAATCGTATGACTGTCACTTCACAATGACACTCTCTCCGTCAACCTTGGCAAAGAGGAAAAGGGGAGTGGAA,5d1657e549fe9ce5923a156083703858cf871e379ec7c0e2533f8641ba039b6e,-0.310200763786189,TGCTGGGATTACAGGTGTGAGCCACCACACCCGGCCTCAAGACTCTTTATGAAGAAAAGGTTCTTCAAAAAGAGGGCAGAGTCCCCAGTATGTAAACAGTGGTCCCCCTGGGAAGTTCTTCCTCATGGCAATCGTATGACTGTCACTTCACAATGACACTCTCTCCGTCAACCTTGGCAAAGAGGAAAAGGGGAGTGGAA,fed6b38b9bbf0a33a094bc30e7cfa394ddd014e9f15008ed6ad91c89ed87965e,-0.264861430040667,0.4228653968587089,0.339821264524134,-285.3494996123481,-264.47815591609105,-270.37504596065264,-255.21362868347205,-5.709926419076453,-1.0,-0.4228653968587089,0.0,1,0.17655565288210534,0.18216460459877223,0.1501433469024087,0.22975969742637528,1.0
chr1:177937738:T:C;chr1:177937755:A:G;var1;middle;OL30|K562|de94cf96eb23521d,chr1:177937738:T:C;chr1:177937755:A:G;var1;middle;OL30,K562,K562_region_00134,100,117,17,TTTCCTTACCCATGAAATGGAGACTGTAAGGACTACCTTGCAAGGTTATTGACAGAGTTAAAGATAACCTATGCGAAGTGCGTAACATGTTACCTAACATGTTAAAATGCTCAATAAATAGCAGTGTTATCAAGGATAAAGATTAGGGTAGTATGAGTGGCTGAAGATGTTTATTAAACAAAAAGAAATTTAGACTGACC,5d99dfbdec5f2a1dacb201ddb6f9f611c82ac9501732fa950024b280c5fc3b27,0.0,TTTCCTTACCCATGAAATGGAGACTGTAAGGACTACCTTGCAAGGTTATTGACAGAGTTAAAGATAACCTATGCGAAGTGCGTAACATGTTACCTAACACGTTAAAATGCTCAATAAATAGCAGTGTTATCAAGGATAAAGATTAGGGTAGTATGAGTGGCTGAAGATGTTTATTAAACAAAAAGAAATTTAGACTGACC,8b03c434f51583c6984e5dc92934405d83de86a6f05af66cc16ace6962bba82d,0.0583156532664327,TTTCCTTACCCATGAAATGGAGACTGTAAGGACTACCTTGCAAGGTTATTGACAGAGTTAAAGATAACCTATGCGAAGTGCGTAACATGTTACCTAACATGTTAAAATGCTCAATAGATAGCAGTGTTATCAAGGATAAAGATTAGGGTAGTATGAGTGGCTGAAGATGTTTATTAAACAAAAAGAAATTTAGACTGACC,241ececb76046f172eb83a68891b31b1b4ee56761c03b4b69a20de7d587446d5,0.10613845622818,TTTCCTTACCCATGAAATGGAGACTGTAAGGACTACCTTGCAAGGTTATTGACAGAGTTAAAGATAACCTATGCGAAGTGCGTAACATGTTACCTAACACGTTAAAATGCTCAATAGATAGCAGTGTTATCAAGGATAAAGATTAGGGTAGTATGAGTGGCTGAAGATGTTTATTAAACAAAAAGAAATTTAGACTGACC,de94cf96eb23521d6a950cf826104b3e56f60f93281cde5dd5e2a3d790d2d70b,0.0326874485747699,0.1317666609198428,0.221673367211392,-252.64375546760857,-256.2053306484595,-257.32910150662065,-261.8024101573974,0.9117334699258208,1.0,0.1317666609198428,0.0,4,0.177329339059425,0.17620727786206916,0.145609630836647,0.0837986353854302,1.0
chr1:180124872:T:C;chr1:180124916:C:T;var1;middle;OL41|K562|ecd8e9cffe8b1ebb,chr1:180124872:T:C;chr1:180124916:C:T;var1;middle;OL41,K562,K562_region_00135,100,144,44,ATCCATTTTGCCTCCCTGCCACCTTTCTCCACTCCCTCGACTGGTTGACCAGGTGGTACATAGACTTCCTTTCTCATTTTTGTCTTTGATGTGGGTATGTCCACCTGGCAGTTTTCCTATCTCTGTTCCGGGCCTCTCCTGACCTGCCGCCTCCAGCTCCTTAGCTTCTGGGCCACATCCTTCTCTCTCTTCCCCCGCTC,fd7294362ef4a476c6037e5ba88477f507ce3c076bd7816869e6cba0c6c9b9e2,0.0,ATCCATTTTGCCTCCCTGCCACCTTTCTCCACTCCCTCGACTGGTTGACCAGGTGGTACATAGACTTCCTTTCTCATTTTTGTCTTTGATGTGGGTATGCCCACCTGGCAGTTTTCCTATCTCTGTTCCGGGCCTCTCCTGACCTGCCGCCTCCAGCTCCTTAGCTTCTGGGCCACATCCTTCTCTCTCTTCCCCCGCTC,175d828306da481f7839de5f5ff9930cf6e111b64548d3b9d45dd46f4a7598dc,-0.476928099375177,ATCCATTTTGCCTCCCTGCCACCTTTCTCCACTCCCTCGACTGGTTGACCAGGTGGTACATAGACTTCCTTTCTCATTTTTGTCTTTGATGTGGGTATGTCCACCTGGCAGTTTTCCTATCTCTGTTCCGGGCCTCTCCTGACTTGCCGCCTCCAGCTCCTTAGCTTCTGGGCCACATCCTTCTCTCTCTTCCCCCGCTC,ecc9f0e84594148c62453c10bc2d9a3ea472b127ede9b8aa17e437f9aa49c29f,-0.544744601826954,ATCCATTTTGCCTCCCTGCCACCTTTCTCCACTCCCTCGACTGGTTGACCAGGTGGTACATAGACTTCCTTTCTCATTTTTGTCTTTGATGTGGGTATGCCCACCTGGCAGTTTTCCTATCTCTGTTCCGGGCCTCTCCTGACTTGCCGCCTCCAGCTCCTTAGCTTCTGGGCCACATCCTTCTCTCTCTTCCCCCGCTC,ecd8e9cffe8b1ebb72bab555c29109644c22d728ec5367037c093c547a960cf7,-0.108436195066283,0.913236506135848,0.575494404191155,-307.98733214102685,-293.7593379858881,-292.08028976619244,-287.62417017668486,-9.771874565631151,-1.0,-0.913236506135848,0.0,0,0.17322517170822777,0.18565657667894103,0.15145376406925343,0.2364690615874645,1.0
chr1:180125372:T:C;chr1:180125374:C:T;var1;middle;OL41|K562|d1a5c2d9057eab4c,chr1:180125372:T:C;chr1:180125374:C:T;var1;middle;OL41,K562,K562_region_00136,100,102,2,CCTATCATTTCAGGCACCTTACTAAGTACTCGGCATACATTGTCTCATAGTTTCCTTTCCACAATTTAAAGATTCCTGTGGTGTCACACATCCACCTAATCCAGGTAGTGGGTATTTGGCGGGCAGGAGTGGTATAGTGATAGTGATTTGTTCCTGACTTGCTGCCTCTGAATGGAGTTACTTCCTGACTCTGGTGCTAG,2908396ad1357a7a2dc9dbfa19167accdb8d8aad4001dbfdb08e47276c902921,0.0,CCTATCATTTCAGGCACCTTACTAAGTACTCGGCATACATTGTCTCATAGTTTCCTTTCCACAATTTAAAGATTCCTGTGGTGTCACACATCCACCTAACCCAGGTAGTGGGTATTTGGCGGGCAGGAGTGGTATAGTGATAGTGATTTGTTCCTGACTTGCTGCCTCTGAATGGAGTTACTTCCTGACTCTGGTGCTAG,2b249795effc0759440f832c3468a4932c80e8f1d1f76a7ca087a185e35601f8,0.0065089527886455,CCTATCATTTCAGGCACCTTACTAAGTACTCGGCATACATTGTCTCATAGTTTCCTTTCCACAATTTAAAGATTCCTGTGGTGTCACACATCCACCTAATCTAGGTAGTGGGTATTTGGCGGGCAGGAGTGGTATAGTGATAGTGATTTGTTCCTGACTTGCTGCCTCTGAATGGAGTTACTTCCTGACTCTGGTGCTAG,dc600308daf74c8aa686a7c92000675ab3bf706477de2f18c541b0bf8fccd7ad,-0.222528249320867,CCTATCATTTCAGGCACCTTACTAAGTACTCGGCATACATTGTCTCATAGTTTCCTTTCCACAATTTAAAGATTCCTGTGGTGTCACACATCCACCTAACCTAGGTAGTGGGTATTTGGCGGGCAGGAGTGGTATAGTGATAGTGATTTGTTCCTGACTTGCTGCCTCTGAATGGAGTTACTTCCTGACTCTGGTGCTAG,d1a5c2d9057eab4cbf6d7ef7097faf587154f2d7a322d83726f5779042e21ba3,0.147763620184731,0.3637829167169525,0.240211523853676,-339.7934811366722,-348.27195022511296,-344.6195829072967,-350.9207294100197,2.177322585717775,-1.0,-0.3637829167169525,0.0,4,0.17889792453371958,0.17620727786206916,0.145609630836647,0.19833535349871712,1.0
chr1:183155228:C:A;chr1:183155305:G:A;var1;middle;OL41|K562|1cc9214b6f277b4c,chr1:183155228:C:A;chr1:183155305:G:A;var1;middle;OL41,K562,K562_region_00137,100,177,77,ACATTCCAGGCAAAGGCTCCCGGGCCGCAGCCTCTGTGCCACACCCTTGGCCCGGGCCAGGTGTGCGCCCTCCTCGCTGCGAGGGGGAGCGGGCGGCTGCGGGGAGCGATTTTCCAGCCCGGTTTGTGCTCTGTGTGTTTGTCTGCCTCTGGAGGGCTGGGTCCTCCTTATTCACAGGTGAGTCACACCCTGAAACACAG,a9f0c4a7e290a8b5e0fcfe2a4d23af14ae5624f8852a98dc070c15a88f5b1b9f,0.0,ACATTCCAGGCAAAGGCTCCCGGGCCGCAGCCTCTGTGCCACACCCTTGGCCCGGGCCAGGTGTGCGCCCTCCTCGCTGCGAGGGGGAGCGGGCGGCTGAGGGGAGCGATTTTCCAGCCCGGTTTGTGCTCTGTGTGTTTGTCTGCCTCTGGAGGGCTGGGTCCTCCTTATTCACAGGTGAGTCACACCCTGAAACACAG,3de94745a7e98e4a460a72626e11ae715be0aa680e5ef913c7c0e1105156e020,-0.0993828886762127,ACATTCCAGGCAAAGGCTCCCGGGCCGCAGCCTCTGTGCCACACCCTTGGCCCGGGCCAGGTGTGCGCCCTCCTCGCTGCGAGGGGGAGCGGGCGGCTGCGGGGAGCGATTTTCCAGCCCGGTTTGTGCTCTGTGTGTTTGTCTGCCTCTGGAGGGCTGGGTCCTCCTTATTCACAAGTGAGTCACACCCTGAAACACAG,1dce2d57a51e1cb46f9799f7153d4d2e6f392be4f2917250b079436bc86c238f,1.59458908918503,ACATTCCAGGCAAAGGCTCCCGGGCCGCAGCCTCTGTGCCACACCCTTGGCCCGGGCCAGGTGTGCGCCCTCCTCGCTGCGAGGGGGAGCGGGCGGCTGAGGGGAGCGATTTTCCAGCCCGGTTTGTGCTCTGTGTGTTTGTCTGCCTCTGGAGGGCTGGGTCCTCCTTATTCACAAGTGAGTCACACCCTGAAACACAG,1cc9214b6f277b4cb3d640bf6565a39b58eeff045a1d45632ccbb843fa317239,1.64819332932296,0.1529871288141426,0.17065621753743,-302.95656851527747,-300.49351015430875,-314.2308678620029,-312.11606966657564,-0.3482601655414328,-1.0,-0.1529871288141426,0.0,4,0.17576768868677559,0.17620727786206916,0.145609630836647,0.25954403889894084,1.0
chr1:183155399:A:G;chr1:183155482:C:A;var1;middle;OL41|K562|96c30a33e5b3fea5,chr1:183155399:A:G;chr1:183155482:C:A;var1;middle;OL41,K562,K562_region_00137,100,183,83,TCACAGGTGAGTCACACCCTGAAACACAGGCTCTCTTCCTGTCAGGACTGAGTCAGGTAGAAGAGTCGATAAAACCACCTGATCAAGGAAAAGGAAGGCACAGCGGAGCGCAGAGTGAGAACCACCAACCGAGGCGCCGGGCAGCGACCCCTGCAGCGGAGACAGAGACTGAGCGGCCCGGCCCCGCCATGCCTGCGCTC,56e706954d535c1339d023e99d2287869aa88bd727191319492bb5882a2d7bad,0.0,TCACAGGTGAGTCACACCCTGAAACACAGGCTCTCTTCCTGTCAGGACTGAGTCAGGTAGAAGAGTCGATAAAACCACCTGATCAAGGAAAAGGAAGGCGCAGCGGAGCGCAGAGTGAGAACCACCAACCGAGGCGCCGGGCAGCGACCCCTGCAGCGGAGACAGAGACTGAGCGGCCCGGCCCCGCCATGCCTGCGCTC,066e8e72dc3951662e8f151348e6bddbfa4a3921d80bd67c23c5eced1a60603c,-0.0149338816790397,TCACAGGTGAGTCACACCCTGAAACACAGGCTCTCTTCCTGTCAGGACTGAGTCAGGTAGAAGAGTCGATAAAACCACCTGATCAAGGAAAAGGAAGGCACAGCGGAGCGCAGAGTGAGAACCACCAACCGAGGCGCCGGGCAGCGACCCCTGCAGCGGAGACAGAGACTGAGCGGCCCGGCACCGCCATGCCTGCGCTC,94655ffc12e30dfb31746058000cb126f8246e082eca8e78260f38f19581a622,0.162433264049728,TCACAGGTGAGTCACACCCTGAAACACAGGCTCTCTTCCTGTCAGGACTGAGTCAGGTAGAAGAGTCGATAAAACCACCTGATCAAGGAAAAGGAAGGCGCAGCGGAGCGCAGAGTGAGAACCACCAACCGAGGCGCCGGGCAGCGACCCCTGCAGCGGAGACAGAGACTGAGCGGCCCGGCACCGCCATGCCTGCGCTC,96c30a33e5b3fea5c4d5b0655ef549cf1c15cc2a3067512252e0cd7287f2895d,-0.336678959727032,0.4841783420977202,0.287865919211339,-335.1298571461812,-329.912879739888,-343.30546980630606,-336.8239874998108,-1.2645049002020414,1.0,0.4841783420977202,0.0,4,0.17463208459240234,0.17620727786206916,0.145609630836647,0.17571074286608224,1.0
chr1:18807897:C:G;chr1:18807953:C:A;var1;middle;OL41|K562|22fa40c69f833612,chr1:18807897:C:G;chr1:18807953:C:A;var1;middle;OL41,K562,K562_region_00035,100,156,56,CGGGGGCCACTTCCACAGACAGGAAGCCCCAGAGAAAAGGCTCAGGTGAGGAGCGGGGCGGGCAGGGCTCGGACTCTGAGCAGGTGCCTCCTTGCTGCCCCAGCCAGGAAACCAGAACAGCTGTTGGCAGTAACCCTGACCCTCCCCATTTCCCCCGCTTGGGCAGCGAACCGAAGAGCTCCCCAGCTGGACTCATTGCA,1735d4a01d46243682665fd17073fc8c73344b31f9b6ff887f019583d5ded55d,0.0,CGGGGGCCACTTCCACAGACAGGAAGCCCCAGAGAAAAGGCTCAGGTGAGGAGCGGGGCGGGCAGGGCTCGGACTCTGAGCAGGTGCCTCCTTGCTGCCGCAGCCAGGAAACCAGAACAGCTGTTGGCAGTAACCCTGACCCTCCCCATTTCCCCCGCTTGGGCAGCGAACCGAAGAGCTCCCCAGCTGGACTCATTGCA,1617f53fc5484592218796dfb47ea86551cbe01e0109b82b52f0784bc3b6634e,0.124871182769922,CGGGGGCCACTTCCACAGACAGGAAGCCCCAGAGAAAAGGCTCAGGTGAGGAGCGGGGCGGGCAGGGCTCGGACTCTGAGCAGGTGCCTCCTTGCTGCCCCAGCCAGGAAACCAGAACAGCTGTTGGCAGTAACCCTGACCCTCCCCATTTCCCCAGCTTGGGCAGCGAACCGAAGAGCTCCCCAGCTGGACTCATTGCA,31b3c44c9b59c301d93b6641af2f6d29ee7c7ebec8a496cf5995d4291f491a0b,-0.110711579618566,CGGGGGCCACTTCCACAGACAGGAAGCCCCAGAGAAAAGGCTCAGGTGAGGAGCGGGGCGGGCAGGGCTCGGACTCTGAGCAGGTGCCTCCTTGCTGCCGCAGCCAGGAAACCAGAACAGCTGTTGGCAGTAACCCTGACCCTCCCCATTTCCCCAGCTTGGGCAGCGAACCGAAGAGCTCCCCAGCTGGACTCATTGCA,22fa40c69f833612195ba58aca6657d3f570426fcf2e29a5779601e3a95b1745,-0.135223852705253,0.149383455856609,0.307918705885927,-346.55454661883414,-353.20047622546554,-344.6311178179458,-349.7411858984269,-1.5358615261502564,1.0,0.149383455856609,0.0,2,0.1729581298107919,0.17490732828716207,0.146091925319964,0.29606029473554946,1.0
chr1:19221621:C:T;chr1:19221656:G:A;var1;middle;OL41|K562|b6271623538d7bc8,chr1:19221621:C:T;chr1:19221656:G:A;var1;middle;OL41,K562,K562_region_00036,100,135,35,TCACGCATTTATGCAGTCAGTACACATTTATTCCACATGGCAACGATGCAGAGATAAATTGGATCAGGTCAATAACAGCTCACTCAATTATTCAGCATGCGTTTTCCAAGCACCCAGGAAGTGCCTGGCTCTGGGAGGCAGATATGGATCCAACCCAACCTTTCTCAGAGCAGCCCTCAGTCCTCCCACTTAGGGAAGGC,49095b6f0e7bf03ddf056886299c2231405af921f8451e0cafa8651fa5737b64,0.0,TCACGCATTTATGCAGTCAGTACACATTTATTCCACATGGCAACGATGCAGAGATAAATTGGATCAGGTCAATAACAGCTCACTCAATTATTCAGCATGTGTTTTCCAAGCACCCAGGAAGTGCCTGGCTCTGGGAGGCAGATATGGATCCAACCCAACCTTTCTCAGAGCAGCCCTCAGTCCTCCCACTTAGGGAAGGC,148a0b9eff990e973d469d06d19063ed6a6b525c99eb15045df7c60f48e63df3,0.170217241143461,TCACGCATTTATGCAGTCAGTACACATTTATTCCACATGGCAACGATGCAGAGATAAATTGGATCAGGTCAATAACAGCTCACTCAATTATTCAGCATGCGTTTTCCAAGCACCCAGGAAGTGCCTGGCTCTGGAAGGCAGATATGGATCCAACCCAACCTTTCTCAGAGCAGCCCTCAGTCCTCCCACTTAGGGAAGGC,6b39dcf311aaef71036e0be972c0174828702be5f3ada7ef71461b9df1f3d850,-0.449868473136556,TCACGCATTTATGCAGTCAGTACACATTTATTCCACATGGCAACGATGCAGAGATAAATTGGATCAGGTCAATAACAGCTCACTCAATTATTCAGCATGTGTTTTCCAAGCACCCAGGAAGTGCCTGGCTCTGGAAGGCAGATATGGATCCAACCCAACCTTTCTCAGAGCAGCCCTCAGTCCTCCCACTTAGGGAAGGC,b6271623538d7bc8f5f7785d5f5d51863d2c669c97ee3ecadd08c908b1e8aa78,0.233416576357013,0.5130678083501079,0.483832928533775,-338.4756093798205,-323.4442121591419,-338.2029941761866,-324.29019517917186,-1.1185982236638665,-1.0,-0.5130678083501079,0.0,1,0.18122705324222033,0.18216460459877223,0.1501433469024087,0.1862532205766038,1.0
chr1:197822977:T:A;chr1:197822994:T:A;var1;middle;OL28|K562|0486473c4594651d,chr1:197822977:T:A;chr1:197822994:T:A;var1;middle;OL28,K562,K562_region_00138,100,117,17,TATGGAGATGTTGGGTTCATGAATTCTGAAAGACAGAAGAACATGAATCCAAAATCTATACTATTTTCTTTTCAGCAGATGCTACGTCAGGAGAAGAGATGCAGATAAATCTCTTGTGCAACCTCAGAAATCAGGCATTTCAACATGTCAAACATATTCTGTTCAAGAAAATGACATGAGAAAACATTATACAAACGGTC,67eb27ded6eb1bed9a708ae157dc6e6173c65c82adc0e2326e85939aeb94dee2,0.0,TATGGAGATGTTGGGTTCATGAATTCTGAAAGACAGAAGAACATGAATCCAAAATCTATACTATTTTCTTTTCAGCAGATGCTACGTCAGGAGAAGAGAAGCAGATAAATCTCTTGTGCAACCTCAGAAATCAGGCATTTCAACATGTCAAACATATTCTGTTCAAGAAAATGACATGAGAAAACATTATACAAACGGTC,a6bd63bd74049a17fb46487824d917458921214b924ec2a9bc158e824a9d4fb5,0.143681355066145,TATGGAGATGTTGGGTTCATGAATTCTGAAAGACAGAAGAACATGAATCCAAAATCTATACTATTTTCTTTTCAGCAGATGCTACGTCAGGAGAAGAGATGCAGATAAATCTCTTGAGCAACCTCAGAAATCAGGCATTTCAACATGTCAAACATATTCTGTTCAAGAAAATGACATGAGAAAACATTATACAAACGGTC,6a2afb8b1c1a019bba436e0a644942c9679bb21bb31c84dcb30f55e26050df7e,-0.151839913253684,TATGGAGATGTTGGGTTCATGAATTCTGAAAGACAGAAGAACATGAATCCAAAATCTATACTATTTTCTTTTCAGCAGATGCTACGTCAGGAGAAGAGAAGCAGATAAATCTCTTGAGCAACCTCAGAAATCAGGCATTTCAACATGTCAAACATATTCTGTTCAAGAAAATGACATGAGAAAACATTATACAAACGGTC,0486473c4594651d2565aee15d7887cc31f22761f1c71c3d3448930bcc0d6029,0.0660362522646834,0.0741948104522224,0.185830861562036,-375.6396690737456,-383.2805801683571,-346.6665127812885,-344.20036467257887,10.107059203321114,-1.0,-0.0741948104522224,0.0,3,0.20183048693053926,0.18106719778262317,0.1474303780702046,-0.06871596859055865,1.0
chr1:198543418:G:C;chr1:198543475:A:T;var1;middle;OL27|K562|e7e4ad7fb9d68a3f,chr1:198543418:G:C;chr1:198543475:A:T;var1;middle;OL27,K562,K562_region_00139,100,157,57,TATTATAGCAAAATGCCACACAGGCTGGGCTGCCTGCTACAGATCATTAGTTACTTCTTTGCCTTCTAGAGCCTCATGGATTTAAAAAGACAAGACCAGGAAAAATATAGAGGATTTCCTTCTGCCCCTTGTTTGGAAAGCATGGCTTTTTCAAGGAGATTAAAACTAATTTTTATTCAGGCTGTAAATATAATATATAA,9f7d647ea1774c8b81a6b35cd0301c8fa88c7466c5b9707c33865602a89415d3,0.0,TATTATAGCAAAATGCCACACAGGCTGGGCTGCCTGCTACAGATCATTAGTTACTTCTTTGCCTTCTAGAGCCTCATGGATTTAAAAAGACAAGACCAGCAAAAATATAGAGGATTTCCTTCTGCCCCTTGTTTGGAAAGCATGGCTTTTTCAAGGAGATTAAAACTAATTTTTATTCAGGCTGTAAATATAATATATAA,7ce68fff62c1b9cbedc0517ad979cca2b1d10792dcf96d3e73fec6678167284a,0.1306109356605,TATTATAGCAAAATGCCACACAGGCTGGGCTGCCTGCTACAGATCATTAGTTACTTCTTTGCCTTCTAGAGCCTCATGGATTTAAAAAGACAAGACCAGGAAAAATATAGAGGATTTCCTTCTGCCCCTTGTTTGGAAAGCATGGCTTTTTCAAGGTGATTAAAACTAATTTTTATTCAGGCTGTAAATATAATATATAA,5a6ece4ca9b55b37a451c574722c1ae9f6659c26f72b312b75e007668979f722,0.25623407243593,TATTATAGCAAAATGCCACACAGGCTGGGCTGCCTGCTACAGATCATTAGTTACTTCTTTGCCTTCTAGAGCCTCATGGATTTAAAAAGACAAGACCAGCAAAAATATAGAGGATTTCCTTCTGCCCCTTGTTTGGAAAGCATGGCTTTTTCAAGGTGATTAAAACTAATTTTTATTCAGGCTGTAAATATAATATATAA,e7e4ad7fb9d68a3fa13e1ffe773b98fb39e4989a08728159e00d3ab553b622c4,0.216385958424229,0.1704590496722009,0.214691328006397,-336.65592965483665,-337.0834925780073,-320.7462277878076,-322.2876702705398,1.1138795595616102,1.0,0.1704590496722009,0.0,1,0.1834984651467163,0.18216460459877223,0.1501433469024087,0.3264245803632112,1.0
chr1:200035928:G:C;chr1:200035931:A:G;var1;middle;OL27|K562|7df5382d7b0eb9ad,chr1:200035928:G:C;chr1:200035931:A:G;var1;middle;OL27,K562,K562_region_00140,100,103,3,CCCCAGTCTCCTGAGTAGCAGGAATTACAGGTGCCCACCACCATGCCCAGCTAATTTTTGTATTTTTAGTAGAGACAGGGTTTCACCATGTTGGTCAGGGTGATCTCGAACTTCTGACCTCCAGTGATCTGCCCACCTCGGCCTCGGGATTACAGGCGTGAGCCCCCATGCCTGGCCCCTGCCATCTATTTTAAAGTTTG,8b2f61ba4ed20b1260c41617ff82a3b3624d6ba50af3e1b54c88b73cf3ce29bb,0.0,CCCCAGTCTCCTGAGTAGCAGGAATTACAGGTGCCCACCACCATGCCCAGCTAATTTTTGTATTTTTAGTAGAGACAGGGTTTCACCATGTTGGTCAGGCTGATCTCGAACTTCTGACCTCCAGTGATCTGCCCACCTCGGCCTCGGGATTACAGGCGTGAGCCCCCATGCCTGGCCCCTGCCATCTATTTTAAAGTTTG,410bb7db4d7e8a421e2a3f37df6b5ff3973a325399c923b959079f03e86efbec,0.598066627134013,CCCCAGTCTCCTGAGTAGCAGGAATTACAGGTGCCCACCACCATGCCCAGCTAATTTTTGTATTTTTAGTAGAGACAGGGTTTCACCATGTTGGTCAGGGTGGTCTCGAACTTCTGACCTCCAGTGATCTGCCCACCTCGGCCTCGGGATTACAGGCGTGAGCCCCCATGCCTGGCCCCTGCCATCTATTTTAAAGTTTG,30180b937ea06d520c04be9c22e3e859c7a7f726a54afe00079945f7dfef14a5,0.280455503975225,CCCCAGTCTCCTGAGTAGCAGGAATTACAGGTGCCCACCACCATGCCCAGCTAATTTTTGTATTTTTAGTAGAGACAGGGTTTCACCATGTTGGTCAGGCTGGTCTCGAACTTCTGACCTCCAGTGATCTGCCCACCTCGGCCTCGGGATTACAGGCGTGAGCCCCCATGCCTGGCCCCTGCCATCTATTTTAAAGTTTG,7df5382d7b0eb9ade8b2f36634f65f86a81fd151e144d5939f296a27d368315f,0.51765764308628,0.360864488022958,0.201880183635801,-94.64174912706947,-90.5506023853086,-91.8255612947978,-87.47316183894873,-0.26125271408820083,1.0,0.360864488022958,0.0,1,0.18209935074562605,0.18216460459877223,0.1501433469024087,0.23650856875229656,1.0
chr1:201123745:C:G;chr1:201123799:G:C;var1;middle;OL41|K562|12e2187d93c7ad2f,chr1:201123745:C:G;chr1:201123799:G:C;var1;middle;OL41,K562,K562_region_00141,100,154,54,GCCCCTTAACCCGACCGCGCTGTCGCCATGGCAACAAGACCCGCCTTCACCTGGGCGGGGAGACTCTTGCGCAAGGGAGAGGCGGGCATTTCTCAAACCCGACCAAACCAGAAAAGGGAACGTCAGCCTTCCAAACTCCTGGGGAAGGGTCTTGCCTTTGTGTGGCCTGAGAACTCCCACTGCGGTGCTTCTCCCTTCCT,a04e318b845884f907541f18745f6c155450f3ebbd94f3d2b14fefa954fd3c02,0.0,GCCCCTTAACCCGACCGCGCTGTCGCCATGGCAACAAGACCCGCCTTCACCTGGGCGGGGAGACTCTTGCGCAAGGGAGAGGCGGGCATTTCTCAAACCGGACCAAACCAGAAAAGGGAACGTCAGCCTTCCAAACTCCTGGGGAAGGGTCTTGCCTTTGTGTGGCCTGAGAACTCCCACTGCGGTGCTTCTCCCTTCCT,47feea5ee26c132806b7f388c1a4be484c839d46a13a9118ec86396937126d99,0.805580517401467,GCCCCTTAACCCGACCGCGCTGTCGCCATGGCAACAAGACCCGCCTTCACCTGGGCGGGGAGACTCTTGCGCAAGGGAGAGGCGGGCATTTCTCAAACCCGACCAAACCAGAAAAGGGAACGTCAGCCTTCCAAACTCCTGGGGAAGGGTCTTCCCTTTGTGTGGCCTGAGAACTCCCACTGCGGTGCTTCTCCCTTCCT,22e498507ff07038f311a82516ef82736a8233160e6abbf536bdb6d62981bc73,-0.143385575065876,GCCCCTTAACCCGACCGCGCTGTCGCCATGGCAACAAGACCCGCCTTCACCTGGGCGGGGAGACTCTTGCGCAAGGGAGAGGCGGGCATTTCTCAAACCGGACCAAACCAGAAAAGGGAACGTCAGCCTTCCAAACTCCTGGGGAAGGGTCTTCCCTTTGTGTGGCCTGAGAACTCCCACTGCGGTGCTTCTCCCTTCCT,12e2187d93c7ad2facd842a0135064185a7b3808bd7f2b3e74f6ba2e38e43bec,0.656447468288979,-0.0057474740466119,0.2052698257565,-360.6431820592843,-354.54693738836795,-342.2410815116018,-335.8710845510941,0.2737522895913571,-1.0,0.0057474740466119,0.0,0,0.18612765834490674,0.18565657667894103,0.15145376406925343,0.1839607011974116,1.0
chr1:201884647:G:C;chr1:201884668:A:G;var1;middle;OL31|K562|771dc99cdb8a21ae,chr1:201884647:G:C;chr1:201884668:A:G;var1;middle;OL31,K562,K562_region_00142,100,121,21,ATATCTTGGTTTGTGTGCCCCAAAGTACCTCAAAAACTGGACTCCTTATCTTCCCCCACTGCCTTGCCGACCCCTGCACTATTCCCTATCTGGGCAAGTGGCTCCTCTAAACACCCAGTGACTCCAATCAGAACCCGGCTGGGAAGAGGAAAGGAGGGATCTGTGGGGAGGCAACGTGGACCCCTCTGCACCCCGCTCTG,1c82db6d49d803b6d7cadc7aff6d7dc891fbd1f3077ac31b62a3a06e94c51d6f,0.0,ATATCTTGGTTTGTGTGCCCCAAAGTACCTCAAAAACTGGACTCCTTATCTTCCCCCACTGCCTTGCCGACCCCTGCACTATTCCCTATCTGGGCAAGTCGCTCCTCTAAACACCCAGTGACTCCAATCAGAACCCGGCTGGGAAGAGGAAAGGAGGGATCTGTGGGGAGGCAACGTGGACCCCTCTGCACCCCGCTCTG,1d4e3b708a3eebe66a723626ef63c7eb852e0ec56ec45c08fc6736b778aec48b,0.253924914822664,ATATCTTGGTTTGTGTGCCCCAAAGTACCTCAAAAACTGGACTCCTTATCTTCCCCCACTGCCTTGCCGACCCCTGCACTATTCCCTATCTGGGCAAGTGGCTCCTCTAAACACCCAGTGGCTCCAATCAGAACCCGGCTGGGAAGAGGAAAGGAGGGATCTGTGGGGAGGCAACGTGGACCCCTCTGCACCCCGCTCTG,f116d44444ca32d21f088117ae4f7c8d992904b3881ee44b9290f9a295dc014f,0.406361376399574,ATATCTTGGTTTGTGTGCCCCAAAGTACCTCAAAAACTGGACTCCTTATCTTCCCCCACTGCCTTGCCGACCCCTGCACTATTCCCTATCTGGGCAAGTCGCTCCTCTAAACACCCAGTGGCTCCAATCAGAACCCGGCTGGGAAGAGGAAAGGAGGGATCTGTGGGGAGGCAACGTGGACCCCTCTGCACCCCGCTCTG,771dc99cdb8a21aee8e5399d39312d4db0f069f38e1958a5b1f700837d1b0a49,0.296572081799301,0.363714209422937,0.268244909873886,-345.3453510175459,-387.5163185091224,-336.9878464466892,-376.4534765086137,-2.7053374296519905,1.0,0.363714209422937,0.0,1,0.17961264151149992,0.18216460459877223,0.1501433469024087,0.3258120684622978,1.0
chr1:202015938:A:T;chr1:202015940:A:G;var1;middle;OL28|K562|3af99cf566c0d704,chr1:202015938:A:T;chr1:202015940:A:G;var1;middle;OL28,K562,K562_region_00143,100,102,2,CCAGCAGAAATCTGAGGTCTAGAGCGAGACAGAGTAGAATTGACAATAAGATCCACACTTGAGCTGCTAGCTGCCTTGATGGGAGACCCCACTGTAACAAGATGTCCAGGAGGAGGTGGCGGTACTGGGCACCCTGGGTGGCTCTGCCTCTCTCTGGACTTTGTTCTGCAGTCAGGTCAGTTGAGGAAGCAAGAGTGAAC,5cf98dadf8969e1e38ec55c71476222a0f042090f2462010f282037b506ff0d5,0.0,CCAGCAGAAATCTGAGGTCTAGAGCGAGACAGAGTAGAATTGACAATAAGATCCACACTTGAGCTGCTAGCTGCCTTGATGGGAGACCCCACTGTAACATGATGTCCAGGAGGAGGTGGCGGTACTGGGCACCCTGGGTGGCTCTGCCTCTCTCTGGACTTTGTTCTGCAGTCAGGTCAGTTGAGGAAGCAAGAGTGAAC,4323a03a99e33c0656419b968cc754ca211b1c3332eb80ae136c623b3930323b,0.0604876487652058,CCAGCAGAAATCTGAGGTCTAGAGCGAGACAGAGTAGAATTGACAATAAGATCCACACTTGAGCTGCTAGCTGCCTTGATGGGAGACCCCACTGTAACAAGGTGTCCAGGAGGAGGTGGCGGTACTGGGCACCCTGGGTGGCTCTGCCTCTCTCTGGACTTTGTTCTGCAGTCAGGTCAGTTGAGGAAGCAAGAGTGAAC,4845439ef73316e052096757296dba4baaf517e24d5ec605ddfe199d94136c2d,-0.0225563061874842,CCAGCAGAAATCTGAGGTCTAGAGCGAGACAGAGTAGAATTGACAATAAGATCCACACTTGAGCTGCTAGCTGCCTTGATGGGAGACCCCACTGTAACATGGTGTCCAGGAGGAGGTGGCGGTACTGGGCACCCTGGGTGGCTCTGCCTCTCTCTGGACTTTGTTCTGCAGTCAGGTCAGTTGAGGAAGCAAGAGTGAAC,3af99cf566c0d704630e6ff0991187d32376221b3b20592b911fbb3f11c8ee57,0.0928354733352674,0.0549041307575458,0.142043019055795,-256.4579697102308,-253.9167816936969,-254.14212234318256,-251.25623835623264,0.34469597041595534,-1.0,-0.0549041307575458,0.0,3,0.18216727732276383,0.18106719778262317,0.1474303780702046,0.23564722961845153,1.0
chr1:202830160:A:G;chr1:202830219:A:C;var1;middle;OL41|K562|8f0db93240d300f5,chr1:202830160:A:G;chr1:202830219:A:C;var1;middle;OL41,K562,K562_region_00144,100,159,59,GCGCGGCAATGTGATCTCAGAGGGAGGCGGGGACCGCAGCTACAAGCGGGCACCTCTTTGTCCAGGACCGCAGCGGGAGAAATACGGGGCGGGCCCTAGATCCCCTCCAGGCTCCAGAGCGCGCTCTGCCGCAGAGCCGACTCCGCTGCCCGACCTTGAGCGCAGCGCACAAACGACCCCACCATGTTCTCGCCCACGCT,5f357c93677b52f03c197a27153e69d7ea211e909f30d9b014dcdf67a2e3de2d,0.0,GCGCGGCAATGTGATCTCAGAGGGAGGCGGGGACCGCAGCTACAAGCGGGCACCTCTTTGTCCAGGACCGCAGCGGGAGAAATACGGGGCGGGCCCTAGGTCCCCTCCAGGCTCCAGAGCGCGCTCTGCCGCAGAGCCGACTCCGCTGCCCGACCTTGAGCGCAGCGCACAAACGACCCCACCATGTTCTCGCCCACGCT,d1c02eb42b47dafaaccac4ad1a0be48dd64bc4e911becdd74813e1fa94f053d3,0.0007620319922374,GCGCGGCAATGTGATCTCAGAGGGAGGCGGGGACCGCAGCTACAAGCGGGCACCTCTTTGTCCAGGACCGCAGCGGGAGAAATACGGGGCGGGCCCTAGATCCCCTCCAGGCTCCAGAGCGCGCTCTGCCGCAGAGCCGACTCCGCTGCCCGACCTTGCGCGCAGCGCACAAACGACCCCACCATGTTCTCGCCCACGCT,22d0d6604841038c1f637872eff68f096af66f1cb6116c4e985206a24795a7a4,-0.135415631448351,GCGCGGCAATGTGATCTCAGAGGGAGGCGGGGACCGCAGCTACAAGCGGGCACCTCTTTGTCCAGGACCGCAGCGGGAGAAATACGGGGCGGGCCCTAGGTCCCCTCCAGGCTCCAGAGCGCGCTCTGCCGCAGAGCCGACTCCGCTGCCCGACCTTGCGCGCAGCGCACAAACGACCCCACCATGTTCTCGCCCACGCT,8f0db93240d300f51eaa41c973a2d2a03a03a059661ea5e4b8bb6278cdb313ee,-0.0678257780296819,0.0668278214264317,0.228226404622636,-278.2294567227364,-267.18119153380394,-329.6438310481608,-323.56206968426704,-4.966503825038728,-1.0,-0.0668278214264317,0.0,1,0.17731204066918954,0.18216460459877223,0.1501433469024087,0.21616270831157453,1.0
chr1:20397157:T:C;chr1:20397240:G:A;var1;middle;OL41|K562|413b3d7961ef3378,chr1:20397157:T:C;chr1:20397240:G:A;var1;middle;OL41,K562,K562_region_00037,100,183,83,GGCCCAGGGGGAGGTGCGCAGGCACAGCCTCTGTTGAAGGAGTCTCTCTAAGGCTGCTAGGGTCCTTCACCTGTCATTGTCAGGCCTGGAGAGCGGGCTTTTAAGGAGGCCAGGCCACACCTCAAGGGAAGATGGAGGTTACCGGAAGGTCATACCTAAAATTACGGGCAAAACCAGGGAGAGTTATGAACAGGCTGAGT,41c87afba855be3e77854e36c560806de05f51d76d2dabcbf8585c5250600fa9,0.0,GGCCCAGGGGGAGGTGCGCAGGCACAGCCTCTGTTGAAGGAGTCTCTCTAAGGCTGCTAGGGTCCTTCACCTGTCATTGTCAGGCCTGGAGAGCGGGCTCTTAAGGAGGCCAGGCCACACCTCAAGGGAAGATGGAGGTTACCGGAAGGTCATACCTAAAATTACGGGCAAAACCAGGGAGAGTTATGAACAGGCTGAGT,3ff0292f4759b24d36a61e1c5d88cb2514444077cbae32e514bd6d88713ca460,-0.197841172613153,GGCCCAGGGGGAGGTGCGCAGGCACAGCCTCTGTTGAAGGAGTCTCTCTAAGGCTGCTAGGGTCCTTCACCTGTCATTGTCAGGCCTGGAGAGCGGGCTTTTAAGGAGGCCAGGCCACACCTCAAGGGAAGATGGAGGTTACCGGAAGGTCATACCTAAAATTACGGGCAAAACCAGGGAGAATTATGAACAGGCTGAGT,351018dbf3b545bb5a99268b5d6f22201fe3e4b9d1d6e1d1a882bd214406a16e,-0.709899778467497,GGCCCAGGGGGAGGTGCGCAGGCACAGCCTCTGTTGAAGGAGTCTCTCTAAGGCTGCTAGGGTCCTTCACCTGTCATTGTCAGGCCTGGAGAGCGGGCTCTTAAGGAGGCCAGGCCACACCTCAAGGGAAGATGGAGGTTACCGGAAGGTCATACCTAAAATTACGGGCAAAACCAGGGAGAATTATGAACAGGCTGAGT,413b3d7961ef3378bdc976fc62e58050cc6c4e0b62127dd1975c327ada7becca,-0.809737460130656,-0.098003490949994,0.208809428412231,-400.2972366234753,-400.41202344640624,-390.1518142290879,-390.83177114638966,0.565170094370842,1.0,-0.098003490949994,0.0,0,0.18650195199387928,0.18565657667894103,0.15145376406925343,0.13001058333834203,1.0
chr1:204955319:G:A;chr1:204955329:A:G;var1;middle;OL27|K562|f94a2ace89e543e9,chr1:204955319:G:A;chr1:204955329:A:G;var1;middle;OL27,K562,K562_region_00145,100,110,10,GGAGTTCACCACCCCGGAAGGAGGTAGGTCTGGCCTGCAGCTCTTCAGGGTGGGGCAGGAGAAGGGTGGCACACACCTTGGGCCTGGAGAAACTCCAGCGTGGCTCAGCATGGATGGCACAAGGTGACTTCTGCGAGGCCTCCAGGAGCGGATGACCTGCAAGCCGAGCCACTACAGCCATTCCCAGACCACCATCGCCA,e658589f0bfcd3da4e24fe123c44916e02c88c33f848ebe1fa34ac1cd8b76077,0.0,GGAGTTCACCACCCCGGAAGGAGGTAGGTCTGGCCTGCAGCTCTTCAGGGTGGGGCAGGAGAAGGGTGGCACACACCTTGGGCCTGGAGAAACTCCAGCATGGCTCAGCATGGATGGCACAAGGTGACTTCTGCGAGGCCTCCAGGAGCGGATGACCTGCAAGCCGAGCCACTACAGCCATTCCCAGACCACCATCGCCA,fde98aa59a1b87aa2ef5641cf6ecf9f34ddaa6a6f9ca921006a00f30c9bb0d2e,0.445412966089136,GGAGTTCACCACCCCGGAAGGAGGTAGGTCTGGCCTGCAGCTCTTCAGGGTGGGGCAGGAGAAGGGTGGCACACACCTTGGGCCTGGAGAAACTCCAGCGTGGCTCAGCGTGGATGGCACAAGGTGACTTCTGCGAGGCCTCCAGGAGCGGATGACCTGCAAGCCGAGCCACTACAGCCATTCCCAGACCACCATCGCCA,6925beed4f9165d0ba673f6239d940200ca0a6ce8f0f5ec2bf1cd19570c82393,0.040330150425932,GGAGTTCACCACCCCGGAAGGAGGTAGGTCTGGCCTGCAGCTCTTCAGGGTGGGGCAGGAGAAGGGTGGCACACACCTTGGGCCTGGAGAAACTCCAGCATGGCTCAGCGTGGATGGCACAAGGTGACTTCTGCGAGGCCTCCAGGAGCGGATGACCTGCAAGCCGAGCCACTACAGCCATTCCCAGACCACCATCGCCA,f94a2ace89e543e91e4c32e54b3019e47275dbbb5fdfc7ca4940daa9ac45d53f,0.0918140929723748,0.3939290235426932,0.136354801754984,-310.8026418708614,-307.6077079548268,-312.9478148567723,-317.22603865270503,7.47315771196736,1.0,0.3939290235426932,0.0,0,0.19537449118002734,0.18565657667894103,0.15145376406925343,0.3869480672156447,1.0
chr1:204955329:A:G;chr1:204955416:G:A;var1;middle;OL27|K562|4dbf6f4d514c9e0e,chr1:204955329:A:G;chr1:204955416:G:A;var1;middle;OL27,K562,K562_region_00145,100,187,87,ACCCCGGAAGGAGGTAGGTCTGGCCTGCAGCTCTTCAGGGTGGGGCAGGAGAAGGGTGGCACACACCTTGGGCCTGGAGAAACTCCAGCGTGGCTCAGCATGGATGGCACAAGGTGACTTCTGCGAGGCCTCCAGGAGCGGATGACCTGCAAGCCGAGCCACTACAGCCATTCCCAGACCACCATCGCCAAGGTGACCTG,ad89de34b12e6ae9129c6703c30cba54e85cdc13183a6af5b3ec8cb270551f97,0.0,ACCCCGGAAGGAGGTAGGTCTGGCCTGCAGCTCTTCAGGGTGGGGCAGGAGAAGGGTGGCACACACCTTGGGCCTGGAGAAACTCCAGCGTGGCTCAGCGTGGATGGCACAAGGTGACTTCTGCGAGGCCTCCAGGAGCGGATGACCTGCAAGCCGAGCCACTACAGCCATTCCCAGACCACCATCGCCAAGGTGACCTG,b622cc4ead7b4d92fb6c7a56f30099dc837e9fa8165e6cc80405d957f9eb77e5,0.150380864119808,ACCCCGGAAGGAGGTAGGTCTGGCCTGCAGCTCTTCAGGGTGGGGCAGGAGAAGGGTGGCACACACCTTGGGCCTGGAGAAACTCCAGCGTGGCTCAGCATGGATGGCACAAGGTGACTTCTGCGAGGCCTCCAGGAGCGGATGACCTGCAAGCCGAGCCACTACAGCCATTCCCAGACCACCATCACCAAGGTGACCTG,b542ad864620db740c410c8a31aeb2ef9b36de5e4832a66b36780c3ef12e8d67,0.12359734476001,ACCCCGGAAGGAGGTAGGTCTGGCCTGCAGCTCTTCAGGGTGGGGCAGGAGAAGGGTGGCACACACCTTGGGCCTGGAGAAACTCCAGCGTGGCTCAGCGTGGATGGCACAAGGTGACTTCTGCGAGGCCTCCAGGAGCGGATGACCTGCAAGCCGAGCCACTACAGCCATTCCCAGACCACCATCACCAAGGTGACCTG,4dbf6f4d514c9e0e5933de60cd1c4c2267f34d74682d55f0907cfdd8f04b5fb6,0.0700445260691129,0.2039336828107051,0.140173883133789,-312.30839325417764,-315.0033589680679,-303.5776421722257,-302.71214006550144,-3.5604678206145763,1.0,0.2039336828107051,0.0,0,0.18120303049967687,0.18565657667894103,0.15145376406925343,0.15499197040952828,1.0
chr1:205240141:G:T;chr1:205240145:A:G;var1;middle;OL41|K562|63481b928011c55d,chr1:205240141:G:T;chr1:205240145:A:G;var1;middle;OL41,K562,K562_region_00146,100,104,4,AAAATGCTTAGCACAGTGCCTACACCTAAGAAGTGCTGTGTAAATAGTAGCTTCTATTGTTGTTGCTGTTAAAATTAGAACAGAGCAGAGCTGGACACGGGGGATGGGCTGAGTCATTGTTTATTGAGAGAATGAATGAATCAACTGTGGGAGAGAGTGGAAGCTCGGGGAGCCAGGACTGGTGTCACTCTCTCTCCCTC,0df84beba364d5e67b6c6f66a8b8cae04a236c27c183f4850bb25ef21b113052,0.0,AAAATGCTTAGCACAGTGCCTACACCTAAGAAGTGCTGTGTAAATAGTAGCTTCTATTGTTGTTGCTGTTAAAATTAGAACAGAGCAGAGCTGGACACGTGGGATGGGCTGAGTCATTGTTTATTGAGAGAATGAATGAATCAACTGTGGGAGAGAGTGGAAGCTCGGGGAGCCAGGACTGGTGTCACTCTCTCTCCCTC,391677a4858bff1aa567eb039aeba088b61ea46575320c883eeed6781c9f9d15,0.674243778214447,AAAATGCTTAGCACAGTGCCTACACCTAAGAAGTGCTGTGTAAATAGTAGCTTCTATTGTTGTTGCTGTTAAAATTAGAACAGAGCAGAGCTGGACACGGGGGGTGGGCTGAGTCATTGTTTATTGAGAGAATGAATGAATCAACTGTGGGAGAGAGTGGAAGCTCGGGGAGCCAGGACTGGTGTCACTCTCTCTCCCTC,a153c8bccaa70f6c72529a520eb48b7436f877e21daacb2fd235848cf5b8d6df,-0.0752967191081279,AAAATGCTTAGCACAGTGCCTACACCTAAGAAGTGCTGTGTAAATAGTAGCTTCTATTGTTGTTGCTGTTAAAATTAGAACAGAGCAGAGCTGGACACGTGGGGTGGGCTGAGTCATTGTTTATTGAGAGAATGAATGAATCAACTGTGGGAGAGAGTGGAAGCTCGGGGAGCCAGGACTGGTGTCACTCTCTCTCCCTC,63481b928011c55dff085402fa4dfc15ed5657a0efe8fbe692e41ff659c6183b,0.515607337151035,-0.0833397219552841,0.155544439722542,-233.1156351112295,-229.53058725432493,-237.63943671877496,-229.569627861958,4.484760999912396,-1.0,0.0833397219552841,0.0,4,0.18175778982030602,0.17620727786206916,0.145609630836647,0.08668637078306268,1.0
chr1:205244953:G:A;chr1:205244972:T:A;var1;middle;OL41|K562|02634f791a038564,chr1:205244953:G:A;chr1:205244972:T:A;var1;middle;OL41,K562,K562_region_00147,100,119,19,ACATGGCACTGGCTCACAGGCTTGGGTGCAGGAGACTTGACATTCTGCAGGTCAAGACTTAAGCACAAGGCCTAGAATATGATGGATTAACCCGAGACTGGACTTATTACTGCTCCTCTTTCCTGAGCCTGTAAGATATTAAGATGCAGAAGAACTCTTCAGGGAAGTCTAAGGCCGACCCCACAGGAACATACAAGGCC,b662bb4ee9d610acf5fba23b4a570cf426541b7ca1d58b0f395624d143e4310a,0.0,ACATGGCACTGGCTCACAGGCTTGGGTGCAGGAGACTTGACATTCTGCAGGTCAAGACTTAAGCACAAGGCCTAGAATATGATGGATTAACCCGAGACTAGACTTATTACTGCTCCTCTTTCCTGAGCCTGTAAGATATTAAGATGCAGAAGAACTCTTCAGGGAAGTCTAAGGCCGACCCCACAGGAACATACAAGGCC,474edce489aa0a10dab2ff4a8838c0a89365f5e561512422c7bd30a0fc94375a,-0.35846083840028,ACATGGCACTGGCTCACAGGCTTGGGTGCAGGAGACTTGACATTCTGCAGGTCAAGACTTAAGCACAAGGCCTAGAATATGATGGATTAACCCGAGACTGGACTTATTACTGCTCCTCATTCCTGAGCCTGTAAGATATTAAGATGCAGAAGAACTCTTCAGGGAAGTCTAAGGCCGACCCCACAGGAACATACAAGGCC,dcb917cb4910b00b2274a423c59fed7ec639ff237083fadb10b26f065efda895,-0.0277803572266248,ACATGGCACTGGCTCACAGGCTTGGGTGCAGGAGACTTGACATTCTGCAGGTCAAGACTTAAGCACAAGGCCTAGAATATGATGGATTAACCCGAGACTAGACTTATTACTGCTCCTCATTCCTGAGCCTGTAAGATATTAAGATGCAGAAGAACTCTTCAGGGAAGTCTAAGGCCGACCCCACAGGAACATACAAGGCC,02634f791a0385640f30d612d000ac45af20314c28484928cb8ac6aaea642938,-0.0921339103013021,0.2941072853256027,0.307585548837728,-338.7931470712647,-313.63089242833667,-315.1473433948122,-283.92662882525474,6.058459926629439,-1.0,-0.2941072853256027,0.0,4,0.1837082500815075,0.17620727786206916,0.145609630836647,0.13211774218842898,1.0
chr1:205245233:A:G;chr1:205245268:G:A;var1;middle;OL41|K562|cd3967f951f489d8,chr1:205245233:A:G;chr1:205245268:G:A;var1;middle;OL41,K562,K562_region_00148,100,135,35,AGAGCCTGCTTATTCCCAGCAGCCTCTCCCCTCGGTCTGGTAGACAAAGCTGGTCCAGTCCCAAGAGGCCAAGCCCCAGCTTGAGAGAGGACTGGATTCAGCCTATTTGACCCAAGATGGCTGCCAACACCCCAGCTCCACAAGTGTATCAGTCTGTGGGTCCCTCCCGCCTCCAGCCCATGGTCCTGGGTGTGGGGTCT,a8011c2ec3a81f92ca70a6506000655441aaa67273fd20e4bcf8fae9326aab77,0.0,AGAGCCTGCTTATTCCCAGCAGCCTCTCCCCTCGGTCTGGTAGACAAAGCTGGTCCAGTCCCAAGAGGCCAAGCCCCAGCTTGAGAGAGGACTGGATTCGGCCTATTTGACCCAAGATGGCTGCCAACACCCCAGCTCCACAAGTGTATCAGTCTGTGGGTCCCTCCCGCCTCCAGCCCATGGTCCTGGGTGTGGGGTCT,ec36e1be92cccd928962ac45f9dd9277bbe649936e68abeb39873924eb101725,-0.584238866399237,AGAGCCTGCTTATTCCCAGCAGCCTCTCCCCTCGGTCTGGTAGACAAAGCTGGTCCAGTCCCAAGAGGCCAAGCCCCAGCTTGAGAGAGGACTGGATTCAGCCTATTTGACCCAAGATGGCTGCCAACACCCCAACTCCACAAGTGTATCAGTCTGTGGGTCCCTCCCGCCTCCAGCCCATGGTCCTGGGTGTGGGGTCT,4357b699fc44d71c73cae674df9bdcbd74f56170a70518f60362887d9dde9b45,-1.03811865256708,AGAGCCTGCTTATTCCCAGCAGCCTCTCCCCTCGGTCTGGTAGACAAAGCTGGTCCAGTCCCAAGAGGCCAAGCCCCAGCTTGAGAGAGGACTGGATTCGGCCTATTTGACCCAAGATGGCTGCCAACACCCCAACTCCACAAGTGTATCAGTCTGTGGGTCCCTCCCGCCTCCAGCCCATGGTCCTGGGTGTGGGGTCT,cd3967f951f489d822d443e1e823dfb5af3121001a88dcfca9c9414d2cf40f6b,-0.928388210745199,0.6939693082211181,0.574220102091612,-346.2528304704465,-363.44276652194094,-348.1300398960011,-361.35902917652857,3.9609467709669843,-1.0,-0.6939693082211181,0.0,0,0.1908634481774798,0.18565657667894103,0.15145376406925343,0.18942363038568594,1.0
chr1:205408903:G:C;chr1:205408911:C:A;var1;middle;OL41|K562|9b67f17fba4c9d15,chr1:205408903:G:C;chr1:205408911:C:A;var1;middle;OL41,K562,K562_region_00149,100,108,8,GCTAGAGGGGGTCTGACTTTGCTCCTTGGCTGAGCTGCTCCCTGATGAGGGAGAACAGGCTTACAGAATCTGCCTGAAGCATCTCTGCTGCTGGCATTCGTCTCTGCCTGTCTTCTAGCCCCGGAGAACTCCAGGATTAAAGACAAAAGGCTAAGTTATACCAAAATGAAGGGAGAGAGGAAGGAAGGAAGAAGGAAAGA,30e70c38d9ea5854d0155463f5f1cd33eb7c79f6e566e9ed63a175e252b7384d,0.0,GCTAGAGGGGGTCTGACTTTGCTCCTTGGCTGAGCTGCTCCCTGATGAGGGAGAACAGGCTTACAGAATCTGCCTGAAGCATCTCTGCTGCTGGCATTCCTCTCTGCCTGTCTTCTAGCCCCGGAGAACTCCAGGATTAAAGACAAAAGGCTAAGTTATACCAAAATGAAGGGAGAGAGGAAGGAAGGAAGAAGGAAAGA,c7b941bbd03587dbacac54500c4392f2a2e0bfef62564db4ef0c86b14073352e,-0.273881395509309,GCTAGAGGGGGTCTGACTTTGCTCCTTGGCTGAGCTGCTCCCTGATGAGGGAGAACAGGCTTACAGAATCTGCCTGAAGCATCTCTGCTGCTGGCATTCGTCTCTGCATGTCTTCTAGCCCCGGAGAACTCCAGGATTAAAGACAAAAGGCTAAGTTATACCAAAATGAAGGGAGAGAGGAAGGAAGGAAGAAGGAAAGA,9ee3074516bfcb5d5bee216c231da089cb85d4e1fea268c1f2280581bb33a722,-0.298561012483297,GCTAGAGGGGGTCTGACTTTGCTCCTTGGCTGAGCTGCTCCCTGATGAGGGAGAACAGGCTTACAGAATCTGCCTGAAGCATCTCTGCTGCTGGCATTCCTCTCTGCATGTCTTCTAGCCCCGGAGAACTCCAGGATTAAAGACAAAAGGCTAAGTTATACCAAAATGAAGGGAGAGAGGAAGGAAGGAAGAAGGAAAGA,9b67f17fba4c9d15a0f5e3ca57d0be7d887d59fb5e41014a2f3f85772e50c6ff,-0.292359692301984,0.280082715690622,0.367292734039278,-321.9373657638207,-317.6891873846762,-324.3025078061037,-322.04561754036695,-1.9912881134077907,-1.0,-0.280082715690622,0.0,0,0.18321846671829947,0.18565657667894103,0.15145376406925343,0.02740218900232602,1.0
chr1:205461535:A:T;chr1:205461563:T:C;var1;middle;OL30|K562|b27e4bde063ec8ce,chr1:205461535:A:T;chr1:205461563:T:C;var1;middle;OL30,K562,K562_region_00150,100,128,28,ATAGCAAACCCTCCCCTCCCTTCCCCCAGACCCAGCCAACTGCAGTTCCAGGCTGCCTGGAGTGACACCTGCCCCTTTGCCCTCTTTCCAGGAGTAAATATTGGATCAGGTTCAGTCACCAGCTGTTTGACTAAGAGCAAAGTCAGTTGTGGGATCATGAATGGCTGGGATCCTAGGGAAGACATGCTGAGAAATATCAG,aecdf2951ff42be74a579728f1efd7269927e461bd59e7bf69d9411d39bd9343,0.0,ATAGCAAACCCTCCCCTCCCTTCCCCCAGACCCAGCCAACTGCAGTTCCAGGCTGCCTGGAGTGACACCTGCCCCTTTGCCCTCTTTCCAGGAGTAAATTTTGGATCAGGTTCAGTCACCAGCTGTTTGACTAAGAGCAAAGTCAGTTGTGGGATCATGAATGGCTGGGATCCTAGGGAAGACATGCTGAGAAATATCAG,161e7fc0d85bcdb9696d83f54414d440d11938a09bf3634d20a2081838901554,0.233613699040444,ATAGCAAACCCTCCCCTCCCTTCCCCCAGACCCAGCCAACTGCAGTTCCAGGCTGCCTGGAGTGACACCTGCCCCTTTGCCCTCTTTCCAGGAGTAAATATTGGATCAGGTTCAGTCACCAGCTGTTCGACTAAGAGCAAAGTCAGTTGTGGGATCATGAATGGCTGGGATCCTAGGGAAGACATGCTGAGAAATATCAG,5162586104a6f1a5ef9e1e28b3c0dc8f9df58448439d1735a02c93dd356e4313,0.348536161375583,ATAGCAAACCCTCCCCTCCCTTCCCCCAGACCCAGCCAACTGCAGTTCCAGGCTGCCTGGAGTGACACCTGCCCCTTTGCCCTCTTTCCAGGAGTAAATTTTGGATCAGGTTCAGTCACCAGCTGTTCGACTAAGAGCAAAGTCAGTTGTGGGATCATGAATGGCTGGGATCCTAGGGAAGACATGCTGAGAAATATCAG,b27e4bde063ec8cef13a957a52bd7443d97578de82fd914cb5ac24c8b03d93af,0.197060888522145,0.385088971893882,0.15022020692261,-235.9876765459776,-262.2037295848131,-284.67538521811366,-327.1891253502108,16.29768709326163,1.0,0.385088971893882,0.0,3,0.21429955931593708,0.18106719778262317,0.1474303780702046,0.3236113581474083,1.0
chr1:206654268:A:G;chr1:206654292:G:A;var1;middle;OL28|K562|910d553f3fe73cd6,chr1:206654268:A:G;chr1:206654292:G:A;var1;middle;OL28,K562,K562_region_00151,100,124,24,AGTCCTTCTCTGAATGATTTAGAGTGCTCACCCTATGCCAAGTGCCAGCAGAACTCTAGGGGGAGGACACACACCCACGCACAGTTCCTGGATGTGACCAGGGATGGAGATCCAGGTGGTCTCGTTCTCCATGCCTCATCTCCTGCTTTCTCTGAGTCTTCAACTTATCCTTGCCTTCCTTGGGTTCCCTGCCCCAATCT,5bca07bbe7aee4e80f0d5a4103e283d98d759ab9887f0f98013b9689f31c0659,0.0,AGTCCTTCTCTGAATGATTTAGAGTGCTCACCCTATGCCAAGTGCCAGCAGAACTCTAGGGGGAGGACACACACCCACGCACAGTTCCTGGATGTGACCGGGGATGGAGATCCAGGTGGTCTCGTTCTCCATGCCTCATCTCCTGCTTTCTCTGAGTCTTCAACTTATCCTTGCCTTCCTTGGGTTCCCTGCCCCAATCT,1437d3fd1f31d4ebcedb9ba2151ecbf646af2831bdbcc2f7f011be04799081c0,0.0778540512614823,AGTCCTTCTCTGAATGATTTAGAGTGCTCACCCTATGCCAAGTGCCAGCAGAACTCTAGGGGGAGGACACACACCCACGCACAGTTCCTGGATGTGACCAGGGATGGAGATCCAGGTGGTCTCATTCTCCATGCCTCATCTCCTGCTTTCTCTGAGTCTTCAACTTATCCTTGCCTTCCTTGGGTTCCCTGCCCCAATCT,21e6068ac807d64b3e95e9b7e2014dcf678270852533a5b67c8441fbd6cdf34b,0.0566085294202883,AGTCCTTCTCTGAATGATTTAGAGTGCTCACCCTATGCCAAGTGCCAGCAGAACTCTAGGGGGAGGACACACACCCACGCACAGTTCCTGGATGTGACCGGGGATGGAGATCCAGGTGGTCTCATTCTCCATGCCTCATCTCCTGCTTTCTCTGAGTCTTCAACTTATCCTTGCCTTCCTTGGGTTCCCTGCCCCAATCT,910d553f3fe73cd61a1e9b99ad7e2e0afa5d557266d8e62fca8edc7d22618c1d,0.0171031172214829,0.1173594634602877,0.200416586155364,-261.7444202750921,-263.1465182006359,-258.11368817836046,-263.4314446374774,3.9156585335731506,1.0,0.1173594634602877,0.0,4,0.18105243778231353,0.17620727786206916,0.145609630836647,0.2515846927253296,1.0
chr1:206676331:G:A;chr1:206676383:C:A;var1;middle;OL41|K562|5f438a5c6c09ccc7,chr1:206676331:G:A;chr1:206676383:C:A;var1;middle;OL41,K562,K562_region_00152,100,152,52,ACATTGCAAGCAGCACTCACTTCTTTGGAAAGCTGAGCTCTGCATGCAACATGCTGCCCAAGAAGGAAAGGAAGCAGCACTGGAGACCTGTGTTTCATAGCTAACCAAGATAAGGGCATTTTTTTCCAAATGTCTGTGGAGGGGGTCACACCATTTTAACTATTTACTGCTGTAACCCCATTTTTAAAGTGTAGTCTGTG,f385e2f4f3f0fcb50593e42ddb29966e9824327299c86d2bfd0efe09ac8184c6,0.0,ACATTGCAAGCAGCACTCACTTCTTTGGAAAGCTGAGCTCTGCATGCAACATGCTGCCCAAGAAGGAAAGGAAGCAGCACTGGAGACCTGTGTTTCATAACTAACCAAGATAAGGGCATTTTTTTCCAAATGTCTGTGGAGGGGGTCACACCATTTTAACTATTTACTGCTGTAACCCCATTTTTAAAGTGTAGTCTGTG,09fbf82c4bdcbadc464ddbccd994707b508b39931bc73de4251128fe13f8f390,-0.107968480239517,ACATTGCAAGCAGCACTCACTTCTTTGGAAAGCTGAGCTCTGCATGCAACATGCTGCCCAAGAAGGAAAGGAAGCAGCACTGGAGACCTGTGTTTCATAGCTAACCAAGATAAGGGCATTTTTTTCCAAATGTCTGTGGAGGGGGTCACACAATTTTAACTATTTACTGCTGTAACCCCATTTTTAAAGTGTAGTCTGTG,d44609ef3cef4ecbc1cdb42bd220d71728b1000bb0b183879eb9cf60e1d8a9a4,-0.128790800825565,ACATTGCAAGCAGCACTCACTTCTTTGGAAAGCTGAGCTCTGCATGCAACATGCTGCCCAAGAAGGAAAGGAAGCAGCACTGGAGACCTGTGTTTCATAACTAACCAAGATAAGGGCATTTTTTTCCAAATGTCTGTGGAGGGGGTCACACAATTTTAACTATTTACTGCTGTAACCCCATTTTTAAAGTGTAGTCTGTG,5f438a5c6c09ccc7158d9920d46af7b70799c937c286f330e264393c9ae0f82e,-0.458327493980019,0.221568212914937,0.259572828001222,-334.4495933316648,-330.3306547324173,-323.15765396365896,-319.23890601750463,0.2001906530931592,1.0,0.221568212914937,0.0,1,0.18256884162492704,0.18216460459877223,0.1501433469024087,0.14225335687464313,1.0
chr1:208135969:T:C;chr1:208135982:T:A;var1;middle;OL41|K562|fb7207a41a9843da,chr1:208135969:T:C;chr1:208135982:T:A;var1;middle;OL41,K562,K562_region_00153,100,113,13,TAGAAGCATAGAGTCTTCTAGGCCATAAATCTGCTTATTTTAGTTACAATAGTGAAAGGGCCAGTGGGCAACACGGTAAAAAGTACATGGGCCCAGAAATTGGGGACTTGGATGGGGCAGCTGGGATGTAGGGGACATATTAATTAAGACCTAGTGTGGGCCTTTCGTATTCTGGGTCAGATAAGTGAACAAGCAGGTGA,da718cb32a10ea4ed59290850ba93b8230472ce4e0900d43ee39cb043bf45c8f,0.0,TAGAAGCATAGAGTCTTCTAGGCCATAAATCTGCTTATTTTAGTTACAATAGTGAAAGGGCCAGTGGGCAACACGGTAAAAAGTACATGGGCCCAGAAACTGGGGACTTGGATGGGGCAGCTGGGATGTAGGGGACATATTAATTAAGACCTAGTGTGGGCCTTTCGTATTCTGGGTCAGATAAGTGAACAAGCAGGTGA,7a686fad7b82e1dd5d16f55f783a9af41d3a6cc2f2df0f45df78326e0287cd6c,0.144386627749979,TAGAAGCATAGAGTCTTCTAGGCCATAAATCTGCTTATTTTAGTTACAATAGTGAAAGGGCCAGTGGGCAACACGGTAAAAAGTACATGGGCCCAGAAATTGGGGACTTGGAAGGGGCAGCTGGGATGTAGGGGACATATTAATTAAGACCTAGTGTGGGCCTTTCGTATTCTGGGTCAGATAAGTGAACAAGCAGGTGA,40385faccf6eeeba6a3af6572c6e698bcdb84918b71a7344b6f8f03ce81cacd2,0.0926603620855361,TAGAAGCATAGAGTCTTCTAGGCCATAAATCTGCTTATTTTAGTTACAATAGTGAAAGGGCCAGTGGGCAACACGGTAAAAAGTACATGGGCCCAGAAACTGGGGACTTGGAAGGGGCAGCTGGGATGTAGGGGACATATTAATTAAGACCTAGTGTGGGCCTTTCGTATTCTGGGTCAGATAAGTGAACAAGCAGGTGA,fb7207a41a9843daa50e51585fc50aaa9b79667c07fc6bbee6bdbcb7ff9bcdad,-0.0793031794153252,0.3163501692508403,0.569957444309319,-271.4370955228805,-270.9127925634384,-270.9831776022911,-270.104395121336,-0.3544795215130421,1.0,0.3163501692508403,0.0,4,0.1757599803465925,0.17620727786206916,0.145609630836647,0.1401613136130983,1.0
chr1:209979518:T:A;chr1:209979529:A:T;var1;middle;OL41|K562|412cf1d2c8f69373,chr1:209979518:T:A;chr1:209979529:A:T;var1;middle;OL41,K562,K562_region_00154,100,111,11,GCAGGTTCCTCTCCCCGTCCCGCACCAGCCCTTACCTGCCCAGCCCAGGTGCGCCGAGCTCACGTCAGCGCCTCGCCCCAGGACGCCGCAGCCTTCGCATCCGCCCGGCCACGCCTCCCAGGTGTGGCCACGCCCCCCGGCGTTCGGGATTGGCGAGTTGCAAGAAATATGACACTCCGCGTTTCTGGGCTGCCCGGCCC,cd20aa8b7be807419a567c6999b87a3c556b4bc344fb282423d852ea9b494b3d,0.0,GCAGGTTCCTCTCCCCGTCCCGCACCAGCCCTTACCTGCCCAGCCCAGGTGCGCCGAGCTCACGTCAGCGCCTCGCCCCAGGACGCCGCAGCCTTCGCAACCGCCCGGCCACGCCTCCCAGGTGTGGCCACGCCCCCCGGCGTTCGGGATTGGCGAGTTGCAAGAAATATGACACTCCGCGTTTCTGGGCTGCCCGGCCC,5826bf6fd96d0f26cea591d430d9d179f66bcc05bd5e73a3c8937d7b7bae5b50,0.194443982698963,GCAGGTTCCTCTCCCCGTCCCGCACCAGCCCTTACCTGCCCAGCCCAGGTGCGCCGAGCTCACGTCAGCGCCTCGCCCCAGGACGCCGCAGCCTTCGCATCCGCCCGGCCTCGCCTCCCAGGTGTGGCCACGCCCCCCGGCGTTCGGGATTGGCGAGTTGCAAGAAATATGACACTCCGCGTTTCTGGGCTGCCCGGCCC,63ef5323217878fa1f89e3e2d6660f24ecaa87cfa3d65a7894b41047ad4ac6e5,0.130233677985706,GCAGGTTCCTCTCCCCGTCCCGCACCAGCCCTTACCTGCCCAGCCCAGGTGCGCCGAGCTCACGTCAGCGCCTCGCCCCAGGACGCCGCAGCCTTCGCAACCGCCCGGCCTCGCCTCCCAGGTGTGGCCACGCCCCCCGGCGTTCGGGATTGGCGAGTTGCAAGAAATATGACACTCCGCGTTTCTGGGCTGCCCGGCCC,412cf1d2c8f69373398de7b07f23f5029077cfdb20616bfa8908ff64cab0b242,0.0481025822028454,0.2765750784818236,0.29718544783865,-350.43128850660287,-365.7676648956258,-347.27114183455706,-355.7407962223515,-6.8667220012284815,1.0,0.2765750784818236,0.0,1,0.17537868293592643,0.18216460459877223,0.1501433469024087,0.07601299781351636,1.0
chr1:209979613:C:G;chr1:209979635:C:T;var1;middle;OL41|K562|2e0b381dc8e77628,chr1:209979613:C:G;chr1:209979635:C:T;var1;middle;OL41,K562,K562_region_00154,100,122,22,CGCATCCGCCCGGCCACGCCTCCCAGGTGTGGCCACGCCCCCCGGCGTTCGGGATTGGCGAGTTGCAAGAAATATGACACTCCGCGTTTCTGGGCTGCCCGGCCCAGCGGCGTCCGTCCAGCGTCCCACCCTACTCCTCCGCTTCTAACTCCGGCTAAGAAAGTCCCAGATTCAGGCCTAGCCTTACGGCTCAGGGCTGG,67bfe38983d76aae500303e5e1179b58360b0c2854705de3488c47ae9c5d353e,0.0,CGCATCCGCCCGGCCACGCCTCCCAGGTGTGGCCACGCCCCCCGGCGTTCGGGATTGGCGAGTTGCAAGAAATATGACACTCCGCGTTTCTGGGCTGCCGGGCCCAGCGGCGTCCGTCCAGCGTCCCACCCTACTCCTCCGCTTCTAACTCCGGCTAAGAAAGTCCCAGATTCAGGCCTAGCCTTACGGCTCAGGGCTGG,be080edf5aaa479a349b3c3ff9f899c92df341be253134d35d05971f21750f8c,0.0198203623745204,CGCATCCGCCCGGCCACGCCTCCCAGGTGTGGCCACGCCCCCCGGCGTTCGGGATTGGCGAGTTGCAAGAAATATGACACTCCGCGTTTCTGGGCTGCCCGGCCCAGCGGCGTCCGTCCAGTGTCCCACCCTACTCCTCCGCTTCTAACTCCGGCTAAGAAAGTCCCAGATTCAGGCCTAGCCTTACGGCTCAGGGCTGG,5ea61d1ffdc427e8ec90d8dff2fe091a3a33ec641217d3200f2277c924abf497,0.0056882399392208,CGCATCCGCCCGGCCACGCCTCCCAGGTGTGGCCACGCCCCCCGGCGTTCGGGATTGGCGAGTTGCAAGAAATATGACACTCCGCGTTTCTGGGCTGCCGGGCCCAGCGGCGTCCGTCCAGTGTCCCACCCTACTCCTCCGCTTCTAACTCCGGCTAAGAAAGTCCCAGATTCAGGCCTAGCCTTACGGCTCAGGGCTGG,2e0b381dc8e776287a02f735270f5cfa6d1ad9847d6959f9ad9580d6efe1f8a2,0.0162400554030641,0.009268546910677,0.208427377959297,-326.3760778408032,-336.2533463141881,-334.0115867018467,-343.5233651853632,-0.36548998986836523,1.0,0.009268546910677,0.0,1,0.181993295585356,0.18216460459877223,0.1501433469024087,0.20650324580512205,1.0
chr1:210466359:A:G;chr1:210466384:A:C;var1;middle;OL29|K562|5bf72a86cadcfb3b,chr1:210466359:A:G;chr1:210466384:A:C;var1;middle;OL29,K562,K562_region_00155,100,125,25,GGACTTTTTTTCCTAAGCAACAGACGTACCTTTCCAGACTCACCAACTTAGAAGCACAGGTTTTCTGTTTGTTTCATTATTAGACTTTCAAAGATCATCATGTCCCACAGCCTCCTCCTTTTCCAGATGAGGGGACTGAAAATCAGAAACATTTTGCCTTTTGCTCAAGGTCACACAGCTCAAGTTCACTGGGCGGCTGG,b36790b15cf94623af2c69edac83d9000f9ea13ff628ace462587a931f0aa78b,0.0,GGACTTTTTTTCCTAAGCAACAGACGTACCTTTCCAGACTCACCAACTTAGAAGCACAGGTTTTCTGTTTGTTTCATTATTAGACTTTCAAAGATCATCGTGTCCCACAGCCTCCTCCTTTTCCAGATGAGGGGACTGAAAATCAGAAACATTTTGCCTTTTGCTCAAGGTCACACAGCTCAAGTTCACTGGGCGGCTGG,77e3e0edc160561235aac4e8433daa6c79ca3b6382be4c5effd196b3d67922ab,0.0329333210589364,GGACTTTTTTTCCTAAGCAACAGACGTACCTTTCCAGACTCACCAACTTAGAAGCACAGGTTTTCTGTTTGTTTCATTATTAGACTTTCAAAGATCATCATGTCCCACAGCCTCCTCCTTTTCCCGATGAGGGGACTGAAAATCAGAAACATTTTGCCTTTTGCTCAAGGTCACACAGCTCAAGTTCACTGGGCGGCTGG,6e685f0535ca13bd6992a0dc3e9e95593553d5fcb3ce41e13826d7f986f3f8b3,0.0747131133830597,GGACTTTTTTTCCTAAGCAACAGACGTACCTTTCCAGACTCACCAACTTAGAAGCACAGGTTTTCTGTTTGTTTCATTATTAGACTTTCAAAGATCATCGTGTCCCACAGCCTCCTCCTTTTCCCGATGAGGGGACTGAAAATCAGAAACATTTTGCCTTTTGCTCAAGGTCACACAGCTCAAGTTCACTGGGCGGCTGG,5bf72a86cadcfb3b79603708ec0a4d5e5ee75e6c0ec8e4511fbf66bb13c9da06,0.0778062218296114,0.0298402126123847,0.180492661784368,-290.122233517468,-266.5464915521443,-332.0212892051786,-298.43575433827937,-10.009792901575565,1.0,0.0298402126123847,0.0,2,0.16061940059541366,0.17490732828716207,0.146091925319964,0.07512927233838007,1.0
chr1:212640275:A:G;chr1:212640333:T:C;var1;middle;OL41|K562|27e10ea2bcb12a1a,chr1:212640275:A:G;chr1:212640333:T:C;var1;middle;OL41,K562,K562_region_00156,100,158,58,TCTGTTTATTTCCATTCTTCTAGTCCTGGATGAACTAATTTGCCCACCCTAATCCAGGGCAGGCACAAGACCCAGGTGTCTTCCCAGGGGAAGTGGAACAAGGGTGGCCTGCCTGGTCCAGGACGTCAGCTGAGCAGGAGGCCTGGAAGAGGGGAACTTTTGACTCAGGAGGGCTCACATTAGTGGTAGGCTGGGAAATA,9c9e7b9a1099d080221809a83c52c7cad9107d3fc5af6c65fceaf763a2297314,0.0,TCTGTTTATTTCCATTCTTCTAGTCCTGGATGAACTAATTTGCCCACCCTAATCCAGGGCAGGCACAAGACCCAGGTGTCTTCCCAGGGGAAGTGGAACGAGGGTGGCCTGCCTGGTCCAGGACGTCAGCTGAGCAGGAGGCCTGGAAGAGGGGAACTTTTGACTCAGGAGGGCTCACATTAGTGGTAGGCTGGGAAATA,9bad629db8d23ab88a89a1f069ccb615dc7c7b52fb23f17d0ce166b2116caff8,0.174551769124136,TCTGTTTATTTCCATTCTTCTAGTCCTGGATGAACTAATTTGCCCACCCTAATCCAGGGCAGGCACAAGACCCAGGTGTCTTCCCAGGGGAAGTGGAACAAGGGTGGCCTGCCTGGTCCAGGACGTCAGCTGAGCAGGAGGCCTGGAAGAGGGGAACCTTTGACTCAGGAGGGCTCACATTAGTGGTAGGCTGGGAAATA,3afb3aea662997183d99ae430c59fedba11a56a09b899b42a20e845db6bcb040,0.0720107870308167,TCTGTTTATTTCCATTCTTCTAGTCCTGGATGAACTAATTTGCCCACCCTAATCCAGGGCAGGCACAAGACCCAGGTGTCTTCCCAGGGGAAGTGGAACGAGGGTGGCCTGCCTGGTCCAGGACGTCAGCTGAGCAGGAGGCCTGGAAGAGGGGAACCTTTGACTCAGGAGGGCTCACATTAGTGGTAGGCTGGGAAATA,27e10ea2bcb12a1ac7bc51f017000ab177db50633003df3743b0a5d73101041d,-0.0178115533947265,0.2643741095496792,0.278431069679494,-244.7140679508448,-248.45831859111783,-242.54951743781567,-245.5707176327705,-0.723050445318222,1.0,0.2643741095496792,0.0,0,0.1848473764718159,0.18565657667894103,0.15145376406925343,0.13528239039783288,1.0
chr1:212641356:A:G;chr1:212641371:T:C;var1;middle;OL41|K562|7cdd6e2c248b9245,chr1:212641356:A:G;chr1:212641371:T:C;var1;middle;OL41,K562,K562_region_00157,100,115,15,GTGGCACTGACTCCATGACCTCTAGGAAGCATTTGAGGAGTGCTCCCCATGTGCTCCTCCAGCCAGCCCTCCATCCCTCTCCTCCTTGCTGGGGAGGCTACCTGAAGCCACCCCTGTGGGCTGCCAGCTGGTCCAGGCAATGCGTGGGAGGAGCGTGAGGTCCCTTTGTCAGCAGCCTGACTGCCTCCTAAAGGACTGGG,0a711f2603648e05434fce5ee66ca4bf361655303984ab2c4e039d9eccfcebb8,0.0,GTGGCACTGACTCCATGACCTCTAGGAAGCATTTGAGGAGTGCTCCCCATGTGCTCCTCCAGCCAGCCCTCCATCCCTCTCCTCCTTGCTGGGGAGGCTGCCTGAAGCCACCCCTGTGGGCTGCCAGCTGGTCCAGGCAATGCGTGGGAGGAGCGTGAGGTCCCTTTGTCAGCAGCCTGACTGCCTCCTAAAGGACTGGG,50c4e2ef2c37160eaaecf2481a990d0cfabc32660405a6c36dba00d07a5823a0,0.44014193456558,GTGGCACTGACTCCATGACCTCTAGGAAGCATTTGAGGAGTGCTCCCCATGTGCTCCTCCAGCCAGCCCTCCATCCCTCTCCTCCTTGCTGGGGAGGCTACCTGAAGCCACCCCCGTGGGCTGCCAGCTGGTCCAGGCAATGCGTGGGAGGAGCGTGAGGTCCCTTTGTCAGCAGCCTGACTGCCTCCTAAAGGACTGGG,64c227e9eaeadfd5aee71b407a1a9bd4ac0fc617627e64d7139824dc88743619,0.0171871910428157,GTGGCACTGACTCCATGACCTCTAGGAAGCATTTGAGGAGTGCTCCCCATGTGCTCCTCCAGCCAGCCCTCCATCCCTCTCCTCCTTGCTGGGGAGGCTGCCTGAAGCCACCCCCGTGGGCTGCCAGCTGGTCCAGGCAATGCGTGGGAGGAGCGTGAGGTCCCTTTGTCAGCAGCCTGACTGCCTCCTAAAGGACTGGG,7cdd6e2c248b9245e57fac5ba758d74dfe035506beef70157f1329c2ccc434d8,0.217759105659283,0.2395700199491126,0.356528016866967,-228.0983095243573,-223.22118024807423,-231.10603407025337,-230.6516464548185,4.422741660848175,1.0,0.2395700199491126,0.0,0,0.1914565721787442,0.18565657667894103,0.15145376406925343,0.2600572018957477,1.0
chr1:214160529:G:A;chr1:214160548:A:T;var1;middle;OL30|K562|d4686abe89e67f8f,chr1:214160529:G:A;chr1:214160548:A:T;var1;middle;OL30,K562,K562_region_00158,100,119,19,GTAATCGCCAGATGTTTGCAACATATATATTTTTAAAGGCTGCTTTACCTACAATCCAACTAATGTCAGAGGTAACCAAGGGTAAATATTCCTCTTCCTGATAATTTGGACTGGAGATAAACTGGGACTCAGCCAATGTTGATCTTCGTCTAATAACAGATGCAGCGGACCCGATGTGAAACCTCTGGCACCTATTATTT,9ffb9ffa683e1d47a16ee3fedc833472c8ea041cf2f628691e9550443ec26ccb,0.0,GTAATCGCCAGATGTTTGCAACATATATATTTTTAAAGGCTGCTTTACCTACAATCCAACTAATGTCAGAGGTAACCAAGGGTAAATATTCCTCTTCCTAATAATTTGGACTGGAGATAAACTGGGACTCAGCCAATGTTGATCTTCGTCTAATAACAGATGCAGCGGACCCGATGTGAAACCTCTGGCACCTATTATTT,e50bb0fcf948896b99b6e602bb3969d541769acd9134d50432e908d191f9b8a2,-0.243368806570493,GTAATCGCCAGATGTTTGCAACATATATATTTTTAAAGGCTGCTTTACCTACAATCCAACTAATGTCAGAGGTAACCAAGGGTAAATATTCCTCTTCCTGATAATTTGGACTGGAGATTAACTGGGACTCAGCCAATGTTGATCTTCGTCTAATAACAGATGCAGCGGACCCGATGTGAAACCTCTGGCACCTATTATTT,7c378ccbc80a7ee19604b26da3cbc5f45f062184bb75f32b088d320ffc812951,-0.277508898995409,GTAATCGCCAGATGTTTGCAACATATATATTTTTAAAGGCTGCTTTACCTACAATCCAACTAATGTCAGAGGTAACCAAGGGTAAATATTCCTCTTCCTAATAATTTGGACTGGAGATTAACTGGGACTCAGCCAATGTTGATCTTCGTCTAATAACAGATGCAGCGGACCCGATGTGAAACCTCTGGCACCTATTATTT,d4686abe89e67f8f621056e4db7f8617637e56c5346dc03b45bc9c36f71fe7a5,-0.297992005397147,-0.2228857001687549,0.16633313127162,-330.0011883219704,-341.39654340199195,-330.7220536058303,-341.6625135442009,-0.4548951416509226,1.0,-0.2228857001687549,0.0,3,0.18055675256948578,0.18106719778262317,0.1474303780702046,0.1557975658493743,1.0
chr1:214177413:T:G;chr1:214177423:G:A;var1;middle;OL31|K562|fc6596d69e612ea9,chr1:214177413:T:G;chr1:214177423:G:A;var1;middle;OL31,K562,K562_region_00159,100,110,10,TGTGTTTGTGTGTGTGTTTGCACACACAAGCACACTTTCTTTTCTTTTTTTTCTTATTTTTCTTAGACACTCTTCTAAAAGAAAATCCTTAGAGAAGCTTCTAGGAAGGGCCCTTAATTGACCTTGTGGGGGACCACATTGATTTTCTCCACGTGCATCTTCATTTCTGATAAATTATAAAGCCATTAATTTGCTGAGGA,af055a7aced61afabc114413a62809509eb2ed9ad1f2c004811fe7d376418ed5,0.0,TGTGTTTGTGTGTGTGTTTGCACACACAAGCACACTTTCTTTTCTTTTTTTTCTTATTTTTCTTAGACACTCTTCTAAAAGAAAATCCTTAGAGAAGCTGCTAGGAAGGGCCCTTAATTGACCTTGTGGGGGACCACATTGATTTTCTCCACGTGCATCTTCATTTCTGATAAATTATAAAGCCATTAATTTGCTGAGGA,839309a2b39110d66fc6a56e7515d51818cb69a1ef98f6c0f33deb5661ef9650,0.0102484148945879,TGTGTTTGTGTGTGTGTTTGCACACACAAGCACACTTTCTTTTCTTTTTTTTCTTATTTTTCTTAGACACTCTTCTAAAAGAAAATCCTTAGAGAAGCTTCTAGGAAGGACCCTTAATTGACCTTGTGGGGGACCACATTGATTTTCTCCACGTGCATCTTCATTTCTGATAAATTATAAAGCCATTAATTTGCTGAGGA,c6030963ca68812eec7d947ac433ddf5fc99333803d9928e7c06ce2773404564,0.262583663078601,TGTGTTTGTGTGTGTGTTTGCACACACAAGCACACTTTCTTTTCTTTTTTTTCTTATTTTTCTTAGACACTCTTCTAAAAGAAAATCCTTAGAGAAGCTGCTAGGAAGGACCCTTAATTGACCTTGTGGGGGACCACATTGATTTTCTCCACGTGCATCTTCATTTCTGATAAATTATAAAGCCATTAATTTGCTGAGGA,fc6596d69e612ea9a2cd47bc479bdce8777bce88cab9451846a7876e53d0d91e,0.151038203470681,0.1217938745025078,0.170380351528689,-245.5912603661418,-245.6321358033456,-244.8340646182187,-244.563912705984,-0.31102734943848986,1.0,0.1217938745025078,0.0,1,0.1820487080471293,0.18216460459877223,0.1501433469024087,0.2621550644469166,1.0
chr1:2153930:T:C;chr1:2153935:T:C;var1;middle;OL27|K562|abd3de2c18b9f0bd,chr1:2153930:T:C;chr1:2153935:T:C;var1;middle;OL27,K562,K562_region_00010,100,105,5,AGCCACCGCGCCCGGCCTGGGTCAGCCATCTCTTTAAAGAACTCCAGTTCCTGGTCGGGCGCAGTGGCTCCCGCCTGTAATCCCAGCACTTTGGGAGGCTGAGGTGGGCAGATCACAAGGTCAGGAGATCGAGACCATCCTGGCTAACACGGTGAAACCCCGTCTCTGCTAAAAATACAAAAAATTAGCCGGCGTGGTGG,0eeb3fa4acf5d35c331e45519c028b595deb2bf6448a59bd2d051cc20e578ebb,0.0,AGCCACCGCGCCCGGCCTGGGTCAGCCATCTCTTTAAAGAACTCCAGTTCCTGGTCGGGCGCAGTGGCTCCCGCCTGTAATCCCAGCACTTTGGGAGGCCGAGGTGGGCAGATCACAAGGTCAGGAGATCGAGACCATCCTGGCTAACACGGTGAAACCCCGTCTCTGCTAAAAATACAAAAAATTAGCCGGCGTGGTGG,270dee6a4d0f7d4e584b4d166379702e691d73e1711b761839e1503a7ca0fd2a,0.0843069686177004,AGCCACCGCGCCCGGCCTGGGTCAGCCATCTCTTTAAAGAACTCCAGTTCCTGGTCGGGCGCAGTGGCTCCCGCCTGTAATCCCAGCACTTTGGGAGGCTGAGGCGGGCAGATCACAAGGTCAGGAGATCGAGACCATCCTGGCTAACACGGTGAAACCCCGTCTCTGCTAAAAATACAAAAAATTAGCCGGCGTGGTGG,3762f5d46c82d07f3ce2ced36ad65351abfa22fbe59224e95d8cbfcc19d25237,-0.102496583256906,AGCCACCGCGCCCGGCCTGGGTCAGCCATCTCTTTAAAGAACTCCAGTTCCTGGTCGGGCGCAGTGGCTCCCGCCTGTAATCCCAGCACTTTGGGAGGCCGAGGCGGGCAGATCACAAGGTCAGGAGATCGAGACCATCCTGGCTAACACGGTGAAACCCCGTCTCTGCTAAAAATACAAAAAATTAGCCGGCGTGGTGG,abd3de2c18b9f0bd464b9856d6cd23f234be74ce2bd9144029de4c14db1b3df2,0.0656237383184469,0.0838133529576524,0.159763615342832,-90.47343557607384,-89.11443465878256,-89.5567193152383,-87.88385479338467,0.31386360456234286,-1.0,-0.0838133529576524,0.0,0,0.18617917685269642,0.18565657667894103,0.15145376406925343,0.2403657031312196,1.0
chr1:217437376:G:A;chr1:217437463:T:C;var1;middle;OL27|K562|5d4876e20784e9d0,chr1:217437376:G:A;chr1:217437463:T:C;var1;middle;OL27,K562,K562_region_00160,100,187,87,TGCATTTTCAGGCAAGGGGAGAAAATATCTTAAAGGAATCTCCAATAGAAAATTTCAAGCATCTTCAACATGACGAAGAGAAAACTCTCCGTGGGAAGGGTTAGTGCTCCTTCCTATCACTCTTCAATGGATGCCACATAAGTGGCCTTCTAGTCCCTGCAATAAGATACAATAAGATATTGAGGATAGTTGCCTGCATT,d6225914d162e3c6606979000f26b91aff394e093756dc4bfba999a064391883,0.0,TGCATTTTCAGGCAAGGGGAGAAAATATCTTAAAGGAATCTCCAATAGAAAATTTCAAGCATCTTCAACATGACGAAGAGAAAACTCTCCGTGGGAAGGATTAGTGCTCCTTCCTATCACTCTTCAATGGATGCCACATAAGTGGCCTTCTAGTCCCTGCAATAAGATACAATAAGATATTGAGGATAGTTGCCTGCATT,968e652d4d11a5bd8acf5360903c931532ff43dc7a55429ef1c9c3b4cfd824eb,-0.0273744308979821,TGCATTTTCAGGCAAGGGGAGAAAATATCTTAAAGGAATCTCCAATAGAAAATTTCAAGCATCTTCAACATGACGAAGAGAAAACTCTCCGTGGGAAGGGTTAGTGCTCCTTCCTATCACTCTTCAATGGATGCCACATAAGTGGCCTTCTAGTCCCTGCAATAAGATACAATAAGATATTGAGGACAGTTGCCTGCATT,de564b810cccee00fd9687042e651320479b9380c9a6285662045af1a79ed716,-0.0699577213736841,TGCATTTTCAGGCAAGGGGAGAAAATATCTTAAAGGAATCTCCAATAGAAAATTTCAAGCATCTTCAACATGACGAAGAGAAAACTCTCCGTGGGAAGGATTAGTGCTCCTTCCTATCACTCTTCAATGGATGCCACATAAGTGGCCTTCTAGTCCCTGCAATAAGATACAATAAGATATTGAGGACAGTTGCCTGCATT,5d4876e20784e9d0ac3fec6cb001e6d16512712261ebf0be56126dd7f34b078d,-0.0153862752106641,0.081945877061002,0.160412864601233,-288.34064826369286,-263.42912873625755,-302.5570445097983,-294.83714422164485,-17.191619239281863,-1.0,-0.081945877061002,0.0,4,0.15489183881439067,0.17620727786206916,0.145609630836647,0.15712036085331577,1.0
chr1:220076273:T:A;chr1:220076288:T:A;var1;middle;OL28|K562|afc49905822cc5b5,chr1:220076273:T:A;chr1:220076288:T:A;var1;middle;OL28,K562,K562_region_00161,100,115,15,CCATGTTTTTTCATGCTATCATCACTTGCTTGCTAGAAAAGGTCCATGATCTCCCTAATTTTGAAAATAAGTTGTTGGTACATTTTGAGTTGTTTTCTTTAACAGATAGTCCTCTTATTGCAATGTGCTTTTTTTCTGAGCCAAGTGTTGAATGCTTTTCCAAGGTTAACACATGGCTATGTTAACCCCTAACTTCCAGG,edd70fa4d047515c2f3e00cac3b3dc04d5909c9ab5d93d059313c6633d0509e3,0.0,CCATGTTTTTTCATGCTATCATCACTTGCTTGCTAGAAAAGGTCCATGATCTCCCTAATTTTGAAAATAAGTTGTTGGTACATTTTGAGTTGTTTTCTTAAACAGATAGTCCTCTTATTGCAATGTGCTTTTTTTCTGAGCCAAGTGTTGAATGCTTTTCCAAGGTTAACACATGGCTATGTTAACCCCTAACTTCCAGG,d505ad647c1806b302ad2b3430dbb004ba4714a43992166c871e27b100925eda,-0.006127243349487,CCATGTTTTTTCATGCTATCATCACTTGCTTGCTAGAAAAGGTCCATGATCTCCCTAATTTTGAAAATAAGTTGTTGGTACATTTTGAGTTGTTTTCTTTAACAGATAGTCCTCATATTGCAATGTGCTTTTTTTCTGAGCCAAGTGTTGAATGCTTTTCCAAGGTTAACACATGGCTATGTTAACCCCTAACTTCCAGG,cb32b7226887332ee45c162f74c368ba58be0885e70ab6ed505f6c092779ec7c,-0.130713046191067,CCATGTTTTTTCATGCTATCATCACTTGCTTGCTAGAAAAGGTCCATGATCTCCCTAATTTTGAAAATAAGTTGTTGGTACATTTTGAGTTGTTTTCTTAAACAGATAGTCCTCATATTGCAATGTGCTTTTTTTCTGAGCCAAGTGTTGAATGCTTTTCCAAGGTTAACACATGGCTATGTTAACCCCTAACTTCCAGG,afc49905822cc5b5a9cede05ab3eea58a6210941143957d17f85e5ba5894a2bb,-0.191419967889592,0.054579678349038,0.187766517564356,-317.6714108111337,-323.15518327476457,-319.8707668501884,-317.0738307265565,-8.28070858726278,1.0,0.054579678349038,0.0,0,0.1751404079982325,0.18565657667894103,0.15145376406925343,0.16659500287497514,1.0
chr1:2205527:A:G;chr1:2205548:A:C;var1;middle;OL31|K562|5610b6aae0a1221e,chr1:2205527:A:G;chr1:2205548:A:C;var1;middle;OL31,K562,K562_region_00011,100,121,21,GTCGCCCCAGAGGCATGCTGAGCGCCCATGCGTGTGCGCAGGTCCTACGGGCCGTGTCCAGACCCAGCCCCGGGGTCAGGTGACACCTGTAGTTGGGTGAGCGCTCACACAGGCACCTCCAGGTAAGGGGGATTGAGGAAGGTAGCGCTTTGTCAATGGCACTGGTTTTGCTCCGAGGCTGGACTCCTTTTCCCTTTGAG,0a3b9525268ed6ff5ff836d894341a95112c58e2dcd54c7d146b4d51482c36a5,0.0,GTCGCCCCAGAGGCATGCTGAGCGCCCATGCGTGTGCGCAGGTCCTACGGGCCGTGTCCAGACCCAGCCCCGGGGTCAGGTGACACCTGTAGTTGGGTGGGCGCTCACACAGGCACCTCCAGGTAAGGGGGATTGAGGAAGGTAGCGCTTTGTCAATGGCACTGGTTTTGCTCCGAGGCTGGACTCCTTTTCCCTTTGAG,dddd4afbe14b7ad428b71e1bc6f45e78a6e07ea5314dc515fc2404a7dee12bc7,-0.722045896411132,GTCGCCCCAGAGGCATGCTGAGCGCCCATGCGTGTGCGCAGGTCCTACGGGCCGTGTCCAGACCCAGCCCCGGGGTCAGGTGACACCTGTAGTTGGGTGAGCGCTCACACAGGCACCTCCCGGTAAGGGGGATTGAGGAAGGTAGCGCTTTGTCAATGGCACTGGTTTTGCTCCGAGGCTGGACTCCTTTTCCCTTTGAG,61d34da4f1df11706a4256b48cadda044e9e369b24a6b2a83dccbfab0d320da3,0.351619416518501,GTCGCCCCAGAGGCATGCTGAGCGCCCATGCGTGTGCGCAGGTCCTACGGGCCGTGTCCAGACCCAGCCCCGGGGTCAGGTGACACCTGTAGTTGGGTGGGCGCTCACACAGGCACCTCCCGGTAAGGGGGATTGAGGAAGGTAGCGCTTTGTCAATGGCACTGGTTTTGCTCCGAGGCTGGACTCCTTTTCCCTTTGAG,5610b6aae0a1221e8b33eb3b711d0f84f1326ab6eca9552be730695063675326,-0.49126576877559,-0.1208392888829589,0.162722126973403,-373.6128336477559,-375.00427813339047,-377.9082510491135,-377.41395713971,1.885738395038004,-1.0,0.1208392888829589,0.0,0,0.18819807460501548,0.18565657667894103,0.15145376406925343,0.12003577929739925,1.0
chr1:223228143:C:T;chr1:223228179:G:A;var1;middle;OL28|K562|62498874f375d6bc,chr1:223228143:C:T;chr1:223228179:G:A;var1;middle;OL28,K562,K562_region_00162,100,136,36,CAGGTTCATGACCATTAACCTCAGGTGGACCCTGAGTGCTGCCTGGCAAGCCCAGTCCATTCACTTTCCCACTCTCCAGAGCATTATGTCACACCTCTGCTTCTCTCATTCCTTCACGCCTCCTTCACCATGCTCGTTCTCAGTGGACAGCTTATTACCAAATGAGAAATGAGAAACAATCAGAAGAGGATGCCACATGC,fd3148e301085eb6291c6d427f34cf2924c10f3af04a45b103996c1816832965,0.0,CAGGTTCATGACCATTAACCTCAGGTGGACCCTGAGTGCTGCCTGGCAAGCCCAGTCCATTCACTTTCCCACTCTCCAGAGCATTATGTCACACCTCTGTTTCTCTCATTCCTTCACGCCTCCTTCACCATGCTCGTTCTCAGTGGACAGCTTATTACCAAATGAGAAATGAGAAACAATCAGAAGAGGATGCCACATGC,c4f02f50c7704ed5fdd65fdde8c34d3aea43fc3a8a80ccd6971c149a820b16af,-0.325874429838931,CAGGTTCATGACCATTAACCTCAGGTGGACCCTGAGTGCTGCCTGGCAAGCCCAGTCCATTCACTTTCCCACTCTCCAGAGCATTATGTCACACCTCTGCTTCTCTCATTCCTTCACGCCTCCTTCACCATGCTCATTCTCAGTGGACAGCTTATTACCAAATGAGAAATGAGAAACAATCAGAAGAGGATGCCACATGC,8783f471e7cffeb50a5362dbbfd67844161006b0dd9ab6952e616eeb19eeffe6,0.442546493115687,CAGGTTCATGACCATTAACCTCAGGTGGACCCTGAGTGCTGCCTGGCAAGCCCAGTCCATTCACTTTCCCACTCTCCAGAGCATTATGTCACACCTCTGTTTCTCTCATTCCTTCACGCCTCCTTCACCATGCTCATTCTCAGTGGACAGCTTATTACCAAATGAGAAATGAGAAACAATCAGAAGAGGATGCCACATGC,62498874f375d6bccdb69d2836a65e35f327b21b9c2db58a134e368084eb48eb,0.0088943508440707,-0.1077777124326853,0.266356700546829,-351.3916644129204,-351.56318874296267,-346.2439572858857,-347.2222223326098,-0.8067407166818725,-1.0,0.1077777124326853,0.0,0,0.1847398856578078,0.18565657667894103,0.15145376406925343,0.3855060477168454,1.0
chr1:22351947:G:T;chr1:22351951:A:G;var1;middle;OL41|K562|38d64a94e869a5fa,chr1:22351947:G:T;chr1:22351951:A:G;var1;middle;OL41,K562,K562_region_00038,100,104,4,TATCCAAAACTCCGCACGGTAAGGACTGAGGACGGTCAAAAGACCACCAAGAGTTAAAACCATGAAGCTGCGTAGTACCGCGGAGGCTAGAGAGACCCGGCCCACCCCTTCCAACCTATGCCCCTCCTCTTAACTTCCGGGCGGGGCATGACTTCCGGTTCCCGCGCGGCGCTCCAAAGCTCGGGGAGTGGTGGTCTCCC,e3c317f0fc033e4d9f98210138e506acffdc69fc35fbde851d6d28e1312e11a5,0.0,TATCCAAAACTCCGCACGGTAAGGACTGAGGACGGTCAAAAGACCACCAAGAGTTAAAACCATGAAGCTGCGTAGTACCGCGGAGGCTAGAGAGACCCGTCCCACCCCTTCCAACCTATGCCCCTCCTCTTAACTTCCGGGCGGGGCATGACTTCCGGTTCCCGCGCGGCGCTCCAAAGCTCGGGGAGTGGTGGTCTCCC,c619133910d22c1db29a35089d66f17912669b3c22c9d5ca049d7f8e2896230e,0.118652006957676,TATCCAAAACTCCGCACGGTAAGGACTGAGGACGGTCAAAAGACCACCAAGAGTTAAAACCATGAAGCTGCGTAGTACCGCGGAGGCTAGAGAGACCCGGCCCGCCCCTTCCAACCTATGCCCCTCCTCTTAACTTCCGGGCGGGGCATGACTTCCGGTTCCCGCGCGGCGCTCCAAAGCTCGGGGAGTGGTGGTCTCCC,c87d115403d2bb5a15231636da4b97171467cb020850b18bead5e78a5a28dbcc,0.274071642917525,TATCCAAAACTCCGCACGGTAAGGACTGAGGACGGTCAAAAGACCACCAAGAGTTAAAACCATGAAGCTGCGTAGTACCGCGGAGGCTAGAGAGACCCGTCCCGCCCCTTCCAACCTATGCCCCTCCTCTTAACTTCCGGGCGGGGCATGACTTCCGGTTCCCGCGCGGCGCTCCAAAGCTCGGGGAGTGGTGGTCTCCC,38d64a94e869a5faa5e494000f89be82102e27b575b20912cae5b27a5235eac6,0.255868367136577,0.136855282738624,0.230221027143975,-410.6561374986777,-401.0626141534885,-406.724156489945,-401.1305877603591,3.999954615603258,1.0,0.136855282738624,0.0,2,0.18101872569398528,0.17490732828716207,0.146091925319964,0.2060166064217993,1.0
chr1:22351951:A:G;chr1:22352040:G:T;var1;middle;OL41|K562|9b0700dce8165939,chr1:22351951:A:G;chr1:22352040:G:T;var1;middle;OL41,K562,K562_region_00038,100,189,89,CAAAACTCCGCACGGTAAGGACTGAGGACGGTCAAAAGACCACCAAGAGTTAAAACCATGAAGCTGCGTAGTACCGCGGAGGCTAGAGAGACCCGGCCCACCCCTTCCAACCTATGCCCCTCCTCTTAACTTCCGGGCGGGGCATGACTTCCGGTTCCCGCGCGGCGCTCCAAAGCTCGGGGAGTGGTGGTCTCCCTTTC,9927d9bb4a31cb86123d9f28a9391c5f0e21aa3c01e66c46e6538e02b1808dae,0.0,CAAAACTCCGCACGGTAAGGACTGAGGACGGTCAAAAGACCACCAAGAGTTAAAACCATGAAGCTGCGTAGTACCGCGGAGGCTAGAGAGACCCGGCCCGCCCCTTCCAACCTATGCCCCTCCTCTTAACTTCCGGGCGGGGCATGACTTCCGGTTCCCGCGCGGCGCTCCAAAGCTCGGGGAGTGGTGGTCTCCCTTTC,cb170d0aecf9def4ba9c8f0a16a34868c720126b2e65477024e864b0a292201a,0.114881051857522,CAAAACTCCGCACGGTAAGGACTGAGGACGGTCAAAAGACCACCAAGAGTTAAAACCATGAAGCTGCGTAGTACCGCGGAGGCTAGAGAGACCCGGCCCACCCCTTCCAACCTATGCCCCTCCTCTTAACTTCCGGGCGGGGCATGACTTCCGGTTCCCGCGCGGCGCTCCAAAGCTCGGGGAGTGGTTGTCTCCCTTTC,1f649198407978995d0b5569480f3020163f0f7b7b22df5df83022bb359eae72,0.284794749063138,CAAAACTCCGCACGGTAAGGACTGAGGACGGTCAAAAGACCACCAAGAGTTAAAACCATGAAGCTGCGTAGTACCGCGGAGGCTAGAGAGACCCGGCCCGCCCCTTCCAACCTATGCCCCTCCTCTTAACTTCCGGGCGGGGCATGACTTCCGGTTCCCGCGCGGCGCTCCAAAGCTCGGGGAGTGGTTGTCTCCCTTTC,9b0700dce81659391c264a3398275fad551c5130243b6e5ea5b4a54bf50f818e,0.236643609813128,0.163032191107532,0.218865624404195,-395.9805329679512,-394.9998057056218,-390.8918311530724,-388.1579990526661,-1.753104838076922,1.0,0.163032191107532,0.0,2,0.17264180598410991,0.17490732828716207,0.146091925319964,0.08121256011094648,1.0
chr1:22352040:G:T;chr1:22352108:C:T;var1;middle;OL41|K562|222264d9c09782f9,chr1:22352040:G:T;chr1:22352108:C:T;var1;middle;OL41,K562,K562_region_00038,100,168,68,GACCCGGCCCACCCCTTCCAACCTATGCCCCTCCTCTTAACTTCCGGGCGGGGCATGACTTCCGGTTCCCGCGCGGCGCTCCAAAGCTCGGGGAGTGGTGGTCTCCCTTTCCTGGAGTCATTTGTGGGAGTTAGGGTCTTATCCTGATCTTTCCTCGTCCCCCGCTCCCCCGTCCTCCGAGGTGGCAGCTGCGTAGGTGA,8628f0b63e1a2f53ae0cc5ea38d530dd4e6e3ac1df13164dbbfe6c2ad71f5f2d,0.0,GACCCGGCCCACCCCTTCCAACCTATGCCCCTCCTCTTAACTTCCGGGCGGGGCATGACTTCCGGTTCCCGCGCGGCGCTCCAAAGCTCGGGGAGTGGTTGTCTCCCTTTCCTGGAGTCATTTGTGGGAGTTAGGGTCTTATCCTGATCTTTCCTCGTCCCCCGCTCCCCCGTCCTCCGAGGTGGCAGCTGCGTAGGTGA,4c16bfb21d8c3d99b0e05029d443a33bdc92a57695471f6d107bf8c08116c56c,0.551084792937132,GACCCGGCCCACCCCTTCCAACCTATGCCCCTCCTCTTAACTTCCGGGCGGGGCATGACTTCCGGTTCCCGCGCGGCGCTCCAAAGCTCGGGGAGTGGTGGTCTCCCTTTCCTGGAGTCATTTGTGGGAGTTAGGGTCTTATCCTGATCTTTCCTCGTCCCCCGCTCTCCCGTCCTCCGAGGTGGCAGCTGCGTAGGTGA,d4237157ad53f555b7149bb97737a19d943cd7da1d9b5ed0400bd229b04ac166,-0.047042204848707,GACCCGGCCCACCCCTTCCAACCTATGCCCCTCCTCTTAACTTCCGGGCGGGGCATGACTTCCGGTTCCCGCGCGGCGCTCCAAAGCTCGGGGAGTGGTTGTCTCCCTTTCCTGGAGTCATTTGTGGGAGTTAGGGTCTTATCCTGATCTTTCCTCGTCCCCCGCTCTCCCGTCCTCCGAGGTGGCAGCTGCGTAGGTGA,222264d9c09782f991dd4c45bc0c715da4c9a2748a4a16d740dda51b7e11e100,0.543222809072769,0.039180220984344,0.238163443862711,-319.01544517301954,-311.18342848774046,-333.83566274819896,-333.1068183090538,-7.103172246133909,-1.0,-0.039180220984344,0.0,2,0.1648516752753015,0.17490732828716207,0.146091925319964,0.2307059470151888,1.0
chr1:223840374:T:C;chr1:223840398:C:T;var1;middle;OL41|K562|70bb4719825488df,chr1:223840374:T:C;chr1:223840398:C:T;var1;middle;OL41,K562,K562_region_00163,100,124,24,ACCAGCCCTGACTCAGATCCCTCAGGCCACAGAGGCTGTTGCAACTCAGCCCCTGGCTCCCCACCCTGACGCTCTGGGTTATAGCCTTGGCGCTGTGAATCTCCTCTTCTACTGGCAAAGGCTCAGTCTGCACCTGGCTCCTTTCAGGAGATTGGACTCCCCAGCCCCTTTCCGCTCTGTTCATTAAAAACCACCACTGC,00a0128c502a0ea6d12bf601f61bb77772c5771582b76c26fbcd82dd6ea22ec0,0.0,ACCAGCCCTGACTCAGATCCCTCAGGCCACAGAGGCTGTTGCAACTCAGCCCCTGGCTCCCCACCCTGACGCTCTGGGTTATAGCCTTGGCGCTGTGAACCTCCTCTTCTACTGGCAAAGGCTCAGTCTGCACCTGGCTCCTTTCAGGAGATTGGACTCCCCAGCCCCTTTCCGCTCTGTTCATTAAAAACCACCACTGC,244cc31f7719a04e7676fbd49d89f510abc5ff0524e136149f3d079addf2fa63,-0.346047150070088,ACCAGCCCTGACTCAGATCCCTCAGGCCACAGAGGCTGTTGCAACTCAGCCCCTGGCTCCCCACCCTGACGCTCTGGGTTATAGCCTTGGCGCTGTGAATCTCCTCTTCTACTGGCAAAGGCTTAGTCTGCACCTGGCTCCTTTCAGGAGATTGGACTCCCCAGCCCCTTTCCGCTCTGTTCATTAAAAACCACCACTGC,2abe5f0199732c98a177eac94ca86009f1fa3146d1d17cd766c2eacdd7bb4cf9,-0.114313233554852,ACCAGCCCTGACTCAGATCCCTCAGGCCACAGAGGCTGTTGCAACTCAGCCCCTGGCTCCCCACCCTGACGCTCTGGGTTATAGCCTTGGCGCTGTGAACCTCCTCTTCTACTGGCAAAGGCTTAGTCTGCACCTGGCTCCTTTCAGGAGATTGGACTCCCCAGCCCCTTTCCGCTCTGTTCATTAAAAACCACCACTGC,70bb4719825488df391148a53c44a2432d821da786734374405ef2035da78c4c,-0.359048780102944,-0.101311603521996,0.399079366599561,-245.27263456583023,-245.3115772753954,-248.790872335434,-248.2726984322071,-0.5571166127920151,1.0,-0.101311603521996,0.0,4,0.1755088296421756,0.17620727786206916,0.145609630836647,0.263599181891256,1.0
chr1:226751523:G:A;chr1:226751577:A:G;var1;middle;OL41|K562|1bd7f51d2943166d,chr1:226751523:G:A;chr1:226751577:A:G;var1;middle;OL41,K562,K562_region_00164,100,154,54,CCTCAAAGAAACACCTCAAATCAACAACCAGTGACTTTGCCATGCCGAGAGGGCATGAGAGAACTGCCCCTTTGCCTTGGCTGCTCTGAGAGGTCATGTGGGTTGAACGTGCAAGTGGAATCCTTCCAGGAATTGCCCTGTGGCCTGACTCAGAAGGGAAAAAAGTAAACATTACCATCTTAGGCCCAAATAGCTGGGGT,2a7af108d698df5dd51aeb288b1fc3fc476a8514f0196ea7937593b38e2c9d8c,0.0,CCTCAAAGAAACACCTCAAATCAACAACCAGTGACTTTGCCATGCCGAGAGGGCATGAGAGAACTGCCCCTTTGCCTTGGCTGCTCTGAGAGGTCATGTAGGTTGAACGTGCAAGTGGAATCCTTCCAGGAATTGCCCTGTGGCCTGACTCAGAAGGGAAAAAAGTAAACATTACCATCTTAGGCCCAAATAGCTGGGGT,4013f1628f9ceac103fd0bfe49f2916d2ff13c5cd953e6d854a95b0f6e14aca0,-0.739307246729517,CCTCAAAGAAACACCTCAAATCAACAACCAGTGACTTTGCCATGCCGAGAGGGCATGAGAGAACTGCCCCTTTGCCTTGGCTGCTCTGAGAGGTCATGTGGGTTGAACGTGCAAGTGGAATCCTTCCAGGAATTGCCCTGTGGCCTGACTCAGGAGGGAAAAAAGTAAACATTACCATCTTAGGCCCAAATAGCTGGGGT,fd638413114650c46b610af0d14624be39786e3049c5abc6c5ab671582f3b50b,-0.858943310324099,CCTCAAAGAAACACCTCAAATCAACAACCAGTGACTTTGCCATGCCGAGAGGGCATGAGAGAACTGCCCCTTTGCCTTGGCTGCTCTGAGAGGTCATGTAGGTTGAACGTGCAAGTGGAATCCTTCCAGGAATTGCCCTGTGGCCTGACTCAGGAGGGAAAAAAGTAAACATTACCATCTTAGGCCCAAATAGCTGGGGT,1bd7f51d2943166df7794d3a743be9c0dc9a97476a7041192b6089ea6c22d173,-1.19178402485998,-0.4064665321936358,0.282051517755961,-352.9356950512156,-373.0843650931493,-313.1319391960278,-336.5176101895049,3.2370009515434504,1.0,-0.4064665321936358,0.0,4,0.18021130189396833,0.17620727786206916,0.145609630836647,0.20808179150596448,1.0
chr1:227963078:C:T;chr1:227963124:G:T;var1;middle;OL41|K562|1ff492ab21cea199,chr1:227963078:C:T;chr1:227963124:G:T;var1;middle;OL41,K562,K562_region_00165,100,146,46,CCAACTGGTAGAACTATTTTGAGTTGTAGACAGCTTGATTTATCCCAGCTCTGTTCTTAAATGGTTGCTAATTTCTCACTGCAAGAAAATTCACAGTTCCTCAGTGAGTCAGCTTAATGACACGGCCAGGGCAGCCCAGCTAACAGCAGACTGCTCTCGGTGCTTGGCTTGGTACGGTGATGTGCCGCACTCCGGCGTCG,140e815757363287f9fc5c249f115f732787b489b3fe1f9b319bc1f56d342365,0.0,CCAACTGGTAGAACTATTTTGAGTTGTAGACAGCTTGATTTATCCCAGCTCTGTTCTTAAATGGTTGCTAATTTCTCACTGCAAGAAAATTCACAGTTCTTCAGTGAGTCAGCTTAATGACACGGCCAGGGCAGCCCAGCTAACAGCAGACTGCTCTCGGTGCTTGGCTTGGTACGGTGATGTGCCGCACTCCGGCGTCG,53c3ac581dd20c39b79d8c685e6eca70f7f00bc7b139b586780610212e108d8c,0.0588918765622058,CCAACTGGTAGAACTATTTTGAGTTGTAGACAGCTTGATTTATCCCAGCTCTGTTCTTAAATGGTTGCTAATTTCTCACTGCAAGAAAATTCACAGTTCCTCAGTGAGTCAGCTTAATGACACGGCCAGGGCAGCCCAGCTAACATCAGACTGCTCTCGGTGCTTGGCTTGGTACGGTGATGTGCCGCACTCCGGCGTCG,543f765cd347d767bda8edbb4bfc0cc7b855da529a5ea0c7d2a59547166b0f1a,-0.0114055688332382,CCAACTGGTAGAACTATTTTGAGTTGTAGACAGCTTGATTTATCCCAGCTCTGTTCTTAAATGGTTGCTAATTTCTCACTGCAAGAAAATTCACAGTTCTTCAGTGAGTCAGCTTAATGACACGGCCAGGGCAGCCCAGCTAACATCAGACTGCTCTCGGTGCTTGGCTTGGTACGGTGATGTGCCGCACTCCGGCGTCG,1ff492ab21cea199750d8aff35fec9556e45fd28d2c225d1aa1cf237d9a005a0,-0.263395777835663,0.3108820855646306,0.206770066700589,-366.7135438192636,-368.5214032586664,-368.93946996331215,-370.3491696398705,-0.3981597628444433,1.0,0.3108820855646306,0.0,2,0.17461471556342129,0.17490732828716207,0.146091925319964,0.03740011759124265,1.0
chr1:230272624:G:A;chr1:230272688:C:A;var1;middle;OL41|K562|a0377c60a3517b76,chr1:230272624:G:A;chr1:230272688:C:A;var1;middle;OL41,K562,K562_region_00166,100,164,64,CTGCTAGTGCCATTGTACGGGAAGCTCAATGGCATTTATCTGGTCCAAGGTCATTCAACAAGAACAGGTTGAAATCACCCTCAGACCGAAGAGCCGGCCGTCTGTGCATTTTGCTTTTCCCGCAGTTCAGCCGGGACTCTGCTTCACGGATGCTTTCACCTCACGGACAGCGAAGCCAGACACACAGGCCCTGCGTGGTT,8ae9d87517ef5a41a3a625be9ec4f20c1750e9974cec2cf9e3d7f545d7f444b7,0.0,CTGCTAGTGCCATTGTACGGGAAGCTCAATGGCATTTATCTGGTCCAAGGTCATTCAACAAGAACAGGTTGAAATCACCCTCAGACCGAAGAGCCGGCCATCTGTGCATTTTGCTTTTCCCGCAGTTCAGCCGGGACTCTGCTTCACGGATGCTTTCACCTCACGGACAGCGAAGCCAGACACACAGGCCCTGCGTGGTT,436dd88cf56e566e9d165ff6f1becbf591977744afaee73686605dfca4b3d018,0.120813058961148,CTGCTAGTGCCATTGTACGGGAAGCTCAATGGCATTTATCTGGTCCAAGGTCATTCAACAAGAACAGGTTGAAATCACCCTCAGACCGAAGAGCCGGCCGTCTGTGCATTTTGCTTTTCCCGCAGTTCAGCCGGGACTCTGCTTCACGGATGCTTTCACCTCAAGGACAGCGAAGCCAGACACACAGGCCCTGCGTGGTT,f288ed9cb45e83c883fefbcc947e516679db7fa3c7109d845362d840a0320a25,-0.379750544231247,CTGCTAGTGCCATTGTACGGGAAGCTCAATGGCATTTATCTGGTCCAAGGTCATTCAACAAGAACAGGTTGAAATCACCCTCAGACCGAAGAGCCGGCCATCTGTGCATTTTGCTTTTCCCGCAGTTCAGCCGGGACTCTGCTTCACGGATGCTTTCACCTCAAGGACAGCGAAGCCAGACACACAGGCCCTGCGTGGTT,a0377c60a3517b76ec4a0a8c3cf6a221df50f87926263479ba566c64cf0ad38f,-0.195861950972141,0.0630755342979579,0.363628150642686,-393.2908843308687,-400.44515625108033,-408.1321861576289,-414.05754573456943,1.2289123432710767,-1.0,-0.0630755342979579,0.0,4,0.17772245414494087,0.17620727786206916,0.145609630836647,0.054388514921655015,1.0
chr1:230296470:C:A;chr1:230296492:G:A;var1;middle;OL31|K562|93b5025c26feae55,chr1:230296470:C:A;chr1:230296492:G:A;var1;middle;OL31,K562,K562_region_00167,100,122,22,AATTGCTTAAACCCAGGAGATGGAGGTTGCGGTGAGCCAACATGGTCCCACTGCACTCCAGCCTGGGTGACTGAGTGAGACTCCATCTAAAAAAAAAAACACGAAACTTTCAGATGAATAAGTTGGTTCTATCAGAGATGGCTCTTAAAGCTCAAAAGCTGTTTTAAAAAGCCCTGTGGATGCGCAGGCTCTCTTAGACC,6c53ed5bfcf551c2005b24ad65414ca8007cee092e0517fee3a15a4e2b29492a,0.0,AATTGCTTAAACCCAGGAGATGGAGGTTGCGGTGAGCCAACATGGTCCCACTGCACTCCAGCCTGGGTGACTGAGTGAGACTCCATCTAAAAAAAAAAAAACGAAACTTTCAGATGAATAAGTTGGTTCTATCAGAGATGGCTCTTAAAGCTCAAAAGCTGTTTTAAAAAGCCCTGTGGATGCGCAGGCTCTCTTAGACC,2dd9cc7a5486077ae416ac07106fb549f65e84a3499f5f6e037dba94059e11ce,-0.0360353921473154,AATTGCTTAAACCCAGGAGATGGAGGTTGCGGTGAGCCAACATGGTCCCACTGCACTCCAGCCTGGGTGACTGAGTGAGACTCCATCTAAAAAAAAAAACACGAAACTTTCAGATGAATAAATTGGTTCTATCAGAGATGGCTCTTAAAGCTCAAAAGCTGTTTTAAAAAGCCCTGTGGATGCGCAGGCTCTCTTAGACC,44d28d1a815cbea73fd891fcbefff4d35f8b8695e819593a74adea0820114324,0.320243975352801,AATTGCTTAAACCCAGGAGATGGAGGTTGCGGTGAGCCAACATGGTCCCACTGCACTCCAGCCTGGGTGACTGAGTGAGACTCCATCTAAAAAAAAAAAAACGAAACTTTCAGATGAATAAATTGGTTCTATCAGAGATGGCTCTTAAAGCTCAAAAGCTGTTTTAAAAAGCCCTGTGGATGCGCAGGCTCTCTTAGACC,93b5025c26feae5559112024cd78b57d05dd9980385f19d2bfa3c24d3761c0a0,0.0851985996576751,-0.1990099835478105,0.196697094708572,-253.1124080994632,-245.9014972758013,-246.7757555688732,-239.67605643579736,-0.11121169058606029,-1.0,0.1990099835478105,0.0,3,0.18124899476287534,0.18106719778262317,0.1474303780702046,0.18772138119010343,1.0
chr1:230416744:G:A;chr1:230416832:T:A;var1;middle;OL31|K562|4c59bf506cc9ff71,chr1:230416744:G:A;chr1:230416832:T:A;var1;middle;OL31,K562,K562_region_00168,100,188,88,GCTTCTACCTGGGTGCTCAGGAATGTTCCTCGTCACCCCTGCCACTCTGTGGTCGGTGCCCTGCTTCCTCCTCCACTCCTGGCCGCCTTCTCCAGCGCCGCACACACAGATGCTCAGTCTCAGAGAGGCTGGCACGGCCTGGCAGTCTGAGAAAAGCGTCAGTTAGGCACACCTGCAGGCCCCTCGGTGGGACAGCGGCG,452af3d066375de2c156a6d215d1b8fbcf1f9b5924744ce0d90c5b29826045ee,0.0,GCTTCTACCTGGGTGCTCAGGAATGTTCCTCGTCACCCCTGCCACTCTGTGGTCGGTGCCCTGCTTCCTCCTCCACTCCTGGCCGCCTTCTCCAGCGCCACACACACAGATGCTCAGTCTCAGAGAGGCTGGCACGGCCTGGCAGTCTGAGAAAAGCGTCAGTTAGGCACACCTGCAGGCCCCTCGGTGGGACAGCGGCG,c58551d2522aa1f285abcc396d38853de99b4f0710aadcfa7db2d03af9c71d92,-0.0371599699059442,GCTTCTACCTGGGTGCTCAGGAATGTTCCTCGTCACCCCTGCCACTCTGTGGTCGGTGCCCTGCTTCCTCCTCCACTCCTGGCCGCCTTCTCCAGCGCCGCACACACAGATGCTCAGTCTCAGAGAGGCTGGCACGGCCTGGCAGTCTGAGAAAAGCGTCAGTTAGGCACACCTGCAGGCCCCTCGGAGGGACAGCGGCG,930bd728d79605b6dfbe9a2512dcf738ded23d43ace05a5e02329de041cb62cf,-0.381862641589426,GCTTCTACCTGGGTGCTCAGGAATGTTCCTCGTCACCCCTGCCACTCTGTGGTCGGTGCCCTGCTTCCTCCTCCACTCCTGGCCGCCTTCTCCAGCGCCACACACACAGATGCTCAGTCTCAGAGAGGCTGGCACGGCCTGGCAGTCTGAGAAAAGCGTCAGTTAGGCACACCTGCAGGCCCCTCGGAGGGACAGCGGCG,4c59bf506cc9ff71e2e29a14ce46e2db7e96efc79ef1799a983664b432246d46,-0.586584528297512,0.1675619168021417,0.480143279822302,-346.62734394706786,-348.8901562872343,-349.3339168978855,-341.8355732848868,-9.761155953165144,1.0,0.1675619168021417,0.0,4,0.16410123911062227,0.17620727786206916,0.145609630836647,0.10375776376443469,1.0
chr1:230779975:G:C;chr1:230779994:A:G;var1;middle;OL41|K562|a6ab9b7a42cf8445,chr1:230779975:G:C;chr1:230779994:A:G;var1;middle;OL41,K562,K562_region_00169,100,119,19,AATCACAGAAATACAAGTTCTAAAATAGAACTTAGAGTGCAAACTGGGGTGGTGGCTGGAATGCCAGCAATTGCATATTTCGTGGCTCTGTGAATATGCGGTACATTTTGTAGTGCTTATAAAAGTGACAACATACATAGAAGAAAATACATAGAACAGCTGTTCTGTGTAAAATTTTGTTGATTTTTTAGGTGGAGCTT,f5f2dad09be2a136cf06d7955cd24ef3104e9b711039c61672a97103b5627806,0.0,AATCACAGAAATACAAGTTCTAAAATAGAACTTAGAGTGCAAACTGGGGTGGTGGCTGGAATGCCAGCAATTGCATATTTCGTGGCTCTGTGAATATGCCGTACATTTTGTAGTGCTTATAAAAGTGACAACATACATAGAAGAAAATACATAGAACAGCTGTTCTGTGTAAAATTTTGTTGATTTTTTAGGTGGAGCTT,6dee97695ec65db0907e8e9c762b5c183df39dbce2612787efa39ff08d6db015,0.056656929040379,AATCACAGAAATACAAGTTCTAAAATAGAACTTAGAGTGCAAACTGGGGTGGTGGCTGGAATGCCAGCAATTGCATATTTCGTGGCTCTGTGAATATGCGGTACATTTTGTAGTGCTTGTAAAAGTGACAACATACATAGAAGAAAATACATAGAACAGCTGTTCTGTGTAAAATTTTGTTGATTTTTTAGGTGGAGCTT,739d30cdde4dd749eb605cb99579a08909d05c81f012fa22abf29ebaee657520,-0.154424047015609,AATCACAGAAATACAAGTTCTAAAATAGAACTTAGAGTGCAAACTGGGGTGGTGGCTGGAATGCCAGCAATTGCATATTTCGTGGCTCTGTGAATATGCCGTACATTTTGTAGTGCTTGTAAAAGTGACAACATACATAGAAGAAAATACATAGAACAGCTGTTCTGTGTAAAATTTTGTTGATTTTTTAGGTGGAGCTT,a6ab9b7a42cf8445bedb742e16a1908ff6c263ee8429b145ec3cc67a6403534f,-0.288011111871852,0.190243993896622,0.286250611953329,-324.3898083437234,-310.3957336919848,-332.4606931214221,-317.112945723813,-1.3536727458704263,1.0,0.190243993896622,0.0,3,0.17874644783067273,0.18106719778262317,0.1474303780702046,0.165562561155457,1.0
chr1:230849799:A:G;chr1:230849872:C:T;var1;middle;OL41|K562|2c3c12dbcd60fee3,chr1:230849799:A:G;chr1:230849872:C:T;var1;middle;OL41,K562,K562_region_00170,100,173,73,CTGGTCTTATGAGAGGGGAGAGGTTTTTCAGTCATCACCGTGCCTCCTCCCGGCCTTTTCCTCCTAGCCCACAGCTCAGTTACATCTGAGAGAGACAAGACCGAGAAGGAGCTGAGGGGGCCCCCGGCTTACCTTCTGCTGTAGTACCCAGAACAACGGCAGCTTCTTCCCCCGGCCGGGTCACGATGCCCTATTTATAG,41b9915cc463adb741d71bf7c2bb311bd7cc3182e1ea0d274d94c2f2d74e1169,0.0,CTGGTCTTATGAGAGGGGAGAGGTTTTTCAGTCATCACCGTGCCTCCTCCCGGCCTTTTCCTCCTAGCCCACAGCTCAGTTACATCTGAGAGAGACAAGGCCGAGAAGGAGCTGAGGGGGCCCCCGGCTTACCTTCTGCTGTAGTACCCAGAACAACGGCAGCTTCTTCCCCCGGCCGGGTCACGATGCCCTATTTATAG,be9f2db41bd7e8aa30fe95e754254882cd6b83234b08d3c469bbd022d42d4eb8,0.16862337819293,CTGGTCTTATGAGAGGGGAGAGGTTTTTCAGTCATCACCGTGCCTCCTCCCGGCCTTTTCCTCCTAGCCCACAGCTCAGTTACATCTGAGAGAGACAAGACCGAGAAGGAGCTGAGGGGGCCCCCGGCTTACCTTCTGCTGTAGTACCCAGAACAACGGCAGCTTCTTCCCCTGGCCGGGTCACGATGCCCTATTTATAG,ea33480b65df1e94894b1f52531f0d562790554cd836b93ba8b0801069a4f933,0.133565768218436,CTGGTCTTATGAGAGGGGAGAGGTTTTTCAGTCATCACCGTGCCTCCTCCCGGCCTTTTCCTCCTAGCCCACAGCTCAGTTACATCTGAGAGAGACAAGGCCGAGAAGGAGCTGAGGGGGCCCCCGGCTTACCTTCTGCTGTAGTACCCAGAACAACGGCAGCTTCTTCCCCTGGCCGGGTCACGATGCCCTATTTATAG,2c3c12dbcd60fee36c8cf12fe13d28ef94a79ffa48614b0eebe4bf59974430d0,0.0724540812534476,0.2297350651579183,0.195273831908108,-258.6550902798772,-257.9009494036436,-256.9259507730603,-256.1863526403904,0.014542743563652039,1.0,0.2297350651579183,0.0,1,0.18237995604007662,0.18216460459877223,0.1501433469024087,0.11408491626225982,1.0
chr1:230849799:A:G;chr1:230849886:T:G;var1;middle;OL41|K562|ff2eb9f61f595fdd,chr1:230849799:A:G;chr1:230849886:T:G;var1;middle;OL41,K562,K562_region_00170,100,187,87,CTGGTCTTATGAGAGGGGAGAGGTTTTTCAGTCATCACCGTGCCTCCTCCCGGCCTTTTCCTCCTAGCCCACAGCTCAGTTACATCTGAGAGAGACAAGACCGAGAAGGAGCTGAGGGGGCCCCCGGCTTACCTTCTGCTGTAGTACCCAGAACAACGGCAGCTTCTTCCCCCGGCCGGGTCACGATGCCCTATTTATAG,41b9915cc463adb741d71bf7c2bb311bd7cc3182e1ea0d274d94c2f2d74e1169,0.0,CTGGTCTTATGAGAGGGGAGAGGTTTTTCAGTCATCACCGTGCCTCCTCCCGGCCTTTTCCTCCTAGCCCACAGCTCAGTTACATCTGAGAGAGACAAGGCCGAGAAGGAGCTGAGGGGGCCCCCGGCTTACCTTCTGCTGTAGTACCCAGAACAACGGCAGCTTCTTCCCCCGGCCGGGTCACGATGCCCTATTTATAG,be9f2db41bd7e8aa30fe95e754254882cd6b83234b08d3c469bbd022d42d4eb8,0.168396812567834,CTGGTCTTATGAGAGGGGAGAGGTTTTTCAGTCATCACCGTGCCTCCTCCCGGCCTTTTCCTCCTAGCCCACAGCTCAGTTACATCTGAGAGAGACAAGACCGAGAAGGAGCTGAGGGGGCCCCCGGCTTACCTTCTGCTGTAGTACCCAGAACAACGGCAGCTTCTTCCCCCGGCCGGGTCACGAGGCCCTATTTATAG,34ce9d97038bef33e35e9103489d5e88e5522702309b99b2af25d30974cf79ac,0.91321111635614,CTGGTCTTATGAGAGGGGAGAGGTTTTTCAGTCATCACCGTGCCTCCTCCCGGCCTTTTCCTCCTAGCCCACAGCTCAGTTACATCTGAGAGAGACAAGGCCGAGAAGGAGCTGAGGGGGCCCCCGGCTTACCTTCTGCTGTAGTACCCAGAACAACGGCAGCTTCTTCCCCCGGCCGGGTCACGAGGCCCTATTTATAG,ff2eb9f61f595fdd6af5a9021899c287e89a939eb04231da80e4510893ce53ab,1.0912070132106,-0.0095990842866258,0.160108064660048,-258.6550902798772,-257.9009494036436,-261.8624001517892,-261.16489788889885,0.05663861334323883,1.0,-0.0095990842866258,0.0,1,0.18242278605633297,0.18216460459877223,0.1501433469024087,0.04610994633385232,1.0
chr1:230849872:C:T;chr1:230849886:T:G;var1;middle;OL41|K562|9ea7d68e67ea403d,chr1:230849872:C:T;chr1:230849886:T:G;var1;middle;OL41,K562,K562_region_00170,100,114,14,GCTCAGTTACATCTGAGAGAGACAAGACCGAGAAGGAGCTGAGGGGGCCCCCGGCTTACCTTCTGCTGTAGTACCCAGAACAACGGCAGCTTCTTCCCCCGGCCGGGTCACGATGCCCTATTTATAGCTGAGGGGTGGGGATGGAGCTGTTCCCAGGCTGCCTGTGCACAGGCTGGAGAGGAGGGTTACATCACTTGGCC,564d44fc731cc66d2e6d843ed8a0267b2dccf95cdd4bc67bc05ce0417763eb04,0.0,GCTCAGTTACATCTGAGAGAGACAAGACCGAGAAGGAGCTGAGGGGGCCCCCGGCTTACCTTCTGCTGTAGTACCCAGAACAACGGCAGCTTCTTCCCCTGGCCGGGTCACGATGCCCTATTTATAGCTGAGGGGTGGGGATGGAGCTGTTCCCAGGCTGCCTGTGCACAGGCTGGAGAGGAGGGTTACATCACTTGGCC,f03cf4309cd56cdcb0445a01170f1206f4037d04ac949f2f330271c2858457fb,-0.284323167047577,GCTCAGTTACATCTGAGAGAGACAAGACCGAGAAGGAGCTGAGGGGGCCCCCGGCTTACCTTCTGCTGTAGTACCCAGAACAACGGCAGCTTCTTCCCCCGGCCGGGTCACGAGGCCCTATTTATAGCTGAGGGGTGGGGATGGAGCTGTTCCCAGGCTGCCTGTGCACAGGCTGGAGAGGAGGGTTACATCACTTGGCC,b2ccdc9edae3417e9dba3c148b163040b9935fc186df4c1dd95e1c8dd74c3a2e,1.07221777186636,GCTCAGTTACATCTGAGAGAGACAAGACCGAGAAGGAGCTGAGGGGGCCCCCGGCTTACCTTCTGCTGTAGTACCCAGAACAACGGCAGCTTCTTCCCCTGGCCGGGTCACGAGGCCCTATTTATAGCTGAGGGGTGGGGATGGAGCTGTTCCCAGGCTGCCTGTGCACAGGCTGGAGAGGAGGGTTACATCACTTGGCC,9ea7d68e67ea403db8c6341ecde791968717937b29d977e218cb788da58872ba,0.85041431869893,0.0625197138801471,0.246615691842326,-345.12475500279106,-342.62733160704374,-348.9161095401505,-345.9800882113632,0.4385979330400005,-1.0,-0.0625197138801471,0.0,1,0.18281140669673143,0.18216460459877223,0.1501433469024087,0.03958275638779857,1.0
chr1:230888426:A:T;chr1:230888501:G:T;var1;middle;OL41|K562|8b6e47b9ecdafc17,chr1:230888426:A:T;chr1:230888501:G:T;var1;middle;OL41,K562,K562_region_00171,100,175,75,GCAGAAGGCTGGGGGAGGGGAGGGGCAGGGAGGATGGGAAGGAGGCGGGCATCCGGGAACAGCCCTGCCCCAGGAGCTAGCACAGCCTGCTGGGCAGGGATCTGTGGCTTTTGGAGTACATTTTATGTCCACTTGAGGAGTGAGTAGCATTGGCAGTGGGGGCATTGCTTGCCAGGGCTATCCCCTGGCAGGGGCTGGGC,96c9c8b381c57f141bd25d7626aada3c90dd10925ae344e4aa584083e834ef13,0.0,GCAGAAGGCTGGGGGAGGGGAGGGGCAGGGAGGATGGGAAGGAGGCGGGCATCCGGGAACAGCCCTGCCCCAGGAGCTAGCACAGCCTGCTGGGCAGGGTTCTGTGGCTTTTGGAGTACATTTTATGTCCACTTGAGGAGTGAGTAGCATTGGCAGTGGGGGCATTGCTTGCCAGGGCTATCCCCTGGCAGGGGCTGGGC,17f67670e2830605eb569b238246be25ef05539680c0cd9c8b4707c3fe70c6a5,-0.0009748825894554,GCAGAAGGCTGGGGGAGGGGAGGGGCAGGGAGGATGGGAAGGAGGCGGGCATCCGGGAACAGCCCTGCCCCAGGAGCTAGCACAGCCTGCTGGGCAGGGATCTGTGGCTTTTGGAGTACATTTTATGTCCACTTGAGGAGTGAGTAGCATTGGCAGTGGGGGCATTGCTTGCCATGGCTATCCCCTGGCAGGGGCTGGGC,d4e830f0c02c4b54fbd7e2194426a769703324b386567228fd40951503c09463,-0.296796229881826,GCAGAAGGCTGGGGGAGGGGAGGGGCAGGGAGGATGGGAAGGAGGCGGGCATCCGGGAACAGCCCTGCCCCAGGAGCTAGCACAGCCTGCTGGGCAGGGTTCTGTGGCTTTTGGAGTACATTTTATGTCCACTTGAGGAGTGAGTAGCATTGGCAGTGGGGGCATTGCTTGCCATGGCTATCCCCTGGCAGGGGCTGGGC,8b6e47b9ecdafc17350a1ad33903fe7a1e7cf2a9310097240a9a65c1072661b0,0.315004749059549,0.6127758615308304,0.230730882516349,-290.11717955674976,-295.9677151441574,-358.4057187647559,-362.4068738548085,1.849380497355014,-1.0,-0.6127758615308304,0.0,1,0.18424679312490483,0.18216460459877223,0.1501433469024087,0.24230748311591674,1.0
chr1:231523198:C:T;chr1:231523206:T:C;var1;middle;OL27|K562|bb1a8111df77ae4a,chr1:231523198:C:T;chr1:231523206:T:C;var1;middle;OL27,K562,K562_region_00172,100,108,8,TTTTTTAATTTTTTTTTTTTTTTTTGTGACGGCGTCTCGCTCTGTCGCCCAGGCTGGAGTGCAGTGGCTTGATCTCGGCTCACTGCAAGCTCCACCTCCCGGGTTCATGCCATTCTCCTGCCTCAGCCTCCCGAGTAGCTGGGACTACAGGTGCCTGCCACCACGTCCGGCTAATTTTTTGTATTTTTAGTAGAGACGGG,d1146a5c0f576eb518961fee61cbdaf9896414c3682b3d3767272b800fca83c5,0.0,TTTTTTAATTTTTTTTTTTTTTTTTGTGACGGCGTCTCGCTCTGTCGCCCAGGCTGGAGTGCAGTGGCTTGATCTCGGCTCACTGCAAGCTCCACCTCCTGGGTTCATGCCATTCTCCTGCCTCAGCCTCCCGAGTAGCTGGGACTACAGGTGCCTGCCACCACGTCCGGCTAATTTTTTGTATTTTTAGTAGAGACGGG,a6938d0bb227ef714bbc0fb3821cced3ebf5dccaf04b2c129daa3e35db2a6d72,-0.255760996435327,TTTTTTAATTTTTTTTTTTTTTTTTGTGACGGCGTCTCGCTCTGTCGCCCAGGCTGGAGTGCAGTGGCTTGATCTCGGCTCACTGCAAGCTCCACCTCCCGGGTTCACGCCATTCTCCTGCCTCAGCCTCCCGAGTAGCTGGGACTACAGGTGCCTGCCACCACGTCCGGCTAATTTTTTGTATTTTTAGTAGAGACGGG,e2ce108eb71548925510b26f635f3084ea6b3f89594517913b72a0114f664105,0.371610248396409,TTTTTTAATTTTTTTTTTTTTTTTTGTGACGGCGTCTCGCTCTGTCGCCCAGGCTGGAGTGCAGTGGCTTGATCTCGGCTCACTGCAAGCTCCACCTCCTGGGTTCACGCCATTCTCCTGCCTCAGCCTCCCGAGTAGCTGGGACTACAGGTGCCTGCCACCACGTCCGGCTAATTTTTTGTATTTTTAGTAGAGACGGG,bb1a8111df77ae4a5bd1c0f806a1b8b97fc2ca2ce1d8d79328e017f737bd61ce,0.512835669072155,0.3969864171110731,0.162360294978243,-49.77873051026836,-50.21596196852624,-48.12560090376064,-48.85421243752353,-0.29138007550500333,-1.0,-0.3969864171110731,0.0,3,0.18088610223031576,0.18106719778262317,0.1474303780702046,0.13099529206663071,1.0
chr1:231523198:C:T;chr1:231523210:A:T;var1;middle;OL27|K562|d92a2a9fbba30c5c,chr1:231523198:C:T;chr1:231523210:A:T;var1;middle;OL27,K562,K562_region_00172,100,112,12,TTTTTTAATTTTTTTTTTTTTTTTTGTGACGGCGTCTCGCTCTGTCGCCCAGGCTGGAGTGCAGTGGCTTGATCTCGGCTCACTGCAAGCTCCACCTCCCGGGTTCATGCCATTCTCCTGCCTCAGCCTCCCGAGTAGCTGGGACTACAGGTGCCTGCCACCACGTCCGGCTAATTTTTTGTATTTTTAGTAGAGACGGG,d1146a5c0f576eb518961fee61cbdaf9896414c3682b3d3767272b800fca83c5,0.0,TTTTTTAATTTTTTTTTTTTTTTTTGTGACGGCGTCTCGCTCTGTCGCCCAGGCTGGAGTGCAGTGGCTTGATCTCGGCTCACTGCAAGCTCCACCTCCTGGGTTCATGCCATTCTCCTGCCTCAGCCTCCCGAGTAGCTGGGACTACAGGTGCCTGCCACCACGTCCGGCTAATTTTTTGTATTTTTAGTAGAGACGGG,a6938d0bb227ef714bbc0fb3821cced3ebf5dccaf04b2c129daa3e35db2a6d72,-0.257240485797724,TTTTTTAATTTTTTTTTTTTTTTTTGTGACGGCGTCTCGCTCTGTCGCCCAGGCTGGAGTGCAGTGGCTTGATCTCGGCTCACTGCAAGCTCCACCTCCCGGGTTCATGCCTTTCTCCTGCCTCAGCCTCCCGAGTAGCTGGGACTACAGGTGCCTGCCACCACGTCCGGCTAATTTTTTGTATTTTTAGTAGAGACGGG,74034d6a193fe4d32444b2037ccf708ac610153c0834b154868ea08ffcd5de78,0.0019499314050194,TTTTTTAATTTTTTTTTTTTTTTTTGTGACGGCGTCTCGCTCTGTCGCCCAGGCTGGAGTGCAGTGGCTTGATCTCGGCTCACTGCAAGCTCCACCTCCTGGGTTCATGCCTTTCTCCTGCCTCAGCCTCCCGAGTAGCTGGGACTACAGGTGCCTGCCACCACGTCCGGCTAATTTTTTGTATTTTTAGTAGAGACGGG,d92a2a9fbba30c5ca2b3965e55f22c739b9b3a3c3351bc66909be57b3f138600,-0.0278595046392351,0.2274310497534695,0.144267889181119,-49.77873051026836,-50.21596196852624,-54.62696914514527,-55.15279237506911,-0.08859177166596055,-1.0,-0.2274310497534695,0.0,3,0.18129455547357884,0.18106719778262317,0.1474303780702046,0.13330763291214864,1.0
chr1:232766721:G:C;chr1:232766725:A:C;var1;middle;OL30|K562|f0ea71376c5bb64c,chr1:232766721:G:C;chr1:232766725:A:C;var1;middle;OL30,K562,K562_region_00173,100,104,4,TAGGAGCCAAGGGGAAAACGGAGAGATTGGCAGTTCCAGGCACCCACATCCCAGCGCGGTCCGCTCACCCCTTCCTCCCTGCCCTCCAGGCAGCGCTCAGCCCACGGTAGAAATGTCTTGCATCTTTTTTCCGACGAGGAAGAATTGAACTTTTTATACCCAACTTTTCTGCTTTCTTAGAAATGTTGACTCACCTGTGA,f2a31f0295edce643d1d6fd433111b6297c4bd152d4f58f4da43f4f99347cf9c,0.0,TAGGAGCCAAGGGGAAAACGGAGAGATTGGCAGTTCCAGGCACCCACATCCCAGCGCGGTCCGCTCACCCCTTCCTCCCTGCCCTCCAGGCAGCGCTCACCCCACGGTAGAAATGTCTTGCATCTTTTTTCCGACGAGGAAGAATTGAACTTTTTATACCCAACTTTTCTGCTTTCTTAGAAATGTTGACTCACCTGTGA,50bd3a78dcc5023f08facaa9a4fcf84012098966436bfd450c9600ae655f95e3,-0.037266900032751,TAGGAGCCAAGGGGAAAACGGAGAGATTGGCAGTTCCAGGCACCCACATCCCAGCGCGGTCCGCTCACCCCTTCCTCCCTGCCCTCCAGGCAGCGCTCAGCCCCCGGTAGAAATGTCTTGCATCTTTTTTCCGACGAGGAAGAATTGAACTTTTTATACCCAACTTTTCTGCTTTCTTAGAAATGTTGACTCACCTGTGA,63f21024376347a04ad87eb2c4f9e1255c4fdd78f6eeb44fb6dc8d71c3173850,-0.0120165317785051,TAGGAGCCAAGGGGAAAACGGAGAGATTGGCAGTTCCAGGCACCCACATCCCAGCGCGGTCCGCTCACCCCTTCCTCCCTGCCCTCCAGGCAGCGCTCACCCCCCGGTAGAAATGTCTTGCATCTTTTTTCCGACGAGGAAGAATTGAACTTTTTATACCCAACTTTTCTGCTTTCTTAGAAATGTTGACTCACCTGTGA,f0ea71376c5bb64c1e9a97461cef2a6a9c6244f395f070ae1bb0b799e906c001,0.286765763468467,0.3360491952797231,0.195810043851282,-355.47386088036,-358.12924063950777,-352.6079495185986,-357.54792895540595,-2.284599677659571,-1.0,-0.3360491952797231,0.0,3,0.17687138838527183,0.18106719778262317,0.1474303780702046,0.21969161604108983,1.0
chr1:232811909:C:A;chr1:232811928:T:C;var1;middle;OL30|K562|33c5c844d4d2214d,chr1:232811909:C:A;chr1:232811928:T:C;var1;middle;OL30,K562,K562_region_00174,100,119,19,ACAGGTGCCTGGTGTGTTTCAAGGTTCAGTTGTCCCTGGAACTTCTAAGCAAACACATAGTTAGGTAAGAGTGTCTGCTGGAGAGATGGTAAAGGTTATCATTACATTTCTGAAGAGCTAAGTAGGCGGTCTTCAGGGGAAAAGGAAAAAATAATTCATTTTTTTTAAAGAAAATGGGGTTCTTGGTTACAGCCCTGAAG,6bc76f78bec725776a56cfbb7b9bc2f47d908182a389d10155eaec61ba09b729,0.0,ACAGGTGCCTGGTGTGTTTCAAGGTTCAGTTGTCCCTGGAACTTCTAAGCAAACACATAGTTAGGTAAGAGTGTCTGCTGGAGAGATGGTAAAGGTTATAATTACATTTCTGAAGAGCTAAGTAGGCGGTCTTCAGGGGAAAAGGAAAAAATAATTCATTTTTTTTAAAGAAAATGGGGTTCTTGGTTACAGCCCTGAAG,26054ce752e6f052a03996e25d3a2b906e25f10ae4db9b9bc91154f0bf404461,0.110125754955519,ACAGGTGCCTGGTGTGTTTCAAGGTTCAGTTGTCCCTGGAACTTCTAAGCAAACACATAGTTAGGTAAGAGTGTCTGCTGGAGAGATGGTAAAGGTTATCATTACATTTCTGAAGAGCCAAGTAGGCGGTCTTCAGGGGAAAAGGAAAAAATAATTCATTTTTTTTAAAGAAAATGGGGTTCTTGGTTACAGCCCTGAAG,874702d5118b7dfc3d06707cd27ea8ba71757154ae26345d52031dad652d1041,-0.012547419134056,ACAGGTGCCTGGTGTGTTTCAAGGTTCAGTTGTCCCTGGAACTTCTAAGCAAACACATAGTTAGGTAAGAGTGTCTGCTGGAGAGATGGTAAAGGTTATAATTACATTTCTGAAGAGCCAAGTAGGCGGTCTTCAGGGGAAAAGGAAAAAATAATTCATTTTTTTTAAAGAAAATGGGGTTCTTGGTTACAGCCCTGAAG,33c5c844d4d2214da0b7f7605518d8ad78cd583d5d7703c1c309c556ae4b91d8,0.151812042979878,0.0542337071584149,0.192931348665422,-319.4924884485081,-328.8346841491293,-325.32399348123,-337.6670388726052,-3.0008496907539666,-1.0,-0.0542337071584149,0.0,3,0.17542872805774212,0.18106719778262317,0.1474303780702046,0.2679406531689721,1.0
chr1:232811928:T:C;chr1:232812003:C:T;var1;middle;OL30|K562|83b54738e2843fb6,chr1:232811928:T:C;chr1:232812003:C:T;var1;middle;OL30,K562,K562_region_00174,100,175,75,CAAGGTTCAGTTGTCCCTGGAACTTCTAAGCAAACACATAGTTAGGTAAGAGTGTCTGCTGGAGAGATGGTAAAGGTTATCATTACATTTCTGAAGAGCTAAGTAGGCGGTCTTCAGGGGAAAAGGAAAAAATAATTCATTTTTTTTAAAGAAAATGGGGTTCTTGGTTACAGCCCTGAAGCCAAGCTTGCTCAAACTAT,ea8e7ccd1340b2f57beca31002de7f870db59fb5936483006f0cc7aa8b478db7,0.0,CAAGGTTCAGTTGTCCCTGGAACTTCTAAGCAAACACATAGTTAGGTAAGAGTGTCTGCTGGAGAGATGGTAAAGGTTATCATTACATTTCTGAAGAGCCAAGTAGGCGGTCTTCAGGGGAAAAGGAAAAAATAATTCATTTTTTTTAAAGAAAATGGGGTTCTTGGTTACAGCCCTGAAGCCAAGCTTGCTCAAACTAT,6f1a82daa268e4844161febcf887f8d7fcf7452417910525c080225c124c4172,-0.0738677336069936,CAAGGTTCAGTTGTCCCTGGAACTTCTAAGCAAACACATAGTTAGGTAAGAGTGTCTGCTGGAGAGATGGTAAAGGTTATCATTACATTTCTGAAGAGCTAAGTAGGCGGTCTTCAGGGGAAAAGGAAAAAATAATTCATTTTTTTTAAAGAAAATGGGGTTCTTGGTTACAGCTCTGAAGCCAAGCTTGCTCAAACTAT,29898dbc6d168f308adcad702212568dbeb45c94f8606b4f148a8634c92554c6,-0.0209824649765751,CAAGGTTCAGTTGTCCCTGGAACTTCTAAGCAAACACATAGTTAGGTAAGAGTGTCTGCTGGAGAGATGGTAAAGGTTATCATTACATTTCTGAAGAGCCAAGTAGGCGGTCTTCAGGGGAAAAGGAAAAAATAATTCATTTTTTTTAAAGAAAATGGGGTTCTTGGTTACAGCTCTGAAGCCAAGCTTGCTCAAACTAT,83b54738e2843fb675da9328fc8778f65b21d76bfb9f1607d50b7f11ffa6b7aa,0.20844276874595,0.3032929673295187,0.255437519981743,-304.620585097,-316.8634944171645,-316.35357014182955,-320.8434952525422,7.752984209451824,-1.0,-0.3032929673295187,0.0,3,0.19708894341975763,0.18106719778262317,0.1474303780702046,0.2008369898642802,1.0
chr1:233086394:C:G;chr1:233086456:T:C;var1;middle;OL41|K562|13a3fd04e9f45d60,chr1:233086394:C:G;chr1:233086456:T:C;var1;middle;OL41,K562,K562_region_00175,100,162,62,GGTCTTGAGGGCGGTGCTTCCGGTCAAAGCACCGCTTGGGGGCGGGGCCTGCGACACGCGGTGGGCGGGTCCTGAGTCGCGACCCTGGTCCGGACCTGACCTGAATTGCGACCCCAACCTGGACTGCTCCCCTGACCGCAACCCCTACCCCCGCCCACCAGTATGGCCCGGCACGTGTTCCTAACGGGGCCCCCAGGTAA,069288e13ed7558647bf5ba04d84341049d3fd394ad8a082ee4f52e9738bdb16,0.0,GGTCTTGAGGGCGGTGCTTCCGGTCAAAGCACCGCTTGGGGGCGGGGCCTGCGACACGCGGTGGGCGGGTCCTGAGTCGCGACCCTGGTCCGGACCTGAGCTGAATTGCGACCCCAACCTGGACTGCTCCCCTGACCGCAACCCCTACCCCCGCCCACCAGTATGGCCCGGCACGTGTTCCTAACGGGGCCCCCAGGTAA,9a35db98e07041dd7bdf723ff1856a8686410537dafc8fab362ef550e8dce730,0.295294524642319,GGTCTTGAGGGCGGTGCTTCCGGTCAAAGCACCGCTTGGGGGCGGGGCCTGCGACACGCGGTGGGCGGGTCCTGAGTCGCGACCCTGGTCCGGACCTGACCTGAATTGCGACCCCAACCTGGACTGCTCCCCTGACCGCAACCCCTACCCCCGCCCACCAGCATGGCCCGGCACGTGTTCCTAACGGGGCCCCCAGGTAA,ceb6c80934316bdece82776caa395fa1f7ea761c1b4c75869790efcc3e797e95,0.200942063585263,GGTCTTGAGGGCGGTGCTTCCGGTCAAAGCACCGCTTGGGGGCGGGGCCTGCGACACGCGGTGGGCGGGTCCTGAGTCGCGACCCTGGTCCGGACCTGAGCTGAATTGCGACCCCAACCTGGACTGCTCCCCTGACCGCAACCCCTACCCCCGCCCACCAGCATGGCCCGGCACGTGTTCCTAACGGGGCCCCCAGGTAA,13a3fd04e9f45d602c8a2fba98d6cc9199f6d29d8e7ca0075bff7b2ec0106f82,0.359963701689408,0.136272886538174,0.248207916344541,-268.4002583324327,-276.26284873794066,-262.2524401807459,-269.4045907713589,-0.7104398148949258,1.0,0.136272886538174,0.0,0,0.18486357341928983,0.18565657667894103,0.15145376406925343,0.21321580981160604,1.0
chr1:234527992:A:G;chr1:234528006:A:G;var1;middle;OL41|K562|1ca7f3378cdf00c9,chr1:234527992:A:G;chr1:234528006:A:G;var1;middle;OL41,K562,K562_region_00176,100,114,14,TGAGGTCAGGAGTTCGAGACCAGCCTAGCCAACATGGTGAAACCCTGGGTCTCGTGGAGCATGCCTGTAATCCCAGCTACTTGGGAAGCTGATGCCTGAAAATTGCTTGAGCCAATGAGGCAGAGGTTGTAGTGAGCCGAGATTGTGCCACTACACTCCAGCCTGGGCTACAGAGTGAGACTCCGTCTCAAAAACAAAAA,12d76e85d3f52e41b12fdbe2c4835cb03dcd535f13d7b599c0b7b4cad3c6c7ad,0.0,TGAGGTCAGGAGTTCGAGACCAGCCTAGCCAACATGGTGAAACCCTGGGTCTCGTGGAGCATGCCTGTAATCCCAGCTACTTGGGAAGCTGATGCCTGAGAATTGCTTGAGCCAATGAGGCAGAGGTTGTAGTGAGCCGAGATTGTGCCACTACACTCCAGCCTGGGCTACAGAGTGAGACTCCGTCTCAAAAACAAAAA,10325e85d32200b99839e2f319b9655f689cc288d6f815aa984613b2673e553a,-0.015049868129024,TGAGGTCAGGAGTTCGAGACCAGCCTAGCCAACATGGTGAAACCCTGGGTCTCGTGGAGCATGCCTGTAATCCCAGCTACTTGGGAAGCTGATGCCTGAAAATTGCTTGAGCCGATGAGGCAGAGGTTGTAGTGAGCCGAGATTGTGCCACTACACTCCAGCCTGGGCTACAGAGTGAGACTCCGTCTCAAAAACAAAAA,f5c0a15b32a39c18e35a1b9aaece837bfb12e0242bbea088a563fbda6c7c9b74,0.232973478982261,TGAGGTCAGGAGTTCGAGACCAGCCTAGCCAACATGGTGAAACCCTGGGTCTCGTGGAGCATGCCTGTAATCCCAGCTACTTGGGAAGCTGATGCCTGAGAATTGCTTGAGCCGATGAGGCAGAGGTTGTAGTGAGCCGAGATTGTGCCACTACACTCCAGCCTGGGCTACAGAGTGAGACTCCGTCTCAAAAACAAAAA,1ca7f3378cdf00c9875f604bbd7c7b9c96fb9f849c6bc251fe2e0d8763312895,-0.0146103006597469,-0.2325339115129839,0.312743808247887,-95.9012543177232,-93.07234530197456,-96.8120714528486,-93.83602316491306,0.14713927218691936,-1.0,0.2325339115129839,0.0,4,0.1763816923569226,0.17620727786206916,0.145609630836647,0.11117646423231414,1.0
chr1:234653672:T:G;chr1:234653716:A:G;var1;middle;OL28|K562|f644ddb36f731bd8,chr1:234653672:T:G;chr1:234653716:A:G;var1;middle;OL28,K562,K562_region_00177,100,144,44,CCACAGCAATCCAACTGTCTCCATGTCTACTTTCCTTACAAGATTATGAGTTCCTTGAGGGCAGGGACTTTTATACTTCGTGTTTTTACACAGAGCATATTGCCTGGCCCACCACAGCATTCAATAGATAAATGAATGAGTCAATGAATGAGCCACCAATTGAAATCAACTAGAGGCCAGATTTACAAAAATAAGTAGTT,61c141e0b42ba7b2f7cf92372a4fe7a94c0c998e74ce95113e105c570db32da8,0.0,CCACAGCAATCCAACTGTCTCCATGTCTACTTTCCTTACAAGATTATGAGTTCCTTGAGGGCAGGGACTTTTATACTTCGTGTTTTTACACAGAGCATAGTGCCTGGCCCACCACAGCATTCAATAGATAAATGAATGAGTCAATGAATGAGCCACCAATTGAAATCAACTAGAGGCCAGATTTACAAAAATAAGTAGTT,9763a6c5216405430bf1ca207f89df7f18ed7666f777cd9230775d4d45b6bd9b,0.0522234937474962,CCACAGCAATCCAACTGTCTCCATGTCTACTTTCCTTACAAGATTATGAGTTCCTTGAGGGCAGGGACTTTTATACTTCGTGTTTTTACACAGAGCATATTGCCTGGCCCACCACAGCATTCAATAGATAAATGAATGAGTCAGTGAATGAGCCACCAATTGAAATCAACTAGAGGCCAGATTTACAAAAATAAGTAGTT,23430dfc881c4e11181b2cc67944d2999e0919a432a092bd49ec1d263b1bae84,0.357134454980443,CCACAGCAATCCAACTGTCTCCATGTCTACTTTCCTTACAAGATTATGAGTTCCTTGAGGGCAGGGACTTTTATACTTCGTGTTTTTACACAGAGCATAGTGCCTGGCCCACCACAGCATTCAATAGATAAATGAATGAGTCAGTGAATGAGCCACCAATTGAAATCAACTAGAGGCCAGATTTACAAAAATAAGTAGTT,f644ddb36f731bd819c4de445be15b1740a346d865997bffa93280566efcdf76,0.163656034260805,0.2457019144671341,0.204552017466089,-285.12071676249616,-276.8917203540914,-287.00918035418727,-278.1245937286876,-0.6555902170948684,1.0,0.2457019144671341,0.0,1,0.18169813604801574,0.18216460459877223,0.1501433469024087,0.34396247705805316,1.0
chr1:234653869:G:A;chr1:234653904:T:C;var1;middle;OL28|K562|c2b1aee8b477a037,chr1:234653869:G:A;chr1:234653904:T:C;var1;middle;OL28,K562,K562_region_00177,100,135,35,GTTTATAAATAGTTGTTCTCTACATCCCTAAAGAAAAAAATGAACTATCTGGGCTGGGTGCAGTGGCTCACGACTGTAATCCCAGCACTTTGGGAGGCCGAGGCAGGCAGATCATGAGGTCAGGAGATCGAGACTATCCTGGCCAACATGGTGAAACCCTGTCTCTACCAAAAATACAAAAATTAGCTGGGCATGGTGGC,cf330853d70b92bc90dbf84f56c72622db87a25cd8e1dc5ec90de351cf32a78a,0.0,GTTTATAAATAGTTGTTCTCTACATCCCTAAAGAAAAAAATGAACTATCTGGGCTGGGTGCAGTGGCTCACGACTGTAATCCCAGCACTTTGGGAGGCCAAGGCAGGCAGATCATGAGGTCAGGAGATCGAGACTATCCTGGCCAACATGGTGAAACCCTGTCTCTACCAAAAATACAAAAATTAGCTGGGCATGGTGGC,b0564a39ddb83e15bc6d469d1f84e6104ea6c7edcc0b463ef9ba59ddda15ad69,0.0291099500111149,GTTTATAAATAGTTGTTCTCTACATCCCTAAAGAAAAAAATGAACTATCTGGGCTGGGTGCAGTGGCTCACGACTGTAATCCCAGCACTTTGGGAGGCCGAGGCAGGCAGATCATGAGGTCAGGAGATCGAGACCATCCTGGCCAACATGGTGAAACCCTGTCTCTACCAAAAATACAAAAATTAGCTGGGCATGGTGGC,6c448968f4eb4ffdfc5a0232cb73e5c271e71faf09bd27e5495e3b8e28226390,0.124154755044767,GTTTATAAATAGTTGTTCTCTACATCCCTAAAGAAAAAAATGAACTATCTGGGCTGGGTGCAGTGGCTCACGACTGTAATCCCAGCACTTTGGGAGGCCAAGGCAGGCAGATCATGAGGTCAGGAGATCGAGACCATCCTGGCCAACATGGTGAAACCCTGTCTCTACCAAAAATACAAAAATTAGCTGGGCATGGTGGC,c2b1aee8b477a0370de749cccd69571afa4c9ffe9a0238354331fff84556890c,0.229013275146894,-0.0757485700910121,0.189591938670317,-99.80586943612434,-98.75495983613656,-96.2665233334992,-95.35688087530434,0.1412671417929232,1.0,-0.0757485700910121,0.0,1,0.1825088904952774,0.18216460459877223,0.1501433469024087,0.06436515450788198,1.0
chr1:234667206:G:A;chr1:234667247:A:T;var1;middle;OL41|K562|2514e9192739f45d,chr1:234667206:G:A;chr1:234667247:A:T;var1;middle;OL41,K562,K562_region_00178,100,141,41,ACTGTCTACTGTTGTCGCTGTGGCTGTAGCAGTGGAGGTGGCCGGGCCTTCTTTCCCACCTCCCCTTCTTCCCCATGGTCAGCCCCGCTCCCAGGCTCCGTCTGTGCCCCTGCAGCTCCCCAGCGGTGGCCTTTTTGTTCAGTGCTTCCTCGGCGGCTGGGACTCACCCTGATTTAAAAGCTCCAGACGTGTTCTCGGCA,dc5b075f65f669ba0c3c761eb2584eaaaf18be6840b8e63a4824dc4d73bba2ba,0.0,ACTGTCTACTGTTGTCGCTGTGGCTGTAGCAGTGGAGGTGGCCGGGCCTTCTTTCCCACCTCCCCTTCTTCCCCATGGTCAGCCCCGCTCCCAGGCTCCATCTGTGCCCCTGCAGCTCCCCAGCGGTGGCCTTTTTGTTCAGTGCTTCCTCGGCGGCTGGGACTCACCCTGATTTAAAAGCTCCAGACGTGTTCTCGGCA,f7e382bb2f0df4a6a5e3173c1394fb19389acbc06cc73a56b5ca08e22b743731,-0.043409005981902,ACTGTCTACTGTTGTCGCTGTGGCTGTAGCAGTGGAGGTGGCCGGGCCTTCTTTCCCACCTCCCCTTCTTCCCCATGGTCAGCCCCGCTCCCAGGCTCCGTCTGTGCCCCTGCAGCTCCCCAGCGGTGGCCTTTTTGTTCTGTGCTTCCTCGGCGGCTGGGACTCACCCTGATTTAAAAGCTCCAGACGTGTTCTCGGCA,cbf7741fa4780ccd6b3d1a60b7add518108a0025e74b2e80c0c7ac0e3acf44c5,-0.0097469436024331,ACTGTCTACTGTTGTCGCTGTGGCTGTAGCAGTGGAGGTGGCCGGGCCTTCTTTCCCACCTCCCCTTCTTCCCCATGGTCAGCCCCGCTCCCAGGCTCCATCTGTGCCCCTGCAGCTCCCCAGCGGTGGCCTTTTTGTTCTGTGCTTCCTCGGCGGCTGGGACTCACCCTGATTTAAAAGCTCCAGACGTGTTCTCGGCA,2514e9192739f45d079caf9b9345af8c8c25faa80b54e24cc35995290ef21366,-0.146196124034953,0.0930401744506179,0.272682877314599,-443.83992158039473,-429.9242140222341,-444.63371385261416,-440.5171360061504,9.799129711696878,1.0,0.0930401744506179,0.0,2,0.18946279350774817,0.17490732828716207,0.146091925319964,0.2651967929392235,1.0
chr1:234764925:G:A;chr1:234764966:G:A;var1;middle;OL41|K562|784709b69218d6cf,chr1:234764925:G:A;chr1:234764966:G:A;var1;middle;OL41,K562,K562_region_00179,100,141,41,AAATAAAAATTAAATTGACTAATCATAGCAATTTCATTTTGAGAATGTTTTGTAGGCTGAAGGCAAATCCTTGAGATATTTTTGCAGGAGCGTCATTGCGAAACAGAATCTGCAGTAGAACTATGTCATCTTCTGGTTCTGAGTGTGCCCTCTCATTGCTGGCAGATGGCAAGTATTTATTTGCTTGCTAGCTCTTTAGT,37427e4a3213cc848eea3498abf736aed3ba7b87e7c3afc8f87735bf2acf45db,0.0,AAATAAAAATTAAATTGACTAATCATAGCAATTTCATTTTGAGAATGTTTTGTAGGCTGAAGGCAAATCCTTGAGATATTTTTGCAGGAGCGTCATTGCAAAACAGAATCTGCAGTAGAACTATGTCATCTTCTGGTTCTGAGTGTGCCCTCTCATTGCTGGCAGATGGCAAGTATTTATTTGCTTGCTAGCTCTTTAGT,2e0a00c69b51cf7e9cad83e87f9e289b14b46a0bf1c947e15694d1d859e24a26,0.0797706610172843,AAATAAAAATTAAATTGACTAATCATAGCAATTTCATTTTGAGAATGTTTTGTAGGCTGAAGGCAAATCCTTGAGATATTTTTGCAGGAGCGTCATTGCGAAACAGAATCTGCAGTAGAACTATGTCATCTTCTGGTTCTAAGTGTGCCCTCTCATTGCTGGCAGATGGCAAGTATTTATTTGCTTGCTAGCTCTTTAGT,0dd2e1087323acf29a69696fe25cf0faa6ae32ef9334e0406233a41f6bf751c0,-0.0368834520148926,AAATAAAAATTAAATTGACTAATCATAGCAATTTCATTTTGAGAATGTTTTGTAGGCTGAAGGCAAATCCTTGAGATATTTTTGCAGGAGCGTCATTGCAAAACAGAATCTGCAGTAGAACTATGTCATCTTCTGGTTCTAAGTGTGCCCTCTCATTGCTGGCAGATGGCAAGTATTTATTTGCTTGCTAGCTCTTTAGT,784709b69218d6cfe012511e203e4f41319b67653d007668b52ad0e414dd34bf,-0.0048603826746532,-0.0477475916770449,0.341871491295684,-299.0010357920546,-299.0794740268029,-299.54587860160973,-298.1411400088109,1.4831768275471404,-1.0,0.0477475916770449,0.0,3,0.184460388856737,0.18106719778262317,0.1474303780702046,0.14471213353752868,1.0
chr1:235011460:T:C;chr1:235011530:T:G;var1;middle;OL31|K562|c3ecadfadc52c89b,chr1:235011460:T:C;chr1:235011530:T:G;var1;middle;OL31,K562,K562_region_00180,100,170,70,AGCTCATCAGAGGCCCCGGGTGGGAGGGGTTGGCTATGGCTCAGGAGTTCAGGTTGCCCCTGTGTGGGTCAGAGTTCCAAACATGGGGCCCATGGCTCCTGAGGGCCACCTGTATTGACCTGTTTCTCCAGGATGTGGTAAGTGCTGTGGATCAACAAGCAAGGCAAAGTACTCCACAGATGCCAGTTCCTGCAGGCAGG,4224713bcafa4d885f69e286a301529429460b2ff714f02d5c8e37dde1f5d003,0.0,AGCTCATCAGAGGCCCCGGGTGGGAGGGGTTGGCTATGGCTCAGGAGTTCAGGTTGCCCCTGTGTGGGTCAGAGTTCCAAACATGGGGCCCATGGCTCCCGAGGGCCACCTGTATTGACCTGTTTCTCCAGGATGTGGTAAGTGCTGTGGATCAACAAGCAAGGCAAAGTACTCCACAGATGCCAGTTCCTGCAGGCAGG,3b008bb8ccc9f46fd12e77452b3ae90d9ae805eb24d49250be45def5642ccea3,-0.113545713420213,AGCTCATCAGAGGCCCCGGGTGGGAGGGGTTGGCTATGGCTCAGGAGTTCAGGTTGCCCCTGTGTGGGTCAGAGTTCCAAACATGGGGCCCATGGCTCCTGAGGGCCACCTGTATTGACCTGTTTCTCCAGGATGTGGTAAGTGCTGTGGATCAACAAGCAAGGCAAAGGACTCCACAGATGCCAGTTCCTGCAGGCAGG,2ccd1d55258a7d025d2fe19368181b27fa41cf95f4eeed00d3512f9e6e69ac1b,0.141208833796055,AGCTCATCAGAGGCCCCGGGTGGGAGGGGTTGGCTATGGCTCAGGAGTTCAGGTTGCCCCTGTGTGGGTCAGAGTTCCAAACATGGGGCCCATGGCTCCCGAGGGCCACCTGTATTGACCTGTTTCTCCAGGATGTGGTAAGTGCTGTGGATCAACAAGCAAGGCAAAGGACTCCACAGATGCCAGTTCCTGCAGGCAGG,c3ecadfadc52c89b6a38a5eb46da25cabec912e77165563864a80b0869d32661,0.12606367465118,0.098400554275338,0.248139997881553,-280.8538807593286,-273.6140664741397,-287.6286455504596,-275.8795944359153,4.509236829355416,-1.0,-0.098400554275338,0.0,4,0.18178812544033987,0.17620727786206916,0.145609630836647,0.28882093135671527,1.0
chr1:235110784:A:G;chr1:235110859:G:T;var1;middle;OL31|K562|64ca92b28562fc2e,chr1:235110784:A:G;chr1:235110859:G:T;var1;middle;OL31,K562,K562_region_00181,100,175,75,GGCTATGGGGATAAGTGGGTTTTAACACATCGGCTTTGACTGGTGACAAACACTCTTTTGCTCTATATCCCTCCATACCCCCTTTAGTTCCTTGATGATAAAGACTCCCCCTTTAGCTTTTCCAGGCCACTCTTGTTGAGAAGCCAGTATTCTAGAAGTTGAAGTGGCCTTGGAGGTCATTCTTTGTTGCAGCAAACTTT,176bf115b76967941527aaa441dd1248e00a1add9542ccf43e3832a0be8c7d36,0.0,GGCTATGGGGATAAGTGGGTTTTAACACATCGGCTTTGACTGGTGACAAACACTCTTTTGCTCTATATCCCTCCATACCCCCTTTAGTTCCTTGATGATGAAGACTCCCCCTTTAGCTTTTCCAGGCCACTCTTGTTGAGAAGCCAGTATTCTAGAAGTTGAAGTGGCCTTGGAGGTCATTCTTTGTTGCAGCAAACTTT,a859b45e2d0f39e3067e8e88ce97e6976bdd4e8067b8637429f171f3614d9a5a,0.185254122099559,GGCTATGGGGATAAGTGGGTTTTAACACATCGGCTTTGACTGGTGACAAACACTCTTTTGCTCTATATCCCTCCATACCCCCTTTAGTTCCTTGATGATAAAGACTCCCCCTTTAGCTTTTCCAGGCCACTCTTGTTGAGAAGCCAGTATTCTAGAAGTTGAAGTGGCCTTGGATGTCATTCTTTGTTGCAGCAAACTTT,dbe691eaa4d80ca534a80c79d49a9875171f11bd52803e33d688ab73170c0d60,0.301672125696494,GGCTATGGGGATAAGTGGGTTTTAACACATCGGCTTTGACTGGTGACAAACACTCTTTTGCTCTATATCCCTCCATACCCCCTTTAGTTCCTTGATGATGAAGACTCCCCCTTTAGCTTTTCCAGGCCACTCTTGTTGAGAAGCCAGTATTCTAGAAGTTGAAGTGGCCTTGGATGTCATTCTTTGTTGCAGCAAACTTT,64ca92b28562fc2e51f646f1e3371456fc0a7bb383207741eb3d4e6d968ce60c,0.131661606290816,0.3552646415052369,0.334247341025402,-338.32326081907377,-336.4251833334565,-342.1410393314436,-341.21663304418325,0.9736711983568966,1.0,0.3552646415052369,0.0,3,0.18343415005122515,0.18106719778262317,0.1474303780702046,0.07012596857650862,1.0
chr1:237194922:A:G;chr1:237194935:A:G;var1;middle;OL41|K562|405a75f3ce97c7f4,chr1:237194922:A:G;chr1:237194935:A:G;var1;middle;OL41,K562,K562_region_00182,100,113,13,AACTGTATTCTTTTCTCTCTCTGTCCCTTTACAACCATTTAGAGGCTTGTTTTTTTGCCTGGAGGACATTCCTGTCACTTTTAGTCACGAGCAGTCTTGACTCCATGCTGGAATGTTCAGTCCAGTTTCACAACCATGACTTTAAGCTTCAAATAGAAAGTGTGTCTCCTTCCAGAGACTGGGAGCATCTGGCTGAGGAG,3cda6c6f69fa50abbdc73059a24bdcf0a0a825b02dc9430573d6568bb73d7d66,0.0,AACTGTATTCTTTTCTCTCTCTGTCCCTTTACAACCATTTAGAGGCTTGTTTTTTTGCCTGGAGGACATTCCTGTCACTTTTAGTCACGAGCAGTCTTGGCTCCATGCTGGAATGTTCAGTCCAGTTTCACAACCATGACTTTAAGCTTCAAATAGAAAGTGTGTCTCCTTCCAGAGACTGGGAGCATCTGGCTGAGGAG,0397226b656a40ecdd21a581a08516595605e454b46209204cf103f034809c6e,-0.012196082722295,AACTGTATTCTTTTCTCTCTCTGTCCCTTTACAACCATTTAGAGGCTTGTTTTTTTGCCTGGAGGACATTCCTGTCACTTTTAGTCACGAGCAGTCTTGACTCCATGCTGGAGTGTTCAGTCCAGTTTCACAACCATGACTTTAAGCTTCAAATAGAAAGTGTGTCTCCTTCCAGAGACTGGGAGCATCTGGCTGAGGAG,6d42d56dc26508692627852fbfdbc087ac9983e5dcc78e652adbb88490b6cb88,-0.0690694959281929,AACTGTATTCTTTTCTCTCTCTGTCCCTTTACAACCATTTAGAGGCTTGTTTTTTTGCCTGGAGGACATTCCTGTCACTTTTAGTCACGAGCAGTCTTGGCTCCATGCTGGAGTGTTCAGTCCAGTTTCACAACCATGACTTTAAGCTTCAAATAGAAAGTGTGTCTCCTTCCAGAGACTGGGAGCATCTGGCTGAGGAG,405a75f3ce97c7f43a93855853cd03d2c326c2c111ec2e04b10fac1941968e78,0.164031031642013,0.2452966102925008,0.205349444124804,-295.2667959057726,-297.4864913811907,-303.72011087602004,-323.1448351959698,-17.205028844531626,-1.0,-0.2452966102925008,0.0,0,0.16367811455250364,0.18565657667894103,0.15145376406925343,0.0026942552140903075,1.0
chr1:23850584:C:A;chr1:23850587:C:A;var1;middle;OL28|K562|6a5b9f030eb798f2,chr1:23850584:C:A;chr1:23850587:C:A;var1;middle;OL28,K562,K562_region_00039,100,103,3,GAACCCCAGAGGTGGAGGTTGCAGGGAGCCAAGATGGCACCACTGCAATCCACATTTGGTGACAGAGCGAGACCTGTCTCACAACAACAACAACAACAACAACAACAACAACAAAAAAAAACACAGAAGTAATGCAAGATTTACATGTCCAGGCTCTAGTCCTGACTCCACTCTGAGACTATGGGCAAGTCACTCAAGCT,2c872b22fdb31eb9ec93b13fd4d788e55416094fb066a4b4150ad5629b69b010,0.0,GAACCCCAGAGGTGGAGGTTGCAGGGAGCCAAGATGGCACCACTGCAATCCACATTTGGTGACAGAGCGAGACCTGTCTCACAACAACAACAACAACAAAAACAACAACAACAAAAAAAAACACAGAAGTAATGCAAGATTTACATGTCCAGGCTCTAGTCCTGACTCCACTCTGAGACTATGGGCAAGTCACTCAAGCT,bd7527659503b9c58564af070ee95db071cfcf8f5f0f85a2fce6f613c70dc984,-0.244253365591151,GAACCCCAGAGGTGGAGGTTGCAGGGAGCCAAGATGGCACCACTGCAATCCACATTTGGTGACAGAGCGAGACCTGTCTCACAACAACAACAACAACAACAAAAACAACAACAAAAAAAAACACAGAAGTAATGCAAGATTTACATGTCCAGGCTCTAGTCCTGACTCCACTCTGAGACTATGGGCAAGTCACTCAAGCT,b19a0e8c19628adbb1c49224aacd18e82bfa4fbbe4fc3136c60ccf09b63b8854,-0.0531086679434488,GAACCCCAGAGGTGGAGGTTGCAGGGAGCCAAGATGGCACCACTGCAATCCACATTTGGTGACAGAGCGAGACCTGTCTCACAACAACAACAACAACAAAAAAAACAACAACAAAAAAAAACACAGAAGTAATGCAAGATTTACATGTCCAGGCTCTAGTCCTGACTCCACTCTGAGACTATGGGCAAGTCACTCAAGCT,6a5b9f030eb798f288210dacecd4277bd24adea809065449599c56f4ad98400a,-0.106555869523639,0.1908061640109608,0.220113038222113,-139.7132407015888,-144.0402683187276,-144.3663723214995,-145.14676748309284,3.5466324555454776,-1.0,-0.1908061640109608,0.0,0,0.19033130767543321,0.18565657667894103,0.15145376406925343,0.16494628765748348,1.0
chr1:23850584:C:A;chr1:23850590:C:A;var1;middle;OL28|K562|f82a7af4a077fe9d,chr1:23850584:C:A;chr1:23850590:C:A;var1;middle;OL28,K562,K562_region_00039,100,106,6,GAACCCCAGAGGTGGAGGTTGCAGGGAGCCAAGATGGCACCACTGCAATCCACATTTGGTGACAGAGCGAGACCTGTCTCACAACAACAACAACAACAACAACAACAACAACAAAAAAAAACACAGAAGTAATGCAAGATTTACATGTCCAGGCTCTAGTCCTGACTCCACTCTGAGACTATGGGCAAGTCACTCAAGCT,2c872b22fdb31eb9ec93b13fd4d788e55416094fb066a4b4150ad5629b69b010,0.0,GAACCCCAGAGGTGGAGGTTGCAGGGAGCCAAGATGGCACCACTGCAATCCACATTTGGTGACAGAGCGAGACCTGTCTCACAACAACAACAACAACAAAAACAACAACAACAAAAAAAAACACAGAAGTAATGCAAGATTTACATGTCCAGGCTCTAGTCCTGACTCCACTCTGAGACTATGGGCAAGTCACTCAAGCT,bd7527659503b9c58564af070ee95db071cfcf8f5f0f85a2fce6f613c70dc984,-0.245607219711023,GAACCCCAGAGGTGGAGGTTGCAGGGAGCCAAGATGGCACCACTGCAATCCACATTTGGTGACAGAGCGAGACCTGTCTCACAACAACAACAACAACAACAACAAAAACAACAAAAAAAAACACAGAAGTAATGCAAGATTTACATGTCCAGGCTCTAGTCCTGACTCCACTCTGAGACTATGGGCAAGTCACTCAAGCT,cc176c87d83cf491fd7ce98252a77d2197c154b5b5d2e93d608b7e1b394664b2,-0.322454355129488,GAACCCCAGAGGTGGAGGTTGCAGGGAGCCAAGATGGCACCACTGCAATCCACATTTGGTGACAGAGCGAGACCTGTCTCACAACAACAACAACAACAAAAACAAAAACAACAAAAAAAAACACAGAAGTAATGCAAGATTTACATGTCCAGGCTCTAGTCCTGACTCCACTCTGAGACTATGGGCAAGTCACTCAAGCT,f82a7af4a077fe9d278af4bc63674e7a09c96d2892e598b22c10b116986cf503,0.195458643467368,0.763520218307879,0.264899709000265,-139.7132407015888,-144.0402683187276,-146.44718737271614,-148.20061782933772,2.573597160517238,-1.0,-0.763520218307879,0.0,0,0.189081552426502,0.18565657667894103,0.15145376406925343,0.16490359483125003,1.0
chr1:23850587:C:A;chr1:23850590:C:A;var1;middle;OL28|K562|93c20d4c928819bb,chr1:23850587:C:A;chr1:23850590:C:A;var1;middle;OL28,K562,K562_region_00039,100,103,3,CCCCAGAGGTGGAGGTTGCAGGGAGCCAAGATGGCACCACTGCAATCCACATTTGGTGACAGAGCGAGACCTGTCTCACAACAACAACAACAACAACAACAACAACAACAAAAAAAAACACAGAAGTAATGCAAGATTTACATGTCCAGGCTCTAGTCCTGACTCCACTCTGAGACTATGGGCAAGTCACTCAAGCTCTC,53410a86258c77fd0999725405fbf82d6edfb8666c17ac5ae8921e1011695eb7,0.0,CCCCAGAGGTGGAGGTTGCAGGGAGCCAAGATGGCACCACTGCAATCCACATTTGGTGACAGAGCGAGACCTGTCTCACAACAACAACAACAACAACAAAAACAACAACAAAAAAAAACACAGAAGTAATGCAAGATTTACATGTCCAGGCTCTAGTCCTGACTCCACTCTGAGACTATGGGCAAGTCACTCAAGCTCTC,9ffa803899a4750ea227af2f6ab834a7c32924954900e87f62474ff0a8bc3750,-0.139891491088401,CCCCAGAGGTGGAGGTTGCAGGGAGCCAAGATGGCACCACTGCAATCCACATTTGGTGACAGAGCGAGACCTGTCTCACAACAACAACAACAACAACAACAAAAACAACAAAAAAAAACACAGAAGTAATGCAAGATTTACATGTCCAGGCTCTAGTCCTGACTCCACTCTGAGACTATGGGCAAGTCACTCAAGCTCTC,9ece8e3a28b4a7d65d11903e0408a0c90c73c823b43b56d289740a3a925f2a51,0.0767153225150788,CCCCAGAGGTGGAGGTTGCAGGGAGCCAAGATGGCACCACTGCAATCCACATTTGGTGACAGAGCGAGACCTGTCTCACAACAACAACAACAACAACAAAAAAAACAACAAAAAAAAACACAGAAGTAATGCAAGATTTACATGTCCAGGCTCTAGTCCTGACTCCACTCTGAGACTATGGGCAAGTCACTCAAGCTCTC,93c20d4c928819bb18f1ab21acd3297ccbfa1eaf13aac0323d07c509ec472146,0.223825583284481,0.2870017518578032,0.351171333366021,-141.16119647957385,-145.6318092327565,-147.48606942640615,-146.5883693753276,5.3683128042612225,-1.0,-0.2870017518578032,0.0,0,0.19267105278983454,0.18565657667894103,0.15145376406925343,0.18863874192739727,1.0
chr1:240778399:A:G;chr1:240778403:T:G;var1;middle;OL31|K562|7912864439de756a,chr1:240778399:A:G;chr1:240778403:T:G;var1;middle;OL31,K562,K562_region_00183,100,104,4,CAAAAGACTTCTCAAAATTAAAGCTTTCGGAAATTGAAAGAATTTCCTGGCAAAGTGATGATTTGGAGATTTTGATATAGGTCAATGAAGTGGTCAAGAAAAGTACTCACAGTCATTTGCAGAGATTATGAAGGGATTGTTATAAAGGTCAGACTAAGTAACCTAGGGTTTACTTCAGCTCGAAATCATCTTTGATGCTA,b9a7acd480838ff9ef5814914261e1856db603369829bc1279c2543a71236c3e,0.0,CAAAAGACTTCTCAAAATTAAAGCTTTCGGAAATTGAAAGAATTTCCTGGCAAAGTGATGATTTGGAGATTTTGATATAGGTCAATGAAGTGGTCAAGAGAAGTACTCACAGTCATTTGCAGAGATTATGAAGGGATTGTTATAAAGGTCAGACTAAGTAACCTAGGGTTTACTTCAGCTCGAAATCATCTTTGATGCTA,e926e26d882c8cc8245abcd8cc400abb65ab550eb02005ad26442a563ca4a705,0.299115177369659,CAAAAGACTTCTCAAAATTAAAGCTTTCGGAAATTGAAAGAATTTCCTGGCAAAGTGATGATTTGGAGATTTTGATATAGGTCAATGAAGTGGTCAAGAAAAGGACTCACAGTCATTTGCAGAGATTATGAAGGGATTGTTATAAAGGTCAGACTAAGTAACCTAGGGTTTACTTCAGCTCGAAATCATCTTTGATGCTA,1fd5f5763e1e1a2d7f3a0b31ad4c2e645acfce85cec92498081a4d2bc83ee340,0.298823381043601,CAAAAGACTTCTCAAAATTAAAGCTTTCGGAAATTGAAAGAATTTCCTGGCAAAGTGATGATTTGGAGATTTTGATATAGGTCAATGAAGTGGTCAAGAGAAGGACTCACAGTCATTTGCAGAGATTATGAAGGGATTGTTATAAAGGTCAGACTAAGTAACCTAGGGTTTACTTCAGCTCGAAATCATCTTTGATGCTA,7912864439de756a656454b919c773972411eb4f936e135046096ea555337bab,0.125752797248772,0.4721857611644879,0.227898960527694,-346.9185845851898,-352.1348656238988,-347.3690053410828,-354.23661824315786,1.6513318633660674,1.0,0.4721857611644879,0.0,2,0.17759894107630816,0.17490732828716207,0.146091925319964,-0.0628835207586243,1.0
chr1:244487743:A:G;chr1:244487759:C:T;var1;middle;OL28|K562|53614b96c66d647e,chr1:244487743:A:G;chr1:244487759:C:T;var1;middle;OL28,K562,K562_region_00184,100,116,16,ACCAGAGCTGGGAGAGAGGCATGGAACAGATTGTCCCTTGCAGCCCTCAGAAGGGACGAATCCTCCTGCTGACACCTTGATCTTAGATTCCTAGCATCCAAAAATGAAAGAAATACCTGTTGTCTAAGCTTCCCAGTCTCTGGTACTTTGTTACAACAGCCCTAGCCAATGAATACACTTGTACATGGCTTAACTTTTCC,7b5b94ff922aa462c8c9d89b56174692e8a92e14b008bf8fd3706483d0e704c0,0.0,ACCAGAGCTGGGAGAGAGGCATGGAACAGATTGTCCCTTGCAGCCCTCAGAAGGGACGAATCCTCCTGCTGACACCTTGATCTTAGATTCCTAGCATCCGAAAATGAAAGAAATACCTGTTGTCTAAGCTTCCCAGTCTCTGGTACTTTGTTACAACAGCCCTAGCCAATGAATACACTTGTACATGGCTTAACTTTTCC,ee271517aaaff18eed4a142f9f55ef41c49125e043afd2d2801678f6ef2e4696,-0.200267312954404,ACCAGAGCTGGGAGAGAGGCATGGAACAGATTGTCCCTTGCAGCCCTCAGAAGGGACGAATCCTCCTGCTGACACCTTGATCTTAGATTCCTAGCATCCAAAAATGAAAGAAATATCTGTTGTCTAAGCTTCCCAGTCTCTGGTACTTTGTTACAACAGCCCTAGCCAATGAATACACTTGTACATGGCTTAACTTTTCC,3ac5598485b5eefa0381162be2bb478268c2fd13e65c7a6ba4be6fa788f9e632,-0.232495903102772,ACCAGAGCTGGGAGAGAGGCATGGAACAGATTGTCCCTTGCAGCCCTCAGAAGGGACGAATCCTCCTGCTGACACCTTGATCTTAGATTCCTAGCATCCGAAAATGAAAGAAATATCTGTTGTCTAAGCTTCCCAGTCTCTGGTACTTTGTTACAACAGCCCTAGCCAATGAATACACTTGTACATGGCTTAACTTTTCC,53614b96c66d647ec1c9bce1f6113d99dd079d7cb03f8d3455588e0b8a85e067,0.0887869673827267,0.5215501834399027,0.298849239453067,-250.3498812448233,-254.7113139852881,-233.3150177970529,-230.1671917121857,7.509258825331983,-1.0,-0.5215501834399027,0.0,2,0.18612855635697628,0.17490732828716207,0.146091925319964,0.17209198491185823,1.0
chr1:24467256:G:A;chr1:24467263:G:A;var1;middle;OL32|K562|33dd824a2122e847,chr1:24467256:G:A;chr1:24467263:G:A;var1;middle;OL32,K562,K562_region_00040,100,107,7,AGTCCTTAACTTATAAAACCCTTCCCTCAGGCCCCCAGGCTTGGGCTGTGGAGAGCAAGAGCCTGCGGGAAAATGGCGGCCCAAGCTGGCAGCTGGCTCGGAGCTCGGAGGCCCTGGCCGGCTGGCGTGGGAAATAAACAGGTGGGAAAATGTTAAGCAACCCCAGCTGGGTCAAGGCCTTGCGGCCTGGGTGTGTGTCT,d373621644306deab446285f840e5d234e37daa1f0dbf04e24552d12795d0ca7,0.0,AGTCCTTAACTTATAAAACCCTTCCCTCAGGCCCCCAGGCTTGGGCTGTGGAGAGCAAGAGCCTGCGGGAAAATGGCGGCCCAAGCTGGCAGCTGGCTCAGAGCTCGGAGGCCCTGGCCGGCTGGCGTGGGAAATAAACAGGTGGGAAAATGTTAAGCAACCCCAGCTGGGTCAAGGCCTTGCGGCCTGGGTGTGTGTCT,299b10d6897ec5e1bf70c5670e6873989cbf18b7911e6a46f7300f250217038c,-0.139871710077603,AGTCCTTAACTTATAAAACCCTTCCCTCAGGCCCCCAGGCTTGGGCTGTGGAGAGCAAGAGCCTGCGGGAAAATGGCGGCCCAAGCTGGCAGCTGGCTCGGAGCTCAGAGGCCCTGGCCGGCTGGCGTGGGAAATAAACAGGTGGGAAAATGTTAAGCAACCCCAGCTGGGTCAAGGCCTTGCGGCCTGGGTGTGTGTCT,3498193563ecaca5a769a96c8a27ed17d62266f737ee76f1f40d0ac740dd3ac7,-0.148941230219879,AGTCCTTAACTTATAAAACCCTTCCCTCAGGCCCCCAGGCTTGGGCTGTGGAGAGCAAGAGCCTGCGGGAAAATGGCGGCCCAAGCTGGCAGCTGGCTCAGAGCTCAGAGGCCCTGGCCGGCTGGCGTGGGAAATAAACAGGTGGGAAAATGTTAAGCAACCCCAGCTGGGTCAAGGCCTTGCGGCCTGGGTGTGTGTCT,33dd824a2122e847680f5be659495838e8698746d30b8b88cc187fbd0be280ad,-0.0707046280418603,0.2181083122556217,0.23585370524981,-283.11625049170107,-281.84807885903865,-281.5785599690862,-275.93001510808244,4.380373228341341,-1.0,-0.2181083122556217,0.0,1,0.18682192603890369,0.18216460459877223,0.1501433469024087,0.1258701871385181,1.0
chr1:246862572:C:G;chr1:246862588:C:T;var1;middle;OL41|K562|48d0052d97765b48,chr1:246862572:C:G;chr1:246862588:C:T;var1;middle;OL41,K562,K562_region_00185,100,116,16,ACAGGGCTTCAAGCAGGGCTTAGGCTGGGGACGCTGTGTGGAGCAGAGTCACTGGCTATTTATAGCCCAAACAGTAAGAAGAGTCGTTATGAAAATGCCCAGAGGTGCTTTGATCCGGGAAGTACACAAGCCAATCAAAATACGCCGCCTTCGGGCAAGAGGAGCCGGAGAGCGCCATCTAGTGACCCCACAAGTTCCCT,23399b95ef769b43504d37b42b5a23f9c091ee79f5e6c331548e885fc7b32757,0.0,ACAGGGCTTCAAGCAGGGCTTAGGCTGGGGACGCTGTGTGGAGCAGAGTCACTGGCTATTTATAGCCCAAACAGTAAGAAGAGTCGTTATGAAAATGCCGAGAGGTGCTTTGATCCGGGAAGTACACAAGCCAATCAAAATACGCCGCCTTCGGGCAAGAGGAGCCGGAGAGCGCCATCTAGTGACCCCACAAGTTCCCT,fa33ecb95b94f18b91efa80ca54b1a3a6d13d2f5ba079e85f86f9ef62e2933e2,0.0038830315702995,ACAGGGCTTCAAGCAGGGCTTAGGCTGGGGACGCTGTGTGGAGCAGAGTCACTGGCTATTTATAGCCCAAACAGTAAGAAGAGTCGTTATGAAAATGCCCAGAGGTGCTTTGATCTGGGAAGTACACAAGCCAATCAAAATACGCCGCCTTCGGGCAAGAGGAGCCGGAGAGCGCCATCTAGTGACCCCACAAGTTCCCT,809c30b8f1c516fa9784497dab164ea7f7a2dfe501b0f0fbdf8f3a7ea27988d5,-0.316755941998165,ACAGGGCTTCAAGCAGGGCTTAGGCTGGGGACGCTGTGTGGAGCAGAGTCACTGGCTATTTATAGCCCAAACAGTAAGAAGAGTCGTTATGAAAATGCCGAGAGGTGCTTTGATCTGGGAAGTACACAAGCCAATCAAAATACGCCGCCTTCGGGCAAGAGGAGCCGGAGAGCGCCATCTAGTGACCCCACAAGTTCCCT,48d0052d97765b48b79f911d851094c2565019cac29d3ba5855aa1fcba9367c3,-0.236106429255659,0.0767664811722064,0.135296346243257,-399.590341262985,-403.5295956048649,-389.7222016566666,-390.7817697389983,2.879686259548123,-1.0,-0.0767664811722064,0.0,1,0.1852950672851677,0.18216460459877223,0.1501433469024087,0.25827467071175847,1.0
chr1:246891260:G:T;chr1:246891269:T:C;var1;middle;OL31|K562|c01b28f7fa1901f0,chr1:246891260:G:T;chr1:246891269:T:C;var1;middle;OL31,K562,K562_region_00186,100,109,9,TGGGATCTTACGGGCCATGGCCAGGATGTGGATTTTTTTTCCAGGTGTGACCAAGAGGCGTTGAATGGTTGAAAGGAAGGGCTTCAGCTGATTTAAATTGGAAGTTCTTTGGCTTCTGAGTGGAAAAGTAGATAACAAAGGATGAGCAATGGAATGGTGCAAGCACAAGCCCTGGGGTCGTAGTGGTGCTGAGAAGTAGT,43f56d6d9f66a0c363cb957d3fac2a5ac2948efaaf9a8f757b49c4220ad42927,0.0,TGGGATCTTACGGGCCATGGCCAGGATGTGGATTTTTTTTCCAGGTGTGACCAAGAGGCGTTGAATGGTTGAAAGGAAGGGCTTCAGCTGATTTAAATTTGAAGTTCTTTGGCTTCTGAGTGGAAAAGTAGATAACAAAGGATGAGCAATGGAATGGTGCAAGCACAAGCCCTGGGGTCGTAGTGGTGCTGAGAAGTAGT,d1390f917c083fbc5716e59dbbc737691544a3fcc0b567c754a5b94e8f157139,0.139188332478358,TGGGATCTTACGGGCCATGGCCAGGATGTGGATTTTTTTTCCAGGTGTGACCAAGAGGCGTTGAATGGTTGAAAGGAAGGGCTTCAGCTGATTTAAATTGGAAGTTCTCTGGCTTCTGAGTGGAAAAGTAGATAACAAAGGATGAGCAATGGAATGGTGCAAGCACAAGCCCTGGGGTCGTAGTGGTGCTGAGAAGTAGT,7397838cc041d1845198f5e67a8d8904ffdc9fd8fafa99fe1dabaaf4de81092a,0.129819289045725,TGGGATCTTACGGGCCATGGCCAGGATGTGGATTTTTTTTCCAGGTGTGACCAAGAGGCGTTGAATGGTTGAAAGGAAGGGCTTCAGCTGATTTAAATTTGAAGTTCTCTGGCTTCTGAGTGGAAAAGTAGATAACAAAGGATGAGCAATGGAATGGTGCAAGCACAAGCCCTGGGGTCGTAGTGGTGCTGAGAAGTAGT,c01b28f7fa1901f03d27cac2a142dd49a389ee56d4ff8b83e06b2f79a50e8443,0.332381316702403,-0.06337369517832,0.158168292221486,-253.623562047258,-235.44765359163284,-256.30918207764626,-232.3980322778225,-5.735241344198613,1.0,-0.06337369517832,0.0,2,0.1668434932682199,0.17490732828716207,0.146091925319964,0.030540403658427417,1.0
chr1:247545294:C:T;chr1:247545374:C:G;var1;middle;OL32|K562|465d8767b7423518,chr1:247545294:C:T;chr1:247545374:C:G;var1;middle;OL32,K562,K562_region_00187,100,180,80,TTTAAATATATTTATAGCACCGGGCATGGGGCTCACACCTGTAATCCCAGCACTTTGGGAGGCCGAGGTGGGCAAATCAGGAGGCCAGGAGTTCAAGACCAGCCTCGTCAACATGTTGAAATCCTGTCTCTACTAAAAATACAAAAATTAGCCAGGAGTGGTGGCGCACGCCTGTAATCCCAGCTACTCAGGAGGCTGAG,875abe189e312a04b3348bee26dbad988938b7f84d8f5b1b566c6e1bf899e250,0.0,TTTAAATATATTTATAGCACCGGGCATGGGGCTCACACCTGTAATCCCAGCACTTTGGGAGGCCGAGGTGGGCAAATCAGGAGGCCAGGAGTTCAAGACTAGCCTCGTCAACATGTTGAAATCCTGTCTCTACTAAAAATACAAAAATTAGCCAGGAGTGGTGGCGCACGCCTGTAATCCCAGCTACTCAGGAGGCTGAG,6836c4585dac4d919eb2e38f8602cfb07cd4e22876ca094f512ad051448b7353,0.016915121709067,TTTAAATATATTTATAGCACCGGGCATGGGGCTCACACCTGTAATCCCAGCACTTTGGGAGGCCGAGGTGGGCAAATCAGGAGGCCAGGAGTTCAAGACCAGCCTCGTCAACATGTTGAAATCCTGTCTCTACTAAAAATACAAAAATTAGCCAGGAGTGGTGGCGCACGCCTGTAATCGCAGCTACTCAGGAGGCTGAG,b45a9ded5237ff7544d19de93af620070e23e9d963ea519a2ce2d3affee05776,-0.0985392556584863,TTTAAATATATTTATAGCACCGGGCATGGGGCTCACACCTGTAATCCCAGCACTTTGGGAGGCCGAGGTGGGCAAATCAGGAGGCCAGGAGTTCAAGACTAGCCTCGTCAACATGTTGAAATCCTGTCTCTACTAAAAATACAAAAATTAGCCAGGAGTGGTGGCGCACGCCTGTAATCGCAGCTACTCAGGAGGCTGAG,465d8767b7423518b96c362bf6f1c1b0a09b1b707ac5270b256be8f49f1ce3fd,0.125094405264144,0.2067185392135633,0.274217626203696,-82.49389342265204,-85.6524944761768,-87.76824933476746,-90.86917503364384,0.05767535464838147,-1.0,-0.2067185392135633,0.0,1,0.1824238408782712,0.18216460459877223,0.1501433469024087,0.42903533420155665,1.0
chr1:247569300:A:C;chr1:247569321:C:T;var1;middle;OL28|K562|05424eca65a28908,chr1:247569300:A:C;chr1:247569321:C:T;var1;middle;OL28,K562,K562_region_00188,100,121,21,TTTGTGGGGGGCGCATTCAAACCAGAGCACCATGTCACATCATGAGAGCGCCATGTCACATCATGGAGTGCCACGCCACATCATAAGAGCACCGTGCCAAGTCATGAGAGCACCACGCCACGTCATGAGAGCGTCACGCCATGTCATGAGAGCACTGCGTCCCTTCATGGAGCGCCACACCACGTCATGAGAGCGCCACG,d3437bd1c627b3cf58c4b6b5b5341919b55c7b6be5b5df70437feed265ca01cf,0.0,TTTGTGGGGGGCGCATTCAAACCAGAGCACCATGTCACATCATGAGAGCGCCATGTCACATCATGGAGTGCCACGCCACATCATAAGAGCACCGTGCCACGTCATGAGAGCACCACGCCACGTCATGAGAGCGTCACGCCATGTCATGAGAGCACTGCGTCCCTTCATGGAGCGCCACACCACGTCATGAGAGCGCCACG,9c8e7e64553f3d8c9180a9c38d68aa900f1362e7b37a296b6958b7036cd501a6,0.787624801624817,TTTGTGGGGGGCGCATTCAAACCAGAGCACCATGTCACATCATGAGAGCGCCATGTCACATCATGGAGTGCCACGCCACATCATAAGAGCACCGTGCCAAGTCATGAGAGCACCACGCCATGTCATGAGAGCGTCACGCCATGTCATGAGAGCACTGCGTCCCTTCATGGAGCGCCACACCACGTCATGAGAGCGCCACG,eb71cf6d1e0165b3c09569cb6ed5f861e0d4979ca9f6f93d965eaf35cf3737ca,-1.03503276037008,TTTGTGGGGGGCGCATTCAAACCAGAGCACCATGTCACATCATGAGAGCGCCATGTCACATCATGGAGTGCCACGCCACATCATAAGAGCACCGTGCCACGTCATGAGAGCACCACGCCATGTCATGAGAGCGTCACGCCATGTCATGAGAGCACTGCGTCCCTTCATGGAGCGCCACACCACGTCATGAGAGCGCCACG,05424eca65a289086a24c6617dbdeb659da3db079db9a7684c4296d06991209a,-0.691219110046635,-0.443811151301372,0.194896802226613,-161.53812969196588,-147.72958392521832,-158.43102490669116,-147.4051186607103,-2.782639520766679,-1.0,0.443811151301372,0.0,3,0.17586824379882274,0.18106719778262317,0.1474303780702046,0.0871803076909585,1.0
chr1:248010899:A:C;chr1:248010949:A:T;var1;middle;OL27|K562|69e4046e5c575ad5,chr1:248010899:A:C;chr1:248010949:A:T;var1;middle;OL27,K562,K562_region_00189,100,150,50,GAGTGCAGTGGCACAATCATAGCTCACTGTAATCTCAAACTTATAGGCTCAAGTGTCCTCCTGCCAGGGTGGCTAGGACCACAGGTGTGTGCCACCATGACTGGTTAATTATATATCCACATATTTTTTGTAGAGGTAGAGGTCATGCTATATTGCCCAGGCTGGCCCTTAACTCCTGGCTCCAGTGATCCTCCTGCCTT,9464bef97cec6a5f44ee33649c3a5a49ee6c017764ac5e65401914126fe7fe3b,0.0,GAGTGCAGTGGCACAATCATAGCTCACTGTAATCTCAAACTTATAGGCTCAAGTGTCCTCCTGCCAGGGTGGCTAGGACCACAGGTGTGTGCCACCATGCCTGGTTAATTATATATCCACATATTTTTTGTAGAGGTAGAGGTCATGCTATATTGCCCAGGCTGGCCCTTAACTCCTGGCTCCAGTGATCCTCCTGCCTT,6685c778777b8c6ecd2dc3d8770a3184c933fff9080484c460c1d8eec83062cc,-0.251302994330198,GAGTGCAGTGGCACAATCATAGCTCACTGTAATCTCAAACTTATAGGCTCAAGTGTCCTCCTGCCAGGGTGGCTAGGACCACAGGTGTGTGCCACCATGACTGGTTAATTATATATCCACATATTTTTTGTAGAGGTAGAGGTCATGCTTTATTGCCCAGGCTGGCCCTTAACTCCTGGCTCCAGTGATCCTCCTGCCTT,10b01e156843498a11b93d4fbd82c17b07b99e66b76a76476adb8bbd77a996d4,-0.138598362347708,GAGTGCAGTGGCACAATCATAGCTCACTGTAATCTCAAACTTATAGGCTCAAGTGTCCTCCTGCCAGGGTGGCTAGGACCACAGGTGTGTGCCACCATGCCTGGTTAATTATATATCCACATATTTTTTGTAGAGGTAGAGGTCATGCTTTATTGCCCAGGCTGGCCCTTAACTCCTGGCTCCAGTGATCCTCCTGCCTT,69e4046e5c575ad564b6c78e593b755279a956c1ab02ba21d7f06aea29bf2b15,1.14935491390847,1.539256270586376,0.157481654343046,-122.25968636386096,-118.81477694306524,-124.60597526747732,-121.14511928986758,0.01594655681401491,-1.0,-1.539256270586376,0.0,1,0.18238138433564693,0.18216460459877223,0.1501433469024087,0.09670967807876893,1.0
chr1:24882006:G:A;chr1:24882015:T:G;var1;middle;OL41|K562|1625373304da7091,chr1:24882006:G:A;chr1:24882015:T:G;var1;middle;OL41,K562,K562_region_00041,100,109,9,GAACCGGGAAACCAGCCTCCACTCCTGATACTGTTACTAACCTGCTATAAGACTTTGTGCTCACCTTTGCTTCCTGGGCCTCAGCTTCCCTGTTTCTGAGAGAAGAGATCCCCTCTCCGAGATCTCTTCCCGCTTTCTATAAATATTGATTGAGTACCCGCTGCCTGCCAGGGATATCGCCCTGGGCTCCTGGGATACAG,c2e53ec55455662519cb0aaf28d6d3b124dac7d313a4a3f9d0f909802fb49242,0.0,GAACCGGGAAACCAGCCTCCACTCCTGATACTGTTACTAACCTGCTATAAGACTTTGTGCTCACCTTTGCTTCCTGGGCCTCAGCTTCCCTGTTTCTGAAAGAAGAGATCCCCTCTCCGAGATCTCTTCCCGCTTTCTATAAATATTGATTGAGTACCCGCTGCCTGCCAGGGATATCGCCCTGGGCTCCTGGGATACAG,85982933111bb30bea52867fc6250776a95d0973fe9781249768a598230c5801,-0.40148648685009,GAACCGGGAAACCAGCCTCCACTCCTGATACTGTTACTAACCTGCTATAAGACTTTGTGCTCACCTTTGCTTCCTGGGCCTCAGCTTCCCTGTTTCTGAGAGAAGAGAGCCCCTCTCCGAGATCTCTTCCCGCTTTCTATAAATATTGATTGAGTACCCGCTGCCTGCCAGGGATATCGCCCTGGGCTCCTGGGATACAG,44fc10aa0bd9620e082a6ff3c0f6dc64c646a26dd9965dc9c0723675741565f8,-0.410015892143954,GAACCGGGAAACCAGCCTCCACTCCTGATACTGTTACTAACCTGCTATAAGACTTTGTGCTCACCTTTGCTTCCTGGGCCTCAGCTTCCCTGTTTCTGAAAGAAGAGAGCCCCTCTCCGAGATCTCTTCCCGCTTTCTATAAATATTGATTGAGTACCCGCTGCCTGCCAGGGATATCGCCCTGGGCTCCTGGGATACAG,1625373304da709141090a09d9a18062d88515a786e36b981bb2085c821e81bf,-0.653711541040876,-0.1577908379531679,0.412627901767043,-280.39826555363834,-278.16456282511353,-279.07987257186323,-277.12302243337035,0.27685259003192186,1.0,-0.1577908379531679,0.0,0,0.18613164033483934,0.18565657667894103,0.15145376406925343,0.08896508804579466,1.0
chr1:24882006:G:A;chr1:24882028:A:G;var1;middle;OL41|K562|8ce27905461984fa,chr1:24882006:G:A;chr1:24882028:A:G;var1;middle;OL41,K562,K562_region_00041,100,122,22,GAACCGGGAAACCAGCCTCCACTCCTGATACTGTTACTAACCTGCTATAAGACTTTGTGCTCACCTTTGCTTCCTGGGCCTCAGCTTCCCTGTTTCTGAGAGAAGAGATCCCCTCTCCGAGATCTCTTCCCGCTTTCTATAAATATTGATTGAGTACCCGCTGCCTGCCAGGGATATCGCCCTGGGCTCCTGGGATACAG,c2e53ec55455662519cb0aaf28d6d3b124dac7d313a4a3f9d0f909802fb49242,0.0,GAACCGGGAAACCAGCCTCCACTCCTGATACTGTTACTAACCTGCTATAAGACTTTGTGCTCACCTTTGCTTCCTGGGCCTCAGCTTCCCTGTTTCTGAAAGAAGAGATCCCCTCTCCGAGATCTCTTCCCGCTTTCTATAAATATTGATTGAGTACCCGCTGCCTGCCAGGGATATCGCCCTGGGCTCCTGGGATACAG,85982933111bb30bea52867fc6250776a95d0973fe9781249768a598230c5801,-0.401722279426558,GAACCGGGAAACCAGCCTCCACTCCTGATACTGTTACTAACCTGCTATAAGACTTTGTGCTCACCTTTGCTTCCTGGGCCTCAGCTTCCCTGTTTCTGAGAGAAGAGATCCCCTCTCCGAGGTCTCTTCCCGCTTTCTATAAATATTGATTGAGTACCCGCTGCCTGCCAGGGATATCGCCCTGGGCTCCTGGGATACAG,48fa951091308624ffdfed185415e62801f3edceb439ad76deed7e1870708f88,-0.333029626309419,GAACCGGGAAACCAGCCTCCACTCCTGATACTGTTACTAACCTGCTATAAGACTTTGTGCTCACCTTTGCTTCCTGGGCCTCAGCTTCCCTGTTTCTGAAAGAAGAGATCCCCTCTCCGAGGTCTCTTCCCGCTTTCTATAAATATTGATTGAGTACCCGCTGCCTGCCAGGGATATCGCCCTGGGCTCCTGGGATACAG,8ce27905461984fa9bdeac02da44ddc363501fdb6f2f567949b59fd1888de4c7,0.184730802658185,0.919482708394162,0.509961313687567,-280.39826555363834,-278.16456282511353,-288.12171044480056,-286.5881748702377,-0.7001671539619565,-1.0,-0.919482708394162,0.0,0,0.18487676750586313,0.18565657667894103,0.15145376406925343,0.10752335984438031,1.0
chr1:24882015:T:G;chr1:24882028:A:G;var1;middle;OL41|K562|cbc1abd2c4f2e2ce,chr1:24882015:T:G;chr1:24882028:A:G;var1;middle;OL41,K562,K562_region_00041,100,113,13,AACCAGCCTCCACTCCTGATACTGTTACTAACCTGCTATAAGACTTTGTGCTCACCTTTGCTTCCTGGGCCTCAGCTTCCCTGTTTCTGAGAGAAGAGATCCCCTCTCCGAGATCTCTTCCCGCTTTCTATAAATATTGATTGAGTACCCGCTGCCTGCCAGGGATATCGCCCTGGGCTCCTGGGATACAGCTGGAATCT,98e67f15603f1de0ed6f3850e9f071fad799693e9ad082f6f76aecbeef2876f1,0.0,AACCAGCCTCCACTCCTGATACTGTTACTAACCTGCTATAAGACTTTGTGCTCACCTTTGCTTCCTGGGCCTCAGCTTCCCTGTTTCTGAGAGAAGAGAGCCCCTCTCCGAGATCTCTTCCCGCTTTCTATAAATATTGATTGAGTACCCGCTGCCTGCCAGGGATATCGCCCTGGGCTCCTGGGATACAGCTGGAATCT,4bfff7a73812d5a93505a6b9fe727fa05e160f567d632598990ea2a2a2ac12ec,0.0845145997923702,AACCAGCCTCCACTCCTGATACTGTTACTAACCTGCTATAAGACTTTGTGCTCACCTTTGCTTCCTGGGCCTCAGCTTCCCTGTTTCTGAGAGAAGAGATCCCCTCTCCGAGGTCTCTTCCCGCTTTCTATAAATATTGATTGAGTACCCGCTGCCTGCCAGGGATATCGCCCTGGGCTCCTGGGATACAGCTGGAATCT,d3b1d597ab87e2b024838697abf3a6ab51ab9d45f15387111bdb1d51813f726f,-0.383795213735748,AACCAGCCTCCACTCCTGATACTGTTACTAACCTGCTATAAGACTTTGTGCTCACCTTTGCTTCCTGGGCCTCAGCTTCCCTGTTTCTGAGAGAAGAGAGCCCCTCTCCGAGGTCTCTTCCCGCTTTCTATAAATATTGATTGAGTACCCGCTGCCTGCCAGGGATATCGCCCTGGGCTCCTGGGATACAGCTGGAATCT,cbc1abd2c4f2e2ce8c1d061064d39f1c81caeedf81c4627aac7316c46696596c,0.143635304762363,0.4429159187057407,0.493910127161275,-276.3723736549728,-273.2602562082466,-284.28932217275724,-277.64620169019327,3.5310030358377276,-1.0,-0.4429159187057407,0.0,0,0.19031123343001033,0.18565657667894103,0.15145376406925343,0.12167044962556221,1.0
chr1:248903755:G:A;chr1:248903769:A:G;var1;middle;OL41|K562|afc12e7d93897e53,chr1:248903755:G:A;chr1:248903769:A:G;var1;middle;OL41,K562,K562_region_00190,100,114,14,ACCAGGAGGCATATAAGAGACCACGGCATGTCTCTGCCGTAAATTGGGGTTCTGCTATGTTTAATCGTGTTTTGAGATTCATGTACTAGAAAAAGGCCTGGGGCATTTGGACAAAAGACATAGTTACGATAGCAGCTACCTGTTATTGAGCACTTACTGTGAGCCCCAATTGCTCTGTCAGCTGCAATTCAAACAGCCCT,2cf028286b0d6c42e9281a66f862099d10bd06871371e03a6225ef1f87bd6f5b,0.0,ACCAGGAGGCATATAAGAGACCACGGCATGTCTCTGCCGTAAATTGGGGTTCTGCTATGTTTAATCGTGTTTTGAGATTCATGTACTAGAAAAAGGCCTAGGGCATTTGGACAAAAGACATAGTTACGATAGCAGCTACCTGTTATTGAGCACTTACTGTGAGCCCCAATTGCTCTGTCAGCTGCAATTCAAACAGCCCT,582e349359e7621bd1da144332a467569a10189d3ed967bde395b62a286bdb8f,0.0360339503794621,ACCAGGAGGCATATAAGAGACCACGGCATGTCTCTGCCGTAAATTGGGGTTCTGCTATGTTTAATCGTGTTTTGAGATTCATGTACTAGAAAAAGGCCTGGGGCATTTGGACAGAAGACATAGTTACGATAGCAGCTACCTGTTATTGAGCACTTACTGTGAGCCCCAATTGCTCTGTCAGCTGCAATTCAAACAGCCCT,1daa9cb96a733b8449292ef890c2ab3b8bc8658bbb37485bfbf17fe1f05ed073,0.0291646159529546,ACCAGGAGGCATATAAGAGACCACGGCATGTCTCTGCCGTAAATTGGGGTTCTGCTATGTTTAATCGTGTTTTGAGATTCATGTACTAGAAAAAGGCCTAGGGCATTTGGACAGAAGACATAGTTACGATAGCAGCTACCTGTTATTGAGCACTTACTGTGAGCCCCAATTGCTCTGTCAGCTGCAATTCAAACAGCCCT,afc12e7d93897e53fa2059967010d8114047bb649a095c390b881d14a56bad4d,0.259427967668077,-0.1942294013356603,0.198748645674172,-387.780341940932,-381.9185542454943,-390.3671698663384,-385.95546772517264,1.4500855542719364,1.0,-0.1942294013356603,0.0,1,0.18384053453010996,0.18216460459877223,0.1501433469024087,0.11660048662861955,1.0
chr1:25586488:T:C;chr1:25586492:C:T;var1;middle;OL41|K562|84b70e1190cb8325,chr1:25586488:T:C;chr1:25586492:C:T;var1;middle;OL41,K562,K562_region_00042,100,104,4,AGGGGAGAACCTGGTTGCAGGACAAACAGACGGACAGCGTGTGGCAGTGTTTAAATGCTCTTCTGAAGGCTGATACGACAGCTCTCTGTGCACTGATTGTATACGCATCCCAAGATTATATTATTGTTTTCTATTGCTATGTGTCACACTTTGCCAAACAGGATGTGGAAAATGAATAAGCGGTTTTCTTAGGCACTTCT,ad2b883a1689afee760eb1020723a35b442e94c207914847c58ffb1c483e339f,0.0,AGGGGAGAACCTGGTTGCAGGACAAACAGACGGACAGCGTGTGGCAGTGTTTAAATGCTCTTCTGAAGGCTGATACGACAGCTCTCTGTGCACTGATTGCATACGCATCCCAAGATTATATTATTGTTTTCTATTGCTATGTGTCACACTTTGCCAAACAGGATGTGGAAAATGAATAAGCGGTTTTCTTAGGCACTTCT,ba478c6bb26ff58b68f34bffa13f34dd2f7be17ea8bf8e51f4142199046125cf,0.268553003669634,AGGGGAGAACCTGGTTGCAGGACAAACAGACGGACAGCGTGTGGCAGTGTTTAAATGCTCTTCTGAAGGCTGATACGACAGCTCTCTGTGCACTGATTGTATATGCATCCCAAGATTATATTATTGTTTTCTATTGCTATGTGTCACACTTTGCCAAACAGGATGTGGAAAATGAATAAGCGGTTTTCTTAGGCACTTCT,ce9dfc69cbcc27a5770d14619ceea1e2f28a30d1668f404de3bf667e48f972b8,0.46207466832251,AGGGGAGAACCTGGTTGCAGGACAAACAGACGGACAGCGTGTGGCAGTGTTTAAATGCTCTTCTGAAGGCTGATACGACAGCTCTCTGTGCACTGATTGCATATGCATCCCAAGATTATATTATTGTTTTCTATTGCTATGTGTCACACTTTGCCAAACAGGATGTGGAAAATGAATAAGCGGTTTTCTTAGGCACTTCT,84b70e1190cb8325919ae4cbff8d491ced6e624d50aaf1053463cdd2465dbd5f,0.561826453867908,0.1688012181242361,0.260539410286236,-295.67327379621565,-299.94788883812726,-295.87205643579364,-298.5532696265727,-1.593401851132512,1.0,0.1688012181242361,0.0,1,0.18074396910143575,0.18216460459877223,0.1501433469024087,0.2718053326420452,1.0
chr1:25891959:G:A;chr1:25891971:C:T;var1;middle;OL41|K562|6a982c20ff42797e,chr1:25891959:G:A;chr1:25891971:C:T;var1;middle;OL41,K562,K562_region_00043,100,112,12,GAGCTCACTGGGGAGGAAACCCCTTCCAGCGTTGTCCAGAGCTGTTAGAAAGTTCTTACTGTTGAGTCAAAAACTATTCCTGGTGGCTGCTCTGCCGCAGTCTGAGGTGAGCGAAACACACTGCAGCTCAAGTTGATTTCCTCCGACTTGAGGAGGCGTGGCCTTCAAAAATGGGCTTTTTTTTTTTTTTACAGGCTTTG,61f72d9e42c569615a996632095c6d7414918960fd753b65bc438e21ad197a8c,0.0,GAGCTCACTGGGGAGGAAACCCCTTCCAGCGTTGTCCAGAGCTGTTAGAAAGTTCTTACTGTTGAGTCAAAAACTATTCCTGGTGGCTGCTCTGCCGCAATCTGAGGTGAGCGAAACACACTGCAGCTCAAGTTGATTTCCTCCGACTTGAGGAGGCGTGGCCTTCAAAAATGGGCTTTTTTTTTTTTTTACAGGCTTTG,77e2ac8eb5210bb050231b1449a79f0d0e8cfe09fd78ba2c502998eef7541f09,-0.842971323788183,GAGCTCACTGGGGAGGAAACCCCTTCCAGCGTTGTCCAGAGCTGTTAGAAAGTTCTTACTGTTGAGTCAAAAACTATTCCTGGTGGCTGCTCTGCCGCAGTCTGAGGTGAGTGAAACACACTGCAGCTCAAGTTGATTTCCTCCGACTTGAGGAGGCGTGGCCTTCAAAAATGGGCTTTTTTTTTTTTTTACAGGCTTTG,f2deafa71e7700e982d90b1bfd33bb6ea7054d69f3943602175ec771740da244,-0.240084755374394,GAGCTCACTGGGGAGGAAACCCCTTCCAGCGTTGTCCAGAGCTGTTAGAAAGTTCTTACTGTTGAGTCAAAAACTATTCCTGGTGGCTGCTCTGCCGCAATCTGAGGTGAGTGAAACACACTGCAGCTCAAGTTGATTTCCTCCGACTTGAGGAGGCGTGGCCTTCAAAAATGGGCTTTTTTTTTTTTTTACAGGCTTTG,6a982c20ff42797e93e3ea8230a6baa6c7ddf598d06eab975580b08d83b016f7,-0.939830530874578,-0.1432255482879989,0.168512894290604,-273.24773266306147,-279.26163994171657,-276.19826283841394,-277.18814560282044,-5.024024514248595,1.0,-0.1432255482879989,0.0,4,0.16997249343178397,0.17620727786206916,0.145609630836647,-0.026300253682046082,1.0
chr1:25895526:G:A;chr1:25895599:T:C;var1;middle;OL41|K562|462b1904eaf71eef,chr1:25895526:G:A;chr1:25895599:T:C;var1;middle;OL41,K562,K562_region_00044,100,173,73,GCCCTTTGGGGATGGCAGCAGCAGTGACCACAGGCTGGGTGGGGCCGCGTGCCCAGGGGCAGCACTGAGTGGGGGTGATGGTCTTAGGTTCCTGGGGTTGAAGGCCCAGTGGGGCCCCCTTTTCACCCAGCAGCTGGGTGTGTGTGTGATGAGGTCACCTCTGGATGACTCATGGAGGCTACACCAGGGATCTGGTGCAT,f0a104a03d66a9bc8584cf0e3175c5e5f81ec648ec636b44aeb873e77fbf43fd,0.0,GCCCTTTGGGGATGGCAGCAGCAGTGACCACAGGCTGGGTGGGGCCGCGTGCCCAGGGGCAGCACTGAGTGGGGGTGATGGTCTTAGGTTCCTGGGGTTAAAGGCCCAGTGGGGCCCCCTTTTCACCCAGCAGCTGGGTGTGTGTGTGATGAGGTCACCTCTGGATGACTCATGGAGGCTACACCAGGGATCTGGTGCAT,ee3b9c0eda4c6b3e9e45fc8676e8e48142f602ab99072f2b30a90216ccdbf983,-0.124006098469198,GCCCTTTGGGGATGGCAGCAGCAGTGACCACAGGCTGGGTGGGGCCGCGTGCCCAGGGGCAGCACTGAGTGGGGGTGATGGTCTTAGGTTCCTGGGGTTGAAGGCCCAGTGGGGCCCCCTTTTCACCCAGCAGCTGGGTGTGTGTGTGATGAGGTCACCTCTGGATGACTCACGGAGGCTACACCAGGGATCTGGTGCAT,bae7d88e54d5ac19e388c612c4dbb27276760d6a485431a455b1265d0fabef51,-0.116782661882084,GCCCTTTGGGGATGGCAGCAGCAGTGACCACAGGCTGGGTGGGGCCGCGTGCCCAGGGGCAGCACTGAGTGGGGGTGATGGTCTTAGGTTCCTGGGGTTAAAGGCCCAGTGGGGCCCCCTTTTCACCCAGCAGCTGGGTGTGTGTGTGATGAGGTCACCTCTGGATGACTCACGGAGGCTACACCAGGGATCTGGTGCAT,462b1904eaf71eefedc880d135aa45c6fe95d9d4f68f7c12a958a06825ab85c9,-0.0058846673106841,0.2349040930405979,0.159249371428448,-281.1288689854555,-277.7929782856954,-287.43262780830264,-284.52342882053927,-0.426691711996682,-1.0,-0.2349040930405979,0.0,2,0.17457317073859566,0.17490732828716207,0.146091925319964,0.08919235620296201,1.0
chr1:25896021:A:G;chr1:25896065:T:C;var1;middle;OL41|K562|41bf8e58497bb5cd,chr1:25896021:A:G;chr1:25896065:T:C;var1;middle;OL41,K562,K562_region_00045,100,144,44,AGAGACTCAGGGTCTAGCCCTAGCTCTGCCACTTGGAGGCTGTGACACTTGATCAGTCACCTCTTGAGCCTTGATTTTCCCGTCTGTGAAAATGGTGCAATGACCTCCCCGCTTTTTACCACCCTGGGTTTTGTGTGACTCAGTGGTGACCATCATCACATTGTTGGTAGAACACTTGTGCATTCAGGTTATCTCAGAAC,5548b9ed569a41ce1ab592ea73bb2568f73b116309b2615b885f5b3eac31c4e2,0.0,AGAGACTCAGGGTCTAGCCCTAGCTCTGCCACTTGGAGGCTGTGACACTTGATCAGTCACCTCTTGAGCCTTGATTTTCCCGTCTGTGAAAATGGTGCAGTGACCTCCCCGCTTTTTACCACCCTGGGTTTTGTGTGACTCAGTGGTGACCATCATCACATTGTTGGTAGAACACTTGTGCATTCAGGTTATCTCAGAAC,9a4fb8a2bd439a8a652ce3fdee5f8a0eeb7eb75ffa9c96ed7a76c67cf1462460,0.154964760298022,AGAGACTCAGGGTCTAGCCCTAGCTCTGCCACTTGGAGGCTGTGACACTTGATCAGTCACCTCTTGAGCCTTGATTTTCCCGTCTGTGAAAATGGTGCAATGACCTCCCCGCTTTTTACCACCCTGGGTTTTGTGTGACTCAGCGGTGACCATCATCACATTGTTGGTAGAACACTTGTGCATTCAGGTTATCTCAGAAC,8ae9e2dc42efa3b4d5eecf67c8372931b5e953c7313b62abf38636455be7f972,1.2638932213686,AGAGACTCAGGGTCTAGCCCTAGCTCTGCCACTTGGAGGCTGTGACACTTGATCAGTCACCTCTTGAGCCTTGATTTTCCCGTCTGTGAAAATGGTGCAGTGACCTCCCCGCTTTTTACCACCCTGGGTTTTGTGTGACTCAGCGGTGACCATCATCACATTGTTGGTAGAACACTTGTGCATTCAGGTTATCTCAGAAC,41bf8e58497bb5cda11b49e91eba2ba5aa001b69679b2d60d0aaf4068af9dd04,1.52949270814364,-0.110634726477018,0.413993148082301,-307.5192268131068,-304.4856128562242,-306.8434034343809,-305.04609145224094,1.2363019747426733,1.0,-0.110634726477018,0.0,1,0.18362302259284582,0.18216460459877223,0.1501433469024087,-0.04141022007376391,1.0
chr1:26504697:A:G;chr1:26504741:G:A;var1;middle;OL41|K562|b51f5122157ad93c,chr1:26504697:A:G;chr1:26504741:G:A;var1;middle;OL41,K562,K562_region_00046,100,144,44,AGAAGGGGGCCCCTCATCATGGCAGTAGCCCAAGAGGCCTCTAGGGTGATAATGGGGAGGCGGTGTCATGAAAACAGGAGGGAGGCCTGACAGGCCCACACCCACTGTATCTCCTTCATCTTCCCTGGCCCCAGGGCCAGTGGGCTGTTGTTAAATCCGTTTCTTAGAGTCAGAAACTGACACACAGAGCCAGGAAATGA,e50d6b279980e1890608423f102c0b19fd69730f9b9f45379f488fb8caa93991,0.0,AGAAGGGGGCCCCTCATCATGGCAGTAGCCCAAGAGGCCTCTAGGGTGATAATGGGGAGGCGGTGTCATGAAAACAGGAGGGAGGCCTGACAGGCCCACGCCCACTGTATCTCCTTCATCTTCCCTGGCCCCAGGGCCAGTGGGCTGTTGTTAAATCCGTTTCTTAGAGTCAGAAACTGACACACAGAGCCAGGAAATGA,803aa139a62520b9dd3a8330fdd82a0f5e0c0608c7823ce011955297085c80a7,0.304115704717362,AGAAGGGGGCCCCTCATCATGGCAGTAGCCCAAGAGGCCTCTAGGGTGATAATGGGGAGGCGGTGTCATGAAAACAGGAGGGAGGCCTGACAGGCCCACACCCACTGTATCTCCTTCATCTTCCCTGGCCCCAGGGCCAGTGGACTGTTGTTAAATCCGTTTCTTAGAGTCAGAAACTGACACACAGAGCCAGGAAATGA,5b3e49664a81da54be437e74ac29a60114177d757c7fda0e18d00d410d1d669f,-0.118796323288747,AGAAGGGGGCCCCTCATCATGGCAGTAGCCCAAGAGGCCTCTAGGGTGATAATGGGGAGGCGGTGTCATGAAAACAGGAGGGAGGCCTGACAGGCCCACGCCCACTGTATCTCCTTCATCTTCCCTGGCCCCAGGGCCAGTGGACTGTTGTTAAATCCGTTTCTTAGAGTCAGAAACTGACACACAGAGCCAGGAAATGA,b51f5122157ad93c146051c0ac8a37b8e178bddff1c09a34665f9d5d7d408d92,0.176561642866,-0.0087577385626149,0.18057383879473,-268.9595489487984,-270.0005297511816,-288.1584620629437,-290.70703524071723,-1.5075923753902885,-1.0,0.0087577385626149,0.0,3,0.17843642515831418,0.18106719778262317,0.1474303780702046,0.24401248437277406,1.0
chr1:26504697:A:G;chr1:26504756:G:A;var1;middle;OL41|K562|904ff81cd6716772,chr1:26504697:A:G;chr1:26504756:G:A;var1;middle;OL41,K562,K562_region_00046,100,159,59,AGAAGGGGGCCCCTCATCATGGCAGTAGCCCAAGAGGCCTCTAGGGTGATAATGGGGAGGCGGTGTCATGAAAACAGGAGGGAGGCCTGACAGGCCCACACCCACTGTATCTCCTTCATCTTCCCTGGCCCCAGGGCCAGTGGGCTGTTGTTAAATCCGTTTCTTAGAGTCAGAAACTGACACACAGAGCCAGGAAATGA,e50d6b279980e1890608423f102c0b19fd69730f9b9f45379f488fb8caa93991,0.0,AGAAGGGGGCCCCTCATCATGGCAGTAGCCCAAGAGGCCTCTAGGGTGATAATGGGGAGGCGGTGTCATGAAAACAGGAGGGAGGCCTGACAGGCCCACGCCCACTGTATCTCCTTCATCTTCCCTGGCCCCAGGGCCAGTGGGCTGTTGTTAAATCCGTTTCTTAGAGTCAGAAACTGACACACAGAGCCAGGAAATGA,803aa139a62520b9dd3a8330fdd82a0f5e0c0608c7823ce011955297085c80a7,0.304134394072072,AGAAGGGGGCCCCTCATCATGGCAGTAGCCCAAGAGGCCTCTAGGGTGATAATGGGGAGGCGGTGTCATGAAAACAGGAGGGAGGCCTGACAGGCCCACACCCACTGTATCTCCTTCATCTTCCCTGGCCCCAGGGCCAGTGGGCTGTTGTTAAATCCATTTCTTAGAGTCAGAAACTGACACACAGAGCCAGGAAATGA,1402770aa09cea029e9a053b6e35bf6bbab535b6ac0399c3bd5b509aec30d722,0.514696441571393,AGAAGGGGGCCCCTCATCATGGCAGTAGCCCAAGAGGCCTCTAGGGTGATAATGGGGAGGCGGTGTCATGAAAACAGGAGGGAGGCCTGACAGGCCCACGCCCACTGTATCTCCTTCATCTTCCCTGGCCCCAGGGCCAGTGGGCTGTTGTTAAATCCATTTCTTAGAGTCAGAAACTGACACACAGAGCCAGGAAATGA,904ff81cd6716772f577cc07aa36489b4e660765b01ff52e264c3f4701270147,0.744813411758894,0.074017423884571,0.169066254513073,-268.9595489487984,-270.0005297511816,-256.764915836975,-256.4025204605423,-1.403376178815904,1.0,0.074017423884571,0.0,3,0.1786463359011208,0.18106719778262317,0.1474303780702046,0.2393215696486294,1.0
chr1:26504741:G:A;chr1:26504756:G:A;var1;middle;OL41|K562|49c87e3f8e94f612,chr1:26504741:G:A;chr1:26504756:G:A;var1;middle;OL41,K562,K562_region_00046,100,115,15,GGTGATAATGGGGAGGCGGTGTCATGAAAACAGGAGGGAGGCCTGACAGGCCCACACCCACTGTATCTCCTTCATCTTCCCTGGCCCCAGGGCCAGTGGGCTGTTGTTAAATCCGTTTCTTAGAGTCAGAAACTGACACACAGAGCCAGGAAATGATTTGCTCAGTCTCTGGTGTCATTTTCCCCGCTCCACACCCTGAG,ad12dc8593061907c9bfb6c6076b2ab93d1dcf583cea4ccb42e2f775c790f459,0.0,GGTGATAATGGGGAGGCGGTGTCATGAAAACAGGAGGGAGGCCTGACAGGCCCACACCCACTGTATCTCCTTCATCTTCCCTGGCCCCAGGGCCAGTGGACTGTTGTTAAATCCGTTTCTTAGAGTCAGAAACTGACACACAGAGCCAGGAAATGATTTGCTCAGTCTCTGGTGTCATTTTCCCCGCTCCACACCCTGAG,3356eed3f3d6d34a88d6aaad2fd4952824e0420e1fc585199dacf9795502c1af,0.0309715613225062,GGTGATAATGGGGAGGCGGTGTCATGAAAACAGGAGGGAGGCCTGACAGGCCCACACCCACTGTATCTCCTTCATCTTCCCTGGCCCCAGGGCCAGTGGGCTGTTGTTAAATCCATTTCTTAGAGTCAGAAACTGACACACAGAGCCAGGAAATGATTTGCTCAGTCTCTGGTGTCATTTTCCCCGCTCCACACCCTGAG,9d97a0edde0e41c3ae698c707aa7d14bdb081aaff74508a14816697d2b8edcf9,0.803158706708594,GGTGATAATGGGGAGGCGGTGTCATGAAAACAGGAGGGAGGCCTGACAGGCCCACACCCACTGTATCTCCTTCATCTTCCCTGGCCCCAGGGCCAGTGGACTGTTGTTAAATCCATTTCTTAGAGTCAGAAACTGACACACAGAGCCAGGAAATGATTTGCTCAGTCTCTGGTGTCATTTTCCCCGCTCCACACCCTGAG,49c87e3f8e94f612bc9d3acb7d63c4ccfbea6f3d0dcb2163f3d67c9a692124ae,0.737188694374507,0.0969415736565932,0.190680308729664,-256.59446489810944,-259.87234707176685,-233.69295719265932,-241.64057962596416,4.669740259647426,1.0,0.0969415736565932,0.0,3,0.1908787184352415,0.18106719778262317,0.1474303780702046,0.3148085623029154,1.0
chr1:28575121:T:G;chr1:28575140:T:G;var1;middle;OL41|K562|676a834d75b98c75,chr1:28575121:T:G;chr1:28575140:T:G;var1;middle;OL41,K562,K562_region_00047,100,119,19,GACCTTTACTTAGCTGTTGCCTGGCCTCTTTTCAAGACCTTCAGGCGGTGACATGGACCCTAACAATCCTATAAACTCAAAACGGTTTGGGCCAGCCCTTTCCTACTCCATTCTGACTTAGCTATAGCAGGATCTGGCCTGCAGGGGGCGTTGAGGAACCACTCAGCCGACAAAACTAAACTAAATCAACCAAGCAATTT,b0493c027a363713d0563b57c07261d7e7f0f4b2dda239a615f5e19854356555,0.0,GACCTTTACTTAGCTGTTGCCTGGCCTCTTTTCAAGACCTTCAGGCGGTGACATGGACCCTAACAATCCTATAAACTCAAAACGGTTTGGGCCAGCCCTGTCCTACTCCATTCTGACTTAGCTATAGCAGGATCTGGCCTGCAGGGGGCGTTGAGGAACCACTCAGCCGACAAAACTAAACTAAATCAACCAAGCAATTT,89c4b04cfccbd3465a2c9184f7ca66994f1eb8fe628c2e22c41485ad4177fb62,-0.0918943100933086,GACCTTTACTTAGCTGTTGCCTGGCCTCTTTTCAAGACCTTCAGGCGGTGACATGGACCCTAACAATCCTATAAACTCAAAACGGTTTGGGCCAGCCCTTTCCTACTCCATTCTGACTGAGCTATAGCAGGATCTGGCCTGCAGGGGGCGTTGAGGAACCACTCAGCCGACAAAACTAAACTAAATCAACCAAGCAATTT,d2601179771d56c452dbf3fa38b175bf7c86b267b9724426ba1b56904d8f3549,0.109256459975692,GACCTTTACTTAGCTGTTGCCTGGCCTCTTTTCAAGACCTTCAGGCGGTGACATGGACCCTAACAATCCTATAAACTCAAAACGGTTTGGGCCAGCCCTGTCCTACTCCATTCTGACTGAGCTATAGCAGGATCTGGCCTGCAGGGGGCGTTGAGGAACCACTCAGCCGACAAAACTAAACTAAATCAACCAAGCAATTT,676a834d75b98c75f4dacd4995118e1ff6347bc1e7d2ce555e89644757a9d94b,0.0655939039419574,0.048231754059574,0.208062445894975,-410.89079812821,-410.0044413595461,-384.80236799130216,-382.8563676987542,1.0596435238840058,-1.0,-0.048231754059574,0.0,0,0.18713704793248362,0.18565657667894103,0.15145376406925343,0.28023030864592735,1.0
chr1:32712450:G:A;chr1:32712515:C:T;var1;middle;OL41|K562|6f7de35f9522d5cf,chr1:32712450:G:A;chr1:32712515:C:T;var1;middle;OL41,K562,K562_region_00048,100,165,65,GCCCATCCACAGCTCTGTCCTTCTCCTGCAGGCAGCCCTTGAGGGCTCCTTAGAGTATTAGCTTGAAATCCTTCATCTGTCCCAACAGAGCTCTGAGAAGGTCAGTGACTTGCCCAAGGTTCTGCAGAGCCAGCACTAGAACTCAGGTCTCCTGACTCCCAGGCCAGGGCCCTGGAGGCTAGTCCTTTCCTGAAGGGCTG,09ec387483928ddeadccfb54bf8b4cc50f277135d5831560d8d9776317e5a87a,0.0,GCCCATCCACAGCTCTGTCCTTCTCCTGCAGGCAGCCCTTGAGGGCTCCTTAGAGTATTAGCTTGAAATCCTTCATCTGTCCCAACAGAGCTCTGAGAAAGTCAGTGACTTGCCCAAGGTTCTGCAGAGCCAGCACTAGAACTCAGGTCTCCTGACTCCCAGGCCAGGGCCCTGGAGGCTAGTCCTTTCCTGAAGGGCTG,f69fa7abc1b71fa248b1b772e24b573da12668e37e5c0a368d843de8f4d54aef,0.239902283638023,GCCCATCCACAGCTCTGTCCTTCTCCTGCAGGCAGCCCTTGAGGGCTCCTTAGAGTATTAGCTTGAAATCCTTCATCTGTCCCAACAGAGCTCTGAGAAGGTCAGTGACTTGCCCAAGGTTCTGCAGAGCCAGCACTAGAACTCAGGTCTCCTGACTCCCAGGCTAGGGCCCTGGAGGCTAGTCCTTTCCTGAAGGGCTG,a494830dac591324d161348f5b3bac908507eeff7cc5984b39c2f0ae4bcb9712,0.11653295717116,GCCCATCCACAGCTCTGTCCTTCTCCTGCAGGCAGCCCTTGAGGGCTCCTTAGAGTATTAGCTTGAAATCCTTCATCTGTCCCAACAGAGCTCTGAGAAAGTCAGTGACTTGCCCAAGGTTCTGCAGAGCCAGCACTAGAACTCAGGTCTCCTGACTCCCAGGCTAGGGCCCTGGAGGCTAGTCCTTTCCTGAAGGGCTG,6f7de35f9522d5cf07e16657cb8ed6c23e2c1cb258f1ff1730d1a4e23c733975,-0.0008943941378928,0.3573296349470757,0.26352396406305,-185.66778866574168,-187.5093182772398,-188.90159413218493,-190.66761922836304,-0.0755045153200058,1.0,0.3573296349470757,0.0,0,0.18567907695490665,0.18565657667894103,0.15145376406925343,0.026424535176632236,1.0
chr1:33910932:G:C;chr1:33910937:A:G;var1;middle;OL28|K562|86465b90aeaf2122,chr1:33910932:G:C;chr1:33910937:A:G;var1;middle;OL28,K562,K562_region_00049,100,105,5,TACACTATCTATGACTGGATCCAAGGTGGCTATGGGTCCTCCGCAGGCTGGATGCACGGGTCATCACGGCGCACATCACATCCTGCTTCTGTCCTTCCTGCTGGACCCTGCAGGAAGTTTTGGTTTCCCTAGCACTTAGTTTTGGTTTCCCTAGCACTTGGGCATGGACATGGTCCATTGTAGCTTCATTAGCTCTCTCT,178371befa5a0abee205c3aeed6a5615c7bb91b90c99492646d636bb2284ce3e,0.0,TACACTATCTATGACTGGATCCAAGGTGGCTATGGGTCCTCCGCAGGCTGGATGCACGGGTCATCACGGCGCACATCACATCCTGCTTCTGTCCTTCCTCCTGGACCCTGCAGGAAGTTTTGGTTTCCCTAGCACTTAGTTTTGGTTTCCCTAGCACTTGGGCATGGACATGGTCCATTGTAGCTTCATTAGCTCTCTCT,e3cd4e1e0974088ab1ce9fc05cf43ffa2523344e6eecb149b31feb12c6942136,-0.19617324306356,TACACTATCTATGACTGGATCCAAGGTGGCTATGGGTCCTCCGCAGGCTGGATGCACGGGTCATCACGGCGCACATCACATCCTGCTTCTGTCCTTCCTGCTGGGCCCTGCAGGAAGTTTTGGTTTCCCTAGCACTTAGTTTTGGTTTCCCTAGCACTTGGGCATGGACATGGTCCATTGTAGCTTCATTAGCTCTCTCT,6766726935c33df93f29090e73167bba826ad5d647b8b2f4651142038436c4de,0.207904079219519,TACACTATCTATGACTGGATCCAAGGTGGCTATGGGTCCTCCGCAGGCTGGATGCACGGGTCATCACGGCGCACATCACATCCTGCTTCTGTCCTTCCTCCTGGGCCCTGCAGGAAGTTTTGGTTTCCCTAGCACTTAGTTTTGGTTTCCCTAGCACTTGGGCATGGACATGGTCCATTGTAGCTTCATTAGCTCTCTCT,86465b90aeaf2122df59979159648e01a29ea21fa427706239fe4eb236da3b2c,-0.0876167092868711,-0.0993475454428301,0.171267025645861,-227.29723001737148,-226.6862830985337,-226.8415424991399,-226.559121273458,-0.328525693155882,-1.0,0.0993475454428301,0.0,2,0.17471610839892898,0.17490732828716207,0.146091925319964,0.20021081724802703,1.0
chr1:3691490:G:A;chr1:3691528:A:G;var1;middle;OL41|K562|4a2b921459ad8c18,chr1:3691490:G:A;chr1:3691528:A:G;var1;middle;OL41,K562,K562_region_00012,100,138,38,CTAGCTGTACCAGCCGCTGCCCCGGACCTGCTGCCCTGCCCCACCCCCCCCTCCCCTGGCCAGCCTCCCCAGAGGCCAGAAGGCGCCTTATCGGGCAGGGTTAAGGAGGGGGACAGTTATCAGGGGCTGCAGCCTAGATTGGGCCACAATGTCCTCGTCTCTTGAGGGTGGCAGGCTGTGCAGGCTCCCTGATAAAAGCA,0533c8d14b79e334b99666012fcecf0d0596e102415505b20e42af341d50264c,0.0,CTAGCTGTACCAGCCGCTGCCCCGGACCTGCTGCCCTGCCCCACCCCCCCCTCCCCTGGCCAGCCTCCCCAGAGGCCAGAAGGCGCCTTATCGGGCAGGATTAAGGAGGGGGACAGTTATCAGGGGCTGCAGCCTAGATTGGGCCACAATGTCCTCGTCTCTTGAGGGTGGCAGGCTGTGCAGGCTCCCTGATAAAAGCA,215fadeb6aad48aaa2822c17d87c3b8804676d0a46105943759ed847712ee633,-0.0259517388754411,CTAGCTGTACCAGCCGCTGCCCCGGACCTGCTGCCCTGCCCCACCCCCCCCTCCCCTGGCCAGCCTCCCCAGAGGCCAGAAGGCGCCTTATCGGGCAGGGTTAAGGAGGGGGACAGTTATCAGGGGCTGCAGCCTAGGTTGGGCCACAATGTCCTCGTCTCTTGAGGGTGGCAGGCTGTGCAGGCTCCCTGATAAAAGCA,f467de4fe58b89e371711a6df3bcb902dabf4bb929dbf9936a4671114d0df650,0.855559902997316,CTAGCTGTACCAGCCGCTGCCCCGGACCTGCTGCCCTGCCCCACCCCCCCCTCCCCTGGCCAGCCTCCCCAGAGGCCAGAAGGCGCCTTATCGGGCAGGATTAAGGAGGGGGACAGTTATCAGGGGCTGCAGCCTAGGTTGGGCCACAATGTCCTCGTCTCTTGAGGGTGGCAGGCTGTGCAGGCTCCCTGATAAAAGCA,4a2b921459ad8c184dd16ca85ae76a5a558801983ed4d539b678d0d755ac4874,0.779180371216885,-0.0504277929049898,0.295452982967892,-253.93772502988577,-256.3870812058449,-250.01435010880232,-258.67124316096306,-6.20753687620163,-1.0,0.0504277929049898,0.0,3,0.16896986550881596,0.18106719778262317,0.1474303780702046,0.22601748539315686,1.0
chr1:38243785:G:A;chr1:38243865:G:C;var1;middle;OL41|K562|ee0a572ca870d97f,chr1:38243785:G:A;chr1:38243865:G:C;var1;middle;OL41,K562,K562_region_00050,100,180,80,AAAAAAAGACATTGTTTTGGAAATTCTAATTATTTTTTAGTCATTGTATGCCAGGAAGCAGGATCAAAGACCAAATACATTATTTCACAATATCATAGAGGACACTGCCCAGGAACTCAACGAGCTGGATTACTGTGACTCCCACAGTTGTCAATGCCCAGTGCCAGAAGATTTACAAGGAGTGGGAAACCCTGTACTCT,a496fb0f010081f91c08a2bc1c82f2d0fa46c503af568e8e9fff8ad9de141e46,0.0,AAAAAAAGACATTGTTTTGGAAATTCTAATTATTTTTTAGTCATTGTATGCCAGGAAGCAGGATCAAAGACCAAATACATTATTTCACAATATCATAGAAGACACTGCCCAGGAACTCAACGAGCTGGATTACTGTGACTCCCACAGTTGTCAATGCCCAGTGCCAGAAGATTTACAAGGAGTGGGAAACCCTGTACTCT,9dc69e1be92b7438462ccccf9503949beae211a182305f088adaa6a10513f01e,0.0642322913926809,AAAAAAAGACATTGTTTTGGAAATTCTAATTATTTTTTAGTCATTGTATGCCAGGAAGCAGGATCAAAGACCAAATACATTATTTCACAATATCATAGAGGACACTGCCCAGGAACTCAACGAGCTGGATTACTGTGACTCCCACAGTTGTCAATGCCCAGTGCCAGAAGATTTACAAGCAGTGGGAAACCCTGTACTCT,8138774b27242277cbeca9c3891cf34f752622ca677e23a08e397785f3b6fcb4,-0.0590536252808227,AAAAAAAGACATTGTTTTGGAAATTCTAATTATTTTTTAGTCATTGTATGCCAGGAAGCAGGATCAAAGACCAAATACATTATTTCACAATATCATAGAAGACACTGCCCAGGAACTCAACGAGCTGGATTACTGTGACTCCCACAGTTGTCAATGCCCAGTGCCAGAAGATTTACAAGCAGTGGGAAACCCTGTACTCT,ee0a572ca870d97f1c3f1fdd22a768d987ddade4b8eb348e31d9bfd1546a23d3,-0.22004677371397,0.2252254398258282,0.436915705361072,-339.42925346270204,-340.0743571314961,-339.8474031407386,-340.04178289324045,-0.45072391629219055,1.0,0.2252254398258282,0.0,3,0.1805651541907524,0.18106719778262317,0.1474303780702046,0.18496531520870763,1.0
chr1:43232798:G:T;chr1:43232807:C:G;var1;middle;OL41|K562|5cc063e9d11a6462,chr1:43232798:G:T;chr1:43232807:C:G;var1;middle;OL41,K562,K562_region_00051,100,109,9,CCCCCGGCGAAGGCCCGCCCCCGGGCGAAGCCCCACCTTCCAAGCCGGGCGGCGCATGCCCACGAGGCTTGCACCGCCTCTTTTCCTTTCAGTCAGCCCGGATCCCCCCACCGGCCCTCAGCGAATCCCGGCGCGTCAGCCGGAGCCCCGCCTCCGAGCTCAGGCCTTGCTCAGTCGAACTGACGCCCAGTAGACAAGAA,9b4b10407df4e22252cc7d0cbad5ca55e8e44b79a57823f7b8849ba035121ce0,0.0,CCCCCGGCGAAGGCCCGCCCCCGGGCGAAGCCCCACCTTCCAAGCCGGGCGGCGCATGCCCACGAGGCTTGCACCGCCTCTTTTCCTTTCAGTCAGCCCTGATCCCCCCACCGGCCCTCAGCGAATCCCGGCGCGTCAGCCGGAGCCCCGCCTCCGAGCTCAGGCCTTGCTCAGTCGAACTGACGCCCAGTAGACAAGAA,a53ef66a60208fab379426cb0f5986ee6cdeec350ef35ad1035e36ac9f12bf69,0.111197291365473,CCCCCGGCGAAGGCCCGCCCCCGGGCGAAGCCCCACCTTCCAAGCCGGGCGGCGCATGCCCACGAGGCTTGCACCGCCTCTTTTCCTTTCAGTCAGCCCGGATCCCCCGACCGGCCCTCAGCGAATCCCGGCGCGTCAGCCGGAGCCCCGCCTCCGAGCTCAGGCCTTGCTCAGTCGAACTGACGCCCAGTAGACAAGAA,d4ee5b1dec2c675aa1662d401dcc473a4410f3edce904e44d280b708def82090,-0.297270094924719,CCCCCGGCGAAGGCCCGCCCCCGGGCGAAGCCCCACCTTCCAAGCCGGGCGGCGCATGCCCACGAGGCTTGCACCGCCTCTTTTCCTTTCAGTCAGCCCTGATCCCCCGACCGGCCCTCAGCGAATCCCGGCGCGTCAGCCGGAGCCCCGCCTCCGAGCTCAGGCCTTGCTCAGTCGAACTGACGCCCAGTAGACAAGAA,5cc063e9d11a646266f5d7da187256ba12c1952ffb438362abd039f9513e17f2,-0.310052120254925,0.123979316695679,0.216564328091374,-369.2892357381061,-345.7447390416637,-371.187781308312,-365.0064388867468,17.363154274877218,1.0,0.123979316695679,0.0,2,0.2004766248368776,0.17490732828716207,0.146091925319964,0.19327606244793152,1.0
chr1:43296173:C:T;chr1:43296195:C:T;var1;middle;OL41|K562|8ad87b459bf2fbd5,chr1:43296173:C:T;chr1:43296195:C:T;var1;middle;OL41,K562,K562_region_00052,100,122,22,CCCATCAGCCCGCTTGTGCTGTCTCCCTCTGTCTGTCCTAGTTCGGATGGAGATGGCGAGTTCTGCTGGCTCCTGGCTCTCTGGCTGCCTCATCCCTCTCGTCTTCCTCCGGCTGTCTGTGCATGTGTCAGGTAGGAGTTTCTGATCCTCTTTCCCTGCCTGGTACATGTGATATTGGCGTCCCCAGAATAAGGAAGCTT,43393e3dfc5d3110505d80d6af8075261ef5166cfc350e4bec8425a09b00f774,0.0,CCCATCAGCCCGCTTGTGCTGTCTCCCTCTGTCTGTCCTAGTTCGGATGGAGATGGCGAGTTCTGCTGGCTCCTGGCTCTCTGGCTGCCTCATCCCTCTTGTCTTCCTCCGGCTGTCTGTGCATGTGTCAGGTAGGAGTTTCTGATCCTCTTTCCCTGCCTGGTACATGTGATATTGGCGTCCCCAGAATAAGGAAGCTT,adcf6a03ca0ddcc72964cf037a92b32e01464f560a39b21e3497178d17f8f1fa,0.0056523157346998,CCCATCAGCCCGCTTGTGCTGTCTCCCTCTGTCTGTCCTAGTTCGGATGGAGATGGCGAGTTCTGCTGGCTCCTGGCTCTCTGGCTGCCTCATCCCTCTCGTCTTCCTCCGGCTGTCTGTGTATGTGTCAGGTAGGAGTTTCTGATCCTCTTTCCCTGCCTGGTACATGTGATATTGGCGTCCCCAGAATAAGGAAGCTT,00fdd04fc0020c36744d6de27fda9055ff2df765a4453f944b84cab5dcca692f,0.22734841166136,CCCATCAGCCCGCTTGTGCTGTCTCCCTCTGTCTGTCCTAGTTCGGATGGAGATGGCGAGTTCTGCTGGCTCCTGGCTCTCTGGCTGCCTCATCCCTCTTGTCTTCCTCCGGCTGTCTGTGTATGTGTCAGGTAGGAGTTTCTGATCCTCTTTCCCTGCCTGGTACATGTGATATTGGCGTCCCCAGAATAAGGAAGCTT,8ad87b459bf2fbd5c430f926788bb74db9aac160fc2cd690c006dda2d6b9b533,-0.141538219110131,0.3745389465061908,0.300355253861157,-385.0583008476533,-393.5655711409636,-377.5313696945086,-385.9946292662062,-0.04401072161272168,1.0,0.3745389465061908,0.0,1,0.18232038141010698,0.18216460459877223,0.1501433469024087,0.09588466912504963,1.0
chr1:43804305:G:C;chr1:43804340:G:A;var1;middle;OL27|K562|aa10cd0f10c892a8,chr1:43804305:G:C;chr1:43804340:G:A;var1;middle;OL27,K562,K562_region_00053,100,135,35,CCAACAGGGAGAAGCCCCGTGCTTGCCCCCTGAGTTCCCAGAGCATGCCCCACTTTGGAACCCGATACGTGTGCCAGTTTCCAGACCAGGAGGAAGTGCGTCTCTTCTTTCCGCTGCACCTCTGGGTGAAGAATGTGTTCCTAAACCAGACTCGGACTCAGCGAGTCCTCTTTGTGGACAGTGTAGGTAAGAGCCATCCT,96aa13250417fbfd1c9b7827ad5ef8be4bea32a16b95bbe37059b9e383c6cbc8,0.0,CCAACAGGGAGAAGCCCCGTGCTTGCCCCCTGAGTTCCCAGAGCATGCCCCACTTTGGAACCCGATACGTGTGCCAGTTTCCAGACCAGGAGGAAGTGCCTCTCTTCTTTCCGCTGCACCTCTGGGTGAAGAATGTGTTCCTAAACCAGACTCGGACTCAGCGAGTCCTCTTTGTGGACAGTGTAGGTAAGAGCCATCCT,7da95602d22df46b0d87259605346366ad8ab5ad88c2b957e3881bd447fb6121,-0.0805568175593454,CCAACAGGGAGAAGCCCCGTGCTTGCCCCCTGAGTTCCCAGAGCATGCCCCACTTTGGAACCCGATACGTGTGCCAGTTTCCAGACCAGGAGGAAGTGCGTCTCTTCTTTCCGCTGCACCTCTGGGTGAAGAATATGTTCCTAAACCAGACTCGGACTCAGCGAGTCCTCTTTGTGGACAGTGTAGGTAAGAGCCATCCT,fcabd355f0fc994414a3185077efa2e4cc5267166a5fb42922bbc92fab8db108,-0.18103778817463,CCAACAGGGAGAAGCCCCGTGCTTGCCCCCTGAGTTCCCAGAGCATGCCCCACTTTGGAACCCGATACGTGTGCCAGTTTCCAGACCAGGAGGAAGTGCCTCTCTTCTTTCCGCTGCACCTCTGGGTGAAGAATATGTTCCTAAACCAGACTCGGACTCAGCGAGTCCTCTTTGTGGACAGTGTAGGTAAGAGCCATCCT,aa10cd0f10c892a8850fb1e11535b383a8b08c184240d09b98ae3c16964db39c,-0.268182788752701,0.0065881830187256,0.169906922215674,-338.4332820052514,-347.0144558409229,-339.69605856435373,-347.1048628468998,-1.1723695531254634,1.0,0.0065881830187256,0.0,0,0.18427027622036932,0.18565657667894103,0.15145376406925343,0.17459411425269367,1.0
chr1:45142209:A:G;chr1:45142295:T:G;var1;middle;OL41|K562|418fd902a66cc1e2,chr1:45142209:A:G;chr1:45142295:T:G;var1;middle;OL41,K562,K562_region_00054,100,186,86,AGTCAGAAGAGACCTAGGACAGAGCCCTGAGAAACACCCAAGTTTGAGGGTCTGGCAAAGGAGGACGAACCTGCAAAGGTAATCAAGATGAAGTGTCCAAAATGGTAAGAAGATCAGTAGTAGTATGTGGTGTTTCAGAAGCCAAGGAAGGAAAGTGTTGAAGGCTTATGACTAATCAAGTAAAATAAGGCCTGAAAGAA,265fb7205aa042a9c233d08304857eed48bee0fcd9d146ec5e97e5d831a04d28,0.0,AGTCAGAAGAGACCTAGGACAGAGCCCTGAGAAACACCCAAGTTTGAGGGTCTGGCAAAGGAGGACGAACCTGCAAAGGTAATCAAGATGAAGTGTCCAGAATGGTAAGAAGATCAGTAGTAGTATGTGGTGTTTCAGAAGCCAAGGAAGGAAAGTGTTGAAGGCTTATGACTAATCAAGTAAAATAAGGCCTGAAAGAA,f01457018e79f0eb0c575995d19e9da4050543988eb9b950809c9a16959cd094,-0.0427444799135262,AGTCAGAAGAGACCTAGGACAGAGCCCTGAGAAACACCCAAGTTTGAGGGTCTGGCAAAGGAGGACGAACCTGCAAAGGTAATCAAGATGAAGTGTCCAAAATGGTAAGAAGATCAGTAGTAGTATGTGGTGTTTCAGAAGCCAAGGAAGGAAAGTGTTGAAGGCTTATGACTAATCAAGTAAAAGAAGGCCTGAAAGAA,46d404dd3bff1f6d6416681198ebc09077ad168445f37a6ab0064f00c4ed1cb4,-0.0291390967323994,AGTCAGAAGAGACCTAGGACAGAGCCCTGAGAAACACCCAAGTTTGAGGGTCTGGCAAAGGAGGACGAACCTGCAAAGGTAATCAAGATGAAGTGTCCAGAATGGTAAGAAGATCAGTAGTAGTATGTGGTGTTTCAGAAGCCAAGGAAGGAAAGTGTTGAAGGCTTATGACTAATCAAGTAAAAGAAGGCCTGAAAGAA,418fd902a66cc1e2d365aa601e09cfbd53238773f18d76437a7f6952f42cb319,-0.0156638919672476,0.0562196846786779,0.378887656022115,-281.5113513804972,-284.2729867431335,-282.66647301777266,-283.8625643765554,1.5655440038535744,-1.0,-0.0562196846786779,0.0,1,0.18395800655998856,0.18216460459877223,0.1501433469024087,-0.0756655610106367,1.0
chr1:46037357:C:T;chr1:46037394:T:C;var1;middle;OL28|K562|c28679eacfd2d96a,chr1:46037357:C:T;chr1:46037394:T:C;var1;middle;OL28,K562,K562_region_00055,100,137,37,AATTCTTGGCCTCCCAAAGTGTTGGGATTACACGTGTGAGCCACTACACCCAGCCGCTTCCAAATCTTTGTGAACAGTGCTGCAACAAACATGGAAGTGCAGATCTCTCTGATACACTCATTTCCTTTCTTTTGGGTATATACTCAGCAGTGAGATTGCTGGATCATATCGTAGCTCTATTTTTAGTTTTTTGAGAAACC,fe979d879ab0a21ec3210ac73f0c719d5d51e3954ada27ed926958dbbde2b84e,0.0,AATTCTTGGCCTCCCAAAGTGTTGGGATTACACGTGTGAGCCACTACACCCAGCCGCTTCCAAATCTTTGTGAACAGTGCTGCAACAAACATGGAAGTGTAGATCTCTCTGATACACTCATTTCCTTTCTTTTGGGTATATACTCAGCAGTGAGATTGCTGGATCATATCGTAGCTCTATTTTTAGTTTTTTGAGAAACC,17ff9987d970be36180ebd28ade36337ba7174f8833e1d48cf1d2f8dea75ea33,-0.248671721640002,AATTCTTGGCCTCCCAAAGTGTTGGGATTACACGTGTGAGCCACTACACCCAGCCGCTTCCAAATCTTTGTGAACAGTGCTGCAACAAACATGGAAGTGCAGATCTCTCTGATACACTCATTTCCTTTCTTTTGGGCATATACTCAGCAGTGAGATTGCTGGATCATATCGTAGCTCTATTTTTAGTTTTTTGAGAAACC,3ae305bac9806639b6d92bd2f581cd66099651c6c41a404af433f7938887ebd7,-0.176082899447236,AATTCTTGGCCTCCCAAAGTGTTGGGATTACACGTGTGAGCCACTACACCCAGCCGCTTCCAAATCTTTGTGAACAGTGCTGCAACAAACATGGAAGTGTAGATCTCTCTGATACACTCATTTCCTTTCTTTTGGGCATATACTCAGCAGTGAGATTGCTGGATCATATCGTAGCTCTATTTTTAGTTTTTTGAGAAACC,c28679eacfd2d96a1385f91cef8a1d43070d712296749ecf0724a09a6a4cbdbc,-0.37953259955004,-0.045222021537198,0.160742838519923,-122.00825913064182,-125.20116909686476,-125.75229991413651,-129.45867106504738,0.5134611846879125,1.0,-0.045222021537198,0.0,1,0.18288757555372076,0.18216460459877223,0.1501433469024087,0.20639495850983283,1.0
chr1:49037692:G:C;chr1:49037701:C:T;var1;middle;OL27|K562|2a3eed49aa266c45,chr1:49037692:G:C;chr1:49037701:C:T;var1;middle;OL27,K562,K562_region_00056,100,109,9,TCTGTCCTCTCTTGGGGAGGCAGAAGTGACAGACAGTGAACCCCAAAAACAGTTCCTTCAAGGTGAAGGTCAAGTCCCCAATTTATGAAAAGCTCAATAGGTATTACACTATTTGAATCTGAATCTGAACTATGGTATGAGGAATGGGGAAAGTGAAGGAGGGAGAGAGGGAAGGAAGAATTGGAAAAGAACAAAAGAAG,72543929c4171c79fae44dbcce26d8a9cfbe6bc4e7886739d585f53d151fa524,0.0,TCTGTCCTCTCTTGGGGAGGCAGAAGTGACAGACAGTGAACCCCAAAAACAGTTCCTTCAAGGTGAAGGTCAAGTCCCCAATTTATGAAAAGCTCAATACGTATTACACTATTTGAATCTGAATCTGAACTATGGTATGAGGAATGGGGAAAGTGAAGGAGGGAGAGAGGGAAGGAAGAATTGGAAAAGAACAAAAGAAG,7c3705efe7b3687a17dd51a0c2c99294530d7395220ad35d312465f9424d176b,-0.0251961402836051,TCTGTCCTCTCTTGGGGAGGCAGAAGTGACAGACAGTGAACCCCAAAAACAGTTCCTTCAAGGTGAAGGTCAAGTCCCCAATTTATGAAAAGCTCAATAGGTATTACATTATTTGAATCTGAATCTGAACTATGGTATGAGGAATGGGGAAAGTGAAGGAGGGAGAGAGGGAAGGAAGAATTGGAAAAGAACAAAAGAAG,9b29f7b7cc2fa0d4d90ccb1def8d9c516b5235b3bb9fcb616941cbe56bbe5b18,0.11539922899325,TCTGTCCTCTCTTGGGGAGGCAGAAGTGACAGACAGTGAACCCCAAAAACAGTTCCTTCAAGGTGAAGGTCAAGTCCCCAATTTATGAAAAGCTCAATACGTATTACATTATTTGAATCTGAATCTGAACTATGGTATGAGGAATGGGGAAAGTGAAGGAGGGAGAGAGGGAAGGAAGAATTGGAAAAGAACAAAAGAAG,2a3eed49aa266c45495e28df3b8b37347cb031db5b1942e4579d295eb950077b,0.0992117395773047,0.0090086508676597,0.180981934875563,-272.62626385176554,-260.35183645319194,-275.42997611057945,-263.78220066428185,-0.6266519522760063,-1.0,-0.0090086508676597,0.0,2,0.17428201246159997,0.17490732828716207,0.146091925319964,0.06961377193785699,1.0
chr1:52007934:T:A;chr1:52007975:T:C;var1;middle;OL27|K562|de3e7fc50535495e,chr1:52007934:T:A;chr1:52007975:T:C;var1;middle;OL27,K562,K562_region_00057,100,141,41,ACAGGCTTAAACCACTGCACCTGGCATATACAGCCTTTCTAAAATTGCAAAAAGAGCATTTTTATCCATCTGCATTTATACCTCCAGTGAGGTAAAGAGTAGTTTCCATTTAACAAATAATAAAACTGAGGCTGGGAAGATAGAGTGCTATGCCTAAGGTCCCACACACACTGAGTAAGAGTCATCATTACATCCCAGAT,82aa69450fe651074b3e5647ce16e151075d81f08e94cf96768328ce52286d7e,0.0,ACAGGCTTAAACCACTGCACCTGGCATATACAGCCTTTCTAAAATTGCAAAAAGAGCATTTTTATCCATCTGCATTTATACCTCCAGTGAGGTAAAGAGAAGTTTCCATTTAACAAATAATAAAACTGAGGCTGGGAAGATAGAGTGCTATGCCTAAGGTCCCACACACACTGAGTAAGAGTCATCATTACATCCCAGAT,fbc3f1b6585b009b3ffd1019ae456dd0ed9f1f14f73a357aadd13a792b28137e,-0.123826350219863,ACAGGCTTAAACCACTGCACCTGGCATATACAGCCTTTCTAAAATTGCAAAAAGAGCATTTTTATCCATCTGCATTTATACCTCCAGTGAGGTAAAGAGTAGTTTCCATTTAACAAATAATAAAACTGAGGCTGGGAAGACAGAGTGCTATGCCTAAGGTCCCACACACACTGAGTAAGAGTCATCATTACATCCCAGAT,059941e2d885edec6da672aa2274ff22dd8f12b669bbc3b8c5cdb975a3b68179,0.0103443458658542,ACAGGCTTAAACCACTGCACCTGGCATATACAGCCTTTCTAAAATTGCAAAAAGAGCATTTTTATCCATCTGCATTTATACCTCCAGTGAGGTAAAGAGAAGTTTCCATTTAACAAATAATAAAACTGAGGCTGGGAAGACAGAGTGCTATGCCTAAGGTCCCACACACACTGAGTAAGAGTCATCATTACATCCCAGAT,de3e7fc50535495edb8c89d9d8c28115c8c7052fd8aee3d7510f77e92aad6186,-0.0243518348058336,0.0891301695481752,0.239008769164509,-243.796146819368,-247.2531836349517,-253.61703265085816,-259.7774106487632,-2.70334118232131,-1.0,-0.0891301695481752,0.0,0,0.18230391401405616,0.18565657667894103,0.15145376406925343,0.23656221308948527,1.0
chr1:53970656:C:T;chr1:53970728:C:T;var1;middle;OL32|K562|9c03c38a897a03da,chr1:53970656:C:T;chr1:53970728:C:T;var1;middle;OL32,K562,K562_region_00058,100,172,72,AGCTCCCAGTCTGGAGTGGGCTGTGTGGAGAGAGCCACTGGACTGGGCCGAGACCTTCAGTGGAAGACACAGCCACCCAGGGACCTTCCCTCCCACCTCCCTCCCATGCTGGGCTCCTCACTGGCTGGAGCCAGCCCGGAGCCAGAGGGCAGCGGCCCTAAATGCAGCCCCCACAGGTGGGCCCTGGACACAGAGCAGGC,b4d46c69c072546efdb3199da0c2e8ea151f84ed936a55465784f31f1a487185,0.0,AGCTCCCAGTCTGGAGTGGGCTGTGTGGAGAGAGCCACTGGACTGGGCCGAGACCTTCAGTGGAAGACACAGCCACCCAGGGACCTTCCCTCCCACCTCTCTCCCATGCTGGGCTCCTCACTGGCTGGAGCCAGCCCGGAGCCAGAGGGCAGCGGCCCTAAATGCAGCCCCCACAGGTGGGCCCTGGACACAGAGCAGGC,4f6f45bf78d787819cb564320c054c835dae3dfd369cbcd13a467bb55b361604,-0.310333622298857,AGCTCCCAGTCTGGAGTGGGCTGTGTGGAGAGAGCCACTGGACTGGGCCGAGACCTTCAGTGGAAGACACAGCCACCCAGGGACCTTCCCTCCCACCTCCCTCCCATGCTGGGCTCCTCACTGGCTGGAGCCAGCCCGGAGCCAGAGGGCAGCGGCCCTAAATGCAGCCCCTACAGGTGGGCCCTGGACACAGAGCAGGC,2e5a0f1aff37ceb81da8ed1a0a4e2fa436dc6030ccad0c2aa40be9bc7783346d,0.298954127251543,AGCTCCCAGTCTGGAGTGGGCTGTGTGGAGAGAGCCACTGGACTGGGCCGAGACCTTCAGTGGAAGACACAGCCACCCAGGGACCTTCCCTCCCACCTCTCTCCCATGCTGGGCTCCTCACTGGCTGGAGCCAGCCCGGAGCCAGAGGGCAGCGGCCCTAAATGCAGCCCCTACAGGTGGGCCCTGGACACAGAGCAGGC,9c03c38a897a03da479948f6f344f9f37beb81dd96aaccb177935d84acd487cd,-0.0518612993617187,-0.0404818043144047,0.534678615543776,-207.2447175085545,-210.4016218483448,-210.32044330239296,-213.3779699206352,0.09937772154808044,-1.0,0.0404818043144047,0.0,1,0.18246627052900877,0.18216460459877223,0.1501433469024087,0.35101183363253013,1.0
chr1:54683856:C:G;chr1:54683925:G:A;var1;middle;OL41|K562|b95f87d2ff15b19c,chr1:54683856:C:G;chr1:54683925:G:A;var1;middle;OL41,K562,K562_region_00059,100,169,69,CACTGAAGATTTACTTCAATCCAATCTTTGTTTTAATTGCTGCCGTTAAACCTAGTAGCAGGATCCTAATGAACCGTGTTCTTTCCAGGAACCTGTTGGCCCAGTTGGTTTCAAGCCAGAGACATTCAGAAAGTTTTTAGCTCTATATTTGCATGGTGCTGCGTGAGCGGAGGACCCCTCTGAATCCTGAAACCCCTCTT,8b409f8db1a9d7cf3ccc298fc109745ca00c6b1a0a1248ab7de21b0f07840170,0.0,CACTGAAGATTTACTTCAATCCAATCTTTGTTTTAATTGCTGCCGTTAAACCTAGTAGCAGGATCCTAATGAACCGTGTTCTTTCCAGGAACCTGTTGGGCCAGTTGGTTTCAAGCCAGAGACATTCAGAAAGTTTTTAGCTCTATATTTGCATGGTGCTGCGTGAGCGGAGGACCCCTCTGAATCCTGAAACCCCTCTT,b99d8f31dceaf8e861f54ec04b8a9c552313fa35195e249650552af9f9793324,-0.197511126890498,CACTGAAGATTTACTTCAATCCAATCTTTGTTTTAATTGCTGCCGTTAAACCTAGTAGCAGGATCCTAATGAACCGTGTTCTTTCCAGGAACCTGTTGGCCCAGTTGGTTTCAAGCCAGAGACATTCAGAAAGTTTTTAGCTCTATATTTGCATGGTGCTGCGTGAGCAGAGGACCCCTCTGAATCCTGAAACCCCTCTT,c0ca9c2b4790b5f89895eefaeafdd10fc9abe06db18554f95176911a3c67022d,-0.247099923483368,CACTGAAGATTTACTTCAATCCAATCTTTGTTTTAATTGCTGCCGTTAAACCTAGTAGCAGGATCCTAATGAACCGTGTTCTTTCCAGGAACCTGTTGGGCCAGTTGGTTTCAAGCCAGAGACATTCAGAAAGTTTTTAGCTCTATATTTGCATGGTGCTGCGTGAGCAGAGGACCCCTCTGAATCCTGAAACCCCTCTT,b95f87d2ff15b19cd5f4828761763a8c13a1f7b572b30308cceaf1beba6b8e3f,-0.252625911766232,-0.191985138607634,0.306433327546428,-376.2716000317596,-381.4921286967583,-379.7816062420607,-384.7305049356073,-0.27162997145205736,1.0,-0.191985138607634,0.0,4,0.17586266501664527,0.17620727786206916,0.145609630836647,0.2616724557193145,1.0
chr1:54728858:C:T;chr1:54728864:G:C;var1;middle;OL32|K562|47f3f18193ae3804,chr1:54728858:C:T;chr1:54728864:G:C;var1;middle;OL32,K562,K562_region_00060,100,106,6,GAGGCTCTGTTATGGGTGTGATCGAGGCAAACACTGGGCCACTTCACGAAAACTCCGAAGTGTGGACACTGATGGTTAGTGAAAAAGCCTTTACCCACACTGACAGCGTGGGGAGCAGAGCATTCCCACTGTAAAACGGATTCAAGGACTCTGCGGAAAAGCATTTCAGAAGCATCAGCAGGACCCCCAGCCCTCCCGCA,3998840e875421b58b855163142d703237f172df42889f983d8e4a5511019f89,0.0,GAGGCTCTGTTATGGGTGTGATCGAGGCAAACACTGGGCCACTTCACGAAAACTCCGAAGTGTGGACACTGATGGTTAGTGAAAAAGCCTTTACCCACATTGACAGCGTGGGGAGCAGAGCATTCCCACTGTAAAACGGATTCAAGGACTCTGCGGAAAAGCATTTCAGAAGCATCAGCAGGACCCCCAGCCCTCCCGCA,f0679c9832854fefa547afccdde40fbce2eaab8f0a578ea9d0f76a79c96a18a6,-0.0268538356679644,GAGGCTCTGTTATGGGTGTGATCGAGGCAAACACTGGGCCACTTCACGAAAACTCCGAAGTGTGGACACTGATGGTTAGTGAAAAAGCCTTTACCCACACTGACACCGTGGGGAGCAGAGCATTCCCACTGTAAAACGGATTCAAGGACTCTGCGGAAAAGCATTTCAGAAGCATCAGCAGGACCCCCAGCCCTCCCGCA,cd04968b9e992f4a8a393cc33e64ecffcde49eb8cdd7b516b51ff4dca0def7bc,-0.190961669325942,GAGGCTCTGTTATGGGTGTGATCGAGGCAAACACTGGGCCACTTCACGAAAACTCCGAAGTGTGGACACTGATGGTTAGTGAAAAAGCCTTTACCCACATTGACACCGTGGGGAGCAGAGCATTCCCACTGTAAAACGGATTCAAGGACTCTGCGGAAAAGCATTTCAGAAGCATCAGCAGGACCCCCAGCCCTCCCGCA,47f3f18193ae380452f098bf8dc595de4fdfca5ccdf29b77e63f906578e88fd1,0.289268156102186,0.5070836610960924,0.31696911677869,-355.7767009958625,-360.1260433238931,-362.0697445702972,-365.7343763938407,0.6847105044871,-1.0,-0.5070836610960924,0.0,2,0.176191462224686,0.17490732828716207,0.146091925319964,0.16390213834138592,1.0
chr1:55014099:C:T;chr1:55014160:C:T;var1;middle;OL41|K562|9e7660fd6cd7e79b,chr1:55014099:C:T;chr1:55014160:C:T;var1;middle;OL41,K562,K562_region_00061,100,161,61,AAATCACCTGCGACGGGTATGGAGGGTGGGCTGGGGCAGCGGGAGGGCTCTGGAAGCTGGGCACCCAGAAAGAGATTGATGTTTCCATTTTAACTCAGACGCTCTGCATCTCCTCACACTCTCCACGGGCCATTTTCTAGCTCTCTTTGGAAGGAGAAATCGCAGAACCCCTGGGCTGGTTTATTATCAGCAGCAATCTC,8cf34a039eda5c14c7c53d4d80f90326e705dbe0194e8cd6a95e69e0fdabb3a4,0.0,AAATCACCTGCGACGGGTATGGAGGGTGGGCTGGGGCAGCGGGAGGGCTCTGGAAGCTGGGCACCCAGAAAGAGATTGATGTTTCCATTTTAACTCAGATGCTCTGCATCTCCTCACACTCTCCACGGGCCATTTTCTAGCTCTCTTTGGAAGGAGAAATCGCAGAACCCCTGGGCTGGTTTATTATCAGCAGCAATCTC,1157a53084103fcc6e4b61d8fed7b345d1db3777e9c9e6f906bddebf174f1086,-0.0804380569788988,AAATCACCTGCGACGGGTATGGAGGGTGGGCTGGGGCAGCGGGAGGGCTCTGGAAGCTGGGCACCCAGAAAGAGATTGATGTTTCCATTTTAACTCAGACGCTCTGCATCTCCTCACACTCTCCACGGGCCATTTTCTAGCTCTCTTTGGAAGGAGAAATTGCAGAACCCCTGGGCTGGTTTATTATCAGCAGCAATCTC,13117cb3ca02cd758e1a0aaad790ab82822023f1e3737eb22686ee9a7456a24c,0.103546985848056,AAATCACCTGCGACGGGTATGGAGGGTGGGCTGGGGCAGCGGGAGGGCTCTGGAAGCTGGGCACCCAGAAAGAGATTGATGTTTCCATTTTAACTCAGATGCTCTGCATCTCCTCACACTCTCCACGGGCCATTTTCTAGCTCTCTTTGGAAGGAGAAATTGCAGAACCCCTGGGCTGGTTTATTATCAGCAGCAATCTC,9e7660fd6cd7e79b6acefee471a31f67b4a49be788afd0ee2fba16393540275a,0.0402392031584438,0.0171302742892866,0.215564877220725,-245.4818691909313,-245.8346781134605,-242.8839430063963,-242.41840486228463,0.8183470666409107,-1.0,-0.0171302742892866,0.0,1,0.18319777860567688,0.18216460459877223,0.1501433469024087,0.10297920264485431,1.0
chr1:55035269:T:C;chr1:55035348:G:T;var1;middle;OL41|K562|7129ad26729e4ea4,chr1:55035269:T:C;chr1:55035348:G:T;var1;middle;OL41,K562,K562_region_00062,100,179,79,TGTTTTCCCCTTCACAGGACTGGGCCTCATGCTGCCTGCCAAATGCCAGTCTTGGGCTGTCTCCTCCCTGCCACTGAGTCATTCCTTCCCGAAATGCACTCCCTTCACCCCCCAACCCCTCACCACAGGGTGAAGCCTTCAACAGCCACAGGGTGCCCATTTGGTTACAGCAGGAATTGTTATTGTTGAGTGTGTGGACA,182a09c84ae3fb8639b4a420d373187ed4a992eca33d33cf597ff206d8da8c86,0.0,TGTTTTCCCCTTCACAGGACTGGGCCTCATGCTGCCTGCCAAATGCCAGTCTTGGGCTGTCTCCTCCCTGCCACTGAGTCATTCCTTCCCGAAATGCACCCCCTTCACCCCCCAACCCCTCACCACAGGGTGAAGCCTTCAACAGCCACAGGGTGCCCATTTGGTTACAGCAGGAATTGTTATTGTTGAGTGTGTGGACA,d93cbed44268cceea520e748def447b8557b7fa833fdc63dc49968672b0685eb,-0.738086699749696,TGTTTTCCCCTTCACAGGACTGGGCCTCATGCTGCCTGCCAAATGCCAGTCTTGGGCTGTCTCCTCCCTGCCACTGAGTCATTCCTTCCCGAAATGCACTCCCTTCACCCCCCAACCCCTCACCACAGGGTGAAGCCTTCAACAGCCACAGGGTGCCCATTTGGTTACAGCAGGAATTTTTATTGTTGAGTGTGTGGACA,85fdbaa9b1a227d156dc2413e17ab551ce6654d9988b17f11d87bac7246f9ddf,-0.355543028078872,TGTTTTCCCCTTCACAGGACTGGGCCTCATGCTGCCTGCCAAATGCCAGTCTTGGGCTGTCTCCTCCCTGCCACTGAGTCATTCCTTCCCGAAATGCACCCCCTTCACCCCCCAACCCCTCACCACAGGGTGAAGCCTTCAACAGCCACAGGGTGCCCATTTGGTTACAGCAGGAATTTTTATTGTTGAGTGTGTGGACA,7129ad26729e4ea420c62a15809da000658c364e56f9b8e5e3638aedf0266a46,-0.191898174640784,0.901731553187784,0.341495456731719,-238.1928808093071,-235.74014289677143,-243.8250159919262,-244.2267390936613,-2.8544610142707825,-1.0,-0.901731553187784,0.0,3,0.17572358199435775,0.18106719778262317,0.1474303780702046,0.3016122589753085,1.0
chr1:55505604:G:A;chr1:55505647:G:T;var1;middle;OL31|K562|07cca6849319feaa,chr1:55505604:G:A;chr1:55505647:G:T;var1;middle;OL31,K562,K562_region_00063,100,143,43,GCCCTCATGGGCACCGTCAGCTCCAGGCGGTCCTGGTGGCCGCTGCCACTGCTGCTGCTGCTGCTGCTGCTCCTGGGTCCCGCGGGCGCCCGTGCGCAGGAGGACGAGGACGGCGACTACGAGGAGCTGGTGCTAGCCTTGCGTTCCGAGGAGGACGGCCTGGCCGAAGCACCCGAGCACGGAACCACAGCCACCTTCCA,d4f03348b719fe40b024033a87fa890984fd4cdb9f2d6b52eaee0fcfe368c842,0.0,GCCCTCATGGGCACCGTCAGCTCCAGGCGGTCCTGGTGGCCGCTGCCACTGCTGCTGCTGCTGCTGCTGCTCCTGGGTCCCGCGGGCGCCCGTGCGCAGAAGGACGAGGACGGCGACTACGAGGAGCTGGTGCTAGCCTTGCGTTCCGAGGAGGACGGCCTGGCCGAAGCACCCGAGCACGGAACCACAGCCACCTTCCA,b5f6bf9132d952bd7288cb71dad022972b338ef328809104f8e1deeb98106919,0.0243767895582893,GCCCTCATGGGCACCGTCAGCTCCAGGCGGTCCTGGTGGCCGCTGCCACTGCTGCTGCTGCTGCTGCTGCTCCTGGGTCCCGCGGGCGCCCGTGCGCAGGAGGACGAGGACGGCGACTACGAGGAGCTGGTGCTAGCCTTGCTTTCCGAGGAGGACGGCCTGGCCGAAGCACCCGAGCACGGAACCACAGCCACCTTCCA,f40cea44eb72e30edb8c3ccb216eafd5a9276c3dd9f5252600d2aa307e778ba7,-0.145260513966444,GCCCTCATGGGCACCGTCAGCTCCAGGCGGTCCTGGTGGCCGCTGCCACTGCTGCTGCTGCTGCTGCTGCTCCTGGGTCCCGCGGGCGCCCGTGCGCAGAAGGACGAGGACGGCGACTACGAGGAGCTGGTGCTAGCCTTGCTTTCCGAGGAGGACGGCCTGGCCGAAGCACCCGAGCACGGAACCACAGCCACCTTCCA,07cca6849319feaa305d5409dd22e56d0ffc34c9a2be2180e99776e66e09b741,-0.0990390726675592,0.0218446517405954,0.264178739012326,-255.25371233274927,-247.429315322428,-255.4242020213278,-265.94139829138294,-18.3415932803764,-1.0,-0.0218446517405954,0.0,4,0.15346654797222978,0.17620727786206916,0.145609630836647,0.19098304856562423,1.0
chr1:55520864:A:G;chr1:55520887:G:C;var1;middle;OL31|K562|f5b5f8aa79987ce2,chr1:55520864:A:G;chr1:55520887:G:C;var1;middle;OL31,K562,K562_region_00064,100,123,23,ACTGAGGCCAGAAGGAACCACACCCTCAAGGGTGGGGAGTTATGGTATGGGGGGTCCTAGGCATGGAGTCTTTTAATTCTTTAGACAATCCTGGGAGCAACTGTCCCTGTTTCACAGAGGGCGGGGCCACACAGCTGGTGAGTGGGCAGCCAAGACTCTGTTCAAGTTTGTGTGGGTCCAACACTTGCGGCCACGGTGGA,bd4e46517e638da27ed22e8cb8982dd7cda13585fede5a67b11244474b4bf805,0.0,ACTGAGGCCAGAAGGAACCACACCCTCAAGGGTGGGGAGTTATGGTATGGGGGGTCCTAGGCATGGAGTCTTTTAATTCTTTAGACAATCCTGGGAGCAGCTGTCCCTGTTTCACAGAGGGCGGGGCCACACAGCTGGTGAGTGGGCAGCCAAGACTCTGTTCAAGTTTGTGTGGGTCCAACACTTGCGGCCACGGTGGA,786a174b2ec45b7b669dc60c8f77f3ead6bc012daa03f8b9c1e603b741427e3a,0.239454210424968,ACTGAGGCCAGAAGGAACCACACCCTCAAGGGTGGGGAGTTATGGTATGGGGGGTCCTAGGCATGGAGTCTTTTAATTCTTTAGACAATCCTGGGAGCAACTGTCCCTGTTTCACAGAGGGCCGGGCCACACAGCTGGTGAGTGGGCAGCCAAGACTCTGTTCAAGTTTGTGTGGGTCCAACACTTGCGGCCACGGTGGA,cfc558ac8cd9c6afbbfab22900b2ea35ba4aa2a95a1763098ff54fba1071b2b2,-0.363421259406787,ACTGAGGCCAGAAGGAACCACACCCTCAAGGGTGGGGAGTTATGGTATGGGGGGTCCTAGGCATGGAGTCTTTTAATTCTTTAGACAATCCTGGGAGCAGCTGTCCCTGTTTCACAGAGGGCCGGGCCACACAGCTGGTGAGTGGGCAGCCAAGACTCTGTTCAAGTTTGTGTGGGTCCAACACTTGCGGCCACGGTGGA,f5b5f8aa79987ce2ffa8936d65bce00484908d508f352e6f7bdb737c6739963d,-0.367243610573805,0.243276561591986,0.195272179598984,-325.2263190555386,-311.10465232795104,-334.36106593487784,-320.4836070695892,0.24420786229893565,1.0,0.243276561591986,0.0,1,0.1826136264885185,0.18216460459877223,0.1501433469024087,0.19005793008562652,1.0
chr1:55520864:A:G;chr1:55520938:G:A;var1;middle;OL31|K562|5d37412a72e06f35,chr1:55520864:A:G;chr1:55520938:G:A;var1;middle;OL31,K562,K562_region_00064,100,174,74,ACTGAGGCCAGAAGGAACCACACCCTCAAGGGTGGGGAGTTATGGTATGGGGGGTCCTAGGCATGGAGTCTTTTAATTCTTTAGACAATCCTGGGAGCAACTGTCCCTGTTTCACAGAGGGCGGGGCCACACAGCTGGTGAGTGGGCAGCCAAGACTCTGTTCAAGTTTGTGTGGGTCCAACACTTGCGGCCACGGTGGA,bd4e46517e638da27ed22e8cb8982dd7cda13585fede5a67b11244474b4bf805,0.0,ACTGAGGCCAGAAGGAACCACACCCTCAAGGGTGGGGAGTTATGGTATGGGGGGTCCTAGGCATGGAGTCTTTTAATTCTTTAGACAATCCTGGGAGCAGCTGTCCCTGTTTCACAGAGGGCGGGGCCACACAGCTGGTGAGTGGGCAGCCAAGACTCTGTTCAAGTTTGTGTGGGTCCAACACTTGCGGCCACGGTGGA,786a174b2ec45b7b669dc60c8f77f3ead6bc012daa03f8b9c1e603b741427e3a,0.239467919432449,ACTGAGGCCAGAAGGAACCACACCCTCAAGGGTGGGGAGTTATGGTATGGGGGGTCCTAGGCATGGAGTCTTTTAATTCTTTAGACAATCCTGGGAGCAACTGTCCCTGTTTCACAGAGGGCGGGGCCACACAGCTGGTGAGTGGGCAGCCAAGACTCTGTTCAAGTTTGTGTAGGTCCAACACTTGCGGCCACGGTGGA,961fbf633617a8c81edb350f65b7f17916713f3d99546b2fb68c54688cfdeee1,0.177273461085328,ACTGAGGCCAGAAGGAACCACACCCTCAAGGGTGGGGAGTTATGGTATGGGGGGTCCTAGGCATGGAGTCTTTTAATTCTTTAGACAATCCTGGGAGCAGCTGTCCCTGTTTCACAGAGGGCGGGGCCACACAGCTGGTGAGTGGGCAGCCAAGACTCTGTTCAAGTTTGTGTAGGTCCAACACTTGCGGCCACGGTGGA,5d37412a72e06f35929ce44293a6dc2a905353fdb7f7fe020eb5f2e4924f48bd,0.369199234713009,0.047542145804768,0.165711629243454,-325.2263190555386,-311.10465232795104,-330.22079942561686,-316.8582892557606,0.7591565577313304,1.0,0.047542145804768,0.0,1,0.18313755582201444,0.18216460459877223,0.1501433469024087,0.12904920503870032,1.0
chr1:55520887:G:C;chr1:55520938:G:A;var1;middle;OL31|K562|399187d62a9a2149,chr1:55520887:G:C;chr1:55520938:G:A;var1;middle;OL31,K562,K562_region_00064,100,151,51,CCTCAAGGGTGGGGAGTTATGGTATGGGGGGTCCTAGGCATGGAGTCTTTTAATTCTTTAGACAATCCTGGGAGCAACTGTCCCTGTTTCACAGAGGGCGGGGCCACACAGCTGGTGAGTGGGCAGCCAAGACTCTGTTCAAGTTTGTGTGGGTCCAACACTTGCGGCCACGGTGGAGGGGCATCTGAGCCAGGCCTCAG,7bbe1ed3bc60afa1c81a640dc1ba44eb346b321262751a4d8f7724b7af18ac38,0.0,CCTCAAGGGTGGGGAGTTATGGTATGGGGGGTCCTAGGCATGGAGTCTTTTAATTCTTTAGACAATCCTGGGAGCAACTGTCCCTGTTTCACAGAGGGCCGGGCCACACAGCTGGTGAGTGGGCAGCCAAGACTCTGTTCAAGTTTGTGTGGGTCCAACACTTGCGGCCACGGTGGAGGGGCATCTGAGCCAGGCCTCAG,662c73178a876337ae10e3569e3c92783d33789b39e459cbcc9da2a94385ef0a,-0.480541906541867,CCTCAAGGGTGGGGAGTTATGGTATGGGGGGTCCTAGGCATGGAGTCTTTTAATTCTTTAGACAATCCTGGGAGCAACTGTCCCTGTTTCACAGAGGGCGGGGCCACACAGCTGGTGAGTGGGCAGCCAAGACTCTGTTCAAGTTTGTGTAGGTCCAACACTTGCGGCCACGGTGGAGGGGCATCTGAGCCAGGCCTCAG,ee793cd78142c31d8708c739e00c4cb62711cb50962017d4904f0974160fda56,0.195140813466998,CCTCAAGGGTGGGGAGTTATGGTATGGGGGGTCCTAGGCATGGAGTCTTTTAATTCTTTAGACAATCCTGGGAGCAACTGTCCCTGTTTCACAGAGGGCCGGGCCACACAGCTGGTGAGTGGGCAGCCAAGACTCTGTTCAAGTTTGTGTAGGTCCAACACTTGCGGCCACGGTGGAGGGGCATCTGAGCCAGGCCTCAG,399187d62a9a214987235401d51f96c15907853eb80adcb38869021d95518e2d,-0.365417197578168,-0.0800161045032989,0.210260170079849,-295.8258734107949,-292.52320091892034,-282.22849610168487,-275.3424504445866,3.5833731652237475,-1.0,0.0800161045032989,0.0,1,0.18601102639866907,0.18216460459877223,0.1501433469024087,0.13982416071315729,1.0
chr1:55521109:G:A;chr1:55521195:C:T;var1;middle;OL31|K562|08d0f06ded24b0d8,chr1:55521109:G:A;chr1:55521195:C:T;var1;middle;OL31,K562,K562_region_00065,100,186,86,GGGGAAGTGTGCCCTTCTCATTCCTCTGAGGCTCATCCTCTTGGTGCCTCTCTTTCATGGAAAGGGATAATAAGGTTATTGTGAGGATCCCCTGAGTTCGTATATTCAGACGCTTAGACAGAGCCAGGCACAGAGAAGGGCCCGGGGTTGGCTAGTTTGATTGCTGGTGTAATTGCTAATATCTTCCAGTTTGTATTGGT,2bebf3934bf42c0a7039617f114a52066f0c98c1ba86bea7d5483b890d9359a3,0.0,GGGGAAGTGTGCCCTTCTCATTCCTCTGAGGCTCATCCTCTTGGTGCCTCTCTTTCATGGAAAGGGATAATAAGGTTATTGTGAGGATCCCCTGAGTTCATATATTCAGACGCTTAGACAGAGCCAGGCACAGAGAAGGGCCCGGGGTTGGCTAGTTTGATTGCTGGTGTAATTGCTAATATCTTCCAGTTTGTATTGGT,04ac216761a39ef5973809791e4bd91daf097132e6713ec5f0a025af8d45dedc,0.327533888592401,GGGGAAGTGTGCCCTTCTCATTCCTCTGAGGCTCATCCTCTTGGTGCCTCTCTTTCATGGAAAGGGATAATAAGGTTATTGTGAGGATCCCCTGAGTTCGTATATTCAGACGCTTAGACAGAGCCAGGCACAGAGAAGGGCCCGGGGTTGGCTAGTTTGATTGCTGGTGTAATTGCTAATATCTTTCAGTTTGTATTGGT,7e8566579699cc90fce8a44f443d1241f220f8f9893faec69a32b287caceab99,0.282215745173111,GGGGAAGTGTGCCCTTCTCATTCCTCTGAGGCTCATCCTCTTGGTGCCTCTCTTTCATGGAAAGGGATAATAAGGTTATTGTGAGGATCCCCTGAGTTCATATATTCAGACGCTTAGACAGAGCCAGGCACAGAGAAGGGCCCGGGGTTGGCTAGTTTGATTGCTGGTGTAATTGCTAATATCTTTCAGTTTGTATTGGT,08d0f06ded24b0d8f7c3abc5ccede57b7e4d0a6a454fd19661066a9cd879f8f1,0.0992604802032751,0.5104891535622369,0.163123322369364,-278.7350615374744,-263.2014371752739,-284.42714871652424,-267.26129165571183,-1.6322326986119151,1.0,0.5104891535622369,0.0,2,0.1728178055919032,0.17490732828716207,0.146091925319964,0.06866487025799604,1.0
chr1:55521195:C:T;chr1:55521242:T:G;var1;middle;OL31|K562|1ce4fc7f30562668,chr1:55521195:C:T;chr1:55521242:T:G;var1;middle;OL31,K562,K562_region_00065,100,147,47,ATCCCCTGAGTTCGTATATTCAGACGCTTAGACAGAGCCAGGCACAGAGAAGGGCCCGGGGTTGGCTAGTTTGATTGCTGGTGTAATTGCTAATATCTTCCAGTTTGTATTGGTCAAGGTTCTGCAGAGAAGCAGAACCAGTAGGATGTATATATTAAGAGTTTCAAGCTCATGTGACCGTGCGGGCTGGCAAGTCTGAA,e00b022ea5f9db70af40e2389d68de05d43a1fc0b29144004a71ad9356ae4ef7,0.0,ATCCCCTGAGTTCGTATATTCAGACGCTTAGACAGAGCCAGGCACAGAGAAGGGCCCGGGGTTGGCTAGTTTGATTGCTGGTGTAATTGCTAATATCTTTCAGTTTGTATTGGTCAAGGTTCTGCAGAGAAGCAGAACCAGTAGGATGTATATATTAAGAGTTTCAAGCTCATGTGACCGTGCGGGCTGGCAAGTCTGAA,5ad899e4f37dea2833bb4ab0780feb5d1778c5d362321e1412a56b4497adbbd4,-0.0144444758343002,ATCCCCTGAGTTCGTATATTCAGACGCTTAGACAGAGCCAGGCACAGAGAAGGGCCCGGGGTTGGCTAGTTTGATTGCTGGTGTAATTGCTAATATCTTCCAGTTTGTATTGGTCAAGGTTCTGCAGAGAAGCAGAACCAGTAGGAGGTATATATTAAGAGTTTCAAGCTCATGTGACCGTGCGGGCTGGCAAGTCTGAA,46c0b74c4adf1c9da5803be9f1f43c430d20ba248a23728115cb35027a4de2e4,0.165931456944507,ATCCCCTGAGTTCGTATATTCAGACGCTTAGACAGAGCCAGGCACAGAGAAGGGCCCGGGGTTGGCTAGTTTGATTGCTGGTGTAATTGCTAATATCTTTCAGTTTGTATTGGTCAAGGTTCTGCAGAGAAGCAGAACCAGTAGGAGGTATATATTAAGAGTTTCAAGCTCATGTGACCGTGCGGGCTGGCAAGTCTGAA,1ce4fc7f30562668ed5b4515abce8a8cdfcd729c1aaa172174b0dc80650d98bf,0.178416256897073,0.0269292757868661,0.185628670113313,-244.9773338730447,-247.7537474660203,-244.98523875372484,-245.7955193594098,1.9661329872906208,-1.0,-0.0269292757868661,0.0,2,0.17805731696498553,0.17490732828716207,0.146091925319964,0.07743650385131884,1.0
chr1:55521242:T:G;chr1:55521313:G:T;var1;middle;OL31|K562|2a467ed47ba12b1b,chr1:55521242:T:G;chr1:55521313:G:T;var1;middle;OL31,K562,K562_region_00065,100,171,71,AGAAGGGCCCGGGGTTGGCTAGTTTGATTGCTGGTGTAATTGCTAATATCTTCCAGTTTGTATTGGTCAAGGTTCTGCAGAGAAGCAGAACCAGTAGGATGTATATATTAAGAGTTTCAAGCTCATGTGACCGTGCGGGCTGGCAAGTCTGAAATCCGCAGGGCAGGCCAGGCAGGCTGGCAATTCCTGCAGAATTTGAT,17e298611b514a1c574ea5deb7af3c2078907bb7debcf2f5d060b935940ef48b,0.0,AGAAGGGCCCGGGGTTGGCTAGTTTGATTGCTGGTGTAATTGCTAATATCTTCCAGTTTGTATTGGTCAAGGTTCTGCAGAGAAGCAGAACCAGTAGGAGGTATATATTAAGAGTTTCAAGCTCATGTGACCGTGCGGGCTGGCAAGTCTGAAATCCGCAGGGCAGGCCAGGCAGGCTGGCAATTCCTGCAGAATTTGAT,8f555e374c994e85a394466904470e888237c8a9a93c769686cb1359cf2253e8,-0.121661440932348,AGAAGGGCCCGGGGTTGGCTAGTTTGATTGCTGGTGTAATTGCTAATATCTTCCAGTTTGTATTGGTCAAGGTTCTGCAGAGAAGCAGAACCAGTAGGATGTATATATTAAGAGTTTCAAGCTCATGTGACCGTGCGGGCTGGCAAGTCTGAAATCCGCAGGGCAGGCCATGCAGGCTGGCAATTCCTGCAGAATTTGAT,b2917b2a7897a547192ea63aa13244029449239384afea8d3d3bac33bea0f550,-0.0914588767232999,AGAAGGGCCCGGGGTTGGCTAGTTTGATTGCTGGTGTAATTGCTAATATCTTCCAGTTTGTATTGGTCAAGGTTCTGCAGAGAAGCAGAACCAGTAGGAGGTATATATTAAGAGTTTCAAGCTCATGTGACCGTGCGGGCTGGCAAGTCTGAAATCCGCAGGGCAGGCCATGCAGGCTGGCAATTCCTGCAGAATTTGAT,2a467ed47ba12b1b9f52326cf10c4c9d66cbd44a2cf6f63647da1cfdc30e8914,-0.00680870177527,0.2063116158803779,0.211994371703551,-223.90136327967048,-217.9113669618964,-226.0014418279752,-225.66342748515308,-5.651981974951923,-1.0,-0.2063116158803779,0.0,2,0.16696472564151446,0.17490732828716207,0.146091925319964,0.25179945825840816,1.0
chr1:56905524:G:A;chr1:56905556:T:C;var1;middle;OL28|K562|245cb723450d9384,chr1:56905524:G:A;chr1:56905556:T:C;var1;middle;OL28,K562,K562_region_00066,100,132,32,TAGGGAGAAATCCTGATAAGTCCCATTGTCCCCGGATTACCCACTGGCATCTTAGGCCAGATTCATTCATCTGGCAGCCTGCCCTGCCCTGGCATGCCCGGGACAGCTGATGCTCCAGGAGCAGGTGAACATGGCCAGAATATCACCTTGGAGGTAATTTTCTCCTTGTGCTCCTTATTCACTGAGATGTTAAAAGAGGT,c4840a0d484e1ab6451a05ed361dd28238ded74362fdfcf197c31b8975d7689d,0.0,TAGGGAGAAATCCTGATAAGTCCCATTGTCCCCGGATTACCCACTGGCATCTTAGGCCAGATTCATTCATCTGGCAGCCTGCCCTGCCCTGGCATGCCCAGGACAGCTGATGCTCCAGGAGCAGGTGAACATGGCCAGAATATCACCTTGGAGGTAATTTTCTCCTTGTGCTCCTTATTCACTGAGATGTTAAAAGAGGT,7832b890479b672f064d4cdef5da6aba7e1a3ce82f3a4fb195a423439debd191,-0.0580779881143205,TAGGGAGAAATCCTGATAAGTCCCATTGTCCCCGGATTACCCACTGGCATCTTAGGCCAGATTCATTCATCTGGCAGCCTGCCCTGCCCTGGCATGCCCGGGACAGCTGATGCTCCAGGAGCAGGTGAACACGGCCAGAATATCACCTTGGAGGTAATTTTCTCCTTGTGCTCCTTATTCACTGAGATGTTAAAAGAGGT,d9f64c5081e787203c9fa7f46bf11157fed051c5c0eed6d2d6bfbb6843c7e43c,0.013301253672776,TAGGGAGAAATCCTGATAAGTCCCATTGTCCCCGGATTACCCACTGGCATCTTAGGCCAGATTCATTCATCTGGCAGCCTGCCCTGCCCTGGCATGCCCAGGACAGCTGATGCTCCAGGAGCAGGTGAACACGGCCAGAATATCACCTTGGAGGTAATTTTCTCCTTGTGCTCCTTATTCACTGAGATGTTAAAAGAGGT,245cb723450d9384a347d2e6092b72d0fbfe3e5db116b3631402cf761c8d325a,-0.0690577263887583,0.0242809919472138,0.201083848028312,-311.7533314987086,-302.0950832432136,-318.5990565881366,-309.4983438239433,0.5575354913016781,1.0,0.0242809919472138,0.0,1,0.18293241851049152,0.18216460459877223,0.1501433469024087,0.028737149603186823,1.0
chr1:56906274:G:A;chr1:56906308:T:C;var1;middle;OL28|K562|e7f806512cbacc1c,chr1:56906274:G:A;chr1:56906308:T:C;var1;middle;OL28,K562,K562_region_00067,100,134,34,AAGGCATTTCTTTTCAAGAAAAACTTTAATGTCTGTATAATATTCCAGTACATTGATGTACTGCTGTGACCTAACCATTCTCTTGTCGTGGATATTTACGTTGGTTCTGTTTCTCTTTTAAGGGATAGTTTCCTCTGATTTGTTGGGCTTTTATAAACAATGCTACCTGGACATCTATCTATTTTTATCTACCTTTTTCT,20e6e0bf38ac40d91c1c3331987446fe864ddc8e6d79168a890dda50b742d42e,0.0,AAGGCATTTCTTTTCAAGAAAAACTTTAATGTCTGTATAATATTCCAGTACATTGATGTACTGCTGTGACCTAACCATTCTCTTGTCGTGGATATTTACATTGGTTCTGTTTCTCTTTTAAGGGATAGTTTCCTCTGATTTGTTGGGCTTTTATAAACAATGCTACCTGGACATCTATCTATTTTTATCTACCTTTTTCT,c6d1f60d5e4fafdfaef3019ef7777d6fb7f11ef2dd17380f367500843f6c7e24,-0.0253282319161309,AAGGCATTTCTTTTCAAGAAAAACTTTAATGTCTGTATAATATTCCAGTACATTGATGTACTGCTGTGACCTAACCATTCTCTTGTCGTGGATATTTACGTTGGTTCTGTTTCTCTTTTAAGGGATAGTTTCCCCTGATTTGTTGGGCTTTTATAAACAATGCTACCTGGACATCTATCTATTTTTATCTACCTTTTTCT,e18112139ee4359a676e71f8ca19db7435de489b992b8eb8b9a101bdba0fdae7,-0.246031494358991,AAGGCATTTCTTTTCAAGAAAAACTTTAATGTCTGTATAATATTCCAGTACATTGATGTACTGCTGTGACCTAACCATTCTCTTGTCGTGGATATTTACATTGGTTCTGTTTCTCTTTTAAGGGATAGTTTCCCCTGATTTGTTGGGCTTTTATAAACAATGCTACCTGGACATCTATCTATTTTTATCTACCTTTTTCT,e7f806512cbacc1ccc969501225fd08ddc7fd6c0d0b6c4a92f639250b166b306,-0.107667083846298,0.1636926424288239,0.156857717678513,-358.41509435954504,-346.51292459177785,-359.64940884080715,-349.6079418186564,-1.860702745616436,-1.0,-0.1636926424288239,0.0,4,0.1738931502349134,0.17620727786206916,0.145609630836647,0.20481772161259243,1.0
chr1:59043453:G:C;chr1:59043457:G:A;var1;middle;OL41|K562|0f31778b10101295,chr1:59043453:G:C;chr1:59043457:G:A;var1;middle;OL41,K562,K562_region_00068,100,104,4,TTCTCACAGTAGCACACGTTTATATAGTTTACAGTTCACAAACATTATCTCATCCTAACACCAGTCCTGACAGGTAGGGACTATCAGACCCGTTTTATAGGTGGTACTGATGAGGCTTAAAGACCTGAAGTCACACTGCTATCAACTTCCTCATATTTCTGAGAGGGGTCTTTGGCACCCTGCCTAGGAGTGATGAGACC,d8050bdaa78e7e12ab10aef7e492485c195b4c725ebfe1c1053b3f27efe732cc,0.0,TTCTCACAGTAGCACACGTTTATATAGTTTACAGTTCACAAACATTATCTCATCCTAACACCAGTCCTGACAGGTAGGGACTATCAGACCCGTTTTATACGTGGTACTGATGAGGCTTAAAGACCTGAAGTCACACTGCTATCAACTTCCTCATATTTCTGAGAGGGGTCTTTGGCACCCTGCCTAGGAGTGATGAGACC,fb78b12038ec02ab358dc957ee8d23cd23b67eb313d5094cb3518811d59e949d,0.500417987834205,TTCTCACAGTAGCACACGTTTATATAGTTTACAGTTCACAAACATTATCTCATCCTAACACCAGTCCTGACAGGTAGGGACTATCAGACCCGTTTTATAGGTGATACTGATGAGGCTTAAAGACCTGAAGTCACACTGCTATCAACTTCCTCATATTTCTGAGAGGGGTCTTTGGCACCCTGCCTAGGAGTGATGAGACC,f42280fd9a2a534ee64b055a1f49a13ecb06581c68bd4fd9d2d3b5d06ecbe913,-0.0285909443458319,TTCTCACAGTAGCACACGTTTATATAGTTTACAGTTCACAAACATTATCTCATCCTAACACCAGTCCTGACAGGTAGGGACTATCAGACCCGTTTTATACGTGATACTGATGAGGCTTAAAGACCTGAAGTCACACTGCTATCAACTTCCTCATATTTCTGAGAGGGGTCTTTGGCACCCTGCCTAGGAGTGATGAGACC,0f31778b10101295fdee91a2c793cd4b3ddf705912f852ca5e9d2582eeddaab3,0.478059616264349,0.0062325727759759,0.409672202655241,-242.1604980826378,-291.8067813869566,-222.4372947514057,-278.70246189739555,-6.61888384167105,-1.0,-0.0062325727759759,0.0,2,0.16555683834779747,0.17490732828716207,0.146091925319964,0.07079947539633229,1.0
chr1:61925076:C:T;chr1:61925107:C:T;var1;middle;OL29|K562|580fc18f19fdd8f3,chr1:61925076:C:T;chr1:61925107:C:T;var1;middle;OL29,K562,K562_region_00069,100,131,31,AGTCAGAGGCACGAACACTAACTCTTAGCATTTTTCTGTAGACTTTTTCTTCTGGCCCTTGTCCCTGCCAGCAAAACGCCCCTTTTCTGATCATTCGTGCGCAGAGGGCCTCCCAGTAATGCCACGCTCTCCATGCTAGAGAGCCTTCTCTTTCCTCTGAGGTTTGAACTGATGTTCTGTGTCTTCACACCCTGGCATGA,7086201a8c76b9f3776a96014462eebe3566c4119663220243fab71b23b389d8,0.0,AGTCAGAGGCACGAACACTAACTCTTAGCATTTTTCTGTAGACTTTTTCTTCTGGCCCTTGTCCCTGCCAGCAAAACGCCCCTTTTCTGATCATTCGTGTGCAGAGGGCCTCCCAGTAATGCCACGCTCTCCATGCTAGAGAGCCTTCTCTTTCCTCTGAGGTTTGAACTGATGTTCTGTGTCTTCACACCCTGGCATGA,8589cb63fb0b37e12447ad7680a7c66887629a809a3ff551919798f84730678f,-0.114804708244083,AGTCAGAGGCACGAACACTAACTCTTAGCATTTTTCTGTAGACTTTTTCTTCTGGCCCTTGTCCCTGCCAGCAAAACGCCCCTTTTCTGATCATTCGTGCGCAGAGGGCCTCCCAGTAATGCCACGCTCTTCATGCTAGAGAGCCTTCTCTTTCCTCTGAGGTTTGAACTGATGTTCTGTGTCTTCACACCCTGGCATGA,a8ee3f4b57dea24110064b94f6d668462ac7bd9c787ce1f5042d8543f5d243f3,0.0493627603861517,AGTCAGAGGCACGAACACTAACTCTTAGCATTTTTCTGTAGACTTTTTCTTCTGGCCCTTGTCCCTGCCAGCAAAACGCCCCTTTTCTGATCATTCGTGTGCAGAGGGCCTCCCAGTAATGCCACGCTCTTCATGCTAGAGAGCCTTCTCTTTCCTCTGAGGTTTGAACTGATGTTCTGTGTCTTCACACCCTGGCATGA,580fc18f19fdd8f3e3ff004fad0a9986dff6079fd1d0110e83127015bcd28e85,-0.288723011351647,0.2232810634937157,0.150016509256524,-376.1382246608846,-378.09272126248106,-390.63271817052737,-386.7666452964768,-5.820569475647062,1.0,0.2232810634937157,0.0,4,0.168985246591177,0.17620727786206916,0.145609630836647,0.14542717808067773,1.0
chr1:6259090:C:T;chr1:6259130:A:G;var1;middle;OL41|K562|43fd8f45cb2f0d1c,chr1:6259090:C:T;chr1:6259130:A:G;var1;middle;OL41,K562,K562_region_00013,100,140,40,AAACAACTTTCTCAAATAACCTAGGAGGAGGGCGCCGCACAGCCCAGTCCCAGCATAGCTAAAGGAGAATGCAATGAGAGCCTTCTCCCTACACCACTGCAACACCCGTTTGGGTCTGTACAGTGCGCCCTGATAAACTAATTTCCTCTGGGGACGCTAAAAAGCTCCTCAAACCCAGGCCTCCTCTCCGAAAGCACGCC,28e806f93e80d2a4ad2c4f6f65b1309141cf915f5f38032c7582880ddab831b9,0.0,AAACAACTTTCTCAAATAACCTAGGAGGAGGGCGCCGCACAGCCCAGTCCCAGCATAGCTAAAGGAGAATGCAATGAGAGCCTTCTCCCTACACCACTGTAACACCCGTTTGGGTCTGTACAGTGCGCCCTGATAAACTAATTTCCTCTGGGGACGCTAAAAAGCTCCTCAAACCCAGGCCTCCTCTCCGAAAGCACGCC,2395e57d77b34f9cb852467b7dfd19c78e8a07d7fe8ec487c0a94a087ed2e767,-0.254380802666265,AAACAACTTTCTCAAATAACCTAGGAGGAGGGCGCCGCACAGCCCAGTCCCAGCATAGCTAAAGGAGAATGCAATGAGAGCCTTCTCCCTACACCACTGCAACACCCGTTTGGGTCTGTACAGTGCGCCCTGATAAACTGATTTCCTCTGGGGACGCTAAAAAGCTCCTCAAACCCAGGCCTCCTCTCCGAAAGCACGCC,39715687fc8e8c47b37f18f9ffa663c322e633a7d9b8d62386725edcc4d1406d,-0.633868706070666,AAACAACTTTCTCAAATAACCTAGGAGGAGGGCGCCGCACAGCCCAGTCCCAGCATAGCTAAAGGAGAATGCAATGAGAGCCTTCTCCCTACACCACTGTAACACCCGTTTGGGTCTGTACAGTGCGCCCTGATAAACTGATTTCCTCTGGGGACGCTAAAAAGCTCCTCAAACCCAGGCCTCCTCTCCGAAAGCACGCC,43fd8f45cb2f0d1cd133aa2baa8dfe8d1af387c08cf3b3d0738b4959236234ab,-0.306103529699503,0.5821459790374282,0.305023317786734,-272.9522881507873,-273.92080196738243,-281.4649994522333,-275.5933888852596,6.840124383568821,-1.0,-0.5821459790374282,0.0,2,0.18515424250903287,0.17490732828716207,0.146091925319964,0.21938096011832692,1.0
chr1:6266086:A:G;chr1:6266096:A:G;var1;middle;OL41|K562|f2e135d2b9ac817a,chr1:6266086:A:G;chr1:6266096:A:G;var1;middle;OL41,K562,K562_region_00014,100,110,10,AGTGGCCGGGCCGGAACCAGTGCGCAAAGCAGATGGCGAGCGCGGAGGTCGGTTCGGCCCCGCCGCGCCTCAAGGCAGCAGCCACCCTGGGGAAGGTGGATGCCGGAAGAGGCGTCGCCTGCGGGTCACCCAGAGGACACCCGGCGGGGAATTCCGAGGGTGGGAGTGAGGAGAGGTAGGAGAGGCCACGGCAGAGGGAG,a7e062f03a9729694e676b8caa91f1ced69b4f90ea951f17c282ee8c23be099b,0.0,AGTGGCCGGGCCGGAACCAGTGCGCAAAGCAGATGGCGAGCGCGGAGGTCGGTTCGGCCCCGCCGCGCCTCAAGGCAGCAGCCACCCTGGGGAAGGTGGGTGCCGGAAGAGGCGTCGCCTGCGGGTCACCCAGAGGACACCCGGCGGGGAATTCCGAGGGTGGGAGTGAGGAGAGGTAGGAGAGGCCACGGCAGAGGGAG,92811e07f6e86517575f9ef863adb83e72e700090572af2955ba459ae86e133e,-0.425613959054392,AGTGGCCGGGCCGGAACCAGTGCGCAAAGCAGATGGCGAGCGCGGAGGTCGGTTCGGCCCCGCCGCGCCTCAAGGCAGCAGCCACCCTGGGGAAGGTGGATGCCGGAAGGGGCGTCGCCTGCGGGTCACCCAGAGGACACCCGGCGGGGAATTCCGAGGGTGGGAGTGAGGAGAGGTAGGAGAGGCCACGGCAGAGGGAG,fdf77c547b9c4272258495a440ec5868c533ca15eda6a328c1bd39d44cbb120e,-0.0196106920287506,AGTGGCCGGGCCGGAACCAGTGCGCAAAGCAGATGGCGAGCGCGGAGGTCGGTTCGGCCCCGCCGCGCCTCAAGGCAGCAGCCACCCTGGGGAAGGTGGGTGCCGGAAGGGGCGTCGCCTGCGGGTCACCCAGAGGACACCCGGCGGGGAATTCCGAGGGTGGGAGTGAGGAGAGGTAGGAGAGGCCACGGCAGAGGGAG,f2e135d2b9ac817a9744e168c9f24faa709049a820e9bc75f72920269c34fc86,-0.514011682713139,0.0687870316299964,0.292540298220248,-257.61022694408894,-253.8318197131157,-258.2065569013357,-254.44207958877087,0.01392991840839386,1.0,0.0687870316299964,0.0,0,0.18579394550444267,0.18565657667894103,0.15145376406925343,0.2561514180159929,1.0
chr1:6652718:G:A;chr1:6652745:G:A;var1;middle;OL31|K562|0d84b430dba45748,chr1:6652718:G:A;chr1:6652745:G:A;var1;middle;OL31,K562,K562_region_00015,100,127,27,AGAAGCAGTGGGACTCCTCACGCGCAGGCCCAGCAAGGGCTTGGGCACCCGCAGCTGTCTGCTTGGCTGGGTGTCAATGATCACCTCCCAGGGCCTCCCGGGAAGGAGAGGGTGAGAGGTGAGGACGCAAGAGCCAGTCAGGGGGTAGGAGCAGGGGGCTATGGCTGAGGAGGCCCAGCATCTGATAGGACCACATCCTC,4134ce60ac31043d9bbf8bdf86ae68e0c159b7c8436c52c28749058e93eff1f4,0.0,AGAAGCAGTGGGACTCCTCACGCGCAGGCCCAGCAAGGGCTTGGGCACCCGCAGCTGTCTGCTTGGCTGGGTGTCAATGATCACCTCCCAGGGCCTCCCAGGAAGGAGAGGGTGAGAGGTGAGGACGCAAGAGCCAGTCAGGGGGTAGGAGCAGGGGGCTATGGCTGAGGAGGCCCAGCATCTGATAGGACCACATCCTC,cddff97f488df9d8f919fb48370b5f453019db2edf447202e2c9eaa81b7bca0c,-0.148362129395141,AGAAGCAGTGGGACTCCTCACGCGCAGGCCCAGCAAGGGCTTGGGCACCCGCAGCTGTCTGCTTGGCTGGGTGTCAATGATCACCTCCCAGGGCCTCCCGGGAAGGAGAGGGTGAGAGGTGAGGACACAAGAGCCAGTCAGGGGGTAGGAGCAGGGGGCTATGGCTGAGGAGGCCCAGCATCTGATAGGACCACATCCTC,d96ed2e43f5440268e602bb89d5cc0cbf2a2b6c2ca611727cee2da2804131b34,-0.0181522330544899,AGAAGCAGTGGGACTCCTCACGCGCAGGCCCAGCAAGGGCTTGGGCACCCGCAGCTGTCTGCTTGGCTGGGTGTCAATGATCACCTCCCAGGGCCTCCCAGGAAGGAGAGGGTGAGAGGTGAGGACACAAGAGCCAGTCAGGGGGTAGGAGCAGGGGGCTATGGCTGAGGAGGCCCAGCATCTGATAGGACCACATCCTC,0d84b430dba4574887ba65dcc49833557e9859d2921c392fef28be645f726a34,0.0620044098070077,0.2285187722566386,0.179209305439877,-347.7964500878006,-350.3592944471165,-335.9033028311096,-338.1041136272252,0.36203356320032754,-1.0,-0.2285187722566386,0.0,1,0.18273350705427102,0.18216460459877223,0.1501433469024087,-0.04176091956939609,1.0
chr1:68720412:G:T;chr1:68720435:C:T;var1;middle;OL27|K562|b07b2ffa1bc42d7d,chr1:68720412:G:T;chr1:68720435:C:T;var1;middle;OL27,K562,K562_region_00070,100,123,23,GTGTTATGGGCTGAGCAGTCTTTTCCTAAAATTTGTATGTGAAAACCCTCACTCTCCGCACCTGAAAATGTGACTGTATGTGGAAATAAAGCTTTTAAAGAGGTTGTTAAATTAAGATGAGACTGTTAGTGTGGGTCCTTATCCAATCCAACTGGTGTCCTTGTAAAGAAGAGGAGATTAAGACACTGGAGGCACACCAA,1a6376636befad67391188187868299a4f9031ea0c048847fc91d673acabbfb6,0.0,GTGTTATGGGCTGAGCAGTCTTTTCCTAAAATTTGTATGTGAAAACCCTCACTCTCCGCACCTGAAAATGTGACTGTATGTGGAAATAAAGCTTTTAAATAGGTTGTTAAATTAAGATGAGACTGTTAGTGTGGGTCCTTATCCAATCCAACTGGTGTCCTTGTAAAGAAGAGGAGATTAAGACACTGGAGGCACACCAA,2dc69de27b0f6fa53249488b65e70631de80b22b048938c9fb2d6290966e1088,-0.0154714899933543,GTGTTATGGGCTGAGCAGTCTTTTCCTAAAATTTGTATGTGAAAACCCTCACTCTCCGCACCTGAAAATGTGACTGTATGTGGAAATAAAGCTTTTAAAGAGGTTGTTAAATTAAGATGAGATTGTTAGTGTGGGTCCTTATCCAATCCAACTGGTGTCCTTGTAAAGAAGAGGAGATTAAGACACTGGAGGCACACCAA,90f39c6e6a37eb66b7195e3f5e797c5d4409b853721b453ace519ee1fe1b07ec,-0.108123411098803,GTGTTATGGGCTGAGCAGTCTTTTCCTAAAATTTGTATGTGAAAACCCTCACTCTCCGCACCTGAAAATGTGACTGTATGTGGAAATAAAGCTTTTAAATAGGTTGTTAAATTAAGATGAGATTGTTAGTGTGGGTCCTTATCCAATCCAACTGGTGTCCTTGTAAAGAAGAGGAGATTAAGACACTGGAGGCACACCAA,b07b2ffa1bc42d7dcd2580c6760f2e1136cd8efd72d999338a1dec4139b51b90,-0.020350352716518,0.1032445483756392,0.120115204865863,-332.8800038194749,-340.01880452467594,-330.55665831419174,-338.8868992837379,-1.1914402643450899,-1.0,-0.1032445483756392,0.0,0,0.18424578202003625,0.18565657667894103,0.15145376406925343,0.0441004528320193,1.0
chr1:68720412:G:T;chr1:68720448:T:A;var1;middle;OL27|K562|f84fd788a025057c,chr1:68720412:G:T;chr1:68720448:T:A;var1;middle;OL27,K562,K562_region_00070,100,136,36,GTGTTATGGGCTGAGCAGTCTTTTCCTAAAATTTGTATGTGAAAACCCTCACTCTCCGCACCTGAAAATGTGACTGTATGTGGAAATAAAGCTTTTAAAGAGGTTGTTAAATTAAGATGAGACTGTTAGTGTGGGTCCTTATCCAATCCAACTGGTGTCCTTGTAAAGAAGAGGAGATTAAGACACTGGAGGCACACCAA,1a6376636befad67391188187868299a4f9031ea0c048847fc91d673acabbfb6,0.0,GTGTTATGGGCTGAGCAGTCTTTTCCTAAAATTTGTATGTGAAAACCCTCACTCTCCGCACCTGAAAATGTGACTGTATGTGGAAATAAAGCTTTTAAATAGGTTGTTAAATTAAGATGAGACTGTTAGTGTGGGTCCTTATCCAATCCAACTGGTGTCCTTGTAAAGAAGAGGAGATTAAGACACTGGAGGCACACCAA,2dc69de27b0f6fa53249488b65e70631de80b22b048938c9fb2d6290966e1088,-0.01477654191257,GTGTTATGGGCTGAGCAGTCTTTTCCTAAAATTTGTATGTGAAAACCCTCACTCTCCGCACCTGAAAATGTGACTGTATGTGGAAATAAAGCTTTTAAAGAGGTTGTTAAATTAAGATGAGACTGTTAGTGTGGGACCTTATCCAATCCAACTGGTGTCCTTGTAAAGAAGAGGAGATTAAGACACTGGAGGCACACCAA,840f3998c6eb0d0498786cc6e0955b76d262820833109a373af4adc9b0c87e32,0.122831488374251,GTGTTATGGGCTGAGCAGTCTTTTCCTAAAATTTGTATGTGAAAACCCTCACTCTCCGCACCTGAAAATGTGACTGTATGTGGAAATAAAGCTTTTAAATAGGTTGTTAAATTAAGATGAGACTGTTAGTGTGGGACCTTATCCAATCCAACTGGTGTCCTTGTAAAGAAGAGGAGATTAAGACACTGGAGGCACACCAA,f84fd788a025057cb1ce685a591cf2055ac03fe54f7e68df1c1d5004c0f24649,0.031150628048463,-0.076904318413218,0.142043848898913,-332.8800038194749,-340.01880452467594,-340.3674165025586,-348.83292723598424,-1.3267100282245678,-1.0,0.076904318413218,0.0,0,0.18407204310399297,0.18565657667894103,0.15145376406925343,0.07705027111695682,1.0
chr1:68720435:C:T;chr1:68720448:T:A;var1;middle;OL27|K562|2c3fdfb06436bb29,chr1:68720435:C:T;chr1:68720448:T:A;var1;middle;OL27,K562,K562_region_00070,100,113,13,TCCTAAAATTTGTATGTGAAAACCCTCACTCTCCGCACCTGAAAATGTGACTGTATGTGGAAATAAAGCTTTTAAAGAGGTTGTTAAATTAAGATGAGACTGTTAGTGTGGGTCCTTATCCAATCCAACTGGTGTCCTTGTAAAGAAGAGGAGATTAAGACACTGGAGGCACACCAAGGATGTGAGCAAACAGAGAAAAT,2bfb1a1a05cffb482d9e6b282c975edc06369a7858315adf0444cf598dec4b0d,0.0,TCCTAAAATTTGTATGTGAAAACCCTCACTCTCCGCACCTGAAAATGTGACTGTATGTGGAAATAAAGCTTTTAAAGAGGTTGTTAAATTAAGATGAGATTGTTAGTGTGGGTCCTTATCCAATCCAACTGGTGTCCTTGTAAAGAAGAGGAGATTAAGACACTGGAGGCACACCAAGGATGTGAGCAAACAGAGAAAAT,6cd275e968d8b4369fe7dd0b4d4127ea4066c8369ad7e1883e038776b690a575,0.1225602195652,TCCTAAAATTTGTATGTGAAAACCCTCACTCTCCGCACCTGAAAATGTGACTGTATGTGGAAATAAAGCTTTTAAAGAGGTTGTTAAATTAAGATGAGACTGTTAGTGTGGGACCTTATCCAATCCAACTGGTGTCCTTGTAAAGAAGAGGAGATTAAGACACTGGAGGCACACCAAGGATGTGAGCAAACAGAGAAAAT,cd999963560ef68904a0f7f11de5077998a3199a3456bf297b32d21784705e2e,0.221565836857486,TCCTAAAATTTGTATGTGAAAACCCTCACTCTCCGCACCTGAAAATGTGACTGTATGTGGAAATAAAGCTTTTAAAGAGGTTGTTAAATTAAGATGAGATTGTTAGTGTGGGACCTTATCCAATCCAACTGGTGTCCTTGTAAAGAAGAGGAGATTAAGACACTGGAGGCACACCAAGGATGTGAGCAAACAGAGAAAAT,2c3fdfb06436bb29726b6b4e4893d73fadc3d4efa84cc8e92904bf5a38347d5c,0.156642787753659,0.187483268669027,0.139656623004282,-371.56353362160735,-355.08774911868386,-367.964284516871,-318.2098162062466,-33.27868380770087,1.0,0.187483268669027,0.0,0,0.14303329851924013,0.18565657667894103,0.15145376406925343,0.153187245355835,1.0
chr1:72751134:C:T;chr1:72751185:T:C;var1;middle;OL41|K562|aaa0ffd2f1213acb,chr1:72751134:C:T;chr1:72751185:T:C;var1;middle;OL41,K562,K562_region_00071,100,151,51,CAACCCTTCAGGCTTGTAAACGGAAACTGGAGCCACTTCTTTTAAAGACAGTTTCCTTTCCTTATTTCTAGTTTTTTATCTCAACTACCATTCACAGATCACACTTAACTCTTGGAGAACCCATCTAAAGAAAGCAATGACTGAACTTAGTGTATAGATGTCTGGATTATGGGGGAAAGTATTTACAGGTACGTCACTAT,3049f012d22eecd5fb6f900a5639b7b8fe1eaad16b5e7671b02c9ecb47bc39fd,0.0,CAACCCTTCAGGCTTGTAAACGGAAACTGGAGCCACTTCTTTTAAAGACAGTTTCCTTTCCTTATTTCTAGTTTTTTATCTCAACTACCATTCACAGATTACACTTAACTCTTGGAGAACCCATCTAAAGAAAGCAATGACTGAACTTAGTGTATAGATGTCTGGATTATGGGGGAAAGTATTTACAGGTACGTCACTAT,5fea348ba3bed532885663ce31037c4943b7c5285e673f207c6775e1d7e5b5fa,-0.219326203401439,CAACCCTTCAGGCTTGTAAACGGAAACTGGAGCCACTTCTTTTAAAGACAGTTTCCTTTCCTTATTTCTAGTTTTTTATCTCAACTACCATTCACAGATCACACTTAACTCTTGGAGAACCCATCTAAAGAAAGCAATGACTGAACTTAGCGTATAGATGTCTGGATTATGGGGGAAAGTATTTACAGGTACGTCACTAT,1a19fb0ad39232639cd3e583250afc9773828b519bfb237111e06082b3e726bf,0.457460710186133,CAACCCTTCAGGCTTGTAAACGGAAACTGGAGCCACTTCTTTTAAAGACAGTTTCCTTTCCTTATTTCTAGTTTTTTATCTCAACTACCATTCACAGATTACACTTAACTCTTGGAGAACCCATCTAAAGAAAGCAATGACTGAACTTAGCGTATAGATGTCTGGATTATGGGGGAAAGTATTTACAGGTACGTCACTAT,aaa0ffd2f1213acba3ea37846efbbf6e82619c9fa6250038f19077ad344f31eb,0.080980431553612,-0.157154075231082,0.204349559021911,-386.9516911953688,-383.4972672462464,-375.9174379520118,-370.1748347617686,2.2881792411207584,-1.0,0.157154075231082,0.0,2,0.17852624234858738,0.17490732828716207,0.146091925319964,0.11716282722890634,1.0
chr1:75219066:C:G;chr1:75219125:T:C;var1;middle;OL41|K562|e8ed272cf085dc2e,chr1:75219066:C:G;chr1:75219125:T:C;var1;middle;OL41,K562,K562_region_00072,100,159,59,TTCTTTCCTCATTCATGACCATCACAATAGCCTCATTCAGGATGCTTCTGGTATGCCTCTCTGCTAAGCCATTCTTTATCAAATCATGTTTGTAAAGTGCAAAGGATTCCTGTTGCTTAACTTGCCTGCTTAAGATTCTTTAATACTTAGAACTTTTTTTGAAGCATTGAAGGCCAACAAGTGCTAGTGGTGGCAGTGTA,29ca7e3c6014b6b848e49af0707b514c64b59f05c4750e6f0a89bbf0a8754942,0.0,TTCTTTCCTCATTCATGACCATCACAATAGCCTCATTCAGGATGCTTCTGGTATGCCTCTCTGCTAAGCCATTCTTTATCAAATCATGTTTGTAAAGTGGAAAGGATTCCTGTTGCTTAACTTGCCTGCTTAAGATTCTTTAATACTTAGAACTTTTTTTGAAGCATTGAAGGCCAACAAGTGCTAGTGGTGGCAGTGTA,964b141997a3e44610aeaf1754549ad4273b1a672b9ad80ef12cdf9c022eb2df,-0.255685763718804,TTCTTTCCTCATTCATGACCATCACAATAGCCTCATTCAGGATGCTTCTGGTATGCCTCTCTGCTAAGCCATTCTTTATCAAATCATGTTTGTAAAGTGCAAAGGATTCCTGTTGCTTAACTTGCCTGCTTAAGATTCTTTAATACTTAGAACTTTTTCTGAAGCATTGAAGGCCAACAAGTGCTAGTGGTGGCAGTGTA,85e266f00037d7c8861e0f58210d7310df3ce400ee4706368df026ccc2e2fed1,-0.3039310669173,TTCTTTCCTCATTCATGACCATCACAATAGCCTCATTCAGGATGCTTCTGGTATGCCTCTCTGCTAAGCCATTCTTTATCAAATCATGTTTGTAAAGTGGAAAGGATTCCTGTTGCTTAACTTGCCTGCTTAAGATTCTTTAATACTTAGAACTTTTTCTGAAGCATTGAAGGCCAACAAGTGCTAGTGGTGGCAGTGTA,e8ed272cf085dc2e6cde6f47491165e960784d8b639f6ec06048374e9f6d49cf,-0.261041469127376,0.298575361508728,0.281449437755716,-343.85487351281336,-334.8658762679552,-336.3687739601592,-330.058983577881,-2.679206862580031,-1.0,-0.298575361508728,0.0,3,0.17607657635003926,0.18106719778262317,0.1474303780702046,-0.014452995483077297,1.0
chr1:76612002:A:G;chr1:76612053:G:A;var1;middle;OL29|K562|137f4d22bac17504,chr1:76612002:A:G;chr1:76612053:G:A;var1;middle;OL29,K562,K562_region_00073,100,151,51,CTTCAAAATTCACTGTCCTTCTCTATCCCTTCAGGATTGATTGCAGGGGTGATCCAGGATGGTGTCTGTCTAAAGCCTTAACTTCTCTCCCTTCATAAAAGGAAGATTATCCCTTTTTTAATTCCTTGTTTTCATTGATGTCAGATGAGAGGCATTCAGAAGGAGTGTTAGCATTCACTGCACTTTCCCTGAAAGTGGCT,0d95d78fc95bd090ad299e02cf7a3ae75f773dee68eba6abe3ddcdd3b2a76676,0.0,CTTCAAAATTCACTGTCCTTCTCTATCCCTTCAGGATTGATTGCAGGGGTGATCCAGGATGGTGTCTGTCTAAAGCCTTAACTTCTCTCCCTTCATAAAGGGAAGATTATCCCTTTTTTAATTCCTTGTTTTCATTGATGTCAGATGAGAGGCATTCAGAAGGAGTGTTAGCATTCACTGCACTTTCCCTGAAAGTGGCT,0348240680197d18ca8e17ca0eb71daa33b0cc6109dbe69537174a569d616862,-0.177093589251697,CTTCAAAATTCACTGTCCTTCTCTATCCCTTCAGGATTGATTGCAGGGGTGATCCAGGATGGTGTCTGTCTAAAGCCTTAACTTCTCTCCCTTCATAAAAGGAAGATTATCCCTTTTTTAATTCCTTGTTTTCATTGATGTCAGATGAGAAGCATTCAGAAGGAGTGTTAGCATTCACTGCACTTTCCCTGAAAGTGGCT,f98f32c3bf874d41545e722f5695db5c93d2924fdc2db57e75ca099dbcd97f79,-0.0217648156894137,CTTCAAAATTCACTGTCCTTCTCTATCCCTTCAGGATTGATTGCAGGGGTGATCCAGGATGGTGTCTGTCTAAAGCCTTAACTTCTCTCCCTTCATAAAGGGAAGATTATCCCTTTTTTAATTCCTTGTTTTCATTGATGTCAGATGAGAAGCATTCAGAAGGAGTGTTAGCATTCACTGCACTTTCCCTGAAAGTGGCT,137f4d22bac17504d013886fb435e5968e5e9a12e26a26dbb072daec7d74f943,-0.0686199720175745,0.1302384329235361,0.13536249748907,-252.45856395363808,-252.6087474226952,-251.64270135760307,-251.8603632748127,-0.06747844815254211,-1.0,-0.1302384329235361,0.0,1,0.18229650440947812,0.18216460459877223,0.1501433469024087,0.08828412768537593,1.0
chr1:82957845:T:C;chr1:82957871:G:C;var1;middle;OL28|K562|83c279bf616623cc,chr1:82957845:T:C;chr1:82957871:G:C;var1;middle;OL28,K562,K562_region_00074,100,126,26,GGTGGTTTTCATTAAAAAGCAACATTAGACCCACCTTAATAGCCAGTAGAGTATGAAAAAAAATTACTCCAAATAGATCTGAGAAAATGGGCACCAACATAGATGTTTCTGTGTGGGAGCCTCTGGCCTTCCTCCCTTTTCCAAATATACAGCACTGAGTGGTGGCTGTCAGGGTCAGGAGAGGAGGAAGTTCTCAGATG,1443b659d55abac4dfc30ec1290a4151cfb118aa9bd4e7801c77c4507214bfe2,0.0,GGTGGTTTTCATTAAAAAGCAACATTAGACCCACCTTAATAGCCAGTAGAGTATGAAAAAAAATTACTCCAAATAGATCTGAGAAAATGGGCACCAACACAGATGTTTCTGTGTGGGAGCCTCTGGCCTTCCTCCCTTTTCCAAATATACAGCACTGAGTGGTGGCTGTCAGGGTCAGGAGAGGAGGAAGTTCTCAGATG,155a7b7b969063af0a54f3e30a62c2bce6827758461c165a6f8ac6b6023972b2,0.0385497638737084,GGTGGTTTTCATTAAAAAGCAACATTAGACCCACCTTAATAGCCAGTAGAGTATGAAAAAAAATTACTCCAAATAGATCTGAGAAAATGGGCACCAACATAGATGTTTCTGTGTGGGAGCCTCTGCCCTTCCTCCCTTTTCCAAATATACAGCACTGAGTGGTGGCTGTCAGGGTCAGGAGAGGAGGAAGTTCTCAGATG,50864da5ba786f0cd2b6bd07c63dbc544c495c93239a71dbc028924b19255590,-0.0385935989587164,GGTGGTTTTCATTAAAAAGCAACATTAGACCCACCTTAATAGCCAGTAGAGTATGAAAAAAAATTACTCCAAATAGATCTGAGAAAATGGGCACCAACACAGATGTTTCTGTGTGGGAGCCTCTGCCCTTCCTCCCTTTTCCAAATATACAGCACTGAGTGGTGGCTGTCAGGGTCAGGAGAGGAGGAAGTTCTCAGATG,83c279bf616623ccdd5f95099ce1d5a1d34ca3c040fd6f5e029261008a621cf3,0.192700540706166,0.1927443757911739,0.11918970757095,-339.02893987251446,-342.01121765444987,-335.3424800056964,-336.8974802531302,1.427277534501627,-1.0,-0.1927443757911739,0.0,3,0.1843477973161584,0.18106719778262317,0.1474303780702046,0.1420008533880654,1.0
chr1:86174772:T:C;chr1:86174814:T:C;var1;middle;OL41|K562|2476d555e7b567c9,chr1:86174772:T:C;chr1:86174814:T:C;var1;middle;OL41,K562,K562_region_00075,100,142,42,GAAGCCTCCTGGGCCACACCCTAGGCCACCCTCCACGCCCTACTGGGTGTAAACAGTGGAGGAGACCGGCAGAGGGAGAGAAGCGAAACCCTTACACTCTGGAAATGGGAAAACCCACCCTTATCTGTGTTAACCATTAAATCCAATCTTGTATGAAAAAGGACACACCTGATGTTACACCTTTGCAAGCTTTAGTTTCT,925609e86d76d1bff214184afbb4d392a4ce244323f8fabddc64c3bd7f66d91f,0.0,GAAGCCTCCTGGGCCACACCCTAGGCCACCCTCCACGCCCTACTGGGTGTAAACAGTGGAGGAGACCGGCAGAGGGAGAGAAGCGAAACCCTTACACTCCGGAAATGGGAAAACCCACCCTTATCTGTGTTAACCATTAAATCCAATCTTGTATGAAAAAGGACACACCTGATGTTACACCTTTGCAAGCTTTAGTTTCT,17441bb4c4d5a6c10ad4d2ae1d58f5c543d4edc18dbda25d7906e99a50a40e97,0.743199134666415,GAAGCCTCCTGGGCCACACCCTAGGCCACCCTCCACGCCCTACTGGGTGTAAACAGTGGAGGAGACCGGCAGAGGGAGAGAAGCGAAACCCTTACACTCTGGAAATGGGAAAACCCACCCTTATCTGTGTTAACCATTAAACCCAATCTTGTATGAAAAAGGACACACCTGATGTTACACCTTTGCAAGCTTTAGTTTCT,43d9359bcf726409c48967b9687f61a77a6ead953a990ca3955894ad57a5f478,0.298793259188272,GAAGCCTCCTGGGCCACACCCTAGGCCACCCTCCACGCCCTACTGGGTGTAAACAGTGGAGGAGACCGGCAGAGGGAGAGAAGCGAAACCCTTACACTCCGGAAATGGGAAAACCCACCCTTATCTGTGTTAACCATTAAACCCAATCTTGTATGAAAAAGGACACACCTGATGTTACACCTTTGCAAGCTTTAGTTTCT,2476d555e7b567c98da4d9ca71d2a57bb1c3e415a112acab65d4d39d9caf7f64,1.25240660809807,-0.2104142142433831,0.475203715296082,-372.0244552108925,-379.9746335414238,-373.7531317209359,-382.6241759548429,0.9208659033756135,1.0,-0.2104142142433831,0.0,2,0.17653532357906104,0.17490732828716207,0.146091925319964,0.23517655024516604,1.0
chr1:87751406:G:A;chr1:87751490:G:C;var1;middle;OL27|K562|4bbcd44efe04e660,chr1:87751406:G:A;chr1:87751490:G:C;var1;middle;OL27,K562,K562_region_00076,100,184,84,TACAAAAGGTTCCCATATATCCCATGCCAAGCTTCCCATATGAATACCTTATATTGGTACAGCACATTTGTCGCTATTAATAAACCAGTATCCAGGGCCGGGTGCAGTGGCTCACGCCTGTAATCCCAGCACTTTGGGAGGCCGAGGCAGGTGGATCACCTGAGGTCAGGAGTTCGAGACCAGGCTGACCAACATGGGAA,deabaf292e8fda78996b48b698398c52d52485b0092316136bf6d76012ee9e41,0.0,TACAAAAGGTTCCCATATATCCCATGCCAAGCTTCCCATATGAATACCTTATATTGGTACAGCACATTTGTCGCTATTAATAAACCAGTATCCAGGGCCAGGTGCAGTGGCTCACGCCTGTAATCCCAGCACTTTGGGAGGCCGAGGCAGGTGGATCACCTGAGGTCAGGAGTTCGAGACCAGGCTGACCAACATGGGAA,e39a390cf5727ea1d5b46f576de06cc6c72a8a46527fef80334904c1ab6a6210,0.0699978380270219,TACAAAAGGTTCCCATATATCCCATGCCAAGCTTCCCATATGAATACCTTATATTGGTACAGCACATTTGTCGCTATTAATAAACCAGTATCCAGGGCCGGGTGCAGTGGCTCACGCCTGTAATCCCAGCACTTTGGGAGGCCGAGGCAGGTGGATCACCTGAGGTCAGGAGTTCGAGACCAGCCTGACCAACATGGGAA,5079802a4baaaed9ec1a8aa47ac6a80eb1184a37c09c1b1d8ad440071c8ec3ef,0.0729500606252268,TACAAAAGGTTCCCATATATCCCATGCCAAGCTTCCCATATGAATACCTTATATTGGTACAGCACATTTGTCGCTATTAATAAACCAGTATCCAGGGCCAGGTGCAGTGGCTCACGCCTGTAATCCCAGCACTTTGGGAGGCCGAGGCAGGTGGATCACCTGAGGTCAGGAGTTCGAGACCAGCCTGACCAACATGGGAA,4bbcd44efe04e660a00bc82a5833c2b4e32de5b3498530f58e20992367fb0770,0.195238666879718,-0.0522907682274692,0.209301818722693,-175.27864703768864,-178.9039206202142,-172.91150827193633,-176.06790494639426,-0.46887690806761384,1.0,-0.0522907682274692,0.0,0,0.18517383401548512,0.18565657667894103,0.15145376406925343,0.27030204939608854,1.0
chr1:88292547:T:A;chr1:88292560:T:G;var1;middle;OL41|K562|c91aa9d7ebb993ed,chr1:88292547:T:A;chr1:88292560:T:G;var1;middle;OL41,K562,K562_region_00077,100,113,13,TTTGTATGGGACATTTAAGCAATTCTAGCCAATGGGCTTTTGCGTTAGGGTAGGCCCCAGGCAGGGAGCAGCCTCAATTGGAAACAGGAACTGAAAGTGTTCTTGGTAAAACTCTCCCTCTGCCCAAATCGAGCTGTCTAACTCAATGCCTGACCTTCTTTAAACAGGTCACCTCAGAATTATGGAGCAGTTTGATAAGC,bcea7329e78d18c2c5d39ef72dc052034aebfb945aef40c9be6414da2f82e383,0.0,TTTGTATGGGACATTTAAGCAATTCTAGCCAATGGGCTTTTGCGTTAGGGTAGGCCCCAGGCAGGGAGCAGCCTCAATTGGAAACAGGAACTGAAAGTGATCTTGGTAAAACTCTCCCTCTGCCCAAATCGAGCTGTCTAACTCAATGCCTGACCTTCTTTAAACAGGTCACCTCAGAATTATGGAGCAGTTTGATAAGC,2324ba9ea8d6dd0e31ec8632a689d09bd14e24116b72a624e037a14bf947c04d,-0.258598941417707,TTTGTATGGGACATTTAAGCAATTCTAGCCAATGGGCTTTTGCGTTAGGGTAGGCCCCAGGCAGGGAGCAGCCTCAATTGGAAACAGGAACTGAAAGTGTTCTTGGTAAAACGCTCCCTCTGCCCAAATCGAGCTGTCTAACTCAATGCCTGACCTTCTTTAAACAGGTCACCTCAGAATTATGGAGCAGTTTGATAAGC,f30ff18cc088ea4438cd83f08a59e94b90bae62f7de0e66f6381ed5388bfafc3,-0.110589848568877,TTTGTATGGGACATTTAAGCAATTCTAGCCAATGGGCTTTTGCGTTAGGGTAGGCCCCAGGCAGGGAGCAGCCTCAATTGGAAACAGGAACTGAAAGTGATCTTGGTAAAACGCTCCCTCTGCCCAAATCGAGCTGTCTAACTCAATGCCTGACCTTCTTTAAACAGGTCACCTCAGAATTATGGAGCAGTTTGATAAGC,c91aa9d7ebb993edd168db7ae7b3bb8146d2f2814467a8eeebce34f842ebd094,-0.153102104601134,0.21608668538545,0.151940800796787,-381.5026681870222,-394.1926421467215,-393.16680819541216,-406.2108387807384,-0.35405662562698126,-1.0,-0.21608668538545,0.0,1,0.18200492834597806,0.18216460459877223,0.1501433469024087,0.26931894462203737,1.0
chr1:90228305:C:A;chr1:90228377:C:A;var1;middle;OL41|K562|399f5342bc024866,chr1:90228305:C:A;chr1:90228377:C:A;var1;middle;OL41,K562,K562_region_00078,100,172,72,ACCTGCTCCACTGCTATTCGGCTGTGCGAGGTCTCTGCGGCCCCGCTGTCTCCGGGCATCTAGGGTAACATCTCTTTCCATTTCAGACCTGGGACTGGTCTGAAACTGTATAATGGAATGGCCCTGGGCAAGCAGGGAAAGGACGTTGGGAATTTCCGGAAGCACAATCCCCCTGGCCAGCACTGGTGTTAATTAAGGGC,726667f82fba291bdef8e475344aa18d52ae2c30be7e1c0353ea95e7d2211954,0.0,ACCTGCTCCACTGCTATTCGGCTGTGCGAGGTCTCTGCGGCCCCGCTGTCTCCGGGCATCTAGGGTAACATCTCTTTCCATTTCAGACCTGGGACTGGTATGAAACTGTATAATGGAATGGCCCTGGGCAAGCAGGGAAAGGACGTTGGGAATTTCCGGAAGCACAATCCCCCTGGCCAGCACTGGTGTTAATTAAGGGC,b938173ce82f15c020a3cb4731548927d2c204d88becedfe8c721e387a9c5cbf,0.224769043943496,ACCTGCTCCACTGCTATTCGGCTGTGCGAGGTCTCTGCGGCCCCGCTGTCTCCGGGCATCTAGGGTAACATCTCTTTCCATTTCAGACCTGGGACTGGTCTGAAACTGTATAATGGAATGGCCCTGGGCAAGCAGGGAAAGGACGTTGGGAATTTCCGGAAGCACAATCCCACTGGCCAGCACTGGTGTTAATTAAGGGC,fa82889dd9811c9525ffe0c0f956aaa50f5e0e90b0850e27e6b585e8e613e7b0,0.729553083499912,ACCTGCTCCACTGCTATTCGGCTGTGCGAGGTCTCTGCGGCCCCGCTGTCTCCGGGCATCTAGGGTAACATCTCTTTCCATTTCAGACCTGGGACTGGTATGAAACTGTATAATGGAATGGCCCTGGGCAAGCAGGGAAAGGACGTTGGGAATTTCCGGAAGCACAATCCCACTGGCCAGCACTGGTGTTAATTAAGGGC,399f5342bc0248669c96266f1498614922bf664a18a4a3eb8a2db3cc596b2b58,0.934881546974277,0.0194405804691309,0.329192114684507,-317.10843771649525,-328.4637771383859,-330.984702256741,-337.7162533828523,-4.623788295779377,1.0,0.0194405804691309,0.0,2,0.16846185876971811,0.17490732828716207,0.146091925319964,0.29480391893760005,1.0
chr1:90228306:T:A;chr1:90228377:C:A;var1;middle;OL41|K562|b3ce1fd2f7bded6a,chr1:90228306:T:A;chr1:90228377:C:A;var1;middle;OL41,K562,K562_region_00078,100,171,71,CCTGCTCCACTGCTATTCGGCTGTGCGAGGTCTCTGCGGCCCCGCTGTCTCCGGGCATCTAGGGTAACATCTCTTTCCATTTCAGACCTGGGACTGGTCTGAAACTGTATAATGGAATGGCCCTGGGCAAGCAGGGAAAGGACGTTGGGAATTTCCGGAAGCACAATCCCCCTGGCCAGCACTGGTGTTAATTAAGGGCG,fe79d34f6941e8d56b65502fa9f66c350275383239b47ad31d6b315ceb5ac626,0.0,CCTGCTCCACTGCTATTCGGCTGTGCGAGGTCTCTGCGGCCCCGCTGTCTCCGGGCATCTAGGGTAACATCTCTTTCCATTTCAGACCTGGGACTGGTCAGAAACTGTATAATGGAATGGCCCTGGGCAAGCAGGGAAAGGACGTTGGGAATTTCCGGAAGCACAATCCCCCTGGCCAGCACTGGTGTTAATTAAGGGCG,49c5f5bf2fe74a8515c6d0075e90727fc0ca4fd90f647667dd69e3694ec445f8,-0.347420721538354,CCTGCTCCACTGCTATTCGGCTGTGCGAGGTCTCTGCGGCCCCGCTGTCTCCGGGCATCTAGGGTAACATCTCTTTCCATTTCAGACCTGGGACTGGTCTGAAACTGTATAATGGAATGGCCCTGGGCAAGCAGGGAAAGGACGTTGGGAATTTCCGGAAGCACAATCCCACTGGCCAGCACTGGTGTTAATTAAGGGCG,5ab533c6e2257bfe868f794ad66ef900bbfd0a9718c8c9382b39403a7da8c6ea,0.167834958729278,CCTGCTCCACTGCTATTCGGCTGTGCGAGGTCTCTGCGGCCCCGCTGTCTCCGGGCATCTAGGGTAACATCTCTTTCCATTTCAGACCTGGGACTGGTCAGAAACTGTATAATGGAATGGCCCTGGGCAAGCAGGGAAAGGACGTTGGGAATTTCCGGAAGCACAATCCCACTGGCCAGCACTGGTGTTAATTAAGGGCG,b3ce1fd2f7bded6a40b36b0ca88d66807a44dec5e23d5f9f405308ec4e680997,0.133125503741187,0.312711266550263,0.340018404626357,-290.81619569752365,-301.8877295637503,-318.5585484006442,-326.5288672950119,3.101214971859008,-1.0,-0.312711266550263,0.0,2,0.17971008810795938,0.17490732828716207,0.146091925319964,0.2655205805030096,1.0
chr1:910394:C:T;chr1:910409:T:C;var1;middle;OL41|K562|e65bcd63a5296fc8,chr1:910394:C:T;chr1:910409:T:C;var1;middle;OL41,K562,K562_region_00000,100,115,15,GGTCGGAGGACAGAGAAAGGTCAGCAGGGTCAGAGTATGTGAGGTCAGAGGGCATGAGGGTCACAGGTCAGCAAGGTGTGAGGAGCACAAGCCAGGGTGCCCCGAGGAGGAGGGTGGGTGGGTCCTTGTGTGGCCTGGCGCGCACCACAGGGCAGCACGGGAGACGTTGACACCACCGGACGAGAAAGAAAAAAGAGAGA,91183c7856dac8e279a88483aecd562f606eeab44bbcd188fb6f6c1b0097aef4,0.0,GGTCGGAGGACAGAGAAAGGTCAGCAGGGTCAGAGTATGTGAGGTCAGAGGGCATGAGGGTCACAGGTCAGCAAGGTGTGAGGAGCACAAGCCAGGGTGTCCCGAGGAGGAGGGTGGGTGGGTCCTTGTGTGGCCTGGCGCGCACCACAGGGCAGCACGGGAGACGTTGACACCACCGGACGAGAAAGAAAAAAGAGAGA,0e9638d9fdbc509e479d35b5a67c1da5d33e56b940f6bda39d13943618b6ea99,0.445068704933239,GGTCGGAGGACAGAGAAAGGTCAGCAGGGTCAGAGTATGTGAGGTCAGAGGGCATGAGGGTCACAGGTCAGCAAGGTGTGAGGAGCACAAGCCAGGGTGCCCCGAGGAGGAGGGCGGGTGGGTCCTTGTGTGGCCTGGCGCGCACCACAGGGCAGCACGGGAGACGTTGACACCACCGGACGAGAAAGAAAAAAGAGAGA,efdd75a480d2a4042e031f68ea7db7787ce696b7aceb3e2dd656c56aeecb428c,0.257535523534887,GGTCGGAGGACAGAGAAAGGTCAGCAGGGTCAGAGTATGTGAGGTCAGAGGGCATGAGGGTCACAGGTCAGCAAGGTGTGAGGAGCACAAGCCAGGGTGTCCCGAGGAGGAGGGCGGGTGGGTCCTTGTGTGGCCTGGCGCGCACCACAGGGCAGCACGGGAGACGTTGACACCACCGGACGAGAAAGAAAAAAGAGAGA,e65bcd63a5296fc861ff46a1e10f65b9b07849b7ab93ccf357f1bdf810973084,0.470235665428931,0.2323685630391949,0.265763812147196,-226.3283841684461,-226.36404265649617,-229.79084856808183,-229.96729210019112,0.1407850440591858,1.0,0.2323685630391949,0.0,3,0.18175656290960265,0.18106719778262317,0.1474303780702046,0.12339518353270607,1.0
chr1:91190854:T:G;chr1:91190856:C:A;var1;middle;OL32|K562|ef5651872e4d90cf,chr1:91190854:T:G;chr1:91190856:C:A;var1;middle;OL32,K562,K562_region_00079,100,102,2,AGAATTAAAATACTCTTAACTGGAGCCCCTCCGCCGAGAACTGGAGGTCCCGCCTCCTAGTTCGGCGCTTTCAGGACCCTCTTCCCAGAGGGAATTTCTTTCAGAAATTCCAGGGTGGGCTTGTAAAAGACGCTTCCGCAGAGCAGGTCCCGTCAGGGTCTTTTTCCTGTTCCTGGTGCCAGCGGTCGGCCCGGGCGCCC,80261613973e0eaf90a96735f0355af9cb316d5be1ba000acb957b7c2a49ae05,0.0,AGAATTAAAATACTCTTAACTGGAGCCCCTCCGCCGAGAACTGGAGGTCCCGCCTCCTAGTTCGGCGCTTTCAGGACCCTCTTCCCAGAGGGAATTTCTGTCAGAAATTCCAGGGTGGGCTTGTAAAAGACGCTTCCGCAGAGCAGGTCCCGTCAGGGTCTTTTTCCTGTTCCTGGTGCCAGCGGTCGGCCCGGGCGCCC,f1633ed36d2e6a8bfad98ba1697ae56863930f416e6b28c0d44b4efdf55c588b,0.239999815161067,AGAATTAAAATACTCTTAACTGGAGCCCCTCCGCCGAGAACTGGAGGTCCCGCCTCCTAGTTCGGCGCTTTCAGGACCCTCTTCCCAGAGGGAATTTCTTTAAGAAATTCCAGGGTGGGCTTGTAAAAGACGCTTCCGCAGAGCAGGTCCCGTCAGGGTCTTTTTCCTGTTCCTGGTGCCAGCGGTCGGCCCGGGCGCCC,a36573c37c064f528ef4db13cb3586c2c663e445f1e276fb6b2af34ff7d785d3,0.0719353698430413,AGAATTAAAATACTCTTAACTGGAGCCCCTCCGCCGAGAACTGGAGGTCCCGCCTCCTAGTTCGGCGCTTTCAGGACCCTCTTCCCAGAGGGAATTTCTGTAAGAAATTCCAGGGTGGGCTTGTAAAAGACGCTTCCGCAGAGCAGGTCCCGTCAGGGTCTTTTTCCTGTTCCTGGTGCCAGCGGTCGGCCCGGGCGCCC,ef5651872e4d90cf3a25f7caea1bd6f2d292fd16cf9c36677662f1679b70433b,0.368496312137474,-0.0565611271333656,0.246965786812609,-349.8972919988446,-345.46266348520294,-336.98524323117454,-326.9811039986089,-5.569510718923993,1.0,-0.0565611271333656,0.0,3,0.17025496848710991,0.18106719778262317,0.1474303780702046,0.12072715687881945,1.0
chr1:91530259:C:T;chr1:91530305:C:T;var1;middle;OL29|K562|cdb2d5a177da0fc6,chr1:91530259:C:T;chr1:91530305:C:T;var1;middle;OL29,K562,K562_region_00080,100,146,46,CAAACCAGAGCCTAATCAAGGAGCATTCTCCACCGCAGAGTAGGGAACATTTGCCAAGCAGGGTTTCAGAATTATTACGGACCAGGGACTGTTGTATACCTCCTGTTCTTTCCCATTTTTTGAATGGGAGTCTTTGTTGTAATTACCCTGTACCTGTTCAACAATTGTTGGGTGGGTAGGGGACAGATAACGTTGTTAGC,25d8ed3b1622e930c947e0cda207a55021c0e2698bd2e44f0d22aea3d15a64f0,0.0,CAAACCAGAGCCTAATCAAGGAGCATTCTCCACCGCAGAGTAGGGAACATTTGCCAAGCAGGGTTTCAGAATTATTACGGACCAGGGACTGTTGTATACTTCCTGTTCTTTCCCATTTTTTGAATGGGAGTCTTTGTTGTAATTACCCTGTACCTGTTCAACAATTGTTGGGTGGGTAGGGGACAGATAACGTTGTTAGC,8094197b061c299c110054c30dbf61e2c723fdf99f441794fd76bbf43789029a,0.254723178482427,CAAACCAGAGCCTAATCAAGGAGCATTCTCCACCGCAGAGTAGGGAACATTTGCCAAGCAGGGTTTCAGAATTATTACGGACCAGGGACTGTTGTATACCTCCTGTTCTTTCCCATTTTTTGAATGGGAGTCTTTGTTGTAATTATCCTGTACCTGTTCAACAATTGTTGGGTGGGTAGGGGACAGATAACGTTGTTAGC,e8bdb8f66c9232516b4741c2b51b2ae929896481a5a5cb573c7f7d0db8e1aaea,0.154774145826894,CAAACCAGAGCCTAATCAAGGAGCATTCTCCACCGCAGAGTAGGGAACATTTGCCAAGCAGGGTTTCAGAATTATTACGGACCAGGGACTGTTGTATACTTCCTGTTCTTTCCCATTTTTTGAATGGGAGTCTTTGTTGTAATTATCCTGTACCTGTTCAACAATTGTTGGGTGGGTAGGGGACAGATAACGTTGTTAGC,cdb2d5a177da0fc6daffd890618c5e4ca849c09c16d07de0c33c07f8f24a539d,0.262054710598247,0.1474426137110739,0.164709217254668,-372.9325916096568,-362.49588285852224,-352.5104497978464,-348.49763751914725,6.423896472435445,1.0,0.1474426137110739,0.0,0,0.19402683221194536,0.18565657667894103,0.15145376406925343,0.3326966329055183,1.0
chr1:91966406:G:A;chr1:91966445:A:G;var1;middle;OL41|K562|638e795f0233a189,chr1:91966406:G:A;chr1:91966445:A:G;var1;middle;OL41,K562,K562_region_00081,100,139,39,CGGGAAGAAACCCCACCCTCTTGCGCAAACGCCCAGTAGCGGAATCCGCGGGGTCGAGGGCTTTAGTGTGCGCATGTGCAACCAGAGCGGCGGCGGGAAGTGTTGCGCAGGCGCATCCGATCGACTCGGTAGGTGGGGATCTCTTGGAGACGGCGACCCAGGCATCTGGGGAGCCACAGAAGTCGTACTCCCTTAAACCG,7524d43389cb10a692c8d3e556b2071f0657371382d580a4fd61810e3dfd2ac0,0.0,CGGGAAGAAACCCCACCCTCTTGCGCAAACGCCCAGTAGCGGAATCCGCGGGGTCGAGGGCTTTAGTGTGCGCATGTGCAACCAGAGCGGCGGCGGGAAATGTTGCGCAGGCGCATCCGATCGACTCGGTAGGTGGGGATCTCTTGGAGACGGCGACCCAGGCATCTGGGGAGCCACAGAAGTCGTACTCCCTTAAACCG,ac1afd7522f8121425806e60d5cddbe8846866327fcc69853ffb824001cd299a,-0.279305436541998,CGGGAAGAAACCCCACCCTCTTGCGCAAACGCCCAGTAGCGGAATCCGCGGGGTCGAGGGCTTTAGTGTGCGCATGTGCAACCAGAGCGGCGGCGGGAAGTGTTGCGCAGGCGCATCCGATCGACTCGGTAGGTGGGGGTCTCTTGGAGACGGCGACCCAGGCATCTGGGGAGCCACAGAAGTCGTACTCCCTTAAACCG,505a07a48c0736e4d1408c9b7e477aeee8d490e8177a2d68cfb7c80f393f32d4,-0.407668521055108,CGGGAAGAAACCCCACCCTCTTGCGCAAACGCCCAGTAGCGGAATCCGCGGGGTCGAGGGCTTTAGTGTGCGCATGTGCAACCAGAGCGGCGGCGGGAAATGTTGCGCAGGCGCATCCGATCGACTCGGTAGGTGGGGGTCTCTTGGAGACGGCGACCCAGGCATCTGGGGAGCCACAGAAGTCGTACTCCCTTAAACCG,638e795f0233a1893903ea46d4d8552b406ec6f27679b8301374eae2b4fa5915,-0.700828644504768,0.013854686907662,0.177830229606275,-359.59595627267845,-367.49596938700415,-364.86028366186656,-367.8326598606072,-4.927636915585083,1.0,0.013854686907662,0.0,2,0.16801943061256763,0.17490732828716207,0.146091925319964,0.17506040233315753,1.0
chr1:92021650:A:G;chr1:92021705:A:G;var1;middle;OL41|K562|7c30c4d934ed7244,chr1:92021650:A:G;chr1:92021705:A:G;var1;middle;OL41,K562,K562_region_00082,100,155,55,AGTTGTTACTGTCAGCACCTGGCTGTGGTAGGGGAGGACAGACACCGATGATTCACGAGGCGTGATCCAGAGCATTGTAACCATTAGTAGTAGGTGTGAAGGGAAATCATCAAACCATGTGAAGGTGGGAAAAGTTGTCACAAGTTGCAAATCTATAAGACAAAACTGTAAGACCAATGAAAATATTGAAAAAATTCACT,92598df5f7c3d4f75c0b13226ed50f46088e1abbb17fcac88376380e673b2c24,0.0,AGTTGTTACTGTCAGCACCTGGCTGTGGTAGGGGAGGACAGACACCGATGATTCACGAGGCGTGATCCAGAGCATTGTAACCATTAGTAGTAGGTGTGAGGGGAAATCATCAAACCATGTGAAGGTGGGAAAAGTTGTCACAAGTTGCAAATCTATAAGACAAAACTGTAAGACCAATGAAAATATTGAAAAAATTCACT,638709b57bef41601880cf49a6682af7ea70bc4b4f5e5fa6d15e5fcf5008fd22,0.0510158817129562,AGTTGTTACTGTCAGCACCTGGCTGTGGTAGGGGAGGACAGACACCGATGATTCACGAGGCGTGATCCAGAGCATTGTAACCATTAGTAGTAGGTGTGAAGGGAAATCATCAAACCATGTGAAGGTGGGAAAAGTTGTCACAAGTTGCAAATCTGTAAGACAAAACTGTAAGACCAATGAAAATATTGAAAAAATTCACT,1615cad8f996cb1f87baa4906236c6d04279f319efac88eed586d324d326e5d2,-0.477066272971482,AGTTGTTACTGTCAGCACCTGGCTGTGGTAGGGGAGGACAGACACCGATGATTCACGAGGCGTGATCCAGAGCATTGTAACCATTAGTAGTAGGTGTGAGGGGAAATCATCAAACCATGTGAAGGTGGGAAAAGTTGTCACAAGTTGCAAATCTGTAAGACAAAACTGTAAGACCAATGAAAATATTGAAAAAATTCACT,7c30c4d934ed724427511a38b6dbd1ce9c5427ad9f02b8b936723b9ed923ada1,-0.0225192729224872,0.4035311183360386,0.29671371179401,-371.44686104380526,-373.857898800401,-356.26383252243977,-359.18348818155937,-0.508617902523838,-1.0,-0.4035311183360386,0.0,1,0.18184767154057757,0.18216460459877223,0.1501433469024087,0.06804413272750968,1.0
chr1:920692:G:A;chr1:920733:T:C;var1;middle;OL41|K562|a5d4ec6bd8fa5870,chr1:920692:G:A;chr1:920733:T:C;var1;middle;OL41,K562,K562_region_00001,100,141,41,CACATATACCCCCGGGAGCCACCACAAACGTCTCCAACACTCCCAAACGTTCCTTTGGCCCCTTGGTGATTCTTTCCCTCCCCACACTCAGGCAACCCCGAATCCGCTGTCCCTGCAGAGTAAGTTGCATTGGCTAGAATTGTCCGCTGGGCCCTTCTTCGTACAGGACAGAAAAGTACAACACGCCTGTCCTCTGTGAC,7351d7afde621eff306dd11cb47adffcd27e67cef9ad5c6b899617d05be3a06a,0.0,CACATATACCCCCGGGAGCCACCACAAACGTCTCCAACACTCCCAAACGTTCCTTTGGCCCCTTGGTGATTCTTTCCCTCCCCACACTCAGGCAACCCCAAATCCGCTGTCCCTGCAGAGTAAGTTGCATTGGCTAGAATTGTCCGCTGGGCCCTTCTTCGTACAGGACAGAAAAGTACAACACGCCTGTCCTCTGTGAC,f9f7eeb7f7ce3c99588356762027e5ffa75ef07a56c5f6f515e0b46058aff7f1,-0.11498762052888,CACATATACCCCCGGGAGCCACCACAAACGTCTCCAACACTCCCAAACGTTCCTTTGGCCCCTTGGTGATTCTTTCCCTCCCCACACTCAGGCAACCCCGAATCCGCTGTCCCTGCAGAGTAAGTTGCATTGGCTAGAATCGTCCGCTGGGCCCTTCTTCGTACAGGACAGAAAAGTACAACACGCCTGTCCTCTGTGAC,8b04ac32ed09000b9ee973f9b7dfc967966f5e2cf7a89f8d358c2b2045e687d0,0.0414297581085293,CACATATACCCCCGGGAGCCACCACAAACGTCTCCAACACTCCCAAACGTTCCTTTGGCCCCTTGGTGATTCTTTCCCTCCCCACACTCAGGCAACCCCAAATCCGCTGTCCCTGCAGAGTAAGTTGCATTGGCTAGAATCGTCCGCTGGGCCCTTCTTCGTACAGGACAGAAAAGTACAACACGCCTGTCCTCTGTGAC,a5d4ec6bd8fa58705a96fa2d89b0f09357d06fa6ef85afd394e2c246c2ecba2a,-0.0882785885562519,-0.0147207261359011,0.46831442240282,-362.99790282547474,-358.13994373288006,-374.3998012430966,-368.770925248973,0.7709169015288921,-1.0,0.0147207261359011,0.0,1,0.18314952126467346,0.18216460459877223,0.1501433469024087,0.28552996553069454,1.0
chr1:92149096:C:T;chr1:92149139:C:T;var1;middle;OL31|K562|df3eab2b462cf3ab,chr1:92149096:C:T;chr1:92149139:C:T;var1;middle;OL31,K562,K562_region_00083,100,143,43,CATGTGTTTCACATTGAAAACCCCCAAGCCTGTGAGGGGCTGGTGGAGAAGACCACCATTTTAGCTTTCTCACATGAATTCTAGTGTGGTACAGAAGCCCAGGGTCATGTTTATACTAGCCCTGGGTGTGGGGTGAATACAACGGGTGATCTTTATACTGAAATTCACTCTGTCTTTACAAGGGAACCAAAATCCAGCCC,ee478243dc02e0b9ddeaa22ad0b980ddd664743af6849597b0a66b445432d6ed,0.0,CATGTGTTTCACATTGAAAACCCCCAAGCCTGTGAGGGGCTGGTGGAGAAGACCACCATTTTAGCTTTCTCACATGAATTCTAGTGTGGTACAGAAGCCTAGGGTCATGTTTATACTAGCCCTGGGTGTGGGGTGAATACAACGGGTGATCTTTATACTGAAATTCACTCTGTCTTTACAAGGGAACCAAAATCCAGCCC,73b639d91aa3c7ded80b75b77a9eceeb3ff5822dc9a40e51f8c8ab6fe420ed8b,0.32954761993809,CATGTGTTTCACATTGAAAACCCCCAAGCCTGTGAGGGGCTGGTGGAGAAGACCACCATTTTAGCTTTCTCACATGAATTCTAGTGTGGTACAGAAGCCCAGGGTCATGTTTATACTAGCCCTGGGTGTGGGGTGAATACAATGGGTGATCTTTATACTGAAATTCACTCTGTCTTTACAAGGGAACCAAAATCCAGCCC,e253b1c205918ab8620b65ae14df1558a88a6ed19d1e57cd1b51cfce92947b9d,0.338864588778159,CATGTGTTTCACATTGAAAACCCCCAAGCCTGTGAGGGGCTGGTGGAGAAGACCACCATTTTAGCTTTCTCACATGAATTCTAGTGTGGTACAGAAGCCTAGGGTCATGTTTATACTAGCCCTGGGTGTGGGGTGAATACAATGGGTGATCTTTATACTGAAATTCACTCTGTCTTTACAAGGGAACCAAAATCCAGCCC,df3eab2b462cf3ab94d55033ef173aedef3be51d9df955cb87bfb68503ebdb4a,-0.0176298269757131,0.6860420356919621,0.254785267726396,-320.76308260299265,-325.9023772245273,-293.52868171967566,-307.8720647674054,9.204088426195085,1.0,0.6860420356919621,0.0,2,0.18859636528588772,0.17490732828716207,0.146091925319964,0.25987579548557244,1.0
chr1:9296479:C:G;chr1:9296488:G:A;var1;middle;OL41|K562|80baf69281202717,chr1:9296479:C:G;chr1:9296488:G:A;var1;middle;OL41,K562,K562_region_00016,100,109,9,CTAGCAAGAAGGACTTCATTCGTGAAGCTAATGGTTTAATGATAGAAACTAACATTTCTGGCCGGGCCCAGTGGCTCACGCCTGTAATCCCAACACTTTCGGAGGCCAGGGCGGGCAGGTCACTTGAAGAGTTCAAGACCAGCCTTGCCAACATGGTGAAACCCCGTCTCTACTAAAAATACAAAAATTTGCTGGGCATG,fd94b62a2f821eaf6cd5022e810b926f95a1d3afbcad6d4c35fcf26569bd5e61,0.0,CTAGCAAGAAGGACTTCATTCGTGAAGCTAATGGTTTAATGATAGAAACTAACATTTCTGGCCGGGCCCAGTGGCTCACGCCTGTAATCCCAACACTTTGGGAGGCCAGGGCGGGCAGGTCACTTGAAGAGTTCAAGACCAGCCTTGCCAACATGGTGAAACCCCGTCTCTACTAAAAATACAAAAATTTGCTGGGCATG,9f9b6440d418ab64872f0a9e1e554df88df9807e3b463aa5f4c41958f464133c,0.0049593438451259,CTAGCAAGAAGGACTTCATTCGTGAAGCTAATGGTTTAATGATAGAAACTAACATTTCTGGCCGGGCCCAGTGGCTCACGCCTGTAATCCCAACACTTTCGGAGGCCAAGGCGGGCAGGTCACTTGAAGAGTTCAAGACCAGCCTTGCCAACATGGTGAAACCCCGTCTCTACTAAAAATACAAAAATTTGCTGGGCATG,ca3fc9eac176645c021ace52d1d56bf546197deb08a28cfc963608e5159636a1,-0.16120055010257,CTAGCAAGAAGGACTTCATTCGTGAAGCTAATGGTTTAATGATAGAAACTAACATTTCTGGCCGGGCCCAGTGGCTCACGCCTGTAATCCCAACACTTTGGGAGGCCAAGGCGGGCAGGTCACTTGAAGAGTTCAAGACCAGCCTTGCCAACATGGTGAAACCCCGTCTCTACTAAAAATACAAAAATTTGCTGGGCATG,80baf6928120271777603fd7b708d1350de9d31bfd1e3d4ac3fc0c1a064fc624,0.0095397292990177,0.1657809355564618,0.314213944863982,-144.00127640273422,-136.7640853091143,-137.9323170632124,-131.58882361417636,-0.8936976445838809,-1.0,-0.1657809355564618,0.0,2,0.17389317234246993,0.17490732828716207,0.146091925319964,0.21826071466284325,1.0
chr1:9343528:T:C;chr1:9343551:C:T;var1;middle;OL33|K562|d7d15c047f83b9d5,chr1:9343528:T:C;chr1:9343551:C:T;var1;middle;OL33,K562,K562_region_00017,100,123,23,CCAGATCCCCACTTGGGCCTGTCTGAAAAGCAAGTTGGTGGACAGTGGCTAGGGCAGGAGCATCTCCTTCTGGGTTGGGTGCCAAGGCTGTAAGCTCTGTCTGAGAGTAGAGGCCCCTGGGCCGGGTGGCTCTACTCCTGCATCTGTGGCTGGCCTCATGAGGGCCCTTGAGCTCACACAGGCCCCTGCAGCCGGGAGCC,dea8589ade0c765bf4b843d21114c96fbfe1fb091495157f197e45febf6e6d96,0.0,CCAGATCCCCACTTGGGCCTGTCTGAAAAGCAAGTTGGTGGACAGTGGCTAGGGCAGGAGCATCTCCTTCTGGGTTGGGTGCCAAGGCTGTAAGCTCTGCCTGAGAGTAGAGGCCCCTGGGCCGGGTGGCTCTACTCCTGCATCTGTGGCTGGCCTCATGAGGGCCCTTGAGCTCACACAGGCCCCTGCAGCCGGGAGCC,19fb3203634cda0dba892cc9310de1c607e4d2fc408f61df8933b094b65ec7c9,-0.209710934008392,CCAGATCCCCACTTGGGCCTGTCTGAAAAGCAAGTTGGTGGACAGTGGCTAGGGCAGGAGCATCTCCTTCTGGGTTGGGTGCCAAGGCTGTAAGCTCTGTCTGAGAGTAGAGGCCCCTGGGCTGGGTGGCTCTACTCCTGCATCTGTGGCTGGCCTCATGAGGGCCCTTGAGCTCACACAGGCCCCTGCAGCCGGGAGCC,004f79dd39202481ca7eaeb8016be73df1e65220437c2a67131db3d761c48835,-0.0718951322685008,CCAGATCCCCACTTGGGCCTGTCTGAAAAGCAAGTTGGTGGACAGTGGCTAGGGCAGGAGCATCTCCTTCTGGGTTGGGTGCCAAGGCTGTAAGCTCTGCCTGAGAGTAGAGGCCCCTGGGCTGGGTGGCTCTACTCCTGCATCTGTGGCTGGCCTCATGAGGGCCCTTGAGCTCACACAGGCCCCTGCAGCCGGGAGCC,d7d15c047f83b9d5c5d2131e60041f9083824adab0291ba1929db559b1cbd4d9,-0.0357126056661753,0.2458934606107174,0.271645330579765,-361.34218442672864,-361.243176269345,-349.80494450533297,-347.79882710112724,1.907109246822074,-1.0,-0.2458934606107174,0.0,0,0.18822552307921547,0.18565657667894103,0.15145376406925343,0.1599625001253575,1.0
chr1:9485454:T:C;chr1:9485464:G:C;var1;middle;OL31|K562|ede7a0f418318156,chr1:9485454:T:C;chr1:9485464:G:C;var1;middle;OL31,K562,K562_region_00018,100,110,10,ATTTGAACCTAGTCAGTCATATTTCAGGGGCAGTGGACCTGATGGCTACACTGAGCGACAGATGCTTCATCTCATAGAGTCAGCTGCAGTGGAGGGGGATGCAGTGCACGCTGCTGAAGGATGGACCTCTGGGCAGGGGTCCCTGTTGCTCAGGTCCAAATGCAGACCGAACAGTAGCCTTAATCATTAAAATCACTACA,c6ce7da239b78df847f1cdf3d3194d3c6abe72a85b10f9e0b5e86692591753e7,0.0,ATTTGAACCTAGTCAGTCATATTTCAGGGGCAGTGGACCTGATGGCTACACTGAGCGACAGATGCTTCATCTCATAGAGTCAGCTGCAGTGGAGGGGGACGCAGTGCACGCTGCTGAAGGATGGACCTCTGGGCAGGGGTCCCTGTTGCTCAGGTCCAAATGCAGACCGAACAGTAGCCTTAATCATTAAAATCACTACA,94173cc00fea923c5f317c98471cc02fa78a9a269fdc9ba8acd5e70253a8ed2f,0.154338040091996,ATTTGAACCTAGTCAGTCATATTTCAGGGGCAGTGGACCTGATGGCTACACTGAGCGACAGATGCTTCATCTCATAGAGTCAGCTGCAGTGGAGGGGGATGCAGTGCACCCTGCTGAAGGATGGACCTCTGGGCAGGGGTCCCTGTTGCTCAGGTCCAAATGCAGACCGAACAGTAGCCTTAATCATTAAAATCACTACA,550c7dcdf6bbf98757d4c3e99d4fe565df12e72e498f487c37c92db0fed06855,-0.0739441261000697,ATTTGAACCTAGTCAGTCATATTTCAGGGGCAGTGGACCTGATGGCTACACTGAGCGACAGATGCTTCATCTCATAGAGTCAGCTGCAGTGGAGGGGGACGCAGTGCACCCTGCTGAAGGATGGACCTCTGGGCAGGGGTCCCTGTTGCTCAGGTCCAAATGCAGACCGAACAGTAGCCTTAATCATTAAAATCACTACA,ede7a0f41831815602af721ffce1501f3f6af33e88742254f266711684ed806e,0.192751177499547,0.1123572635076207,0.296461905884586,-263.4351827055216,-263.6261383658275,-265.58453938458115,-271.0410973941908,-5.26560234930372,-1.0,-0.1123572635076207,0.0,0,0.17901297548497025,0.18565657667894103,0.15145376406925343,0.13801206000045896,1.0
chr1:948870:C:G;chr1:948921:T:C;var1;middle;OL41|K562|f95d643cae229622,chr1:948870:C:G;chr1:948921:T:C;var1;middle;OL41,K562,K562_region_00002,100,151,51,AAACCGAAACTGAAGCCAAATTTGGCCACCAGCGCAGGCTCGGCGGCACGCCCCCTGACGTGTGTGCCTCAGGCTTATAATAGGGCCGGTGCTGCCTGCCGAAGCCGGCGGCTGAGAGGCAGCGAACTCATCTTTGCCAGTACAGGAGCTTGTGCCGTGGCCCACAGCCCACAGCCCACAGCCATGGTAAGGCAGATGTC,a39ac25c457c667fbd6c6351965c7230c6649800e2e65be112ab8ffdbe22f651,0.0,AAACCGAAACTGAAGCCAAATTTGGCCACCAGCGCAGGCTCGGCGGCACGCCCCCTGACGTGTGTGCCTCAGGCTTATAATAGGGCCGGTGCTGCCTGCGGAAGCCGGCGGCTGAGAGGCAGCGAACTCATCTTTGCCAGTACAGGAGCTTGTGCCGTGGCCCACAGCCCACAGCCCACAGCCATGGTAAGGCAGATGTC,a48ce43b4d8549073b3e605ec6178480354d76b757e55ded0d8c69b91ad436d4,0.310103893627642,AAACCGAAACTGAAGCCAAATTTGGCCACCAGCGCAGGCTCGGCGGCACGCCCCCTGACGTGTGTGCCTCAGGCTTATAATAGGGCCGGTGCTGCCTGCCGAAGCCGGCGGCTGAGAGGCAGCGAACTCATCTTTGCCAGTACAGGAGCTCGTGCCGTGGCCCACAGCCCACAGCCCACAGCCATGGTAAGGCAGATGTC,254b51e7f1cddc8828670a1c6f2bd0d83fe6bf4d429559825f300435a654564f,0.067056262878936,AAACCGAAACTGAAGCCAAATTTGGCCACCAGCGCAGGCTCGGCGGCACGCCCCCTGACGTGTGTGCCTCAGGCTTATAATAGGGCCGGTGCTGCCTGCGGAAGCCGGCGGCTGAGAGGCAGCGAACTCATCTTTGCCAGTACAGGAGCTCGTGCCGTGGCCCACAGCCCACAGCCCACAGCCATGGTAAGGCAGATGTC,f95d643cae229622b0f392a00d67fce6250aff3d023117f63be7fd72a34c6503,0.472572695485769,-0.095412538979191,0.224713568575926,-327.96578326035524,-331.2952151588397,-324.6270871782908,-329.3573992521269,1.400880175351631,1.0,-0.095412538979191,0.0,2,0.17723426316908478,0.17490732828716207,0.146091925319964,0.12810306063654978,1.0
chr1:95287319:G:A;chr1:95287370:T:G;var1;middle;OL41|K562|791cbf94bf84a5b7,chr1:95287319:G:A;chr1:95287370:T:G;var1;middle;OL41,K562,K562_region_00084,100,151,51,TTATTTTAGAATTGTAGGTAACAGCAGAAAACGTCTCACCCGACATTTTCAAAGGCCACTTTCACGAAATCATCCATGCCAGGATAAGGCATGCTATTTGCTGCATGGTAAATGATTAATTTATAGAGCAGGGTAATAACTACCAGATAGTAATTACCTTTGTTGAAAAGAATTCCATCTGAATAGGCCCTAAAATATCA,f99274b7f686d40f602fd24137451693eb4aaed0f22fbf0c333c79fe6fff97e7,0.0,TTATTTTAGAATTGTAGGTAACAGCAGAAAACGTCTCACCCGACATTTTCAAAGGCCACTTTCACGAAATCATCCATGCCAGGATAAGGCATGCTATTTACTGCATGGTAAATGATTAATTTATAGAGCAGGGTAATAACTACCAGATAGTAATTACCTTTGTTGAAAAGAATTCCATCTGAATAGGCCCTAAAATATCA,a0f4092f1cf4355ec3d0f199fddeb0d1869c96447e42850b3fe8f07347aa7af2,-0.249486820618502,TTATTTTAGAATTGTAGGTAACAGCAGAAAACGTCTCACCCGACATTTTCAAAGGCCACTTTCACGAAATCATCCATGCCAGGATAAGGCATGCTATTTGCTGCATGGTAAATGATTAATTTATAGAGCAGGGTAATAACTACCAGATAGGAATTACCTTTGTTGAAAAGAATTCCATCTGAATAGGCCCTAAAATATCA,d79ebf0648f5d3a880e6e918c32e2174b7453bb46b673db4a2ecfe82b0a8bd7d,-0.0517814912276701,TTATTTTAGAATTGTAGGTAACAGCAGAAAACGTCTCACCCGACATTTTCAAAGGCCACTTTCACGAAATCATCCATGCCAGGATAAGGCATGCTATTTACTGCATGGTAAATGATTAATTTATAGAGCAGGGTAATAACTACCAGATAGGAATTACCTTTGTTGAAAAGAATTCCATCTGAATAGGCCCTAAAATATCA,791cbf94bf84a5b7a979ae3039c980967a02c7e149823e7b3183dbb4b63b7e28,-0.185833937500345,0.1154343743458271,0.382781004886049,-270.6760849058628,-272.0063092708588,-272.85234931111336,-275.52978017926216,-1.3472065031528473,-1.0,-0.1154343743458271,0.0,4,0.1745295832896724,0.17620727786206916,0.145609630836647,0.21662128904923747,1.0
chr1:95699978:A:G;chr1:95700044:G:C;var1;middle;OL41|K562|aec1fdbd2850940a,chr1:95699978:A:G;chr1:95700044:G:C;var1;middle;OL41,K562,K562_region_00085,100,166,66,CCCGCGCGCGGGAGGGACAGGGCGCCCTCAGGGGCCACCCGCGTTCGCTTTGCGTCTCCTCCCCACCACGGAGCCTGGGCACCCCGCCTGGGCCCACGTATGGGGACCGGGTTAGTTGAATGATGGAATGACACGCCCGGAGGCCGGAGTGGTGTCGCAGCGGGCGGGAGTGTGAGGCGACCCCAGAAACACTAAGAGAG,234af990b1e2c88357cd1c73440e13ce9d2c2ae4d139bfd8ed9e92c348806149,0.0,CCCGCGCGCGGGAGGGACAGGGCGCCCTCAGGGGCCACCCGCGTTCGCTTTGCGTCTCCTCCCCACCACGGAGCCTGGGCACCCCGCCTGGGCCCACGTGTGGGGACCGGGTTAGTTGAATGATGGAATGACACGCCCGGAGGCCGGAGTGGTGTCGCAGCGGGCGGGAGTGTGAGGCGACCCCAGAAACACTAAGAGAG,f9055b2dc758bb2a87775d9a2b9342f487f267c2ee78fabef1fb704ba51f49a6,-0.262672595383082,CCCGCGCGCGGGAGGGACAGGGCGCCCTCAGGGGCCACCCGCGTTCGCTTTGCGTCTCCTCCCCACCACGGAGCCTGGGCACCCCGCCTGGGCCCACGTATGGGGACCGGGTTAGTTGAATGATGGAATGACACGCCCGGAGGCCGGAGTGGTGTCGCAGCGGGCCGGAGTGTGAGGCGACCCCAGAAACACTAAGAGAG,5509e769d8caf1bcd7dd2b46378ad3af7dd64e141b1c06367f3a7c104529596f,0.0941421015271021,CCCGCGCGCGGGAGGGACAGGGCGCCCTCAGGGGCCACCCGCGTTCGCTTTGCGTCTCCTCCCCACCACGGAGCCTGGGCACCCCGCCTGGGCCCACGTGTGGGGACCGGGTTAGTTGAATGATGGAATGACACGCCCGGAGGCCGGAGTGGTGTCGCAGCGGGCCGGAGTGTGAGGCGACCCCAGAAACACTAAGAGAG,aec1fdbd2850940a861b41841747bf510c44dce6b9673aa26cb4e31e5084c657,0.800893567446922,0.969424061302902,0.258297986972686,-263.0724699944258,-256.2593753486872,-264.1039175987244,-257.79765301942825,-0.5068300664424896,-1.0,-0.969424061302902,0.0,1,0.1818494905562869,0.18216460459877223,0.1501433469024087,0.09131638880405282,1.0
chr20:10458616:G:A;chr20:10458671:A:C;var1;middle;OL30|K562|61d386e401e82037,chr20:10458616:G:A;chr20:10458671:A:C;var1;middle;OL30,K562,K562_region_01377,100,155,55,GTGTTGTGGTGTTCCTTGTTACAATCTCCCTTTTTTTTTTTTTTTTTGAAACGGAGTCTTGCTCTATCGCCCATGCTGGAGTGGGAGTGGCGTGATCTTGGCTCACTGCAACCTCCGCTTCCCAGGTTCAAGCAATTCTCCTGCCTCAGCCTCCAGAGTAGCTGGGACTACAGGTGCACTCTGCCACGCCTGGCTAATTT,2ffe07cb49253f4bb673465093d8506893333d5a7778dd8ba3f7d05dabb1bc28,0.0,GTGTTGTGGTGTTCCTTGTTACAATCTCCCTTTTTTTTTTTTTTTTTGAAACGGAGTCTTGCTCTATCGCCCATGCTGGAGTGGGAGTGGCGTGATCTTAGCTCACTGCAACCTCCGCTTCCCAGGTTCAAGCAATTCTCCTGCCTCAGCCTCCAGAGTAGCTGGGACTACAGGTGCACTCTGCCACGCCTGGCTAATTT,554b6704ad6865f62fd82d28bc33a022de52b86cd7bfa31da07686a2cd34c5b6,0.220065394231731,GTGTTGTGGTGTTCCTTGTTACAATCTCCCTTTTTTTTTTTTTTTTTGAAACGGAGTCTTGCTCTATCGCCCATGCTGGAGTGGGAGTGGCGTGATCTTGGCTCACTGCAACCTCCGCTTCCCAGGTTCAAGCAATTCTCCTGCCTCAGCCTCCCGAGTAGCTGGGACTACAGGTGCACTCTGCCACGCCTGGCTAATTT,a7b09b13deef197d39842cbe8cc899f759f962eb3e6ba6c82d75eaf10d030526,0.0868421231046286,GTGTTGTGGTGTTCCTTGTTACAATCTCCCTTTTTTTTTTTTTTTTTGAAACGGAGTCTTGCTCTATCGCCCATGCTGGAGTGGGAGTGGCGTGATCTTAGCTCACTGCAACCTCCGCTTCCCAGGTTCAAGCAATTCTCCTGCCTCAGCCTCCCGAGTAGCTGGGACTACAGGTGCACTCTGCCACGCCTGGCTAATTT,61d386e401e820371104660bf52cf04b21046d28b2f4b15cb0dbb942963444d6,0.124154651688481,0.1827528656478785,0.191663283012342,-104.43980720080437,-109.21578396903352,-103.0650680377148,-108.000857767649,0.15981296170504322,1.0,0.1827528656478785,0.0,4,0.17639740027115464,0.17620727786206916,0.145609630836647,0.16403102713491455,1.0
chr20:10458616:G:A;chr20:10458688:A:G;var1;middle;OL30|K562|ef5fa3fc914cc9ca,chr20:10458616:G:A;chr20:10458688:A:G;var1;middle;OL30,K562,K562_region_01377,100,172,72,GTGTTGTGGTGTTCCTTGTTACAATCTCCCTTTTTTTTTTTTTTTTTGAAACGGAGTCTTGCTCTATCGCCCATGCTGGAGTGGGAGTGGCGTGATCTTGGCTCACTGCAACCTCCGCTTCCCAGGTTCAAGCAATTCTCCTGCCTCAGCCTCCAGAGTAGCTGGGACTACAGGTGCACTCTGCCACGCCTGGCTAATTT,2ffe07cb49253f4bb673465093d8506893333d5a7778dd8ba3f7d05dabb1bc28,0.0,GTGTTGTGGTGTTCCTTGTTACAATCTCCCTTTTTTTTTTTTTTTTTGAAACGGAGTCTTGCTCTATCGCCCATGCTGGAGTGGGAGTGGCGTGATCTTAGCTCACTGCAACCTCCGCTTCCCAGGTTCAAGCAATTCTCCTGCCTCAGCCTCCAGAGTAGCTGGGACTACAGGTGCACTCTGCCACGCCTGGCTAATTT,554b6704ad6865f62fd82d28bc33a022de52b86cd7bfa31da07686a2cd34c5b6,0.220029252619332,GTGTTGTGGTGTTCCTTGTTACAATCTCCCTTTTTTTTTTTTTTTTTGAAACGGAGTCTTGCTCTATCGCCCATGCTGGAGTGGGAGTGGCGTGATCTTGGCTCACTGCAACCTCCGCTTCCCAGGTTCAAGCAATTCTCCTGCCTCAGCCTCCAGAGTAGCTGGGACTACGGGTGCACTCTGCCACGCCTGGCTAATTT,2069300f9120baeb4b5869c0cab112e7368e1ff3ff156e64dd755ab19a7d3971,0.415235716105753,GTGTTGTGGTGTTCCTTGTTACAATCTCCCTTTTTTTTTTTTTTTTTGAAACGGAGTCTTGCTCTATCGCCCATGCTGGAGTGGGAGTGGCGTGATCTTAGCTCACTGCAACCTCCGCTTCCCAGGTTCAAGCAATTCTCCTGCCTCAGCCTCCAGAGTAGCTGGGACTACGGGTGCACTCTGCCACGCCTGGCTAATTT,ef5fa3fc914cc9cac803a1e9481897f7f6044e016b3c359a91652467f09562d9,0.634782729466288,0.0004822392587969,0.190724500325099,-104.43980720080437,-109.21578396903352,-109.17831707186996,-113.82511377427728,-0.12918006582182784,1.0,0.0004822392587969,0.0,4,0.17603921904195893,0.17620727786206916,0.145609630836647,0.14045400411678494,1.0
chr20:10458671:A:C;chr20:10458688:A:G;var1;middle;OL30|K562|691fdf066bf8451e,chr20:10458671:A:C;chr20:10458688:A:G;var1;middle;OL30,K562,K562_region_01377,100,117,17,GTCTTGCTCTATCGCCCATGCTGGAGTGGGAGTGGCGTGATCTTGGCTCACTGCAACCTCCGCTTCCCAGGTTCAAGCAATTCTCCTGCCTCAGCCTCCAGAGTAGCTGGGACTACAGGTGCACTCTGCCACGCCTGGCTAATTTTTTGTATTTTAGTAGAGATGGGGTTTCACCGTGTTGCCCAGGCTGGTCTTGAACT,30d2a1490809f85491bcafb606785977e32750dd798ea465da9c07e84f602f8f,0.0,GTCTTGCTCTATCGCCCATGCTGGAGTGGGAGTGGCGTGATCTTGGCTCACTGCAACCTCCGCTTCCCAGGTTCAAGCAATTCTCCTGCCTCAGCCTCCCGAGTAGCTGGGACTACAGGTGCACTCTGCCACGCCTGGCTAATTTTTTGTATTTTAGTAGAGATGGGGTTTCACCGTGTTGCCCAGGCTGGTCTTGAACT,d77174c2761cb2148d64db23aa9efc314302758b17e6a5ebd0825b73a2cd860c,-0.146829231380061,GTCTTGCTCTATCGCCCATGCTGGAGTGGGAGTGGCGTGATCTTGGCTCACTGCAACCTCCGCTTCCCAGGTTCAAGCAATTCTCCTGCCTCAGCCTCCAGAGTAGCTGGGACTACGGGTGCACTCTGCCACGCCTGGCTAATTTTTTGTATTTTAGTAGAGATGGGGTTTCACCGTGTTGCCCAGGCTGGTCTTGAACT,cdf6195f6020dc11c7912449be0c6527d97f96cfcab2f8c54380b3cf890afa00,0.143617332643694,GTCTTGCTCTATCGCCCATGCTGGAGTGGGAGTGGCGTGATCTTGGCTCACTGCAACCTCCGCTTCCCAGGTTCAAGCAATTCTCCTGCCTCAGCCTCCCGAGTAGCTGGGACTACGGGTGCACTCTGCCACGCCTGGCTAATTTTTTGTATTTTAGTAGAGATGGGGTTTCACCGTGTTGCCCAGGCTGGTCTTGAACT,691fdf066bf8451e03b8d07a4abb48adf89523e95bd2da8449319772341d3f78,0.176877910805786,0.1800898095421529,0.104577381565724,-65.75066116359085,-64.37354805786163,-70.22408395400271,-68.64716208865866,0.19980875961482525,-1.0,-0.1800898095421529,0.0,4,0.1764469715157642,0.17620727786206916,0.145609630836647,0.1294867209480451,1.0
chr20:10548145:G:A;chr20:10548218:A:G;var1;middle;OL29|K562|751a59ffa9007e32,chr20:10548145:G:A;chr20:10548218:A:G;var1;middle;OL29,K562,K562_region_01378,100,173,73,TTTGCCCTTCCTCCTTCTGCCGTGTGAGGATACAGCATTCCTTCCCTCTGGAGGACTCAGTGTTCAAGGCACCATCTTGGAAACAGAGATCAGACTCTCGCCAGACCTGCTGGTGCCTGGTGCCTTGATCTTGGACTTCTCATCCTCCACAACTGTGAGGACGTAAATTTCTATTCTTTATTCTAGTTTGTGGTATTTTG,76158c294034894b00ff4f8335dcf884cb903fdc94c29829667cd431b1a7518f,0.0,TTTGCCCTTCCTCCTTCTGCCGTGTGAGGATACAGCATTCCTTCCCTCTGGAGGACTCAGTGTTCAAGGCACCATCTTGGAAACAGAGATCAGACTCTCACCAGACCTGCTGGTGCCTGGTGCCTTGATCTTGGACTTCTCATCCTCCACAACTGTGAGGACGTAAATTTCTATTCTTTATTCTAGTTTGTGGTATTTTG,fad7d9a1b2daa70924eb81c0410b2f09c501ab4f3b7d885c34ae39b37ba576a8,-0.183929336607844,TTTGCCCTTCCTCCTTCTGCCGTGTGAGGATACAGCATTCCTTCCCTCTGGAGGACTCAGTGTTCAAGGCACCATCTTGGAAACAGAGATCAGACTCTCGCCAGACCTGCTGGTGCCTGGTGCCTTGATCTTGGACTTCTCATCCTCCACAACTGTGAGGACGTAAATTTCTGTTCTTTATTCTAGTTTGTGGTATTTTG,c886325b7dccf327c0087bd4d84b27b09f544f712f1a5c30669007922ac8bc2a,0.164903480218528,TTTGCCCTTCCTCCTTCTGCCGTGTGAGGATACAGCATTCCTTCCCTCTGGAGGACTCAGTGTTCAAGGCACCATCTTGGAAACAGAGATCAGACTCTCACCAGACCTGCTGGTGCCTGGTGCCTTGATCTTGGACTTCTCATCCTCCACAACTGTGAGGACGTAAATTTCTGTTCTTTATTCTAGTTTGTGGTATTTTG,751a59ffa9007e32b32f83790e53144e3888cd76295f11de4bce1350e38f1bdb,-0.149860489732602,-0.130834633343286,0.133720288154764,-147.23228822648525,-142.4108842946589,-148.8946507051587,-144.12446697801352,-0.051220204681158066,-1.0,0.130834633343286,0.0,3,0.1813698287386133,0.18106719778262317,0.1474303780702046,0.22159967574920905,1.0
chr20:14677571:G:C;chr20:14677650:A:G;var1;middle;OL30|K562|c546cf270feb83e6,chr20:14677571:G:C;chr20:14677650:A:G;var1;middle;OL30,K562,K562_region_01379,100,179,79,TGTCTGCTTTCTGATATTATGGCATGTGATGACAAACTATTGTCCTTCCGTACTGGGCTGGTTGAGTTTGTTCTTGCTTTTATGTTACTCCTATACTTAGTACAGTATATTAAATACATATACATGTCATCTCTCATGACCTTCATTCTCATGTAGAACATATATTTCCTTCTGAGTTATAATATGTTTTGTGAATATGG,b794123c1829e23736725d8c67f7e272cfa2009b3465d8299e1d6ae0499ce5b2,0.0,TGTCTGCTTTCTGATATTATGGCATGTGATGACAAACTATTGTCCTTCCGTACTGGGCTGGTTGAGTTTGTTCTTGCTTTTATGTTACTCCTATACTTACTACAGTATATTAAATACATATACATGTCATCTCTCATGACCTTCATTCTCATGTAGAACATATATTTCCTTCTGAGTTATAATATGTTTTGTGAATATGG,4cf46dc5668b2564cb5108e7241d54eeb83439a1e290df92b89c5f602f3d7d79,-0.207700222935765,TGTCTGCTTTCTGATATTATGGCATGTGATGACAAACTATTGTCCTTCCGTACTGGGCTGGTTGAGTTTGTTCTTGCTTTTATGTTACTCCTATACTTAGTACAGTATATTAAATACATATACATGTCATCTCTCATGACCTTCATTCTCATGTAGAACATATATTTCCTTCTGAGTTGTAATATGTTTTGTGAATATGG,86509287a26c9e55ab5391ce826d8a00124bbbd2c5dab3a8bd13eb064e33cbbf,0.16850306336365,TGTCTGCTTTCTGATATTATGGCATGTGATGACAAACTATTGTCCTTCCGTACTGGGCTGGTTGAGTTTGTTCTTGCTTTTATGTTACTCCTATACTTACTACAGTATATTAAATACATATACATGTCATCTCTCATGACCTTCATTCTCATGTAGAACATATATTTCCTTCTGAGTTGTAATATGTTTTGTGAATATGG,c546cf270feb83e658df7b755dc961279e38800fafd024ac0f4c5da0cb0176aa,-0.397842668223755,0.35864550865164,0.556994718076045,-311.5392399369739,-331.33029473223723,-306.1582121332176,-324.16861225594766,-1.7806546725332737,1.0,0.35864550865164,0.0,1,0.18055345061526043,0.18216460459877223,0.1501433469024087,-0.0361482948196874,1.0
chr20:14681801:G:C;chr20:14681863:C:T;var1;middle;OL30|K562|a3c091259e858b68,chr20:14681801:G:C;chr20:14681863:C:T;var1;middle;OL30,K562,K562_region_01380,100,162,62,AGCAGAAAATGTGCTGAAACATTGGTGCTTAAAAATATACAAAATATAAGTGGGAATCAGTGTCTTTAGCTTTATCTTTGCAATGGGCAAAACAGAAATGACTCAAAAGTGATTTCTTTAGTTATGGAGCACTCAGGTTTCTCTTCTGCCTTTTGTATTTCCATATGTCACTGCTATCTATATTCTGTAGATACTCTACC,af6890362a88c34d37ef20a50c322c80a92985f0b4c5b7b41b78435463458b64,0.0,AGCAGAAAATGTGCTGAAACATTGGTGCTTAAAAATATACAAAATATAAGTGGGAATCAGTGTCTTTAGCTTTATCTTTGCAATGGGCAAAACAGAAATCACTCAAAAGTGATTTCTTTAGTTATGGAGCACTCAGGTTTCTCTTCTGCCTTTTGTATTTCCATATGTCACTGCTATCTATATTCTGTAGATACTCTACC,aa89b3a85476b6e533fc254fa4e69f131762047445aca981f72ba09ed0980950,0.176872830105343,AGCAGAAAATGTGCTGAAACATTGGTGCTTAAAAATATACAAAATATAAGTGGGAATCAGTGTCTTTAGCTTTATCTTTGCAATGGGCAAAACAGAAATGACTCAAAAGTGATTTCTTTAGTTATGGAGCACTCAGGTTTCTCTTCTGCCTTTTGTATTTCTATATGTCACTGCTATCTATATTCTGTAGATACTCTACC,fe8adf1844de4912ac01dc14ff137a5fd53c4b86c65bb31068633fdfcb689a1c,0.0552020142624244,AGCAGAAAATGTGCTGAAACATTGGTGCTTAAAAATATACAAAATATAAGTGGGAATCAGTGTCTTTAGCTTTATCTTTGCAATGGGCAAAACAGAAATCACTCAAAAGTGATTTCTTTAGTTATGGAGCACTCAGGTTTCTCTTCTGCCTTTTGTATTTCTATATGTCACTGCTATCTATATTCTGTAGATACTCTACC,a3c091259e858b681e5d84636af42e8d1736f202dbc02d3c01729a2463035938,-0.0691971990090891,0.3012720433768565,0.15105887359227,-301.9343235902488,-306.1887818062678,-304.7850942388177,-309.87414313387126,0.8345906790345907,1.0,0.3012720433768565,0.0,1,0.18321430550455142,0.18216460459877223,0.1501433469024087,0.09821774803349444,1.0
chr20:17596155:C:A;chr20:17596219:C:T;var1;middle;OL30|K562|ffff28ff11abcaa7,chr20:17596155:C:A;chr20:17596219:C:T;var1;middle;OL30,K562,K562_region_01381,100,164,64,CCGCCCCAGCCCCTGCCTGCCTTCAGCTGTGAGGCCTCCTCTGTTTCTGAAGACTCTAGGGGGCCGGCTGTGCGGAGCTTCTCCAATTCTTCTTGTAACCGACATGCCGAGGTCTGAGCCTTGCCGGAGAGGGAAGTGAGGTCTGGGTGAGACGTCTTATAAACGGCTGTGCTGTCAAGACCCTACCGAGCACGCCTGGG,b424ef595ad6fb908a79243cfae23256263377d86661941c8f18d41a71377e8f,0.0,CCGCCCCAGCCCCTGCCTGCCTTCAGCTGTGAGGCCTCCTCTGTTTCTGAAGACTCTAGGGGGCCGGCTGTGCGGAGCTTCTCCAATTCTTCTTGTAACAGACATGCCGAGGTCTGAGCCTTGCCGGAGAGGGAAGTGAGGTCTGGGTGAGACGTCTTATAAACGGCTGTGCTGTCAAGACCCTACCGAGCACGCCTGGG,3aa63a6ffd3a6bd4332d556a6b0f2a38d8e399b32de68888a73c60e68340f7d8,-0.0834510388835005,CCGCCCCAGCCCCTGCCTGCCTTCAGCTGTGAGGCCTCCTCTGTTTCTGAAGACTCTAGGGGGCCGGCTGTGCGGAGCTTCTCCAATTCTTCTTGTAACCGACATGCCGAGGTCTGAGCCTTGCCGGAGAGGGAAGTGAGGTCTGGGTGAGACGTCTTATAAATGGCTGTGCTGTCAAGACCCTACCGAGCACGCCTGGG,be36c7e885a5852bffd932d2a9703cdd3e90eee8d5d420e3802e842fca289e91,0.0785386969633183,CCGCCCCAGCCCCTGCCTGCCTTCAGCTGTGAGGCCTCCTCTGTTTCTGAAGACTCTAGGGGGCCGGCTGTGCGGAGCTTCTCCAATTCTTCTTGTAACAGACATGCCGAGGTCTGAGCCTTGCCGGAGAGGGAAGTGAGGTCTGGGTGAGACGTCTTATAAATGGCTGTGCTGTCAAGACCCTACCGAGCACGCCTGGG,ffff28ff11abcaa7dce92069d494fe03c40dde652243e408b135da825a3a5a0a,0.074476747876742,0.0793890897969241,0.150246400455687,-345.52227064594626,-378.043814313598,-346.63160439766943,-388.1518812868744,-8.998733221553266,-1.0,-0.0793890897969241,0.0,4,0.16504619447342975,0.17620727786206916,0.145609630836647,0.24734267265617738,1.0
chr20:1893809:G:A;chr20:1893815:G:A;var1;middle;OL41|K562|49594010cf2dd532,chr20:1893809:G:A;chr20:1893815:G:A;var1;middle;OL41,K562,K562_region_01366,100,106,6,AAGATCTTGCCATGTTCAACTTCAAATGGAAATGAAATGAGAAGCTGGACTTCCTGATAATAAAAGCAGTTGAGGTCTTAAGTGGTTGATCAGGAAAAGGAAGTCGAAATGGTAATATTTACACCCAAAGCAGGTGGAGTGGTCTTAGGCACTCTGAGACTCCACTCACCTGCCATGAGAACCGGGCCCCAAGGGTGATC,0c979f792d943794efecee0197d14608cee14d1c91921ba4f489deefee81b369,0.0,AAGATCTTGCCATGTTCAACTTCAAATGGAAATGAAATGAGAAGCTGGACTTCCTGATAATAAAAGCAGTTGAGGTCTTAAGTGGTTGATCAGGAAAAGAAAGTCGAAATGGTAATATTTACACCCAAAGCAGGTGGAGTGGTCTTAGGCACTCTGAGACTCCACTCACCTGCCATGAGAACCGGGCCCCAAGGGTGATC,41b2b0916cfc99313bf5d86948694e19f90860b666aafe0c6a150dbf90f5cf95,-0.216928004723044,AAGATCTTGCCATGTTCAACTTCAAATGGAAATGAAATGAGAAGCTGGACTTCCTGATAATAAAAGCAGTTGAGGTCTTAAGTGGTTGATCAGGAAAAGGAAGTCAAAATGGTAATATTTACACCCAAAGCAGGTGGAGTGGTCTTAGGCACTCTGAGACTCCACTCACCTGCCATGAGAACCGGGCCCCAAGGGTGATC,537e201805d4739ff62f615b3fa16d10743b263f242ae54cfab758f7a84c03d9,-0.143719043474618,AAGATCTTGCCATGTTCAACTTCAAATGGAAATGAAATGAGAAGCTGGACTTCCTGATAATAAAAGCAGTTGAGGTCTTAAGTGGTTGATCAGGAAAAGAAAGTCAAAATGGTAATATTTACACCCAAAGCAGGTGGAGTGGTCTTAGGCACTCTGAGACTCCACTCACCTGCCATGAGAACCGGGCCCCAAGGGTGATC,49594010cf2dd532096cc9f73dfc4dfa08a426aa3870b496ba63cf775dc892b7,-0.500241455125407,0.1395944069277449,0.268680831668337,-359.4591929912567,-362.9805011413992,-352.2333332169801,-354.0289884004742,-1.7256529666483402,1.0,0.1395944069277449,0.0,1,0.18060941154371998,0.18216460459877223,0.1501433469024087,0.12617484269082146,1.0
chr20:1930798:T:C;chr20:1930873:G:A;var1;middle;OL27|K562|b7bc61c1cde6b559,chr20:1930798:T:C;chr20:1930873:G:A;var1;middle;OL27,K562,K562_region_01367,100,175,75,GCTACCAGAGTTTCCTTTTCATAAGTGGCCTTTTTAAAGGAAGTATTTTCTTTTAATCAGCAGTCACTGCATCTGTAACAGTGCTGAAGCAGAATTTTGTTATTTTCCCATTACTTAGCGCTTCTCTGTTCCATTTATTTGGGGGAAGAATCGCTAAGATTTCAGAGATTCGTAGCTCTCTTGTACGCGGTATCTGATTT,8837d45cdc2d909d5ca33328d26dd697312b25879ba0f9b392fe1ca457eec556,0.0,GCTACCAGAGTTTCCTTTTCATAAGTGGCCTTTTTAAAGGAAGTATTTTCTTTTAATCAGCAGTCACTGCATCTGTAACAGTGCTGAAGCAGAATTTTGCTATTTTCCCATTACTTAGCGCTTCTCTGTTCCATTTATTTGGGGGAAGAATCGCTAAGATTTCAGAGATTCGTAGCTCTCTTGTACGCGGTATCTGATTT,d35eafa96ea22cbac4b334504c98d2c73578f614823bda13a3829543f1e123d5,0.0542665323388923,GCTACCAGAGTTTCCTTTTCATAAGTGGCCTTTTTAAAGGAAGTATTTTCTTTTAATCAGCAGTCACTGCATCTGTAACAGTGCTGAAGCAGAATTTTGTTATTTTCCCATTACTTAGCGCTTCTCTGTTCCATTTATTTGGGGGAAGAATCGCTAAGATTTCAGAGATTCGTAACTCTCTTGTACGCGGTATCTGATTT,c918c0d11b2922f6f53ce51bb78f3196e9374cc8fe478bbafed78addc6f72163,-0.0119364774151736,GCTACCAGAGTTTCCTTTTCATAAGTGGCCTTTTTAAAGGAAGTATTTTCTTTTAATCAGCAGTCACTGCATCTGTAACAGTGCTGAAGCAGAATTTTGCTATTTTCCCATTACTTAGCGCTTCTCTGTTCCATTTATTTGGGGGAAGAATCGCTAAGATTTCAGAGATTCGTAACTCTCTTGTACGCGGTATCTGATTT,b7bc61c1cde6b5592cb2638cd4835b3f3b8fa1af43a053c81936af90eb01257a,0.122781543486279,0.0804514885625602,0.113490688477729,-367.8788702813909,-364.6927912151441,-373.2947251596488,-366.8060489855706,3.3025971078313887,-1.0,-0.0804514885625602,0.0,1,0.18572535364346832,0.18216460459877223,0.1501433469024087,0.09463244957202502,1.0
chr20:1930798:T:C;chr20:1930885:G:A;var1;middle;OL27|K562|87eb59fdfcbc7dd8,chr20:1930798:T:C;chr20:1930885:G:A;var1;middle;OL27,K562,K562_region_01367,100,187,87,GCTACCAGAGTTTCCTTTTCATAAGTGGCCTTTTTAAAGGAAGTATTTTCTTTTAATCAGCAGTCACTGCATCTGTAACAGTGCTGAAGCAGAATTTTGTTATTTTCCCATTACTTAGCGCTTCTCTGTTCCATTTATTTGGGGGAAGAATCGCTAAGATTTCAGAGATTCGTAGCTCTCTTGTACGCGGTATCTGATTT,8837d45cdc2d909d5ca33328d26dd697312b25879ba0f9b392fe1ca457eec556,0.0,GCTACCAGAGTTTCCTTTTCATAAGTGGCCTTTTTAAAGGAAGTATTTTCTTTTAATCAGCAGTCACTGCATCTGTAACAGTGCTGAAGCAGAATTTTGCTATTTTCCCATTACTTAGCGCTTCTCTGTTCCATTTATTTGGGGGAAGAATCGCTAAGATTTCAGAGATTCGTAGCTCTCTTGTACGCGGTATCTGATTT,d35eafa96ea22cbac4b334504c98d2c73578f614823bda13a3829543f1e123d5,0.0539722235162069,GCTACCAGAGTTTCCTTTTCATAAGTGGCCTTTTTAAAGGAAGTATTTTCTTTTAATCAGCAGTCACTGCATCTGTAACAGTGCTGAAGCAGAATTTTGTTATTTTCCCATTACTTAGCGCTTCTCTGTTCCATTTATTTGGGGGAAGAATCGCTAAGATTTCAGAGATTCGTAGCTCTCTTGTACACGGTATCTGATTT,c70eb1837157be42ffeff33e2623922545425e3a9556e581ac95527d7cd935c1,-0.0211014510495076,GCTACCAGAGTTTCCTTTTCATAAGTGGCCTTTTTAAAGGAAGTATTTTCTTTTAATCAGCAGTCACTGCATCTGTAACAGTGCTGAAGCAGAATTTTGCTATTTTCCCATTACTTAGCGCTTCTCTGTTCCATTTATTTGGGGGAAGAATCGCTAAGATTTCAGAGATTCGTAGCTCTCTTGTACACGGTATCTGATTT,87eb59fdfcbc7dd8b770ed7d7088af8807ac028d55d40ad2dffb6c1706f09ce8,0.0177482170530053,-0.015122555413694,0.125738186438838,-367.8788702813909,-364.6927912151441,-360.8936972506344,-354.4554688110948,3.2521493732928093,-1.0,0.015122555413694,0.0,1,0.18567402610702124,0.18216460459877223,0.1501433469024087,0.0703253058797799,1.0
chr20:1930873:G:A;chr20:1930885:G:A;var1;middle;OL27|K562|4f6febbeb408f46a,chr20:1930873:G:A;chr20:1930885:G:A;var1;middle;OL27,K562,K562_region_01367,100,112,12,TAACAGTGCTGAAGCAGAATTTTGTTATTTTCCCATTACTTAGCGCTTCTCTGTTCCATTTATTTGGGGGAAGAATCGCTAAGATTTCAGAGATTCGTAGCTCTCTTGTACGCGGTATCTGATTTTCACTTTGGCATTTGGAGATGCTTTTGAAGGTGGTTTATGTTATCTTTCCAAGACTTACCTGGTGAGTTACTTAA,9366d10378c8a8fc3649a84c21c2100ebb38496bde2a36a0becff488111f9769,0.0,TAACAGTGCTGAAGCAGAATTTTGTTATTTTCCCATTACTTAGCGCTTCTCTGTTCCATTTATTTGGGGGAAGAATCGCTAAGATTTCAGAGATTCGTAACTCTCTTGTACGCGGTATCTGATTTTCACTTTGGCATTTGGAGATGCTTTTGAAGGTGGTTTATGTTATCTTTCCAAGACTTACCTGGTGAGTTACTTAA,b3368c8eef4e62a0ce2228b46027c2ec6973aaadd9040810a94241d6a51ccd5b,-0.128569770265821,TAACAGTGCTGAAGCAGAATTTTGTTATTTTCCCATTACTTAGCGCTTCTCTGTTCCATTTATTTGGGGGAAGAATCGCTAAGATTTCAGAGATTCGTAGCTCTCTTGTACACGGTATCTGATTTTCACTTTGGCATTTGGAGATGCTTTTGAAGGTGGTTTATGTTATCTTTCCAAGACTTACCTGGTGAGTTACTTAA,b04c504d84a874e076f736d749cd4a1df7459a8ec693153d4a09f07bbeb1f6aa,-0.187080427158842,TAACAGTGCTGAAGCAGAATTTTGTTATTTTCCCATTACTTAGCGCTTCTCTGTTCCATTTATTTGGGGGAAGAATCGCTAAGATTTCAGAGATTCGTAACTCTCTTGTACACGGTATCTGATTTTCACTTTGGCATTTGGAGATGCTTTTGAAGGTGGTTTATGTTATCTTTCCAAGACTTACCTGGTGAGTTACTTAA,4f6febbeb408f46a03604b5b4a597be9e7c19c659c27b0d1804362d968b8f63c,-0.131331578706066,0.184318618718597,0.127033383022575,-357.79186396161094,-365.3495104811154,-356.44264350971207,-364.2589630256407,-0.25867299642413855,-1.0,-0.184318618718597,0.0,1,0.18210197545322962,0.18216460459877223,0.1501433469024087,-0.05050967020648506,1.0
chr20:1930873:G:A;chr20:1930897:T:C;var1;middle;OL27|K562|b983d5cf78ef379f,chr20:1930873:G:A;chr20:1930897:T:C;var1;middle;OL27,K562,K562_region_01367,100,124,24,TAACAGTGCTGAAGCAGAATTTTGTTATTTTCCCATTACTTAGCGCTTCTCTGTTCCATTTATTTGGGGGAAGAATCGCTAAGATTTCAGAGATTCGTAGCTCTCTTGTACGCGGTATCTGATTTTCACTTTGGCATTTGGAGATGCTTTTGAAGGTGGTTTATGTTATCTTTCCAAGACTTACCTGGTGAGTTACTTAA,9366d10378c8a8fc3649a84c21c2100ebb38496bde2a36a0becff488111f9769,0.0,TAACAGTGCTGAAGCAGAATTTTGTTATTTTCCCATTACTTAGCGCTTCTCTGTTCCATTTATTTGGGGGAAGAATCGCTAAGATTTCAGAGATTCGTAACTCTCTTGTACGCGGTATCTGATTTTCACTTTGGCATTTGGAGATGCTTTTGAAGGTGGTTTATGTTATCTTTCCAAGACTTACCTGGTGAGTTACTTAA,b3368c8eef4e62a0ce2228b46027c2ec6973aaadd9040810a94241d6a51ccd5b,-0.128311806522909,TAACAGTGCTGAAGCAGAATTTTGTTATTTTCCCATTACTTAGCGCTTCTCTGTTCCATTTATTTGGGGGAAGAATCGCTAAGATTTCAGAGATTCGTAGCTCTCTTGTACGCGGTATCTGATCTTCACTTTGGCATTTGGAGATGCTTTTGAAGGTGGTTTATGTTATCTTTCCAAGACTTACCTGGTGAGTTACTTAA,6778d9c35013180c8514446f5608787b04a98207ba36a052c87ddcbcec108da0,-0.0073142246556723,TAACAGTGCTGAAGCAGAATTTTGTTATTTTCCCATTACTTAGCGCTTCTCTGTTCCATTTATTTGGGGGAAGAATCGCTAAGATTTCAGAGATTCGTAACTCTCTTGTACGCGGTATCTGATCTTCACTTTGGCATTTGGAGATGCTTTTGAAGGTGGTTTATGTTATCTTTCCAAGACTTACCTGGTGAGTTACTTAA,b983d5cf78ef379f04015054f018a06093690374e688aefe495af1a596549d05,-0.0046378793046658,0.1309881518739155,0.116984780075081,-357.79186396161094,-365.3495104811154,-355.05596694676206,-362.2071618740447,0.4064515922218561,-1.0,-0.1309881518739155,0.0,1,0.18277869972792352,0.18216460459877223,0.1501433469024087,-0.07554565427355725,1.0
chr20:1930885:G:A;chr20:1930897:T:C;var1;middle;OL27|K562|8c26b27b9cd17d95,chr20:1930885:G:A;chr20:1930897:T:C;var1;middle;OL27,K562,K562_region_01367,100,112,12,AGCAGAATTTTGTTATTTTCCCATTACTTAGCGCTTCTCTGTTCCATTTATTTGGGGGAAGAATCGCTAAGATTTCAGAGATTCGTAGCTCTCTTGTACGCGGTATCTGATTTTCACTTTGGCATTTGGAGATGCTTTTGAAGGTGGTTTATGTTATCTTTCCAAGACTTACCTGGTGAGTTACTTAATCAAGAGAGGAT,b09f73830947fa02e1a28d4e29e82a739c8dc7bb3fbacf90ef005e1fc000658b,0.0,AGCAGAATTTTGTTATTTTCCCATTACTTAGCGCTTCTCTGTTCCATTTATTTGGGGGAAGAATCGCTAAGATTTCAGAGATTCGTAGCTCTCTTGTACACGGTATCTGATTTTCACTTTGGCATTTGGAGATGCTTTTGAAGGTGGTTTATGTTATCTTTCCAAGACTTACCTGGTGAGTTACTTAATCAAGAGAGGAT,f2d5206934a4b4ba52b137ee79596822f9119eecfa83d11036ff7c2d5e789f76,0.179869380397908,AGCAGAATTTTGTTATTTTCCCATTACTTAGCGCTTCTCTGTTCCATTTATTTGGGGGAAGAATCGCTAAGATTTCAGAGATTCGTAGCTCTCTTGTACGCGGTATCTGATCTTCACTTTGGCATTTGGAGATGCTTTTGAAGGTGGTTTATGTTATCTTTCCAAGACTTACCTGGTGAGTTACTTAATCAAGAGAGGAT,4f42b1ff21e4db98775d90c0b8647f9dfb2f6337307af072b84bcc0059f3a10b,0.147370804799401,AGCAGAATTTTGTTATTTTCCCATTACTTAGCGCTTCTCTGTTCCATTTATTTGGGGGAAGAATCGCTAAGATTTCAGAGATTCGTAGCTCTCTTGTACACGGTATCTGATCTTCACTTTGGCATTTGGAGATGCTTTTGAAGGTGGTTTATGTTATCTTTCCAAGACTTACCTGGTGAGTTACTTAATCAAGAGAGGAT,8c26b27b9cd17d95490018a16de9d00f358b10e69d258df97708ac4b514e1738,0.487767265298008,-0.160527080100699,0.210499519771232,-357.280779839959,-353.08906028815545,-352.63608640246093,-348.15090837469324,-0.2934584759641439,1.0,-0.160527080100699,0.0,1,0.18206658331946485,0.18216460459877223,0.1501433469024087,0.1782122529543103,1.0
chr20:20033242:A:T;chr20:20033319:A:G;var1;middle;OL41|K562|c5539d5a972365d3,chr20:20033242:A:T;chr20:20033319:A:G;var1;middle;OL41,K562,K562_region_01382,100,177,77,CGTGACGGAGGCGGCACCGTTTCCATGGTGACCAGGCTGCGCGTCCTCCTTGCGGCAGCGCGTGGAGTGCGGCGTCCTGGAGCTGCGGATGAGGTGGGTAACGCCGTGCTGACTAGCAGCGACGCAAGGACTGCGGTGCAGGGCGTCCAGGGCGCATCCCCAGGTCAGCCTCCGGAACTGGGATGACCAGGCGAGGACGA,95f7efb69bd6bc83ab81c52438213c293c766e1d7d2db55b8a541a89b48fd2fb,0.0,CGTGACGGAGGCGGCACCGTTTCCATGGTGACCAGGCTGCGCGTCCTCCTTGCGGCAGCGCGTGGAGTGCGGCGTCCTGGAGCTGCGGATGAGGTGGGTTACGCCGTGCTGACTAGCAGCGACGCAAGGACTGCGGTGCAGGGCGTCCAGGGCGCATCCCCAGGTCAGCCTCCGGAACTGGGATGACCAGGCGAGGACGA,bdca8c87865b236b501c460b9320ffebfd10d1adfb75282f90fb4df0995fa391,0.657323952288138,CGTGACGGAGGCGGCACCGTTTCCATGGTGACCAGGCTGCGCGTCCTCCTTGCGGCAGCGCGTGGAGTGCGGCGTCCTGGAGCTGCGGATGAGGTGGGTAACGCCGTGCTGACTAGCAGCGACGCAAGGACTGCGGTGCAGGGCGTCCAGGGCGCATCCCCAGGTCAGCCTCCGGAGCTGGGATGACCAGGCGAGGACGA,91be5c1a8bf42720fb91772e06cc34385d035249db78cdc368d24843b6120966,-0.313568158518883,CGTGACGGAGGCGGCACCGTTTCCATGGTGACCAGGCTGCGCGTCCTCCTTGCGGCAGCGCGTGGAGTGCGGCGTCCTGGAGCTGCGGATGAGGTGGGTTACGCCGTGCTGACTAGCAGCGACGCAAGGACTGCGGTGCAGGGCGTCCAGGGCGCATCCCCAGGTCAGCCTCCGGAGCTGGGATGACCAGGCGAGGACGA,c5539d5a972365d3cb373b7e89258e8ff1d52e849dd2e6c5da50d7101993a39a,-0.2586700547892,-0.602425848558455,0.227085962870197,-343.4294903301634,-340.8682127872016,-347.5124445313122,-345.5909888596507,-0.6398218713002279,-1.0,0.602425848558455,0.0,2,0.1742628359946888,0.17490732828716207,0.146091925319964,0.15244020007543083,1.0
chr20:20033319:A:G;chr20:20033380:A:G;var1;middle;OL41|K562|f43c312e719499b2,chr20:20033319:A:G;chr20:20033380:A:G;var1;middle;OL41,K562,K562_region_01382,100,161,61,TGGAGCTGCGGATGAGGTGGGTAACGCCGTGCTGACTAGCAGCGACGCAAGGACTGCGGTGCAGGGCGTCCAGGGCGCATCCCCAGGTCAGCCTCCGGAACTGGGATGACCAGGCGAGGACGAGTGGCTCTGTCGAGCCGTGGCGCCCTGCAAGGGAGTAAGAACGGAGCTCCAATCTGGATGCTCGAGGGCGGGGGAAG,03c422beabf4a02bf58b69d3edd0d90225a8cfeb6ddff29a7ae5621fdaeae594,0.0,TGGAGCTGCGGATGAGGTGGGTAACGCCGTGCTGACTAGCAGCGACGCAAGGACTGCGGTGCAGGGCGTCCAGGGCGCATCCCCAGGTCAGCCTCCGGAGCTGGGATGACCAGGCGAGGACGAGTGGCTCTGTCGAGCCGTGGCGCCCTGCAAGGGAGTAAGAACGGAGCTCCAATCTGGATGCTCGAGGGCGGGGGAAG,ede67c82dff7d6294565aa791087caaba5c14d526c1eae2ef08a4ad692064dad,-0.129069540945739,TGGAGCTGCGGATGAGGTGGGTAACGCCGTGCTGACTAGCAGCGACGCAAGGACTGCGGTGCAGGGCGTCCAGGGCGCATCCCCAGGTCAGCCTCCGGAACTGGGATGACCAGGCGAGGACGAGTGGCTCTGTCGAGCCGTGGCGCCCTGCAAGGGAGTAGGAACGGAGCTCCAATCTGGATGCTCGAGGGCGGGGGAAG,4f900f47c8cfce7eab0c7142ffe83c21563091d8da532f9f4b2eb1efda4177cb,-0.0408582738446396,TGGAGCTGCGGATGAGGTGGGTAACGCCGTGCTGACTAGCAGCGACGCAAGGACTGCGGTGCAGGGCGTCCAGGGCGCATCCCCAGGTCAGCCTCCGGAGCTGGGATGACCAGGCGAGGACGAGTGGCTCTGTCGAGCCGTGGCGCCCTGCAAGGGAGTAGGAACGGAGCTCCAATCTGGATGCTCGAGGGCGGGGGAAG,f43c312e719499b225a5664bd5d0aeb70a9faa5d77050ab489f8b3a926167421,-0.313746467688927,0.1438186528985484,0.361077337595456,-333.60683574713767,-338.5532800517976,-305.67209815979004,-316.5568582266569,5.938315762206912,1.0,0.1438186528985484,0.0,2,0.18384113624346324,0.17490732828716207,0.146091925319964,0.1122655255273241,1.0
chr20:20033380:A:G;chr20:20033423:G:A;var1;middle;OL41|K562|63095bfe9ba8e3bd,chr20:20033380:A:G;chr20:20033423:G:A;var1;middle;OL41,K562,K562_region_01382,100,143,43,CAGGGCGTCCAGGGCGCATCCCCAGGTCAGCCTCCGGAACTGGGATGACCAGGCGAGGACGAGTGGCTCTGTCGAGCCGTGGCGCCCTGCAAGGGAGTAAGAACGGAGCTCCAATCTGGATGCTCGAGGGCGGGGGAAGAAGGGAGAGCGAGGAAACTACCATTCCCAGCATGCGACGGGGCGAGCTGCCGCCCTTTTAG,80bad2fb344986c33e4c873454ba9bbc1494a045d0f5cdeabca195b15418e393,0.0,CAGGGCGTCCAGGGCGCATCCCCAGGTCAGCCTCCGGAACTGGGATGACCAGGCGAGGACGAGTGGCTCTGTCGAGCCGTGGCGCCCTGCAAGGGAGTAGGAACGGAGCTCCAATCTGGATGCTCGAGGGCGGGGGAAGAAGGGAGAGCGAGGAAACTACCATTCCCAGCATGCGACGGGGCGAGCTGCCGCCCTTTTAG,fa481c56d04cb6ce56654b2b510af2d3f4723cd8b68588a97f3ca3d5b04f3e67,-0.167173616057909,CAGGGCGTCCAGGGCGCATCCCCAGGTCAGCCTCCGGAACTGGGATGACCAGGCGAGGACGAGTGGCTCTGTCGAGCCGTGGCGCCCTGCAAGGGAGTAAGAACGGAGCTCCAATCTGGATGCTCGAGGGCGGGGGAAGAAGAGAGAGCGAGGAAACTACCATTCCCAGCATGCGACGGGGCGAGCTGCCGCCCTTTTAG,144c2a4e7a365008f10446ba9c90ab66238a30e0d053a889f2e0d7b13e3f32ac,-0.0203966103992992,CAGGGCGTCCAGGGCGCATCCCCAGGTCAGCCTCCGGAACTGGGATGACCAGGCGAGGACGAGTGGCTCTGTCGAGCCGTGGCGCCCTGCAAGGGAGTAGGAACGGAGCTCCAATCTGGATGCTCGAGGGCGGGGGAAGAAGAGAGAGCGAGGAAACTACCATTCCCAGCATGCGACGGGGCGAGCTGCCGCCCTTTTAG,63095bfe9ba8e3bda42cb60be973cbc1ef0f1a9eab9a2992e74d0ec75cbf3e07,-0.0137862472920128,0.1737839791651954,0.137345652174879,-402.4969058914576,-411.161088851979,-402.2987613808364,-409.1092479492072,1.8536963921505958,-1.0,-0.1737839791651954,0.0,2,0.1778936001917585,0.17490732828716207,0.146091925319964,0.17807225968213658,1.0
chr20:23168500:G:A;chr20:23168526:G:T;var1;middle;OL41|K562|1765ae01282a72c4,chr20:23168500:G:A;chr20:23168526:G:T;var1;middle;OL41,K562,K562_region_01383,100,126,26,GTCCTCTGCAGGAGTGACCCAGCTGCCACCAGGCTGCCCTGCCCAGCTCAGCAGGCCCTACGGGTGCAGGGAAGCAGATGGGCAGTGAGATCTGGGACCGGTATAGAACCACAGCTGCCACAACTGCCCATGGCTCCCTCCCTTCTTTGACGTCAGAGTGAGCAGGGCGGTTTCTGCTGCCTTCGCATTCCAGCCCCACA,40799edb565fd58948ce05949c156ae71da80a6deaca40d7e7fe1bfd04b94ee2,0.0,GTCCTCTGCAGGAGTGACCCAGCTGCCACCAGGCTGCCCTGCCCAGCTCAGCAGGCCCTACGGGTGCAGGGAAGCAGATGGGCAGTGAGATCTGGGACCAGTATAGAACCACAGCTGCCACAACTGCCCATGGCTCCCTCCCTTCTTTGACGTCAGAGTGAGCAGGGCGGTTTCTGCTGCCTTCGCATTCCAGCCCCACA,4c1fddbf44fe847e727f52a1492f0de79a4dc3c8d3cb8c3f0c73ffdfe8ee0ae1,-0.113207821895737,GTCCTCTGCAGGAGTGACCCAGCTGCCACCAGGCTGCCCTGCCCAGCTCAGCAGGCCCTACGGGTGCAGGGAAGCAGATGGGCAGTGAGATCTGGGACCGGTATAGAACCACAGCTGCCACAACTTCCCATGGCTCCCTCCCTTCTTTGACGTCAGAGTGAGCAGGGCGGTTTCTGCTGCCTTCGCATTCCAGCCCCACA,a57fc72789734dd714a76a077fed9a4867a23c8ce2e46b278968d32ca69d6db9,0.490505991232574,GTCCTCTGCAGGAGTGACCCAGCTGCCACCAGGCTGCCCTGCCCAGCTCAGCAGGCCCTACGGGTGCAGGGAAGCAGATGGGCAGTGAGATCTGGGACCAGTATAGAACCACAGCTGCCACAACTTCCCATGGCTCCCTCCCTTCTTTGACGTCAGAGTGAGCAGGGCGGTTTCTGCTGCCTTCGCATTCCAGCCCCACA,1765ae01282a72c45842dd51cb33d910682ee12bfab4971cb226fc4e221f47ac,0.240992018759304,-0.136306150577533,0.259638003722883,-244.77721101045609,-239.78192208707333,-267.83427895605564,-247.65245640277865,15.186533629894228,-1.0,0.136306150577533,0.0,2,0.19730728919404567,0.17490732828716207,0.146091925319964,0.1915029944988869,1.0
chr20:25837491:G:T;chr20:25837493:G:C;var1;middle;OL27|K562|e14c9d5a015cc4d2,chr20:25837491:G:T;chr20:25837493:G:C;var1;middle;OL27,K562,K562_region_01384,100,102,2,GTCCCCTTGTTTCCCTGACATTCGTTAAGGCCAAAAGATCCAGGGAGACAGTCCACCCATGAGAAGAGGAGAGGATGTCCCTCGAGAATGAGACAGGAAGTGCAGAGGAAATGCGACACCACCTGTGCTAGAAGACAAGGCCAGTCCCGGTCTCCTAGCGCTCATTCTAGGCAATCCACCCACCCATGAATGGAAACATG,d23c7b5aa209fdcabd9491e2b86e616603f5618dc92548f4e9b75708f3bde555,0.0,GTCCCCTTGTTTCCCTGACATTCGTTAAGGCCAAAAGATCCAGGGAGACAGTCCACCCATGAGAAGAGGAGAGGATGTCCCTCGAGAATGAGACAGGAATTGCAGAGGAAATGCGACACCACCTGTGCTAGAAGACAAGGCCAGTCCCGGTCTCCTAGCGCTCATTCTAGGCAATCCACCCACCCATGAATGGAAACATG,543b9a1ea631b7b22dd8cbf42d51c448e167ea257f343ae303d633e7e8df9809,-2.08663439706245,GTCCCCTTGTTTCCCTGACATTCGTTAAGGCCAAAAGATCCAGGGAGACAGTCCACCCATGAGAAGAGGAGAGGATGTCCCTCGAGAATGAGACAGGAAGTCCAGAGGAAATGCGACACCACCTGTGCTAGAAGACAAGGCCAGTCCCGGTCTCCTAGCGCTCATTCTAGGCAATCCACCCACCCATGAATGGAAACATG,9c89a2605e6631d74d3f721f57de8d84ddc1bf322cf914d330b07f87e4dc5990,-0.54045696008863,GTCCCCTTGTTTCCCTGACATTCGTTAAGGCCAAAAGATCCAGGGAGACAGTCCACCCATGAGAAGAGGAGAGGATGTCCCTCGAGAATGAGACAGGAATTCCAGAGGAAATGCGACACCACCTGTGCTAGAAGACAAGGCCAGTCCCGGTCTCCTAGCGCTCATTCTAGGCAATCCACCCACCCATGAATGGAAACATG,e14c9d5a015cc4d21ab2aeba1800275d9deca1847794b45ce629ffdd752d016d,-2.23746016048184,-0.3896311966692405,0.185978675298124,-369.8962497347966,-371.97307944484055,-400.1855491790921,-396.7033605542965,-5.559018334839493,1.0,-0.3896311966692405,0.0,4,0.16930941603538022,0.17620727786206916,0.145609630836647,0.168978820495128,1.0
chr20:25842403:C:G;chr20:25842456:T:G;var1;middle;OL41|K562|8b478d478863a8d7,chr20:25842403:C:G;chr20:25842456:T:G;var1;middle;OL41,K562,K562_region_01385,100,153,53,CCTCGCGCATGCGCATTGGCCCGCCCGACTGGCGCTCCGCTCCTGGCGGTCAGGCTGCGTCCCCTTTAAATAACGCCACCGCAGCGCGGCGGCAGCGAGCCTCCTGCTGCAGCCGCGGCGGCGGCTGGATCCGGGCTCCAGTTTGTGGCGGCTTGGGAGACCGGACCGTGGGTGTCTTGTCCTGTCCCAGGGCCAAACCC,a3d72833b727b3c55345472acf93271900b73e8f7d44be15293e9ad7a706222a,0.0,CCTCGCGCATGCGCATTGGCCCGCCCGACTGGCGCTCCGCTCCTGGCGGTCAGGCTGCGTCCCCTTTAAATAACGCCACCGCAGCGCGGCGGCAGCGAGGCTCCTGCTGCAGCCGCGGCGGCGGCTGGATCCGGGCTCCAGTTTGTGGCGGCTTGGGAGACCGGACCGTGGGTGTCTTGTCCTGTCCCAGGGCCAAACCC,ed8c2f08374c3a860ae8ca6e910575608a97904042ef1e360ffaabe810b1da8c,0.224886063407172,CCTCGCGCATGCGCATTGGCCCGCCCGACTGGCGCTCCGCTCCTGGCGGTCAGGCTGCGTCCCCTTTAAATAACGCCACCGCAGCGCGGCGGCAGCGAGCCTCCTGCTGCAGCCGCGGCGGCGGCTGGATCCGGGCTCCAGTTTGTGGCGGCGTGGGAGACCGGACCGTGGGTGTCTTGTCCTGTCCCAGGGCCAAACCC,be4ba162ad79d4e5ebed3cf7344e71352510f14710e56a9b499aed4138712978,0.0708632759390942,CCTCGCGCATGCGCATTGGCCCGCCCGACTGGCGCTCCGCTCCTGGCGGTCAGGCTGCGTCCCCTTTAAATAACGCCACCGCAGCGCGGCGGCAGCGAGGCTCCTGCTGCAGCCGCGGCGGCGGCTGGATCCGGGCTCCAGTTTGTGGCGGCGTGGGAGACCGGACCGTGGGTGTCTTGTCCTGTCCCAGGGCCAAACCC,8b478d478863a8d754461a4c537b4fa9ff3d443983c08e0dfc324f1a902562e7,0.0614284774754603,0.2343208618708059,0.247153504346573,-295.0324741953518,-286.9939245462883,-286.8125859517604,-290.1373507848475,11.3633144821506,1.0,0.2343208618708059,0.0,1,0.19392664887712263,0.18216460459877223,0.1501433469024087,0.21705008375054385,1.0
chr20:26185364:C:G;chr20:26185373:T:C;var1;middle;OL32|K562|e1d237ae3d5f3f5e,chr20:26185364:C:G;chr20:26185373:T:C;var1;middle;OL32,K562,K562_region_01386,100,109,9,GTTAGAATGGCAATCATTAAAAAGTCAGGAAACAACAGGTGCTGGAGAGGATGTGGAGAAATAGGAACACTTTTACACTGTTGGTGGGACTGTAAACTACTTCAACCATTGTGGAAGTCAGTGTGGCGATTCCTCAGGGATCTAGAACTGGAAATACCATTTAACCCAGCCATCCCATTACTGGGTATATACCCAAAGGA,3bca531c57e5da3b009a8358b94312ebb4fdd37246a1b35f95149d7e96ca24d5,0.0,GTTAGAATGGCAATCATTAAAAAGTCAGGAAACAACAGGTGCTGGAGAGGATGTGGAGAAATAGGAACACTTTTACACTGTTGGTGGGACTGTAAACTAGTTCAACCATTGTGGAAGTCAGTGTGGCGATTCCTCAGGGATCTAGAACTGGAAATACCATTTAACCCAGCCATCCCATTACTGGGTATATACCCAAAGGA,0f3eec68de936d27ad5a2c19bb894128e46437064f04a5f81be35929fa531bef,0.114622785819867,GTTAGAATGGCAATCATTAAAAAGTCAGGAAACAACAGGTGCTGGAGAGGATGTGGAGAAATAGGAACACTTTTACACTGTTGGTGGGACTGTAAACTACTTCAACCACTGTGGAAGTCAGTGTGGCGATTCCTCAGGGATCTAGAACTGGAAATACCATTTAACCCAGCCATCCCATTACTGGGTATATACCCAAAGGA,7f68a9baec7ff4241c4df927dd692219e6283938a81e8f174ef8ae199ca7f506,-0.21234412440487,GTTAGAATGGCAATCATTAAAAAGTCAGGAAACAACAGGTGCTGGAGAGGATGTGGAGAAATAGGAACACTTTTACACTGTTGGTGGGACTGTAAACTAGTTCAACCACTGTGGAAGTCAGTGTGGCGATTCCTCAGGGATCTAGAACTGGAAATACCATTTAACCCAGCCATCCCATTACTGGGTATATACCCAAAGGA,e1d237ae3d5f3f5e309a7421c287e2299f2c3962bdad557f5408df229f9901b7,0.106996303997012,0.204717642582015,0.297383581354859,-111.27690184605308,-107.30787740228698,-110.11210031993689,-106.74789662798868,-0.6048207518179112,-1.0,-0.204717642582015,0.0,1,0.1817497909261433,0.18216460459877223,0.1501433469024087,0.36229683198364326,1.0
chr20:31163565:G:T;chr20:31163573:G:T;var1;middle;OL28|K562|5b645f3c7a5b79bd,chr20:31163565:G:T;chr20:31163573:G:T;var1;middle;OL28,K562,K562_region_01387,100,108,8,AAAAAAACACAGACGCAGTCCGCCCTGCTAGTGCTCATGGCCTTGGAGGAGACAGATCCTAAGCACAGAAAGTAGTGAAATACACATAATGTCAGGCAGGGATAAGGGCCCCAGAGGAAAAATCAAGTAGAAAAGAGAGATGGGAGATGGTCCAAGGGATCTAAGGTGGGCCTCACTGGGTGATCAAGGAGGCCCTCTCT,e20a11df5f20e3acb3154d157f3a8811b643be8f862c31816ea7b7dcd4cafa9e,0.0,AAAAAAACACAGACGCAGTCCGCCCTGCTAGTGCTCATGGCCTTGGAGGAGACAGATCCTAAGCACAGAAAGTAGTGAAATACACATAATGTCAGGCAGTGATAAGGGCCCCAGAGGAAAAATCAAGTAGAAAAGAGAGATGGGAGATGGTCCAAGGGATCTAAGGTGGGCCTCACTGGGTGATCAAGGAGGCCCTCTCT,36e7ab1aca32556fa546e95099481eac12ab699a5c375b58b6691b1ee83bf44f,0.294769111629664,AAAAAAACACAGACGCAGTCCGCCCTGCTAGTGCTCATGGCCTTGGAGGAGACAGATCCTAAGCACAGAAAGTAGTGAAATACACATAATGTCAGGCAGGGATAAGGTCCCCAGAGGAAAAATCAAGTAGAAAAGAGAGATGGGAGATGGTCCAAGGGATCTAAGGTGGGCCTCACTGGGTGATCAAGGAGGCCCTCTCT,1a82b91a8ab8b2cc1271b8145f44a9b05c0b26bcbcbbbdba5bd5ac4da08068b3,-0.0057087142899475,AAAAAAACACAGACGCAGTCCGCCCTGCTAGTGCTCATGGCCTTGGAGGAGACAGATCCTAAGCACAGAAAGTAGTGAAATACACATAATGTCAGGCAGTGATAAGGTCCCCAGAGGAAAAATCAAGTAGAAAAGAGAGATGGGAGATGGTCCAAGGGATCTAAGGTGGGCCTCACTGGGTGATCAAGGAGGCCCTCTCT,5b645f3c7a5b79bd7f171804fa0f96f12e3e61c38cd78f90deebda8052cf4ad6,0.212677232350312,-0.0763831649894045,0.16771856696289,-289.66302143223584,-279.59095529746264,-283.21206625457853,-276.3762303283438,-3.2362302085384727,-1.0,0.0763831649894045,0.0,0,0.18161947752853955,0.18565657667894103,0.15145376406925343,0.11148133937782506,1.0
chr20:33871661:T:C;chr20:33871675:A:C;var1;middle;OL41|K562|6d60c20b971a616d,chr20:33871661:T:C;chr20:33871675:A:C;var1;middle;OL41,K562,K562_region_01388,100,114,14,CACTGCACTCCAGCCTGGGCGAAAGAGCAAAAATCTGGCCTCAAAAAAAAAAAAAAAAGAGAAAAATCCTTCTCCAACACTAGGAACTAGGTGTGGAACTTACTGAGTCACTTAGGTCAAGTCTCAACTTCCTCATCAGTCAAGTTAGGCCAGTAACTCCTACCTTCTAGTGTCTTTGTGACGAAGGAATGAGAACAGGA,6424e056aaaf029a4ead972fb9528c6d9a055e2be985e784b5a6d412285cc20b,0.0,CACTGCACTCCAGCCTGGGCGAAAGAGCAAAAATCTGGCCTCAAAAAAAAAAAAAAAAGAGAAAAATCCTTCTCCAACACTAGGAACTAGGTGTGGAACCTACTGAGTCACTTAGGTCAAGTCTCAACTTCCTCATCAGTCAAGTTAGGCCAGTAACTCCTACCTTCTAGTGTCTTTGTGACGAAGGAATGAGAACAGGA,02312b6356defddca09400650df6c388d8db3a5e163a85f13be8f3154fe8ac3f,-0.425619354783861,CACTGCACTCCAGCCTGGGCGAAAGAGCAAAAATCTGGCCTCAAAAAAAAAAAAAAAAGAGAAAAATCCTTCTCCAACACTAGGAACTAGGTGTGGAACTTACTGAGTCACTTCGGTCAAGTCTCAACTTCCTCATCAGTCAAGTTAGGCCAGTAACTCCTACCTTCTAGTGTCTTTGTGACGAAGGAATGAGAACAGGA,6176f467aa5e2ecf6615ad5fcd37ec2ea99bcb1e30c2e7bb38eedb36260733dc,0.0427354252377224,CACTGCACTCCAGCCTGGGCGAAAGAGCAAAAATCTGGCCTCAAAAAAAAAAAAAAAAGAGAAAAATCCTTCTCCAACACTAGGAACTAGGTGTGGAACCTACTGAGTCACTTCGGTCAAGTCTCAACTTCCTCATCAGTCAAGTTAGGCCAGTAACTCCTACCTTCTAGTGTCTTTGTGACGAAGGAATGAGAACAGGA,6d60c20b971a616da8198f6e5ff55c01edb8030671ca69be40ebd7865e77804d,0.0408190203306511,0.4237029498767897,0.215951717474277,-205.29794874740764,-208.8313161577098,-214.7207982800901,-215.9379204600118,2.3162452303804457,-1.0,-0.4237029498767897,0.0,1,0.1847217999179629,0.18216460459877223,0.1501433469024087,0.08918684360960408,1.0
chr20:35945343:T:C;chr20:35945396:A:G;var1;middle;OL41|K562|46f0677bfa8e2288,chr20:35945343:T:C;chr20:35945396:A:G;var1;middle;OL41,K562,K562_region_01389,100,153,53,CAGTCACCTTTGTTGCTGCTGTGTAGACAGAGCCAGGCCTCACCTGTTTGTTTAGGCCAAGATGCCATGGACATGCAGCGTTAGTGATCCCACTAGCTGTGACAGCCAGGCCCAGAAAATGCCTGGCGTGAGAGCCAGCAGACAGCCAGGCCAGGGTAGGCAGTGCCTGCTTCTGCTCCATCAGGTGCAGGGGATTTGGC,7ea03446a7d4eefc5e93bcad7ae09bb77f59c7df808dc295bbecb9e6d0ec4de0,0.0,CAGTCACCTTTGTTGCTGCTGTGTAGACAGAGCCAGGCCTCACCTGTTTGTTTAGGCCAAGATGCCATGGACATGCAGCGTTAGTGATCCCACTAGCTGCGACAGCCAGGCCCAGAAAATGCCTGGCGTGAGAGCCAGCAGACAGCCAGGCCAGGGTAGGCAGTGCCTGCTTCTGCTCCATCAGGTGCAGGGGATTTGGC,ffeaf77c2800f84683f9b8dbb8009980fe966bafa1e02c991daea943d1b5f12a,0.225145026536892,CAGTCACCTTTGTTGCTGCTGTGTAGACAGAGCCAGGCCTCACCTGTTTGTTTAGGCCAAGATGCCATGGACATGCAGCGTTAGTGATCCCACTAGCTGTGACAGCCAGGCCCAGAAAATGCCTGGCGTGAGAGCCAGCAGACAGCCAGGCCGGGGTAGGCAGTGCCTGCTTCTGCTCCATCAGGTGCAGGGGATTTGGC,fcac00e203b9bfa2976fc35631e5fea8959890fda9ce4bc7f947bd0e61c21d2c,0.275640674342595,CAGTCACCTTTGTTGCTGCTGTGTAGACAGAGCCAGGCCTCACCTGTTTGTTTAGGCCAAGATGCCATGGACATGCAGCGTTAGTGATCCCACTAGCTGCGACAGCCAGGCCCAGAAAATGCCTGGCGTGAGAGCCAGCAGACAGCCAGGCCGGGGTAGGCAGTGCCTGCTTCTGCTCCATCAGGTGCAGGGGATTTGGC,46f0677bfa8e2288980824f036caf9eaa28e416b9c8bf88bc2463e18cad92971,0.147063646758893,0.3537220541205939,0.367449303132828,-370.2354863225482,-390.1096125163604,-384.75799058703706,-403.22004053462297,-1.4120762462262633,1.0,0.3537220541205939,0.0,3,0.17862881235226175,0.18106719778262317,0.1474303780702046,0.1960106278260391,1.0
chr20:3681399:G:C;chr20:3681420:C:T;var1;middle;OL27|K562|8fe19c695b10e518,chr20:3681399:G:C;chr20:3681420:C:T;var1;middle;OL27,K562,K562_region_01368,100,121,21,CACATACCGAAAGTTGGAAGACCGTACTTTTCTTTTTTCTTTTTCTTTTTTTTTTTTTTTTTTTTGAGACAGAGTCTCACTCTTGTCACCCAGGCTGGAGTGCAGTGGCGCTATCTTGGCCCACTACAACTTCCACCTCCTGGGTTCAAGCGATTCTCCTGCCTTAGCCTCCCAGGTAGCTGGGACTACAGGAACTCACC,b1e374f86cdfc152e809d317215fb2edffb936556f7102c02ef7613fc6ba70c1,0.0,CACATACCGAAAGTTGGAAGACCGTACTTTTCTTTTTTCTTTTTCTTTTTTTTTTTTTTTTTTTTGAGACAGAGTCTCACTCTTGTCACCCAGGCTGGACTGCAGTGGCGCTATCTTGGCCCACTACAACTTCCACCTCCTGGGTTCAAGCGATTCTCCTGCCTTAGCCTCCCAGGTAGCTGGGACTACAGGAACTCACC,2fa77e1e95c40b81d2505d44ebed21a158177477918d35577daaf3e2b763c8ca,0.0618838847200286,CACATACCGAAAGTTGGAAGACCGTACTTTTCTTTTTTCTTTTTCTTTTTTTTTTTTTTTTTTTTGAGACAGAGTCTCACTCTTGTCACCCAGGCTGGAGTGCAGTGGCGCTATCTTGGCTCACTACAACTTCCACCTCCTGGGTTCAAGCGATTCTCCTGCCTTAGCCTCCCAGGTAGCTGGGACTACAGGAACTCACC,ad90a32a3e3ce33c270ffb46f1f73daadc8251b9cb62eece4bd729d787368459,0.16128282487983,CACATACCGAAAGTTGGAAGACCGTACTTTTCTTTTTTCTTTTTCTTTTTTTTTTTTTTTTTTTTGAGACAGAGTCTCACTCTTGTCACCCAGGCTGGACTGCAGTGGCGCTATCTTGGCTCACTACAACTTCCACCTCCTGGGTTCAAGCGATTCTCCTGCCTTAGCCTCCCAGGTAGCTGGGACTACAGGAACTCACC,8fe19c695b10e5185249f93b46064193b54f22b488c44523bff8e9e3e41ad111,0.283515327614625,-0.0603486180147664,0.13424496006227,-106.39831008994952,-111.33749082684515,-100.22931632073596,-106.08844788419084,0.91995082655923,1.0,-0.0603486180147664,0.0,0,0.18695762825201462,0.18565657667894103,0.15145376406925343,0.26606331200746486,1.0
chr20:3682657:G:A;chr20:3682730:G:C;var1;middle;OL30|K562|337b52f38cea08e6,chr20:3682657:G:A;chr20:3682730:G:C;var1;middle;OL30,K562,K562_region_01369,100,173,73,GTGAGGGACAGCACCTCAGCCAGGTGACCAAAGTGAGCATCATCAGCAATGGGACAAGCTGACACAGAGTGCCTCCTGACAGGGCAGAGCAGCATGTCCGCGGCCTTCCCACCCAGAGGGCATGGTCTCAGGCCATTCAAGTCAGGCAAATGTGGAGTGAGGGACCTCCTCAGAACAGCAGGCCTGCACTCTGCAAGTTT,9a2a79048326483c878698b3f7d24b3a07fa1d1185432d9afa10c44ac6ffa79c,0.0,GTGAGGGACAGCACCTCAGCCAGGTGACCAAAGTGAGCATCATCAGCAATGGGACAAGCTGACACAGAGTGCCTCCTGACAGGGCAGAGCAGCATGTCCACGGCCTTCCCACCCAGAGGGCATGGTCTCAGGCCATTCAAGTCAGGCAAATGTGGAGTGAGGGACCTCCTCAGAACAGCAGGCCTGCACTCTGCAAGTTT,488b3daf0a5b27675f094d9abb5c35b4b059f67bba20f749940f24691e76e0c3,-0.59697046138562,GTGAGGGACAGCACCTCAGCCAGGTGACCAAAGTGAGCATCATCAGCAATGGGACAAGCTGACACAGAGTGCCTCCTGACAGGGCAGAGCAGCATGTCCGCGGCCTTCCCACCCAGAGGGCATGGTCTCAGGCCATTCAAGTCAGGCAAATGTGGAGTGAGGGACCTCCTCACAACAGCAGGCCTGCACTCTGCAAGTTT,37f3fd7f06c9e4b8587767e3e7875c0eab1c0f0df03bed04711ca2abadec99e5,-0.792974147118132,GTGAGGGACAGCACCTCAGCCAGGTGACCAAAGTGAGCATCATCAGCAATGGGACAAGCTGACACAGAGTGCCTCCTGACAGGGCAGAGCAGCATGTCCACGGCCTTCCCACCCAGAGGGCATGGTCTCAGGCCATTCAAGTCAGGCAAATGTGGAGTGAGGGACCTCCTCACAACAGCAGGCCTGCACTCTGCAAGTTT,337b52f38cea08e6a9d5481eb2095b1346cca59538304521207f4900d4a7f4a6,-0.588470661348883,0.8014739471548691,0.288843766845743,-340.7711946759373,-319.08020156621933,-284.1260766759515,-273.8239769563079,-11.388893390074372,-1.0,-0.8014739471548691,0.0,3,0.15853365280557552,0.18106719778262317,0.1474303780702046,0.2203127237116309,1.0
chr20:3682730:G:C;chr20:3682762:G:A;var1;middle;OL30|K562|eb86267af2c333f7,chr20:3682730:G:C;chr20:3682762:G:A;var1;middle;OL30,K562,K562_region_01369,100,132,32,TCCTGACAGGGCAGAGCAGCATGTCCGCGGCCTTCCCACCCAGAGGGCATGGTCTCAGGCCATTCAAGTCAGGCAAATGTGGAGTGAGGGACCTCCTCAGAACAGCAGGCCTGCACTCTGCAAGTTTCAATGTCAAGAATGACAAGGAAAGACTGAGGAACAGTCTCAGACTAACGGAGAATGAAGAGACGCAACGACCC,e6cae980684cdd7dc6cbba23d9d4fb678f07c7d17b6ecc2e62887d534a6e05ae,0.0,TCCTGACAGGGCAGAGCAGCATGTCCGCGGCCTTCCCACCCAGAGGGCATGGTCTCAGGCCATTCAAGTCAGGCAAATGTGGAGTGAGGGACCTCCTCACAACAGCAGGCCTGCACTCTGCAAGTTTCAATGTCAAGAATGACAAGGAAAGACTGAGGAACAGTCTCAGACTAACGGAGAATGAAGAGACGCAACGACCC,3c1d66e844bc3862716d1a1dcbe2414918fb4acc886f1f6c4f2c48980bbb8fd1,0.119963172112705,TCCTGACAGGGCAGAGCAGCATGTCCGCGGCCTTCCCACCCAGAGGGCATGGTCTCAGGCCATTCAAGTCAGGCAAATGTGGAGTGAGGGACCTCCTCAGAACAGCAGGCCTGCACTCTGCAAGTTTCAATATCAAGAATGACAAGGAAAGACTGAGGAACAGTCTCAGACTAACGGAGAATGAAGAGACGCAACGACCC,b6a38deabdfaa9e0cec0287b4b93fb1f7fbef858d18fab1ea40542cbf28eb975,0.143762184679995,TCCTGACAGGGCAGAGCAGCATGTCCGCGGCCTTCCCACCCAGAGGGCATGGTCTCAGGCCATTCAAGTCAGGCAAATGTGGAGTGAGGGACCTCCTCACAACAGCAGGCCTGCACTCTGCAAGTTTCAATATCAAGAATGACAAGGAAAGACTGAGGAACAGTCTCAGACTAACGGAGAATGAAGAGACGCAACGACCC,eb86267af2c333f76d22307087f94de08d811def67fbff3d6fc5f5b355d56490,0.136818739859149,0.126906616933551,0.183656201875487,-360.7671841722913,-350.6302179875784,-381.3960081262048,-369.4632508400828,-1.7957911014090655,1.0,0.126906616933551,0.0,3,0.17785593948868655,0.18106719778262317,0.1474303780702046,0.2662137505086912,1.0
chr20:36932660:C:T;chr20:36932676:G:C;var1;middle;OL41|K562|692e854431a54604,chr20:36932660:C:T;chr20:36932676:G:C;var1;middle;OL41,K562,K562_region_01390,100,116,16,TTATAGCTCCCTGGTTCAACCTCAAGGCCTTGAGGTTTTGGCAGCTCTGGAGGATGAGAGAGAACATGGCCAGGGGCCCTTGCAACGCGCCGAGATGGGCGTCCCTGATGGTGCTGGTCGCCATAGGCACCGCCGTGACAGCGGCCGTCAACCCTGGCGTCGTGGTCAGGATCTCCCAGAAGGGCCTGGACTACGGTAAC,5272a365285eca80308ba416244df53ead68723adb40a1f1c1d0ee856da59440,0.0,TTATAGCTCCCTGGTTCAACCTCAAGGCCTTGAGGTTTTGGCAGCTCTGGAGGATGAGAGAGAACATGGCCAGGGGCCCTTGCAACGCGCCGAGATGGGTGTCCCTGATGGTGCTGGTCGCCATAGGCACCGCCGTGACAGCGGCCGTCAACCCTGGCGTCGTGGTCAGGATCTCCCAGAAGGGCCTGGACTACGGTAAC,1963f9b49fac710364416fd4cb21f3d692abe28aa7631828f57fabf54bc60a43,-0.225123566361579,TTATAGCTCCCTGGTTCAACCTCAAGGCCTTGAGGTTTTGGCAGCTCTGGAGGATGAGAGAGAACATGGCCAGGGGCCCTTGCAACGCGCCGAGATGGGCGTCCCTGATGGTGCTCGTCGCCATAGGCACCGCCGTGACAGCGGCCGTCAACCCTGGCGTCGTGGTCAGGATCTCCCAGAAGGGCCTGGACTACGGTAAC,3754b7c4cac41b9f756f68492a608caf89b982fa96b90cb3330cc9014c031c3a,-0.0690006456462726,TTATAGCTCCCTGGTTCAACCTCAAGGCCTTGAGGTTTTGGCAGCTCTGGAGGATGAGAGAGAACATGGCCAGGGGCCCTTGCAACGCGCCGAGATGGGTGTCCCTGATGGTGCTCGTCGCCATAGGCACCGCCGTGACAGCGGCCGTCAACCCTGGCGTCGTGGTCAGGATCTCCCAGAAGGGCCTGGACTACGGTAAC,692e854431a5460453bdf330819a6de911d27577d529a3cb49270168ef88bc09,-0.278636360878775,-0.0154878511290765,0.39073419763784,-323.31434220727533,-327.5390132814646,-322.51362787373364,-326.00456232763827,-0.733736620284617,1.0,-0.0154878511290765,0.0,2,0.17412608852698933,0.17490732828716207,0.146091925319964,0.18401793952182244,1.0
chr20:3776368:T:C;chr20:3776400:C:G;var1;middle;OL41|K562|800e7676ef64b826,chr20:3776368:T:C;chr20:3776400:C:G;var1;middle;OL41,K562,K562_region_01370,100,132,32,TGGGCCGGTTGGGGTAACATCTAACCTGGGGTCCCGCGAAAGAGCCCATCAGTTCCGCTTGGGGGCCCCACTGCCCTCCCACCTCCTACGCTGGGCGCTTCTCCTGCGAATGACGTTTTGCTGCTGCTCAGCGCAGCCAGTCGCGGAGGCGGGGAGGCTGCGCGGTCAGAGGCGCCTGGAGCGAGCGAATCCTGGCCCAC,35f9ae978b905daff8fc75868fcca6722dbba3c8e54486b0c702bff387c6e6b5,0.0,TGGGCCGGTTGGGGTAACATCTAACCTGGGGTCCCGCGAAAGAGCCCATCAGTTCCGCTTGGGGGCCCCACTGCCCTCCCACCTCCTACGCTGGGCGCTCCTCCTGCGAATGACGTTTTGCTGCTGCTCAGCGCAGCCAGTCGCGGAGGCGGGGAGGCTGCGCGGTCAGAGGCGCCTGGAGCGAGCGAATCCTGGCCCAC,8512d30bd5e91029b97273f22835a15d800d960c887917e5f4b6602a774c7497,0.564912275429819,TGGGCCGGTTGGGGTAACATCTAACCTGGGGTCCCGCGAAAGAGCCCATCAGTTCCGCTTGGGGGCCCCACTGCCCTCCCACCTCCTACGCTGGGCGCTTCTCCTGCGAATGACGTTTTGCTGCTGCTCAGGGCAGCCAGTCGCGGAGGCGGGGAGGCTGCGCGGTCAGAGGCGCCTGGAGCGAGCGAATCCTGGCCCAC,f1a8ff0c7a420f5ad33c19fec095bd28982e0fd9ce17fbc2ab8c7986bbd31290,-0.127832169034013,TGGGCCGGTTGGGGTAACATCTAACCTGGGGTCCCGCGAAAGAGCCCATCAGTTCCGCTTGGGGGCCCCACTGCCCTCCCACCTCCTACGCTGGGCGCTCCTCCTGCGAATGACGTTTTGCTGCTGCTCAGGGCAGCCAGTCGCGGAGGCGGGGAGGCTGCGCGGTCAGAGGCGCCTGGAGCGAGCGAATCCTGGCCCAC,800e7676ef64b826924d4b3e3f166cadc299cd7f24df01682a3d032f80be477f,0.162445009108662,-0.274635097287144,0.233662909412378,-381.1065379511565,-393.1881135092117,-385.2307965029031,-394.67664445284754,2.6357276081107557,-1.0,0.274635097287144,0.0,3,0.18678183982523197,0.18106719778262317,0.1474303780702046,0.22576242592093757,1.0
chr20:3778676:C:T;chr20:3778691:A:G;var1;middle;OL41|K562|b3692af4948c132d,chr20:3778676:C:T;chr20:3778691:A:G;var1;middle;OL41,K562,K562_region_01371,100,115,15,CACACCCAACGCGGACTGGCTGAGTGGATGAGAGGGTGGGGCCCTCTACGGAGATGAGATCTTACCTATGTAAAACCACGCTCCAGAGTTCCTAAACCACAACCCTACCTGGGAAGCACCCAGGGCTGAGAGTTGGTCTTTAAAACATTCTTAGCCTATAACCTCTTCTTTAAAAATCTGTTGTCTCTTCTAGAACAAAT,439fae858fdff1612b6fb4b6452a76dd36d011bd0d2263877d31c718a26adff6,0.0,CACACCCAACGCGGACTGGCTGAGTGGATGAGAGGGTGGGGCCCTCTACGGAGATGAGATCTTACCTATGTAAAACCACGCTCCAGAGTTCCTAAACCATAACCCTACCTGGGAAGCACCCAGGGCTGAGAGTTGGTCTTTAAAACATTCTTAGCCTATAACCTCTTCTTTAAAAATCTGTTGTCTCTTCTAGAACAAAT,8ba434cb1c757863c9feee9b80f1821da7446c2e7f281017a60022aea49fbd29,-0.0222201095031887,CACACCCAACGCGGACTGGCTGAGTGGATGAGAGGGTGGGGCCCTCTACGGAGATGAGATCTTACCTATGTAAAACCACGCTCCAGAGTTCCTAAACCACAACCCTACCTGGGAGGCACCCAGGGCTGAGAGTTGGTCTTTAAAACATTCTTAGCCTATAACCTCTTCTTTAAAAATCTGTTGTCTCTTCTAGAACAAAT,f138c76d7679aff7edd9ae787056ab6d1c707b6a7a1adef44717de1918e139ff,0.258381468962435,CACACCCAACGCGGACTGGCTGAGTGGATGAGAGGGTGGGGCCCTCTACGGAGATGAGATCTTACCTATGTAAAACCACGCTCCAGAGTTCCTAAACCATAACCCTACCTGGGAGGCACCCAGGGCTGAGAGTTGGTCTTTAAAACATTCTTAGCCTATAACCTCTTCTTTAAAAATCTGTTGTCTCTTCTAGAACAAAT,b3692af4948c132da659d9d07054f66f5f2a5776331d437022dba25e06d8f931,0.35354695882806,0.1173855993688136,0.332699705226171,-359.7560774981976,-351.6165086114779,-363.0149370525032,-356.68152825394645,-1.806160088162926,-1.0,-0.1173855993688136,0.0,3,0.17783505442683245,0.18106719778262317,0.1474303780702046,0.29967446303542616,1.0
chr20:3788974:G:A;chr20:3788985:G:T;var1;middle;OL41|K562|66aae66b09c03da7,chr20:3788974:G:A;chr20:3788985:G:T;var1;middle;OL41,K562,K562_region_01372,100,111,11,TTAGCTTTGGCCAGGGTGGGGCAGGAATTCCAGCCTGCAGGAGTTCCGAGCAGCCACGTGCTGCCAGCTCACATGGTTAGAGAGCTACATGAGGCTGGCGTAAGCACAGAGAGCCAGTTGGGGGAACAGTAGTGTCTGGAGGGAAGGGGGAAGAATCTTCATCCACTCCATTGTCTGAATTGTTCACCCGGTAACTTTTG,d96197a6a621eb3c062266f8e5b03935a58eb44193e9e55aa7a033c85e1923e6,0.0,TTAGCTTTGGCCAGGGTGGGGCAGGAATTCCAGCCTGCAGGAGTTCCGAGCAGCCACGTGCTGCCAGCTCACATGGTTAGAGAGCTACATGAGGCTGGCATAAGCACAGAGAGCCAGTTGGGGGAACAGTAGTGTCTGGAGGGAAGGGGGAAGAATCTTCATCCACTCCATTGTCTGAATTGTTCACCCGGTAACTTTTG,e760079d68f973dc469cf9392d2ed96a928a3d8d06d0851d7c00ccd50acf4f4a,-0.885486967968055,TTAGCTTTGGCCAGGGTGGGGCAGGAATTCCAGCCTGCAGGAGTTCCGAGCAGCCACGTGCTGCCAGCTCACATGGTTAGAGAGCTACATGAGGCTGGCGTAAGCACAGATAGCCAGTTGGGGGAACAGTAGTGTCTGGAGGGAAGGGGGAAGAATCTTCATCCACTCCATTGTCTGAATTGTTCACCCGGTAACTTTTG,67ac0b8295fc5f5fd0f0bbd9951d96e7c7a939ee3518dba7f39db1c78910d59c,0.19820675369335,TTAGCTTTGGCCAGGGTGGGGCAGGAATTCCAGCCTGCAGGAGTTCCGAGCAGCCACGTGCTGCCAGCTCACATGGTTAGAGAGCTACATGAGGCTGGCATAAGCACAGATAGCCAGTTGGGGGAACAGTAGTGTCTGGAGGGAAGGGGGAAGAATCTTCATCCACTCCATTGTCTGAATTGTTCACCCGGTAACTTTTG,66aae66b09c03da7487aa1aca72ddebdfe500490590d4de61eb2ff0be25a7a02,-1.00273885084544,0.315458636570735,0.231568412569372,-257.0169258713722,-254.34449736773968,-260.309775814414,-257.054741576314,-0.5826057344675064,1.0,0.315458636570735,0.0,3,0.1802995197565106,0.18106719778262317,0.1474303780702046,0.32146995069188444,1.0
chr20:38475982:T:C;chr20:38476056:C:T;var1;middle;OL30|K562|5ec4f2a7ce4dcd51,chr20:38475982:T:C;chr20:38476056:C:T;var1;middle;OL30,K562,K562_region_01391,100,174,74,TGATTTCATCCTAAGTAGATCTAGAAAGATCTGAGGAGAAGAGGGTATAACGACACAGTGAGTCACACCTGCAGTAGGGAAAGAAAATCCCAAAGCACATGATAATAATGTTTGCAAGTTTTTCCTTAATCTTTCATGTATGTAAAGTGTGTCGCAGATATGGACTCACTTGCCCTTCACATAAGTCCCATGGGGAAGGC,93c67efbeb2d9e4828ef1b45a52389783f3a41c73799bb695bd1d46eaf79f2f5,0.0,TGATTTCATCCTAAGTAGATCTAGAAAGATCTGAGGAGAAGAGGGTATAACGACACAGTGAGTCACACCTGCAGTAGGGAAAGAAAATCCCAAAGCACACGATAATAATGTTTGCAAGTTTTTCCTTAATCTTTCATGTATGTAAAGTGTGTCGCAGATATGGACTCACTTGCCCTTCACATAAGTCCCATGGGGAAGGC,64ace4123a8e27248c932f729b213bcfb82136c355a7a79c399e5c76da13ab3a,0.119427537165652,TGATTTCATCCTAAGTAGATCTAGAAAGATCTGAGGAGAAGAGGGTATAACGACACAGTGAGTCACACCTGCAGTAGGGAAAGAAAATCCCAAAGCACATGATAATAATGTTTGCAAGTTTTTCCTTAATCTTTCATGTATGTAAAGTGTGTCGCAGATATGGACTCACTTGCTCTTCACATAAGTCCCATGGGGAAGGC,1987d1568cc146601b9f72c7abc9930b0d9bea6150114de6591655ad89132a7d,0.111577943704056,TGATTTCATCCTAAGTAGATCTAGAAAGATCTGAGGAGAAGAGGGTATAACGACACAGTGAGTCACACCTGCAGTAGGGAAAGAAAATCCCAAAGCACACGATAATAATGTTTGCAAGTTTTTCCTTAATCTTTCATGTATGTAAAGTGTGTCGCAGATATGGACTCACTTGCTCTTCACATAAGTCCCATGGGGAAGGC,5ec4f2a7ce4dcd519294ecb63eb5f7df9b6f40676c6316dd09adc7c8b08b2084,0.189973948029594,0.041031532840114,0.251797352641147,-378.57049107179046,-374.4108024351299,-261.7217030748725,-271.2920847982168,13.730070360004902,1.0,0.041031532840114,0.0,1,0.19633468066869866,0.18216460459877223,0.1501433469024087,0.16761716577135505,1.0
chr20:3869057:A:G;chr20:3869099:A:C;var1;middle;OL41|K562|183020039b5dff60,chr20:3869057:A:G;chr20:3869099:A:C;var1;middle;OL41,K562,K562_region_01373,100,142,42,GGTTCAAGCAATTTTCCTGCCTCAGCTTCCCAAGTAGCTGGGATTATAGGCATGGGCCACCACGCCCCGCTAATACGGAGGCACTTTTAATTAGCCCACAGTCCAGTGAAATTTGACGGAGTGAGGAAGTGACCTCAGAGTACAGAACGGGATGGGATCCTTCCGGGCTTGGGCAGCCTTTGGTAGTGGGGATGCTTGGA,df8aeaeb4f5619fec27ebce1d495d101183c6f68090410ce01fa0129a9a54a66,0.0,GGTTCAAGCAATTTTCCTGCCTCAGCTTCCCAAGTAGCTGGGATTATAGGCATGGGCCACCACGCCCCGCTAATACGGAGGCACTTTTAATTAGCCCACGGTCCAGTGAAATTTGACGGAGTGAGGAAGTGACCTCAGAGTACAGAACGGGATGGGATCCTTCCGGGCTTGGGCAGCCTTTGGTAGTGGGGATGCTTGGA,25d4b7bd1aaeab1cce5f2f43057f8ba2d606dbb7d99337bc37535ffd4aa10178,0.321173349727724,GGTTCAAGCAATTTTCCTGCCTCAGCTTCCCAAGTAGCTGGGATTATAGGCATGGGCCACCACGCCCCGCTAATACGGAGGCACTTTTAATTAGCCCACAGTCCAGTGAAATTTGACGGAGTGAGGAAGTGACCTCAGAGTCCAGAACGGGATGGGATCCTTCCGGGCTTGGGCAGCCTTTGGTAGTGGGGATGCTTGGA,8db5143ae3c7020e4e01e0211c03b3185b38e5f6a8bf33f0d4ff7c94238927ba,-0.20082185309029,GGTTCAAGCAATTTTCCTGCCTCAGCTTCCCAAGTAGCTGGGATTATAGGCATGGGCCACCACGCCCCGCTAATACGGAGGCACTTTTAATTAGCCCACGGTCCAGTGAAATTTGACGGAGTGAGGAAGTGACCTCAGAGTCCAGAACGGGATGGGATCCTTCCGGGCTTGGGCAGCCTTTGGTAGTGGGGATGCTTGGA,183020039b5dff6086eb4c5ac1e7eb9347bc137938e560078df97fe124910993,0.162307540633647,0.041956043996213,0.200514865794702,-204.7705117855221,-206.2216492295265,-201.4624255811796,-202.5201936652884,0.39336935989558697,-1.0,-0.041956043996213,0.0,2,0.1757672459626995,0.17490732828716207,0.146091925319964,0.08836312290549807,1.0
chr20:39179975:A:G;chr20:39179978:C:T;var1;middle;OL31|K562|766c5c81a319e5ec,chr20:39179975:A:G;chr20:39179978:C:T;var1;middle;OL31,K562,K562_region_01392,100,103,3,ATAAATGGGGGAAAGGAGAAGAGCTGAACCAGACTGGGAACAGGGACACAAGAGGACACCACTGCCAGCTACATCTGCTTCCAAGAGCTGAGATTCCACAGCCAAAGGTCTTAAACTCCATGATATGAATTTCCCTTCCTGTTGTGCAATGACCACCCTGGCATTGCACCAGAGGGCTGCGGTCCAGGGGTCAGGCCCCT,dcb7549a50d17f4e1ceeda369bf33df9e7981b8d70c1cfee8a07159108339b20,0.0,ATAAATGGGGGAAAGGAGAAGAGCTGAACCAGACTGGGAACAGGGACACAAGAGGACACCACTGCCAGCTACATCTGCTTCCAAGAGCTGAGATTCCACGGCCAAAGGTCTTAAACTCCATGATATGAATTTCCCTTCCTGTTGTGCAATGACCACCCTGGCATTGCACCAGAGGGCTGCGGTCCAGGGGTCAGGCCCCT,ed6f4876174f32038500273b8e2b8a608e74be8bb00ff78e7b396182f5d835bf,-0.165698245952559,ATAAATGGGGGAAAGGAGAAGAGCTGAACCAGACTGGGAACAGGGACACAAGAGGACACCACTGCCAGCTACATCTGCTTCCAAGAGCTGAGATTCCACAGCTAAAGGTCTTAAACTCCATGATATGAATTTCCCTTCCTGTTGTGCAATGACCACCCTGGCATTGCACCAGAGGGCTGCGGTCCAGGGGTCAGGCCCCT,32bc5a2e0b4a5b9d59368b19d54187e20e94e501cd5423a9b538a45de32e97ec,-0.262098213181756,ATAAATGGGGGAAAGGAGAAGAGCTGAACCAGACTGGGAACAGGGACACAAGAGGACACCACTGCCAGCTACATCTGCTTCCAAGAGCTGAGATTCCACGGCTAAAGGTCTTAAACTCCATGATATGAATTTCCCTTCCTGTTGTGCAATGACCACCCTGGCATTGCACCAGAGGGCTGCGGTCCAGGGGTCAGGCCCCT,766c5c81a319e5ec2a7ca3fb9d9c27787c134095603acfa263c041da24b2e8bd,-0.0204775027098135,0.4073189564245015,0.181378001470276,-303.79632032616064,-309.3317517377436,-298.72302700113505,-304.1684602499008,0.08999816281720996,-1.0,-0.4073189564245015,0.0,4,0.17631087101923568,0.17620727786206916,0.145609630836647,0.1314291991123594,1.0
chr20:4142800:C:T;chr20:4142809:G:A;var1;middle;OL41|K562|7f7e591e24519f2f,chr20:4142800:C:T;chr20:4142809:G:A;var1;middle;OL41,K562,K562_region_01374,100,109,9,CCTTGGGCGGCAGGTCGTGTGCCTCCTGGCAGGTGTGCCTCCTGCCCTTCCCCAGGGTGCCTCGGGGAGCCAACCTGCATGGCTGACTTGCCCAGGAAGCGCAGGGCGGCCCGGGTGGGGCTGGGGCAGGCCCTGAGCGGAGGCGGGAGGTGTGTTCTCCCCACCTGACGCTGGAAGGCTTCCCCACTCCCCACTCCCGA,eb3914c50d7bf7e71cd04c5a44f4720a51946c4b7a10a592d29ec64202b915c8,0.0,CCTTGGGCGGCAGGTCGTGTGCCTCCTGGCAGGTGTGCCTCCTGCCCTTCCCCAGGGTGCCTCGGGGAGCCAACCTGCATGGCTGACTTGCCCAGGAAGTGCAGGGCGGCCCGGGTGGGGCTGGGGCAGGCCCTGAGCGGAGGCGGGAGGTGTGTTCTCCCCACCTGACGCTGGAAGGCTTCCCCACTCCCCACTCCCGA,7f65235c24abb9d53ababbebd8d585e274cd64a345ffca9335b5ddfe833d2565,0.622368658401434,CCTTGGGCGGCAGGTCGTGTGCCTCCTGGCAGGTGTGCCTCCTGCCCTTCCCCAGGGTGCCTCGGGGAGCCAACCTGCATGGCTGACTTGCCCAGGAAGCGCAGGGCGACCCGGGTGGGGCTGGGGCAGGCCCTGAGCGGAGGCGGGAGGTGTGTTCTCCCCACCTGACGCTGGAAGGCTTCCCCACTCCCCACTCCCGA,b3f2a5d8d77bf3569d0feb2064e8ec8d6a17ae381b0b9eb08c21b2ea9a0c196a,0.432337632310466,CCTTGGGCGGCAGGTCGTGTGCCTCCTGGCAGGTGTGCCTCCTGCCCTTCCCCAGGGTGCCTCGGGGAGCCAACCTGCATGGCTGACTTGCCCAGGAAGTGCAGGGCGACCCGGGTGGGGCTGGGGCAGGCCCTGAGCGGAGGCGGGAGGTGTGTTCTCCCCACCTGACGCTGGAAGGCTTCCCCACTCCCCACTCCCGA,7f7e591e24519f2fbfd88ab04447e5678a9a60aa19fca7fdbb762ecf2da414ea,-0.288498082863049,1.343204373574949,0.58151221217738,-253.6276782960631,-261.3040544819087,-236.6866283044219,-256.5418998301029,12.178895339835435,1.0,1.343204373574949,0.0,0,0.2014184860182111,0.18565657667894103,0.15145376406925343,0.31792817092781733,1.0
chr20:4203219:G:A;chr20:4203226:C:T;var1;middle;OL41|K562|64ba8085450b26e3,chr20:4203219:G:A;chr20:4203226:C:T;var1;middle;OL41,K562,K562_region_01375,100,107,7,GTTTGCTCATTTCTGCGTGCCAGCATAATTTCACAAAGTCCCCGACTCTGTGACAAAGTACGGCTCTCTGGAAAGATGCTTTGAAGATAAAATAGGATAGAACATACGCCCCCGCCTCCCTGCCACATCTCCTGTCTGAGTCACTGTTTTCCTGAAATGATAAATGACCCTAGTCCTTGCCTCTTCCTACACAGAAGATA,a9a06d60697c356cb1d633a1aa231a1493223ef8553fbbb3947fe870fcb5edb4,0.0,GTTTGCTCATTTCTGCGTGCCAGCATAATTTCACAAAGTCCCCGACTCTGTGACAAAGTACGGCTCTCTGGAAAGATGCTTTGAAGATAAAATAGGATAAAACATACGCCCCCGCCTCCCTGCCACATCTCCTGTCTGAGTCACTGTTTTCCTGAAATGATAAATGACCCTAGTCCTTGCCTCTTCCTACACAGAAGATA,f7716f52e30f27b25a86aa33d039013a40a74bcca7e8657e64709ee859c8ff72,-0.187231500856487,GTTTGCTCATTTCTGCGTGCCAGCATAATTTCACAAAGTCCCCGACTCTGTGACAAAGTACGGCTCTCTGGAAAGATGCTTTGAAGATAAAATAGGATAGAACATATGCCCCCGCCTCCCTGCCACATCTCCTGTCTGAGTCACTGTTTTCCTGAAATGATAAATGACCCTAGTCCTTGCCTCTTCCTACACAGAAGATA,641af4c99f171f505cc20976ab150e171a1edc5ff194c78935cf5cbdd155f071,-0.368559214003631,GTTTGCTCATTTCTGCGTGCCAGCATAATTTCACAAAGTCCCCGACTCTGTGACAAAGTACGGCTCTCTGGAAAGATGCTTTGAAGATAAAATAGGATAAAACATATGCCCCCGCCTCCCTGCCACATCTCCTGTCTGAGTCACTGTTTTCCTGAAATGATAAATGACCCTAGTCCTTGCCTCTTCCTACACAGAAGATA,64ba8085450b26e33db09282da9a7929317b13994c49c5832047817893e9a558,-0.703971497209487,0.148180782349369,0.129947198418467,-330.471959840972,-320.68791319360025,-331.4740779242711,-321.5411642644904,-0.14886701240897082,1.0,0.148180782349369,0.0,2,0.17497770596382747,0.17490732828716207,0.146091925319964,0.11265445770977273,1.0
chr20:42473719:C:A;chr20:42473769:C:G;var1;middle;OL41|K562|56fbf2ad4b371ddf,chr20:42473719:C:A;chr20:42473769:C:G;var1;middle;OL41,K562,K562_region_01393,100,150,50,TCAGACTTCTGGCCTCCAGAGCTGCGAGAGAATAAATTTCTGTGGCTTTAAGCCATCATGTTTATGGTAATGTGTCATAGCAGCTACAGGAAACAAACACGCCCCTTCTGGCATCAGGTCCCCTACTTCCCACCCTCCTTAGTCATCCTCTGTCCCTCATCCAACAATTGTCACAGCCTCATCACCAGGCTCCTGCTCCA,f1526acfdecb5ff2ac6f4989dd4458285824dcd431b1be2df5f7debb5d7b83c2,0.0,TCAGACTTCTGGCCTCCAGAGCTGCGAGAGAATAAATTTCTGTGGCTTTAAGCCATCATGTTTATGGTAATGTGTCATAGCAGCTACAGGAAACAAACAAGCCCCTTCTGGCATCAGGTCCCCTACTTCCCACCCTCCTTAGTCATCCTCTGTCCCTCATCCAACAATTGTCACAGCCTCATCACCAGGCTCCTGCTCCA,bb99491aacbdb00a2d14c454e65a2ff142afc8354cd4a32269ba22f25aa39b92,-2.6051803927358,TCAGACTTCTGGCCTCCAGAGCTGCGAGAGAATAAATTTCTGTGGCTTTAAGCCATCATGTTTATGGTAATGTGTCATAGCAGCTACAGGAAACAAACACGCCCCTTCTGGCATCAGGTCCCCTACTTCCCACCCTCCTTAGTCATCCTGTGTCCCTCATCCAACAATTGTCACAGCCTCATCACCAGGCTCCTGCTCCA,870bf8cd85e1d8a00decf9b5277dc783cca6d8894fdf110afc1603234e230c9c,-0.17606807964111,TCAGACTTCTGGCCTCCAGAGCTGCGAGAGAATAAATTTCTGTGGCTTTAAGCCATCATGTTTATGGTAATGTGTCATAGCAGCTACAGGAAACAAACAAGCCCCTTCTGGCATCAGGTCCCCTACTTCCCACCCTCCTTAGTCATCCTGTGTCCCTCATCCAACAATTGTCACAGCCTCATCACCAGGCTCCTGCTCCA,56fbf2ad4b371ddf6d36ea1759c600e90f7f1a9507a231b3e67c65e604edee93,-3.23904179786357,0.4577933254866599,0.318627506519816,-210.6494966428727,-211.88226280733943,-211.29182195290923,-211.04507854767144,-1.4795095697045326,1.0,0.4577933254866599,0.0,4,0.1743656053715566,0.17620727786206916,0.145609630836647,0.21682175928024194,1.0
chr20:42839990:T:C;chr20:42840019:A:G;var1;middle;OL41|K562|19c20f170c6fee79,chr20:42839990:T:C;chr20:42840019:A:G;var1;middle;OL41,K562,K562_region_01394,100,129,29,AGAGTTTCTGTGATGCTAGAATCTGGACTGCCTGCGACCTCTCCGGGACTCGGACACCAGCCCTCGCCTCCTGGTGATCTTTTAGGTCCTGCAGAGAAGTGAAGAGGTATTGGACGTGGCCAGGGTCAATAGTGTGAAGCCAGAATTAGAATTGAATTGAAATGCCTTCGGTTTTGATATCTCTGCTGTTTGTCTTGAGG,06a950260571698df526ec6fc7936ce80f667ac7ece2bcf9b494ee19b6d4cb87,0.0,AGAGTTTCTGTGATGCTAGAATCTGGACTGCCTGCGACCTCTCCGGGACTCGGACACCAGCCCTCGCCTCCTGGTGATCTTTTAGGTCCTGCAGAGAAGCGAAGAGGTATTGGACGTGGCCAGGGTCAATAGTGTGAAGCCAGAATTAGAATTGAATTGAAATGCCTTCGGTTTTGATATCTCTGCTGTTTGTCTTGAGG,f0f12633b39464372a89803a4d17936dbb7979af74835af0ee51eb9908c19605,0.192101503917829,AGAGTTTCTGTGATGCTAGAATCTGGACTGCCTGCGACCTCTCCGGGACTCGGACACCAGCCCTCGCCTCCTGGTGATCTTTTAGGTCCTGCAGAGAAGTGAAGAGGTATTGGACGTGGCCAGGGTCAGTAGTGTGAAGCCAGAATTAGAATTGAATTGAAATGCCTTCGGTTTTGATATCTCTGCTGTTTGTCTTGAGG,b4509bfcfddf6d1fe15678030fdee17997026e85b820c2237535f561fffad966,0.136249391539655,AGAGTTTCTGTGATGCTAGAATCTGGACTGCCTGCGACCTCTCCGGGACTCGGACACCAGCCCTCGCCTCCTGGTGATCTTTTAGGTCCTGCAGAGAAGCGAAGAGGTATTGGACGTGGCCAGGGTCAGTAGTGTGAAGCCAGAATTAGAATTGAATTGAAATGCCTTCGGTTTTGATATCTCTGCTGTTTGTCTTGAGG,19c20f170c6fee79e66faf94f275bbc9221f522ecaab0241b77975946744d9b0,0.331147055775455,-0.002796160317971,0.222208317925718,-329.11597154755145,-333.8053753897548,-320.8111151615158,-328.28446497023106,2.783945966511965,1.0,-0.002796160317971,0.0,3,0.18708037908047498,0.18106719778262317,0.1474303780702046,0.08041729935442736,1.0
chr20:43958743:A:G;chr20:43958786:A:C;var1;middle;OL31|K562|37d47a0ef7828745,chr20:43958743:A:G;chr20:43958786:A:C;var1;middle;OL31,K562,K562_region_01395,100,143,43,CGAAGGAGCCTCCAGACTTACAAGGGAAATTAACTTTTAATGATTAACTCCCAGATGCCAAACTTATACAGTGAAAGTCCTTTGCAAAATAAATGAGAAAGACTTAAGGCAGAAGAATGACTCAATGCCTATTTTCCAGAAGACTTTGATAGGTGCTTTTTCCTCTCCCTCCACCAGGCTGCACAGTCAGAGCCACCCCA,d7de5db76c6a22c8bc3bec09e979432c48f88038425d815fe9772e17e9d6b664,0.0,CGAAGGAGCCTCCAGACTTACAAGGGAAATTAACTTTTAATGATTAACTCCCAGATGCCAAACTTATACAGTGAAAGTCCTTTGCAAAATAAATGAGAAGGACTTAAGGCAGAAGAATGACTCAATGCCTATTTTCCAGAAGACTTTGATAGGTGCTTTTTCCTCTCCCTCCACCAGGCTGCACAGTCAGAGCCACCCCA,c6bddae78cb1483f25b7b8e0aaff293e7662badb2d3fbbc48413aa890845a0aa,0.0589514789400516,CGAAGGAGCCTCCAGACTTACAAGGGAAATTAACTTTTAATGATTAACTCCCAGATGCCAAACTTATACAGTGAAAGTCCTTTGCAAAATAAATGAGAAAGACTTAAGGCAGAAGAATGACTCAATGCCTATTTTCCAGAAGCCTTTGATAGGTGCTTTTTCCTCTCCCTCCACCAGGCTGCACAGTCAGAGCCACCCCA,978c9c6dceb7d8a11b91f88737412b51dfcde7fe25d0054983394c56d999aa4d,0.0866420772767552,CGAAGGAGCCTCCAGACTTACAAGGGAAATTAACTTTTAATGATTAACTCCCAGATGCCAAACTTATACAGTGAAAGTCCTTTGCAAAATAAATGAGAAGGACTTAAGGCAGAAGAATGACTCAATGCCTATTTTCCAGAAGCCTTTGATAGGTGCTTTTTCCTCTCCCTCCACCAGGCTGCACAGTCAGAGCCACCCCA,37d47a0ef78287459233319d1364816dad2e366f0f8ee1968dad1662c0cea013,0.295591295708642,-0.1499977394918352,0.19840176272105,-335.6371052931063,-335.79480880405754,-332.57131427526474,-330.9442011760548,-1.784816610161215,1.0,-0.1499977394918352,0.0,4,0.17398720437009052,0.17620727786206916,0.145609630836647,0.16761146089589143,1.0
chr20:43973184:C:T;chr20:43973201:A:C;var1;middle;OL41|K562|431eec8f87b1635e,chr20:43973184:C:T;chr20:43973201:A:C;var1;middle;OL41,K562,K562_region_01396,100,117,17,ACAGCGCTCGGTCCAGCCCCTTACCCCAATTTTAAGCATTCATTTGGAAATCACACTCGCCTGTCCAGTCCGGGAGGTTGAAGGACAGCTAGGAGCCAACTTCTCCCAACAGGGAGATGGGGCTGGGAGCCCAGCCTGGCTTCCCCAGCTCCTCATTCAGGCAGGCTCAGCACTCCAAGTCCTTGGAAAAGCCCTCTGTT,ad019898d47dcb1dbc5a9bc93063366cba6076d3117174220afb58f53fee1c3e,0.0,ACAGCGCTCGGTCCAGCCCCTTACCCCAATTTTAAGCATTCATTTGGAAATCACACTCGCCTGTCCAGTCCGGGAGGTTGAAGGACAGCTAGGAGCCAATTTCTCCCAACAGGGAGATGGGGCTGGGAGCCCAGCCTGGCTTCCCCAGCTCCTCATTCAGGCAGGCTCAGCACTCCAAGTCCTTGGAAAAGCCCTCTGTT,3e4e2abc6a0d3dade275940b9a6a36206b3ca4576ba150fed8e4e554c75d481e,-0.100833832811666,ACAGCGCTCGGTCCAGCCCCTTACCCCAATTTTAAGCATTCATTTGGAAATCACACTCGCCTGTCCAGTCCGGGAGGTTGAAGGACAGCTAGGAGCCAACTTCTCCCAACAGGGAGCTGGGGCTGGGAGCCCAGCCTGGCTTCCCCAGCTCCTCATTCAGGCAGGCTCAGCACTCCAAGTCCTTGGAAAAGCCCTCTGTT,9807e43f02b64c4fb68d7277fa507e1f291fc24cbb058ddbc19d9cc1b0c1c767,0.335137199865454,ACAGCGCTCGGTCCAGCCCCTTACCCCAATTTTAAGCATTCATTTGGAAATCACACTCGCCTGTCCAGTCCGGGAGGTTGAAGGACAGCTAGGAGCCAATTTCTCCCAACAGGGAGCTGGGGCTGGGAGCCCAGCCTGGCTTCCCCAGCTCCTCATTCAGGCAGGCTCAGCACTCCAAGTCCTTGGAAAAGCCCTCTGTT,431eec8f87b1635eef5de418f7ccf7516a9afbc08e8c7d76155777aa7344366e,0.882136251497003,0.6478328844432151,0.427738777346325,-344.8897119294852,-334.28158069681376,-361.2674331199378,-352.9381777052768,-2.2788758180104765,-1.0,-0.6478328844432151,0.0,3,0.17688291729987587,0.18106719778262317,0.1474303780702046,0.3145639649097177,1.0
chr20:44538427:T:C;chr20:44538484:G:T;var1;middle;OL31|K562|1f181324baa3f186,chr20:44538427:T:C;chr20:44538484:G:T;var1;middle;OL31,K562,K562_region_01397,100,157,57,ATTCACTCCAGGTAGGAGCTCAATTGAGTCTTCAGTGCCCCCATGCATCACCATACCTCTTAATAAGGTTTCACCTCTTTCCACACATCCTACCAAACCTTCCTATCAACTCGTATGAAATGCATATGCCTGTTTCTGTTACACAGATGAAGAAACGGAAACTCAGGAAGGCTAAGGGGGCTGCCCACAGCCCCACAGCA,65608b14d0691604d0608dda6b2be3ac189264798d2513e0fd52404fc7a8ceba,0.0,ATTCACTCCAGGTAGGAGCTCAATTGAGTCTTCAGTGCCCCCATGCATCACCATACCTCTTAATAAGGTTTCACCTCTTTCCACACATCCTACCAAACCCTCCTATCAACTCGTATGAAATGCATATGCCTGTTTCTGTTACACAGATGAAGAAACGGAAACTCAGGAAGGCTAAGGGGGCTGCCCACAGCCCCACAGCA,fde2d71307a66f01f15ca8c7aead95e3f267ec5e1f6cc2df25757c256e9a3f98,0.125478906273359,ATTCACTCCAGGTAGGAGCTCAATTGAGTCTTCAGTGCCCCCATGCATCACCATACCTCTTAATAAGGTTTCACCTCTTTCCACACATCCTACCAAACCTTCCTATCAACTCGTATGAAATGCATATGCCTGTTTCTGTTACACAGATGAAGAAACTGAAACTCAGGAAGGCTAAGGGGGCTGCCCACAGCCCCACAGCA,a4ad63e86917876fb100032d5415e518a503fc8ab87aa3680d93ff11dda06c6f,-0.207296654827518,ATTCACTCCAGGTAGGAGCTCAATTGAGTCTTCAGTGCCCCCATGCATCACCATACCTCTTAATAAGGTTTCACCTCTTTCCACACATCCTACCAAACCCTCCTATCAACTCGTATGAAATGCATATGCCTGTTTCTGTTACACAGATGAAGAAACTGAAACTCAGGAAGGCTAAGGGGGCTGCCCACAGCCCCACAGCA,1f181324baa3f1868e8c9dbde38e9cec047384c3f3954a39bf592687bc2bad07,0.347022407562721,0.42884015611688,0.453723138844202,-246.248996832408,-245.75778499618173,-230.0494893975556,-228.54221932962537,1.016058231703937,-1.0,-0.42884015611688,0.0,4,0.1774586403499406,0.17620727786206916,0.145609630836647,0.32183523825501176,1.0
chr20:45557017:A:G;chr20:45557065:A:G;var1;middle;OL30|K562|411911980c097098,chr20:45557017:A:G;chr20:45557065:A:G;var1;middle;OL30,K562,K562_region_01398,100,148,48,GCAAAGTCTGCTGTGAGCATGTGTCTCTGATCTTTCAAGTACTGCTTTGGCCACTCTTAAGCTTCGTGAACCTTATTTTCCTCATACATAAATGGGAGGAGAGTAGTAATGACATCTACTATTTATTAATCACCTGCTGAGCATCAGAGGCTGTGATGAGTGCCTTACAGGTCTCATTTTTTCCTCACTGGAGCCCTATA,6483b7d578596fc07543522b434d771093246f9a35c13bf130dd31d9c35b1283,0.0,GCAAAGTCTGCTGTGAGCATGTGTCTCTGATCTTTCAAGTACTGCTTTGGCCACTCTTAAGCTTCGTGAACCTTATTTTCCTCATACATAAATGGGAGGGGAGTAGTAATGACATCTACTATTTATTAATCACCTGCTGAGCATCAGAGGCTGTGATGAGTGCCTTACAGGTCTCATTTTTTCCTCACTGGAGCCCTATA,86b602bee4aee887c1aabfd7b0ae31e4fd5fdf35e608d233319feb65de93541c,-0.119261135485664,GCAAAGTCTGCTGTGAGCATGTGTCTCTGATCTTTCAAGTACTGCTTTGGCCACTCTTAAGCTTCGTGAACCTTATTTTCCTCATACATAAATGGGAGGAGAGTAGTAATGACATCTACTATTTATTAATCACCTGCTGAGCATCAGGGGCTGTGATGAGTGCCTTACAGGTCTCATTTTTTCCTCACTGGAGCCCTATA,c3121bb38d023b63f2e0f0e2459bd30e5eb8827d9d8f2e4e92ad56481891d0c1,-0.027398358121969,GCAAAGTCTGCTGTGAGCATGTGTCTCTGATCTTTCAAGTACTGCTTTGGCCACTCTTAAGCTTCGTGAACCTTATTTTCCTCATACATAAATGGGAGGGGAGTAGTAATGACATCTACTATTTATTAATCACCTGCTGAGCATCAGGGGCTGTGATGAGTGCCTTACAGGTCTCATTTTTTCCTCACTGGAGCCCTATA,411911980c097098c280479ca5ee7c3777d8db7088949acab9cb2e341dfef582,0.0037875367439868,0.1504470303516198,0.20858274566146,-212.89074869081372,-213.3890967555344,-212.12232340872288,-212.75956934317944,-0.13889786973587093,-1.0,-0.1504470303516198,0.0,3,0.18119322966472512,0.18106719778262317,0.1474303780702046,0.23123322505264607,1.0
chr20:45576907:A:T;chr20:45576977:A:T;var1;middle;OL29|K562|ead4067fb3ef6800,chr20:45576907:A:T;chr20:45576977:A:T;var1;middle;OL29,K562,K562_region_01399,100,170,70,GTCTATCCCAGGAGTTGGCAAACTTTTTCTGGAAAGGGCCAAATGCTAACTATTTTTGGCTTTGCGGGCCATACCATCTCTGTCACAACTATTCAGTGCAGCAGTTGTCACGTAAAAACAGTCAGAGACAACATGTAAACAAATGGGCTTATCTGTGTTCCAGTAAAACATTATTTATAAAAGCAGGCGGTGGGCTGGGT,39a0166dde892a1e7a5d73b3090faa7fec2ec6fdebf1a6c8b556264dc9e3fba8,0.0,GTCTATCCCAGGAGTTGGCAAACTTTTTCTGGAAAGGGCCAAATGCTAACTATTTTTGGCTTTGCGGGCCATACCATCTCTGTCACAACTATTCAGTGCTGCAGTTGTCACGTAAAAACAGTCAGAGACAACATGTAAACAAATGGGCTTATCTGTGTTCCAGTAAAACATTATTTATAAAAGCAGGCGGTGGGCTGGGT,43111c95e683b69a524bf6bc81fae062f341633cd3084fd7acd1e8e49d49e458,-0.182852649415909,GTCTATCCCAGGAGTTGGCAAACTTTTTCTGGAAAGGGCCAAATGCTAACTATTTTTGGCTTTGCGGGCCATACCATCTCTGTCACAACTATTCAGTGCAGCAGTTGTCACGTAAAAACAGTCAGAGACAACATGTAAACAAATGGGCTTATCTGTGTTCCAGTAAAACTTTATTTATAAAAGCAGGCGGTGGGCTGGGT,6eca4f75dfd43c23c93f009f76172e874e97f6635dee77eb14a714b0ed830ede,1.07144501735228,GTCTATCCCAGGAGTTGGCAAACTTTTTCTGGAAAGGGCCAAATGCTAACTATTTTTGGCTTTGCGGGCCATACCATCTCTGTCACAACTATTCAGTGCTGCAGTTGTCACGTAAAAACAGTCAGAGACAACATGTAAACAAATGGGCTTATCTGTGTTCCAGTAAAACTTTATTTATAAAAGCAGGCGGTGGGCTGGGT,ead4067fb3ef68009f4f19f8ecb267c94209c85489b34392de96de178e612c25,0.880353493537547,-0.0082388743988239,0.104065525860922,-126.12866772338748,-123.62384367920458,-121.11316996626556,-118.82460990920664,-0.21626398712398043,-1.0,0.0082388743988239,0.0,1,0.1821451240701189,0.18216460459877223,0.1501433469024087,0.13867987518483718,1.0
chr20:456452:T:C;chr20:456473:A:G;var1;middle;OL41|K562|64a982d9dda46df5,chr20:456452:T:C;chr20:456473:A:G;var1;middle;OL41,K562,K562_region_01365,100,121,21,TGATTTGCTTTCGCCAATGGGATGATGGTGCTTGTGACACAGCAGAGGCTTGAAATGTGCTTGTGTGATTCCATTTGGTCTCTTCTAAGTTTCTGTGATTCATGAGAAGAGCACGCCCTGAGTAGCTGCTGCAACTTCTGCCACATTGGGCAAACCTGAATCCAATTCACATGGAGGTGTCCAGCCCAGCCGACCCACAA,aa10ac172fb3198324ac6a31af3471a484507a9d67cdf3000b0fda807820d067,0.0,TGATTTGCTTTCGCCAATGGGATGATGGTGCTTGTGACACAGCAGAGGCTTGAAATGTGCTTGTGTGATTCCATTTGGTCTCTTCTAAGTTTCTGTGATCCATGAGAAGAGCACGCCCTGAGTAGCTGCTGCAACTTCTGCCACATTGGGCAAACCTGAATCCAATTCACATGGAGGTGTCCAGCCCAGCCGACCCACAA,68760395292736cfe2f56bb8627af323f6ab7739e935c2506cf776baf272c393,2.67638449555615,TGATTTGCTTTCGCCAATGGGATGATGGTGCTTGTGACACAGCAGAGGCTTGAAATGTGCTTGTGTGATTCCATTTGGTCTCTTCTAAGTTTCTGTGATTCATGAGAAGAGCACGCCCTGGGTAGCTGCTGCAACTTCTGCCACATTGGGCAAACCTGAATCCAATTCACATGGAGGTGTCCAGCCCAGCCGACCCACAA,296fef9b4143701a4eefcaac08eb088f57caf5088bc4bb4628f88053947c9c56,-0.234914644739085,TGATTTGCTTTCGCCAATGGGATGATGGTGCTTGTGACACAGCAGAGGCTTGAAATGTGCTTGTGTGATTCCATTTGGTCTCTTCTAAGTTTCTGTGATCCATGAGAAGAGCACGCCCTGGGTAGCTGCTGCAACTTCTGCCACATTGGGCAAACCTGAATCCAATTCACATGGAGGTGTCCAGCCCAGCCGACCCACAA,64a982d9dda46df5567e5a4097c4a34c79b6806d2caf6fd8dd1b5f7cc122ba69,2.03424017620147,-0.407229674615595,0.240934099644145,-349.8068655245006,-381.9013069653884,-349.56381076737307,-375.5613066274673,6.096945580793545,-1.0,0.407229674615595,0.0,4,0.1837559496368666,0.17620727786206916,0.145609630836647,0.05988214725430285,1.0
chr20:46355318:T:C;chr20:46355397:C:A;var1;middle;OL31|K562|ef40d31aab6959f7,chr20:46355318:T:C;chr20:46355397:C:A;var1;middle;OL31,K562,K562_region_01400,100,179,79,CAAGTGCCGGGATTACAGGCCCAGCCATAGGCTCTATTCTCCTGCTGTCCAAGAGTCCTTTCTGTGCCAATGGAAACATTCTCTATGTGCATTATCCAGTACAGAACCCATGTGCGCCTACTGAATACCTGAACCATGGCTAGTGCACCTGAGAAACTGAAATGCTAATTGTAATTAACGTAAAGTTAAATAGCTCCCTG,9f117843281b202040b7d6a0393919f2e1264bc45ded5377f90229a5c81a6873,0.0,CAAGTGCCGGGATTACAGGCCCAGCCATAGGCTCTATTCTCCTGCTGTCCAAGAGTCCTTTCTGTGCCAATGGAAACATTCTCTATGTGCATTATCCAGCACAGAACCCATGTGCGCCTACTGAATACCTGAACCATGGCTAGTGCACCTGAGAAACTGAAATGCTAATTGTAATTAACGTAAAGTTAAATAGCTCCCTG,2bfcf85f06458c2b515d6d9d4b905be91248b9703653f31d3d82bdfabb7ac631,0.434030659100263,CAAGTGCCGGGATTACAGGCCCAGCCATAGGCTCTATTCTCCTGCTGTCCAAGAGTCCTTTCTGTGCCAATGGAAACATTCTCTATGTGCATTATCCAGTACAGAACCCATGTGCGCCTACTGAATACCTGAACCATGGCTAGTGCACCTGAGAAACTGAAATGCTAATTGTAATTAAAGTAAAGTTAAATAGCTCCCTG,33d1852e34c94171bd29e6cbde9babb588e5e4883241774849e42621950f9e70,0.231208776552385,CAAGTGCCGGGATTACAGGCCCAGCCATAGGCTCTATTCTCCTGCTGTCCAAGAGTCCTTTCTGTGCCAATGGAAACATTCTCTATGTGCATTATCCAGCACAGAACCCATGTGCGCCTACTGAATACCTGAACCATGGCTAGTGCACCTGAGAAACTGAAATGCTAATTGTAATTAAAGTAAAGTTAAATAGCTCCCTG,ef40d31aab6959f7260a85fee12bab818e5ad1e5c06da66e21b35b0b748995f0,0.555810962744181,0.109428472908467,0.534033539131187,-276.2005442343652,-270.8498766496777,-276.04041198734194,-272.100751507096,1.4110071044415236,1.0,0.109428472908467,0.0,4,0.17794814445291918,0.17620727786206916,0.145609630836647,0.3221593429009265,1.0
chr20:46413137:A:G;chr20:46413163:C:T;var1;middle;OL31|K562|a2441ab5b14ef154,chr20:46413137:A:G;chr20:46413163:C:T;var1;middle;OL31,K562,K562_region_01401,100,126,26,CTTGGTTAATTAAATATTGACTTTTAACTCAAAAAGTGATTAAAACAAGCTGCAGGAAGACTTTCCAGAAAGGGGGGCAGGGAATGAATCAAAGCTTTCAAGGGGGAGGAGGAGGAGGAGAGGGTCGTCACAGGCAGGTCTGGCTTGCTCTTCCTACTGTGTGCTGGGCCTACTGCGTGCAGGTGGGGGAGTTGCGGACC,f9a32e8c246ad8084a5fa14b24f521a35252d86416602db5fbb252f858e35b8a,0.0,CTTGGTTAATTAAATATTGACTTTTAACTCAAAAAGTGATTAAAACAAGCTGCAGGAAGACTTTCCAGAAAGGGGGGCAGGGAATGAATCAAAGCTTTCGAGGGGGAGGAGGAGGAGGAGAGGGTCGTCACAGGCAGGTCTGGCTTGCTCTTCCTACTGTGTGCTGGGCCTACTGCGTGCAGGTGGGGGAGTTGCGGACC,939b68f1c0b32ddd836b8e00d10aef7be2d0b678c7a8c88cd10fd05a0aa7c659,-0.232474993716832,CTTGGTTAATTAAATATTGACTTTTAACTCAAAAAGTGATTAAAACAAGCTGCAGGAAGACTTTCCAGAAAGGGGGGCAGGGAATGAATCAAAGCTTTCAAGGGGGAGGAGGAGGAGGAGAGGGTTGTCACAGGCAGGTCTGGCTTGCTCTTCCTACTGTGTGCTGGGCCTACTGCGTGCAGGTGGGGGAGTTGCGGACC,b4ce1a347fb8e33716456834cad54fe24eaf23835dc81a1d26023cebe65a14d9,-0.42932018639393,CTTGGTTAATTAAATATTGACTTTTAACTCAAAAAGTGATTAAAACAAGCTGCAGGAAGACTTTCCAGAAAGGGGGGCAGGGAATGAATCAAAGCTTTCGAGGGGGAGGAGGAGGAGGAGAGGGTTGTCACAGGCAGGTCTGGCTTGCTCTTCCTACTGTGTGCTGGGCCTACTGCGTGCAGGTGGGGGAGTTGCGGACC,a2441ab5b14ef15424bd96c18d5eafa76b359807589e35519ac09cb495b0cb49,-0.681427823850918,0.019632643740156,0.299698835646085,-324.4984763649991,-337.18957904865965,-321.29190228821244,-335.73205900972243,1.7490540378494188,1.0,0.019632643740156,0.0,0,0.1880225188017306,0.18565657667894103,0.15145376406925343,0.15366552159490043,1.0
chr20:48789373:A:G;chr20:48789388:A:G;var1;middle;OL41|K562|7017a93811e30038,chr20:48789373:A:G;chr20:48789388:A:G;var1;middle;OL41,K562,K562_region_01402,100,115,15,TCTGGCTGAACAGTGATTAACGCGAGGGAAGGCGCTGACGGCAAGGTGGCAGGTGACCAGCCCAGCAGGCCGCCCAGCCCTTCCCTTCCTACAGACAGAAGCACTGAGGCCTGCAGAGGGGACAGGCAGGTGGGCGTGGGGGATCGGGGGCAGCCCTGGAGTCAGACAGGCCTTGTTTTGTCCCAGGAAGAACATTCCAA,824ba16dc45d2a5221d243699ec10bb8fe1b14655fd2d1918f5452d2e3a52d70,0.0,TCTGGCTGAACAGTGATTAACGCGAGGGAAGGCGCTGACGGCAAGGTGGCAGGTGACCAGCCCAGCAGGCCGCCCAGCCCTTCCCTTCCTACAGACAGAGGCACTGAGGCCTGCAGAGGGGACAGGCAGGTGGGCGTGGGGGATCGGGGGCAGCCCTGGAGTCAGACAGGCCTTGTTTTGTCCCAGGAAGAACATTCCAA,f0fea43e334d1c54c74512f58b186073ebfe0bc7b15ca2862cddef9dd4461c28,-0.0027560592338021,TCTGGCTGAACAGTGATTAACGCGAGGGAAGGCGCTGACGGCAAGGTGGCAGGTGACCAGCCCAGCAGGCCGCCCAGCCCTTCCCTTCCTACAGACAGAAGCACTGAGGCCTGCGGAGGGGACAGGCAGGTGGGCGTGGGGGATCGGGGGCAGCCCTGGAGTCAGACAGGCCTTGTTTTGTCCCAGGAAGAACATTCCAA,3c981bb181d1d414189065fa24f3550f661c2a590e153ae48ca78d86acd7f97e,-0.270420668346779,TCTGGCTGAACAGTGATTAACGCGAGGGAAGGCGCTGACGGCAAGGTGGCAGGTGACCAGCCCAGCAGGCCGCCCAGCCCTTCCCTTCCTACAGACAGAGGCACTGAGGCCTGCGGAGGGGACAGGCAGGTGGGCGTGGGGGATCGGGGGCAGCCCTGGAGTCAGACAGGCCTTGTTTTGTCCCAGGAAGAACATTCCAA,7017a93811e30038d4e947bc4741aae89268b36efbbed33e4c6077a99c248db0,-0.0048200382610685,0.2683566893195126,0.436280967483825,-240.2996713644825,-227.09683384932572,-237.6003119936213,-218.4905216246844,5.906952853780126,-1.0,-0.2683566893195126,0.0,3,0.19337069399355836,0.18106719778262317,0.1474303780702046,0.18227590684914913,1.0
chr20:49146109:C:T;chr20:49146181:A:T;var1;middle;OL28|K562|e4e861175e0ef8b6,chr20:49146109:C:T;chr20:49146181:A:T;var1;middle;OL28,K562,K562_region_01403,100,172,72,AAGTAATTTGTCTTTAAACTTTTACTGGTTTGGAATTTCCTGAGATTTTGATCTTGCCAGAAAGTTTATAGCAAAAGTTCTGAGCAGATGACACTTTTGCGTCTGAAACCAAATCATTGTTTTTGTTTTTAACTTTTTTCTTAATATATTATCCTTAGTTCAGCCCTGAAGATTATTCTGTTATTTGTGGATCTCAACTT,4c73a22dbdac85bdfb85b37ae430797e268b178463a22b4a7c99b4fb78bfd308,0.0,AAGTAATTTGTCTTTAAACTTTTACTGGTTTGGAATTTCCTGAGATTTTGATCTTGCCAGAAAGTTTATAGCAAAAGTTCTGAGCAGATGACACTTTTGTGTCTGAAACCAAATCATTGTTTTTGTTTTTAACTTTTTTCTTAATATATTATCCTTAGTTCAGCCCTGAAGATTATTCTGTTATTTGTGGATCTCAACTT,4644b85ca280fcaed60ab0819671a2826412db792ab6f8816b5732cce7b94187,-0.120895974655657,AAGTAATTTGTCTTTAAACTTTTACTGGTTTGGAATTTCCTGAGATTTTGATCTTGCCAGAAAGTTTATAGCAAAAGTTCTGAGCAGATGACACTTTTGCGTCTGAAACCAAATCATTGTTTTTGTTTTTAACTTTTTTCTTAATATATTATCCTTAGTTCAGCCCTGAAGTTTATTCTGTTATTTGTGGATCTCAACTT,62bd2db94e99c402db4f4c9a0a2434e1737fbe18ebfb0352870148593507f0db,-0.607629217035004,AAGTAATTTGTCTTTAAACTTTTACTGGTTTGGAATTTCCTGAGATTTTGATCTTGCCAGAAAGTTTATAGCAAAAGTTCTGAGCAGATGACACTTTTGTGTCTGAAACCAAATCATTGTTTTTGTTTTTAACTTTTTTCTTAATATATTATCCTTAGTTCAGCCCTGAAGTTTATTCTGTTATTTGTGGATCTCAACTT,e4e861175e0ef8b629dfda7678aa10d57dc30f0c0ec05fdc1a3c5b0b53d96868,-0.746585842924476,0.0180606512338149,0.198514270297271,-323.9266033861786,-340.2704696012661,-317.3612823132425,-316.64210732560605,-17.06304120272398,1.0,0.0180606512338149,0.0,3,0.14710486705730877,0.18106719778262317,0.1474303780702046,0.0781505565146619,1.0
chr20:50147400:A:G;chr20:50147472:G:C;var1;middle;OL28|K562|63e0977dfbf086da,chr20:50147400:A:G;chr20:50147472:G:C;var1;middle;OL28,K562,K562_region_01404,100,172,72,CTATTTATCCATCATGACTTGACCTGAGCCACCCCCTCCTGGAGGCCCTCCCTGTTTCCCCAGGCTGGATCAGGCAGCTCTTCTACACTCCCAGGTCCCACAGAGTCCCACATTGAAGTCTATCTATGGATTCACTCGTCTGTCTACCCTCTAGACTCTGAGGTTCTTAGAGGCAGATAGGAGTCTTACATCAATAATTA,dc0dcc37fa49901cf828700b97d8c8839938334b900f13ca519b47d35d0bc943,0.0,CTATTTATCCATCATGACTTGACCTGAGCCACCCCCTCCTGGAGGCCCTCCCTGTTTCCCCAGGCTGGATCAGGCAGCTCTTCTACACTCCCAGGTCCCGCAGAGTCCCACATTGAAGTCTATCTATGGATTCACTCGTCTGTCTACCCTCTAGACTCTGAGGTTCTTAGAGGCAGATAGGAGTCTTACATCAATAATTA,573630f2990b25be190cc365a9bbbadeed2f29e16c35ce09850b7a50204fa8d2,-0.0074761249676564,CTATTTATCCATCATGACTTGACCTGAGCCACCCCCTCCTGGAGGCCCTCCCTGTTTCCCCAGGCTGGATCAGGCAGCTCTTCTACACTCCCAGGTCCCACAGAGTCCCACATTGAAGTCTATCTATGGATTCACTCGTCTGTCTACCCTCTAGACTCTGAGGTTCTTAGACGCAGATAGGAGTCTTACATCAATAATTA,43e98b1ce14e098037317851975a7998eb940af975c5a7d89065186ad7fb33fe,0.167373860319091,CTATTTATCCATCATGACTTGACCTGAGCCACCCCCTCCTGGAGGCCCTCCCTGTTTCCCCAGGCTGGATCAGGCAGCTCTTCTACACTCCCAGGTCCCGCAGAGTCCCACATTGAAGTCTATCTATGGATTCACTCGTCTGTCTACCCTCTAGACTCTGAGGTTCTTAGACGCAGATAGGAGTCTTACATCAATAATTA,63e0977dfbf086da654e4f6f6863e03557edc667d3d102c4224d3388446b1fb2,0.102950848997947,-0.0569468863534875,0.220766754543644,-289.58251310978085,-307.8497763266787,-322.74041963601485,-333.18101141112857,7.8266714417841285,-1.0,0.0569468863534875,0.0,3,0.1972373631681525,0.18106719778262317,0.1474303780702046,0.2975597198904283,1.0
chr20:52176338:A:C;chr20:52176395:C:G;var1;middle;OL31|K562|c842ffd985347d08,chr20:52176338:A:C;chr20:52176395:C:G;var1;middle;OL31,K562,K562_region_01405,100,157,57,ATGGCGAAACCCCATCTCTACTAAAAATACAAAAATTAGCCAGGTGTGGTGGCACACACCTGTAGTCCCAGCTACTCGGGAGGCTGAGGCATGAGAATCAATTGAACTTGGGAGGCAGAGGTTGCAGTGAGCTGAGATTGTGCCACCGCACTCCAGCCTGGAAGACAAAGTGAGACTCTGTCTCAAAACAAAACGAAACA,715719556f29f71ea7518c9d7b7bc6abe4923203dff274e5b7228c190a689b99,0.0,ATGGCGAAACCCCATCTCTACTAAAAATACAAAAATTAGCCAGGTGTGGTGGCACACACCTGTAGTCCCAGCTACTCGGGAGGCTGAGGCATGAGAATCCATTGAACTTGGGAGGCAGAGGTTGCAGTGAGCTGAGATTGTGCCACCGCACTCCAGCCTGGAAGACAAAGTGAGACTCTGTCTCAAAACAAAACGAAACA,db4dcc630b72f0753ef62a9e627fafce87f68974cc80959185763cc381c55d8c,0.34617520931734,ATGGCGAAACCCCATCTCTACTAAAAATACAAAAATTAGCCAGGTGTGGTGGCACACACCTGTAGTCCCAGCTACTCGGGAGGCTGAGGCATGAGAATCAATTGAACTTGGGAGGCAGAGGTTGCAGTGAGCTGAGATTGTGCCACCGCACTCCAGGCTGGAAGACAAAGTGAGACTCTGTCTCAAAACAAAACGAAACA,8b82d96d4087e0340c266d3d8227ee1f4ea64cfd0e004c8662278c4d1e8e8320,0.380426499337529,ATGGCGAAACCCCATCTCTACTAAAAATACAAAAATTAGCCAGGTGTGGTGGCACACACCTGTAGTCCCAGCTACTCGGGAGGCTGAGGCATGAGAATCCATTGAACTTGGGAGGCAGAGGTTGCAGTGAGCTGAGATTGTGCCACCGCACTCCAGGCTGGAAGACAAAGTGAGACTCTGTCTCAAAACAAAACGAAACA,c842ffd985347d086203eda5e59f92ae85c8614f8e12d25afafe50273b971a38,0.200938921796721,0.525662786858148,0.368639234959467,-58.90306104160845,-61.59746156260371,-63.60270320344716,-66.28206580458209,-0.015037919860333204,1.0,0.525662786858148,0.0,0,0.1857567395489018,0.18565657667894103,0.15145376406925343,0.171584938028635,1.0
chr20:54148763:G:A;chr20:54148838:A:T;var1;middle;OL29|K562|0e22cbca28505073,chr20:54148763:G:A;chr20:54148838:A:T;var1;middle;OL29,K562,K562_region_01406,100,175,75,ACCGCGCCCGGCATGCTAGTTATTCTTTACTCCATGCGAAGGCATTTTCTGTCCCACGTGTGTTGTGTTCTTTTATTCTCTCATACCCAAACATATTCAGCCAAGAATAATCACAATGAATATAATATTAAATTAATAATAATGACAACCACATGGACTAAATGTGTCATTTACAGTGCTAAATGCTTTTCACACATTTT,3cc61eb9027597d949971d676cfe9978ea2d5fae99fbcf93ed9e4489fe9f2a3b,0.0,ACCGCGCCCGGCATGCTAGTTATTCTTTACTCCATGCGAAGGCATTTTCTGTCCCACGTGTGTTGTGTTCTTTTATTCTCTCATACCCAAACATATTCAACCAAGAATAATCACAATGAATATAATATTAAATTAATAATAATGACAACCACATGGACTAAATGTGTCATTTACAGTGCTAAATGCTTTTCACACATTTT,a08816764f04f2912a87888290d160f22f349bb77041f6c3c7cb14ddbdd4ce40,-0.369888230297832,ACCGCGCCCGGCATGCTAGTTATTCTTTACTCCATGCGAAGGCATTTTCTGTCCCACGTGTGTTGTGTTCTTTTATTCTCTCATACCCAAACATATTCAGCCAAGAATAATCACAATGAATATAATATTAAATTAATAATAATGACAACCACATGGACTAAATGTGTCATTTACTGTGCTAAATGCTTTTCACACATTTT,4bb36f6212e7a1a28954c9bcf3e949d508fe1294260ef95ed1bc1848310c159a,-0.758077612006859,ACCGCGCCCGGCATGCTAGTTATTCTTTACTCCATGCGAAGGCATTTTCTGTCCCACGTGTGTTGTGTTCTTTTATTCTCTCATACCCAAACATATTCAACCAAGAATAATCACAATGAATATAATATTAAATTAATAATAATGACAACCACATGGACTAAATGTGTCATTTACTGTGCTAAATGCTTTTCACACATTTT,0e22cbca28505073aae7aadd55c1f242d5b4585f325c37fe27316025f11efc1d,0.15153929657089,1.279505138875581,0.310734904896156,-241.90432109683752,-242.6969411745668,-237.94129813462496,-238.6104180663824,0.1235001459718319,-1.0,-1.279505138875581,0.0,3,0.1817217479200318,0.18106719778262317,0.1474303780702046,0.4019826838539582,1.0
chr20:54989326:T:G;chr20:54989365:C:T;var1;middle;OL27|K562|a04c17f12b3d899c,chr20:54989326:T:G;chr20:54989365:C:T;var1;middle;OL27,K562,K562_region_01407,100,139,39,TACTATTCAGTCCACATTCACATTTTCCAAAATTATCCTTTTTAGCTTTTCTGGCTGTTGTTGTTTGTGTGTGTGTTTGTCTTTCTGATCCAGGTGGTGTTTGTCAATTCTCAGTTCTTAATCTAGAACAATCTACTACCTTTTTCTCTTTCATAACATTGACCTTTTTTCTAAACAGCCTAGATTTTTTATGATTTAGA,d0a937cc4fd13bc4e10e00cf6a86f4e2a8284f9867e865764f5f557d67b9ea2f,0.0,TACTATTCAGTCCACATTCACATTTTCCAAAATTATCCTTTTTAGCTTTTCTGGCTGTTGTTGTTTGTGTGTGTGTTTGTCTTTCTGATCCAGGTGGTGGTTGTCAATTCTCAGTTCTTAATCTAGAACAATCTACTACCTTTTTCTCTTTCATAACATTGACCTTTTTTCTAAACAGCCTAGATTTTTTATGATTTAGA,98dafcc1386b4e1b89987461d3f97da9389a735c9a71102424152352638b1cc6,-0.337612378703155,TACTATTCAGTCCACATTCACATTTTCCAAAATTATCCTTTTTAGCTTTTCTGGCTGTTGTTGTTTGTGTGTGTGTTTGTCTTTCTGATCCAGGTGGTGTTTGTCAATTCTCAGTTCTTAATCTAGAACAATCTACTATCTTTTTCTCTTTCATAACATTGACCTTTTTTCTAAACAGCCTAGATTTTTTATGATTTAGA,d594f83fc1622dca8a8dec6e60e0a8bb7ab35adbd7f13c67a121bd759a85b1b4,-0.131801304407901,TACTATTCAGTCCACATTCACATTTTCCAAAATTATCCTTTTTAGCTTTTCTGGCTGTTGTTGTTTGTGTGTGTGTTTGTCTTTCTGATCCAGGTGGTGGTTGTCAATTCTCAGTTCTTAATCTAGAACAATCTACTATCTTTTTCTCTTTCATAACATTGACCTTTTTTCTAAACAGCCTAGATTTTTTATGATTTAGA,a04c17f12b3d899cccd5b5e25e97e21bcf409bf299beb55ff457cec3b4e2d7b0,-0.0545570953519105,0.4148565877591455,0.236259719304255,-287.99221127829514,-285.5689735512715,-287.28146180231124,-283.4332718383521,1.4249522369354963,-1.0,-0.4148565877591455,0.0,0,0.18760624620714964,0.18565657667894103,0.15145376406925343,0.17852578439064948,1.0
chr20:55990370:A:T;chr20:55990405:T:C;var1;middle;OL31|K562|5a75d8f97952db7d,chr20:55990370:A:T;chr20:55990405:T:C;var1;middle;OL31,K562,K562_region_01408,100,135,35,CCTCCAGATGCTGAGCGAATAACAGGGGCAGCTCTCCAGCGTGCCCCGAGGCTGGGTGTTGCATAGGGCACAGCCTGGGGTGGGCACCTGGGCTTCCAGATACCTCCTGGGCCTCCCGCAGGGGCCGATAAGTGTCTGGCTCTGCTTATCAGCCCCGTTGCCCTGCCTGCTCCCGCCTCAAGTCCTGGTGTACACATTGG,1ce6cbefe9f0c9900a2edc6a91d34490fd38145a1b988c4232ac3f1bcfe238e7,0.0,CCTCCAGATGCTGAGCGAATAACAGGGGCAGCTCTCCAGCGTGCCCCGAGGCTGGGTGTTGCATAGGGCACAGCCTGGGGTGGGCACCTGGGCTTCCAGTTACCTCCTGGGCCTCCCGCAGGGGCCGATAAGTGTCTGGCTCTGCTTATCAGCCCCGTTGCCCTGCCTGCTCCCGCCTCAAGTCCTGGTGTACACATTGG,00c014462431eac25cdaa53e274423c2bfe306ab61512372bef89d3556c432c8,0.425663287558652,CCTCCAGATGCTGAGCGAATAACAGGGGCAGCTCTCCAGCGTGCCCCGAGGCTGGGTGTTGCATAGGGCACAGCCTGGGGTGGGCACCTGGGCTTCCAGATACCTCCTGGGCCTCCCGCAGGGGCCGATAAGTGCCTGGCTCTGCTTATCAGCCCCGTTGCCCTGCCTGCTCCCGCCTCAAGTCCTGGTGTACACATTGG,02344840963d431d5fe5c12ad3eaeb64fcaa27de64c108937925442900a58fe1,-0.292864855813182,CCTCCAGATGCTGAGCGAATAACAGGGGCAGCTCTCCAGCGTGCCCCGAGGCTGGGTGTTGCATAGGGCACAGCCTGGGGTGGGCACCTGGGCTTCCAGTTACCTCCTGGGCCTCCCGCAGGGGCCGATAAGTGCCTGGCTCTGCTTATCAGCCCCGTTGCCCTGCCTGCTCCCGCCTCAAGTCCTGGTGTACACATTGG,5a75d8f97952db7d9d2dd9ffd816d15d557353c127aeeb4abe810ce230760bf3,-0.251903899341356,-0.384702331086826,0.308359327999607,-271.7646360248327,-260.04755432903767,-257.2714990824461,-266.2913706153631,-20.736953228712082,-1.0,0.384702331086826,0.0,1,0.1612665566854695,0.18216460459877223,0.1501433469024087,0.448310500760137,1.0
chr20:56018024:A:G;chr20:56018085:A:G;var1;middle;OL41|K562|e3ed90ae77dbb78c,chr20:56018024:A:G;chr20:56018085:A:G;var1;middle;OL41,K562,K562_region_01409,100,161,61,TGACACCCCCCAGCCCCCAACCTGGGGAGCAGCCAGGAGCCCTATGTCAGAATGTGCGGCCCCTAATGAAAGTGCTCTTCCAGCCACTCTATTTAAGCCAGGTGAGTTTGTTCTCAGGGACTGGAGGCCGGCAAGGTAATGCAGCTGTTTTTAGCGTTTTAGCAGGAGGCAGGTGCTGGCCAGGACGCCTGTGACGCTGT,9fd7390c069280f55aad41a50452be8e4229dc6898bd6c90845365df0f9d7900,0.0,TGACACCCCCCAGCCCCCAACCTGGGGAGCAGCCAGGAGCCCTATGTCAGAATGTGCGGCCCCTAATGAAAGTGCTCTTCCAGCCACTCTATTTAAGCCGGGTGAGTTTGTTCTCAGGGACTGGAGGCCGGCAAGGTAATGCAGCTGTTTTTAGCGTTTTAGCAGGAGGCAGGTGCTGGCCAGGACGCCTGTGACGCTGT,9fb1db17a5eac9760d84fb348bf719ca46d99de04698a40b95723f1d5b5070c6,0.0104632690759606,TGACACCCCCCAGCCCCCAACCTGGGGAGCAGCCAGGAGCCCTATGTCAGAATGTGCGGCCCCTAATGAAAGTGCTCTTCCAGCCACTCTATTTAAGCCAGGTGAGTTTGTTCTCAGGGACTGGAGGCCGGCAAGGTAATGCAGCTGTTTTTAGCGTTTTGGCAGGAGGCAGGTGCTGGCCAGGACGCCTGTGACGCTGT,fb7c5e71156c398b9e4bc5ed802ea26ca32eb91dcc22dd8b4ea2d8e250fa2a49,-0.13180805762621,TGACACCCCCCAGCCCCCAACCTGGGGAGCAGCCAGGAGCCCTATGTCAGAATGTGCGGCCCCTAATGAAAGTGCTCTTCCAGCCACTCTATTTAAGCCGGGTGAGTTTGTTCTCAGGGACTGGAGGCCGGCAAGGTAATGCAGCTGTTTTTAGCGTTTTGGCAGGAGGCAGGTGCTGGCCAGGACGCCTGTGACGCTGT,e3ed90ae77dbb78c03d4474443e76a2d9662e02671df103bd329b3e5e31c61fd,0.188504455498595,0.3098492440488444,0.374769964747596,-251.08493873476985,-257.5078856796026,-250.24859810248017,-260.13556906580925,-3.464024018496275,-1.0,-0.3098492440488444,0.0,3,0.17449580908371343,0.18106719778262317,0.1474303780702046,0.231925385580098,1.0
chr20:56131659:T:C;chr20:56131697:T:A;var1;middle;OL28|K562|3d1900a37a1f985b,chr20:56131659:T:C;chr20:56131697:T:A;var1;middle;OL28,K562,K562_region_01410,100,138,38,GAATAGCTGGGATTACAGGCATGCGCCACCATGCCAGGCTAATTGTTTGTATTTTTAGTAGAGATGGGGTTTCTCCGTGTTGGTCAGGCTGGTCTCAAATTCCTGACCTCAGGTGATCCGCCTGCCTCAGCCTCCCATAGTCCTGGGATTACAGACGTGAGCCTCCGCACCCGGCCCAGAATTTCTGTTCTTTTATTGGC,432901535dfd8580c63e686543a08670d500e4389a75f0d4f13ee780a8e24121,0.0,GAATAGCTGGGATTACAGGCATGCGCCACCATGCCAGGCTAATTGTTTGTATTTTTAGTAGAGATGGGGTTTCTCCGTGTTGGTCAGGCTGGTCTCAAACTCCTGACCTCAGGTGATCCGCCTGCCTCAGCCTCCCATAGTCCTGGGATTACAGACGTGAGCCTCCGCACCCGGCCCAGAATTTCTGTTCTTTTATTGGC,243077b6806cd55f97f601198a070b5a7e89ecbea4816c64172bc714d48b579a,0.15138486562931,GAATAGCTGGGATTACAGGCATGCGCCACCATGCCAGGCTAATTGTTTGTATTTTTAGTAGAGATGGGGTTTCTCCGTGTTGGTCAGGCTGGTCTCAAATTCCTGACCTCAGGTGATCCGCCTGCCTCAGCCTCCCAAAGTCCTGGGATTACAGACGTGAGCCTCCGCACCCGGCCCAGAATTTCTGTTCTTTTATTGGC,3b4d28ad0ea0845cd86a20c35840925ac7b47ed1fd3f500e4450725aadfb8603,0.009045181909764,GAATAGCTGGGATTACAGGCATGCGCCACCATGCCAGGCTAATTGTTTGTATTTTTAGTAGAGATGGGGTTTCTCCGTGTTGGTCAGGCTGGTCTCAAACTCCTGACCTCAGGTGATCCGCCTGCCTCAGCCTCCCAAAGTCCTGGGATTACAGACGTGAGCCTCCGCACCCGGCCCAGAATTTCTGTTCTTTTATTGGC,3d1900a37a1f985b46d4d757a5791576ad01a6a320d0c728474205db4321c587,0.0395379299705237,0.1208921175685503,0.11886358455131,-91.05051303002983,-87.43959009554237,-85.71919388137758,-82.107889149338,-0.00038179755210876465,1.0,0.1208921175685503,0.0,2,0.17519391244195867,0.17490732828716207,0.146091925319964,0.1230878370214463,1.0
chr20:56136954:G:C;chr20:56136993:T:C;var1;middle;OL28|K562|50a1d11bebe2f9cb,chr20:56136954:G:C;chr20:56136993:T:C;var1;middle;OL28,K562,K562_region_01411,100,139,39,TTAGTGGGCCAGCCCAAGCTTTAAATGAGGTGTGTGCACAAAAGCTCTGCCAACTAGATTCCTGATTAAAAAAAAGGCAGCCCCTCTCCTACAGACCAGGTCCTAGTGGAGTAAATGTCCACCTGGCCATGTCTTAGATGGTCTGTGTGTTCACACTGATGGACTGTTGTTAGCGTGCTCAGCACTCTGCTAGGCATGGA,db45160508cec8320265647348358f9931a83a76ff61beb5a25cc68fcc25125e,0.0,TTAGTGGGCCAGCCCAAGCTTTAAATGAGGTGTGTGCACAAAAGCTCTGCCAACTAGATTCCTGATTAAAAAAAAGGCAGCCCCTCTCCTACAGACCAGCTCCTAGTGGAGTAAATGTCCACCTGGCCATGTCTTAGATGGTCTGTGTGTTCACACTGATGGACTGTTGTTAGCGTGCTCAGCACTCTGCTAGGCATGGA,edd4bff027ab52e87b9683eb1ed769550fe636d5799acf2d772c50bfb6074ca4,0.228781284377774,TTAGTGGGCCAGCCCAAGCTTTAAATGAGGTGTGTGCACAAAAGCTCTGCCAACTAGATTCCTGATTAAAAAAAAGGCAGCCCCTCTCCTACAGACCAGGTCCTAGTGGAGTAAATGTCCACCTGGCCATGTCTTAGACGGTCTGTGTGTTCACACTGATGGACTGTTGTTAGCGTGCTCAGCACTCTGCTAGGCATGGA,4caa85b76403eebfadf293e55360ef57ca5652b4bddf5ecb38d9b04bfbe611cf,0.114450521104472,TTAGTGGGCCAGCCCAAGCTTTAAATGAGGTGTGTGCACAAAAGCTCTGCCAACTAGATTCCTGATTAAAAAAAAGGCAGCCCCTCTCCTACAGACCAGCTCCTAGTGGAGTAAATGTCCACCTGGCCATGTCTTAGACGGTCTGTGTGTTCACACTGATGGACTGTTGTTAGCGTGCTCAGCACTCTGCTAGGCATGGA,50a1d11bebe2f9cb3d87a5f43a65d278bd8b8f09be48c59165b4e48d012f615a,0.181853388122292,0.161378417359954,0.138072227029995,-302.4252325799316,-297.24628986790776,-309.6820158865303,-307.4784826952964,2.975409520789981,1.0,0.161378417359954,0.0,1,0.18539245994759673,0.18216460459877223,0.1501433469024087,0.13230169753401028,1.0
chr20:56137798:G:A;chr20:56137807:A:G;var1;middle;OL27|K562|8731ab3c9e3a418c,chr20:56137798:G:A;chr20:56137807:A:G;var1;middle;OL27,K562,K562_region_01412,100,109,9,TGTTCGAAGTCCAAGGTCATTTCTCACCAGTGCCCACCCATCGCACCCTGTAGGTCGCACCATGTACGTCATCCCATTCAGCATGGGGCCGCTGGGCTCGCCTCTGTCAAAGATCGGCATCGAGCTGACGGATTCACCCTACGTGGTGGCCAGCATGCGGATCATGACGCGGATGGGCACGCCCGTCCTGGAAGCAGTGG,c1fe132d2215d2b384fba6f0cd90bff342b0e4e881a7786197499c84c62880a3,0.0,TGTTCGAAGTCCAAGGTCATTTCTCACCAGTGCCCACCCATCGCACCCTGTAGGTCGCACCATGTACGTCATCCCATTCAGCATGGGGCCGCTGGGCTCACCTCTGTCAAAGATCGGCATCGAGCTGACGGATTCACCCTACGTGGTGGCCAGCATGCGGATCATGACGCGGATGGGCACGCCCGTCCTGGAAGCAGTGG,fb684e51e6d318c3c132dca1393c7750ab89524be6097a3a76ce9a780780a410,-0.106838649807462,TGTTCGAAGTCCAAGGTCATTTCTCACCAGTGCCCACCCATCGCACCCTGTAGGTCGCACCATGTACGTCATCCCATTCAGCATGGGGCCGCTGGGCTCGCCTCTGTCGAAGATCGGCATCGAGCTGACGGATTCACCCTACGTGGTGGCCAGCATGCGGATCATGACGCGGATGGGCACGCCCGTCCTGGAAGCAGTGG,795a8720633d79f5a0ffd91359f46844599c7ad51de00d6f0dc43733908f01f2,-0.184128620921941,TGTTCGAAGTCCAAGGTCATTTCTCACCAGTGCCCACCCATCGCACCCTGTAGGTCGCACCATGTACGTCATCCCATTCAGCATGGGGCCGCTGGGCTCACCTCTGTCGAAGATCGGCATCGAGCTGACGGATTCACCCTACGTGGTGGCCAGCATGCGGATCATGACGCGGATGGGCACGCCCGTCCTGGAAGCAGTGG,8731ab3c9e3a418c71e40d59ffb9da2ce26c8a70840d0d0fb5ed3ce8caa1d98d,-0.272074702642364,-0.0188925680870389,0.197250717440171,-353.2444677669555,-359.4310468696058,-353.1198428757489,-363.8976995432749,4.591277564875725,1.0,-0.0188925680870389,0.0,2,0.18187973971766158,0.17490732828716207,0.146091925319964,0.19654824950809174,1.0
chr20:56137798:G:A;chr20:56137834:A:G;var1;middle;OL27|K562|85d7140a4708df65,chr20:56137798:G:A;chr20:56137834:A:G;var1;middle;OL27,K562,K562_region_01412,100,136,36,TGTTCGAAGTCCAAGGTCATTTCTCACCAGTGCCCACCCATCGCACCCTGTAGGTCGCACCATGTACGTCATCCCATTCAGCATGGGGCCGCTGGGCTCGCCTCTGTCAAAGATCGGCATCGAGCTGACGGATTCACCCTACGTGGTGGCCAGCATGCGGATCATGACGCGGATGGGCACGCCCGTCCTGGAAGCAGTGG,c1fe132d2215d2b384fba6f0cd90bff342b0e4e881a7786197499c84c62880a3,0.0,TGTTCGAAGTCCAAGGTCATTTCTCACCAGTGCCCACCCATCGCACCCTGTAGGTCGCACCATGTACGTCATCCCATTCAGCATGGGGCCGCTGGGCTCACCTCTGTCAAAGATCGGCATCGAGCTGACGGATTCACCCTACGTGGTGGCCAGCATGCGGATCATGACGCGGATGGGCACGCCCGTCCTGGAAGCAGTGG,fb684e51e6d318c3c132dca1393c7750ab89524be6097a3a76ce9a780780a410,-0.10708330375147,TGTTCGAAGTCCAAGGTCATTTCTCACCAGTGCCCACCCATCGCACCCTGTAGGTCGCACCATGTACGTCATCCCATTCAGCATGGGGCCGCTGGGCTCGCCTCTGTCAAAGATCGGCATCGAGCTGACGGATTCGCCCTACGTGGTGGCCAGCATGCGGATCATGACGCGGATGGGCACGCCCGTCCTGGAAGCAGTGG,f5f1e387d8f11668225104d695c39108ed865493e8ec86146061cd29af3006bc,0.158917142054357,TGTTCGAAGTCCAAGGTCATTTCTCACCAGTGCCCACCCATCGCACCCTGTAGGTCGCACCATGTACGTCATCCCATTCAGCATGGGGCCGCTGGGCTCACCTCTGTCAAAGATCGGCATCGAGCTGACGGATTCGCCCTACGTGGTGGCCAGCATGCGGATCATGACGCGGATGGGCACGCCCGTCCTGGAAGCAGTGG,85d7140a4708df65d7d7c735375d0418ff6d8dbd3befee81515f179cdcc33341,-0.183686253559548,0.235520091862435,0.205436681059176,-353.2444677669555,-359.4310468696058,-354.4294975940138,-364.686607921496,4.070531224831882,1.0,0.235520091862435,0.0,2,0.18112149094326935,0.17490732828716207,0.146091925319964,0.17130264509528007,1.0
chr20:56137807:A:G;chr20:56137834:A:G;var1;middle;OL27|K562|bb64c10d50389f47,chr20:56137807:A:G;chr20:56137834:A:G;var1;middle;OL27,K562,K562_region_01412,100,127,27,TCCAAGGTCATTTCTCACCAGTGCCCACCCATCGCACCCTGTAGGTCGCACCATGTACGTCATCCCATTCAGCATGGGGCCGCTGGGCTCGCCTCTGTCAAAGATCGGCATCGAGCTGACGGATTCACCCTACGTGGTGGCCAGCATGCGGATCATGACGCGGATGGGCACGCCCGTCCTGGAAGCAGTGGGCGATGGGG,dcd4655bc25d49b7d3e6e8e684610089b6a65fce520cd355149a59a8cd2a5736,0.0,TCCAAGGTCATTTCTCACCAGTGCCCACCCATCGCACCCTGTAGGTCGCACCATGTACGTCATCCCATTCAGCATGGGGCCGCTGGGCTCGCCTCTGTCGAAGATCGGCATCGAGCTGACGGATTCACCCTACGTGGTGGCCAGCATGCGGATCATGACGCGGATGGGCACGCCCGTCCTGGAAGCAGTGGGCGATGGGG,03b993d5be5e3133e0494cb1d0a30a8ced96b8797007b6964c4ba3601376180c,-0.153140686723359,TCCAAGGTCATTTCTCACCAGTGCCCACCCATCGCACCCTGTAGGTCGCACCATGTACGTCATCCCATTCAGCATGGGGCCGCTGGGCTCGCCTCTGTCAAAGATCGGCATCGAGCTGACGGATTCGCCCTACGTGGTGGCCAGCATGCGGATCATGACGCGGATGGGCACGCCCGTCCTGGAAGCAGTGGGCGATGGGG,92cdd2fe8c36b2cb8e3bc3dcbfb669c8096cf12882936d69b10051585db96ae0,0.297133026136371,TCCAAGGTCATTTCTCACCAGTGCCCACCCATCGCACCCTGTAGGTCGCACCATGTACGTCATCCCATTCAGCATGGGGCCGCTGGGCTCGCCTCTGTCGAAGATCGGCATCGAGCTGACGGATTCGCCCTACGTGGTGGCCAGCATGCGGATCATGACGCGGATGGGCACGCCCGTCCTGGAAGCAGTGGGCGATGGGG,bb64c10d50389f47a8d4efd3a6696a5b4f1516ccd0329f6d811c28f3865e6d74,0.122345031376636,-0.0216473080363759,0.145915698902793,-315.75999061763287,-315.88894028402865,-311.7735666111112,-311.3934104908258,0.5091057866811752,-1.0,0.0216473080363759,0.0,2,0.17593576755759985,0.17490732828716207,0.146091925319964,0.2839411452027082,1.0
chr20:56554560:C:G;chr20:56554576:C:G;var1;middle;OL30|K562|974527ee41c00aa1,chr20:56554560:C:G;chr20:56554576:C:G;var1;middle;OL30,K562,K562_region_01413,100,116,16,TGCCCAGTGCCCTGATTTGTCTGGACCCCACTGTGGTCTTAGTGTCCAGCGTGCCATCCAGTCTGTCTGGTCCCCACTTTGGTCTCAGTGTCCAGTGTGCCATCCGGTCTGTCTGCTCCCCACTGTGGTCTTAGTGGCCAGTGTGGCGTCTGGTCTGTCTGGTCCCCACTGTGGTCTTAGTGGCCAGTGTGGCATCCGGT,a2f66cedae9499ffa0c4c7fc2d8eeb6bcc296c37db4dfdd5ec20f8919c710a93,0.0,TGCCCAGTGCCCTGATTTGTCTGGACCCCACTGTGGTCTTAGTGTCCAGCGTGCCATCCAGTCTGTCTGGTCCCCACTTTGGTCTCAGTGTCCAGTGTGGCATCCGGTCTGTCTGCTCCCCACTGTGGTCTTAGTGGCCAGTGTGGCGTCTGGTCTGTCTGGTCCCCACTGTGGTCTTAGTGGCCAGTGTGGCATCCGGT,f6ec4e9797e66b293245739cb75229ce41e0a1ec930658f89b7f0a94078bbb4c,0.270282327593252,TGCCCAGTGCCCTGATTTGTCTGGACCCCACTGTGGTCTTAGTGTCCAGCGTGCCATCCAGTCTGTCTGGTCCCCACTTTGGTCTCAGTGTCCAGTGTGCCATCCGGTCTGTCTGGTCCCCACTGTGGTCTTAGTGGCCAGTGTGGCGTCTGGTCTGTCTGGTCCCCACTGTGGTCTTAGTGGCCAGTGTGGCATCCGGT,7e70155fabc1ed99a9aff2e7942aa161146e587bb3c7dbfed4545d9286755876,-0.315722394825189,TGCCCAGTGCCCTGATTTGTCTGGACCCCACTGTGGTCTTAGTGTCCAGCGTGCCATCCAGTCTGTCTGGTCCCCACTTTGGTCTCAGTGTCCAGTGTGGCATCCGGTCTGTCTGGTCCCCACTGTGGTCTTAGTGGCCAGTGTGGCGTCTGGTCTGTCTGGTCCCCACTGTGGTCTTAGTGGCCAGTGTGGCATCCGGT,974527ee41c00aa15f38b9c7944ffc94e9a0f95450ab26088e14c51c8a6f7223,0.183680599143914,0.229120666375851,0.290273319489134,-119.50968924420886,-115.65252773184328,-110.05268942436668,-107.07214662129992,-0.8766187092988247,-1.0,-0.229120666375851,0.0,3,0.17970732311174453,0.18106719778262317,0.1474303780702046,0.0929605385119061,1.0
chr20:56556061:C:T;chr20:56556146:A:C;var1;middle;OL30|K562|bfbe3e9d8a372030,chr20:56556061:C:T;chr20:56556146:A:C;var1;middle;OL30,K562,K562_region_01414,100,185,85,TTAATTATCTGAACATGACAACACCATGAGGGTTCACTGATAAAACCTTGAGTTCTAGCAATGCTGCCTCATCTGTTCATTCATTCATTCTTCATTCATCCTTCCACGTGTCTGGCATTGTTGGGGCACTGAGATTCTCCAGTCCCCAGGTACTGCTCAATGCATCCAGTGGTGGAGACAGACAAGAACCAGTGAGTCTC,10876e53cc05daf910ba434b931a0b0d959d61fa9464b43e97fb9d12d9a2586b,0.0,TTAATTATCTGAACATGACAACACCATGAGGGTTCACTGATAAAACCTTGAGTTCTAGCAATGCTGCCTCATCTGTTCATTCATTCATTCTTCATTCATTCTTCCACGTGTCTGGCATTGTTGGGGCACTGAGATTCTCCAGTCCCCAGGTACTGCTCAATGCATCCAGTGGTGGAGACAGACAAGAACCAGTGAGTCTC,879b1af9467694f053fd9f2d106a087aa115a156ddf755386454845001852114,-0.48673925693624,TTAATTATCTGAACATGACAACACCATGAGGGTTCACTGATAAAACCTTGAGTTCTAGCAATGCTGCCTCATCTGTTCATTCATTCATTCTTCATTCATCCTTCCACGTGTCTGGCATTGTTGGGGCACTGAGATTCTCCAGTCCCCAGGTACTGCTCAATGCATCCAGTGGTGGAGACAGACACGAACCAGTGAGTCTC,0066784ca418ce7df81a8a67b7eb16b6ac90a842ff8ee5b523a42f151cd88ffd,-0.146228592092376,TTAATTATCTGAACATGACAACACCATGAGGGTTCACTGATAAAACCTTGAGTTCTAGCAATGCTGCCTCATCTGTTCATTCATTCATTCTTCATTCATTCTTCCACGTGTCTGGCATTGTTGGGGCACTGAGATTCTCCAGTCCCCAGGTACTGCTCAATGCATCCAGTGGTGGAGACAGACACGAACCAGTGAGTCTC,bfbe3e9d8a3720300a8cf28613f0e37ede982c2c902b792bd2c74860a86b17ed,-0.312491037196972,0.3204768118316439,0.236144250028011,-303.0375574772479,-320.2864878063556,-300.81733675766736,-297.72123198607005,20.34503510070499,-1.0,-0.3204768118316439,0.0,1,0.2030650095314293,0.18216460459877223,0.1501433469024087,0.2973935407525286,1.0
chr20:57274077:T:A;chr20:57274151:G:C;var1;middle;OL41|K562|0a98e3e5771bc10d,chr20:57274077:T:A;chr20:57274151:G:C;var1;middle;OL41,K562,K562_region_01415,100,174,74,GGGCTCCAGGAAGCCTCAGGAAAGGGTGTGTGGGGAGGACAGAGCCTCCTCTTCAAGGCCCCTTGGCAGGACCACAGCCAGAGCTACAGGAAATGAGAGTGTGTGGAGGGTGAGCCCCCTCTTCTGGGTTTCATCACACGCGAAGCTGGCTCCCAAGCCCGGCTCCCCGACGCGGCACAGGCAGCGGTTCATCCCTGGCC,b961b63938f90c348895205c03cf8b1e67c27efdb7931f6ee498662f1d778093,0.0,GGGCTCCAGGAAGCCTCAGGAAAGGGTGTGTGGGGAGGACAGAGCCTCCTCTTCAAGGCCCCTTGGCAGGACCACAGCCAGAGCTACAGGAAATGAGAGAGTGTGGAGGGTGAGCCCCCTCTTCTGGGTTTCATCACACGCGAAGCTGGCTCCCAAGCCCGGCTCCCCGACGCGGCACAGGCAGCGGTTCATCCCTGGCC,905fbff670d90738b539c5313cc16eec65558ad10efd741ddf692b83ccebe297,-0.148075978215228,GGGCTCCAGGAAGCCTCAGGAAAGGGTGTGTGGGGAGGACAGAGCCTCCTCTTCAAGGCCCCTTGGCAGGACCACAGCCAGAGCTACAGGAAATGAGAGTGTGTGGAGGGTGAGCCCCCTCTTCTGGGTTTCATCACACGCGAAGCTGGCTCCCAAGCCCGGCTCCCCGACGCCGCACAGGCAGCGGTTCATCCCTGGCC,a075cfa7bd616d0537712915638f3f152115e167cf6f2af6833d6d663eb0fbf4,-0.309219449294093,GGGCTCCAGGAAGCCTCAGGAAAGGGTGTGTGGGGAGGACAGAGCCTCCTCTTCAAGGCCCCTTGGCAGGACCACAGCCAGAGCTACAGGAAATGAGAGAGTGTGGAGGGTGAGCCCCCTCTTCTGGGTTTCATCACACGCGAAGCTGGCTCCCAAGCCCGGCTCCCCGACGCCGCACAGGCAGCGGTTCATCCCTGGCC,0a98e3e5771bc10d3b1c3e314890b27c3c80e3a26a08ed71c556cb6e5268bb7b,-0.23893418194132,0.218361245568001,0.27259792673971,-325.4611656158231,-331.6797095928341,-327.26069370564073,-313.7128036255017,19.766434057150036,-1.0,-0.218361245568001,0.0,3,0.2212862588476011,0.18106719778262317,0.1474303780702046,0.2681395558279823,1.0
chr20:57477090:T:C;chr20:57477104:A:T;var1;middle;OL28|K562|1969d458e8530017,chr20:57477090:T:C;chr20:57477104:A:T;var1;middle;OL28,K562,K562_region_01416,100,114,14,ACTGTCGTGTTCTAGTCTGGAGAGATTATATGTTTTAATTTCTACTCCAGTCTATGAATTGGTGAATCAGCCAAGTGAATGCTTCAAAAACTGGGACTCTCAAAAGATTAAAAAATATATATATACAAACCGTGAAAAAGATAAACTCTGTCCCCTCCATCTCCCATTGGTTTCTGCCTCGGTGACTCCCCCCCTCTTGG,723d2d044b4d05a5a527d8f982eeb5fa4839d0dd310da4a4f28f34e846e44d43,0.0,ACTGTCGTGTTCTAGTCTGGAGAGATTATATGTTTTAATTTCTACTCCAGTCTATGAATTGGTGAATCAGCCAAGTGAATGCTTCAAAAACTGGGACTCCCAAAAGATTAAAAAATATATATATACAAACCGTGAAAAAGATAAACTCTGTCCCCTCCATCTCCCATTGGTTTCTGCCTCGGTGACTCCCCCCCTCTTGG,d7342aef07eb0959f9814c7fd1449a8f52c0c560e2b62a783f2e4da0045e2fa0,0.18936002123421,ACTGTCGTGTTCTAGTCTGGAGAGATTATATGTTTTAATTTCTACTCCAGTCTATGAATTGGTGAATCAGCCAAGTGAATGCTTCAAAAACTGGGACTCTCAAAAGATTAAAATATATATATATACAAACCGTGAAAAAGATAAACTCTGTCCCCTCCATCTCCCATTGGTTTCTGCCTCGGTGACTCCCCCCCTCTTGG,89598fd9b3dd604767d50cf905f4bb78c01fcac90eaa2d3a11ff71793b07d96e,0.0146853449401002,ACTGTCGTGTTCTAGTCTGGAGAGATTATATGTTTTAATTTCTACTCCAGTCTATGAATTGGTGAATCAGCCAAGTGAATGCTTCAAAAACTGGGACTCCCAAAAGATTAAAATATATATATATACAAACCGTGAAAAAGATAAACTCTGTCCCCTCCATCTCCCATTGGTTTCTGCCTCGGTGACTCCCCCCCTCTTGG,1969d458e8530017318473336bb9d3edca455dc10b296cc270abc043fd2670a2,-0.0259068322467366,0.2299521984210468,0.173576910863864,-314.6883573848754,-383.77005562838167,-309.43702115677297,-390.5621704556979,12.0434510554187,1.0,0.2299521984210468,0.0,3,0.2057307391504367,0.18106719778262317,0.1474303780702046,0.3869923289037126,1.0
chr20:57599342:C:T;chr20:57599402:G:A;var1;middle;OL27|K562|f33816264a4a56b4,chr20:57599342:C:T;chr20:57599402:G:A;var1;middle;OL27,K562,K562_region_01417,100,160,60,CGGTGAACATGGTCCCCTTCCCCCGCCTGCACTTCTTTATGCCCGGCTTTGCCCCACTCACGGCCCAGGGCAGCCAGCAGTACCGAGCCCTCTCCGTGGCCGAGCTCACCCAGCAGATGTTCGATGCCCGCAATACCATGGCTGCCTGTGACCTCCGCCGTGGCCGCTACCTCACAGTGGCCTGCATTTTCCGGGGCAAG,bc0ac614c034b79cfea001373581bfaad768ed0faad8091278f3da86e0c45295,0.0,CGGTGAACATGGTCCCCTTCCCCCGCCTGCACTTCTTTATGCCCGGCTTTGCCCCACTCACGGCCCAGGGCAGCCAGCAGTACCGAGCCCTCTCCGTGGTCGAGCTCACCCAGCAGATGTTCGATGCCCGCAATACCATGGCTGCCTGTGACCTCCGCCGTGGCCGCTACCTCACAGTGGCCTGCATTTTCCGGGGCAAG,e99f390bd9c481c014a110d82c1c26e8478501c6e14215562cf354a2366059a8,0.0961811517583057,CGGTGAACATGGTCCCCTTCCCCCGCCTGCACTTCTTTATGCCCGGCTTTGCCCCACTCACGGCCCAGGGCAGCCAGCAGTACCGAGCCCTCTCCGTGGCCGAGCTCACCCAGCAGATGTTCGATGCCCGCAATACCATGGCTGCCTGTGACCTCCGCCATGGCCGCTACCTCACAGTGGCCTGCATTTTCCGGGGCAAG,ed5ad5895ad4448621a0d06e41f7a8654e0238cd6b43951b96bd1d50215721ad,-0.0127880965649829,CGGTGAACATGGTCCCCTTCCCCCGCCTGCACTTCTTTATGCCCGGCTTTGCCCCACTCACGGCCCAGGGCAGCCAGCAGTACCGAGCCCTCTCCGTGGTCGAGCTCACCCAGCAGATGTTCGATGCCCGCAATACCATGGCTGCCTGTGACCTCCGCCATGGCCGCTACCTCACAGTGGCCTGCATTTTCCGGGGCAAG,f33816264a4a56b449da2dbf8c210e0a2f6da6449c57eb1c427e16560ab37ffe,1.03567970346298,0.9522866482696573,0.315440304906472,-227.01918187737465,-234.78585662692785,-225.9209930114448,-235.49549639597527,-1.8078286349772554,-1.0,-0.9522866482696573,0.0,1,0.18052580274245678,0.18216460459877223,0.1501433469024087,0.39857888846338174,1.0
chr20:58252407:T:C;chr20:58252436:G:T;var1;middle;OL41|K562|3893ef2340470768,chr20:58252407:T:C;chr20:58252436:G:T;var1;middle;OL41,K562,K562_region_01418,100,129,29,TGGAGATTGAAGCCTTCATTTAGTGTCAGGAACATATGCTCCACTATCAGGAGTCATTGTCCTTCCGGGATCTCCACCACTGAACCCTGGGTGGGAGTGTGGGAGTGGGTGAGGGAGAAGGCACACTTGGCTTTTGTGTGGTTTTACATTTGGTATCATTTGTGGACTTTTGGTTCTGAAAAATGGTTTGCAAGTGAAGT,5ed95754ccc2a1643a96a9cc9fdfed66f01ad937b279d808be23eeae233e2f4f,0.0,TGGAGATTGAAGCCTTCATTTAGTGTCAGGAACATATGCTCCACTATCAGGAGTCATTGTCCTTCCGGGATCTCCACCACTGAACCCTGGGTGGGAGTGCGGGAGTGGGTGAGGGAGAAGGCACACTTGGCTTTTGTGTGGTTTTACATTTGGTATCATTTGTGGACTTTTGGTTCTGAAAAATGGTTTGCAAGTGAAGT,3296c151a129548448a4581d1b858108c19537f539177c73ddeb1b72f67bb33f,0.0817202692659338,TGGAGATTGAAGCCTTCATTTAGTGTCAGGAACATATGCTCCACTATCAGGAGTCATTGTCCTTCCGGGATCTCCACCACTGAACCCTGGGTGGGAGTGTGGGAGTGGGTGAGGGAGAAGGCACACTTTGCTTTTGTGTGGTTTTACATTTGGTATCATTTGTGGACTTTTGGTTCTGAAAAATGGTTTGCAAGTGAAGT,981d5a575ecab03ad6515a4c3a655168d08fd6c87212fd3de7ae02443f380b54,-0.0564036981551853,TGGAGATTGAAGCCTTCATTTAGTGTCAGGAACATATGCTCCACTATCAGGAGTCATTGTCCTTCCGGGATCTCCACCACTGAACCCTGGGTGGGAGTGCGGGAGTGGGTGAGGGAGAAGGCACACTTTGCTTTTGTGTGGTTTTACATTTGGTATCATTTGTGGACTTTTGGTTCTGAAAAATGGTTTGCAAGTGAAGT,3893ef234047076881057ce3b7453c542c4ae30fac5e424718e2fac389788a22,0.0460883077646787,0.0207717366539301,0.254766531133925,-367.4600275673438,-366.433501715539,-372.1512115711812,-371.1915942286141,-0.06690850923769176,-1.0,-0.0207717366539301,0.0,3,0.18133822958444068,0.18106719778262317,0.1474303780702046,0.0038937465327076315,1.0
chr20:58252848:T:C;chr20:58252899:G:A;var1;middle;OL41|K562|f717cc9c219d0fcb,chr20:58252848:T:C;chr20:58252899:G:A;var1;middle;OL41,K562,K562_region_01419,100,151,51,TTAGAGGACAGGAAATATGGGAAATTAACAGTCCTTTTGTGGAGTGTGGTTTGCGTGTTGTTCTTTGAGGAGGAATTACGGAATTATGTGCGTGTATAATGATGGTAACCACATACACAATCGAAGAATAACAAGTCAGAAAAATCCATGGTGAGGTTCATTCAGAAATAATCAAGAGTGTATTGTTTAATTAAGGAGAG,1423cf07523a31190a48deff765ebe2c44096b005ef61cb3772891da0bdcb0f9,0.0,TTAGAGGACAGGAAATATGGGAAATTAACAGTCCTTTTGTGGAGTGTGGTTTGCGTGTTGTTCTTTGAGGAGGAATTACGGAATTATGTGCGTGTATAACGATGGTAACCACATACACAATCGAAGAATAACAAGTCAGAAAAATCCATGGTGAGGTTCATTCAGAAATAATCAAGAGTGTATTGTTTAATTAAGGAGAG,02d6651fd4a28126808615fd1a1c7d8a70c1d576778d4997a0527d72a461b0c1,-0.0635230387610702,TTAGAGGACAGGAAATATGGGAAATTAACAGTCCTTTTGTGGAGTGTGGTTTGCGTGTTGTTCTTTGAGGAGGAATTACGGAATTATGTGCGTGTATAATGATGGTAACCACATACACAATCGAAGAATAACAAGTCAGAAAAATCCATGATGAGGTTCATTCAGAAATAATCAAGAGTGTATTGTTTAATTAAGGAGAG,381fd8c6ce269032bc8d3c595a3a3a5f96ddb3fba764f0d076c31329effcd898,0.625360549061235,TTAGAGGACAGGAAATATGGGAAATTAACAGTCCTTTTGTGGAGTGTGGTTTGCGTGTTGTTCTTTGAGGAGGAATTACGGAATTATGTGCGTGTATAACGATGGTAACCACATACACAATCGAAGAATAACAAGTCAGAAAAATCCATGATGAGGTTCATTCAGAAATAATCAAGAGTGTATTGTTTAATTAAGGAGAG,f717cc9c219d0fcb06706d4300572fab4b447db1b7cd2223f1347201751d6cfa,-0.0355378788291256,-0.5973753891292903,0.571252100503926,-419.7696546828374,-426.9577529444359,-423.6131942439824,-429.9563693711534,0.8449231344275177,-1.0,0.5973753891292903,0.0,0,0.18686126355431465,0.18565657667894103,0.15145376406925343,0.18667906497620967,1.0
chr20:58662964:A:G;chr20:58662969:A:G;var1;middle;OL41|K562|925ff403d6c8ede8,chr20:58662964:A:G;chr20:58662969:A:G;var1;middle;OL41,K562,K562_region_01420,100,105,5,CGCCCGTTTTACCCGCGGAGACGCCGAGGCCCGATGCCGTATCCTGCCGCCCGTTTTACCCGCGGGAAAGCCGAGGCCCGGTGCTGTATTCTGCCGCCCATTTTACCCGCGGGGAAGCTGAGGCCCAGTGCTGTTTAATATCTTACTCATGTTCACTTGATGAGAAAGTGACAGATCTGAGACAAACCCAGGTATGAGGC,5c0521eac978b7f4cd3ef5e7d3d79a723403cedc34ac393632cd30fe9ee29f64,0.0,CGCCCGTTTTACCCGCGGAGACGCCGAGGCCCGATGCCGTATCCTGCCGCCCGTTTTACCCGCGGGAAAGCCGAGGCCCGGTGCTGTATTCTGCCGCCCGTTTTACCCGCGGGGAAGCTGAGGCCCAGTGCTGTTTAATATCTTACTCATGTTCACTTGATGAGAAAGTGACAGATCTGAGACAAACCCAGGTATGAGGC,8b1b892e2a8cced59366a840c738f4cc09bc27dc749f168394c2e13e19d145c5,0.133660113276107,CGCCCGTTTTACCCGCGGAGACGCCGAGGCCCGATGCCGTATCCTGCCGCCCGTTTTACCCGCGGGAAAGCCGAGGCCCGGTGCTGTATTCTGCCGCCCATTTTGCCCGCGGGGAAGCTGAGGCCCAGTGCTGTTTAATATCTTACTCATGTTCACTTGATGAGAAAGTGACAGATCTGAGACAAACCCAGGTATGAGGC,52dd3f92a8094c0217620e1ffad176951527cc58b7f1cc57632b8190131fd7c1,-0.039373542540078,CGCCCGTTTTACCCGCGGAGACGCCGAGGCCCGATGCCGTATCCTGCCGCCCGTTTTACCCGCGGGAAAGCCGAGGCCCGGTGCTGTATTCTGCCGCCCGTTTTGCCCGCGGGGAAGCTGAGGCCCAGTGCTGTTTAATATCTTACTCATGTTCACTTGATGAGAAAGTGACAGATCTGAGACAAACCCAGGTATGAGGC,925ff403d6c8ede846ac8ba354e1b5ffa59c60a0fa44684951a7c9982060cab7,-0.296047249913748,0.3903338206497769,0.40634753002101,-255.6837654004339,-247.75859828983084,-264.8259809432784,-258.11544309882447,1.2146292661491316,1.0,0.3903338206497769,0.0,3,0.1839194842762121,0.18106719778262317,0.1474303780702046,0.130423822658496,1.0
chr20:58662964:A:G;chr20:58662983:T:C;var1;middle;OL41|K562|01f95ad18eb8bd92,chr20:58662964:A:G;chr20:58662983:T:C;var1;middle;OL41,K562,K562_region_01420,100,119,19,CGCCCGTTTTACCCGCGGAGACGCCGAGGCCCGATGCCGTATCCTGCCGCCCGTTTTACCCGCGGGAAAGCCGAGGCCCGGTGCTGTATTCTGCCGCCCATTTTACCCGCGGGGAAGCTGAGGCCCAGTGCTGTTTAATATCTTACTCATGTTCACTTGATGAGAAAGTGACAGATCTGAGACAAACCCAGGTATGAGGC,5c0521eac978b7f4cd3ef5e7d3d79a723403cedc34ac393632cd30fe9ee29f64,0.0,CGCCCGTTTTACCCGCGGAGACGCCGAGGCCCGATGCCGTATCCTGCCGCCCGTTTTACCCGCGGGAAAGCCGAGGCCCGGTGCTGTATTCTGCCGCCCGTTTTACCCGCGGGGAAGCTGAGGCCCAGTGCTGTTTAATATCTTACTCATGTTCACTTGATGAGAAAGTGACAGATCTGAGACAAACCCAGGTATGAGGC,8b1b892e2a8cced59366a840c738f4cc09bc27dc749f168394c2e13e19d145c5,0.133512654871821,CGCCCGTTTTACCCGCGGAGACGCCGAGGCCCGATGCCGTATCCTGCCGCCCGTTTTACCCGCGGGAAAGCCGAGGCCCGGTGCTGTATTCTGCCGCCCATTTTACCCGCGGGGAAGCCGAGGCCCAGTGCTGTTTAATATCTTACTCATGTTCACTTGATGAGAAAGTGACAGATCTGAGACAAACCCAGGTATGAGGC,d8bfeecd7dbf502aec9a509f360a87064e90b5f618ac7da75c315fe471385404,0.0792764669811272,CGCCCGTTTTACCCGCGGAGACGCCGAGGCCCGATGCCGTATCCTGCCGCCCGTTTTACCCGCGGGAAAGCCGAGGCCCGGTGCTGTATTCTGCCGCCCGTTTTACCCGCGGGGAAGCCGAGGCCCAGTGCTGTTTAATATCTTACTCATGTTCACTTGATGAGAAAGTGACAGATCTGAGACAAACCCAGGTATGAGGC,01f95ad18eb8bd9247833a6bbb3b178821d6c86a50bfead6ef6eaa99eecc1b09,-0.284089932293551,0.4968790541464992,0.466080490450641,-255.6837654004339,-247.75859828983084,-248.5859295548289,-240.5891455852834,-0.07161685894243419,1.0,0.4968790541464992,0.0,3,0.18132874609515204,0.18106719778262317,0.1474303780702046,0.14188331615915803,1.0
chr20:58662969:A:G;chr20:58662983:T:C;var1;middle;OL41|K562|60b01d06d0e42b8b,chr20:58662969:A:G;chr20:58662983:T:C;var1;middle;OL41,K562,K562_region_01420,100,114,14,GTTTTACCCGCGGAGACGCCGAGGCCCGATGCCGTATCCTGCCGCCCGTTTTACCCGCGGGAAAGCCGAGGCCCGGTGCTGTATTCTGCCGCCCATTTTACCCGCGGGGAAGCTGAGGCCCAGTGCTGTTTAATATCTTACTCATGTTCACTTGATGAGAAAGTGACAGATCTGAGACAAACCCAGGTATGAGGCTGCAG,b45e94c6e00dfbcbfe1f1ae4580ad2bc7f4a2f20368883ad4a8753d4332d9068,0.0,GTTTTACCCGCGGAGACGCCGAGGCCCGATGCCGTATCCTGCCGCCCGTTTTACCCGCGGGAAAGCCGAGGCCCGGTGCTGTATTCTGCCGCCCATTTTGCCCGCGGGGAAGCTGAGGCCCAGTGCTGTTTAATATCTTACTCATGTTCACTTGATGAGAAAGTGACAGATCTGAGACAAACCCAGGTATGAGGCTGCAG,d88252a2a99c3231adf047c5b4f4b49187b0fab1ae16609b0f9ab8e9b85d1378,-0.0355697527735912,GTTTTACCCGCGGAGACGCCGAGGCCCGATGCCGTATCCTGCCGCCCGTTTTACCCGCGGGAAAGCCGAGGCCCGGTGCTGTATTCTGCCGCCCATTTTACCCGCGGGGAAGCCGAGGCCCAGTGCTGTTTAATATCTTACTCATGTTCACTTGATGAGAAAGTGACAGATCTGAGACAAACCCAGGTATGAGGCTGCAG,53058c29eea387f866dc54995a40191e1aa378d58cf5fb9791a83a4dbcd59802,0.0464803924276308,GTTTTACCCGCGGAGACGCCGAGGCCCGATGCCGTATCCTGCCGCCCGTTTTACCCGCGGGAAAGCCGAGGCCCGGTGCTGTATTCTGCCGCCCATTTTGCCCGCGGGGAAGCCGAGGCCCAGTGCTGTTTAATATCTTACTCATGTTCACTTGATGAGAAAGTGACAGATCTGAGACAAACCCAGGTATGAGGCTGCAG,60b01d06d0e42b8b1e8b1bf0fc3fefa8f3dd0873fd24ed155f96749b0fce4611,-0.25494463840109,0.2658552780551296,0.401125989671539,-289.27007098007016,-295.45003996556625,-281.86382944707293,-287.9039607769228,-0.13983765564620398,1.0,0.2658552780551296,0.0,3,0.18119133676165436,0.18106719778262317,0.1474303780702046,0.17737291635531088,1.0
chr20:58662983:T:C;chr20:58663069:G:C;var1;middle;OL41|K562|05127459e0edc32d,chr20:58662983:T:C;chr20:58663069:G:C;var1;middle;OL41,K562,K562_region_01420,100,186,86,GACGCCGAGGCCCGATGCCGTATCCTGCCGCCCGTTTTACCCGCGGGAAAGCCGAGGCCCGGTGCTGTATTCTGCCGCCCATTTTACCCGCGGGGAAGCTGAGGCCCAGTGCTGTTTAATATCTTACTCATGTTCACTTGATGAGAAAGTGACAGATCTGAGACAAACCCAGGTATGAGGCTGCAGAGCCCTGCTCTGAA,7c15e4ba127c286db7a9f5da1aa1fc3241e0eefaf534061544af3d088f1ef1b0,0.0,GACGCCGAGGCCCGATGCCGTATCCTGCCGCCCGTTTTACCCGCGGGAAAGCCGAGGCCCGGTGCTGTATTCTGCCGCCCATTTTACCCGCGGGGAAGCCGAGGCCCAGTGCTGTTTAATATCTTACTCATGTTCACTTGATGAGAAAGTGACAGATCTGAGACAAACCCAGGTATGAGGCTGCAGAGCCCTGCTCTGAA,53a61972bc1944aae7a8fef72ce297dcaf9949636a3c72340aa9cfdf2abbeb1c,0.115630822027205,GACGCCGAGGCCCGATGCCGTATCCTGCCGCCCGTTTTACCCGCGGGAAAGCCGAGGCCCGGTGCTGTATTCTGCCGCCCATTTTACCCGCGGGGAAGCTGAGGCCCAGTGCTGTTTAATATCTTACTCATGTTCACTTGATGAGAAAGTGACAGATCTGAGACAAACCCAGGTATGAGGCTGCACAGCCCTGCTCTGAA,d679b5df83a95e1bac43248f19894267506c4b24526aeb7fe858add998d7e8ef,0.0448650668527815,GACGCCGAGGCCCGATGCCGTATCCTGCCGCCCGTTTTACCCGCGGGAAAGCCGAGGCCCGGTGCTGTATTCTGCCGCCCATTTTACCCGCGGGGAAGCCGAGGCCCAGTGCTGTTTAATATCTTACTCATGTTCACTTGATGAGAAAGTGACAGATCTGAGACAAACCCAGGTATGAGGCTGCACAGCCCTGCTCTGAA,05127459e0edc32daa4fe8954576ab9b04e4058aeb2769b3c8525147ca66e34f,0.0491039062479016,0.1113919826320849,0.307663272245983,-291.1994125834899,-280.58096439455403,-286.1647163234884,-276.8932760321768,1.3470078976242803,1.0,0.1113919826320849,0.0,3,0.1841861193845548,0.18106719778262317,0.1474303780702046,0.17625828347274286,1.0
chr20:60776275:A:G;chr20:60776310:T:C;var1;middle;OL41|K562|d33d5a7676e25338,chr20:60776275:A:G;chr20:60776310:T:C;var1;middle;OL41,K562,K562_region_01421,100,135,35,ACCTGGGTGTGAATTCGGTGGTTTTGAATGCATAAAGTGCCTTGTGGACACGGGGGAGTTGTGGTGCTTCTGGGTCTCTGGGCCCCGCCTGCTGGCCTGAGATGCCCTCATGTTGGGAAGCATTCCGTGCCCCCTACCCCGCCTGCCCTCCGTATTTCCTGCACCTGTCAGCCTGCACCGACTGATGAGCCAGTTGCTCA,e6a32cc280a7340aa711dfa9cc48c8ed92d3960e95fb713a2b7b4a4114f43929,0.0,ACCTGGGTGTGAATTCGGTGGTTTTGAATGCATAAAGTGCCTTGTGGACACGGGGGAGTTGTGGTGCTTCTGGGTCTCTGGGCCCCGCCTGCTGGCCTGGGATGCCCTCATGTTGGGAAGCATTCCGTGCCCCCTACCCCGCCTGCCCTCCGTATTTCCTGCACCTGTCAGCCTGCACCGACTGATGAGCCAGTTGCTCA,d078391ca867a64c80b64762197e31aef5a4ef46c68c2be9b22c9c7c824d37bc,-0.222481047537371,ACCTGGGTGTGAATTCGGTGGTTTTGAATGCATAAAGTGCCTTGTGGACACGGGGGAGTTGTGGTGCTTCTGGGTCTCTGGGCCCCGCCTGCTGGCCTGAGATGCCCTCATGTTGGGAAGCATTCCGTGCCCCCCACCCCGCCTGCCCTCCGTATTTCCTGCACCTGTCAGCCTGCACCGACTGATGAGCCAGTTGCTCA,ad4c0f04236a10a22c17c2fb7c11e21553c79e5da1fb6dd6030e2502ff722f85,0.183357985188794,ACCTGGGTGTGAATTCGGTGGTTTTGAATGCATAAAGTGCCTTGTGGACACGGGGGAGTTGTGGTGCTTCTGGGTCTCTGGGCCCCGCCTGCTGGCCTGGGATGCCCTCATGTTGGGAAGCATTCCGTGCCCCCCACCCCGCCTGCCCTCCGTATTTCCTGCACCTGTCAGCCTGCACCGACTGATGAGCCAGTTGCTCA,d33d5a7676e2533831f848bdeb9a7c043afbb916ffcd17fb55dd8484f6b5ea3b,-0.0049953712196283,0.0341276911289486,0.213066906859531,-299.08232668973505,-295.0962410243228,-291.4551443969831,-288.18566494900733,-0.7166062174364924,-1.0,-0.0341276911289486,0.0,2,0.17415103177856042,0.17490732828716207,0.146091925319964,0.20246643282640786,1.0
chr20:60776275:A:G;chr20:60776352:A:G;var1;middle;OL41|K562|88d97807bb1746c2,chr20:60776275:A:G;chr20:60776352:A:G;var1;middle;OL41,K562,K562_region_01421,100,177,77,ACCTGGGTGTGAATTCGGTGGTTTTGAATGCATAAAGTGCCTTGTGGACACGGGGGAGTTGTGGTGCTTCTGGGTCTCTGGGCCCCGCCTGCTGGCCTGAGATGCCCTCATGTTGGGAAGCATTCCGTGCCCCCTACCCCGCCTGCCCTCCGTATTTCCTGCACCTGTCAGCCTGCACCGACTGATGAGCCAGTTGCTCA,e6a32cc280a7340aa711dfa9cc48c8ed92d3960e95fb713a2b7b4a4114f43929,0.0,ACCTGGGTGTGAATTCGGTGGTTTTGAATGCATAAAGTGCCTTGTGGACACGGGGGAGTTGTGGTGCTTCTGGGTCTCTGGGCCCCGCCTGCTGGCCTGGGATGCCCTCATGTTGGGAAGCATTCCGTGCCCCCTACCCCGCCTGCCCTCCGTATTTCCTGCACCTGTCAGCCTGCACCGACTGATGAGCCAGTTGCTCA,d078391ca867a64c80b64762197e31aef5a4ef46c68c2be9b22c9c7c824d37bc,-0.222557073861478,ACCTGGGTGTGAATTCGGTGGTTTTGAATGCATAAAGTGCCTTGTGGACACGGGGGAGTTGTGGTGCTTCTGGGTCTCTGGGCCCCGCCTGCTGGCCTGAGATGCCCTCATGTTGGGAAGCATTCCGTGCCCCCTACCCCGCCTGCCCTCCGTATTTCCTGCACCTGTCAGCCTGCGCCGACTGATGAGCCAGTTGCTCA,dbada213348a79783e2691566f002754a122e70a43bf776899a8569f2dc112a9,0.252773747743972,ACCTGGGTGTGAATTCGGTGGTTTTGAATGCATAAAGTGCCTTGTGGACACGGGGGAGTTGTGGTGCTTCTGGGTCTCTGGGCCCCGCCTGCTGGCCTGGGATGCCCTCATGTTGGGAAGCATTCCGTGCCCCCTACCCCGCCTGCCCTCCGTATTTCCTGCACCTGTCAGCCTGCGCCGACTGATGAGCCAGTTGCTCA,88d97807bb1746c29adb05114c770a110ef3939dcfd2510cd2512139b9bcab0d,0.200762785199822,0.170546111317328,0.204394936419091,-299.08232668973505,-295.0962410243228,-302.571314976085,-300.227064140141,-1.64183482946828,-1.0,-0.170546111317328,0.0,2,0.17280382411302658,0.17490732828716207,0.146091925319964,0.15004943809035734,1.0
chr20:60776310:T:C;chr20:60776352:A:G;var1;middle;OL41|K562|2589e25cec4ca46d,chr20:60776310:T:C;chr20:60776352:A:G;var1;middle;OL41,K562,K562_region_01421,100,142,42,AGTGCCTTGTGGACACGGGGGAGTTGTGGTGCTTCTGGGTCTCTGGGCCCCGCCTGCTGGCCTGAGATGCCCTCATGTTGGGAAGCATTCCGTGCCCCCTACCCCGCCTGCCCTCCGTATTTCCTGCACCTGTCAGCCTGCACCGACTGATGAGCCAGTTGCTCATTTGTGCTGATTAACACCCCTAATAAGGGGTTGGG,19a5100cb9994d6d57c64a096b3071df1663e60d647533c62b7762eb37ec4a33,0.0,AGTGCCTTGTGGACACGGGGGAGTTGTGGTGCTTCTGGGTCTCTGGGCCCCGCCTGCTGGCCTGAGATGCCCTCATGTTGGGAAGCATTCCGTGCCCCCCACCCCGCCTGCCCTCCGTATTTCCTGCACCTGTCAGCCTGCACCGACTGATGAGCCAGTTGCTCATTTGTGCTGATTAACACCCCTAATAAGGGGTTGGG,18a5d356bf6e5698266f8c4dda6de6c8db47839019bb676c4a54a9d963060993,-0.14041330653656,AGTGCCTTGTGGACACGGGGGAGTTGTGGTGCTTCTGGGTCTCTGGGCCCCGCCTGCTGGCCTGAGATGCCCTCATGTTGGGAAGCATTCCGTGCCCCCTACCCCGCCTGCCCTCCGTATTTCCTGCACCTGTCAGCCTGCGCCGACTGATGAGCCAGTTGCTCATTTGTGCTGATTAACACCCCTAATAAGGGGTTGGG,1dcf65ecb2517af73140b8ed1c200b799b84ce39c96fc727eb6c486e420f86a1,0.155127360194783,AGTGCCTTGTGGACACGGGGGAGTTGTGGTGCTTCTGGGTCTCTGGGCCCCGCCTGCTGGCCTGAGATGCCCTCATGTTGGGAAGCATTCCGTGCCCCCCACCCCGCCTGCCCTCCGTATTTCCTGCACCTGTCAGCCTGCGCCGACTGATGAGCCAGTTGCTCATTTGTGCTGATTAACACCCCTAATAAGGGGTTGGG,2589e25cec4ca46da83c7ee4312a73c4a45a6268b7c782bae1ed0f73417afdbe,0.344541179801574,0.329827126143351,0.271768102700015,-297.2692784881219,-280.4608043273911,-303.0802755099721,-283.49237324576825,2.7794281034730375,-1.0,-0.329827126143351,0.0,2,0.17924154041053603,0.17490732828716207,0.146091925319964,0.2857711475221793,1.0
chr20:60964064:A:G;chr20:60964122:G:A;var1;middle;OL41|K562|55db08e2bf78f90e,chr20:60964064:A:G;chr20:60964122:G:A;var1;middle;OL41,K562,K562_region_01422,100,158,58,CACAGTGGCAGCTTTTGGCATCATAAAAATGGGACATAACTGAAGGGAAGGCTTCACACATCACAAAGACCGGGTTGGTTAATGACTAAATCTCACTACATGAATACGCAATCTTAAATTACTGTGCTTATCAGCCATTTCTCGCATTCATGTGTAGGAAAAACCATGGAGACGTGTCCCTGGAGGGCAGGTTGTAAACT,e7f403a107c68dbabd19163d7d5f32117efe88664d0b1e26ade89193de34d231,0.0,CACAGTGGCAGCTTTTGGCATCATAAAAATGGGACATAACTGAAGGGAAGGCTTCACACATCACAAAGACCGGGTTGGTTAATGACTAAATCTCACTACGTGAATACGCAATCTTAAATTACTGTGCTTATCAGCCATTTCTCGCATTCATGTGTAGGAAAAACCATGGAGACGTGTCCCTGGAGGGCAGGTTGTAAACT,d3d8165b039af2c0a39b98a6e0b6f3943229b071d23cae37c0f886defdf55a71,0.214940030784518,CACAGTGGCAGCTTTTGGCATCATAAAAATGGGACATAACTGAAGGGAAGGCTTCACACATCACAAAGACCGGGTTGGTTAATGACTAAATCTCACTACATGAATACGCAATCTTAAATTACTGTGCTTATCAGCCATTTCTCGCATTCATGTGTAGAAAAAACCATGGAGACGTGTCCCTGGAGGGCAGGTTGTAAACT,cd49029bf521126122d1520a3c81c6feab99fc4e17fbfb7e4982039f52903a04,-0.0652331889306518,CACAGTGGCAGCTTTTGGCATCATAAAAATGGGACATAACTGAAGGGAAGGCTTCACACATCACAAAGACCGGGTTGGTTAATGACTAAATCTCACTACGTGAATACGCAATCTTAAATTACTGTGCTTATCAGCCATTTCTCGCATTCATGTGTAGAAAAAACCATGGAGACGTGTCCCTGGAGGGCAGGTTGTAAACT,55db08e2bf78f90e4ee96dc652ad63a58aaad04320adfd5c326653750dedc85c,-0.0139101467287048,-0.163616988582571,0.260720069783765,-277.05853125452995,-277.41385819762945,-283.4913569688797,-285.3513534143567,-1.50466950237751,-1.0,0.163616988582571,0.0,0,0.1838434740191344,0.18565657667894103,0.15145376406925343,0.17464566382531313,1.0
chr20:61265196:T:G;chr20:61265219:T:C;var1;middle;OL32|K562|faba9d88942a229d,chr20:61265196:T:G;chr20:61265219:T:C;var1;middle;OL32,K562,K562_region_01423,100,123,23,AAAGTTTCAGCTCTAAGATGAGTAAGTTCTGGAGCTCTGATGTACAACATGGTGATTACAGCTATTAATGCATACTTAAGAACTGGAAAGAGTGGGCTTTAAATGTTCTCACCACAAAAAAATGTAAGTATGTGAGGGATGGTCGTGCTAATCGCTTCTCGAGCCATTTCACAGAGCGCACGCGCGCCGGAAACCATGTG,ec3098dc8d6e6c919512dcfb8dfcc94d62371adc120eee2a231f374c9bcf96fd,0.0,AAAGTTTCAGCTCTAAGATGAGTAAGTTCTGGAGCTCTGATGTACAACATGGTGATTACAGCTATTAATGCATACTTAAGAACTGGAAAGAGTGGGCTTGAAATGTTCTCACCACAAAAAAATGTAAGTATGTGAGGGATGGTCGTGCTAATCGCTTCTCGAGCCATTTCACAGAGCGCACGCGCGCCGGAAACCATGTG,3f46ca0ebc33f0a542edc47866d3b0f724bf681d9f01ccc90ae3644d6c8a5b13,-0.0311050492518149,AAAGTTTCAGCTCTAAGATGAGTAAGTTCTGGAGCTCTGATGTACAACATGGTGATTACAGCTATTAATGCATACTTAAGAACTGGAAAGAGTGGGCTTTAAATGTTCTCACCACAAAAAAACGTAAGTATGTGAGGGATGGTCGTGCTAATCGCTTCTCGAGCCATTTCACAGAGCGCACGCGCGCCGGAAACCATGTG,eb20bb77b614c296f91cabe0f3c5d18fe60d57c74c9e8b37dfd5fb2887c2ab67,0.018245739919635,AAAGTTTCAGCTCTAAGATGAGTAAGTTCTGGAGCTCTGATGTACAACATGGTGATTACAGCTATTAATGCATACTTAAGAACTGGAAAGAGTGGGCTTGAAATGTTCTCACCACAAAAAAACGTAAGTATGTGAGGGATGGTCGTGCTAATCGCTTCTCGAGCCATTTCACAGAGCGCACGCGCGCCGGAAACCATGTG,faba9d88942a229da4a3e8be180ec8ebf387c926b4c468363fbff423cbd4ec0e,-0.135603400821227,0.122744091489047,0.194893116448951,-392.0284439790994,-391.1888633063063,-395.6226053731516,-396.1205845228397,1.3375598224811824,1.0,0.122744091489047,0.0,0,0.18749400040348854,0.18565657667894103,0.15145376406925343,0.24337287677703617,1.0
chr20:61464440:G:A;chr20:61464497:G:A;var1;middle;OL41|K562|f64ab8ee632cd5ed,chr20:61464440:G:A;chr20:61464497:G:A;var1;middle;OL41,K562,K562_region_01424,100,157,57,CTCTTTTAACTTTGGGGTGTATCGTTTTCAGGGTATTGCAGGTTCCGACGGTCTTCCTGGGGATAAAGGAGAACTGGTGAGTAATTAGGTAACCTCACTGTTACCAACAGCTGGGAGCGAGGTCGCCACTGTGGCTGGGGAACAGTCCTGGGGACAGGGTCAAAATCTGCAGCTCCCGGTGGAAGATCGGCAGCTCTGCT,8015a09826e473993eb76cc9549897cadf7fda6d85664511e0d2e0b48bf6ca60,0.0,CTCTTTTAACTTTGGGGTGTATCGTTTTCAGGGTATTGCAGGTTCCGACGGTCTTCCTGGGGATAAAGGAGAACTGGTGAGTAATTAGGTAACCTCACTATTACCAACAGCTGGGAGCGAGGTCGCCACTGTGGCTGGGGAACAGTCCTGGGGACAGGGTCAAAATCTGCAGCTCCCGGTGGAAGATCGGCAGCTCTGCT,279bbbad4ce6053174ced817fe588dd2aede047d6f3d7c9372b37c083a5618df,0.0111173332592756,CTCTTTTAACTTTGGGGTGTATCGTTTTCAGGGTATTGCAGGTTCCGACGGTCTTCCTGGGGATAAAGGAGAACTGGTGAGTAATTAGGTAACCTCACTGTTACCAACAGCTGGGAGCGAGGTCGCCACTGTGGCTGGGGAACAGTCCTGGGGACAAGGTCAAAATCTGCAGCTCCCGGTGGAAGATCGGCAGCTCTGCT,9750eabafec3e64c3613f177cbd03127514ca057ff5f862f733c71ea30023cc7,0.137800732298071,CTCTTTTAACTTTGGGGTGTATCGTTTTCAGGGTATTGCAGGTTCCGACGGTCTTCCTGGGGATAAAGGAGAACTGGTGAGTAATTAGGTAACCTCACTATTACCAACAGCTGGGAGCGAGGTCGCCACTGTGGCTGGGGAACAGTCCTGGGGACAAGGTCAAAATCTGCAGCTCCCGGTGGAAGATCGGCAGCTCTGCT,f64ab8ee632cd5eddbde6957f1365af65a67f9068ee36f5bb3863a4c4ad57bcb,0.202218639062405,-0.0533005735050584,0.203055599762015,-388.2411805666052,-391.4702218230814,-403.282078309916,-402.96584215248,-3.5452774139121743,1.0,-0.0533005735050584,0.0,2,0.1700322578132825,0.17490732828716207,0.146091925319964,0.17178429776785775,1.0
chr20:61735344:C:T;chr20:61735419:G:A;var1;middle;OL41|K562|a07b91b1beab7182,chr20:61735344:C:T;chr20:61735419:G:A;var1;middle;OL41,K562,K562_region_01425,100,175,75,TTCAGGGCGGGACCAGGGGCCCCATGGGTGTTTGGAATCCCTGATCTGGGTCAGGCACCGGCAGCAGGATTCCAGCCTGGCCTGGACTCTGGTGTGTCCCGTTTGAAGAAACCCCGCCCTGTGAAAGTTCAAGTTTAGCATCCAATGACCCATTTAAGAGGTTTGCTGAGCCACGTCACAGGAGGGTCTGGGTGCAAACG,631e5620daa86ece370a79d249edf1b8ec55cc6131484cea58abfdd98a3c07aa,0.0,TTCAGGGCGGGACCAGGGGCCCCATGGGTGTTTGGAATCCCTGATCTGGGTCAGGCACCGGCAGCAGGATTCCAGCCTGGCCTGGACTCTGGTGTGTCCTGTTTGAAGAAACCCCGCCCTGTGAAAGTTCAAGTTTAGCATCCAATGACCCATTTAAGAGGTTTGCTGAGCCACGTCACAGGAGGGTCTGGGTGCAAACG,9feb50110053978e5a4c1bf9a4eee96eec61c88e38ab0131675574401beccec4,0.0446064020764414,TTCAGGGCGGGACCAGGGGCCCCATGGGTGTTTGGAATCCCTGATCTGGGTCAGGCACCGGCAGCAGGATTCCAGCCTGGCCTGGACTCTGGTGTGTCCCGTTTGAAGAAACCCCGCCCTGTGAAAGTTCAAGTTTAGCATCCAATGACCCATTTAAGAGGTTTGCTGAGCCACATCACAGGAGGGTCTGGGTGCAAACG,4412c3ab7b18bfad7d9c7cbbcf90f1913fe6bcc01994074c64f77a90c801db10,-0.59654191281607,TTCAGGGCGGGACCAGGGGCCCCATGGGTGTTTGGAATCCCTGATCTGGGTCAGGCACCGGCAGCAGGATTCCAGCCTGGCCTGGACTCTGGTGTGTCCTGTTTGAAGAAACCCCGCCCTGTGAAAGTTCAAGTTTAGCATCCAATGACCCATTTAAGAGGTTTGCTGAGCCACATCACAGGAGGGTCTGGGTGCAAACG,a07b91b1beab7182e8d34d0bd7f006faa9c25ced610bf388246a9556df9d42eb,-0.600207509988327,0.0482719992486982,0.262360338707866,-353.990344257094,-322.73286090698093,-383.9365939218551,-360.8039494920522,8.124838920310196,1.0,0.0482719992486982,0.0,3,0.1978379277536535,0.18106719778262317,0.1474303780702046,0.09639408115698332,1.0
chr20:61738167:G:A;chr20:61738232:C:A;var1;middle;OL41|K562|d92c12ad24f258c1,chr20:61738167:G:A;chr20:61738232:C:A;var1;middle;OL41,K562,K562_region_01426,100,165,65,TATTCTATGCCATAATCTCTTTACATATAAAATAAACCTAATTGTATGTAATCTGTATTTATATATTTTATTTATGTTCCTTCCTCCTTATAGGAGCGAGGCAGGAAGTGAGGCCATGGGAGCAGAGGTCAGCGAGCTGCAGTGTGAGGATGGAGGAGGGGCCACAAGCCAAGGGATGCGGGCGGCTCCAGAGGGTGGGG,9709b286d87fcb1911760a282d2c2f036869cdbec9519963d26a72ab8a80de8b,0.0,TATTCTATGCCATAATCTCTTTACATATAAAATAAACCTAATTGTATGTAATCTGTATTTATATATTTTATTTATGTTCCTTCCTCCTTATAGGAGCGAAGCAGGAAGTGAGGCCATGGGAGCAGAGGTCAGCGAGCTGCAGTGTGAGGATGGAGGAGGGGCCACAAGCCAAGGGATGCGGGCGGCTCCAGAGGGTGGGG,b5be2b8a6eaae984552e5d3bb43bac5d892b4181acdfc9a2fbf28b2de97cb91a,0.0602969527596189,TATTCTATGCCATAATCTCTTTACATATAAAATAAACCTAATTGTATGTAATCTGTATTTATATATTTTATTTATGTTCCTTCCTCCTTATAGGAGCGAGGCAGGAAGTGAGGCCATGGGAGCAGAGGTCAGCGAGCTGCAGTGTGAGGATGGAGGAGGGGCCAAAAGCCAAGGGATGCGGGCGGCTCCAGAGGGTGGGG,cecab08f0605f30e8e086fd4102946478c7ffb6888d18010038b8563e631466f,0.954548339736154,TATTCTATGCCATAATCTCTTTACATATAAAATAAACCTAATTGTATGTAATCTGTATTTATATATTTTATTTATGTTCCTTCCTCCTTATAGGAGCGAAGCAGGAAGTGAGGCCATGGGAGCAGAGGTCAGCGAGCTGCAGTGTGAGGATGGAGGAGGGGCCAAAAGCCAAGGGATGCGGGCGGCTCCAGAGGGTGGGG,d92c12ad24f258c1ef97a77ebcb9313b0de3f5b05872bbfdce68d4c5b78f335f,0.844538318831872,0.1703069736639009,0.274684792008931,-346.4346837357152,-344.3099722464103,-356.17605747887865,-354.861452318728,0.81010632915428,1.0,0.1703069736639009,0.0,2,0.17637404868388185,0.17490732828716207,0.146091925319964,0.3156402841304402,1.0
chr20:61884656:C:T;chr20:61884674:G:T;var1;middle;OL41|K562|5ca00690dbb90a46,chr20:61884656:C:T;chr20:61884674:G:T;var1;middle;OL41,K562,K562_region_01427,100,118,18,AGGAGCCACTCACTGAAAGATACCAACTGTTCCAAGGCCTGGGATGGTCCTTGGGCCCCCAGCCTGTTGCAGGACCTCAGGTTATCTCCGCGGCCCCAGCGAGCCTCCCAGGAAAGCGCCGGAAGCTCCTTCCTTCCTGCAGGAAGGACACGATGCCTCCGCCGTCCCTAGGTCCGCCCGCAAGCCTGTGCCCCTAAGCC,cf9108048c56cfbd663facd7bed3760d079e87727e26cfaf2fe4a0a86602e93c,0.0,AGGAGCCACTCACTGAAAGATACCAACTGTTCCAAGGCCTGGGATGGTCCTTGGGCCCCCAGCCTGTTGCAGGACCTCAGGTTATCTCCGCGGCCCCAGTGAGCCTCCCAGGAAAGCGCCGGAAGCTCCTTCCTTCCTGCAGGAAGGACACGATGCCTCCGCCGTCCCTAGGTCCGCCCGCAAGCCTGTGCCCCTAAGCC,b61ce6e2a0e55954a108744c9b0c56cd15f6a174876eef9e217bb49bc184c6ea,-0.0476489400998607,AGGAGCCACTCACTGAAAGATACCAACTGTTCCAAGGCCTGGGATGGTCCTTGGGCCCCCAGCCTGTTGCAGGACCTCAGGTTATCTCCGCGGCCCCAGCGAGCCTCCCAGGAAAGCTCCGGAAGCTCCTTCCTTCCTGCAGGAAGGACACGATGCCTCCGCCGTCCCTAGGTCCGCCCGCAAGCCTGTGCCCCTAAGCC,78ba67dbd997a4b5e95936a5126a6cf79bece69bb5605da5944ba4146891c181,-1.06146488013026,AGGAGCCACTCACTGAAAGATACCAACTGTTCCAAGGCCTGGGATGGTCCTTGGGCCCCCAGCCTGTTGCAGGACCTCAGGTTATCTCCGCGGCCCCAGTGAGCCTCCCAGGAAAGCTCCGGAAGCTCCTTCCTTCCTGCAGGAAGGACACGATGCCTCCGCCGTCCCTAGGTCCGCCCGCAAGCCTGTGCCCCTAAGCC,5ca00690dbb90a460205bc226594a531e417912f51a5e72e23c973e92813a48a,-1.16516535470164,0.0560515344715193,0.271848639047126,-336.8651869883761,-337.4533994393423,-327.27864891663194,-330.5206550320145,2.6537936644162983,1.0,0.0560515344715193,0.0,0,0.18918455588609476,0.18565657667894103,0.15145376406925343,0.16838086613875317,1.0
chr20:62132661:T:C;chr20:62132711:G:A;var1;middle;OL31|K562|6ace7151879c8432,chr20:62132661:T:C;chr20:62132711:G:A;var1;middle;OL31,K562,K562_region_01428,100,150,50,GTGCACGAGTTGTAACTTAATCCCCAATGCAACAGTGTTGGGGGCTGGCGCTTTCGGGAAGGAGTCTGGGTCATAAAGGGTTTGCCCTTCCGAATGGATTTGTGCCCTATAAACAGGACTCATGGCAGTGGGTTCTCTCTTGCTCTTCCGCCTTCTCCCATGTGAGGACACAGCAAGAAGGCCCTACCAGATGGCAGCAC,97677d929cdb7164eb10afa5a595745df79727e0db6346d3d0244b07de5ff7a2,0.0,GTGCACGAGTTGTAACTTAATCCCCAATGCAACAGTGTTGGGGGCTGGCGCTTTCGGGAAGGAGTCTGGGTCATAAAGGGTTTGCCCTTCCGAATGGATCTGTGCCCTATAAACAGGACTCATGGCAGTGGGTTCTCTCTTGCTCTTCCGCCTTCTCCCATGTGAGGACACAGCAAGAAGGCCCTACCAGATGGCAGCAC,6dc82d2c2dab2fb2638ecb309a95b7e1f1204c37990247334eb6fc89c98f9db4,0.335366984192555,GTGCACGAGTTGTAACTTAATCCCCAATGCAACAGTGTTGGGGGCTGGCGCTTTCGGGAAGGAGTCTGGGTCATAAAGGGTTTGCCCTTCCGAATGGATTTGTGCCCTATAAACAGGACTCATGGCAGTGGGTTCTCTCTTGCTCTTCCACCTTCTCCCATGTGAGGACACAGCAAGAAGGCCCTACCAGATGGCAGCAC,5af4abaddb22c142140851c09dd5dca560d1502b5c15ce59b94b25c86f9d4e4c,-0.317479267681524,GTGCACGAGTTGTAACTTAATCCCCAATGCAACAGTGTTGGGGGCTGGCGCTTTCGGGAAGGAGTCTGGGTCATAAAGGGTTTGCCCTTCCGAATGGATCTGTGCCCTATAAACAGGACTCATGGCAGTGGGTTCTCTCTTGCTCTTCCACCTTCTCCCATGTGAGGACACAGCAAGAAGGCCCTACCAGATGGCAGCAC,6ace7151879c8432aa9f2da3c9a99e50a51a3aba4ef320b0030e1410015c84df,-0.0737559741849888,-0.0916436906960198,0.159231070974061,-415.12271253112704,-395.0468824380077,-408.7888695640722,-388.7902601016685,-0.07722063071565799,-1.0,0.0916436906960198,0.0,1,0.18228659232452216,0.18216460459877223,0.1501433469024087,0.22066646076053004,1.0
chr20:62153828:A:G;chr20:62153855:C:G;var1;middle;OL41|K562|15db0ef3980019f1,chr20:62153828:A:G;chr20:62153855:C:G;var1;middle;OL41,K562,K562_region_01429,100,127,27,GCTGGACAAGCAGGACCCAGGGCAGCCACTGAGGTGGGCCCCCGTGCCACCTTTAGCGGGGGGAAAGGGAGCAGGGAGGGCTGGTCCTCTGAGGGATTCAGGCCCCTTACCCGAGGGCCTGCGGGGCGGGGAGTAGCCTCTGGCTGTGAGCTGGGAAGCCCTCACTCTGGAGGGACCTGGTTCCTGCTGGTAGGTGTCTC,fe1b9efbaab881fd429a9e4df1a33a17b050f031db2ea9490090085bbef05cfd,0.0,GCTGGACAAGCAGGACCCAGGGCAGCCACTGAGGTGGGCCCCCGTGCCACCTTTAGCGGGGGGAAAGGGAGCAGGGAGGGCTGGTCCTCTGAGGGATTCGGGCCCCTTACCCGAGGGCCTGCGGGGCGGGGAGTAGCCTCTGGCTGTGAGCTGGGAAGCCCTCACTCTGGAGGGACCTGGTTCCTGCTGGTAGGTGTCTC,7b5af4aa94e8445a0c85625021e568addb7f14ce38713330860eb86c02e24c63,0.296334130141709,GCTGGACAAGCAGGACCCAGGGCAGCCACTGAGGTGGGCCCCCGTGCCACCTTTAGCGGGGGGAAAGGGAGCAGGGAGGGCTGGTCCTCTGAGGGATTCAGGCCCCTTACCCGAGGGCCTGCGGGGGGGGGAGTAGCCTCTGGCTGTGAGCTGGGAAGCCCTCACTCTGGAGGGACCTGGTTCCTGCTGGTAGGTGTCTC,4cc337f4c02725fb98ff4fbac7723600be4bd39c8ad5148e9d663a233b7d2d9f,-0.289068028666929,GCTGGACAAGCAGGACCCAGGGCAGCCACTGAGGTGGGCCCCCGTGCCACCTTTAGCGGGGGGAAAGGGAGCAGGGAGGGCTGGTCCTCTGAGGGATTCGGGCCCCTTACCCGAGGGCCTGCGGGGGGGGGAGTAGCCTCTGGCTGTGAGCTGGGAAGCCCTCACTCTGGAGGGACCTGGTTCCTGCTGGTAGGTGTCTC,15db0ef3980019f1f0aaa33b9529de8ce2dfa43e41a68265e1775c3e6237b7ac,0.0788717084989742,0.0716056070241941,0.314117621355963,-329.8179923980497,-325.716505962424,-335.3834321623435,-331.3001882316312,-0.01824250491335988,-1.0,-0.0716056070241941,0.0,4,0.17617671631056164,0.17620727786206916,0.145609630836647,0.23420820110689977,1.0
chr20:62157198:G:A;chr20:62157200:G:A;var1;middle;OL28|K562|af048bd3c7d61e98,chr20:62157198:G:A;chr20:62157200:G:A;var1;middle;OL28,K562,K562_region_01430,100,102,2,CGGGCATGGTGGCGGGTGCCTGTAGTCCCAGCTATGCGGGAGGCTGAGGCAGAAGAATGGCATGAACCCGGGAGACGGAGCTTGCAGTGAGCCGAGATCGCGCCACTGCACTCCAGCCTGGGCGACAGAGCAAGACTCCGTCTCAGGAAAAAAAAAAAAAAAAGTTCCAGTAAAGCAAATTTTAAAAGAGCCCACGTGTC,2e3a3194938cafce0e2ce15fe63a1319793c5648a7d7974ce0b5632e42a7b92d,0.0,CGGGCATGGTGGCGGGTGCCTGTAGTCCCAGCTATGCGGGAGGCTGAGGCAGAAGAATGGCATGAACCCGGGAGACGGAGCTTGCAGTGAGCCGAGATCACGCCACTGCACTCCAGCCTGGGCGACAGAGCAAGACTCCGTCTCAGGAAAAAAAAAAAAAAAAGTTCCAGTAAAGCAAATTTTAAAAGAGCCCACGTGTC,65915f2a098dc31d418a09edc4b134b5fb311519d819d3b24a13842c0725bfbd,0.0074617772005244,CGGGCATGGTGGCGGGTGCCTGTAGTCCCAGCTATGCGGGAGGCTGAGGCAGAAGAATGGCATGAACCCGGGAGACGGAGCTTGCAGTGAGCCGAGATCGCACCACTGCACTCCAGCCTGGGCGACAGAGCAAGACTCCGTCTCAGGAAAAAAAAAAAAAAAAGTTCCAGTAAAGCAAATTTTAAAAGAGCCCACGTGTC,d4beb350a2e8d49013b393f75d2e81c957df069361dedcaa0a9b61f0f2e21506,-0.226433262567336,CGGGCATGGTGGCGGGTGCCTGTAGTCCCAGCTATGCGGGAGGCTGAGGCAGAAGAATGGCATGAACCCGGGAGACGGAGCTTGCAGTGAGCCGAGATCACACCACTGCACTCCAGCCTGGGCGACAGAGCAAGACTCCGTCTCAGGAAAAAAAAAAAAAAAAGTTCCAGTAAAGCAAATTTTAAAAGAGCCCACGTGTC,af048bd3c7d61e983928b637515dcba36d99a8f3e209d85875c1b90683d59b2d,-0.0091569686207603,0.2098145167460513,0.375772343048189,-86.90148719539866,-88.40228840103373,-88.88343603629619,-89.36989566404372,1.014341577887535,-1.0,-0.2098145167460513,0.0,0,0.18707886263839904,0.18565657667894103,0.15145376406925343,0.7378335235942036,1.0
chr20:62347189:G:T;chr20:62347191:G:T;var1;middle;OL32|K562|5146b19aa6691d3b,chr20:62347189:G:T;chr20:62347191:G:T;var1;middle;OL32,K562,K562_region_01431,100,102,2,TTTATATTATGGGAAGAGGTAAAAAGGGATTGGTGTTAATTCTTCTTCAAATGTTTGATAGAATTCAACAGTGAAGTGATATATACAATCATATATAGAGAGAGAGAGAGAGAGAGAGAGATGGACTTTTCTTTTGTTGGAAGTTTATTGACTATTGATTCAATTTCCTTATTGAAATTGACTTTTCTTTTTGGAAGCTA,e93aadb4c581a7b8787651b14ada876058bd406df270d348638464fd70d1faeb,0.0,TTTATATTATGGGAAGAGGTAAAAAGGGATTGGTGTTAATTCTTCTTCAAATGTTTGATAGAATTCAACAGTGAAGTGATATATACAATCATATATAGATAGAGAGAGAGAGAGAGAGAGATGGACTTTTCTTTTGTTGGAAGTTTATTGACTATTGATTCAATTTCCTTATTGAAATTGACTTTTCTTTTTGGAAGCTA,f9c540f669e3090af4221a34bdd353b53f8067d5931b180af03e1125d8e0290d,0.104290423430422,TTTATATTATGGGAAGAGGTAAAAAGGGATTGGTGTTAATTCTTCTTCAAATGTTTGATAGAATTCAACAGTGAAGTGATATATACAATCATATATAGAGATAGAGAGAGAGAGAGAGAGATGGACTTTTCTTTTGTTGGAAGTTTATTGACTATTGATTCAATTTCCTTATTGAAATTGACTTTTCTTTTTGGAAGCTA,4da35153b379c4b1504457d42c2c2d5286cb33ea03eb42e2772b80864b3bf0ae,0.0423281539349769,TTTATATTATGGGAAGAGGTAAAAAGGGATTGGTGTTAATTCTTCTTCAAATGTTTGATAGAATTCAACAGTGAAGTGATATATACAATCATATATAGATATAGAGAGAGAGAGAGAGAGATGGACTTTTCTTTTGTTGGAAGTTTATTGACTATTGATTCAATTTCCTTATTGAAATTGACTTTTCTTTTTGGAAGCTA,5146b19aa6691d3b3a6138d52adfa0ca6dadc4f631f6f8559a369b8a76073cd6,0.0005229412297462,0.1460956361356527,0.292223148248293,-277.8288648070302,-277.91873623861466,-279.4248704185011,-285.6858240847941,6.1710822347085355,1.0,0.1460956361356527,0.0,0,0.19370212053682098,0.18565657667894103,0.15145376406925343,0.010185869175956819,1.0
chr20:62493978:G:A;chr20:62494027:G:C;var1;middle;OL41|K562|012f18e9e88f0e68,chr20:62493978:G:A;chr20:62494027:G:C;var1;middle;OL41,K562,K562_region_01432,100,149,49,GCCGCCTGCGCCCCCTGTCACCTGGTGACGTGGAGGGCAACCGGGGCAATGAGCTGCTGCTGCGCCTGCTGGAGCACCGCTACCCCGTCGTGATGGCGCGAGAGGGCCGCGCCGTCGTCACCCGCTGGCTGCGCGCTGGCAGCTTGGCGCAGGAGGCCGCCTTCTATGCACGCTACCGCGTGGACGAGGACTGGTGCCTG,4094e443cfdd76515b8270147fb8fadebfb79596f59afc737e75bd8c7707ac89,0.0,GCCGCCTGCGCCCCCTGTCACCTGGTGACGTGGAGGGCAACCGGGGCAATGAGCTGCTGCTGCGCCTGCTGGAGCACCGCTACCCCGTCGTGATGGCGCAAGAGGGCCGCGCCGTCGTCACCCGCTGGCTGCGCGCTGGCAGCTTGGCGCAGGAGGCCGCCTTCTATGCACGCTACCGCGTGGACGAGGACTGGTGCCTG,62fd357f7ff3b62c885b2b4a3d3ce4035b0d866f3dad3367cadfc686c756eeec,0.544278048949449,GCCGCCTGCGCCCCCTGTCACCTGGTGACGTGGAGGGCAACCGGGGCAATGAGCTGCTGCTGCGCCTGCTGGAGCACCGCTACCCCGTCGTGATGGCGCGAGAGGGCCGCGCCGTCGTCACCCGCTGGCTGCGCGCTGGCAGCTTGGCCCAGGAGGCCGCCTTCTATGCACGCTACCGCGTGGACGAGGACTGGTGCCTG,f8e69b279f181cd31ef7fd3d67b91506b4aca712b1db75f020b2f815ce7dfaa6,0.197122011464492,GCCGCCTGCGCCCCCTGTCACCTGGTGACGTGGAGGGCAACCGGGGCAATGAGCTGCTGCTGCGCCTGCTGGAGCACCGCTACCCCGTCGTGATGGCGCAAGAGGGCCGCGCCGTCGTCACCCGCTGGCTGCGCGCTGGCAGCTTGGCCCAGGAGGCCGCCTTCTATGCACGCTACCGCGTGGACGAGGACTGGTGCCTG,012f18e9e88f0e68c85d69937dddbd4be210f0c9bd7780420e98582bd5047b65,0.737022278790168,0.004377781623773,0.464583544601135,-324.9237244587857,-327.2092671339633,-317.72341735777445,-322.0040866851341,1.9951266521820799,1.0,0.004377781623773,0.0,2,0.17809953408525803,0.17490732828716207,0.146091925319964,-0.018363224461585698,1.0
chr20:62599442:C:T;chr20:62599471:G:C;var1;middle;OL41|K562|40c7db9e3edfe972,chr20:62599442:C:T;chr20:62599471:G:C;var1;middle;OL41,K562,K562_region_01433,100,129,29,CCCCACTTGGAACACGTGGTGAGGCTGCCCTGGAGCCCTGCCCTTGGCAGGTCCTCTCTGGTCAGGGAAGAGGGGCCTGCCTTCCTGTGGTTTTGTTCACGTGGGAAAAGCAAGTGATGGGGGCTTCTGACTTAGGGGAGGGGCTGCCAGCCAAGGTCTCCCCAGATAACCCAGGAGTCATCATCAGTTTGATAGGATCT,fffe1b523977e3373ab3aff64064bf31d43ea7a46ba6945a082fb2addb7cb17c,0.0,CCCCACTTGGAACACGTGGTGAGGCTGCCCTGGAGCCCTGCCCTTGGCAGGTCCTCTCTGGTCAGGGAAGAGGGGCCTGCCTTCCTGTGGTTTTGTTCATGTGGGAAAAGCAAGTGATGGGGGCTTCTGACTTAGGGGAGGGGCTGCCAGCCAAGGTCTCCCCAGATAACCCAGGAGTCATCATCAGTTTGATAGGATCT,87d80b013a3353093914fa9ce45f5442d40ec8722592df327da038e11c68e7ab,-0.0274570847634188,CCCCACTTGGAACACGTGGTGAGGCTGCCCTGGAGCCCTGCCCTTGGCAGGTCCTCTCTGGTCAGGGAAGAGGGGCCTGCCTTCCTGTGGTTTTGTTCACGTGGGAAAAGCAAGTGATGGGGGCTTCTCACTTAGGGGAGGGGCTGCCAGCCAAGGTCTCCCCAGATAACCCAGGAGTCATCATCAGTTTGATAGGATCT,fc865263cf9c7ed30ec118498fdd6852aae0c9c8b45f41f891ab87975832e369,-0.080806586181355,CCCCACTTGGAACACGTGGTGAGGCTGCCCTGGAGCCCTGCCCTTGGCAGGTCCTCTCTGGTCAGGGAAGAGGGGCCTGCCTTCCTGTGGTTTTGTTCATGTGGGAAAAGCAAGTGATGGGGGCTTCTCACTTAGGGGAGGGGCTGCCAGCCAAGGTCTCCCCAGATAACCCAGGAGTCATCATCAGTTTGATAGGATCT,40c7db9e3edfe972a31d341f0c0c45c735713df5d66f5b6e05bd4090d3b89db5,0.169401414311934,0.2776650852567078,0.191203072290109,-274.4111478375271,-285.24147376418114,-272.852634225972,-270.67480420600623,13.008155946619809,-1.0,-0.2776650852567078,0.0,3,0.20767383366892334,0.18106719778262317,0.1474303780702046,0.08569753827995101,1.0
chr20:62695878:C:A;chr20:62695931:G:A;var1;middle;OL41|K562|c3eb4e7810558342,chr20:62695878:C:A;chr20:62695931:G:A;var1;middle;OL41,K562,K562_region_01434,100,153,53,ATGCTGCCTGCCTCCTGGGGGGTGGGGAGGGGTCTGGCCGCAGGTCATTTGGAGCTCCTGGCTGGCTCAATAAACGTGACCTGTGCTTTCCCACCCAGACTGTGAACTCCTGGGGCAGGGCCAGCTGTGTGTCTGCCAGGCCAGCCCAGGGCGGTGAAGGTGGCTGAGTCATGGGCTTTGGGTGATTTGTGCAGCCACCC,9493c816ca651eda72cbfa67cb9338082f900e7d5fc63a3fbf9ebc483468eaaa,0.0,ATGCTGCCTGCCTCCTGGGGGGTGGGGAGGGGTCTGGCCGCAGGTCATTTGGAGCTCCTGGCTGGCTCAATAAACGTGACCTGTGCTTTCCCACCCAGAATGTGAACTCCTGGGGCAGGGCCAGCTGTGTGTCTGCCAGGCCAGCCCAGGGCGGTGAAGGTGGCTGAGTCATGGGCTTTGGGTGATTTGTGCAGCCACCC,23f6df779958dba5e3d9024828a40d329332942ad70770904e8f26d7b7340f9b,-0.0976961588613463,ATGCTGCCTGCCTCCTGGGGGGTGGGGAGGGGTCTGGCCGCAGGTCATTTGGAGCTCCTGGCTGGCTCAATAAACGTGACCTGTGCTTTCCCACCCAGACTGTGAACTCCTGGGGCAGGGCCAGCTGTGTGTCTGCCAGGCCAGCCCAGGGCAGTGAAGGTGGCTGAGTCATGGGCTTTGGGTGATTTGTGCAGCCACCC,e5d77ba058d6bc3f4db02ff74d1e3226a68c350ef9dc17bde821cf2a78938c91,-0.757259599382983,ATGCTGCCTGCCTCCTGGGGGGTGGGGAGGGGTCTGGCCGCAGGTCATTTGGAGCTCCTGGCTGGCTCAATAAACGTGACCTGTGCTTTCCCACCCAGAATGTGAACTCCTGGGGCAGGGCCAGCTGTGTGTCTGCCAGGCCAGCCCAGGGCAGTGAAGGTGGCTGAGTCATGGGCTTTGGGTGATTTGTGCAGCCACCC,c3eb4e78105583429f6f5be5f3c8fa7ecbddb9a504d145fbf9baf6592dc65e58,-0.24846233941337,0.6064934188309593,0.525028428032351,-203.86715994775287,-207.90513632446527,-199.8371880427003,-203.63222083449364,0.2429435849190611,-1.0,-0.6064934188309593,0.0,4,0.17650043330645454,0.17620727786206916,0.145609630836647,0.030146662816542685,1.0
chr20:6752176:T:A;chr20:6752183:C:T;var1;middle;OL29|K562|d0c108d84025a9c9,chr20:6752176:T:A;chr20:6752183:C:T;var1;middle;OL29,K562,K562_region_01376,100,107,7,GAAAAGAGTACAAAAGTGTATATCACAGAGCAACCACTTGGCAGATATTTGGGGAGTTGGGAGTGAAGTTCTCTTTCTTGCCTTTCCCTGCTTAGGTGGTAAATTTCAAGTGGGAAATTTACACTGATAATAGACTAATGGGAAATGGCACTTCCAGATGTTTTCTCCCAGTGTGAAGGGTGACTTATACTTGTGAGAGT,56e4ee3bbe2aa20f03ea20447b1acf33b8246768c05f8ad5c2eb2d7f9d422785,0.0,GAAAAGAGTACAAAAGTGTATATCACAGAGCAACCACTTGGCAGATATTTGGGGAGTTGGGAGTGAAGTTCTCTTTCTTGCCTTTCCCTGCTTAGGTGGAAAATTTCAAGTGGGAAATTTACACTGATAATAGACTAATGGGAAATGGCACTTCCAGATGTTTTCTCCCAGTGTGAAGGGTGACTTATACTTGTGAGAGT,0b4084c5f1579807be9929f7c1b336e0a15b87fbb617c7f7bdbbfba9de1f5bb8,-0.0889013807652861,GAAAAGAGTACAAAAGTGTATATCACAGAGCAACCACTTGGCAGATATTTGGGGAGTTGGGAGTGAAGTTCTCTTTCTTGCCTTTCCCTGCTTAGGTGGTAAATTTTAAGTGGGAAATTTACACTGATAATAGACTAATGGGAAATGGCACTTCCAGATGTTTTCTCCCAGTGTGAAGGGTGACTTATACTTGTGAGAGT,7e40c2d47c8c3279300291e39310295cd23f8688548b6be9a3b51a25e454402a,-0.0350844848366688,GAAAAGAGTACAAAAGTGTATATCACAGAGCAACCACTTGGCAGATATTTGGGGAGTTGGGAGTGAAGTTCTCTTTCTTGCCTTTCCCTGCTTAGGTGGAAAATTTTAAGTGGGAAATTTACACTGATAATAGACTAATGGGAAATGGCACTTCCAGATGTTTTCTCCCAGTGTGAAGGGTGACTTATACTTGTGAGAGT,d0c108d84025a9c9f9c18652a1621b6d075315ee1868ca6669abee72e2a9417b,-0.109288982505806,-0.0146968830961489,0.122291185569208,-369.0761336321011,-371.4425026383251,-367.16647264314815,-366.1842885459773,-3.3485531033948064,1.0,-0.0146968830961489,0.0,0,0.18147521130496153,0.18565657667894103,0.15145376406925343,0.04766947691507786,1.0
chr21:10205589:G:A;chr21:10205629:A:G;var1;middle;OL41|K562|2d7ecf8a6dbffd22,chr21:10205589:G:A;chr21:10205629:A:G;var1;middle;OL41,K562,K562_region_01435,100,140,40,ATGGTCCTTCACGCAGAGCTACTCACAGACACTGCTGTGTGTCTCTAACTGCTCCACAACACAGAGGCGATGGGGACTCAGCAACAGTGACATTCTGGGGTGACACAACCCACCACCATGGGAGTCTGCTTGGGTCAACAGGGCCCAGAGTCCGTGTCCTCTATCCCCTGAACTGACATGTGTGTATGCAATGTATTTGT,7f443bbddb09a33c164a0bd3cef16c06d3bdda7ed2d6c11e81e1fe8d98aa3b51,0.0,ATGGTCCTTCACGCAGAGCTACTCACAGACACTGCTGTGTGTCTCTAACTGCTCCACAACACAGAGGCGATGGGGACTCAGCAACAGTGACATTCTGGGATGACACAACCCACCACCATGGGAGTCTGCTTGGGTCAACAGGGCCCAGAGTCCGTGTCCTCTATCCCCTGAACTGACATGTGTGTATGCAATGTATTTGT,f981ee897d24c66ee375afb025e24fd2d185f081ba0a893203b7a6c60874a7bb,0.186206936381453,ATGGTCCTTCACGCAGAGCTACTCACAGACACTGCTGTGTGTCTCTAACTGCTCCACAACACAGAGGCGATGGGGACTCAGCAACAGTGACATTCTGGGGTGACACAACCCACCACCATGGGAGTCTGCTTGGGTCAACGGGGCCCAGAGTCCGTGTCCTCTATCCCCTGAACTGACATGTGTGTATGCAATGTATTTGT,767fdda6b4a44894cbbe3b249502f07d2bb6a2c866eb55fb9eeff4ed7265371d,-0.0129123079198662,ATGGTCCTTCACGCAGAGCTACTCACAGACACTGCTGTGTGTCTCTAACTGCTCCACAACACAGAGGCGATGGGGACTCAGCAACAGTGACATTCTGGGATGACACAACCCACCACCATGGGAGTCTGCTTGGGTCAACGGGGCCCAGAGTCCGTGTCCTCTATCCCCTGAACTGACATGTGTGTATGCAATGTATTTGT,2d7ecf8a6dbffd229e06c95da325e3ef5017ec607a454a399b0aa3a5d6c3f28c,-0.0736724009151287,0.2469670293767155,0.241046083206939,-254.4007675871253,-300.2790107866749,-327.5040338155813,-355.1483358871192,-18.233941128011793,1.0,0.2469670293767155,0.0,4,0.15359997326829833,0.17620727786206916,0.145609630836647,0.14120803233862422,1.0
chr21:15352877:T:C;chr21:15352881:G:C;var1;middle;OL41|K562|3c6af06893abce43,chr21:15352877:T:C;chr21:15352881:G:C;var1;middle;OL41,K562,K562_region_01436,100,104,4,ACCCCCTGATAGCGCCCCTAACCCGCCGCCAGCTATTGGACCCGGGATGGCGCCCCTAACACCCTCCCCTCGCCGCTGCAGTGTAGAAACCCAATAGCGTCCCGAACCCGTCCCCGCCTCAGACGTTGCAGCACCAGATAACTCCCCCAACCTGCCCCCTGCCGTGGGCCATGCAGCCACGGATTGGACCCCCAACCAAC,934de8fcd110abb613a7caa436c9699386cd1f0a0f1eb72d751b69e9a01073ad,0.0,ACCCCCTGATAGCGCCCCTAACCCGCCGCCAGCTATTGGACCCGGGATGGCGCCCCTAACACCCTCCCCTCGCCGCTGCAGTGTAGAAACCCAATAGCGCCCCGAACCCGTCCCCGCCTCAGACGTTGCAGCACCAGATAACTCCCCCAACCTGCCCCCTGCCGTGGGCCATGCAGCCACGGATTGGACCCCCAACCAAC,06f4780b138a5d5e85470978b16e4701cf028b3c79cf9412aded0d51e83ef1ca,-0.0730555985565321,ACCCCCTGATAGCGCCCCTAACCCGCCGCCAGCTATTGGACCCGGGATGGCGCCCCTAACACCCTCCCCTCGCCGCTGCAGTGTAGAAACCCAATAGCGTCCCCAACCCGTCCCCGCCTCAGACGTTGCAGCACCAGATAACTCCCCCAACCTGCCCCCTGCCGTGGGCCATGCAGCCACGGATTGGACCCCCAACCAAC,c8f1ee0b1720152ff705345f7539280562af0aadd786b4771ecbb926a5611c6c,0.222053778994301,ACCCCCTGATAGCGCCCCTAACCCGCCGCCAGCTATTGGACCCGGGATGGCGCCCCTAACACCCTCCCCTCGCCGCTGCAGTGTAGAAACCCAATAGCGCCCCCAACCCGTCCCCGCCTCAGACGTTGCAGCACCAGATAACTCCCCCAACCTGCCCCCTGCCGTGGGCCATGCAGCCACGGATTGGACCCCCAACCAAC,3c6af06893abce439c55c06a2bba29427c68264378c9cdfcb98bc6db7766cda5,0.229060742175634,0.080062561737865,0.387463519118372,-258.9456689655781,-254.1946226656437,-255.64407101273537,-248.70738080143929,2.1856439113616943,-1.0,-0.080062561737865,0.0,2,0.17837694261829035,0.17490732828716207,0.146091925319964,0.27214114588559685,1.0
chr21:17592516:A:G;chr21:17592547:T:A;var1;middle;OL30|K562|815c23ccef2c83f4,chr21:17592516:A:G;chr21:17592547:T:A;var1;middle;OL30,K562,K562_region_01437,100,131,31,TGTGTGTGTGTTTTCTTTCTTTCTTTCTTTTTTTTTTTTTTTTTGACAGTTTCACTGTGTTACCCAAGCTGGAGTGCAATGGCACAATCTCAGCTCACTACAAGCTCCACCTCCCAGGTTCAAGCAATTCTCCTGCCTCAGCCTCCAGAGTAGCTGGGATTACAGGTACATGCCACCATGCCTGGCTAATTTTTGTATTT,dff5e6b62451d8145d57a997096469622103d5093fe1835219bb261bbbc19b89,0.0,TGTGTGTGTGTTTTCTTTCTTTCTTTCTTTTTTTTTTTTTTTTTGACAGTTTCACTGTGTTACCCAAGCTGGAGTGCAATGGCACAATCTCAGCTCACTGCAAGCTCCACCTCCCAGGTTCAAGCAATTCTCCTGCCTCAGCCTCCAGAGTAGCTGGGATTACAGGTACATGCCACCATGCCTGGCTAATTTTTGTATTT,ac076a47f408d85a31c69a0fcf61244e8c1ef84ea29286ffc3506a747a3170af,-0.0745607712779247,TGTGTGTGTGTTTTCTTTCTTTCTTTCTTTTTTTTTTTTTTTTTGACAGTTTCACTGTGTTACCCAAGCTGGAGTGCAATGGCACAATCTCAGCTCACTACAAGCTCCACCTCCCAGGTTCAAGCAATTCACCTGCCTCAGCCTCCAGAGTAGCTGGGATTACAGGTACATGCCACCATGCCTGGCTAATTTTTGTATTT,4883cdd0380b02aa58fba0dcab9226708afcf9c47a5f0a8c407ffc12572a1ad3,-0.186347182870417,TGTGTGTGTGTTTTCTTTCTTTCTTTCTTTTTTTTTTTTTTTTTGACAGTTTCACTGTGTTACCCAAGCTGGAGTGCAATGGCACAATCTCAGCTCACTGCAAGCTCCACCTCCCAGGTTCAAGCAATTCACCTGCCTCAGCCTCCAGAGTAGCTGGGATTACAGGTACATGCCACCATGCCTGGCTAATTTTTGTATTT,815c23ccef2c83f4aa1f82df0babbcd5e7c62e7cd49fb4739dafb13b159f5a5f,-0.422272072979678,0.1613641188313363,0.253013809264044,-52.72561975615099,-49.21492396388203,-57.497372278012335,-53.985245309304446,-0.0014311764389276505,1.0,0.1613641188313363,0.0,3,0.18147011307296326,0.18106719778262317,0.1474303780702046,0.23713362006126204,1.0
chr21:35349285:T:C;chr21:35349371:T:C;var1;middle;OL27|K562|3e1e3717c3ca4481,chr21:35349285:T:C;chr21:35349371:T:C;var1;middle;OL27,K562,K562_region_01438,100,186,86,CCTATTCCCTCCCCTCCCCATTGCATTTGGGTTTGACATGACATGAATCATTGTGGTTTTACTCCTGGGTAGAATTGTTTTTCTGTATTGCATTGCCAATTGATGGAAGGACAAAAAAAGGAAACTTACCAATGAGCAGTTTCAGATGAACTTAAATTCTCAGAAATCTTGAAGAATGAATGAACTATAACTTTCTGAAG,c04f7baec8296fc01c3bb51417df142b8047c3f4cb15b8c7eab3b71c75c3a879,0.0,CCTATTCCCTCCCCTCCCCATTGCATTTGGGTTTGACATGACATGAATCATTGTGGTTTTACTCCTGGGTAGAATTGTTTTTCTGTATTGCATTGCCAACTGATGGAAGGACAAAAAAAGGAAACTTACCAATGAGCAGTTTCAGATGAACTTAAATTCTCAGAAATCTTGAAGAATGAATGAACTATAACTTTCTGAAG,843195c123e671ca1a0a583335337b97f9c758e773261a79610f0ca5352a293b,0.481626854234744,CCTATTCCCTCCCCTCCCCATTGCATTTGGGTTTGACATGACATGAATCATTGTGGTTTTACTCCTGGGTAGAATTGTTTTTCTGTATTGCATTGCCAATTGATGGAAGGACAAAAAAAGGAAACTTACCAATGAGCAGTTTCAGATGAACTTAAATTCTCAGAAATCTTGAAGAATGAATGAACCATAACTTTCTGAAG,b8657adc4786799cc699273273771817bc0c0cbb26648fbac01ef0301651083a,0.209822865232963,CCTATTCCCTCCCCTCCCCATTGCATTTGGGTTTGACATGACATGAATCATTGTGGTTTTACTCCTGGGTAGAATTGTTTTTCTGTATTGCATTGCCAACTGATGGAAGGACAAAAAAAGGAAACTTACCAATGAGCAGTTTCAGATGAACTTAAATTCTCAGAAATCTTGAAGAATGAATGAACCATAACTTTCTGAAG,3e1e3717c3ca4481e8eebc175158dac1c064a1fa5ac3ced458291c5a0ec71edd,0.626326425386749,0.0651232940809579,0.161970276189871,-294.7474530530162,-298.5746608879417,-293.9814762668684,-297.1460467018187,-0.6626373999752104,1.0,0.0651232940809579,0.0,4,0.1753780459842361,0.17620727786206916,0.145609630836647,0.14615022733993854,1.0
chr21:35357025:T:C;chr21:35357034:A:G;var1;middle;OL28|K562|5705a10c24f42f12,chr21:35357025:T:C;chr21:35357034:A:G;var1;middle;OL28,K562,K562_region_01439,100,109,9,TAAATAGTAGGAGGGGCAGTGTCATCTGTTTTTACCTTTTCTTTTCTTCTTCTTCTCTTCTTCTTTTTTTTTAATGTAGTCTGGTCTTTCCAACTTTGTTTTCAGCCAATGCAGAAGATGTCTATTTGTGCTGCACGGCCCAGAAGGGAACTGCCAGTTCAGAAAATGTCAGGTCAACTTGATGCTCCCGGTTGACATTT,902884dfd9bd3744df92335007226a67c9a2d2702afc330a85fbef4db419779e,0.0,TAAATAGTAGGAGGGGCAGTGTCATCTGTTTTTACCTTTTCTTTTCTTCTTCTTCTCTTCTTCTTTTTTTTTAATGTAGTCTGGTCTTTCCAACTTTGTCTTCAGCCAATGCAGAAGATGTCTATTTGTGCTGCACGGCCCAGAAGGGAACTGCCAGTTCAGAAAATGTCAGGTCAACTTGATGCTCCCGGTTGACATTT,833bf2a1ae333dee9a3eb03d5bed088dcef8dc583dee1b2042e66e670fdfecc0,-0.657255562622895,TAAATAGTAGGAGGGGCAGTGTCATCTGTTTTTACCTTTTCTTTTCTTCTTCTTCTCTTCTTCTTTTTTTTTAATGTAGTCTGGTCTTTCCAACTTTGTTTTCAGCCAGTGCAGAAGATGTCTATTTGTGCTGCACGGCCCAGAAGGGAACTGCCAGTTCAGAAAATGTCAGGTCAACTTGATGCTCCCGGTTGACATTT,ed08cd6562fea1a0dbe785b34b833ca473866ef4bd1a1e9abade6e144ff68068,-0.600795372781661,TAAATAGTAGGAGGGGCAGTGTCATCTGTTTTTACCTTTTCTTTTCTTCTTCTTCTCTTCTTCTTTTTTTTTAATGTAGTCTGGTCTTTCCAACTTTGTCTTCAGCCAGTGCAGAAGATGTCTATTTGTGCTGCACGGCCCAGAAGGGAACTGCCAGTTCAGAAAATGTCAGGTCAACTTGATGCTCCCGGTTGACATTT,5705a10c24f42f120295847f00428f1f18c49320ab1b293d87d64b498b85612d,-0.910788603632556,-0.3472623317719999,0.147946012200828,-251.4225303120911,-273.18330726306885,-242.9970390722156,-259.5572961140424,-5.2005199091508985,1.0,-0.3472623317719999,0.0,2,0.16762209091084962,0.17490732828716207,0.146091925319964,0.18052945047532187,1.0
chr21:36062937:T:C;chr21:36062986:A:G;var1;middle;OL41|K562|8645366d517c1d3b,chr21:36062937:T:C;chr21:36062986:A:G;var1;middle;OL41,K562,K562_region_01440,100,149,49,ATGCCAGCCTCTCCTTTGTGTGGTGTAGGTGTGTTTGTTCATCTGCAGGTGGCAGATGAAGTGACTCATTACCCTGACACTGGGTTGCTGTGTTCGCCATATGATTCGCAGCCAGTTAGGGACATTGGTTTCCTGGTCACTGAGCACAACTGCCCCCTTTGAAAACAGGAGCCTTTGAATATCTGCTCCTCAACTGCTTT,e3bb5f6dbfbb844f11c2b25179300f749d1f072f28326fb6308086e4baebbeee,0.0,ATGCCAGCCTCTCCTTTGTGTGGTGTAGGTGTGTTTGTTCATCTGCAGGTGGCAGATGAAGTGACTCATTACCCTGACACTGGGTTGCTGTGTTCGCCACATGATTCGCAGCCAGTTAGGGACATTGGTTTCCTGGTCACTGAGCACAACTGCCCCCTTTGAAAACAGGAGCCTTTGAATATCTGCTCCTCAACTGCTTT,68a75fd999d0703698e84f7abb97ca8ebd59d4938330aa8d5e8da937716d04d6,0.161477230012715,ATGCCAGCCTCTCCTTTGTGTGGTGTAGGTGTGTTTGTTCATCTGCAGGTGGCAGATGAAGTGACTCATTACCCTGACACTGGGTTGCTGTGTTCGCCATATGATTCGCAGCCAGTTAGGGACATTGGTTTCCTGGTCACTGAGCACAGCTGCCCCCTTTGAAAACAGGAGCCTTTGAATATCTGCTCCTCAACTGCTTT,189d446cce35f84f667d27ff72a8458280c6fb619e443dad9a22582b02eadef4,-0.0581837776692177,ATGCCAGCCTCTCCTTTGTGTGGTGTAGGTGTGTTTGTTCATCTGCAGGTGGCAGATGAAGTGACTCATTACCCTGACACTGGGTTGCTGTGTTCGCCACATGATTCGCAGCCAGTTAGGGACATTGGTTTCCTGGTCACTGAGCACAGCTGCCCCCTTTGAAAACAGGAGCCTTTGAATATCTGCTCCTCAACTGCTTT,8645366d517c1d3bd7a8dc1e216b8ad8487d7ba168c3c2732d42c60d98c8e6b1,0.207896139468093,0.1046026871245957,0.236502022103616,-278.60599543340504,-275.61800116300583,-276.00420696567744,-270.03819788154215,2.978014813736081,-1.0,-0.1046026871245957,0.0,1,0.18539511067651188,0.18216460459877223,0.1501433469024087,0.21711271746430763,1.0
chr21:36386727:C:T;chr21:36386766:C:T;var1;middle;OL27|K562|67630a42afbae5de,chr21:36386727:C:T;chr21:36386766:C:T;var1;middle;OL27,K562,K562_region_01441,100,139,39,AATGAAACATCCTGCCTAGGTGTATAGTTGTTCAGGTGAGGAGTAGTGGCATAGACACACTTGATTAGGAATCTGGTGACTTTCCTTCTAGTCCAGGATCGATACTTAGTCATCTCTAGCCTTGGGCACATTTCATAACGCATGAGTCTCAGTTTCCACATATACGGAAAGGAGATAAACATCCGGGCTCAGCTTATCTC,32482b6df5b08e7df18f4771117d7b72ef5f811fa3f2856d8089c975aa13c2ab,0.0,AATGAAACATCCTGCCTAGGTGTATAGTTGTTCAGGTGAGGAGTAGTGGCATAGACACACTTGATTAGGAATCTGGTGACTTTCCTTCTAGTCCAGGATTGATACTTAGTCATCTCTAGCCTTGGGCACATTTCATAACGCATGAGTCTCAGTTTCCACATATACGGAAAGGAGATAAACATCCGGGCTCAGCTTATCTC,e3f3d4e349e340839a1b52197a87175c6b76432d193a88420fdaf3a83a79f76e,-0.399887166047209,AATGAAACATCCTGCCTAGGTGTATAGTTGTTCAGGTGAGGAGTAGTGGCATAGACACACTTGATTAGGAATCTGGTGACTTTCCTTCTAGTCCAGGATCGATACTTAGTCATCTCTAGCCTTGGGCACATTTCATAATGCATGAGTCTCAGTTTCCACATATACGGAAAGGAGATAAACATCCGGGCTCAGCTTATCTC,2a671b34286d1bbf746b7e9951d592deba3616443d2961c3f533a5490d68f3ea,-0.31362796808402,AATGAAACATCCTGCCTAGGTGTATAGTTGTTCAGGTGAGGAGTAGTGGCATAGACACACTTGATTAGGAATCTGGTGACTTTCCTTCTAGTCCAGGATTGATACTTAGTCATCTCTAGCCTTGGGCACATTTCATAATGCATGAGTCTCAGTTTCCACATATACGGAAAGGAGATAAACATCCGGGCTCAGCTTATCTC,67630a42afbae5dedade35fb08f871ce1517566775562890e9a7119f260306d6,-0.598758956364513,-0.1147561777667158,0.133030513148638,-298.3351291734725,-319.5309413196519,-294.3580973921344,-314.71895120386034,-0.834958334453404,1.0,-0.1147561777667158,0.0,4,0.17516446946768222,0.17620727786206916,0.145609630836647,0.18183507974923785,1.0
chr21:36919840:C:T;chr21:36919885:A:G;var1;middle;OL30|K562|e78157d04f551314,chr21:36919840:C:T;chr21:36919885:A:G;var1;middle;OL30,K562,K562_region_01442,100,145,45,CTTCAATAAATAATCTAGTGCAAATATCATTTTATATTTTGCCAGTATCTTTGGGATTGTCTTCCTGAAATGGTACTGCTGGTTCAAAGGGTAAATCCTCGAGTACTCTAAATAGTGCCAAATTTCCCTCTACAGAGCTGTGTCATGTTGTACTCCCACTAGCAATGCACAAAGTGACACTTACTCCAGCCTTACCATAG,bb207582a4b1b63e36e44205659b37146278f5896c9ed2aca5f835a83287cf4f,0.0,CTTCAATAAATAATCTAGTGCAAATATCATTTTATATTTTGCCAGTATCTTTGGGATTGTCTTCCTGAAATGGTACTGCTGGTTCAAAGGGTAAATCCTTGAGTACTCTAAATAGTGCCAAATTTCCCTCTACAGAGCTGTGTCATGTTGTACTCCCACTAGCAATGCACAAAGTGACACTTACTCCAGCCTTACCATAG,8c56035e8f93913cd8d0314a716ef3a94a9ec526c97858d8e31aa29269b69510,-0.32183421257114,CTTCAATAAATAATCTAGTGCAAATATCATTTTATATTTTGCCAGTATCTTTGGGATTGTCTTCCTGAAATGGTACTGCTGGTTCAAAGGGTAAATCCTCGAGTACTCTAAATAGTGCCAAATTTCCCTCTACAGAGCTGTGTCGTGTTGTACTCCCACTAGCAATGCACAAAGTGACACTTACTCCAGCCTTACCATAG,a3a9350a807a13ddae61d50612446f1c522ca6474cf61e7170a563015682ccb3,-0.673003902671391,CTTCAATAAATAATCTAGTGCAAATATCATTTTATATTTTGCCAGTATCTTTGGGATTGTCTTCCTGAAATGGTACTGCTGGTTCAAAGGGTAAATCCTTGAGTACTCTAAATAGTGCCAAATTTCCCTCTACAGAGCTGTGTCGTGTTGTACTCCCACTAGCAATGCACAAAGTGACACTTACTCCAGCCTTACCATAG,e78157d04f5513141a0d8816f1493ac13061ad5e6be5698d619d9b5a8445ab57,-0.631838489765828,0.3629996254767029,0.281121379201729,-353.06550691090524,-354.07944189198315,-337.14028252940625,-334.4825908308849,3.671626679599285,-1.0,-0.3629996254767029,0.0,0,0.1904918488072868,0.18565657667894103,0.15145376406925343,0.2730677602942504,1.0
chr21:37553132:T:G;chr21:37553209:T:C;var1;middle;OL31|K562|5d3db6501840c464,chr21:37553132:T:G;chr21:37553209:T:C;var1;middle;OL31,K562,K562_region_01443,100,177,77,GCTGGGCATAGTGGCGTGCACCTGTAATCCCAGCTACTTGAGAGACTGAGGCATGAGAATCGCTTGAACCCATGAGGCGGAGGTTGCAATGAGCCGAGATTATGCCACTGCATTCCAGCCTGGGTTGTCAGACAGAGTGAGACTGTGTCTCAAAAAAAAAAAAAAGTATTCACTTATGTCCTTAAGAGTTCTTCTTAAAT,8d9a6a4e660363c8faf116b6a42630f1f2915ea074ddafb16975eec4400c8101,0.0,GCTGGGCATAGTGGCGTGCACCTGTAATCCCAGCTACTTGAGAGACTGAGGCATGAGAATCGCTTGAACCCATGAGGCGGAGGTTGCAATGAGCCGAGAGTATGCCACTGCATTCCAGCCTGGGTTGTCAGACAGAGTGAGACTGTGTCTCAAAAAAAAAAAAAAGTATTCACTTATGTCCTTAAGAGTTCTTCTTAAAT,10733d49e763f6071b9348e5a2069821fba633ec803d22d958e7d0b37b4f2829,-0.0029645743602957,GCTGGGCATAGTGGCGTGCACCTGTAATCCCAGCTACTTGAGAGACTGAGGCATGAGAATCGCTTGAACCCATGAGGCGGAGGTTGCAATGAGCCGAGATTATGCCACTGCATTCCAGCCTGGGTTGTCAGACAGAGTGAGACTGTGTCTCAAAAAAAAAAAAAAGTATTCACTTACGTCCTTAAGAGTTCTTCTTAAAT,a532db35fcf0c0624c1ec9ee4e56f04bc867e606bc8707fb5a63521a3526f069,-0.0620922832826805,GCTGGGCATAGTGGCGTGCACCTGTAATCCCAGCTACTTGAGAGACTGAGGCATGAGAATCGCTTGAACCCATGAGGCGGAGGTTGCAATGAGCCGAGAGTATGCCACTGCATTCCAGCCTGGGTTGTCAGACAGAGTGAGACTGTGTCTCAAAAAAAAAAAAAAGTATTCACTTACGTCCTTAAGAGTTCTTCTTAAAT,5d3db6501840c464f422fc1f149bd199364374c0d55d7e7c0e666f5f3bdd5bc7,-0.0744959540843214,0.0094390964413452,0.38988956360935,-123.39331155736,-128.4182212124579,-124.11431162199004,-129.65488297492266,0.5156616978347301,1.0,0.0094390964413452,0.0,4,0.17683844322227849,0.17620727786206916,0.145609630836647,0.090733475281681,1.0
chr21:37553209:T:C;chr21:37553248:C:T;var1;middle;OL31|K562|fe81f44609fb49f6,chr21:37553209:T:C;chr21:37553248:C:T;var1;middle;OL31,K562,K562_region_01443,100,139,39,CGGAGGTTGCAATGAGCCGAGATTATGCCACTGCATTCCAGCCTGGGTTGTCAGACAGAGTGAGACTGTGTCTCAAAAAAAAAAAAAAGTATTCACTTATGTCCTTAAGAGTTCTTCTTAAATAAGACCTTCCTGTTCCTCAAGTATATTAAGTATTTTATACATGTGTTTTTGCTATTGTGAATGGGATTATTTTCCTC,e302f02dd18495d707c99502f6e0dbb3e48428cdce44376d213d6d37d82dae86,0.0,CGGAGGTTGCAATGAGCCGAGATTATGCCACTGCATTCCAGCCTGGGTTGTCAGACAGAGTGAGACTGTGTCTCAAAAAAAAAAAAAAGTATTCACTTACGTCCTTAAGAGTTCTTCTTAAATAAGACCTTCCTGTTCCTCAAGTATATTAAGTATTTTATACATGTGTTTTTGCTATTGTGAATGGGATTATTTTCCTC,2b37457b37b2431b9c40cb6b21cb7d52beb41a9843e1196dac43e824c570e0ef,-0.232304901229081,CGGAGGTTGCAATGAGCCGAGATTATGCCACTGCATTCCAGCCTGGGTTGTCAGACAGAGTGAGACTGTGTCTCAAAAAAAAAAAAAAGTATTCACTTATGTCCTTAAGAGTTCTTCTTAAATAAGACCTTCCTGTTCTTCAAGTATATTAAGTATTTTATACATGTGTTTTTGCTATTGTGAATGGGATTATTTTCCTC,cbed4fe9fd43ccf4949504365747bc22e45757b409be62cf1f5a9f5eb26f2754,0.312453854049247,CGGAGGTTGCAATGAGCCGAGATTATGCCACTGCATTCCAGCCTGGGTTGTCAGACAGAGTGAGACTGTGTCTCAAAAAAAAAAAAAAGTATTCACTTACGTCCTTAAGAGTTCTTCTTAAATAAGACCTTCCTGTTCTTCAAGTATATTAAGTATTTTATACATGTGTTTTTGCTATTGTGAATGGGATTATTTTCCTC,fe81f44609fb49f6dd45331bd3ac41ed25e46e9d1044dddb84372aeda56f5b9b,-0.168803939956455,-0.248952892776621,0.262528325903906,-209.05450566951183,-207.63886430021373,-205.8870460288599,-206.77744801715016,-2.3060433575883224,-1.0,0.248952892776621,0.0,4,0.17334119003998438,0.17620727786206916,0.145609630836647,0.24928802533821848,1.0
chr21:37572401:T:G;chr21:37572412:T:C;var1;middle;OL41|K562|35f097579d2c077f,chr21:37572401:T:G;chr21:37572412:T:C;var1;middle;OL41,K562,K562_region_01444,100,111,11,ATCGCCACACTGACTTCCACAATGGTTGAACTAGTTAACAGTCCCACCAACAGTGTGAAAGTGTTCCTATTTCTCCACATCCTCTCCAGCACCCCATTTTGACTTTGCTATAAGGGAACTTTAGCATCTGAACGTGCGGACAGCTTCATTGCTGGCTTGTTACGTAACAGTGTTTTGTGACCATCTCATGTCATACCCAC,71eec1f81095e38f278d48b941a538497ab48a9dcedf993bf5eaef442f00032e,0.0,ATCGCCACACTGACTTCCACAATGGTTGAACTAGTTAACAGTCCCACCAACAGTGTGAAAGTGTTCCTATTTCTCCACATCCTCTCCAGCACCCCATTTGGACTTTGCTATAAGGGAACTTTAGCATCTGAACGTGCGGACAGCTTCATTGCTGGCTTGTTACGTAACAGTGTTTTGTGACCATCTCATGTCATACCCAC,3aeda5fbe741cd020c5b1ac39ab4adcf4aee26345a229c47fcb8ef971301468f,-0.108406718147744,ATCGCCACACTGACTTCCACAATGGTTGAACTAGTTAACAGTCCCACCAACAGTGTGAAAGTGTTCCTATTTCTCCACATCCTCTCCAGCACCCCATTTTGACTTTGCTACAAGGGAACTTTAGCATCTGAACGTGCGGACAGCTTCATTGCTGGCTTGTTACGTAACAGTGTTTTGTGACCATCTCATGTCATACCCAC,a336ea0b4973994b3e660e255210ee3f40c9135a5ccc27f0f4049a01067b3221,0.0418964611835942,ATCGCCACACTGACTTCCACAATGGTTGAACTAGTTAACAGTCCCACCAACAGTGTGAAAGTGTTCCTATTTCTCCACATCCTCTCCAGCACCCCATTTGGACTTTGCTACAAGGGAACTTTAGCATCTGAACGTGCGGACAGCTTCATTGCTGGCTTGTTACGTAACAGTGTTTTGTGACCATCTCATGTCATACCCAC,35f097579d2c077fb77f5834c79f43b989a43e6c2d0d7429bb9fdc8ccbf53608,-0.111857789473362,0.0453475325092121,0.203617361477925,-356.5067370063625,-361.2899093450978,-353.9399840924889,-359.99794719275087,1.274790761526674,1.0,0.0453475325092121,0.0,2,0.17705066678799727,0.17490732828716207,0.146091925319964,0.1346163956791662,1.0
chr21:38340494:G:A;chr21:38340523:G:A;var1;middle;OL41|K562|f99d11bcc50708cb,chr21:38340494:G:A;chr21:38340523:G:A;var1;middle;OL41,K562,K562_region_01445,100,129,29,CTGCAGCTTCGAACTCTGAGCTGAAGTGATCTTCCTGGCCACCATGCCCAGCTAATTTTTTAGAAATTATTTTTCATAGAGACAGGGTCTCGCTGTGTCGCCCAGGCTGGTCTCAAACTCCTGGTCTCGAGCAGTCAAACTCCTGCCTGGATCTCCCAAAGTGCTGGGATTACAAGTTTGAGCCATGGCGCCTAGCCATA,94988fea4e00e2c414578802dab283f3e741ebdb4de8251806192053dbb7b9c1,0.0,CTGCAGCTTCGAACTCTGAGCTGAAGTGATCTTCCTGGCCACCATGCCCAGCTAATTTTTTAGAAATTATTTTTCATAGAGACAGGGTCTCGCTGTGTCACCCAGGCTGGTCTCAAACTCCTGGTCTCGAGCAGTCAAACTCCTGCCTGGATCTCCCAAAGTGCTGGGATTACAAGTTTGAGCCATGGCGCCTAGCCATA,9265f413bc21e772048f1ce4c4cf51dd2b03545872277d3f8bd0d08fca4566c2,-0.0113474913615848,CTGCAGCTTCGAACTCTGAGCTGAAGTGATCTTCCTGGCCACCATGCCCAGCTAATTTTTTAGAAATTATTTTTCATAGAGACAGGGTCTCGCTGTGTCGCCCAGGCTGGTCTCAAACTCCTGGTCTCAAGCAGTCAAACTCCTGCCTGGATCTCCCAAAGTGCTGGGATTACAAGTTTGAGCCATGGCGCCTAGCCATA,d8e1aaa22bdf799bfa0d14de4f0b9651efcca154848fea674fc815e4be9086f5,0.121663112213879,CTGCAGCTTCGAACTCTGAGCTGAAGTGATCTTCCTGGCCACCATGCCCAGCTAATTTTTTAGAAATTATTTTTCATAGAGACAGGGTCTCGCTGTGTCACCCAGGCTGGTCTCAAACTCCTGGTCTCAAGCAGTCAAACTCCTGCCTGGATCTCCCAAAGTGCTGGGATTACAAGTTTGAGCCATGGCGCCTAGCCATA,f99d11bcc50708cb46def75ab1ac29a8a00746138eea1d829530f5f5c7bb63f7,0.0463378215016132,-0.063977799350681,0.28044376388455,-134.1278808247298,-132.45241926517338,-129.61718706786633,-127.45416931062935,0.48755619768054714,-1.0,0.063977799350681,0.0,4,0.17680360894728392,0.17620727786206916,0.145609630836647,0.01866556930252511,1.0
chr21:38340843:C:T;chr21:38340866:C:T;var1;middle;OL41|K562|6f06493b205cc4bb,chr21:38340843:C:T;chr21:38340866:C:T;var1;middle;OL41,K562,K562_region_01446,100,123,23,AATCCAAAAAGAAATAACTGGGCTTAAAAGCAAGCATCTCTGTGGACCAGAAATAGAAGAAAAACAAAGTGATAAACAGGACTAAAGCCATATCCTACACTTCTCTACAGGACAGTGGCAGCCGGAAAGTGGGTTCCTGCATGGTAACAAGACCTTAAAATTGTGTCACTGGAGAAGGACGTGCAGTTCCCGCTGAGGAG,a84f5f36c933a7ec1fd0295c9c4db720b97710419372f14ec1812834cf9df6f0,0.0,AATCCAAAAAGAAATAACTGGGCTTAAAAGCAAGCATCTCTGTGGACCAGAAATAGAAGAAAAACAAAGTGATAAACAGGACTAAAGCCATATCCTACATTTCTCTACAGGACAGTGGCAGCCGGAAAGTGGGTTCCTGCATGGTAACAAGACCTTAAAATTGTGTCACTGGAGAAGGACGTGCAGTTCCCGCTGAGGAG,678c79c545c51f1a8ddbbad9199120fbf2c22de81272c0f79c9f320a4bdc322c,0.66336842562591,AATCCAAAAAGAAATAACTGGGCTTAAAAGCAAGCATCTCTGTGGACCAGAAATAGAAGAAAAACAAAGTGATAAACAGGACTAAAGCCATATCCTACACTTCTCTACAGGACAGTGGCAGCTGGAAAGTGGGTTCCTGCATGGTAACAAGACCTTAAAATTGTGTCACTGGAGAAGGACGTGCAGTTCCCGCTGAGGAG,4f0c5c6b42e00e85df604bc42d461f8cc7e1bdbada30c82ebb318f694634db80,0.0760093373096716,AATCCAAAAAGAAATAACTGGGCTTAAAAGCAAGCATCTCTGTGGACCAGAAATAGAAGAAAAACAAAGTGATAAACAGGACTAAAGCCATATCCTACATTTCTCTACAGGACAGTGGCAGCTGGAAAGTGGGTTCCTGCATGGTAACAAGACCTTAAAATTGTGTCACTGGAGAAGGACGTGCAGTTCCCGCTGAGGAG,6f06493b205cc4bbfe12c6b0b4af3f78ab1344ee53459c68b2ad410dafe17dc6,0.0783101749574329,0.6610675879781488,0.294506036159472,-418.9674742217176,-421.4058588533662,-414.42989704944193,-416.3125410708599,-0.5557406102306572,1.0,0.6610675879781488,0.0,2,0.17438526510892893,0.17490732828716207,0.146091925319964,0.2767298072379251,1.0
chr21:38445069:T:C;chr21:38445095:G:A;var1;middle;OL41|K562|1f3b41ad69951bac,chr21:38445069:T:C;chr21:38445095:G:A;var1;middle;OL41,K562,K562_region_01447,100,126,26,GCGCCCCCGCCTCGAGCGCATACAGACACCCAGGCTGGCGCGCGCCCCGCAACAGAAGGGGTGGCGGAGGATAGGGCAGGGAGGGGGGTTCTGGGGCGATAGACGCGCGCTCCAGCTCTGCAAGCGTGGCCTCCCTGTGGGAGGGGAGGGCAGGGAACAAGGCTCGCGCGGCGCCCACCAGCATGCGGGCCTACTAGGTC,b7850fc471dddb4fa0d305a6850548c79154a57753f1a8f21e2bdfaff6e8e2e1,0.0,GCGCCCCCGCCTCGAGCGCATACAGACACCCAGGCTGGCGCGCGCCCCGCAACAGAAGGGGTGGCGGAGGATAGGGCAGGGAGGGGGGTTCTGGGGCGACAGACGCGCGCTCCAGCTCTGCAAGCGTGGCCTCCCTGTGGGAGGGGAGGGCAGGGAACAAGGCTCGCGCGGCGCCCACCAGCATGCGGGCCTACTAGGTC,2a1246210ea4d436d2b40ce9b8a8e416b6c72250c3dd41df5b2e122b2d453237,-0.0143743953278295,GCGCCCCCGCCTCGAGCGCATACAGACACCCAGGCTGGCGCGCGCCCCGCAACAGAAGGGGTGGCGGAGGATAGGGCAGGGAGGGGGGTTCTGGGGCGATAGACGCGCGCTCCAGCTCTGCAAGCATGGCCTCCCTGTGGGAGGGGAGGGCAGGGAACAAGGCTCGCGCGGCGCCCACCAGCATGCGGGCCTACTAGGTC,23234d9c9263167aa27554bcb46a7d5bda87a397db47eb7fcdd07f23ca037f84,0.387760611154798,GCGCCCCCGCCTCGAGCGCATACAGACACCCAGGCTGGCGCGCGCCCCGCAACAGAAGGGGTGGCGGAGGATAGGGCAGGGAGGGGGGTTCTGGGGCGACAGACGCGCGCTCCAGCTCTGCAAGCATGGCCTCCCTGTGGGAGGGGAGGGCAGGGAACAAGGCTCGCGCGGCGCCCACCAGCATGCGGGCCTACTAGGTC,1f3b41ad69951bac270b8d956e9b2ea516a2217f02ab165c2ad2bb508cf03392,0.471820545927599,0.0984343301006305,0.251956532657256,-254.22965535521507,-252.43641202151773,-250.57911472022533,-248.50047881901264,0.28539256751537323,-1.0,-0.0984343301006305,0.0,4,0.1765530450559302,0.17620727786206916,0.145609630836647,0.1115366835024064,1.0
chr21:42653237:A:G;chr21:42653289:G:A;var1;middle;OL29|K562|8b1b82664aa26428,chr21:42653237:A:G;chr21:42653289:G:A;var1;middle;OL29,K562,K562_region_01448,100,152,52,GAACACACGTGTGCCTCACACATAGCCATCTGAGTAAAATATTTTTTCCAATGTAGATTTATAATTAGAAATGACAGATTTATAATATAGACTTCAGTAAGTTGGGCACAGCTGTCACTTTCGTGGTATCAATAAAAGGCTAGAAACCTTGGGTGTCCTTGGCAACCTAGCCTTTGACATTGATGTTTTTCCATAGGATT,6dac718c44ca30e8c34689a93d0582447be6d331bbbd2f832f3938c29ac89f4e,0.0,GAACACACGTGTGCCTCACACATAGCCATCTGAGTAAAATATTTTTTCCAATGTAGATTTATAATTAGAAATGACAGATTTATAATATAGACTTCAGTAGGTTGGGCACAGCTGTCACTTTCGTGGTATCAATAAAAGGCTAGAAACCTTGGGTGTCCTTGGCAACCTAGCCTTTGACATTGATGTTTTTCCATAGGATT,ba5593bcc925400cccabde4059804d9a227646914bda85189370c84dbc1bf7bd,0.113256781989888,GAACACACGTGTGCCTCACACATAGCCATCTGAGTAAAATATTTTTTCCAATGTAGATTTATAATTAGAAATGACAGATTTATAATATAGACTTCAGTAAGTTGGGCACAGCTGTCACTTTCGTGGTATCAATAAAAGGCTAGAAACCTTGAGTGTCCTTGGCAACCTAGCCTTTGACATTGATGTTTTTCCATAGGATT,21655636ec823ec64fe5a8120475807bf09ca3d59ead183e623928beafae4deb,-0.0037854379652284,GAACACACGTGTGCCTCACACATAGCCATCTGAGTAAAATATTTTTTCCAATGTAGATTTATAATTAGAAATGACAGATTTATAATATAGACTTCAGTAGGTTGGGCACAGCTGTCACTTTCGTGGTATCAATAAAAGGCTAGAAACCTTGAGTGTCCTTGGCAACCTAGCCTTTGACATTGATGTTTTTCCATAGGATT,8b1b82664aa26428a5df2d59fce0158398db6add0edfa945f81c882c6c80762c,-0.11631426673229,0.2257856107569496,0.176388556097356,-266.01629281789064,-271.6551322937012,-261.9342778325081,-265.0372653454542,-2.535851962864399,1.0,0.2257856107569496,0.0,1,0.17978508278271568,0.18216460459877223,0.1501433469024087,0.21606202514767814,1.0
chr21:42653434:A:T;chr21:42653468:C:T;var1;middle;OL29|K562|f3ca741f9d4a70a3,chr21:42653434:A:T;chr21:42653468:C:T;var1;middle;OL29,K562,K562_region_01448,100,134,34,ATTTTCTTCATTTGGGTTGGAATAAAAATGCATTTTTATTCACAAGGCACAGACAGATAAGAATATCATAAGCAGGGAAGTGTCTCCAAAGGTCAGGACATATGTTTTTCTGTTGAGTGCTATATGTGGAGGTCATTGCAAGTTCCCTGATATGAGTATGGTTTCGCTTGCTACATTGTGCCTATTAAAGTAAAATTTTA,26f209660f929684cbba263543dbc9e6d22abdfd309aeeb0ff5e14a6ff4628fa,0.0,ATTTTCTTCATTTGGGTTGGAATAAAAATGCATTTTTATTCACAAGGCACAGACAGATAAGAATATCATAAGCAGGGAAGTGTCTCCAAAGGTCAGGACTTATGTTTTTCTGTTGAGTGCTATATGTGGAGGTCATTGCAAGTTCCCTGATATGAGTATGGTTTCGCTTGCTACATTGTGCCTATTAAAGTAAAATTTTA,d4cb6034080360675d2a35a0462c0e669f9cb1ec1269f16383a6283141a0b0ec,0.113013773994443,ATTTTCTTCATTTGGGTTGGAATAAAAATGCATTTTTATTCACAAGGCACAGACAGATAAGAATATCATAAGCAGGGAAGTGTCTCCAAAGGTCAGGACATATGTTTTTCTGTTGAGTGCTATATGTGGAGGTTATTGCAAGTTCCCTGATATGAGTATGGTTTCGCTTGCTACATTGTGCCTATTAAAGTAAAATTTTA,6894b2a03537f010523954f4d6e46e23eb471091d4408a15d68693a616337a99,0.0888241801650085,ATTTTCTTCATTTGGGTTGGAATAAAAATGCATTTTTATTCACAAGGCACAGACAGATAAGAATATCATAAGCAGGGAAGTGTCTCCAAAGGTCAGGACTTATGTTTTTCTGTTGAGTGCTATATGTGGAGGTTATTGCAAGTTCCCTGATATGAGTATGGTTTCGCTTGCTACATTGTGCCTATTAAAGTAAAATTTTA,f3ca741f9d4a70a3b18cf3d9340a91e66ae310bffdc3e076ad157d19ecdfb75c,-0.168770746282979,0.3706087004424305,0.194718761550057,-357.8003262775019,-354.89241742668673,-372.49285920662805,-340.4168394478038,-29.168110908009112,1.0,0.3706087004424305,0.0,1,0.15268836071624947,0.18216460459877223,0.1501433469024087,0.2005411743468934,1.0
chr21:42689637:G:T;chr21:42689654:C:T;var1;middle;OL41|K562|bef0435b94eabffa,chr21:42689637:G:T;chr21:42689654:C:T;var1;middle;OL41,K562,K562_region_01449,100,117,17,AGAACATGGATTCCTCCTGGAGCGACGTAGCCTGGCTGTGTAAAATGGCAGGTTCAGAAGTGGGAAGTTCTCTGGGCCTCTTCGGTAGATCACTTCCTGGTCCTGGATCCCAGGTCCTCTGTAGTGAGGGTGTTGGACTGAACCATCGCCATTCCTGCCAGCACCAGCATTCTGGCTGTGATCACACTCCAGCAAGTTCT,0fab79151bf612b4ca34ff610d7301702e2842aa1a82637f1828911f97759876,0.0,AGAACATGGATTCCTCCTGGAGCGACGTAGCCTGGCTGTGTAAAATGGCAGGTTCAGAAGTGGGAAGTTCTCTGGGCCTCTTCGGTAGATCACTTCCTGTTCCTGGATCCCAGGTCCTCTGTAGTGAGGGTGTTGGACTGAACCATCGCCATTCCTGCCAGCACCAGCATTCTGGCTGTGATCACACTCCAGCAAGTTCT,f6ce390d54a93096e91adc52f5a1ed53e92a0062e229f64cd2fd78a582756f81,1.00154674847109,AGAACATGGATTCCTCCTGGAGCGACGTAGCCTGGCTGTGTAAAATGGCAGGTTCAGAAGTGGGAAGTTCTCTGGGCCTCTTCGGTAGATCACTTCCTGGTCCTGGATCCCAGGTCTTCTGTAGTGAGGGTGTTGGACTGAACCATCGCCATTCCTGCCAGCACCAGCATTCTGGCTGTGATCACACTCCAGCAAGTTCT,ae4a000c9e0f4509bb88885ee8c6ab3fa20969584a3610162ff472064dad6025,0.179535001091396,AGAACATGGATTCCTCCTGGAGCGACGTAGCCTGGCTGTGTAAAATGGCAGGTTCAGAAGTGGGAAGTTCTCTGGGCCTCTTCGGTAGATCACTTCCTGTTCCTGGATCCCAGGTCTTCTGTAGTGAGGGTGTTGGACTGAACCATCGCCATTCCTGCCAGCACCAGCATTCTGGCTGTGATCACACTCCAGCAAGTTCT,bef0435b94eabffafe68d43ace3a7beb8acd988d706bcc97f8e81e0475d75155,0.974883010036982,0.2061987395255041,0.245931796585971,-378.5678002201021,-366.5927855223417,-384.3658382100985,-375.23400372918695,2.8431802168488503,1.0,0.2061987395255041,0.0,0,0.18942780177777918,0.18565657667894103,0.15145376406925343,0.15948013742260528,1.0
chr21:42798030:C:A;chr21:42798065:G:T;var1;middle;OL41|K562|1f2fa8e6fd085e28,chr21:42798030:C:A;chr21:42798065:G:T;var1;middle;OL41,K562,K562_region_01450,100,135,35,TCCTCAGACGGGCCTGATGAAACGAGCATCTGATTCAGCAGGCCTGGGTTCGGGCCCGAGAACCTGCGTCTCCCGCGAGTTCCCGCGAGGCAAGTGCTGCAGGTGCGGGGCCAGGAGCTAGGTTTCGTTTCTGCGCCCGGAGCCGCCCTCAGCACAGGGTCTGTGAGTTTCATTTCTTCGCGGCGCGGGGCGGGGCTGGG,f9a9f620c27dbbc0a3e417252394c9b5cfbd9ce4fd67e421c4e3cf30f56b9664,0.0,TCCTCAGACGGGCCTGATGAAACGAGCATCTGATTCAGCAGGCCTGGGTTCGGGCCCGAGAACCTGCGTCTCCCGCGAGTTCCCGCGAGGCAAGTGCTGAAGGTGCGGGGCCAGGAGCTAGGTTTCGTTTCTGCGCCCGGAGCCGCCCTCAGCACAGGGTCTGTGAGTTTCATTTCTTCGCGGCGCGGGGCGGGGCTGGG,7f6cd552ceba3bd1b632d9811dabcfb011a020cf6323cb488d9c0959b1addee0,0.597087646305404,TCCTCAGACGGGCCTGATGAAACGAGCATCTGATTCAGCAGGCCTGGGTTCGGGCCCGAGAACCTGCGTCTCCCGCGAGTTCCCGCGAGGCAAGTGCTGCAGGTGCGGGGCCAGGAGCTAGGTTTCGTTTCTGCTCCCGGAGCCGCCCTCAGCACAGGGTCTGTGAGTTTCATTTCTTCGCGGCGCGGGGCGGGGCTGGG,c8ff86d9e356ed707be58d76bc72ed48ef88cd3933d30e2a643692d6d83fd2d4,0.223296153139481,TCCTCAGACGGGCCTGATGAAACGAGCATCTGATTCAGCAGGCCTGGGTTCGGGCCCGAGAACCTGCGTCTCCCGCGAGTTCCCGCGAGGCAAGTGCTGAAGGTGCGGGGCCAGGAGCTAGGTTTCGTTTCTGCTCCCGGAGCCGCCCTCAGCACAGGGTCTGTGAGTTTCATTTCTTCGCGGCGCGGGGCGGGGCTGGG,1f2fa8e6fd085e2811150833119a9cf615a3a953a0a3f5138580804966030c22,0.532025621748752,0.288358177696133,0.15629509430386,-258.01238809200004,-285.41396451182663,-258.90884611336514,-270.7995465397835,-15.510875993408263,1.0,0.288358177696133,0.0,4,0.15697497101630306,0.17620727786206916,0.145609630836647,0.06366226112036756,1.0
chr21:43429588:G:A;chr21:43429623:G:A;var1;middle;OL41|K562|481d07725329df98,chr21:43429588:G:A;chr21:43429623:G:A;var1;middle;OL41,K562,K562_region_01451,100,135,35,CCGGGAAGAGATGTGGCGGGGCTGCCGCGGGCGTCTCTAAGGCCGGCACGGGTGGCGTCTTGACTCCCTGCCCCTCCAGCCGCGGACCTCGGACGGGGGGAAGGGGGCTCCTCCAAGCGGGGAGACGGTCGCCGGCCGAGCAGCAGGGCTCCTGGCCGGCGGAGGGTGCTATGCTCTGCGGGACCGCCGGGAAGTCCCAG,e66247dc30780d741dbd0692d956ea216c262faa0a347d58853cbefb4fd81e15,0.0,CCGGGAAGAGATGTGGCGGGGCTGCCGCGGGCGTCTCTAAGGCCGGCACGGGTGGCGTCTTGACTCCCTGCCCCTCCAGCCGCGGACCTCGGACGGGGGAAAGGGGGCTCCTCCAAGCGGGGAGACGGTCGCCGGCCGAGCAGCAGGGCTCCTGGCCGGCGGAGGGTGCTATGCTCTGCGGGACCGCCGGGAAGTCCCAG,1d304a85c20399e5590663f15e01d668313202febbc0978a078d564d2046b030,0.0110930685763905,CCGGGAAGAGATGTGGCGGGGCTGCCGCGGGCGTCTCTAAGGCCGGCACGGGTGGCGTCTTGACTCCCTGCCCCTCCAGCCGCGGACCTCGGACGGGGGGAAGGGGGCTCCTCCAAGCGGGGAGACGGTCGCCGACCGAGCAGCAGGGCTCCTGGCCGGCGGAGGGTGCTATGCTCTGCGGGACCGCCGGGAAGTCCCAG,334b550545cd139d15c2685da5b946eabfa5d4615d9fc747c307723736548ce6,0.263499742218493,CCGGGAAGAGATGTGGCGGGGCTGCCGCGGGCGTCTCTAAGGCCGGCACGGGTGGCGTCTTGACTCCCTGCCCCTCCAGCCGCGGACCTCGGACGGGGGAAAGGGGGCTCCTCCAAGCGGGGAGACGGTCGCCGACCGAGCAGCAGGGCTCCTGGCCGGCGGAGGGTGCTATGCTCTGCGGGACCGCCGGGAAGTCCCAG,481d07725329df98b87aa40318d6e8e9e4c9c3535f3b780a004e84e00860df73,-0.100506642575471,0.3750994533703544,0.381946539691687,-307.11451812880114,-302.88585810596123,-313.0283162109554,-308.9347260678187,0.1350698797032237,1.0,0.3750994533703544,0.0,1,0.18250258515374543,0.18216460459877223,0.1501433469024087,0.0852005230633855,1.0
chr21:44197992:A:G;chr21:44198015:G:A;var1;middle;OL41|K562|49fd17f39bfc0161,chr21:44197992:A:G;chr21:44198015:G:A;var1;middle;OL41,K562,K562_region_01452,100,123,23,CTGAGAGGACAGGAAGATGCTGTTTTCCACTTTTTTCTCCCCAAGACCGTTTATTAGCAATTGAAGGAACAACGCATGTATCAAAGACTGGATTTGAGAAATTCCAACAAATCTGCCCCCTCGCAGTTGGGAGCTGGCATCGTGCAATCTTCGGAATGCAGCCTCTGGCTCTCCCATCAAAAGGCAACGCAGCCCCCTGT,51e04cc405193942cd5217ee6dcdf3d71e91c26deecb6223e41fed604c8b351a,0.0,CTGAGAGGACAGGAAGATGCTGTTTTCCACTTTTTTCTCCCCAAGACCGTTTATTAGCAATTGAAGGAACAACGCATGTATCAAAGACTGGATTTGAGAGATTCCAACAAATCTGCCCCCTCGCAGTTGGGAGCTGGCATCGTGCAATCTTCGGAATGCAGCCTCTGGCTCTCCCATCAAAAGGCAACGCAGCCCCCTGT,8fc1d4e1739dc4a553bfcbae082a0c2ac114b878e55f8fa5c671307265e9e6a8,0.245562752344398,CTGAGAGGACAGGAAGATGCTGTTTTCCACTTTTTTCTCCCCAAGACCGTTTATTAGCAATTGAAGGAACAACGCATGTATCAAAGACTGGATTTGAGAAATTCCAACAAATCTGCCCCCTCACAGTTGGGAGCTGGCATCGTGCAATCTTCGGAATGCAGCCTCTGGCTCTCCCATCAAAAGGCAACGCAGCCCCCTGT,f4cbb297f7621955b173b2bc342f4e7a55b357b4582c0f5a92d7cbea961c4350,0.276593364013083,CTGAGAGGACAGGAAGATGCTGTTTTCCACTTTTTTCTCCCCAAGACCGTTTATTAGCAATTGAAGGAACAACGCATGTATCAAAGACTGGATTTGAGAGATTCCAACAAATCTGCCCCCTCACAGTTGGGAGCTGGCATCGTGCAATCTTCGGAATGCAGCCTCTGGCTCTCCCATCAAAAGGCAACGCAGCCCCCTGT,49fd17f39bfc0161525d08b098fe90457cb5c2e08a9d254808ea856c55305f4b,-0.0346406268868782,0.5567967432443592,0.2995811940193,-334.614500796888,-360.3447004593909,-355.09710714244284,-383.34104384784587,2.513737042900175,1.0,0.5567967432443592,0.0,0,0.18900466878561473,0.18565657667894103,0.15145376406925343,0.08471670445764808,1.0
chr21:44197992:A:G;chr21:44198080:C:T;var1;middle;OL41|K562|19d37a4ebe5ee12a,chr21:44197992:A:G;chr21:44198080:C:T;var1;middle;OL41,K562,K562_region_01452,100,188,88,CTGAGAGGACAGGAAGATGCTGTTTTCCACTTTTTTCTCCCCAAGACCGTTTATTAGCAATTGAAGGAACAACGCATGTATCAAAGACTGGATTTGAGAAATTCCAACAAATCTGCCCCCTCGCAGTTGGGAGCTGGCATCGTGCAATCTTCGGAATGCAGCCTCTGGCTCTCCCATCAAAAGGCAACGCAGCCCCCTGT,51e04cc405193942cd5217ee6dcdf3d71e91c26deecb6223e41fed604c8b351a,0.0,CTGAGAGGACAGGAAGATGCTGTTTTCCACTTTTTTCTCCCCAAGACCGTTTATTAGCAATTGAAGGAACAACGCATGTATCAAAGACTGGATTTGAGAGATTCCAACAAATCTGCCCCCTCGCAGTTGGGAGCTGGCATCGTGCAATCTTCGGAATGCAGCCTCTGGCTCTCCCATCAAAAGGCAACGCAGCCCCCTGT,8fc1d4e1739dc4a553bfcbae082a0c2ac114b878e55f8fa5c671307265e9e6a8,0.245888800752199,CTGAGAGGACAGGAAGATGCTGTTTTCCACTTTTTTCTCCCCAAGACCGTTTATTAGCAATTGAAGGAACAACGCATGTATCAAAGACTGGATTTGAGAAATTCCAACAAATCTGCCCCCTCGCAGTTGGGAGCTGGCATCGTGCAATCTTCGGAATGCAGCCTCTGGCTCTCCCATCAAAAGGCAATGCAGCCCCCTGT,685be8fff0759dfb7e95e034116d3c5bd7d7bd48a766982724628bc7d6832691,-0.286144021934096,CTGAGAGGACAGGAAGATGCTGTTTTCCACTTTTTTCTCCCCAAGACCGTTTATTAGCAATTGAAGGAACAACGCATGTATCAAAGACTGGATTTGAGAGATTCCAACAAATCTGCCCCCTCGCAGTTGGGAGCTGGCATCGTGCAATCTTCGGAATGCAGCCTCTGGCTCTCCCATCAAAAGGCAATGCAGCCCCCTGT,19d37a4ebe5ee12ad459ff752eefedf0da0b91151f457ebe3a98ece78a2f6c77,-0.223599689172123,-0.183344467990226,0.353284652634103,-334.614500796888,-360.3447004593909,-327.77509294170886,-343.83783669769764,9.667455906514078,-1.0,0.183344467990226,0.0,0,0.1981928223344748,0.18565657667894103,0.15145376406925343,0.11013905968366905,1.0
chr21:44198015:G:A;chr21:44198080:C:T;var1;middle;OL41|K562|201a87601df2efaa,chr21:44198015:G:A;chr21:44198080:C:T;var1;middle;OL41,K562,K562_region_01452,100,165,65,TTTCCACTTTTTTCTCCCCAAGACCGTTTATTAGCAATTGAAGGAACAACGCATGTATCAAAGACTGGATTTGAGAAATTCCAACAAATCTGCCCCCTCGCAGTTGGGAGCTGGCATCGTGCAATCTTCGGAATGCAGCCTCTGGCTCTCCCATCAAAAGGCAACGCAGCCCCCTGTGATTTCAGCTTTGACCTTGTGGG,d41ec2c3bfbb5146623a84a6201e0be01d1c21eda5abca838d98cf897d0cff06,0.0,TTTCCACTTTTTTCTCCCCAAGACCGTTTATTAGCAATTGAAGGAACAACGCATGTATCAAAGACTGGATTTGAGAAATTCCAACAAATCTGCCCCCTCACAGTTGGGAGCTGGCATCGTGCAATCTTCGGAATGCAGCCTCTGGCTCTCCCATCAAAAGGCAACGCAGCCCCCTGTGATTTCAGCTTTGACCTTGTGGG,0f937c61c9316f53e4f77af31efaa1f508e83f82ec7761bb873b883db2803f47,0.0274498144424711,TTTCCACTTTTTTCTCCCCAAGACCGTTTATTAGCAATTGAAGGAACAACGCATGTATCAAAGACTGGATTTGAGAAATTCCAACAAATCTGCCCCCTCGCAGTTGGGAGCTGGCATCGTGCAATCTTCGGAATGCAGCCTCTGGCTCTCCCATCAAAAGGCAATGCAGCCCCCTGTGATTTCAGCTTTGACCTTGTGGG,e6be2c0f327e0703eafb0e5a8a173dfd041b17086a7a734b59c8e7ce35b7ce43,-0.04544582568717,TTTCCACTTTTTTCTCCCCAAGACCGTTTATTAGCAATTGAAGGAACAACGCATGTATCAAAGACTGGATTTGAGAAATTCCAACAAATCTGCCCCCTCACAGTTGGGAGCTGGCATCGTGCAATCTTCGGAATGCAGCCTCTGGCTCTCCCATCAAAAGGCAATGCAGCCCCCTGTGATTTCAGCTTTGACCTTGTGGG,201a87601df2efaa5496ee2fd868a9bf7f27de253b0a5dc998c05fc0d6735f24,-0.0497363807336405,0.0317403694889416,0.474898721611149,-371.0146129101049,-367.1389106619172,-368.5686131929979,-368.7789175324142,4.086006587604061,1.0,0.0317403694889416,0.0,0,0.19102407355568668,0.18565657667894103,0.15145376406925343,0.22383402684237894,1.0
chr21:44198080:C:T;chr21:44198143:G:A;var1;middle;OL41|K562|2fb2161c6776113b,chr21:44198080:C:T;chr21:44198143:G:A;var1;middle;OL41,K562,K562_region_01452,100,163,63,TGGATTTGAGAAATTCCAACAAATCTGCCCCCTCGCAGTTGGGAGCTGGCATCGTGCAATCTTCGGAATGCAGCCTCTGGCTCTCCCATCAAAAGGCAACGCAGCCCCCTGTGATTTCAGCTTTGACCTTGTGGGTAATAAAAGAAGGAAAGAGGAATGTCTGCTACTGGAATCCTGGATGGGGTCCCCGCGGCCGAATC,660824d9718f8e36f8c7d34cafde21fc85ab501bf43f78b0f10e9bf713846e27,0.0,TGGATTTGAGAAATTCCAACAAATCTGCCCCCTCGCAGTTGGGAGCTGGCATCGTGCAATCTTCGGAATGCAGCCTCTGGCTCTCCCATCAAAAGGCAATGCAGCCCCCTGTGATTTCAGCTTTGACCTTGTGGGTAATAAAAGAAGGAAAGAGGAATGTCTGCTACTGGAATCCTGGATGGGGTCCCCGCGGCCGAATC,b21086c4366e00cadb693f1b2cf49df51b1194f0ffca0adecb55d46986ea92ea,-0.227278462817295,TGGATTTGAGAAATTCCAACAAATCTGCCCCCTCGCAGTTGGGAGCTGGCATCGTGCAATCTTCGGAATGCAGCCTCTGGCTCTCCCATCAAAAGGCAACGCAGCCCCCTGTGATTTCAGCTTTGACCTTGTGGGTAATAAAAGAAGGAAAGAGGAATGTCTACTACTGGAATCCTGGATGGGGTCCCCGCGGCCGAATC,6c705efd7bdb63502dd92658f2893a13f7e893d302250d9e83d0fb70c724fb40,-0.243277699522598,TGGATTTGAGAAATTCCAACAAATCTGCCCCCTCGCAGTTGGGAGCTGGCATCGTGCAATCTTCGGAATGCAGCCTCTGGCTCTCCCATCAAAAGGCAATGCAGCCCCCTGTGATTTCAGCTTTGACCTTGTGGGTAATAAAAGAAGGAAAGAGGAATGTCTACTACTGGAATCCTGGATGGGGTCCCCGCGGCCGAATC,2fb2161c6776113b3adebe33be646d3000eff7819bdaf89587b56cb4870d37c3,0.102773270999243,0.573329433339136,0.304809371632462,-301.35428968723863,-298.03410014510155,-306.34979482833296,-303.92945924121886,-0.8998539550229907,-1.0,-0.573329433339136,0.0,0,0.1846202920942892,0.18565657667894103,0.15145376406925343,0.2627006710059939,1.0
chr21:44199667:G:C;chr21:44199686:T:C;var1;middle;OL41|K562|1f3989cf698e4cb8,chr21:44199667:G:C;chr21:44199686:T:C;var1;middle;OL41,K562,K562_region_01453,100,119,19,CGTGAGGGTCAGGGGTCCCCAGATTCCTGGGAGCTGGGGCCGGTGCCCTGGCAGAAACACGGCCTCAGGCAGGGTCCAGGGCCTGTGGGGGTGAGTCACGTTGTTATGGGCTGAATTCTCTCCCCAAAACTTACGTCCAAGCCCAACCTGGTGCCTCCCAGTACCGTATTTGGAGACAGTGCCTTTAAAAGGTGGTTAAG,1f152a9005e105548209d512e17efe61fd795d3a62f4d1ae155cfa2397c1cdb4,0.0,CGTGAGGGTCAGGGGTCCCCAGATTCCTGGGAGCTGGGGCCGGTGCCCTGGCAGAAACACGGCCTCAGGCAGGGTCCAGGGCCTGTGGGGGTGAGTCACCTTGTTATGGGCTGAATTCTCTCCCCAAAACTTACGTCCAAGCCCAACCTGGTGCCTCCCAGTACCGTATTTGGAGACAGTGCCTTTAAAAGGTGGTTAAG,6627c65f277f54fd928d40908a527afa7a23069d128a7ba9f8ce418496e4aea7,-0.435205326736869,CGTGAGGGTCAGGGGTCCCCAGATTCCTGGGAGCTGGGGCCGGTGCCCTGGCAGAAACACGGCCTCAGGCAGGGTCCAGGGCCTGTGGGGGTGAGTCACGTTGTTATGGGCTGAATTCCCTCCCCAAAACTTACGTCCAAGCCCAACCTGGTGCCTCCCAGTACCGTATTTGGAGACAGTGCCTTTAAAAGGTGGTTAAG,1829937571b23797a8452394a73e5023874f5160ae1a73cc2a1868208813152d,0.918300226478597,CGTGAGGGTCAGGGGTCCCCAGATTCCTGGGAGCTGGGGCCGGTGCCCTGGCAGAAACACGGCCTCAGGCAGGGTCCAGGGCCTGTGGGGGTGAGTCACCTTGTTATGGGCTGAATTCCCTCCCCAAAACTTACGTCCAAGCCCAACCTGGTGCCTCCCAGTACCGTATTTGGAGACAGTGCCTTTAAAAGGTGGTTAAG,1f3989cf698e4cb882c249298c3c4ffafaa26b04a7936c3fd6e51a35ce8d18a9,0.765892371448026,0.282797471706298,0.308373309218627,-350.58161709364504,-350.0636104408186,-347.9264535889961,-348.0467390990816,-0.6382921629119664,-1.0,-0.282797471706298,0.0,1,0.18171573577800673,0.18216460459877223,0.1501433469024087,0.14114311727575551,1.0
chr21:45198522:G:C;chr21:45198557:G:A;var1;middle;OL41|K562|d8f2f250630facf8,chr21:45198522:G:C;chr21:45198557:G:A;var1;middle;OL41,K562,K562_region_01454,100,135,35,CTCACTCTCCTTGCTGGAGCTGGTCCCAGGTGCCTCCGTTTTACAAATAGGAGGATAACAGCTGTGGAAATAAAGCCCACGCAAATGAGAACAAAAGACGATTTATTCAGGACTTGCTGTACAAGGGAGTCGCCGTCCTCTCTTGTGTTGACCGAGATTCCTCAGCAGGCGGGGGCAGAGCCGGGGAAAAGCCTGGAATG,1c540a0eafd7e3d40b09b22ac208d6b601c0db9bf7ce65a41d7afd0efe327577,0.0,CTCACTCTCCTTGCTGGAGCTGGTCCCAGGTGCCTCCGTTTTACAAATAGGAGGATAACAGCTGTGGAAATAAAGCCCACGCAAATGAGAACAAAAGACCATTTATTCAGGACTTGCTGTACAAGGGAGTCGCCGTCCTCTCTTGTGTTGACCGAGATTCCTCAGCAGGCGGGGGCAGAGCCGGGGAAAAGCCTGGAATG,87f68c3d81452c7aac7e6e85791821cdf5b3dfd91d53eea7467ff89d5ed6b6c1,-0.151173359910129,CTCACTCTCCTTGCTGGAGCTGGTCCCAGGTGCCTCCGTTTTACAAATAGGAGGATAACAGCTGTGGAAATAAAGCCCACGCAAATGAGAACAAAAGACGATTTATTCAGGACTTGCTGTACAAGGGAGTCGCCATCCTCTCTTGTGTTGACCGAGATTCCTCAGCAGGCGGGGGCAGAGCCGGGGAAAAGCCTGGAATG,00e2f687024e49bef69899fd2dd3e5af6b31544a8b3c06bcabde1814b9993566,-0.130761622411508,CTCACTCTCCTTGCTGGAGCTGGTCCCAGGTGCCTCCGTTTTACAAATAGGAGGATAACAGCTGTGGAAATAAAGCCCACGCAAATGAGAACAAAAGACCATTTATTCAGGACTTGCTGTACAAGGGAGTCGCCATCCTCTCTTGTGTTGACCGAGATTCCTCAGCAGGCGGGGGCAGAGCCGGGGAAAAGCCTGGAATG,d8f2f250630facf8192bfcbfaa301a42c9502284028926b2c9ef71bc034e9e38,-0.0508395304997379,0.2310954518218991,0.365471612946467,-366.0964909840841,-373.2411001001019,-377.55009929370135,-379.12543176836334,5.5692766413558275,-1.0,-0.2310954518218991,0.0,1,0.18803156377232622,0.18216460459877223,0.1501433469024087,0.16912383300802897,1.0
chr21:45199112:T:A;chr21:45199150:G:T;var1;middle;OL41|K562|4fd11256abe0b517,chr21:45199112:T:A;chr21:45199150:G:T;var1;middle;OL41,K562,K562_region_01455,100,138,38,GGAATTCTTAAACAAAAGCCTCATGATTCTGAAGTCAGAGATTCCGTCCATAGGAACAGTAGGGGTGCAGATAGTCACTAGCGCTACGTGACTTTCAGTTAGAAGGAAGTGGGTTAAAGTGTAGCCTGACAAATGCTGAGTTATCCTTCTCTTCCTCCCTCCCCCCTCCCTCCCTCCCTCTCTCTCTCTCTTTTTCTCTC,1b6f0bfd9e4802ea2178d4518e9ed02af2eb658846245b46b6930744ce101d72,0.0,GGAATTCTTAAACAAAAGCCTCATGATTCTGAAGTCAGAGATTCCGTCCATAGGAACAGTAGGGGTGCAGATAGTCACTAGCGCTACGTGACTTTCAGTAAGAAGGAAGTGGGTTAAAGTGTAGCCTGACAAATGCTGAGTTATCCTTCTCTTCCTCCCTCCCCCCTCCCTCCCTCCCTCTCTCTCTCTCTTTTTCTCTC,5f2d555ab7e070a5b1e5d73b8855c5d2e62a912c4df9bee14b3b4248c979e25e,0.066762975346403,GGAATTCTTAAACAAAAGCCTCATGATTCTGAAGTCAGAGATTCCGTCCATAGGAACAGTAGGGGTGCAGATAGTCACTAGCGCTACGTGACTTTCAGTTAGAAGGAAGTGGGTTAAAGTGTAGCCTGACAAATGCTTAGTTATCCTTCTCTTCCTCCCTCCCCCCTCCCTCCCTCCCTCTCTCTCTCTCTTTTTCTCTC,9b4773364896ca0a790921a16a57805edad8d5e9664373f6cc1afada6a8bfc5d,-1.12367345982912,GGAATTCTTAAACAAAAGCCTCATGATTCTGAAGTCAGAGATTCCGTCCATAGGAACAGTAGGGGTGCAGATAGTCACTAGCGCTACGTGACTTTCAGTAAGAAGGAAGTGGGTTAAAGTGTAGCCTGACAAATGCTTAGTTATCCTTCTCTTCCTCCCTCCCCCCTCCCTCCCTCCCTCTCTCTCTCTCTTTTTCTCTC,4fd11256abe0b51703017ed50ac1f20bbe828432d48283ffb55253ef4191d620,-0.702329250722494,0.3545812337602231,0.190709294500933,-230.0635727904737,-234.4169459156692,-228.7127627544105,-230.33279923722148,2.733336642384529,-1.0,-0.3545812337602231,0.0,0,0.18928671996456073,0.18565657667894103,0.15145376406925343,0.0974118421889597,1.0
chr21:45512249:A:G;chr21:45512276:C:T;var1;middle;OL41|K562|57cd76576ba8247f,chr21:45512249:A:G;chr21:45512276:C:T;var1;middle;OL41,K562,K562_region_01456,100,127,27,TAAATCTGAAACTGGTCCCACTCTATGCGTAGACGTGTGCAGATCCAAGCTTCTGTTTGAACGCACTGTTGATTGCATGGGCACTGCTCCACTCTGCCCAGAGCCTGATGCCTGCCAGTGCCAGAGCGATGGTGCCCGACACCTTGGTGCCTTTGTAAAAGAGCCATGCTTGTGCCTGCATCTGGACCTTGCTTTTTCTG,a30f7e9228d2bbcd3d5e6289732c186235491eee939b537308a0cd6ca70c08a4,0.0,TAAATCTGAAACTGGTCCCACTCTATGCGTAGACGTGTGCAGATCCAAGCTTCTGTTTGAACGCACTGTTGATTGCATGGGCACTGCTCCACTCTGCCCGGAGCCTGATGCCTGCCAGTGCCAGAGCGATGGTGCCCGACACCTTGGTGCCTTTGTAAAAGAGCCATGCTTGTGCCTGCATCTGGACCTTGCTTTTTCTG,51e32007ea1dc407b469dee898b0e764f1a1f72da960a4756dbd66801c54a30a,-0.479957844950491,TAAATCTGAAACTGGTCCCACTCTATGCGTAGACGTGTGCAGATCCAAGCTTCTGTTTGAACGCACTGTTGATTGCATGGGCACTGCTCCACTCTGCCCAGAGCCTGATGCCTGCCAGTGCCAGAGTGATGGTGCCCGACACCTTGGTGCCTTTGTAAAAGAGCCATGCTTGTGCCTGCATCTGGACCTTGCTTTTTCTG,a6242721fd027f1a89ec7b034971cd2841d5168c87aa867ff0ed23f48703535d,-0.484840615933579,TAAATCTGAAACTGGTCCCACTCTATGCGTAGACGTGTGCAGATCCAAGCTTCTGTTTGAACGCACTGTTGATTGCATGGGCACTGCTCCACTCTGCCCGGAGCCTGATGCCTGCCAGTGCCAGAGTGATGGTGCCCGACACCTTGGTGCCTTTGTAAAAGAGCCATGCTTGTGCCTGCATCTGGACCTTGCTTTTTCTG,57cd76576ba8247f5fce0ad76579145c898597868cedefb7e417ac0d5a668bde,-0.738556372133246,-0.226242088750824,0.594212285851791,-316.4011269668117,-326.6332930922508,-323.4102805759758,-346.6473817417864,13.004935040371493,1.0,-0.226242088750824,0.0,0,0.2024794418302411,0.18565657667894103,0.15145376406925343,0.15820002367678704,1.0
chr21:45512276:C:T;chr21:45512356:G:C;var1;middle;OL41|K562|7579be10679778b7,chr21:45512276:C:T;chr21:45512356:G:C;var1;middle;OL41,K562,K562_region_01456,100,180,80,CGTAGACGTGTGCAGATCCAAGCTTCTGTTTGAACGCACTGTTGATTGCATGGGCACTGCTCCACTCTGCCCAGAGCCTGATGCCTGCCAGTGCCAGAGCGATGGTGCCCGACACCTTGGTGCCTTTGTAAAAGAGCCATGCTTGTGCCTGCATCTGGACCTTGCTTTTTCTGTTTATGGCTCGCTGCCTGGATGAATCT,2e80f0e4b8aaac15fddc1258f5730522690aa91ab6645e0af25918958b33854d,0.0,CGTAGACGTGTGCAGATCCAAGCTTCTGTTTGAACGCACTGTTGATTGCATGGGCACTGCTCCACTCTGCCCAGAGCCTGATGCCTGCCAGTGCCAGAGTGATGGTGCCCGACACCTTGGTGCCTTTGTAAAAGAGCCATGCTTGTGCCTGCATCTGGACCTTGCTTTTTCTGTTTATGGCTCGCTGCCTGGATGAATCT,69ca2809ee0a4363b8ed074df1535279fa28fdb402f61f716d75e38bce16bff6,0.307933616773127,CGTAGACGTGTGCAGATCCAAGCTTCTGTTTGAACGCACTGTTGATTGCATGGGCACTGCTCCACTCTGCCCAGAGCCTGATGCCTGCCAGTGCCAGAGCGATGGTGCCCGACACCTTGGTGCCTTTGTAAAAGAGCCATGCTTGTGCCTGCATCTGGACCTTGCTTTTTCTGTTTATGCCTCGCTGCCTGGATGAATCT,4a5ac35c1ab2527b5d2db01c110f78f3b28603b6a1d2f6be3e224456520c9fa3,0.238793426886148,CGTAGACGTGTGCAGATCCAAGCTTCTGTTTGAACGCACTGTTGATTGCATGGGCACTGCTCCACTCTGCCCAGAGCCTGATGCCTGCCAGTGCCAGAGTGATGGTGCCCGACACCTTGGTGCCTTTGTAAAAGAGCCATGCTTGTGCCTGCATCTGGACCTTGCTTTTTCTGTTTATGCCTCGCTGCCTGGATGAATCT,7579be10679778b7c929e954c5cf05b35836b73d47a4d962ca47d8423365fdcb,0.196100430617905,0.3506266130413699,0.234413063169637,-370.8206886013504,-393.2259014386218,-379.2970157857053,-384.0405816063285,-17.661647016648203,1.0,0.3506266130413699,0.0,0,0.1630916394675032,0.18565657667894103,0.15145376406925343,0.012319632263334962,1.0
chr21:45515347:T:G;chr21:45515366:A:G;var1;middle;OL41|K562|b43a8ca241b0279a,chr21:45515347:T:G;chr21:45515366:A:G;var1;middle;OL41,K562,K562_region_01457,100,119,19,TCCTGCGTAGCTGGGATTACAGGCATGCACCACCACGCCTGGCTAATTTTTTGTAGAGGCGGTGTTTCTCCATGTTGATCAGGCTGGTCTCAAACTCTCTACCTCAGGTGATCCACCTACCTTGGCCTCCCAAAGTGCTGGGATTACAGGTGTGAGCCACTGTGCCCGGCTAAAGTATGGGTTTTTTTTTGTTTTTTGTT,3ba59654285c847e26ccd55ae1cc6e8f762400b93f7f9ba2753b1272bfc9e80f,0.0,TCCTGCGTAGCTGGGATTACAGGCATGCACCACCACGCCTGGCTAATTTTTTGTAGAGGCGGTGTTTCTCCATGTTGATCAGGCTGGTCTCAAACTCTCGACCTCAGGTGATCCACCTACCTTGGCCTCCCAAAGTGCTGGGATTACAGGTGTGAGCCACTGTGCCCGGCTAAAGTATGGGTTTTTTTTTGTTTTTTGTT,02aa9bb4f2616349deb8f438044271726e543701cb269ef797b18883a83ff531,0.234565707865424,TCCTGCGTAGCTGGGATTACAGGCATGCACCACCACGCCTGGCTAATTTTTTGTAGAGGCGGTGTTTCTCCATGTTGATCAGGCTGGTCTCAAACTCTCTACCTCAGGTGATCCACCTGCCTTGGCCTCCCAAAGTGCTGGGATTACAGGTGTGAGCCACTGTGCCCGGCTAAAGTATGGGTTTTTTTTTGTTTTTTGTT,921768965f578595b38315bfa50d667a011f0c92908b4c4c187e0ebfc58271f4,0.123941359535504,TCCTGCGTAGCTGGGATTACAGGCATGCACCACCACGCCTGGCTAATTTTTTGTAGAGGCGGTGTTTCTCCATGTTGATCAGGCTGGTCTCAAACTCTCGACCTCAGGTGATCCACCTGCCTTGGCCTCCCAAAGTGCTGGGATTACAGGTGTGAGCCACTGTGCCCGGCTAAAGTATGGGTTTTTTTTTGTTTTTTGTT,b43a8ca241b0279a32dd3106e9b241f3b934fb955954372d12b44a54e1c93de5,0.136209651167691,0.2222974162332369,0.275825584369412,-81.61804313585162,-79.05783488694578,-76.6050450662151,-73.80342511460185,-0.24141170270740986,1.0,0.2222974162332369,0.0,4,0.1759001178809436,0.17620727786206916,0.145609630836647,0.3030522992244687,1.0
chr21:45757888:G:A;chr21:45757905:T:C;var1;middle;OL41|K562|a836d36c9de071aa,chr21:45757888:G:A;chr21:45757905:T:C;var1;middle;OL41,K562,K562_region_01458,100,117,17,GCAGGGTTGCTCCATTTGTAAGACACAAAAAGATGAACTCTTCCTCATGGTCCCTGAGTAGCAGAAGGTTCATTTCTCTCACTGACAGACATAAACAAGGGCGTCTTTATAAGAGGTCAAGTTCAAAGGGTGAACAGGCAACTTATGAAGCAAACTTTAAAAGCCTGAAACAGGGTTGTTGTTTCTCCCAGCTTAGTGGG,677a2a29ea28187b257aa2793a6f77ee62391fcdb8a3ef8be53af0253315d46d,0.0,GCAGGGTTGCTCCATTTGTAAGACACAAAAAGATGAACTCTTCCTCATGGTCCCTGAGTAGCAGAAGGTTCATTTCTCTCACTGACAGACATAAACAAGAGCGTCTTTATAAGAGGTCAAGTTCAAAGGGTGAACAGGCAACTTATGAAGCAAACTTTAAAAGCCTGAAACAGGGTTGTTGTTTCTCCCAGCTTAGTGGG,db9cf902eaa10980092a487f507e6abb62b064ee1293dc38feb3e13bd2ce950a,0.148212187008758,GCAGGGTTGCTCCATTTGTAAGACACAAAAAGATGAACTCTTCCTCATGGTCCCTGAGTAGCAGAAGGTTCATTTCTCTCACTGACAGACATAAACAAGGGCGTCTTTATAAGAGGCCAAGTTCAAAGGGTGAACAGGCAACTTATGAAGCAAACTTTAAAAGCCTGAAACAGGGTTGTTGTTTCTCCCAGCTTAGTGGG,e6f0056b3d3e0f6c47af2a4fe9273468601cd515068ca01ebbd1158b8506e9c7,-0.180027281888952,GCAGGGTTGCTCCATTTGTAAGACACAAAAAGATGAACTCTTCCTCATGGTCCCTGAGTAGCAGAAGGTTCATTTCTCTCACTGACAGACATAAACAAGAGCGTCTTTATAAGAGGCCAAGTTCAAAGGGTGAACAGGCAACTTATGAAGCAAACTTTAAAAGCCTGAAACAGGGTTGTTGTTTCTCCCAGCTTAGTGGG,a836d36c9de071aa8329358a919ec3e9c350aa2076099e0d02414b15511e80cf,0.329016122209093,0.360831217089287,0.324530345374166,-360.4384222496301,-367.55757757648826,-362.8186511052773,-366.111258961726,3.826547470409423,-1.0,-0.360831217089287,0.0,1,0.1862584416320105,0.18216460459877223,0.1501433469024087,0.1655526561811607,1.0
chr21:45759689:C:T;chr21:45759746:T:A;var1;middle;OL41|K562|82b9224c5a379523,chr21:45759689:C:T;chr21:45759746:T:A;var1;middle;OL41,K562,K562_region_01459,100,157,57,TCCCAGCATTTACAGAAAAGACGCATTTATAGGAAAGACGCACGGGCAGGTCCAGCAGAGCCCTTACAAGCATTTCAACCTTTTAGAAATCAGATAAGACCCTCTAAACATCGTTACATGGGCCACAGTTACATTAAGACAGGCGTTCTGACGTTCTGAAACCGCCTTTGCAAAAAATTGTATCGGTGAGAGAAGGTTGG,1855298c52c1c712ba4452be3879d7b4773c80bcca1451eb6e34a52ccf14ee3f,0.0,TCCCAGCATTTACAGAAAAGACGCATTTATAGGAAAGACGCACGGGCAGGTCCAGCAGAGCCCTTACAAGCATTTCAACCTTTTAGAAATCAGATAAGATCCTCTAAACATCGTTACATGGGCCACAGTTACATTAAGACAGGCGTTCTGACGTTCTGAAACCGCCTTTGCAAAAAATTGTATCGGTGAGAGAAGGTTGG,e239a09f7bc689278ff8882a66d23d75905484aef38ba10b13ed57a35a4c7a81,-0.101469466725069,TCCCAGCATTTACAGAAAAGACGCATTTATAGGAAAGACGCACGGGCAGGTCCAGCAGAGCCCTTACAAGCATTTCAACCTTTTAGAAATCAGATAAGACCCTCTAAACATCGTTACATGGGCCACAGTTACATTAAGACAGGCGTTCTGACGTTCAGAAACCGCCTTTGCAAAAAATTGTATCGGTGAGAGAAGGTTGG,11edba59061f140c5a950f38e42e7cf93b051edbe1f84d51742dd61cd2eb86dc,-0.129153828673384,TCCCAGCATTTACAGAAAAGACGCATTTATAGGAAAGACGCACGGGCAGGTCCAGCAGAGCCCTTACAAGCATTTCAACCTTTTAGAAATCAGATAAGATCCTCTAAACATCGTTACATGGGCCACAGTTACATTAAGACAGGCGTTCTGACGTTCAGAAACCGCCTTTGCAAAAAATTGTATCGGTGAGAGAAGGTTGG,82b9224c5a379523abae743b7591ab27abae2c7ed370983b9b7cb3c150ca37ed,0.0007357273000684,0.2313590226985214,0.325724050885699,-374.38674152456224,-370.4938412751071,-374.3048213878647,-367.9729649797082,2.4389561587013304,-1.0,-0.2313590226985214,0.0,0,0.18890862108516157,0.18565657667894103,0.15145376406925343,0.0983037092148413,1.0
chr21:45898223:C:G;chr21:45898234:C:T;var1;middle;OL41|K562|e9ee0d169f80ba68,chr21:45898223:C:G;chr21:45898234:C:T;var1;middle;OL41,K562,K562_region_01460,100,111,11,GTGAACAAAAGACGCCTGGCCGAGGACACTCCAGAGTGCTGTCACGAGGGTTCCCTGCAGTTTTCAGAAACTTGGAGCATGTGGCCACAGCGGCTTGCACGTGATTCATACGGCACATCTTGTCACCATGTAAATGTTTATCAGCAGAGACAAAGACCAGAAGAGCAACCTTGGAAAGAGCTAAATATTCCGATGTTCCA,85601d59eaac54582b21fcc95b668c1d54ea4edd951bf365d9750e0e7da3c1b2,0.0,GTGAACAAAAGACGCCTGGCCGAGGACACTCCAGAGTGCTGTCACGAGGGTTCCCTGCAGTTTTCAGAAACTTGGAGCATGTGGCCACAGCGGCTTGCAGGTGATTCATACGGCACATCTTGTCACCATGTAAATGTTTATCAGCAGAGACAAAGACCAGAAGAGCAACCTTGGAAAGAGCTAAATATTCCGATGTTCCA,3381e8b73aa35e095eb8a826c92d54aed0e816fd47966c1eab1fb4bd1cad24db,-0.213671750358737,GTGAACAAAAGACGCCTGGCCGAGGACACTCCAGAGTGCTGTCACGAGGGTTCCCTGCAGTTTTCAGAAACTTGGAGCATGTGGCCACAGCGGCTTGCACGTGATTCATATGGCACATCTTGTCACCATGTAAATGTTTATCAGCAGAGACAAAGACCAGAAGAGCAACCTTGGAAAGAGCTAAATATTCCGATGTTCCA,6cd6ad68dc0e94d5e568913baf201004a807928885f89c64590107cf7dd8f51d,-0.563461622862035,GTGAACAAAAGACGCCTGGCCGAGGACACTCCAGAGTGCTGTCACGAGGGTTCCCTGCAGTTTTCAGAAACTTGGAGCATGTGGCCACAGCGGCTTGCAGGTGATTCATATGGCACATCTTGTCACCATGTAAATGTTTATCAGCAGAGACAAAGACCAGAAGAGCAACCTTGGAAAGAGCTAAATATTCCGATGTTCCA,e9ee0d169f80ba684e0b3b13de232c9d493049da4e4d323fd8fc39d22edc9c23,-0.68905310724584,-0.088080265974932,0.303312954375047,-340.1076085753739,-321.9916702271439,-360.6346574989148,-328.09583460213616,-14.422884548548609,1.0,-0.088080265974932,0.0,2,0.15419358235093736,0.17490732828716207,0.146091925319964,0.11518995400876453,1.0
chr21:46289941:C:G;chr21:46290002:A:T;var1;middle;OL41|K562|336e9673fe034a34,chr21:46289941:C:G;chr21:46290002:A:T;var1;middle;OL41,K562,K562_region_01461,100,161,61,TAGGTCTTGTGTGAACTAAAAGAACTGAGCTCCAAAACACACACCGTCAACTCCATCTATCCCCAGACCTCTGGATTACCGGTCAGTCTGAGTCAGACCCAGACCTCTGGATTACCGGTCAGTCTGAGTCAGCGGAGAGGCATGAGAGGAAGAGGGAGAGAAAAACCGCCCAACATTCCTCCTGCTCCCAGCAGGCCAAG,f390be5ac5fa19048317a5959e784e3853059ee744b7efde3551420c40771c71,0.0,TAGGTCTTGTGTGAACTAAAAGAACTGAGCTCCAAAACACACACCGTCAACTCCATCTATCCCCAGACCTCTGGATTACCGGTCAGTCTGAGTCAGACCGAGACCTCTGGATTACCGGTCAGTCTGAGTCAGCGGAGAGGCATGAGAGGAAGAGGGAGAGAAAAACCGCCCAACATTCCTCCTGCTCCCAGCAGGCCAAG,fd01db074bef20df36bbbfa39f29d05c9ca1736afc54df5ab9e2975a68414120,-0.0146239730752354,TAGGTCTTGTGTGAACTAAAAGAACTGAGCTCCAAAACACACACCGTCAACTCCATCTATCCCCAGACCTCTGGATTACCGGTCAGTCTGAGTCAGACCCAGACCTCTGGATTACCGGTCAGTCTGAGTCAGCGGAGAGGCATGAGAGGAAGAGGGAGAGTAAAACCGCCCAACATTCCTCCTGCTCCCAGCAGGCCAAG,1c3f6d4fffbe7da64c55d2bb1929e00bb08cb0aadc930c94704f72cf441d0a85,0.130345644476533,TAGGTCTTGTGTGAACTAAAAGAACTGAGCTCCAAAACACACACCGTCAACTCCATCTATCCCCAGACCTCTGGATTACCGGTCAGTCTGAGTCAGACCGAGACCTCTGGATTACCGGTCAGTCTGAGTCAGCGGAGAGGCATGAGAGGAAGAGGGAGAGTAAAACCGCCCAACATTCCTCCTGCTCCCAGCAGGCCAAG,336e9673fe034a3477f08bea1a72f7e44c6de629943606f2ce7ed3f793a5f6b2,0.0353855330948412,-0.0803361383064563,0.236841051486053,-199.99488875560928,-206.1922277075355,-212.0802607849473,-212.1591584230191,6.118441313854419,-1.0,0.0803361383064563,0.0,3,0.1937966709645903,0.18106719778262317,0.1474303780702046,0.19541961543224973,1.0
chr21:46349942:A:C;chr21:46350019:T:G;var1;middle;OL41|K562|a96067fe79372fb3,chr21:46349942:A:C;chr21:46350019:T:G;var1;middle;OL41,K562,K562_region_01462,100,177,77,GTTTCAAAATGACTCCTCCTCTGAGGGGACTCAGGCTCCCCACCCTGCTCCCCAGTTCCCACCAGAAACCCCAAGTGGGTGTTCCAGCCTCTGCCCCACAAGGCCCCCATGGAAGGCAGCACCGCCAGGCAGGGACCTTTCCTCGCTGCCCCTCCCTCTTCCAGTTCTGAGTCCTGTCCCGGAGATGACCTCTCAACCCA,c835194887af86f95e100bad06cef3a83219b4a2bfb3f18a3dba44ea59ae1e1b,0.0,GTTTCAAAATGACTCCTCCTCTGAGGGGACTCAGGCTCCCCACCCTGCTCCCCAGTTCCCACCAGAAACCCCAAGTGGGTGTTCCAGCCTCTGCCCCACCAGGCCCCCATGGAAGGCAGCACCGCCAGGCAGGGACCTTTCCTCGCTGCCCCTCCCTCTTCCAGTTCTGAGTCCTGTCCCGGAGATGACCTCTCAACCCA,ae43776c6a996cc028bfad5d004193d43ae64b9ba21c65a493c9737c0fd1633f,0.333362089832866,GTTTCAAAATGACTCCTCCTCTGAGGGGACTCAGGCTCCCCACCCTGCTCCCCAGTTCCCACCAGAAACCCCAAGTGGGTGTTCCAGCCTCTGCCCCACAAGGCCCCCATGGAAGGCAGCACCGCCAGGCAGGGACCTTTCCTCGCTGCCCCTCCCTCTTCCAGTTCTGAGTCCTGGCCCGGAGATGACCTCTCAACCCA,e8937718bf62d2bdb7f0a46e8cfe19be9c855ccb1aba0b4899bcef4a6f8d7dd9,0.159260067278415,GTTTCAAAATGACTCCTCCTCTGAGGGGACTCAGGCTCCCCACCCTGCTCCCCAGTTCCCACCAGAAACCCCAAGTGGGTGTTCCAGCCTCTGCCCCACCAGGCCCCCATGGAAGGCAGCACCGCCAGGCAGGGACCTTTCCTCGCTGCCCCTCCCTCTTCCAGTTCTGAGTCCTGGCCCGGAGATGACCTCTCAACCCA,a96067fe79372fb3547da2f8588985dcf0cf8092935fac81a1bfde22b92bacd9,-0.0431163910031769,0.5357385481144579,0.381386658894765,-272.55758191505447,-297.7258607510012,-246.9917415641248,-236.90344361960888,-35.25657678046264,1.0,0.5357385481144579,0.0,0,0.14049291572206576,0.18565657667894103,0.15145376406925343,0.20400861475034304,1.0
chr21:46350019:T:G;chr21:46350065:T:C;var1;middle;OL41|K562|73f196676d920f77,chr21:46350019:T:G;chr21:46350065:T:C;var1;middle;OL41,K562,K562_region_01462,100,146,46,GGTGTTCCAGCCTCTGCCCCACAAGGCCCCCATGGAAGGCAGCACCGCCAGGCAGGGACCTTTCCTCGCTGCCCCTCCCTCTTCCAGTTCTGAGTCCTGTCCCGGAGATGACCTCTCAACCCAGAGGGACCTGACCAGAAAGGTCTGGCCCCCTCCACCCAGGAAGCCCCTGAAGGCTGGAGGGCAGCCCTCCCCCCTCC,1bcdbbacd42baaa6a6d6c65e754ded9e4ba51aaf3a84e6a85b5905c7ba90415b,0.0,GGTGTTCCAGCCTCTGCCCCACAAGGCCCCCATGGAAGGCAGCACCGCCAGGCAGGGACCTTTCCTCGCTGCCCCTCCCTCTTCCAGTTCTGAGTCCTGGCCCGGAGATGACCTCTCAACCCAGAGGGACCTGACCAGAAAGGTCTGGCCCCCTCCACCCAGGAAGCCCCTGAAGGCTGGAGGGCAGCCCTCCCCCCTCC,8c5bb77ad164e1c1da30470d73344c87ae39d693c4ac4e612a6a78aa159ab9b4,-0.227358935557349,GGTGTTCCAGCCTCTGCCCCACAAGGCCCCCATGGAAGGCAGCACCGCCAGGCAGGGACCTTTCCTCGCTGCCCCTCCCTCTTCCAGTTCTGAGTCCTGTCCCGGAGATGACCTCTCAACCCAGAGGGACCTGACCAGAAAGGTCCGGCCCCCTCCACCCAGGAAGCCCCTGAAGGCTGGAGGGCAGCCCTCCCCCCTCC,fd60dd188dba0fe3f2fc572c628f2c9dc3852b66f31b16c2fe268d119fa75104,0.691198231391471,GGTGTTCCAGCCTCTGCCCCACAAGGCCCCCATGGAAGGCAGCACCGCCAGGCAGGGACCTTTCCTCGCTGCCCCTCCCTCTTCCAGTTCTGAGTCCTGGCCCGGAGATGACCTCTCAACCCAGAGGGACCTGACCAGAAAGGTCCGGCCCCCTCCACCCAGGAAGCCCCTGAAGGCTGGAGGGCAGCCCTCCCCCCTCC,73f196676d920f772018b227af2bef4ee2b53d96731dfade6a6041a21cf38da4,0.542561019788833,0.078721723954711,0.541002446440477,-213.23015139251947,-211.5450973063708,-215.86460681259632,-214.43745181709528,-0.2578990906476406,-1.0,-0.078721723954711,0.0,0,0.18544481147753186,0.18565657667894103,0.15145376406925343,0.229486376832412,1.0
chr21:46350059:A:C;chr21:46350065:T:C;var1;middle;OL41|K562|f2a8f6c9f47e4729,chr21:46350059:A:C;chr21:46350065:T:C;var1;middle;OL41,K562,K562_region_01462,100,106,6,AGCACCGCCAGGCAGGGACCTTTCCTCGCTGCCCCTCCCTCTTCCAGTTCTGAGTCCTGTCCCGGAGATGACCTCTCAACCCAGAGGGACCTGACCAGAAAGGTCTGGCCCCCTCCACCCAGGAAGCCCCTGAAGGCTGGAGGGCAGCCCTCCCCCCTCCCTCCCCCTGTTAGTTTTTCTTTCTGATAGAAACAGCAGCA,607e169a09938b678f124540597ce0c457f731f643db031922e99a58994d5a74,0.0,AGCACCGCCAGGCAGGGACCTTTCCTCGCTGCCCCTCCCTCTTCCAGTTCTGAGTCCTGTCCCGGAGATGACCTCTCAACCCAGAGGGACCTGACCAGACAGGTCTGGCCCCCTCCACCCAGGAAGCCCCTGAAGGCTGGAGGGCAGCCCTCCCCCCTCCCTCCCCCTGTTAGTTTTTCTTTCTGATAGAAACAGCAGCA,ec34219c8154470cc9e877bb1c6c8b5fdd3accbcc76636f51870f82ff740e9f3,-0.404872034139445,AGCACCGCCAGGCAGGGACCTTTCCTCGCTGCCCCTCCCTCTTCCAGTTCTGAGTCCTGTCCCGGAGATGACCTCTCAACCCAGAGGGACCTGACCAGAAAGGTCCGGCCCCCTCCACCCAGGAAGCCCCTGAAGGCTGGAGGGCAGCCCTCCCCCCTCCCTCCCCCTGTTAGTTTTTCTTTCTGATAGAAACAGCAGCA,44857b758d94fdc3528cf8b327512f734ee2f7e5a5c2e261fa88e7283ebf08b9,0.691509079939153,AGCACCGCCAGGCAGGGACCTTTCCTCGCTGCCCCTCCCTCTTCCAGTTCTGAGTCCTGTCCCGGAGATGACCTCTCAACCCAGAGGGACCTGACCAGACAGGTCCGGCCCCCTCCACCCAGGAAGCCCCTGAAGGCTGGAGGGCAGCCCTCCCCCCTCCCTCCCCCTGTTAGTTTTTCTTTCTGATAGAAACAGCAGCA,f2a8f6c9f47e4729b04e5481b1ee4ddd2883f258e2a5953a07e82d05b2eb5aec,0.0436882726800513,-0.2429487731196567,0.265596133342753,-255.78463857842144,-256.22655040421523,-261.3897707045544,-260.2477817951003,1.5839007352478802,-1.0,0.2429487731196567,0.0,0,0.18781039781510325,0.18565657667894103,0.15145376406925343,0.32576644487741513,1.0
chr21:46353597:C:T;chr21:46353637:T:C;var1;middle;OL41|K562|9efe690f37ede08e,chr21:46353597:C:T;chr21:46353637:T:C;var1;middle;OL41,K562,K562_region_01463,100,140,40,AGACATGAGCCCTGGAGATCTGGAATGAGGCAGATGTGCCCAGGGAAAGCTGATCCGCCCCGACCCAGGGCCCCCCGGGTGCCCCTTTGAGCGTGGAATCGTTGCCAGGTCATGGCTCCCTGCTATCGAACACCGGACATGGGTCGTGTGCTGCACCTGGCAGTTGCAGGACCGACACCCGCAATGCCTTAAGAGGTGAT,dd23aad9c901f910c86338f14882255d499a23a3c65947f59f9f13f523badcd4,0.0,AGACATGAGCCCTGGAGATCTGGAATGAGGCAGATGTGCCCAGGGAAAGCTGATCCGCCCCGACCCAGGGCCCCCCGGGTGCCCCTTTGAGCGTGGAATTGTTGCCAGGTCATGGCTCCCTGCTATCGAACACCGGACATGGGTCGTGTGCTGCACCTGGCAGTTGCAGGACCGACACCCGCAATGCCTTAAGAGGTGAT,f91878431f5fc456ecac6fe673b1c0a6795336360205c9ab3e65a318b613c98d,-0.0094204450809481,AGACATGAGCCCTGGAGATCTGGAATGAGGCAGATGTGCCCAGGGAAAGCTGATCCGCCCCGACCCAGGGCCCCCCGGGTGCCCCTTTGAGCGTGGAATCGTTGCCAGGTCATGGCTCCCTGCTATCGAACACCGGACACGGGTCGTGTGCTGCACCTGGCAGTTGCAGGACCGACACCCGCAATGCCTTAAGAGGTGAT,8adb4ea7464b4aaf020d62ecf7276e5f238c73683419e42ae9f14d02d83f825a,0.364482470446143,AGACATGAGCCCTGGAGATCTGGAATGAGGCAGATGTGCCCAGGGAAAGCTGATCCGCCCCGACCCAGGGCCCCCCGGGTGCCCCTTTGAGCGTGGAATTGTTGCCAGGTCATGGCTCCCTGCTATCGAACACCGGACACGGGTCGTGTGCTGCACCTGGCAGTTGCAGGACCGACACCCGCAATGCCTTAAGAGGTGAT,9efe690f37ede08e0043a1dfe6fa1a2dc7c1fc59dc439188a731f008dbc67309,0.323587726295919,-0.0314742990692759,0.345669359902898,-398.1767745637335,-390.6285892296583,-386.9045152920298,-380.0734235034324,-0.7170935454778373,-1.0,0.0314742990692759,0.0,3,0.1800286363695174,0.18106719778262317,0.1474303780702046,0.21317614766443466,1.0
chr21:46400778:G:A;chr21:46400789:C:T;var1;middle;OL41|K562|5dfb209b707f54ef,chr21:46400778:G:A;chr21:46400789:C:T;var1;middle;OL41,K562,K562_region_01464,100,111,11,CCTGTCCGGCTGCTGGTGATTACTTGTGTTTCTGATTCCAGACGCTTCCTCCTGGTGCCACAGATGCCGGCAGCCCTTGGTTTCCTGGCTTGTGGCCACGTCACTCGCGTCGCTGTGTCTGTGACGCCCCATAAGGACACCGGCCATGTTGGGTTAGGGCCCTCCCTGCTCCAGTGTGGCCTCATCTTGACTGGTTCCAA,7d841b1cf0429d45c51fe27ce0ac6495fd27a9b1cb269ee94e66aae9b0e3e0a0,0.0,CCTGTCCGGCTGCTGGTGATTACTTGTGTTTCTGATTCCAGACGCTTCCTCCTGGTGCCACAGATGCCGGCAGCCCTTGGTTTCCTGGCTTGTGGCCACATCACTCGCGTCGCTGTGTCTGTGACGCCCCATAAGGACACCGGCCATGTTGGGTTAGGGCCCTCCCTGCTCCAGTGTGGCCTCATCTTGACTGGTTCCAA,080d4f409b4aaf2834f4582c86974ebb45424ddcf93e3a40ea54cba8e0b18d62,-1.83228491835322,CCTGTCCGGCTGCTGGTGATTACTTGTGTTTCTGATTCCAGACGCTTCCTCCTGGTGCCACAGATGCCGGCAGCCCTTGGTTTCCTGGCTTGTGGCCACGTCACTCGCGTTGCTGTGTCTGTGACGCCCCATAAGGACACCGGCCATGTTGGGTTAGGGCCCTCCCTGCTCCAGTGTGGCCTCATCTTGACTGGTTCCAA,ef1647a6e93510fb9b005894625c935c7887bb1b200dbeb3db98fb57b6cd941b,-1.75553989795555,CCTGTCCGGCTGCTGGTGATTACTTGTGTTTCTGATTCCAGACGCTTCCTCCTGGTGCCACAGATGCCGGCAGCCCTTGGTTTCCTGGCTTGTGGCCACATCACTCGCGTTGCTGTGTCTGTGACGCCCCATAAGGACACCGGCCATGTTGGGTTAGGGCCCTCCCTGCTCCAGTGTGGCCTCATCTTGACTGGTTCCAA,5dfb209b707f54ef1cc727e64d69e35a0e894fd1c5bb3ee9d91c45c05d766681,-2.8738093429986,-0.7140154733101705,0.200359194609068,-339.74990943213925,-345.8318438366987,-339.6461201226339,-348.7375907097012,3.0095361825078726,1.0,-0.7140154733101705,0.0,1,0.18542718177384251,0.18216460459877223,0.1501433469024087,0.12845039352834095,1.0
chr21:46424507:G:T;chr21:46424569:C:T;var1;middle;OL41|K562|08982af38dd08bce,chr21:46424507:G:T;chr21:46424569:C:T;var1;middle;OL41,K562,K562_region_01465,100,162,62,ACCCCCACTGCGGTGCAGTGCCAGGGTGAGCCAGCCACCCCCGGCGGGAGAAACACCATCCCCACAGCCGGCGCTCCTGTGCCCCCTCCTCCCAGCCCCGGGCAGGCCTCGCCTCTGTGCGTTTCCCATGGATGAGGTCATAGAGCGCGTGGCCTTCCGTGCCTGCCTCTTCCGGGCAGCAGCATGGTGGGTGTTTCTGA,a8fe89af4eac00a9375a841cd29f01a1873cf3ce186538ebbc82e39a3c05c9bd,0.0,ACCCCCACTGCGGTGCAGTGCCAGGGTGAGCCAGCCACCCCCGGCGGGAGAAACACCATCCCCACAGCCGGCGCTCCTGTGCCCCCTCCTCCCAGCCCCTGGCAGGCCTCGCCTCTGTGCGTTTCCCATGGATGAGGTCATAGAGCGCGTGGCCTTCCGTGCCTGCCTCTTCCGGGCAGCAGCATGGTGGGTGTTTCTGA,b39c717a53e80e70d472e4305af3d3b34f2a07aa54a7cc5f6989df84c96a8cf2,-0.958666022457983,ACCCCCACTGCGGTGCAGTGCCAGGGTGAGCCAGCCACCCCCGGCGGGAGAAACACCATCCCCACAGCCGGCGCTCCTGTGCCCCCTCCTCCCAGCCCCGGGCAGGCCTCGCCTCTGTGCGTTTCCCATGGATGAGGTCATAGAGCGCGTGGCCTTCCGTGTCTGCCTCTTCCGGGCAGCAGCATGGTGGGTGTTTCTGA,aeadc9dc372f1fd33c48d058338e29003137ddad2d2ce7a378641122aa50aad3,0.212013152566402,ACCCCCACTGCGGTGCAGTGCCAGGGTGAGCCAGCCACCCCCGGCGGGAGAAACACCATCCCCACAGCCGGCGCTCCTGTGCCCCCTCCTCCCAGCCCCTGGCAGGCCTCGCCTCTGTGCGTTTCCCATGGATGAGGTCATAGAGCGCGTGGCCTTCCGTGTCTGCCTCTTCCGGGCAGCAGCATGGTGGGTGTTTCTGA,08982af38dd08bcedd920207ffd08bcacc873b303cd5943f7a1e00c60cc3bf90,-0.654999310781857,0.091653559109724,0.16912305660659,-324.77338212169707,-322.2804890545085,-326.1084201987833,-322.7482199985534,0.8673071330413222,-1.0,-0.091653559109724,0.0,3,0.1832199131025337,0.18106719778262317,0.1474303780702046,0.2852556724324107,1.0
chr21:46424569:C:T;chr21:46424652:G:A;var1;middle;OL41|K562|d273bf95fdae9c29,chr21:46424569:C:T;chr21:46424652:G:A;var1;middle;OL41,K562,K562_region_01465,100,183,83,CACAGCCGGCGCTCCTGTGCCCCCTCCTCCCAGCCCCGGGCAGGCCTCGCCTCTGTGCGTTTCCCATGGATGAGGTCATAGAGCGCGTGGCCTTCCGTGCCTGCCTCTTCCGGGCAGCAGCATGGTGGGTGTTTCTGAGGCTCCTCCGTGTCGCTCCACCCGTCAGCACTTCATGCCTCTCGGGGCTGGGCCACATTTCG,7dd997f1107c123e348776b898b4dd54c83e7f8b4cc0794ed381a647918935af,0.0,CACAGCCGGCGCTCCTGTGCCCCCTCCTCCCAGCCCCGGGCAGGCCTCGCCTCTGTGCGTTTCCCATGGATGAGGTCATAGAGCGCGTGGCCTTCCGTGTCTGCCTCTTCCGGGCAGCAGCATGGTGGGTGTTTCTGAGGCTCCTCCGTGTCGCTCCACCCGTCAGCACTTCATGCCTCTCGGGGCTGGGCCACATTTCG,175bcbc1bf0ae9da5ef9c2780a94a301704f0343e22d363e682f203ba63e7d68,0.0631660378064226,CACAGCCGGCGCTCCTGTGCCCCCTCCTCCCAGCCCCGGGCAGGCCTCGCCTCTGTGCGTTTCCCATGGATGAGGTCATAGAGCGCGTGGCCTTCCGTGCCTGCCTCTTCCGGGCAGCAGCATGGTGGGTGTTTCTGAGGCTCCTCCGTGTCGCTCCACCCGTCAGCACTTCATGCCTCTCGAGGCTGGGCCACATTTCG,b3a5e3d5c52fbda5ff6594f7153a4eac053aaa13773d410ce322ca3e92c27490,-0.357712551678646,CACAGCCGGCGCTCCTGTGCCCCCTCCTCCCAGCCCCGGGCAGGCCTCGCCTCTGTGCGTTTCCCATGGATGAGGTCATAGAGCGCGTGGCCTTCCGTGTCTGCCTCTTCCGGGCAGCAGCATGGTGGGTGTTTCTGAGGCTCCTCCGTGTCGCTCCACCCGTCAGCACTTCATGCCTCTCGAGGCTGGGCCACATTTCG,d273bf95fdae9c29217d80456e682e5e9e6c24d373f59028d762342cfa275f48,-0.32259869138536,-0.0280521775131366,0.15744884354427,-405.23215623851866,-410.9648291198537,-417.8920068535954,-424.970273014158,-1.3455932792276144,-1.0,0.0280521775131366,0.0,3,0.1787627213745193,0.18106719778262317,0.1474303780702046,0.2909262729275839,1.0
chr21:46680538:G:C;chr21:46680566:G:C;var1;middle;OL41|K562|14477d4f3ac328d4,chr21:46680538:G:C;chr21:46680566:G:C;var1;middle;OL41,K562,K562_region_01466,100,128,28,CAGCACTGTCATTGTGCCTACCATCCCCAATCTTGCAGACTGGTGGAAAGCACAGATGGCATCAACTGGCAGAATTTCAGGAAGCACTAAAATTGCCCCGGCCAAAGGCACTTCCTCTGGTCCTTCTGAATCTAAGGTCTGCACCTTTTGGAAACTGCAAGTTGTCACCTTTTGAAATGATCACTGGAGGGCCAATGCAT,652fc6607ccd4ee4604f217d5f746f6062b38cd2bf05909c5e8695da2eee72c3,0.0,CAGCACTGTCATTGTGCCTACCATCCCCAATCTTGCAGACTGGTGGAAAGCACAGATGGCATCAACTGGCAGAATTTCAGGAAGCACTAAAATTGCCCCCGCCAAAGGCACTTCCTCTGGTCCTTCTGAATCTAAGGTCTGCACCTTTTGGAAACTGCAAGTTGTCACCTTTTGAAATGATCACTGGAGGGCCAATGCAT,60c9ae08bc8db8d1acf7a0bf01c0d1fb7743cef4980782544bb166f2fba520d1,0.106431528931284,CAGCACTGTCATTGTGCCTACCATCCCCAATCTTGCAGACTGGTGGAAAGCACAGATGGCATCAACTGGCAGAATTTCAGGAAGCACTAAAATTGCCCCGGCCAAAGGCACTTCCTCTGGTCCTTCTCAATCTAAGGTCTGCACCTTTTGGAAACTGCAAGTTGTCACCTTTTGAAATGATCACTGGAGGGCCAATGCAT,af9786b7d667c31fe6c7016cd4db86fe94654d3cbcd33320b7cab746cbc62646,-0.118291588350864,CAGCACTGTCATTGTGCCTACCATCCCCAATCTTGCAGACTGGTGGAAAGCACAGATGGCATCAACTGGCAGAATTTCAGGAAGCACTAAAATTGCCCCCGCCAAAGGCACTTCCTCTGGTCCTTCTCAATCTAAGGTCTGCACCTTTTGGAAACTGCAAGTTGTCACCTTTTGAAATGATCACTGGAGGGCCAATGCAT,14477d4f3ac328d406d9b51199749a1d53cf0de87cf49b3316a0dbfa05c3264e,0.395149588718073,0.4070096481376529,0.291255126956976,-276.5609662234783,-273.65656319633126,-272.3313894458115,-265.0499455705285,4.377040848135948,-1.0,-0.4070096481376529,0.0,4,0.1816242802449968,0.17620727786206916,0.145609630836647,0.24769767048515573,1.0
chr21:46683581:A:T;chr21:46683590:G:A;var1;middle;OL41|K562|79fed557412fcad9,chr21:46683581:A:T;chr21:46683590:G:A;var1;middle;OL41,K562,K562_region_01467,100,109,9,AAACTCCCAAAGGCCATACTGCCATCTCCTATGTGCCTAAAAACCTGGCAGTTTTACACCTGAGGGATTCTTTCCCCAAAGAGGCCTCCCAGCAGTCTAATGAACAGAGGAGGGCTGGCTGCTGTTGATGACGAGGACTTACAGGGCCCCTTGAGCACACCCAGGCCACACTGGGGGCCCAGGGGCTCTGGCAGAAGTGG,d2682bede9c2c1cf24fb2816163dc6342fd4255421dc9b3e1e690606d2213aaf,0.0,AAACTCCCAAAGGCCATACTGCCATCTCCTATGTGCCTAAAAACCTGGCAGTTTTACACCTGAGGGATTCTTTCCCCAAAGAGGCCTCCCAGCAGTCTATTGAACAGAGGAGGGCTGGCTGCTGTTGATGACGAGGACTTACAGGGCCCCTTGAGCACACCCAGGCCACACTGGGGGCCCAGGGGCTCTGGCAGAAGTGG,43b220150b50eca47a3c7eb855b3fc2356d3e6c7d0fbb7a007561f5e2787b13b,-0.364797272197184,AAACTCCCAAAGGCCATACTGCCATCTCCTATGTGCCTAAAAACCTGGCAGTTTTACACCTGAGGGATTCTTTCCCCAAAGAGGCCTCCCAGCAGTCTAATGAACAGAAGAGGGCTGGCTGCTGTTGATGACGAGGACTTACAGGGCCCCTTGAGCACACCCAGGCCACACTGGGGGCCCAGGGGCTCTGGCAGAAGTGG,7efb390a6821b82d64ca7ac15c587e2ae227867c684c9cafa2d9ef99baf1b006,-0.396068029614214,AAACTCCCAAAGGCCATACTGCCATCTCCTATGTGCCTAAAAACCTGGCAGTTTTACACCTGAGGGATTCTTTCCCCAAAGAGGCCTCCCAGCAGTCTATTGAACAGAAGAGGGCTGGCTGCTGTTGATGACGAGGACTTACAGGGCCCCTTGAGCACACCCAGGCCACACTGGGGGCCCAGGGGCTCTGGCAGAAGTGG,79fed557412fcad90df55daabf0b2fbf347c0c1d6320c71fcd56b8be06a3634a,-0.271540210060402,0.489325091750996,0.269781663265425,-321.0058562443592,-321.33609105914366,-326.2138270009309,-323.49087473680265,3.0531870789126856,-1.0,-0.489325091750996,0.0,1,0.18547159393618554,0.18216460459877223,0.1501433469024087,0.25660665154168905,1.0
chr21:46683581:A:T;chr21:46683622:A:G;var1;middle;OL41|K562|54ba0ac9b75a692b,chr21:46683581:A:T;chr21:46683622:A:G;var1;middle;OL41,K562,K562_region_01467,100,141,41,AAACTCCCAAAGGCCATACTGCCATCTCCTATGTGCCTAAAAACCTGGCAGTTTTACACCTGAGGGATTCTTTCCCCAAAGAGGCCTCCCAGCAGTCTAATGAACAGAGGAGGGCTGGCTGCTGTTGATGACGAGGACTTACAGGGCCCCTTGAGCACACCCAGGCCACACTGGGGGCCCAGGGGCTCTGGCAGAAGTGG,d2682bede9c2c1cf24fb2816163dc6342fd4255421dc9b3e1e690606d2213aaf,0.0,AAACTCCCAAAGGCCATACTGCCATCTCCTATGTGCCTAAAAACCTGGCAGTTTTACACCTGAGGGATTCTTTCCCCAAAGAGGCCTCCCAGCAGTCTATTGAACAGAGGAGGGCTGGCTGCTGTTGATGACGAGGACTTACAGGGCCCCTTGAGCACACCCAGGCCACACTGGGGGCCCAGGGGCTCTGGCAGAAGTGG,43b220150b50eca47a3c7eb855b3fc2356d3e6c7d0fbb7a007561f5e2787b13b,-0.364778250780311,AAACTCCCAAAGGCCATACTGCCATCTCCTATGTGCCTAAAAACCTGGCAGTTTTACACCTGAGGGATTCTTTCCCCAAAGAGGCCTCCCAGCAGTCTAATGAACAGAGGAGGGCTGGCTGCTGTTGATGACGAGGACTTGCAGGGCCCCTTGAGCACACCCAGGCCACACTGGGGGCCCAGGGGCTCTGGCAGAAGTGG,6a9f6bf102f97f8e1b512d554ca8566a513761970a4740d79ed08fd9a8df0f67,-0.752569325747357,AAACTCCCAAAGGCCATACTGCCATCTCCTATGTGCCTAAAAACCTGGCAGTTTTACACCTGAGGGATTCTTTCCCCAAAGAGGCCTCCCAGCAGTCTATTGAACAGAGGAGGGCTGGCTGCTGTTGATGACGAGGACTTGCAGGGCCCCTTGAGCACACCCAGGCCACACTGGGGGCCCAGGGGCTCTGGCAGAAGTGG,54ba0ac9b75a692bf195cfe7ced8fc63aec12720587dcf9acb533821553d636d,-0.602399395991118,0.5149481805365499,0.267408333825502,-321.0058562443592,-321.33609105914366,-308.38180166948587,-313.555256482563,-4.843219998292682,-1.0,-0.5149481805365499,0.0,1,0.17743747454978934,0.18216460459877223,0.1501433469024087,0.32213337227012895,1.0
chr21:46683590:G:A;chr21:46683622:A:G;var1;middle;OL41|K562|f93c613ce1f68610,chr21:46683590:G:A;chr21:46683622:A:G;var1;middle;OL41,K562,K562_region_01467,100,132,32,AAGGCCATACTGCCATCTCCTATGTGCCTAAAAACCTGGCAGTTTTACACCTGAGGGATTCTTTCCCCAAAGAGGCCTCCCAGCAGTCTAATGAACAGAGGAGGGCTGGCTGCTGTTGATGACGAGGACTTACAGGGCCCCTTGAGCACACCCAGGCCACACTGGGGGCCCAGGGGCTCTGGCAGAAGTGGTGTCCTGAT,b84835ab1d6d6bcfa7d2d7c4327dddc8e858ffc7ab2371f95ddfc0e0d460a7d5,0.0,AAGGCCATACTGCCATCTCCTATGTGCCTAAAAACCTGGCAGTTTTACACCTGAGGGATTCTTTCCCCAAAGAGGCCTCCCAGCAGTCTAATGAACAGAAGAGGGCTGGCTGCTGTTGATGACGAGGACTTACAGGGCCCCTTGAGCACACCCAGGCCACACTGGGGGCCCAGGGGCTCTGGCAGAAGTGGTGTCCTGAT,58004d2e17a642e614842ef4b4000a9bf63906135eae1fd6e5fa2d8f0d45910c,0.0155910018579041,AAGGCCATACTGCCATCTCCTATGTGCCTAAAAACCTGGCAGTTTTACACCTGAGGGATTCTTTCCCCAAAGAGGCCTCCCAGCAGTCTAATGAACAGAGGAGGGCTGGCTGCTGTTGATGACGAGGACTTGCAGGGCCCCTTGAGCACACCCAGGCCACACTGGGGGCCCAGGGGCTCTGGCAGAAGTGGTGTCCTGAT,6b5071a304da00df375c9ed5ac98498fc645626f77c7f4954f2f31ae82f5374b,-0.363096854414899,AAGGCCATACTGCCATCTCCTATGTGCCTAAAAACCTGGCAGTTTTACACCTGAGGGATTCTTTCCCCAAAGAGGCCTCCCAGCAGTCTAATGAACAGAAGAGGGCTGGCTGCTGTTGATGACGAGGACTTGCAGGGCCCCTTGAGCACACCCAGGCCACACTGGGGGCCCAGGGGCTCTGGCAGAAGTGGTGTCCTGAT,f93c613ce1f68610550a4d341687b3057f05c7745c2b820f200b2db233e22742,-0.159901099575593,0.1876047529814019,0.217919636552068,-330.67631745082326,-335.82408113079146,-318.1833733236417,-325.3149214168079,-1.9837844131980091,-1.0,-0.1876047529814019,0.0,1,0.1803467783184206,0.18216460459877223,0.1501433469024087,0.3526318227272942,1.0
chr21:46714641:C:T;chr21:46714707:G:A;var1;middle;OL41|K562|ce7d1cfa4a641974,chr21:46714641:C:T;chr21:46714707:G:A;var1;middle;OL41,K562,K562_region_01468,100,166,66,GGGGTCATGGATGGGGCTCACTGGGGACTGTGAGAATCTGTCCCGCAGGACTTTCTGGGATGGAAACGCTGGCAGAGGTGAAGCCTGCGTCATGTGCTTCACTGAACCCGGCTGCTTATTTATGTTCGGAGGGCTGGTTTCAAGGACTCCTCGTCTCCCTCTCCAGTGATAGCGTCAGCGGAAATGCAGACGGGGACGGG,521714a5cf906975570d836a9f368c3838867c55bb2b6c7b9a232b61f19e8cf2,0.0,GGGGTCATGGATGGGGCTCACTGGGGACTGTGAGAATCTGTCCCGCAGGACTTTCTGGGATGGAAACGCTGGCAGAGGTGAAGCCTGCGTCATGTGCTTTACTGAACCCGGCTGCTTATTTATGTTCGGAGGGCTGGTTTCAAGGACTCCTCGTCTCCCTCTCCAGTGATAGCGTCAGCGGAAATGCAGACGGGGACGGG,3da63975f297348f02eb63edcbc79c0bf1b586173958c3f435d7953bc96de452,-0.0747641589694383,GGGGTCATGGATGGGGCTCACTGGGGACTGTGAGAATCTGTCCCGCAGGACTTTCTGGGATGGAAACGCTGGCAGAGGTGAAGCCTGCGTCATGTGCTTCACTGAACCCGGCTGCTTATTTATGTTCGGAGGGCTGGTTTCAAGGACTCCTCGTCTCCCTCTCCAATGATAGCGTCAGCGGAAATGCAGACGGGGACGGG,bec0e1e993e1be1def636719778207a36a2b23b6b7215e3859b42d7dec5fb6ee,-0.10886545360563,GGGGTCATGGATGGGGCTCACTGGGGACTGTGAGAATCTGTCCCGCAGGACTTTCTGGGATGGAAACGCTGGCAGAGGTGAAGCCTGCGTCATGTGCTTTACTGAACCCGGCTGCTTATTTATGTTCGGAGGGCTGGTTTCAAGGACTCCTCGTCTCCCTCTCCAATGATAGCGTCAGCGGAAATGCAGACGGGGACGGG,ce7d1cfa4a6419740e4cee436bc602b081ffb298e8e158935ecd243cc4faa6b9,-0.213274681670782,0.0296450690957136,0.160223721736016,-383.454526886344,-388.49285607784986,-399.1736279148608,-399.8962362045422,-4.315720901824477,1.0,0.0296450690957136,0.0,4,0.17085037294573951,0.17620727786206916,0.145609630836647,0.0006400494487280861,1.0
chr21:47405375:G:A;chr21:47405450:G:A;var1;middle;OL41|K562|fb7cccc787a28561,chr21:47405375:G:A;chr21:47405450:G:A;var1;middle;OL41,K562,K562_region_01469,100,175,75,AGAGAGAGAAGCACAGACAGAGACAGACAGAGAGACAGGGACAGACAGAGACAGAGAGACCGGAAACAGAGGCAGAGAGACTGAGAGACTGAGAGAGACGGGGTGGTTTTCCCCACAGCATCAACACCAAGCAGGGCTAGGATCACTGAAACAGACTCATCAGACCCGAAGCATGCGCTTTCTCGGGGTTTTTCTGGACT,2a571ce0abef57d182fd038afc741aeb80cf9a189555c61737affcc7b466dc96,0.0,AGAGAGAGAAGCACAGACAGAGACAGACAGAGAGACAGGGACAGACAGAGACAGAGAGACCGGAAACAGAGGCAGAGAGACTGAGAGACTGAGAGAGACAGGGTGGTTTTCCCCACAGCATCAACACCAAGCAGGGCTAGGATCACTGAAACAGACTCATCAGACCCGAAGCATGCGCTTTCTCGGGGTTTTTCTGGACT,2977ff8ba459e61276599b94379daafd6cd159948afc0e5daf5a3640422aa734,-0.053965158291934,AGAGAGAGAAGCACAGACAGAGACAGACAGAGAGACAGGGACAGACAGAGACAGAGAGACCGGAAACAGAGGCAGAGAGACTGAGAGACTGAGAGAGACGGGGTGGTTTTCCCCACAGCATCAACACCAAGCAGGGCTAGGATCACTGAAACAGACTCATCAGACCCGAAGCATACGCTTTCTCGGGGTTTTTCTGGACT,5a343646f05c50d60e15d1c2eff07b18f8c115f24d9d9a1924ff989fb1953665,-0.436908040230582,AGAGAGAGAAGCACAGACAGAGACAGACAGAGAGACAGGGACAGACAGAGACAGAGAGACCGGAAACAGAGGCAGAGAGACTGAGAGACTGAGAGAGACAGGGTGGTTTTCCCCACAGCATCAACACCAAGCAGGGCTAGGATCACTGAAACAGACTCATCAGACCCGAAGCATACGCTTTCTCGGGGTTTTTCTGGACT,fb7cccc787a285614fb3739a163d37d65132b406408875906858bd89c39e5e72,-0.716207689366907,0.225334490844391,0.189083067216664,-223.35093706427145,-207.31770963221788,-231.3042083829641,-210.5117806438357,-4.759200307074877,1.0,0.225334490844391,0.0,4,0.1703007195514866,0.17620727786206916,0.145609630836647,0.005832519021916616,1.0
chr21:47405593:C:G;chr21:47405598:G:A;var1;middle;OL41|K562|3b1633c2a3e496e4,chr21:47405593:C:G;chr21:47405598:G:A;var1;middle;OL41,K562,K562_region_01470,100,105,5,CCAGTGTCCAGCTGTGGGGACGCAGGGGCCGCAAGCCCCGGAGTGTCCAGAGGGGAACGTGGCCTCCCCACACCCAGCCCTTCACGAGGCCTCAGGATCCCAGTGGGGGTACCCGAGGCTGCCCTGTCCAGCCAGGCGGTGCGGGGGGTTTGGGGAGAGCCTCTCCCCGAGGTCGGTCTCAGAGGGCCACATGGCCGGTG,46162a374d2d5e0d323e71ba8a65ed6facf4d31504a730a8add5936d353c80cd,0.0,CCAGTGTCCAGCTGTGGGGACGCAGGGGCCGCAAGCCCCGGAGTGTCCAGAGGGGAACGTGGCCTCCCCACACCCAGCCCTTCACGAGGCCTCAGGATCGCAGTGGGGGTACCCGAGGCTGCCCTGTCCAGCCAGGCGGTGCGGGGGGTTTGGGGAGAGCCTCTCCCCGAGGTCGGTCTCAGAGGGCCACATGGCCGGTG,0a759e5d9e2636f671e8e9bece577770488979594d2a33407507a065048c5c14,0.321312701349535,CCAGTGTCCAGCTGTGGGGACGCAGGGGCCGCAAGCCCCGGAGTGTCCAGAGGGGAACGTGGCCTCCCCACACCCAGCCCTTCACGAGGCCTCAGGATCCCAGTAGGGGTACCCGAGGCTGCCCTGTCCAGCCAGGCGGTGCGGGGGGTTTGGGGAGAGCCTCTCCCCGAGGTCGGTCTCAGAGGGCCACATGGCCGGTG,9e7f01daa9b674ed69d5faeebfd597a00f3f1a735a335467d1e831f841068bc6,-0.342640826814823,CCAGTGTCCAGCTGTGGGGACGCAGGGGCCGCAAGCCCCGGAGTGTCCAGAGGGGAACGTGGCCTCCCCACACCCAGCCCTTCACGAGGCCTCAGGATCGCAGTAGGGGTACCCGAGGCTGCCCTGTCCAGCCAGGCGGTGCGGGGGGTTTGGGGAGAGCCTCTCCCCGAGGTCGGTCTCAGAGGGCCACATGGCCGGTG,3b1633c2a3e496e48c1255718bec708f2b0579e6726540442def59e1df0246dc,-0.421621662702303,0.400293537237015,0.561273572534448,-266.84978037979454,-274.8243836015463,-275.0960778852459,-284.0500639686361,0.9793828616384417,1.0,0.400293537237015,0.0,4,0.1774131844811825,0.17620727786206916,0.145609630836647,0.1678522808956427,1.0
chr21:47577549:T:C;chr21:47577630:G:A;var1;middle;OL41|K562|3a7abda62cf7a8e7,chr21:47577549:T:C;chr21:47577630:G:A;var1;middle;OL41,K562,K562_region_01471,100,181,81,GGACTGGGATGAGACAGGAGCCAGGTAAGCCCAGAAACCTTCAGAGGCTGGGAGCACACAGAGTTCCCCAGCCAGGGCTCCACGTCTGGAGGCTGGGAGTGGGGGATGGGGTCAGGGATCTGTGTCTGGAGGGAGACCAGGAGGGGAGGATGGGGTCAGAGCTCTGTGGAGCCTCAAGGGGAGGATGGAGTCAGGGATCC,e4dd28f59585300262e2c86b207dc6c964698078808e74ccf20729c7f2276e7c,0.0,GGACTGGGATGAGACAGGAGCCAGGTAAGCCCAGAAACCTTCAGAGGCTGGGAGCACACAGAGTTCCCCAGCCAGGGCTCCACGTCTGGAGGCTGGGAGCGGGGGATGGGGTCAGGGATCTGTGTCTGGAGGGAGACCAGGAGGGGAGGATGGGGTCAGAGCTCTGTGGAGCCTCAAGGGGAGGATGGAGTCAGGGATCC,513385cd8a1d616829d8e4ca7ef47b3d44346cd0dd95fa0f1f95ba9bad1dfd9d,-0.0203622168700277,GGACTGGGATGAGACAGGAGCCAGGTAAGCCCAGAAACCTTCAGAGGCTGGGAGCACACAGAGTTCCCCAGCCAGGGCTCCACGTCTGGAGGCTGGGAGTGGGGGATGGGGTCAGGGATCTGTGTCTGGAGGGAGACCAGGAGGGGAGGATGGGGTCAGAGCTCTGTGGAGCCTCAAGGGAAGGATGGAGTCAGGGATCC,8721f0456c915057c681d1c1e7b5c95fa135faa0395743234df1e3c648514c43,-0.23074674758521,GGACTGGGATGAGACAGGAGCCAGGTAAGCCCAGAAACCTTCAGAGGCTGGGAGCACACAGAGTTCCCCAGCCAGGGCTCCACGTCTGGAGGCTGGGAGCGGGGGATGGGGTCAGGGATCTGTGTCTGGAGGGAGACCAGGAGGGGAGGATGGGGTCAGAGCTCTGTGGAGCCTCAAGGGAAGGATGGAGTCAGGGATCC,3a7abda62cf7a8e7227b56ee63c223adbc0ecb1f9b09a28c7a0ed9fba82d1be9,-0.277963165879437,0.0268542014241993,0.391412929287643,-193.29688215628263,-196.52496649883687,-207.25389066990465,-209.67730342550203,-0.8046715869568573,1.0,0.0268542014241993,0.0,2,0.1740228014802935,0.17490732828716207,0.146091925319964,0.06659601650600058,1.0
chr21:47711967:G:A;chr21:47711984:C:T;var1;middle;OL41|K562|58847498b4a5a53e,chr21:47711967:G:A;chr21:47711984:C:T;var1;middle;OL41,K562,K562_region_01472,100,117,17,TATTCAACTCAATCTCCCAGAGAACTCAGAGGCTACAGTTTCTACAGGCAATTTGGCAGGCAGGGGCTAGGGAATGCCTGCTGCTGATCGGCTGCAGACGGACCATGGGGTGTCAACGATTTTTGTCCCCTGAGTCCGCCTCTGCGTGGAGCCACGGGATCAGCTGAGTCATGAGTCTCAGGTCCAGGTGGAGTCTGTAG,30a2062c2a0f7372321c6dc78dd7d0ecc254ac8f6d64254381f6c74174fe0681,0.0,TATTCAACTCAATCTCCCAGAGAACTCAGAGGCTACAGTTTCTACAGGCAATTTGGCAGGCAGGGGCTAGGGAATGCCTGCTGCTGATCGGCTGCAGACAGACCATGGGGTGTCAACGATTTTTGTCCCCTGAGTCCGCCTCTGCGTGGAGCCACGGGATCAGCTGAGTCATGAGTCTCAGGTCCAGGTGGAGTCTGTAG,9c79b8fb6fe3b7c2686323d3c4f2224b8960404db1633aa8ab8db156a33fd08e,0.210883866396155,TATTCAACTCAATCTCCCAGAGAACTCAGAGGCTACAGTTTCTACAGGCAATTTGGCAGGCAGGGGCTAGGGAATGCCTGCTGCTGATCGGCTGCAGACGGACCATGGGGTGTCAATGATTTTTGTCCCCTGAGTCCGCCTCTGCGTGGAGCCACGGGATCAGCTGAGTCATGAGTCTCAGGTCCAGGTGGAGTCTGTAG,03d15382b73ecfde9f87b0fb51eb4578a5e03180704ba8ea620863ec672c29e3,-0.288049475758586,TATTCAACTCAATCTCCCAGAGAACTCAGAGGCTACAGTTTCTACAGGCAATTTGGCAGGCAGGGGCTAGGGAATGCCTGCTGCTGATCGGCTGCAGACAGACCATGGGGTGTCAATGATTTTTGTCCCCTGAGTCCGCCTCTGCGTGGAGCCACGGGATCAGCTGAGTCATGAGTCTCAGGTCCAGGTGGAGTCTGTAG,58847498b4a5a53e15a919ba78fd0bb7412ad489af3749e2d1c8c0100af9e37a,-0.297902912645827,0.220737303283396,0.156756364121504,-337.7539868839085,-332.9515407793224,-330.1499207792804,-322.3262401781976,-3.021234496496618,1.0,0.220737303283396,0.0,4,0.17245477404775,0.17620727786206916,0.145609630836647,0.06421742074968434,1.0
chr21:47711967:G:A;chr21:47712012:C:G;var1;middle;OL41|K562|d8b4243b23e4c859,chr21:47711967:G:A;chr21:47712012:C:G;var1;middle;OL41,K562,K562_region_01472,100,145,45,TATTCAACTCAATCTCCCAGAGAACTCAGAGGCTACAGTTTCTACAGGCAATTTGGCAGGCAGGGGCTAGGGAATGCCTGCTGCTGATCGGCTGCAGACGGACCATGGGGTGTCAACGATTTTTGTCCCCTGAGTCCGCCTCTGCGTGGAGCCACGGGATCAGCTGAGTCATGAGTCTCAGGTCCAGGTGGAGTCTGTAG,30a2062c2a0f7372321c6dc78dd7d0ecc254ac8f6d64254381f6c74174fe0681,0.0,TATTCAACTCAATCTCCCAGAGAACTCAGAGGCTACAGTTTCTACAGGCAATTTGGCAGGCAGGGGCTAGGGAATGCCTGCTGCTGATCGGCTGCAGACAGACCATGGGGTGTCAACGATTTTTGTCCCCTGAGTCCGCCTCTGCGTGGAGCCACGGGATCAGCTGAGTCATGAGTCTCAGGTCCAGGTGGAGTCTGTAG,9c79b8fb6fe3b7c2686323d3c4f2224b8960404db1633aa8ab8db156a33fd08e,0.21088357735058,TATTCAACTCAATCTCCCAGAGAACTCAGAGGCTACAGTTTCTACAGGCAATTTGGCAGGCAGGGGCTAGGGAATGCCTGCTGCTGATCGGCTGCAGACGGACCATGGGGTGTCAACGATTTTTGTCCCCTGAGTCCGCCTCTGGGTGGAGCCACGGGATCAGCTGAGTCATGAGTCTCAGGTCCAGGTGGAGTCTGTAG,b6dc4eafaf944136a9cfff13981730204ceb8fa5cbf782a0c56ebee20ce2ac92,2.20319679607089,TATTCAACTCAATCTCCCAGAGAACTCAGAGGCTACAGTTTCTACAGGCAATTTGGCAGGCAGGGGCTAGGGAATGCCTGCTGCTGATCGGCTGCAGACAGACCATGGGGTGTCAACGATTTTTGTCCCCTGAGTCCGCCTCTGGGTGGAGCCACGGGATCAGCTGAGTCATGAGTCTCAGGTCCAGGTGGAGTCTGTAG,d8b4243b23e4c859e3e6535b7c29040e9e53132b2c1c2dcfec916d5bfb7e8a45,2.28131679283763,0.1327635805838398,0.15896179271121,-337.7539868839085,-332.9515407793224,-337.8806522465311,-334.0113956127316,0.9331894707866013,1.0,0.1327635805838398,0.0,4,0.17735593186973503,0.17620727786206916,0.145609630836647,0.0813623358434182,1.0
chr21:47711984:C:T;chr21:47712012:C:G;var1;middle;OL41|K562|7edaf944ce806473,chr21:47711984:C:T;chr21:47712012:C:G;var1;middle;OL41,K562,K562_region_01472,100,128,28,CAGAGAACTCAGAGGCTACAGTTTCTACAGGCAATTTGGCAGGCAGGGGCTAGGGAATGCCTGCTGCTGATCGGCTGCAGACGGACCATGGGGTGTCAACGATTTTTGTCCCCTGAGTCCGCCTCTGCGTGGAGCCACGGGATCAGCTGAGTCATGAGTCTCAGGTCCAGGTGGAGTCTGTAGGTTGCCAGAACTCAAAA,31570f5260a4cff530047f6c6b5fbcbd33efa9162ef4a26185f6ce81147e13ea,0.0,CAGAGAACTCAGAGGCTACAGTTTCTACAGGCAATTTGGCAGGCAGGGGCTAGGGAATGCCTGCTGCTGATCGGCTGCAGACGGACCATGGGGTGTCAATGATTTTTGTCCCCTGAGTCCGCCTCTGCGTGGAGCCACGGGATCAGCTGAGTCATGAGTCTCAGGTCCAGGTGGAGTCTGTAGGTTGCCAGAACTCAAAA,5b1b675ab71c08234ed006c0c918e58328d67a91d6115d2581ef3360820d7046,-0.425229179387346,CAGAGAACTCAGAGGCTACAGTTTCTACAGGCAATTTGGCAGGCAGGGGCTAGGGAATGCCTGCTGCTGATCGGCTGCAGACGGACCATGGGGTGTCAACGATTTTTGTCCCCTGAGTCCGCCTCTGGGTGGAGCCACGGGATCAGCTGAGTCATGAGTCTCAGGTCCAGGTGGAGTCTGTAGGTTGCCAGAACTCAAAA,9407357ff7c492a3b6680f7f054036763e0d4203b59500d67667374c3f7490a9,2.06596045999281,CAGAGAACTCAGAGGCTACAGTTTCTACAGGCAATTTGGCAGGCAGGGGCTAGGGAATGCCTGCTGCTGATCGGCTGCAGACGGACCATGGGGTGTCAATGATTTTTGTCCCCTGAGTCCGCCTCTGGGTGGAGCCACGGGATCAGCTGAGTCATGAGTCTCAGGTCCAGGTGGAGTCTGTAGGTTGCCAGAACTCAAAA,7edaf944ce806473a1aca31e00e491701e0bfa399cc3f35d4ba0232b2916f481,1.49647266609125,-0.1442586145142141,0.157205265699581,-407.9363453199621,-399.2803701934172,-408.0909648558591,-391.8620143806329,7.572975348681268,-1.0,0.1442586145142141,0.0,4,0.1855853576371766,0.17620727786206916,0.145609630836647,0.1360159563477495,1.0
chr22:17488669:C:T;chr22:17488727:A:C;var1;middle;OL41|K562|45ff9b41afea5b38,chr22:17488669:C:T;chr22:17488727:A:C;var1;middle;OL41,K562,K562_region_01473,100,158,58,CACTCTCCGACCTGCAGGCCCACGGCGCTCAAGGTAATAGGGTCCCCAGCCCTGGAATCAACTCCCTGGGTCTCGGAACGCAACCCACACAAACCTGGACCCTGTCTCTCACTGGCGGGGAGTCGCCTTCGCATGCAGACGTGGAGAAGTCGCCTCCACCCGCAGCTCCTCCCGTGGACCCAGGCCGCCTCCCCCACGCC,e0c437edcce8757fcad4b4d4b5f6e6e0dca8c4499af0fdd87d3185017c9890e4,0.0,CACTCTCCGACCTGCAGGCCCACGGCGCTCAAGGTAATAGGGTCCCCAGCCCTGGAATCAACTCCCTGGGTCTCGGAACGCAACCCACACAAACCTGGATCCTGTCTCTCACTGGCGGGGAGTCGCCTTCGCATGCAGACGTGGAGAAGTCGCCTCCACCCGCAGCTCCTCCCGTGGACCCAGGCCGCCTCCCCCACGCC,04502a4e9c29b85ef9dfa051d839001692b15866c08d1fdbf42ca6e75c38c995,0.198179662741004,CACTCTCCGACCTGCAGGCCCACGGCGCTCAAGGTAATAGGGTCCCCAGCCCTGGAATCAACTCCCTGGGTCTCGGAACGCAACCCACACAAACCTGGACCCTGTCTCTCACTGGCGGGGAGTCGCCTTCGCATGCAGACGTGGAGAAGTCGCCTCCCCCCGCAGCTCCTCCCGTGGACCCAGGCCGCCTCCCCCACGCC,566e7f7ad59141a2ad140335c788b48e784f884084ff809ce5081c869fb77166,0.998791204124344,CACTCTCCGACCTGCAGGCCCACGGCGCTCAAGGTAATAGGGTCCCCAGCCCTGGAATCAACTCCCTGGGTCTCGGAACGCAACCCACACAAACCTGGATCCTGTCTCTCACTGGCGGGGAGTCGCCTTCGCATGCAGACGTGGAGAAGTCGCCTCCCCCCGCAGCTCCTCCCGTGGACCCAGGCCGCCTCCCCCACGCC,45ff9b41afea5b38b27f5f5ce79ae6dde856f3ecad67debec69f9bd9b334e2bd,1.40160309450941,-0.2046322276440619,0.3325661722243,-280.0223316978663,-273.288625009358,-299.19428288098425,-285.7572425249964,-6.7033336674794555,1.0,-0.2046322276440619,0.0,0,0.17716637005285096,0.18565657667894103,0.15145376406925343,0.24604117325572125,1.0
chr22:17700284:C:T;chr22:17700349:T:A;var1;middle;OL41|K562|3a3a15a4adaf0672,chr22:17700284:C:T;chr22:17700349:T:A;var1;middle;OL41,K562,K562_region_01474,100,165,65,CGGACTTCCCAGCTACCTCCTGAACCTCATCATCCCACAGCTCCCAAAGGACCCCAGTTACCTCGGAACAGCTCCAGAAACTGAGGGCTGTTTGCTCAGCGCCCCAGCATCTGTGCAGAGCACCGGAAAAGCTCACCAACTGTTTCACTTCCTGTTGGGGTAGGTTTTATTTCCCTCCAGTGTGCACCAGGGATCCAACT,e3a2a6642e5ad7b0ce4082d1877e7496983d906dbfa7671dfa5f3457d6685bdb,0.0,CGGACTTCCCAGCTACCTCCTGAACCTCATCATCCCACAGCTCCCAAAGGACCCCAGTTACCTCGGAACAGCTCCAGAAACTGAGGGCTGTTTGCTCAGTGCCCCAGCATCTGTGCAGAGCACCGGAAAAGCTCACCAACTGTTTCACTTCCTGTTGGGGTAGGTTTTATTTCCCTCCAGTGTGCACCAGGGATCCAACT,9fe2c282e80bc73fdc70f9d1df77febe4012981f915d944d2a4bff18cae5a3f8,-0.941323597936411,CGGACTTCCCAGCTACCTCCTGAACCTCATCATCCCACAGCTCCCAAAGGACCCCAGTTACCTCGGAACAGCTCCAGAAACTGAGGGCTGTTTGCTCAGCGCCCCAGCATCTGTGCAGAGCACCGGAAAAGCTCACCAACTGTTTCACTTCCTGTTGGGGTAGGATTTATTTCCCTCCAGTGTGCACCAGGGATCCAACT,d3f85d75c0acdb7d7b5d6ddb7fa64aa9f325711fa591158729d5acb9be691ffd,-0.345185235598195,CGGACTTCCCAGCTACCTCCTGAACCTCATCATCCCACAGCTCCCAAAGGACCCCAGTTACCTCGGAACAGCTCCAGAAACTGAGGGCTGTTTGCTCAGTGCCCCAGCATCTGTGCAGAGCACCGGAAAAGCTCACCAACTGTTTCACTTCCTGTTGGGGTAGGATTTATTTCCCTCCAGTGTGCACCAGGGATCCAACT,3a3a15a4adaf06729bad1d272f6ed4a8ea08bbedfedd1b447f079cfc492631bd,-0.612370437019215,0.674138396515391,0.48313374699744,-313.3925528662512,-309.25313471327536,-323.95537107321434,-319.0322564152302,0.7836965050082654,-1.0,-0.674138396515391,0.0,3,0.1830515057952835,0.18106719778262317,0.1474303780702046,0.16636359995157313,1.0
chr22:18911733:T:C;chr22:18911771:C:T;var1;middle;OL27|K562|2b6e80265c0e77de,chr22:18911733:T:C;chr22:18911771:C:T;var1;middle;OL27,K562,K562_region_01475,100,138,38,TCACTTGAGCCCAGGAGTTCCAGGCCAACCAGGGCAACATAGTGAGACCTCATTTTTTTTTTTTTTTTTTGAGATGGAGTCTCACTCTGTCGCCCAGGCTGGAGTGCAGTGGCGCAATCTTGGCTCACTGCAACCTCCGCCTCCTGGATTCAAGTGATTCTCCTGTCTCAGCCTCCCAAGTAGCTGGGATTACAAGCGCC,a15bb82c47b9e4409331e4cbca479822dc563a04bc3a4e3cdad3e531d0cce37c,0.0,TCACTTGAGCCCAGGAGTTCCAGGCCAACCAGGGCAACATAGTGAGACCTCATTTTTTTTTTTTTTTTTTGAGATGGAGTCTCACTCTGTCGCCCAGGCCGGAGTGCAGTGGCGCAATCTTGGCTCACTGCAACCTCCGCCTCCTGGATTCAAGTGATTCTCCTGTCTCAGCCTCCCAAGTAGCTGGGATTACAAGCGCC,dce3d12f14b641b70ee9cc50feb1134eee592bee426b4f3fc634a78549a9cd35,0.21405556171225,TCACTTGAGCCCAGGAGTTCCAGGCCAACCAGGGCAACATAGTGAGACCTCATTTTTTTTTTTTTTTTTTGAGATGGAGTCTCACTCTGTCGCCCAGGCTGGAGTGCAGTGGCGCAATCTTGGCTCACTGCAACCTCTGCCTCCTGGATTCAAGTGATTCTCCTGTCTCAGCCTCCCAAGTAGCTGGGATTACAAGCGCC,69d9bf18860219e1d7e2a6e60cdc9004934dbf423a686747e5f1ff9dd1eb13d0,0.0688438696443896,TCACTTGAGCCCAGGAGTTCCAGGCCAACCAGGGCAACATAGTGAGACCTCATTTTTTTTTTTTTTTTTTGAGATGGAGTCTCACTCTGTCGCCCAGGCCGGAGTGCAGTGGCGCAATCTTGGCTCACTGCAACCTCTGCCTCCTGGATTCAAGTGATTCTCCTGTCTCAGCCTCCCAAGTAGCTGGGATTACAAGCGCC,2b6e80265c0e77de55a6dac84fb62fa71f2767b600386e7777d6755c2a847482,0.0086121500763122,0.2742872812803273,0.165579090974745,-56.78406954742968,-61.6289379238151,-55.7055774112232,-60.67230995488353,0.12186416727490723,1.0,0.2742872812803273,0.0,2,0.1753719124505553,0.17490732828716207,0.146091925319964,0.12719233616027886,1.0
chr22:18915282:C:T;chr22:18915347:C:T;var1;middle;OL27|K562|ee089b74780c1512,chr22:18915282:C:T;chr22:18915347:C:T;var1;middle;OL27,K562,K562_region_01476,100,165,65,GGTGGGCCTGGCAGGAGAGGCTGGGGAAGCCAGGGCTGCTCCCTCTCCTGCTCTGACACACTCAGAGGCAGAACACCATAGGCTACCGCTGCTCCTCTCCGTGAACTTCCAGAGCACAGACCAGGCTGACACAGCCAAGCAGTGGCCAAGATGACCACACAGCACGTGCAGTGGCCAGAGGGGCAGCCAGGTCTCAGAGT,30758e078a79025b70a178968afcd0efafe219886425ad7df78c8a9421215bbe,0.0,GGTGGGCCTGGCAGGAGAGGCTGGGGAAGCCAGGGCTGCTCCCTCTCCTGCTCTGACACACTCAGAGGCAGAACACCATAGGCTACCGCTGCTCCTCTCTGTGAACTTCCAGAGCACAGACCAGGCTGACACAGCCAAGCAGTGGCCAAGATGACCACACAGCACGTGCAGTGGCCAGAGGGGCAGCCAGGTCTCAGAGT,585e9dca2f02004476c36abc6b45f0aa7d8986e3f3d52b2a35177ec2e694686a,-0.292057366144753,GGTGGGCCTGGCAGGAGAGGCTGGGGAAGCCAGGGCTGCTCCCTCTCCTGCTCTGACACACTCAGAGGCAGAACACCATAGGCTACCGCTGCTCCTCTCCGTGAACTTCCAGAGCACAGACCAGGCTGACACAGCCAAGCAGTGGCCAAGATGACCACACAGCATGTGCAGTGGCCAGAGGGGCAGCCAGGTCTCAGAGT,d297e535192d19aded7110dfb6d923a71425b11665ff8536cef0c89af83ee185,-0.184514104342707,GGTGGGCCTGGCAGGAGAGGCTGGGGAAGCCAGGGCTGCTCCCTCTCCTGCTCTGACACACTCAGAGGCAGAACACCATAGGCTACCGCTGCTCCTCTCTGTGAACTTCCAGAGCACAGACCAGGCTGACACAGCCAAGCAGTGGCCAAGATGACCACACAGCATGTGCAGTGGCCAGAGGGGCAGCCAGGTCTCAGAGT,ee089b74780c1512d86e3859de59da8bd63298bfe4069639676976a9d5c1d407,-0.235256214350345,0.2413152561371149,0.252482195959833,-212.5953754261136,-208.51494628191,-211.04823216050863,-206.6408791020513,0.3269239142537401,-1.0,-0.2413152561371149,0.0,0,0.18619595136300748,0.18565657667894103,0.15145376406925343,0.12167691619672531,1.0
chr22:18958674:G:C;chr22:18958701:A:G;var1;middle;OL41|K562|b1b6711780de1e15,chr22:18958674:G:C;chr22:18958701:A:G;var1;middle;OL41,K562,K562_region_01477,100,127,27,TCGGGCCGCCTCCGCCCCCGCCTCGCGGACTGGGCTCAGAACCTCCCGTTTTTCTGAGGTCAGGCCTCAGGGGGATCAATGGGGGCGTTGGCGGCAGTAGAGGGCGTGGGGGACAAGGTTGTCCCAACGCTGCCTCCAGGGCGGGCGGTGAGAGGAGGCAGCAATGCCCAGACATCCGCAGCCCGAGGGACATTGAGAGG,c2d0f7ab64acc02e3639e0eb86c2501a8d05da0356f3e69c5f2e46d8ba872274,0.0,TCGGGCCGCCTCCGCCCCCGCCTCGCGGACTGGGCTCAGAACCTCCCGTTTTTCTGAGGTCAGGCCTCAGGGGGATCAATGGGGGCGTTGGCGGCAGTACAGGGCGTGGGGGACAAGGTTGTCCCAACGCTGCCTCCAGGGCGGGCGGTGAGAGGAGGCAGCAATGCCCAGACATCCGCAGCCCGAGGGACATTGAGAGG,9dd28f7687efddd43cf7b016a98ef6cd868a6b4e7d044dc2ea0e7558ad446046,-0.0255701190984867,TCGGGCCGCCTCCGCCCCCGCCTCGCGGACTGGGCTCAGAACCTCCCGTTTTTCTGAGGTCAGGCCTCAGGGGGATCAATGGGGGCGTTGGCGGCAGTAGAGGGCGTGGGGGACAAGGTTGTCCCAGCGCTGCCTCCAGGGCGGGCGGTGAGAGGAGGCAGCAATGCCCAGACATCCGCAGCCCGAGGGACATTGAGAGG,be24bf463e9ef266822bb9a7ea2a5c0408c2a642c8791b71dd76df0d790740e0,0.243908252717711,TCGGGCCGCCTCCGCCCCCGCCTCGCGGACTGGGCTCAGAACCTCCCGTTTTTCTGAGGTCAGGCCTCAGGGGGATCAATGGGGGCGTTGGCGGCAGTACAGGGCGTGGGGGACAAGGTTGTCCCAGCGCTGCCTCCAGGGCGGGCGGTGAGAGGAGGCAGCAATGCCCAGACATCCGCAGCCCGAGGGACATTGAGAGG,b1b6711780de1e15b0d54e1b57b14f431658bd09d54cb8438ca7a60b96c70f6f,0.352021206789265,0.1336830731700407,0.275632881516643,-262.63602198660374,-265.2640251815319,-259.36842691898346,-262.0886069536209,-0.09217683970928192,-1.0,-0.1336830731700407,0.0,0,0.1856576632148051,0.18565657667894103,0.15145376406925343,0.11059479480029265,1.0
chr22:18975446:G:C;chr22:18975504:A:C;var1;middle;OL41|K562|e6e85b55009bf70f,chr22:18975446:G:C;chr22:18975504:A:C;var1;middle;OL41,K562,K562_region_01478,100,158,58,TTCCCCAGGGAGCTGGAGTCCTCCATCTCCTTCCCAGCCAACTTCTTCAAACCACCTGAAGAAAAAGGTAGAACCGCTTAGAAACCTGCTACTTCCCTTGGAGTCCCCAGCGTTCAGGGAGGGGAGGGCTCCCCCTGCGGGCATCCCAGGAGGATGAACACGCCATACTCCCTGCGCACTGAAGATCCGGGGCCGGAGTG,970a1364f21190d44e8593db36e6f2045466d21419745f38d807ed648473c562,0.0,TTCCCCAGGGAGCTGGAGTCCTCCATCTCCTTCCCAGCCAACTTCTTCAAACCACCTGAAGAAAAAGGTAGAACCGCTTAGAAACCTGCTACTTCCCTTCGAGTCCCCAGCGTTCAGGGAGGGGAGGGCTCCCCCTGCGGGCATCCCAGGAGGATGAACACGCCATACTCCCTGCGCACTGAAGATCCGGGGCCGGAGTG,2131fe2cbcb6e9db873a36b22bf0547ef0cddaa360bb75976f024a326e75d86b,0.124287941850088,TTCCCCAGGGAGCTGGAGTCCTCCATCTCCTTCCCAGCCAACTTCTTCAAACCACCTGAAGAAAAAGGTAGAACCGCTTAGAAACCTGCTACTTCCCTTGGAGTCCCCAGCGTTCAGGGAGGGGAGGGCTCCCCCTGCGGGCATCCCAGGAGGATGACCACGCCATACTCCCTGCGCACTGAAGATCCGGGGCCGGAGTG,28aeda27b56abbc61c03321e7f19063ecfc6aa444155a3408919f0d7d98ad73c,0.320833635645957,TTCCCCAGGGAGCTGGAGTCCTCCATCTCCTTCCCAGCCAACTTCTTCAAACCACCTGAAGAAAAAGGTAGAACCGCTTAGAAACCTGCTACTTCCCTTCGAGTCCCCAGCGTTCAGGGAGGGGAGGGCTCCCCCTGCGGGCATCCCAGGAGGATGACCACGCCATACTCCCTGCGCACTGAAGATCCGGGGCCGGAGTG,e6e85b55009bf70f58a9d3de619231df4633cdd4dcac653a78a0fc340e36d296,0.35121773056185,0.093903846934195,0.241062426766142,-257.8120210170746,-282.792158995755,-283.1692414805293,-311.12544284109026,2.9760633818805218,1.0,0.093903846934195,0.0,1,0.18539312521193937,0.18216460459877223,0.1501433469024087,0.2007182630068364,1.0
chr22:18975504:A:C;chr22:18975587:A:G;var1;middle;OL41|K562|4660b62b5a2b4b0a,chr22:18975504:A:C;chr22:18975587:A:G;var1;middle;OL41,K562,K562_region_01478,100,183,83,AAGAAAAAGGTAGAACCGCTTAGAAACCTGCTACTTCCCTTGGAGTCCCCAGCGTTCAGGGAGGGGAGGGCTCCCCCTGCGGGCATCCCAGGAGGATGAACACGCCATACTCCCTGCGCACTGAAGATCCGGGGCCGGAGTGTTCCGAGTGTTCGCTGGCACCAAGTCCTATTGGTGACAGCAGGTTGTTTTGTCCAAGT,8fedf752a5919a8dd25c77d4203f7537462223f015051b55fb1c216d20c9f507,0.0,AAGAAAAAGGTAGAACCGCTTAGAAACCTGCTACTTCCCTTGGAGTCCCCAGCGTTCAGGGAGGGGAGGGCTCCCCCTGCGGGCATCCCAGGAGGATGACCACGCCATACTCCCTGCGCACTGAAGATCCGGGGCCGGAGTGTTCCGAGTGTTCGCTGGCACCAAGTCCTATTGGTGACAGCAGGTTGTTTTGTCCAAGT,675a5096bce7a7eaf0bbd694e8e30c5c2298e103d2f6feb543d429c816e422e4,-0.0058498552706223,AAGAAAAAGGTAGAACCGCTTAGAAACCTGCTACTTCCCTTGGAGTCCCCAGCGTTCAGGGAGGGGAGGGCTCCCCCTGCGGGCATCCCAGGAGGATGAACACGCCATACTCCCTGCGCACTGAAGATCCGGGGCCGGAGTGTTCCGAGTGTTCGCTGGCACCAAGTCCTATTGGTGACAGCGGGTTGTTTTGTCCAAGT,18e6884514076f33cde72973f93bc0ecfd3e564a1080a34f6fe27d96414a763e,0.0114013508962527,AAGAAAAAGGTAGAACCGCTTAGAAACCTGCTACTTCCCTTGGAGTCCCCAGCGTTCAGGGAGGGGAGGGCTCCCCCTGCGGGCATCCCAGGAGGATGACCACGCCATACTCCCTGCGCACTGAAGATCCGGGGCCGGAGTGTTCCGAGTGTTCGCTGGCACCAAGTCCTATTGGTGACAGCGGGTTGTTTTGTCCAAGT,4660b62b5a2b4b0a6fe28622d26f7fb5966bbcea0bdf8d15828c08ac3d342e74,0.201677086914694,0.1961255912890636,0.159016466539857,-342.62523541785777,-345.1368289203383,-341.6354866937036,-342.4408059074776,1.7062742887064815,-1.0,-0.1961255912890636,0.0,1,0.18410119116264836,0.18216460459877223,0.1501433469024087,0.08417896332292743,1.0
chr22:19132380:A:T;chr22:19132385:G:A;var1;middle;OL41|K562|2d3d79bef24b3650,chr22:19132380:A:T;chr22:19132385:G:A;var1;middle;OL41,K562,K562_region_01479,100,105,5,CGCGCTCCGTTCTGACGTCACTATAAATGCTAGACTTTATTGGAAATGTAGTCCTTGTCCTGCCCCGCGCTATTCATGCTTGTCAATGCTGTGAACACGAGGGGGTGCTGTGGAGGTGGCGGGGAGGATGCTATAGGGCGTGTTCTTCACGCGAGAAATTCTGGCTTTGCAGCGTCCAAAGGCCTTAGAATTCTAATTTC,f3a4ee19ac763d8994a1a4ef60a9ebdbad18cdb7a75f00614583280dea306aff,0.0,CGCGCTCCGTTCTGACGTCACTATAAATGCTAGACTTTATTGGAAATGTAGTCCTTGTCCTGCCCCGCGCTATTCATGCTTGTCAATGCTGTGAACACGTGGGGGTGCTGTGGAGGTGGCGGGGAGGATGCTATAGGGCGTGTTCTTCACGCGAGAAATTCTGGCTTTGCAGCGTCCAAAGGCCTTAGAATTCTAATTTC,0f626657019532267bf23d572b86e474f9ec0fc88ee2cf008d0e6b4584c12f42,-0.774613680651462,CGCGCTCCGTTCTGACGTCACTATAAATGCTAGACTTTATTGGAAATGTAGTCCTTGTCCTGCCCCGCGCTATTCATGCTTGTCAATGCTGTGAACACGAGGGGATGCTGTGGAGGTGGCGGGGAGGATGCTATAGGGCGTGTTCTTCACGCGAGAAATTCTGGCTTTGCAGCGTCCAAAGGCCTTAGAATTCTAATTTC,631bc791ea12f68bb8c8cb1be289b3353419c48009cd2e26d57eefbf83bb83eb,-2.21505115404813,CGCGCTCCGTTCTGACGTCACTATAAATGCTAGACTTTATTGGAAATGTAGTCCTTGTCCTGCCCCGCGCTATTCATGCTTGTCAATGCTGTGAACACGTGGGGATGCTGTGGAGGTGGCGGGGAGGATGCTATAGGGCGTGTTCTTCACGCGAGAAATTCTGGCTTTGCAGCGTCCAAAGGCCTTAGAATTCTAATTTC,2d3d79bef24b36500a8796de3a731cfe42cb909a0ae3ebb433dd9d8bea8e8921,-2.83065284252377,-0.1590119921758219,0.131409616870588,-262.7752360962332,-267.4075221605599,-269.9614738225937,-268.5370771884918,-6.056682698428574,1.0,-0.1590119921758219,0.0,4,0.16869260519048654,0.17620727786206916,0.145609630836647,-0.02644594231677211,1.0
chr22:19685138:A:G;chr22:19685221:C:T;var1;middle;OL27|K562|b34f5dbf075d0c53,chr22:19685138:A:G;chr22:19685221:C:T;var1;middle;OL27,K562,K562_region_01480,100,183,83,GGTGGATCACTTGAGGCCAGGAGTTCGAGACCGGCCTGGCCAACAGGGTGAAACCCCGTCTCTACTAAAATACAAAAAATTAGCCGGGGGTGGTGGCACATGCCTGTGATCCCAGCTACTCAGGAGGCTGAGGCATGAGAATCACTTGAACCTGGAAGGCAGAGGTGGCAGTGAGCAGAGATCGCACCACTGCACTCCAG,a13263db4a5b20347947c8d7d7d96d91b51b05fc5031ad9128dfdf4b4f6fad44,0.0,GGTGGATCACTTGAGGCCAGGAGTTCGAGACCGGCCTGGCCAACAGGGTGAAACCCCGTCTCTACTAAAATACAAAAAATTAGCCGGGGGTGGTGGCACGTGCCTGTGATCCCAGCTACTCAGGAGGCTGAGGCATGAGAATCACTTGAACCTGGAAGGCAGAGGTGGCAGTGAGCAGAGATCGCACCACTGCACTCCAG,7b4ddce4dee8a36fb2087129602255ed31ada6c771fe533d659865670a0c7112,0.148205544369871,GGTGGATCACTTGAGGCCAGGAGTTCGAGACCGGCCTGGCCAACAGGGTGAAACCCCGTCTCTACTAAAATACAAAAAATTAGCCGGGGGTGGTGGCACATGCCTGTGATCCCAGCTACTCAGGAGGCTGAGGCATGAGAATCACTTGAACCTGGAAGGCAGAGGTGGCAGTGAGCAGAGATTGCACCACTGCACTCCAG,6d4192fc3953cc536816483d38ee196b82d6c8ce472e4a6ccac593304fe9c9f1,-0.057342817924155,GGTGGATCACTTGAGGCCAGGAGTTCGAGACCGGCCTGGCCAACAGGGTGAAACCCCGTCTCTACTAAAATACAAAAAATTAGCCGGGGGTGGTGGCACGTGCCTGTGATCCCAGCTACTCAGGAGGCTGAGGCATGAGAATCACTTGAACCTGGAAGGCAGAGGTGGCAGTGAGCAGAGATTGCACCACTGCACTCCAG,b34f5dbf075d0c53133e0381df96253e74090ad305e59f0ce647c3c385bf8fcf,0.0183934418013151,-0.0724692846444008,0.150503047823059,-61.05249989265576,-62.81194997765124,-60.53217881452292,-62.4680100963451,-0.1763811968266964,-1.0,0.0724692846444008,0.0,3,0.18111773129411549,0.18106719778262317,0.1474303780702046,0.08749303299385702,1.0
chr22:19689697:C:G;chr22:19689782:G:A;var1;middle;OL27|K562|aa59112c8589000b,chr22:19689697:C:G;chr22:19689782:G:A;var1;middle;OL27,K562,K562_region_01481,100,185,85,TTAAATGCTGGTAAGAATTTGGGGAAACTAGAGCACTCATATACTGCTAGTGGGAATGTAAAATGGTACAGCTTCTCTAAAAAGCAGTTTGGCAGTTTCCTTTTTTTTTGAGTCAGAGTCTCGCTCTGTCACCCAGGCTGGAGTACAATGGCGCCATCTCGGCTCACTGCAACCTCTGCCTCCCGGGTTCAAGCAATTCT,45628ac804729d04a62a0629b61f748e5cbae7964e0cb926d7832d37d4b408a2,0.0,TTAAATGCTGGTAAGAATTTGGGGAAACTAGAGCACTCATATACTGCTAGTGGGAATGTAAAATGGTACAGCTTCTCTAAAAAGCAGTTTGGCAGTTTCGTTTTTTTTTGAGTCAGAGTCTCGCTCTGTCACCCAGGCTGGAGTACAATGGCGCCATCTCGGCTCACTGCAACCTCTGCCTCCCGGGTTCAAGCAATTCT,001d1c1ad4b5430ea0c047d1d6146faaa075927bea7848e54f7554f5b76bb3c6,0.171338493074146,TTAAATGCTGGTAAGAATTTGGGGAAACTAGAGCACTCATATACTGCTAGTGGGAATGTAAAATGGTACAGCTTCTCTAAAAAGCAGTTTGGCAGTTTCCTTTTTTTTTGAGTCAGAGTCTCGCTCTGTCACCCAGGCTGGAGTACAATGGCGCCATCTCGGCTCACTGCAACCTCTGCCTCCCAGGTTCAAGCAATTCT,e05c60e065bfb0557d524d0381c8e9e38e27c759844cd90464aba3a4187e1fc6,0.227150033288671,TTAAATGCTGGTAAGAATTTGGGGAAACTAGAGCACTCATATACTGCTAGTGGGAATGTAAAATGGTACAGCTTCTCTAAAAAGCAGTTTGGCAGTTTCGTTTTTTTTTGAGTCAGAGTCTCGCTCTGTCACCCAGGCTGGAGTACAATGGCGCCATCTCGGCTCACTGCAACCTCTGCCTCCCAGGTTCAAGCAATTCT,aa59112c8589000bc7b41aea693cd15b35d8bd1966a84209214c7a626e74d0d5,0.30691943024338,0.091569096119437,0.099163981942116,-96.15905417967588,-103.52464747568592,-94.68737355154008,-100.18873047688976,-1.8642363706603646,1.0,0.091569096119437,0.0,2,0.17247998948748194,0.17490732828716207,0.146091925319964,0.23716771474283674,1.0
chr22:19692751:C:T;chr22:19692795:G:C;var1;middle;OL27|K562|09146ea86546e1b9,chr22:19692751:C:T;chr22:19692795:G:C;var1;middle;OL27,K562,K562_region_01482,100,144,44,CAGGAGCTGCTTTTGGTCTCACTGTACTTTGTTGAGTAGGAGGCATAGCAGCCTTGAGAGCTAGAAGGGTCCCCAGCCATCACCTGGGCCAAGTCCCGCCGTGGACAGGTGAGTGTCTACTGTTTTGTAGGGGCAGAGACTCAGCCCAGGGTCCCACGGGCTGCTAGCACTGGCGTGAGGCAGACCATTCACCTTTGCCG,2fe15f857b14edac15fd7aa3c0aa3fe507c936a42ca5c5857ab93ff626e64e2d,0.0,CAGGAGCTGCTTTTGGTCTCACTGTACTTTGTTGAGTAGGAGGCATAGCAGCCTTGAGAGCTAGAAGGGTCCCCAGCCATCACCTGGGCCAAGTCCCGCTGTGGACAGGTGAGTGTCTACTGTTTTGTAGGGGCAGAGACTCAGCCCAGGGTCCCACGGGCTGCTAGCACTGGCGTGAGGCAGACCATTCACCTTTGCCG,8b8e17f82eff5b50a7eabafd31c407cd3e1eac1d7d24ca2eab65d1b3775fa165,0.0332591714253128,CAGGAGCTGCTTTTGGTCTCACTGTACTTTGTTGAGTAGGAGGCATAGCAGCCTTGAGAGCTAGAAGGGTCCCCAGCCATCACCTGGGCCAAGTCCCGCCGTGGACAGGTGAGTGTCTACTGTTTTGTAGGGGCAGAGACTCACCCCAGGGTCCCACGGGCTGCTAGCACTGGCGTGAGGCAGACCATTCACCTTTGCCG,9fff1ca64d33515c36848f78942296bbc657ad5d6459048b6993035c20d8a158,0.210730413649041,CAGGAGCTGCTTTTGGTCTCACTGTACTTTGTTGAGTAGGAGGCATAGCAGCCTTGAGAGCTAGAAGGGTCCCCAGCCATCACCTGGGCCAAGTCCCGCTGTGGACAGGTGAGTGTCTACTGTTTTGTAGGGGCAGAGACTCACCCCAGGGTCCCACGGGCTGCTAGCACTGGCGTGAGGCAGACCATTCACCTTTGCCG,09146ea86546e1b9817fb0cbca7f5a4a1e1a8ea73fffcfd2680fb6991dae9f1c,0.082375528463948,0.1616140566104058,0.156053071381452,-324.0400000065565,-319.51049188524485,-315.873946480453,-312.6301427781582,1.285704419016838,1.0,0.1616140566104058,0.0,1,0.18367328660930263,0.18216460459877223,0.1501433469024087,0.08794648394026754,1.0
chr22:19860977:G:A;chr22:19860990:G:T;var1;middle;OL41|K562|103dd259005870dc,chr22:19860977:G:A;chr22:19860990:G:T;var1;middle;OL41,K562,K562_region_01483,100,113,13,TGGACCACCCAGGGGGCCTGGGGAACTGCCCAATGTCACTCAGGGGTGTTGGGGGCAGGAGAGGGTGACACTGCCCCATGCAGGGTGTGGCAGAGAGGGGCCACTCAGCCTCGCTGGGCAGCACCCCCCGCCCACTTCTCCTGCTCCCACGTCTTTGCGAGATCCGGTGCCACAGCAGAAGTGTGGAGGATGTCGCCGGG,2f76344a2b738e81d778212f30064055497ab1a50f46b5f9555b3d2142f6b6d6,0.0,TGGACCACCCAGGGGGCCTGGGGAACTGCCCAATGTCACTCAGGGGTGTTGGGGGCAGGAGAGGGTGACACTGCCCCATGCAGGGTGTGGCAGAGAGGGACCACTCAGCCTCGCTGGGCAGCACCCCCCGCCCACTTCTCCTGCTCCCACGTCTTTGCGAGATCCGGTGCCACAGCAGAAGTGTGGAGGATGTCGCCGGG,396f63b41e345863c21dfa01c16d82607011d45a52ddca26ba8a5dd4109b64d9,-0.146999044443254,TGGACCACCCAGGGGGCCTGGGGAACTGCCCAATGTCACTCAGGGGTGTTGGGGGCAGGAGAGGGTGACACTGCCCCATGCAGGGTGTGGCAGAGAGGGGCCACTCAGCCTCTCTGGGCAGCACCCCCCGCCCACTTCTCCTGCTCCCACGTCTTTGCGAGATCCGGTGCCACAGCAGAAGTGTGGAGGATGTCGCCGGG,c182bba61fcb41fd3806e8496c88abf882ddfbb9137e8b3e18e3cbc85c57fff3,-0.188755980443227,TGGACCACCCAGGGGGCCTGGGGAACTGCCCAATGTCACTCAGGGGTGTTGGGGGCAGGAGAGGGTGACACTGCCCCATGCAGGGTGTGGCAGAGAGGGACCACTCAGCCTCTCTGGGCAGCACCCCCCGCCCACTTCTCCTGCTCCCACGTCTTTGCGAGATCCGGTGCCACAGCAGAAGTGTGGAGGATGTCGCCGGG,103dd259005870dc7bd86bf11261fac284e1b371f5909329fe367cad6149a216,-0.243092837890022,-0.092662186996459,0.383139516938719,-300.5794125534594,-300.4340357873589,-288.4242078140378,-289.8921749060973,1.6133438581600217,1.0,-0.092662186996459,0.0,4,0.17819892291556436,0.17620727786206916,0.145609630836647,0.23524590432269782,1.0
chr22:19861157:A:G;chr22:19861161:C:T;var1;middle;OL41|K562|c821ede9880e6f14,chr22:19861157:A:G;chr22:19861161:C:T;var1;middle;OL41,K562,K562_region_01483,100,104,4,GTGTGGAGGATGTCGCCGGGGGTAATTGCAGGTTACACAGAACAATCTGAGGAATTAAAGTCATATTTTTATTGCACCATAAAAACATGTGAAGGCGGCAGGACGGCGGCCGCGGGGCCAGGCGGAGAGCACCCGGCTCTGGCCCCACCCTGCACTCCCTGGGCCGTCTCCAGGGAGACGCAGGATCGAAACCACTGTTG,43d9d704f4776f24a5123208b2f1b8b74ffad791a457cb20003e8947775ad7b2,0.0,GTGTGGAGGATGTCGCCGGGGGTAATTGCAGGTTACACAGAACAATCTGAGGAATTAAAGTCATATTTTTATTGCACCATAAAAACATGTGAAGGCGGCGGGACGGCGGCCGCGGGGCCAGGCGGAGAGCACCCGGCTCTGGCCCCACCCTGCACTCCCTGGGCCGTCTCCAGGGAGACGCAGGATCGAAACCACTGTTG,28ceebf0f1890b049928a899d96d71d8e0c896f180f7b8915d8d04571fc76260,0.171229114690976,GTGTGGAGGATGTCGCCGGGGGTAATTGCAGGTTACACAGAACAATCTGAGGAATTAAAGTCATATTTTTATTGCACCATAAAAACATGTGAAGGCGGCAGGATGGCGGCCGCGGGGCCAGGCGGAGAGCACCCGGCTCTGGCCCCACCCTGCACTCCCTGGGCCGTCTCCAGGGAGACGCAGGATCGAAACCACTGTTG,dcade6f66ab18284d870b28ef3fca2a7682a937cd339ffa34115ae15da8e70b7,0.371495232658606,GTGTGGAGGATGTCGCCGGGGGTAATTGCAGGTTACACAGAACAATCTGAGGAATTAAAGTCATATTTTTATTGCACCATAAAAACATGTGAAGGCGGCGGGATGGCGGCCGCGGGGCCAGGCGGAGAGCACCCGGCTCTGGCCCCACCCTGCACTCCCTGGGCCGTCTCCAGGGAGACGCAGGATCGAAACCACTGTTG,c821ede9880e6f14ed73bd4a03a7807a2695717caf799807bb65cebb7180b95c,0.32230541898145,0.2204189283681319,0.238872933564581,-381.2166947741061,-380.9880103189498,-370.7793005499989,-366.09486275166273,-4.455753343179879,1.0,0.2204189283681319,0.0,4,0.1706768151530094,0.17620727786206916,0.145609630836647,0.17574871468289646,1.0
chr22:19863593:T:C;chr22:19863638:C:T;var1;middle;OL41|K562|a0a99d677e99bc97,chr22:19863593:T:C;chr22:19863638:C:T;var1;middle;OL41,K562,K562_region_01484,100,145,45,CGGTGCTACAAAAATATTTTGAAATGATAAAAATTTATAGCAGGCTCCTAACAAAACAGCTCTGGGAGGTGTAATGTTCTGATAAGAGTTTCCTCAGGATGCCCTTTGTTTATCCCTATCGAGCGCGGCCCCGCCGGGGGGAGGCGGCCACGGTGAAGCAGGGGGCCCTGAGTACCCCCAGAGAGGCCTCCCCAGAGCCC,2d6f50e59254a83c8e7d6cd4abf82c88f5ae2fe2a80a2315e37b6ab73ecbcbf6,0.0,CGGTGCTACAAAAATATTTTGAAATGATAAAAATTTATAGCAGGCTCCTAACAAAACAGCTCTGGGAGGTGTAATGTTCTGATAAGAGTTTCCTCAGGACGCCCTTTGTTTATCCCTATCGAGCGCGGCCCCGCCGGGGGGAGGCGGCCACGGTGAAGCAGGGGGCCCTGAGTACCCCCAGAGAGGCCTCCCCAGAGCCC,e0c475ea8e17f7a94fb3649a1164d1db62049c587148b3f1921e4c68af3a7bdb,0.99809948670748,CGGTGCTACAAAAATATTTTGAAATGATAAAAATTTATAGCAGGCTCCTAACAAAACAGCTCTGGGAGGTGTAATGTTCTGATAAGAGTTTCCTCAGGATGCCCTTTGTTTATCCCTATCGAGCGCGGCCCCGCCGGGGGGAGGTGGCCACGGTGAAGCAGGGGGCCCTGAGTACCCCCAGAGAGGCCTCCCCAGAGCCC,23edd1c2e33387e5af5743c93e130ec1f3229a553c83059517c6f324ba04279c,-0.130534487944959,CGGTGCTACAAAAATATTTTGAAATGATAAAAATTTATAGCAGGCTCCTAACAAAACAGCTCTGGGAGGTGTAATGTTCTGATAAGAGTTTCCTCAGGACGCCCTTTGTTTATCCCTATCGAGCGCGGCCCCGCCGGGGGGAGGTGGCCACGGTGAAGCAGGGGGCCCTGAGTACCCCCAGAGAGGCCTCCCCAGAGCCC,a0a99d677e99bc97ad291ab66c779ed48cbc6bd5fbeb791ee5973778009c32be,1.07300502172806,0.2054400229655389,0.205531432141161,-358.0077826231718,-358.7861086977646,-356.8942637015134,-357.92702245060354,-0.25443267449736595,-1.0,-0.2054400229655389,0.0,0,0.18544926370223627,0.18565657667894103,0.15145376406925343,0.2644442514942692,1.0
chr22:19974032:T:C;chr22:19974074:T:C;var1;middle;OL41|K562|8e9d867eae78592a,chr22:19974032:T:C;chr22:19974074:T:C;var1;middle;OL41,K562,K562_region_01485,100,142,42,CTGCCTATGCCTCCCCCCACCTCAATGCTGAGAGGGGGAGGATCCCGTTTTCCTTAGAGATCTCCTCCAGCATCCATTAGTGGGCAGGGCCTGTCTCTATCCCTCCCATCACGTGCGCCTCGGAGGCAGAGAAGACTTCCATTAAAGCTCCGGAAGCTCCTTTGCAGGTCCCGGGAGTCAGAGCCGGCGTAGGGGGTGTG,d0aacf2381af924547a06963fa7c8c459163ecf58e4de47b5327619730fba7ef,0.0,CTGCCTATGCCTCCCCCCACCTCAATGCTGAGAGGGGGAGGATCCCGTTTTCCTTAGAGATCTCCTCCAGCATCCATTAGTGGGCAGGGCCTGTCTCTACCCCTCCCATCACGTGCGCCTCGGAGGCAGAGAAGACTTCCATTAAAGCTCCGGAAGCTCCTTTGCAGGTCCCGGGAGTCAGAGCCGGCGTAGGGGGTGTG,2e6869c5adb8ddda9aed305b35de4b7f0ab6b734277de0b8a587feb92f0d9718,0.303220330716302,CTGCCTATGCCTCCCCCCACCTCAATGCTGAGAGGGGGAGGATCCCGTTTTCCTTAGAGATCTCCTCCAGCATCCATTAGTGGGCAGGGCCTGTCTCTATCCCTCCCATCACGTGCGCCTCGGAGGCAGAGAAGACTTCCACTAAAGCTCCGGAAGCTCCTTTGCAGGTCCCGGGAGTCAGAGCCGGCGTAGGGGGTGTG,69db176e975507ee6f8a4539116c678b439829599bab55d356df0d04134c4d74,-0.0999848346911732,CTGCCTATGCCTCCCCCCACCTCAATGCTGAGAGGGGGAGGATCCCGTTTTCCTTAGAGATCTCCTCCAGCATCCATTAGTGGGCAGGGCCTGTCTCTACCCCTCCCATCACGTGCGCCTCGGAGGCAGAGAAGACTTCCACTAAAGCTCCGGAAGCTCCTTTGCAGGTCCCGGGAGTCAGAGCCGGCGTAGGGGGTGTG,8e9d867eae78592ab976936367258561f26ca3167f418a7c37ff46e4b05dc9ef,0.297696993300371,0.0944614972752422,0.191530926853973,-268.08066856861115,-265.8041687607765,-268.94803777337074,-266.77333346009254,-0.101795494556427,-1.0,-0.0944614972752422,0.0,0,0.1856453091260641,0.18565657667894103,0.15145376406925343,0.14953432448961462,1.0
chr22:20192544:G:A;chr22:20192586:A:C;var1;middle;OL41|K562|af3b35956bee2f00,chr22:20192544:G:A;chr22:20192586:A:C;var1;middle;OL41,K562,K562_region_01486,100,142,42,TTTAATAGCAGAGAAGCCTTGCAGGCCGCCTGTGCTGGCTCGGGAAACCGGGGCCCAGCCGGGGCCTGTCACGGTCCTGGTGCCGCCCTGCTTCCTGTCGGCGCCACGGAGCAAGCGGAGAGATTTATCTTCCCGGCTTTAAGAGGTACTAACGGAGGAGGCTGAGAGGCAGGAGCTGAATAATTGATGGCCTTCTCTGG,cc65ef6c18f963d057f8f2abaa4961900a8042b6d23ca44c5d433cbbdf88dbf5,0.0,TTTAATAGCAGAGAAGCCTTGCAGGCCGCCTGTGCTGGCTCGGGAAACCGGGGCCCAGCCGGGGCCTGTCACGGTCCTGGTGCCGCCCTGCTTCCTGTCAGCGCCACGGAGCAAGCGGAGAGATTTATCTTCCCGGCTTTAAGAGGTACTAACGGAGGAGGCTGAGAGGCAGGAGCTGAATAATTGATGGCCTTCTCTGG,398ad2158c0e42cc1a4668b7debf6b2f03cf1087b70de61575fd3f04791ca621,0.243988845959757,TTTAATAGCAGAGAAGCCTTGCAGGCCGCCTGTGCTGGCTCGGGAAACCGGGGCCCAGCCGGGGCCTGTCACGGTCCTGGTGCCGCCCTGCTTCCTGTCGGCGCCACGGAGCAAGCGGAGAGATTTATCTTCCCGGCTTTACGAGGTACTAACGGAGGAGGCTGAGAGGCAGGAGCTGAATAATTGATGGCCTTCTCTGG,80ebcdcee5e3bcada16544689f685200743cdb4b9749a6df0b497391f9413f97,0.141911392471338,TTTAATAGCAGAGAAGCCTTGCAGGCCGCCTGTGCTGGCTCGGGAAACCGGGGCCCAGCCGGGGCCTGTCACGGTCCTGGTGCCGCCCTGCTTCCTGTCAGCGCCACGGAGCAAGCGGAGAGATTTATCTTCCCGGCTTTACGAGGTACTAACGGAGGAGGCTGAGAGGCAGGAGCTGAATAATTGATGGCCTTCTCTGG,af3b35956bee2f0041ef4364a3c8406a51bfaf730c6ea1b3b9fd1b508b8e8517,0.181879713662061,0.204020524769034,0.409855690513517,-391.4639856182039,-379.26770528778434,-379.73528183903545,-372.6862048031762,5.147203294560313,1.0,0.204020524769034,0.0,2,0.18268921252768838,0.17490732828716207,0.146091925319964,0.19965200523113094,1.0
chr22:20192544:G:A;chr22:20192587:G:C;var1;middle;OL41|K562|357b6025a3f42cde,chr22:20192544:G:A;chr22:20192587:G:C;var1;middle;OL41,K562,K562_region_01486,100,143,43,TTTAATAGCAGAGAAGCCTTGCAGGCCGCCTGTGCTGGCTCGGGAAACCGGGGCCCAGCCGGGGCCTGTCACGGTCCTGGTGCCGCCCTGCTTCCTGTCGGCGCCACGGAGCAAGCGGAGAGATTTATCTTCCCGGCTTTAAGAGGTACTAACGGAGGAGGCTGAGAGGCAGGAGCTGAATAATTGATGGCCTTCTCTGG,cc65ef6c18f963d057f8f2abaa4961900a8042b6d23ca44c5d433cbbdf88dbf5,0.0,TTTAATAGCAGAGAAGCCTTGCAGGCCGCCTGTGCTGGCTCGGGAAACCGGGGCCCAGCCGGGGCCTGTCACGGTCCTGGTGCCGCCCTGCTTCCTGTCAGCGCCACGGAGCAAGCGGAGAGATTTATCTTCCCGGCTTTAAGAGGTACTAACGGAGGAGGCTGAGAGGCAGGAGCTGAATAATTGATGGCCTTCTCTGG,398ad2158c0e42cc1a4668b7debf6b2f03cf1087b70de61575fd3f04791ca621,0.243877356353311,TTTAATAGCAGAGAAGCCTTGCAGGCCGCCTGTGCTGGCTCGGGAAACCGGGGCCCAGCCGGGGCCTGTCACGGTCCTGGTGCCGCCCTGCTTCCTGTCGGCGCCACGGAGCAAGCGGAGAGATTTATCTTCCCGGCTTTAACAGGTACTAACGGAGGAGGCTGAGAGGCAGGAGCTGAATAATTGATGGCCTTCTCTGG,c1575ba319042aded055fa0a60e227fffe6fe3de46673d93de4aeb1f0c42db96,-0.067901636482162,TTTAATAGCAGAGAAGCCTTGCAGGCCGCCTGTGCTGGCTCGGGAAACCGGGGCCCAGCCGGGGCCTGTCACGGTCCTGGTGCCGCCCTGCTTCCTGTCAGCGCCACGGAGCAAGCGGAGAGATTTATCTTCCCGGCTTTAACAGGTACTAACGGAGGAGGCTGAGAGGCAGGAGCTGAATAATTGATGGCCTTCTCTGG,357b6025a3f42cde14c6296674ec4c88dfb1d33f5add3357db8edfd769f95c7a,-0.247439517341371,0.42341523721252,0.402620022435485,-391.4639856182039,-379.26770528778434,-323.2026594686322,-310.6883622966707,-0.31801684154197574,1.0,0.42341523721252,0.0,2,0.1747314101365386,0.17490732828716207,0.146091925319964,0.14340664479593235,1.0
chr22:20788969:A:G;chr22:20789046:T:A;var1;middle;OL31|K562|20cc4b32f97c4d67,chr22:20788969:A:G;chr22:20789046:T:A;var1;middle;OL31,K562,K562_region_01487,100,177,77,CAAGCCCACTCTCTGAAGATCTTACAAAGACGGGTGGGGAAAGATGGCCTGCTGCAGGGCTGCTCCCACGCTTGCCCTGTAAGTCGGCAAGACCCTCAGAAGCCAGGCCATAGGCTGGGCCCAGGCCCCTCAGCAAGCAAGACATGCCGTAGGCTTCTCCCTCGTAGAGCATTAGTTCTGTGATTCAAACCCACTGTGAG,da64f40c29fac5a06464a5d9790be17831150e5ef961d19848d5d1d7ac33b58d,0.0,CAAGCCCACTCTCTGAAGATCTTACAAAGACGGGTGGGGAAAGATGGCCTGCTGCAGGGCTGCTCCCACGCTTGCCCTGTAAGTCGGCAAGACCCTCAGGAGCCAGGCCATAGGCTGGGCCCAGGCCCCTCAGCAAGCAAGACATGCCGTAGGCTTCTCCCTCGTAGAGCATTAGTTCTGTGATTCAAACCCACTGTGAG,c9574ac33e5ef5e4b7ef5670f6237854c4c0c3e7adf5cbb6ea5d5046b751de35,-0.223337763065704,CAAGCCCACTCTCTGAAGATCTTACAAAGACGGGTGGGGAAAGATGGCCTGCTGCAGGGCTGCTCCCACGCTTGCCCTGTAAGTCGGCAAGACCCTCAGAAGCCAGGCCATAGGCTGGGCCCAGGCCCCTCAGCAAGCAAGACATGCCGTAGGCTTCTCCCTCGTAGAGCATTAGTACTGTGATTCAAACCCACTGTGAG,846e46c993f9c26da21adbdabf980c7cf5a4117dbf5ccf5b8142f63fa4bd2423,0.0428583789903936,CAAGCCCACTCTCTGAAGATCTTACAAAGACGGGTGGGGAAAGATGGCCTGCTGCAGGGCTGCTCCCACGCTTGCCCTGTAAGTCGGCAAGACCCTCAGGAGCCAGGCCATAGGCTGGGCCCAGGCCCCTCAGCAAGCAAGACATGCCGTAGGCTTCTCCCTCGTAGAGCATTAGTACTGTGATTCAAACCCACTGTGAG,20cc4b32f97c4d678960ac0bed2ba645bf0d9e03dab2ebe2bf05dbe871eacbf5,-0.109911503912809,0.0705678801625013,0.186869961394921,-297.208531357348,-299.4215408731252,-299.074278825894,-302.14704046119004,-0.8597521195188733,-1.0,-0.0705678801625013,0.0,0,0.18467179842676154,0.18565657667894103,0.15145376406925343,0.24092476288935372,1.0
chr22:21105343:T:C;chr22:21105356:G:A;var1;middle;OL41|K562|a5b182032817a249,chr22:21105343:T:C;chr22:21105356:G:A;var1;middle;OL41,K562,K562_region_01488,100,113,13,GAAAATCATGCTTGTGCGACGCAGACTCGAGAGGCTATAAACTGGCTGGTAGCTGAAGACCTCTTTGGCAGCTAAACCGAGAACACAGCTGAGTCAACATGGCTGAGGTGGGGGAGCTGGGCTTGGAAGACAGAGCGACCTGGGGGCAGCCAGCTCCCCTTGCACTCGGTGGAGCCTGGCAATGGCTTGGTCTCCTCACT,96946cd8a79654cee199ec8f625b32432e76b0470c5b0e4a3cb2ee31cb0cfd65,0.0,GAAAATCATGCTTGTGCGACGCAGACTCGAGAGGCTATAAACTGGCTGGTAGCTGAAGACCTCTTTGGCAGCTAAACCGAGAACACAGCTGAGTCAACACGGCTGAGGTGGGGGAGCTGGGCTTGGAAGACAGAGCGACCTGGGGGCAGCCAGCTCCCCTTGCACTCGGTGGAGCCTGGCAATGGCTTGGTCTCCTCACT,3960344681e133d2d3bac7e228a367bbedc08d85e56566a5270d73146291e571,0.288545190125064,GAAAATCATGCTTGTGCGACGCAGACTCGAGAGGCTATAAACTGGCTGGTAGCTGAAGACCTCTTTGGCAGCTAAACCGAGAACACAGCTGAGTCAACATGGCTGAGGTGGGAGAGCTGGGCTTGGAAGACAGAGCGACCTGGGGGCAGCCAGCTCCCCTTGCACTCGGTGGAGCCTGGCAATGGCTTGGTCTCCTCACT,da9629a5a984c66c812ed8622ab6ad66627282b0a8ef882d60f179c483a90eed,0.0026249540906021,GAAAATCATGCTTGTGCGACGCAGACTCGAGAGGCTATAAACTGGCTGGTAGCTGAAGACCTCTTTGGCAGCTAAACCGAGAACACAGCTGAGTCAACACGGCTGAGGTGGGAGAGCTGGGCTTGGAAGACAGAGCGACCTGGGGGCAGCCAGCTCCCCTTGCACTCGGTGGAGCCTGGCAATGGCTTGGTCTCCTCACT,a5b182032817a2491feacf83423aacac55ec5aaaa72105699997c0a86abf6b68,0.245950223610448,0.0452199206052181,0.20277068721502,-419.3337504439987,-426.7112313169055,-418.3866899055429,-425.7785126664676,0.014341888017952442,1.0,0.0452199206052181,0.0,4,0.17621710177595715,0.17620727786206916,0.145609630836647,0.09024843810660998,1.0
chr22:21321790:A:G;chr22:21321821:G:A;var1;middle;OL41|K562|7cdea62ecb3bdc51,chr22:21321790:A:G;chr22:21321821:G:A;var1;middle;OL41,K562,K562_region_01489,100,131,31,GGCTTCCCCAAGGTGACCCCCTCTTTGAGCCTAGGCATAGTGGTCTCCCGGGAGAATGGAGGGTCCCAGAGCTCTCAGGCTGTGGGATTTGGAGAGGGGAAGGGGGGCACGAGGAGGCAGTAGAAATCAGGGAGGATTTCCTGGGCAAGGCAGCCGCGGGGCTGGACGATGGGCGGCCGAGGTTCGGGCAGAGGAACTCC,64842ab64c1233a0fd0c580b986231d23582c79c9bf1ffc1a7efe9ff09129a85,0.0,GGCTTCCCCAAGGTGACCCCCTCTTTGAGCCTAGGCATAGTGGTCTCCCGGGAGAATGGAGGGTCCCAGAGCTCTCAGGCTGTGGGATTTGGAGAGGGGGAGGGGGGCACGAGGAGGCAGTAGAAATCAGGGAGGATTTCCTGGGCAAGGCAGCCGCGGGGCTGGACGATGGGCGGCCGAGGTTCGGGCAGAGGAACTCC,e71c3ea252ce146b3579fbc829aca1662402fee45a556562a9cf0e1b219b1374,0.366806542418166,GGCTTCCCCAAGGTGACCCCCTCTTTGAGCCTAGGCATAGTGGTCTCCCGGGAGAATGGAGGGTCCCAGAGCTCTCAGGCTGTGGGATTTGGAGAGGGGAAGGGGGGCACGAGGAGGCAGTAGAAATCAGAGAGGATTTCCTGGGCAAGGCAGCCGCGGGGCTGGACGATGGGCGGCCGAGGTTCGGGCAGAGGAACTCC,5976ea84c3f90e301ca30a3324ff2f46bfe1f2f9ed71b454a311d6cb87fd51f0,0.33517820329935,GGCTTCCCCAAGGTGACCCCCTCTTTGAGCCTAGGCATAGTGGTCTCCCGGGAGAATGGAGGGTCCCAGAGCTCTCAGGCTGTGGGATTTGGAGAGGGGGAGGGGGGCACGAGGAGGCAGTAGAAATCAGAGAGGATTTCCTGGGCAAGGCAGCCGCGGGGCTGGACGATGGGCGGCCGAGGTTCGGGCAGAGGAACTCC,7cdea62ecb3bdc51166b91142e38b8da851016662e40e2ff785c26899cb244cb,0.535907530522957,0.1660772151945589,0.323133463059912,-286.4759823791683,-281.6053112652153,-289.71606169454753,-284.01024930085987,-0.8351412797346711,1.0,0.1660772151945589,0.0,2,0.17397843514407896,0.17490732828716207,0.146091925319964,0.08926426799291391,1.0
chr22:21322836:T:C;chr22:21322888:A:G;var1;middle;OL41|K562|603eb701d255bca6,chr22:21322836:T:C;chr22:21322888:A:G;var1;middle;OL41,K562,K562_region_01490,100,152,52,GATCCTGGCTCTCTTTGCCTCCTCTGATCCCCTGTGTGGTCTCGGGCTGCCTTCTTGGCCTTTCTGGGCACACTTCCCCATTTATACAGGAAATCACCATCCAACCTAGCCTGAGCTACTCCAGCCAGAAGTGGGAGTGTCCTGGGGTGCTAGGGGAGGCCTGGGTCTTTTCTCCACTAAAGACTCATGTCTGCGGAGCT,f4777058fb77555cda46c944b3cd51b0564453fdb8cdc3815f30c042617b0a52,0.0,GATCCTGGCTCTCTTTGCCTCCTCTGATCCCCTGTGTGGTCTCGGGCTGCCTTCTTGGCCTTTCTGGGCACACTTCCCCATTTATACAGGAAATCACCACCCAACCTAGCCTGAGCTACTCCAGCCAGAAGTGGGAGTGTCCTGGGGTGCTAGGGGAGGCCTGGGTCTTTTCTCCACTAAAGACTCATGTCTGCGGAGCT,88898f9d71d4740842704abe84cb3130c0be8b581ba390e7b9b49a34e4d3e021,0.491092681752009,GATCCTGGCTCTCTTTGCCTCCTCTGATCCCCTGTGTGGTCTCGGGCTGCCTTCTTGGCCTTTCTGGGCACACTTCCCCATTTATACAGGAAATCACCATCCAACCTAGCCTGAGCTACTCCAGCCAGAAGTGGGAGTGTCCTGGGGTGCTGGGGGAGGCCTGGGTCTTTTCTCCACTAAAGACTCATGTCTGCGGAGCT,d0b182525dababc80567fd7ae03b52b1f4b8ad956437203d19c8fe791af8080c,0.528527086603785,GATCCTGGCTCTCTTTGCCTCCTCTGATCCCCTGTGTGGTCTCGGGCTGCCTTCTTGGCCTTTCTGGGCACACTTCCCCATTTATACAGGAAATCACCACCCAACCTAGCCTGAGCTACTCCAGCCAGAAGTGGGAGTGTCCTGGGGTGCTGGGGGAGGCCTGGGTCTTTTCTCCACTAAAGACTCATGTCTGCGGAGCT,603eb701d255bca6e44e3b2c693d809c3f66128a7c66ec6cbc0efd248a9d87c4,0.782400842722205,0.2372189256335889,0.324569429144424,-296.91176569694653,-306.8220053636469,-284.14940875023603,-308.1845297073014,14.12488129036501,1.0,0.2372189256335889,0.0,1,0.1967363770501737,0.18216460459877223,0.1501433469024087,0.24771153293209824,1.0
chr22:21332409:G:A;chr22:21332441:T:C;var1;middle;OL27|K562|4acaf0bbf6e0d756,chr22:21332409:G:A;chr22:21332441:T:C;var1;middle;OL27,K562,K562_region_01491,100,132,32,AGGCACATGGAGGGGTGGGAGGGAGTCTCAGGGTCTCAGTGTCCCCATGCCCATGCCTCAGTTGCTGACCTTGGGTCCTGGACACTGTTAGGCATCAAAGCTCTGATGTGGATTCTCTGGCCAGCCTCATCTCGGCGATCCAGCCAACACAGAGAGCGACACCCCACTGAGCCAGCCATAGCTCCTCAATCTCAGTTTTC,1b641cd5ca095534f2c8d8d279a97adfc6c81f8dc274cb99e64366206cce8c05,0.0,AGGCACATGGAGGGGTGGGAGGGAGTCTCAGGGTCTCAGTGTCCCCATGCCCATGCCTCAGTTGCTGACCTTGGGTCCTGGACACTGTTAGGCATCAAAACTCTGATGTGGATTCTCTGGCCAGCCTCATCTCGGCGATCCAGCCAACACAGAGAGCGACACCCCACTGAGCCAGCCATAGCTCCTCAATCTCAGTTTTC,03e67b6772078fb6913d14a64ac5bfbcfcb73e1d12a96ae315fd882272cb3b04,0.476122686929708,AGGCACATGGAGGGGTGGGAGGGAGTCTCAGGGTCTCAGTGTCCCCATGCCCATGCCTCAGTTGCTGACCTTGGGTCCTGGACACTGTTAGGCATCAAAGCTCTGATGTGGATTCTCTGGCCAGCCTCATCCCGGCGATCCAGCCAACACAGAGAGCGACACCCCACTGAGCCAGCCATAGCTCCTCAATCTCAGTTTTC,97fcc4e64394d703e7dda233ab969a3a8ea65f785a7ed31875424156485fe259,0.541278452782608,AGGCACATGGAGGGGTGGGAGGGAGTCTCAGGGTCTCAGTGTCCCCATGCCCATGCCTCAGTTGCTGACCTTGGGTCCTGGACACTGTTAGGCATCAAAACTCTGATGTGGATTCTCTGGCCAGCCTCATCCCGGCGATCCAGCCAACACAGAGAGCGACACCCCACTGAGCCAGCCATAGCTCCTCAATCTCAGTTTTC,4acaf0bbf6e0d756b06c5856125d83579211cebf4b53c5a1e4fe2fd8ba26fd14,0.221874783139074,0.795526356573242,0.207943407707688,-296.6819667001255,-292.46953649586067,-305.18064549472183,-301.66953246388584,0.7013171734288335,1.0,0.795526356573242,0.0,1,0.18307870772639595,0.18216460459877223,0.1501433469024087,0.14478714150952426,1.0
chr22:21344905:A:G;chr22:21344920:G:C;var1;middle;OL41|K562|79838ec73f97d48d,chr22:21344905:A:G;chr22:21344920:G:C;var1;middle;OL41,K562,K562_region_01492,100,115,15,GGACAAGACGTGAGTACTCTGGCCAGTGGGGTGGAGGGAGGACGGTCAGTTCCCTCGAATCCTTCTGAATATGAAGAACGCCTCTTGCACCTGGTGGCCATGGTAACCATCCTTGTGAGCTCTGCAAACAGCAGGAGGTTACAGCCCGGAGCAGGGATGTGCGGTGCCCCTGGCAGGTCCCCAGGATATGGCTACAGCTT,0ee019e84a3f5690245acc2a7bd91ac883e3ee582dc099c91ac90228fc70fba2,0.0,GGACAAGACGTGAGTACTCTGGCCAGTGGGGTGGAGGGAGGACGGTCAGTTCCCTCGAATCCTTCTGAATATGAAGAACGCCTCTTGCACCTGGTGGCCGTGGTAACCATCCTTGTGAGCTCTGCAAACAGCAGGAGGTTACAGCCCGGAGCAGGGATGTGCGGTGCCCCTGGCAGGTCCCCAGGATATGGCTACAGCTT,098d683e79700083ae2b8df9fe8516935aeb78c6d143162764ae5043f0781e97,-0.173942766778287,GGACAAGACGTGAGTACTCTGGCCAGTGGGGTGGAGGGAGGACGGTCAGTTCCCTCGAATCCTTCTGAATATGAAGAACGCCTCTTGCACCTGGTGGCCATGGTAACCATCCTTCTGAGCTCTGCAAACAGCAGGAGGTTACAGCCCGGAGCAGGGATGTGCGGTGCCCCTGGCAGGTCCCCAGGATATGGCTACAGCTT,8939558c6675ad9c4faae0c95a64e3834ecbd9b1f6a31ff3c7380ebff7e912e4,-0.0286936704869833,GGACAAGACGTGAGTACTCTGGCCAGTGGGGTGGAGGGAGGACGGTCAGTTCCCTCGAATCCTTCTGAATATGAAGAACGCCTCTTGCACCTGGTGGCCGTGGTAACCATCCTTCTGAGCTCTGCAAACAGCAGGAGGTTACAGCCCGGAGCAGGGATGTGCGGTGCCCCTGGCAGGTCCCCAGGATATGGCTACAGCTT,79838ec73f97d48dd7215a87d2fe2e84f482aed1b5e1da7985fd7c977dcebb05,-0.0552458032672133,0.1473906339980569,0.221753002837077,-380.9101432054304,-382.7008289897349,-380.2639179406688,-381.5926632974297,0.4619404275435386,-1.0,-0.1473906339980569,0.0,2,0.1758670909812904,0.17490732828716207,0.146091925319964,0.07129089144055409,1.0
chr22:21357119:G:A;chr22:21357153:C:T;var1;middle;OL41|K562|9019d347fb7ba162,chr22:21357119:G:A;chr22:21357153:C:T;var1;middle;OL41,K562,K562_region_01493,100,134,34,CGGGTTCACGCCATTCGGCTGCCTCACCCTCCACAGTAGCTGGGACTACAAGCGCCCGCCACCACGCCCGGCTAATTTGCAATACGGAAATTTTAATAGGTAATTAGCTCTCCTAGCGTTATGGTGGGGAATACAGAGGGATGGTTGCCTGCCGCACCCTCCCCTCACTATTCTTCGCCTTCTTCAGCCTCAGCTTCCAC,197d009618297cf489516f493392fb9e17a08783808fc7c04a0efb9ce5728941,0.0,CGGGTTCACGCCATTCGGCTGCCTCACCCTCCACAGTAGCTGGGACTACAAGCGCCCGCCACCACGCCCGGCTAATTTGCAATACGGAAATTTTAATAGATAATTAGCTCTCCTAGCGTTATGGTGGGGAATACAGAGGGATGGTTGCCTGCCGCACCCTCCCCTCACTATTCTTCGCCTTCTTCAGCCTCAGCTTCCAC,71bdbcb4e0b8e947037296190d57c8fc6e64b70635ea75185109d78956ba3411,-0.277156493810115,CGGGTTCACGCCATTCGGCTGCCTCACCCTCCACAGTAGCTGGGACTACAAGCGCCCGCCACCACGCCCGGCTAATTTGCAATACGGAAATTTTAATAGGTAATTAGCTCTCCTAGCGTTATGGTGGGGAATATAGAGGGATGGTTGCCTGCCGCACCCTCCCCTCACTATTCTTCGCCTTCTTCAGCCTCAGCTTCCAC,aaa665974909bcf35b1f66335c14e308fda6a2ab65191798832e94fd093e344e,-0.0683131022837763,CGGGTTCACGCCATTCGGCTGCCTCACCCTCCACAGTAGCTGGGACTACAAGCGCCCGCCACCACGCCCGGCTAATTTGCAATACGGAAATTTTAATAGATAATTAGCTCTCCTAGCGTTATGGTGGGGAATATAGAGGGATGGTTGCCTGCCGCACCCTCCCCTCACTATTCTTCGCCTTCTTCAGCCTCAGCTTCCAC,9019d347fb7ba162f60053497b15eced08dda6d03cdd23a441e7d376bc6021cc,-0.0428878083535515,0.3025817877403398,0.24714516367494,-211.0894053708762,-211.12962053716183,-211.930048532784,-211.77087971381843,0.19938398525118828,-1.0,-0.3025817877403398,0.0,1,0.18256802088890317,0.18216460459877223,0.1501433469024087,0.41857332219447785,1.0
chr22:21399187:G:C;chr22:21399247:A:G;var1;middle;OL41|K562|5d21a835daf83c1d,chr22:21399187:G:C;chr22:21399247:A:G;var1;middle;OL41,K562,K562_region_01494,100,160,60,CTCAACTTCAACCCAGCAGGACCAAGCCCCACCCCCGACCTCTTCCCTTGCCCCTCCAGCCTGGCCAAAAGCTCTTCTCTCTTACCCTACCACATAGACGACGATCCCAAACTGCAGCAGCCTCTGCAGGGCGCCCCCCCACCAGTTCCTGGTCATCACATACTTCTCCGTTTTATAATCCAGAAGCCCCTAGTCTGCTG,0ec717877265b95265f6e6baa52a08ea54bc6c88a6d54cbddf76da1675ce4247,0.0,CTCAACTTCAACCCAGCAGGACCAAGCCCCACCCCCGACCTCTTCCCTTGCCCCTCCAGCCTGGCCAAAAGCTCTTCTCTCTTACCCTACCACATAGACCACGATCCCAAACTGCAGCAGCCTCTGCAGGGCGCCCCCCCACCAGTTCCTGGTCATCACATACTTCTCCGTTTTATAATCCAGAAGCCCCTAGTCTGCTG,2776f3a4562026999047a6133e7584710de81b6f909d8d9c00dccf0f69e42f52,-0.15870657828953,CTCAACTTCAACCCAGCAGGACCAAGCCCCACCCCCGACCTCTTCCCTTGCCCCTCCAGCCTGGCCAAAAGCTCTTCTCTCTTACCCTACCACATAGACGACGATCCCAAACTGCAGCAGCCTCTGCAGGGCGCCCCCCCACCAGTTCCTGGTCATCACGTACTTCTCCGTTTTATAATCCAGAAGCCCCTAGTCTGCTG,6cfb1bc04b84b4420d5c22112f4bc433008e512c3f92a9b5c8564b54cc028e4a,0.67581410082925,CTCAACTTCAACCCAGCAGGACCAAGCCCCACCCCCGACCTCTTCCCTTGCCCCTCCAGCCTGGCCAAAAGCTCTTCTCTCTTACCCTACCACATAGACCACGATCCCAAACTGCAGCAGCCTCTGCAGGGCGCCCCCCCACCAGTTCCTGGTCATCACGTACTTCTCCGTTTTATAATCCAGAAGCCCCTAGTCTGCTG,5d21a835daf83c1db7b63e6a2c05c2789bb6cd8c8458a278630be8c4b4a83545,-0.21852647650203,0.73563399904175,0.522438597584536,-361.9271189626306,-356.3973988611251,-367.0390158686787,-359.55729447864,-1.9520012885332108,1.0,0.73563399904175,0.0,3,0.17754130320861672,0.18106719778262317,0.1474303780702046,0.17419063906989046,1.0
chr22:21400519:C:T;chr22:21400563:G:A;var1;middle;OL41|K562|f6364632507ab2db,chr22:21400519:C:T;chr22:21400563:G:A;var1;middle;OL41,K562,K562_region_01495,100,144,44,CGGGGGAGGGGGCAGGCCCGACTCCTCCCCTTTGGGGGTCTTCTCCCGCAGGGGTTGGGGGAGGCGGGCTGGGGCTAAGGCCAGCAGGGAACGTACCCGCCTGCGGGGCGCCTCCAGCCCCCTGCCTTCCCTTCATTGCTCCTGGAAGCATCAGGATAAAATGCAAAATCCCGCCAGACAGTGCACCAAGGGCTGTCCCA,1be67a2a85124e0bd3ad08a950480af689a5599c68ab830cd5f334895d7c6853,0.0,CGGGGGAGGGGGCAGGCCCGACTCCTCCCCTTTGGGGGTCTTCTCCCGCAGGGGTTGGGGGAGGCGGGCTGGGGCTAAGGCCAGCAGGGAACGTACCCGTCTGCGGGGCGCCTCCAGCCCCCTGCCTTCCCTTCATTGCTCCTGGAAGCATCAGGATAAAATGCAAAATCCCGCCAGACAGTGCACCAAGGGCTGTCCCA,f13ccdb9c7bd16525d16c8908fb9e7c13f7d0a8bdea837a804376178d63abea3,-0.397484941649564,CGGGGGAGGGGGCAGGCCCGACTCCTCCCCTTTGGGGGTCTTCTCCCGCAGGGGTTGGGGGAGGCGGGCTGGGGCTAAGGCCAGCAGGGAACGTACCCGCCTGCGGGGCGCCTCCAGCCCCCTGCCTTCCCTTCATTGCTCCTAGAAGCATCAGGATAAAATGCAAAATCCCGCCAGACAGTGCACCAAGGGCTGTCCCA,4ca5a8eb077ce0d30e32caddb5621c8d73fd829893254449740df7b185e55bf5,0.371757896513156,CGGGGGAGGGGGCAGGCCCGACTCCTCCCCTTTGGGGGTCTTCTCCCGCAGGGGTTGGGGGAGGCGGGCTGGGGCTAAGGCCAGCAGGGAACGTACCCGTCTGCGGGGCGCCTCCAGCCCCCTGCCTTCCCTTCATTGCTCCTAGAAGCATCAGGATAAAATGCAAAATCCCGCCAGACAGTGCACCAAGGGCTGTCCCA,f6364632507ab2db849d341b0132358e77ad36c6e12c550bab12c0b920eb6105,0.10180920204354,0.127536247179948,0.448363804791848,-313.41631374601275,-324.68953449092805,-314.4697721817065,-325.5292578311637,0.2137350954581052,-1.0,-0.127536247179948,0.0,3,0.18190349783891568,0.18106719778262317,0.1474303780702046,0.253959856906688,1.0
chr22:21400519:C:T;chr22:21400575:A:T;var1;middle;OL41|K562|71303f77b7f8870b,chr22:21400519:C:T;chr22:21400575:A:T;var1;middle;OL41,K562,K562_region_01495,100,156,56,CGGGGGAGGGGGCAGGCCCGACTCCTCCCCTTTGGGGGTCTTCTCCCGCAGGGGTTGGGGGAGGCGGGCTGGGGCTAAGGCCAGCAGGGAACGTACCCGCCTGCGGGGCGCCTCCAGCCCCCTGCCTTCCCTTCATTGCTCCTGGAAGCATCAGGATAAAATGCAAAATCCCGCCAGACAGTGCACCAAGGGCTGTCCCA,1be67a2a85124e0bd3ad08a950480af689a5599c68ab830cd5f334895d7c6853,0.0,CGGGGGAGGGGGCAGGCCCGACTCCTCCCCTTTGGGGGTCTTCTCCCGCAGGGGTTGGGGGAGGCGGGCTGGGGCTAAGGCCAGCAGGGAACGTACCCGTCTGCGGGGCGCCTCCAGCCCCCTGCCTTCCCTTCATTGCTCCTGGAAGCATCAGGATAAAATGCAAAATCCCGCCAGACAGTGCACCAAGGGCTGTCCCA,f13ccdb9c7bd16525d16c8908fb9e7c13f7d0a8bdea837a804376178d63abea3,-0.397522264201599,CGGGGGAGGGGGCAGGCCCGACTCCTCCCCTTTGGGGGTCTTCTCCCGCAGGGGTTGGGGGAGGCGGGCTGGGGCTAAGGCCAGCAGGGAACGTACCCGCCTGCGGGGCGCCTCCAGCCCCCTGCCTTCCCTTCATTGCTCCTGGAAGCATCAGGTTAAAATGCAAAATCCCGCCAGACAGTGCACCAAGGGCTGTCCCA,9016c994a240c122d1a1f4de0d24dea7554164bbe8f4b0ef4d1779bb558d106a,-0.143317438230052,CGGGGGAGGGGGCAGGCCCGACTCCTCCCCTTTGGGGGTCTTCTCCCGCAGGGGTTGGGGGAGGCGGGCTGGGGCTAAGGCCAGCAGGGAACGTACCCGTCTGCGGGGCGCCTCCAGCCCCCTGCCTTCCCTTCATTGCTCCTGGAAGCATCAGGTTAAAATGCAAAATCCCGCCAGACAGTGCACCAAGGGCTGTCCCA,71303f77b7f8870b15e848118c36618ecbb10d954245c4735ebdc90cca4c78da,-0.215700799110524,0.3251389033211269,0.469883881531973,-313.41631374601275,-324.68953449092805,-327.60201653442346,-338.57902339147404,0.2962138878647238,-1.0,-0.3251389033211269,0.0,3,0.1820696254193586,0.18106719778262317,0.1474303780702046,0.3109744524959993,1.0
chr22:21400563:G:A;chr22:21400575:A:T;var1;middle;OL41|K562|3aa75dfb3d9fedcc,chr22:21400563:G:A;chr22:21400575:A:T;var1;middle;OL41,K562,K562_region_01495,100,112,12,CCCGCAGGGGTTGGGGGAGGCGGGCTGGGGCTAAGGCCAGCAGGGAACGTACCCGCCTGCGGGGCGCCTCCAGCCCCCTGCCTTCCCTTCATTGCTCCTGGAAGCATCAGGATAAAATGCAAAATCCCGCCAGACAGTGCACCAAGGGCTGTCCCACCCTGAAATGAAATCAGAGCCGGGTTTTCCCAATCCACAGGAAA,baec7a5b95d488a6a2775bf0563776e74e59943f663191363c7d6be84352dd9b,0.0,CCCGCAGGGGTTGGGGGAGGCGGGCTGGGGCTAAGGCCAGCAGGGAACGTACCCGCCTGCGGGGCGCCTCCAGCCCCCTGCCTTCCCTTCATTGCTCCTAGAAGCATCAGGATAAAATGCAAAATCCCGCCAGACAGTGCACCAAGGGCTGTCCCACCCTGAAATGAAATCAGAGCCGGGTTTTCCCAATCCACAGGAAA,bb72d12489761670b83c87d53ec3af21c4d94f0bcc0f2958734103bbaabe3592,-0.232477354221242,CCCGCAGGGGTTGGGGGAGGCGGGCTGGGGCTAAGGCCAGCAGGGAACGTACCCGCCTGCGGGGCGCCTCCAGCCCCCTGCCTTCCCTTCATTGCTCCTGGAAGCATCAGGTTAAAATGCAAAATCCCGCCAGACAGTGCACCAAGGGCTGTCCCACCCTGAAATGAAATCAGAGCCGGGTTTTCCCAATCCACAGGAAA,5073dc8e7abd2833c05f3e316a86b1d4d65569638403f9ed5b7c63545abf6cc0,-0.172791901954348,CCCGCAGGGGTTGGGGGAGGCGGGCTGGGGCTAAGGCCAGCAGGGAACGTACCCGCCTGCGGGGCGCCTCCAGCCCCCTGCCTTCCCTTCATTGCTCCTAGAAGCATCAGGTTAAAATGCAAAATCCCGCCAGACAGTGCACCAAGGGCTGTCCCACCCTGAAATGAAATCAGAGCCGGGTTTTCCCAATCCACAGGAAA,3aa75dfb3d9fedcc7945d0b7c619f3eb1064f05bec55299082d73078bd96ddfd,-0.275286627983577,-0.1299826281920129,0.420965469099958,-343.7071831638459,-344.93806490139104,-346.1297632318456,-347.37022517598234,0.009580206591635942,1.0,-0.1299826281920129,0.0,3,0.18149229204002645,0.18106719778262317,0.1474303780702046,0.31224050704541895,1.0
chr22:22697345:G:T;chr22:22697358:C:T;var1;middle;OL41|K562|d62764dfca9e234b,chr22:22697345:G:T;chr22:22697358:C:T;var1;middle;OL41,K562,K562_region_01496,100,113,13,CTGTGGAGATTCCTGAGACATTAGAAATGGAGCCTGAGAAATTTCCAGGACACCCACATGGGCTCCAGGTGAAGCAGGGGCCCAGAAGGCCTTGTCTGAGCCCTGAGTGTGACGCAGCACCTGGCCACTAGGGGGAGGCAAACTCTGTGAATCCTAAGGGACCTGAGCTCTTGCTCTGAGCCCTGCCCTTGTTAATCACC,d5711b2641bc51caa0a7cef7eea8f1dddae5eac3fddbb63b266859d0377e8e69,0.0,CTGTGGAGATTCCTGAGACATTAGAAATGGAGCCTGAGAAATTTCCAGGACACCCACATGGGCTCCAGGTGAAGCAGGGGCCCAGAAGGCCTTGTCTGATCCCTGAGTGTGACGCAGCACCTGGCCACTAGGGGGAGGCAAACTCTGTGAATCCTAAGGGACCTGAGCTCTTGCTCTGAGCCCTGCCCTTGTTAATCACC,10e777d403fdcb523ff08dac504d88138ea9f226630675df8460008f9de49869,-0.0160324094976014,CTGTGGAGATTCCTGAGACATTAGAAATGGAGCCTGAGAAATTTCCAGGACACCCACATGGGCTCCAGGTGAAGCAGGGGCCCAGAAGGCCTTGTCTGAGCCCTGAGTGTGATGCAGCACCTGGCCACTAGGGGGAGGCAAACTCTGTGAATCCTAAGGGACCTGAGCTCTTGCTCTGAGCCCTGCCCTTGTTAATCACC,3ad4159966f811326266f26c7961da0d16fe3316e9ead4a5f34d3c9ecfeb83e4,-0.185526971302875,CTGTGGAGATTCCTGAGACATTAGAAATGGAGCCTGAGAAATTTCCAGGACACCCACATGGGCTCCAGGTGAAGCAGGGGCCCAGAAGGCCTTGTCTGATCCCTGAGTGTGATGCAGCACCTGGCCACTAGGGGGAGGCAAACTCTGTGAATCCTAAGGGACCTGAGCTCTTGCTCTGAGCCCTGCCCTTGTTAATCACC,d62764dfca9e234b980814e3a79ac922ae47c9399c9b137ccd93115934376b99,-0.168372467190173,0.0331869136103034,0.154505433271745,-336.108317039907,-355.8107229890302,-340.5207468161825,-347.2996875215322,12.923465243773535,-1.0,-0.0331869136103034,0.0,1,0.1955140084644771,0.18216460459877223,0.1501433469024087,0.1923962212263372,1.0
chr22:23055533:G:A;chr22:23055539:G:T;var1;middle;OL41|K562|3ef8e789f58d7d21,chr22:23055533:G:A;chr22:23055539:G:T;var1;middle;OL41,K562,K562_region_01497,100,106,6,CCAGGACAGACGGCCAGGATTACCTGTGGGGGAAACAACATTGGAAGTAAAAGTGTGCACTGGTACCAGCAGAAGCCAGGCCAGGCCCCTGTGCTGGTCGTCTATGATGATAGCGACCGGCCCTCAGGGATCCCTGAGCGATTCTCTGGCTCCAACTCTGGGAACACGGCCACCCTGACCATCAGCAGGGTCGAAGCCGG,846ad1fa89304533a42b15edacf262add3584cdfca06911f6eb6e44534acc4ab,0.0,CCAGGACAGACGGCCAGGATTACCTGTGGGGGAAACAACATTGGAAGTAAAAGTGTGCACTGGTACCAGCAGAAGCCAGGCCAGGCCCCTGTGCTGGTCATCTATGATGATAGCGACCGGCCCTCAGGGATCCCTGAGCGATTCTCTGGCTCCAACTCTGGGAACACGGCCACCCTGACCATCAGCAGGGTCGAAGCCGG,201d9e57693cec1828689f8f811be5c918f89c23f022e488f357dff882349332,0.0723558309445537,CCAGGACAGACGGCCAGGATTACCTGTGGGGGAAACAACATTGGAAGTAAAAGTGTGCACTGGTACCAGCAGAAGCCAGGCCAGGCCCCTGTGCTGGTCGTCTATTATGATAGCGACCGGCCCTCAGGGATCCCTGAGCGATTCTCTGGCTCCAACTCTGGGAACACGGCCACCCTGACCATCAGCAGGGTCGAAGCCGG,60097cc291023da1af1a08267045f960f1cd8524447d1b17db2e251c23bab439,-0.776844253014279,CCAGGACAGACGGCCAGGATTACCTGTGGGGGAAACAACATTGGAAGTAAAAGTGTGCACTGGTACCAGCAGAAGCCAGGCCAGGCCCCTGTGCTGGTCATCTATTATGATAGCGACCGGCCCTCAGGGATCCCTGAGCGATTCTCTGGCTCCAACTCTGGGAACACGGCCACCCTGACCATCAGCAGGGTCGAAGCCGG,3ef8e789f58d7d212dbe15023f0b9724cd4046b324808f7edf222e1ebdd376a9,0.320421068437566,1.0249094905072913,0.402646492274341,-226.799541791901,-223.6332038156688,-226.0427895244211,-222.9745085928589,-0.09805704466998577,-1.0,-1.0249094905072913,0.0,4,0.1760777932666309,0.17620727786206916,0.145609630836647,0.26596770575158,1.0
chr22:23058621:G:T;chr22:23058658:G:A;var1;middle;OL41|K562|2897fb99aeaf39ab,chr22:23058621:G:T;chr22:23058658:G:A;var1;middle;OL41,K562,K562_region_01498,100,137,37,TTGCTTTGTCGCCAGGCTGGAGTGCAGTGGCAGAATCTTGGCTTACTGAAATCTCAGCCTCCCAGGCTCTACCAATGCTCCCTGCCTCAGCCTCCCGAAGAGCTGGGATAACAGGTGACCACCACCATGCCTGGCTGATTTTTGTATATTTAGTAGAGACGGGATTTCACCATGTTGGCCAGGCTGGTCTTGAACTCCTG,84da998b0381f20de494595a0d3f3dcb590ac887016b7f92c200e6c54d8dbb83,0.0,TTGCTTTGTCGCCAGGCTGGAGTGCAGTGGCAGAATCTTGGCTTACTGAAATCTCAGCCTCCCAGGCTCTACCAATGCTCCCTGCCTCAGCCTCCCGAATAGCTGGGATAACAGGTGACCACCACCATGCCTGGCTGATTTTTGTATATTTAGTAGAGACGGGATTTCACCATGTTGGCCAGGCTGGTCTTGAACTCCTG,bf4886e2a2acdc7d69ee6485b2f5a4c3019f361b69bde6ec4d14e659beb771f7,0.0439433458089675,TTGCTTTGTCGCCAGGCTGGAGTGCAGTGGCAGAATCTTGGCTTACTGAAATCTCAGCCTCCCAGGCTCTACCAATGCTCCCTGCCTCAGCCTCCCGAAGAGCTGGGATAACAGGTGACCACCACCATGCCTGGCTAATTTTTGTATATTTAGTAGAGACGGGATTTCACCATGTTGGCCAGGCTGGTCTTGAACTCCTG,466ab46a1f316a6751ebfc69d225d5c64a09b21ffce59af99bf92fd8bfead4b0,0.515569734694211,TTGCTTTGTCGCCAGGCTGGAGTGCAGTGGCAGAATCTTGGCTTACTGAAATCTCAGCCTCCCAGGCTCTACCAATGCTCCCTGCCTCAGCCTCCCGAATAGCTGGGATAACAGGTGACCACCACCATGCCTGGCTAATTTTTGTATATTTAGTAGAGACGGGATTTCACCATGTTGGCCAGGCTGGTCTTGAACTCCTG,2897fb99aeaf39ab2ceb02411b8da8f6878cf52303fb71442f1a7e852f895a01,0.100995764506012,0.4585173159971665,0.284262302220373,-99.9176354398951,-96.389293233864,-96.78551809769124,-93.15251608379184,-0.10465980786831608,1.0,0.4585173159971665,0.0,0,0.18564163023526292,0.18565657667894103,0.15145376406925343,0.1474734522551483,1.0
chr22:23245173:A:C;chr22:23245195:G:A;var1;middle;OL41|K562|11faf6b7c309480c,chr22:23245173:A:C;chr22:23245195:G:A;var1;middle;OL41,K562,K562_region_01499,100,122,22,TCTGAATTAGAAGAAGGCTAAAAGGTTCTAGTGGCCACAGTCCCTGTCTAAGCCCATTTCACAAATGAGAAAACTAAGACCACCCAAGGAGGGCCAGTTACGTAGGCCTGCTGGGTACAAGGCCAAGGTCTACTTCACACCCAGCAGCTGTCCAAAGACTGAGCTGTGTCATAAGTTTATATTATGAAGAACTCTGAACA,99b37f378c19ed6ace2da8b675b8c7613a0ac6d337267d67d6935a2f319d3c02,0.0,TCTGAATTAGAAGAAGGCTAAAAGGTTCTAGTGGCCACAGTCCCTGTCTAAGCCCATTTCACAAATGAGAAAACTAAGACCACCCAAGGAGGGCCAGTTCCGTAGGCCTGCTGGGTACAAGGCCAAGGTCTACTTCACACCCAGCAGCTGTCCAAAGACTGAGCTGTGTCATAAGTTTATATTATGAAGAACTCTGAACA,9e128be746748105fb82ffd7a6bc902c9a5190f2ef27434f48b5bdec1e910698,0.0042709949619826,TCTGAATTAGAAGAAGGCTAAAAGGTTCTAGTGGCCACAGTCCCTGTCTAAGCCCATTTCACAAATGAGAAAACTAAGACCACCCAAGGAGGGCCAGTTACGTAGGCCTGCTGGGTACAAGACCAAGGTCTACTTCACACCCAGCAGCTGTCCAAAGACTGAGCTGTGTCATAAGTTTATATTATGAAGAACTCTGAACA,a88732ec9308680ab5996cd0e344323a934033deeec16c4cbb4fcd08d38ca512,-0.0219492932275274,TCTGAATTAGAAGAAGGCTAAAAGGTTCTAGTGGCCACAGTCCCTGTCTAAGCCCATTTCACAAATGAGAAAACTAAGACCACCCAAGGAGGGCCAGTTCCGTAGGCCTGCTGGGTACAAGACCAAGGTCTACTTCACACCCAGCAGCTGTCCAAAGACTGAGCTGTGTCATAAGTTTATATTATGAAGAACTCTGAACA,11faf6b7c309480cd9676cf2c72c292c02015eaedb5d074ce36dbef490dd9153,-0.14506658701621,0.1273882887506652,0.368073198149923,-307.5125010544434,-325.74892045464367,-303.3203595485538,-322.4665893269703,0.909810378216207,1.0,0.1273882887506652,0.0,3,0.18330552251891633,0.18106719778262317,0.1474303780702046,0.1970090443735112,1.0
chr22:23647800:A:T;chr22:23647845:T:C;var1;middle;OL41|K562|0d3fdeed41de4e23,chr22:23647800:A:T;chr22:23647845:T:C;var1;middle;OL41,K562,K562_region_01500,100,145,45,CCCAGCAGAGCCACCATGCAAAGTGGTCAGTGATGCTTCAGGGCAGCACACAGCACCTGCCCCAGTTGGGCTTCGGCCTCCCTCAGCCCCCACCCCACCACTTCCCTGGGATGGATGTGCACGATAGTTTTCTAGGCAGACCTCTAGGCCACCATCTGCCAGGCCCGCTGACCATAGTCATTCTTTCAAGGCTCCTGCCT,83c10a50bd390dc7f6ee475184972c2ba27d4dbbf6b85730984e151b9d950f3c,0.0,CCCAGCAGAGCCACCATGCAAAGTGGTCAGTGATGCTTCAGGGCAGCACACAGCACCTGCCCCAGTTGGGCTTCGGCCTCCCTCAGCCCCCACCCCACCTCTTCCCTGGGATGGATGTGCACGATAGTTTTCTAGGCAGACCTCTAGGCCACCATCTGCCAGGCCCGCTGACCATAGTCATTCTTTCAAGGCTCCTGCCT,73c22368c07c2b813b05b3c82991507e201e974d808e8f699468cc3e82fc23b8,-0.649274710115772,CCCAGCAGAGCCACCATGCAAAGTGGTCAGTGATGCTTCAGGGCAGCACACAGCACCTGCCCCAGTTGGGCTTCGGCCTCCCTCAGCCCCCACCCCACCACTTCCCTGGGATGGATGTGCACGATAGTTTTCTAGGCAGACCTCCAGGCCACCATCTGCCAGGCCCGCTGACCATAGTCATTCTTTCAAGGCTCCTGCCT,681ddd67516f89a463d0aad0749a298b01c172e9161653e5e549b6cd06dd68c2,-0.181556472303288,CCCAGCAGAGCCACCATGCAAAGTGGTCAGTGATGCTTCAGGGCAGCACACAGCACCTGCCCCAGTTGGGCTTCGGCCTCCCTCAGCCCCCACCCCACCTCTTCCCTGGGATGGATGTGCACGATAGTTTTCTAGGCAGACCTCCAGGCCACCATCTGCCAGGCCCGCTGACCATAGTCATTCTTTCAAGGCTCCTGCCT,0d3fdeed41de4e238aaa2986c27fc0ece85a8e27adccc08863f49ba31ed79264,-0.0902193098680631,0.7406118725509968,0.441941889022243,-289.08649075962603,-284.6141075612977,-289.93723451253027,-283.8994250437245,1.5654262704774737,-1.0,-0.7406118725509968,0.0,3,0.1846260544848106,0.18106719778262317,0.1474303780702046,0.2177137005068573,1.0
chr22:23657874:A:G;chr22:23657939:T:C;var1;middle;OL41|K562|31033c2cb427ce6b,chr22:23657874:A:G;chr22:23657939:T:C;var1;middle;OL41,K562,K562_region_01501,100,165,65,GTAGAGCGGGAACCTTCCTGAGGTGTCCTTGGGCCACCCCCAAGTGTTGGGCCATCTGCCAAGAGACAGCGACCCAAAGCCGAAGGACAGGTGGCCTGGAAAGATCCCGCCCAGGTCTGGGAGCCCCAGGCTGGCCTCAGACTGTGGTTTTTTATGTGGCCACCTGAGGGCGCCCCAAGCCAGTTCATCTCGGAGTCCAG,692864d7b027eb759796bf8833f0aabd1c00910dc819817a3ddb0568f350ef14,0.0,GTAGAGCGGGAACCTTCCTGAGGTGTCCTTGGGCCACCCCCAAGTGTTGGGCCATCTGCCAAGAGACAGCGACCCAAAGCCGAAGGACAGGTGGCCTGGGAAGATCCCGCCCAGGTCTGGGAGCCCCAGGCTGGCCTCAGACTGTGGTTTTTTATGTGGCCACCTGAGGGCGCCCCAAGCCAGTTCATCTCGGAGTCCAG,52f94e2d0cec5174e668c8c04fd84894752c6e5825571c42bb3966e1b407f07a,0.0772524800013606,GTAGAGCGGGAACCTTCCTGAGGTGTCCTTGGGCCACCCCCAAGTGTTGGGCCATCTGCCAAGAGACAGCGACCCAAAGCCGAAGGACAGGTGGCCTGGAAAGATCCCGCCCAGGTCTGGGAGCCCCAGGCTGGCCTCAGACTGTGGTTTTTTATGTGGCCACCCGAGGGCGCCCCAAGCCAGTTCATCTCGGAGTCCAG,5a84a6dd336b1ad40a6fd4f40b6e6821c319b992db12346be6ada7ea7caa2582,-0.0140288006713758,GTAGAGCGGGAACCTTCCTGAGGTGTCCTTGGGCCACCCCCAAGTGTTGGGCCATCTGCCAAGAGACAGCGACCCAAAGCCGAAGGACAGGTGGCCTGGGAAGATCCCGCCCAGGTCTGGGAGCCCCAGGCTGGCCTCAGACTGTGGTTTTTTATGTGGCCACCCGAGGGCGCCCCAAGCCAGTTCATCTCGGAGTCCAG,31033c2cb427ce6b93232242f47780f929433dd394cd3f9562a7e640e701bd19,-0.174017017969432,0.2372406972994168,0.223963099205086,-410.3715288003441,-408.55811007367447,-403.237408283283,-402.40430056583136,0.980311009217985,1.0,0.2372406972994168,0.0,1,0.18336256717828123,0.18216460459877223,0.1501433469024087,0.17064212686795055,1.0
chr22:23657875:A:C;chr22:23657939:T:C;var1;middle;OL41|K562|0c2f177131537ea1,chr22:23657875:A:C;chr22:23657939:T:C;var1;middle;OL41,K562,K562_region_01501,100,164,64,TAGAGCGGGAACCTTCCTGAGGTGTCCTTGGGCCACCCCCAAGTGTTGGGCCATCTGCCAAGAGACAGCGACCCAAAGCCGAAGGACAGGTGGCCTGGAAAGATCCCGCCCAGGTCTGGGAGCCCCAGGCTGGCCTCAGACTGTGGTTTTTTATGTGGCCACCTGAGGGCGCCCCAAGCCAGTTCATCTCGGAGTCCAGG,af9ede0db612288d411c0f40759077694884ca7fe81097b9343ef77dd4c61029,0.0,TAGAGCGGGAACCTTCCTGAGGTGTCCTTGGGCCACCCCCAAGTGTTGGGCCATCTGCCAAGAGACAGCGACCCAAAGCCGAAGGACAGGTGGCCTGGACAGATCCCGCCCAGGTCTGGGAGCCCCAGGCTGGCCTCAGACTGTGGTTTTTTATGTGGCCACCTGAGGGCGCCCCAAGCCAGTTCATCTCGGAGTCCAGG,19d67af78e043a0775d5ccffd4c0d293bbd52aecca0c33e832e4401c3efbf0f0,0.0754002774796553,TAGAGCGGGAACCTTCCTGAGGTGTCCTTGGGCCACCCCCAAGTGTTGGGCCATCTGCCAAGAGACAGCGACCCAAAGCCGAAGGACAGGTGGCCTGGAAAGATCCCGCCCAGGTCTGGGAGCCCCAGGCTGGCCTCAGACTGTGGTTTTTTATGTGGCCACCCGAGGGCGCCCCAAGCCAGTTCATCTCGGAGTCCAGG,0a14386bac70736e390dad6807d96f2bb98a688bdc49ebd5a63567dc892b68c4,0.0787925272083474,TAGAGCGGGAACCTTCCTGAGGTGTCCTTGGGCCACCCCCAAGTGTTGGGCCATCTGCCAAGAGACAGCGACCCAAAGCCGAAGGACAGGTGGCCTGGACAGATCCCGCCCAGGTCTGGGAGCCCCAGGCTGGCCTCAGACTGTGGTTTTTTATGTGGCCACCCGAGGGCGCCCCAAGCCAGTTCATCTCGGAGTCCAGG,0c2f177131537ea15bb8f1196c9854db8fe45e16b487e88d65e1782a56f7636d,-0.0747057130274291,0.2288985177154318,0.19959520777305,-410.2525238423841,-412.0521634982433,-400.3656734949909,-402.42463418422267,0.25932103337254375,1.0,0.2288985177154318,0.0,1,0.18262900323132383,0.18216460459877223,0.1501433469024087,0.2232919293898221,1.0
chr22:23657939:T:C;chr22:23657966:G:A;var1;middle;OL41|K562|299f411df9f2324c,chr22:23657939:T:C;chr22:23657966:G:A;var1;middle;OL41,K562,K562_region_01501,100,127,27,ACAGCGACCCAAAGCCGAAGGACAGGTGGCCTGGAAAGATCCCGCCCAGGTCTGGGAGCCCCAGGCTGGCCTCAGACTGTGGTTTTTTATGTGGCCACCTGAGGGCGCCCCAAGCCAGTTCATCTCGGAGTCCAGGCCTGGCCCTGGGAGACAGGGTGAAGGGAGTGGTTTTTATGAACTTAACTTAGAGTCTAAAAGAT,74b73300e004090e30665b000cc40672e9529c6237e4174649e890fa172a8a46,0.0,ACAGCGACCCAAAGCCGAAGGACAGGTGGCCTGGAAAGATCCCGCCCAGGTCTGGGAGCCCCAGGCTGGCCTCAGACTGTGGTTTTTTATGTGGCCACCCGAGGGCGCCCCAAGCCAGTTCATCTCGGAGTCCAGGCCTGGCCCTGGGAGACAGGGTGAAGGGAGTGGTTTTTATGAACTTAACTTAGAGTCTAAAAGAT,5daed2527070a51bc3cfd9b62ff48e8974e46beb08d6ff8b1dd9cfdf8c2edc16,0.0095186784466583,ACAGCGACCCAAAGCCGAAGGACAGGTGGCCTGGAAAGATCCCGCCCAGGTCTGGGAGCCCCAGGCTGGCCTCAGACTGTGGTTTTTTATGTGGCCACCTGAGGGCGCCCCAAGCCAGTTCATCTCAGAGTCCAGGCCTGGCCCTGGGAGACAGGGTGAAGGGAGTGGTTTTTATGAACTTAACTTAGAGTCTAAAAGAT,9ede1e814b0b3b8f9cc37151bc537f87e79de32828fa7b7ef32a3c5516043cf3,0.0824625656912085,ACAGCGACCCAAAGCCGAAGGACAGGTGGCCTGGAAAGATCCCGCCCAGGTCTGGGAGCCCCAGGCTGGCCTCAGACTGTGGTTTTTTATGTGGCCACCCGAGGGCGCCCCAAGCCAGTTCATCTCAGAGTCCAGGCCTGGCCCTGGGAGACAGGGTGAAGGGAGTGGTTTTTATGAACTTAACTTAGAGTCTAAAAGAT,299f411df9f2324c6c753077dbb290d957b45bac35889ffd4e0ac8578d7eb26b,0.0614413185350484,0.0305399256028183,0.13512924902077,-237.19607727229595,-245.0110556664877,-230.93871419411155,-237.1858269767836,-1.567865611519693,1.0,0.0305399256028183,0.0,1,0.18076995068973573,0.18216460459877223,0.1501433469024087,0.25237717257902204,1.0
chr22:23657939:T:C;chr22:23658007:G:A;var1;middle;OL41|K562|c2d203e2c74e5bd5,chr22:23657939:T:C;chr22:23658007:G:A;var1;middle;OL41,K562,K562_region_01501,100,168,68,ACAGCGACCCAAAGCCGAAGGACAGGTGGCCTGGAAAGATCCCGCCCAGGTCTGGGAGCCCCAGGCTGGCCTCAGACTGTGGTTTTTTATGTGGCCACCTGAGGGCGCCCCAAGCCAGTTCATCTCGGAGTCCAGGCCTGGCCCTGGGAGACAGGGTGAAGGGAGTGGTTTTTATGAACTTAACTTAGAGTCTAAAAGAT,74b73300e004090e30665b000cc40672e9529c6237e4174649e890fa172a8a46,0.0,ACAGCGACCCAAAGCCGAAGGACAGGTGGCCTGGAAAGATCCCGCCCAGGTCTGGGAGCCCCAGGCTGGCCTCAGACTGTGGTTTTTTATGTGGCCACCCGAGGGCGCCCCAAGCCAGTTCATCTCGGAGTCCAGGCCTGGCCCTGGGAGACAGGGTGAAGGGAGTGGTTTTTATGAACTTAACTTAGAGTCTAAAAGAT,5daed2527070a51bc3cfd9b62ff48e8974e46beb08d6ff8b1dd9cfdf8c2edc16,0.009659138204327,ACAGCGACCCAAAGCCGAAGGACAGGTGGCCTGGAAAGATCCCGCCCAGGTCTGGGAGCCCCAGGCTGGCCTCAGACTGTGGTTTTTTATGTGGCCACCTGAGGGCGCCCCAAGCCAGTTCATCTCGGAGTCCAGGCCTGGCCCTGGGAGACAGGGTGAAGGGAGTGATTTTTATGAACTTAACTTAGAGTCTAAAAGAT,bac2691dcddd1902a637a0bd4ed943c883d3827521cb5ed915c8e169aa2631d5,-0.679409317281435,ACAGCGACCCAAAGCCGAAGGACAGGTGGCCTGGAAAGATCCCGCCCAGGTCTGGGAGCCCCAGGCTGGCCTCAGACTGTGGTTTTTTATGTGGCCACCCGAGGGCGCCCCAAGCCAGTTCATCTCGGAGTCCAGGCCTGGCCCTGGGAGACAGGGTGAAGGGAGTGATTTTTATGAACTTAACTTAGAGTCTAAAAGAT,c2d203e2c74e5bd5916441a1ed037610a3b9cbf15f747193cb39058989da4257,-0.743148875784087,0.0733986967069788,0.159437051584329,-237.19607727229595,-245.0110556664877,-273.09154503478203,-283.194840022712,2.288316593738273,1.0,0.0733986967069788,0.0,1,0.18469338420954148,0.18216460459877223,0.1501433469024087,0.26218771419783016,1.0
chr22:23657966:G:A;chr22:23658007:G:A;var1;middle;OL41|K562|bc8dd6c5f7924e27,chr22:23657966:G:A;chr22:23658007:G:A;var1;middle;OL41,K562,K562_region_01501,100,141,41,GGCCTGGAAAGATCCCGCCCAGGTCTGGGAGCCCCAGGCTGGCCTCAGACTGTGGTTTTTTATGTGGCCACCTGAGGGCGCCCCAAGCCAGTTCATCTCGGAGTCCAGGCCTGGCCCTGGGAGACAGGGTGAAGGGAGTGGTTTTTATGAACTTAACTTAGAGTCTAAAAGATTTCTACTGGATCACTTGTCAAGATGCG,68171cf71f156c0f585a29d3d2199e2fb56f05ea8a49db3965f38a96244b2c2f,0.0,GGCCTGGAAAGATCCCGCCCAGGTCTGGGAGCCCCAGGCTGGCCTCAGACTGTGGTTTTTTATGTGGCCACCTGAGGGCGCCCCAAGCCAGTTCATCTCAGAGTCCAGGCCTGGCCCTGGGAGACAGGGTGAAGGGAGTGGTTTTTATGAACTTAACTTAGAGTCTAAAAGATTTCTACTGGATCACTTGTCAAGATGCG,36fd732c71290935c946451c7bf0990896ec7497c5d254e90edc34846f2d7ea6,0.221642061393531,GGCCTGGAAAGATCCCGCCCAGGTCTGGGAGCCCCAGGCTGGCCTCAGACTGTGGTTTTTTATGTGGCCACCTGAGGGCGCCCCAAGCCAGTTCATCTCGGAGTCCAGGCCTGGCCCTGGGAGACAGGGTGAAGGGAGTGATTTTTATGAACTTAACTTAGAGTCTAAAAGATTTCTACTGGATCACTTGTCAAGATGCG,2b5648b31806428a44b2873522b33e997a8a046391797a9bb38cb882148aff8d,-0.680044485231407,GGCCTGGAAAGATCCCGCCCAGGTCTGGGAGCCCCAGGCTGGCCTCAGACTGTGGTTTTTTATGTGGCCACCTGAGGGCGCCCCAAGCCAGTTCATCTCAGAGTCCAGGCCTGGCCCTGGGAGACAGGGTGAAGGGAGTGATTTTTATGAACTTAACTTAGAGTCTAAAAGATTTCTACTGGATCACTTGTCAAGATGCG,bc8dd6c5f7924e276bb897a982034bb6e6f76f68980937f7e54d5c7ee884e71a,-0.461356518097592,-0.0029540942597159,0.122311592210615,-298.1676843557507,-293.6426049154252,-293.3560491062235,-286.3262478909455,2.504721774952486,-1.0,0.0029540942597159,0.0,1,0.18491356346888194,0.18216460459877223,0.1501433469024087,-0.02584009200056059,1.0
chr22:24247293:A:G;chr22:24247310:A:G;var1;middle;OL41|K562|13005e63465bad22,chr22:24247293:A:G;chr22:24247310:A:G;var1;middle;OL41,K562,K562_region_01502,100,117,17,CCAGGGCCCCAGCTGAGCCATGCTGGGGATGCAAGCCAGCAGTCGCATGAGGAAGCACAGCTGTGGACATCTGTCCCCAACTGCTGACAACTGTGCTGCAGAAACAGTGCTGCTCAAGACTGGGAACATCCCCAGTGGAGGACAGCTAGTGTCCTGAGAGCCAGTGGGACACAGCCACTGCTCCCTGGTGCTCAGCTCAG,a9ebb9f802065570856d1d1a9c860888acfcaf3f4cf39ba4700db2da98da9e69,0.0,CCAGGGCCCCAGCTGAGCCATGCTGGGGATGCAAGCCAGCAGTCGCATGAGGAAGCACAGCTGTGGACATCTGTCCCCAACTGCTGACAACTGTGCTGCGGAAACAGTGCTGCTCAAGACTGGGAACATCCCCAGTGGAGGACAGCTAGTGTCCTGAGAGCCAGTGGGACACAGCCACTGCTCCCTGGTGCTCAGCTCAG,c982282f3db8702b8a1d1deaf718abcadafccf79af00e1fab4d5fa768d568c4f,0.203063434889401,CCAGGGCCCCAGCTGAGCCATGCTGGGGATGCAAGCCAGCAGTCGCATGAGGAAGCACAGCTGTGGACATCTGTCCCCAACTGCTGACAACTGTGCTGCAGAAACAGTGCTGCTCAGGACTGGGAACATCCCCAGTGGAGGACAGCTAGTGTCCTGAGAGCCAGTGGGACACAGCCACTGCTCCCTGGTGCTCAGCTCAG,c3943bd761bf339bd27a253ae128c150794b129c2350c12c11132b569bf21d6b,-0.0917385642221635,CCAGGGCCCCAGCTGAGCCATGCTGGGGATGCAAGCCAGCAGTCGCATGAGGAAGCACAGCTGTGGACATCTGTCCCCAACTGCTGACAACTGTGCTGCGGAAACAGTGCTGCTCAGGACTGGGAACATCCCCAGTGGAGGACAGCTAGTGTCCTGAGAGCCAGTGGGACACAGCCACTGCTCCCTGGTGCTCAGCTCAG,13005e63465bad22f6603664f49ad11553be2d75be8b2d071f5a362596ae83d7,-0.0420534982995952,-0.1533783689668327,0.382855205654929,-224.9434478655457,-234.32755336165428,-220.17995051294565,-229.41633262485263,0.1477233842016119,-1.0,0.1533783689668327,0.0,0,0.18596578828034416,0.18565657667894103,0.15145376406925343,0.22740121442616373,1.0
chr22:24281620:G:C;chr22:24281628:A:G;var1;middle;OL41|K562|8986988bff75171d,chr22:24281620:G:C;chr22:24281628:A:G;var1;middle;OL41,K562,K562_region_01503,100,108,8,TTCTGGGCTCAAGTGATCCTCCCTCCTCAGCCTTCCAAAGTGCTGGGATTAGAGGCCTCAGCCACCATGCCCAGATTGCTTTGACATCTTGAGGCCTTAGTGATCCAAGAGAGACTGCCCCTCCCTGGGCCAGCTAATTCCTACAGAGAATAAATGATTTGCTTATGGTGTGCCTTCGATGGGCCAATCAACCGATTCGT,4bf01df1737c336d3db2c37abaf7c590622acc3628fbd2f575499e63c396384f,0.0,TTCTGGGCTCAAGTGATCCTCCCTCCTCAGCCTTCCAAAGTGCTGGGATTAGAGGCCTCAGCCACCATGCCCAGATTGCTTTGACATCTTGAGGCCTTACTGATCCAAGAGAGACTGCCCCTCCCTGGGCCAGCTAATTCCTACAGAGAATAAATGATTTGCTTATGGTGTGCCTTCGATGGGCCAATCAACCGATTCGT,65329464e24b09e8f5f22b942949446e70ef0c400ef5bbddbdbee9dfbe28558d,0.0366319981520879,TTCTGGGCTCAAGTGATCCTCCCTCCTCAGCCTTCCAAAGTGCTGGGATTAGAGGCCTCAGCCACCATGCCCAGATTGCTTTGACATCTTGAGGCCTTAGTGATCCAGGAGAGACTGCCCCTCCCTGGGCCAGCTAATTCCTACAGAGAATAAATGATTTGCTTATGGTGTGCCTTCGATGGGCCAATCAACCGATTCGT,299bec027215a8a3e3c02a4f2acf165a732a766387e1aa535b734365fb75b13d,-0.162914672849763,TTCTGGGCTCAAGTGATCCTCCCTCCTCAGCCTTCCAAAGTGCTGGGATTAGAGGCCTCAGCCACCATGCCCAGATTGCTTTGACATCTTGAGGCCTTACTGATCCAGGAGAGACTGCCCCTCCCTGGGCCAGCTAATTCCTACAGAGAATAAATGATTTGCTTATGGTGTGCCTTCGATGGGCCAATCAACCGATTCGT,8986988bff75171dc6a373eb25467e0dd1d44bea4a1c8d28985ed6a6d4318ce6,-0.0936161072661602,0.0326665674315149,0.176764493276851,-205.2197017101571,-205.38947077654305,-203.3397077154368,-203.6125005818904,-0.10302380006766043,-1.0,-0.0326665674315149,0.0,2,0.1750444573875035,0.17490732828716207,0.146091925319964,0.057787588646350835,1.0
chr22:24281901:C:T;chr22:24281915:C:T;var1;middle;OL41|K562|4c3165ddde7f3f76,chr22:24281901:C:T;chr22:24281915:C:T;var1;middle;OL41,K562,K562_region_01504,100,114,14,GACCACTCCTATAACCTAGAGCCCATCACAGTTATTGAAACTAGCCAGGCCTAAGTCTGTTTACCCTGTCTTGCCTTCTTGCAAAAAACACAGAAAACCCTTTGTCCACCTTTCGCCCTCACTCATTCTGCCACCTGACTGGCCCTGGTGCTTCCCCATGGCCCTGCATGGTGTGGCGTGTCCCCCCTATCATCTTGGGA,8d4ed841df3c5c389caf7c550bcabf312c414950c5692cafb8a879bcdd351c8c,0.0,GACCACTCCTATAACCTAGAGCCCATCACAGTTATTGAAACTAGCCAGGCCTAAGTCTGTTTACCCTGTCTTGCCTTCTTGCAAAAAACACAGAAAACCTTTTGTCCACCTTTCGCCCTCACTCATTCTGCCACCTGACTGGCCCTGGTGCTTCCCCATGGCCCTGCATGGTGTGGCGTGTCCCCCCTATCATCTTGGGA,dfefe9167a8b002d6eb3bcc90540ec6c0befd6e1a5bc4f8890ead9d7eb699b7c,-0.0820521059062204,GACCACTCCTATAACCTAGAGCCCATCACAGTTATTGAAACTAGCCAGGCCTAAGTCTGTTTACCCTGTCTTGCCTTCTTGCAAAAAACACAGAAAACCCTTTGTCCACCTTTTGCCCTCACTCATTCTGCCACCTGACTGGCCCTGGTGCTTCCCCATGGCCCTGCATGGTGTGGCGTGTCCCCCCTATCATCTTGGGA,6584a20ef791a3e17e6e6773547dc5265d83197b517e44134d3ebf91a08cbc3d,-0.370482171118628,GACCACTCCTATAACCTAGAGCCCATCACAGTTATTGAAACTAGCCAGGCCTAAGTCTGTTTACCCTGTCTTGCCTTCTTGCAAAAAACACAGAAAACCTTTTGTCCACCTTTTGCCCTCACTCATTCTGCCACCTGACTGGCCCTGGTGCTTCCCCATGGCCCTGCATGGTGTGGCGTGTCCCCCCTATCATCTTGGGA,4c3165ddde7f3f76cae15afc1ad7243da8db81f529fb24c9183fb4fd584f84b8,0.318357220124516,0.7708914971493644,0.551527740308778,-310.3174786577001,-309.41702741384506,-303.20628590718843,-301.9616636319552,0.34417103137815275,-1.0,-0.7708914971493644,0.0,0,0.18621810336023234,0.18565657667894103,0.15145376406925343,0.24741226062823535,1.0
chr22:24331907:A:G;chr22:24331967:T:C;var1;middle;OL41|K562|22c3dda616a67e9e,chr22:24331907:A:G;chr22:24331967:T:C;var1;middle;OL41,K562,K562_region_01505,100,160,60,AAACATGTTCCCAACCCTCAGACCAACCTCATTCTTGCTGGGAATCCCTGCCCCATTCAGCCACTCAGCCCCCGGTGGCTCAGCTCTTCTTCCTTTCTTATGCCAAACTCTCAAGGCTCCCTCCCCACTGGGGGTTCCCAGGTCTGACTCACTTTAGCATTCTAGGCCAGTGCTAGAGGCCGCATTAGGTGCCTGGTGTT,65c13f0921c2513e83025ae798cfb0eda7196c2d5bf991d8e8a2a2df1983c33f,0.0,AAACATGTTCCCAACCCTCAGACCAACCTCATTCTTGCTGGGAATCCCTGCCCCATTCAGCCACTCAGCCCCCGGTGGCTCAGCTCTTCTTCCTTTCTTGTGCCAAACTCTCAAGGCTCCCTCCCCACTGGGGGTTCCCAGGTCTGACTCACTTTAGCATTCTAGGCCAGTGCTAGAGGCCGCATTAGGTGCCTGGTGTT,a23a2b5fa107613ff32341d9843f5152f208a192a45fc3d66d491d973793ce67,0.245149793510659,AAACATGTTCCCAACCCTCAGACCAACCTCATTCTTGCTGGGAATCCCTGCCCCATTCAGCCACTCAGCCCCCGGTGGCTCAGCTCTTCTTCCTTTCTTATGCCAAACTCTCAAGGCTCCCTCCCCACTGGGGGTTCCCAGGTCTGACTCACTTTAGCACTCTAGGCCAGTGCTAGAGGCCGCATTAGGTGCCTGGTGTT,9c7e94b663d6597ad34cdcf5b9730a9600a8015746eee9a4386cb5d448cb9ec8,-0.628509868578315,AAACATGTTCCCAACCCTCAGACCAACCTCATTCTTGCTGGGAATCCCTGCCCCATTCAGCCACTCAGCCCCCGGTGGCTCAGCTCTTCTTCCTTTCTTGTGCCAAACTCTCAAGGCTCCCTCCCCACTGGGGGTTCCCAGGTCTGACTCACTTTAGCACTCTAGGCCAGTGCTAGAGGCCGCATTAGGTGCCTGGTGTT,22c3dda616a67e9e03a973e09ac574cf8409518d92be6187a36584631ad9e7af,-0.215683985885809,0.167676089181847,0.492534911783172,-338.49935590289533,-348.2381456103176,-325.1529521904886,-336.61742678657174,-1.7256848886609077,-1.0,-0.167676089181847,0.0,2,0.17268173164741238,0.17490732828716207,0.146091925319964,0.28091970227412166,1.0
chr22:24339556:T:A;chr22:24339634:A:C;var1;middle;OL41|K562|db518ad9a638486b,chr22:24339556:T:A;chr22:24339634:A:C;var1;middle;OL41,K562,K562_region_01506,100,178,78,CTGGAGTGCAGTGGTGCAATCATAGCTCGGTGTAACCTTGAACTCTTGGACTCGAGTGATCCTCCCACCTCGGCCACCCAGTTAGCTAAGACTACAGGCTTGCACCACCACACCAAGCTAATTTTTTTAAAAAATATATTTTTTAGAAAAAAGTCTCATTGTGTTACCCAGGCTGTTATCAATCTCCTGGCCTCAAGTGA,8ca829af40aab698b19b76acaf1c75d297b13b7047ade06d5b48a065c32f88d9,0.0,CTGGAGTGCAGTGGTGCAATCATAGCTCGGTGTAACCTTGAACTCTTGGACTCGAGTGATCCTCCCACCTCGGCCACCCAGTTAGCTAAGACTACAGGCATGCACCACCACACCAAGCTAATTTTTTTAAAAAATATATTTTTTAGAAAAAAGTCTCATTGTGTTACCCAGGCTGTTATCAATCTCCTGGCCTCAAGTGA,9dd42b55fac6e57a43d8f7feb4a2a262f549e89254ced0ffc57c07f3197c4db1,0.10467970032363,CTGGAGTGCAGTGGTGCAATCATAGCTCGGTGTAACCTTGAACTCTTGGACTCGAGTGATCCTCCCACCTCGGCCACCCAGTTAGCTAAGACTACAGGCTTGCACCACCACACCAAGCTAATTTTTTTAAAAAATATATTTTTTAGAAAAAAGTCTCATTGTGTTACCCAGGCTGTTCTCAATCTCCTGGCCTCAAGTGA,53807d254c19443ebdf05730b9cd7ba847b2c4bb16ebae7c9597758a112d520e,0.175862107757116,CTGGAGTGCAGTGGTGCAATCATAGCTCGGTGTAACCTTGAACTCTTGGACTCGAGTGATCCTCCCACCTCGGCCACCCAGTTAGCTAAGACTACAGGCATGCACCACCACACCAAGCTAATTTTTTTAAAAAATATATTTTTTAGAAAAAAGTCTCATTGTGTTACCCAGGCTGTTCTCAATCTCCTGGCCTCAAGTGA,db518ad9a638486b886f02f4cc51df1991ec012908eb55ddff66617882c12ce1,-0.267639260306103,0.5481810683868491,0.386722567055983,-117.93578070309012,-114.28691045194864,-113.76654479186982,-110.21749098040164,0.09981643967329035,1.0,0.5481810683868491,0.0,2,0.1753398091765685,0.17490732828716207,0.146091925319964,0.3512665766102037,1.0
chr22:24342791:C:T;chr22:24342840:A:C;var1;middle;OL41|K562|a668863e9282e6b7,chr22:24342791:C:T;chr22:24342840:A:C;var1;middle;OL41,K562,K562_region_01507,100,149,49,CAAAGTAGAGACACATGTACTGGTTATTTGTCATCTTCTAATTTTCTATAGGCCATACTCTTTTTTGTTTTTGTTTTTTGAGATGGAGTCTCACTCTGTCGCCCAGGCTGGAGTGCAGTGGCACAATCTTGGCTCACTGCCAACTCCAACTCCTGGGTTCAAGCAATTGTCCTGCCTCAGCGTCCTGAGTAGCTGGGATT,268b708dd16187261788244197df4ad97027c3266a1b67f9658bf9f6630cd0d1,0.0,CAAAGTAGAGACACATGTACTGGTTATTTGTCATCTTCTAATTTTCTATAGGCCATACTCTTTTTTGTTTTTGTTTTTTGAGATGGAGTCTCACTCTGTTGCCCAGGCTGGAGTGCAGTGGCACAATCTTGGCTCACTGCCAACTCCAACTCCTGGGTTCAAGCAATTGTCCTGCCTCAGCGTCCTGAGTAGCTGGGATT,32e18297e7d7163daf267059eb5e0606530b7d57b2d97c15c00228ae5429d407,-0.147892262689841,CAAAGTAGAGACACATGTACTGGTTATTTGTCATCTTCTAATTTTCTATAGGCCATACTCTTTTTTGTTTTTGTTTTTTGAGATGGAGTCTCACTCTGTCGCCCAGGCTGGAGTGCAGTGGCACAATCTTGGCTCACTGCCAACTCCACCTCCTGGGTTCAAGCAATTGTCCTGCCTCAGCGTCCTGAGTAGCTGGGATT,3cc8d322485cb44c027282a7d307ce696377c3b9aba9bd72458c4b4a8a91f99d,0.125340564678495,CAAAGTAGAGACACATGTACTGGTTATTTGTCATCTTCTAATTTTCTATAGGCCATACTCTTTTTTGTTTTTGTTTTTTGAGATGGAGTCTCACTCTGTTGCCCAGGCTGGAGTGCAGTGGCACAATCTTGGCTCACTGCCAACTCCACCTCCTGGGTTCAAGCAATTGTCCTGCCTCAGCGTCCTGAGTAGCTGGGATT,a668863e9282e6b7962cad4af11c8f926b5b6f847e4ac891e62f15f3d672aed5,0.190204095560657,0.212755793572003,0.227134803924122,-134.69715152215213,-126.70043567055836,-137.23913422925398,-129.23145020287484,0.010968174785375595,-1.0,-0.212755793572003,0.0,1,0.18237631913128524,0.18216460459877223,0.1501433469024087,0.11192945849073681,1.0
chr22:24342791:C:T;chr22:24342860:G:C;var1;middle;OL41|K562|545b6e75d18b50e4,chr22:24342791:C:T;chr22:24342860:G:C;var1;middle;OL41,K562,K562_region_01507,100,169,69,CAAAGTAGAGACACATGTACTGGTTATTTGTCATCTTCTAATTTTCTATAGGCCATACTCTTTTTTGTTTTTGTTTTTTGAGATGGAGTCTCACTCTGTCGCCCAGGCTGGAGTGCAGTGGCACAATCTTGGCTCACTGCCAACTCCAACTCCTGGGTTCAAGCAATTGTCCTGCCTCAGCGTCCTGAGTAGCTGGGATT,268b708dd16187261788244197df4ad97027c3266a1b67f9658bf9f6630cd0d1,0.0,CAAAGTAGAGACACATGTACTGGTTATTTGTCATCTTCTAATTTTCTATAGGCCATACTCTTTTTTGTTTTTGTTTTTTGAGATGGAGTCTCACTCTGTTGCCCAGGCTGGAGTGCAGTGGCACAATCTTGGCTCACTGCCAACTCCAACTCCTGGGTTCAAGCAATTGTCCTGCCTCAGCGTCCTGAGTAGCTGGGATT,32e18297e7d7163daf267059eb5e0606530b7d57b2d97c15c00228ae5429d407,-0.14786276731379,CAAAGTAGAGACACATGTACTGGTTATTTGTCATCTTCTAATTTTCTATAGGCCATACTCTTTTTTGTTTTTGTTTTTTGAGATGGAGTCTCACTCTGTCGCCCAGGCTGGAGTGCAGTGGCACAATCTTGGCTCACTGCCAACTCCAACTCCTGGGTTCAAGCAATTCTCCTGCCTCAGCGTCCTGAGTAGCTGGGATT,2fe975dd31832f948727b5bba56307f84c325da7db6936f82ec6a7f910c046c9,-0.17887379443891,CAAAGTAGAGACACATGTACTGGTTATTTGTCATCTTCTAATTTTCTATAGGCCATACTCTTTTTTGTTTTTGTTTTTTGAGATGGAGTCTCACTCTGTTGCCCAGGCTGGAGTGCAGTGGCACAATCTTGGCTCACTGCCAACTCCAACTCCTGGGTTCAAGCAATTCTCCTGCCTCAGCGTCCTGAGTAGCTGGGATT,545b6e75d18b50e43295c8c75d213c92008a3a058ab67f0501b26bdb063cd36d,-0.378130596800282,0.051394035047582,0.221470210936768,-134.69715152215213,-126.70043567055836,-128.01251950161532,-120.91960654174908,0.9038028917275227,1.0,0.051394035047582,0.0,1,0.18328472476920368,0.18216460459877223,0.1501433469024087,0.13234774596105753,1.0
chr22:24342840:A:C;chr22:24342860:G:C;var1;middle;OL41|K562|a4c3ff6835ee60b9,chr22:24342840:A:C;chr22:24342860:G:C;var1;middle;OL41,K562,K562_region_01507,100,120,20,AGGCCATACTCTTTTTTGTTTTTGTTTTTTGAGATGGAGTCTCACTCTGTCGCCCAGGCTGGAGTGCAGTGGCACAATCTTGGCTCACTGCCAACTCCAACTCCTGGGTTCAAGCAATTGTCCTGCCTCAGCGTCCTGAGTAGCTGGGATTACAGGTGCCCATCACCACACCCAGCTAATAATTTTGTATTTTTAGTAGA,e326e6497fd705bd67ef879d64fcf09bc6645f787d962b21e66b74df22487c76,0.0,AGGCCATACTCTTTTTTGTTTTTGTTTTTTGAGATGGAGTCTCACTCTGTCGCCCAGGCTGGAGTGCAGTGGCACAATCTTGGCTCACTGCCAACTCCACCTCCTGGGTTCAAGCAATTGTCCTGCCTCAGCGTCCTGAGTAGCTGGGATTACAGGTGCCCATCACCACACCCAGCTAATAATTTTGTATTTTTAGTAGA,036315a5c27a3c409aaa09e6018c66b11927a147e522697782bdc30980767fa3,0.249748454609732,AGGCCATACTCTTTTTTGTTTTTGTTTTTTGAGATGGAGTCTCACTCTGTCGCCCAGGCTGGAGTGCAGTGGCACAATCTTGGCTCACTGCCAACTCCAACTCCTGGGTTCAAGCAATTCTCCTGCCTCAGCGTCCTGAGTAGCTGGGATTACAGGTGCCCATCACCACACCCAGCTAATAATTTTGTATTTTTAGTAGA,8830eb4a8c1433cf1ecd27a5548a3ea404ee335ab1cd90f35d88d968dd9dcf66,0.134675069458447,AGGCCATACTCTTTTTTGTTTTTGTTTTTTGAGATGGAGTCTCACTCTGTCGCCCAGGCTGGAGTGCAGTGGCACAATCTTGGCTCACTGCCAACTCCACCTCCTGGGTTCAAGCAATTCTCCTGCCTCAGCGTCCTGAGTAGCTGGGATTACAGGTGCCCATCACCACACCCAGCTAATAATTTTGTATTTTTAGTAGA,a4c3ff6835ee60b9abd60a544ab8e2ca3f58c627447800ac32ad1e5b50fbb6e5,-0.254603374445093,0.6390268985132721,0.251973928841935,-73.6943379342556,-69.29888991080225,-69.38112379983068,-64.91869021719322,-0.0669855591841042,1.0,0.6390268985132721,0.0,1,0.18229700589436587,0.18216460459877223,0.1501433469024087,0.28791355295143806,1.0
chr22:24997309:G:C;chr22:24997357:G:A;var1;middle;OL41|K562|60b1e6907a910153,chr22:24997309:G:C;chr22:24997357:G:A;var1;middle;OL41,K562,K562_region_01508,100,148,48,ATGGCAGTTCGGGATGTCATGCCCCCATGCGCCCCCCAACCCCACCCCGCCATGGCCCTCACCATGGCCCACTCAGGGCATGAGGCTTTCTGGGTGATTGCTGGTATTCAGTGTTGTCAGCTTCTTGGACCTGTCAGTGGGGGTGGGGCTGCAATGAGATGCCAGTTGCAGGAAGTGGTTTGCACAGCCTTCCTGGTGTC,5c0b79a84fcd515e10291c4c5eb462e611e9d452dccbbec6e3e1013d9d011bd1,0.0,ATGGCAGTTCGGGATGTCATGCCCCCATGCGCCCCCCAACCCCACCCCGCCATGGCCCTCACCATGGCCCACTCAGGGCATGAGGCTTTCTGGGTGATTCCTGGTATTCAGTGTTGTCAGCTTCTTGGACCTGTCAGTGGGGGTGGGGCTGCAATGAGATGCCAGTTGCAGGAAGTGGTTTGCACAGCCTTCCTGGTGTC,26c35242d37d73c0d6da06ab0c6ddd9723c4da1cf1728308e8a33c10bb0eb4d1,0.0177921250282152,ATGGCAGTTCGGGATGTCATGCCCCCATGCGCCCCCCAACCCCACCCCGCCATGGCCCTCACCATGGCCCACTCAGGGCATGAGGCTTTCTGGGTGATTGCTGGTATTCAGTGTTGTCAGCTTCTTGGACCTGTCAGTGGGGGTGGGACTGCAATGAGATGCCAGTTGCAGGAAGTGGTTTGCACAGCCTTCCTGGTGTC,803d136cea37deeae436123a8d76a779725b3af52dc9e0080e2f381d7b6338dd,-0.384101169331332,ATGGCAGTTCGGGATGTCATGCCCCCATGCGCCCCCCAACCCCACCCCGCCATGGCCCTCACCATGGCCCACTCAGGGCATGAGGCTTTCTGGGTGATTCCTGGTATTCAGTGTTGTCAGCTTCTTGGACCTGTCAGTGGGGGTGGGACTGCAATGAGATGCCAGTTGCAGGAAGTGGTTTGCACAGCCTTCCTGGTGTC,60b1e6907a91015302d579319ad162f7dc084a831d948231650410aebd0410ba,-0.471698380608224,0.1053893363051072,0.206469244320639,-283.54513338953257,-299.81806269451044,-295.0817088430049,-303.4569655654486,-7.897672582534142,1.0,0.1053893363051072,0.0,0,0.1756323750007505,0.18565657667894103,0.15145376406925343,0.32098050053861626,1.0
chr22:24997309:G:C;chr22:24997369:T:C;var1;middle;OL41|K562|a02679af6e9ea401,chr22:24997309:G:C;chr22:24997369:T:C;var1;middle;OL41,K562,K562_region_01508,100,160,60,ATGGCAGTTCGGGATGTCATGCCCCCATGCGCCCCCCAACCCCACCCCGCCATGGCCCTCACCATGGCCCACTCAGGGCATGAGGCTTTCTGGGTGATTGCTGGTATTCAGTGTTGTCAGCTTCTTGGACCTGTCAGTGGGGGTGGGGCTGCAATGAGATGCCAGTTGCAGGAAGTGGTTTGCACAGCCTTCCTGGTGTC,5c0b79a84fcd515e10291c4c5eb462e611e9d452dccbbec6e3e1013d9d011bd1,0.0,ATGGCAGTTCGGGATGTCATGCCCCCATGCGCCCCCCAACCCCACCCCGCCATGGCCCTCACCATGGCCCACTCAGGGCATGAGGCTTTCTGGGTGATTCCTGGTATTCAGTGTTGTCAGCTTCTTGGACCTGTCAGTGGGGGTGGGGCTGCAATGAGATGCCAGTTGCAGGAAGTGGTTTGCACAGCCTTCCTGGTGTC,26c35242d37d73c0d6da06ab0c6ddd9723c4da1cf1728308e8a33c10bb0eb4d1,0.0177997671501939,ATGGCAGTTCGGGATGTCATGCCCCCATGCGCCCCCCAACCCCACCCCGCCATGGCCCTCACCATGGCCCACTCAGGGCATGAGGCTTTCTGGGTGATTGCTGGTATTCAGTGTTGTCAGCTTCTTGGACCTGTCAGTGGGGGTGGGGCTGCAATGAGACGCCAGTTGCAGGAAGTGGTTTGCACAGCCTTCCTGGTGTC,353fec572065294cf90caa1934946452f12b51b21186d1e23224ca4911aca9a4,2.53004066299085,ATGGCAGTTCGGGATGTCATGCCCCCATGCGCCCCCCAACCCCACCCCGCCATGGCCCTCACCATGGCCCACTCAGGGCATGAGGCTTTCTGGGTGATTCCTGGTATTCAGTGTTGTCAGCTTCTTGGACCTGTCAGTGGGGGTGGGGCTGCAATGAGACGCCAGTTGCAGGAAGTGGTTTGCACAGCCTTCCTGGTGTC,a02679af6e9ea401350a6a8f59feabc5ecbaf680cd8934e6d68cc26df43c4dfc,2.72801927788646,-0.1801788477454162,0.197853747268146,-283.54513338953257,-299.81806269451044,-290.7128586780745,-296.18744525511283,-10.798342727939598,1.0,-0.1801788477454162,0.0,0,0.17190678790420702,0.18565657667894103,0.15145376406925343,0.3456147542385052,1.0
chr22:24997357:G:A;chr22:24997369:T:C;var1;middle;OL41|K562|ca1b9e411e89af28,chr22:24997357:G:A;chr22:24997369:T:C;var1;middle;OL41,K562,K562_region_01508,100,112,12,GCCATGGCCCTCACCATGGCCCACTCAGGGCATGAGGCTTTCTGGGTGATTGCTGGTATTCAGTGTTGTCAGCTTCTTGGACCTGTCAGTGGGGGTGGGGCTGCAATGAGATGCCAGTTGCAGGAAGTGGTTTGCACAGCCTTCCTGGTGTCATGGGTCACTCTCTTGCCGAGTGGCTTTGGGCAGGTCCCTTCCCCTCT,72f735bff0430b634010fce45e44ace6c1df1d204915e067c0d62cd2bd76161d,0.0,GCCATGGCCCTCACCATGGCCCACTCAGGGCATGAGGCTTTCTGGGTGATTGCTGGTATTCAGTGTTGTCAGCTTCTTGGACCTGTCAGTGGGGGTGGGACTGCAATGAGATGCCAGTTGCAGGAAGTGGTTTGCACAGCCTTCCTGGTGTCATGGGTCACTCTCTTGCCGAGTGGCTTTGGGCAGGTCCCTTCCCCTCT,88d879c10171d3813f409282fdf696427d95a39b191112cc8df87e5add344965,-0.629262425077135,GCCATGGCCCTCACCATGGCCCACTCAGGGCATGAGGCTTTCTGGGTGATTGCTGGTATTCAGTGTTGTCAGCTTCTTGGACCTGTCAGTGGGGGTGGGGCTGCAATGAGACGCCAGTTGCAGGAAGTGGTTTGCACAGCCTTCCTGGTGTCATGGGTCACTCTCTTGCCGAGTGGCTTTGGGCAGGTCCCTTCCCCTCT,bc0da01323bf986761055392ff06346507c4062fb1b171f9bfe08c0154ed3dfb,2.61557996065354,GCCATGGCCCTCACCATGGCCCACTCAGGGCATGAGGCTTTCTGGGTGATTGCTGGTATTCAGTGTTGTCAGCTTCTTGGACCTGTCAGTGGGGGTGGGACTGCAATGAGACGCCAGTTGCAGGAAGTGGTTTGCACAGCCTTCCTGGTGTCATGGGTCACTCTCTTGCCGAGTGGCTTTGGGCAGGTCCCTTCCCCTCT,ca1b9e411e89af28f0d8b620063cf85b8f89cfd1d33d56a1345c09b63ac94e41,1.68770655089452,-0.2986109846818852,0.156576944950772,-218.58495404943824,-221.5384874716401,-224.26951918751,-227.2396904677153,-0.016637858003406336,-1.0,0.2986109846818852,0.0,0,0.18575468460690484,0.18565657667894103,0.15145376406925343,0.30266140417957205,1.0
chr22:25792699:A:G;chr22:25792735:G:A;var1;middle;OL41|K562|07f95a9a140279ff,chr22:25792699:A:G;chr22:25792735:G:A;var1;middle;OL41,K562,K562_region_01509,100,136,36,ACTTCTTAATGCCTTTAAGATAATGTACCACCAGAAACAAGGATGAAGGACTAGCCAAAGACCAGCAGTGAAACGTGAAACAAACAGAACAAAGAATTAAAGTCCACACCAAATAAAGACCTCCCACAAATCAATGAGAAAAAGACAAACAGTCCAGGCACCGTGGCTTACGTCTGTAATCCCAGCACTTTGGGAGGTGG,39bcd562dd8ae0957985791cf1259d8ab7007916e9224803beb1cb316270fba7,0.0,ACTTCTTAATGCCTTTAAGATAATGTACCACCAGAAACAAGGATGAAGGACTAGCCAAAGACCAGCAGTGAAACGTGAAACAAACAGAACAAAGAATTAGAGTCCACACCAAATAAAGACCTCCCACAAATCAATGAGAAAAAGACAAACAGTCCAGGCACCGTGGCTTACGTCTGTAATCCCAGCACTTTGGGAGGTGG,60c1992e193df0a3e856cc0f7fc018d8159c3755b04442545bf8c5dc4ddadc24,0.308990367028569,ACTTCTTAATGCCTTTAAGATAATGTACCACCAGAAACAAGGATGAAGGACTAGCCAAAGACCAGCAGTGAAACGTGAAACAAACAGAACAAAGAATTAAAGTCCACACCAAATAAAGACCTCCCACAAATCAATAAGAAAAAGACAAACAGTCCAGGCACCGTGGCTTACGTCTGTAATCCCAGCACTTTGGGAGGTGG,2d82b847966abc9f30aa96b930338eac9ccece719ffc37ea817adc30a3ea00b5,-0.105494172305463,ACTTCTTAATGCCTTTAAGATAATGTACCACCAGAAACAAGGATGAAGGACTAGCCAAAGACCAGCAGTGAAACGTGAAACAAACAGAACAAAGAATTAGAGTCCACACCAAATAAAGACCTCCCACAAATCAATAAGAAAAAGACAAACAGTCCAGGCACCGTGGCTTACGTCTGTAATCCCAGCACTTTGGGAGGTGG,07f95a9a140279ff4287b29770636c14e8a3f9f5bced6cbf92a6975ffc362f5d,-0.202005657631835,0.4055018523549411,0.610387304296573,-279.38314733607695,-280.72997491038404,-279.1266102292575,-279.836953304708,-0.6364844988565892,1.0,0.4055018523549411,0.0,0,0.1849585607695715,0.18565657667894103,0.15145376406925343,0.2731274460870334,1.0
chr22:25844095:G:T;chr22:25844116:C:T;var1;middle;OL41|K562|f003990e6d7d8c02,chr22:25844095:G:T;chr22:25844116:C:T;var1;middle;OL41,K562,K562_region_01510,100,121,21,ATGGTGCGCATGCGTGTTCTCACCGTAGACGCTGCGTGGCGTGCGTGGCGTGCGTGGCGTGCGTGGCGTGGAGTCCAGAATGAGAAGAAGGAAAGCGGGGCCGGTTCCTTCAGGACCCGCCTCAGGGGGCACCGCGGCGGCTTGGGGACCACTTGGAGCCCCGTCCTGGGGAGAAAACAGCTCACGTCTATGGCCCTGAC,a6d0ad8518cd637053553c2c84c02423acec8ddd0ca08f7e4cad81dfb9d2577d,0.0,ATGGTGCGCATGCGTGTTCTCACCGTAGACGCTGCGTGGCGTGCGTGGCGTGCGTGGCGTGCGTGGCGTGGAGTCCAGAATGAGAAGAAGGAAAGCGGGTCCGGTTCCTTCAGGACCCGCCTCAGGGGGCACCGCGGCGGCTTGGGGACCACTTGGAGCCCCGTCCTGGGGAGAAAACAGCTCACGTCTATGGCCCTGAC,a0080e4a6b39257bea77eb85d39c3a0ac1cfa70b490f3def19155e624ee51adb,-0.0627165037876591,ATGGTGCGCATGCGTGTTCTCACCGTAGACGCTGCGTGGCGTGCGTGGCGTGCGTGGCGTGCGTGGCGTGGAGTCCAGAATGAGAAGAAGGAAAGCGGGGCCGGTTCCTTCAGGACCCGCTTCAGGGGGCACCGCGGCGGCTTGGGGACCACTTGGAGCCCCGTCCTGGGGAGAAAACAGCTCACGTCTATGGCCCTGAC,86971305016e0a445d777f82fca168d8b3136b641422079e9a43026a0dcf8a26,-0.134289374895583,ATGGTGCGCATGCGTGTTCTCACCGTAGACGCTGCGTGGCGTGCGTGGCGTGCGTGGCGTGCGTGGCGTGGAGTCCAGAATGAGAAGAAGGAAAGCGGGTCCGGTTCCTTCAGGACCCGCTTCAGGGGGCACCGCGGCGGCTTGGGGACCACTTGGAGCCCCGTCCTGGGGAGAAAACAGCTCACGTCTATGGCCCTGAC,f003990e6d7d8c024e93f2f81f293bbb71d3e9284d87b3ed42c199f83720bc5b,0.0072340767551579,0.2042399554383999,0.289118815169438,-219.231654655654,-214.3189583292697,-214.8070086648222,-207.9938844712451,1.9004278671927466,-1.0,-0.2042399554383999,0.0,0,0.18821694159270155,0.18565657667894103,0.15145376406925343,0.09934602310826082,1.0
chr22:25844095:G:T;chr22:25844147:C:T;var1;middle;OL41|K562|a26f5598f472d72f,chr22:25844095:G:T;chr22:25844147:C:T;var1;middle;OL41,K562,K562_region_01510,100,152,52,ATGGTGCGCATGCGTGTTCTCACCGTAGACGCTGCGTGGCGTGCGTGGCGTGCGTGGCGTGCGTGGCGTGGAGTCCAGAATGAGAAGAAGGAAAGCGGGGCCGGTTCCTTCAGGACCCGCCTCAGGGGGCACCGCGGCGGCTTGGGGACCACTTGGAGCCCCGTCCTGGGGAGAAAACAGCTCACGTCTATGGCCCTGAC,a6d0ad8518cd637053553c2c84c02423acec8ddd0ca08f7e4cad81dfb9d2577d,0.0,ATGGTGCGCATGCGTGTTCTCACCGTAGACGCTGCGTGGCGTGCGTGGCGTGCGTGGCGTGCGTGGCGTGGAGTCCAGAATGAGAAGAAGGAAAGCGGGTCCGGTTCCTTCAGGACCCGCCTCAGGGGGCACCGCGGCGGCTTGGGGACCACTTGGAGCCCCGTCCTGGGGAGAAAACAGCTCACGTCTATGGCCCTGAC,a0080e4a6b39257bea77eb85d39c3a0ac1cfa70b490f3def19155e624ee51adb,-0.0627145478584664,ATGGTGCGCATGCGTGTTCTCACCGTAGACGCTGCGTGGCGTGCGTGGCGTGCGTGGCGTGCGTGGCGTGGAGTCCAGAATGAGAAGAAGGAAAGCGGGGCCGGTTCCTTCAGGACCCGCCTCAGGGGGCACCGCGGCGGCTTGGGGACCATTTGGAGCCCCGTCCTGGGGAGAAAACAGCTCACGTCTATGGCCCTGAC,62dd26116e112bd9128b3ded64d5f95e8f650e5adb1e36bfc0f6dac0ce1be8aa,-0.11742364885611,ATGGTGCGCATGCGTGTTCTCACCGTAGACGCTGCGTGGCGTGCGTGGCGTGCGTGGCGTGCGTGGCGTGGAGTCCAGAATGAGAAGAAGGAAAGCGGGTCCGGTTCCTTCAGGACCCGCCTCAGGGGGCACCGCGGCGGCTTGGGGACCATTTGGAGCCCCGTCCTGGGGAGAAAACAGCTCACGTCTATGGCCCTGAC,a26f5598f472d72fc6060ca9ebc898d61043d3fdefb37843238d2733a99329f1,-0.171771163846565,-0.0083670328680114,0.274429248365145,-219.231654655654,-214.3189583292697,-238.7362131001428,-235.57857943233105,1.7550626585725695,1.0,-0.0083670328680114,0.0,0,0.1880302362045072,0.18565657667894103,0.15145376406925343,0.05211315240431086,1.0
chr22:25844116:C:T;chr22:25844147:C:T;var1;middle;OL41|K562|979380af6ec25e06,chr22:25844116:C:T;chr22:25844147:C:T;var1;middle;OL41,K562,K562_region_01510,100,131,31,ACCGTAGACGCTGCGTGGCGTGCGTGGCGTGCGTGGCGTGCGTGGCGTGGAGTCCAGAATGAGAAGAAGGAAAGCGGGGCCGGTTCCTTCAGGACCCGCCTCAGGGGGCACCGCGGCGGCTTGGGGACCACTTGGAGCCCCGTCCTGGGGAGAAAACAGCTCACGTCTATGGCCCTGACTGCTTAGGCGGGAGCTGCGTG,d4da2d85732b282fb75870407c85a6366984bb8be7744439d1556f9bc2b5da2e,0.0,ACCGTAGACGCTGCGTGGCGTGCGTGGCGTGCGTGGCGTGCGTGGCGTGGAGTCCAGAATGAGAAGAAGGAAAGCGGGGCCGGTTCCTTCAGGACCCGCTTCAGGGGGCACCGCGGCGGCTTGGGGACCACTTGGAGCCCCGTCCTGGGGAGAAAACAGCTCACGTCTATGGCCCTGACTGCTTAGGCGGGAGCTGCGTG,c9083642f1ad37773fa90713de2acb4cff9cc51baf9505eeed778d143077ff6b,-0.0291756049720632,ACCGTAGACGCTGCGTGGCGTGCGTGGCGTGCGTGGCGTGCGTGGCGTGGAGTCCAGAATGAGAAGAAGGAAAGCGGGGCCGGTTCCTTCAGGACCCGCCTCAGGGGGCACCGCGGCGGCTTGGGGACCATTTGGAGCCCCGTCCTGGGGAGAAAACAGCTCACGTCTATGGCCCTGACTGCTTAGGCGGGAGCTGCGTG,9eb3c378c275437686665a6ef42f4ec8a477faf994ba296b0c5ba183a3f56617,0.0182282539540634,ACCGTAGACGCTGCGTGGCGTGCGTGGCGTGCGTGGCGTGCGTGGCGTGGAGTCCAGAATGAGAAGAAGGAAAGCGGGGCCGGTTCCTTCAGGACCCGCTTCAGGGGGCACCGCGGCGGCTTGGGGACCATTTGGAGCCCCGTCCTGGGGAGAAAACAGCTCACGTCTATGGCCCTGACTGCTTAGGCGGGAGCTGCGTG,979380af6ec25e0634df7c0faa789d7f0d839e4ba1e1eeee2e9ca567453a7172,-0.167989121374067,0.1570417703560672,0.288012137437995,-252.0130858990597,-237.6313130559865,-277.8666471106699,-247.12451678270008,-16.360357484896667,1.0,0.1570417703560672,0.0,0,0.1647630006514144,0.18565657667894103,0.15145376406925343,-0.0945125621377266,1.0
chr22:27978512:C:T;chr22:27978565:C:A;var1;middle;OL28|K562|fb34e4a345e415ea,chr22:27978512:C:T;chr22:27978565:C:A;var1;middle;OL28,K562,K562_region_01511,100,153,53,CAAGGTACAGTTTCTACTGAATATGTATCACTTTCAAACCATCTTTATTCTATTTATGTATTTATTTATTGAGACAGGCTCTCGCTCTATTGCCTAGGCCGGAGTGCAGTGGTGCAGTCACAACTCACTGAACCCTCAAACTACTGGACTCACGCGATCCTCCCACCTCCACCTCCTGAGTAGCTGGGACTACAGGTGCG,15be9d0a613fe82dd2a368435eb5486e3430930595f59dfa9b02fa2bb4944476,0.0,CAAGGTACAGTTTCTACTGAATATGTATCACTTTCAAACCATCTTTATTCTATTTATGTATTTATTTATTGAGACAGGCTCTCGCTCTATTGCCTAGGCTGGAGTGCAGTGGTGCAGTCACAACTCACTGAACCCTCAAACTACTGGACTCACGCGATCCTCCCACCTCCACCTCCTGAGTAGCTGGGACTACAGGTGCG,ec28d98c56a3f3b8f32d802ad7565b2e0f1eac647106127902c06011ac1e9bd6,-0.247267300548585,CAAGGTACAGTTTCTACTGAATATGTATCACTTTCAAACCATCTTTATTCTATTTATGTATTTATTTATTGAGACAGGCTCTCGCTCTATTGCCTAGGCCGGAGTGCAGTGGTGCAGTCACAACTCACTGAACCCTCAAACTACTGGACTCAAGCGATCCTCCCACCTCCACCTCCTGAGTAGCTGGGACTACAGGTGCG,b25d41321d04658562b783d343d6b75ba868b0c158489447e99d88e1ccf4ab0d,0.219170659011323,CAAGGTACAGTTTCTACTGAATATGTATCACTTTCAAACCATCTTTATTCTATTTATGTATTTATTTATTGAGACAGGCTCTCGCTCTATTGCCTAGGCTGGAGTGCAGTGGTGCAGTCACAACTCACTGAACCCTCAAACTACTGGACTCAAGCGATCCTCCCACCTCCACCTCCTGAGTAGCTGGGACTACAGGTGCG,fb34e4a345e415eae0d443a1fe48b0928f0530331f93ab5ec586e7c8042bf67c,-0.176527007843078,-0.148430366305816,0.210137592486159,-172.44715278968215,-167.14193967264146,-170.1159966867417,-164.2874471526593,0.523336417041719,-1.0,0.148430366305816,0.0,2,0.17595648850597714,0.17490732828716207,0.146091925319964,0.0745948663728723,1.0
chr22:28186289:A:G;chr22:28186370:A:G;var1;middle;OL28|K562|4def31229d8141ab,chr22:28186289:A:G;chr22:28186370:A:G;var1;middle;OL28,K562,K562_region_01512,100,181,81,AAGTCCCTCCCCACACAAGTAAATGAAACTTAACTCTGCTTCTCAATCCTGGTCACAAAATAAGTTTGGAGGTTTTGCCCCCTGAAGCGCACACTTGGCAGGGTATCATCTCACCCACGCTCTGCAAAGCGGCTGATCACCCAGGTGAGGCTGCATGCTGTCCTGTCATCGGAAGATGGCAGGAAATGACCAGGGCCACC,c66aa5be8c72e21fb9760a3e2c718f3fe58c3a7c3c14822de6e8f4534865c514,0.0,AAGTCCCTCCCCACACAAGTAAATGAAACTTAACTCTGCTTCTCAATCCTGGTCACAAAATAAGTTTGGAGGTTTTGCCCCCTGAAGCGCACACTTGGCGGGGTATCATCTCACCCACGCTCTGCAAAGCGGCTGATCACCCAGGTGAGGCTGCATGCTGTCCTGTCATCGGAAGATGGCAGGAAATGACCAGGGCCACC,c3295a788aa6954ff52799d55931812a1838eef6585b810d3f92626919418891,0.18867285718019,AAGTCCCTCCCCACACAAGTAAATGAAACTTAACTCTGCTTCTCAATCCTGGTCACAAAATAAGTTTGGAGGTTTTGCCCCCTGAAGCGCACACTTGGCAGGGTATCATCTCACCCACGCTCTGCAAAGCGGCTGATCACCCAGGTGAGGCTGCATGCTGTCCTGTCATCGGAAGATGGCGGGAAATGACCAGGGCCACC,93fabfe3275a6760a7bda26e8e0222ef163dc41fd2fbe3c4e499765aec4c18e9,0.124864383998039,AAGTCCCTCCCCACACAAGTAAATGAAACTTAACTCTGCTTCTCAATCCTGGTCACAAAATAAGTTTGGAGGTTTTGCCCCCTGAAGCGCACACTTGGCGGGGTATCATCTCACCCACGCTCTGCAAAGCGGCTGATCACCCAGGTGAGGCTGCATGCTGTCCTGTCATCGGAAGATGGCGGGAAATGACCAGGGCCACC,4def31229d8141ab66fc62dc5335e2fadc7d243a46cfc8ab443a882ca97427fc,0.25448910242526,0.0590481387529689,0.189123785758599,-333.14709867723286,-329.3629938401282,-338.9277889095247,-335.1263559097424,-0.01732816267758608,1.0,0.0590481387529689,0.0,2,0.17516923716419153,0.17490732828716207,0.146091925319964,0.15655235981125346,1.0
chr22:30128380:C:T;chr22:30128443:T:C;var1;middle;OL41|K562|038abd4fbcdc0dd1,chr22:30128380:C:T;chr22:30128443:T:C;var1;middle;OL41,K562,K562_region_01513,100,163,63,CAAAAACATGCAGACCCTTTGAACCAGCAACCTCACCTCTAGGAACTGAGCCCAAGGAAATAGCAGGGTTGTGGGCAGCCATTGAGTTACAGCAATAGCCGTGAGACAATGGAAGTAGCCTTCATGTCCAGCTGTGGGGGACTGATTAAGTACACGTGCACATTGGCCGGGCGCAGTGACTCACGCCTGTAATCCCAGCG,22895483fd4615b874fde5b592500cfa6966bcec5558bd4e596a0d13d13bda12,0.0,CAAAAACATGCAGACCCTTTGAACCAGCAACCTCACCTCTAGGAACTGAGCCCAAGGAAATAGCAGGGTTGTGGGCAGCCATTGAGTTACAGCAATAGCTGTGAGACAATGGAAGTAGCCTTCATGTCCAGCTGTGGGGGACTGATTAAGTACACGTGCACATTGGCCGGGCGCAGTGACTCACGCCTGTAATCCCAGCG,c447ad2321385616309387bb7e05ae5e28bb781c5ec45f68c8b2fbc269a5a79a,0.277386004957855,CAAAAACATGCAGACCCTTTGAACCAGCAACCTCACCTCTAGGAACTGAGCCCAAGGAAATAGCAGGGTTGTGGGCAGCCATTGAGTTACAGCAATAGCCGTGAGACAATGGAAGTAGCCTTCATGTCCAGCTGTGGGGGACTGATTAAGTACACGTGCACACTGGCCGGGCGCAGTGACTCACGCCTGTAATCCCAGCG,0fab3576cfe688bcee3c1d3299a2ba203a04a139ff11ab8289df575ed28f013a,0.0678317423928301,CAAAAACATGCAGACCCTTTGAACCAGCAACCTCACCTCTAGGAACTGAGCCCAAGGAAATAGCAGGGTTGTGGGCAGCCATTGAGTTACAGCAATAGCTGTGAGACAATGGAAGTAGCCTTCATGTCCAGCTGTGGGGGACTGATTAAGTACACGTGCACACTGGCCGGGCGCAGTGACTCACGCCTGTAATCCCAGCG,038abd4fbcdc0dd11bc1fa4ceb47a3836a98fbe97dabe98efc8b0e149dcbde31,0.41450886817938,-0.0692911208286948,0.206254576102213,-205.33625522162765,-209.056561620906,-195.78182455990463,-199.75212071742865,0.24998975824567538,1.0,-0.0692911208286948,0.0,0,0.1860971380252134,0.18565657667894103,0.15145376406925343,0.23221430249504132,1.0
chr22:32871383:T:G;chr22:32871442:C:A;var1;middle;OL27|K562|859a1500e3bb64dc,chr22:32871383:T:G;chr22:32871442:C:A;var1;middle;OL27,K562,K562_region_01514,100,159,59,CGGAGCCGGAGGGTGCAGGCGACGGGAAGCGCGGGTGGTCGGCTGGGGTCCGGCTCCTGGAGAACATGGCCCGGCCTCCCGGGGGCTCTGGTCCCCTCCTCGGTGAGTCATGGCTTCTGGTTTTGCAGTAAACGGAACCAGGGAGAGGAGGGAACGCACAATTTCCACAACTGGTTAGATTTCAAGTTGGAAATGATGAG,16c14069f1de40579ef44f54225374539cf6d94c060eb8a1201c336895b82a7e,0.0,CGGAGCCGGAGGGTGCAGGCGACGGGAAGCGCGGGTGGTCGGCTGGGGTCCGGCTCCTGGAGAACATGGCCCGGCCTCCCGGGGGCTCTGGTCCCCTCCGCGGTGAGTCATGGCTTCTGGTTTTGCAGTAAACGGAACCAGGGAGAGGAGGGAACGCACAATTTCCACAACTGGTTAGATTTCAAGTTGGAAATGATGAG,8a93ddde854ca184aa7d477a92bfc8854e5a70f6fb7d5ad0994f81ec34e10188,0.113799961093951,CGGAGCCGGAGGGTGCAGGCGACGGGAAGCGCGGGTGGTCGGCTGGGGTCCGGCTCCTGGAGAACATGGCCCGGCCTCCCGGGGGCTCTGGTCCCCTCCTCGGTGAGTCATGGCTTCTGGTTTTGCAGTAAACGGAACCAGGGAGAGGAGGGAACGCAAAATTTCCACAACTGGTTAGATTTCAAGTTGGAAATGATGAG,5e2339a7a8b52ff8bca9aa8b5507944005147bce91e50058af885fa98ed7d711,-0.0223808487463611,CGGAGCCGGAGGGTGCAGGCGACGGGAAGCGCGGGTGGTCGGCTGGGGTCCGGCTCCTGGAGAACATGGCCCGGCCTCCCGGGGGCTCTGGTCCCCTCCGCGGTGAGTCATGGCTTCTGGTTTTGCAGTAAACGGAACCAGGGAGAGGAGGGAACGCAAAATTTCCACAACTGGTTAGATTTCAAGTTGGAAATGATGAG,859a1500e3bb64dc684dbc476d4584323ec14602ecc0ee0a376fce8bcd7aa6b7,-0.0276877441547207,0.1191068565023105,0.143530245762107,-367.5804946254939,-329.6861550444737,-369.1883495976217,-324.0117512755096,-7.282258741091937,1.0,0.1191068565023105,0.0,4,0.1671736123719032,0.17620727786206916,0.145609630836647,0.185096377317302,1.0
chr22:36598049:C:G;chr22:36598058:T:C;var1;middle;OL41|K562|ecb0c08c6183e690,chr22:36598049:C:G;chr22:36598058:T:C;var1;middle;OL41,K562,K562_region_01515,100,109,9,TGGCTCCTGGCCCAGCCCAAGCCCTGCCCAATTGTGCAGCCCAGACAGGGAGCCCTCCCTCCCACCTCAGGGCTCTGAGCCAAGCTCACCAGATGCAGACGACAAAGATTTTCAGCAAAGCAGCTCCCTCCATGTCGCTGCGGGGCCTCCTCCTTGGGCAGGAAAAGAGGGGTTGAGACAGTGTGCTCCTCCTGAGAAAT,41faa77608ead9df0b8b452cfba30d361ac49e52dcf5e03914038354f4133b4f,0.0,TGGCTCCTGGCCCAGCCCAAGCCCTGCCCAATTGTGCAGCCCAGACAGGGAGCCCTCCCTCCCACCTCAGGGCTCTGAGCCAAGCTCACCAGATGCAGAGGACAAAGATTTTCAGCAAAGCAGCTCCCTCCATGTCGCTGCGGGGCCTCCTCCTTGGGCAGGAAAAGAGGGGTTGAGACAGTGTGCTCCTCCTGAGAAAT,ad63be7ba9f8fbd9cc31eea4483892806898b74f4bf4116f3ad4837dcfebbf0f,-0.0841790893382782,TGGCTCCTGGCCCAGCCCAAGCCCTGCCCAATTGTGCAGCCCAGACAGGGAGCCCTCCCTCCCACCTCAGGGCTCTGAGCCAAGCTCACCAGATGCAGACGACAAAGACTTTCAGCAAAGCAGCTCCCTCCATGTCGCTGCGGGGCCTCCTCCTTGGGCAGGAAAAGAGGGGTTGAGACAGTGTGCTCCTCCTGAGAAAT,7a970c9e93369aa11bf6d9831922aa6dfe5baf0eab4d61c1f565ed02f51fa8e3,1.05224532288918,TGGCTCCTGGCCCAGCCCAAGCCCTGCCCAATTGTGCAGCCCAGACAGGGAGCCCTCCCTCCCACCTCAGGGCTCTGAGCCAAGCTCACCAGATGCAGAGGACAAAGACTTTCAGCAAAGCAGCTCCCTCCATGTCGCTGCGGGGCCTCCTCCTTGGGCAGGAAAAGAGGGGTTGAGACAGTGTGCTCCTCCTGAGAAAT,ecb0c08c6183e6905558d7a86bdf758bc948e386944c80b824d001ec255e24ff,0.830087257091743,-0.1379789764591587,0.162717583189258,-251.23334976285696,-234.5144193544984,-242.73521623015404,-233.0054482221604,-6.989162400364933,-1.0,0.1379789764591587,0.0,1,0.17525410719220372,0.18216460459877223,0.1501433469024087,0.21918095569343043,1.0
chr22:36598049:C:G;chr22:36598081:A:T;var1;middle;OL41|K562|5258b2c505dcff1a,chr22:36598049:C:G;chr22:36598081:A:T;var1;middle;OL41,K562,K562_region_01515,100,132,32,TGGCTCCTGGCCCAGCCCAAGCCCTGCCCAATTGTGCAGCCCAGACAGGGAGCCCTCCCTCCCACCTCAGGGCTCTGAGCCAAGCTCACCAGATGCAGACGACAAAGATTTTCAGCAAAGCAGCTCCCTCCATGTCGCTGCGGGGCCTCCTCCTTGGGCAGGAAAAGAGGGGTTGAGACAGTGTGCTCCTCCTGAGAAAT,41faa77608ead9df0b8b452cfba30d361ac49e52dcf5e03914038354f4133b4f,0.0,TGGCTCCTGGCCCAGCCCAAGCCCTGCCCAATTGTGCAGCCCAGACAGGGAGCCCTCCCTCCCACCTCAGGGCTCTGAGCCAAGCTCACCAGATGCAGAGGACAAAGATTTTCAGCAAAGCAGCTCCCTCCATGTCGCTGCGGGGCCTCCTCCTTGGGCAGGAAAAGAGGGGTTGAGACAGTGTGCTCCTCCTGAGAAAT,ad63be7ba9f8fbd9cc31eea4483892806898b74f4bf4116f3ad4837dcfebbf0f,-0.084053005417634,TGGCTCCTGGCCCAGCCCAAGCCCTGCCCAATTGTGCAGCCCAGACAGGGAGCCCTCCCTCCCACCTCAGGGCTCTGAGCCAAGCTCACCAGATGCAGACGACAAAGATTTTCAGCAAAGCAGCTCCCTCCTTGTCGCTGCGGGGCCTCCTCCTTGGGCAGGAAAAGAGGGGTTGAGACAGTGTGCTCCTCCTGAGAAAT,d7417af75fd0dd4be3dc2a1158a5f9c27b14749a8643f8e0fb792e319f4d3e22,-0.488750380628133,TGGCTCCTGGCCCAGCCCAAGCCCTGCCCAATTGTGCAGCCCAGACAGGGAGCCCTCCCTCCCACCTCAGGGCTCTGAGCCAAGCTCACCAGATGCAGAGGACAAAGATTTTCAGCAAAGCAGCTCCCTCCTTGTCGCTGCGGGGCCTCCTCCTTGGGCAGGAAAAGAGGGGTTGAGACAGTGTGCTCCTCCTGAGAAAT,5258b2c505dcff1add6835f0cc5f08bbc362619fb94a7f6aae5326bd475eef95,-0.802464793196734,0.229661407150967,0.288121994812365,-251.23334976285696,-234.5144193544984,-298.84131062962115,-271.7630127342418,-10.35936748702079,1.0,0.229661407150967,0.0,1,0.17182512616854356,0.18216460459877223,0.1501433469024087,0.14568425807657048,1.0
chr22:36598058:T:C;chr22:36598081:A:T;var1;middle;OL41|K562|8271dcaed82a7280,chr22:36598058:T:C;chr22:36598081:A:T;var1;middle;OL41,K562,K562_region_01515,100,123,23,GCCCAGCCCAAGCCCTGCCCAATTGTGCAGCCCAGACAGGGAGCCCTCCCTCCCACCTCAGGGCTCTGAGCCAAGCTCACCAGATGCAGACGACAAAGATTTTCAGCAAAGCAGCTCCCTCCATGTCGCTGCGGGGCCTCCTCCTTGGGCAGGAAAAGAGGGGTTGAGACAGTGTGCTCCTCCTGAGAAATCACCATTTT,685c086cb795364234d61c2a3d445c833ee14d3a6c780dbd0b17c7400bc96835,0.0,GCCCAGCCCAAGCCCTGCCCAATTGTGCAGCCCAGACAGGGAGCCCTCCCTCCCACCTCAGGGCTCTGAGCCAAGCTCACCAGATGCAGACGACAAAGACTTTCAGCAAAGCAGCTCCCTCCATGTCGCTGCGGGGCCTCCTCCTTGGGCAGGAAAAGAGGGGTTGAGACAGTGTGCTCCTCCTGAGAAATCACCATTTT,ba416bb2b22608383ed9b17218fc37ec9df571281adefefb3847d90976382988,0.929023311974801,GCCCAGCCCAAGCCCTGCCCAATTGTGCAGCCCAGACAGGGAGCCCTCCCTCCCACCTCAGGGCTCTGAGCCAAGCTCACCAGATGCAGACGACAAAGATTTTCAGCAAAGCAGCTCCCTCCTTGTCGCTGCGGGGCCTCCTCCTTGGGCAGGAAAAGAGGGGTTGAGACAGTGTGCTCCTCCTGAGAAATCACCATTTT,a5fad6203d0d01d49161bf10fa7670839612f8b4677b890435ca07a6d391b585,-0.184151208883712,GCCCAGCCCAAGCCCTGCCCAATTGTGCAGCCCAGACAGGGAGCCCTCCCTCCCACCTCAGGGCTCTGAGCCAAGCTCACCAGATGCAGACGACAAAGACTTTCAGCAAAGCAGCTCCCTCCTTGTCGCTGCGGGGCCTCCTCCTTGGGCAGGAAAAGAGGGGTTGAGACAGTGTGCTCCTCCTGAGAAATCACCATTTT,8271dcaed82a7280f565590877dc17e3bb3004d26d8e11b0de15b1872f931115,1.10665849599248,0.3617863929013909,0.327579065719338,-263.8384228274226,-270.70586389116943,-286.86455684900284,-305.71713948994875,-11.985141577199101,-1.0,-0.3617863929013909,0.0,1,0.17017099879034553,0.18216460459877223,0.1501433469024087,0.1434086938778075,1.0
chr22:37470536:C:T;chr22:37470604:G:A;var1;middle;OL30|K562|baa574be3dd10ec5,chr22:37470536:C:T;chr22:37470604:G:A;var1;middle;OL30,K562,K562_region_01516,100,168,68,CCCTGCCACTGTCCCACGAGGTGGTCTCGGGGAGGCTGCATTGCTGGTCTGTCTCATTTTGCCACCCCGGCACAGTGAGAGAACCCCACTTCCTGGGTGCTCATAATGGAAGCTGCATGTAGAAGTGGGGTCTCCACTCAGCTCAGAGCAGGAAAGGTGAGGAAGGAGAAGGGATGGGCAGGGAGAGGAGGGATGCGCGG,4cd6def4156d32a1033e5c430b6eed6b6ebc75bfe0fd62fc6807c9d3a1fd126a,0.0,CCCTGCCACTGTCCCACGAGGTGGTCTCGGGGAGGCTGCATTGCTGGTCTGTCTCATTTTGCCACCCCGGCACAGTGAGAGAACCCCACTTCCTGGGTGTTCATAATGGAAGCTGCATGTAGAAGTGGGGTCTCCACTCAGCTCAGAGCAGGAAAGGTGAGGAAGGAGAAGGGATGGGCAGGGAGAGGAGGGATGCGCGG,8e8d366d6df5be04df0a89d4b1a551c1d044b4001fdec5e09c9266c917a884f1,0.175674763811331,CCCTGCCACTGTCCCACGAGGTGGTCTCGGGGAGGCTGCATTGCTGGTCTGTCTCATTTTGCCACCCCGGCACAGTGAGAGAACCCCACTTCCTGGGTGCTCATAATGGAAGCTGCATGTAGAAGTGGGGTCTCCACTCAGCTCAGAGCAGGAAAGGTGAGGAAGGAAAAGGGATGGGCAGGGAGAGGAGGGATGCGCGG,c1ee70302aac04d76fb765e074f397cf8c39c5b670dc761be4ef66d75b65f374,0.284213906517306,CCCTGCCACTGTCCCACGAGGTGGTCTCGGGGAGGCTGCATTGCTGGTCTGTCTCATTTTGCCACCCCGGCACAGTGAGAGAACCCCACTTCCTGGGTGTTCATAATGGAAGCTGCATGTAGAAGTGGGGTCTCCACTCAGCTCAGAGCAGGAAAGGTGAGGAAGGAAAAGGGATGGGCAGGGAGAGGAGGGATGCGCGG,baa574be3dd10ec5b1f0da0594268cff749a50f8f39b360245e25b8a43f4556b,0.232791927745658,0.227096742582979,0.241707939845574,-307.61144215241075,-312.60048651508987,-310.0862509580329,-313.30624052044004,-1.769054800271988,1.0,0.227096742582979,0.0,1,0.18056525278778052,0.18216460459877223,0.1501433469024087,0.31661871582838746,1.0
chr22:37471208:G:A;chr22:37471290:G:A;var1;middle;OL31|K562|6ddfa1041abe7fd9,chr22:37471208:G:A;chr22:37471290:G:A;var1;middle;OL31,K562,K562_region_01517,100,182,82,TGGTTCCAGGGATGGCCAAGAGGCAGCGAGTCACTGCAGGGGGTTCCCCCGGCTGCCCATACTCACGGTCCGACTGGTTGTACAAGCCATAGTGCACCCGCACACCGGGCCCGGTGAGGGAGATCTGGGAGGTGAAGTTGATGGTGATCCCGGCCGTGGCCACCACGGGGATCCTCTCGGCGTAGGGCTGCAGGATGCGC,65f70a8e6bd98696dbacfa617042290c7cb465ba06e8d9ee31cb6c1a28e8463f,0.0,TGGTTCCAGGGATGGCCAAGAGGCAGCGAGTCACTGCAGGGGGTTCCCCCGGCTGCCCATACTCACGGTCCGACTGGTTGTACAAGCCATAGTGCACCCACACACCGGGCCCGGTGAGGGAGATCTGGGAGGTGAAGTTGATGGTGATCCCGGCCGTGGCCACCACGGGGATCCTCTCGGCGTAGGGCTGCAGGATGCGC,4720ea341a958d31c4cbf65c9aa48f7ca2dfc56c46471bb65b516c70de4a6032,-0.212779566675042,TGGTTCCAGGGATGGCCAAGAGGCAGCGAGTCACTGCAGGGGGTTCCCCCGGCTGCCCATACTCACGGTCCGACTGGTTGTACAAGCCATAGTGCACCCGCACACCGGGCCCGGTGAGGGAGATCTGGGAGGTGAAGTTGATGGTGATCCCGGCCGTGGCCACCACGGGGATCCTCTCGGCATAGGGCTGCAGGATGCGC,451622814d4359f441ea864decd40ed90a79e1e99a6cb88144a943405afec2b1,0.290087753165121,TGGTTCCAGGGATGGCCAAGAGGCAGCGAGTCACTGCAGGGGGTTCCCCCGGCTGCCCATACTCACGGTCCGACTGGTTGTACAAGCCATAGTGCACCCACACACCGGGCCCGGTGAGGGAGATCTGGGAGGTGAAGTTGATGGTGATCCCGGCCGTGGCCACCACGGGGATCCTCTCGGCATAGGGCTGCAGGATGCGC,6ddfa1041abe7fd92be45b92276ec426f3db5d34ab9134546655b6f18d15e07b,0.242096282644043,0.164788096153964,0.355178684002643,-221.2070845665876,-221.6570411651628,-221.78353967447765,-223.04113408876583,-0.8076378157129795,-1.0,-0.164788096153964,0.0,3,0.1798462634212936,0.18106719778262317,0.1474303780702046,0.0766049925508232,1.0
chr22:37520172:T:G;chr22:37520225:A:G;var1;middle;OL30|K562|257a0dcfbdbcd7ff,chr22:37520172:T:G;chr22:37520225:A:G;var1;middle;OL30,K562,K562_region_01518,100,153,53,AGGCAGTAGGAGGGGCTCAGCAGTTACGGAGGAGGAGGAGGTAAGACCACCTCGGCCTGACCAACCAGCATCGCCCTCAGCCTTCTCTCCTGGCCACCGTTCAGCCCCATCTACCTGCCAAACTATCAAAGGGCTTTGCTTTTTCTCCCACAATCACACTAATGGATCATGGCATCTTATTTTCCCCCCGAAGTTGACTG,dae6b2a848c1725307b92c08d61f3d37086e4c9b587e705310410654d4fad40b,0.0,AGGCAGTAGGAGGGGCTCAGCAGTTACGGAGGAGGAGGAGGTAAGACCACCTCGGCCTGACCAACCAGCATCGCCCTCAGCCTTCTCTCCTGGCCACCGGTCAGCCCCATCTACCTGCCAAACTATCAAAGGGCTTTGCTTTTTCTCCCACAATCACACTAATGGATCATGGCATCTTATTTTCCCCCCGAAGTTGACTG,6436e16d25a1930e75975d30dad1b3a29ef4298d6370ec98bc22d432d5c1f25f,0.039178290767632,AGGCAGTAGGAGGGGCTCAGCAGTTACGGAGGAGGAGGAGGTAAGACCACCTCGGCCTGACCAACCAGCATCGCCCTCAGCCTTCTCTCCTGGCCACCGTTCAGCCCCATCTACCTGCCAAACTATCAAAGGGCTTTGCTTTTTCTCCCACAGTCACACTAATGGATCATGGCATCTTATTTTCCCCCCGAAGTTGACTG,3909b55c6b7c101451a60c36b2d383744cd5e82a10ed8a0787e0f41e720fef44,0.232923705331945,AGGCAGTAGGAGGGGCTCAGCAGTTACGGAGGAGGAGGAGGTAAGACCACCTCGGCCTGACCAACCAGCATCGCCCTCAGCCTTCTCTCCTGGCCACCGGTCAGCCCCATCTACCTGCCAAACTATCAAAGGGCTTTGCTTTTTCTCCCACAGTCACACTAATGGATCATGGCATCTTATTTTCCCCCCGAAGTTGACTG,257a0dcfbdbcd7ffb8f44783bba90003be1588d12674795f2345e66bdaca3d46,-0.0339509318964813,0.3060529279960583,0.299566688081151,-329.5817020491231,-324.8428920295555,-338.45275758136995,-331.49625643878244,-2.217691123019904,1.0,0.3060529279960583,0.0,2,0.17196533079058707,0.17490732828716207,0.146091925319964,0.2861879275813513,1.0
chr22:37586672:A:C;chr22:37586676:G:C;var1;middle;OL28|K562|1a54af810e0c39c5,chr22:37586672:A:C;chr22:37586676:G:C;var1;middle;OL28,K562,K562_region_01519,100,104,4,TACACAAGGTACAAGACCAGTTTTTCCAAGAGGCTTTTATTGGCTCTATTAGTCAACTTTAATTCCTTAAAGAAGTCTGTTTATATTTGAAAGCATGCCACTCGAGTCAAACCCTTGTTAAATAACCAGTTTCTCCAATTGTGTCCTGTTACAAAAAAAAAAAAAGAAGAAAGAAGGAAAAACAGATTCTTACTGCACTT,35a7cfff525a0c4048071c5e70796449beb1f27b78fff155a83fb6ac7e9c7efb,0.0,TACACAAGGTACAAGACCAGTTTTTCCAAGAGGCTTTTATTGGCTCTATTAGTCAACTTTAATTCCTTAAAGAAGTCTGTTTATATTTGAAAGCATGCCCCTCGAGTCAAACCCTTGTTAAATAACCAGTTTCTCCAATTGTGTCCTGTTACAAAAAAAAAAAAAGAAGAAAGAAGGAAAAACAGATTCTTACTGCACTT,0ac883bce0b419fbf3a596b35baf5086852c5bb30a09eacf9e4fa075dce26cc9,0.113974285029166,TACACAAGGTACAAGACCAGTTTTTCCAAGAGGCTTTTATTGGCTCTATTAGTCAACTTTAATTCCTTAAAGAAGTCTGTTTATATTTGAAAGCATGCCACTCCAGTCAAACCCTTGTTAAATAACCAGTTTCTCCAATTGTGTCCTGTTACAAAAAAAAAAAAAGAAGAAAGAAGGAAAAACAGATTCTTACTGCACTT,752c00f62d1fe567906cf64519630b7b76725627e42df6840b8eca318cb69823,-0.151913378508605,TACACAAGGTACAAGACCAGTTTTTCCAAGAGGCTTTTATTGGCTCTATTAGTCAACTTTAATTCCTTAAAGAAGTCTGTTTATATTTGAAAGCATGCCCCTCCAGTCAAACCCTTGTTAAATAACCAGTTTCTCCAATTGTGTCCTGTTACAAAAAAAAAAAAAGAAGAAAGAAGGAAAAACAGATTCTTACTGCACTT,1a54af810e0c39c507eab178e96fd0327557f7dec0a374b5158fb1a14d255231,0.109620552651774,0.147559646131213,0.225669604058667,-245.2674009371549,-242.17127258330584,-249.1869286298752,-239.6458801534027,6.444920122623444,-1.0,-0.147559646131213,0.0,2,0.18457879315211334,0.17490732828716207,0.146091925319964,0.06753455519505262,1.0
chr22:37590203:A:C;chr22:37590207:A:T;var1;middle;OL41|K562|b62e0fa072553ba7,chr22:37590203:A:C;chr22:37590207:A:T;var1;middle;OL41,K562,K562_region_01520,100,104,4,TCCTGTCGTCTGGATGGTGGAGACTAAGAGAAAGTACTCCCACACGGTCACAAGGTTAAACTTGCAAGGACGTAAAAAAAAAGACAAGACAGAAACCTCATCTAGTTTTTGTTTCAGGGACCTGCCGCCAAGTTTGTAACTGACGAGTTTGCTGGGCCAACTTGAATAATGGGCTTATATGGGTCCTAGGCCCACATTCT,3e345bbd1a8d138d868d74f3fd19567406e0557e07267e7791b69c51188afa67,0.0,TCCTGTCGTCTGGATGGTGGAGACTAAGAGAAAGTACTCCCACACGGTCACAAGGTTAAACTTGCAAGGACGTAAAAAAAAAGACAAGACAGAAACCTCCTCTAGTTTTTGTTTCAGGGACCTGCCGCCAAGTTTGTAACTGACGAGTTTGCTGGGCCAACTTGAATAATGGGCTTATATGGGTCCTAGGCCCACATTCT,f6534de25afa8c899c345d7d39989f95b4acefbe1204c4bed8cbae227fdec923,0.129881037749051,TCCTGTCGTCTGGATGGTGGAGACTAAGAGAAAGTACTCCCACACGGTCACAAGGTTAAACTTGCAAGGACGTAAAAAAAAAGACAAGACAGAAACCTCATCTTGTTTTTGTTTCAGGGACCTGCCGCCAAGTTTGTAACTGACGAGTTTGCTGGGCCAACTTGAATAATGGGCTTATATGGGTCCTAGGCCCACATTCT,150cb42df3663999d7b233bd97a4aacb03f3051b736c3f3a184ae8be60d2b054,0.282617344739962,TCCTGTCGTCTGGATGGTGGAGACTAAGAGAAAGTACTCCCACACGGTCACAAGGTTAAACTTGCAAGGACGTAAAAAAAAAGACAAGACAGAAACCTCCTCTTGTTTTTGTTTCAGGGACCTGCCGCCAAGTTTGTAACTGACGAGTTTGCTGGGCCAACTTGAATAATGGGCTTATATGGGTCCTAGGCCCACATTCT,b62e0fa072553ba7487de099810092d4377bba500226710805d6d07502467bbf,0.687306726496423,-0.27480834400741,0.193158511854252,-385.21546445880085,-379.9024973708438,-370.1126567295287,-373.1001346632838,8.300445021712221,1.0,-0.27480834400741,0.0,3,0.1981916310013091,0.18106719778262317,0.1474303780702046,0.1847878466106344,1.0
chr22:37591290:T:G;chr22:37591318:G:A;var1;middle;OL28|K562|bdb91117379a693c,chr22:37591290:T:G;chr22:37591318:G:A;var1;middle;OL28,K562,K562_region_01521,100,128,28,AATAGTGGTTAATATCCCATAGTGCCTAATCCATTTCTCCTTACCAAGGGACATGACCGAGGGGGACCTCTAACTCCCTAAGGACTCCAACCTTCTTCATTTGGGCCTCTAACCCAATTTCTGATAAGCATCTTTGCCCTTCACTAAGAGGGGCCTTTAACCCCCTATTTCTGAGGAGGGAACCTAACCCAAATCCATAC,429b404e20df78fcdc00829f2e6fe60d2b5cf61afc2494df455786a2f2c87e8e,0.0,AATAGTGGTTAATATCCCATAGTGCCTAATCCATTTCTCCTTACCAAGGGACATGACCGAGGGGGACCTCTAACTCCCTAAGGACTCCAACCTTCTTCAGTTGGGCCTCTAACCCAATTTCTGATAAGCATCTTTGCCCTTCACTAAGAGGGGCCTTTAACCCCCTATTTCTGAGGAGGGAACCTAACCCAAATCCATAC,f73fd549765f7a06f3f0ef16116e22d476f7874e82262aefc1d34f525bd591c0,0.274042541619512,AATAGTGGTTAATATCCCATAGTGCCTAATCCATTTCTCCTTACCAAGGGACATGACCGAGGGGGACCTCTAACTCCCTAAGGACTCCAACCTTCTTCATTTGGGCCTCTAACCCAATTTCTGATAAACATCTTTGCCCTTCACTAAGAGGGGCCTTTAACCCCCTATTTCTGAGGAGGGAACCTAACCCAAATCCATAC,a83e91b6cb357524aebead3f80bec4b51e93f323876e00fe2906258ba693b1ce,0.203180068976589,AATAGTGGTTAATATCCCATAGTGCCTAATCCATTTCTCCTTACCAAGGGACATGACCGAGGGGGACCTCTAACTCCCTAAGGACTCCAACCTTCTTCAGTTGGGCCTCTAACCCAATTTCTGATAAACATCTTTGCCCTTCACTAAGAGGGGCCTTTAACCCCCTATTTCTGAGGAGGGAACCTAACCCAAATCCATAC,bdb91117379a693c271137b15c562c4e88c7454a412f3b9a75d822bd2cd38b47,0.229884817004002,0.247337793592099,0.403267309330384,-317.0524273570627,-324.73140971921384,-310.2545608431101,-319.63780084066093,1.7042576353996992,1.0,0.247337793592099,0.0,0,0.18796498282191482,0.18565657667894103,0.15145376406925343,0.282265449787326,1.0
chr22:37594920:A:C;chr22:37594956:A:C;var1;middle;OL41|K562|9e07fe243012ccfc,chr22:37594920:A:C;chr22:37594956:A:C;var1;middle;OL41,K562,K562_region_01522,100,136,36,CCCCGCAGTCCCCGCAGCAACCCCCACCCCCCACACACAAACCGGCTTCCTCCCACGAGGAGAGCCCCGGGCCTGGTTCTACCGACTCCCCCACGTTGAACCGCCCAGGGGCCGGGGAAAGTTTCGCTCTCCGGAACCAGGTTCCCCGTCCTGGGCTTTCAGGACGTCGGATCCCAAAGGTGTTCAGCGGAGTTGGGCGG,0b6b636e45682473b8e10087878a0d38ff0cfe5510a495c51e270a84f8a88ff5,0.0,CCCCGCAGTCCCCGCAGCAACCCCCACCCCCCACACACAAACCGGCTTCCTCCCACGAGGAGAGCCCCGGGCCTGGTTCTACCGACTCCCCCACGTTGACCCGCCCAGGGGCCGGGGAAAGTTTCGCTCTCCGGAACCAGGTTCCCCGTCCTGGGCTTTCAGGACGTCGGATCCCAAAGGTGTTCAGCGGAGTTGGGCGG,314f5f6b8e804b3d1e8c77bb79fb3c0845bdaacf3e5bbba57a979fc55dfb897a,0.838017979100063,CCCCGCAGTCCCCGCAGCAACCCCCACCCCCCACACACAAACCGGCTTCCTCCCACGAGGAGAGCCCCGGGCCTGGTTCTACCGACTCCCCCACGTTGAACCGCCCAGGGGCCGGGGAAAGTTTCGCTCTCCGGACCCAGGTTCCCCGTCCTGGGCTTTCAGGACGTCGGATCCCAAAGGTGTTCAGCGGAGTTGGGCGG,c985f31133d56a76834c6aee140a49125e67288a6f57ae28f22ec47efd24e098,0.096947031692854,CCCCGCAGTCCCCGCAGCAACCCCCACCCCCCACACACAAACCGGCTTCCTCCCACGAGGAGAGCCCCGGGCCTGGTTCTACCGACTCCCCCACGTTGACCCGCCCAGGGGCCGGGGAAAGTTTCGCTCTCCGGACCCAGGTTCCCCGTCCTGGGCTTTCAGGACGTCGGATCCCAAAGGTGTTCAGCGGAGTTGGGCGG,9e07fe243012ccfcde49dd99accf64b69fc31719c699014a34a8f1afb9867ce4,0.104745617930492,0.8302193928624251,0.335030785890346,-359.9543819150422,-359.31946731102653,-350.5872720067855,-349.19220272277016,-0.7601546799996868,1.0,0.8302193928624251,0.0,3,0.17994190326055073,0.18106719778262317,0.1474303780702046,0.38475081932519944,1.0
chr22:38170026:G:A;chr22:38170046:C:T;var1;middle;OL41|K562|2228f9fdbe83e267,chr22:38170026:G:A;chr22:38170046:C:T;var1;middle;OL41,K562,K562_region_01523,100,120,20,ACACACACACACACACACAGACACACAGACACATACGCACACACGTGCACACATGTACACACGGATACACACACACACACACACACTGCATATCTGAGCGCGCCCCTCGCACTGGGTCTCACCTTGCACCTTCTTCAGGATTTTATATGTGAAGAGATTTTTATATAGATTTTTTTCCTTTTTTTCCAAAACACTTTATA,825ee3017fa262e3af6c379afa8681f065f2162dee572aed3ab4519b51918456,0.0,ACACACACACACACACACAGACACACAGACACATACGCACACACGTGCACACATGTACACACGGATACACACACACACACACACACTGCATATCTGAGCACGCCCCTCGCACTGGGTCTCACCTTGCACCTTCTTCAGGATTTTATATGTGAAGAGATTTTTATATAGATTTTTTTCCTTTTTTTCCAAAACACTTTATA,9d4c28134dae391f40839346334bf2a367fdc7bcb7fb6da16bb400879c7c0dfb,-0.005166029691631,ACACACACACACACACACAGACACACAGACACATACGCACACACGTGCACACATGTACACACGGATACACACACACACACACACACTGCATATCTGAGCGCGCCCCTCGCACTGGGTCTTACCTTGCACCTTCTTCAGGATTTTATATGTGAAGAGATTTTTATATAGATTTTTTTCCTTTTTTTCCAAAACACTTTATA,409c2cf2fa73745570be02de735314d63c6828627fadbd4d2efbd99ae2ef07db,0.283204928446002,ACACACACACACACACACAGACACACAGACACATACGCACACACGTGCACACATGTACACACGGATACACACACACACACACACACTGCATATCTGAGCACGCCCCTCGCACTGGGTCTTACCTTGCACCTTCTTCAGGATTTTATATGTGAAGAGATTTTTATATAGATTTTTTTCCTTTTTTTCCAAAACACTTTATA,2228f9fdbe83e26797f407beeca55510c0d4bf6521fb33458afe2dd983a0d0f4,-0.158381821999357,0.4364207207537279,0.450119311580722,-187.01040307991207,-188.34297729330137,-189.4960945518688,-191.00502246106043,0.17635369580233373,1.0,0.4364207207537279,0.0,2,0.1754512536096687,0.17490732828716207,0.146091925319964,0.5940090057605294,1.0
chr22:39063011:C:A;chr22:39063015:C:A;var1;middle;OL29|K562|4abb68b8f714a26e,chr22:39063011:C:A;chr22:39063015:C:A;var1;middle;OL29,K562,K562_region_01524,100,104,4,TTGGCCAGGCTGGTCTCAAACTCCTGACCTCTTGATTTGCCCGCCTCGGCCTCCCAAAGTGCTGGGATTACAGATATGAGCCACCGTGCCCAGCCATTTCTTTCTTTATTTTTTTTTTTTTAGAGACAGGGTAATGCTCTTTGACTCAGGCTGGAGTGCAGTGGCATGATCATAGCTCACTGGAGGCTCAGACTCATAGG,159a43a2816a5853242bdf679f35f8b1e2302eb86a44a43b536370e9368c98fd,0.0,TTGGCCAGGCTGGTCTCAAACTCCTGACCTCTTGATTTGCCCGCCTCGGCCTCCCAAAGTGCTGGGATTACAGATATGAGCCACCGTGCCCAGCCATTTATTTCTTTATTTTTTTTTTTTTAGAGACAGGGTAATGCTCTTTGACTCAGGCTGGAGTGCAGTGGCATGATCATAGCTCACTGGAGGCTCAGACTCATAGG,02ba72c51b68a36ee952a9382806cd5c8ec7fe4e785f7058778919c848f30b0e,0.0789407027285806,TTGGCCAGGCTGGTCTCAAACTCCTGACCTCTTGATTTGCCCGCCTCGGCCTCCCAAAGTGCTGGGATTACAGATATGAGCCACCGTGCCCAGCCATTTCTTTATTTATTTTTTTTTTTTTAGAGACAGGGTAATGCTCTTTGACTCAGGCTGGAGTGCAGTGGCATGATCATAGCTCACTGGAGGCTCAGACTCATAGG,f50fb79fabc20679e6a9678c6dec6a6f830224c30aa3c66dc384308279c52b60,0.0639662414632056,TTGGCCAGGCTGGTCTCAAACTCCTGACCTCTTGATTTGCCCGCCTCGGCCTCCCAAAGTGCTGGGATTACAGATATGAGCCACCGTGCCCAGCCATTTATTTATTTATTTTTTTTTTTTTAGAGACAGGGTAATGCTCTTTGACTCAGGCTGGAGTGCAGTGGCATGATCATAGCTCACTGGAGGCTCAGACTCATAGG,4abb68b8f714a26e159daaaf956e217e5a6e853f4111976ab1e966d0886d45b5,0.120546524190121,0.0223604200016652,0.153364766761756,-100.916234430857,-101.86897991783916,-104.71085942350328,-94.79842413123696,-10.86518077924849,1.0,0.0223604200016652,0.0,3,0.15958850710624264,0.18106719778262317,0.1474303780702046,0.17056279362208548,1.0
chr22:39241262:A:G;chr22:39241294:G:T;var1;middle;OL41|K562|d95dd028bec661c2,chr22:39241262:A:G;chr22:39241294:G:T;var1;middle;OL41,K562,K562_region_01525,100,132,32,CGCAAACCAGGATCTCTGGACCACCACGGCTACCACTGTGGTTTCGAGTGTACTTCACATAGCGCTGGTGGTGGGGAGAGACCGGAATGTTTCCCAGGAAGCCACAACCCTGGGGGACGCTCTCCAGCCACGGGGATTTTGTCCAGTGTTCCCAGGCACACGTGCTCCACCTCCCTCTCTCCACACATGTTAGGATGATG,e8ece69424e7577bddce5164ff86f1e530c9d19d1b397e69a804526bb2d1a57a,0.0,CGCAAACCAGGATCTCTGGACCACCACGGCTACCACTGTGGTTTCGAGTGTACTTCACATAGCGCTGGTGGTGGGGAGAGACCGGAATGTTTCCCAGGAGGCCACAACCCTGGGGGACGCTCTCCAGCCACGGGGATTTTGTCCAGTGTTCCCAGGCACACGTGCTCCACCTCCCTCTCTCCACACATGTTAGGATGATG,939871898e01a20f23ad348af128dc198283cda3f995f3324c99a6b5420a92f8,0.235099461938854,CGCAAACCAGGATCTCTGGACCACCACGGCTACCACTGTGGTTTCGAGTGTACTTCACATAGCGCTGGTGGTGGGGAGAGACCGGAATGTTTCCCAGGAAGCCACAACCCTGGGGGACGCTCTCCAGCCACTGGGATTTTGTCCAGTGTTCCCAGGCACACGTGCTCCACCTCCCTCTCTCCACACATGTTAGGATGATG,085ee388dba5be14ce481c2a72d914c17d1f4cadb165f9a1f2b87e349088d061,0.498845552576226,CGCAAACCAGGATCTCTGGACCACCACGGCTACCACTGTGGTTTCGAGTGTACTTCACATAGCGCTGGTGGTGGGGAGAGACCGGAATGTTTCCCAGGAGGCCACAACCCTGGGGGACGCTCTCCAGCCACTGGGATTTTGTCCAGTGTTCCCAGGCACACGTGCTCCACCTCCCTCTCTCCACACATGTTAGGATGATG,d95dd028bec661c29207fca7697fe3245ea6ef3660c28f52e14060f3a081c8f8,0.25104401918002,0.48290099533506,0.280757676643434,-264.8223592713475,-258.7360704243183,-257.797570168972,-256.1073940694332,4.396112747490406,1.0,0.48290099533506,0.0,1,0.1868379400532132,0.18216460459877223,0.1501433469024087,0.2946363425342027,1.0
chr22:39241509:A:G;chr22:39241583:G:A;var1;middle;OL41|K562|4fdbdda6b12d8ada,chr22:39241509:A:G;chr22:39241583:G:A;var1;middle;OL41,K562,K562_region_01526,100,174,74,CTGAGTTGTGAAAGAGGAGAGAAGCAAACACAAGCGCTGTATGCCAGGAACCTGAGTGCTGTGTGTGCGTGGATGTGTGCTGGTGCTCACTGAAGTCGTAACCTCAAAACCCAGGGCAGGCAGCTGGGCTTGGAGGAAGCATCTCATGGACAGAGAGATGGGCTGGGCTCTTGGAAGGCAAAGGCCAGCGGTAGGCCCTG,36668b83a979051f2e831706a173e60b4f1713a130030b033f9c2188ef7a735b,0.0,CTGAGTTGTGAAAGAGGAGAGAAGCAAACACAAGCGCTGTATGCCAGGAACCTGAGTGCTGTGTGTGCGTGGATGTGTGCTGGTGCTCACTGAAGTCGTGACCTCAAAACCCAGGGCAGGCAGCTGGGCTTGGAGGAAGCATCTCATGGACAGAGAGATGGGCTGGGCTCTTGGAAGGCAAAGGCCAGCGGTAGGCCCTG,6673c26ec847bc50c8b469a2c86fee479ef1f9d07fca9254101cbaf83a8982a1,-0.142579304069466,CTGAGTTGTGAAAGAGGAGAGAAGCAAACACAAGCGCTGTATGCCAGGAACCTGAGTGCTGTGTGTGCGTGGATGTGTGCTGGTGCTCACTGAAGTCGTAACCTCAAAACCCAGGGCAGGCAGCTGGGCTTGGAGGAAGCATCTCATGGACAGAGAGATGGGCTGGGCTCTTGAAAGGCAAAGGCCAGCGGTAGGCCCTG,7aecf5eb80184186c568934b437d7176c0f7212a65cad830f0db5145d45b238d,-0.172786910115357,CTGAGTTGTGAAAGAGGAGAGAAGCAAACACAAGCGCTGTATGCCAGGAACCTGAGTGCTGTGTGTGCGTGGATGTGTGCTGGTGCTCACTGAAGTCGTGACCTCAAAACCCAGGGCAGGCAGCTGGGCTTGGAGGAAGCATCTCATGGACAGAGAGATGGGCTGGGCTCTTGAAAGGCAAAGGCCAGCGGTAGGCCCTG,4fdbdda6b12d8ada28771a3a942ab8a5efb6bf59f620f1ebacee73919431f5b0,-0.0581638517230055,0.2572023624618175,0.229369728640651,-268.0639684322523,-264.215082529583,-269.57470413448755,-264.4092196476413,1.3165985841769725,-1.0,-0.2572023624618175,0.0,0,0.18746707803209192,0.18565657667894103,0.15145376406925343,0.052291316445075564,1.0
chr22:39241583:G:A;chr22:39241656:A:T;var1;middle;OL41|K562|94fc61965847831e,chr22:39241583:G:A;chr22:39241656:A:T;var1;middle;OL41,K562,K562_region_01526,100,173,73,GTGTGCTGGTGCTCACTGAAGTCGTAACCTCAAAACCCAGGGCAGGCAGCTGGGCTTGGAGGAAGCATCTCATGGACAGAGAGATGGGCTGGGCTCTTGGAAGGCAAAGGCCAGCGGTAGGCCCTGCTAAAGTCCTGGGGATGCATGAGACATCGGGACTCCTGGTACATCTACACGTGTGCCGTGAAGACAGAAACACG,d33fcdf95461b80f3a269d78cf1aa828143246f470ae2885a63fb94bf3897df7,0.0,GTGTGCTGGTGCTCACTGAAGTCGTAACCTCAAAACCCAGGGCAGGCAGCTGGGCTTGGAGGAAGCATCTCATGGACAGAGAGATGGGCTGGGCTCTTGAAAGGCAAAGGCCAGCGGTAGGCCCTGCTAAAGTCCTGGGGATGCATGAGACATCGGGACTCCTGGTACATCTACACGTGTGCCGTGAAGACAGAAACACG,249b812c2546ef0de9f5b793fc396bf22465a45c032d26270fc7ce291e585c25,-0.101634859968487,GTGTGCTGGTGCTCACTGAAGTCGTAACCTCAAAACCCAGGGCAGGCAGCTGGGCTTGGAGGAAGCATCTCATGGACAGAGAGATGGGCTGGGCTCTTGGAAGGCAAAGGCCAGCGGTAGGCCCTGCTAAAGTCCTGGGGATGCATGAGACATCGGGACTCCTGGTACATCTTCACGTGTGCCGTGAAGACAGAAACACG,bc6c777065cf80230106ac6222f620c1071806b22fe58f11d6d8bae5b4d7a137,-0.158765341041183,GTGTGCTGGTGCTCACTGAAGTCGTAACCTCAAAACCCAGGGCAGGCAGCTGGGCTTGGAGGAAGCATCTCATGGACAGAGAGATGGGCTGGGCTCTTGAAAGGCAAAGGCCAGCGGTAGGCCCTGCTAAAGTCCTGGGGATGCATGAGACATCGGGACTCCTGGTACATCTTCACGTGTGCCGTGAAGACAGAAACACG,94fc61965847831e726f76d96e5fc4426cb77374a3d9b4bb3c57f11a2d25ab70,-0.289928110262891,0.029527909253221,0.34580190930692,-338.08446923282463,-343.25990873092087,-330.49602786661126,-336.7965413046768,1.1250739399692975,1.0,0.029527909253221,0.0,0,0.18722108600012632,0.18565657667894103,0.15145376406925343,0.13916672766344934,1.0
chr22:39420601:T:C;chr22:39420612:T:C;var1;middle;OL41|K562|325ad1c5f564adf3,chr22:39420601:T:C;chr22:39420612:T:C;var1;middle;OL41,K562,K562_region_01527,100,111,11,CTTCAACAGCAGGACTGAGACGGGGACATTTACAGTGAACAGAAATGTGTTGGCTCGAGTTCTGGACTCCAGGAAGTCCAACGTCAAGGCACCAGCAACTTTCCAGGGCCTGCGAGCTGCACAGTCACATGGGGGTGAAGGTTGTTGCCAGAAGCTCAGGGGATGCTCCAGACAGAGTGGCCTGGGATGTCGAGTCACTG,cfc3ee4c9f501109c3d4171c12e7747fbc546e6ea6ec8f579e32f78065f00730,0.0,CTTCAACAGCAGGACTGAGACGGGGACATTTACAGTGAACAGAAATGTGTTGGCTCGAGTTCTGGACTCCAGGAAGTCCAACGTCAAGGCACCAGCAACCTTCCAGGGCCTGCGAGCTGCACAGTCACATGGGGGTGAAGGTTGTTGCCAGAAGCTCAGGGGATGCTCCAGACAGAGTGGCCTGGGATGTCGAGTCACTG,8eda760d94916b3c23a1eabb149aabcbed4bced707d25814594b700b7d71b347,0.244251689021285,CTTCAACAGCAGGACTGAGACGGGGACATTTACAGTGAACAGAAATGTGTTGGCTCGAGTTCTGGACTCCAGGAAGTCCAACGTCAAGGCACCAGCAACTTTCCAGGGCCCGCGAGCTGCACAGTCACATGGGGGTGAAGGTTGTTGCCAGAAGCTCAGGGGATGCTCCAGACAGAGTGGCCTGGGATGTCGAGTCACTG,46596e5d8060e39c7a6666e7521aaeacd42084fb024e7e74a1b024047612d62a,0.125226493297089,CTTCAACAGCAGGACTGAGACGGGGACATTTACAGTGAACAGAAATGTGTTGGCTCGAGTTCTGGACTCCAGGAAGTCCAACGTCAAGGCACCAGCAACCTTCCAGGGCCCGCGAGCTGCACAGTCACATGGGGGTGAAGGTTGTTGCCAGAAGCTCAGGGGATGCTCCAGACAGAGTGGCCTGGGATGTCGAGTCACTG,325ad1c5f564adf3aace3575673467eba0fce3613b4bc2ef0111a33f13915d69,0.242236782017571,0.1272414003008029,0.244429891146082,-382.0490353587084,-309.4644736805931,-382.57039699703455,-328.19105893187225,18.205223612953034,1.0,0.1272414003008029,0.0,1,0.20088788001050983,0.18216460459877223,0.1501433469024087,0.09010187863797722,1.0
chr22:39493251:T:A;chr22:39493294:T:C;var1;middle;OL28|K562|957211ef1d6c7e59,chr22:39493251:T:A;chr22:39493294:T:C;var1;middle;OL28,K562,K562_region_01528,100,143,43,AGCACCCCAGGGCCCTCCCACTCCAGTCCCACAAAAGGAAGAGGGTGGAGCCACCCTCATCAAGCAGTGACTTTTTGTGACTTTTGGGAGAGCTGACCTTTTGTGACTTTTGGGAGAGCTGCCAAAAGTGAAACTTAGTGCCTCAGACAAGCAGGGGCAAGTCTGCTAAGGAAGCTGTGGCCAGAAGCACAGATCAGGTA,64935c9e25aaafd372b309dcf9338f6f529586d2d21c54e6f6c6cc1b865960ac,0.0,AGCACCCCAGGGCCCTCCCACTCCAGTCCCACAAAAGGAAGAGGGTGGAGCCACCCTCATCAAGCAGTGACTTTTTGTGACTTTTGGGAGAGCTGACCTATTGTGACTTTTGGGAGAGCTGCCAAAAGTGAAACTTAGTGCCTCAGACAAGCAGGGGCAAGTCTGCTAAGGAAGCTGTGGCCAGAAGCACAGATCAGGTA,94d85cc81764d4b1e5a05f9a1982f08e1be98a5dad1b9610d9b1074f9cc4117f,0.226376077671295,AGCACCCCAGGGCCCTCCCACTCCAGTCCCACAAAAGGAAGAGGGTGGAGCCACCCTCATCAAGCAGTGACTTTTTGTGACTTTTGGGAGAGCTGACCTTTTGTGACTTTTGGGAGAGCTGCCAAAAGTGAAACTTAGTGCCCCAGACAAGCAGGGGCAAGTCTGCTAAGGAAGCTGTGGCCAGAAGCACAGATCAGGTA,a118bf6aef0b18dfa2ed675e7cf4b0e459cfe34324a77ca466b4cd373f19e684,-0.529905714303081,AGCACCCCAGGGCCCTCCCACTCCAGTCCCACAAAAGGAAGAGGGTGGAGCCACCCTCATCAAGCAGTGACTTTTTGTGACTTTTGGGAGAGCTGACCTATTGTGACTTTTGGGAGAGCTGCCAAAAGTGAAACTTAGTGCCCCAGACAAGCAGGGGCAAGTCTGCTAAGGAAGCTGTGGCCAGAAGCACAGATCAGGTA,957211ef1d6c7e598c51ff4f2a99f1f69a9ba2839e2a776cb048c36d48ca00c5,-0.0992845076768298,0.2042451289549562,0.127689006536578,-279.32744906071457,-301.76917825534474,-269.05610862377216,-293.9783908125246,-2.480552994122263,-1.0,-0.2042451289549562,0.0,1,0.1798413461582579,0.18216460459877223,0.1501433469024087,-0.06146379323589571,1.0
chr22:39493294:T:C;chr22:39493356:C:T;var1;middle;OL28|K562|9ce69097d2c02f70,chr22:39493294:T:C;chr22:39493356:C:T;var1;middle;OL28,K562,K562_region_01528,100,162,62,GGTGGAGCCACCCTCATCAAGCAGTGACTTTTTGTGACTTTTGGGAGAGCTGACCTTTTGTGACTTTTGGGAGAGCTGCCAAAAGTGAAACTTAGTGCCTCAGACAAGCAGGGGCAAGTCTGCTAAGGAAGCTGTGGCCAGAAGCACAGATCAGGTACTGCCGCCCACTCTGTCCACTGGGCCCTCTGCTGCCACTTCCT,e5858b5864c8a01b413209d897eb9275b1ed9f9bc4af125ad0b1db1af47e31f5,0.0,GGTGGAGCCACCCTCATCAAGCAGTGACTTTTTGTGACTTTTGGGAGAGCTGACCTTTTGTGACTTTTGGGAGAGCTGCCAAAAGTGAAACTTAGTGCCCCAGACAAGCAGGGGCAAGTCTGCTAAGGAAGCTGTGGCCAGAAGCACAGATCAGGTACTGCCGCCCACTCTGTCCACTGGGCCCTCTGCTGCCACTTCCT,ce13c45a8946aa70c2b7329e6fdd04ccf287393b17d80398135e5206a2126eb8,-0.725827832606675,GGTGGAGCCACCCTCATCAAGCAGTGACTTTTTGTGACTTTTGGGAGAGCTGACCTTTTGTGACTTTTGGGAGAGCTGCCAAAAGTGAAACTTAGTGCCTCAGACAAGCAGGGGCAAGTCTGCTAAGGAAGCTGTGGCCAGAAGCACAGATCAGGTACTGCTGCCCACTCTGTCCACTGGGCCCTCTGCTGCCACTTCCT,078f932262f2a31ea31030ebe96c70e534155e3a87523c27ce10a5b3cda3ab75,-0.303285678590883,GGTGGAGCCACCCTCATCAAGCAGTGACTTTTTGTGACTTTTGGGAGAGCTGACCTTTTGTGACTTTTGGGAGAGCTGCCAAAAGTGAAACTTAGTGCCCCAGACAAGCAGGGGCAAGTCTGCTAAGGAAGCTGTGGCCAGAAGCACAGATCAGGTACTGCTGCCCACTCTGTCCACTGGGCCCTCTGCTGCCACTTCCT,9ce69097d2c02f70da4396541a6aa57dc0e90eae0f8abc9178bd4c8d03d2633d,-1.1940724618324,0.1649589506348419,0.146995431386584,-248.7713904341217,-248.9963162298081,-239.9182317833184,-238.9355525739957,-1.2076050050090714,1.0,0.1649589506348419,0.0,1,0.1811364941942211,0.18216460459877223,0.1501433469024087,-0.03386292909042857,1.0
chr22:39494084:C:G;chr22:39494087:T:C;var1;middle;OL41|K562|a32e97a9b7ab88af,chr22:39494084:C:G;chr22:39494087:T:C;var1;middle;OL41,K562,K562_region_01529,100,103,3,TTAAAATTTAGGAAGAAGAGAGCCTGGTTCCCAAAGGCTCCCTCCTGCAGGGCCCGTGATGCAGAGGCTGGCAGGGCTGGCCAGGAAAGTGGCCCAGCTCCATGGCCTGGGCAGGTTACCCCACCTCTCTGCACCTCTGGCCCCTCCTCTGTAAGATGAGAATGGCCCCTGCAGGCCTAGGGCAGCCTCACGTGAGCTCA,8876bbff3d68a5ae6f22f3d8a68777663a5f3c9818504f81c8c82a4202382502,0.0,TTAAAATTTAGGAAGAAGAGAGCCTGGTTCCCAAAGGCTCCCTCCTGCAGGGCCCGTGATGCAGAGGCTGGCAGGGCTGGCCAGGAAAGTGGCCCAGCTGCATGGCCTGGGCAGGTTACCCCACCTCTCTGCACCTCTGGCCCCTCCTCTGTAAGATGAGAATGGCCCCTGCAGGCCTAGGGCAGCCTCACGTGAGCTCA,1e0098df7470861722901d8d7d21b4fce4c7e4df06d8dd187d236e10f498ba8b,-0.0032065832178151,TTAAAATTTAGGAAGAAGAGAGCCTGGTTCCCAAAGGCTCCCTCCTGCAGGGCCCGTGATGCAGAGGCTGGCAGGGCTGGCCAGGAAAGTGGCCCAGCTCCACGGCCTGGGCAGGTTACCCCACCTCTCTGCACCTCTGGCCCCTCCTCTGTAAGATGAGAATGGCCCCTGCAGGCCTAGGGCAGCCTCACGTGAGCTCA,ebbca24f237621a67bf87dd7f231c62038e9f129d106ac1f11963770d268e25a,0.0603355392084246,TTAAAATTTAGGAAGAAGAGAGCCTGGTTCCCAAAGGCTCCCTCCTGCAGGGCCCGTGATGCAGAGGCTGGCAGGGCTGGCCAGGAAAGTGGCCCAGCTGCACGGCCTGGGCAGGTTACCCCACCTCTCTGCACCTCTGGCCCCTCCTCTGTAAGATGAGAATGGCCCCTGCAGGCCTAGGGCAGCCTCACGTGAGCTCA,a32e97a9b7ab88af255b8f1e47d56a30f427296eec7749ceb5ea138afc0d2171,-0.0491687173195147,0.1062976733101242,0.242323064340555,-190.14661464467645,-187.4352591596544,-192.6237076073885,-190.2860176488757,0.373665526509285,1.0,0.1062976733101242,0.0,3,0.18222562738003145,0.18106719778262317,0.1474303780702046,0.2689356511346988,1.0
chr22:39496663:A:G;chr22:39496744:G:A;var1;middle;OL28|K562|d4d31130c372fe5e,chr22:39496663:A:G;chr22:39496744:G:A;var1;middle;OL28,K562,K562_region_01530,100,181,81,CTTGGTGCCTGCCTGGGTTTTGGCTTAGCTGGATCTGAGTGGCCCAGTTTCCCTAGGACACTCCCATTCTTTCCCGTCCCCGGACCTCTGAAGAGGCCAACCCTTCTGTAGAATGCTCCTTCTGCCCCTCTCATTTACTCATTCTCCCGATCTCAGCTCAGTCACTACTTCGGGAAAGCCGAGGTGCCGTGCCACGGTCC,3a52ef413464cacfb91205e3361e5b9c5ec3a5d1cf8d1376fa42175d2f32274b,0.0,CTTGGTGCCTGCCTGGGTTTTGGCTTAGCTGGATCTGAGTGGCCCAGTTTCCCTAGGACACTCCCATTCTTTCCCGTCCCCGGACCTCTGAAGAGGCCAGCCCTTCTGTAGAATGCTCCTTCTGCCCCTCTCATTTACTCATTCTCCCGATCTCAGCTCAGTCACTACTTCGGGAAAGCCGAGGTGCCGTGCCACGGTCC,ba9d23839f8e2d9fd0e9f581063b954dbe9c1bc78e97fafb356642478640dba6,0.407379336848007,CTTGGTGCCTGCCTGGGTTTTGGCTTAGCTGGATCTGAGTGGCCCAGTTTCCCTAGGACACTCCCATTCTTTCCCGTCCCCGGACCTCTGAAGAGGCCAACCCTTCTGTAGAATGCTCCTTCTGCCCCTCTCATTTACTCATTCTCCCGATCTCAGCTCAGTCACTACTTCGGGAAAGCCAAGGTGCCGTGCCACGGTCC,07680c4eee609f9da1e72b4ddb57da2659a150e58543315919fbb5f9be6afbc6,0.295121494875465,CTTGGTGCCTGCCTGGGTTTTGGCTTAGCTGGATCTGAGTGGCCCAGTTTCCCTAGGACACTCCCATTCTTTCCCGTCCCCGGACCTCTGAAGAGGCCAGCCCTTCTGTAGAATGCTCCTTCTGCCCCTCTCATTTACTCATTCTCCCGATCTCAGCTCAGTCACTACTTCGGGAAAGCCAAGGTGCCGTGCCACGGTCC,d4d31130c372fe5ef4f9507a77501c02b064400c2022aa063ae312b7158f7db2,0.226124544817238,0.476376286906234,0.299891869503096,-249.0942046195269,-279.20249340869486,-238.766182474792,-244.32541926950216,-24.54905199445784,1.0,0.476376286906234,0.0,3,0.13202665332850785,0.18106719778262317,0.1474303780702046,0.053074854719784625,1.0
chr22:41720697:A:G;chr22:41720728:G:C;var1;middle;OL41|K562|07ea688edf7bc8cc,chr22:41720697:A:G;chr22:41720728:G:C;var1;middle;OL41,K562,K562_region_01531,100,131,31,TGGGCTGATGCCCTCTTTCATACTGAGGGAGCATTAGCCACAGGAGGGAGCAGGTGCCCAGACCCCACCTAGAATGATTTGTTGAGTCCAGCATGAGGGACTGACAGGCTCAGTGAAGACCTGGCATTGGGTGGGGCGTGTGTTATGTGGGATTGGGCAGGGGAGGGGCCTGAGGTGGACTCCCGGTGCCTCAGTGTCTG,6e0fd73e267d47e39a339bd1a69ef051b44edcfd84b884168cc28b12aea6bc78,0.0,TGGGCTGATGCCCTCTTTCATACTGAGGGAGCATTAGCCACAGGAGGGAGCAGGTGCCCAGACCCCACCTAGAATGATTTGTTGAGTCCAGCATGAGGGGCTGACAGGCTCAGTGAAGACCTGGCATTGGGTGGGGCGTGTGTTATGTGGGATTGGGCAGGGGAGGGGCCTGAGGTGGACTCCCGGTGCCTCAGTGTCTG,8e8004cbc464367f796dd0ccb8867683fc7f3895a5e8892843f0084c1faa8ba0,0.181815419198975,TGGGCTGATGCCCTCTTTCATACTGAGGGAGCATTAGCCACAGGAGGGAGCAGGTGCCCAGACCCCACCTAGAATGATTTGTTGAGTCCAGCATGAGGGACTGACAGGCTCAGTGAAGACCTGGCATTGGCTGGGGCGTGTGTTATGTGGGATTGGGCAGGGGAGGGGCCTGAGGTGGACTCCCGGTGCCTCAGTGTCTG,4e381b4abc42ffaa2f71a0f09b5a8d3a56da9cc78ade6105a774f315bfa96045,-0.0082995229945781,TGGGCTGATGCCCTCTTTCATACTGAGGGAGCATTAGCCACAGGAGGGAGCAGGTGCCCAGACCCCACCTAGAATGATTTGTTGAGTCCAGCATGAGGGGCTGACAGGCTCAGTGAAGACCTGGCATTGGCTGGGGCGTGTGTTATGTGGGATTGGGCAGGGGAGGGGCCTGAGGTGGACTCCCGGTGCCTCAGTGTCTG,07ea688edf7bc8cc55ed131bb849cb3336039ec774943d05c2431e9e7e844dc4,0.249708251419446,0.076192355215049,0.280440953991028,-400.0772706642747,-426.3158214688301,-389.8622296843678,-427.4420087886974,-11.34122829977423,-1.0,-0.076192355215049,0.0,4,0.16214287956067097,0.17620727786206916,0.145609630836647,0.028391340197461923,1.0
chr22:42466905:C:T;chr22:42466950:C:T;var1;middle;OL41|K562|dcfb5c615117df33,chr22:42466905:C:T;chr22:42466950:C:T;var1;middle;OL41,K562,K562_region_01532,100,145,45,GGTAACCTGATAAGTCCGAAGCGTTCCAGTGAGGGCGGGGCCTCACGAAGGCAACCCTTCGCGCAACCTATCAGAATCCCCCCTAGCAACGCTGTGCCCCGCCCATATGGGTCCGGCCTCCCAGCCTCCCTAAGCCCTTCCCCACTGGGCTCCCGCCCTGCGTGCTAGCGAGGCAGGCATTGGCAGAACGGACTCGGGGC,9928942b26a46c1ca599c9df79468b4dd003a029eeab6ee9f52cdee0b0c37c96,0.0,GGTAACCTGATAAGTCCGAAGCGTTCCAGTGAGGGCGGGGCCTCACGAAGGCAACCCTTCGCGCAACCTATCAGAATCCCCCCTAGCAACGCTGTGCCCTGCCCATATGGGTCCGGCCTCCCAGCCTCCCTAAGCCCTTCCCCACTGGGCTCCCGCCCTGCGTGCTAGCGAGGCAGGCATTGGCAGAACGGACTCGGGGC,bed71ffa6dcc69fc4b59ef1368783427f4890a595856c362cce0d203688c1ad0,-0.149247697689398,GGTAACCTGATAAGTCCGAAGCGTTCCAGTGAGGGCGGGGCCTCACGAAGGCAACCCTTCGCGCAACCTATCAGAATCCCCCCTAGCAACGCTGTGCCCCGCCCATATGGGTCCGGCCTCCCAGCCTCCCTAAGCCCTTCCCCATTGGGCTCCCGCCCTGCGTGCTAGCGAGGCAGGCATTGGCAGAACGGACTCGGGGC,9ca23991ac986b28ea5f72ad4299d4fa71282baeca2c60165531e48914e9ee97,0.0627744569225035,GGTAACCTGATAAGTCCGAAGCGTTCCAGTGAGGGCGGGGCCTCACGAAGGCAACCCTTCGCGCAACCTATCAGAATCCCCCCTAGCAACGCTGTGCCCTGCCCATATGGGTCCGGCCTCCCAGCCTCCCTAAGCCCTTCCCCATTGGGCTCCCGCCCTGCGTGCTAGCGAGGCAGGCATTGGCAGAACGGACTCGGGGC,dcfb5c615117df33985258411fa27230750acdf108949cb7d7a37f91f15617c6,0.0517308217201495,0.138204062487044,0.224000005659574,-483.7986938478425,-481.6662290440872,-493.9818662200123,-489.9199858075008,1.9294156087562442,-1.0,-0.138204062487044,0.0,4,0.17859066582061442,0.17620727786206916,0.145609630836647,0.17442040666147846,1.0
chr22:42466905:C:T;chr22:42466980:A:T;var1;middle;OL41|K562|811c4fe6ada39065,chr22:42466905:C:T;chr22:42466980:A:T;var1;middle;OL41,K562,K562_region_01532,100,175,75,GGTAACCTGATAAGTCCGAAGCGTTCCAGTGAGGGCGGGGCCTCACGAAGGCAACCCTTCGCGCAACCTATCAGAATCCCCCCTAGCAACGCTGTGCCCCGCCCATATGGGTCCGGCCTCCCAGCCTCCCTAAGCCCTTCCCCACTGGGCTCCCGCCCTGCGTGCTAGCGAGGCAGGCATTGGCAGAACGGACTCGGGGC,9928942b26a46c1ca599c9df79468b4dd003a029eeab6ee9f52cdee0b0c37c96,0.0,GGTAACCTGATAAGTCCGAAGCGTTCCAGTGAGGGCGGGGCCTCACGAAGGCAACCCTTCGCGCAACCTATCAGAATCCCCCCTAGCAACGCTGTGCCCTGCCCATATGGGTCCGGCCTCCCAGCCTCCCTAAGCCCTTCCCCACTGGGCTCCCGCCCTGCGTGCTAGCGAGGCAGGCATTGGCAGAACGGACTCGGGGC,bed71ffa6dcc69fc4b59ef1368783427f4890a595856c362cce0d203688c1ad0,-0.149059219251899,GGTAACCTGATAAGTCCGAAGCGTTCCAGTGAGGGCGGGGCCTCACGAAGGCAACCCTTCGCGCAACCTATCAGAATCCCCCCTAGCAACGCTGTGCCCCGCCCATATGGGTCCGGCCTCCCAGCCTCCCTAAGCCCTTCCCCACTGGGCTCCCGCCCTGCGTGCTAGCGAGGCTGGCATTGGCAGAACGGACTCGGGGC,8d1da77e4a4aa26aa7da6666dbb6949d105dee41292c2836342e5d007d106a98,0.0494203643349001,GGTAACCTGATAAGTCCGAAGCGTTCCAGTGAGGGCGGGGCCTCACGAAGGCAACCCTTCGCGCAACCTATCAGAATCCCCCCTAGCAACGCTGTGCCCTGCCCATATGGGTCCGGCCTCCCAGCCTCCCTAAGCCCTTCCCCACTGGGCTCCCGCCCTGCGTGCTAGCGAGGCTGGCATTGGCAGAACGGACTCGGGGC,811c4fe6ada390653eeb70f3807e26d56185ff1fcde44999e2f68e353d31850c,-0.171010878074401,0.0713720231574021,0.201724180803431,-483.7986938478425,-481.6662290440872,-477.922368304804,-475.2729892465286,-0.5169142545200884,1.0,0.0713720231574021,0.0,4,0.1755586569000359,0.17620727786206916,0.145609630836647,0.19866785934134096,1.0
chr22:42466950:C:T;chr22:42466980:A:T;var1;middle;OL41|K562|468cc0113383e32b,chr22:42466950:C:T;chr22:42466980:A:T;var1;middle;OL41,K562,K562_region_01532,100,130,30,CGAAGGCAACCCTTCGCGCAACCTATCAGAATCCCCCCTAGCAACGCTGTGCCCCGCCCATATGGGTCCGGCCTCCCAGCCTCCCTAAGCCCTTCCCCACTGGGCTCCCGCCCTGCGTGCTAGCGAGGCAGGCATTGGCAGAACGGACTCGGGGCTGTCCTTCGTGGCCCGGACCCCGCGAGGCCTGTCCTTCCACCTCT,df16c3cb386b0b9e7db8dec1f4ea7e3bff635d9fb1253d9b954ba92e77a6faf5,0.0,CGAAGGCAACCCTTCGCGCAACCTATCAGAATCCCCCCTAGCAACGCTGTGCCCCGCCCATATGGGTCCGGCCTCCCAGCCTCCCTAAGCCCTTCCCCATTGGGCTCCCGCCCTGCGTGCTAGCGAGGCAGGCATTGGCAGAACGGACTCGGGGCTGTCCTTCGTGGCCCGGACCCCGCGAGGCCTGTCCTTCCACCTCT,f2dccbabcb739ebe4f5976212ae27497dedfd0eb93841d10efe6cf93287ad411,-0.199508840003833,CGAAGGCAACCCTTCGCGCAACCTATCAGAATCCCCCCTAGCAACGCTGTGCCCCGCCCATATGGGTCCGGCCTCCCAGCCTCCCTAAGCCCTTCCCCACTGGGCTCCCGCCCTGCGTGCTAGCGAGGCTGGCATTGGCAGAACGGACTCGGGGCTGTCCTTCGTGGCCCGGACCCCGCGAGGCCTGTCCTTCCACCTCT,f090ff2e4f460d9b53797552d618de8bb9fe122afbe53f25c446ce3a3f13419a,-0.648175303635214,CGAAGGCAACCCTTCGCGCAACCTATCAGAATCCCCCCTAGCAACGCTGTGCCCCGCCCATATGGGTCCGGCCTCCCAGCCTCCCTAAGCCCTTCCCCATTGGGCTCCCGCCCTGCGTGCTAGCGAGGCTGGCATTGGCAGAACGGACTCGGGGCTGTCCTTCGTGGCCCGGACCCCGCGAGGCCTGTCCTTCCACCTCT,468cc0113383e32b83239f76de6afcde4085048614899a643bb4b7ce98c5acdd,-0.630563911828407,0.21712023181064,0.265922929972739,-339.163179629948,-340.0146496654488,-338.13512464798987,-330.97528671845794,8.011307965032756,-1.0,-0.21712023181064,0.0,4,0.18612863204301586,0.17620727786206916,0.145609630836647,0.2558657852680845,1.0
chr22:42476688:A:G;chr22:42476754:A:C;var1;middle;OL41|K562|f9a13ca955a45f7f,chr22:42476688:A:G;chr22:42476754:A:C;var1;middle;OL41,K562,K562_region_01533,100,166,66,AGGGAAAACGGAAACAGTCCCTTATATCAAGCGAAAGTTTGCTTTACGACTGCAGGGCTGTGTGGTGTGGGAGTTAAAAAAACAAATTCTCTTAAAGCTAGTCTAGCCTATGCTAACTCACACAATTGACTGTAGGTCCATGTTGGGAAAGACCTGCCTTATCAAAACAGTTGAAAAAAAAATTTTTTTAATTCTAGGAA,972181a5206d157a5ee522a0e0d09e7492d3f1a36ebc9e1475710ae82825a2aa,0.0,AGGGAAAACGGAAACAGTCCCTTATATCAAGCGAAAGTTTGCTTTACGACTGCAGGGCTGTGTGGTGTGGGAGTTAAAAAAACAAATTCTCTTAAAGCTGGTCTAGCCTATGCTAACTCACACAATTGACTGTAGGTCCATGTTGGGAAAGACCTGCCTTATCAAAACAGTTGAAAAAAAAATTTTTTTAATTCTAGGAA,722fa104cecdd76c81785672b896f2cfe0ed02a807132fea151a8039f293f57d,-0.144115243542859,AGGGAAAACGGAAACAGTCCCTTATATCAAGCGAAAGTTTGCTTTACGACTGCAGGGCTGTGTGGTGTGGGAGTTAAAAAAACAAATTCTCTTAAAGCTAGTCTAGCCTATGCTAACTCACACAATTGACTGTAGGTCCATGTTGGGAAAGACCTGCCTTATCAACACAGTTGAAAAAAAAATTTTTTTAATTCTAGGAA,fe39a6f1ef0982bdf324ba3a7e2b914f347935b582c6fac2afde6ee13a97ce05,0.0315323860304647,AGGGAAAACGGAAACAGTCCCTTATATCAAGCGAAAGTTTGCTTTACGACTGCAGGGCTGTGTGGTGTGGGAGTTAAAAAAACAAATTCTCTTAAAGCTGGTCTAGCCTATGCTAACTCACACAATTGACTGTAGGTCCATGTTGGGAAAGACCTGCCTTATCAACACAGTTGAAAAAAAAATTTTTTTAATTCTAGGAA,f9a13ca955a45f7f130e8fa1697231c2e217c3e25bc7ce407a666594eaad054e,0.129776672598387,0.2423595301107813,0.184038812021183,-365.91891130502336,-386.9194074734114,-363.9857119640801,-384.90890682302415,0.07730130944401026,-1.0,-0.2423595301107813,0.0,3,0.1816286948974583,0.18106719778262317,0.1474303780702046,0.19237303935534786,1.0
chr22:42981138:T:C;chr22:42981167:G:A;var1;middle;OL41|K562|52e86962f7b5bbde,chr22:42981138:T:C;chr22:42981167:G:A;var1;middle;OL41,K562,K562_region_01534,100,129,29,TCCCAGCAAAGACACCCAGAAGGGAAAGAGAGCTGGGGTGGGGCATTCAGCACAACTCAAGGAAAAGGGAAAGGTGAACTCTGGAGAACTTCCTCTGGGTGGAGACGACACGGGACTCCAAGCCAAGAGCTTAGATAGACTCTTCCCAGCGGTGCAGCCTCATCCTGCCCTTGCCACTAGTGAGGCCTGGAGCCACTGGG,4fff6fa0bbcf2bffc3195f07b951163673089cae5783cf7aaff1dd21d3f8d4b9,0.0,TCCCAGCAAAGACACCCAGAAGGGAAAGAGAGCTGGGGTGGGGCATTCAGCACAACTCAAGGAAAAGGGAAAGGTGAACTCTGGAGAACTTCCTCTGGGCGGAGACGACACGGGACTCCAAGCCAAGAGCTTAGATAGACTCTTCCCAGCGGTGCAGCCTCATCCTGCCCTTGCCACTAGTGAGGCCTGGAGCCACTGGG,260a5439a1ba278d33e7f775cacaa8bbc22a19dca81b4275799f973c5773c233,0.802476404168619,TCCCAGCAAAGACACCCAGAAGGGAAAGAGAGCTGGGGTGGGGCATTCAGCACAACTCAAGGAAAAGGGAAAGGTGAACTCTGGAGAACTTCCTCTGGGTGGAGACGACACGGGACTCCAAGCCAAGAACTTAGATAGACTCTTCCCAGCGGTGCAGCCTCATCCTGCCCTTGCCACTAGTGAGGCCTGGAGCCACTGGG,9c1e1d8b023645aaac54fafbca974256d7e4451ed1c17178c9f3e56a752e1818,-0.0676876036648294,TCCCAGCAAAGACACCCAGAAGGGAAAGAGAGCTGGGGTGGGGCATTCAGCACAACTCAAGGAAAAGGGAAAGGTGAACTCTGGAGAACTTCCTCTGGGCGGAGACGACACGGGACTCCAAGCCAAGAACTTAGATAGACTCTTCCCAGCGGTGCAGCCTCATCCTGCCCTTGCCACTAGTGAGGCCTGGAGCCACTGGG,52e86962f7b5bbdeeb67986ff56aee7813127017dd57a31cd57e7e259193e983,0.717811268371536,-0.0169775321322536,0.124169598467432,-312.6444312836975,-319.81507396511734,-310.39465119643137,-320.0788133013993,-2.5135194235480753,-1.0,0.0169775321322536,0.0,3,0.17641030157264515,0.18106719778262317,0.1474303780702046,0.3002980659007962,1.0
chr22:43019562:T:C;chr22:43019632:C:A;var1;middle;OL41|K562|0f49b566c6457847,chr22:43019562:T:C;chr22:43019632:C:A;var1;middle;OL41,K562,K562_region_01535,100,170,70,CGCTGCCCCGAGACTTGCCCCGAAGTGAGCCCCGCCCAGGGAGGGGACGCTGGCCTTCTCTGCCCAGCTGGGCAGTGCAGTGCGCCCGGGAAAGGACTCTGCCTCTGGAGGCGAGGACCTGGGTTTCAGGCCGGGCTGTGGTGGTTTCCGGCTGTGTGGCTTCAGTGAGCCCTTGTTCCTCATCTGTGAGACGGGGCCAC,095ec89d1a4fb635aca092764f2e69d9fc317a9e697ad4fcc05906c93d5512ec,0.0,CGCTGCCCCGAGACTTGCCCCGAAGTGAGCCCCGCCCAGGGAGGGGACGCTGGCCTTCTCTGCCCAGCTGGGCAGTGCAGTGCGCCCGGGAAAGGACTCCGCCTCTGGAGGCGAGGACCTGGGTTTCAGGCCGGGCTGTGGTGGTTTCCGGCTGTGTGGCTTCAGTGAGCCCTTGTTCCTCATCTGTGAGACGGGGCCAC,c7913d4e584a2c30375dcb9e831650d764369a269aeff875b580531ac830f43e,0.958848380944169,CGCTGCCCCGAGACTTGCCCCGAAGTGAGCCCCGCCCAGGGAGGGGACGCTGGCCTTCTCTGCCCAGCTGGGCAGTGCAGTGCGCCCGGGAAAGGACTCTGCCTCTGGAGGCGAGGACCTGGGTTTCAGGCCGGGCTGTGGTGGTTTCCGGCTGTGTGGCTTCAGTGAGACCTTGTTCCTCATCTGTGAGACGGGGCCAC,2552902ee5ac08f6f2af9faf6c06f4097fd354aee8117fd293caa5f1eef0b5f5,0.116225037993016,CGCTGCCCCGAGACTTGCCCCGAAGTGAGCCCCGCCCAGGGAGGGGACGCTGGCCTTCTCTGCCCAGCTGGGCAGTGCAGTGCGCCCGGGAAAGGACTCCGCCTCTGGAGGCGAGGACCTGGGTTTCAGGCCGGGCTGTGGTGGTTTCCGGCTGTGTGGCTTCAGTGAGACCTTGTTCCTCATCTGTGAGACGGGGCCAC,0f49b566c645784762a80e084fa62a9ade77e46c18a7aa6b24cd8c0e6122eaea,0.993927135209539,0.0811462837276461,0.322947820609126,-199.1286002099514,-202.2402630131692,-199.77229578606784,-202.58444063179195,-0.29951795749366283,1.0,0.0811462837276461,0.0,3,0.18086971102713179,0.18106719778262317,0.1474303780702046,0.15973005095805753,1.0
chr22:43533427:C:G;chr22:43533515:A:C;var1;middle;OL41|K562|4aa0a4b9a6d25287,chr22:43533427:C:G;chr22:43533515:A:C;var1;middle;OL41,K562,K562_region_01536,100,188,88,GAAAAATGAGGGCACAGAATGAAGGAGAAAAGGCCAGGCCTGAGAAACAAAGCCCAAGCTCCACTCTGCACTAGAGACAGGGGCACTGGTGTCTGCCACCAGCCAGCAGGGCCACAGTTCCACACACCTCCATCGACTGCACAAGCGCTCACCACCAAAAGTATGCTGCTGTGCTTGGCACTATACAAACTAACCCAAGG,c0480094de4e17e90661f9f4bcc3bc29b6bf57fa159a3828ea194c21e96ba97e,0.0,GAAAAATGAGGGCACAGAATGAAGGAGAAAAGGCCAGGCCTGAGAAACAAAGCCCAAGCTCCACTCTGCACTAGAGACAGGGGCACTGGTGTCTGCCACGAGCCAGCAGGGCCACAGTTCCACACACCTCCATCGACTGCACAAGCGCTCACCACCAAAAGTATGCTGCTGTGCTTGGCACTATACAAACTAACCCAAGG,5e44595954a81729c1264ab039308057f7a8b55547e32475804d76ba8581f7ac,0.263622277704994,GAAAAATGAGGGCACAGAATGAAGGAGAAAAGGCCAGGCCTGAGAAACAAAGCCCAAGCTCCACTCTGCACTAGAGACAGGGGCACTGGTGTCTGCCACCAGCCAGCAGGGCCACAGTTCCACACACCTCCATCGACTGCACAAGCGCTCACCACCAAAAGTATGCTGCTGTGCTTGGCACTATACACACTAACCCAAGG,9607e0b2b5e699fcf67d24a4e2b66bc0950ca5d60852f24dd8a9306e49153aa6,0.451517347966297,GAAAAATGAGGGCACAGAATGAAGGAGAAAAGGCCAGGCCTGAGAAACAAAGCCCAAGCTCCACTCTGCACTAGAGACAGGGGCACTGGTGTCTGCCACGAGCCAGCAGGGCCACAGTTCCACACACCTCCATCGACTGCACAAGCGCTCACCACCAAAAGTATGCTGCTGTGCTTGGCACTATACACACTAACCCAAGG,4aa0a4b9a6d25287831a2feb149b9b2be4f986dc073ca0bf332f4983dbf33854,-0.0450062162979262,0.7601458419692172,0.41715746074851,-295.41183130070567,-313.22953775851056,-319.4955868991092,-329.30188950290903,-8.011403854005039,1.0,0.7601458419692172,0.0,4,0.1662699016663535,0.17620727786206916,0.145609630836647,0.44451416072268546,1.0
chr22:43549637:G:A;chr22:43549646:C:T;var1;middle;OL28|K562|5ad99770b0c5fcb7,chr22:43549637:G:A;chr22:43549646:C:T;var1;middle;OL28,K562,K562_region_01537,100,109,9,TAGTAGAGACGGGGTTTCACCTTGTTAGCCAGGATGGTCTCGATCTCCTGACCTCATGATCCACCCGCCTCGGCCTCCCAAAGTGCTGGGATTACAGGCGTGAGCCACCGCGCCCGGCTTATTTGTGTTTTCTTTACTTTTGATGGTGCAAACAATGCTTGGATGTGCTCTCTGTTTAAAACGGTAGTCTTTTTTATTTT,30ad30b48a5315b0810309e1b7c39145a3ebfd68c724f08c82d09b9bc7ed7088,0.0,TAGTAGAGACGGGGTTTCACCTTGTTAGCCAGGATGGTCTCGATCTCCTGACCTCATGATCCACCCGCCTCGGCCTCCCAAAGTGCTGGGATTACAGGCATGAGCCACCGCGCCCGGCTTATTTGTGTTTTCTTTACTTTTGATGGTGCAAACAATGCTTGGATGTGCTCTCTGTTTAAAACGGTAGTCTTTTTTATTTT,bec24f4a6171ca92cfff36dc39814a690ce6a0871cab611bc6089f3ce481ff96,-0.0328696349400664,TAGTAGAGACGGGGTTTCACCTTGTTAGCCAGGATGGTCTCGATCTCCTGACCTCATGATCCACCCGCCTCGGCCTCCCAAAGTGCTGGGATTACAGGCGTGAGCCACTGCGCCCGGCTTATTTGTGTTTTCTTTACTTTTGATGGTGCAAACAATGCTTGGATGTGCTCTCTGTTTAAAACGGTAGTCTTTTTTATTTT,10ac480e434eb9591328c437b17c3eb37edc32d7f4228dee6b653f581557a26b,0.14834966041035,TAGTAGAGACGGGGTTTCACCTTGTTAGCCAGGATGGTCTCGATCTCCTGACCTCATGATCCACCCGCCTCGGCCTCCCAAAGTGCTGGGATTACAGGCATGAGCCACTGCGCCCGGCTTATTTGTGTTTTCTTTACTTTTGATGGTGCAAACAATGCTTGGATGTGCTCTCTGTTTAAAACGGTAGTCTTTTTTATTTT,5ad99770b0c5fcb72e3cd82a0fa023ca117f09262f735a802e61c97ffd96ccac,0.0578750731068054,-0.0576049523634782,0.128301029535716,-137.03343175491318,-139.1816690696869,-138.8418582191225,-140.17444347194396,0.815652061952278,-1.0,0.0576049523634782,0.0,0,0.18682366812827544,0.18565657667894103,0.15145376406925343,0.22527747787766506,1.0
chr22:43549637:G:A;chr22:43549648:C:T;var1;middle;OL28|K562|050554f519fe687f,chr22:43549637:G:A;chr22:43549648:C:T;var1;middle;OL28,K562,K562_region_01537,100,111,11,TAGTAGAGACGGGGTTTCACCTTGTTAGCCAGGATGGTCTCGATCTCCTGACCTCATGATCCACCCGCCTCGGCCTCCCAAAGTGCTGGGATTACAGGCGTGAGCCACCGCGCCCGGCTTATTTGTGTTTTCTTTACTTTTGATGGTGCAAACAATGCTTGGATGTGCTCTCTGTTTAAAACGGTAGTCTTTTTTATTTT,30ad30b48a5315b0810309e1b7c39145a3ebfd68c724f08c82d09b9bc7ed7088,0.0,TAGTAGAGACGGGGTTTCACCTTGTTAGCCAGGATGGTCTCGATCTCCTGACCTCATGATCCACCCGCCTCGGCCTCCCAAAGTGCTGGGATTACAGGCATGAGCCACCGCGCCCGGCTTATTTGTGTTTTCTTTACTTTTGATGGTGCAAACAATGCTTGGATGTGCTCTCTGTTTAAAACGGTAGTCTTTTTTATTTT,bec24f4a6171ca92cfff36dc39814a690ce6a0871cab611bc6089f3ce481ff96,-0.0326861749968666,TAGTAGAGACGGGGTTTCACCTTGTTAGCCAGGATGGTCTCGATCTCCTGACCTCATGATCCACCCGCCTCGGCCTCCCAAAGTGCTGGGATTACAGGCGTGAGCCACCGTGCCCGGCTTATTTGTGTTTTCTTTACTTTTGATGGTGCAAACAATGCTTGGATGTGCTCTCTGTTTAAAACGGTAGTCTTTTTTATTTT,4352291f248d9d02d2984af63edc9e55ff83991df9d1b34d00df8d0f73b64f1e,0.0315722702434397,TAGTAGAGACGGGGTTTCACCTTGTTAGCCAGGATGGTCTCGATCTCCTGACCTCATGATCCACCCGCCTCGGCCTCCCAAAGTGCTGGGATTACAGGCATGAGCCACCGTGCCCGGCTTATTTGTGTTTTCTTTACTTTTGATGGTGCAAACAATGCTTGGATGTGCTCTCTGTTTAAAACGGTAGTCTTTTTTATTTT,050554f519fe687fb85ccc5093a6572866eaece86db4db04d28338c3a01f64af,-0.0255228405135798,-0.0244089357601529,0.11248021279718,-137.03343175491318,-139.1816690696869,-137.3024289549794,-139.00451641133986,0.44614985841326416,-1.0,0.0244089357601529,0.0,0,0.1863490837830579,0.18565657667894103,0.15145376406925343,0.15286203836930795,1.0
chr22:43549637:G:A;chr22:43549649:G:T;var1;middle;OL28|K562|fc4477e8d003a88b,chr22:43549637:G:A;chr22:43549649:G:T;var1;middle;OL28,K562,K562_region_01537,100,112,12,TAGTAGAGACGGGGTTTCACCTTGTTAGCCAGGATGGTCTCGATCTCCTGACCTCATGATCCACCCGCCTCGGCCTCCCAAAGTGCTGGGATTACAGGCGTGAGCCACCGCGCCCGGCTTATTTGTGTTTTCTTTACTTTTGATGGTGCAAACAATGCTTGGATGTGCTCTCTGTTTAAAACGGTAGTCTTTTTTATTTT,30ad30b48a5315b0810309e1b7c39145a3ebfd68c724f08c82d09b9bc7ed7088,0.0,TAGTAGAGACGGGGTTTCACCTTGTTAGCCAGGATGGTCTCGATCTCCTGACCTCATGATCCACCCGCCTCGGCCTCCCAAAGTGCTGGGATTACAGGCATGAGCCACCGCGCCCGGCTTATTTGTGTTTTCTTTACTTTTGATGGTGCAAACAATGCTTGGATGTGCTCTCTGTTTAAAACGGTAGTCTTTTTTATTTT,bec24f4a6171ca92cfff36dc39814a690ce6a0871cab611bc6089f3ce481ff96,-0.0327579892122154,TAGTAGAGACGGGGTTTCACCTTGTTAGCCAGGATGGTCTCGATCTCCTGACCTCATGATCCACCCGCCTCGGCCTCCCAAAGTGCTGGGATTACAGGCGTGAGCCACCGCTCCCGGCTTATTTGTGTTTTCTTTACTTTTGATGGTGCAAACAATGCTTGGATGTGCTCTCTGTTTAAAACGGTAGTCTTTTTTATTTT,73b05dd1adf1b4b3d4bc7866affd2fdd4aa0df69b8728a613d4f5ad55b203045,0.0131610931284889,TAGTAGAGACGGGGTTTCACCTTGTTAGCCAGGATGGTCTCGATCTCCTGACCTCATGATCCACCCGCCTCGGCCTCCCAAAGTGCTGGGATTACAGGCATGAGCCACCGCTCCCGGCTTATTTGTGTTTTCTTTACTTTTGATGGTGCAAACAATGCTTGGATGTGCTCTCTGTTTAAAACGGTAGTCTTTTTTATTTT,fc4477e8d003a88bff3e3b30317e60916e6b75fd5d341d6917987f7ef52be0d4,0.0038006600216447,0.0233975561053712,0.117806803190028,-137.03343175491318,-139.1816690696869,-138.7287227185443,-140.8833671133034,-0.006407079985365272,-1.0,-0.0233975561053712,0.0,0,0.1857678248995479,0.18565657667894103,0.15145376406925343,0.2180121364605747,1.0
chr22:43549637:G:A;chr22:43549652:C:T;var1;middle;OL28|K562|3873208875f6bca9,chr22:43549637:G:A;chr22:43549652:C:T;var1;middle;OL28,K562,K562_region_01537,100,115,15,TAGTAGAGACGGGGTTTCACCTTGTTAGCCAGGATGGTCTCGATCTCCTGACCTCATGATCCACCCGCCTCGGCCTCCCAAAGTGCTGGGATTACAGGCGTGAGCCACCGCGCCCGGCTTATTTGTGTTTTCTTTACTTTTGATGGTGCAAACAATGCTTGGATGTGCTCTCTGTTTAAAACGGTAGTCTTTTTTATTTT,30ad30b48a5315b0810309e1b7c39145a3ebfd68c724f08c82d09b9bc7ed7088,0.0,TAGTAGAGACGGGGTTTCACCTTGTTAGCCAGGATGGTCTCGATCTCCTGACCTCATGATCCACCCGCCTCGGCCTCCCAAAGTGCTGGGATTACAGGCATGAGCCACCGCGCCCGGCTTATTTGTGTTTTCTTTACTTTTGATGGTGCAAACAATGCTTGGATGTGCTCTCTGTTTAAAACGGTAGTCTTTTTTATTTT,bec24f4a6171ca92cfff36dc39814a690ce6a0871cab611bc6089f3ce481ff96,-0.0328948950383106,TAGTAGAGACGGGGTTTCACCTTGTTAGCCAGGATGGTCTCGATCTCCTGACCTCATGATCCACCCGCCTCGGCCTCCCAAAGTGCTGGGATTACAGGCGTGAGCCACCGCGCCTGGCTTATTTGTGTTTTCTTTACTTTTGATGGTGCAAACAATGCTTGGATGTGCTCTCTGTTTAAAACGGTAGTCTTTTTTATTTT,41ed33b1f250e33248c9583d4d4011a655f7b9aa95bdb79565a982ce78dcbc74,0.0222130555406663,TAGTAGAGACGGGGTTTCACCTTGTTAGCCAGGATGGTCTCGATCTCCTGACCTCATGATCCACCCGCCTCGGCCTCCCAAAGTGCTGGGATTACAGGCATGAGCCACCGCGCCTGGCTTATTTGTGTTTTCTTTACTTTTGATGGTGCAAACAATGCTTGGATGTGCTCTCTGTTTAAAACGGTAGTCTTTTTTATTTT,3873208875f6bca9057b8da125dac83f3b4698a43b8ae82c246d39d1804b1ead,0.0194661366985213,0.0301479761961655,0.130769919996068,-137.03343175491318,-139.1816690696869,-139.41167728346772,-141.27982178586535,0.28009281237609684,-1.0,-0.0301479761961655,0.0,0,0.1861358020388423,0.18565657667894103,0.15145376406925343,0.2670725096548678,1.0
chr22:43549646:C:T;chr22:43549648:C:T;var1;middle;OL28|K562|dbf4f604abd5ffd7,chr22:43549646:C:T;chr22:43549648:C:T;var1;middle;OL28,K562,K562_region_01537,100,102,2,CGGGGTTTCACCTTGTTAGCCAGGATGGTCTCGATCTCCTGACCTCATGATCCACCCGCCTCGGCCTCCCAAAGTGCTGGGATTACAGGCGTGAGCCACCGCGCCCGGCTTATTTGTGTTTTCTTTACTTTTGATGGTGCAAACAATGCTTGGATGTGCTCTCTGTTTAAAACGGTAGTCTTTTTTATTTTTTTTTTTAA,c665589129e9b9efdffecde9518520fca6cca7f909bf21d7d363f9fce0567fc0,0.0,CGGGGTTTCACCTTGTTAGCCAGGATGGTCTCGATCTCCTGACCTCATGATCCACCCGCCTCGGCCTCCCAAAGTGCTGGGATTACAGGCGTGAGCCACTGCGCCCGGCTTATTTGTGTTTTCTTTACTTTTGATGGTGCAAACAATGCTTGGATGTGCTCTCTGTTTAAAACGGTAGTCTTTTTTATTTTTTTTTTTAA,4c78dc69659202fc38d59c85ecc442356c81698cf3e4c0676cef0ca413c1407a,0.000714746760639,CGGGGTTTCACCTTGTTAGCCAGGATGGTCTCGATCTCCTGACCTCATGATCCACCCGCCTCGGCCTCCCAAAGTGCTGGGATTACAGGCGTGAGCCACCGTGCCCGGCTTATTTGTGTTTTCTTTACTTTTGATGGTGCAAACAATGCTTGGATGTGCTCTCTGTTTAAAACGGTAGTCTTTTTTATTTTTTTTTTTAA,d3e9b46acee44dce5f891fe8c9791ff435c6cda671e2a3eeaa0f68de3a620f78,-0.0390657321448571,CGGGGTTTCACCTTGTTAGCCAGGATGGTCTCGATCTCCTGACCTCATGATCCACCCGCCTCGGCCTCCCAAAGTGCTGGGATTACAGGCGTGAGCCACTGTGCCCGGCTTATTTGTGTTTTCTTTACTTTTGATGGTGCAAACAATGCTTGGATGTGCTCTCTGTTTAAAACGGTAGTCTTTTTTATTTTTTTTTTTAA,dbf4f604abd5ffd7c0cc73f234a9dfe23ab8af00fe2c0cbfee47d361a694e255,-0.066832245809905,0.0284812604256869,0.123197179158409,-139.96216423437,-142.82651750533842,-141.86697001126595,-144.0340478257276,-0.6972754565067589,1.0,0.0284812604256869,0.0,0,0.18488048156854042,0.18565657667894103,0.15145376406925343,0.2768020954633368,1.0
chr22:43549646:C:T;chr22:43549649:G:T;var1;middle;OL28|K562|9a977cc18d2e2bbb,chr22:43549646:C:T;chr22:43549649:G:T;var1;middle;OL28,K562,K562_region_01537,100,103,3,CGGGGTTTCACCTTGTTAGCCAGGATGGTCTCGATCTCCTGACCTCATGATCCACCCGCCTCGGCCTCCCAAAGTGCTGGGATTACAGGCGTGAGCCACCGCGCCCGGCTTATTTGTGTTTTCTTTACTTTTGATGGTGCAAACAATGCTTGGATGTGCTCTCTGTTTAAAACGGTAGTCTTTTTTATTTTTTTTTTTAA,c665589129e9b9efdffecde9518520fca6cca7f909bf21d7d363f9fce0567fc0,0.0,CGGGGTTTCACCTTGTTAGCCAGGATGGTCTCGATCTCCTGACCTCATGATCCACCCGCCTCGGCCTCCCAAAGTGCTGGGATTACAGGCGTGAGCCACTGCGCCCGGCTTATTTGTGTTTTCTTTACTTTTGATGGTGCAAACAATGCTTGGATGTGCTCTCTGTTTAAAACGGTAGTCTTTTTTATTTTTTTTTTTAA,4c78dc69659202fc38d59c85ecc442356c81698cf3e4c0676cef0ca413c1407a,0.0005963600674842,CGGGGTTTCACCTTGTTAGCCAGGATGGTCTCGATCTCCTGACCTCATGATCCACCCGCCTCGGCCTCCCAAAGTGCTGGGATTACAGGCGTGAGCCACCGCTCCCGGCTTATTTGTGTTTTCTTTACTTTTGATGGTGCAAACAATGCTTGGATGTGCTCTCTGTTTAAAACGGTAGTCTTTTTTATTTTTTTTTTTAA,6d4adb78be88c95f08aeaf7cbdb998c5be8ef277db2474c356666eda540a01ae,0.0025494320349061,CGGGGTTTCACCTTGTTAGCCAGGATGGTCTCGATCTCCTGACCTCATGATCCACCCGCCTCGGCCTCCCAAAGTGCTGGGATTACAGGCGTGAGCCACTGCTCCCGGCTTATTTGTGTTTTCTTTACTTTTGATGGTGCAAACAATGCTTGGATGTGCTCTCTGTTTAAAACGGTAGTCTTTTTTATTTTTTTTTTTAA,9a977cc18d2e2bbb1d93e0b98005e0c0d1d703adeab4839393f207b952881b7b,-0.0896860650248619,0.0928318571272522,0.129490747116662,-139.96216423437,-142.82651750533842,-143.8463292720262,-145.0955735396128,-1.615109003381832,1.0,0.0928318571272522,0.0,0,0.18370162680477875,0.18565657667894103,0.15145376406925343,0.16114949764818146,1.0
chr22:43549646:C:T;chr22:43549652:C:T;var1;middle;OL28|K562|735ecc56d9fff70f,chr22:43549646:C:T;chr22:43549652:C:T;var1;middle;OL28,K562,K562_region_01537,100,106,6,CGGGGTTTCACCTTGTTAGCCAGGATGGTCTCGATCTCCTGACCTCATGATCCACCCGCCTCGGCCTCCCAAAGTGCTGGGATTACAGGCGTGAGCCACCGCGCCCGGCTTATTTGTGTTTTCTTTACTTTTGATGGTGCAAACAATGCTTGGATGTGCTCTCTGTTTAAAACGGTAGTCTTTTTTATTTTTTTTTTTAA,c665589129e9b9efdffecde9518520fca6cca7f909bf21d7d363f9fce0567fc0,0.0,CGGGGTTTCACCTTGTTAGCCAGGATGGTCTCGATCTCCTGACCTCATGATCCACCCGCCTCGGCCTCCCAAAGTGCTGGGATTACAGGCGTGAGCCACTGCGCCCGGCTTATTTGTGTTTTCTTTACTTTTGATGGTGCAAACAATGCTTGGATGTGCTCTCTGTTTAAAACGGTAGTCTTTTTTATTTTTTTTTTTAA,4c78dc69659202fc38d59c85ecc442356c81698cf3e4c0676cef0ca413c1407a,0.0005268216421166,CGGGGTTTCACCTTGTTAGCCAGGATGGTCTCGATCTCCTGACCTCATGATCCACCCGCCTCGGCCTCCCAAAGTGCTGGGATTACAGGCGTGAGCCACCGCGCCTGGCTTATTTGTGTTTTCTTTACTTTTGATGGTGCAAACAATGCTTGGATGTGCTCTCTGTTTAAAACGGTAGTCTTTTTTATTTTTTTTTTTAA,6d0f84096742f4fcb7d55a668ca2e9c73d27ae116df9a416b4acc1a70623f101,-0.0623365780463476,CGGGGTTTCACCTTGTTAGCCAGGATGGTCTCGATCTCCTGACCTCATGATCCACCCGCCTCGGCCTCCCAAAGTGCTGGGATTACAGGCGTGAGCCACTGCGCCTGGCTTATTTGTGTTTTCTTTACTTTTGATGGTGCAAACAATGCTTGGATGTGCTCTCTGTTTAAAACGGTAGTCTTTTTTATTTTTTTTTTTAA,735ecc56d9fff70f64b1ab9b0d0499f00f0c6be114dc240a692d087ac1ca0e06,-0.0680890780955831,0.006279321691352,0.132121017442424,-139.96216423437,-142.82651750533842,-141.02706099278294,-143.30052629532292,-0.5908879684284329,1.0,0.006279321691352,0.0,0,0.18501712442448393,0.18565657667894103,0.15145376406925343,0.21020987084247433,1.0
chr22:43549648:C:T;chr22:43549652:C:T;var1;middle;OL28|K562|82b23868336fb42a,chr22:43549648:C:T;chr22:43549652:C:T;var1;middle;OL28,K562,K562_region_01537,100,104,4,GGGTTTCACCTTGTTAGCCAGGATGGTCTCGATCTCCTGACCTCATGATCCACCCGCCTCGGCCTCCCAAAGTGCTGGGATTACAGGCGTGAGCCACCGCGCCCGGCTTATTTGTGTTTTCTTTACTTTTGATGGTGCAAACAATGCTTGGATGTGCTCTCTGTTTAAAACGGTAGTCTTTTTTATTTTTTTTTTTAACC,6d31b697ee7ffc0feefb0158883f7f363fb74916cd8843be11fc1b5de14db6d3,0.0,GGGTTTCACCTTGTTAGCCAGGATGGTCTCGATCTCCTGACCTCATGATCCACCCGCCTCGGCCTCCCAAAGTGCTGGGATTACAGGCGTGAGCCACCGTGCCCGGCTTATTTGTGTTTTCTTTACTTTTGATGGTGCAAACAATGCTTGGATGTGCTCTCTGTTTAAAACGGTAGTCTTTTTTATTTTTTTTTTTAACC,045e60265004872e5f4cb236db830b7583da03a1a77fd06e6c0445cad3233f54,-0.0157792651620308,GGGTTTCACCTTGTTAGCCAGGATGGTCTCGATCTCCTGACCTCATGATCCACCCGCCTCGGCCTCCCAAAGTGCTGGGATTACAGGCGTGAGCCACCGCGCCTGGCTTATTTGTGTTTTCTTTACTTTTGATGGTGCAAACAATGCTTGGATGTGCTCTCTGTTTAAAACGGTAGTCTTTTTTATTTTTTTTTTTAACC,4d0bf3ccf0856c061b3f6d927aaa1ac42ffbe07a7cbecc090ddb5acbe4780244,-0.0522395463028149,GGGTTTCACCTTGTTAGCCAGGATGGTCTCGATCTCCTGACCTCATGATCCACCCGCCTCGGCCTCCCAAAGTGCTGGGATTACAGGCGTGAGCCACCGTGCCTGGCTTATTTGTGTTTTCTTTACTTTTGATGGTGCAAACAATGCTTGGATGTGCTCTCTGTTTAAAACGGTAGTCTTTTTTATTTTTTTTTTTAACC,82b23868336fb42aa95e45d92ca1eca95571235b3257e8a82e8bc56b9cf0ec7e,-0.0772745580517834,0.0092557465869377,0.121276491820263,-139.60311820032075,-140.82363386987709,-140.23077988717705,-141.07649126951583,-0.37480428721755743,1.0,0.0092557465869377,0.0,0,0.18529465979877252,0.18565657667894103,0.15145376406925343,0.13945757168106515,1.0
chr22:43549649:G:T;chr22:43549652:C:T;var1;middle;OL28|K562|d46f318c932f28ef,chr22:43549649:G:T;chr22:43549652:C:T;var1;middle;OL28,K562,K562_region_01537,100,103,3,GGTTTCACCTTGTTAGCCAGGATGGTCTCGATCTCCTGACCTCATGATCCACCCGCCTCGGCCTCCCAAAGTGCTGGGATTACAGGCGTGAGCCACCGCGCCCGGCTTATTTGTGTTTTCTTTACTTTTGATGGTGCAAACAATGCTTGGATGTGCTCTCTGTTTAAAACGGTAGTCTTTTTTATTTTTTTTTTTAACCA,d4c820d007eea4b271bd35f98200cf042bb3f5894f257cd0ae3637d6f7f2074f,0.0,GGTTTCACCTTGTTAGCCAGGATGGTCTCGATCTCCTGACCTCATGATCCACCCGCCTCGGCCTCCCAAAGTGCTGGGATTACAGGCGTGAGCCACCGCTCCCGGCTTATTTGTGTTTTCTTTACTTTTGATGGTGCAAACAATGCTTGGATGTGCTCTCTGTTTAAAACGGTAGTCTTTTTTATTTTTTTTTTTAACCA,bbe7769f1fe0c0c20035934cf56fa77fac8e1994891f6ab1de375f7a4f94db1b,0.0104939918318628,GGTTTCACCTTGTTAGCCAGGATGGTCTCGATCTCCTGACCTCATGATCCACCCGCCTCGGCCTCCCAAAGTGCTGGGATTACAGGCGTGAGCCACCGCGCCTGGCTTATTTGTGTTTTCTTTACTTTTGATGGTGCAAACAATGCTTGGATGTGCTCTCTGTTTAAAACGGTAGTCTTTTTTATTTTTTTTTTTAACCA,2cd509a511de198643d21a8b4ecfaced70c4783e5251eb752ef65e7fbace0f4b,-0.0674717896368027,GGTTTCACCTTGTTAGCCAGGATGGTCTCGATCTCCTGACCTCATGATCCACCCGCCTCGGCCTCCCAAAGTGCTGGGATTACAGGCGTGAGCCACCGCTCCTGGCTTATTTGTGTTTTCTTTACTTTTGATGGTGCAAACAATGCTTGGATGTGCTCTCTGTTTAAAACGGTAGTCTTTTTTATTTTTTTTTTTAACCA,d46f318c932f28ef3b5e6944762eb5bd8f952db13dd8ef217eccc05c31359b1a,-0.155392535730968,0.0984147379260281,0.122666695377464,-138.91743087559007,-144.52910020505078,-139.80794366123155,-147.37639977876097,1.9567867880687118,1.0,0.0984147379260281,0.0,0,0.18828932833709688,0.18565657667894103,0.15145376406925343,0.11841585929303448,1.0
chr22:44324727:C:G;chr22:44324730:C:T;var1;middle;OL29|K562|feaec9f7cea38395,chr22:44324727:C:G;chr22:44324730:C:T;var1;middle;OL29,K562,K562_region_01538,100,103,3,GGAGAAAGCTTATGAAGGATCAGGAAAATTAAAAGGGTGCTCTCGCCTATAACTTCTCTCTCCTTTGCTTTCACAGGCCTTGGTATGTTCCTGCTTCATCCCCTTCTACAGTGGCCTTATCCCTCCTTCCTTCAGAGGCGTGGTAAGTCGGCTTTCTCTGCTAGCGCTGAGTCCTGGGGGCCTCTGAAGTGTGCTCACAC,db1b9ba42acdedf80d805bc3ab0012215d4849ae77b0e89b5855c901825a8755,0.0,GGAGAAAGCTTATGAAGGATCAGGAAAATTAAAAGGGTGCTCTCGCCTATAACTTCTCTCTCCTTTGCTTTCACAGGCCTTGGTATGTTCCTGCTTCATGCCCTTCTACAGTGGCCTTATCCCTCCTTCCTTCAGAGGCGTGGTAAGTCGGCTTTCTCTGCTAGCGCTGAGTCCTGGGGGCCTCTGAAGTGTGCTCACAC,cb8913172e4fe051d917edfa855dc6fe6d4f88b4889ba63cb9e04763dfd3d9ba,-0.0068985129421745,GGAGAAAGCTTATGAAGGATCAGGAAAATTAAAAGGGTGCTCTCGCCTATAACTTCTCTCTCCTTTGCTTTCACAGGCCTTGGTATGTTCCTGCTTCATCCCTTTCTACAGTGGCCTTATCCCTCCTTCCTTCAGAGGCGTGGTAAGTCGGCTTTCTCTGCTAGCGCTGAGTCCTGGGGGCCTCTGAAGTGTGCTCACAC,36f3563730686919f3293587ad4850f6186091aa5bdde0507e1aa610ef31b410,-0.022660426403949,GGAGAAAGCTTATGAAGGATCAGGAAAATTAAAAGGGTGCTCTCGCCTATAACTTCTCTCTCCTTTGCTTTCACAGGCCTTGGTATGTTCCTGCTTCATGCCTTTCTACAGTGGCCTTATCCCTCCTTCCTTCAGAGGCGTGGTAAGTCGGCTTTCTCTGCTAGCGCTGAGTCCTGGGGGCCTCTGAAGTGTGCTCACAC,feaec9f7cea383957a105bd016a9a9154c296fa4f0a9ba4a7ccbb7cd8141eb39,0.0421514204907281,0.0717103598368516,0.146902235801836,-414.1939731799066,-419.9740998749621,-411.3202463304624,-408.5665995609015,8.533773464616388,-1.0,-0.0717103598368516,0.0,1,0.19104776103340976,0.18216460459877223,0.1501433469024087,0.2984413562774901,1.0
chr22:44424108:C:T;chr22:44424192:G:T;var1;middle;OL30|K562|10ce97a8d1e2972d,chr22:44424108:C:T;chr22:44424192:G:T;var1;middle;OL30,K562,K562_region_01539,100,184,84,ATAGTTTACATTAGGGGTTGCTCTTGCCGTTGGACATTCTGTGGCTCTGGATGGATGTAGAGTGACATGGACCCACCATTACAGTCACCTCTGGAGCAGCGTCACTGACCCCAGAATCCTCTTTCTGCTGCCTATGCATCCCTCCGTTTCCCCAAATCCCTGGCAACCACGGATCATTTTTTTGTTTTGTTTTTTTGGTT,6ad6121963d28045139d3ff391f574d696fb9e4b92da32234787be58c83ed81c,0.0,ATAGTTTACATTAGGGGTTGCTCTTGCCGTTGGACATTCTGTGGCTCTGGATGGATGTAGAGTGACATGGACCCACCATTACAGTCACCTCTGGAGCAGTGTCACTGACCCCAGAATCCTCTTTCTGCTGCCTATGCATCCCTCCGTTTCCCCAAATCCCTGGCAACCACGGATCATTTTTTTGTTTTGTTTTTTTGGTT,acebd05f24b62c5abde083d2fb7c9e23e01f70d9aaf56e05b97e4109d77842d9,-0.367569320054093,ATAGTTTACATTAGGGGTTGCTCTTGCCGTTGGACATTCTGTGGCTCTGGATGGATGTAGAGTGACATGGACCCACCATTACAGTCACCTCTGGAGCAGCGTCACTGACCCCAGAATCCTCTTTCTGCTGCCTATGCATCCCTCCGTTTCCCCAAATCCCTGGCAACCACGGATCATTTTTTTTTTTTGTTTTTTTGGTT,02cac2f55a5cc71c131c43f44ea3058b998119d9061f61e91b1e8597e4a49ec7,-0.213271036616223,ATAGTTTACATTAGGGGTTGCTCTTGCCGTTGGACATTCTGTGGCTCTGGATGGATGTAGAGTGACATGGACCCACCATTACAGTCACCTCTGGAGCAGTGTCACTGACCCCAGAATCCTCTTTCTGCTGCCTATGCATCCCTCCGTTTCCCCAAATCCCTGGCAACCACGGATCATTTTTTTTTTTTGTTTTTTTGGTT,10ce97a8d1e2972deabebed6520fb6368db97eec2d8875cb0ba6e244dddde111,-0.350991975288939,0.2298483813813769,0.131591099156823,-329.689012656454,-301.54933180706576,-339.06152251549065,-311.762885551434,-0.8410438853316009,-1.0,-0.2298483813813769,0.0,0,0.18469582706579782,0.18565657667894103,0.15145376406925343,0.24563363154271484,1.0
chr22:44577077:C:T;chr22:44577086:G:C;var1;middle;OL41|K562|294a7cafceb3d25b,chr22:44577077:C:T;chr22:44577086:G:C;var1;middle;OL41,K562,K562_region_01540,100,109,9,GGAAAGCCTTCCCGATCCCCTTGGCAACAACCACCACCAATATTTATTCACTGAGCCCACTTTGTGCCAAGCATTGTTCTAGACACGGGTATGTAACCGCGATTGAGAGAGACAGACCACGCACAGCCTGGATTTTATTTTAAGAGCTATTGGGTGCCGTTGGTGGGTTTGAGTGAGTGGGGTCAGGAAGTGACTCACTC,d914005e118b5c942fac6bf2e033c04ec03efe5c593b828f262d029beeb4d337,0.0,GGAAAGCCTTCCCGATCCCCTTGGCAACAACCACCACCAATATTTATTCACTGAGCCCACTTTGTGCCAAGCATTGTTCTAGACACGGGTATGTAACCGTGATTGAGAGAGACAGACCACGCACAGCCTGGATTTTATTTTAAGAGCTATTGGGTGCCGTTGGTGGGTTTGAGTGAGTGGGGTCAGGAAGTGACTCACTC,a068f2035d225ae613a7745a110051bdd3a80d7ed70ff7eb3842949c01165a75,-0.633703895998495,GGAAAGCCTTCCCGATCCCCTTGGCAACAACCACCACCAATATTTATTCACTGAGCCCACTTTGTGCCAAGCATTGTTCTAGACACGGGTATGTAACCGCGATTGAGACAGACAGACCACGCACAGCCTGGATTTTATTTTAAGAGCTATTGGGTGCCGTTGGTGGGTTTGAGTGAGTGGGGTCAGGAAGTGACTCACTC,8e1f3274d26344674cfe8e71dec9d59840ff2a36e1e96c8af5408eeab0e04502,-0.123544468964852,GGAAAGCCTTCCCGATCCCCTTGGCAACAACCACCACCAATATTTATTCACTGAGCCCACTTTGTGCCAAGCATTGTTCTAGACACGGGTATGTAACCGTGATTGAGACAGACAGACCACGCACAGCCTGGATTTTATTTTAAGAGCTATTGGGTGCCGTTGGTGGGTTTGAGTGAGTGGGGTCAGGAAGTGACTCACTC,294a7cafceb3d25b24a6598bada966196f4fc40ba42d434859ff2cbb958f2f25,-0.683688167319341,-0.073560197644006,0.158399833816564,-209.42017478123307,-205.55096159502864,-210.48799520730967,-203.7146589793265,-2.904123041778746,1.0,-0.073560197644006,0.0,3,0.17562355346303404,0.18106719778262317,0.1474303780702046,0.11350701294666371,1.0
chr22:44577077:C:T;chr22:44577150:G:T;var1;middle;OL41|K562|e580f22a36fddf8f,chr22:44577077:C:T;chr22:44577150:G:T;var1;middle;OL41,K562,K562_region_01540,100,173,73,GGAAAGCCTTCCCGATCCCCTTGGCAACAACCACCACCAATATTTATTCACTGAGCCCACTTTGTGCCAAGCATTGTTCTAGACACGGGTATGTAACCGCGATTGAGAGAGACAGACCACGCACAGCCTGGATTTTATTTTAAGAGCTATTGGGTGCCGTTGGTGGGTTTGAGTGAGTGGGGTCAGGAAGTGACTCACTC,d914005e118b5c942fac6bf2e033c04ec03efe5c593b828f262d029beeb4d337,0.0,GGAAAGCCTTCCCGATCCCCTTGGCAACAACCACCACCAATATTTATTCACTGAGCCCACTTTGTGCCAAGCATTGTTCTAGACACGGGTATGTAACCGTGATTGAGAGAGACAGACCACGCACAGCCTGGATTTTATTTTAAGAGCTATTGGGTGCCGTTGGTGGGTTTGAGTGAGTGGGGTCAGGAAGTGACTCACTC,a068f2035d225ae613a7745a110051bdd3a80d7ed70ff7eb3842949c01165a75,-0.63382676942363,GGAAAGCCTTCCCGATCCCCTTGGCAACAACCACCACCAATATTTATTCACTGAGCCCACTTTGTGCCAAGCATTGTTCTAGACACGGGTATGTAACCGCGATTGAGAGAGACAGACCACGCACAGCCTGGATTTTATTTTAAGAGCTATTGGGTGCCGTTGGTGGGTTTGATTGAGTGGGGTCAGGAAGTGACTCACTC,a81db0cc1c39c63a86f4b2a7035669ac0239a1fee418446f23ae2c76b5530ba8,-0.775624793729902,GGAAAGCCTTCCCGATCCCCTTGGCAACAACCACCACCAATATTTATTCACTGAGCCCACTTTGTGCCAAGCATTGTTCTAGACACGGGTATGTAACCGTGATTGAGAGAGACAGACCACGCACAGCCTGGATTTTATTTTAAGAGCTATTGGGTGCCGTTGGTGGGTTTGATTGAGTGGGGTCAGGAAGTGACTCACTC,e580f22a36fddf8f8f7bf09646db7eb59d1ecfc585a457a35ac941c52f31e68b,-1.25482595172626,-0.1546256114272719,0.135369558561372,-209.42017478123307,-205.55096159502864,-218.0345928482712,-213.98607858270407,-0.1793010793626877,1.0,-0.1546256114272719,0.0,3,0.18111185010930753,0.18106719778262317,0.1474303780702046,0.024841494525632363,1.0
chr22:44577077:C:T;chr22:44577160:T:A;var1;middle;OL41|K562|40d0f47c6d8af1ee,chr22:44577077:C:T;chr22:44577160:T:A;var1;middle;OL41,K562,K562_region_01540,100,183,83,GGAAAGCCTTCCCGATCCCCTTGGCAACAACCACCACCAATATTTATTCACTGAGCCCACTTTGTGCCAAGCATTGTTCTAGACACGGGTATGTAACCGCGATTGAGAGAGACAGACCACGCACAGCCTGGATTTTATTTTAAGAGCTATTGGGTGCCGTTGGTGGGTTTGAGTGAGTGGGGTCAGGAAGTGACTCACTC,d914005e118b5c942fac6bf2e033c04ec03efe5c593b828f262d029beeb4d337,0.0,GGAAAGCCTTCCCGATCCCCTTGGCAACAACCACCACCAATATTTATTCACTGAGCCCACTTTGTGCCAAGCATTGTTCTAGACACGGGTATGTAACCGTGATTGAGAGAGACAGACCACGCACAGCCTGGATTTTATTTTAAGAGCTATTGGGTGCCGTTGGTGGGTTTGAGTGAGTGGGGTCAGGAAGTGACTCACTC,a068f2035d225ae613a7745a110051bdd3a80d7ed70ff7eb3842949c01165a75,-0.633892059228876,GGAAAGCCTTCCCGATCCCCTTGGCAACAACCACCACCAATATTTATTCACTGAGCCCACTTTGTGCCAAGCATTGTTCTAGACACGGGTATGTAACCGCGATTGAGAGAGACAGACCACGCACAGCCTGGATTTTATTTTAAGAGCTATTGGGTGCCGTTGGTGGGTTTGAGTGAGTGGGGACAGGAAGTGACTCACTC,ff6118381225757b41987ad71e92e76f03182aafa3a0363407ce912c4028c257,1.30153550732469,GGAAAGCCTTCCCGATCCCCTTGGCAACAACCACCACCAATATTTATTCACTGAGCCCACTTTGTGCCAAGCATTGTTCTAGACACGGGTATGTAACCGTGATTGAGAGAGACAGACCACGCACAGCCTGGATTTTATTTTAAGAGCTATTGGGTGCCGTTGGTGGGTTTGAGTGAGTGGGGACAGGAAGTGACTCACTC,40d0f47c6d8af1eee26bf901d0233eb25325b6fc47987638929c88a6404bb6e9,0.832224837357354,0.1645813892615401,0.126828546328626,-209.42017478123307,-205.55096159502864,-209.0859623067081,-204.9895737990737,0.22717532142996788,-1.0,-0.1645813892615401,0.0,3,0.18193056894599863,0.18106719778262317,0.1474303780702046,0.10049098980477911,1.0
chr22:44577086:G:C;chr22:44577150:G:T;var1;middle;OL41|K562|abdfcc83b2caf7bc,chr22:44577086:G:C;chr22:44577150:G:T;var1;middle;OL41,K562,K562_region_01540,100,164,64,TCCCGATCCCCTTGGCAACAACCACCACCAATATTTATTCACTGAGCCCACTTTGTGCCAAGCATTGTTCTAGACACGGGTATGTAACCGCGATTGAGAGAGACAGACCACGCACAGCCTGGATTTTATTTTAAGAGCTATTGGGTGCCGTTGGTGGGTTTGAGTGAGTGGGGTCAGGAAGTGACTCACTCCTCCGAGGG,026f03c46b71baf035675782c4f8aa99d891745eb8a987bd35a0c0d4c59616d0,0.0,TCCCGATCCCCTTGGCAACAACCACCACCAATATTTATTCACTGAGCCCACTTTGTGCCAAGCATTGTTCTAGACACGGGTATGTAACCGCGATTGAGACAGACAGACCACGCACAGCCTGGATTTTATTTTAAGAGCTATTGGGTGCCGTTGGTGGGTTTGAGTGAGTGGGGTCAGGAAGTGACTCACTCCTCCGAGGG,e431c562e3e9dcf0f5f1380fd860071da43a1b87d0c478f672163c6dbfd88fea,-0.0005383740079715,TCCCGATCCCCTTGGCAACAACCACCACCAATATTTATTCACTGAGCCCACTTTGTGCCAAGCATTGTTCTAGACACGGGTATGTAACCGCGATTGAGAGAGACAGACCACGCACAGCCTGGATTTTATTTTAAGAGCTATTGGGTGCCGTTGGTGGGTTTGATTGAGTGGGGTCAGGAAGTGACTCACTCCTCCGAGGG,1696a6d999e210d293d640878fa7711269d4a5e9a2ce2ab93e76d6451c2d5025,-0.633184885004325,TCCCGATCCCCTTGGCAACAACCACCACCAATATTTATTCACTGAGCCCACTTTGTGCCAAGCATTGTTCTAGACACGGGTATGTAACCGCGATTGAGACAGACAGACCACGCACAGCCTGGATTTTATTTTAAGAGCTATTGGGTGCCGTTGGTGGGTTTGATTGAGTGGGGTCAGGAAGTGACTCACTCCTCCGAGGG,abdfcc83b2caf7bc5220d59f4b9ad066aacde62ccc8fe1373d9329e04616450c,-0.636324859832532,0.0026016008202354,0.185943588368501,-211.79728722572327,-211.0017662756145,-222.2391801699996,-222.96461245045063,1.5209532305597975,1.0,0.0026016008202354,0.0,3,0.18453647753659289,0.18106719778262317,0.1474303780702046,0.20426486274249991,1.0
chr22:44577086:G:C;chr22:44577160:T:A;var1;middle;OL41|K562|0d2e8a1cfab9d71e,chr22:44577086:G:C;chr22:44577160:T:A;var1;middle;OL41,K562,K562_region_01540,100,174,74,TCCCGATCCCCTTGGCAACAACCACCACCAATATTTATTCACTGAGCCCACTTTGTGCCAAGCATTGTTCTAGACACGGGTATGTAACCGCGATTGAGAGAGACAGACCACGCACAGCCTGGATTTTATTTTAAGAGCTATTGGGTGCCGTTGGTGGGTTTGAGTGAGTGGGGTCAGGAAGTGACTCACTCCTCCGAGGG,026f03c46b71baf035675782c4f8aa99d891745eb8a987bd35a0c0d4c59616d0,0.0,TCCCGATCCCCTTGGCAACAACCACCACCAATATTTATTCACTGAGCCCACTTTGTGCCAAGCATTGTTCTAGACACGGGTATGTAACCGCGATTGAGACAGACAGACCACGCACAGCCTGGATTTTATTTTAAGAGCTATTGGGTGCCGTTGGTGGGTTTGAGTGAGTGGGGTCAGGAAGTGACTCACTCCTCCGAGGG,e431c562e3e9dcf0f5f1380fd860071da43a1b87d0c478f672163c6dbfd88fea,-0.0005381712055565,TCCCGATCCCCTTGGCAACAACCACCACCAATATTTATTCACTGAGCCCACTTTGTGCCAAGCATTGTTCTAGACACGGGTATGTAACCGCGATTGAGAGAGACAGACCACGCACAGCCTGGATTTTATTTTAAGAGCTATTGGGTGCCGTTGGTGGGTTTGAGTGAGTGGGGACAGGAAGTGACTCACTCCTCCGAGGG,5502d8908384a89ffbc382d7ccf6b6cbf80ca2bcecda028c50191177567251b9,1.36345371474636,TCCCGATCCCCTTGGCAACAACCACCACCAATATTTATTCACTGAGCCCACTTTGTGCCAAGCATTGTTCTAGACACGGGTATGTAACCGCGATTGAGACAGACAGACCACGCACAGCCTGGATTTTATTTTAAGAGCTATTGGGTGCCGTTGGTGGGTTTGAGTGAGTGGGGACAGGAAGTGACTCACTCCTCCGAGGG,0d2e8a1cfab9d71e076e86a0efd65fbb83f784956b668f6db8bca1036438bae2,1.41377918458308,0.0508636410422767,0.17530573000647,-211.79728722572327,-211.0017662756145,-210.14698744565248,-209.34871016070247,0.0027563348412513733,-1.0,-0.0508636410422767,0.0,3,0.18147854749709527,0.18106719778262317,0.1474303780702046,0.2799143580216468,1.0
chr22:44577150:G:T;chr22:44577160:T:A;var1;middle;OL41|K562|3b906e82b3e93af2,chr22:44577150:G:T;chr22:44577160:T:A;var1;middle;OL41,K562,K562_region_01540,100,110,10,TTGTTCTAGACACGGGTATGTAACCGCGATTGAGAGAGACAGACCACGCACAGCCTGGATTTTATTTTAAGAGCTATTGGGTGCCGTTGGTGGGTTTGAGTGAGTGGGGTCAGGAAGTGACTCACTCCTCCGAGGGCTTGTGGGAGCCTCAGCTCAGGGGCGGGCAGGGGGCGTGGGGAAGTCTGCAGCCGAGAGTCCAG,591529de9f695f185fd5e532734234ba3fd7409a2f43a88c3b496daf0bb82389,0.0,TTGTTCTAGACACGGGTATGTAACCGCGATTGAGAGAGACAGACCACGCACAGCCTGGATTTTATTTTAAGAGCTATTGGGTGCCGTTGGTGGGTTTGATTGAGTGGGGTCAGGAAGTGACTCACTCCTCCGAGGGCTTGTGGGAGCCTCAGCTCAGGGGCGGGCAGGGGGCGTGGGGAAGTCTGCAGCCGAGAGTCCAG,94201d422a6137b4a437b0eccf4b96e34e46038b31f07e7abd8f3a7180acfd00,-1.00047659590032,TTGTTCTAGACACGGGTATGTAACCGCGATTGAGAGAGACAGACCACGCACAGCCTGGATTTTATTTTAAGAGCTATTGGGTGCCGTTGGTGGGTTTGAGTGAGTGGGGACAGGAAGTGACTCACTCCTCCGAGGGCTTGTGGGAGCCTCAGCTCAGGGGCGGGCAGGGGGCGTGGGGAAGTCTGCAGCCGAGAGTCCAG,6ffe332e99ec7657bd027e90181493f1fac4accb17e8c322db72f259f342af37,0.972229124077185,TTGTTCTAGACACGGGTATGTAACCGCGATTGAGAGAGACAGACCACGCACAGCCTGGATTTTATTTTAAGAGCTATTGGGTGCCGTTGGTGGGTTTGATTGAGTGGGGACAGGAAGTGACTCACTCCTCCGAGGGCTTGTGGGAGCCTCAGCTCAGGGGCGGGCAGGGGGCGTGGGGAAGTCTGCAGCCGAGAGTCCAG,3b906e82b3e93af2ebd56a529cfe0830b251aa71ea584bc0881efa6ed1c774d8,0.691716408263099,0.7199638800862339,0.182497435867048,-329.87756610196084,-349.49839249346405,-298.77481099776924,-324.9311626860872,-6.53552529681474,-1.0,-0.7199638800862339,0.0,3,0.16830923601679904,0.18106719778262317,0.1474303780702046,0.24436745983018693,1.0
chr22:45559741:G:T;chr22:45559771:C:A;var1;middle;OL41|K562|0c55d287a51a4960,chr22:45559741:G:T;chr22:45559771:C:A;var1;middle;OL41,K562,K562_region_01541,100,130,30,GACGCCCCAAAGCGCGGCTGCTGGCGCCGGCTACGAGATCAAGGTCGGCGCGTGCGCGCTTGCGCGAGACCGGCATTCTCAGCCCCGCGCCGGTTTCCAGGGAGCTGGGCGCATGCGCCGCGTAAGGGGCCCGGCCGGCGGAAGGAGGTGCTACTGCCGGAAGCGCCGGCGCGCTTGCGCAGTAGCTGAACGCGGGCGTT,afaaa4b73052f4d36bb1fdffad1cfb47b54522a6c64e21be8f580f80e6c88507,0.0,GACGCCCCAAAGCGCGGCTGCTGGCGCCGGCTACGAGATCAAGGTCGGCGCGTGCGCGCTTGCGCGAGACCGGCATTCTCAGCCCCGCGCCGGTTTCCATGGAGCTGGGCGCATGCGCCGCGTAAGGGGCCCGGCCGGCGGAAGGAGGTGCTACTGCCGGAAGCGCCGGCGCGCTTGCGCAGTAGCTGAACGCGGGCGTT,4f194f881aa07e7213ec0a279802b38dad356c6cc87ec571c803d3c478987509,0.118900390635658,GACGCCCCAAAGCGCGGCTGCTGGCGCCGGCTACGAGATCAAGGTCGGCGCGTGCGCGCTTGCGCGAGACCGGCATTCTCAGCCCCGCGCCGGTTTCCAGGGAGCTGGGCGCATGCGCCGCGTAAGGGGACCGGCCGGCGGAAGGAGGTGCTACTGCCGGAAGCGCCGGCGCGCTTGCGCAGTAGCTGAACGCGGGCGTT,acc6135609abc74fc134f6de130793fbb3c347806457e73fe8a014c361200cf2,-0.126427989392168,GACGCCCCAAAGCGCGGCTGCTGGCGCCGGCTACGAGATCAAGGTCGGCGCGTGCGCGCTTGCGCGAGACCGGCATTCTCAGCCCCGCGCCGGTTTCCATGGAGCTGGGCGCATGCGCCGCGTAAGGGGACCGGCCGGCGGAAGGAGGTGCTACTGCCGGAAGCGCCGGCGCGCTTGCGCAGTAGCTGAACGCGGGCGTT,0c55d287a51a4960b1a0361701d3edfe0d5673572d7d3663c5bf291ae61664a5,-0.139440895653664,0.1319132968971539,0.231732995669132,-261.1841612830758,-259.3687225077301,-258.5808044113219,-252.4219902548939,-4.343375381082296,1.0,0.1319132968971539,0.0,4,0.17081609767114864,0.17620727786206916,0.145609630836647,-0.02673111611673723,1.0
chr22:45583898:A:G;chr22:45583912:T:C;var1;middle;OL41|K562|aa539299ca8e4814,chr22:45583898:A:G;chr22:45583912:T:C;var1;middle;OL41,K562,K562_region_01542,100,114,14,GACAATATAATCTCAGCTTGTATTAGTTTTTGAATGCTCCCATCGAGGAAGTGTAACAATCCATGAAATGTGAATAAATGAAAAGTAAACAAAATCCCAATGTGTGAGTCTTATGTTCCTCTGTGATGCACTTGGCATTAATACAAGTCAGACAGACCTGAGGAAGAAGAATCAACGCAGAAGCTGCAACCGGAAACTTC,56849589bc14eea7e350813af59cfc0e79a1dcc0f8157c0c4485dd3f75d521a7,0.0,GACAATATAATCTCAGCTTGTATTAGTTTTTGAATGCTCCCATCGAGGAAGTGTAACAATCCATGAAATGTGAATAAATGAAAAGTAAACAAAATCCCAGTGTGTGAGTCTTATGTTCCTCTGTGATGCACTTGGCATTAATACAAGTCAGACAGACCTGAGGAAGAAGAATCAACGCAGAAGCTGCAACCGGAAACTTC,38e80d9f811d9b4d0123b2ae9b4cd3be3e592fc649520e4f72c5e00ef0a3b4bd,0.0194467797801456,GACAATATAATCTCAGCTTGTATTAGTTTTTGAATGCTCCCATCGAGGAAGTGTAACAATCCATGAAATGTGAATAAATGAAAAGTAAACAAAATCCCAATGTGTGAGTCTTACGTTCCTCTGTGATGCACTTGGCATTAATACAAGTCAGACAGACCTGAGGAAGAAGAATCAACGCAGAAGCTGCAACCGGAAACTTC,4905d9f40b67df9c5b558f021397968c6cd3d313d16c2cdfb5db70e45e7c5eca,0.0069723825421513,GACAATATAATCTCAGCTTGTATTAGTTTTTGAATGCTCCCATCGAGGAAGTGTAACAATCCATGAAATGTGAATAAATGAAAAGTAAACAAAATCCCAGTGTGTGAGTCTTACGTTCCTCTGTGATGCACTTGGCATTAATACAAGTCAGACAGACCTGAGGAAGAAGAATCAACGCAGAAGCTGCAACCGGAAACTTC,aa539299ca8e481464cf7b5cfdc6dd2beed5d356067e320705f65ad5531a9609,-0.0133414377237784,0.0397606000460752,0.254399803456102,-381.0472132316791,-387.53586144931614,-375.9609999496024,-379.8700669351965,-2.5795812320429263,1.0,0.0397606000460752,0.0,3,0.176277240841702,0.18106719778262317,0.1474303780702046,0.10290388175150988,1.0
chr22:45605128:C:G;chr22:45605166:T:G;var1;middle;OL41|K562|4996ff6e1a5b76b6,chr22:45605128:C:G;chr22:45605166:T:G;var1;middle;OL41,K562,K562_region_01543,100,138,38,TCCACGCTCCCCTGCTAGGTGCAGGAGGCCCGGCTGGTTGCTATGGCAACCGGGTACCAGCGGGATGGGCATGGGGAGGGGGCGGGAAGTAGCCAGGCTCCCGCAGAGGACTTGCAGTGCGCAGGCGATTCCGCGGGTCCCCCACCTCCACCGAGCGCTCAGGGCTTTTGCCAGGGGGGGTCTCCCCGTCTCCCCATCAG,ac67649c4ea6cbf2a509f07bbe522690679b920af7d1bdae529501637ad735f2,0.0,TCCACGCTCCCCTGCTAGGTGCAGGAGGCCCGGCTGGTTGCTATGGCAACCGGGTACCAGCGGGATGGGCATGGGGAGGGGGCGGGAAGTAGCCAGGCTGCCGCAGAGGACTTGCAGTGCGCAGGCGATTCCGCGGGTCCCCCACCTCCACCGAGCGCTCAGGGCTTTTGCCAGGGGGGGTCTCCCCGTCTCCCCATCAG,74f369241b1164b4c6659245fc2761d816c6fdc0fd5fa8cd5c78c78e81a1cc2e,-0.327505018283222,TCCACGCTCCCCTGCTAGGTGCAGGAGGCCCGGCTGGTTGCTATGGCAACCGGGTACCAGCGGGATGGGCATGGGGAGGGGGCGGGAAGTAGCCAGGCTCCCGCAGAGGACTTGCAGTGCGCAGGCGATTCCGCGGGGCCCCCACCTCCACCGAGCGCTCAGGGCTTTTGCCAGGGGGGGTCTCCCCGTCTCCCCATCAG,6ec7f93b6b5977542db60fe18a7d7089e121c8d160ecd4b5b42d789da83c83f3,-0.311900916875586,TCCACGCTCCCCTGCTAGGTGCAGGAGGCCCGGCTGGTTGCTATGGCAACCGGGTACCAGCGGGATGGGCATGGGGAGGGGGCGGGAAGTAGCCAGGCTGCCGCAGAGGACTTGCAGTGCGCAGGCGATTCCGCGGGGCCCCCACCTCCACCGAGCGCTCAGGGCTTTTGCCAGGGGGGGTCTCCCCGTCTCCCCATCAG,4996ff6e1a5b76b6a2a995f1415f9d91f4886b294d6eb7162cd0f3d4d40ed08d,-0.159801461936604,0.4796044732222039,0.570749274223161,-303.36485109315254,-258.6207539197057,-316.85928924335167,-248.785716611892,23.329475458012865,-1.0,-0.4796044732222039,0.0,3,0.22846288485862676,0.18106719778262317,0.1474303780702046,0.2782967228333725,1.0
chr22:45608347:G:A;chr22:45608360:G:C;var1;middle;OL41|K562|92422b5b67cd9440,chr22:45608347:G:A;chr22:45608360:G:C;var1;middle;OL41,K562,K562_region_01544,100,113,13,TGACTCCAGCCTGGGGATGAATCAGCAGCTTCGGAGGAAAAGGAAAATCCCGAGGAGCCAGGAACGCCACTGGCTGGCTGGTGTCTGGGCTGGAAGCCGGGAAGGCTTGGCTGGGGGGGAGCCTTTGGAGAGGCAGGGCTCTCACCAACATCTCTCACCCCCACCCACTCCCCCTGGCTGCGGCAGTCCCAGCGGGAACC,02d75c11e1dd0f3168b204c96f77bec223555f16ff8e77f5d7356bf5bf08558c,0.0,TGACTCCAGCCTGGGGATGAATCAGCAGCTTCGGAGGAAAAGGAAAATCCCGAGGAGCCAGGAACGCCACTGGCTGGCTGGTGTCTGGGCTGGAAGCCGAGAAGGCTTGGCTGGGGGGGAGCCTTTGGAGAGGCAGGGCTCTCACCAACATCTCTCACCCCCACCCACTCCCCCTGGCTGCGGCAGTCCCAGCGGGAACC,6a777e8c25f64c11fe0815361a2da12620b20a814684d90cc1a1488dcf8d6ad3,0.145701814706622,TGACTCCAGCCTGGGGATGAATCAGCAGCTTCGGAGGAAAAGGAAAATCCCGAGGAGCCAGGAACGCCACTGGCTGGCTGGTGTCTGGGCTGGAAGCCGGGAAGGCTTGGCTCGGGGGGAGCCTTTGGAGAGGCAGGGCTCTCACCAACATCTCTCACCCCCACCCACTCCCCCTGGCTGCGGCAGTCCCAGCGGGAACC,b5d1fda08ddae01a293642c152e5fc34dd1bc88f27f221d05b2b6aadfbd39787,-0.128615596941497,TGACTCCAGCCTGGGGATGAATCAGCAGCTTCGGAGGAAAAGGAAAATCCCGAGGAGCCAGGAACGCCACTGGCTGGCTGGTGTCTGGGCTGGAAGCCGAGAAGGCTTGGCTCGGGGGGAGCCTTTGGAGAGGCAGGGCTCTCACCAACATCTCTCACCCCCACCCACTCCCCCTGGCTGCGGCAGTCCCAGCGGGAACC,92422b5b67cd9440d79bcf6d0cb460706e14ec2a5e30a2ba3b3ce289c9f6ec36,-0.0451173366446865,-0.0622035544098115,0.188414448480361,-270.2738513709046,-270.6002228152938,-275.66695426916704,-275.0803844355978,0.9129412779584527,-1.0,0.0622035544098115,0.0,3,0.18331182873150279,0.18106719778262317,0.1474303780702046,0.1814776226582707,1.0
chr22:45725524:C:T;chr22:45725600:A:G;var1;middle;OL41|K562|768c90547aa57251,chr22:45725524:C:T;chr22:45725600:A:G;var1;middle;OL41,K562,K562_region_01545,100,176,76,TCATAACTAACACTGCTGCCTGTGTTGTCTGGGCTGCCTTGTGAGGTAAGGCCCTGGCCCCGCTCTGTGTACAAAGAGACTGAATTACGGGGCACGGGGCAGTGTACACGGGGGCAGGGCCGCCTGAGGGGAGCGGGCAGGGCCAAGGCACCCACTCCTGCCGGTAGTGCCATGGAGTAGACATCTGCTCTCTGCGTCTG,20a045503f17c36ccab1483b16760022a38cd18d6ff3a00be48e57955b63a35a,0.0,TCATAACTAACACTGCTGCCTGTGTTGTCTGGGCTGCCTTGTGAGGTAAGGCCCTGGCCCCGCTCTGTGTACAAAGAGACTGAATTACGGGGCACGGGGTAGTGTACACGGGGGCAGGGCCGCCTGAGGGGAGCGGGCAGGGCCAAGGCACCCACTCCTGCCGGTAGTGCCATGGAGTAGACATCTGCTCTCTGCGTCTG,d48493f1374b9124de08b7987ffe7c9abc538398f13455c9b98445cf1e10145e,-0.283672097993745,TCATAACTAACACTGCTGCCTGTGTTGTCTGGGCTGCCTTGTGAGGTAAGGCCCTGGCCCCGCTCTGTGTACAAAGAGACTGAATTACGGGGCACGGGGCAGTGTACACGGGGGCAGGGCCGCCTGAGGGGAGCGGGCAGGGCCAAGGCACCCACTCCTGCCGGTAGTGCCATGGGGTAGACATCTGCTCTCTGCGTCTG,a1d5d55b09ebc837c902ffddbf93b540228228860377e3242e35de1a11cdbeae,-0.0737878023528226,TCATAACTAACACTGCTGCCTGTGTTGTCTGGGCTGCCTTGTGAGGTAAGGCCCTGGCCCCGCTCTGTGTACAAAGAGACTGAATTACGGGGCACGGGGTAGTGTACACGGGGGCAGGGCCGCCTGAGGGGAGCGGGCAGGGCCAAGGCACCCACTCCTGCCGGTAGTGCCATGGGGTAGACATCTGCTCTCTGCGTCTG,768c90547aa57251f3569378c89fa13dae874cf5ebdedc174740fe3ba7a95abd,-0.25144318315922,0.1060167171873476,0.255220249465746,-251.21224316954613,-256.0080312639475,-250.18661649525168,-255.01068787276745,-0.02828328311443329,-1.0,-0.1060167171873476,0.0,1,0.18233638313308073,0.18216460459877223,0.1501433469024087,0.24683122284142808,1.0
chr22:45729382:C:T;chr22:45729424:G:A;var1;middle;OL29|K562|6df40ae352dc77d1,chr22:45729382:C:T;chr22:45729424:G:A;var1;middle;OL29,K562,K562_region_01546,100,142,42,CGATAGCTCACGCCTGTAATCCCAGCACTTTGGGAGGCTGAGGTGGGTGGATCACGAGGTCAGGAGATCGAGACCATCCTGGCTAACACGGTGAAACCCCGTCTCTACTAAAAATACAAAAAATTAGCTGGGCATGGTGGCGGGCACCTGTAGTCCCAGCTACTCAGGAGGCTGAGGCAGGAGAATGGCATGAACCCGGG,e666bf34aa380bbb345a4da95a9ab1836c202bfcfb4a7f12222f493189189605,0.0,CGATAGCTCACGCCTGTAATCCCAGCACTTTGGGAGGCTGAGGTGGGTGGATCACGAGGTCAGGAGATCGAGACCATCCTGGCTAACACGGTGAAACCCTGTCTCTACTAAAAATACAAAAAATTAGCTGGGCATGGTGGCGGGCACCTGTAGTCCCAGCTACTCAGGAGGCTGAGGCAGGAGAATGGCATGAACCCGGG,6b4a82e3872d416b40fbcfeec015a9ef8a6a2b52f2652dd3b28c31b53b3294bd,0.0028830607784082,CGATAGCTCACGCCTGTAATCCCAGCACTTTGGGAGGCTGAGGTGGGTGGATCACGAGGTCAGGAGATCGAGACCATCCTGGCTAACACGGTGAAACCCCGTCTCTACTAAAAATACAAAAAATTAGCTGGGCATGGTGGCAGGCACCTGTAGTCCCAGCTACTCAGGAGGCTGAGGCAGGAGAATGGCATGAACCCGGG,89a982835e4e3b48cc88a454878d43eb545f6d9435a1691ce825218533ecff55,-0.0228590577851755,CGATAGCTCACGCCTGTAATCCCAGCACTTTGGGAGGCTGAGGTGGGTGGATCACGAGGTCAGGAGATCGAGACCATCCTGGCTAACACGGTGAAACCCTGTCTCTACTAAAAATACAAAAAATTAGCTGGGCATGGTGGCAGGCACCTGTAGTCCCAGCTACTCAGGAGGCTGAGGCAGGAGAATGGCATGAACCCGGG,6df40ae352dc77d14d445f2867c760ff9feed7946aa9dacee6107ccedf27a29d,-0.0225361040583542,-0.0025601070515869,0.195350244279109,-38.86349018733017,-39.45436345948838,-39.18414837378077,-39.568394580390304,0.20662706554867327,-1.0,0.0025601070515869,0.0,2,0.17549533408367637,0.17490732828716207,0.146091925319964,0.2161495935581342,1.0
chr22:46025042:G:A;chr22:46025060:G:T;var1;middle;OL27|K562|18c5bf7c53327e70,chr22:46025042:G:A;chr22:46025060:G:T;var1;middle;OL27,K562,K562_region_01547,100,118,18,ACGCGCTTGGAGGCTGAGGCAGGAGAATCACTTGAACCCAGGAGGTGGAGGTTGCAGTGAGCCAAGATCATGCCACTGCACTCCAGCCTGGACGACAGAGCAAGACTGTAAAAAAAAGAAAGAAAGGAAGGAAGGAAGGAAGAGAGGTAGGAAATGCAAGCCAGCTATCTCTGTGTGCAATCACAACCATTGCTATAATT,f8b034be3d80760add9931ab46626df2dfe7b1eb0b9edb048bc141d5410e2f03,0.0,ACGCGCTTGGAGGCTGAGGCAGGAGAATCACTTGAACCCAGGAGGTGGAGGTTGCAGTGAGCCAAGATCATGCCACTGCACTCCAGCCTGGACGACAGAACAAGACTGTAAAAAAAAGAAAGAAAGGAAGGAAGGAAGGAAGAGAGGTAGGAAATGCAAGCCAGCTATCTCTGTGTGCAATCACAACCATTGCTATAATT,15a9d18bb858462d3f39d50f836a0fccbb7754425c9e731017a41a6d61c037df,-0.246997750253611,ACGCGCTTGGAGGCTGAGGCAGGAGAATCACTTGAACCCAGGAGGTGGAGGTTGCAGTGAGCCAAGATCATGCCACTGCACTCCAGCCTGGACGACAGAGCAAGACTGTAAAAAAAATAAAGAAAGGAAGGAAGGAAGGAAGAGAGGTAGGAAATGCAAGCCAGCTATCTCTGTGTGCAATCACAACCATTGCTATAATT,266e4f88f523934499bb7816212ba317f4e0a867bf9487a5c085bbc40afee395,-0.118893056144009,ACGCGCTTGGAGGCTGAGGCAGGAGAATCACTTGAACCCAGGAGGTGGAGGTTGCAGTGAGCCAAGATCATGCCACTGCACTCCAGCCTGGACGACAGAACAAGACTGTAAAAAAAATAAAGAAAGGAAGGAAGGAAGGAAGAGAGGTAGGAAATGCAAGCCAGCTATCTCTGTGTGCAATCACAACCATTGCTATAATT,18c5bf7c53327e7064bdac0d78e73ef3aea3f2e1a88109673af8ad99be89b991,-0.0950871952219912,0.2708036111756288,0.165830663087037,-134.80697204568423,-137.58838724973612,-140.10073788790032,-142.08961642486975,0.7925366670824587,-1.0,-0.2708036111756288,0.0,1,0.1831715180761176,0.18216460459877223,0.1501433469024087,0.1338314516010286,1.0
chr22:46687220:G:A;chr22:46687268:G:A;var1;middle;OL41|K562|3600566ad03fd2c7,chr22:46687220:G:A;chr22:46687268:G:A;var1;middle;OL41,K562,K562_region_01548,100,148,48,CCCTGGGGAGCTCAGGCTGTGGTGTGGGTGGGAGTTGGTGCCTCTGGCAGCAGCGGTGGGGAAAGTGGCTGTGTGGACAGGAGGGCTGAGGATGGAGCTGGGGTGACATCTGTGGGGCAGTGCGGCAGTGCCGATGTGGCCTTCTGCGGGGCCCAGTGGGGGAGGGCAGGGGGAGAGCAGGCTGCACAGGGAGCCGACTG,00168b457470c8816bda0866eb22d68ed961da83060f0926a79d9f346d926aa6,0.0,CCCTGGGGAGCTCAGGCTGTGGTGTGGGTGGGAGTTGGTGCCTCTGGCAGCAGCGGTGGGGAAAGTGGCTGTGTGGACAGGAGGGCTGAGGATGGAGCTAGGGTGACATCTGTGGGGCAGTGCGGCAGTGCCGATGTGGCCTTCTGCGGGGCCCAGTGGGGGAGGGCAGGGGGAGAGCAGGCTGCACAGGGAGCCGACTG,a90034a486136cef9b26c0c79ffa6881d07eed365a9939989715ee9f20dd2fd2,0.101509265213699,CCCTGGGGAGCTCAGGCTGTGGTGTGGGTGGGAGTTGGTGCCTCTGGCAGCAGCGGTGGGGAAAGTGGCTGTGTGGACAGGAGGGCTGAGGATGGAGCTGGGGTGACATCTGTGGGGCAGTGCGGCAGTGCCGATGTGGCCTTCTGCAGGGCCCAGTGGGGGAGGGCAGGGGGAGAGCAGGCTGCACAGGGAGCCGACTG,fc02b80c613da2467ec38358a47c89fd0f25d06cf83255e8e5de6b9e0a8aeb16,0.0330694697824645,CCCTGGGGAGCTCAGGCTGTGGTGTGGGTGGGAGTTGGTGCCTCTGGCAGCAGCGGTGGGGAAAGTGGCTGTGTGGACAGGAGGGCTGAGGATGGAGCTAGGGTGACATCTGTGGGGCAGTGCGGCAGTGCCGATGTGGCCTTCTGCAGGGCCCAGTGGGGGAGGGCAGGGGGAGAGCAGGCTGCACAGGGAGCCGACTG,3600566ad03fd2c71eabcb4eb2780d440d9f2ef42d439e887a0a74f6f8ed5d14,0.47853387386537,-0.3439551388692065,0.344078842457442,-210.4932664316148,-216.4694411540404,-202.4030297882855,-211.1844252794981,2.8052207687870236,1.0,-0.3439551388692065,0.0,3,0.18712323047685497,0.18106719778262317,0.1474303780702046,0.3005063561041151,1.0
chr22:47135205:A:C;chr22:47135272:G:A;var1;middle;OL41|K562|4a39e4e6daccbac0,chr22:47135205:A:C;chr22:47135272:G:A;var1;middle;OL41,K562,K562_region_01549,100,167,67,CCCCTCCCCTCGGCTCCCCTACCCAGCCCTGCTGCTGCAGGCAGAGGTGAGGTGGGCTAGGTCCACGTGGCCTTGCTGCTGTGCCTGGCACCAGGTGGCAGCATATACAGGTCTTACCCTGCCAGCTCCTTGTGACTGTCTTGTCTATAGGGCGGGAACCAGCCATGAATCATTCCTCCCTGGGAGCCCAGCCCCTGTTC,804d78af2f4d2cbf8b00d9359514d4bb031fec5ef069c6642d6283e3b681ee21,0.0,CCCCTCCCCTCGGCTCCCCTACCCAGCCCTGCTGCTGCAGGCAGAGGTGAGGTGGGCTAGGTCCACGTGGCCTTGCTGCTGTGCCTGGCACCAGGTGGCCGCATATACAGGTCTTACCCTGCCAGCTCCTTGTGACTGTCTTGTCTATAGGGCGGGAACCAGCCATGAATCATTCCTCCCTGGGAGCCCAGCCCCTGTTC,d0646f94922209e83251b47934f719fe25be3546803c7a9191c6ee100045c83e,-0.313734800898062,CCCCTCCCCTCGGCTCCCCTACCCAGCCCTGCTGCTGCAGGCAGAGGTGAGGTGGGCTAGGTCCACGTGGCCTTGCTGCTGTGCCTGGCACCAGGTGGCAGCATATACAGGTCTTACCCTGCCAGCTCCTTGTGACTGTCTTGTCTATAGGGCGGGAACCAGCCATAAATCATTCCTCCCTGGGAGCCCAGCCCCTGTTC,2f81c8f028fa4488c16c8dc9cec090a85efae6a557d504fa5605a83a0c046d58,0.0260909375748396,CCCCTCCCCTCGGCTCCCCTACCCAGCCCTGCTGCTGCAGGCAGAGGTGAGGTGGGCTAGGTCCACGTGGCCTTGCTGCTGTGCCTGGCACCAGGTGGCCGCATATACAGGTCTTACCCTGCCAGCTCCTTGTGACTGTCTTGTCTATAGGGCGGGAACCAGCCATAAATCATTCCTCCCTGGGAGCCCAGCCCCTGTTC,4a39e4e6daccbac0d669e559552cbb3b66682f41fae3e94ffc81d8cdfdcf68ff,0.0682957204876674,0.3559395838108898,0.308934097231105,-230.37133572250605,-235.44192657619715,-232.0946390107274,-236.87329292297363,0.2919369414448738,-1.0,-0.3559395838108898,0.0,0,0.18615101450086535,0.18565657667894103,0.15145376406925343,0.2730750120846644,1.0
chr22:48717304:A:T;chr22:48717393:T:C;var1;middle;OL41|K562|19fb38bd561376a5,chr22:48717304:A:T;chr22:48717393:T:C;var1;middle;OL41,K562,K562_region_01550,100,189,89,GTCCTGGAAAGAATGCAAAGCAGTGATTTGTTCTTTTTCCGGACCCCACACACAACAAGCTATACATAAATGCAGAAAGTGATGCTCATAAATTCTTTAAGCTATTTACTTAGAGCCTGTGCTTATTAAACTGGTTGGCTTCCAAAAACTCCTTGTAGATTTCTCTCTCAAAAAAGTAAGTTTTATTTTTCCAACCCACT,6b8f70b9a607bd5fd36723c14c6f9121e162c67a940169f16aac9c2694be1484,0.0,GTCCTGGAAAGAATGCAAAGCAGTGATTTGTTCTTTTTCCGGACCCCACACACAACAAGCTATACATAAATGCAGAAAGTGATGCTCATAAATTCTTTATGCTATTTACTTAGAGCCTGTGCTTATTAAACTGGTTGGCTTCCAAAAACTCCTTGTAGATTTCTCTCTCAAAAAAGTAAGTTTTATTTTTCCAACCCACT,d5a78302d7252505d3f5959e3d953ad77f07309bd671298a22075fddbc4fdb8a,0.271726669068519,GTCCTGGAAAGAATGCAAAGCAGTGATTTGTTCTTTTTCCGGACCCCACACACAACAAGCTATACATAAATGCAGAAAGTGATGCTCATAAATTCTTTAAGCTATTTACTTAGAGCCTGTGCTTATTAAACTGGTTGGCTTCCAAAAACTCCTTGTAGATTTCTCTCTCAAAAAAGTAAGTTTTATTTCTCCAACCCACT,c2efa7c8483df1cf290c273863bfdf71b0cb7d0ee9bfa8c8519ed08cf0b744d2,-0.0137435256715293,GTCCTGGAAAGAATGCAAAGCAGTGATTTGTTCTTTTTCCGGACCCCACACACAACAAGCTATACATAAATGCAGAAAGTGATGCTCATAAATTCTTTATGCTATTTACTTAGAGCCTGTGCTTATTAAACTGGTTGGCTTCCAAAAACTCCTTGTAGATTTCTCTCTCAAAAAAGTAAGTTTTATTTCTCCAACCCACT,19fb38bd561376a543dcd022292fbe5fc5b7a4f5a9935cbcd90c1dd687c3bed3,0.337874901851593,0.0798917584546033,0.615939453397025,-329.05776623496786,-340.7712263513822,-338.3801825037226,-351.22945822239853,-1.135815602261573,-1.0,-0.0798917584546033,0.0,0,0.18431722569095352,0.18565657667894103,0.15145376406925343,0.10461403081162535,1.0
chr22:49262490:T:C;chr22:49262579:G:A;var1;middle;OL41|K562|c5ab300c3e6352d5,chr22:49262490:T:C;chr22:49262579:G:A;var1;middle;OL41,K562,K562_region_01551,100,189,89,ACATAAGTTCAGCCTAAATGGCATGAACCCAGGAGGCGGAGCTTGCAGTGAGCCAAGATCACGCCACTGCACTCCAGCCTGGGTGACAGAGCGAGACTCTTTCTGAAAAAAAAAAAAAAAGTCTTTCTGTACACAGTGAACTGTACCAAACTGGACGTGTAAATAGTCTGTAACCTACTCTTGTGCCAGTCATCGAGTTT,e258e49fca0a49de4aa40440cf4936330bc839d351d27199823c23bb2002e4c5,0.0,ACATAAGTTCAGCCTAAATGGCATGAACCCAGGAGGCGGAGCTTGCAGTGAGCCAAGATCACGCCACTGCACTCCAGCCTGGGTGACAGAGCGAGACTCCTTCTGAAAAAAAAAAAAAAAGTCTTTCTGTACACAGTGAACTGTACCAAACTGGACGTGTAAATAGTCTGTAACCTACTCTTGTGCCAGTCATCGAGTTT,a76f6e3e6c7d1f4615d496cf3ff21c69d6d8176b391e468c6fbe8114e98f8ccd,0.614373330291134,ACATAAGTTCAGCCTAAATGGCATGAACCCAGGAGGCGGAGCTTGCAGTGAGCCAAGATCACGCCACTGCACTCCAGCCTGGGTGACAGAGCGAGACTCTTTCTGAAAAAAAAAAAAAAAGTCTTTCTGTACACAGTGAACTGTACCAAACTGGACGTGTAAATAGTCTGTAACCTACTCTTGTGCCAATCATCGAGTTT,c0b2d937a509daa61de29854138e5ba89a5c7ce89c7849a82f157ba7c70602b0,-0.0010184741130425,ACATAAGTTCAGCCTAAATGGCATGAACCCAGGAGGCGGAGCTTGCAGTGAGCCAAGATCACGCCACTGCACTCCAGCCTGGGTGACAGAGCGAGACTCCTTCTGAAAAAAAAAAAAAAAGTCTTTCTGTACACAGTGAACTGTACCAAACTGGACGTGTAAATAGTCTGTAACCTACTCTTGTGCCAATCATCGAGTTT,c5ab300c3e6352d5a9948859afd07fbc631b9b06e730e9a80dc9a43ff63fa66a,0.368006215297065,-0.2453486408810264,0.322384887290254,-219.92868698388332,-226.31743320310488,-223.1270852149464,-230.67148167919368,-1.1556502450256971,-1.0,0.2453486408810264,0.0,3,0.17914530186306946,0.18106719778262317,0.1474303780702046,0.23088415691604183,1.0
chr22:49262491:T:G;chr22:49262579:G:A;var1;middle;OL41|K562|eb13a03b754e4a34,chr22:49262491:T:G;chr22:49262579:G:A;var1;middle;OL41,K562,K562_region_01551,100,188,88,CATAAGTTCAGCCTAAATGGCATGAACCCAGGAGGCGGAGCTTGCAGTGAGCCAAGATCACGCCACTGCACTCCAGCCTGGGTGACAGAGCGAGACTCTTTCTGAAAAAAAAAAAAAAAGTCTTTCTGTACACAGTGAACTGTACCAAACTGGACGTGTAAATAGTCTGTAACCTACTCTTGTGCCAGTCATCGAGTTTT,30cae8c69a52ee0de2ead607f5ce959acbc33f6313d8c242060005e267b19790,0.0,CATAAGTTCAGCCTAAATGGCATGAACCCAGGAGGCGGAGCTTGCAGTGAGCCAAGATCACGCCACTGCACTCCAGCCTGGGTGACAGAGCGAGACTCTGTCTGAAAAAAAAAAAAAAAGTCTTTCTGTACACAGTGAACTGTACCAAACTGGACGTGTAAATAGTCTGTAACCTACTCTTGTGCCAGTCATCGAGTTTT,820f717a3afa48af5caa24a3b55ca284997df0c20f98f9b6829113b41a6c8a26,0.671211388286741,CATAAGTTCAGCCTAAATGGCATGAACCCAGGAGGCGGAGCTTGCAGTGAGCCAAGATCACGCCACTGCACTCCAGCCTGGGTGACAGAGCGAGACTCTTTCTGAAAAAAAAAAAAAAAGTCTTTCTGTACACAGTGAACTGTACCAAACTGGACGTGTAAATAGTCTGTAACCTACTCTTGTGCCAATCATCGAGTTTT,b1a22aa64de76a46856d5cb3f2453bd67cc6648f03ec7006f07dfe0156d18986,0.418309455519133,CATAAGTTCAGCCTAAATGGCATGAACCCAGGAGGCGGAGCTTGCAGTGAGCCAAGATCACGCCACTGCACTCCAGCCTGGGTGACAGAGCGAGACTCTGTCTGAAAAAAAAAAAAAAAGTCTTTCTGTACACAGTGAACTGTACCAAACTGGACGTGTAAATAGTCTGTAACCTACTCTTGTGCCAATCATCGAGTTTT,eb13a03b754e4a34944268038022a7af9f6306a5a5d24922e065cad14e7fc83c,0.824686928065833,0.2648339157400409,0.372639208850899,-214.73839444387704,-213.1397143569775,-216.085154870525,-215.1393489327748,0.6528741491493406,1.0,0.2648339157400409,0.0,3,0.18278800531458367,0.18106719778262317,0.1474303780702046,0.2109055825111526,1.0
chr22:50356274:C:T;chr22:50356302:C:T;var1;middle;OL41|K562|c8e23ac2de174671,chr22:50356274:C:T;chr22:50356302:C:T;var1;middle;OL41,K562,K562_region_01552,100,128,28,CCCATCGCCTGCCGGGGTTTTTCCAGGGTGATGACGAGCAGGATTTTGAGGCCTGGCTCTGCTTCCTGTTACTGAGGCCAGGGAGTTAACCAGCAGGGACCTCGCCGTCTGTTGAGCGGCTCTGCCTCTGTGGTGGGCGTGCTAAGCCCTGTGTCCCCTTAGGCACCCGAGTGTACAGCCCCCCGGAGTGGATCCGCTAC,b285a8eabb9496e2560bcce451500fc98401970ccbd4481d79fec11da6812a7d,0.0,CCCATCGCCTGCCGGGGTTTTTCCAGGGTGATGACGAGCAGGATTTTGAGGCCTGGCTCTGCTTCCTGTTACTGAGGCCAGGGAGTTAACCAGCAGGGATCTCGCCGTCTGTTGAGCGGCTCTGCCTCTGTGGTGGGCGTGCTAAGCCCTGTGTCCCCTTAGGCACCCGAGTGTACAGCCCCCCGGAGTGGATCCGCTAC,f82406528c2f549ec2a2d1d73b86c4f7f7de88239b8a9663f4e67b8c87475433,-0.0465321229676914,CCCATCGCCTGCCGGGGTTTTTCCAGGGTGATGACGAGCAGGATTTTGAGGCCTGGCTCTGCTTCCTGTTACTGAGGCCAGGGAGTTAACCAGCAGGGACCTCGCCGTCTGTTGAGCGGCTCTGCCTTTGTGGTGGGCGTGCTAAGCCCTGTGTCCCCTTAGGCACCCGAGTGTACAGCCCCCCGGAGTGGATCCGCTAC,aec1b49538e1bf2515c73c7dd3cb35fec047dcbd6834f9fdec0e3c21d1c2f373,-0.241358303471743,CCCATCGCCTGCCGGGGTTTTTCCAGGGTGATGACGAGCAGGATTTTGAGGCCTGGCTCTGCTTCCTGTTACTGAGGCCAGGGAGTTAACCAGCAGGGATCTCGCCGTCTGTTGAGCGGCTCTGCCTTTGTGGTGGGCGTGCTAAGCCCTGTGTCCCCTTAGGCACCCGAGTGTACAGCCCCCCGGAGTGGATCCGCTAC,c8e23ac2de174671c7624f1bec53120df8c041a959d03c801419cd016defea44,-0.0336123212924172,0.2542781051470172,0.218000739016645,-374.93605407211,-373.7790599159198,-380.05499174655415,-380.5966771354433,-1.698679545079358,-1.0,-0.2542781051470172,0.0,4,0.17409396362346893,0.17620727786206916,0.145609630836647,0.22439938444423424,1.0
chr22:50621366:C:T;chr22:50621433:T:C;var1;middle;OL41|K562|b0e973e4c45efc2d,chr22:50621366:C:T;chr22:50621433:T:C;var1;middle;OL41,K562,K562_region_01553,100,167,67,CACCTCTCCCAGGTAACATCACCACCTTATCCCCAGACCTGTTCCTCTGGCTGTGTCCTTGCCAGCTGTGCCACGTTCCTAGAGGCAGGCGGGCAGAGGCCTGAAAGGGTGGCGCTCACCCTTGGCACTGGGTCAGGGCTGAACCGGCCCCAACCGCCTTCCCCCATAGGGCTCCCTCCCTCCCCTTGCCCCAACGCCTG,20753ab2a1732aab31905915ace436a87623e9026372ceea48210fe0830824b3,0.0,CACCTCTCCCAGGTAACATCACCACCTTATCCCCAGACCTGTTCCTCTGGCTGTGTCCTTGCCAGCTGTGCCACGTTCCTAGAGGCAGGCGGGCAGAGGTCTGAAAGGGTGGCGCTCACCCTTGGCACTGGGTCAGGGCTGAACCGGCCCCAACCGCCTTCCCCCATAGGGCTCCCTCCCTCCCCTTGCCCCAACGCCTG,48320897017ab6d648e3fa4e8f7e3dd507f2ffa4db16e8c3c26a76e0bc719326,0.0350112531100545,CACCTCTCCCAGGTAACATCACCACCTTATCCCCAGACCTGTTCCTCTGGCTGTGTCCTTGCCAGCTGTGCCACGTTCCTAGAGGCAGGCGGGCAGAGGCCTGAAAGGGTGGCGCTCACCCTTGGCACTGGGTCAGGGCTGAACCGGCCCCAACCGCCTTCCCCCACAGGGCTCCCTCCCTCCCCTTGCCCCAACGCCTG,d2a82dd450fc183b6bac015b4cc13430947c481822b4ef130a4de52119bfef7e,0.128425601221029,CACCTCTCCCAGGTAACATCACCACCTTATCCCCAGACCTGTTCCTCTGGCTGTGTCCTTGCCAGCTGTGCCACGTTCCTAGAGGCAGGCGGGCAGAGGTCTGAAAGGGTGGCGCTCACCCTTGGCACTGGGTCAGGGCTGAACCGGCCCCAACCGCCTTCCCCCACAGGGCTCCCTCCCTCCCCTTGCCCCAACGCCTG,b0e973e4c45efc2db8e46fadcef9854915a252f2527183b64a1b779b8d0e0c30,0.162336888581561,0.0010999657495225,0.490703448418749,-239.87364995479584,-241.99413016438484,-235.88954995572567,-237.94183853268623,-0.06819163262844086,1.0,0.0010999657495225,0.0,2,0.17509517583953907,0.17490732828716207,0.146091925319964,0.36060886581320006,1.0
chr22:50647966:A:G;chr22:50647969:C:T;var1;middle;OL41|K562|f285d6127048bd18,chr22:50647966:A:G;chr22:50647969:C:T;var1;middle;OL41,K562,K562_region_01554,100,103,3,TCCCTGCAGTCCACCCCAGCCATGTTCCATGTGGGTGGGCGATGGGGCTGCAGAAGGCCGGGAGGAGCCGCTGGGGCAGCCTGGTGCTCCGGCATAGACATGCGTGGGTGGTCAAGGCAGGTCACTCTGCCCCTCTGAGCCTCAGTCTTCTGCCAGTGACGCAGGGAGACGGCACTGACTGCCTCCCAGGAGCGTCGGTG,a74afa3a5a793096dac1adfb622f9c8d9d64571685c9fbc6c8ab8d9849144aff,0.0,TCCCTGCAGTCCACCCCAGCCATGTTCCATGTGGGTGGGCGATGGGGCTGCAGAAGGCCGGGAGGAGCCGCTGGGGCAGCCTGGTGCTCCGGCATAGACGTGCGTGGGTGGTCAAGGCAGGTCACTCTGCCCCTCTGAGCCTCAGTCTTCTGCCAGTGACGCAGGGAGACGGCACTGACTGCCTCCCAGGAGCGTCGGTG,9fb89e35c9b176de0ff136988ee63f33dcf89c52a8d43f0764541825938ba29e,0.10837420119631,TCCCTGCAGTCCACCCCAGCCATGTTCCATGTGGGTGGGCGATGGGGCTGCAGAAGGCCGGGAGGAGCCGCTGGGGCAGCCTGGTGCTCCGGCATAGACATGTGTGGGTGGTCAAGGCAGGTCACTCTGCCCCTCTGAGCCTCAGTCTTCTGCCAGTGACGCAGGGAGACGGCACTGACTGCCTCCCAGGAGCGTCGGTG,f12e73ee7f1f4a2b3df0ffa498b3eb4b55bc073826a6affc347c6745059def70,-0.194284342610608,TCCCTGCAGTCCACCCCAGCCATGTTCCATGTGGGTGGGCGATGGGGCTGCAGAAGGCCGGGAGGAGCCGCTGGGGCAGCCTGGTGCTCCGGCATAGACGTGTGTGGGTGGTCAAGGCAGGTCACTCTGCCCCTCTGAGCCTCAGTCTTCTGCCAGTGACGCAGGGAGACGGCACTGACTGCCTCCCAGGAGCGTCGGTG,f285d6127048bd185e4b8398c6cbeef3b3f2702cc9065a07dc77930580660b87,-0.348528903165757,0.262618761751459,0.470209740329564,-259.1973106842488,-285.6817304193973,-222.6744405925274,-239.76547602936623,-9.393384298309655,1.0,0.262618761751459,0.0,1,0.17280795597803505,0.18216460459877223,0.1501433469024087,0.004926018230845625,1.0
chr22:50658424:T:C;chr22:50658501:A:G;var1;middle;OL41|K562|95ba9a3a7fa0505d,chr22:50658424:T:C;chr22:50658501:A:G;var1;middle;OL41,K562,K562_region_01555,100,177,77,AACCTAGAGGGACAGAGCCCTCCCTGCCTGCTGTGGGACCCCCAGGCTGCATCCACCTAACCTGTGAGTTGAGAGGCCAATTTGGAGAGAGGTCCTCAGTGTCCCCGCTCCTCCCAGGGCCTGTGTGGACACAAGTGGACACGAGGGCATCAGGGCCGAGTGCCTGTGGCGGGTACAGAGCCGAGCCGGCCCTGGCTCAA,6652a2f1f5036a49e6ee3451a3571728a538e29e1d5edc3d87fe7cf984acea7d,0.0,AACCTAGAGGGACAGAGCCCTCCCTGCCTGCTGTGGGACCCCCAGGCTGCATCCACCTAACCTGTGAGTTGAGAGGCCAATTTGGAGAGAGGTCCTCAGCGTCCCCGCTCCTCCCAGGGCCTGTGTGGACACAAGTGGACACGAGGGCATCAGGGCCGAGTGCCTGTGGCGGGTACAGAGCCGAGCCGGCCCTGGCTCAA,9108cd179cd91d4e753386d292d219606e6e83f2583ecdffec56ce18b6309b90,0.0375406629504168,AACCTAGAGGGACAGAGCCCTCCCTGCCTGCTGTGGGACCCCCAGGCTGCATCCACCTAACCTGTGAGTTGAGAGGCCAATTTGGAGAGAGGTCCTCAGTGTCCCCGCTCCTCCCAGGGCCTGTGTGGACACAAGTGGACACGAGGGCATCAGGGCCGAGTGCCTGTGGCGGGTACGGAGCCGAGCCGGCCCTGGCTCAA,bee40bb9a0aead46ed78e59680325973a3e9bea413fd6b783890416a0a413b69,0.195112264598199,AACCTAGAGGGACAGAGCCCTCCCTGCCTGCTGTGGGACCCCCAGGCTGCATCCACCTAACCTGTGAGTTGAGAGGCCAATTTGGAGAGAGGTCCTCAGCGTCCCCGCTCCTCCCAGGGCCTGTGTGGACACAAGTGGACACGAGGGCATCAGGGCCGAGTGCCTGTGGCGGGTACGGAGCCGAGCCGGCCCTGGCTCAA,95ba9a3a7fa0505d6fc4aac86e96ab6ae3c412a38e1d12fed0343a8eee1a4c38,-0.0780958538603846,0.3107487814090004,0.45742365254474,-293.36371024884284,-298.8371820447501,-297.57624164177105,-303.6604093697388,0.6106959320604801,1.0,0.3107487814090004,0.0,1,0.18298650606240138,0.18216460459877223,0.1501433469024087,0.17916592063773126,1.0
chr22:50658501:A:G;chr22:50658570:A:G;var1;middle;OL41|K562|3afe68603b77d027,chr22:50658501:A:G;chr22:50658570:A:G;var1;middle;OL41,K562,K562_region_01555,100,169,69,CAATTTGGAGAGAGGTCCTCAGTGTCCCCGCTCCTCCCAGGGCCTGTGTGGACACAAGTGGACACGAGGGCATCAGGGCCGAGTGCCTGTGGCGGGTACAGAGCCGAGCCGGCCCTGGCTCAAGCAGCCCCTCCCATGTCCCCCACAGCAGCCCAGGTCCTGGCTGACAAGGAGGCCTGAGGGGAACTTCACATGCCACC,9e8e608b95e4ff7e1c4a5aa1674ec325391b3d2157c95899420d62efed47d4a0,0.0,CAATTTGGAGAGAGGTCCTCAGTGTCCCCGCTCCTCCCAGGGCCTGTGTGGACACAAGTGGACACGAGGGCATCAGGGCCGAGTGCCTGTGGCGGGTACGGAGCCGAGCCGGCCCTGGCTCAAGCAGCCCCTCCCATGTCCCCCACAGCAGCCCAGGTCCTGGCTGACAAGGAGGCCTGAGGGGAACTTCACATGCCACC,b8cf7feb79aafad0041c83246b1be1de55e472a2fcda3b45b8b3034d4f4b6648,-0.03770660170255,CAATTTGGAGAGAGGTCCTCAGTGTCCCCGCTCCTCCCAGGGCCTGTGTGGACACAAGTGGACACGAGGGCATCAGGGCCGAGTGCCTGTGGCGGGTACAGAGCCGAGCCGGCCCTGGCTCAAGCAGCCCCTCCCATGTCCCCCACAGCAGCCCAGGTCCTGGCTGACGAGGAGGCCTGAGGGGAACTTCACATGCCACC,a2ab7dbd1a1602c3575b4a2ffd408efb62faf42f4d0ef693ad805863b3723c59,-0.0003048459838137,CAATTTGGAGAGAGGTCCTCAGTGTCCCCGCTCCTCCCAGGGCCTGTGTGGACACAAGTGGACACGAGGGCATCAGGGCCGAGTGCCTGTGGCGGGTACGGAGCCGAGCCGGCCCTGGCTCAAGCAGCCCCTCCCATGTCCCCCACAGCAGCCCAGGTCCTGGCTGACGAGGAGGCCTGAGGGGAACTTCACATGCCACC,3afe68603b77d027ea6b8ff722603e35c60cbe46be84dc8000d425354f9b1dbf,0.418560589518365,0.4565720372047287,0.456522435240809,-224.6956549081952,-251.2382681630552,-224.8991391658783,-246.54293252713973,4.8988198935985565,-1.0,-0.4565720372047287,0.0,1,0.18734941434636182,0.18216460459877223,0.1501433469024087,0.24045274342143577,1.0
chr22:50837868:C:G;chr22:50837915:C:T;var1;middle;OL41|K562|c003b638168ec226,chr22:50837868:C:G;chr22:50837915:C:T;var1;middle;OL41,K562,K562_region_01556,100,147,47,GTTGTAGCATGAAAGCAGCTACAGAAAATAGTAAACAAATGGATGGGGCTACATTCCAAGAAGGCTTCATTTATACAGAGCAGCACCTGTGCTTCGCGACTCTGCTATCCTTGCCTAGTGGCACTGCCAGGTTAAACACCGCCTCCCGCAACCTGTTAGCCTTGGAGGTCAGGGTTCTCCTGCAGACCTGGCAGAACACC,59723d5413a53e9cee68c12340b35f10203520bf60f3b93a12981c4af7152aa9,0.0,GTTGTAGCATGAAAGCAGCTACAGAAAATAGTAAACAAATGGATGGGGCTACATTCCAAGAAGGCTTCATTTATACAGAGCAGCACCTGTGCTTCGCGAGTCTGCTATCCTTGCCTAGTGGCACTGCCAGGTTAAACACCGCCTCCCGCAACCTGTTAGCCTTGGAGGTCAGGGTTCTCCTGCAGACCTGGCAGAACACC,3066e90eb8e6728c380ff15a57748fd85862317db27e3d74911458f8438c64a4,0.261195188861097,GTTGTAGCATGAAAGCAGCTACAGAAAATAGTAAACAAATGGATGGGGCTACATTCCAAGAAGGCTTCATTTATACAGAGCAGCACCTGTGCTTCGCGACTCTGCTATCCTTGCCTAGTGGCACTGCCAGGTTAAACACCGCCTCCTGCAACCTGTTAGCCTTGGAGGTCAGGGTTCTCCTGCAGACCTGGCAGAACACC,cd38778f68d60057710a4428a9259ae99b44935ba278076dd4229568b19a3bb0,0.0378874769747308,GTTGTAGCATGAAAGCAGCTACAGAAAATAGTAAACAAATGGATGGGGCTACATTCCAAGAAGGCTTCATTTATACAGAGCAGCACCTGTGCTTCGCGAGTCTGCTATCCTTGCCTAGTGGCACTGCCAGGTTAAACACCGCCTCCTGCAACCTGTTAGCCTTGGAGGTCAGGGTTCTCCTGCAGACCTGGCAGAACACC,c003b638168ec2265f3b1c57a80b363111a40044249f2861cfa61cf54e929987,0.276215814161621,0.0228668516742067,0.286064964179501,-345.5177937967237,-347.05293263553176,-339.6767931460636,-340.6699178763665,-0.5420141085051,1.0,0.0228668516742067,0.0,4,0.17552754785692185,0.17620727786206916,0.145609630836647,0.17488365819777613,1.0
chr22:50860573:T:C;chr22:50860583:T:C;var1;middle;OL41|K562|8545b7543e26cd1f,chr22:50860573:T:C;chr22:50860583:T:C;var1;middle;OL41,K562,K562_region_01557,100,110,10,ATCTGCCTGAAGGTCTTTAGTACCTTTCTCTTCTGCCTGTACCAGTCACCAGATCACGTGTGGAGACGCTGGGTAGCTGCACTGCTCTAGGGTTTCTTTTTGGGAAAGTTAAAAGGGCTCTTTCTGGAAGAAGCGGGTGCACTGAGTTGCTGGTGAGGTTGGACAGGGTCCTGGTGTCCCCGGTCTCCATCTGCTTTCCT,a970e68fded14530f3a2dbcc30ac4d9d7e397ed2baef0a3b7ee34cdf93833985,0.0,ATCTGCCTGAAGGTCTTTAGTACCTTTCTCTTCTGCCTGTACCAGTCACCAGATCACGTGTGGAGACGCTGGGTAGCTGCACTGCTCTAGGGTTTCTTTCTGGGAAAGTTAAAAGGGCTCTTTCTGGAAGAAGCGGGTGCACTGAGTTGCTGGTGAGGTTGGACAGGGTCCTGGTGTCCCCGGTCTCCATCTGCTTTCCT,a2b6ec1acca6171d3d55d002751835870a5f1e35eb2aa81fe70cb99b0c26cc2a,-0.004809243758021,ATCTGCCTGAAGGTCTTTAGTACCTTTCTCTTCTGCCTGTACCAGTCACCAGATCACGTGTGGAGACGCTGGGTAGCTGCACTGCTCTAGGGTTTCTTTTTGGGAAAGTCAAAAGGGCTCTTTCTGGAAGAAGCGGGTGCACTGAGTTGCTGGTGAGGTTGGACAGGGTCCTGGTGTCCCCGGTCTCCATCTGCTTTCCT,6982d32845cc00539bcac245a7890575854630adab232d4860f3c6eb9c92b645,-0.0331694371756079,ATCTGCCTGAAGGTCTTTAGTACCTTTCTCTTCTGCCTGTACCAGTCACCAGATCACGTGTGGAGACGCTGGGTAGCTGCACTGCTCTAGGGTTTCTTTCTGGGAAAGTCAAAAGGGCTCTTTCTGGAAGAAGCGGGTGCACTGAGTTGCTGGTGAGGTTGGACAGGGTCCTGGTGTCCCCGGTCTCCATCTGCTTTCCT,8545b7543e26cd1f785111a6423f45303212b68bf313a8072abdc8b259811b8f,0.0204803139142077,0.0584589948478365,0.156366538945392,-251.3377728909254,-250.2742587029934,-252.9846707433462,-251.24057252705097,0.6805840283632278,-1.0,-0.0584589948478365,0.0,3,0.1828438181490572,0.18106719778262317,0.1474303780702046,-0.08536969133851524,1.0
chr22:50954635:G:A;chr22:50954685:G:A;var1;middle;OL41|K562|d7b4f950d167c072,chr22:50954635:G:A;chr22:50954685:G:A;var1;middle;OL41,K562,K562_region_01558,100,150,50,GGTTCCCTTTTCTTCTCTGTGTCGGGGATCTTCCTGCTGGAGTCTGTCAGCCTCTGGCGCCTTGTGGAGGGAGCCGCTGTGCTGCCCTGGTTGTTTGTAGACAGTGTGCCCTGGGGGCCTTCCACTTCCAAAACAGGTTTTTGTTATAGGAAGTAGGGGGAAACACAGAGACCTGTCTCTGCCCCGAAATACCAGGGACA,a0ec4bc0c4435761d08902119699d01be882ec2b174c68ad6c7d1ea9c75b79b6,0.0,GGTTCCCTTTTCTTCTCTGTGTCGGGGATCTTCCTGCTGGAGTCTGTCAGCCTCTGGCGCCTTGTGGAGGGAGCCGCTGTGCTGCCCTGGTTGTTTGTAAACAGTGTGCCCTGGGGGCCTTCCACTTCCAAAACAGGTTTTTGTTATAGGAAGTAGGGGGAAACACAGAGACCTGTCTCTGCCCCGAAATACCAGGGACA,f5112f76f29f61cbcd754a76cbcfff6ad185456fe1cf8397026fb94ea3c5f0c5,-0.164331524517861,GGTTCCCTTTTCTTCTCTGTGTCGGGGATCTTCCTGCTGGAGTCTGTCAGCCTCTGGCGCCTTGTGGAGGGAGCCGCTGTGCTGCCCTGGTTGTTTGTAGACAGTGTGCCCTGGGGGCCTTCCACTTCCAAAACAGGTTTTTGTTATAGAAAGTAGGGGGAAACACAGAGACCTGTCTCTGCCCCGAAATACCAGGGACA,78b6133a518036bd09be9c491926a234941d74becb012e0c5bee5d4fde2074b3,0.163526641496132,GGTTCCCTTTTCTTCTCTGTGTCGGGGATCTTCCTGCTGGAGTCTGTCAGCCTCTGGCGCCTTGTGGAGGGAGCCGCTGTGCTGCCCTGGTTGTTTGTAAACAGTGTGCCCTGGGGGCCTTCCACTTCCAAAACAGGTTTTTGTTATAGAAAGTAGGGGGAAACACAGAGACCTGTCTCTGCCCCGAAATACCAGGGACA,d7b4f950d167c07208d7df31a156a9a70eb58ba1f9c54356a9cd563dc492dc3c,0.239595031287152,0.240399914308881,0.414993216938403,-414.0843702070415,-408.91373138315976,-402.207108651055,-397.3246343587525,-0.28816453157924116,-1.0,-0.240399914308881,0.0,4,0.1758421718956823,0.17620727786206916,0.145609630836647,0.11006325133398173,1.0
chr22:51001391:C:G;chr22:51001432:G:C;var1;middle;OL41|K562|969d4146946636c4,chr22:51001391:C:G;chr22:51001432:G:C;var1;middle;OL41,K562,K562_region_01559,100,141,41,GCTTGGCCCGCGCTCCGGTCCTGCTCTGGCGCCCCCAGCGGCCGCTTGAGGAACAAGGCCGCTCCTCGAGAGGGATGCCCCGCCCTTTCCGTTAGCGAACCCTCCCCGGAAGTGACCTCTCGCCCTCATTGGGTGTCCTCGGGAAAAGGGGCGGGGCATTCCGCGCTGCTCCCACAGGTCTGCGGCGTCCGAGTCTGGGA,2bd88f85e505121363e812ae43d4ac464e9316130047f4cf1b8d05db541e4122,0.0,GCTTGGCCCGCGCTCCGGTCCTGCTCTGGCGCCCCCAGCGGCCGCTTGAGGAACAAGGCCGCTCCTCGAGAGGGATGCCCCGCCCTTTCCGTTAGCGAAGCCTCCCCGGAAGTGACCTCTCGCCCTCATTGGGTGTCCTCGGGAAAAGGGGCGGGGCATTCCGCGCTGCTCCCACAGGTCTGCGGCGTCCGAGTCTGGGA,9ca76742dc4525351e780587938d23ecd58e8aa5965991cdf18eba18830fb858,-0.126530853559324,GCTTGGCCCGCGCTCCGGTCCTGCTCTGGCGCCCCCAGCGGCCGCTTGAGGAACAAGGCCGCTCCTCGAGAGGGATGCCCCGCCCTTTCCGTTAGCGAACCCTCCCCGGAAGTGACCTCTCGCCCTCATTGGGTGTCCTCCGGAAAAGGGGCGGGGCATTCCGCGCTGCTCCCACAGGTCTGCGGCGTCCGAGTCTGGGA,6e759749ffd1b31126299c1ae6c2653173ef678e85c982ea55f92edadd898454,-0.138360319714798,GCTTGGCCCGCGCTCCGGTCCTGCTCTGGCGCCCCCAGCGGCCGCTTGAGGAACAAGGCCGCTCCTCGAGAGGGATGCCCCGCCCTTTCCGTTAGCGAAGCCTCCCCGGAAGTGACCTCTCGCCCTCATTGGGTGTCCTCCGGAAAAGGGGCGGGGCATTCCGCGCTGCTCCCACAGGTCTGCGGCGTCCGAGTCTGGGA,969d4146946636c4c399a26bc630c2273dea166d36dae7c6505babfd95a763a0,0.241542050400917,0.5064332236750391,0.337393910117176,-298.68617117905524,-311.46125319437124,-341.2970593451755,-344.3657294511795,9.70641190931201,-1.0,-0.5064332236750391,0.0,0,0.19824285697270722,0.18565657667894103,0.15145376406925343,0.2674881286204671,1.0
chr22:51017296:G:C;chr22:51017353:T:C;var1;middle;OL41|K562|bb03c3283ee63938,chr22:51017296:G:C;chr22:51017353:T:C;var1;middle;OL41,K562,K562_region_01560,100,157,57,CCCCATCACTCTCCTCCTCCCCAAGTCCTAGTATTTATTATTCTAAGCTGCAGCCAGGGGACTGGGGAGGGATGGGGGACCCCAACTGGCAGCATGAACGCTAACCACTTTCAATCCCAGAGCACTGAAGAGTCCCTTTGTGTGTACTGCTCGGTTTGGTACTTTCTGCTGCTGCTCAGCAGGGCCAGGACAGGGTGGGA,ea4667cbe8b6e4d4fb2b43343d30ed8475d3bbc2cde902280825b8ab5b46ab7d,0.0,CCCCATCACTCTCCTCCTCCCCAAGTCCTAGTATTTATTATTCTAAGCTGCAGCCAGGGGACTGGGGAGGGATGGGGGACCCCAACTGGCAGCATGAACCCTAACCACTTTCAATCCCAGAGCACTGAAGAGTCCCTTTGTGTGTACTGCTCGGTTTGGTACTTTCTGCTGCTGCTCAGCAGGGCCAGGACAGGGTGGGA,90901938bbca0e3b95251eb9e732eb0532347e73b0a51ed9dfaf32d48a18ce6e,-0.123108620737135,CCCCATCACTCTCCTCCTCCCCAAGTCCTAGTATTTATTATTCTAAGCTGCAGCCAGGGGACTGGGGAGGGATGGGGGACCCCAACTGGCAGCATGAACGCTAACCACTTTCAATCCCAGAGCACTGAAGAGTCCCTTTGTGTGTACTGCTCGGTTCGGTACTTTCTGCTGCTGCTCAGCAGGGCCAGGACAGGGTGGGA,545273d901733c2a32f1334792e8e845fb1ebb1adfb5ade5cbababcd8c787bb2,-0.131371005262679,CCCCATCACTCTCCTCCTCCCCAAGTCCTAGTATTTATTATTCTAAGCTGCAGCCAGGGGACTGGGGAGGGATGGGGGACCCCAACTGGCAGCATGAACCCTAACCACTTTCAATCCCAGAGCACTGAAGAGTCCCTTTGTGTGTACTGCTCGGTTCGGTACTTTCTGCTGCTGCTCAGCAGGGCCAGGACAGGGTGGGA,bb03c3283ee6393807f0d54e45223ad3c88b82238ba28a3f408cc4a901594ea8,0.150706573642404,0.405186199642218,0.293391081347771,-271.8907557018101,-260.67513042502105,-246.76737342774868,-243.735892534256,-8.184144383296399,-1.0,-0.405186199642218,0.0,4,0.16605580509923912,0.17620727786206916,0.145609630836647,0.28882941894232705,1.0
chr22:51017353:T:C;chr22:51017394:G:C;var1;middle;OL41|K562|79d00c018e28115a,chr22:51017353:T:C;chr22:51017394:G:C;var1;middle;OL41,K562,K562_region_01560,100,141,41,GGGACTGGGGAGGGATGGGGGACCCCAACTGGCAGCATGAACGCTAACCACTTTCAATCCCAGAGCACTGAAGAGTCCCTTTGTGTGTACTGCTCGGTTTGGTACTTTCTGCTGCTGCTCAGCAGGGCCAGGACAGGGTGGGAAGAAGAAGCTTGTTTATTGTGTTACATACACAGCACGGGGCTCTGGCCTGCCAGCCA,c23560cd9034a3c3b538fb3468619424d0d806410cfd6474af5c8b7537a405c2,0.0,GGGACTGGGGAGGGATGGGGGACCCCAACTGGCAGCATGAACGCTAACCACTTTCAATCCCAGAGCACTGAAGAGTCCCTTTGTGTGTACTGCTCGGTTCGGTACTTTCTGCTGCTGCTCAGCAGGGCCAGGACAGGGTGGGAAGAAGAAGCTTGTTTATTGTGTTACATACACAGCACGGGGCTCTGGCCTGCCAGCCA,34fb1eb2e8347dec022c03a924abbd16a0a49ad8f69f4568d5dac97dc932ab4c,0.0611066144953525,GGGACTGGGGAGGGATGGGGGACCCCAACTGGCAGCATGAACGCTAACCACTTTCAATCCCAGAGCACTGAAGAGTCCCTTTGTGTGTACTGCTCGGTTTGGTACTTTCTGCTGCTGCTCAGCAGGGCCAGGACAGGGTGCGAAGAAGAAGCTTGTTTATTGTGTTACATACACAGCACGGGGCTCTGGCCTGCCAGCCA,dfa6b67e427e121fe9b3c10bd5f7c372e57b2aba8588106d7ac62abcadf85f23,0.0259676682317576,GGGACTGGGGAGGGATGGGGGACCCCAACTGGCAGCATGAACGCTAACCACTTTCAATCCCAGAGCACTGAAGAGTCCCTTTGTGTGTACTGCTCGGTTCGGTACTTTCTGCTGCTGCTCAGCAGGGCCAGGACAGGGTGCGAAGAAGAAGCTTGTTTATTGTGTTACATACACAGCACGGGGCTCTGGCCTGCCAGCCA,79d00c018e28115a1ffd695db97208db3e81ac4c14be9f3bfe070ef739ff0542,0.037978977184144,0.049095305542966,0.204873759112794,-262.58677800092846,-266.73907689377666,-280.92732757120393,-282.8728058957495,-2.2068205683026463,1.0,0.049095305542966,0.0,4,0.17346416788804775,0.17620727786206916,0.145609630836647,0.13820532090178836,1.0
chr22:51017394:G:C;chr22:51017476:A:G;var1;middle;OL41|K562|4b3c3f024de5b89e,chr22:51017394:G:C;chr22:51017476:A:G;var1;middle;OL41,K562,K562_region_01560,100,182,82,CGCTAACCACTTTCAATCCCAGAGCACTGAAGAGTCCCTTTGTGTGTACTGCTCGGTTTGGTACTTTCTGCTGCTGCTCAGCAGGGCCAGGACAGGGTGGGAAGAAGAAGCTTGTTTATTGTGTTACATACACAGCACGGGGCTCTGGCCTGCCAGCCATGGGGACCTACTCAAACTCAGGAACAGGCCGGTCTCCTGAA,8b9e2790c265c8dd4a8a6b6bdbb8f1cc0d5c3bbfe5f9369c6394acca7664707a,0.0,CGCTAACCACTTTCAATCCCAGAGCACTGAAGAGTCCCTTTGTGTGTACTGCTCGGTTTGGTACTTTCTGCTGCTGCTCAGCAGGGCCAGGACAGGGTGCGAAGAAGAAGCTTGTTTATTGTGTTACATACACAGCACGGGGCTCTGGCCTGCCAGCCATGGGGACCTACTCAAACTCAGGAACAGGCCGGTCTCCTGAA,383f614f700c12e8097d3fa0018627569663ae658fffe3545da2d8b33ab57a3b,0.0675963061180305,CGCTAACCACTTTCAATCCCAGAGCACTGAAGAGTCCCTTTGTGTGTACTGCTCGGTTTGGTACTTTCTGCTGCTGCTCAGCAGGGCCAGGACAGGGTGGGAAGAAGAAGCTTGTTTATTGTGTTACATACACAGCACGGGGCTCTGGCCTGCCAGCCATGGGGACCTACTCAAACTCAGGGACAGGCCGGTCTCCTGAA,168a53c0663053dd6203e83cc17c6e11198afd5bd129dceff9959e387d81c540,-0.0057257240848886,CGCTAACCACTTTCAATCCCAGAGCACTGAAGAGTCCCTTTGTGTGTACTGCTCGGTTTGGTACTTTCTGCTGCTGCTCAGCAGGGCCAGGACAGGGTGCGAAGAAGAAGCTTGTTTATTGTGTTACATACACAGCACGGGGCTCTGGCCTGCCAGCCATGGGGACCTACTCAAACTCAGGGACAGGCCGGTCTCCTGAA,4b3c3f024de5b89e30ca7c95c16cf103078c85127dccc28e17e331ba4c3a0bde,0.0284640243620098,-0.0334065576711321,0.211056191219031,-330.929586048238,-345.7203054386191,-337.6461513221729,-357.25327027146704,-4.816399558912963,-1.0,0.0334065576711321,0.0,4,0.17022982615136628,0.17620727786206916,0.145609630836647,0.2851437359526683,1.0
chr22:51017713:G:A;chr22:51017794:A:G;var1;middle;OL41|K562|44c0e72e8c89effe,chr22:51017713:G:A;chr22:51017794:A:G;var1;middle;OL41,K562,K562_region_01561,100,181,81,GATGAGGAGTGGACACTGGTCAGCTGCCCCTTCTGCTGGAAGTAGAACTGGAACCGAGACTGGGCATAGTCCTAGGGAAGGAAACCCACCCCACACAGTGGTGAGAAGACGTGGGACCAGCATTCTACATCCACCTCAGGCTGCCCACAGCCACCCGGGACTCCCCAGGCCTCCTGGAAGAGTGTGGCTGCTGCTGCTCC,6b16c76c866480f7f61f5f071a38d4eadc589b3065bc958b5f20a87cef3034da,0.0,GATGAGGAGTGGACACTGGTCAGCTGCCCCTTCTGCTGGAAGTAGAACTGGAACCGAGACTGGGCATAGTCCTAGGGAAGGAAACCCACCCCACACAGTAGTGAGAAGACGTGGGACCAGCATTCTACATCCACCTCAGGCTGCCCACAGCCACCCGGGACTCCCCAGGCCTCCTGGAAGAGTGTGGCTGCTGCTGCTCC,7421576d4d64ab7eb8b73e768bd16c90aea19a7728f57164da95baf3ad2122a3,0.174033545482077,GATGAGGAGTGGACACTGGTCAGCTGCCCCTTCTGCTGGAAGTAGAACTGGAACCGAGACTGGGCATAGTCCTAGGGAAGGAAACCCACCCCACACAGTGGTGAGAAGACGTGGGACCAGCATTCTACATCCACCTCAGGCTGCCCACAGCCACCCGGGACTCCCCAGGCCTCCTGGAAGGGTGTGGCTGCTGCTGCTCC,1a6c69c112456b973b51290e3515cd64d530aa892b244785150262da7c6f2084,1.24023248628347,GATGAGGAGTGGACACTGGTCAGCTGCCCCTTCTGCTGGAAGTAGAACTGGAACCGAGACTGGGCATAGTCCTAGGGAAGGAAACCCACCCCACACAGTAGTGAGAAGACGTGGGACCAGCATTCTACATCCACCTCAGGCTGCCCACAGCCACCCGGGACTCCCCAGGCCTCCTGGAAGGGTGTGGCTGCTGCTGCTCC,44c0e72e8c89effe79e0663c9b313bba861c8915ba320572eec6b3c91dea2c50,1.22081998814815,0.1934460436173968,0.20473741547074,-293.0464068790898,-285.5594541085884,-296.75993913784623,-293.0142751969397,3.7412888295948505,1.0,0.1934460436173968,0.0,4,0.18083632199765284,0.17620727786206916,0.145609630836647,0.29634451303252035,1.0
chr2:101179122:T:G;chr2:101179174:A:G;var1;middle;OL41|K562|2fb6348aae69581a,chr2:101179122:T:G;chr2:101179174:A:G;var1;middle;OL41,K562,K562_region_01282,100,152,52,CAGGCTGATCTCGAACTCCTGACCTCAAGTGATCCGCCCGCCTCGGCCTGGGATCACAGGCGTGTGCCACCGCGCCCGGCCTAGAGGCAATTTTCTATTTCTGACTTGTTAGGCTAGTCAGAGCGAGACGTCTTTACAGGTTTGGGCCGGCAGCTGGAAAAGGCACACGGCCCCGGGCTCCTCCTCCACCCAGCCCCACC,93420aa59545e0a6adde8fc5fa2ef64ebf6f5c20ee994cb8b08523fdbbcfebca,0.0,CAGGCTGATCTCGAACTCCTGACCTCAAGTGATCCGCCCGCCTCGGCCTGGGATCACAGGCGTGTGCCACCGCGCCCGGCCTAGAGGCAATTTTCTATTGCTGACTTGTTAGGCTAGTCAGAGCGAGACGTCTTTACAGGTTTGGGCCGGCAGCTGGAAAAGGCACACGGCCCCGGGCTCCTCCTCCACCCAGCCCCACC,0735c2a92e6ecb992e5abfef246d0962447f5376200c4684f3949f73788b3f2d,-0.30738604626961,CAGGCTGATCTCGAACTCCTGACCTCAAGTGATCCGCCCGCCTCGGCCTGGGATCACAGGCGTGTGCCACCGCGCCCGGCCTAGAGGCAATTTTCTATTTCTGACTTGTTAGGCTAGTCAGAGCGAGACGTCTTTACAGGTTTGGGCCGGCGGCTGGAAAAGGCACACGGCCCCGGGCTCCTCCTCCACCCAGCCCCACC,bf32bcaeb3f4aac6eb1fe79ab69f19f7cc81fdc6c9a20ffbe91afb41b15b103d,-0.0528649237058358,CAGGCTGATCTCGAACTCCTGACCTCAAGTGATCCGCCCGCCTCGGCCTGGGATCACAGGCGTGTGCCACCGCGCCCGGCCTAGAGGCAATTTTCTATTGCTGACTTGTTAGGCTAGTCAGAGCGAGACGTCTTTACAGGTTTGGGCCGGCGGCTGGAAAAGGCACACGGCCCCGGGCTCCTCCTCCACCCAGCCCCACC,2fb6348aae69581a5cd0d2c185d7b98f72cee6d7abdc90c7bbca6c9dfc640c67,-0.155678592888307,0.2045723770871388,0.177128522002272,-180.18315894249827,-181.94415927678347,-180.7062391936779,-181.68012416828424,0.7871153596788645,-1.0,-0.2045723770871388,0.0,3,0.18305839200248586,0.18106719778262317,0.1474303780702046,0.09370423616100558,1.0
chr2:102574816:C:T;chr2:102574838:G:T;var1;middle;OL41|K562|2588f496d5c3859d,chr2:102574816:C:T;chr2:102574838:G:T;var1;middle;OL41,K562,K562_region_01283,100,122,22,CACCGTCCATTCATGTTTAAGAATGAGGCATGAGATGGCAAGTTAGAAGCTCAGGGCTTGTTGACTGGGCTTTTCCATTGAGAGATCTCTAAAACTGGACGCAATTTTTTCCCTGTGGATTGCAGACATGCCAAATTTTTCCCACATCCTGAATTCTTTTGGTAAAGGTGACATAGACCTAGCTAAGGGAATTCTGGAAA,b5ad0068ebec4caed7bc01bb4b8013dbc7cfa5d80196676803e667c768f76ad5,0.0,CACCGTCCATTCATGTTTAAGAATGAGGCATGAGATGGCAAGTTAGAAGCTCAGGGCTTGTTGACTGGGCTTTTCCATTGAGAGATCTCTAAAACTGGATGCAATTTTTTCCCTGTGGATTGCAGACATGCCAAATTTTTCCCACATCCTGAATTCTTTTGGTAAAGGTGACATAGACCTAGCTAAGGGAATTCTGGAAA,a8e83fbb716a22b29efbd575b8cb87071ae52101954ad658b0482ec5a9241057,-0.157967816085073,CACCGTCCATTCATGTTTAAGAATGAGGCATGAGATGGCAAGTTAGAAGCTCAGGGCTTGTTGACTGGGCTTTTCCATTGAGAGATCTCTAAAACTGGACGCAATTTTTTCCCTGTGGATTTCAGACATGCCAAATTTTTCCCACATCCTGAATTCTTTTGGTAAAGGTGACATAGACCTAGCTAAGGGAATTCTGGAAA,b8042c0e1d14a44fb4e4add906a607abe2553fa47bf9420a582b8c6ff22bb1fa,-0.490939687397975,CACCGTCCATTCATGTTTAAGAATGAGGCATGAGATGGCAAGTTAGAAGCTCAGGGCTTGTTGACTGGGCTTTTCCATTGAGAGATCTCTAAAACTGGATGCAATTTTTTCCCTGTGGATTTCAGACATGCCAAATTTTTCCCACATCCTGAATTCTTTTGGTAAAGGTGACATAGACCTAGCTAAGGGAATTCTGGAAA,2588f496d5c3859d68cd31d2083038d97319c94cde93db043dd0d80343d8cd89,-0.203298365113003,0.445609138370045,0.304288072769337,-372.1499507545959,-365.9039834914729,-380.1039629979059,-373.2523201678414,0.6056755669414997,-1.0,-0.445609138370045,0.0,4,0.17695000743044378,0.17620727786206916,0.145609630836647,0.16853143332499165,1.0
chr2:10424693:T:C;chr2:10424767:A:G;var1;middle;OL41|K562|ae9ef023818c2173,chr2:10424693:T:C;chr2:10424767:A:G;var1;middle;OL41,K562,K562_region_01212,100,174,74,TAAGATGCCATCCGAGCCTCCGTTCAGAAAGACCCTGGACTCCCACCCCTCTGGAACTGAGACCTGAGGAAGGGCACCCAATCCAGACCCTCCCTTTCCTGGTGCTCCAGCCCCTCTGCCATCCTGGTGCGGGGAGCTGAGGTCTGTGCATGGGTTTGCTTTGTCAGAGCCTGAGGCAGATGCCAGGGTGAGCACAAAGC,35f2df6150dc521cce085ab87e898361ccaabec20371977ee7c3b987453883ca,0.0,TAAGATGCCATCCGAGCCTCCGTTCAGAAAGACCCTGGACTCCCACCCCTCTGGAACTGAGACCTGAGGAAGGGCACCCAATCCAGACCCTCCCTTTCCCGGTGCTCCAGCCCCTCTGCCATCCTGGTGCGGGGAGCTGAGGTCTGTGCATGGGTTTGCTTTGTCAGAGCCTGAGGCAGATGCCAGGGTGAGCACAAAGC,7e98d1e6625cc50b5469015fb4c183bc8dc8e6c1561c64faa694bd5f071dde38,-0.37521086997937,TAAGATGCCATCCGAGCCTCCGTTCAGAAAGACCCTGGACTCCCACCCCTCTGGAACTGAGACCTGAGGAAGGGCACCCAATCCAGACCCTCCCTTTCCTGGTGCTCCAGCCCCTCTGCCATCCTGGTGCGGGGAGCTGAGGTCTGTGCATGGGTTTGCTTTGTCAGAGCCTGGGGCAGATGCCAGGGTGAGCACAAAGC,a1223126c02e25944e46bce53e78153a6b5f92995cb3448db867742caa94733a,0.120497524758303,TAAGATGCCATCCGAGCCTCCGTTCAGAAAGACCCTGGACTCCCACCCCTCTGGAACTGAGACCTGAGGAAGGGCACCCAATCCAGACCCTCCCTTTCCCGGTGCTCCAGCCCCTCTGCCATCCTGGTGCGGGGAGCTGAGGTCTGTGCATGGGTTTGCTTTGTCAGAGCCTGGGGCAGATGCCAGGGTGAGCACAAAGC,ae9ef023818c2173a3e87b0297922bd4715809aa311a1ea2a082038d10ec02c1,0.0589398487249333,0.3136531939460003,0.482115263152391,-261.5400653947145,-267.59255075082183,-268.72681842464954,-273.0665308237076,1.7127729570493102,-1.0,-0.3136531939460003,0.0,1,0.18410780316691921,0.18216460459877223,0.1501433469024087,0.2618258863686104,1.0
chr2:10862139:G:T;chr2:10862188:G:A;var1;middle;OL41|K562|c0a0c3c62886eb0b,chr2:10862139:G:T;chr2:10862188:G:A;var1;middle;OL41,K562,K562_region_01213,100,149,49,CCAGGCCATGGGCAGTCAAGGCGGAAAGGAGCTGCGTTGGGTCTGCGCGGGGTTAGGAGAGAACAAAATGCCCTCGGATTGGAGCGGGACCGGGAGTCCGAAAGGAAGAGGTTCCACCAGGGGTCTCTGGCTCCTCAGAGCTTATCCTGCTTTCCCCCAGCCGTCCGGAGACGCCGCGGGGAGGCAAGCGGAAAGGGGGA,fb5d1903af796d0b47e58990b4a9b895e2c8f640cf094233a1e9f9cb65aa9da1,0.0,CCAGGCCATGGGCAGTCAAGGCGGAAAGGAGCTGCGTTGGGTCTGCGCGGGGTTAGGAGAGAACAAAATGCCCTCGGATTGGAGCGGGACCGGGAGTCCTAAAGGAAGAGGTTCCACCAGGGGTCTCTGGCTCCTCAGAGCTTATCCTGCTTTCCCCCAGCCGTCCGGAGACGCCGCGGGGAGGCAAGCGGAAAGGGGGA,c776e92d85da6a0c1ab06d8e2abc22e1b7b364ca32f55550b2048a08cf2b3020,-0.242477329109989,CCAGGCCATGGGCAGTCAAGGCGGAAAGGAGCTGCGTTGGGTCTGCGCGGGGTTAGGAGAGAACAAAATGCCCTCGGATTGGAGCGGGACCGGGAGTCCGAAAGGAAGAGGTTCCACCAGGGGTCTCTGGCTCCTCAGAGCTTATCCTACTTTCCCCCAGCCGTCCGGAGACGCCGCGGGGAGGCAAGCGGAAAGGGGGA,e148805078775897a20bc7d9c3b1a1302971732db0aca44dba698cd0e93098ff,-0.283710811469947,CCAGGCCATGGGCAGTCAAGGCGGAAAGGAGCTGCGTTGGGTCTGCGCGGGGTTAGGAGAGAACAAAATGCCCTCGGATTGGAGCGGGACCGGGAGTCCTAAAGGAAGAGGTTCCACCAGGGGTCTCTGGCTCCTCAGAGCTTATCCTACTTTCCCCCAGCCGTCCGGAGACGCCGCGGGGAGGCAAGCGGAAAGGGGGA,c0a0c3c62886eb0b2e54affa43bb5cbd9d4b2a86a42a4c8d33ba941f03f3dd0b,-0.20812022057911,0.318067920000826,0.315131668898555,-346.7533809952438,-360.8108096662909,-350.3272772077471,-360.8870736090466,3.497632269747612,-1.0,-0.318067920000826,0.0,1,0.18592379019316232,0.18216460459877223,0.1501433469024087,0.10158613376697374,1.0
chr2:10862188:G:A;chr2:10862276:T:C;var1;middle;OL41|K562|bfe71a56e13fb798,chr2:10862188:G:A;chr2:10862276:T:C;var1;middle;OL41,K562,K562_region_01213,100,188,88,GGGTTAGGAGAGAACAAAATGCCCTCGGATTGGAGCGGGACCGGGAGTCCGAAAGGAAGAGGTTCCACCAGGGGTCTCTGGCTCCTCAGAGCTTATCCTGCTTTCCCCCAGCCGTCCGGAGACGCCGCGGGGAGGCAAGCGGAAAGGGGGAACCTGGCCGAGGGGGAAAGGTGCGGGTGTGGACACCTGTGAAGGAGCAG,1c3fcad24a19ac207e8d0a7c035704c93a1f2cd620865659420ec7b777ab2a5e,0.0,GGGTTAGGAGAGAACAAAATGCCCTCGGATTGGAGCGGGACCGGGAGTCCGAAAGGAAGAGGTTCCACCAGGGGTCTCTGGCTCCTCAGAGCTTATCCTACTTTCCCCCAGCCGTCCGGAGACGCCGCGGGGAGGCAAGCGGAAAGGGGGAACCTGGCCGAGGGGGAAAGGTGCGGGTGTGGACACCTGTGAAGGAGCAG,f67a66350023a2eb404a6fdd76e9e3cc9bffe4be695f15f09513ba76a86b56de,0.355751160975969,GGGTTAGGAGAGAACAAAATGCCCTCGGATTGGAGCGGGACCGGGAGTCCGAAAGGAAGAGGTTCCACCAGGGGTCTCTGGCTCCTCAGAGCTTATCCTGCTTTCCCCCAGCCGTCCGGAGACGCCGCGGGGAGGCAAGCGGAAAGGGGGAACCTGGCCGAGGGGGAAAGGTGCGGGTGTGGACACCCGTGAAGGAGCAG,1b756ffe2ca8f18b74543bcd04d31c7b2fab19a45ba465362a5b08692792fa61,0.617019942518709,GGGTTAGGAGAGAACAAAATGCCCTCGGATTGGAGCGGGACCGGGAGTCCGAAAGGAAGAGGTTCCACCAGGGGTCTCTGGCTCCTCAGAGCTTATCCTACTTTCCCCCAGCCGTCCGGAGACGCCGCGGGGAGGCAAGCGGAAAGGGGGAACCTGGCCGAGGGGGAAAGGTGCGGGTGTGGACACCCGTGAAGGAGCAG,bfe71a56e13fb798cc1ba37104daec8665a22be592b585b9b9e6eedf3fcbceba,0.897767402145013,0.0750037013496649,0.50428876642993,-340.32530395686626,-299.34742096066475,-335.51935067866,-286.3058489635587,-8.235618718899786,1.0,0.0750037013496649,0.0,1,0.17398591283809742,0.18216460459877223,0.1501433469024087,0.10778296587056212,1.0
chr2:108905030:C:T;chr2:108905048:T:C;var1;middle;OL41|K562|74a746d5357a363f,chr2:108905030:C:T;chr2:108905048:T:C;var1;middle;OL41,K562,K562_region_01284,100,118,18,TTGGAGACAGGCAGTATTACCCACACTTCATAGATGCAGAAATTAAATCTCAGGCTAAGGAGGAAGGAAAAGGGAGTTCACCAAATAAGCAGGAGCCTACCTGAAGCCTGATGCATCTGGTCCTAGAGCCAACCTTCCATTTCCCCCCAGCCCCCACCTGTTTAAGCTTCGAGGCCAGTGGGAGGAGGGAGGGGCCAGGC,6cc261767bd66978350402d3621fbc761d225157066af9c31fddb2c59f65fc0b,0.0,TTGGAGACAGGCAGTATTACCCACACTTCATAGATGCAGAAATTAAATCTCAGGCTAAGGAGGAAGGAAAAGGGAGTTCACCAAATAAGCAGGAGCCTATCTGAAGCCTGATGCATCTGGTCCTAGAGCCAACCTTCCATTTCCCCCCAGCCCCCACCTGTTTAAGCTTCGAGGCCAGTGGGAGGAGGGAGGGGCCAGGC,5ca4c45692d11622f947522a21d99fe219742dcee0cf7524e1bebd31120c05da,0.0870027037890352,TTGGAGACAGGCAGTATTACCCACACTTCATAGATGCAGAAATTAAATCTCAGGCTAAGGAGGAAGGAAAAGGGAGTTCACCAAATAAGCAGGAGCCTACCTGAAGCCTGATGCATCCGGTCCTAGAGCCAACCTTCCATTTCCCCCCAGCCCCCACCTGTTTAAGCTTCGAGGCCAGTGGGAGGAGGGAGGGGCCAGGC,ac53f4e7e96aa08281da9466975cb438c611e42246c9eda6316f865be90f0574,0.0554224619858799,TTGGAGACAGGCAGTATTACCCACACTTCATAGATGCAGAAATTAAATCTCAGGCTAAGGAGGAAGGAAAAGGGAGTTCACCAAATAAGCAGGAGCCTATCTGAAGCCTGATGCATCCGGTCCTAGAGCCAACCTTCCATTTCCCCCCAGCCCCCACCTGTTTAAGCTTCGAGGCCAGTGGGAGGAGGGAGGGGCCAGGC,74a746d5357a363f8a4b3ceab2e981c39564875c83e778781a48fbe33009d4e5,0.734478395701982,-0.5920532299270669,0.302380581649913,-221.00877774506807,-220.9473009184003,-226.8622912839055,-227.056568428874,0.2557539716362669,1.0,-0.5920532299270669,0.0,0,0.1861045415140464,0.18565657667894103,0.15145376406925343,0.3558905296568533,1.0
chr2:10974238:G:C;chr2:10974303:T:C;var1;middle;OL41|K562|599af52ae1dd79b1,chr2:10974238:G:C;chr2:10974303:T:C;var1;middle;OL41,K562,K562_region_01214,100,165,65,CTCTCCCTTCCCCCATCCCCAGACTTCTGAAGAAGATTTAAACTGGGCATTAGGTGTTTTCTAAATACTGTTGCAAAGTCCCAACAGCTTCTACAGTGAGAGCAACGCAGATCTGGGGAAAGATCCCAGTGAATTTGTATCTTTCTTTGGGGTCTCAGCAGCAATTGCATGATTTCAAAAGGAGGCAGTGCCTCACTCTC,adc7ab6865e4132aad5c521ad478870942a8e08e0c8799325bf8e4a38d965920,0.0,CTCTCCCTTCCCCCATCCCCAGACTTCTGAAGAAGATTTAAACTGGGCATTAGGTGTTTTCTAAATACTGTTGCAAAGTCCCAACAGCTTCTACAGTGACAGCAACGCAGATCTGGGGAAAGATCCCAGTGAATTTGTATCTTTCTTTGGGGTCTCAGCAGCAATTGCATGATTTCAAAAGGAGGCAGTGCCTCACTCTC,24852239ffae619af9d292cef6962586432d943e6a2d864aeacf9b10d39b434b,-0.191402252525559,CTCTCCCTTCCCCCATCCCCAGACTTCTGAAGAAGATTTAAACTGGGCATTAGGTGTTTTCTAAATACTGTTGCAAAGTCCCAACAGCTTCTACAGTGAGAGCAACGCAGATCTGGGGAAAGATCCCAGTGAATTTGTATCTTTCTTTGGGGTCTCAGCAGCAACTGCATGATTTCAAAAGGAGGCAGTGCCTCACTCTC,7023cf281e9e7af687f6b189d4a66f805e99f2dc3400dfe96a628b663e9300a8,0.0094229716894247,CTCTCCCTTCCCCCATCCCCAGACTTCTGAAGAAGATTTAAACTGGGCATTAGGTGTTTTCTAAATACTGTTGCAAAGTCCCAACAGCTTCTACAGTGACAGCAACGCAGATCTGGGGAAAGATCCCAGTGAATTTGTATCTTTCTTTGGGGTCTCAGCAGCAACTGCATGATTTCAAAAGGAGGCAGTGCCTCACTCTC,599af52ae1dd79b120c0ba3ef004edc5ed79c3c74ec636b0d42394c05607d176,-0.0885048414087639,0.0934744394273704,0.217485912953598,-246.6901837289333,-244.4578392058611,-243.90567691624165,-242.76872435212127,-1.0953919589518364,-1.0,-0.0934744394273704,0.0,3,0.1792666732238156,0.18106719778262317,0.1474303780702046,0.1397941240624823,1.0
chr2:111609690:G:A;chr2:111609758:G:A;var1;middle;OL27|K562|da6b55a544e1b849,chr2:111609690:G:A;chr2:111609758:G:A;var1;middle;OL27,K562,K562_region_01285,100,168,68,CTGGATTACTGAGAGGAGCTGCCCTTCTGCCAGGGCCAGGGGAGGCCAGCTCTGTCAGTGGGAGACCCCTATGGACGACTGTCCAGGCTGGTGTTTGTGGCAGGTCTGCTGGGTGTGGGGAGGCACAGGGTTAACTACTGCAGGGCTAGAGCCCATTGCTGACTTCTGTATATTCCCTTGACTGGCACCGTGTCGCCCTG,6814c035b41399d38ea06c95c00e84fae1f27da7c0c67fad1990a064e93b11d6,0.0,CTGGATTACTGAGAGGAGCTGCCCTTCTGCCAGGGCCAGGGGAGGCCAGCTCTGTCAGTGGGAGACCCCTATGGACGACTGTCCAGGCTGGTGTTTGTGACAGGTCTGCTGGGTGTGGGGAGGCACAGGGTTAACTACTGCAGGGCTAGAGCCCATTGCTGACTTCTGTATATTCCCTTGACTGGCACCGTGTCGCCCTG,1cf5e8a76076d74b1c2466e77055cea010204e1a2e4b9079372cfcd0023dfad3,0.159912787974732,CTGGATTACTGAGAGGAGCTGCCCTTCTGCCAGGGCCAGGGGAGGCCAGCTCTGTCAGTGGGAGACCCCTATGGACGACTGTCCAGGCTGGTGTTTGTGGCAGGTCTGCTGGGTGTGGGGAGGCACAGGGTTAACTACTGCAGGGCTAGAGCCCATTGCTGACTTCTATATATTCCCTTGACTGGCACCGTGTCGCCCTG,15f175841c88379734948d59ad5a7260fc1242664f1463eb0fceb03b7a3889b9,0.142554882471697,CTGGATTACTGAGAGGAGCTGCCCTTCTGCCAGGGCCAGGGGAGGCCAGCTCTGTCAGTGGGAGACCCCTATGGACGACTGTCCAGGCTGGTGTTTGTGACAGGTCTGCTGGGTGTGGGGAGGCACAGGGTTAACTACTGCAGGGCTAGAGCCCATTGCTGACTTCTATATATTCCCTTGACTGGCACCGTGTCGCCCTG,da6b55a544e1b849420b8918c9769db638347368df03a7b32adbe1073bee36fe,0.126866363078928,0.1756013073675009,0.0878300554131221,-325.65869296109304,-321.5456227613613,-312.70999918319285,-292.49091913132,-16.106009852141085,1.0,0.1756013073675009,0.0,1,0.16597826311033376,0.18216460459877223,0.1501433469024087,0.31798620000334255,1.0
chr2:111935461:C:T;chr2:111935478:C:T;var1;middle;OL27|K562|9319dd12b7bbcd52,chr2:111935461:C:T;chr2:111935478:C:T;var1;middle;OL27,K562,K562_region_01286,100,117,17,TGGCCTGTTTGCCACTTTCAAAAGAGTAGTGAGAACATGGAGCCTATTCAAATGACAGAACTTTTTTAAACAGCAGGTCCAGCCAGCCCTTTGGCAAAACGGCTCTCCCTTTTAGACGCCCCTTTTTGCCTCCTGGTAGCCCCCTCCTCCTTCCTCATCTCACCTGTTTGGGCCCTGGGGCCACTATTTCTCCTCTCCTT,94a9afea8f33d6777810c5b39e16f04068f1abfa16378aff0749441afba6387d,0.0,TGGCCTGTTTGCCACTTTCAAAAGAGTAGTGAGAACATGGAGCCTATTCAAATGACAGAACTTTTTTAAACAGCAGGTCCAGCCAGCCCTTTGGCAAAATGGCTCTCCCTTTTAGACGCCCCTTTTTGCCTCCTGGTAGCCCCCTCCTCCTTCCTCATCTCACCTGTTTGGGCCCTGGGGCCACTATTTCTCCTCTCCTT,a1a1c01ccc95772649bb0ad4d2a048ce5f86e296b897aae9c18aaea555df243d,0.285486568904753,TGGCCTGTTTGCCACTTTCAAAAGAGTAGTGAGAACATGGAGCCTATTCAAATGACAGAACTTTTTTAAACAGCAGGTCCAGCCAGCCCTTTGGCAAAACGGCTCTCCCTTTTAGATGCCCCTTTTTGCCTCCTGGTAGCCCCCTCCTCCTTCCTCATCTCACCTGTTTGGGCCCTGGGGCCACTATTTCTCCTCTCCTT,bb6d22f2870e881a0e043a81f1334d355fc8e627475dfc38416d6be1590ac5b9,0.214760037717824,TGGCCTGTTTGCCACTTTCAAAAGAGTAGTGAGAACATGGAGCCTATTCAAATGACAGAACTTTTTTAAACAGCAGGTCCAGCCAGCCCTTTGGCAAAATGGCTCTCCCTTTTAGATGCCCCTTTTTGCCTCCTGGTAGCCCCCTCCTCCTTCCTCATCTCACCTGTTTGGGCCCTGGGGCCACTATTTCTCCTCTCCTT,9319dd12b7bbcd52c08566d290a30ef1b6a1dfe0242f6c94d880bedcdc3e348d,-0.192805840474794,0.693052447097371,0.329941448242502,-353.28890936030075,-350.32739697024226,-350.8778891414404,-340.9898813562468,-6.926495395135078,1.0,0.693052447097371,0.0,3,0.16752174974833764,0.18106719778262317,0.1474303780702046,0.1971943927765133,1.0
chr2:113388444:C:G;chr2:113388463:A:G;var1;middle;OL41|K562|9f80423da0662070,chr2:113388444:C:G;chr2:113388463:A:G;var1;middle;OL41,K562,K562_region_01287,100,119,19,CCAACATGGTGAAACCCTGCCTCTACTAAAAGTACAAAAATTAGCCGGGTATAGTGGCAGGTGCCTGTAATCCCAGCTACTCGGGAGAGGCTGAGGCAGCAGAATTGCTTGAATCTGGAAGGCGGAGGTTGCAGTGAGCTGAGATTGTGCCACTGTGTGTGTGTGTGTGTGTGTGTGTGTGTGTGTGTGTGTGGTGTATA,e5ae5f7b18818b458e3610185de32abc0477ac9f3d4c5a236233b16018e14a2e,0.0,CCAACATGGTGAAACCCTGCCTCTACTAAAAGTACAAAAATTAGCCGGGTATAGTGGCAGGTGCCTGTAATCCCAGCTACTCGGGAGAGGCTGAGGCAGGAGAATTGCTTGAATCTGGAAGGCGGAGGTTGCAGTGAGCTGAGATTGTGCCACTGTGTGTGTGTGTGTGTGTGTGTGTGTGTGTGTGTGTGTGGTGTATA,f249a39df08f74a114c21190f9c8d9bd2268add65313658247a3e1909e1df902,0.326718241299488,CCAACATGGTGAAACCCTGCCTCTACTAAAAGTACAAAAATTAGCCGGGTATAGTGGCAGGTGCCTGTAATCCCAGCTACTCGGGAGAGGCTGAGGCAGCAGAATTGCTTGAATCTGGGAGGCGGAGGTTGCAGTGAGCTGAGATTGTGCCACTGTGTGTGTGTGTGTGTGTGTGTGTGTGTGTGTGTGTGTGGTGTATA,a3a0be696c47d00de2ca063a7fdaa966feba528974717603ca564c1bf9a1550a,-0.0731279464607767,CCAACATGGTGAAACCCTGCCTCTACTAAAAGTACAAAAATTAGCCGGGTATAGTGGCAGGTGCCTGTAATCCCAGCTACTCGGGAGAGGCTGAGGCAGGAGAATTGCTTGAATCTGGGAGGCGGAGGTTGCAGTGAGCTGAGATTGTGCCACTGTGTGTGTGTGTGTGTGTGTGTGTGTGTGTGTGTGTGTGGTGTATA,9f80423da0662070fc11897cf198e50f8d3e8484b1aa206be18364bb2958f4eb,0.519242267102898,0.2656519722641867,0.260332530202442,-63.15060780826025,-58.25877581501845,-60.08196910901461,-55.22574979544152,-0.03561267966870929,-1.0,-0.2656519722641867,0.0,0,0.18573031356600334,0.18565657667894103,0.15145376406925343,0.2381085844303518,1.0
chr2:113389476:A:G;chr2:113389511:A:G;var1;middle;OL41|K562|a34ea191eec0d330,chr2:113389476:A:G;chr2:113389511:A:G;var1;middle;OL41,K562,K562_region_01288,100,135,35,GCGGGGCTTACTGACGATGATGGACTTCAAGCTCCTAGGGCCTGCTCTTTGCAGCTTTCCTGTTCAGTACTTTATATCTTTCCTTCACTCCTTTAACATACCCATCCCTAACTCACAAAGATTCCCCAGACTCCACCTGGTACCCCAGCGATATTGTGTGCACAGCTCTACGATGGCTCTTGTCACACTGTACTGTAATG,9a08bf649e654b252e9547bb2a8ec6faa5727ea6e8326ed9d833193b432bb62c,0.0,GCGGGGCTTACTGACGATGATGGACTTCAAGCTCCTAGGGCCTGCTCTTTGCAGCTTTCCTGTTCAGTACTTTATATCTTTCCTTCACTCCTTTAACATGCCCATCCCTAACTCACAAAGATTCCCCAGACTCCACCTGGTACCCCAGCGATATTGTGTGCACAGCTCTACGATGGCTCTTGTCACACTGTACTGTAATG,5be83928daa50808896917d664b66756288c1654a6023d1387add6582bf2b193,0.0932227503875523,GCGGGGCTTACTGACGATGATGGACTTCAAGCTCCTAGGGCCTGCTCTTTGCAGCTTTCCTGTTCAGTACTTTATATCTTTCCTTCACTCCTTTAACATACCCATCCCTAACTCACAAAGATTCCCCAGACTCCGCCTGGTACCCCAGCGATATTGTGTGCACAGCTCTACGATGGCTCTTGTCACACTGTACTGTAATG,2788e19a76a73cb31550e438be8b265c70dbd9879b3f8f85e0671641edc7d309,0.256802390572464,GCGGGGCTTACTGACGATGATGGACTTCAAGCTCCTAGGGCCTGCTCTTTGCAGCTTTCCTGTTCAGTACTTTATATCTTTCCTTCACTCCTTTAACATGCCCATCCCTAACTCACAAAGATTCCCCAGACTCCGCCTGGTACCCCAGCGATATTGTGTGCACAGCTCTACGATGGCTCTTGTCACACTGTACTGTAATG,a34ea191eec0d3303dcc1a744977c5ec46d8cf8e501596be3023cc538e252e5f,0.102099569928642,0.2479255710313743,0.260095035361748,-408.9578813863918,-422.2448602565564,-420.9593951059505,-436.12476767227054,1.878393696155399,1.0,0.2479255710313743,0.0,3,0.18525642890795932,0.18106719778262317,0.1474303780702046,0.3601511715004429,1.0
chr2:113934085:A:G;chr2:113934174:C:T;var1;middle;OL41|K562|89309c7139ed1584,chr2:113934085:A:G;chr2:113934174:C:T;var1;middle;OL41,K562,K562_region_01289,100,189,89,CCATGAGAAACATACACCCCCTCCCCACCGTGGTGAAGATTCTCTGAAATGTAGTCAGCTGTGCTCAAGAAGAGTGGCTGGTTGGCAGCAGAGTGGAGCAGTGCTCTCTCTTCCCCACCTCGGCTCCCTCCCCTCTGAACCCTCCTTAAACTTTCAGAGCCACCTCAGAGCTCAGAAAAACTGAAGGGCCACTTTAATGT,482e4c372311cfe50d066cc1fa495088d65cddad76441ca11977fdf4310f7852,0.0,CCATGAGAAACATACACCCCCTCCCCACCGTGGTGAAGATTCTCTGAAATGTAGTCAGCTGTGCTCAAGAAGAGTGGCTGGTTGGCAGCAGAGTGGAGCGGTGCTCTCTCTTCCCCACCTCGGCTCCCTCCCCTCTGAACCCTCCTTAAACTTTCAGAGCCACCTCAGAGCTCAGAAAAACTGAAGGGCCACTTTAATGT,d6ff87cb091c1c7d66f8f1b0294b24e23fa8136601b6510730d8034c31296a2f,0.0615908847535451,CCATGAGAAACATACACCCCCTCCCCACCGTGGTGAAGATTCTCTGAAATGTAGTCAGCTGTGCTCAAGAAGAGTGGCTGGTTGGCAGCAGAGTGGAGCAGTGCTCTCTCTTCCCCACCTCGGCTCCCTCCCCTCTGAACCCTCCTTAAACTTTCAGAGCCACCTCAGAGCTCAGAAAAACTGAAGGGTCACTTTAATGT,232f33663ddf0333a31f088a8f29282aeca6fc9dca96b9312b28681a8d0bdae4,0.26020010382625,CCATGAGAAACATACACCCCCTCCCCACCGTGGTGAAGATTCTCTGAAATGTAGTCAGCTGTGCTCAAGAAGAGTGGCTGGTTGGCAGCAGAGTGGAGCGGTGCTCTCTCTTCCCCACCTCGGCTCCCTCCCCTCTGAACCCTCCTTAAACTTTCAGAGCCACCTCAGAGCTCAGAAAAACTGAAGGGTCACTTTAATGT,89309c7139ed15841da2a01f1d17a372e65e3ffa2ef122cf07f9055e07218576,0.446629217253694,-0.1248382286738989,0.235240797269074,-304.8754285816103,-312.2643559812568,-303.94354858482257,-306.7033268446103,-4.629149139858782,1.0,-0.1248382286738989,0.0,4,0.17046190644007844,0.17620727786206916,0.145609630836647,0.08402129451430784,1.0
chr2:113934174:C:T;chr2:113934226:C:T;var1;middle;OL41|K562|3793db31e47f12f8,chr2:113934174:C:T;chr2:113934226:C:T;var1;middle;OL41,K562,K562_region_01289,100,152,52,AGAGTGGAGCAGTGCTCTCTCTTCCCCACCTCGGCTCCCTCCCCTCTGAACCCTCCTTAAACTTTCAGAGCCACCTCAGAGCTCAGAAAAACTGAAGGGCCACTTTAATGTAGAGGTAACAGAACTCAACTGATGTGACAGGTGGCGATTCCTTTGCTGCGAATTCCTTTCCTTCTGCTTTCGTTCTGGTTGGGATAACA,28d088eeda15a3687b4bd0a13ac48fbe727b190098b75f2a3203e9c8d484901a,0.0,AGAGTGGAGCAGTGCTCTCTCTTCCCCACCTCGGCTCCCTCCCCTCTGAACCCTCCTTAAACTTTCAGAGCCACCTCAGAGCTCAGAAAAACTGAAGGGTCACTTTAATGTAGAGGTAACAGAACTCAACTGATGTGACAGGTGGCGATTCCTTTGCTGCGAATTCCTTTCCTTCTGCTTTCGTTCTGGTTGGGATAACA,05300ffd928fee7bf272b13b08ee7c3d786012f2c449f131b6d6e7186a5cd1ca,0.0735784691009131,AGAGTGGAGCAGTGCTCTCTCTTCCCCACCTCGGCTCCCTCCCCTCTGAACCCTCCTTAAACTTTCAGAGCCACCTCAGAGCTCAGAAAAACTGAAGGGCCACTTTAATGTAGAGGTAACAGAACTCAACTGATGTGACAGGTGGCGATTCTTTTGCTGCGAATTCCTTTCCTTCTGCTTTCGTTCTGGTTGGGATAACA,bf2f99522a3a21c1bc495f6d81d187fb52b31e3ecdd8646f236e1b03789a9369,0.181956859765011,AGAGTGGAGCAGTGCTCTCTCTTCCCCACCTCGGCTCCCTCCCCTCTGAACCCTCCTTAAACTTTCAGAGCCACCTCAGAGCTCAGAAAAACTGAAGGGTCACTTTAATGTAGAGGTAACAGAACTCAACTGATGTGACAGGTGGCGATTCTTTTGCTGCGAATTCCTTTCCTTCTGCTTTCGTTCTGGTTGGGATAACA,3793db31e47f12f88ca7d60631621528e7ebfbe12659577a0798eccb046307ec,0.0696836795704192,0.1858516492955049,0.269881383175663,-257.60918183624744,-259.1171916499734,-263.776089573279,-263.0052017979324,-2.278897589072585,1.0,0.1858516492955049,0.0,4,0.17337483481272384,0.17620727786206916,0.145609630836647,0.36867313081310876,1.0
chr2:113965198:T:A;chr2:113965200:A:T;var1;middle;OL27|K562|33e8c3e95a9fcdac,chr2:113965198:T:A;chr2:113965200:A:T;var1;middle;OL27,K562,K562_region_01290,100,102,2,TCTCGGCTCACTGCAAGCTCTGCCTCCCGAGTTCACGCCATTCTCCTGCCTCAGCCTCCCGAGTAGCTGGGACTACAGGCGCCCGCTACCATGCCCGGCTAATTTTTTTGTATTTTTAGTAGAGACGGGGTTTCACCGTGTTAGCCAGGATGGTCTCAATCTCCTGATCTTGTGATCCGCCTGCCTCAGCCTCCCAAAGT,ef8a76d1ffc12a800f25ccedd637559ab656bb25227b7957af896ab9c29ec6ba,0.0,TCTCGGCTCACTGCAAGCTCTGCCTCCCGAGTTCACGCCATTCTCCTGCCTCAGCCTCCCGAGTAGCTGGGACTACAGGCGCCCGCTACCATGCCCGGCAAATTTTTTTGTATTTTTAGTAGAGACGGGGTTTCACCGTGTTAGCCAGGATGGTCTCAATCTCCTGATCTTGTGATCCGCCTGCCTCAGCCTCCCAAAGT,ddccc9b6eaf373fce4d50f4ca6d3a1c296db35e47f73f3273d9096e471ae013d,0.115549167963421,TCTCGGCTCACTGCAAGCTCTGCCTCCCGAGTTCACGCCATTCTCCTGCCTCAGCCTCCCGAGTAGCTGGGACTACAGGCGCCCGCTACCATGCCCGGCTATTTTTTTTGTATTTTTAGTAGAGACGGGGTTTCACCGTGTTAGCCAGGATGGTCTCAATCTCCTGATCTTGTGATCCGCCTGCCTCAGCCTCCCAAAGT,77545f2403ede38f02e85106548c24591f4ae4fa71e50ce8bfccb6cf251aa0f9,0.0836493508680605,TCTCGGCTCACTGCAAGCTCTGCCTCCCGAGTTCACGCCATTCTCCTGCCTCAGCCTCCCGAGTAGCTGGGACTACAGGCGCCCGCTACCATGCCCGGCAATTTTTTTTGTATTTTTAGTAGAGACGGGGTTTCACCGTGTTAGCCAGGATGGTCTCAATCTCCTGATCTTGTGATCCGCCTGCCTCAGCCTCCCAAAGT,33e8c3e95a9fcdac3d9aa53500d894df2846352693081cb827141d30f04a9461,-0.090753833603844,0.2899523524353254,0.197275621772182,-40.908766196342185,-46.60194836976007,-44.90697846002877,-48.399435923900455,-2.2007247095461935,1.0,0.2899523524353254,0.0,2,0.17199003526037018,0.17490732828716207,0.146091925319964,0.21373006607092404,1.0
chr2:113993344:A:C;chr2:113993385:C:G;var1;middle;OL41|K562|3cb84d9871de1c27,chr2:113993344:A:C;chr2:113993385:C:G;var1;middle;OL41,K562,K562_region_01291,100,141,41,GGGTGCGGGCGGGGCGCGGGGCAGGCTCAGCTGCCCTCAGAGTCTGGGCTGGGGAGAGCCGGGGCCCACGAGGCGTGGCAAGGCGGGGAGAGAGAAGCTAGACCTCCCTGCTGCGCTTCTGCAGCGAAAATGGAGAGACCCGGAAGGCGTGTGTGCGCCCGCCTCTCCCACAGGAGGGAGCGCGGAGACCCGGGAGCGGC,882b1901ef4435933a97184f52a69f8c1f17d5fe4cfb9629544b9c1db0dba6f0,0.0,GGGTGCGGGCGGGGCGCGGGGCAGGCTCAGCTGCCCTCAGAGTCTGGGCTGGGGAGAGCCGGGGCCCACGAGGCGTGGCAAGGCGGGGAGAGAGAAGCTCGACCTCCCTGCTGCGCTTCTGCAGCGAAAATGGAGAGACCCGGAAGGCGTGTGTGCGCCCGCCTCTCCCACAGGAGGGAGCGCGGAGACCCGGGAGCGGC,1e43d4ede1afed8f28a74cf89c2abfe0219f86f4897acb7bbfdbea8ee1cbaee9,0.0225334650516264,GGGTGCGGGCGGGGCGCGGGGCAGGCTCAGCTGCCCTCAGAGTCTGGGCTGGGGAGAGCCGGGGCCCACGAGGCGTGGCAAGGCGGGGAGAGAGAAGCTAGACCTCCCTGCTGCGCTTCTGCAGCGAAAATGGAGAGACCGGGAAGGCGTGTGTGCGCCCGCCTCTCCCACAGGAGGGAGCGCGGAGACCCGGGAGCGGC,0eb86b0499224337cb630bd4e105b28edcd67086055f6725b1fdc88c7687f190,-1.18637524389902,GGGTGCGGGCGGGGCGCGGGGCAGGCTCAGCTGCCCTCAGAGTCTGGGCTGGGGAGAGCCGGGGCCCACGAGGCGTGGCAAGGCGGGGAGAGAGAAGCTCGACCTCCCTGCTGCGCTTCTGCAGCGAAAATGGAGAGACCGGGAAGGCGTGTGTGCGCCCGCCTCTCCCACAGGAGGGAGCGCGGAGACCCGGGAGCGGC,3cb84d9871de1c278e8e39458e8410fb547b1e13e482d78910010deda43cce0b,-1.16066689978478,0.0031748790626136,0.219344165806938,-231.6606863886118,-232.5751411318779,-232.60110335052013,-232.1311820745468,1.3843760192394257,-1.0,-0.0031748790626136,0.0,2,0.17721023178339437,0.17490732828716207,0.146091925319964,0.21414005359003999,1.0
chr2:114360149:T:C;chr2:114360223:C:A;var1;middle;OL41|K562|017680acd5f9e96a,chr2:114360149:T:C;chr2:114360223:C:A;var1;middle;OL41,K562,K562_region_01292,100,174,74,AAGCACAGAGGTTGGGGCCACTGCCTGGCTTTGTGACAACTCGGGGCGCATCAACGGTGAATAAAATCTTTCCCGGTTGCAGCCGTGAATAATCAAGGTTAGAGACCAGTTAGAGCGGTTCAGTGCGGAAAACGGGAAAGAAAAAGCCCCTCTGAATCCTGGGCAGCGAGATTCTCCCAAAGCAAGGCGAGGGGCTGCAT,85e426381073b976a5b5ce21899147eb51d7e9f270dc55bcff49ef1e891c73d6,0.0,AAGCACAGAGGTTGGGGCCACTGCCTGGCTTTGTGACAACTCGGGGCGCATCAACGGTGAATAAAATCTTTCCCGGTTGCAGCCGTGAATAATCAAGGTCAGAGACCAGTTAGAGCGGTTCAGTGCGGAAAACGGGAAAGAAAAAGCCCCTCTGAATCCTGGGCAGCGAGATTCTCCCAAAGCAAGGCGAGGGGCTGCAT,1ae7326831f57836c9e0775c78c288711ae79c09aae7e9bb36e987efe8b3426a,0.0302485334231527,AAGCACAGAGGTTGGGGCCACTGCCTGGCTTTGTGACAACTCGGGGCGCATCAACGGTGAATAAAATCTTTCCCGGTTGCAGCCGTGAATAATCAAGGTTAGAGACCAGTTAGAGCGGTTCAGTGCGGAAAACGGGAAAGAAAAAGCCCCTCTGAATCCTGGGCAGCGAGATTATCCCAAAGCAAGGCGAGGGGCTGCAT,9f308130800a193b7670b305f42426d3ea4865ced5507145deee026f45ac22ff,0.0390379489097042,AAGCACAGAGGTTGGGGCCACTGCCTGGCTTTGTGACAACTCGGGGCGCATCAACGGTGAATAAAATCTTTCCCGGTTGCAGCCGTGAATAATCAAGGTCAGAGACCAGTTAGAGCGGTTCAGTGCGGAAAACGGGAAAGAAAAAGCCCCTCTGAATCCTGGGCAGCGAGATTATCCCAAAGCAAGGCGAGGGGCTGCAT,017680acd5f9e96ab9721645eb26f74fd426f11ba39c1f5a31f36474618ebe04,0.195654079032605,-0.1263675966997481,0.223667139379483,-267.1368034183979,-272.3110843375325,-278.7848748266697,-280.5130109488964,-3.4461447969079018,1.0,-0.1263675966997481,0.0,2,0.17017660291869305,0.17490732828716207,0.146091925319964,0.10489908726574625,1.0
chr2:114385158:A:G;chr2:114385204:T:C;var1;middle;OL41|K562|bbdacdbb046c1fb3,chr2:114385158:A:G;chr2:114385204:T:C;var1;middle;OL41,K562,K562_region_01293,100,146,46,GGCGTCCGGGTCGGGGGAAGCACGGAAAGGTGGCTTCGCGAGGCTGTTGTGGGGGGCGGGACGGGCAGCCTGGCGATGCCTGGACATGGTTGGTGGCCAAAAACATTTATCGAAAGATAGCATACCCACTTAGATGGCGAGGACATCGACAAGCAAGTCTTCGCCCGTAAGCGGTGGCTCACGCCTATAGTCCAGGGATG,3e396cc855d0777d8dca24dc179e0dd14a57158fb3686b5415c3cca33ab5faf9,0.0,GGCGTCCGGGTCGGGGGAAGCACGGAAAGGTGGCTTCGCGAGGCTGTTGTGGGGGGCGGGACGGGCAGCCTGGCGATGCCTGGACATGGTTGGTGGCCAGAAACATTTATCGAAAGATAGCATACCCACTTAGATGGCGAGGACATCGACAAGCAAGTCTTCGCCCGTAAGCGGTGGCTCACGCCTATAGTCCAGGGATG,f3ed3dff1a1324558f781adcc128579c603dff67119e0ef63c1321098d1b251e,0.0972220509683016,GGCGTCCGGGTCGGGGGAAGCACGGAAAGGTGGCTTCGCGAGGCTGTTGTGGGGGGCGGGACGGGCAGCCTGGCGATGCCTGGACATGGTTGGTGGCCAAAAACATTTATCGAAAGATAGCATACCCACTTAGATGGCGAGGACACCGACAAGCAAGTCTTCGCCCGTAAGCGGTGGCTCACGCCTATAGTCCAGGGATG,59b8e3e20c0e74a305de4751222c29f06ea2543f5aae365f4f21cd5a4d35ae13,-0.0695686490486313,GGCGTCCGGGTCGGGGGAAGCACGGAAAGGTGGCTTCGCGAGGCTGTTGTGGGGGGCGGGACGGGCAGCCTGGCGATGCCTGGACATGGTTGGTGGCCAGAAACATTTATCGAAAGATAGCATACCCACTTAGATGGCGAGGACACCGACAAGCAAGTCTTCGCCCGTAAGCGGTGGCTCACGCCTATAGTCCAGGGATG,bbdacdbb046c1fb3d4b8c0af9f7fc292275e7c4ffae496b4aca198aecfd4a475,0.0416501448990153,0.013996742979345,0.300630642557675,-372.1368116773665,-370.2549589285627,-378.6958657205105,-376.0606705695391,0.7533424021675614,-1.0,-0.013996742979345,0.0,0,0.18674363832383467,0.18565657667894103,0.15145376406925343,0.2216584469616255,1.0
chr2:114393214:G:A;chr2:114393232:C:G;var1;middle;OL41|K562|e1de94dac45dae6e,chr2:114393214:G:A;chr2:114393232:C:G;var1;middle;OL41,K562,K562_region_01294,100,118,18,AACCTTCTCTCTCAGGCCAGCCCCTCGCCTCCCCCCGAGCCTCCCATTGTGTTGCCCGGGACGCAGTCCTCACGGCTCCACCCTGGTGACCCGGGTGTGGTGAAGCAGTCGCTCCAACAGAAAAATGCAGCCGAGGAAACGGCTGAGAAAGGAGAAAGGAGCTCTGTAAACCTGTGTCCTATAGAAGTTCCTACCCGTGA,c1d55cfa0a063129ad52f717034de0dd9b9a83665001c8b9cf70f76115b260b7,0.0,AACCTTCTCTCTCAGGCCAGCCCCTCGCCTCCCCCCGAGCCTCCCATTGTGTTGCCCGGGACGCAGTCCTCACGGCTCCACCCTGGTGACCCGGGTGTGATGAAGCAGTCGCTCCAACAGAAAAATGCAGCCGAGGAAACGGCTGAGAAAGGAGAAAGGAGCTCTGTAAACCTGTGTCCTATAGAAGTTCCTACCCGTGA,8c65874e8dc8d346f1695b0a7b6dc6b1990a6889b60fc4817b4fb853a22a5c33,-0.129172356072752,AACCTTCTCTCTCAGGCCAGCCCCTCGCCTCCCCCCGAGCCTCCCATTGTGTTGCCCGGGACGCAGTCCTCACGGCTCCACCCTGGTGACCCGGGTGTGGTGAAGCAGTCGCTCCAAGAGAAAAATGCAGCCGAGGAAACGGCTGAGAAAGGAGAAAGGAGCTCTGTAAACCTGTGTCCTATAGAAGTTCCTACCCGTGA,89cfe775bf353d9bcb3a5253fd797d4d9520bb6dbeb24b00e79aee001f8d1c3a,-0.115263558447107,AACCTTCTCTCTCAGGCCAGCCCCTCGCCTCCCCCCGAGCCTCCCATTGTGTTGCCCGGGACGCAGTCCTCACGGCTCCACCCTGGTGACCCGGGTGTGATGAAGCAGTCGCTCCAAGAGAAAAATGCAGCCGAGGAAACGGCTGAGAAAGGAGAAAGGAGCTCTGTAAACCTGTGTCCTATAGAAGTTCCTACCCGTGA,e1de94dac45dae6e9761213b75cd686b87fc2c6da39c5b4865898b6972a51cd3,-0.21397512399145,-0.030460790528409,0.229730650630494,-326.2389056491665,-333.34582069376484,-329.05833381344564,-336.5794815500267,0.4142326919827042,1.0,-0.030460790528409,0.0,2,0.17579762466105667,0.17490732828716207,0.146091925319964,0.3210644496441384,1.0
chr2:11853913:G:A;chr2:11853964:G:A;var1;middle;OL30|K562|ef90491a42aa2c52,chr2:11853913:G:A;chr2:11853964:G:A;var1;middle;OL30,K562,K562_region_01215,100,151,51,GCAACCATTACCACCACCTAATTCCAGAACATTTCTATTAATTAATTTCTAATGTTTTTGTTTTTCAGATTCCAATAATGAGAGACCCTGGGTGGATTCGAAATGTATGGTCTTCAAACATTAACGTGAGTGCCGCTGTGATAGAATGTCGTTGTTATGCTTTTACATTTTAAGATTAGAGAAAATACTCCATGTCCAGC,405a4ac7f90bc07389a0320c02d3273785d6b460183a3cd4d5b2cbc8ea510e62,0.0,GCAACCATTACCACCACCTAATTCCAGAACATTTCTATTAATTAATTTCTAATGTTTTTGTTTTTCAGATTCCAATAATGAGAGACCCTGGGTGGATTCAAAATGTATGGTCTTCAAACATTAACGTGAGTGCCGCTGTGATAGAATGTCGTTGTTATGCTTTTACATTTTAAGATTAGAGAAAATACTCCATGTCCAGC,b9f3853f097fd24462ff147eaefc65a7847854247286c282314225fb4510ea0f,-0.0762272030804607,GCAACCATTACCACCACCTAATTCCAGAACATTTCTATTAATTAATTTCTAATGTTTTTGTTTTTCAGATTCCAATAATGAGAGACCCTGGGTGGATTCGAAATGTATGGTCTTCAAACATTAACGTGAGTGCCGCTGTGATAGAATGTCATTGTTATGCTTTTACATTTTAAGATTAGAGAAAATACTCCATGTCCAGC,5d421c12a035166568a6d272a5f5a734c627c11623dd876bf11271a04bf5a19f,-0.0282984268655341,GCAACCATTACCACCACCTAATTCCAGAACATTTCTATTAATTAATTTCTAATGTTTTTGTTTTTCAGATTCCAATAATGAGAGACCCTGGGTGGATTCAAAATGTATGGTCTTCAAACATTAACGTGAGTGCCGCTGTGATAGAATGTCATTGTTATGCTTTTACATTTTAAGATTAGAGAAAATACTCCATGTCCAGC,ef90491a42aa2c528d85ad52964f8e6447a8db91f5ece3c8d51789a4d5248bd3,0.0517538853030295,0.1562795152490243,0.173384960967575,-270.61263981461525,-268.27220237255096,-267.9509009420872,-263.3269797116518,2.283483788371086,-1.0,-0.1562795152490243,0.0,4,0.1790295019298411,0.17620727786206916,0.145609630836647,0.15200572120454306,1.0
chr2:119982576:C:T;chr2:119982624:C:T;var1;middle;OL41|K562|331e57a2fe564f07,chr2:119982576:C:T;chr2:119982624:C:T;var1;middle;OL41,K562,K562_region_01295,100,148,48,AGCCTCAGAGAGTCCACGTATTTTGCAAGGATACACAGCTAGGAAGTTGCAGAAGTAGAATTTGAACCCAGAGTTATCTGACTTGGAGCCCAGAGGAACCTACCACTGGGGCGAAACAGGCTGTGTCCTCACGGGGATTCTGGCAGCCCCAAGAATACAGTGCTGAGAGCCAGAAGGTCCACAAAACCAAAGGGTCTCAC,c5568bd8cd18a0b3f85aed1627733eadfc8bfe7ecc1952655949d221e0cfde42,0.0,AGCCTCAGAGAGTCCACGTATTTTGCAAGGATACACAGCTAGGAAGTTGCAGAAGTAGAATTTGAACCCAGAGTTATCTGACTTGGAGCCCAGAGGAACTTACCACTGGGGCGAAACAGGCTGTGTCCTCACGGGGATTCTGGCAGCCCCAAGAATACAGTGCTGAGAGCCAGAAGGTCCACAAAACCAAAGGGTCTCAC,0292b22c1c51763a3685e41a65ac50df44dde0ef8b9adb04caf31edd8a54c2b7,-0.16567581710881,AGCCTCAGAGAGTCCACGTATTTTGCAAGGATACACAGCTAGGAAGTTGCAGAAGTAGAATTTGAACCCAGAGTTATCTGACTTGGAGCCCAGAGGAACCTACCACTGGGGCGAAACAGGCTGTGTCCTCACGGGGATTCTGGCAGCTCCAAGAATACAGTGCTGAGAGCCAGAAGGTCCACAAAACCAAAGGGTCTCAC,5000341b2ae3a712e19bfeb0b024baaf4f4d315c215f0dd631b9a7b510851e58,-0.237362517020061,AGCCTCAGAGAGTCCACGTATTTTGCAAGGATACACAGCTAGGAAGTTGCAGAAGTAGAATTTGAACCCAGAGTTATCTGACTTGGAGCCCAGAGGAACTTACCACTGGGGCGAAACAGGCTGTGTCCTCACGGGGATTCTGGCAGCTCCAAGAATACAGTGCTGAGAGCCAGAAGGTCCACAAAACCAAAGGGTCTCAC,331e57a2fe564f0727465f46f427f9207a9fe69bef1e71da075501ce57d59300,0.0984314058084203,0.5014697399372914,0.323634038866974,-311.1428835024126,-288.6560042130295,-284.5638040371705,-276.4650392937474,-14.38811454595998,-1.0,-0.5014697399372914,0.0,0,0.1672961266106656,0.18565657667894103,0.15145376406925343,0.15763195901439103,1.0
chr2:121124834:C:T;chr2:121124838:G:T;var1;middle;OL32|K562|d66fbdf32fb435c3,chr2:121124834:C:T;chr2:121124838:G:T;var1;middle;OL32,K562,K562_region_01296,100,104,4,GTCTGCCTGCCAGCAGCCTGGGTCACCAGGGGAATGGGATGGGCAGGGGGAGCCATGAGTCAATGAAGTGGGGAATTTGTAGAAACTGTGCATGGGGGTCGGGGGGAGGTTCTAGATGCAAGCAGACTGGGAAACTGGCAGTTCTGGCCAAGCGTCCTGAAGGTCTGAAGGGCAGGGAGTCCCCATGCCCTACCTGAGCA,4679eeafcc16e7a1b9ab7d10052a71c05e9c1082f99a864f17722f408f25bba5,0.0,GTCTGCCTGCCAGCAGCCTGGGTCACCAGGGGAATGGGATGGGCAGGGGGAGCCATGAGTCAATGAAGTGGGGAATTTGTAGAAACTGTGCATGGGGGTTGGGGGGAGGTTCTAGATGCAAGCAGACTGGGAAACTGGCAGTTCTGGCCAAGCGTCCTGAAGGTCTGAAGGGCAGGGAGTCCCCATGCCCTACCTGAGCA,12fcf811abd31f0db94629c021456e64b16f622ace5c144be71a4b308e2786b5,0.0775265106237289,GTCTGCCTGCCAGCAGCCTGGGTCACCAGGGGAATGGGATGGGCAGGGGGAGCCATGAGTCAATGAAGTGGGGAATTTGTAGAAACTGTGCATGGGGGTCGGGTGGAGGTTCTAGATGCAAGCAGACTGGGAAACTGGCAGTTCTGGCCAAGCGTCCTGAAGGTCTGAAGGGCAGGGAGTCCCCATGCCCTACCTGAGCA,e09a5d9a20a573f4ea22627af6c248b2c5148954cdf4d6def2a72c47d1db1ef9,0.0670534181477288,GTCTGCCTGCCAGCAGCCTGGGTCACCAGGGGAATGGGATGGGCAGGGGGAGCCATGAGTCAATGAAGTGGGGAATTTGTAGAAACTGTGCATGGGGGTTGGGTGGAGGTTCTAGATGCAAGCAGACTGGGAAACTGGCAGTTCTGGCCAAGCGTCCTGAAGGTCTGAAGGGCAGGGAGTCCCCATGCCCTACCTGAGCA,d66fbdf32fb435c3a6b5ab41411fd9e32e9e9cf71089c3a3b7d90945609329c3,0.455887490495982,-0.3113075617245243,0.237485694347568,-236.4218963831663,-234.37505719065663,-258.90015219151974,-258.89746272936463,2.0441497303545475,1.0,-0.3113075617245243,0.0,2,0.17817091565068216,0.17490732828716207,0.146091925319964,0.07532502076895385,1.0
chr2:121124834:C:T;chr2:121124887:C:T;var1;middle;OL32|K562|9d1ecc01f84ea295,chr2:121124834:C:T;chr2:121124887:C:T;var1;middle;OL32,K562,K562_region_01296,100,153,53,GTCTGCCTGCCAGCAGCCTGGGTCACCAGGGGAATGGGATGGGCAGGGGGAGCCATGAGTCAATGAAGTGGGGAATTTGTAGAAACTGTGCATGGGGGTCGGGGGGAGGTTCTAGATGCAAGCAGACTGGGAAACTGGCAGTTCTGGCCAAGCGTCCTGAAGGTCTGAAGGGCAGGGAGTCCCCATGCCCTACCTGAGCA,4679eeafcc16e7a1b9ab7d10052a71c05e9c1082f99a864f17722f408f25bba5,0.0,GTCTGCCTGCCAGCAGCCTGGGTCACCAGGGGAATGGGATGGGCAGGGGGAGCCATGAGTCAATGAAGTGGGGAATTTGTAGAAACTGTGCATGGGGGTTGGGGGGAGGTTCTAGATGCAAGCAGACTGGGAAACTGGCAGTTCTGGCCAAGCGTCCTGAAGGTCTGAAGGGCAGGGAGTCCCCATGCCCTACCTGAGCA,12fcf811abd31f0db94629c021456e64b16f622ace5c144be71a4b308e2786b5,0.0775138517431693,GTCTGCCTGCCAGCAGCCTGGGTCACCAGGGGAATGGGATGGGCAGGGGGAGCCATGAGTCAATGAAGTGGGGAATTTGTAGAAACTGTGCATGGGGGTCGGGGGGAGGTTCTAGATGCAAGCAGACTGGGAAACTGGCAGTTCTGGCCAAGTGTCCTGAAGGTCTGAAGGGCAGGGAGTCCCCATGCCCTACCTGAGCA,22c93e0621dc05cffa3b0791dbabdf7c843b81a0230d5d13755027c65f78eb73,-0.0056821779136961,GTCTGCCTGCCAGCAGCCTGGGTCACCAGGGGAATGGGATGGGCAGGGGGAGCCATGAGTCAATGAAGTGGGGAATTTGTAGAAACTGTGCATGGGGGTTGGGGGGAGGTTCTAGATGCAAGCAGACTGGGAAACTGGCAGTTCTGGCCAAGTGTCCTGAAGGTCTGAAGGGCAGGGAGTCCCCATGCCCTACCTGAGCA,9d1ecc01f84ea2955f3195909bef5f059ea01226a4c8d475ba010301fa6fa65a,0.202845828867204,0.1310141550377308,0.233131767705529,-236.4218963831663,-234.37505719065663,-231.4615335538984,-230.2471423894167,-0.8324480280280113,-1.0,-0.1310141550377308,0.0,2,0.17398235673631815,0.17490732828716207,0.146091925319964,0.06422714644578828,1.0
chr2:121124838:G:T;chr2:121124887:C:T;var1;middle;OL32|K562|78e57833dc974a01,chr2:121124838:G:T;chr2:121124887:C:T;var1;middle;OL32,K562,K562_region_01296,100,149,49,GCCTGCCAGCAGCCTGGGTCACCAGGGGAATGGGATGGGCAGGGGGAGCCATGAGTCAATGAAGTGGGGAATTTGTAGAAACTGTGCATGGGGGTCGGGGGGAGGTTCTAGATGCAAGCAGACTGGGAAACTGGCAGTTCTGGCCAAGCGTCCTGAAGGTCTGAAGGGCAGGGAGTCCCCATGCCCTACCTGAGCAAATG,9263a305e5b1b420c67a64609a23ec31ebcc111aba6fe7694758d135e27bef6d,0.0,GCCTGCCAGCAGCCTGGGTCACCAGGGGAATGGGATGGGCAGGGGGAGCCATGAGTCAATGAAGTGGGGAATTTGTAGAAACTGTGCATGGGGGTCGGGTGGAGGTTCTAGATGCAAGCAGACTGGGAAACTGGCAGTTCTGGCCAAGCGTCCTGAAGGTCTGAAGGGCAGGGAGTCCCCATGCCCTACCTGAGCAAATG,63c9babe7de7b4e2f819a74bfb3b29221a7b00fa85c2409a710f780257b7dd82,0.262602722719947,GCCTGCCAGCAGCCTGGGTCACCAGGGGAATGGGATGGGCAGGGGGAGCCATGAGTCAATGAAGTGGGGAATTTGTAGAAACTGTGCATGGGGGTCGGGGGGAGGTTCTAGATGCAAGCAGACTGGGAAACTGGCAGTTCTGGCCAAGTGTCCTGAAGGTCTGAAGGGCAGGGAGTCCCCATGCCCTACCTGAGCAAATG,9c07fc8c671617a0f8e6990d646aa3278689a6e356b05e676199f171b8abfcb2,-0.129317847679659,GCCTGCCAGCAGCCTGGGTCACCAGGGGAATGGGATGGGCAGGGGGAGCCATGAGTCAATGAAGTGGGGAATTTGTAGAAACTGTGCATGGGGGTCGGGTGGAGGTTCTAGATGCAAGCAGACTGGGAAACTGGCAGTTCTGGCCAAGTGTCCTGAAGGTCTGAAGGGCAGGGAGTCCCCATGCCCTACCTGAGCAAATG,78e57833dc974a013b509b8b662bd41aef906bad778b4721b92fdfc917a5fcb1,-0.0419310136296174,-0.1752158886699054,0.242209481919484,-266.9423038698733,-288.4455113820732,-262.23541282489896,-283.1814144831151,0.5572058539837599,-1.0,0.1752158886699054,0.0,2,0.17600580514457032,0.17490732828716207,0.146091925319964,0.014477505559670506,1.0
chr2:127783773:A:C;chr2:127783846:T:G;var1;middle;OL41|K562|d5bbd286113a3117,chr2:127783773:A:C;chr2:127783846:T:G;var1;middle;OL41,K562,K562_region_01297,100,173,73,GTTAATGTGTTGCAATTTTCACATCTATGTTGTTTTTTCATTAGTGGCATTTCTCAACTCCTTGATTTCTTGAATTTCATGTTGTCTATTTCAGTATGTATTAAATTATCTGTGACGGTGGACCAGTTTTGGTTTGTCTGTTTGTTTTATTTCAATCAATGGCACACTGAAATGCTCAAACATTAAACTGTTGAAAAAAT,33a73e2cad27f2b6301a10de23764a04c000ddf910836c23d62f427ac1117a58,0.0,GTTAATGTGTTGCAATTTTCACATCTATGTTGTTTTTTCATTAGTGGCATTTCTCAACTCCTTGATTTCTTGAATTTCATGTTGTCTATTTCAGTATGTCTTAAATTATCTGTGACGGTGGACCAGTTTTGGTTTGTCTGTTTGTTTTATTTCAATCAATGGCACACTGAAATGCTCAAACATTAAACTGTTGAAAAAAT,2820039895ca31b9e6e16f8f9e3eec01d580cd8a018ad673f89e9af10aec58c5,0.172652267735675,GTTAATGTGTTGCAATTTTCACATCTATGTTGTTTTTTCATTAGTGGCATTTCTCAACTCCTTGATTTCTTGAATTTCATGTTGTCTATTTCAGTATGTATTAAATTATCTGTGACGGTGGACCAGTTTTGGTTTGTCTGTTTGTTTTATTTCAATCAATGGCACACTGAAAGGCTCAAACATTAAACTGTTGAAAAAAT,6b2af77337c588562c173b776695ab753642aa8fba147c4875c4ebdbcaf9d762,0.751706255943665,GTTAATGTGTTGCAATTTTCACATCTATGTTGTTTTTTCATTAGTGGCATTTCTCAACTCCTTGATTTCTTGAATTTCATGTTGTCTATTTCAGTATGTCTTAAATTATCTGTGACGGTGGACCAGTTTTGGTTTGTCTGTTTGTTTTATTTCAATCAATGGCACACTGAAAGGCTCAAACATTAAACTGTTGAAAAAAT,d5bbd286113a3117b9b543de4761d0f55bf8ad49dfb3ffe13d61e00c4ef544df,0.59972253203828,0.32463599164106,0.547116579150537,-270.39248399063945,-272.3873027227819,-365.80525984358974,-360.6003335699206,-7.199745005811565,1.0,0.32463599164106,0.0,4,0.1672758808293161,0.17620727786206916,0.145609630836647,0.15606255297058386,1.0
chr2:127783846:T:G;chr2:127783891:C:T;var1;middle;OL41|K562|b8c099ecaa6e4824,chr2:127783846:T:G;chr2:127783891:C:T;var1;middle;OL41,K562,K562_region_01297,100,145,45,ATTTCATGTTGTCTATTTCAGTATGTATTAAATTATCTGTGACGGTGGACCAGTTTTGGTTTGTCTGTTTGTTTTATTTCAATCAATGGCACACTGAAATGCTCAAACATTAAACTGTTGAAAAAATTTAATGGCATTCGCAACCTAAGCCCACTCTCTCCCGCTTTTTTTTTTTTTTTTTTTTCAGAGTCACTCTGTCG,dd62450cf900a15553ddb2c2fb2bdc6cb49946cfa3d6836f7523dfc5efd7d54a,0.0,ATTTCATGTTGTCTATTTCAGTATGTATTAAATTATCTGTGACGGTGGACCAGTTTTGGTTTGTCTGTTTGTTTTATTTCAATCAATGGCACACTGAAAGGCTCAAACATTAAACTGTTGAAAAAATTTAATGGCATTCGCAACCTAAGCCCACTCTCTCCCGCTTTTTTTTTTTTTTTTTTTTCAGAGTCACTCTGTCG,d93a73bce668133682447cf32a6990bfb34e17c91595de0115cdee455149b6db,0.0552212409061209,ATTTCATGTTGTCTATTTCAGTATGTATTAAATTATCTGTGACGGTGGACCAGTTTTGGTTTGTCTGTTTGTTTTATTTCAATCAATGGCACACTGAAATGCTCAAACATTAAACTGTTGAAAAAATTTAATGGCATTCGCAACTTAAGCCCACTCTCTCCCGCTTTTTTTTTTTTTTTTTTTTCAGAGTCACTCTGTCG,36a4bf701c324ee7d05723d7a4834c4ab6882431505001a926320501bcd83001,0.0207639008465168,ATTTCATGTTGTCTATTTCAGTATGTATTAAATTATCTGTGACGGTGGACCAGTTTTGGTTTGTCTGTTTGTTTTATTTCAATCAATGGCACACTGAAAGGCTCAAACATTAAACTGTTGAAAAAATTTAATGGCATTCGCAACTTAAGCCCACTCTCTCCCGCTTTTTTTTTTTTTTTTTTTTCAGAGTCACTCTGTCG,b8c099ecaa6e4824ca9ac1aed888b3797cc2cf4931b24b5a8f7bb11763ed8098,-0.081672107320161,0.1576572490727987,0.132240700101491,-245.3211574209854,-253.3816174278036,-243.51649060007185,-246.5932667180896,-4.983683888800414,1.0,0.1576572490727987,0.0,4,0.17002249205954745,0.17620727786206916,0.145609630836647,0.13806222428810963,1.0
chr2:128178191:T:C;chr2:128178272:G:A;var1;middle;OL41|K562|1c4afa12af6388aa,chr2:128178191:T:C;chr2:128178272:G:A;var1;middle;OL41,K562,K562_region_01298,100,181,81,TTTGTGCCTTTATAGAGCTGTTTATCTGCTTGGGACCTGCACCTCCACCCTTTCCCAAGGTGCCCTCAGCTCAGGCATACCCTCCTCTAGGATGCCTTTTCCCCCATCCCTTCTTGCTCACACCCCCAACTTGATCTCTCCCTCCTAACTGTGCCCTGCACCCAAGACAGACACTTCACAGAGCCCAGGAGACACCTGGG,b60fdb7211665570050fd310aab5816ca284956743b10e4588dea6bfa62fa298,0.0,TTTGTGCCTTTATAGAGCTGTTTATCTGCTTGGGACCTGCACCTCCACCCTTTCCCAAGGTGCCCTCAGCTCAGGCATACCCTCCTCTAGGATGCCTTTCCCCCCATCCCTTCTTGCTCACACCCCCAACTTGATCTCTCCCTCCTAACTGTGCCCTGCACCCAAGACAGACACTTCACAGAGCCCAGGAGACACCTGGG,699ef51d57bb12b56f23a49a041cd801581918f687d2311e1ec562d845f6012c,-0.385165736446599,TTTGTGCCTTTATAGAGCTGTTTATCTGCTTGGGACCTGCACCTCCACCCTTTCCCAAGGTGCCCTCAGCTCAGGCATACCCTCCTCTAGGATGCCTTTTCCCCCATCCCTTCTTGCTCACACCCCCAACTTGATCTCTCCCTCCTAACTGTGCCCTGCACCCAAGACAGACACTTCACAAAGCCCAGGAGACACCTGGG,04a86372dfedbc619efc4a0797b133fed597cb4394f5b09c7075ebce2a9ff5c8,0.0220490197475764,TTTGTGCCTTTATAGAGCTGTTTATCTGCTTGGGACCTGCACCTCCACCCTTTCCCAAGGTGCCCTCAGCTCAGGCATACCCTCCTCTAGGATGCCTTTCCCCCCATCCCTTCTTGCTCACACCCCCAACTTGATCTCTCCCTCCTAACTGTGCCCTGCACCCAAGACAGACACTTCACAAAGCCCAGGAGACACCTGGG,1c4afa12af6388aa6bf0b5260da03217dc771bfa6af9a99bdc28e0f736026148,-0.4032540257933,0.0401373090942773,0.61532055288509,-232.94480223953724,-233.32530809938908,-234.4865545332432,-235.09812270104885,0.23106230795383453,1.0,0.0401373090942773,0.0,4,0.17648570751730924,0.17620727786206916,0.145609630836647,0.2991091387565931,1.0
chr2:128410713:C:T;chr2:128410792:C:T;var1;middle;OL27|K562|4a87c15a7eba1523,chr2:128410713:C:T;chr2:128410792:C:T;var1;middle;OL27,K562,K562_region_01299,100,179,79,GCTGTCCCTCGGCCCCTGCACTGCACCGTCTGCCCCTCAGCCCTTCATTTAGACAAGCTGCTCAATGCCAGGCACCGCCCAGCTCCGAGGACAGTGGGCCGGACGCCAGGCCCCAGGCCACGTGCCTCTCTCACGGGCAGCACACGGACAAGAGCTCGGTAGTGTCGGGGAAGCATCTCGGAGGAGCTGCGGGAGGGAGC,fdae50ee70766d68bcc13bc1b598a27ec19917250734e505aaf64f70b7a0be0c,0.0,GCTGTCCCTCGGCCCCTGCACTGCACCGTCTGCCCCTCAGCCCTTCATTTAGACAAGCTGCTCAATGCCAGGCACCGCCCAGCTCCGAGGACAGTGGGCTGGACGCCAGGCCCCAGGCCACGTGCCTCTCTCACGGGCAGCACACGGACAAGAGCTCGGTAGTGTCGGGGAAGCATCTCGGAGGAGCTGCGGGAGGGAGC,617ffcfcca15d872a9f399fdcca5ea31ac0859efdb57e362ff9a0d6319094a28,-0.234689430810098,GCTGTCCCTCGGCCCCTGCACTGCACCGTCTGCCCCTCAGCCCTTCATTTAGACAAGCTGCTCAATGCCAGGCACCGCCCAGCTCCGAGGACAGTGGGCCGGACGCCAGGCCCCAGGCCACGTGCCTCTCTCACGGGCAGCACACGGACAAGAGCTCGGTAGTGTCGGGGAAGCATCTTGGAGGAGCTGCGGGAGGGAGC,d99a8751cacf4cd7cc4614cd27ac844da9e9eb71547994d7cb82c245030f5e8f,-0.011296105231983,GCTGTCCCTCGGCCCCTGCACTGCACCGTCTGCCCCTCAGCCCTTCATTTAGACAAGCTGCTCAATGCCAGGCACCGCCCAGCTCCGAGGACAGTGGGCTGGACGCCAGGCCCCAGGCCACGTGCCTCTCTCACGGGCAGCACACGGACAAGAGCTCGGTAGTGTCGGGGAAGCATCTTGGAGGAGCTGCGGGAGGGAGC,4a87c15a7eba152376db77a6e44ea661fcf50f4afa28d9ee5279da707ddc76ff,0.01494936511992,0.2609349011620009,0.305517984570264,-305.3752360937651,-292.52187988499645,-315.1985535719432,-274.0785096881445,28.266687675030028,-1.0,-0.2609349011620009,0.0,1,0.2111248146931212,0.18216460459877223,0.1501433469024087,0.2135129225157546,1.0
chr2:128615330:C:G;chr2:128615390:G:T;var1;middle;OL41|K562|6187226dd422d62e,chr2:128615330:C:G;chr2:128615390:G:T;var1;middle;OL41,K562,K562_region_01300,100,160,60,CTCCGTTAAAACGCCCAGAGGTTCTGTACTAATCGAAGTTGAGTTCGGTTCACGCTGGGCTCTTTTCCCTAGTGCAACAGTATATTACTGTTTAAAAATCTGTCCTTACCACCTGAGTGTCCGGCTTTGTTTATCTTTGACACAGGTCCCCGGAACTTCGCAGTTTATCACATAAAATAACCCAGTTGCCCAGGCGGTCC,1ce5d4cbf3116966fd45df832ef072507a9d5e801167f0bf55595c296eaba509,0.0,CTCCGTTAAAACGCCCAGAGGTTCTGTACTAATCGAAGTTGAGTTCGGTTCACGCTGGGCTCTTTTCCCTAGTGCAACAGTATATTACTGTTTAAAAATGTGTCCTTACCACCTGAGTGTCCGGCTTTGTTTATCTTTGACACAGGTCCCCGGAACTTCGCAGTTTATCACATAAAATAACCCAGTTGCCCAGGCGGTCC,cfb83fb41dfad69f3598c78dfc4881b616ccac3b961c960b6b871dd7a5e8fa02,0.0393847974635725,CTCCGTTAAAACGCCCAGAGGTTCTGTACTAATCGAAGTTGAGTTCGGTTCACGCTGGGCTCTTTTCCCTAGTGCAACAGTATATTACTGTTTAAAAATCTGTCCTTACCACCTGAGTGTCCGGCTTTGTTTATCTTTGACACAGGTCCCCGGAACTTCTCAGTTTATCACATAAAATAACCCAGTTGCCCAGGCGGTCC,c9220ba1c25732c6ae847fbc91963c3f396a08924465f02ea2a9ab71b4e756e1,-0.0855315357458614,CTCCGTTAAAACGCCCAGAGGTTCTGTACTAATCGAAGTTGAGTTCGGTTCACGCTGGGCTCTTTTCCCTAGTGCAACAGTATATTACTGTTTAAAAATGTGTCCTTACCACCTGAGTGTCCGGCTTTGTTTATCTTTGACACAGGTCCCCGGAACTTCTCAGTTTATCACATAAAATAACCCAGTTGCCCAGGCGGTCC,6187226dd422d62e930a795fb960e6e745f300919e2742567506b191d122d3e0,-0.0465360523464304,-0.0003893140641414,0.34281847650032,-471.21633541584015,-462.4001025186153,-477.2275351865683,-472.6417619640706,-4.230459674727172,-1.0,0.0003893140641414,0.0,4,0.17095604667560693,0.17620727786206916,0.145609630836647,-0.026984707352326026,1.0
chr2:128642614:G:A;chr2:128642625:T:G;var1;middle;OL41|K562|33af14ff6118f90d,chr2:128642614:G:A;chr2:128642625:T:G;var1;middle;OL41,K562,K562_region_01301,100,111,11,AGGCCCCACCCACTCTATCCTAGGAGAGGGCAGTGAAAGAGGATAAGGCCCAGAGGGATAAGGGTGAGGGAGCATGGCAAGGAGAGGAGTTCAGATCAGGACAGGGAATGTAGGAGGGCAAGGAGTGAAGGGCACAACCCACAGCCTGGGAAAGAGAGGCATGAAACCCAGCGTGTCAGGTGGACGGATCATGGAATGGG,ad47ebf906ce1bf51d8c13dfcd11dfedb841905315245f1aef7b1d5c125eaafb,0.0,AGGCCCCACCCACTCTATCCTAGGAGAGGGCAGTGAAAGAGGATAAGGCCCAGAGGGATAAGGGTGAGGGAGCATGGCAAGGAGAGGAGTTCAGATCAGAACAGGGAATGTAGGAGGGCAAGGAGTGAAGGGCACAACCCACAGCCTGGGAAAGAGAGGCATGAAACCCAGCGTGTCAGGTGGACGGATCATGGAATGGG,8f406c26c713a1f16ff2c38e8d58139e0b9922f1f36563015047c9ca450df33b,0.188044235436055,AGGCCCCACCCACTCTATCCTAGGAGAGGGCAGTGAAAGAGGATAAGGCCCAGAGGGATAAGGGTGAGGGAGCATGGCAAGGAGAGGAGTTCAGATCAGGACAGGGAATGGAGGAGGGCAAGGAGTGAAGGGCACAACCCACAGCCTGGGAAAGAGAGGCATGAAACCCAGCGTGTCAGGTGGACGGATCATGGAATGGG,4f52fdf436c092b01d3aa5135e4aec15855b33a8cc77010a29d3ce0254a549f4,-0.0390204511655074,AGGCCCCACCCACTCTATCCTAGGAGAGGGCAGTGAAAGAGGATAAGGCCCAGAGGGATAAGGGTGAGGGAGCATGGCAAGGAGAGGAGTTCAGATCAGAACAGGGAATGGAGGAGGGCAAGGAGTGAAGGGCACAACCCACAGCCTGGGAAAGAGAGGCATGAAACCCAGCGTGTCAGGTGGACGGATCATGGAATGGG,33af14ff6118f90d6f7a8770111d2f5e5aa098e2a426378bba078994e3f4af0e,0.0680383305132788,-0.0809854537572688,0.25381409701007,-295.82900037337095,-346.7728323750198,-266.1208236846141,-314.57980299554765,2.4848526907153428,-1.0,0.0809854537572688,0.0,0,0.18896757005863185,0.18565657667894103,0.15145376406925343,0.1615064856786549,1.0
chr2:131097247:G:A;chr2:131097253:G:C;var1;middle;OL41|K562|3044995c44eb6b22,chr2:131097247:G:A;chr2:131097253:G:C;var1;middle;OL41,K562,K562_region_01302,100,106,6,TTCTTTTCTCTGTTAGTCCACACTCTGGATCCACCTCTAGATGGCTTTTGCTGATGTCTCTGCTGGAACAGCTGCTGCCCAGTCCTCCGGGCAGCTCTCGTCTTCGGCCTCCTGTTCAGCAGCAGGGCTGACCACACATTGGATCACTCGCTCCAGGAAACACTTTCTCTTCTTGGCCTCCAGGACACCTGCCCCCAGGT,dd1bf2aad54e02a39cb9e3c1b1af5509e66edc3026b125512fb9d1ad86fd3130,0.0,TTCTTTTCTCTGTTAGTCCACACTCTGGATCCACCTCTAGATGGCTTTTGCTGATGTCTCTGCTGGAACAGCTGCTGCCCAGTCCTCCGGGCAGCTCTCATCTTCGGCCTCCTGTTCAGCAGCAGGGCTGACCACACATTGGATCACTCGCTCCAGGAAACACTTTCTCTTCTTGGCCTCCAGGACACCTGCCCCCAGGT,0447c6ab67126d801b28b5f5fc50096cf5e185ccb7724db51bbdf0f75d637092,0.0418434221653783,TTCTTTTCTCTGTTAGTCCACACTCTGGATCCACCTCTAGATGGCTTTTGCTGATGTCTCTGCTGGAACAGCTGCTGCCCAGTCCTCCGGGCAGCTCTCGTCTTCCGCCTCCTGTTCAGCAGCAGGGCTGACCACACATTGGATCACTCGCTCCAGGAAACACTTTCTCTTCTTGGCCTCCAGGACACCTGCCCCCAGGT,e6c00afeaf5fe3bf98995276d1769b4f9375735935c9ace82d42f0777d4464e9,0.477326273451623,TTCTTTTCTCTGTTAGTCCACACTCTGGATCCACCTCTAGATGGCTTTTGCTGATGTCTCTGCTGGAACAGCTGCTGCCCAGTCCTCCGGGCAGCTCTCATCTTCCGCCTCCTGTTCAGCAGCAGGGCTGACCACACATTGGATCACTCGCTCCAGGAAACACTTTCTCTTCTTGGCCTCCAGGACACCTGCCCCCAGGT,3044995c44eb6b223718f0baf55efda52cddeebacee326c5971f077a2c019214,0.113859733559195,0.4053099620578063,0.267445870690522,-249.48529295995831,-239.6067764610052,-250.8957011140883,-239.85055735707283,-1.1666272580623627,1.0,0.4053099620578063,0.0,2,0.1734957647583898,0.17490732828716207,0.146091925319964,0.25824426349535434,1.0
chr2:131131866:A:G;chr2:131131869:A:G;var1;middle;OL41|K562|70c75e6137afdd28,chr2:131131866:A:G;chr2:131131869:A:G;var1;middle;OL41,K562,K562_region_01303,100,103,3,CAGCTATTCAGACAGATGGACCCCCAGCAAATCAGGACCTATCTAGGCAGACCCCAGCCAGACCCCCGCCAGACAGACTCCCAACCAGACTGACCCCTTACTATTCACACAGCCTGCCGAGTAGCTGGGACTACAGGTCTAATTTTTTTTTTTTTTAAGAAATGAGTTTTTGCCATGTTGCCCAGACTGGTCTTGAACTC,b87d9c6198b8fd27e8ff18e3106bdd22e6da6fad6c56d076b7d81b929a2af3b9,0.0,CAGCTATTCAGACAGATGGACCCCCAGCAAATCAGGACCTATCTAGGCAGACCCCAGCCAGACCCCCGCCAGACAGACTCCCAACCAGACTGACCCCTTGCTATTCACACAGCCTGCCGAGTAGCTGGGACTACAGGTCTAATTTTTTTTTTTTTTAAGAAATGAGTTTTTGCCATGTTGCCCAGACTGGTCTTGAACTC,2185f1e233386c1830c8438577ea91d1ef9006b0466b0f116efb4a00a39e9887,0.117525230957134,CAGCTATTCAGACAGATGGACCCCCAGCAAATCAGGACCTATCTAGGCAGACCCCAGCCAGACCCCCGCCAGACAGACTCCCAACCAGACTGACCCCTTACTGTTCACACAGCCTGCCGAGTAGCTGGGACTACAGGTCTAATTTTTTTTTTTTTTAAGAAATGAGTTTTTGCCATGTTGCCCAGACTGGTCTTGAACTC,d3f0057d75544f730c6250f88278e9ce8cdb410196bbabc2e42ac6d654ed5e57,0.237343758336142,CAGCTATTCAGACAGATGGACCCCCAGCAAATCAGGACCTATCTAGGCAGACCCCAGCCAGACCCCCGCCAGACAGACTCCCAACCAGACTGACCCCTTGCTGTTCACACAGCCTGCCGAGTAGCTGGGACTACAGGTCTAATTTTTTTTTTTTTTAAGAAATGAGTTTTTGCCATGTTGCCCAGACTGGTCTTGAACTC,70c75e6137afdd28631ccd59a5c8fe2f2cc109a2c80ac7a46c77a44c8f2c4c98,0.118662652491496,0.23620633680178,0.28597464887101,-223.42654131073505,-229.567418175051,-227.5954610714689,-231.9476137284655,-1.7887242073193192,1.0,0.23620633680178,0.0,1,0.18054524034884054,0.18216460459877223,0.1501433469024087,0.1676587490312799,1.0
chr2:132033945:A:G;chr2:132033948:C:G;var1;middle;OL29|K562|9c4a663bf8a21d58,chr2:132033945:A:G;chr2:132033948:C:G;var1;middle;OL29,K562,K562_region_01304,100,103,3,TCCAGGGGACTCAGCCTTCTGTGGCCCCGGCCAGACCTTGCAGAGGTGGCTGGTTGCTCTTTGAGCCAGCTTGGCCTTCCTGGCATGCACAGGCCCCAGATACTAACACGCTGCTCCGAGTGAGCTTGTCCTGCCTTGGCTGCCACCTAATTGCTGATGGAACAGAGGCCTTAGGGAAAGCAGATGGCACTGTGGTCCAC,b5fe3b14d17c7cfd576e4dc346576b1b8911ea225e782b672e749ab4c63d57d4,0.0,TCCAGGGGACTCAGCCTTCTGTGGCCCCGGCCAGACCTTGCAGAGGTGGCTGGTTGCTCTTTGAGCCAGCTTGGCCTTCCTGGCATGCACAGGCCCCAGGTACTAACACGCTGCTCCGAGTGAGCTTGTCCTGCCTTGGCTGCCACCTAATTGCTGATGGAACAGAGGCCTTAGGGAAAGCAGATGGCACTGTGGTCCAC,d02d5f5de4910dc7f6ed0c280fa5a63e5d97d06ded73974922742343d096d66a,-0.164416705172615,TCCAGGGGACTCAGCCTTCTGTGGCCCCGGCCAGACCTTGCAGAGGTGGCTGGTTGCTCTTTGAGCCAGCTTGGCCTTCCTGGCATGCACAGGCCCCAGATAGTAACACGCTGCTCCGAGTGAGCTTGTCCTGCCTTGGCTGCCACCTAATTGCTGATGGAACAGAGGCCTTAGGGAAAGCAGATGGCACTGTGGTCCAC,a3a6abddd56396614d3bfc1f8407a8c9f5e845fcc3d1ddf3f4d1294baddccecc,-0.29542217302254,TCCAGGGGACTCAGCCTTCTGTGGCCCCGGCCAGACCTTGCAGAGGTGGCTGGTTGCTCTTTGAGCCAGCTTGGCCTTCCTGGCATGCACAGGCCCCAGGTAGTAACACGCTGCTCCGAGTGAGCTTGTCCTGCCTTGGCTGCCACCTAATTGCTGATGGAACAGAGGCCTTAGGGAAAGCAGATGGCACTGTGGTCCAC,9c4a663bf8a21d583ded229de4e0005d6bc77036b900f42757b8f29f6317af93,-0.114024792907141,0.345814085288014,0.199849605046881,-290.4867599438876,-292.8650877755136,-294.9408832602203,-299.3417824432254,-2.022571351379156,-1.0,-0.345814085288014,0.0,4,0.17369252845287092,0.17620727786206916,0.145609630836647,0.23910167367854707,1.0
chr2:132243380:C:T;chr2:132243446:C:T;var1;middle;OL41|K562|acf35b94d982b412,chr2:132243380:C:T;chr2:132243446:C:T;var1;middle;OL41,K562,K562_region_01305,100,166,66,CAATCCTGGTCCTTCCCTGGCCTCTTATCAAGTGTAGTCAAATACCCTGCAAAGGGAAACTGGATTCCTGGAGAAAAGATGCAACCGGGTGTCTAGGGACCCATTAGGTCATTTGTTTCACCATCTGTCACCCTGAACAAGCAGAGACTCCTGTGTCTGAGATGCCGTGGACCCCCGCTCTTCCAGAGGTACCTCCAGCT,44bdc76d9fecd0ea51af2397fb71cf6bd4b0cb27c2087d9080cc05f4cc6c659b,0.0,CAATCCTGGTCCTTCCCTGGCCTCTTATCAAGTGTAGTCAAATACCCTGCAAAGGGAAACTGGATTCCTGGAGAAAAGATGCAACCGGGTGTCTAGGGATCCATTAGGTCATTTGTTTCACCATCTGTCACCCTGAACAAGCAGAGACTCCTGTGTCTGAGATGCCGTGGACCCCCGCTCTTCCAGAGGTACCTCCAGCT,bb72767602979a1a15b2ba56914b03697e9d54c99de3989c79fef537674ce545,0.119626063487364,CAATCCTGGTCCTTCCCTGGCCTCTTATCAAGTGTAGTCAAATACCCTGCAAAGGGAAACTGGATTCCTGGAGAAAAGATGCAACCGGGTGTCTAGGGACCCATTAGGTCATTTGTTTCACCATCTGTCACCCTGAACAAGCAGAGACTCCTGTGTCTGAGATGCTGTGGACCCCCGCTCTTCCAGAGGTACCTCCAGCT,1f36291d1cf7ea472b0a6dade0f36f43449ca0d8dd88310d511821443042f508,0.181543311502228,CAATCCTGGTCCTTCCCTGGCCTCTTATCAAGTGTAGTCAAATACCCTGCAAAGGGAAACTGGATTCCTGGAGAAAAGATGCAACCGGGTGTCTAGGGATCCATTAGGTCATTTGTTTCACCATCTGTCACCCTGAACAAGCAGAGACTCCTGTGTCTGAGATGCTGTGGACCCCCGCTCTTCCAGAGGTACCTCCAGCT,acf35b94d982b412d58aa6910152cad5426bf5720d93bf1b8f155410d6c9d997,-0.0307865583586261,0.3319559333482181,0.556339758430035,-388.4986631644424,-390.3945212438703,-390.6727957269177,-391.6876894517336,-0.8809643546119332,1.0,0.3319559333482181,0.0,3,0.1796985701763503,0.18106719778262317,0.1474303780702046,0.027365108179780745,1.0
chr2:132250941:T:C;chr2:132250966:T:C;var1;middle;OL41|K562|e38f94d263fee1cb,chr2:132250941:T:C;chr2:132250966:T:C;var1;middle;OL41,K562,K562_region_01306,100,125,25,GGGCAGGCTGGGGAGTGGAGGGCCCCGGCTGAGTCTTCCTGCCACTCCTCTGGGCCATGCCTTTGTGCCACCTTCCCGCGCCGCTCGTACACTCTGTTCTGGTCCGGTAGGTGTTCGTTGAAGGTTACCCGTCGTTGAAGGAATTGAGGGAAGGAGAGCTTTGTGTTGAAATTGAGCCTTGGGCTCAACAGGCGGTGTGG,ec6cf401ff3a531c754ec6fab2cbdb9453e312bf3a2a4ab42f93ba4d2c7aeaa3,0.0,GGGCAGGCTGGGGAGTGGAGGGCCCCGGCTGAGTCTTCCTGCCACTCCTCTGGGCCATGCCTTTGTGCCACCTTCCCGCGCCGCTCGTACACTCTGTTCCGGTCCGGTAGGTGTTCGTTGAAGGTTACCCGTCGTTGAAGGAATTGAGGGAAGGAGAGCTTTGTGTTGAAATTGAGCCTTGGGCTCAACAGGCGGTGTGG,06b74d1e9f57db49bc4e1adbca27f87f069b83662ae3d64e184aa600cc487655,-0.0435620860030347,GGGCAGGCTGGGGAGTGGAGGGCCCCGGCTGAGTCTTCCTGCCACTCCTCTGGGCCATGCCTTTGTGCCACCTTCCCGCGCCGCTCGTACACTCTGTTCTGGTCCGGTAGGTGTTCGTTGAAGGCTACCCGTCGTTGAAGGAATTGAGGGAAGGAGAGCTTTGTGTTGAAATTGAGCCTTGGGCTCAACAGGCGGTGTGG,d0490e853fa104d24b60490519c66a4d45d7448eae800f1c47dd6cebadf12d3e,0.117869854272297,GGGCAGGCTGGGGAGTGGAGGGCCCCGGCTGAGTCTTCCTGCCACTCCTCTGGGCCATGCCTTTGTGCCACCTTCCCGCGCCGCTCGTACACTCTGTTCCGGTCCGGTAGGTGTTCGTTGAAGGCTACCCGTCGTTGAAGGAATTGAGGGAAGGAGAGCTTTGTGTTGAAATTGAGCCTTGGGCTCAACAGGCGGTGTGG,e38f94d263fee1cb72d2b7c3404ad59355cabc725116cc1a3e68875994ed54f2,0.016996111968214,-0.0573116563010483,0.211111760196485,-351.4564356068149,-341.92974900919944,-352.7666353965178,-346.2397896293551,-2.99984083045274,-1.0,0.0573116563010483,0.0,4,0.17248128959958242,0.17620727786206916,0.145609630836647,0.1748297397677986,1.0
chr2:132285310:C:A;chr2:132285356:C:A;var1;middle;OL41|K562|7d0884be85f2a4fc,chr2:132285310:C:A;chr2:132285356:C:A;var1;middle;OL41,K562,K562_region_01307,100,146,46,GCTCCCGCCACTACACCCGGCTACATTTTGTATTTTTAGTAGAGTTGGGGTTTCGCCATGTTGGTCAGGCTGGTCACGAACTCCTGACCTCAAATGATCCGTCCGCCTCGGCCTCCCAAACTTCGGGGATTACAGGCGTGAGCCCCGGCGCCCAGCCCTGGATGCCTTGTAAATCACTACTCACCCAGGAAGAGCCAGCG,fd9e709209271487dca370a402b5658ce15f492f21fc285a475fb8379f2bd11f,0.0,GCTCCCGCCACTACACCCGGCTACATTTTGTATTTTTAGTAGAGTTGGGGTTTCGCCATGTTGGTCAGGCTGGTCACGAACTCCTGACCTCAAATGATCAGTCCGCCTCGGCCTCCCAAACTTCGGGGATTACAGGCGTGAGCCCCGGCGCCCAGCCCTGGATGCCTTGTAAATCACTACTCACCCAGGAAGAGCCAGCG,072b52af985ccaecbd744fd620be5f11273d539d4cf1122e940865e74c64530d,-0.2636207490263,GCTCCCGCCACTACACCCGGCTACATTTTGTATTTTTAGTAGAGTTGGGGTTTCGCCATGTTGGTCAGGCTGGTCACGAACTCCTGACCTCAAATGATCCGTCCGCCTCGGCCTCCCAAACTTCGGGGATTACAGGCGTGAGCCCAGGCGCCCAGCCCTGGATGCCTTGTAAATCACTACTCACCCAGGAAGAGCCAGCG,1aab55d26077e63b44e6e852dd0dc58a0a97abad13b66f2f23af2c6bde54792d,-0.198844763141087,GCTCCCGCCACTACACCCGGCTACATTTTGTATTTTTAGTAGAGTTGGGGTTTCGCCATGTTGGTCAGGCTGGTCACGAACTCCTGACCTCAAATGATCAGTCCGCCTCGGCCTCCCAAACTTCGGGGATTACAGGCGTGAGCCCAGGCGCCCAGCCCTGGATGCCTTGTAAATCACTACTCACCCAGGAAGAGCCAGCG,7d0884be85f2a4fc86d503cd147ea6b7d32374dbf50d4ad8ec2cde78509fb3ca,0.0839850909355849,0.5464506031029719,0.341669084677682,-136.59127319417894,-140.50227251835167,-139.402626903262,-142.94847597321495,0.36515025421977043,-1.0,-0.5464506031029719,0.0,2,0.17572615666326952,0.17490732828716207,0.146091925319964,0.03337308916687068,1.0
chr2:132440040:T:C;chr2:132440073:G:C;var1;middle;OL41|K562|93d5a05f3e06f177,chr2:132440040:T:C;chr2:132440073:G:C;var1;middle;OL41,K562,K562_region_01308,100,133,33,GGCTCAGCCTGTGCCGCAACCCTAAGCGGCTTCTGGCAAGTCCGAGCCGCGGTCCCTTTAAGAGGGGGTGGAGCTTCAACCTGGCACTAGGGATGCTGCTAGCGTGCGTGTCCCTACGGAGCTGAGACTGCAGTTCCTGCGACGCCCCTGCAGCAGCAGCAGCGTGGTCAGAGCGAGCTTCTGAGCGGTGGTGGGTTCCA,324e0ad0abf8c07cde8b386ac0a41fa8a3ccd98e9688e70c7170450d6499b529,0.0,GGCTCAGCCTGTGCCGCAACCCTAAGCGGCTTCTGGCAAGTCCGAGCCGCGGTCCCTTTAAGAGGGGGTGGAGCTTCAACCTGGCACTAGGGATGCTGCCAGCGTGCGTGTCCCTACGGAGCTGAGACTGCAGTTCCTGCGACGCCCCTGCAGCAGCAGCAGCGTGGTCAGAGCGAGCTTCTGAGCGGTGGTGGGTTCCA,9d3ee8b3b86d87c48860b30fadab350fcee7a12e4ca820fbcde9e32603a108df,-1.79472632164714,GGCTCAGCCTGTGCCGCAACCCTAAGCGGCTTCTGGCAAGTCCGAGCCGCGGTCCCTTTAAGAGGGGGTGGAGCTTCAACCTGGCACTAGGGATGCTGCTAGCGTGCGTGTCCCTACGGAGCTGAGACTGCACTTCCTGCGACGCCCCTGCAGCAGCAGCAGCGTGGTCAGAGCGAGCTTCTGAGCGGTGGTGGGTTCCA,172b24ba7f86ea55deda8f6f98facdda301bacde2e4e3db3941d7c0f004c3d98,0.935049512437723,GGCTCAGCCTGTGCCGCAACCCTAAGCGGCTTCTGGCAAGTCCGAGCCGCGGTCCCTTTAAGAGGGGGTGGAGCTTCAACCTGGCACTAGGGATGCTGCCAGCGTGCGTGTCCCTACGGAGCTGAGACTGCACTTCCTGCGACGCCCCTGCAGCAGCAGCAGCGTGGTCAGAGCGAGCTTCTGAGCGGTGGTGGGTTCCA,93d5a05f3e06f1771d6523758c407ca36125dd8f7681a551a3c3a88418baa0ec,-0.844799313760816,0.014877495448601,0.189782263265437,-334.29818441160023,-325.7692808136344,-327.18921222165227,-325.614243330434,-6.953934706747589,-1.0,-0.014877495448601,0.0,4,0.1675805408961044,0.17620727786206916,0.145609630836647,0.2523482480169236,1.0
chr2:132795438:T:A;chr2:132795483:T:C;var1;middle;OL41|K562|1fbf96fc7e4102c5,chr2:132795438:T:A;chr2:132795483:T:C;var1;middle;OL41,K562,K562_region_01309,100,145,45,CCCGGGTCCCCGAACCCCTTACCTCCAGGGTCCGTATCTCCTGCTGGGTGAGGCCGTTGGACACAGCGCACTTGGTGCGCAGCCCGTGCAGGCTGCCGATGGAGATGCCGATGAGCTTCTGTAGCTGCCCGCACTGCTGCAGCGTCCGGCTGGCCGCGGCCCCTGCGCCACCCCATCACCCCCGCCCCCGCCCTCCTTCT,0179be2e99c894837672f8d1bf16c7b0be84d4b5a9d85b161a80da2e2897afde,0.0,CCCGGGTCCCCGAACCCCTTACCTCCAGGGTCCGTATCTCCTGCTGGGTGAGGCCGTTGGACACAGCGCACTTGGTGCGCAGCCCGTGCAGGCTGCCGAAGGAGATGCCGATGAGCTTCTGTAGCTGCCCGCACTGCTGCAGCGTCCGGCTGGCCGCGGCCCCTGCGCCACCCCATCACCCCCGCCCCCGCCCTCCTTCT,8f7251f5a69ac05063b782d19c3c7752d00ee534931de780f354ebfd1e3369c9,-0.166113179715119,CCCGGGTCCCCGAACCCCTTACCTCCAGGGTCCGTATCTCCTGCTGGGTGAGGCCGTTGGACACAGCGCACTTGGTGCGCAGCCCGTGCAGGCTGCCGATGGAGATGCCGATGAGCTTCTGTAGCTGCCCGCACTGCTGCAGCGCCCGGCTGGCCGCGGCCCCTGCGCCACCCCATCACCCCCGCCCCCGCCCTCCTTCT,80868ecf1c6a202116caee97bc62f01af9f9db58625c3fb54565f077e6ab1672,-0.529091578746393,CCCGGGTCCCCGAACCCCTTACCTCCAGGGTCCGTATCTCCTGCTGGGTGAGGCCGTTGGACACAGCGCACTTGGTGCGCAGCCCGTGCAGGCTGCCGAAGGAGATGCCGATGAGCTTCTGTAGCTGCCCGCACTGCTGCAGCGCCCGGCTGGCCGCGGCCCCTGCGCCACCCCATCACCCCCGCCCCCGCCCTCCTTCT,1fbf96fc7e4102c5d34f9eb00dc1a8fb7228001e6f277cdd3130c34ebb1c2c17,-0.146381195351489,0.548823563110023,0.418148756202115,-220.5614876167383,-220.9508938435465,-215.5668453017716,-215.3707070569508,0.5855444716289924,-1.0,-0.548823563110023,0.0,3,0.18265239086034535,0.18106719778262317,0.1474303780702046,0.1343619089998206,1.0
chr2:132796362:G:A;chr2:132796380:C:A;var1;middle;OL41|K562|f3850c784179a60d,chr2:132796362:G:A;chr2:132796380:C:A;var1;middle;OL41,K562,K562_region_01310,100,118,18,GGCGGCGGGCGCGAAAAGGCGCAAAAAGCCGCGGCGGCGGGGGCGAAAAGCCGCAAAAAGCAGCGGCGGCGGAGGCAAAAAGCCGCGGCGGCCGGGGCGGAAAGCCGCAAAAAGCCGCGGCGGGGCAGGGGCAAAATAGGAGAAATGAGGTAGGAGGCCAGCACAACTTGGCATTGCTGGAGTGTGATGTGATAGGAAAA,33a681bdc8ec5ff4aa346a05f1ab31d264e335b353bffaac376a1961962a243c,0.0,GGCGGCGGGCGCGAAAAGGCGCAAAAAGCCGCGGCGGCGGGGGCGAAAAGCCGCAAAAAGCAGCGGCGGCGGAGGCAAAAAGCCGCGGCGGCCGGGGCGAAAAGCCGCAAAAAGCCGCGGCGGGGCAGGGGCAAAATAGGAGAAATGAGGTAGGAGGCCAGCACAACTTGGCATTGCTGGAGTGTGATGTGATAGGAAAA,b71b138a083a64a5db34f12703c7bd01a92a933665f6600ea6c44590eca0c666,-0.344357126429224,GGCGGCGGGCGCGAAAAGGCGCAAAAAGCCGCGGCGGCGGGGGCGAAAAGCCGCAAAAAGCAGCGGCGGCGGAGGCAAAAAGCCGCGGCGGCCGGGGCGGAAAGCCGCAAAAAGCCGAGGCGGGGCAGGGGCAAAATAGGAGAAATGAGGTAGGAGGCCAGCACAACTTGGCATTGCTGGAGTGTGATGTGATAGGAAAA,0105f5e2e2e2b9d4f6d75afbc7d7d85acfeb9507958d4482f720e89ce6f92abf,-0.101698097626992,GGCGGCGGGCGCGAAAAGGCGCAAAAAGCCGCGGCGGCGGGGGCGAAAAGCCGCAAAAAGCAGCGGCGGCGGAGGCAAAAAGCCGCGGCGGCCGGGGCGAAAAGCCGCAAAAAGCCGAGGCGGGGCAGGGGCAAAATAGGAGAAATGAGGTAGGAGGCCAGCACAACTTGGCATTGCTGGAGTGTGATGTGATAGGAAAA,f3850c784179a60d660ca7209133305033c5f4a9fb098554525f20347bf6d78a,-0.387075393037474,-0.0589798310187419,0.329185529678403,-185.6648226303514,-183.40475332399365,-191.03354636696167,-187.6416049869731,-1.1318720736308023,1.0,-0.0589798310187419,0.0,0,0.18432229071339495,0.18565657667894103,0.15145376406925343,0.13522573694389545,1.0
chr2:135014116:G:A;chr2:135014126:T:C;var1;middle;OL30|K562|f1a5c6ce20b542fa,chr2:135014116:G:A;chr2:135014126:T:C;var1;middle;OL30,K562,K562_region_01311,100,110,10,AACCTTTTCCATGGGCAAGAAGAAGCCCCACAAATAGCAAATTTATAGGCTTTAAATTTCTGCAGTTGTTTTGGCTGTTTGTATTTCTTGTGTATTGATGAAAATCTCATAGGGAAGGCTTCCCCACATTTTAAAGGACAATAATTTGGTCTTAGCTTTTCAGCCTCACAGAAATATTATTTTTTAAGTTACAAAAAAAT,7be983a557480e34a393de87498847d2323883c4ea6510a55a246b04ec06a747,0.0,AACCTTTTCCATGGGCAAGAAGAAGCCCCACAAATAGCAAATTTATAGGCTTTAAATTTCTGCAGTTGTTTTGGCTGTTTGTATTTCTTGTGTATTGATAAAAATCTCATAGGGAAGGCTTCCCCACATTTTAAAGGACAATAATTTGGTCTTAGCTTTTCAGCCTCACAGAAATATTATTTTTTAAGTTACAAAAAAAT,5cfd546798d7c257213288dd93307d1e0e64727cd513d7177d83a4671f46b025,0.31603839069359,AACCTTTTCCATGGGCAAGAAGAAGCCCCACAAATAGCAAATTTATAGGCTTTAAATTTCTGCAGTTGTTTTGGCTGTTTGTATTTCTTGTGTATTGATGAAAATCTCACAGGGAAGGCTTCCCCACATTTTAAAGGACAATAATTTGGTCTTAGCTTTTCAGCCTCACAGAAATATTATTTTTTAAGTTACAAAAAAAT,a49635c0c13285039bfe0e221ba7b3ffa1d0344709bbd556de594463671e03c3,0.123994259164486,AACCTTTTCCATGGGCAAGAAGAAGCCCCACAAATAGCAAATTTATAGGCTTTAAATTTCTGCAGTTGTTTTGGCTGTTTGTATTTCTTGTGTATTGATAAAAATCTCACAGGGAAGGCTTCCCCACATTTTAAAGGACAATAATTTGGTCTTAGCTTTTCAGCCTCACAGAAATATTATTTTTTAAGTTACAAAAAAAT,f1a5c6ce20b542fa6c6f33e480a813a0ce300f52527dcd94136cefee6430a5ed,0.458769494952144,-0.0187368450940679,0.17429929848184,-330.85231938026845,-331.99071835167706,-321.3973054261878,-320.11027220310643,-2.4254321944899857,1.0,-0.0187368450940679,0.0,1,0.1798974282574442,0.18216460459877223,0.1501433469024087,0.2838623095484025,1.0
chr2:136808949:C:T;chr2:136809033:A:T;var1;middle;OL28|K562|e9c35e6dec5ba0b3,chr2:136808949:C:T;chr2:136809033:A:T;var1;middle;OL28,K562,K562_region_01312,100,184,84,TGTGAGTTTTAAAAATTCTCTTGGCCTCGATTTTCTTTGTTGTCAAATAAGACAGTTTTCCACTGTGGCAGGTACTGTTGATTAACTCTATAGTCATTTCAAACACCCTTTTCCTGTCTACTTCTCAGTATAGAATAGAGGCTGGTAAATGACATATGACTTCTCTCAGCCTGTCTTGCAATTAGGTGGCTCATGTGACC,061e6fa0e377e8e23b484ead43347ab3998b9a5e1ced98412ca935e00c309297,0.0,TGTGAGTTTTAAAAATTCTCTTGGCCTCGATTTTCTTTGTTGTCAAATAAGACAGTTTTCCACTGTGGCAGGTACTGTTGATTAACTCTATAGTCATTTTAAACACCCTTTTCCTGTCTACTTCTCAGTATAGAATAGAGGCTGGTAAATGACATATGACTTCTCTCAGCCTGTCTTGCAATTAGGTGGCTCATGTGACC,5a717125583440830bb85d4826c8377cbfaa8d94ada1361a433fc04423177140,0.024551292328294,TGTGAGTTTTAAAAATTCTCTTGGCCTCGATTTTCTTTGTTGTCAAATAAGACAGTTTTCCACTGTGGCAGGTACTGTTGATTAACTCTATAGTCATTTCAAACACCCTTTTCCTGTCTACTTCTCAGTATAGAATAGAGGCTGGTAAATGACATATGACTTCTCTCAGCCTGTCTTGCAATTTGGTGGCTCATGTGACC,107d9675fb520bb3ff9074a036db401ff0c40a99a4f6b2c30352461d59e72ca9,0.0386447894146308,TGTGAGTTTTAAAAATTCTCTTGGCCTCGATTTTCTTTGTTGTCAAATAAGACAGTTTTCCACTGTGGCAGGTACTGTTGATTAACTCTATAGTCATTTTAAACACCCTTTTCCTGTCTACTTCTCAGTATAGAATAGAGGCTGGTAAATGACATATGACTTCTCTCAGCCTGTCTTGCAATTTGGTGGCTCATGTGACC,e9c35e6dec5ba0b32bed5ff7e8f8f5019836189a64ae5d97cbefd25bbb728229,0.0205139608335012,0.0426821209094235,0.140727887977465,-315.0233909711242,-306.5101478174329,-305.2776400651783,-302.48732945136726,5.722932539880276,1.0,0.0426821209094235,0.0,0,0.19312652226584326,0.18565657667894103,0.15145376406925343,0.29884350264996573,1.0
chr2:143556890:C:A;chr2:143556962:G:A;var1;middle;OL29|K562|979a590838d9d223,chr2:143556890:C:A;chr2:143556962:G:A;var1;middle;OL29,K562,K562_region_01313,100,172,72,TGCAAGCATCTCATAAATCCTCCTCATTATATCTCTCTAAAATAGTCAGGTTATAGGTATTATTATTCATATTTAACATAAGACAAGAGCAATTTAAAACGCTTATAATTCCATTTATCTAAAAAGATAAAACTATTCACCCCAGAAAGACTAAATATAACTTGGCAGTGAGACATATTGGTCCTGAGTTGCTTTAAAGT,f7782022128f4fd66d2dbbf33f4f761e4b31a7e48f85407d497c60d38de03cff,0.0,TGCAAGCATCTCATAAATCCTCCTCATTATATCTCTCTAAAATAGTCAGGTTATAGGTATTATTATTCATATTTAACATAAGACAAGAGCAATTTAAAAAGCTTATAATTCCATTTATCTAAAAAGATAAAACTATTCACCCCAGAAAGACTAAATATAACTTGGCAGTGAGACATATTGGTCCTGAGTTGCTTTAAAGT,32567581afe04798249dd27654fbf5660dee446e76a42449a280f6e9d3d5ea82,-0.35230657419961,TGCAAGCATCTCATAAATCCTCCTCATTATATCTCTCTAAAATAGTCAGGTTATAGGTATTATTATTCATATTTAACATAAGACAAGAGCAATTTAAAACGCTTATAATTCCATTTATCTAAAAAGATAAAACTATTCACCCCAGAAAGACTAAATATAACTTGGCAGTGAAACATATTGGTCCTGAGTTGCTTTAAAGT,b511c40b787d43967e053992992459fae12f6365613355186b7faf29cdbdbb2c,-0.444108397864114,TGCAAGCATCTCATAAATCCTCCTCATTATATCTCTCTAAAATAGTCAGGTTATAGGTATTATTATTCATATTTAACATAAGACAAGAGCAATTTAAAAAGCTTATAATTCCATTTATCTAAAAAGATAAAACTATTCACCCCAGAAAGACTAAATATAACTTGGCAGTGAAACATATTGGTCCTGAGTTGCTTTAAAGT,979a590838d9d223ec704d35e211bf01f97ca4244834e67be1c377daaf7ea4ff,-0.175539995381292,0.620874976682432,0.285714835177607,-251.8230187147856,-246.3674383163452,-249.98109447956085,-244.7682413905859,-0.24272730946543675,-1.0,-0.620874976682432,0.0,3,0.18098409792191322,0.18106719778262317,0.1474303780702046,0.2675746864925093,1.0
chr2:15906179:C:T;chr2:15906185:T:C;var1;middle;OL31|K562|32c792dd42466d16,chr2:15906179:C:T;chr2:15906185:T:C;var1;middle;OL31,K562,K562_region_01216,100,106,6,TCGCTTTTGTCCCCCTTTGACTTGACACAGCCCAGAGACCCAGTAACAGAGCAGCCCTGTGGTCCACAGAGAGCAGTGGGAGGAGGAGAGGCCTGTGGTCCCCCCTCAACAGAGGTGAGGATGAAAGGGAGCTAGTGAGCTAGGTTGGCCTCTCTGACCCAGCCAGAAGAAGCGTCCCCTCCATCAGCCCTGGTAGTGGA,491b72e8e51b29055579111af0fd4a6a3ffde4b88aa7256da1fb2efb6002b2a1,0.0,TCGCTTTTGTCCCCCTTTGACTTGACACAGCCCAGAGACCCAGTAACAGAGCAGCCCTGTGGTCCACAGAGAGCAGTGGGAGGAGGAGAGGCCTGTGGTTCCCCCTCAACAGAGGTGAGGATGAAAGGGAGCTAGTGAGCTAGGTTGGCCTCTCTGACCCAGCCAGAAGAAGCGTCCCCTCCATCAGCCCTGGTAGTGGA,bc1bbd31914306212eeaeff9d98b5e443a2d7152db0697c301c30bea6b5d0ba6,0.026432814876065,TCGCTTTTGTCCCCCTTTGACTTGACACAGCCCAGAGACCCAGTAACAGAGCAGCCCTGTGGTCCACAGAGAGCAGTGGGAGGAGGAGAGGCCTGTGGTCCCCCCCCAACAGAGGTGAGGATGAAAGGGAGCTAGTGAGCTAGGTTGGCCTCTCTGACCCAGCCAGAAGAAGCGTCCCCTCCATCAGCCCTGGTAGTGGA,e42251abba52f943ae243a3b94121738c2b09f9f243ef06320effed61ae3c853,0.28908418004129,TCGCTTTTGTCCCCCTTTGACTTGACACAGCCCAGAGACCCAGTAACAGAGCAGCCCTGTGGTCCACAGAGAGCAGTGGGAGGAGGAGAGGCCTGTGGTTCCCCCCCAACAGAGGTGAGGATGAAAGGGAGCTAGTGAGCTAGGTTGGCCTCTCTGACCCAGCCAGAAGAAGCGTCCCCTCCATCAGCCCTGGTAGTGGA,32c792dd42466d167b887a9a9073b24a72f45ff5171976f7205e1f8190d67ada,0.141323775064581,0.174193219852774,0.205989404101001,-288.57565877819434,-285.3169120727107,-285.0897714192979,-282.3079901179299,0.4769654041156173,1.0,0.174193219852774,0.0,1,0.18285044329149683,0.18216460459877223,0.1501433469024087,0.20006726556277382,1.0
chr2:15906778:T:C;chr2:15906854:T:C;var1;middle;OL31|K562|5e8f7d007d51b3e9,chr2:15906778:T:C;chr2:15906854:T:C;var1;middle;OL31,K562,K562_region_01217,100,176,76,TTTACCAAGTTTGTGCAAATAGATAAAGAACAAAGTGGCCCATAAATCAGAGCAACAGGAAAAACAAATAATTCTCTCCCCCCTTGGGAAAGAAGCCGCTGCGGTGTGGGTGGAGGTGGAGGGTGAGGGGAACGCTGTCCAGGTTACCTTCGTGGTTTCTCCTGATGCCGCTGAGTGGCTGCCCACCTGGATGGAGGTGG,f1259a6d8e042654b739f3e392474136ac5693b8c10ff7e70b944f3891e75ee4,0.0,TTTACCAAGTTTGTGCAAATAGATAAAGAACAAAGTGGCCCATAAATCAGAGCAACAGGAAAAACAAATAATTCTCTCCCCCCTTGGGAAAGAAGCCGCCGCGGTGTGGGTGGAGGTGGAGGGTGAGGGGAACGCTGTCCAGGTTACCTTCGTGGTTTCTCCTGATGCCGCTGAGTGGCTGCCCACCTGGATGGAGGTGG,4af6c53149a618d7c03a3f0317b26a1d5c2201969d06beb69376582a7be5a125,0.107210176306367,TTTACCAAGTTTGTGCAAATAGATAAAGAACAAAGTGGCCCATAAATCAGAGCAACAGGAAAAACAAATAATTCTCTCCCCCCTTGGGAAAGAAGCCGCTGCGGTGTGGGTGGAGGTGGAGGGTGAGGGGAACGCTGTCCAGGTTACCTTCGTGGTTTCTCCTGATGCCGCTGAGCGGCTGCCCACCTGGATGGAGGTGG,64c0eff23665c8ce9c030e2fb28701bbbf0570c7eb6dc55039e9efbf06c9f9e4,-0.16894241393194,TTTACCAAGTTTGTGCAAATAGATAAAGAACAAAGTGGCCCATAAATCAGAGCAACAGGAAAAACAAATAATTCTCTCCCCCCTTGGGAAAGAAGCCGCCGCGGTGTGGGTGGAGGTGGAGGGTGAGGGGAACGCTGTCCAGGTTACCTTCGTGGTTTCTCCTGATGCCGCTGAGCGGCTGCCCACCTGGATGGAGGTGG,5e8f7d007d51b3e9389624debb23cf134e09d4bcb6335628be842bc2212f27ce,0.0320009007541903,0.0937331383797633,0.299109819034036,-300.6411074735224,-296.0764230489731,-298.1566000301391,-294.2624006131664,-0.6704850075766444,-1.0,-0.0937331383797633,0.0,2,0.17421818798910002,0.17490732828716207,0.146091925319964,0.2057725719383217,1.0
chr2:160678144:G:A;chr2:160678186:C:T;var1;middle;OL28|K562|b15639f20962a2c7,chr2:160678144:G:A;chr2:160678186:C:T;var1;middle;OL28,K562,K562_region_01314,100,142,42,TGAACCTAGGAGGCAGAGGTAGCAGTGAGCCAAGATCATGCCACTGCACCACTTCAGCTTCGGTGACAAGAGCAAAAGTCTGTCTCAAAAAAAAAAAAAGAAAAGAAAAGAAAGAAAACATAGGAGTAAGTCTTCATAACCCTGGGGTAAGCAAAGCCTTCTTACATATGCACAAATGACAAAAGAAAAACACTTTTGTG,84bf700a0f813fd35903bc1e0d238cdacf4bfbbf217ad064ea9b98a77038ab3e,0.0,TGAACCTAGGAGGCAGAGGTAGCAGTGAGCCAAGATCATGCCACTGCACCACTTCAGCTTCGGTGACAAGAGCAAAAGTCTGTCTCAAAAAAAAAAAAAAAAAAGAAAAGAAAGAAAACATAGGAGTAAGTCTTCATAACCCTGGGGTAAGCAAAGCCTTCTTACATATGCACAAATGACAAAAGAAAAACACTTTTGTG,7ddbdb93e29a39aedaea5e66abc676d9051228a43ce7aba74705909cf716d452,0.184931068355478,TGAACCTAGGAGGCAGAGGTAGCAGTGAGCCAAGATCATGCCACTGCACCACTTCAGCTTCGGTGACAAGAGCAAAAGTCTGTCTCAAAAAAAAAAAAAGAAAAGAAAAGAAAGAAAACATAGGAGTAAGTCTTCATAACCTTGGGGTAAGCAAAGCCTTCTTACATATGCACAAATGACAAAAGAAAAACACTTTTGTG,ab15c6dfe6196f257d46c67d0fa067f3a5cfb6b6f24afbce117bc91014935103,0.230819655161246,TGAACCTAGGAGGCAGAGGTAGCAGTGAGCCAAGATCATGCCACTGCACCACTTCAGCTTCGGTGACAAGAGCAAAAGTCTGTCTCAAAAAAAAAAAAAAAAAAGAAAAGAAAGAAAACATAGGAGTAAGTCTTCATAACCTTGGGGTAAGCAAAGCCTTCTTACATATGCACAAATGACAAAAGAAAAACACTTTTGTG,b15639f20962a2c788d9703a7ec84edecd52738686a853c3737d7d70e506fa00,0.198032620274596,0.217718103242128,0.318963897557796,-186.14505954668857,-194.43116820137948,-190.06664107122924,-198.44975842908025,0.09700870316009969,1.0,0.217718103242128,0.0,4,0.1763195599622833,0.17620727786206916,0.145609630836647,0.2843315885876595,1.0
chr2:160754050:T:C;chr2:160754132:A:C;var1;middle;OL41|K562|4a7ba2ae9c0a0c8b,chr2:160754050:T:C;chr2:160754132:A:C;var1;middle;OL41,K562,K562_region_01315,100,182,82,TGTCAACTATTCAAAGGCCAGGGAATGATGAAAAGGAAACCCTATCTCTAATTCTCTAATATTTCTCCACAACAGAACTTGACATTCTCAGAATAATTCTTGCATCCTCACTAGGAAATAGAAAGCTAGAAAGAAAAACTTGTGCAGATGGATAATGGAAAGTATGGGAGCAAGCTGCTATAGTGACTTTGAGGCCAAAT,b45f451e8014945bc0279d0c8cd11773e9500944536eedb08e4086e44fa5f9ee,0.0,TGTCAACTATTCAAAGGCCAGGGAATGATGAAAAGGAAACCCTATCTCTAATTCTCTAATATTTCTCCACAACAGAACTTGACATTCTCAGAATAATTCCTGCATCCTCACTAGGAAATAGAAAGCTAGAAAGAAAAACTTGTGCAGATGGATAATGGAAAGTATGGGAGCAAGCTGCTATAGTGACTTTGAGGCCAAAT,1498f4642fd3e970e44b1ee73438d172076cd6b1e17b5627df971f90480917ae,0.439458546141804,TGTCAACTATTCAAAGGCCAGGGAATGATGAAAAGGAAACCCTATCTCTAATTCTCTAATATTTCTCCACAACAGAACTTGACATTCTCAGAATAATTCTTGCATCCTCACTAGGAAATAGAAAGCTAGAAAGAAAAACTTGTGCAGATGGATAATGGAAAGTATGGGAGCAAGCTGCTATCGTGACTTTGAGGCCAAAT,5d623902b2188033689f18e4140332f282a652071c412c8e334579a0756160f8,-0.0484920317556032,TGTCAACTATTCAAAGGCCAGGGAATGATGAAAAGGAAACCCTATCTCTAATTCTCTAATATTTCTCCACAACAGAACTTGACATTCTCAGAATAATTCCTGCATCCTCACTAGGAAATAGAAAGCTAGAAAGAAAAACTTGTGCAGATGGATAATGGAAAGTATGGGAGCAAGCTGCTATCGTGACTTTGAGGCCAAAT,4a7ba2ae9c0a0c8be81a3b138a290778c35869ac9278af406b478104ff57210e,0.460703991143222,0.0697374767570211,0.443067665455223,-249.6760426461697,-249.6099998652935,-253.9397521317005,-252.4573829770088,1.4163263738155365,-1.0,-0.0697374767570211,0.0,0,0.18759516724858996,0.18565657667894103,0.15145376406925343,0.2268683954474963,1.0
chr2:160754050:T:C;chr2:160754133:G:C;var1;middle;OL41|K562|4256075f5cd41b72,chr2:160754050:T:C;chr2:160754133:G:C;var1;middle;OL41,K562,K562_region_01315,100,183,83,TGTCAACTATTCAAAGGCCAGGGAATGATGAAAAGGAAACCCTATCTCTAATTCTCTAATATTTCTCCACAACAGAACTTGACATTCTCAGAATAATTCTTGCATCCTCACTAGGAAATAGAAAGCTAGAAAGAAAAACTTGTGCAGATGGATAATGGAAAGTATGGGAGCAAGCTGCTATAGTGACTTTGAGGCCAAAT,b45f451e8014945bc0279d0c8cd11773e9500944536eedb08e4086e44fa5f9ee,0.0,TGTCAACTATTCAAAGGCCAGGGAATGATGAAAAGGAAACCCTATCTCTAATTCTCTAATATTTCTCCACAACAGAACTTGACATTCTCAGAATAATTCCTGCATCCTCACTAGGAAATAGAAAGCTAGAAAGAAAAACTTGTGCAGATGGATAATGGAAAGTATGGGAGCAAGCTGCTATAGTGACTTTGAGGCCAAAT,1498f4642fd3e970e44b1ee73438d172076cd6b1e17b5627df971f90480917ae,0.439460392517694,TGTCAACTATTCAAAGGCCAGGGAATGATGAAAAGGAAACCCTATCTCTAATTCTCTAATATTTCTCCACAACAGAACTTGACATTCTCAGAATAATTCTTGCATCCTCACTAGGAAATAGAAAGCTAGAAAGAAAAACTTGTGCAGATGGATAATGGAAAGTATGGGAGCAAGCTGCTATACTGACTTTGAGGCCAAAT,9110911dfc3129d212bebd5e631fc1784fe177379848a8736e32b2133a682c83,-0.045577623324157,TGTCAACTATTCAAAGGCCAGGGAATGATGAAAAGGAAACCCTATCTCTAATTCTCTAATATTTCTCCACAACAGAACTTGACATTCTCAGAATAATTCCTGCATCCTCACTAGGAAATAGAAAGCTAGAAAGAAAAACTTGTGCAGATGGATAATGGAAAGTATGGGAGCAAGCTGCTATACTGACTTTGAGGCCAAAT,4256075f5cd41b729c86e11dac8951c0ef4bede633d129515621045a53db1e83,0.10478085084131,-0.289101918352227,0.45816484937484,-249.6760426461697,-249.6099998652935,-250.174540579319,-248.87987515330315,1.2286226451396658,-1.0,0.289101918352227,0.0,0,0.1873540827562234,0.18565657667894103,0.15145376406925343,0.2804927530721659,1.0
chr2:164444356:G:T;chr2:164444419:A:G;var1;middle;OL30|K562|6d0d96362ad32ae8,chr2:164444356:G:T;chr2:164444419:A:G;var1;middle;OL30,K562,K562_region_01316,100,163,63,GAACTCGAATATTGAATAAACTCTTGAATGACTTTGAGCTCTGGATGCTGAGCTTGGTAACCTTGAACCTCCCATAAATTGGGGAAAACCTCTAAAGCAGCCAAAACAAAGCTCTTGACTTTCTAAATATAACATTTGTTTGACTCCTTGACTTAATTGTGAACTCTTGTTTTTCCTTGACTGGTTTGCCACTATCATTT,ea738e3a7988d0a4177f2465f99965fca8d1a05d62ea64fe4a31f037b98d4a2d,0.0,GAACTCGAATATTGAATAAACTCTTGAATGACTTTGAGCTCTGGATGCTGAGCTTGGTAACCTTGAACCTCCCATAAATTGGGGAAAACCTCTAAAGCATCCAAAACAAAGCTCTTGACTTTCTAAATATAACATTTGTTTGACTCCTTGACTTAATTGTGAACTCTTGTTTTTCCTTGACTGGTTTGCCACTATCATTT,4e42cb4ecf7281384ca6af47f401dc7775d4f75b6e125976b5c5f8ac84c7a3ae,0.177907982774535,GAACTCGAATATTGAATAAACTCTTGAATGACTTTGAGCTCTGGATGCTGAGCTTGGTAACCTTGAACCTCCCATAAATTGGGGAAAACCTCTAAAGCAGCCAAAACAAAGCTCTTGACTTTCTAAATATAACATTTGTTTGACTCCTTGACTTAATTGTGAGCTCTTGTTTTTCCTTGACTGGTTTGCCACTATCATTT,ad3b37b5ee5088c3575d27fbecc66e73ba9e3fba64bc004c4efc415b38544eb4,0.444136162114553,GAACTCGAATATTGAATAAACTCTTGAATGACTTTGAGCTCTGGATGCTGAGCTTGGTAACCTTGAACCTCCCATAAATTGGGGAAAACCTCTAAAGCATCCAAAACAAAGCTCTTGACTTTCTAAATATAACATTTGTTTGACTCCTTGACTTAATTGTGAGCTCTTGTTTTTCCTTGACTGGTTTGCCACTATCATTT,6d0d96362ad32ae88f1559cf974c740dbb8605314b4c694b4866ea122fa16119,0.446007641541496,0.1760365033475919,0.242258027763189,-435.394019858446,-429.106361433398,-450.94754774682224,-445.2723357164068,0.6124463946325704,1.0,0.1760365033475919,0.0,4,0.17695839927091764,0.17620727786206916,0.145609630836647,0.22265047697544618,1.0
chr2:164936940:G:A;chr2:164936964:C:T;var1;middle;OL30|K562|a3b9cc1d68823bde,chr2:164936940:G:A;chr2:164936964:C:T;var1;middle;OL30,K562,K562_region_01317,100,124,24,ACAGCAGCCCCGCGTCTCTCAGAATCATTTATCTTGACTTCCAAATAAGATTTCATTTGGTAGGTGTTAGTTTTTGACACCAAAAAAATAATTAGAATAGCACTGGCTTGGGATGATTTCTTTCTCCTACCCTCCCTCTTTTGTCTCTAGCTCCTTTATCCATTTCCCAAGCAATTCATCTTGCCTCCCTTTCTGGTAAA,877f2765f3d4ae61cba3bd562b11ff1c599930ecc818799243b5ea4711652e47,0.0,ACAGCAGCCCCGCGTCTCTCAGAATCATTTATCTTGACTTCCAAATAAGATTTCATTTGGTAGGTGTTAGTTTTTGACACCAAAAAAATAATTAGAATAACACTGGCTTGGGATGATTTCTTTCTCCTACCCTCCCTCTTTTGTCTCTAGCTCCTTTATCCATTTCCCAAGCAATTCATCTTGCCTCCCTTTCTGGTAAA,f396d49839ab33f6c5f78517bc0fb8846f349273b23634d75696198ff808cd5f,0.0045832259958564,ACAGCAGCCCCGCGTCTCTCAGAATCATTTATCTTGACTTCCAAATAAGATTTCATTTGGTAGGTGTTAGTTTTTGACACCAAAAAAATAATTAGAATAGCACTGGCTTGGGATGATTTCTTTTTCCTACCCTCCCTCTTTTGTCTCTAGCTCCTTTATCCATTTCCCAAGCAATTCATCTTGCCTCCCTTTCTGGTAAA,8e4cae2efa698ebab3666e50a211a150c46e752b06b12857b06c9a2835f19641,0.0055640949636737,ACAGCAGCCCCGCGTCTCTCAGAATCATTTATCTTGACTTCCAAATAAGATTTCATTTGGTAGGTGTTAGTTTTTGACACCAAAAAAATAATTAGAATAACACTGGCTTGGGATGATTTCTTTTTCCTACCCTCCCTCTTTTGTCTCTAGCTCCTTTATCCATTTCCCAAGCAATTCATCTTGCCTCCCTTTCTGGTAAA,a3b9cc1d68823bde8cad4a7235e515ae432f5d73c32285efdf4a9aba434f36b8,-0.0214164638299551,0.0315637847894852,0.201149221305827,-298.1581268296577,-296.9394516106695,-305.77243963396177,-304.7562751872465,0.20251077227294445,1.0,0.0315637847894852,0.0,0,0.18603615656622982,0.18565657667894103,0.15145376406925343,0.1930139015474523,1.0
chr2:169764141:A:C;chr2:169764148:G:A;var1;middle;OL31|K562|b70924d4956ead92,chr2:169764141:A:C;chr2:169764148:G:A;var1;middle;OL31,K562,K562_region_01318,100,107,7,ACACAGTCATTGTCAGTGTCTCTTTCCAATCCTCAGGCATGCTGGTGGCAGAGGCCTTTGAACACACTCCAGGCATCCAAACGGCCAGTCTGGGCACATACCTGAAGACCAACCTCTTTCTCTTCCTGTTTGCAGTTGGCTTTTACCTGCTTCTTAGGGTGCTCAACATTGACCTGCTGTGGTCCGTGCCCATAGCCAAA,caf6857591346041c53584e64b5241f824a73174c2ec1f45056185f75a782790,0.0,ACACAGTCATTGTCAGTGTCTCTTTCCAATCCTCAGGCATGCTGGTGGCAGAGGCCTTTGAACACACTCCAGGCATCCAAACGGCCAGTCTGGGCACATCCCTGAAGACCAACCTCTTTCTCTTCCTGTTTGCAGTTGGCTTTTACCTGCTTCTTAGGGTGCTCAACATTGACCTGCTGTGGTCCGTGCCCATAGCCAAA,e220b5d42a74cb3cadb50b4e0d123dca53070ed82831ead913db05b96c662bf0,-0.249612732077902,ACACAGTCATTGTCAGTGTCTCTTTCCAATCCTCAGGCATGCTGGTGGCAGAGGCCTTTGAACACACTCCAGGCATCCAAACGGCCAGTCTGGGCACATACCTGAAAACCAACCTCTTTCTCTTCCTGTTTGCAGTTGGCTTTTACCTGCTTCTTAGGGTGCTCAACATTGACCTGCTGTGGTCCGTGCCCATAGCCAAA,5376067c38116f18a9e4d93576edc105b4e63752f1c9bceea1f2aa853a3dc370,0.0878122830069485,ACACAGTCATTGTCAGTGTCTCTTTCCAATCCTCAGGCATGCTGGTGGCAGAGGCCTTTGAACACACTCCAGGCATCCAAACGGCCAGTCTGGGCACATCCCTGAAAACCAACCTCTTTCTCTTCCTGTTTGCAGTTGGCTTTTACCTGCTTCTTAGGGTGCTCAACATTGACCTGCTGTGGTCCGTGCCCATAGCCAAA,b70924d4956ead924882e47288ac1b54b2c9f9e219a8ca233a0b7d1405f03693,0.19613511503392,0.3579355641048735,0.342965477584905,-273.030930512934,-286.5198137222324,-252.6466083386913,-268.5869308809052,-2.451439332915527,-1.0,-0.3579355641048735,0.0,0,0.18262745382820159,0.18565657667894103,0.15145376406925343,0.2337749680260049,1.0
chr2:169764141:A:C;chr2:169764176:G:C;var1;middle;OL31|K562|d51c7fbd91939fff,chr2:169764141:A:C;chr2:169764176:G:C;var1;middle;OL31,K562,K562_region_01318,100,135,35,ACACAGTCATTGTCAGTGTCTCTTTCCAATCCTCAGGCATGCTGGTGGCAGAGGCCTTTGAACACACTCCAGGCATCCAAACGGCCAGTCTGGGCACATACCTGAAGACCAACCTCTTTCTCTTCCTGTTTGCAGTTGGCTTTTACCTGCTTCTTAGGGTGCTCAACATTGACCTGCTGTGGTCCGTGCCCATAGCCAAA,caf6857591346041c53584e64b5241f824a73174c2ec1f45056185f75a782790,0.0,ACACAGTCATTGTCAGTGTCTCTTTCCAATCCTCAGGCATGCTGGTGGCAGAGGCCTTTGAACACACTCCAGGCATCCAAACGGCCAGTCTGGGCACATCCCTGAAGACCAACCTCTTTCTCTTCCTGTTTGCAGTTGGCTTTTACCTGCTTCTTAGGGTGCTCAACATTGACCTGCTGTGGTCCGTGCCCATAGCCAAA,e220b5d42a74cb3cadb50b4e0d123dca53070ed82831ead913db05b96c662bf0,-0.24960689236155,ACACAGTCATTGTCAGTGTCTCTTTCCAATCCTCAGGCATGCTGGTGGCAGAGGCCTTTGAACACACTCCAGGCATCCAAACGGCCAGTCTGGGCACATACCTGAAGACCAACCTCTTTCTCTTCCTGTTTGCACTTGGCTTTTACCTGCTTCTTAGGGTGCTCAACATTGACCTGCTGTGGTCCGTGCCCATAGCCAAA,1a266dbac29c70f5f3c47f79ed118417b25c229821df379a03813f12b0c428c5,-0.308992816975106,ACACAGTCATTGTCAGTGTCTCTTTCCAATCCTCAGGCATGCTGGTGGCAGAGGCCTTTGAACACACTCCAGGCATCCAAACGGCCAGTCTGGGCACATCCCTGAAGACCAACCTCTTTCTCTTCCTGTTTGCACTTGGCTTTTACCTGCTTCTTAGGGTGCTCAACATTGACCTGCTGTGGTCCGTGCCCATAGCCAAA,d51c7fbd91939fff2dbeee4a0baf61dd667ef3f233b815bd2f7e1ffa236bc6da,0.371619859023183,0.9302195683598392,0.347784770400906,-273.030930512934,-286.5198137222324,-270.93192991404794,-282.89689374458976,1.5239193787565455,-1.0,-0.9302195683598392,0.0,0,0.18773335845641187,0.18565657667894103,0.15145376406925343,0.2634520887001828,1.0
chr2:169764148:G:A;chr2:169764176:G:C;var1;middle;OL31|K562|ebc05761af01eea2,chr2:169764148:G:A;chr2:169764176:G:C;var1;middle;OL31,K562,K562_region_01318,100,128,28,CATTGTCAGTGTCTCTTTCCAATCCTCAGGCATGCTGGTGGCAGAGGCCTTTGAACACACTCCAGGCATCCAAACGGCCAGTCTGGGCACATACCTGAAGACCAACCTCTTTCTCTTCCTGTTTGCAGTTGGCTTTTACCTGCTTCTTAGGGTGCTCAACATTGACCTGCTGTGGTCCGTGCCCATAGCCAAAAAGTGGT,51324467bf5824dcb0845643efe9e37397a53e871e052d35cc730991ed296e12,0.0,CATTGTCAGTGTCTCTTTCCAATCCTCAGGCATGCTGGTGGCAGAGGCCTTTGAACACACTCCAGGCATCCAAACGGCCAGTCTGGGCACATACCTGAAAACCAACCTCTTTCTCTTCCTGTTTGCAGTTGGCTTTTACCTGCTTCTTAGGGTGCTCAACATTGACCTGCTGTGGTCCGTGCCCATAGCCAAAAAGTGGT,b8d6db2eeb61a350de4175b800657ea060d4e7d83dba7e1650bb85aaaa6b9e47,0.168128202931504,CATTGTCAGTGTCTCTTTCCAATCCTCAGGCATGCTGGTGGCAGAGGCCTTTGAACACACTCCAGGCATCCAAACGGCCAGTCTGGGCACATACCTGAAGACCAACCTCTTTCTCTTCCTGTTTGCACTTGGCTTTTACCTGCTTCTTAGGGTGCTCAACATTGACCTGCTGTGGTCCGTGCCCATAGCCAAAAAGTGGT,2ae55a5b22d3e77427ff89e37bc67675650fe3cfe7bfab0711818e9225e7534f,-0.0909796273897473,CATTGTCAGTGTCTCTTTCCAATCCTCAGGCATGCTGGTGGCAGAGGCCTTTGAACACACTCCAGGCATCCAAACGGCCAGTCTGGGCACATACCTGAAAACCAACCTCTTTCTCTTCCTGTTTGCACTTGGCTTTTACCTGCTTCTTAGGGTGCTCAACATTGACCTGCTGTGGTCCGTGCCCATAGCCAAAAAGTGGT,ebc05761af01eea273b7dd0eeaff198139d1cf5791829ea02a6215a8273580ca,-0.409415167212226,0.4865637427539827,0.372427309515261,-315.5510250271764,-307.878371540457,-296.5229357809294,-294.548173379153,5.6978910849430235,1.0,0.4865637427539827,0.0,0,0.19309435931152022,0.18565657667894103,0.15145376406925343,0.13046133731103277,1.0
chr2:172378818:A:G;chr2:172378889:C:G;var1;middle;OL41|K562|e64d8f781031cc85,chr2:172378818:A:G;chr2:172378889:C:G;var1;middle;OL41,K562,K562_region_01319,100,171,71,ATCCTCGGAATTTTCTCTTTGAGCAACTAACTAGGTCTGTTACTGAAGCCCTCTGCGAGCTTGGATGCTGGACGAGGGAGAGGGTGAGGCCACCAGGCAATGAGCGCCCTCGGCGGCCGCGTGATCCCGGGGGTGGGGCCCATTTCTGAGTTGGGGCCAGCTCCCCACCCCCAAGAGGCCCCACATTCCGGGCCAGCAGC,5fe8ead4063dfbe945947b43ffde41f27e91ae9e513c6be4a28ca5e54c6a11c3,0.0,ATCCTCGGAATTTTCTCTTTGAGCAACTAACTAGGTCTGTTACTGAAGCCCTCTGCGAGCTTGGATGCTGGACGAGGGAGAGGGTGAGGCCACCAGGCAGTGAGCGCCCTCGGCGGCCGCGTGATCCCGGGGGTGGGGCCCATTTCTGAGTTGGGGCCAGCTCCCCACCCCCAAGAGGCCCCACATTCCGGGCCAGCAGC,5c7e350fa1c739c234d1119ffa1ac87248095b3fadec2dcd1508bec023807920,-0.110570478050171,ATCCTCGGAATTTTCTCTTTGAGCAACTAACTAGGTCTGTTACTGAAGCCCTCTGCGAGCTTGGATGCTGGACGAGGGAGAGGGTGAGGCCACCAGGCAATGAGCGCCCTCGGCGGCCGCGTGATCCCGGGGGTGGGGCCCATTTCTGAGTTGGGGCCAGCTCCCCACCCGCAAGAGGCCCCACATTCCGGGCCAGCAGC,6e54f5b5234c9609235cb079a7cfa474e07a96ed81d20154c48841750c7fc5e6,-1.30997819942768,ATCCTCGGAATTTTCTCTTTGAGCAACTAACTAGGTCTGTTACTGAAGCCCTCTGCGAGCTTGGATGCTGGACGAGGGAGAGGGTGAGGCCACCAGGCAGTGAGCGCCCTCGGCGGCCGCGTGATCCCGGGGGTGGGGCCCATTTCTGAGTTGGGGCCAGCTCCCCACCCGCAAGAGGCCCCACATTCCGGGCCAGCAGC,e64d8f781031cc85ca5df82d8a42ce9eb93a914921daeefd40852f3a629d4807,-0.880755598916255,0.5397930785615961,0.251204996347048,-340.1848243554123,-329.67912582401186,-354.5224531549029,-344.36867902893573,-0.35192440543323755,-1.0,-0.5397930785615961,0.0,0,0.18532404645360506,0.18565657667894103,0.15145376406925343,0.2329953575784128,1.0
chr2:172379649:C:T;chr2:172379686:G:A;var1;middle;OL41|K562|02b06c5437b55438,chr2:172379649:C:T;chr2:172379686:G:A;var1;middle;OL41,K562,K562_region_01320,100,137,37,GCGACTGGCTAGGACGCACTGGAGGGGCCTCCAAGACCCAGAAACTTGAGCCCGGGCGCGATGCCGGAGCGCCGCGCAGTCGGGCCGCTGCAGCCCACGCGCCCCGGAAAGTCGCCCCTGTGGACCGAGCCTGCGCGATCGGGGGCGCGGAAACACTTTCGCCTCAGCCTTTTGCTGAACTTGCTTCCAGGCTGCAGATG,5a03a36509b9e32c1cb74f2cd5e5fe33f345500849bb03ae31887ce6811dd196,0.0,GCGACTGGCTAGGACGCACTGGAGGGGCCTCCAAGACCCAGAAACTTGAGCCCGGGCGCGATGCCGGAGCGCCGCGCAGTCGGGCCGCTGCAGCCCACGTGCCCCGGAAAGTCGCCCCTGTGGACCGAGCCTGCGCGATCGGGGGCGCGGAAACACTTTCGCCTCAGCCTTTTGCTGAACTTGCTTCCAGGCTGCAGATG,6922af5d59e2fc48aec52ec122470430a69f845b0763e0c0954ff482576df035,0.412373536548965,GCGACTGGCTAGGACGCACTGGAGGGGCCTCCAAGACCCAGAAACTTGAGCCCGGGCGCGATGCCGGAGCGCCGCGCAGTCGGGCCGCTGCAGCCCACGCGCCCCGGAAAGTCGCCCCTGTGGACCGAGCCTGCGCAATCGGGGGCGCGGAAACACTTTCGCCTCAGCCTTTTGCTGAACTTGCTTCCAGGCTGCAGATG,5ad6b4f51ce065ede6effb61d2aef79c7d2af1a0be2343b8b290f9d824a39afc,1.03758225537981,GCGACTGGCTAGGACGCACTGGAGGGGCCTCCAAGACCCAGAAACTTGAGCCCGGGCGCGATGCCGGAGCGCCGCGCAGTCGGGCCGCTGCAGCCCACGTGCCCCGGAAAGTCGCCCCTGTGGACCGAGCCTGCGCAATCGGGGGCGCGGAAACACTTTCGCCTCAGCCTTTTGCTGAACTTGCTTCCAGGCTGCAGATG,02b06c5437b55438065679fd2b2c5f1bb6ccbd03f1843074de88bf89546d48d3,1.54678301968336,-0.0968272277545849,0.339619045727819,-261.02220699191093,-262.53979179263115,-260.5579043328762,-261.7127779126168,-0.3627112209796337,1.0,-0.0968272277545849,0.0,3,0.1807424280776984,0.18106719778262317,0.1474303780702046,0.05017342386940554,1.0
chr2:174836670:A:G;chr2:174836754:A:G;var1;middle;OL32|K562|3c32ed69b480600f,chr2:174836670:A:G;chr2:174836754:A:G;var1;middle;OL32,K562,K562_region_01321,100,184,84,ATATAGGGCTGGGCACGGTGGCTCACACCGGTAATCCCAGCACCTTGGGAGGCCAAGGCGGGTGGATTGGGAGGCCGAGGCAGATGGATCACGAGGTCAAGAGATGGAGACCGTATTGGCTAACACAGTGAAACCCCGTCTCTACTAAAAATACAAAAAAATTAGCTGGGCATGGTGGCGGGCACCTGTAGTCCCAGCTA,f4d2db37611e6c37e20aee939b32060ea95c940c9d83e9a73e1056c3b437bb8a,0.0,ATATAGGGCTGGGCACGGTGGCTCACACCGGTAATCCCAGCACCTTGGGAGGCCAAGGCGGGTGGATTGGGAGGCCGAGGCAGATGGATCACGAGGTCAGGAGATGGAGACCGTATTGGCTAACACAGTGAAACCCCGTCTCTACTAAAAATACAAAAAAATTAGCTGGGCATGGTGGCGGGCACCTGTAGTCCCAGCTA,f9bf3f6c1b6353a37fb38b26730e581ed130aa80056633677064e42da53153a4,0.121815153045942,ATATAGGGCTGGGCACGGTGGCTCACACCGGTAATCCCAGCACCTTGGGAGGCCAAGGCGGGTGGATTGGGAGGCCGAGGCAGATGGATCACGAGGTCAAGAGATGGAGACCGTATTGGCTAACACAGTGAAACCCCGTCTCTACTAAAAATACAAAAAAATTAGCTGGGCATGGTGGCGGGCGCCTGTAGTCCCAGCTA,c0bedbd70dfc8e5b45c35196ea913c3e38c4dd7cdcd702f85fa51e193c83bf9e,0.400460634688327,ATATAGGGCTGGGCACGGTGGCTCACACCGGTAATCCCAGCACCTTGGGAGGCCAAGGCGGGTGGATTGGGAGGCCGAGGCAGATGGATCACGAGGTCAGGAGATGGAGACCGTATTGGCTAACACAGTGAAACCCCGTCTCTACTAAAAATACAAAAAAATTAGCTGGGCATGGTGGCGGGCGCCTGTAGTCCCAGCTA,3c32ed69b480600fa7b4e0ffbbc6129452351be913d0e0723730e2fe7e09605b,0.735934694224589,-0.21365890649032,0.349165438092566,-71.38825848558918,-69.6306023420766,-71.37851536739618,-69.60541222756729,-0.015446996316313744,1.0,-0.21365890649032,0.0,2,0.17517197629450926,0.17490732828716207,0.146091925319964,0.18835666043507138,1.0
chr2:175439512:T:C;chr2:175439536:G:A;var1;middle;OL41|K562|8a26875c1ef41c75,chr2:175439512:T:C;chr2:175439536:G:A;var1;middle;OL41,K562,K562_region_01322,100,124,24,GCAGAGACTCCTGAGAACCACTGGCACTGAAATACCAAATATCTGTCATGCAAAACACTTTTTCAGATTTAGTGAGATTTGTAATCATATTCCACAAGATGTGCTCCATCGTGTTTGAAAAGCGGCTCACAAGTATTTACTCTACTAGACAGCTGGGCTACCTCACAAAGAAAGCTGAATCTGTCAGGTCACCAGGCAGA,a2107bb6df519822b2704307709f3e1ceaa42c6446fce9a10fcb143e1a801867,0.0,GCAGAGACTCCTGAGAACCACTGGCACTGAAATACCAAATATCTGTCATGCAAAACACTTTTTCAGATTTAGTGAGATTTGTAATCATATTCCACAAGACGTGCTCCATCGTGTTTGAAAAGCGGCTCACAAGTATTTACTCTACTAGACAGCTGGGCTACCTCACAAAGAAAGCTGAATCTGTCAGGTCACCAGGCAGA,5fdd06b774f39bdcf6b1e6fbd10fd0e46cf063d009ae4299b310526a26091515,0.128668681281078,GCAGAGACTCCTGAGAACCACTGGCACTGAAATACCAAATATCTGTCATGCAAAACACTTTTTCAGATTTAGTGAGATTTGTAATCATATTCCACAAGATGTGCTCCATCGTGTTTGAAAAGCAGCTCACAAGTATTTACTCTACTAGACAGCTGGGCTACCTCACAAAGAAAGCTGAATCTGTCAGGTCACCAGGCAGA,f8f17a58d4566a5829d7f250fece0e16f3585fcc05415af24d8d579a059aba84,0.418125508137904,GCAGAGACTCCTGAGAACCACTGGCACTGAAATACCAAATATCTGTCATGCAAAACACTTTTTCAGATTTAGTGAGATTTGTAATCATATTCCACAAGACGTGCTCCATCGTGTTTGAAAAGCAGCTCACAAGTATTTACTCTACTAGACAGCTGGGCTACCTCACAAAGAAAGCTGAATCTGTCAGGTCACCAGGCAGA,8a26875c1ef41c753b65a97bc956637ec81ffd2dc604137b760d68861bcd2514,0.323486690321859,0.223307499097123,0.608805052671008,-376.99964908882976,-377.8064305577427,-363.1997467149049,-367.7589266262949,3.7523984424770447,1.0,0.223307499097123,0.0,2,0.18065826389054682,0.17490732828716207,0.146091925319964,0.1382253500525245,1.0
chr2:177349213:G:A;chr2:177349228:C:T;var1;middle;OL32|K562|5e3c4a2d8caa3b49,chr2:177349213:G:A;chr2:177349228:C:T;var1;middle;OL32,K562,K562_region_01323,100,115,15,AAGGCCCTCCTCTGAAGTGAACAAAGCCTCTCCTTCGTAGAGGGTGCCTGCTTTCTCCTGTACCTCCCCAGCAATGATGCATCCCTGTGAAAGCAAATTGAGATGCCTGCTCTCCCTCCCTCCCTCTCCTGAGGCTTATGGTTGCACAGTGGCTGTGGCTGGCTCCACTGTGGAGCTGCTGGGGTCTCTGTAATGTTATT,2dddc253c93a02d686f78421250c66aa042cd68c4273c9fbf9ba3570ef977edb,0.0,AAGGCCCTCCTCTGAAGTGAACAAAGCCTCTCCTTCGTAGAGGGTGCCTGCTTTCTCCTGTACCTCCCCAGCAATGATGCATCCCTGTGAAAGCAAATTAAGATGCCTGCTCTCCCTCCCTCCCTCTCCTGAGGCTTATGGTTGCACAGTGGCTGTGGCTGGCTCCACTGTGGAGCTGCTGGGGTCTCTGTAATGTTATT,fcad67f2c2c36cc81d96990220c8491484b0fc2897bcc6b3d3976f9ae2c3ccdf,-0.0322929639641557,AAGGCCCTCCTCTGAAGTGAACAAAGCCTCTCCTTCGTAGAGGGTGCCTGCTTTCTCCTGTACCTCCCCAGCAATGATGCATCCCTGTGAAAGCAAATTGAGATGCCTGCTCTCTCTCCCTCCCTCTCCTGAGGCTTATGGTTGCACAGTGGCTGTGGCTGGCTCCACTGTGGAGCTGCTGGGGTCTCTGTAATGTTATT,f1a645ae7afd4233cfba4fb1facea6d8f02da0ad8c4806700192fe3bbab6d5b0,0.0659256815541102,AAGGCCCTCCTCTGAAGTGAACAAAGCCTCTCCTTCGTAGAGGGTGCCTGCTTTCTCCTGTACCTCCCCAGCAATGATGCATCCCTGTGAAAGCAAATTAAGATGCCTGCTCTCTCTCCCTCCCTCTCCTGAGGCTTATGGTTGCACAGTGGCTGTGGCTGGCTCCACTGTGGAGCTGCTGGGGTCTCTGTAATGTTATT,5e3c4a2d8caa3b49b96defc093c8fa14838b1075d4c94c85e55899f66a95a091,-0.189964123399401,0.2235968409893555,0.388030285733332,-323.578125995351,-331.97897361405194,-322.47605498414487,-330.0064427033067,-0.870459899539128,1.0,0.2235968409893555,0.0,0,0.1846580454782785,0.18565657667894103,0.15145376406925343,0.18291085175898214,1.0
chr2:182159245:G:A;chr2:182159255:C:G;var1;middle;OL27|K562|c1aeae10f11031c8,chr2:182159245:G:A;chr2:182159255:C:G;var1;middle;OL27,K562,K562_region_01324,100,110,10,ACCTGCTGCCTTGAAGGAAAGGGCCCAGTGCTGGCAGTATTTATCACCTGCTAACCGAAGAGCCTTTGGGACCTGAACAAGCAGCAGTGACACCCAGGTGCTACACCAACGGCATTAGATGAGCCTCTGAGACTTACTGGCTTTAGATGAGACTTGGCACATTACAAGCTGTGGTGGCTATGGGGCAAAACTCTTTCTGT,a4e8b857e1c0a1e7002c0b3818a32c7ca0ca53f321ff793e4e5ec1c9158dac04,0.0,ACCTGCTGCCTTGAAGGAAAGGGCCCAGTGCTGGCAGTATTTATCACCTGCTAACCGAAGAGCCTTTGGGACCTGAACAAGCAGCAGTGACACCCAGGTACTACACCAACGGCATTAGATGAGCCTCTGAGACTTACTGGCTTTAGATGAGACTTGGCACATTACAAGCTGTGGTGGCTATGGGGCAAAACTCTTTCTGT,22e9b1d7f1599ed7be4f6e3f3dd4bb51443b6ac820acb3df148101d96c83c969,0.0412374743010346,ACCTGCTGCCTTGAAGGAAAGGGCCCAGTGCTGGCAGTATTTATCACCTGCTAACCGAAGAGCCTTTGGGACCTGAACAAGCAGCAGTGACACCCAGGTGCTACACCAAGGGCATTAGATGAGCCTCTGAGACTTACTGGCTTTAGATGAGACTTGGCACATTACAAGCTGTGGTGGCTATGGGGCAAAACTCTTTCTGT,ff81b965a78f6bb1a6fc6de485538aa9088779b224e26f2b4325a6f4faf71d0f,0.0676600001380927,ACCTGCTGCCTTGAAGGAAAGGGCCCAGTGCTGGCAGTATTTATCACCTGCTAACCGAAGAGCCTTTGGGACCTGAACAAGCAGCAGTGACACCCAGGTACTACACCAAGGGCATTAGATGAGCCTCTGAGACTTACTGGCTTTAGATGAGACTTGGCACATTACAAGCTGTGGTGGCTATGGGGCAAAACTCTTTCTGT,c1aeae10f11031c857d55f9d3635b27ce85cf64fd37c1afc5be643196bd28266,-0.127375239896609,0.2362727143357363,0.112802285207675,-255.04613208770752,-256.762577265501,-249.6983663141728,-251.4278037250042,0.012992233037891765,1.0,0.2362727143357363,0.0,4,0.1762154289982992,0.17620727786206916,0.145609630836647,0.21320386918001014,1.0
chr2:182234900:G:A;chr2:182234940:T:A;var1;middle;OL27|K562|7359fb2cb824ef0a,chr2:182234900:G:A;chr2:182234940:T:A;var1;middle;OL27,K562,K562_region_01325,100,140,40,GCACCTAGCAGTTTCAGGCCCTTCTTCACTCTTGGTGGGGAAGGTAAGGAGTTATATGTGAGCACAGATATATATCCTTGAACTGCTAAAATGCTGATCGTGGGCCCAAATGTGGGCCACAGGCTGGCCCTACAAGCCATCCACTTTTACTGGTTTAATTGACCCAGGAATAAAAGGGTTATAGAGGAATGTTCATAATA,2a218e8ae46a29e0165d18ff4dd56f1b6a09feded32e63490499c49959e8afd7,0.0,GCACCTAGCAGTTTCAGGCCCTTCTTCACTCTTGGTGGGGAAGGTAAGGAGTTATATGTGAGCACAGATATATATCCTTGAACTGCTAAAATGCTGATCATGGGCCCAAATGTGGGCCACAGGCTGGCCCTACAAGCCATCCACTTTTACTGGTTTAATTGACCCAGGAATAAAAGGGTTATAGAGGAATGTTCATAATA,872e4c11d204cd712623672dda4e4bef980a0ca6c41ecb95576d3b782a799783,-0.171607820047664,GCACCTAGCAGTTTCAGGCCCTTCTTCACTCTTGGTGGGGAAGGTAAGGAGTTATATGTGAGCACAGATATATATCCTTGAACTGCTAAAATGCTGATCGTGGGCCCAAATGTGGGCCACAGGCTGGCCCTACAAGCCAACCACTTTTACTGGTTTAATTGACCCAGGAATAAAAGGGTTATAGAGGAATGTTCATAATA,e284277c393f94fab7f198a83ac5511aa4327702a75065c1cb0f117471fdb1b6,0.156912427626678,GCACCTAGCAGTTTCAGGCCCTTCTTCACTCTTGGTGGGGAAGGTAAGGAGTTATATGTGAGCACAGATATATATCCTTGAACTGCTAAAATGCTGATCATGGGCCCAAATGTGGGCCACAGGCTGGCCCTACAAGCCAACCACTTTTACTGGTTTAATTGACCCAGGAATAAAAGGGTTATAGAGGAATGTTCATAATA,7359fb2cb824ef0af56d6a81322e2a8f0471e803e7fb21f91dd2745f6b331d34,0.182499308328811,0.197194700749797,0.223200880782436,-265.0010903775692,-261.09491086006165,-282.5815714225173,-269.2790977805853,9.396294124424458,-1.0,-0.197194700749797,0.0,0,0.19784454528614204,0.18565657667894103,0.15145376406925343,0.20675609409510987,1.0
chr2:182234900:G:A;chr2:182234986:G:T;var1;middle;OL27|K562|f45a0e48f4aa9858,chr2:182234900:G:A;chr2:182234986:G:T;var1;middle;OL27,K562,K562_region_01325,100,186,86,GCACCTAGCAGTTTCAGGCCCTTCTTCACTCTTGGTGGGGAAGGTAAGGAGTTATATGTGAGCACAGATATATATCCTTGAACTGCTAAAATGCTGATCGTGGGCCCAAATGTGGGCCACAGGCTGGCCCTACAAGCCATCCACTTTTACTGGTTTAATTGACCCAGGAATAAAAGGGTTATAGAGGAATGTTCATAATA,2a218e8ae46a29e0165d18ff4dd56f1b6a09feded32e63490499c49959e8afd7,0.0,GCACCTAGCAGTTTCAGGCCCTTCTTCACTCTTGGTGGGGAAGGTAAGGAGTTATATGTGAGCACAGATATATATCCTTGAACTGCTAAAATGCTGATCATGGGCCCAAATGTGGGCCACAGGCTGGCCCTACAAGCCATCCACTTTTACTGGTTTAATTGACCCAGGAATAAAAGGGTTATAGAGGAATGTTCATAATA,872e4c11d204cd712623672dda4e4bef980a0ca6c41ecb95576d3b782a799783,-0.171697564041698,GCACCTAGCAGTTTCAGGCCCTTCTTCACTCTTGGTGGGGAAGGTAAGGAGTTATATGTGAGCACAGATATATATCCTTGAACTGCTAAAATGCTGATCGTGGGCCCAAATGTGGGCCACAGGCTGGCCCTACAAGCCATCCACTTTTACTGGTTTAATTGACCCAGGAATAAAAGGGTTATAGATGAATGTTCATAATA,1bce00370c2cec36908186db8c2b60a8754adff537d01c107df25e7f14fe4883,0.050395522114807,GCACCTAGCAGTTTCAGGCCCTTCTTCACTCTTGGTGGGGAAGGTAAGGAGTTATATGTGAGCACAGATATATATCCTTGAACTGCTAAAATGCTGATCATGGGCCCAAATGTGGGCCACAGGCTGGCCCTACAAGCCATCCACTTTTACTGGTTTAATTGACCCAGGAATAAAAGGGTTATAGATGAATGTTCATAATA,f45a0e48f4aa9858b81e117d324e5a1bd0c8d7c4623410e85e958b356d062ad5,-0.231742371225978,0.1104403292990869,0.220573923716642,-265.0010903775692,-261.09491086006165,-265.549946308136,-261.5732498764992,-0.0705169141292572,1.0,0.1104403292990869,0.0,0,0.1856854829720363,0.18565657667894103,0.15145376406925343,0.27131232712346853,1.0
chr2:182234940:T:A;chr2:182234986:G:T;var1;middle;OL27|K562|4516da710608b65a,chr2:182234940:T:A;chr2:182234986:G:T;var1;middle;OL27,K562,K562_region_01325,100,146,46,AAGGTAAGGAGTTATATGTGAGCACAGATATATATCCTTGAACTGCTAAAATGCTGATCGTGGGCCCAAATGTGGGCCACAGGCTGGCCCTACAAGCCATCCACTTTTACTGGTTTAATTGACCCAGGAATAAAAGGGTTATAGAGGAATGTTCATAATATAAAGAGGAAACCAGAAGATTGTCTGCTTTATAAATCAAT,683a54a43a7fdbba4541dbdf005a4c0630a9ff186aac2dcf7db26edbe5247f6d,0.0,AAGGTAAGGAGTTATATGTGAGCACAGATATATATCCTTGAACTGCTAAAATGCTGATCGTGGGCCCAAATGTGGGCCACAGGCTGGCCCTACAAGCCAACCACTTTTACTGGTTTAATTGACCCAGGAATAAAAGGGTTATAGAGGAATGTTCATAATATAAAGAGGAAACCAGAAGATTGTCTGCTTTATAAATCAAT,10ea637d9097da29730baa6bef576975557c7cf99c06a74cb0a5e6cf8a5957c0,-0.234319224965994,AAGGTAAGGAGTTATATGTGAGCACAGATATATATCCTTGAACTGCTAAAATGCTGATCGTGGGCCCAAATGTGGGCCACAGGCTGGCCCTACAAGCCATCCACTTTTACTGGTTTAATTGACCCAGGAATAAAAGGGTTATAGATGAATGTTCATAATATAAAGAGGAAACCAGAAGATTGTCTGCTTTATAAATCAAT,5d404bcdfbbf49de8978875915df7c02dfcff5814319a5e751f56a5cc37e4b10,-0.105537403930458,AAGGTAAGGAGTTATATGTGAGCACAGATATATATCCTTGAACTGCTAAAATGCTGATCGTGGGCCCAAATGTGGGCCACAGGCTGGCCCTACAAGCCAACCACTTTTACTGGTTTAATTGACCCAGGAATAAAAGGGTTATAGATGAATGTTCATAATATAAAGAGGAAACCAGAAGATTGTCTGCTTTATAAATCAAT,4516da710608b65a1860043ae7f0fbf97323bbbc06d42d260268dd92ae3ba554,0.0201217007911908,0.3599783296876428,0.227700801779768,-269.32881781458855,-273.2234172821045,-263.9235405921936,-263.77850767970085,4.0396323800086975,-1.0,-0.3599783296876428,0.0,0,0.19096451106123918,0.18565657667894103,0.15145376406925343,0.19479464967684998,1.0
chr2:18309132:T:C;chr2:18309194:C:T;var1;middle;OL31|K562|5c4dc2212a56f096,chr2:18309132:T:C;chr2:18309194:C:T;var1;middle;OL31,K562,K562_region_01218,100,162,62,GAAAGGACAGTCTCTTTAATAAATGGTGTTGGGAAAACCAGATAACCATATGCAGAAGAATAAAACTAGACCCCTATCTCTCATCATATAAAAATCAAATCACAGTGGATTGGAGACTTAAATCTAATACCTAAGACTATGAAACTGTTAGAAAAAAGAATCAAAAGATTTTTTCAGGACATTGGTTTGGGCAAAGACTT,975c46a1b989de41e1114280795b5919b8143f5ff7595ada538f697a901f7e11,0.0,GAAAGGACAGTCTCTTTAATAAATGGTGTTGGGAAAACCAGATAACCATATGCAGAAGAATAAAACTAGACCCCTATCTCTCATCATATAAAAATCAAACCACAGTGGATTGGAGACTTAAATCTAATACCTAAGACTATGAAACTGTTAGAAAAAAGAATCAAAAGATTTTTTCAGGACATTGGTTTGGGCAAAGACTT,dc3ff20e57318bda721b81305fb5c51b2c2931dfc5f3b7dda7b97ec9fee5c1ea,-0.0983514522203848,GAAAGGACAGTCTCTTTAATAAATGGTGTTGGGAAAACCAGATAACCATATGCAGAAGAATAAAACTAGACCCCTATCTCTCATCATATAAAAATCAAATCACAGTGGATTGGAGACTTAAATCTAATACCTAAGACTATGAAACTGTTAGAAAAAAGAATTAAAAGATTTTTTCAGGACATTGGTTTGGGCAAAGACTT,3d31e4cdecaa8f63cfd6e46c30b9f56b21895cbc80971d6c9f2222ae895d3ce4,-0.230778903661172,GAAAGGACAGTCTCTTTAATAAATGGTGTTGGGAAAACCAGATAACCATATGCAGAAGAATAAAACTAGACCCCTATCTCTCATCATATAAAAATCAAACCACAGTGGATTGGAGACTTAAATCTAATACCTAAGACTATGAAACTGTTAGAAAAAAGAATTAAAAGATTTTTTCAGGACATTGGTTTGGGCAAAGACTT,5c4dc2212a56f0967ee0dbd38aa7101b5a1f2724e34ff5df20b33519c3009237,-0.0725869087794757,0.2565434471020811,0.272715431978878,-136.61239447444677,-138.19706163741648,-138.99074308760464,-139.9901694059372,0.5852408446371555,-1.0,-0.2565434471020811,0.0,0,0.18652773063276676,0.18565657667894103,0.15145376406925343,0.18965089505721056,1.0
chr2:187398614:T:C;chr2:187398616:G:A;var1;middle;OL41|K562|936fd16c0655658a,chr2:187398614:T:C;chr2:187398616:G:A;var1;middle;OL41,K562,K562_region_01326,100,102,2,AACTTAAGTTACTTCTTTGTGCCCAGGATATAACTCATCCCAAGTAGCTTTTGAATTGCCTGGGAGCTCACAAAAGGAGAGGGGTCCCTGAAGGATTTCTAGGACTATGAAATAGTTTGAGTACACCATGCTCTCTTTGTACATAGTATCCAGCTGAGTTCAAAGTACAAATAGGCACTTAGTAAACAATGTTGACTTGA,de1021d1e5c244de7252ff58db6551ce51d5e19874c75c6668194b96c0934782,0.0,AACTTAAGTTACTTCTTTGTGCCCAGGATATAACTCATCCCAAGTAGCTTTTGAATTGCCTGGGAGCTCACAAAAGGAGAGGGGTCCCTGAAGGATTTCCAGGACTATGAAATAGTTTGAGTACACCATGCTCTCTTTGTACATAGTATCCAGCTGAGTTCAAAGTACAAATAGGCACTTAGTAAACAATGTTGACTTGA,1b955264899b1b3f5506c276159d0d86d4cd93cffe3670d9e7cd59ae9a3f2e4d,-0.163067975246674,AACTTAAGTTACTTCTTTGTGCCCAGGATATAACTCATCCCAAGTAGCTTTTGAATTGCCTGGGAGCTCACAAAAGGAGAGGGGTCCCTGAAGGATTTCTAAGACTATGAAATAGTTTGAGTACACCATGCTCTCTTTGTACATAGTATCCAGCTGAGTTCAAAGTACAAATAGGCACTTAGTAAACAATGTTGACTTGA,c7fb0bcb94e0ded8a2b6db4ca878d9d57fbe64dbc6fa041931d3c607a0cd3635,0.0118647711550258,AACTTAAGTTACTTCTTTGTGCCCAGGATATAACTCATCCCAAGTAGCTTTTGAATTGCCTGGGAGCTCACAAAAGGAGAGGGGTCCCTGAAGGATTTCCAAGACTATGAAATAGTTTGAGTACACCATGCTCTCTTTGTACATAGTATCCAGCTGAGTTCAAAGTACAAATAGGCACTTAGTAAACAATGTTGACTTGA,936fd16c0655658afb17c6b636c87857e3fc252d8e7d28391edaf3caecfafb05,-0.320259077708389,0.1690558736167408,0.314582253524771,-243.15622444450847,-243.03297993540764,-242.3216523975134,-242.4463586062193,0.24795071780673084,1.0,0.1690558736167408,0.0,2,0.1755555046624565,0.17490732828716207,0.146091925319964,0.1780181994043251,1.0
chr2:190526205:C:T;chr2:190526224:C:T;var1;middle;OL41|K562|b3b4f9f7aa26f0a8,chr2:190526205:C:T;chr2:190526224:C:T;var1;middle;OL41,K562,K562_region_01327,100,119,19,TTCAAGTGAGCGCGCAGACGCTATTGGTAAGACTCGCGGGAAAAGAAAGGGTGAGCGCGGCTGGAAGCGCGCATGCGCTGTGGCTAATGCCGTAGGCTCCTTCAGGGCTGAGCCATCCCGCGTGTCTTGCGCTCGGTGGAAATGCCCAGCCGAGGGACGCGACCAGAGGACAGCTCTGTGCTGATCCCCACCGACAATTC,79d07e400111da295db09ee0b6418481fdcb19662dc4f02b3f2353604b35e9f2,0.0,TTCAAGTGAGCGCGCAGACGCTATTGGTAAGACTCGCGGGAAAAGAAAGGGTGAGCGCGGCTGGAAGCGCGCATGCGCTGTGGCTAATGCCGTAGGCTCTTTCAGGGCTGAGCCATCCCGCGTGTCTTGCGCTCGGTGGAAATGCCCAGCCGAGGGACGCGACCAGAGGACAGCTCTGTGCTGATCCCCACCGACAATTC,26008854ef4c6cee9c50d030c3e4134b0acc0520a1c3cf262ccbba7ca7074c73,0.0153077130634922,TTCAAGTGAGCGCGCAGACGCTATTGGTAAGACTCGCGGGAAAAGAAAGGGTGAGCGCGGCTGGAAGCGCGCATGCGCTGTGGCTAATGCCGTAGGCTCCTTCAGGGCTGAGCCATCCTGCGTGTCTTGCGCTCGGTGGAAATGCCCAGCCGAGGGACGCGACCAGAGGACAGCTCTGTGCTGATCCCCACCGACAATTC,d66afa96955ced999135e0c2dd0ce4c38d24278b0793f95c69a67684253fb754,0.121416019720907,TTCAAGTGAGCGCGCAGACGCTATTGGTAAGACTCGCGGGAAAAGAAAGGGTGAGCGCGGCTGGAAGCGCGCATGCGCTGTGGCTAATGCCGTAGGCTCTTTCAGGGCTGAGCCATCCTGCGTGTCTTGCGCTCGGTGGAAATGCCCAGCCGAGGGACGCGACCAGAGGACAGCTCTGTGCTGATCCCCACCGACAATTC,b3b4f9f7aa26f0a870630a3bf5a4095fd3b7fad4d873cb2b17c88c067675258e,0.223645723214868,-0.0869219904304688,0.180883455498147,-391.8468792941421,-396.4470702190884,-386.6200016862713,-395.4777505751699,4.257557963952422,1.0,-0.0869219904304688,0.0,2,0.18139381699688076,0.17490732828716207,0.146091925319964,0.16650690117816508,1.0
chr2:191184475:A:G;chr2:191184524:C:T;var1;middle;OL41|K562|4d9b0b196b9f30f1,chr2:191184475:A:G;chr2:191184524:C:T;var1;middle;OL41,K562,K562_region_01328,100,149,49,GCCCTTTTCCCACTGTGGCGAGTGCCGCTGAAGAGCCTGCCCTTGGCCCCTCGCTCTCTCACTCACCTCGACATGAGCCTCCACATCTCGCGCTGCCCCATCGCCAAACACTCCGAAGCTAAAGCAGCAGAGCGAGAATCTCCCGGACCGTTCCAGCGCCTCGCGTGAGCCCCGCCCACCGCCGTCCTGCGCCGCCGGGC,f353aadaca6583765e46d96ebd697a66ce15df7208ee4b7b0f19e182f4ea240d,0.0,GCCCTTTTCCCACTGTGGCGAGTGCCGCTGAAGAGCCTGCCCTTGGCCCCTCGCTCTCTCACTCACCTCGACATGAGCCTCCACATCTCGCGCTGCCCCGTCGCCAAACACTCCGAAGCTAAAGCAGCAGAGCGAGAATCTCCCGGACCGTTCCAGCGCCTCGCGTGAGCCCCGCCCACCGCCGTCCTGCGCCGCCGGGC,96af33a1c2f377aa840a1f529749da2c186f482be00c793deccf2d7763ad0c56,-0.586699454965734,GCCCTTTTCCCACTGTGGCGAGTGCCGCTGAAGAGCCTGCCCTTGGCCCCTCGCTCTCTCACTCACCTCGACATGAGCCTCCACATCTCGCGCTGCCCCATCGCCAAACACTCCGAAGCTAAAGCAGCAGAGCGAGAATCTCCCGGACTGTTCCAGCGCCTCGCGTGAGCCCCGCCCACCGCCGTCCTGCGCCGCCGGGC,9f1963e4e5fe92436ef203fb531b8815f3a6d4f4bc0ac6d21cca3674eb30cf36,-0.458212651487885,GCCCTTTTCCCACTGTGGCGAGTGCCGCTGAAGAGCCTGCCCTTGGCCCCTCGCTCTCTCACTCACCTCGACATGAGCCTCCACATCTCGCGCTGCCCCGTCGCCAAACACTCCGAAGCTAAAGCAGCAGAGCGAGAATCTCCCGGACTGTTCCAGCGCCTCGCGTGAGCCCCGCCCACCGCCGTCCTGCGCCGCCGGGC,4d9b0b196b9f30f1a4be16bedb8935794b926a4fe7e3d98a50aa4228aed06548,-0.308563022751464,0.7363490837021549,0.259134465079456,-274.6266551278532,-290.2262706998736,-254.0251784697175,-256.12293196469545,13.501862077042404,-1.0,-0.7363490837021549,0.0,2,0.1948542712043353,0.17490732828716207,0.146091925319964,0.16257075472161206,1.0
chr2:197084587:T:C;chr2:197084595:T:C;var1;middle;OL29|K562|6c21732ed1dc8d28,chr2:197084587:T:C;chr2:197084595:T:C;var1;middle;OL29,K562,K562_region_01329,100,108,8,TAATTAATTAGTGTTCTTACGGTCACATTTCCTCACCAACAATTAAGAGTTATGACATCCTTTGACGGTGTGTAAACAGTCCTTCTCCCATCTGACAGATGAGGTAATTAGGAAAAGAAGAGAATGTACCTTGCCCAAGGTCTCAAGGGAGCCTGCATCAGACCTATGATTAGAGTCCAAGTGCTGTTGCCTGTCCTATA,7033056276949dca0e5705f295e51865fc7b5b6049c8d8b7d7e4d0781681958f,0.0,TAATTAATTAGTGTTCTTACGGTCACATTTCCTCACCAACAATTAAGAGTTATGACATCCTTTGACGGTGTGTAAACAGTCCTTCTCCCATCTGACAGACGAGGTAATTAGGAAAAGAAGAGAATGTACCTTGCCCAAGGTCTCAAGGGAGCCTGCATCAGACCTATGATTAGAGTCCAAGTGCTGTTGCCTGTCCTATA,dd657ec8283fdc761fbbbfd1617be2935aa704eb4c1e39c41f2a043468c43832,-0.195565228516518,TAATTAATTAGTGTTCTTACGGTCACATTTCCTCACCAACAATTAAGAGTTATGACATCCTTTGACGGTGTGTAAACAGTCCTTCTCCCATCTGACAGATGAGGTAACTAGGAAAAGAAGAGAATGTACCTTGCCCAAGGTCTCAAGGGAGCCTGCATCAGACCTATGATTAGAGTCCAAGTGCTGTTGCCTGTCCTATA,089712e1ff616eacd2e231dc4fb0192a107d385a8a974968b4812fe90dc4cdfa,-0.0840939754490616,TAATTAATTAGTGTTCTTACGGTCACATTTCCTCACCAACAATTAAGAGTTATGACATCCTTTGACGGTGTGTAAACAGTCCTTCTCCCATCTGACAGACGAGGTAACTAGGAAAAGAAGAGAATGTACCTTGCCCAAGGTCTCAAGGGAGCCTGCATCAGACCTATGATTAGAGTCCAAGTGCTGTTGCCTGTCCTATA,6c21732ed1dc8d288aeadafde945226a543283565450f3091f940a8cbfb4ae1f,-0.387057231475286,0.1073980275097064,0.130104438948272,-398.3994436033536,-417.1452114698477,-392.9441187775228,-409.2084443182685,-2.4814423257484464,1.0,0.1073980275097064,0.0,4,0.17312379857364732,0.17620727786206916,0.145609630836647,0.14495549065670293,1.0
chr2:202122956:T:C;chr2:202122995:A:G;var1;middle;OL41|K562|0ab5b592f08779a5,chr2:202122956:T:C;chr2:202122995:A:G;var1;middle;OL41,K562,K562_region_01330,100,139,39,TGGAGGGAAGTGTTTTCACAGGTTCTCCTCCTTTTATCTTTTGTGTTTTTTTTCAAGCCCTGCTGAATTTGCTAGTCAACTCAACAGGAAGTGAGGCCATGGAGGGAGGCAGAAGAGCCAGGGTGGTTATTGAAAGTAAAAGAAACTTCTTCCTGGGAGCCTTTCCCACCCCCTTCCCTGCTGAGCACGTGGAGTTAGGC,60b6184eabcb501f2f7d133cb9a0dbb5158ec07245d96dcbb4b826b5dcc7ac6c,0.0,TGGAGGGAAGTGTTTTCACAGGTTCTCCTCCTTTTATCTTTTGTGTTTTTTTTCAAGCCCTGCTGAATTTGCTAGTCAACTCAACAGGAAGTGAGGCCACGGAGGGAGGCAGAAGAGCCAGGGTGGTTATTGAAAGTAAAAGAAACTTCTTCCTGGGAGCCTTTCCCACCCCCTTCCCTGCTGAGCACGTGGAGTTAGGC,7c856eced6735be355603e44a94d11c49afa52227a0335f13f1f2be917b90db6,0.433646134685242,TGGAGGGAAGTGTTTTCACAGGTTCTCCTCCTTTTATCTTTTGTGTTTTTTTTCAAGCCCTGCTGAATTTGCTAGTCAACTCAACAGGAAGTGAGGCCATGGAGGGAGGCAGAAGAGCCAGGGTGGTTATTGAAAGTAGAAGAAACTTCTTCCTGGGAGCCTTTCCCACCCCCTTCCCTGCTGAGCACGTGGAGTTAGGC,a0f94e0f9502f573672d49ac8e79c819223e741c60bc44a1d573e6e253f715ec,-0.0717056123404434,TGGAGGGAAGTGTTTTCACAGGTTCTCCTCCTTTTATCTTTTGTGTTTTTTTTCAAGCCCTGCTGAATTTGCTAGTCAACTCAACAGGAAGTGAGGCCACGGAGGGAGGCAGAAGAGCCAGGGTGGTTATTGAAAGTAGAAGAAACTTCTTCCTGGGAGCCTTTCCCACCCCCTTCCCTGCTGAGCACGTGGAGTTAGGC,0ab5b592f08779a55c33dd7dd561dd93c76ba3425d406c2449ae32927a6c3d86,0.616743973640507,0.2548034512957084,0.22411363265573,-236.80767759680748,-238.2621030807495,-236.4482711702585,-238.0308682471513,-0.12817159295073566,-1.0,-0.2548034512957084,0.0,1,0.18223475278415321,0.18216460459877223,0.1501433469024087,0.022763838707597878,1.0
chr2:202832094:C:T;chr2:202832130:T:C;var1;middle;OL29|K562|fa83391cb07bbeda,chr2:202832094:C:T;chr2:202832130:T:C;var1;middle;OL29,K562,K562_region_01331,100,136,36,ACTTTTTCCTCCTAATCACAATCATTTGTCTTAACAGGGCTGCAAACCACTGTGGCTAAAAAACCCAAGCAGCGCCCGCACAAAGCCAACAGGCACCGGCCTTGCCCACATCCCCTGGCTAGCCTAAAGTGAAATTGAAGCAGCCCACTCTGCCATTATCCTCTTTCCTGCTTGTTTCGCAGGGCCTACGGCTACTTTTA,ff7ff24bfb595a68a3ef1781bd4b20159898d93e56d52abad1e5409b648d5b4e,0.0,ACTTTTTCCTCCTAATCACAATCATTTGTCTTAACAGGGCTGCAAACCACTGTGGCTAAAAAACCCAAGCAGCGCCCGCACAAAGCCAACAGGCACCGGTCTTGCCCACATCCCCTGGCTAGCCTAAAGTGAAATTGAAGCAGCCCACTCTGCCATTATCCTCTTTCCTGCTTGTTTCGCAGGGCCTACGGCTACTTTTA,23c6ae1697d2cf8d9641acd83b5dc1d5f5266471ceecd2611dcfae140cc590a3,-0.143934223531838,ACTTTTTCCTCCTAATCACAATCATTTGTCTTAACAGGGCTGCAAACCACTGTGGCTAAAAAACCCAAGCAGCGCCCGCACAAAGCCAACAGGCACCGGCCTTGCCCACATCCCCTGGCTAGCCTAAAGTGAAATCGAAGCAGCCCACTCTGCCATTATCCTCTTTCCTGCTTGTTTCGCAGGGCCTACGGCTACTTTTA,6e8c029d26f321fb82c1b301d288da66af1999b760c8deb9a7c4b5334c39fb5d,0.110097016485636,ACTTTTTCCTCCTAATCACAATCATTTGTCTTAACAGGGCTGCAAACCACTGTGGCTAAAAAACCCAAGCAGCGCCCGCACAAAGCCAACAGGCACCGGTCTTGCCCACATCCCCTGGCTAGCCTAAAGTGAAATCGAAGCAGCCCACTCTGCCATTATCCTCTTTCCTGCTTGTTTCGCAGGGCCTACGGCTACTTTTA,fa83391cb07bbeda653d35b01e3a3f9f3ca012518f71226ce22e5bf266780c2d,-0.192196099879191,0.158358892832989,0.208774106842747,-329.2062087180093,-335.43830966949463,-331.9913520393893,-337.90385051071644,-0.3196024801582098,1.0,0.158358892832989,0.0,4,0.17580320734639276,0.17620727786206916,0.145609630836647,0.3729380846928806,1.0
chr2:202897288:G:A;chr2:202897368:C:T;var1;middle;OL27|K562|287d86b3d5586f72,chr2:202897288:G:A;chr2:202897368:C:T;var1;middle;OL27,K562,K562_region_01332,100,180,80,GTGTGTGTGTGTGTGTGAGAGAGAGAGAGAGAGAGACAGAGGAAAGAGGAGGAGGAGGAGAGATTGATTGATTGATTTTTTTCTTTTCCTTCTCAACATGTCACTTTCCTGCATGGGAATTCCTGATATTCCTGGCAGCCCGGAGAGAGGGGAGAGGCCCCCTGGTGACTTATGACCCCCGCAGGAGTAACCAGAGAGCG,4f960ec602b8ef605a4424f1a58bfece406eaa1ea1830f0c5f56a24d8425311d,0.0,GTGTGTGTGTGTGTGTGAGAGAGAGAGAGAGAGAGACAGAGGAAAGAGGAGGAGGAGGAGAGATTGATTGATTGATTTTTTTCTTTTCCTTCTCAACATATCACTTTCCTGCATGGGAATTCCTGATATTCCTGGCAGCCCGGAGAGAGGGGAGAGGCCCCCTGGTGACTTATGACCCCCGCAGGAGTAACCAGAGAGCG,22fcc55dc7a36dc0f32dba1326fcd0c32542ab41af3730d4cd53fc39461fd879,-0.337700951370588,GTGTGTGTGTGTGTGTGAGAGAGAGAGAGAGAGAGACAGAGGAAAGAGGAGGAGGAGGAGAGATTGATTGATTGATTTTTTTCTTTTCCTTCTCAACATGTCACTTTCCTGCATGGGAATTCCTGATATTCCTGGCAGCCCGGAGAGAGGGGAGAGGCCCCCTGGTGACTTATGACCCCTGCAGGAGTAACCAGAGAGCG,1168d43a8aef417bd78fbcc81497882c48af5323fb5279871f5a7fa3f6407e62,0.230498870788581,GTGTGTGTGTGTGTGTGAGAGAGAGAGAGAGAGAGACAGAGGAAAGAGGAGGAGGAGGAGAGATTGATTGATTGATTTTTTTCTTTTCCTTCTCAACATATCACTTTCCTGCATGGGAATTCCTGATATTCCTGGCAGCCCGGAGAGAGGGGAGAGGCCCCCTGGTGACTTATGACCCCTGCAGGAGTAACCAGAGAGCG,287d86b3d5586f7243bc9ff69b9f82157ce35b9ae4b60a5ae5177810821b8d79,-0.119088990956999,-0.011886910374992,0.109401107136834,-178.05795954575296,-180.79926227987744,-174.9680456671631,-177.61522792337928,0.09412047790829092,-1.0,0.011886910374992,0.0,0,0.1858969413291181,0.18565657667894103,0.15145376406925343,-0.18379277105536304,1.0
chr2:204739781:A:G;chr2:204739823:A:G;var1;middle;OL32|K562|a739a45b015eb971,chr2:204739781:A:G;chr2:204739823:A:G;var1;middle;OL32,K562,K562_region_01333,100,142,42,GGTAATGATTATTACCTAGAATGAGCTCCTTTTCTGTGGAAGACTGTGCTTCTTGCTCTCTAGGCCTTTGGATGGTAGCCATGAAGAAAAACACCAATCAGGAGCCTCAGTGGATAGTATATCATTTCCACTCCTCTAAACATCTTTAGAGAGATTACTCTTTTTCATAGTTGATGGGCAGATCTGAGTGACAGAGAGTG,2784f16e6d738e3edc810ee8ce02abea3a160b8d0083944d975585fcefc4521f,0.0,GGTAATGATTATTACCTAGAATGAGCTCCTTTTCTGTGGAAGACTGTGCTTCTTGCTCTCTAGGCCTTTGGATGGTAGCCATGAAGAAAAACACCAATCGGGAGCCTCAGTGGATAGTATATCATTTCCACTCCTCTAAACATCTTTAGAGAGATTACTCTTTTTCATAGTTGATGGGCAGATCTGAGTGACAGAGAGTG,2c87d6cc2a6da998c50263ce44cfdfdbb57f4d1980c97d5c38d27157cf27f4bc,-0.736525782042419,GGTAATGATTATTACCTAGAATGAGCTCCTTTTCTGTGGAAGACTGTGCTTCTTGCTCTCTAGGCCTTTGGATGGTAGCCATGAAGAAAAACACCAATCAGGAGCCTCAGTGGATAGTATATCATTTCCACTCCTCTAAACGTCTTTAGAGAGATTACTCTTTTTCATAGTTGATGGGCAGATCTGAGTGACAGAGAGTG,8f4ad2a1f22c84b4274c5a456beb09433db0a25c89e13059accf817f5cfe941f,0.701739527141037,GGTAATGATTATTACCTAGAATGAGCTCCTTTTCTGTGGAAGACTGTGCTTCTTGCTCTCTAGGCCTTTGGATGGTAGCCATGAAGAAAAACACCAATCGGGAGCCTCAGTGGATAGTATATCATTTCCACTCCTCTAAACGTCTTTAGAGAGATTACTCTTTTTCATAGTTGATGGGCAGATCTGAGTGACAGAGAGTG,a739a45b015eb9716df60aa61630ee188f259fbc191a52971a6cd29bb87d4f20,-0.202042024679144,-0.167255769777762,0.218915453052697,-343.53688593488187,-339.20550726819783,-362.6007419908419,-365.56666314508766,-7.297299820929766,-1.0,0.167255769777762,0.0,3,0.1667748808832952,0.18106719778262317,0.1474303780702046,0.09946593836450238,1.0
chr2:20876736:T:C;chr2:20876760:G:T;var1;middle;OL41|K562|449605ac6e85e252,chr2:20876736:T:C;chr2:20876760:G:T;var1;middle;OL41,K562,K562_region_01219,100,124,24,AAATATGCCCTTAGAGCAGCAGAGCAGCGTGCGATGGTCCACTTCCTCCTGCCTCTGCAGAGCTTGCAGGCCTCTTCTAGCATCTGTGCATGGTGCGCATGTGTCTGTGACAACAGAAAGGGTGGGTTTCTCTCACACGTTTCCCTGACAGTGGCAAGGGGGCTGCAGCGGTCACAGAAACTTCCGGAGAGAGGTGTTTC,c1662d5b2650f87738d465039e8af3d32208b40701828ce75ebb604162287d92,0.0,AAATATGCCCTTAGAGCAGCAGAGCAGCGTGCGATGGTCCACTTCCTCCTGCCTCTGCAGAGCTTGCAGGCCTCTTCTAGCATCTGTGCATGGTGCGCACGTGTCTGTGACAACAGAAAGGGTGGGTTTCTCTCACACGTTTCCCTGACAGTGGCAAGGGGGCTGCAGCGGTCACAGAAACTTCCGGAGAGAGGTGTTTC,1852aaeff0d05499cea54279c956cfe3a2a441e53f1d00654736902169884d58,-0.275223744234015,AAATATGCCCTTAGAGCAGCAGAGCAGCGTGCGATGGTCCACTTCCTCCTGCCTCTGCAGAGCTTGCAGGCCTCTTCTAGCATCTGTGCATGGTGCGCATGTGTCTGTGACAACAGAAAGGGTTGGTTTCTCTCACACGTTTCCCTGACAGTGGCAAGGGGGCTGCAGCGGTCACAGAAACTTCCGGAGAGAGGTGTTTC,86f53a53239892745b600baa49e0f42c768e678714de34ff1871b7b838ea08a2,0.637934088818139,AAATATGCCCTTAGAGCAGCAGAGCAGCGTGCGATGGTCCACTTCCTCCTGCCTCTGCAGAGCTTGCAGGCCTCTTCTAGCATCTGTGCATGGTGCGCACGTGTCTGTGACAACAGAAAGGGTTGGTTTCTCTCACACGTTTCCCTGACAGTGGCAAGGGGGCTGCAGCGGTCACAGAAACTTCCGGAGAGAGGTGTTTC,449605ac6e85e25228726388296b82e50708cab7f62aa6afb7df01ccbf88020b,0.43344392082415,0.070733576240026,0.164574274544011,-384.1415224657394,-371.0118287233636,-391.4879013842437,-382.8925960860215,-4.534388444153592,-1.0,-0.070733576240026,0.0,4,0.17057935391885531,0.17620727786206916,0.145609630836647,0.14703143843062316,1.0
chr2:20884546:A:C;chr2:20884586:G:C;var1;middle;OL41|K562|d083430c25fbade9,chr2:20884546:A:C;chr2:20884586:G:C;var1;middle;OL41,K562,K562_region_01220,100,140,40,ATGCTTATGGCTGGGAACAGACTAGGAACAAACACGGGTGTGGTCAAAGCTCAATCGCTGAGCACTCGGTAACTCTGCAGGAAGTTAAAACTTTCACAAAGACCATCCATGTGGTTGACTGGGACATACAGGCAGAGCTGCTTCTGGAAAATGGATTTCTTCCACTGTTTGTCCATTTTAGTCTAATCCCTAATGAAACA,cbaf38b35e8019ab7d7c51b19c01c776903747fb6426a90658853b4a3b466c04,0.0,ATGCTTATGGCTGGGAACAGACTAGGAACAAACACGGGTGTGGTCAAAGCTCAATCGCTGAGCACTCGGTAACTCTGCAGGAAGTTAAAACTTTCACAACGACCATCCATGTGGTTGACTGGGACATACAGGCAGAGCTGCTTCTGGAAAATGGATTTCTTCCACTGTTTGTCCATTTTAGTCTAATCCCTAATGAAACA,64a623bc7a6beac3f05cfa9e907c86eea782bffe2eba16698b9d4168ca48d334,0.376707090735033,ATGCTTATGGCTGGGAACAGACTAGGAACAAACACGGGTGTGGTCAAAGCTCAATCGCTGAGCACTCGGTAACTCTGCAGGAAGTTAAAACTTTCACAAAGACCATCCATGTGGTTGACTGGGACATACAGGCAGAGCTCCTTCTGGAAAATGGATTTCTTCCACTGTTTGTCCATTTTAGTCTAATCCCTAATGAAACA,fa6866bff6e580ddea556af7efb8c9ec8434101e07064898147190a2b005d847,0.0371106982300064,ATGCTTATGGCTGGGAACAGACTAGGAACAAACACGGGTGTGGTCAAAGCTCAATCGCTGAGCACTCGGTAACTCTGCAGGAAGTTAAAACTTTCACAACGACCATCCATGTGGTTGACTGGGACATACAGGCAGAGCTCCTTCTGGAAAATGGATTTCTTCCACTGTTTGTCCATTTTAGTCTAATCCCTAATGAAACA,d083430c25fbade9b595d653172d4d36321884f1bc9802ef004503099952cbed,0.37897303555429,0.0348447534107493,0.247925022592718,-328.11492143012583,-336.0280191078782,-327.5008057872765,-343.497371384874,8.083467919845134,1.0,0.0348447534107493,0.0,2,0.18696465122443673,0.17490732828716207,0.146091925319964,0.18809084717393548,1.0
chr2:21233972:T:C;chr2:21233999:T:C;var1;middle;OL31|K562|26ab1d86df6c75a6,chr2:21233972:T:C;chr2:21233999:T:C;var1;middle;OL31,K562,K562_region_01221,100,127,27,GACACGAGATGATGACTTGTGGAGCCTTTGTAATCATGAGAGAAAGTAAATGCCAGAGGTTCTGCTTTCAACAGGAATTTGCTATACAGCTGCCCAGTATGTTCTCCCCAGAGAGCGAGTTTCCCATTGCCATTTGTATGTGCATCGATGGTCATGGTAAACGGGGCCATTACAGAACGGAAGACATTGCTGAAATGCAG,07635757190b95e35c70601784eff03f46066a7ed02d089b1ae35383964aa72f,0.0,GACACGAGATGATGACTTGTGGAGCCTTTGTAATCATGAGAGAAAGTAAATGCCAGAGGTTCTGCTTTCAACAGGAATTTGCTATACAGCTGCCCAGTACGTTCTCCCCAGAGAGCGAGTTTCCCATTGCCATTTGTATGTGCATCGATGGTCATGGTAAACGGGGCCATTACAGAACGGAAGACATTGCTGAAATGCAG,35d097c4ce0ca2d73544806a69a1cc80212fd968f8384b49c21aa04f9787c32a,-0.0362399591855647,GACACGAGATGATGACTTGTGGAGCCTTTGTAATCATGAGAGAAAGTAAATGCCAGAGGTTCTGCTTTCAACAGGAATTTGCTATACAGCTGCCCAGTATGTTCTCCCCAGAGAGCGAGTTTCCCACTGCCATTTGTATGTGCATCGATGGTCATGGTAAACGGGGCCATTACAGAACGGAAGACATTGCTGAAATGCAG,60c381111aa6e4a494f96416aed56aba8e3721d2b2bc594a13a418352cd5a06d,-0.148290801065835,GACACGAGATGATGACTTGTGGAGCCTTTGTAATCATGAGAGAAAGTAAATGCCAGAGGTTCTGCTTTCAACAGGAATTTGCTATACAGCTGCCCAGTACGTTCTCCCCAGAGAGCGAGTTTCCCACTGCCATTTGTATGTGCATCGATGGTCATGGTAAACGGGGCCATTACAGAACGGAAGACATTGCTGAAATGCAG,26ab1d86df6c75a6342417ec2a5085c8bb74ff681ea7be5c0fca25d9fe94454a,0.0673804898033035,0.2519112500547031,0.180550288681048,-285.25099815428257,-282.7552886903286,-283.48749332129955,-279.6028376221657,1.3889462351799011,-1.0,-0.2519112500547031,0.0,3,0.18427059097225174,0.18106719778262317,0.1474303780702046,0.21627632486672094,1.0
chr2:213827133:G:T;chr2:213827186:G:A;var1;middle;OL28|K562|bb13d7e3ff547b29,chr2:213827133:G:T;chr2:213827186:G:A;var1;middle;OL28,K562,K562_region_01334,100,153,53,CAGTCTCTACATTTGAGAGAATCTGATAAGACAAAAACCAGATGAAATACATGTGATCAAATTCATATGATTGGATATAAGATCTATTATAGGGTAAAGGATACATTGGTCAAATTGAAACCAAGTATGCAATGATATCTCTGAAAATGGCCGAAGGACTCCATTTGCCTTTACTAGGATGGGAAAGGCTTTGTGAATAG,894984a9152950608aaacf29eafb34fd2af7f4399aab39338f454d79cba659f5,0.0,CAGTCTCTACATTTGAGAGAATCTGATAAGACAAAAACCAGATGAAATACATGTGATCAAATTCATATGATTGGATATAAGATCTATTATAGGGTAAAGTATACATTGGTCAAATTGAAACCAAGTATGCAATGATATCTCTGAAAATGGCCGAAGGACTCCATTTGCCTTTACTAGGATGGGAAAGGCTTTGTGAATAG,f8b396fe035b49ffe266db3203d6168af8244ad94103858c5e2175ee48afb3ab,-0.0799888371395739,CAGTCTCTACATTTGAGAGAATCTGATAAGACAAAAACCAGATGAAATACATGTGATCAAATTCATATGATTGGATATAAGATCTATTATAGGGTAAAGGATACATTGGTCAAATTGAAACCAAGTATGCAATGATATCTCTGAAAATGGCCAAAGGACTCCATTTGCCTTTACTAGGATGGGAAAGGCTTTGTGAATAG,fb8a552e97e7c2c30a7c3fcb821d0da4beeb6f83e9ffefad6496951806337ecb,-0.397476266936642,CAGTCTCTACATTTGAGAGAATCTGATAAGACAAAAACCAGATGAAATACATGTGATCAAATTCATATGATTGGATATAAGATCTATTATAGGGTAAAGTATACATTGGTCAAATTGAAACCAAGTATGCAATGATATCTCTGAAAATGGCCAAAGGACTCCATTTGCCTTTACTAGGATGGGAAAGGCTTTGTGAATAG,bb13d7e3ff547b29448272a66b447d6ecabe90b7ebfd85195c874f82bd6d7b05,-0.534920148651402,0.0574550445751861,0.199411181452533,-379.08887082291767,-374.6393381487578,-365.9515921790153,-366.3537449860014,4.851685481145978,1.0,0.0574550445751861,0.0,1,0.18730145791590563,0.18216460459877223,0.1501433469024087,0.14111030186021178,1.0
chr2:214018514:C:T;chr2:214018554:G:C;var1;middle;OL41|K562|a5c1e77151163aed,chr2:214018514:C:T;chr2:214018554:G:C;var1;middle;OL41,K562,K562_region_01335,100,140,40,GTAGAAGAGGATCCATTGTGAAATCTTAAAGATACATCCTCACAGTTACCAAGTTGATGTAGTCCTTGCCCCTGGTTTATTGAAGCTTAATTTAGCTTCCTTGAAGCTGGTCCTTTTCAAGAGTTAACTTTCACTGGCTGCCTAGTCACCAGAGGCACACTTTCTCCCTCTAGTGGCTAAGGCTTCAGACACTACATTCT,90d9162ad1a6ec99563e689e6bc027933ce8f74a2715eed58892ea7a00981676,0.0,GTAGAAGAGGATCCATTGTGAAATCTTAAAGATACATCCTCACAGTTACCAAGTTGATGTAGTCCTTGCCCCTGGTTTATTGAAGCTTAATTTAGCTTCTTTGAAGCTGGTCCTTTTCAAGAGTTAACTTTCACTGGCTGCCTAGTCACCAGAGGCACACTTTCTCCCTCTAGTGGCTAAGGCTTCAGACACTACATTCT,2047e60f5cc4e0a07ee45b91bb224eb3379dca76ab21869cd115445d77024984,0.0790848032892829,GTAGAAGAGGATCCATTGTGAAATCTTAAAGATACATCCTCACAGTTACCAAGTTGATGTAGTCCTTGCCCCTGGTTTATTGAAGCTTAATTTAGCTTCCTTGAAGCTGGTCCTTTTCAAGAGTTAACTTTCACTGGCTCCCTAGTCACCAGAGGCACACTTTCTCCCTCTAGTGGCTAAGGCTTCAGACACTACATTCT,1dc9048a73b2a62ce95922017a5563f86c92101eff724836c182db480f57ace1,-0.125899078398221,GTAGAAGAGGATCCATTGTGAAATCTTAAAGATACATCCTCACAGTTACCAAGTTGATGTAGTCCTTGCCCCTGGTTTATTGAAGCTTAATTTAGCTTCTTTGAAGCTGGTCCTTTTCAAGAGTTAACTTTCACTGGCTCCCTAGTCACCAGAGGCACACTTTCTCCCTCTAGTGGCTAAGGCTTCAGACACTACATTCT,a5c1e77151163aed7e80288b53f672b7dde6382267c0edab297aea983c3bda6b,-0.0012303630822359,0.0455839120267022,0.228863610248717,-312.3803140348755,-318.7709898375906,-293.47337712952867,-303.4313142008614,-3.5672612686175853,-1.0,-0.0455839120267022,0.0,0,0.1811943050738434,0.18565657667894103,0.15145376406925343,0.10164929482824625,1.0
chr2:215674323:C:G;chr2:215674341:A:G;var1;middle;OL41|K562|84a769cb9c3d6fa8,chr2:215674323:C:G;chr2:215674341:A:G;var1;middle;OL41,K562,K562_region_01336,100,118,18,GCGCGGAACGAGGCTCGTTCCCGGAGCGGATCCTCGGCTGCCGGTTCCTCGGCTGCCGATTATCCGGCATCGTCCCGCCTTCGGATGAAAGGCTCCTCGCAGAGCGGGAAGCAAGGAAGCCTCGGGAAACCACAGGGAAGCTGCAGGCCAGCGACTCGAAACCGGCCAAGCTCTTCCCGCGTCTGGGACGGCGGGCCGCC,fd596d410796fab13c058d75e06357f21687a3ee9606be528c30a68379a285d3,0.0,GCGCGGAACGAGGCTCGTTCCCGGAGCGGATCCTCGGCTGCCGGTTCCTCGGCTGCCGATTATCCGGCATCGTCCCGCCTTCGGATGAAAGGCTCCTCGGAGAGCGGGAAGCAAGGAAGCCTCGGGAAACCACAGGGAAGCTGCAGGCCAGCGACTCGAAACCGGCCAAGCTCTTCCCGCGTCTGGGACGGCGGGCCGCC,1c38163f518a442437f45139b377c4e92e07832bfb5b065e7c766f8eeb1302d1,0.434362475553278,GCGCGGAACGAGGCTCGTTCCCGGAGCGGATCCTCGGCTGCCGGTTCCTCGGCTGCCGATTATCCGGCATCGTCCCGCCTTCGGATGAAAGGCTCCTCGCAGAGCGGGAAGCAAGGAGGCCTCGGGAAACCACAGGGAAGCTGCAGGCCAGCGACTCGAAACCGGCCAAGCTCTTCCCGCGTCTGGGACGGCGGGCCGCC,9b9ddbc3d15285525292ac558275651bbe693132950128436bc93097b94ca4f6,-0.185783107220233,GCGCGGAACGAGGCTCGTTCCCGGAGCGGATCCTCGGCTGCCGGTTCCTCGGCTGCCGATTATCCGGCATCGTCCCGCCTTCGGATGAAAGGCTCCTCGGAGAGCGGGAAGCAAGGAGGCCTCGGGAAACCACAGGGAAGCTGCAGGCCAGCGACTCGAAACCGGCCAAGCTCTTCCCGCGTCTGGGACGGCGGGCCGCC,84a769cb9c3d6fa845bb4c6ebe2321583b1584aae7e7a74df0461f3f3e0a7619,-0.376476931346129,0.625056299679174,0.469875295848242,-349.9874697618652,-335.48944840719923,-357.52818494546227,-338.697372648865,-4.332790941931307,1.0,0.625056299679174,0.0,0,0.18021106763906086,0.18565657667894103,0.15145376406925343,0.15261008693865638,1.0
chr2:215674323:C:G;chr2:215674371:C:T;var1;middle;OL41|K562|92016af324252124,chr2:215674323:C:G;chr2:215674371:C:T;var1;middle;OL41,K562,K562_region_01336,100,148,48,GCGCGGAACGAGGCTCGTTCCCGGAGCGGATCCTCGGCTGCCGGTTCCTCGGCTGCCGATTATCCGGCATCGTCCCGCCTTCGGATGAAAGGCTCCTCGCAGAGCGGGAAGCAAGGAAGCCTCGGGAAACCACAGGGAAGCTGCAGGCCAGCGACTCGAAACCGGCCAAGCTCTTCCCGCGTCTGGGACGGCGGGCCGCC,fd596d410796fab13c058d75e06357f21687a3ee9606be528c30a68379a285d3,0.0,GCGCGGAACGAGGCTCGTTCCCGGAGCGGATCCTCGGCTGCCGGTTCCTCGGCTGCCGATTATCCGGCATCGTCCCGCCTTCGGATGAAAGGCTCCTCGGAGAGCGGGAAGCAAGGAAGCCTCGGGAAACCACAGGGAAGCTGCAGGCCAGCGACTCGAAACCGGCCAAGCTCTTCCCGCGTCTGGGACGGCGGGCCGCC,1c38163f518a442437f45139b377c4e92e07832bfb5b065e7c766f8eeb1302d1,0.433690190826715,GCGCGGAACGAGGCTCGTTCCCGGAGCGGATCCTCGGCTGCCGGTTCCTCGGCTGCCGATTATCCGGCATCGTCCCGCCTTCGGATGAAAGGCTCCTCGCAGAGCGGGAAGCAAGGAAGCCTCGGGAAACCACAGGGAAGCTGCAGGTCAGCGACTCGAAACCGGCCAAGCTCTTCCCGCGTCTGGGACGGCGGGCCGCC,fe001666fdc5cd9dd4a96e5d1325dbd6a32ecc310176387ead13849b3b531fa6,-0.277345372442231,GCGCGGAACGAGGCTCGTTCCCGGAGCGGATCCTCGGCTGCCGGTTCCTCGGCTGCCGATTATCCGGCATCGTCCCGCCTTCGGATGAAAGGCTCCTCGGAGAGCGGGAAGCAAGGAAGCCTCGGGAAACCACAGGGAAGCTGCAGGTCAGCGACTCGAAACCGGCCAAGCTCTTCCCGCGTCTGGGACGGCGGGCCGCC,92016af324252124551429b57860afc22ca549800fab53b55b518c328e8e0410,-0.0246750867844769,-0.1810199051689608,0.328779679691063,-349.9874697618652,-335.48944840719923,-349.2482383241877,-335.94079631054774,-1.190579341026023,-1.0,0.1810199051689608,0.0,0,0.18424688777996337,0.18565657667894103,0.15145376406925343,0.11406622432624687,1.0
chr2:218070753:G:T;chr2:218070793:G:T;var1;middle;OL29|K562|f220717461f1b044,chr2:218070753:G:T;chr2:218070793:G:T;var1;middle;OL29,K562,K562_region_01337,100,140,40,TCCTCTTTCATTTGGGATGTAAGAGGGGAAATGAATATTATTTTTATAAATATGACTCGGTGTTCTGCCCAAGTCTGCCTGTGGCCATCAGGAAAGTGGGATGTTGGGGGTAAAAAAATATGGAAAAGGAGTGTCCAGGGAAAGTATTTCAGAGATCCCGGATTTGTCTATAGCCTGCTGGGAGTTACAAAAGAAAGGAA,07025db9e8f400973da7eab8514f47870d45310f36eaaa0f79a1b8ab02831f1d,0.0,TCCTCTTTCATTTGGGATGTAAGAGGGGAAATGAATATTATTTTTATAAATATGACTCGGTGTTCTGCCCAAGTCTGCCTGTGGCCATCAGGAAAGTGGTATGTTGGGGGTAAAAAAATATGGAAAAGGAGTGTCCAGGGAAAGTATTTCAGAGATCCCGGATTTGTCTATAGCCTGCTGGGAGTTACAAAAGAAAGGAA,e00a8c0a6fbac80bcc88de3440ed1586715ae8c21a4ded89ba69806c7ef23b96,0.166920172161704,TCCTCTTTCATTTGGGATGTAAGAGGGGAAATGAATATTATTTTTATAAATATGACTCGGTGTTCTGCCCAAGTCTGCCTGTGGCCATCAGGAAAGTGGGATGTTGGGGGTAAAAAAATATGGAAAAGGAGTGTCCAGGTAAAGTATTTCAGAGATCCCGGATTTGTCTATAGCCTGCTGGGAGTTACAAAAGAAAGGAA,6215c25d6dccf31c7d4db157a0ce2e520922e2c91f419d01d11ee4ec081f3161,0.0502134848442919,TCCTCTTTCATTTGGGATGTAAGAGGGGAAATGAATATTATTTTTATAAATATGACTCGGTGTTCTGCCCAAGTCTGCCTGTGGCCATCAGGAAAGTGGTATGTTGGGGGTAAAAAAATATGGAAAAGGAGTGTCCAGGTAAAGTATTTCAGAGATCCCGGATTTGTCTATAGCCTGCTGGGAGTTACAAAAGAAAGGAA,f220717461f1b0445295eb433d3396555b1d4d012c765ca3207ca320c23d5123,0.226285133750913,-0.009151476744917,0.175803965751705,-330.53614618070424,-330.54227263177745,-337.7172915365081,-339.2267611112911,1.503343123709783,1.0,-0.009151476744917,0.0,3,0.18450100751627652,0.18106719778262317,0.1474303780702046,0.14241773535794777,1.0
chr2:219020958:C:T;chr2:219021013:T:C;var1;middle;OL28|K562|e7ad05e02d2f9807,chr2:219020958:C:T;chr2:219021013:T:C;var1;middle;OL28,K562,K562_region_01338,100,155,55,ACCTGTACCTGCCTAGTCTCCCCACACCCCCAATACCTTTAAAGCTGGAGCAAAGTCACCTCTTTCAGGAAGACAGCCATGTTGTTTACAGTATGGGAACCAAGGGAGAGGTACGGATGTGGCCTCTTAGGTTTCAGTTGGGCAACACAATTCCTTCCCATGTCGGAAGTGACTAGATTTCTTCAGCGGTCCCTCCCCAT,0c9a102467abbee9bc29c5eb46ce453aecfd370d82582a45e16721985fdcc5a4,0.0,ACCTGTACCTGCCTAGTCTCCCCACACCCCCAATACCTTTAAAGCTGGAGCAAAGTCACCTCTTTCAGGAAGACAGCCATGTTGTTTACAGTATGGGAATCAAGGGAGAGGTACGGATGTGGCCTCTTAGGTTTCAGTTGGGCAACACAATTCCTTCCCATGTCGGAAGTGACTAGATTTCTTCAGCGGTCCCTCCCCAT,2735bff5651aff7c4a55ce152a7be1179b4305ed583fb024364d9ce5b13d92e9,0.0295134110236719,ACCTGTACCTGCCTAGTCTCCCCACACCCCCAATACCTTTAAAGCTGGAGCAAAGTCACCTCTTTCAGGAAGACAGCCATGTTGTTTACAGTATGGGAACCAAGGGAGAGGTACGGATGTGGCCTCTTAGGTTTCAGTTGGGCAACACAATTCCCTCCCATGTCGGAAGTGACTAGATTTCTTCAGCGGTCCCTCCCCAT,f4a5704d8070422cc7ba1daccae97280e93eb1ef894626ee99ad55126d7db025,2.09376165383455,ACCTGTACCTGCCTAGTCTCCCCACACCCCCAATACCTTTAAAGCTGGAGCAAAGTCACCTCTTTCAGGAAGACAGCCATGTTGTTTACAGTATGGGAATCAAGGGAGAGGTACGGATGTGGCCTCTTAGGTTTCAGTTGGGCAACACAATTCCCTCCCATGTCGGAAGTGACTAGATTTCTTCAGCGGTCCCTCCCCAT,e7ad05e02d2f98071b889c1366ecbc2b1f3801e2a6bc268f043d923e2eec306c,1.99917367531588,0.1241013895423419,0.10202578676202,-257.2428060472012,-259.1173816174269,-258.81744489073753,-260.6180563867092,-0.0739640742539791,1.0,0.1241013895423419,0.0,4,0.17610765436685338,0.17620727786206916,0.145609630836647,0.24745508608692376,1.0
chr2:219134928:A:G;chr2:219134950:C:T;var1;middle;OL41|K562|94a1fa71630968c0,chr2:219134928:A:G;chr2:219134950:C:T;var1;middle;OL41,K562,K562_region_01339,100,122,22,CACTTCTCTGGGCCCAAACGCCTCCCAGAGTCAGCTCTGCGCGACGACGCGGAACTCGAGCCCCTCCTCCCGGCAGGAAGTAGGCGTAGGCGACTCCCCAGCAGGAAGAGCGACGGCCGTTCGGCCAATAGCTACGAAGGTTGGCTGGCCGCCTCACCAATCACAGAGCGGCATTGGAAGATGGGGCCGGGGCGTGGCGG,466b8ee0e283f973b96c71fa530407bb699742567e5462ec92e86460a212ed58,0.0,CACTTCTCTGGGCCCAAACGCCTCCCAGAGTCAGCTCTGCGCGACGACGCGGAACTCGAGCCCCTCCTCCCGGCAGGAAGTAGGCGTAGGCGACTCCCCGGCAGGAAGAGCGACGGCCGTTCGGCCAATAGCTACGAAGGTTGGCTGGCCGCCTCACCAATCACAGAGCGGCATTGGAAGATGGGGCCGGGGCGTGGCGG,c54974075993489be238dd5996d3cc360e7f065691b17c516aadfa6a4c0b4f56,-0.217459127276272,CACTTCTCTGGGCCCAAACGCCTCCCAGAGTCAGCTCTGCGCGACGACGCGGAACTCGAGCCCCTCCTCCCGGCAGGAAGTAGGCGTAGGCGACTCCCCAGCAGGAAGAGCGACGGCCGTTTGGCCAATAGCTACGAAGGTTGGCTGGCCGCCTCACCAATCACAGAGCGGCATTGGAAGATGGGGCCGGGGCGTGGCGG,78881da51446c2623a09b57b65fe09b6062d9f78d51d1b08233cfe25a3405062,-0.18934274095288,CACTTCTCTGGGCCCAAACGCCTCCCAGAGTCAGCTCTGCGCGACGACGCGGAACTCGAGCCCCTCCTCCCGGCAGGAAGTAGGCGTAGGCGACTCCCCGGCAGGAAGAGCGACGGCCGTTTGGCCAATAGCTACGAAGGTTGGCTGGCCGCCTCACCAATCACAGAGCGGCATTGGAAGATGGGGCCGGGGCGTGGCGG,94a1fa71630968c0ea15eb97a606b7bcfff087855b6cb896b0626623bfba4d6d,-0.0677658673990318,0.3390360008301202,0.173705092728664,-375.6338256089948,-369.2338266475126,-381.7167651837226,-375.5101950528333,-0.19342883059289306,-1.0,-0.3390360008301202,0.0,0,0.18552761633190362,0.18565657667894103,0.15145376406925343,0.2932375085569018,1.0
chr2:219155907:A:T;chr2:219155909:G:T;var1;middle;OL41|K562|a9daeeb37d650f27,chr2:219155907:A:T;chr2:219155909:G:T;var1;middle;OL41,K562,K562_region_01340,100,102,2,ATTCCCAGGGGAGGAGGCTGAGCCCAGGTGGCTATTACCCCAGCTCATGACATGAGGCTCTCCCAACACTTACAGGATAACCCATCATTACCTCTCTGAAGGGCTCATTTTTACAAGTGAGGCCTTGAGGTCATAGCACAGAAAGACAGGGCCCCTGACACTGTGGTCCTGCCTCTTCCATTTAAGCTATAAACTGGTTC,2ff4c5842d3a5e6c6063dd8e4d80a7f4f07230d4e382a01b544e8526318ff92e,0.0,ATTCCCAGGGGAGGAGGCTGAGCCCAGGTGGCTATTACCCCAGCTCATGACATGAGGCTCTCCCAACACTTACAGGATAACCCATCATTACCTCTCTGATGGGCTCATTTTTACAAGTGAGGCCTTGAGGTCATAGCACAGAAAGACAGGGCCCCTGACACTGTGGTCCTGCCTCTTCCATTTAAGCTATAAACTGGTTC,c2e4d07cc3721e8b714ec85d0e680cb66327d529b64a887f51a453d2858ebb34,0.0576217458323833,ATTCCCAGGGGAGGAGGCTGAGCCCAGGTGGCTATTACCCCAGCTCATGACATGAGGCTCTCCCAACACTTACAGGATAACCCATCATTACCTCTCTGAAGTGCTCATTTTTACAAGTGAGGCCTTGAGGTCATAGCACAGAAAGACAGGGCCCCTGACACTGTGGTCCTGCCTCTTCCATTTAAGCTATAAACTGGTTC,71c1d0ec170a6009be3604873319599ffc012f6ef212576c832f5307a8de026a,-0.0879883810713955,ATTCCCAGGGGAGGAGGCTGAGCCCAGGTGGCTATTACCCCAGCTCATGACATGAGGCTCTCCCAACACTTACAGGATAACCCATCATTACCTCTCTGATGTGCTCATTTTTACAAGTGAGGCCTTGAGGTCATAGCACAGAAAGACAGGGCCCCTGACACTGTGGTCCTGCCTCTTCCATTTAAGCTATAAACTGGTTC,a9daeeb37d650f27927c23afe825bde1871c78089cd3f8b997842de80ac6f64d,0.179587814663718,0.2099544499027302,0.228290267531841,-239.12746791541576,-236.88893334567547,-239.19346356391907,-235.68780182302,1.2671271711587622,-1.0,-0.2099544499027302,0.0,0,0.1874035375229167,0.18565657667894103,0.15145376406925343,0.1961215644979783,1.0
chr2:220168607:C:T;chr2:220168616:C:T;var1;middle;OL41|K562|9fb4223dc9c4d513,chr2:220168607:C:T;chr2:220168616:C:T;var1;middle;OL41,K562,K562_region_01341,100,109,9,TCCTGAGAGATCACATACTGGGTGAGGTCATCGTGCCAGGACAATCCTGTCAGGAAAGAGGACAGCGTAAGTTGGTTCAGGAGTCTGGGGATCCAGTAACGGGGACCACTGGGGATCAGAACTGTACCCTCTGCCCTGCAGCTCATGGGGTTTGTCAGAGTAGAGGGACAAACTCAGTGGGTGATCTGAGCTGTCTTCTT,c3cafcc9ace8203e72e72853475b6271871621c4ca690f3b7cd540ced149ef41,0.0,TCCTGAGAGATCACATACTGGGTGAGGTCATCGTGCCAGGACAATCCTGTCAGGAAAGAGGACAGCGTAAGTTGGTTCAGGAGTCTGGGGATCCAGTAATGGGGACCACTGGGGATCAGAACTGTACCCTCTGCCCTGCAGCTCATGGGGTTTGTCAGAGTAGAGGGACAAACTCAGTGGGTGATCTGAGCTGTCTTCTT,927fcd1048e5d514f6d19bef042b682df965e3d6b6cf857ede51c00feb7bb7b4,-0.136418462827301,TCCTGAGAGATCACATACTGGGTGAGGTCATCGTGCCAGGACAATCCTGTCAGGAAAGAGGACAGCGTAAGTTGGTTCAGGAGTCTGGGGATCCAGTAACGGGGACCATTGGGGATCAGAACTGTACCCTCTGCCCTGCAGCTCATGGGGTTTGTCAGAGTAGAGGGACAAACTCAGTGGGTGATCTGAGCTGTCTTCTT,21254e1877499b0a716c690ddd09d935679671c1d84ab8b47c64edb1f614701f,-0.145308845196177,TCCTGAGAGATCACATACTGGGTGAGGTCATCGTGCCAGGACAATCCTGTCAGGAAAGAGGACAGCGTAAGTTGGTTCAGGAGTCTGGGGATCCAGTAATGGGGACCATTGGGGATCAGAACTGTACCCTCTGCCCTGCAGCTCATGGGGTTTGTCAGAGTAGAGGGACAAACTCAGTGGGTGATCTGAGCTGTCTTCTT,9fb4223dc9c4d5137e986fceeb99300e4c0677a15aa8910a6061cbe8b82d9b90,-0.555010494522262,0.273283186498784,0.212981865809455,-375.5263591192197,-370.2100939254742,-374.3280293201096,-365.6227685227059,-3.388995603658259,1.0,0.273283186498784,0.0,1,0.1789170604281351,0.18216460459877223,0.1501433469024087,0.12560865882413347,1.0
chr2:228670387:G:A;chr2:228670437:T:C;var1;middle;OL41|K562|d3a5a4dfef1b2b49,chr2:228670387:G:A;chr2:228670437:T:C;var1;middle;OL41,K562,K562_region_01342,100,150,50,TAAGGAGTCACTGTGGAATTTGTAGTGGTGCTAGCCTCCATTAAAGTTGTGGTTTATTCTTTTTTTTTAGTGAAGCTCTGTAATACCTCAGTATATGATGAAGCCTGTATGGAAACTATTGTAGCAGGATGAGCCACAGACGAAACTCCTCAGACACCGGATTAAAGAAGGAAGTGGTTTATTCGGCCCGGAGCGTCAGC,2a88095963ff738766065f000787aefd33a447e15fe078f27092e951409fa0c8,0.0,TAAGGAGTCACTGTGGAATTTGTAGTGGTGCTAGCCTCCATTAAAGTTGTGGTTTATTCTTTTTTTTTAGTGAAGCTCTGTAATACCTCAGTATATGATAAAGCCTGTATGGAAACTATTGTAGCAGGATGAGCCACAGACGAAACTCCTCAGACACCGGATTAAAGAAGGAAGTGGTTTATTCGGCCCGGAGCGTCAGC,d4eb034c58b3ff3a4a445cab0f97024e99813ac090bc92f8cb773548c30b2523,-0.311671784299409,TAAGGAGTCACTGTGGAATTTGTAGTGGTGCTAGCCTCCATTAAAGTTGTGGTTTATTCTTTTTTTTTAGTGAAGCTCTGTAATACCTCAGTATATGATGAAGCCTGTATGGAAACTATTGTAGCAGGATGAGCCACAGACGAAACTCCCCAGACACCGGATTAAAGAAGGAAGTGGTTTATTCGGCCCGGAGCGTCAGC,8b0d5c1dab46a3b92b1d44255e4103a8209283af0f15a153d393b8bea6c1bb80,0.0235406790269279,TAAGGAGTCACTGTGGAATTTGTAGTGGTGCTAGCCTCCATTAAAGTTGTGGTTTATTCTTTTTTTTTAGTGAAGCTCTGTAATACCTCAGTATATGATAAAGCCTGTATGGAAACTATTGTAGCAGGATGAGCCACAGACGAAACTCCCCAGACACCGGATTAAAGAAGGAAGTGGTTTATTCGGCCCGGAGCGTCAGC,d3a5a4dfef1b2b496d1b0700d58a735e21fe6e419cca858f9fe7fce9b78440eb,0.165045576463446,0.453176681735927,0.250341763635902,-397.6272512006108,-402.0038013607264,-395.32983859139495,-399.39644537796266,0.30994337354786694,-1.0,-0.453176681735927,0.0,3,0.1820972791491322,0.18106719778262317,0.1474303780702046,0.15625237668643047,1.0
chr2:228670387:G:A;chr2:228670476:C:G;var1;middle;OL41|K562|90a9816d3a86574f,chr2:228670387:G:A;chr2:228670476:C:G;var1;middle;OL41,K562,K562_region_01342,100,189,89,TAAGGAGTCACTGTGGAATTTGTAGTGGTGCTAGCCTCCATTAAAGTTGTGGTTTATTCTTTTTTTTTAGTGAAGCTCTGTAATACCTCAGTATATGATGAAGCCTGTATGGAAACTATTGTAGCAGGATGAGCCACAGACGAAACTCCTCAGACACCGGATTAAAGAAGGAAGTGGTTTATTCGGCCCGGAGCGTCAGC,2a88095963ff738766065f000787aefd33a447e15fe078f27092e951409fa0c8,0.0,TAAGGAGTCACTGTGGAATTTGTAGTGGTGCTAGCCTCCATTAAAGTTGTGGTTTATTCTTTTTTTTTAGTGAAGCTCTGTAATACCTCAGTATATGATAAAGCCTGTATGGAAACTATTGTAGCAGGATGAGCCACAGACGAAACTCCTCAGACACCGGATTAAAGAAGGAAGTGGTTTATTCGGCCCGGAGCGTCAGC,d4eb034c58b3ff3a4a445cab0f97024e99813ac090bc92f8cb773548c30b2523,-0.311611675319842,TAAGGAGTCACTGTGGAATTTGTAGTGGTGCTAGCCTCCATTAAAGTTGTGGTTTATTCTTTTTTTTTAGTGAAGCTCTGTAATACCTCAGTATATGATGAAGCCTGTATGGAAACTATTGTAGCAGGATGAGCCACAGACGAAACTCCTCAGACACCGGATTAAAGAAGGAAGTGGTTTATTCGGCCGGGAGCGTCAGC,8399dab10caf0178191aa325c8a6fa3fee2415bf7ed7a90587a5612cce83d643,0.0815338511917515,TAAGGAGTCACTGTGGAATTTGTAGTGGTGCTAGCCTCCATTAAAGTTGTGGTTTATTCTTTTTTTTTAGTGAAGCTCTGTAATACCTCAGTATATGATAAAGCCTGTATGGAAACTATTGTAGCAGGATGAGCCACAGACGAAACTCCTCAGACACCGGATTAAAGAAGGAAGTGGTTTATTCGGCCGGGAGCGTCAGC,90a9816d3a86574f49c3246a313adc6fc6aee2f9f4a82cbcaa6aa0de065ce673,-0.237297194159154,-0.0072193700310634,0.277939169699908,-397.6272512006108,-402.0038013607264,-397.40835031471215,-402.71229119296186,-0.9273907181341201,-1.0,0.0072193700310634,0.0,3,0.179605058872224,0.18106719778262317,0.1474303780702046,0.10059196568306344,1.0
chr2:228670437:T:C;chr2:228670476:C:G;var1;middle;OL41|K562|5a3fd13a785b7629,chr2:228670437:T:C;chr2:228670476:C:G;var1;middle;OL41,K562,K562_region_01342,100,139,39,GGTTTATTCTTTTTTTTTAGTGAAGCTCTGTAATACCTCAGTATATGATGAAGCCTGTATGGAAACTATTGTAGCAGGATGAGCCACAGACGAAACTCCTCAGACACCGGATTAAAGAAGGAAGTGGTTTATTCGGCCCGGAGCGTCAGCAGACTCGCGTCTTTAAGAGCCGAGCTCCCCGAAAAAGAAATTCTTGGCCT,be1c7d12844d5bf87b55a16fcb12236bcabd34cc6b28f0d974875b46b0e266ef,0.0,GGTTTATTCTTTTTTTTTAGTGAAGCTCTGTAATACCTCAGTATATGATGAAGCCTGTATGGAAACTATTGTAGCAGGATGAGCCACAGACGAAACTCCCCAGACACCGGATTAAAGAAGGAAGTGGTTTATTCGGCCCGGAGCGTCAGCAGACTCGCGTCTTTAAGAGCCGAGCTCCCCGAAAAAGAAATTCTTGGCCT,ce2d4e14dcad99b7cf99950bd065a88c6e4a99b658eb0e31580907610f755f9f,0.226615716176501,GGTTTATTCTTTTTTTTTAGTGAAGCTCTGTAATACCTCAGTATATGATGAAGCCTGTATGGAAACTATTGTAGCAGGATGAGCCACAGACGAAACTCCTCAGACACCGGATTAAAGAAGGAAGTGGTTTATTCGGCCGGGAGCGTCAGCAGACTCGCGTCTTTAAGAGCCGAGCTCCCCGAAAAAGAAATTCTTGGCCT,6c770499662626a5f228c1bc34576e18c62e4ce1ac7af6d16b5fa570b2096d39,-0.0799548855535828,GGTTTATTCTTTTTTTTTAGTGAAGCTCTGTAATACCTCAGTATATGATGAAGCCTGTATGGAAACTATTGTAGCAGGATGAGCCACAGACGAAACTCCCCAGACACCGGATTAAAGAAGGAAGTGGTTTATTCGGCCGGGAGCGTCAGCAGACTCGCGTCTTTAAGAGCCGAGCTCCCCGAAAAAGAAATTCTTGGCCT,5a3fd13a785b7629c07b69941faaf5628c39db00cab3e64348505dd8c294634b,0.100790725882468,-0.0458701047404502,0.167781069448225,-415.289219815284,-424.7097253017128,-410.2249778724509,-417.8968322412111,1.7486511176686008,-1.0,0.0458701047404502,0.0,3,0.18499510329909033,0.18106719778262317,0.1474303780702046,0.10596857595959343,1.0
chr2:231034645:A:G;chr2:231034649:G:A;var1;middle;OL41|K562|8bced8c8a9d25a2b,chr2:231034645:A:G;chr2:231034649:G:A;var1;middle;OL41,K562,K562_region_01343,100,104,4,CACTCGCTGAGGAAGGATGACCCTCTGTTCTCCAGGACTACGGATATGCCAGGCACTGAGTGGCTCTCTGGTCAACCCTTTCTCCCTGCAGCTCCATGAATGGGTACCAGTTTACAATCTGTGGTTTGTGAACATGCCAACTCCTGGCATGGAAGAAGGGAAGGAAGCTGGGTGGAGATGAAAATCTTCCTTAGGTACCT,b61901d9793ef6d78d90f442b3ee458bb5ef857e99373e39159074475c1e8fbe,0.0,CACTCGCTGAGGAAGGATGACCCTCTGTTCTCCAGGACTACGGATATGCCAGGCACTGAGTGGCTCTCTGGTCAACCCTTTCTCCCTGCAGCTCCATGAGTGGGTACCAGTTTACAATCTGTGGTTTGTGAACATGCCAACTCCTGGCATGGAAGAAGGGAAGGAAGCTGGGTGGAGATGAAAATCTTCCTTAGGTACCT,19f5698875e32f0949c5c1a68497a7268df2ae5f7b6575c15a8b559abfe7db50,-0.116921758738487,CACTCGCTGAGGAAGGATGACCCTCTGTTCTCCAGGACTACGGATATGCCAGGCACTGAGTGGCTCTCTGGTCAACCCTTTCTCCCTGCAGCTCCATGAATGGATACCAGTTTACAATCTGTGGTTTGTGAACATGCCAACTCCTGGCATGGAAGAAGGGAAGGAAGCTGGGTGGAGATGAAAATCTTCCTTAGGTACCT,9cdd8565eee4d5f3946615885b80e89a98d01a7b6222bbfbfdbbd567957dd737,0.0727581266158762,CACTCGCTGAGGAAGGATGACCCTCTGTTCTCCAGGACTACGGATATGCCAGGCACTGAGTGGCTCTCTGGTCAACCCTTTCTCCCTGCAGCTCCATGAGTGGATACCAGTTTACAATCTGTGGTTTGTGAACATGCCAACTCCTGGCATGGAAGAAGGGAAGGAAGCTGGGTGGAGATGAAAATCTTCCTTAGGTACCT,8bced8c8a9d25a2bcfa2b0d59ae02d4e9c751eaf367e17de1ab7466e057cf04d,-0.136831089887985,0.0926674577653742,0.31030486806439,-354.92195823416114,-357.65198256261647,-349.2218878939748,-355.56201682332903,3.6101046008989215,1.0,0.0926674577653742,0.0,0,0.19041283056285743,0.18565657667894103,0.15145376406925343,0.23042954640553165,1.0
chr2:231880308:C:T;chr2:231880381:G:A;var1;middle;OL41|K562|6c3f406307ba05b4,chr2:231880308:C:T;chr2:231880381:G:A;var1;middle;OL41,K562,K562_region_01344,100,173,73,CCAGCGGCCTCCCTTGCAGGATTGACCCACAAGGTCGTATCCTAGAGGCAAGAGGAGGCAGCAAAGCCTGGAATAGAGGCTTGTGGAATTGGAATCAGGCCGCATGCTTAACTCATGCAAAGCAGCTCCCTGGAAACCTCCAGAGGAGAAGTGACTCAACACACACGTCCCAGACCCTCTGGGCCCCTAGGCACCCTCGG,5e9e77eab25022b87ceb029ac89123ed72170ef8ed01db20a6c528c12d6f52d6,0.0,CCAGCGGCCTCCCTTGCAGGATTGACCCACAAGGTCGTATCCTAGAGGCAAGAGGAGGCAGCAAAGCCTGGAATAGAGGCTTGTGGAATTGGAATCAGGTCGCATGCTTAACTCATGCAAAGCAGCTCCCTGGAAACCTCCAGAGGAGAAGTGACTCAACACACACGTCCCAGACCCTCTGGGCCCCTAGGCACCCTCGG,b73c36fca4170e61ca4131f6d093a3da4f47613148a499d087786f265365cbed,-0.278978041668981,CCAGCGGCCTCCCTTGCAGGATTGACCCACAAGGTCGTATCCTAGAGGCAAGAGGAGGCAGCAAAGCCTGGAATAGAGGCTTGTGGAATTGGAATCAGGCCGCATGCTTAACTCATGCAAAGCAGCTCCCTGGAAACCTCCAGAGGAGAAGTGACTCAACACACACGTCCCAAACCCTCTGGGCCCCTAGGCACCCTCGG,828385046287977582852c4438a5c0c70a7ddad4ef7f4323b463dd3d5fc13dc1,0.483532295684984,CCAGCGGCCTCCCTTGCAGGATTGACCCACAAGGTCGTATCCTAGAGGCAAGAGGAGGCAGCAAAGCCTGGAATAGAGGCTTGTGGAATTGGAATCAGGTCGCATGCTTAACTCATGCAAAGCAGCTCCCTGGAAACCTCCAGAGGAGAAGTGACTCAACACACACGTCCCAAACCCTCTGGGCCCCTAGGCACCCTCGG,6c3f406307ba05b4033eba11736dd746d1f4532603ca7e32f31fc62983cae190,-0.186478660297652,-0.391032914313655,0.499547048709322,-356.3215029137209,-355.97311121504754,-357.95836219377816,-358.4279614710249,-0.8179909759201109,-1.0,0.391032914313655,0.0,1,0.18153290304114483,0.18216460459877223,0.1501433469024087,0.39883011009732217,1.0
chr2:231901957:A:C;chr2:231902020:G:A;var1;middle;OL41|K562|59a0056c01d273a2,chr2:231901957:A:C;chr2:231902020:G:A;var1;middle;OL41,K562,K562_region_01345,100,163,63,CCCAAACTGTGCAGGACTCTGCTCCAGGTCTCCAAACGATCTTATCTAGTGAGGGGATAATTGTCTGTCTTCCCAACCTCGGCTGCCCAGCGCCTGCACATAGTAGGTGCGCAGTAAGTATGTGTGGGATGGACGAACAAATGAATGAATGAATGACTCTCTGTTTCCCCGCGTCTGCGCAGGGACTTCGGGAGGAGCCA,6c13af09456192efd0fb4a7dcb5f8436afa7b141a61809c62aa1a69afcce38f5,0.0,CCCAAACTGTGCAGGACTCTGCTCCAGGTCTCCAAACGATCTTATCTAGTGAGGGGATAATTGTCTGTCTTCCCAACCTCGGCTGCCCAGCGCCTGCACCTAGTAGGTGCGCAGTAAGTATGTGTGGGATGGACGAACAAATGAATGAATGAATGACTCTCTGTTTCCCCGCGTCTGCGCAGGGACTTCGGGAGGAGCCA,eff13aa98a75a7a0e8f3183e22f31db8402ae007efe15ee2e1159277ca1d5970,0.0924091418704879,CCCAAACTGTGCAGGACTCTGCTCCAGGTCTCCAAACGATCTTATCTAGTGAGGGGATAATTGTCTGTCTTCCCAACCTCGGCTGCCCAGCGCCTGCACATAGTAGGTGCGCAGTAAGTATGTGTGGGATGGACGAACAAATGAATGAATGAATGACTCTCTATTTCCCCGCGTCTGCGCAGGGACTTCGGGAGGAGCCA,3af07638ba3940ab08ae17a69a49cee80fb754e0d4c9b1134b389e099629fdca,0.0346355170167298,CCCAAACTGTGCAGGACTCTGCTCCAGGTCTCCAAACGATCTTATCTAGTGAGGGGATAATTGTCTGTCTTCCCAACCTCGGCTGCCCAGCGCCTGCACCTAGTAGGTGCGCAGTAAGTATGTGTGGGATGGACGAACAAATGAATGAATGAATGACTCTCTATTTCCCCGCGTCTGCGCAGGGACTTCGGGAGGAGCCA,59a0056c01d273a2393e8c237a76879fbc391b813031b612ac70eec8e9317c24,0.0037076093782005,0.1233370495090172,0.260067006773204,-215.42411892861128,-215.1610502824188,-217.29910341650248,-218.34239631146195,1.3063615411519152,1.0,0.1233370495090172,0.0,4,0.17781844555737936,0.17620727786206916,0.145609630836647,0.25322414054710646,1.0
chr2:231904874:G:A;chr2:231904880:C:T;var1;middle;OL41|K562|9c946777337cc012,chr2:231904874:G:A;chr2:231904880:C:T;var1;middle;OL41,K562,K562_region_01346,100,106,6,AGACACATTGCTGTTGCCTGAGCCTGAAGAGCCTTTTCTCCTCCCTCCTCCTCACCTGGCCAATCCCATTTGTGCATTCAGAACTGGACTTCCTCCTCCGGGAAGCCTCCCTTGACCTTCCCTGCTCCCACTTGCAAGTTCACTGGCGAAATCCCAGAACCCTTTATCCCTTTGCTCTCTGAGCTCTTACCACATGATTT,0f145c12f26f10f4172621b58f72ae1ddae602ec6b707c0d82898f933192876a,0.0,AGACACATTGCTGTTGCCTGAGCCTGAAGAGCCTTTTCTCCTCCCTCCTCCTCACCTGGCCAATCCCATTTGTGCATTCAGAACTGGACTTCCTCCTCCAGGAAGCCTCCCTTGACCTTCCCTGCTCCCACTTGCAAGTTCACTGGCGAAATCCCAGAACCCTTTATCCCTTTGCTCTCTGAGCTCTTACCACATGATTT,c04b147ee799d02010fc9f222b10eab7b222f9ddd3a59a812436dfd6fadfd655,-0.0590257253310829,AGACACATTGCTGTTGCCTGAGCCTGAAGAGCCTTTTCTCCTCCCTCCTCCTCACCTGGCCAATCCCATTTGTGCATTCAGAACTGGACTTCCTCCTCCGGGAAGTCTCCCTTGACCTTCCCTGCTCCCACTTGCAAGTTCACTGGCGAAATCCCAGAACCCTTTATCCCTTTGCTCTCTGAGCTCTTACCACATGATTT,9742107a32093f5bd2278cefecab9e85617ec665255a22e7561149dabedf548b,0.14316951144278,AGACACATTGCTGTTGCCTGAGCCTGAAGAGCCTTTTCTCCTCCCTCCTCCTCACCTGGCCAATCCCATTTGTGCATTCAGAACTGGACTTCCTCCTCCAGGAAGTCTCCCTTGACCTTCCCTGCTCCCACTTGCAAGTTCACTGGCGAAATCCCAGAACCCTTTATCCCTTTGCTCTCTGAGCTCTTACCACATGATTT,9c946777337cc012d7bfb1dba4f0a0a5dcd46c2be21d066b5957f84a8e8e26cf,0.308649760235308,0.2245059741236109,0.194522604445239,-211.2180253826081,-206.63177079707384,-213.24720736593008,-208.5508768260479,0.11007595434793416,-1.0,-0.2245059741236109,0.0,4,0.1763357556613032,0.17620727786206916,0.145609630836647,0.2037988417558157,1.0
chr2:232419666:A:C;chr2:232419671:C:T;var1;middle;OL41|K562|e5d3d06f8365df63,chr2:232419666:A:C;chr2:232419671:C:T;var1;middle;OL41,K562,K562_region_01347,100,105,5,TTTCCATGGTCCTCTGGACACGCCCACAGGCGAGGCCGCAGCTTTCACTTTCCCCATGAAGAGGACAGCTTCTTCACGTCTCCAGTTTGGACCTCCTGGACTCTCTGGCTCGGCTTTGACGTCTTCCTCTCCTCACCATCCACAGACAGTAAGTCCTGTTGATTCAGCCTCCCAGCTGTCTCCGCCTCTGCCCTCCCACG,20def1a04c432eac092356ce79de8313cf2e05f46a370ec0736152cd8b41d2e3,0.0,TTTCCATGGTCCTCTGGACACGCCCACAGGCGAGGCCGCAGCTTTCACTTTCCCCATGAAGAGGACAGCTTCTTCACGTCTCCAGTTTGGACCTCCTGGCCTCTCTGGCTCGGCTTTGACGTCTTCCTCTCCTCACCATCCACAGACAGTAAGTCCTGTTGATTCAGCCTCCCAGCTGTCTCCGCCTCTGCCCTCCCACG,b6b55cf1f25ed0ac2b47756a45aa613ed50b758edf4c17d07311e5ec3b3444e3,0.219324732271814,TTTCCATGGTCCTCTGGACACGCCCACAGGCGAGGCCGCAGCTTTCACTTTCCCCATGAAGAGGACAGCTTCTTCACGTCTCCAGTTTGGACCTCCTGGACTCTTTGGCTCGGCTTTGACGTCTTCCTCTCCTCACCATCCACAGACAGTAAGTCCTGTTGATTCAGCCTCCCAGCTGTCTCCGCCTCTGCCCTCCCACG,8cf0d706381d7693b977e8f0633905d32a11276db6e21644af2b47e57c8b52ce,0.187796590816801,TTTCCATGGTCCTCTGGACACGCCCACAGGCGAGGCCGCAGCTTTCACTTTCCCCATGAAGAGGACAGCTTCTTCACGTCTCCAGTTTGGACCTCCTGGCCTCTTTGGCTCGGCTTTGACGTCTTCCTCTCCTCACCATCCACAGACAGTAAGTCCTGTTGATTCAGCCTCCCAGCTGTCTCCGCCTCTGCCCTCCCACG,e5d3d06f8365df63e187280e75505203b148501457114298575163c71d387dd3,0.357044857828989,0.050076465259626,0.249254864920593,-370.5425935012754,-363.99938349670265,-370.3268067302415,-360.0332139462698,-3.750382779398933,1.0,0.050076465259626,0.0,3,0.17391902944498078,0.18106719778262317,0.1474303780702046,0.2124219860426479,1.0
chr2:232485775:C:G;chr2:232485833:A:G;var1;middle;OL41|K562|b45276fa61815d53,chr2:232485775:C:G;chr2:232485833:A:G;var1;middle;OL41,K562,K562_region_01348,100,158,58,CGCAGTATGGATGGAGATGCGGAACATCCCGTGGCAGTCATCAGAAATTTATGCGTCTAATTGATCTGAAAACTGAAGGAATTTAGCAACAAGTTAAGACGGAAGGCGACCAAGGTGTGGCCCTATTAGCTTTGTTGCTCAGCACATAGCCCCAGGCATTTACAGGAGGGGCCACACAAGTCCTTTGTCACTAGTCCTTT,91a80d0bf36c1fad2d5d660b79655d8365fdfac6bfd3e450db360cf1b81f9392,0.0,CGCAGTATGGATGGAGATGCGGAACATCCCGTGGCAGTCATCAGAAATTTATGCGTCTAATTGATCTGAAAACTGAAGGAATTTAGCAACAAGTTAAGAGGGAAGGCGACCAAGGTGTGGCCCTATTAGCTTTGTTGCTCAGCACATAGCCCCAGGCATTTACAGGAGGGGCCACACAAGTCCTTTGTCACTAGTCCTTT,0007e1aeec6019a0448d19c50b5c15c127f93fbec2480a20980d255de2faa245,-0.140137942244881,CGCAGTATGGATGGAGATGCGGAACATCCCGTGGCAGTCATCAGAAATTTATGCGTCTAATTGATCTGAAAACTGAAGGAATTTAGCAACAAGTTAAGACGGAAGGCGACCAAGGTGTGGCCCTATTAGCTTTGTTGCTCAGCACATAGCCCCAGGCGTTTACAGGAGGGGCCACACAAGTCCTTTGTCACTAGTCCTTT,a1b54f0adabd2b7ef98fbaa4c70873ecb764bc0263096eccc197721b7a86f77f,0.193073906533224,CGCAGTATGGATGGAGATGCGGAACATCCCGTGGCAGTCATCAGAAATTTATGCGTCTAATTGATCTGAAAACTGAAGGAATTTAGCAACAAGTTAAGAGGGAAGGCGACCAAGGTGTGGCCCTATTAGCTTTGTTGCTCAGCACATAGCCCCAGGCGTTTACAGGAGGGGCCACACAAGTCCTTTGTCACTAGTCCTTT,b45276fa61815d532a0608d083eb11b17e61fadecae379ba07fc2e5beae64db5,0.312126209054726,0.2591902447663829,0.217244747322438,-398.6170466691256,-385.6678294031881,-393.39637014782056,-380.438330963254,0.008821918629053016,-1.0,-0.2591902447663829,0.0,4,0.17621026026342046,0.17620727786206916,0.145609630836647,0.17166874169718063,1.0
chr2:233791608:C:G;chr2:233791648:G:T;var1;middle;OL41|K562|443d32a68862c5f5,chr2:233791608:C:G;chr2:233791648:G:T;var1;middle;OL41,K562,K562_region_01349,100,140,40,ATAGACCTCTCCGCAGAGAGCAGGACAGAAATGTTTGCTAAAGCCCACTTGTGCAGCGCTATTAAAATGCAGCAGTTTTGCCTGCGGAACCATTTAGAGCCAAACATGTCAAAAGCTTTCCTTACCCATGTCAGACGCAGTCCTTCGTATGAAACACAACGGCATCCCATGAGCAGGAGGACCCTCAGAGTCCTCCAGGG,b85a6d9f0ccb1d09fed65a58158ec62b37dd3848f1f853cc60750dbb1e04a746,0.0,ATAGACCTCTCCGCAGAGAGCAGGACAGAAATGTTTGCTAAAGCCCACTTGTGCAGCGCTATTAAAATGCAGCAGTTTTGCCTGCGGAACCATTTAGAGGCAAACATGTCAAAAGCTTTCCTTACCCATGTCAGACGCAGTCCTTCGTATGAAACACAACGGCATCCCATGAGCAGGAGGACCCTCAGAGTCCTCCAGGG,c08c240ac066909744efbf8f125b3474118fbd7bea3d59f11dc35f6e244ad1fe,-0.339761493393768,ATAGACCTCTCCGCAGAGAGCAGGACAGAAATGTTTGCTAAAGCCCACTTGTGCAGCGCTATTAAAATGCAGCAGTTTTGCCTGCGGAACCATTTAGAGCCAAACATGTCAAAAGCTTTCCTTACCCATGTCAGACGCATTCCTTCGTATGAAACACAACGGCATCCCATGAGCAGGAGGACCCTCAGAGTCCTCCAGGG,840a990adb64ee2a36921233f5b78c9a11d6a0385de8eae547e6f6b79ec45ae5,-1.12317126553981,ATAGACCTCTCCGCAGAGAGCAGGACAGAAATGTTTGCTAAAGCCCACTTGTGCAGCGCTATTAAAATGCAGCAGTTTTGCCTGCGGAACCATTTAGAGGCAAACATGTCAAAAGCTTTCCTTACCCATGTCAGACGCATTCCTTCGTATGAAACACAACGGCATCCCATGAGCAGGAGGACCCTCAGAGTCCTCCAGGG,443d32a68862c5f51ddef1b204f327baa9b87243968fce4948e2abc0672ac7c2,-0.312157123040574,1.150775635893004,0.543086972032397,-409.9435928496532,-403.65843973774463,-390.6809125341242,-382.7271025534719,1.6686568687437102,-1.0,-1.150775635893004,0.0,2,0.1776241676848962,0.17490732828716207,0.146091925319964,0.2647673609963679,1.0
chr2:234274654:T:A;chr2:234274667:G:T;var1;middle;OL27|K562|654045d30790d6bd,chr2:234274654:T:A;chr2:234274667:G:T;var1;middle;OL27,K562,K562_region_01350,100,113,13,TTAGAAAAGAAGACATGCTGAAAATCAGGTAGTTAGAAGAATAGCAACACATTAAACTCAAAGGAAATAGAGTATTTTTTTAAAGGATTTATAGAAGAATGAGGAGGAGGAGGTTGCTGATCAAAGAGGTATGCAAAGGCCCTGTGGCAAGAGGGAGCTTGGGGAAATCTTGGGGCTGAAAGAAGGCTGTGGTGGTTAGG,be00301c2f3f60a20f45da0abc48931f8f6cab8c26960f53c8b93678a9a19a44,0.0,TTAGAAAAGAAGACATGCTGAAAATCAGGTAGTTAGAAGAATAGCAACACATTAAACTCAAAGGAAATAGAGTATTTTTTTAAAGGATTTATAGAAGAAAGAGGAGGAGGAGGTTGCTGATCAAAGAGGTATGCAAAGGCCCTGTGGCAAGAGGGAGCTTGGGGAAATCTTGGGGCTGAAAGAAGGCTGTGGTGGTTAGG,b3bbe2d066e470e6e2503da9a13492631d5c547c5a940be242c7acb9baf89e16,0.368950313379054,TTAGAAAAGAAGACATGCTGAAAATCAGGTAGTTAGAAGAATAGCAACACATTAAACTCAAAGGAAATAGAGTATTTTTTTAAAGGATTTATAGAAGAATGAGGAGGAGGAGTTTGCTGATCAAAGAGGTATGCAAAGGCCCTGTGGCAAGAGGGAGCTTGGGGAAATCTTGGGGCTGAAAGAAGGCTGTGGTGGTTAGG,b098de9a8fc128a33fadc25cc4505ff13beec7e6c18158da12e7be1507d3ddf8,0.16487630976635,TTAGAAAAGAAGACATGCTGAAAATCAGGTAGTTAGAAGAATAGCAACACATTAAACTCAAAGGAAATAGAGTATTTTTTTAAAGGATTTATAGAAGAAAGAGGAGGAGGAGTTTGCTGATCAAAGAGGTATGCAAAGGCCCTGTGGCAAGAGGGAGCTTGGGGAAATCTTGGGGCTGAAAGAAGGCTGTGGTGGTTAGG,654045d30790d6bd1835113e6e019c6e3f50bdf9bb2d536e7a141d94834e1782,0.233451353146158,0.3003752699992459,0.103999462964045,-331.65800436772406,-325.32480734121054,-326.90709783136845,-319.65795317385346,-0.9159476310014725,1.0,0.3003752699992459,0.0,4,0.17506409041688803,0.17620727786206916,0.145609630836647,0.11355315210358408,1.0
chr2:237779229:C:T;chr2:237779235:A:G;var1;middle;OL28|K562|e9bd9e11f2523d01,chr2:237779229:C:T;chr2:237779235:A:G;var1;middle;OL28,K562,K562_region_01351,100,106,6,TGAACAGTGATTTACTGATTAGACTGCACAGTAAAATGGATGGTTGCGTTTATTCCTAAGCAGTTGATTTTTTCTCACTTTGCACAGGAAGAACCAAAGCGCAGTAAAAAAAACAGTGTCTTGTTCAAGCCCACACAGCTGATAAGATTATGTTCAAGCCCACACAGCTGATAAGATTAGGCAGAACCAGAACCCACACC,350450c673bb1c409d8fd1d99f3d143e3b0c2ab7c773d36251e572eae7efb1fc,0.0,TGAACAGTGATTTACTGATTAGACTGCACAGTAAAATGGATGGTTGCGTTTATTCCTAAGCAGTTGATTTTTTCTCACTTTGCACAGGAAGAACCAAAGTGCAGTAAAAAAAACAGTGTCTTGTTCAAGCCCACACAGCTGATAAGATTATGTTCAAGCCCACACAGCTGATAAGATTAGGCAGAACCAGAACCCACACC,80d70b801b20ef6266fdb0831ad381b8ccd7f927a612cd8251566b568b9a509f,0.264372850174331,TGAACAGTGATTTACTGATTAGACTGCACAGTAAAATGGATGGTTGCGTTTATTCCTAAGCAGTTGATTTTTTCTCACTTTGCACAGGAAGAACCAAAGCGCAGTGAAAAAAACAGTGTCTTGTTCAAGCCCACACAGCTGATAAGATTATGTTCAAGCCCACACAGCTGATAAGATTAGGCAGAACCAGAACCCACACC,06cb62966f050c9497a48a35829f83535c1b8a94d4df696e2a753624a0fff9dd,0.0401760940015031,TGAACAGTGATTTACTGATTAGACTGCACAGTAAAATGGATGGTTGCGTTTATTCCTAAGCAGTTGATTTTTTCTCACTTTGCACAGGAAGAACCAAAGTGCAGTGAAAAAAACAGTGTCTTGTTCAAGCCCACACAGCTGATAAGATTATGTTCAAGCCCACACAGCTGATAAGATTAGGCAGAACCAGAACCCACACC,e9bd9e11f2523d0110bea6a1f9b936155e7519d1e539b23bf1e0548edd61faa6,0.251061111704868,0.0534878324709661,0.198399906933397,-276.8674045701628,-274.38593217992457,-261.2037200310733,-258.04296146307024,-0.6792861777648227,1.0,0.0534878324709661,0.0,0,0.1849035867895402,0.18565657667894103,0.15145376406925343,0.21249542746337977,1.0
chr2:238499997:T:C;chr2:238500046:A:G;var1;middle;OL41|K562|950d9912f2246023,chr2:238499997:T:C;chr2:238500046:A:G;var1;middle;OL41,K562,K562_region_01352,100,149,49,GAGTCTCCTCCAGGTAAGATTTCCAGAGCCTCTGAGTATGGCTGGGGTAGCAGGGTTGGGCCTGAGGCTGAGGAGATGGAAATCTGTTGCCGTGAACATTACTCCACACAGCCAGTATACGGGAAGCCAGCTCACTTTATGTCCTCCAAACTCACCCTAACTTCTCGTTTGGGTCTCATCCCGCGGGGCTGCTGGGAAAT,ba1c45323ed294890eba0203d6108b511dc806debd33a2a4aa1bf36eeefcee9c,0.0,GAGTCTCCTCCAGGTAAGATTTCCAGAGCCTCTGAGTATGGCTGGGGTAGCAGGGTTGGGCCTGAGGCTGAGGAGATGGAAATCTGTTGCCGTGAACATCACTCCACACAGCCAGTATACGGGAAGCCAGCTCACTTTATGTCCTCCAAACTCACCCTAACTTCTCGTTTGGGTCTCATCCCGCGGGGCTGCTGGGAAAT,dccb9bace1adde0d3e86efc47242961ef9f3bb2d5625ec16c7762e32da35c565,-0.161524286929243,GAGTCTCCTCCAGGTAAGATTTCCAGAGCCTCTGAGTATGGCTGGGGTAGCAGGGTTGGGCCTGAGGCTGAGGAGATGGAAATCTGTTGCCGTGAACATTACTCCACACAGCCAGTATACGGGAAGCCAGCTCACTTTATGTCCTCCAGACTCACCCTAACTTCTCGTTTGGGTCTCATCCCGCGGGGCTGCTGGGAAAT,1eaca87d11f37b49b1875b83c8afbd6db826f3230a5e9690d1707f5ac9a311f7,0.0639084447945868,GAGTCTCCTCCAGGTAAGATTTCCAGAGCCTCTGAGTATGGCTGGGGTAGCAGGGTTGGGCCTGAGGCTGAGGAGATGGAAATCTGTTGCCGTGAACATCACTCCACACAGCCAGTATACGGGAAGCCAGCTCACTTTATGTCCTCCAGACTCACCCTAACTTCTCGTTTGGGTCTCATCCCGCGGGGCTGCTGGGAAAT,950d9912f224602377fb9834dbdb327a2fae0a70ffbbc47fd91cd6cf5d696d02,-0.341871682794001,0.2442558406593447,0.179666477940421,-270.7754466161132,-258.78717932105064,-271.8980054296553,-259.11163687705994,-0.798101257532835,1.0,0.2442558406593447,0.0,4,0.17521015054597308,0.17620727786206916,0.145609630836647,0.1226607274872399,1.0
chr2:238499998:A:G;chr2:238500046:A:G;var1;middle;OL41|K562|91981b4a442e0e21,chr2:238499998:A:G;chr2:238500046:A:G;var1;middle;OL41,K562,K562_region_01352,100,148,48,AGTCTCCTCCAGGTAAGATTTCCAGAGCCTCTGAGTATGGCTGGGGTAGCAGGGTTGGGCCTGAGGCTGAGGAGATGGAAATCTGTTGCCGTGAACATTACTCCACACAGCCAGTATACGGGAAGCCAGCTCACTTTATGTCCTCCAAACTCACCCTAACTTCTCGTTTGGGTCTCATCCCGCGGGGCTGCTGGGAAATA,f58c106c791463f936eb05a8f91df22b36e0ee596cf89a386f2f6261bf47785f,0.0,AGTCTCCTCCAGGTAAGATTTCCAGAGCCTCTGAGTATGGCTGGGGTAGCAGGGTTGGGCCTGAGGCTGAGGAGATGGAAATCTGTTGCCGTGAACATTGCTCCACACAGCCAGTATACGGGAAGCCAGCTCACTTTATGTCCTCCAAACTCACCCTAACTTCTCGTTTGGGTCTCATCCCGCGGGGCTGCTGGGAAATA,7001d9ba1721a9808f2819be05b065d59aa76dd26eb4bc40c994af453410312d,0.0121105924843565,AGTCTCCTCCAGGTAAGATTTCCAGAGCCTCTGAGTATGGCTGGGGTAGCAGGGTTGGGCCTGAGGCTGAGGAGATGGAAATCTGTTGCCGTGAACATTACTCCACACAGCCAGTATACGGGAAGCCAGCTCACTTTATGTCCTCCAGACTCACCCTAACTTCTCGTTTGGGTCTCATCCCGCGGGGCTGCTGGGAAATA,0a99ba644102b6ef6577b3ff8045218bf4a389bc7f416c2fb934328878b30e08,0.204109660202877,AGTCTCCTCCAGGTAAGATTTCCAGAGCCTCTGAGTATGGCTGGGGTAGCAGGGTTGGGCCTGAGGCTGAGGAGATGGAAATCTGTTGCCGTGAACATTGCTCCACACAGCCAGTATACGGGAAGCCAGCTCACTTTATGTCCTCCAGACTCACCCTAACTTCTCGTTTGGGTCTCATCCCGCGGGGCTGCTGGGAAATA,91981b4a442e0e2153fbbd60637c8355454e4b63b15ab744f148d09633531d03,0.26303461439291,-0.0468143617056764,0.159786501001925,-264.0766126215458,-258.94109113514423,-267.1752300038934,-259.5631395876408,-2.4765689298509983,1.0,-0.0468143617056764,0.0,4,0.17312983871568066,0.17620727786206916,0.145609630836647,0.17156269063094576,1.0
chr2:238688275:C:T;chr2:238688305:C:T;var1;middle;OL41|K562|b5b1c7fda65c87fb,chr2:238688275:C:T;chr2:238688305:C:T;var1;middle;OL41,K562,K562_region_01353,100,130,30,ATTCCAGCTCTGATCAGGCAACTGGTTGGTGACTGGAGAGCATTGTTTCATAGGCTTTTCTCTGTCCTATCTGGGAGCGCTGCTTCTTCCCCTGCCTTCCGAGAGACGAAGACCGTGGCGAGCTTGGCGCTTAGGGGCTCCCGTGCCATGGCTCACCCCAGGGAGCCCCAGCAGCCACCAGGTGCCTCTGTCTGCAGACC,469c63b901a5466f1dc8d0c1db9ab28d986a20881a85f9d56172b3309292a3e8,0.0,ATTCCAGCTCTGATCAGGCAACTGGTTGGTGACTGGAGAGCATTGTTTCATAGGCTTTTCTCTGTCCTATCTGGGAGCGCTGCTTCTTCCCCTGCCTTCTGAGAGACGAAGACCGTGGCGAGCTTGGCGCTTAGGGGCTCCCGTGCCATGGCTCACCCCAGGGAGCCCCAGCAGCCACCAGGTGCCTCTGTCTGCAGACC,aae5713feb5c56d32f01e2d6f47a96db477d17aae8fb19bb4dd12e2be917d6da,-0.0870659187604173,ATTCCAGCTCTGATCAGGCAACTGGTTGGTGACTGGAGAGCATTGTTTCATAGGCTTTTCTCTGTCCTATCTGGGAGCGCTGCTTCTTCCCCTGCCTTCCGAGAGACGAAGACCGTGGCGAGCTTGGCGTTTAGGGGCTCCCGTGCCATGGCTCACCCCAGGGAGCCCCAGCAGCCACCAGGTGCCTCTGTCTGCAGACC,a9b0c7238c15cdd28da80f42755d5d18e177071699a44e570a0cc57e4b1967c4,-0.0675865460174977,ATTCCAGCTCTGATCAGGCAACTGGTTGGTGACTGGAGAGCATTGTTTCATAGGCTTTTCTCTGTCCTATCTGGGAGCGCTGCTTCTTCCCCTGCCTTCTGAGAGACGAAGACCGTGGCGAGCTTGGCGTTTAGGGGCTCCCGTGCCATGGCTCACCCCAGGGAGCCCCAGCAGCCACCAGGTGCCTCTGTCTGCAGACC,b5b1c7fda65c87fb0be358947a6cc89147205ae767cb061244a686b1a63a4c48,-0.259569017630955,0.10491655285304,0.203635403490421,-372.9008594104089,-370.8121649529785,-375.0688091283664,-374.1234422940761,1.1433276231400669,1.0,0.10491655285304,0.0,3,0.1837758695470305,0.18106719778262317,0.1474303780702046,0.19190294134688993,1.0
chr2:239007997:A:G;chr2:239008067:G:A;var1;middle;OL41|K562|7b72ebbe704c9c35,chr2:239007997:A:G;chr2:239008067:G:A;var1;middle;OL41,K562,K562_region_01354,100,170,70,ATTTGGACACACATCACATGTCGATATTTGCATAGGAGTCATTTTCAGTGGAATAACATTTTTAATGTGTGGTTTTACGGTTCAAGGAACTACTTGATGATTTTGAGGAAACACTTGCCAGAAACTAAATTAACGAATAAAAGATTTCAGTGCCCGACTTGGGGATCCTGTGGTTTCTCTAGTGGGCACTGCGCTTGGGC,4f87f2f0ce514756ddb9d2a194c307cc1359de830e9118866813cc8bece2126f,0.0,ATTTGGACACACATCACATGTCGATATTTGCATAGGAGTCATTTTCAGTGGAATAACATTTTTAATGTGTGGTTTTACGGTTCAAGGAACTACTTGATGGTTTTGAGGAAACACTTGCCAGAAACTAAATTAACGAATAAAAGATTTCAGTGCCCGACTTGGGGATCCTGTGGTTTCTCTAGTGGGCACTGCGCTTGGGC,a0b7c16959d37afbc9c9d7f0646e9109b2f30e9a7ac2b0514a8050d4dccb1d22,0.0505080015854132,ATTTGGACACACATCACATGTCGATATTTGCATAGGAGTCATTTTCAGTGGAATAACATTTTTAATGTGTGGTTTTACGGTTCAAGGAACTACTTGATGATTTTGAGGAAACACTTGCCAGAAACTAAATTAACGAATAAAAGATTTCAGTGCCCGACTTGGGGATCCTATGGTTTCTCTAGTGGGCACTGCGCTTGGGC,9a8f9ac343c8196fd95c44ef21835aae448d660b3d4e087746277fb52e5b4771,-0.0523104128662639,ATTTGGACACACATCACATGTCGATATTTGCATAGGAGTCATTTTCAGTGGAATAACATTTTTAATGTGTGGTTTTACGGTTCAAGGAACTACTTGATGGTTTTGAGGAAACACTTGCCAGAAACTAAATTAACGAATAAAAGATTTCAGTGCCCGACTTGGGGATCCTATGGTTTCTCTAGTGGGCACTGCGCTTGGGC,7b72ebbe704c9c359b7fe1e1cd378df5525b6a017cc25f5d9316023c2e5693b0,-0.430679602862698,0.4288771915818473,0.250533482553831,-376.92886183486553,-373.5516297445865,-381.3793515448342,-380.265541375149,2.263421920593771,1.0,0.4288771915818473,0.0,0,0.18868316694535497,0.18565657667894103,0.15145376406925343,0.1347930238081997,1.0
chr2:239035853:C:T;chr2:239035937:G:A;var1;middle;OL41|K562|7e3392a265b33b66,chr2:239035853:C:T;chr2:239035937:G:A;var1;middle;OL41,K562,K562_region_01355,100,184,84,GTGATTGTGTCTGTGTCTGTGTGATTGTGTCTGTGTTGTGTGTATGTGATTGTGTCTGTGCATGTCTGTGTGTGATTGTGTCTGTGCGTGTCTGCCTGGCTGTGATGCAGACGTGTTCTTCACTCGAGGTTGACCCTGAAGTGTGTGTTTTCATCGGGGCAGGGAGCATTGCAGGCAGCAAGGGAACCAGCTTTGGGGCC,eab630ecb11444aa98e056c89e31325ee0c13a3804c549b3132c0dd57f087ed3,0.0,GTGATTGTGTCTGTGTCTGTGTGATTGTGTCTGTGTTGTGTGTATGTGATTGTGTCTGTGCATGTCTGTGTGTGATTGTGTCTGTGCGTGTCTGCCTGGTTGTGATGCAGACGTGTTCTTCACTCGAGGTTGACCCTGAAGTGTGTGTTTTCATCGGGGCAGGGAGCATTGCAGGCAGCAAGGGAACCAGCTTTGGGGCC,22b392eb7cc528ace5e0640093020cc6bc6951a06ff19b253e28241f0323dc19,-0.01756784218709,GTGATTGTGTCTGTGTCTGTGTGATTGTGTCTGTGTTGTGTGTATGTGATTGTGTCTGTGCATGTCTGTGTGTGATTGTGTCTGTGCGTGTCTGCCTGGCTGTGATGCAGACGTGTTCTTCACTCGAGGTTGACCCTGAAGTGTGTGTTTTCATCGGGGCAGGGAGCATTGCAGGCAGCAAGGAAACCAGCTTTGGGGCC,d2e07fab932cf7661ef811737adb7dc76d73f20b3392720200072f3d4afde13d,0.177433030355488,GTGATTGTGTCTGTGTCTGTGTGATTGTGTCTGTGTTGTGTGTATGTGATTGTGTCTGTGCATGTCTGTGTGTGATTGTGTCTGTGCGTGTCTGCCTGGTTGTGATGCAGACGTGTTCTTCACTCGAGGTTGACCCTGAAGTGTGTGTTTTCATCGGGGCAGGGAGCATTGCAGGCAGCAAGGAAACCAGCTTTGGGGCC,7e3392a265b33b6656c212e3a1c06eb830d4ee86c6aa6ed318bb4aafd02e666b,0.028452064617028,-0.1314131235513699,0.193378569831213,-172.34385640639812,-172.63359384052455,-173.1260786266066,-174.76532609201968,-1.349510031286627,-1.0,0.1314131235513699,0.0,0,0.18404275904446496,0.18565657667894103,0.15145376406925343,0.057106743468172044,1.0
chr2:23933356:A:G;chr2:23933378:G:A;var1;middle;OL31|K562|7c641c750075393d,chr2:23933356:A:G;chr2:23933378:G:A;var1;middle;OL31,K562,K562_region_01222,100,122,22,AAATTAGCTCCCCAAACCTAAGAAAAATGGTGGGGAGAGGGACTCCAACTGCTCATGAGGAGCCGTGAACCCCGTGAGCAGTGAAGGGTTCTGTCAACCAAAACAACGCTTTTAGAGAGCAGTGAGGCAGACGCCGGGTATCAGGAGCCACAGAAGTATTCACACCTGACCTGGTGAATCCACTCTGAGCATCCATGAGG,3af6fcb427aa1324691a95391dc4f290b0ee06ca22599c1ce8901dd31427713f,0.0,AAATTAGCTCCCCAAACCTAAGAAAAATGGTGGGGAGAGGGACTCCAACTGCTCATGAGGAGCCGTGAACCCCGTGAGCAGTGAAGGGTTCTGTCAACCGAAACAACGCTTTTAGAGAGCAGTGAGGCAGACGCCGGGTATCAGGAGCCACAGAAGTATTCACACCTGACCTGGTGAATCCACTCTGAGCATCCATGAGG,0b262aceef4fbf9785c327657356ff0ff930c7672ef7eeb9c0abd3d3d6968714,0.130563881676001,AAATTAGCTCCCCAAACCTAAGAAAAATGGTGGGGAGAGGGACTCCAACTGCTCATGAGGAGCCGTGAACCCCGTGAGCAGTGAAGGGTTCTGTCAACCAAAACAACGCTTTTAGAGAGCAATGAGGCAGACGCCGGGTATCAGGAGCCACAGAAGTATTCACACCTGACCTGGTGAATCCACTCTGAGCATCCATGAGG,0a60f83ae7d0f02dc1e8001297d9a8033faff292bbc83a6ee4e1f58074decf11,-0.0306436685436148,AAATTAGCTCCCCAAACCTAAGAAAAATGGTGGGGAGAGGGACTCCAACTGCTCATGAGGAGCCGTGAACCCCGTGAGCAGTGAAGGGTTCTGTCAACCGAAACAACGCTTTTAGAGAGCAATGAGGCAGACGCCGGGTATCAGGAGCCACAGAAGTATTCACACCTGACCTGGTGAATCCACTCTGAGCATCCATGAGG,7c641c750075393ddb61aeb32942bc255c28dc6f9828f163680d1cc6a14708ff,-0.0269069454022123,-0.1268271585345985,0.209651365172193,-363.0284759737551,-373.7621094827773,-372.7352084622253,-385.1795094734989,-1.7106675022514537,-1.0,0.1268271585345985,0.0,0,0.1835788925769943,0.18565657667894103,0.15145376406925343,0.24697864936464886,1.0
chr2:240142118:C:T;chr2:240142164:T:C;var1;middle;OL28|K562|03fc85cb6dd59e49,chr2:240142118:C:T;chr2:240142164:T:C;var1;middle;OL28,K562,K562_region_01356,100,146,46,AATAGCTGCCTACATGTAAGTAACTACAAAAGGAACCCAAACAAATAAAAACATTAGACTCAAAAAGTTAGAAAAATAACTAGAAAATTAAAGCATACACTGTGCACTGAAAAAGAGGAAGAAGATAATAAAGATGAAAGAAATCTGACAGATTGCGGATCTAGGCAGAAGCGATAAAGCCTATGGTGGGGACAGTTTGT,225d509de45f3cde5cb216ec98628678bfa26a50beca570c776825f1e6b09a62,0.0,AATAGCTGCCTACATGTAAGTAACTACAAAAGGAACCCAAACAAATAAAAACATTAGACTCAAAAAGTTAGAAAAATAACTAGAAAATTAAAGCATACATTGTGCACTGAAAAAGAGGAAGAAGATAATAAAGATGAAAGAAATCTGACAGATTGCGGATCTAGGCAGAAGCGATAAAGCCTATGGTGGGGACAGTTTGT,924538992d9ab0772001a5e5cc7d4c7a49259889e7208d8894e402a2e00dfb60,0.19330646430155,AATAGCTGCCTACATGTAAGTAACTACAAAAGGAACCCAAACAAATAAAAACATTAGACTCAAAAAGTTAGAAAAATAACTAGAAAATTAAAGCATACACTGTGCACTGAAAAAGAGGAAGAAGATAATAAAGATGAAAGAAATCCGACAGATTGCGGATCTAGGCAGAAGCGATAAAGCCTATGGTGGGGACAGTTTGT,ddbe7de748c5ab513507dfd7647e71d44fc1d008eacbf1bc9d351264c1fce01b,0.536785941680254,AATAGCTGCCTACATGTAAGTAACTACAAAAGGAACCCAAACAAATAAAAACATTAGACTCAAAAAGTTAGAAAAATAACTAGAAAATTAAAGCATACATTGTGCACTGAAAAAGAGGAAGAAGATAATAAAGATGAAAGAAATCCGACAGATTGCGGATCTAGGCAGAAGCGATAAAGCCTATGGTGGGGACAGTTTGT,03fc85cb6dd59e493272ae23f02a1ab01f130b9ff2a07240d381baf6d098b3fc,0.71091785000075,0.0191745559810538,0.378413331677162,-255.7274333834648,-256.4523279815912,-259.93792076408863,-260.3673020005226,-0.2955133616924286,1.0,0.0191745559810538,0.0,3,0.18087777702557453,0.18106719778262317,0.1474303780702046,0.22127331099022102,1.0
chr2:240142164:T:C;chr2:240142223:G:C;var1;middle;OL28|K562|30a652434858afb9,chr2:240142164:T:C;chr2:240142223:G:C;var1;middle;OL28,K562,K562_region_01356,100,159,59,AAAAACATTAGACTCAAAAAGTTAGAAAAATAACTAGAAAATTAAAGCATACACTGTGCACTGAAAAAGAGGAAGAAGATAATAAAGATGAAAGAAATCTGACAGATTGCGGATCTAGGCAGAAGCGATAAAGCCTATGGTGGGGACAGTTTGTGCTTGGTAGGGGAAGACAGTGACCTCGGAGAAGATGGTGCCAGAAG,2050b29bee0fa5c98d3d80b76a12309227cb302e958d204b912c1533e31b9179,0.0,AAAAACATTAGACTCAAAAAGTTAGAAAAATAACTAGAAAATTAAAGCATACACTGTGCACTGAAAAAGAGGAAGAAGATAATAAAGATGAAAGAAATCCGACAGATTGCGGATCTAGGCAGAAGCGATAAAGCCTATGGTGGGGACAGTTTGTGCTTGGTAGGGGAAGACAGTGACCTCGGAGAAGATGGTGCCAGAAG,35a5990646dd90641831c121297601c8d4409c85225817f0faa1da84460c5f8b,-0.0592768357946334,AAAAACATTAGACTCAAAAAGTTAGAAAAATAACTAGAAAATTAAAGCATACACTGTGCACTGAAAAAGAGGAAGAAGATAATAAAGATGAAAGAAATCTGACAGATTGCGGATCTAGGCAGAAGCGATAAAGCCTATGGTGGGGACAGTTTGTGCTTCGTAGGGGAAGACAGTGACCTCGGAGAAGATGGTGCCAGAAG,ca846e262bea24c1559477c20150dd6ed87ac2cc679e6a5938da53c42299921c,-0.086468457938174,AAAAACATTAGACTCAAAAAGTTAGAAAAATAACTAGAAAATTAAAGCATACACTGTGCACTGAAAAAGAGGAAGAAGATAATAAAGATGAAAGAAATCCGACAGATTGCGGATCTAGGCAGAAGCGATAAAGCCTATGGTGGGGACAGTTTGTGCTTCGTAGGGGAAGACAGTGACCTCGGAGAAGATGGTGCCAGAAG,30a652434858afb90a0fc80915d2e9506c62952bc622efe8f7bd5a17fc0c7113,-0.153744844708381,0.0079995509755736,0.326037846134229,-282.120591878891,-272.8460406064987,-274.8867788128555,-262.6972326785326,-2.9149948619306087,1.0,0.0079995509755736,0.0,3,0.17560165560148513,0.18106719778262317,0.1474303780702046,0.24261742945428866,1.0
chr2:240900919:C:A;chr2:240900947:G:C;var1;middle;OL41|K562|8b97568746e51567,chr2:240900919:C:A;chr2:240900947:G:C;var1;middle;OL41,K562,K562_region_01357,100,128,28,AGGGCTGGGAGCCACAAATGGAAACGAACTACTGAGTGTTCTCATTAATGTCAGGAGGGTGACAAGAGCCACAGGAGGGGGACAGAGAGCAATGGGTGGCACTTAGGGGAGGCCCTGAGCAGGGACAGCCACGCAGACACAGGGGTGGGGCTGGGACCCAGGAACCACAGTTCACCAACTGAAACACCGAGTTCTCTCTG,4ec47eff28ccaf8c5646af5bf812833c40d8f06e4fc0fe5af3bd814432d0c54c,0.0,AGGGCTGGGAGCCACAAATGGAAACGAACTACTGAGTGTTCTCATTAATGTCAGGAGGGTGACAAGAGCCACAGGAGGGGGACAGAGAGCAATGGGTGGAACTTAGGGGAGGCCCTGAGCAGGGACAGCCACGCAGACACAGGGGTGGGGCTGGGACCCAGGAACCACAGTTCACCAACTGAAACACCGAGTTCTCTCTG,1932cc907f10404c47615f48d4dd822debac9f85b62d3865114ae51ea20ddbbc,0.765141493967083,AGGGCTGGGAGCCACAAATGGAAACGAACTACTGAGTGTTCTCATTAATGTCAGGAGGGTGACAAGAGCCACAGGAGGGGGACAGAGAGCAATGGGTGGCACTTAGGGGAGGCCCTGAGCAGGGACACCCACGCAGACACAGGGGTGGGGCTGGGACCCAGGAACCACAGTTCACCAACTGAAACACCGAGTTCTCTCTG,f4749fce62f72c68947609f2b44ea0426ddd5c0621a9de06cfc0f19f9ee53c04,0.0135895690709735,AGGGCTGGGAGCCACAAATGGAAACGAACTACTGAGTGTTCTCATTAATGTCAGGAGGGTGACAAGAGCCACAGGAGGGGGACAGAGAGCAATGGGTGGAACTTAGGGGAGGCCCTGAGCAGGGACACCCACGCAGACACAGGGGTGGGGCTGGGACCCAGGAACCACAGTTCACCAACTGAAACACCGAGTTCTCTCTG,8b97568746e5156777dbcb542bc073eeacd3d4547b405ffd217e3a7d08efdeb0,0.995298848740381,-0.2165677857023245,0.156359332742936,-229.03480868041515,-229.718178793788,-228.97401017695665,-230.9222790375352,1.2648987472056774,1.0,-0.2165677857023245,0.0,2,0.17703626321535856,0.17490732828716207,0.146091925319964,0.21250613968858906,1.0
chr2:242022038:G:A;chr2:242022111:T:C;var1;middle;OL41|K562|05fa28e7fe7b5d0b,chr2:242022038:G:A;chr2:242022111:T:C;var1;middle;OL41,K562,K562_region_01358,100,173,73,AGGCAGCTGAGGCAGAAAAACCGAATAACTGCCCCAAGTCCATGCAGCTCAGGAGCAGGGGCTGAGAAGAACGCAGGCTCCTGGTCCCCAGGCCCCCAGGCCTTCCTTCCCACACATCAGCCCAGTCCCCACTGGATGGCAGAGCCAACTGATGTGACCTTCCTCTCTTCTCTTCCTCAGAGCCCCCTGGAAAAACAAAC,7170df1fcce62974ff29663b528cca97b8757ddc2ed018e227a9e4a03d052fb0,0.0,AGGCAGCTGAGGCAGAAAAACCGAATAACTGCCCCAAGTCCATGCAGCTCAGGAGCAGGGGCTGAGAAGAACGCAGGCTCCTGGTCCCCAGGCCCCCAGACCTTCCTTCCCACACATCAGCCCAGTCCCCACTGGATGGCAGAGCCAACTGATGTGACCTTCCTCTCTTCTCTTCCTCAGAGCCCCCTGGAAAAACAAAC,d43c26e5b93b1bf283f38ec3b14e57faafb9b30fa42cabce6472178d43ff15d9,0.0207820264253826,AGGCAGCTGAGGCAGAAAAACCGAATAACTGCCCCAAGTCCATGCAGCTCAGGAGCAGGGGCTGAGAAGAACGCAGGCTCCTGGTCCCCAGGCCCCCAGGCCTTCCTTCCCACACATCAGCCCAGTCCCCACTGGATGGCAGAGCCAACTGATGTGACCTTCCTCTCTTCTCCTCCTCAGAGCCCCCTGGAAAAACAAAC,35c740f1153f05060992d05736a474a4c5976a203ce11f03753500e8eff6957c,-0.909922271528472,AGGCAGCTGAGGCAGAAAAACCGAATAACTGCCCCAAGTCCATGCAGCTCAGGAGCAGGGGCTGAGAAGAACGCAGGCTCCTGGTCCCCAGGCCCCCAGACCTTCCTTCCCACACATCAGCCCAGTCCCCACTGGATGGCAGAGCCAACTGATGTGACCTTCCTCTCTTCTCCTCCTCAGAGCCCCCTGGAAAAACAAAC,05fa28e7fe7b5d0be21ffe3fc4ceabf288d1cf320650e569e80281485b6b7e98,-1.22413416831363,0.3349939232105405,0.468031815886734,-215.2896100655198,-231.2022169753909,-238.0390374008566,-251.1550792809576,-2.7965650297701075,1.0,0.3349939232105405,0.0,0,0.18218417838548237,0.18565657667894103,0.15145376406925343,0.3147150712598933,1.0
chr2:242033696:T:C;chr2:242033770:T:A;var1;middle;OL41|K562|f3ccab3456f478df,chr2:242033696:T:C;chr2:242033770:T:A;var1;middle;OL41,K562,K562_region_01359,100,174,74,GGGCTGCCAGGTACAAGTAAGGGAATCTTTGCTGTGCCCACTGTCCTCCAGTAGAGAACCCAACAGGCAAGGGCCCCACTCAGGTATCAGCTCACCTCCTGCACCTCCCCTTAGCAGGAACTCCTTCCACTGGCAAAGGACTGCCACTGCCATCTGACTCAACTGTGGCGATGTGGACGGAGTCACCGAGCTGCTTTTCT,96eee674a3710a551a9b13301cd0d18d88ab0baafc5ba9ad318da063e672811b,0.0,GGGCTGCCAGGTACAAGTAAGGGAATCTTTGCTGTGCCCACTGTCCTCCAGTAGAGAACCCAACAGGCAAGGGCCCCACTCAGGTATCAGCTCACCTCCCGCACCTCCCCTTAGCAGGAACTCCTTCCACTGGCAAAGGACTGCCACTGCCATCTGACTCAACTGTGGCGATGTGGACGGAGTCACCGAGCTGCTTTTCT,05d8f36b13c57a8a6e4ad909733cb24e4534156ab87a5d69cae6c4d9199d9637,-0.260424078804122,GGGCTGCCAGGTACAAGTAAGGGAATCTTTGCTGTGCCCACTGTCCTCCAGTAGAGAACCCAACAGGCAAGGGCCCCACTCAGGTATCAGCTCACCTCCTGCACCTCCCCTTAGCAGGAACTCCTTCCACTGGCAAAGGACTGCCACTGCCATCTGACTCAACTGTGGCGATGAGGACGGAGTCACCGAGCTGCTTTTCT,e88ecdd5c399f3271c524b3b33a2cbd2cec86601352bb14eb9c0792ea610d726,-0.153858189952875,GGGCTGCCAGGTACAAGTAAGGGAATCTTTGCTGTGCCCACTGTCCTCCAGTAGAGAACCCAACAGGCAAGGGCCCCACTCAGGTATCAGCTCACCTCCCGCACCTCCCCTTAGCAGGAACTCCTTCCACTGGCAAAGGACTGCCACTGCCATCTGACTCAACTGTGGCGATGAGGACGGAGTCACCGAGCTGCTTTTCT,f3ccab3456f478df300ee01ca571c0d0484af7361b8a08f7214e2e4e75c0774a,-0.101984732601919,0.312297536155078,0.350075739824411,-364.6870867246762,-364.0881259541493,-345.9999382123351,-353.4222249761224,-8.02124753431417,-1.0,-0.312297536155078,0.0,0,0.17547365676574644,0.18565657667894103,0.15145376406925343,0.08565963564288966,1.0
chr2:242393795:G:A;chr2:242393798:A:G;var1;middle;OL41|K562|850d985454ff42c7,chr2:242393795:G:A;chr2:242393798:A:G;var1;middle;OL41,K562,K562_region_01360,100,103,3,GACTGTACTTCTCTGAGTGAGGTGCTGTGAGGACCCCTGGAAGGACACAAGGGCAGAATAGTGAAGGCCGACGCTGACTTCCAGAAGCAATGAGTGGGAGACATCTTCCTGCCACACCCTGAGCAACACAGTTGTGAAGAGTAAATAGACACTAGTAGCTTCTAGACTTTTTCCGAATTCTCATCACATAAAATATCTCC,2508f8b4e1db5ea3da05da6238d9de456f4b6673b1236fca154efeed55154884,0.0,GACTGTACTTCTCTGAGTGAGGTGCTGTGAGGACCCCTGGAAGGACACAAGGGCAGAATAGTGAAGGCCGACGCTGACTTCCAGAAGCAATGAGTGGGAAACATCTTCCTGCCACACCCTGAGCAACACAGTTGTGAAGAGTAAATAGACACTAGTAGCTTCTAGACTTTTTCCGAATTCTCATCACATAAAATATCTCC,9f320d9eeb13a47028c2ff85b1ee71d62991bd55b9dd564f8e546f8040d5fd8d,-0.50529349993396,GACTGTACTTCTCTGAGTGAGGTGCTGTGAGGACCCCTGGAAGGACACAAGGGCAGAATAGTGAAGGCCGACGCTGACTTCCAGAAGCAATGAGTGGGAGACGTCTTCCTGCCACACCCTGAGCAACACAGTTGTGAAGAGTAAATAGACACTAGTAGCTTCTAGACTTTTTCCGAATTCTCATCACATAAAATATCTCC,4e4deee24bbcc8fe0104389cda00c8b05fe02162f9e6935db5c66af804c56e68,0.518915762848539,GACTGTACTTCTCTGAGTGAGGTGCTGTGAGGACCCCTGGAAGGACACAAGGGCAGAATAGTGAAGGCCGACGCTGACTTCCAGAAGCAATGAGTGGGAAACGTCTTCCTGCCACACCCTGAGCAACACAGTTGTGAAGAGTAAATAGACACTAGTAGCTTCTAGACTTTTTCCGAATTCTCATCACATAAAATATCTCC,850d985454ff42c73f8842769495d71c01dc866b705e09fd49f5e03a3ef2d358,-0.496728289777693,-0.510350552692272,0.216630733462302,-409.6043503396213,-409.192186512053,-406.3794443616644,-409.27632638672367,-3.309045852627605,-1.0,0.510350552692272,0.0,1,0.1789984044923928,0.18216460459877223,0.1501433469024087,0.11662071628251373,1.0
chr2:242710935:G:A;chr2:242710954:A:G;var1;middle;OL41|K562|6f0e048c6795fb56,chr2:242710935:G:A;chr2:242710954:A:G;var1;middle;OL41,K562,K562_region_01361,100,119,19,CACGCCGTCCCAACCTCCCAGCCGGAGGCTCTGACGAGGCCTGCAGCCACGCGGAAAGAGCAATGAGGAGCACGTGTGTGGGGAGGAAGGCGGGTTCTGGCCCCGTTCCTTCCGCAGCAGCTCCGGCCTGGCGGGTTCTGACGGAATTCTGCAGCGGCTCCAGCCAGGGTCGTCGGGGCGGGGTGGGTGCTCAGGGGCGG,1777cf76b1b2ede9eaff4d313bef73d29c5ca22ae424a0e0ca75b87f73c860e3,0.0,CACGCCGTCCCAACCTCCCAGCCGGAGGCTCTGACGAGGCCTGCAGCCACGCGGAAAGAGCAATGAGGAGCACGTGTGTGGGGAGGAAGGCGGGTTCTGACCCCGTTCCTTCCGCAGCAGCTCCGGCCTGGCGGGTTCTGACGGAATTCTGCAGCGGCTCCAGCCAGGGTCGTCGGGGCGGGGTGGGTGCTCAGGGGCGG,3eda628f878814502b76fca7c5a2e11e3600b2d16a9a8f235ad060b665d11b61,-0.253534013174037,CACGCCGTCCCAACCTCCCAGCCGGAGGCTCTGACGAGGCCTGCAGCCACGCGGAAAGAGCAATGAGGAGCACGTGTGTGGGGAGGAAGGCGGGTTCTGGCCCCGTTCCTTCCGCAGCGGCTCCGGCCTGGCGGGTTCTGACGGAATTCTGCAGCGGCTCCAGCCAGGGTCGTCGGGGCGGGGTGGGTGCTCAGGGGCGG,eecc80023b878d16d92ae07d3fdb50d1d6d025a0db2a79ae8d9aa674f7cbfade,-0.0875532748814625,CACGCCGTCCCAACCTCCCAGCCGGAGGCTCTGACGAGGCCTGCAGCCACGCGGAAAGAGCAATGAGGAGCACGTGTGTGGGGAGGAAGGCGGGTTCTGACCCCGTTCCTTCCGCAGCGGCTCCGGCCTGGCGGGTTCTGACGGAATTCTGCAGCGGCTCCAGCCAGGGTCGTCGGGGCGGGGTGGGTGCTCAGGGGCGG,6f0e048c6795fb56e1be088f1f470d6ba0b26ab907d195c92825d4f87f3b5758,-0.0328582366644999,0.3082290513909996,0.392266727331436,-254.6521200686693,-254.72678668797016,-254.93543983250856,-255.06815710663795,-0.05805065482852001,-1.0,-0.3082290513909996,0.0,1,0.18230609662228767,0.18216460459877223,0.1501433469024087,0.2690819197022722,1.0
chr2:242757334:G:A;chr2:242757411:C:T;var1;middle;OL41|K562|010448ab943575c0,chr2:242757334:G:A;chr2:242757411:C:T;var1;middle;OL41,K562,K562_region_01362,100,177,77,GAGTCGTGTGGAAGGGCGGTCAGAGTGCGATGGTCCTAACCCGAGGCACCAGCCCCTCCTTCCCCGTCCCCCTGTGCCTTCCTCCAGCCCCCCGACCTCGGGGACCCAGCAGCCCCTCCCACCTCTGCCCTCCTCCCTGCAGACTGGGCCACATTCGCTGTGGGTCCCGGCCACGGCGTGCAGCTGCCCTCAGGCCGCCT,09393dc25274bf65ef85c4acc50f93cec88e69616f1cd26c6357a846aa8c532a,0.0,GAGTCGTGTGGAAGGGCGGTCAGAGTGCGATGGTCCTAACCCGAGGCACCAGCCCCTCCTTCCCCGTCCCCCTGTGCCTTCCTCCAGCCCCCCGACCTCAGGGACCCAGCAGCCCCTCCCACCTCTGCCCTCCTCCCTGCAGACTGGGCCACATTCGCTGTGGGTCCCGGCCACGGCGTGCAGCTGCCCTCAGGCCGCCT,32c85ffca60111ce2a39cdee352a03143f4d69636af8fdf020db8858897d635a,-0.360561680987206,GAGTCGTGTGGAAGGGCGGTCAGAGTGCGATGGTCCTAACCCGAGGCACCAGCCCCTCCTTCCCCGTCCCCCTGTGCCTTCCTCCAGCCCCCCGACCTCGGGGACCCAGCAGCCCCTCCCACCTCTGCCCTCCTCCCTGCAGACTGGGCCACATTCGCTGTGGGTCCCGGCCACGGTGTGCAGCTGCCCTCAGGCCGCCT,51d808903b34dd85d0bd6edf93a1b63837827bd02771d9f3210e83b9a1e1aa10,-0.610551512893069,GAGTCGTGTGGAAGGGCGGTCAGAGTGCGATGGTCCTAACCCGAGGCACCAGCCCCTCCTTCCCCGTCCCCCTGTGCCTTCCTCCAGCCCCCCGACCTCAGGGACCCAGCAGCCCCTCCCACCTCTGCCCTCCTCCCTGCAGACTGGGCCACATTCGCTGTGGGTCCCGGCCACGGTGTGCAGCTGCCCTCAGGCCGCCT,010448ab943575c018bd3828504e7f4b1e5a4515fdf81dcf50a6ed12bfe62ae9,-0.679106899987118,-0.2920062938931569,0.328000351554597,-229.1264124885201,-228.09565514326096,-227.35368958115572,-226.36771747469905,0.044785238802461436,1.0,-0.2920062938931569,0.0,0,0.18583357572013678,0.18565657667894103,0.15145376406925343,0.32483887019294355,1.0
chr2:242762838:T:G;chr2:242762923:A:G;var1;middle;OL41|K562|5cf1043881cd46b0,chr2:242762838:T:G;chr2:242762923:A:G;var1;middle;OL41,K562,K562_region_01363,100,185,85,GACCCTGCGCTGGAGCCTTCAGAGAGGGTGCGGGCCTGTCACCCTTGGCTTCAGACGGCCTCCAGAGCCGCGAGAGGACGCATTTGCATTGCTTCAGCCTCCAGTCGGTGAGATTTGTTGCGGCAGCCTGGGAAGCAGCACACCTTCCTGCCTTTGCCGTCTGTCCGTCCGTCCGTCTGTCCACATGGGCCTCAGACCCC,fc898111c5edf76a234673bf3bee910c985c6035c289c869be2ac2fdf94e8e10,0.0,GACCCTGCGCTGGAGCCTTCAGAGAGGGTGCGGGCCTGTCACCCTTGGCTTCAGACGGCCTCCAGAGCCGCGAGAGGACGCATTTGCATTGCTTCAGCCGCCAGTCGGTGAGATTTGTTGCGGCAGCCTGGGAAGCAGCACACCTTCCTGCCTTTGCCGTCTGTCCGTCCGTCCGTCTGTCCACATGGGCCTCAGACCCC,7c98aa47f8cb0502d7662f4df29ac6a8012b93293a472cb9f9ad3b4f8bbb9da8,0.154895129969727,GACCCTGCGCTGGAGCCTTCAGAGAGGGTGCGGGCCTGTCACCCTTGGCTTCAGACGGCCTCCAGAGCCGCGAGAGGACGCATTTGCATTGCTTCAGCCTCCAGTCGGTGAGATTTGTTGCGGCAGCCTGGGAAGCAGCACACCTTCCTGCCTTTGCCGTCTGTCCGTCCGTCCGTCTGTCCACGTGGGCCTCAGACCCC,1ca2e07f8fa8bfa0005a287baf67890fb8de3abdc78d33d81c48227343de9825,0.0962178030071256,GACCCTGCGCTGGAGCCTTCAGAGAGGGTGCGGGCCTGTCACCCTTGGCTTCAGACGGCCTCCAGAGCCGCGAGAGGACGCATTTGCATTGCTTCAGCCGCCAGTCGGTGAGATTTGTTGCGGCAGCCTGGGAAGCAGCACACCTTCCTGCCTTTGCCGTCTGTCCGTCCGTCCGTCTGTCCACGTGGGCCTCAGACCCC,5cf1043881cd46b038eb9198ceae7394dc865fc68245a440d0f70a9bdd201446,0.592207971371327,-0.3410950383944743,0.22740661515521,-165.65243609435856,-164.9733673678711,-162.52208014577627,-162.36000507697463,0.5169936576858163,1.0,-0.3410950383944743,0.0,1,0.18289116963258686,0.18216460459877223,0.1501433469024087,0.17330729028246283,1.0
chr2:242764352:G:A;chr2:242764404:A:G;var1;middle;OL41|K562|f544cd79707d0bac,chr2:242764352:G:A;chr2:242764404:A:G;var1;middle;OL41,K562,K562_region_01364,100,152,52,TCCGGGGCCTGCACCATGACGTCATGGCGAAGGGCTGCGCCGAGGGGGCCGGCTGAGGGTCTTGAGGTGAGAAATCATCCTGGTCATCTGGGTGGGTCCGGGGTCTCACCAGGGTCCTTATGGGAGGGGACAAAGGGTGGGAGAGGAGGGAAGAGGCCTTGGAGCTGGGTTTGAAGATGGAGGAGGGGCCACAGCTGAGG,782cfb333ceca8628b418ee47c0a704bc9f90854f8e3c5d07edb016e420ce127,0.0,TCCGGGGCCTGCACCATGACGTCATGGCGAAGGGCTGCGCCGAGGGGGCCGGCTGAGGGTCTTGAGGTGAGAAATCATCCTGGTCATCTGGGTGGGTCCAGGGTCTCACCAGGGTCCTTATGGGAGGGGACAAAGGGTGGGAGAGGAGGGAAGAGGCCTTGGAGCTGGGTTTGAAGATGGAGGAGGGGCCACAGCTGAGG,37645dd00baa118599d11303f9b9c8e636d886de5e930ddb559757e0840b01cc,-0.0159874001904495,TCCGGGGCCTGCACCATGACGTCATGGCGAAGGGCTGCGCCGAGGGGGCCGGCTGAGGGTCTTGAGGTGAGAAATCATCCTGGTCATCTGGGTGGGTCCGGGGTCTCACCAGGGTCCTTATGGGAGGGGACAAAGGGTGGGAGAGGAGGGAGGAGGCCTTGGAGCTGGGTTTGAAGATGGAGGAGGGGCCACAGCTGAGG,12d2aa9e007c90043bed0ddc2de29c8f7a4a9d0fb4eef1a891d4b3f3fdadfd7b,0.0666667820392014,TCCGGGGCCTGCACCATGACGTCATGGCGAAGGGCTGCGCCGAGGGGGCCGGCTGAGGGTCTTGAGGTGAGAAATCATCCTGGTCATCTGGGTGGGTCCAGGGTCTCACCAGGGTCCTTATGGGAGGGGACAAAGGGTGGGAGAGGAGGGAGGAGGCCTTGGAGCTGGGTTTGAAGATGGAGGAGGGGCCACAGCTGAGG,f544cd79707d0bacdfed4c21dff5ea7c435de598cde8947a89b1e39e728b83ff,0.260787019414406,0.2101076375656541,0.189105697435464,-259.020079087466,-251.9923970475793,-264.2643997372361,-258.1786018932471,-0.9418841958977282,-1.0,-0.2101076375656541,0.0,2,0.1738230088277867,0.17490732828716207,0.146091925319964,0.11133056520208652,1.0
chr2:25136866:T:A;chr2:25136916:T:C;var1;middle;OL41|K562|c624170a11f831c3,chr2:25136866:T:A;chr2:25136916:T:C;var1;middle;OL41,K562,K562_region_01223,100,150,50,ACAAAATATTTGTCAGCAGTTCCTAGTCCCTACTTTGCCAAATGCTAAAGGCACGCCCCGCCCACCACCACCCCCAACCATCCTGGCTGCCTTCCCCATTGTCCGCACTCATTGGCCGCTGGTCCTGCAGGTCCTGGTCCTGAGCCCAGTCCCCTCCTTCCTCCTCACCCAGCCCAGGGGCAGTTTAGGGCAGTAAAGGG,dd77de2fb9efe26b78134913098c936a9c17ff80410340d1f3046c7680a6ea73,0.0,ACAAAATATTTGTCAGCAGTTCCTAGTCCCTACTTTGCCAAATGCTAAAGGCACGCCCCGCCCACCACCACCCCCAACCATCCTGGCTGCCTTCCCCATAGTCCGCACTCATTGGCCGCTGGTCCTGCAGGTCCTGGTCCTGAGCCCAGTCCCCTCCTTCCTCCTCACCCAGCCCAGGGGCAGTTTAGGGCAGTAAAGGG,7785bb895ad1dc9c45c70a827e39308cf30d7730c8b56beb5be9a5df251d28e3,-0.0317962503813505,ACAAAATATTTGTCAGCAGTTCCTAGTCCCTACTTTGCCAAATGCTAAAGGCACGCCCCGCCCACCACCACCCCCAACCATCCTGGCTGCCTTCCCCATTGTCCGCACTCATTGGCCGCTGGTCCTGCAGGTCCTGGTCCTGAGCCCAGCCCCCTCCTTCCTCCTCACCCAGCCCAGGGGCAGTTTAGGGCAGTAAAGGG,8b59ecb883ac9e3abec42a245bcfdcc71a24e8d6e9bfa30be3b05d3ac41d1444,0.42152534897031,ACAAAATATTTGTCAGCAGTTCCTAGTCCCTACTTTGCCAAATGCTAAAGGCACGCCCCGCCCACCACCACCCCCAACCATCCTGGCTGCCTTCCCCATAGTCCGCACTCATTGGCCGCTGGTCCTGCAGGTCCTGGTCCTGAGCCCAGCCCCCTCCTTCCTCCTCACCCAGCCCAGGGGCAGTTTAGGGCAGTAAAGGG,c624170a11f831c3aa57f9c2607ca2b486ba7a17cafe33d2492559d87fae5ea9,0.358762087568993,-0.0309670110199665,0.34841879759737,-283.2230352794286,-287.1751477177022,-277.72229721950134,-281.8249650971265,-0.15055543935153537,-1.0,0.0309670110199665,0.0,2,0.1749752474776867,0.17490732828716207,0.146091925319964,0.3305473458899104,1.0
chr2:26584310:T:A;chr2:26584312:C:A;var1;middle;OL31|K562|28c7ab0c595e9b23,chr2:26584310:T:A;chr2:26584312:C:A;var1;middle;OL31,K562,K562_region_01224,100,102,2,ATTTTTTCCTATACATACACACCTGTGATAAAGTTTAGGCACAGTGAGTGATTAACAACAACAACTAAGAATAAAACAACTATAACAATGTACTGTTATTACATTTATGTGAATTTGGTCTCTCTCTCTCAAAACGTCTGTGTGTACTGTACTTACCTATTTTCCGACCCTGGTTGGCTATGGTTAAAATGAAACCTTGG,0c4e8d3cfc65c2c34992c8f25a4a8f7f1029af2460a557701c659d002a05f4f1,0.0,ATTTTTTCCTATACATACACACCTGTGATAAAGTTTAGGCACAGTGAGTGATTAACAACAACAACTAAGAATAAAACAACTATAACAATGTACTGTTATAACATTTATGTGAATTTGGTCTCTCTCTCTCAAAACGTCTGTGTGTACTGTACTTACCTATTTTCCGACCCTGGTTGGCTATGGTTAAAATGAAACCTTGG,533429531826a0748a3ea304191efb2089614a5da6a0d3d7ffebd711324e258a,-0.035779803101722,ATTTTTTCCTATACATACACACCTGTGATAAAGTTTAGGCACAGTGAGTGATTAACAACAACAACTAAGAATAAAACAACTATAACAATGTACTGTTATTAAATTTATGTGAATTTGGTCTCTCTCTCTCAAAACGTCTGTGTGTACTGTACTTACCTATTTTCCGACCCTGGTTGGCTATGGTTAAAATGAAACCTTGG,0930ad733b5b5ceb4ee53a504e3055d13939c5dd9c0e023237492875a894b3a5,0.416202821461987,ATTTTTTCCTATACATACACACCTGTGATAAAGTTTAGGCACAGTGAGTGATTAACAACAACAACTAAGAATAAAACAACTATAACAATGTACTGTTATAAAATTTATGTGAATTTGGTCTCTCTCTCTCAAAACGTCTGTGTGTACTGTACTTACCTATTTTCCGACCCTGGTTGGCTATGGTTAAAATGAAACCTTGG,28c7ab0c595e9b239916ee4e622d5fc57712ff59015947b7821a923a3979f4cf,0.199031459930943,-0.1813915584293219,0.611359294027291,-238.01274155825377,-238.8869491070509,-239.2321886047721,-241.38003367185595,-1.2736375182867334,-1.0,0.1813915584293219,0.0,2,0.17333994916752898,0.17490732828716207,0.146091925319964,0.21944716261067276,1.0
chr2:26584310:T:A;chr2:26584314:T:G;var1;middle;OL31|K562|eb44191d64f8364e,chr2:26584310:T:A;chr2:26584314:T:G;var1;middle;OL31,K562,K562_region_01224,100,104,4,ATTTTTTCCTATACATACACACCTGTGATAAAGTTTAGGCACAGTGAGTGATTAACAACAACAACTAAGAATAAAACAACTATAACAATGTACTGTTATTACATTTATGTGAATTTGGTCTCTCTCTCTCAAAACGTCTGTGTGTACTGTACTTACCTATTTTCCGACCCTGGTTGGCTATGGTTAAAATGAAACCTTGG,0c4e8d3cfc65c2c34992c8f25a4a8f7f1029af2460a557701c659d002a05f4f1,0.0,ATTTTTTCCTATACATACACACCTGTGATAAAGTTTAGGCACAGTGAGTGATTAACAACAACAACTAAGAATAAAACAACTATAACAATGTACTGTTATAACATTTATGTGAATTTGGTCTCTCTCTCTCAAAACGTCTGTGTGTACTGTACTTACCTATTTTCCGACCCTGGTTGGCTATGGTTAAAATGAAACCTTGG,533429531826a0748a3ea304191efb2089614a5da6a0d3d7ffebd711324e258a,-0.0369335637004281,ATTTTTTCCTATACATACACACCTGTGATAAAGTTTAGGCACAGTGAGTGATTAACAACAACAACTAAGAATAAAACAACTATAACAATGTACTGTTATTACAGTTATGTGAATTTGGTCTCTCTCTCTCAAAACGTCTGTGTGTACTGTACTTACCTATTTTCCGACCCTGGTTGGCTATGGTTAAAATGAAACCTTGG,58d6b6c162d6af4f125f2b529d9b0ac8e82f08165f8a7a46320c25e78426f475,0.0584589151754238,ATTTTTTCCTATACATACACACCTGTGATAAAGTTTAGGCACAGTGAGTGATTAACAACAACAACTAAGAATAAAACAACTATAACAATGTACTGTTATAACAGTTATGTGAATTTGGTCTCTCTCTCTCAAAACGTCTGTGTGTACTGTACTTACCTATTTTCCGACCCTGGTTGGCTATGGTTAAAATGAAACCTTGG,eb44191d64f8364e2fd59002fee7520cb04b9a1cd47014f57b917f4009823f70,0.295170295354051,0.2736449438790553,0.524786755976239,-238.01274155825377,-238.8869491070509,-238.95052225887773,-239.3628415390849,0.46188826858997345,-1.0,-0.2736449438790553,0.0,2,0.1758670150336369,0.17490732828716207,0.146091925319964,0.18607433790353992,1.0
chr2:26584312:C:A;chr2:26584314:T:G;var1;middle;OL31|K562|8e7e6f6338a63394,chr2:26584312:C:A;chr2:26584314:T:G;var1;middle;OL31,K562,K562_region_01224,100,102,2,TTTTTCCTATACATACACACCTGTGATAAAGTTTAGGCACAGTGAGTGATTAACAACAACAACTAAGAATAAAACAACTATAACAATGTACTGTTATTACATTTATGTGAATTTGGTCTCTCTCTCTCAAAACGTCTGTGTGTACTGTACTTACCTATTTTCCGACCCTGGTTGGCTATGGTTAAAATGAAACCTTGGTT,14a7b906f1ababbc89f5aa3b993a1c87c0c4146b06c6de50d2d51b6b20b90347,0.0,TTTTTCCTATACATACACACCTGTGATAAAGTTTAGGCACAGTGAGTGATTAACAACAACAACTAAGAATAAAACAACTATAACAATGTACTGTTATTAAATTTATGTGAATTTGGTCTCTCTCTCTCAAAACGTCTGTGTGTACTGTACTTACCTATTTTCCGACCCTGGTTGGCTATGGTTAAAATGAAACCTTGGTT,5fb1df0f8bddce48e35cbba1257b20a3564fb182b30b6c438c129891cc3e4c91,-0.293486699537314,TTTTTCCTATACATACACACCTGTGATAAAGTTTAGGCACAGTGAGTGATTAACAACAACAACTAAGAATAAAACAACTATAACAATGTACTGTTATTACAGTTATGTGAATTTGGTCTCTCTCTCTCAAAACGTCTGTGTGTACTGTACTTACCTATTTTCCGACCCTGGTTGGCTATGGTTAAAATGAAACCTTGGTT,43e507ddf5bc8dec18d469a3ea350b5a2fb81ddfa39a6a5dc469ddb7cb685066,-0.144818092644731,TTTTTCCTATACATACACACCTGTGATAAAGTTTAGGCACAGTGAGTGATTAACAACAACAACTAAGAATAAAACAACTATAACAATGTACTGTTATTAAAGTTATGTGAATTTGGTCTCTCTCTCTCAAAACGTCTGTGTGTACTGTACTTACCTATTTTCCGACCCTGGTTGGCTATGGTTAAAATGAAACCTTGGTT,8e7e6f6338a63394d1cb5d1f4f837db983eafea4c96a9973c0a22604a587332d,-0.14749788111043,0.290806911071615,0.46758554504895,-237.8822154775262,-240.1446821019053,-237.5725401416421,-238.6287282556296,1.2062785103915985,-1.0,-0.290806911071615,0.0,2,0.17695090741100455,0.17490732828716207,0.146091925319964,0.1571848320669379,1.0
chr2:26916844:C:G;chr2:26916846:C:G;var1;middle;OL30|K562|f2cf451a691ab3e2,chr2:26916844:C:G;chr2:26916846:C:G;var1;middle;OL30,K562,K562_region_01225,100,102,2,CACCCAGACTGTCAGACAACACAGGCATAGGCACACATGCACACAGATACACACAGGCACTCACAGGGTACACACAGGGCGGGCACACACACACACACACACAGAGAGAGAGACAGAGAGAGAGAGAGAGAACAAACGTTGCCCAGGAAAGGAATCTCTAGCCAGGCCCTTGGTGGTGCTATTCAAAACTGTCCAGACGG,fd56556537a5babf10e0fc070f209b6d59d738df73f9fc6afbc7c5238999c7db,0.0,CACCCAGACTGTCAGACAACACAGGCATAGGCACACATGCACACAGATACACACAGGCACTCACAGGGTACACACAGGGCGGGCACACACACACACACAGACAGAGAGAGAGACAGAGAGAGAGAGAGAGAACAAACGTTGCCCAGGAAAGGAATCTCTAGCCAGGCCCTTGGTGGTGCTATTCAAAACTGTCCAGACGG,babaada0e0ec02f332a4044f3571fd24a3b78b907387d210328acfdf7f0a6cda,-0.0516628112756187,CACCCAGACTGTCAGACAACACAGGCATAGGCACACATGCACACAGATACACACAGGCACTCACAGGGTACACACAGGGCGGGCACACACACACACACACAGAGAGAGAGAGACAGAGAGAGAGAGAGAGAACAAACGTTGCCCAGGAAAGGAATCTCTAGCCAGGCCCTTGGTGGTGCTATTCAAAACTGTCCAGACGG,f45742fd6ebc4c6150f33d3eaf4eea9e5767ea8ceb91996268292cd38e3e1e61,-0.174783229823665,CACCCAGACTGTCAGACAACACAGGCATAGGCACACATGCACACAGATACACACAGGCACTCACAGGGTACACACAGGGCGGGCACACACACACACACAGAGAGAGAGAGAGACAGAGAGAGAGAGAGAGAACAAACGTTGCCCAGGAAAGGAATCTCTAGCCAGGCCCTTGGTGGTGCTATTCAAAACTGTCCAGACGG,f2cf451a691ab3e27939a3a8c0b66ff2632159be917e5129b415351e5ffea63a,-0.111160586813106,0.1152854542861777,0.149120711647285,-211.38913380214944,-217.61509281629696,-210.74338352365885,-210.43198672041763,6.537355817388743,-1.0,-0.1152854542861777,0.0,3,0.19464044244637332,0.18106719778262317,0.1474303780702046,0.27606984769577075,1.0
chr2:26953540:A:G;chr2:26953582:T:G;var1;middle;OL29|K562|abf46916082fd77f,chr2:26953540:A:G;chr2:26953582:T:G;var1;middle;OL29,K562,K562_region_01226,100,142,42,TGGCATTCAGGGAAATTGGAGGGCAGCACCCGTAGGGTGGCCAGCCTCAGGCCCCACCCCAGCTGTGTCCTCTAGTCTCTGGGGACCCCTGGGGGGAAGAAGTCTACCCTGCTTGTGAGTCCCGTCTCAGTGTGGAGGAACTGGCTGCACGTGGGACCTGAAGGTGCCCTCTGTGTTTATGTTGGGGGTGGGGGGGCAGT,202ee7fdec2c838e946e64deaf32445e6ca857d70200cbcf6ff2bc5dd401d20c,0.0,TGGCATTCAGGGAAATTGGAGGGCAGCACCCGTAGGGTGGCCAGCCTCAGGCCCCACCCCAGCTGTGTCCTCTAGTCTCTGGGGACCCCTGGGGGGAAGGAGTCTACCCTGCTTGTGAGTCCCGTCTCAGTGTGGAGGAACTGGCTGCACGTGGGACCTGAAGGTGCCCTCTGTGTTTATGTTGGGGGTGGGGGGGCAGT,9e37a388715ea8601053af45ae76a08e6be9f9c9556316fe93b4dc83f0bfd0eb,0.105564888307482,TGGCATTCAGGGAAATTGGAGGGCAGCACCCGTAGGGTGGCCAGCCTCAGGCCCCACCCCAGCTGTGTCCTCTAGTCTCTGGGGACCCCTGGGGGGAAGAAGTCTACCCTGCTTGTGAGTCCCGTCTCAGTGTGGAGGAACGGGCTGCACGTGGGACCTGAAGGTGCCCTCTGTGTTTATGTTGGGGGTGGGGGGGCAGT,d90db79af96c612c5ce51792b6c3a9c87adc6b3f8fd9a222047a20eb05232a3e,0.0434475478984613,TGGCATTCAGGGAAATTGGAGGGCAGCACCCGTAGGGTGGCCAGCCTCAGGCCCCACCCCAGCTGTGTCCTCTAGTCTCTGGGGACCCCTGGGGGGAAGGAGTCTACCCTGCTTGTGAGTCCCGTCTCAGTGTGGAGGAACGGGCTGCACGTGGGACCTGAAGGTGCCCTCTGTGTTTATGTTGGGGGTGGGGGGGCAGT,abf46916082fd77faa1b3d375bf2eec8ff031deca7169125b5c8669246daf53b,0.0059426908336109,0.1430697453723323,0.0988595330778846,-279.64405054971576,-273.6862003374845,-287.04088998865336,-287.6483071409166,6.5652673644945025,1.0,0.1430697453723323,0.0,2,0.18475402846657094,0.17490732828716207,0.146091925319964,0.1418031047269686,1.0
chr2:27315021:G:A;chr2:27315064:G:A;var1;middle;OL41|K562|fd128405c1219e41,chr2:27315021:G:A;chr2:27315064:G:A;var1;middle;OL41,K562,K562_region_01227,100,143,43,ACCCAAGTGAGTGGTTTCCTGTTGCCCTAGGAACAGATGGAAATATTGAAAGGAACTGCTGTCAGCTTGAATTTAGCCTGGGCTGGGGAGGTAGACACCGCTCTCAGCCAAGCTCCTTCCCTTGGCCGGCCTCGGCTGCCCCGGGTACAAAGTGAGACGTCGGCCTAGATGCTTTCTGAGAGGAGTCCCCAGCTGTTACA,bcf361e14925b677aa8c31f264d673409f8fa86e06d9f9a5f3c671d5dcde4ff8,0.0,ACCCAAGTGAGTGGTTTCCTGTTGCCCTAGGAACAGATGGAAATATTGAAAGGAACTGCTGTCAGCTTGAATTTAGCCTGGGCTGGGGAGGTAGACACCACTCTCAGCCAAGCTCCTTCCCTTGGCCGGCCTCGGCTGCCCCGGGTACAAAGTGAGACGTCGGCCTAGATGCTTTCTGAGAGGAGTCCCCAGCTGTTACA,8d697d9596e5f7c8d2d79ecb15bb15116b1f04e96091ca45ce348e61eba61f5d,0.259769619491339,ACCCAAGTGAGTGGTTTCCTGTTGCCCTAGGAACAGATGGAAATATTGAAAGGAACTGCTGTCAGCTTGAATTTAGCCTGGGCTGGGGAGGTAGACACCGCTCTCAGCCAAGCTCCTTCCCTTGGCCGGCCTCGGCTGCCCCAGGTACAAAGTGAGACGTCGGCCTAGATGCTTTCTGAGAGGAGTCCCCAGCTGTTACA,5b9de134a31ba5eebb242485fea78b21a0c1c9d94f1fb4a199d48ed53dc21b92,0.583681287542312,ACCCAAGTGAGTGGTTTCCTGTTGCCCTAGGAACAGATGGAAATATTGAAAGGAACTGCTGTCAGCTTGAATTTAGCCTGGGCTGGGGAGGTAGACACCACTCTCAGCCAAGCTCCTTCCCTTGGCCGGCCTCGGCTGCCCCAGGTACAAAGTGAGACGTCGGCCTAGATGCTTTCTGAGAGGAGTCCCCAGCTGTTACA,fd128405c1219e413d94fa2b863713d90565102e1111ece80198d0c20fb67d71,0.381058607785354,0.4623922992482969,0.259575954896152,-255.50471667200327,-243.70108684897423,-240.5438465103507,-234.7758671976626,6.035650510340929,1.0,0.4623922992482969,0.0,0,0.19352817360060495,0.18565657667894103,0.15145376406925343,0.031040815367542968,1.0
chr2:27521107:C:G;chr2:27521167:A:G;var1;middle;OL27|K562|eb15a88ef84db864,chr2:27521107:C:G;chr2:27521167:A:G;var1;middle;OL27,K562,K562_region_01228,100,160,60,TGCCCAGGACTGCAGAGAATCTCCTCCAGTTGTGGCCCAAGAGGGCCCCAGACTGGAAGACATTGGTCGCACCACTCAGAGTTCATTTCCTGCCTCAGCCTTATTGCCAAGACCAATGTCTCCCCATGGCTCCAAGCTGGACCCCTTTGGAGAGATCCCATCCTGACTATGCCTTGACCAAAGCTGAGTTCTGGATGCAG,80281d01227e9540a8d1ee815cb60104e6283a1b17ddc32eab0124a0b54912a1,0.0,TGCCCAGGACTGCAGAGAATCTCCTCCAGTTGTGGCCCAAGAGGGCCCCAGACTGGAAGACATTGGTCGCACCACTCAGAGTTCATTTCCTGCCTCAGCGTTATTGCCAAGACCAATGTCTCCCCATGGCTCCAAGCTGGACCCCTTTGGAGAGATCCCATCCTGACTATGCCTTGACCAAAGCTGAGTTCTGGATGCAG,8c3b1322fee8d34b50258f7b719bd1c6bc91d3d54bc29e9d0c6e0b2635e45f70,-0.0323449960169635,TGCCCAGGACTGCAGAGAATCTCCTCCAGTTGTGGCCCAAGAGGGCCCCAGACTGGAAGACATTGGTCGCACCACTCAGAGTTCATTTCCTGCCTCAGCCTTATTGCCAAGACCAATGTCTCCCCATGGCTCCAAGCTGGACCCCTTTGGAGAGATCCCGTCCTGACTATGCCTTGACCAAAGCTGAGTTCTGGATGCAG,792a203037f5c87c3ab9e26ef674bfee29989d96b0044b34a15498c0466c9604,0.270198044882916,TGCCCAGGACTGCAGAGAATCTCCTCCAGTTGTGGCCCAAGAGGGCCCCAGACTGGAAGACATTGGTCGCACCACTCAGAGTTCATTTCCTGCCTCAGCGTTATTGCCAAGACCAATGTCTCCCCATGGCTCCAAGCTGGACCCCTTTGGAGAGATCCCGTCCTGACTATGCCTTGACCAAAGCTGAGTTCTGGATGCAG,eb15a88ef84db8645e8c32c9271954da92a7834085e526d630331c292fdcc097,0.0677295297712157,-0.1701235190947367,0.328423036789554,-253.3080310858786,-272.81874823966064,-244.1279676407576,-258.62199507281184,5.016689721727744,-1.0,0.1701235190947367,0.0,1,0.18746933980891523,0.18216460459877223,0.1501433469024087,0.07330985477097834,1.0
chr2:27741072:C:G;chr2:27741105:A:G;var1;middle;OL30|K562|5bee82ba569e5d92,chr2:27741072:C:G;chr2:27741105:A:G;var1;middle;OL30,K562,K562_region_01229,100,133,33,CACAATCTAGGCTCACTGCAACCTCCACCTCCCGGGTTCAAGTGATTCTTGTGCCTCAGCCCCCCGAGTAGCTGGGATTACAGGTGTATGCCACCACTCCTAGCTAATTTTTGTGTATTTAGTAGAGACAGCATTTCATCATGTTGGCTAGGCTTGTTGAGAACTCCTGACCTCAGGTGATCCCCCAACCTTGGCCTCCC,92c7d862d0f8ed581f6a241c4583468d884ea3a844eb09e8aca342103ba69426,0.0,CACAATCTAGGCTCACTGCAACCTCCACCTCCCGGGTTCAAGTGATTCTTGTGCCTCAGCCCCCCGAGTAGCTGGGATTACAGGTGTATGCCACCACTCGTAGCTAATTTTTGTGTATTTAGTAGAGACAGCATTTCATCATGTTGGCTAGGCTTGTTGAGAACTCCTGACCTCAGGTGATCCCCCAACCTTGGCCTCCC,7e9ce720b1c5adaa4e4d464ebaf8210c79db1b7ae739f131d899db73ee65aa8a,0.163510824578948,CACAATCTAGGCTCACTGCAACCTCCACCTCCCGGGTTCAAGTGATTCTTGTGCCTCAGCCCCCCGAGTAGCTGGGATTACAGGTGTATGCCACCACTCCTAGCTAATTTTTGTGTATTTAGTAGAGACAGCGTTTCATCATGTTGGCTAGGCTTGTTGAGAACTCCTGACCTCAGGTGATCCCCCAACCTTGGCCTCCC,0b3cc32d9883fa961c6067401c68dedbc5030444e82eb595bc9fa56e496c7a0e,-0.0928443095380463,CACAATCTAGGCTCACTGCAACCTCCACCTCCCGGGTTCAAGTGATTCTTGTGCCTCAGCCCCCCGAGTAGCTGGGATTACAGGTGTATGCCACCACTCGTAGCTAATTTTTGTGTATTTAGTAGAGACAGCGTTTCATCATGTTGGCTAGGCTTGTTGAGAACTCCTGACCTCAGGTGATCCCCCAACCTTGGCCTCCC,5bee82ba569e5d920f6b2308572161e5553c7acbeca084abfdf694c1e7fee6f0,-0.339241647670926,0.4099081627118277,0.319678003520014,-91.70605275221168,-96.52507590968162,-92.83004932571204,-97.47038092650472,-0.17869155667725067,1.0,0.4099081627118277,0.0,3,0.18111307780100863,0.18106719778262317,0.1474303780702046,0.14078938287200923,1.0
chr2:28570398:A:G;chr2:28570438:A:C;var1;middle;OL28|K562|1fb230ecea705093,chr2:28570398:A:G;chr2:28570438:A:C;var1;middle;OL28,K562,K562_region_01230,100,140,40,TGGAGGAGGGGCCAGCTGGGCATGGTTTTAGACTCTTGGTTTCTTTGCTTCATTGTGGTGGTTCGGTTTCTGGCGAACTCTCCCATGGGGCTGAGGTGCACACAAGGTCTGGTTCTCATGCATGCAGTCATGTTGAGCAACTACTCTGTGCCAGGCACCATTCTATAGCAGTATAGCAGTAAATACAGCACCACAACCCC,c080e1d8c5f6abbe98f481fafe1d1171a9066c164b596a45f5ee590f4ba9b35f,0.0,TGGAGGAGGGGCCAGCTGGGCATGGTTTTAGACTCTTGGTTTCTTTGCTTCATTGTGGTGGTTCGGTTTCTGGCGAACTCTCCCATGGGGCTGAGGTGCGCACAAGGTCTGGTTCTCATGCATGCAGTCATGTTGAGCAACTACTCTGTGCCAGGCACCATTCTATAGCAGTATAGCAGTAAATACAGCACCACAACCCC,a9e0f40ae48a2fe538fe9cebb850f422d9f1955e08365b8add901b8130331e24,0.274153746368719,TGGAGGAGGGGCCAGCTGGGCATGGTTTTAGACTCTTGGTTTCTTTGCTTCATTGTGGTGGTTCGGTTTCTGGCGAACTCTCCCATGGGGCTGAGGTGCACACAAGGTCTGGTTCTCATGCATGCAGTCATGTTGAGCACCTACTCTGTGCCAGGCACCATTCTATAGCAGTATAGCAGTAAATACAGCACCACAACCCC,5c4d9727541b3b99bb0b956883f8f39b3a8c92fdb5d6b7b5ade656b22daf4145,0.0672459807131626,TGGAGGAGGGGCCAGCTGGGCATGGTTTTAGACTCTTGGTTTCTTTGCTTCATTGTGGTGGTTCGGTTTCTGGCGAACTCTCCCATGGGGCTGAGGTGCGCACAAGGTCTGGTTCTCATGCATGCAGTCATGTTGAGCACCTACTCTGTGCCAGGCACCATTCTATAGCAGTATAGCAGTAAATACAGCACCACAACCCC,1fb230ecea705093ee96012f227f382f9ffd14c798acc80dadefa32109af325d,0.205684056097753,0.1357156709841286,0.146241721250505,-306.1418669160921,-303.3270048215054,-293.0635986253619,-286.44929910171777,-3.799437429057434,1.0,0.1357156709841286,0.0,3,0.17382022428526087,0.18106719778262317,0.1474303780702046,0.17692896651533727,1.0
chr2:28629343:G:T;chr2:28629367:G:C;var1;middle;OL30|K562|01cdcaaa86724ec6,chr2:28629343:G:T;chr2:28629367:G:C;var1;middle;OL30,K562,K562_region_01231,100,124,24,TTCTGGGCCTACCTCACACCAAATTTAGAAATTTGTATCCAGAGGGACTTTGGAGACCATCTTTTCTCATTTTCCCTTTATACCCATTTTACAGACAAGGAAACGGAGACCCAGAAAGGTGAAGGGCCCTGTTAGAGTCTCACAGTGAATTAGTAGCAGAGCCAGCACTGGAACCCACTTCTCCTGACCTTTGGCCCTGT,e4c94004c967dc3beb215ea67efa6a10cda0987dacf2f210907787de1f0ef959,0.0,TTCTGGGCCTACCTCACACCAAATTTAGAAATTTGTATCCAGAGGGACTTTGGAGACCATCTTTTCTCATTTTCCCTTTATACCCATTTTACAGACAAGTAAACGGAGACCCAGAAAGGTGAAGGGCCCTGTTAGAGTCTCACAGTGAATTAGTAGCAGAGCCAGCACTGGAACCCACTTCTCCTGACCTTTGGCCCTGT,5f5ecb4239c907739093a5145c5155326736b3c8508b1fdd7582f0ebf3ef0036,-0.287659448911689,TTCTGGGCCTACCTCACACCAAATTTAGAAATTTGTATCCAGAGGGACTTTGGAGACCATCTTTTCTCATTTTCCCTTTATACCCATTTTACAGACAAGGAAACGGAGACCCAGAAAGGTGAACGGCCCTGTTAGAGTCTCACAGTGAATTAGTAGCAGAGCCAGCACTGGAACCCACTTCTCCTGACCTTTGGCCCTGT,a9ed13a9f18553051d4b840cc3a52bfeee66a3ef063ac1a6d702f70536290482,0.434838354536748,TTCTGGGCCTACCTCACACCAAATTTAGAAATTTGTATCCAGAGGGACTTTGGAGACCATCTTTTCTCATTTTCCCTTTATACCCATTTTACAGACAAGTAAACGGAGACCCAGAAAGGTGAACGGCCCTGTTAGAGTCTCACAGTGAATTAGTAGCAGAGCCAGCACTGGAACCCACTTCTCCTGACCTTTGGCCCTGT,01cdcaaa86724ec698f7db994d0588bdd747228d1afd09378784234ec29306cc,-0.0802125867445729,-0.2273914923696319,0.201389936049774,-179.17785860970616,-183.3741451855749,-185.13214309886092,-189.2537747472525,0.0746549274771553,-1.0,0.2273914923696319,0.0,4,0.17629185443969753,0.17620727786206916,0.145609630836647,0.14817384929149457,1.0
chr2:28819614:G:A;chr2:28819674:C:A;var1;middle;OL41|K562|70665f55dec5c76a,chr2:28819614:G:A;chr2:28819674:C:A;var1;middle;OL41,K562,K562_region_01232,100,160,60,AGAAAGCAACAGCTTCATGCAGAGCTGGAAAAGAATCAGACGCTTAAACAAACGCCCATCCACGAGCAAGTTAGGCTCAGACATCTAACGGAAGGGTGGGGAGCGAGAACTGAGTGAAGGAGAAGGGTAAGATTTACGGCATCTGCCTTCTCTCTACCACCTGAATTGCTTGCAGAGCCTCTGACTTAAGTCCTTGACCA,a3570ebfb5dc4c9dc05ceed764e90a3cc311fb15da1e2abf26b671b263766543,0.0,AGAAAGCAACAGCTTCATGCAGAGCTGGAAAAGAATCAGACGCTTAAACAAACGCCCATCCACGAGCAAGTTAGGCTCAGACATCTAACGGAAGGGTGGAGAGCGAGAACTGAGTGAAGGAGAAGGGTAAGATTTACGGCATCTGCCTTCTCTCTACCACCTGAATTGCTTGCAGAGCCTCTGACTTAAGTCCTTGACCA,eefffa6ef75af311544ea6d20bd2c1b11967e0f3f1c9358a5c170f235d720095,0.122178469510575,AGAAAGCAACAGCTTCATGCAGAGCTGGAAAAGAATCAGACGCTTAAACAAACGCCCATCCACGAGCAAGTTAGGCTCAGACATCTAACGGAAGGGTGGGGAGCGAGAACTGAGTGAAGGAGAAGGGTAAGATTTACGGCATCTGCCTTCTCTCTACCAACTGAATTGCTTGCAGAGCCTCTGACTTAAGTCCTTGACCA,bcfc7f5dc05cc1031ff5f72ca5092a0724d64891b77982ab636c3fff6484a326,0.569519169578554,AGAAAGCAACAGCTTCATGCAGAGCTGGAAAAGAATCAGACGCTTAAACAAACGCCCATCCACGAGCAAGTTAGGCTCAGACATCTAACGGAAGGGTGGAGAGCGAGAACTGAGTGAAGGAGAAGGGTAAGATTTACGGCATCTGCCTTCTCTCTACCAACTGAATTGCTTGCAGAGCCTCTGACTTAAGTCCTTGACCA,70665f55dec5c76a57052addc2b6e55deac3205c066f178d59f82417a2f9f170,0.418944788160551,0.272752850928578,0.181189555184604,-319.777590977028,-319.1446959543973,-328.29434816073626,-329.90680277580395,2.245349637698382,1.0,0.272752850928578,0.0,3,0.18599554621216466,0.18106719778262317,0.1474303780702046,0.06441455916105754,1.0
chr2:29093695:C:G;chr2:29093715:C:A;var1;middle;OL41|K562|22535c60ea9e844c,chr2:29093695:C:G;chr2:29093715:C:A;var1;middle;OL41,K562,K562_region_01233,100,120,20,TGGGACGCGCCACTTGCTGATTGGCTCTCCTTTCCCAGTTGACCGCGACATCCCCCAGCCCCAACTCCCTTTTGATGGGGCTGTGACCACCTGCCGGTCCCCTCACCCACCCCTCACGCCCGGAGAGTCCGAGGTTGATTCGAGTACTCACTATGTGCTTATGTAACACATGTTTTCATTATTAAAATATAACTAGTTTA,094b554802cf506055cc2289dc8966f2b79e8d6b4bc3d1ca91b3719aa1be2af6,0.0,TGGGACGCGCCACTTGCTGATTGGCTCTCCTTTCCCAGTTGACCGCGACATCCCCCAGCCCCAACTCCCTTTTGATGGGGCTGTGACCACCTGCCGGTCGCCTCACCCACCCCTCACGCCCGGAGAGTCCGAGGTTGATTCGAGTACTCACTATGTGCTTATGTAACACATGTTTTCATTATTAAAATATAACTAGTTTA,26613e7c5a8b8d4826dd169a42a1a37375c3271096b863073c23c6f9149f1a5c,0.12411983592729,TGGGACGCGCCACTTGCTGATTGGCTCTCCTTTCCCAGTTGACCGCGACATCCCCCAGCCCCAACTCCCTTTTGATGGGGCTGTGACCACCTGCCGGTCCCCTCACCCACCCCTCACGCACGGAGAGTCCGAGGTTGATTCGAGTACTCACTATGTGCTTATGTAACACATGTTTTCATTATTAAAATATAACTAGTTTA,473e3ebbdf527bf2181f02d876b45204cec160356771187cfcd91212f53d76f5,0.0903968420997116,TGGGACGCGCCACTTGCTGATTGGCTCTCCTTTCCCAGTTGACCGCGACATCCCCCAGCCCCAACTCCCTTTTGATGGGGCTGTGACCACCTGCCGGTCGCCTCACCCACCCCTCACGCACGGAGAGTCCGAGGTTGATTCGAGTACTCACTATGTGCTTATGTAACACATGTTTTCATTATTAAAATATAACTAGTTTA,22535c60ea9e844c2dab400e95e35c440a50a37db281cd73553879fc9f143c12,-0.165398622704387,0.3799153007313885,0.481756755545417,-345.2330975863151,-359.8647900782525,-349.84643494384363,-358.0753758875653,-6.402751548215747,1.0,0.3799153007313885,0.0,4,0.16826368354118623,0.17620727786206916,0.145609630836647,0.16172192747929798,1.0
chr2:29288425:A:G;chr2:29288429:T:C;var1;middle;OL41|K562|d50c7980d22d3d15,chr2:29288425:A:G;chr2:29288429:T:C;var1;middle;OL41,K562,K562_region_01234,100,104,4,GGAAAAAACCGGCTTCGCTCAGCTGCCACCCTTTTCCCGAATAGAGAAAAATGCAAACAGCTTGGCCCAGCGCAGGCCCCGCATTTGGCTGGAACAGAGATTCTCAGCTGCCAAGTGACACAGCTAAGAGGGGCTTTGCATGGGGAGAGGACCCCCACAGGAGCCTGAGTGGGATTTGGGAGTGCCTTGGGAGTGCAGAA,a778c9be593991196ef6297fcfd4fd13fd91b5d78c368596b49f95217ec18b5b,0.0,GGAAAAAACCGGCTTCGCTCAGCTGCCACCCTTTTCCCGAATAGAGAAAAATGCAAACAGCTTGGCCCAGCGCAGGCCCCGCATTTGGCTGGAACAGAGGTTCTCAGCTGCCAAGTGACACAGCTAAGAGGGGCTTTGCATGGGGAGAGGACCCCCACAGGAGCCTGAGTGGGATTTGGGAGTGCCTTGGGAGTGCAGAA,21cffb19e5961edfb58ee42d2456306244214b8795302ff68df54ccba9ba0ee2,-0.15455025727213,GGAAAAAACCGGCTTCGCTCAGCTGCCACCCTTTTCCCGAATAGAGAAAAATGCAAACAGCTTGGCCCAGCGCAGGCCCCGCATTTGGCTGGAACAGAGATTCCCAGCTGCCAAGTGACACAGCTAAGAGGGGCTTTGCATGGGGAGAGGACCCCCACAGGAGCCTGAGTGGGATTTGGGAGTGCCTTGGGAGTGCAGAA,5e0ec1af609aee9c45a994183cf3c1b169b744084ded25ee235bcbcfe2262950,-0.0123877740593049,GGAAAAAACCGGCTTCGCTCAGCTGCCACCCTTTTCCCGAATAGAGAAAAATGCAAACAGCTTGGCCCAGCGCAGGCCCCGCATTTGGCTGGAACAGAGGTTCCCAGCTGCCAAGTGACACAGCTAAGAGGGGCTTTGCATGGGGAGAGGACCCCCACAGGAGCCTGAGTGGGATTTGGGAGTGCCTTGGGAGTGCAGAA,d50c7980d22d3d153506d940aa3ee55d9f0729218715c5ece110a7a0ed9b440c,0.097044730282355,0.2639827616137899,0.335502855959136,-383.0446158079431,-394.0356320559513,-383.9522170741111,-394.6901242693421,0.25310905277717666,-1.0,-0.2639827616137899,0.0,3,0.18198280428935001,0.18106719778262317,0.1474303780702046,0.16226006498362044,1.0
chr2:29288425:A:G;chr2:29288466:T:C;var1;middle;OL41|K562|df98a6947ae44ac0,chr2:29288425:A:G;chr2:29288466:T:C;var1;middle;OL41,K562,K562_region_01234,100,141,41,GGAAAAAACCGGCTTCGCTCAGCTGCCACCCTTTTCCCGAATAGAGAAAAATGCAAACAGCTTGGCCCAGCGCAGGCCCCGCATTTGGCTGGAACAGAGATTCTCAGCTGCCAAGTGACACAGCTAAGAGGGGCTTTGCATGGGGAGAGGACCCCCACAGGAGCCTGAGTGGGATTTGGGAGTGCCTTGGGAGTGCAGAA,a778c9be593991196ef6297fcfd4fd13fd91b5d78c368596b49f95217ec18b5b,0.0,GGAAAAAACCGGCTTCGCTCAGCTGCCACCCTTTTCCCGAATAGAGAAAAATGCAAACAGCTTGGCCCAGCGCAGGCCCCGCATTTGGCTGGAACAGAGGTTCTCAGCTGCCAAGTGACACAGCTAAGAGGGGCTTTGCATGGGGAGAGGACCCCCACAGGAGCCTGAGTGGGATTTGGGAGTGCCTTGGGAGTGCAGAA,21cffb19e5961edfb58ee42d2456306244214b8795302ff68df54ccba9ba0ee2,-0.153821290788885,GGAAAAAACCGGCTTCGCTCAGCTGCCACCCTTTTCCCGAATAGAGAAAAATGCAAACAGCTTGGCCCAGCGCAGGCCCCGCATTTGGCTGGAACAGAGATTCTCAGCTGCCAAGTGACACAGCTAAGAGGGGCTTTGCACGGGGAGAGGACCCCCACAGGAGCCTGAGTGGGATTTGGGAGTGCCTTGGGAGTGCAGAA,beaf5aded6b7a7ade6709ba52fc6281eb3848dc890e62ea662889e2652763c6e,-0.0197112757531636,GGAAAAAACCGGCTTCGCTCAGCTGCCACCCTTTTCCCGAATAGAGAAAAATGCAAACAGCTTGGCCCAGCGCAGGCCCCGCATTTGGCTGGAACAGAGGTTCTCAGCTGCCAAGTGACACAGCTAAGAGGGGCTTTGCACGGGGAGAGGACCCCCACAGGAGCCTGAGTGGGATTTGGGAGTGCCTTGGGAGTGCAGAA,df98a6947ae44ac0150784d8009530d8d98b1fb3c27e3eb622c3740aa9908cc7,-0.165975466941804,-0.0075570996002446,0.264536764142026,-383.0446158079431,-394.0356320559513,-382.70192251959816,-394.8181680501439,1.125229282537589,1.0,-0.0075570996002446,0.0,3,0.18373941613341238,0.18106719778262317,0.1474303780702046,0.05611713718156948,1.0
chr2:29288425:A:G;chr2:29288481:C:T;var1;middle;OL41|K562|307bddf8f3ddc447,chr2:29288425:A:G;chr2:29288481:C:T;var1;middle;OL41,K562,K562_region_01234,100,156,56,GGAAAAAACCGGCTTCGCTCAGCTGCCACCCTTTTCCCGAATAGAGAAAAATGCAAACAGCTTGGCCCAGCGCAGGCCCCGCATTTGGCTGGAACAGAGATTCTCAGCTGCCAAGTGACACAGCTAAGAGGGGCTTTGCATGGGGAGAGGACCCCCACAGGAGCCTGAGTGGGATTTGGGAGTGCCTTGGGAGTGCAGAA,a778c9be593991196ef6297fcfd4fd13fd91b5d78c368596b49f95217ec18b5b,0.0,GGAAAAAACCGGCTTCGCTCAGCTGCCACCCTTTTCCCGAATAGAGAAAAATGCAAACAGCTTGGCCCAGCGCAGGCCCCGCATTTGGCTGGAACAGAGGTTCTCAGCTGCCAAGTGACACAGCTAAGAGGGGCTTTGCATGGGGAGAGGACCCCCACAGGAGCCTGAGTGGGATTTGGGAGTGCCTTGGGAGTGCAGAA,21cffb19e5961edfb58ee42d2456306244214b8795302ff68df54ccba9ba0ee2,-0.153590827926432,GGAAAAAACCGGCTTCGCTCAGCTGCCACCCTTTTCCCGAATAGAGAAAAATGCAAACAGCTTGGCCCAGCGCAGGCCCCGCATTTGGCTGGAACAGAGATTCTCAGCTGCCAAGTGACACAGCTAAGAGGGGCTTTGCATGGGGAGAGGACCCCTACAGGAGCCTGAGTGGGATTTGGGAGTGCCTTGGGAGTGCAGAA,2b24254e9f5f996ce7304adb4163077c3114a8aed53205c602f67e8d88369bfb,-0.023431298599014,GGAAAAAACCGGCTTCGCTCAGCTGCCACCCTTTTCCCGAATAGAGAAAAATGCAAACAGCTTGGCCCAGCGCAGGCCCCGCATTTGGCTGGAACAGAGGTTCTCAGCTGCCAAGTGACACAGCTAAGAGGGGCTTTGCATGGGGAGAGGACCCCTACAGGAGCCTGAGTGGGATTTGGGAGTGCCTTGGGAGTGCAGAA,307bddf8f3ddc4470332f9f2db4c99ee29d391e294d5a4c858f3cdcbb7c2bb9b,0.0849403861771536,0.2619625127025996,0.250131950193636,-383.0446158079431,-394.0356320559513,-399.4607496811077,-411.19648374966346,-0.744717820547578,-1.0,-0.2619625127025996,0.0,3,0.17997299595766217,0.18106719778262317,0.1474303780702046,0.02081311672872649,1.0
chr2:29288429:T:C;chr2:29288466:T:C;var1;middle;OL41|K562|6d2c172e422c79b5,chr2:29288429:T:C;chr2:29288466:T:C;var1;middle;OL41,K562,K562_region_01234,100,137,37,AAAACCGGCTTCGCTCAGCTGCCACCCTTTTCCCGAATAGAGAAAAATGCAAACAGCTTGGCCCAGCGCAGGCCCCGCATTTGGCTGGAACAGAGATTCTCAGCTGCCAAGTGACACAGCTAAGAGGGGCTTTGCATGGGGAGAGGACCCCCACAGGAGCCTGAGTGGGATTTGGGAGTGCCTTGGGAGTGCAGAATGGA,01c4a7c9b692858f1c4ca4ddfa7af63ecf6275049b3f4154bce7550da82146c1,0.0,AAAACCGGCTTCGCTCAGCTGCCACCCTTTTCCCGAATAGAGAAAAATGCAAACAGCTTGGCCCAGCGCAGGCCCCGCATTTGGCTGGAACAGAGATTCCCAGCTGCCAAGTGACACAGCTAAGAGGGGCTTTGCATGGGGAGAGGACCCCCACAGGAGCCTGAGTGGGATTTGGGAGTGCCTTGGGAGTGCAGAATGGA,43e98cfd81fe502bff8707958b1a2782c70d0815701fe59e29434c8d7d864b30,0.422170481169478,AAAACCGGCTTCGCTCAGCTGCCACCCTTTTCCCGAATAGAGAAAAATGCAAACAGCTTGGCCCAGCGCAGGCCCCGCATTTGGCTGGAACAGAGATTCTCAGCTGCCAAGTGACACAGCTAAGAGGGGCTTTGCACGGGGAGAGGACCCCCACAGGAGCCTGAGTGGGATTTGGGAGTGCCTTGGGAGTGCAGAATGGA,32df85d41cfa709b0da5ee88154630355427b05e1f8cbb09b309df3f7213e178,0.292137321440176,AAAACCGGCTTCGCTCAGCTGCCACCCTTTTCCCGAATAGAGAAAAATGCAAACAGCTTGGCCCAGCGCAGGCCCCGCATTTGGCTGGAACAGAGATTCCCAGCTGCCAAGTGACACAGCTAAGAGGGGCTTTGCACGGGGAGAGGACCCCCACAGGAGCCTGAGTGGGATTTGGGAGTGCCTTGGGAGTGCAGAATGGA,6d2c172e422c79b5f278631dd3a4ab652c489f1c930d195ae526ac46e07bb479,0.26266644244677,0.451641360162884,0.343104532418533,-400.75374967744574,-400.2221314480994,-404.2236041096039,-404.594548497349,0.902562617091462,1.0,0.451641360162884,0.0,3,0.18329092418419113,0.18106719778262317,0.1474303780702046,0.1750554612963664,1.0
chr2:29288429:T:C;chr2:29288481:C:T;var1;middle;OL41|K562|ba5e6a3202811fb1,chr2:29288429:T:C;chr2:29288481:C:T;var1;middle;OL41,K562,K562_region_01234,100,152,52,AAAACCGGCTTCGCTCAGCTGCCACCCTTTTCCCGAATAGAGAAAAATGCAAACAGCTTGGCCCAGCGCAGGCCCCGCATTTGGCTGGAACAGAGATTCTCAGCTGCCAAGTGACACAGCTAAGAGGGGCTTTGCATGGGGAGAGGACCCCCACAGGAGCCTGAGTGGGATTTGGGAGTGCCTTGGGAGTGCAGAATGGA,01c4a7c9b692858f1c4ca4ddfa7af63ecf6275049b3f4154bce7550da82146c1,0.0,AAAACCGGCTTCGCTCAGCTGCCACCCTTTTCCCGAATAGAGAAAAATGCAAACAGCTTGGCCCAGCGCAGGCCCCGCATTTGGCTGGAACAGAGATTCCCAGCTGCCAAGTGACACAGCTAAGAGGGGCTTTGCATGGGGAGAGGACCCCCACAGGAGCCTGAGTGGGATTTGGGAGTGCCTTGGGAGTGCAGAATGGA,43e98cfd81fe502bff8707958b1a2782c70d0815701fe59e29434c8d7d864b30,0.421904391328814,AAAACCGGCTTCGCTCAGCTGCCACCCTTTTCCCGAATAGAGAAAAATGCAAACAGCTTGGCCCAGCGCAGGCCCCGCATTTGGCTGGAACAGAGATTCTCAGCTGCCAAGTGACACAGCTAAGAGGGGCTTTGCATGGGGAGAGGACCCCTACAGGAGCCTGAGTGGGATTTGGGAGTGCCTTGGGAGTGCAGAATGGA,19a9f1eac14c782673c3ce3090758f2154bff2551cf7c0b924367249be38e1bd,0.329969564483077,AAAACCGGCTTCGCTCAGCTGCCACCCTTTTCCCGAATAGAGAAAAATGCAAACAGCTTGGCCCAGCGCAGGCCCCGCATTTGGCTGGAACAGAGATTCCCAGCTGCCAAGTGACACAGCTAAGAGGGGCTTTGCATGGGGAGAGGACCCCTACAGGAGCCTGAGTGGGATTTGGGAGTGCCTTGGGAGTGCAGAATGGA,ba5e6a3202811fb1c71f72820395b55aa4d5cfd93e97e0c4eff7820cea1c6db8,0.404132768894733,0.347741186917158,0.322679662908713,-400.75374967744574,-400.2221314480994,-414.6859095257241,-414.0433647092432,-0.11092658713459969,1.0,0.347741186917158,0.0,3,0.18124956901408812,0.18106719778262317,0.1474303780702046,0.13975144084352348,1.0
chr2:29288466:T:C;chr2:29288481:C:T;var1;middle;OL41|K562|eb542c7b899fd46a,chr2:29288466:T:C;chr2:29288481:C:T;var1;middle;OL41,K562,K562_region_01234,100,115,15,TAGAGAAAAATGCAAACAGCTTGGCCCAGCGCAGGCCCCGCATTTGGCTGGAACAGAGATTCTCAGCTGCCAAGTGACACAGCTAAGAGGGGCTTTGCATGGGGAGAGGACCCCCACAGGAGCCTGAGTGGGATTTGGGAGTGCCTTGGGAGTGCAGAATGGAGGGTGGCCCTGAGCATGGAGCAAGCTTTGGCTAGCAG,89acc1ac15476915cc008c1cac8db13ecc6de50d4f578aa3abdde943844b8018,0.0,TAGAGAAAAATGCAAACAGCTTGGCCCAGCGCAGGCCCCGCATTTGGCTGGAACAGAGATTCTCAGCTGCCAAGTGACACAGCTAAGAGGGGCTTTGCACGGGGAGAGGACCCCCACAGGAGCCTGAGTGGGATTTGGGAGTGCCTTGGGAGTGCAGAATGGAGGGTGGCCCTGAGCATGGAGCAAGCTTTGGCTAGCAG,b02c1f7160b90eddaba7e34f6430a413e49b1950b5f785c134274b3079321b8f,0.264775643780796,TAGAGAAAAATGCAAACAGCTTGGCCCAGCGCAGGCCCCGCATTTGGCTGGAACAGAGATTCTCAGCTGCCAAGTGACACAGCTAAGAGGGGCTTTGCATGGGGAGAGGACCCCTACAGGAGCCTGAGTGGGATTTGGGAGTGCCTTGGGAGTGCAGAATGGAGGGTGGCCCTGAGCATGGAGCAAGCTTTGGCTAGCAG,7dcaaf8409df3c2801786b22775f29f571da2ac7aac58f229ac5f36d92983bd9,0.331895030405303,TAGAGAAAAATGCAAACAGCTTGGCCCAGCGCAGGCCCCGCATTTGGCTGGAACAGAGATTCTCAGCTGCCAAGTGACACAGCTAAGAGGGGCTTTGCACGGGGAGAGGACCCCTACAGGAGCCTGAGTGGGATTTGGGAGTGCCTTGGGAGTGCAGAATGGAGGGTGGCCCTGAGCATGGAGCAAGCTTTGGCTAGCAG,eb542c7b899fd46a114ec20ea546f71e064ea47def29591a7a4abee4bb449967,-0.0315302012151623,0.6282008754012612,0.38349017485181,-232.46967677026987,-236.00731622427705,-236.0078386068344,-239.62484930455685,0.07937124371528625,1.0,0.6282008754012612,0.0,3,0.18163286412887075,0.18106719778262317,0.1474303780702046,0.0337011066049534,1.0
chr2:3383662:C:T;chr2:3383741:G:A;var1;middle;OL41|K562|c76463d0d76a8be3,chr2:3383662:C:T;chr2:3383741:G:A;var1;middle;OL41,K562,K562_region_01196,100,179,79,ATTCCCGGCTTCTGTCACCTTCCTCACGGACCTTGGTCACGGCCGCAGGTGACCCCTTAGCCCAGCTCCAGTGGGCGGGTGGCAGGTGAGGATCAGGGCCTCGGCAGTCCAGAGGGGATGGGACCGTGTAGCGCCACCTCGGGGAGGGAGCACACTGGCTTTGGCCTCAGCCCGGAGGGACCTTCTCTGGGACCGATGCT,99eaba423ca8f67c58f6041236381aa972feaec5c49e05405f8694d45c02bbcf,0.0,ATTCCCGGCTTCTGTCACCTTCCTCACGGACCTTGGTCACGGCCGCAGGTGACCCCTTAGCCCAGCTCCAGTGGGCGGGTGGCAGGTGAGGATCAGGGCTTCGGCAGTCCAGAGGGGATGGGACCGTGTAGCGCCACCTCGGGGAGGGAGCACACTGGCTTTGGCCTCAGCCCGGAGGGACCTTCTCTGGGACCGATGCT,28ff09c1799530e10666b151892df014f7e5c9a1176c5f71226c18290777ef59,-0.319651820889563,ATTCCCGGCTTCTGTCACCTTCCTCACGGACCTTGGTCACGGCCGCAGGTGACCCCTTAGCCCAGCTCCAGTGGGCGGGTGGCAGGTGAGGATCAGGGCCTCGGCAGTCCAGAGGGGATGGGACCGTGTAGCGCCACCTCGGGGAGGGAGCACACTGGCTTTGGCCTCAGCCCGGAGGAACCTTCTCTGGGACCGATGCT,8297b5a77966a85ef9e80da20a612243515b2ce6a80806708a874ebd66870612,0.0766375667949399,ATTCCCGGCTTCTGTCACCTTCCTCACGGACCTTGGTCACGGCCGCAGGTGACCCCTTAGCCCAGCTCCAGTGGGCGGGTGGCAGGTGAGGATCAGGGCTTCGGCAGTCCAGAGGGGATGGGACCGTGTAGCGCCACCTCGGGGAGGGAGCACACTGGCTTTGGCCTCAGCCCGGAGGAACCTTCTCTGGGACCGATGCT,c76463d0d76a8be38d758d3f807d54980186ed16751f2723b68575c0f3b21455,-0.461193139877996,0.2181788857833728,0.400836992070087,-242.37454949319363,-245.191671974957,-243.934750713408,-246.659264780581,-0.09260841459035873,1.0,0.2181788857833728,0.0,2,0.17505962303086128,0.17490732828716207,0.146091925319964,0.19340207212436086,1.0
chr2:3475389:A:G;chr2:3475399:T:A;var1;middle;OL41|K562|e14f9ec1bceb98d9,chr2:3475389:A:G;chr2:3475399:T:A;var1;middle;OL41,K562,K562_region_01197,100,110,10,CACCAGGGCCTCCACACAGCAAGGGGGCTGGGGGTTAGGAGGAGAGAGAATGGGGCCCAGTGGGAATTTCCAGTTCTGAAGGAAATCTGTGTTGTAAGCAAGATTGAAGTCATTTGTATTCCAGAGGAGTTTCTCACATAATCTAAATTAAGGAGGGGCAGAAGCAACTGATCTTCAAACAGAAGAAGCATTATATTCAT,75b8f69458aca94a3af745e317eeacc732d89094735f051847e2c2f56c6580d1,0.0,CACCAGGGCCTCCACACAGCAAGGGGGCTGGGGGTTAGGAGGAGAGAGAATGGGGCCCAGTGGGAATTTCCAGTTCTGAAGGAAATCTGTGTTGTAAGCGAGATTGAAGTCATTTGTATTCCAGAGGAGTTTCTCACATAATCTAAATTAAGGAGGGGCAGAAGCAACTGATCTTCAAACAGAAGAAGCATTATATTCAT,4d974bcddeb78529bae8eaea0006893edea42490d70d424300da5f55123e1463,-0.0437963877520792,CACCAGGGCCTCCACACAGCAAGGGGGCTGGGGGTTAGGAGGAGAGAGAATGGGGCCCAGTGGGAATTTCCAGTTCTGAAGGAAATCTGTGTTGTAAGCAAGATTGAAGACATTTGTATTCCAGAGGAGTTTCTCACATAATCTAAATTAAGGAGGGGCAGAAGCAACTGATCTTCAAACAGAAGAAGCATTATATTCAT,242a034b1e35bcdaad9da8e22f8bc56443645e3c5513f0fa1e6efae44e04271c,-0.0369405686828587,CACCAGGGCCTCCACACAGCAAGGGGGCTGGGGGTTAGGAGGAGAGAGAATGGGGCCCAGTGGGAATTTCCAGTTCTGAAGGAAATCTGTGTTGTAAGCGAGATTGAAGACATTTGTATTCCAGAGGAGTTTCTCACATAATCTAAATTAAGGAGGGGCAGAAGCAACTGATCTTCAAACAGAAGAAGCATTATATTCAT,e14f9ec1bceb98d9bacb3130d2a58cc7fc47c06bd749ba6be527945a6d3f7b32,0.0543083587130304,0.1350453151479683,0.296266419334377,-303.5155816664919,-323.54861054290086,-302.67031567846425,-318.3509379019961,4.352406652877107,-1.0,-0.1350453151479683,0.0,0,0.19136623471016048,0.18565657667894103,0.15145376406925343,0.28745356289130763,1.0
chr2:3484443:T:C;chr2:3484500:T:C;var1;middle;OL41|K562|dc002e3eefb60486,chr2:3484443:T:C;chr2:3484500:T:C;var1;middle;OL41,K562,K562_region_01198,100,157,57,TGAAGATGTAATTAGAAGCCCTCCACCTTGAGGGTCTTCCTTCAAATGTGACTTCAGGGATGAAGTGTAAGGCTCTTCCTCTGCTCCAACCTGGCACCTTACTGCAGGCATCTTACAGGATTTGCCAGAGGATTATGGAGCCCGTCCTTTACAGGCTCGGGGCTCAGAGCTGTCCCCGGCCAGTTGTGCGGGAAAGCAGA,3c1c5a541d8ac333bc112e8028f4276066ca91c8b74cea5ae830a57689d5173b,0.0,TGAAGATGTAATTAGAAGCCCTCCACCTTGAGGGTCTTCCTTCAAATGTGACTTCAGGGATGAAGTGTAAGGCTCTTCCTCTGCTCCAACCTGGCACCTCACTGCAGGCATCTTACAGGATTTGCCAGAGGATTATGGAGCCCGTCCTTTACAGGCTCGGGGCTCAGAGCTGTCCCCGGCCAGTTGTGCGGGAAAGCAGA,21e0dac96c3acf768857fd2fef908722d9f1c005d05748c476225952a14d80d6,-0.00356155978603,TGAAGATGTAATTAGAAGCCCTCCACCTTGAGGGTCTTCCTTCAAATGTGACTTCAGGGATGAAGTGTAAGGCTCTTCCTCTGCTCCAACCTGGCACCTTACTGCAGGCATCTTACAGGATTTGCCAGAGGATTATGGAGCCCGTCCTTTACAGGCCCGGGGCTCAGAGCTGTCCCCGGCCAGTTGTGCGGGAAAGCAGA,5d9253af4207f09aa9b3b4f79c1b0532b9d645e18f6de213f1717054e6ec98de,-0.141434753748417,TGAAGATGTAATTAGAAGCCCTCCACCTTGAGGGTCTTCCTTCAAATGTGACTTCAGGGATGAAGTGTAAGGCTCTTCCTCTGCTCCAACCTGGCACCTCACTGCAGGCATCTTACAGGATTTGCCAGAGGATTATGGAGCCCGTCCTTTACAGGCCCGGGGCTCAGAGCTGTCCCCGGCCAGTTGTGCGGGAAAGCAGA,dc002e3eefb60486e4b943803a647b3389e2859e7012c57f7a747a84413c3a23,0.0892743887098413,0.2342707022442883,0.291404818728397,-412.9542826290708,-414.2845527220052,-411.21274306694977,-411.5959764244035,0.9470367354806513,-1.0,-0.2342707022442883,0.0,4,0.17737309432632284,0.17620727786206916,0.145609630836647,0.21490426223229808,1.0
chr2:3484500:T:C;chr2:3484533:G:A;var1;middle;OL41|K562|e9e31a47cf8bdd0f,chr2:3484500:T:C;chr2:3484533:G:A;var1;middle;OL41,K562,K562_region_01198,100,133,33,GGATGAAGTGTAAGGCTCTTCCTCTGCTCCAACCTGGCACCTTACTGCAGGCATCTTACAGGATTTGCCAGAGGATTATGGAGCCCGTCCTTTACAGGCTCGGGGCTCAGAGCTGTCCCCGGCCAGTTGTGCGGGAAAGCAGACAGCAGTGCCCAGGCTCCAGCTAGACATGAGCCCGGCAAATCAGAAACAGAGATCAA,7166820d862d21c1d95ddb1872716b8891b421c82706c00294b1b11382f76b1a,0.0,GGATGAAGTGTAAGGCTCTTCCTCTGCTCCAACCTGGCACCTTACTGCAGGCATCTTACAGGATTTGCCAGAGGATTATGGAGCCCGTCCTTTACAGGCCCGGGGCTCAGAGCTGTCCCCGGCCAGTTGTGCGGGAAAGCAGACAGCAGTGCCCAGGCTCCAGCTAGACATGAGCCCGGCAAATCAGAAACAGAGATCAA,702c911692056bf0d10135600516580052939ebd753756af5ac5a53ed7c0298a,-0.0798053006080457,GGATGAAGTGTAAGGCTCTTCCTCTGCTCCAACCTGGCACCTTACTGCAGGCATCTTACAGGATTTGCCAGAGGATTATGGAGCCCGTCCTTTACAGGCTCGGGGCTCAGAGCTGTCCCCGGCCAGTTGTGCAGGAAAGCAGACAGCAGTGCCCAGGCTCCAGCTAGACATGAGCCCGGCAAATCAGAAACAGAGATCAA,ad9b60ac08725ec3de7322124af00ae4446a2857d25d961991088ee7f21aac77,-0.0483631577621743,GGATGAAGTGTAAGGCTCTTCCTCTGCTCCAACCTGGCACCTTACTGCAGGCATCTTACAGGATTTGCCAGAGGATTATGGAGCCCGTCCTTTACAGGCCCGGGGCTCAGAGCTGTCCCCGGCCAGTTGTGCAGGAAAGCAGACAGCAGTGCCCAGGCTCCAGCTAGACATGAGCCCGGCAAATCAGAAACAGAGATCAA,e9e31a47cf8bdd0fd7c1461e25b20601ae96079315ea90f70f7a7b7689d91eee,-0.115072904057431,-0.013095554312789,0.354102651358405,-416.55707335763145,-397.4498499038164,-410.6657711425796,-391.94876082876,0.3902131399954669,1.0,-0.013095554312789,0.0,4,0.1766829608598415,0.17620727786206916,0.145609630836647,0.21499091260016306,1.0
chr2:3493355:A:G;chr2:3493441:T:A;var1;middle;OL41|K562|2f35cf6a9a9adfb3,chr2:3493355:A:G;chr2:3493441:T:A;var1;middle;OL41,K562,K562_region_01199,100,186,86,CCCGGAGGGGCTTGTGGGACCGAGTTTCACTGAGAGACATGGTGAATGGAAGAACTTCACGCATCATAGCAGGCAGAGGACTCCGGGAGCCCTTGACCCAACCCACAGGTCATCTTACCAGTACTAGCGACTCACTGCGGTAGTGAGTTGGGTGAGGCCCAGAAGTCCCTCCTGGTCACTTGCGATGGGATGAAGATATT,421e8e6ab6f46ba2f5d3b23685f5e62490eff150b534bf11045cb9ad4d936af6,0.0,CCCGGAGGGGCTTGTGGGACCGAGTTTCACTGAGAGACATGGTGAATGGAAGAACTTCACGCATCATAGCAGGCAGAGGACTCCGGGAGCCCTTGACCCGACCCACAGGTCATCTTACCAGTACTAGCGACTCACTGCGGTAGTGAGTTGGGTGAGGCCCAGAAGTCCCTCCTGGTCACTTGCGATGGGATGAAGATATT,e280969329cb767c6e96e911231d3e8d87f7c9f6ccdf9b910e9dceb541374726,-0.168370886651296,CCCGGAGGGGCTTGTGGGACCGAGTTTCACTGAGAGACATGGTGAATGGAAGAACTTCACGCATCATAGCAGGCAGAGGACTCCGGGAGCCCTTGACCCAACCCACAGGTCATCTTACCAGTACTAGCGACTCACTGCGGTAGTGAGTTGGGTGAGGCCCAGAAGTCCCTCCTGGTCACTTGCGAAGGGATGAAGATATT,6f8fadc7241afeec151af0a3d32ca53a612f4c150efcf0504fc925ea362f6b07,0.0616766421470611,CCCGGAGGGGCTTGTGGGACCGAGTTTCACTGAGAGACATGGTGAATGGAAGAACTTCACGCATCATAGCAGGCAGAGGACTCCGGGAGCCCTTGACCCGACCCACAGGTCATCTTACCAGTACTAGCGACTCACTGCGGTAGTGAGTTGGGTGAGGCCCAGAAGTCCCTCCTGGTCACTTGCGAAGGGATGAAGATATT,2f35cf6a9a9adfb3a4533b1be03c6c01eeb3266b4c362d03911187002636ad57,-0.258676183788905,0.1519819392846701,0.20946630446752,-275.83717545866966,-278.07124373316765,-276.6272716969252,-278.7501312196255,-0.11120875179767609,1.0,0.1519819392846701,0.0,2,0.17503253943601635,0.17490732828716207,0.146091925319964,0.182817966345763,1.0
chr2:3494301:C:A;chr2:3494322:A:G;var1;middle;OL41|K562|2d63ee119e587e65,chr2:3494301:C:A;chr2:3494322:A:G;var1;middle;OL41,K562,K562_region_01200,100,121,21,CCACTGAGAGCACCCCATGAGCCTGGCGCCCCAGGCACTGTGCAGGAGGGAACAGCAGGCCGGCAGCCTCTGCCCTGTGGGTCCGCACAGCCTGGGGAGCGGGGACAGAATGCACCCCCCACTGCGATCCCACCTGTCTGCCTCCATCCTTCCCCATCCACTCCGAGGCCGGACGTTGCCTGACTAGGACAGCTCTTCTC,55eb01b29c3c0f859c246184a9c1ad62dc3ad38059972a0101cbc71b09c97c63,0.0,CCACTGAGAGCACCCCATGAGCCTGGCGCCCCAGGCACTGTGCAGGAGGGAACAGCAGGCCGGCAGCCTCTGCCCTGTGGGTCCGCACAGCCTGGGGAGAGGGGACAGAATGCACCCCCCACTGCGATCCCACCTGTCTGCCTCCATCCTTCCCCATCCACTCCGAGGCCGGACGTTGCCTGACTAGGACAGCTCTTCTC,c9a68aca51c12e04567498bbd1fe7349dff3dae55c37d5745f22cb9159cd213b,0.242143219793819,CCACTGAGAGCACCCCATGAGCCTGGCGCCCCAGGCACTGTGCAGGAGGGAACAGCAGGCCGGCAGCCTCTGCCCTGTGGGTCCGCACAGCCTGGGGAGCGGGGACAGAATGCACCCCCCGCTGCGATCCCACCTGTCTGCCTCCATCCTTCCCCATCCACTCCGAGGCCGGACGTTGCCTGACTAGGACAGCTCTTCTC,4877e951ab6ef6dc9aae07f77a322674bfa6711c71aa527cfef03558617a0547,0.388200847140914,CCACTGAGAGCACCCCATGAGCCTGGCGCCCCAGGCACTGTGCAGGAGGGAACAGCAGGCCGGCAGCCTCTGCCCTGTGGGTCCGCACAGCCTGGGGAGAGGGGACAGAATGCACCCCCCGCTGCGATCCCACCTGTCTGCCTCCATCCTTCCCCATCCACTCCGAGGCCGGACGTTGCCTGACTAGGACAGCTCTTCTC,2d63ee119e587e65ecb6ac63e832ab4ba308c710e07f16be38a2fd20b19b42e1,0.160580103783838,0.4697639631508949,0.582839278841731,-225.9513147994876,-223.645005337894,-228.64405562728643,-226.50861739367247,0.17087122797966003,1.0,0.4697639631508949,0.0,1,0.18253901087286484,0.18216460459877223,0.1501433469024087,0.31647856933606333,1.0
chr2:3494301:C:A;chr2:3494365:C:T;var1;middle;OL41|K562|f8223251eb6c6bb4,chr2:3494301:C:A;chr2:3494365:C:T;var1;middle;OL41,K562,K562_region_01200,100,164,64,CCACTGAGAGCACCCCATGAGCCTGGCGCCCCAGGCACTGTGCAGGAGGGAACAGCAGGCCGGCAGCCTCTGCCCTGTGGGTCCGCACAGCCTGGGGAGCGGGGACAGAATGCACCCCCCACTGCGATCCCACCTGTCTGCCTCCATCCTTCCCCATCCACTCCGAGGCCGGACGTTGCCTGACTAGGACAGCTCTTCTC,55eb01b29c3c0f859c246184a9c1ad62dc3ad38059972a0101cbc71b09c97c63,0.0,CCACTGAGAGCACCCCATGAGCCTGGCGCCCCAGGCACTGTGCAGGAGGGAACAGCAGGCCGGCAGCCTCTGCCCTGTGGGTCCGCACAGCCTGGGGAGAGGGGACAGAATGCACCCCCCACTGCGATCCCACCTGTCTGCCTCCATCCTTCCCCATCCACTCCGAGGCCGGACGTTGCCTGACTAGGACAGCTCTTCTC,c9a68aca51c12e04567498bbd1fe7349dff3dae55c37d5745f22cb9159cd213b,0.242342426872061,CCACTGAGAGCACCCCATGAGCCTGGCGCCCCAGGCACTGTGCAGGAGGGAACAGCAGGCCGGCAGCCTCTGCCCTGTGGGTCCGCACAGCCTGGGGAGCGGGGACAGAATGCACCCCCCACTGCGATCCCACCTGTCTGCCTCCATCCTTCCCCATCCACTCTGAGGCCGGACGTTGCCTGACTAGGACAGCTCTTCTC,ce47f2b96c3c8886a0e007509c44c5b98ca38bcf7c1924bfee3f3597312210c3,0.600684481740629,CCACTGAGAGCACCCCATGAGCCTGGCGCCCCAGGCACTGTGCAGGAGGGAACAGCAGGCCGGCAGCCTCTGCCCTGTGGGTCCGCACAGCCTGGGGAGAGGGGACAGAATGCACCCCCCACTGCGATCCCACCTGTCTGCCTCCATCCTTCCCCATCCACTCTGAGGCCGGACGTTGCCTGACTAGGACAGCTCTTCTC,f8223251eb6c6bb4721308a540244566a988538211c58b75c265596769054e53,0.35410341113824,0.48892349747445,0.525993514714243,-225.9513147994876,-223.645005337894,-223.42616967856884,-220.9135233983397,-0.20633681863552056,1.0,0.48892349747445,0.0,1,0.1821552243671306,0.18216460459877223,0.1501433469024087,0.3640871827632306,1.0
chr2:3494301:C:A;chr2:3494374:A:G;var1;middle;OL41|K562|6a45f9e5bd9a2c32,chr2:3494301:C:A;chr2:3494374:A:G;var1;middle;OL41,K562,K562_region_01200,100,173,73,CCACTGAGAGCACCCCATGAGCCTGGCGCCCCAGGCACTGTGCAGGAGGGAACAGCAGGCCGGCAGCCTCTGCCCTGTGGGTCCGCACAGCCTGGGGAGCGGGGACAGAATGCACCCCCCACTGCGATCCCACCTGTCTGCCTCCATCCTTCCCCATCCACTCCGAGGCCGGACGTTGCCTGACTAGGACAGCTCTTCTC,55eb01b29c3c0f859c246184a9c1ad62dc3ad38059972a0101cbc71b09c97c63,0.0,CCACTGAGAGCACCCCATGAGCCTGGCGCCCCAGGCACTGTGCAGGAGGGAACAGCAGGCCGGCAGCCTCTGCCCTGTGGGTCCGCACAGCCTGGGGAGAGGGGACAGAATGCACCCCCCACTGCGATCCCACCTGTCTGCCTCCATCCTTCCCCATCCACTCCGAGGCCGGACGTTGCCTGACTAGGACAGCTCTTCTC,c9a68aca51c12e04567498bbd1fe7349dff3dae55c37d5745f22cb9159cd213b,0.242520570661931,CCACTGAGAGCACCCCATGAGCCTGGCGCCCCAGGCACTGTGCAGGAGGGAACAGCAGGCCGGCAGCCTCTGCCCTGTGGGTCCGCACAGCCTGGGGAGCGGGGACAGAATGCACCCCCCACTGCGATCCCACCTGTCTGCCTCCATCCTTCCCCATCCACTCCGAGGCCGGGCGTTGCCTGACTAGGACAGCTCTTCTC,1f1916e929ca349de34151d53a818fc9745883364d96a446cd66fa9ffdc86997,0.45160851792201,CCACTGAGAGCACCCCATGAGCCTGGCGCCCCAGGCACTGTGCAGGAGGGAACAGCAGGCCGGCAGCCTCTGCCCTGTGGGTCCGCACAGCCTGGGGAGAGGGGACAGAATGCACCCCCCACTGCGATCCCACCTGTCTGCCTCCATCCTTCCCCATCCACTCCGAGGCCGGGCGTTGCCTGACTAGGACAGCTCTTCTC,6a45f9e5bd9a2c320ebf2400a69bda31323353c0e6e87260435b27335f7e8740,-0.179517986477638,0.873647075061579,0.489016717164533,-225.9513147994876,-223.645005337894,-225.03842229396105,-222.63529193401337,-0.0968208983540535,1.0,0.873647075061579,0.0,1,0.18226665023077337,0.18216460459877223,0.1501433469024087,0.4196869510351343,1.0
chr2:3494322:A:G;chr2:3494365:C:T;var1;middle;OL41|K562|b7e1880263640da1,chr2:3494322:A:G;chr2:3494365:C:T;var1;middle;OL41,K562,K562_region_01200,100,143,43,CCTGGCGCCCCAGGCACTGTGCAGGAGGGAACAGCAGGCCGGCAGCCTCTGCCCTGTGGGTCCGCACAGCCTGGGGAGCGGGGACAGAATGCACCCCCCACTGCGATCCCACCTGTCTGCCTCCATCCTTCCCCATCCACTCCGAGGCCGGACGTTGCCTGACTAGGACAGCTCTTCTCCTATTTCTCAGATGTCTGTTC,67da5dc87b77200acc6f5f2546b90bf53a483a285b5ed89facb5b99f1eec8922,0.0,CCTGGCGCCCCAGGCACTGTGCAGGAGGGAACAGCAGGCCGGCAGCCTCTGCCCTGTGGGTCCGCACAGCCTGGGGAGCGGGGACAGAATGCACCCCCCGCTGCGATCCCACCTGTCTGCCTCCATCCTTCCCCATCCACTCCGAGGCCGGACGTTGCCTGACTAGGACAGCTCTTCTCCTATTTCTCAGATGTCTGTTC,c60c4305c7d96e63a1731f1fa9150b0b8868122df7f7a97f03a7f286d03921cd,0.124921639178802,CCTGGCGCCCCAGGCACTGTGCAGGAGGGAACAGCAGGCCGGCAGCCTCTGCCCTGTGGGTCCGCACAGCCTGGGGAGCGGGGACAGAATGCACCCCCCACTGCGATCCCACCTGTCTGCCTCCATCCTTCCCCATCCACTCTGAGGCCGGACGTTGCCTGACTAGGACAGCTCTTCTCCTATTTCTCAGATGTCTGTTC,225301811e1ad37b8e67e763ef97d37493d306ee7ee75f2c1d0a3eb50adcd1cb,0.126492957435545,CCTGGCGCCCCAGGCACTGTGCAGGAGGGAACAGCAGGCCGGCAGCCTCTGCCCTGTGGGTCCGCACAGCCTGGGGAGCGGGGACAGAATGCACCCCCCGCTGCGATCCCACCTGTCTGCCTCCATCCTTCCCCATCCACTCTGAGGCCGGACGTTGCCTGACTAGGACAGCTCTTCTCCTATTTCTCAGATGTCTGTTC,b7e1880263640da1b4bf56ef562fb684815a6e4ef7fd4f572b753d7dd1ccc98a,0.523597768807043,-0.272183172192696,0.524260220592697,-245.626806801185,-264.2412836737931,-242.49740483798087,-264.81162389274687,3.6997421821579337,1.0,-0.272183172192696,0.0,1,0.18612942487607603,0.18216460459877223,0.1501433469024087,0.29039482029768415,1.0
chr2:3494322:A:G;chr2:3494374:A:G;var1;middle;OL41|K562|ee4c86c9b87584ec,chr2:3494322:A:G;chr2:3494374:A:G;var1;middle;OL41,K562,K562_region_01200,100,152,52,CCTGGCGCCCCAGGCACTGTGCAGGAGGGAACAGCAGGCCGGCAGCCTCTGCCCTGTGGGTCCGCACAGCCTGGGGAGCGGGGACAGAATGCACCCCCCACTGCGATCCCACCTGTCTGCCTCCATCCTTCCCCATCCACTCCGAGGCCGGACGTTGCCTGACTAGGACAGCTCTTCTCCTATTTCTCAGATGTCTGTTC,67da5dc87b77200acc6f5f2546b90bf53a483a285b5ed89facb5b99f1eec8922,0.0,CCTGGCGCCCCAGGCACTGTGCAGGAGGGAACAGCAGGCCGGCAGCCTCTGCCCTGTGGGTCCGCACAGCCTGGGGAGCGGGGACAGAATGCACCCCCCGCTGCGATCCCACCTGTCTGCCTCCATCCTTCCCCATCCACTCCGAGGCCGGACGTTGCCTGACTAGGACAGCTCTTCTCCTATTTCTCAGATGTCTGTTC,c60c4305c7d96e63a1731f1fa9150b0b8868122df7f7a97f03a7f286d03921cd,0.125103564442285,CCTGGCGCCCCAGGCACTGTGCAGGAGGGAACAGCAGGCCGGCAGCCTCTGCCCTGTGGGTCCGCACAGCCTGGGGAGCGGGGACAGAATGCACCCCCCACTGCGATCCCACCTGTCTGCCTCCATCCTTCCCCATCCACTCCGAGGCCGGGCGTTGCCTGACTAGGACAGCTCTTCTCCTATTTCTCAGATGTCTGTTC,5ca59d6887ef70acb2d218041f2ef48e2c97f5526b58ba2aa8ac654655e6b23d,0.0825425312830626,CCTGGCGCCCCAGGCACTGTGCAGGAGGGAACAGCAGGCCGGCAGCCTCTGCCCTGTGGGTCCGCACAGCCTGGGGAGCGGGGACAGAATGCACCCCCCGCTGCGATCCCACCTGTCTGCCTCCATCCTTCCCCATCCACTCCGAGGCCGGGCGTTGCCTGACTAGGACAGCTCTTCTCCTATTTCTCAGATGTCTGTTC,ee4c86c9b87584ec5e5f3a190c1c83bafdc43ba2fb108ab8bba90f8124ff251d,-0.332913825808325,0.5405599215336726,0.54346926475102,-245.626806801185,-264.2412836737931,-232.85710214823484,-237.5456231161952,-13.925955904647708,1.0,0.5405599215336726,0.0,1,0.16819633691424213,0.18216460459877223,0.1501433469024087,0.345994588569588,1.0
chr2:3494365:C:T;chr2:3494374:A:G;var1;middle;OL41|K562|a1cf02f6149facdf,chr2:3494365:C:T;chr2:3494374:A:G;var1;middle;OL41,K562,K562_region_01200,100,109,9,AGCCTCTGCCCTGTGGGTCCGCACAGCCTGGGGAGCGGGGACAGAATGCACCCCCCACTGCGATCCCACCTGTCTGCCTCCATCCTTCCCCATCCACTCCGAGGCCGGACGTTGCCTGACTAGGACAGCTCTTCTCCTATTTCTCAGATGTCTGTTCCATTGGTTTCTCTTTGTCAAGATGTCTGATCCACCGTCAGCAG,f2a3c3cce43cec8a302482503ba775d93d0935c86e5bb71cb0020326404565cd,0.0,AGCCTCTGCCCTGTGGGTCCGCACAGCCTGGGGAGCGGGGACAGAATGCACCCCCCACTGCGATCCCACCTGTCTGCCTCCATCCTTCCCCATCCACTCTGAGGCCGGACGTTGCCTGACTAGGACAGCTCTTCTCCTATTTCTCAGATGTCTGTTCCATTGGTTTCTCTTTGTCAAGATGTCTGATCCACCGTCAGCAG,26597df56404cfde1775eec84f942f01da23befa03664a917a9292b0adc45f30,-0.0631407079259641,AGCCTCTGCCCTGTGGGTCCGCACAGCCTGGGGAGCGGGGACAGAATGCACCCCCCACTGCGATCCCACCTGTCTGCCTCCATCCTTCCCCATCCACTCCGAGGCCGGGCGTTGCCTGACTAGGACAGCTCTTCTCCTATTTCTCAGATGTCTGTTCCATTGGTTTCTCTTTGTCAAGATGTCTGATCCACCGTCAGCAG,914cb403aebf7c3fd518925c78ed721c5c147115cd9d98e7a6dc6fe23637df74,0.0892335949173348,AGCCTCTGCCCTGTGGGTCCGCACAGCCTGGGGAGCGGGGACAGAATGCACCCCCCACTGCGATCCCACCTGTCTGCCTCCATCCTTCCCCATCCACTCTGAGGCCGGGCGTTGCCTGACTAGGACAGCTCTTCTCCTATTTCTCAGATGTCTGTTCCATTGGTTTCTCTTTGTCAAGATGTCTGATCCACCGTCAGCAG,a1cf02f6149facdf4dfeef406a0acb50eb2be646561962c7175c3b0968138c04,0.160926103788451,0.1348332167970803,0.326597263991551,-304.5028999717906,-298.8451769258827,-312.42809318657964,-320.4398330152035,-13.669462874531746,-1.0,-0.1348332167970803,0.0,1,0.16845730314933896,0.18216460459877223,0.1501433469024087,0.2670414707584197,1.0
chr2:3509671:A:G;chr2:3509687:G:A;var1;middle;OL41|K562|3738d93b1688a4a6,chr2:3509671:A:G;chr2:3509687:G:A;var1;middle;OL41,K562,K562_region_01201,100,116,16,AATTAGGATTAGATAACGTGATGAGGGTGGAGCCCTCATGAATGGGATTAGTGTCCTTATAAAAGTCCCAAAAGAGCTTGCTTCTTCTACCCACCCACCATGTGAAAACACAGTCGTCTATAAACCAGGAAGCAGCTCTCACAAGACACCAAAGCTGCCAGTGTCCTGACCTTGGGCGTCCCTGCCTGCAGACTGTGAGA,ed5ce51261d6d274be694e776502913e33c133e3667957bdbe038e111d9d66aa,0.0,AATTAGGATTAGATAACGTGATGAGGGTGGAGCCCTCATGAATGGGATTAGTGTCCTTATAAAAGTCCCAAAAGAGCTTGCTTCTTCTACCCACCCACCGTGTGAAAACACAGTCGTCTATAAACCAGGAAGCAGCTCTCACAAGACACCAAAGCTGCCAGTGTCCTGACCTTGGGCGTCCCTGCCTGCAGACTGTGAGA,4ed053714dca6ae072737ec161ec03187de548c80f797590d8a00f456dc5924d,0.0851898936806095,AATTAGGATTAGATAACGTGATGAGGGTGGAGCCCTCATGAATGGGATTAGTGTCCTTATAAAAGTCCCAAAAGAGCTTGCTTCTTCTACCCACCCACCATGTGAAAACACAGTCATCTATAAACCAGGAAGCAGCTCTCACAAGACACCAAAGCTGCCAGTGTCCTGACCTTGGGCGTCCCTGCCTGCAGACTGTGAGA,16b21d566407caaafff130dd201173e010cf5ccf692e104d80f3ff3cfaf2b141,-0.0379601533361259,AATTAGGATTAGATAACGTGATGAGGGTGGAGCCCTCATGAATGGGATTAGTGTCCTTATAAAAGTCCCAAAAGAGCTTGCTTCTTCTACCCACCCACCGTGTGAAAACACAGTCATCTATAAACCAGGAAGCAGCTCTCACAAGACACCAAAGCTGCCAGTGTCCTGACCTTGGGCGTCCCTGCCTGCAGACTGTGAGA,3738d93b1688a4a6e1335652f5197f299fe77873db315af1a93bde3fad450a6a,0.0848739866880471,0.0376442463435635,0.203495526508848,-252.1791539322585,-258.8414961984381,-246.0804325621575,-254.62828872911632,-1.8855139007791877,-1.0,-0.0376442463435635,0.0,3,0.17767522113509523,0.18106719778262317,0.1474303780702046,0.16531373830816926,1.0
chr2:3605468:A:G;chr2:3605528:T:G;var1;middle;OL41|K562|8e3cd5638b2bb7e9,chr2:3605468:A:G;chr2:3605528:T:G;var1;middle;OL41,K562,K562_region_01202,100,160,60,GTACGGAAAGTCTTCTGGTAACGGGGGTTCGTTCTGATTACGTGTCACTTTTTGTTGCACTTTAACTGCAACAAAGATGGAGGATTAAACACAGGGTTTATTAGGCCACCCCTAACCTTTACGCGACGTTTCTGATATTTCAAACAAGTCTTCGGTGCGTTCCAGTCCCAGGCCATGAGCCTCCTGGAACCCCGCCGGCC,1bb33e5a72843529cc3e70fc28a0d040d27cfe975c162ac0aa66d018903d5b88,0.0,GTACGGAAAGTCTTCTGGTAACGGGGGTTCGTTCTGATTACGTGTCACTTTTTGTTGCACTTTAACTGCAACAAAGATGGAGGATTAAACACAGGGTTTGTTAGGCCACCCCTAACCTTTACGCGACGTTTCTGATATTTCAAACAAGTCTTCGGTGCGTTCCAGTCCCAGGCCATGAGCCTCCTGGAACCCCGCCGGCC,4eac2e5f01bf4efd99895c335fb6b8ae2feedb93d2489332778a39c13431277f,0.0464983165194178,GTACGGAAAGTCTTCTGGTAACGGGGGTTCGTTCTGATTACGTGTCACTTTTTGTTGCACTTTAACTGCAACAAAGATGGAGGATTAAACACAGGGTTTATTAGGCCACCCCTAACCTTTACGCGACGTTTCTGATATTTCAAACAAGTCTTCGGTGCGGTCCAGTCCCAGGCCATGAGCCTCCTGGAACCCCGCCGGCC,a63766f225d68aa1500fe95c1deaf1c5c5af92b35b6a6b99616fbd87f69b9413,0.0672372501097093,GTACGGAAAGTCTTCTGGTAACGGGGGTTCGTTCTGATTACGTGTCACTTTTTGTTGCACTTTAACTGCAACAAAGATGGAGGATTAAACACAGGGTTTGTTAGGCCACCCCTAACCTTTACGCGACGTTTCTGATATTTCAAACAAGTCTTCGGTGCGGTCCAGTCCCAGGCCATGAGCCTCCTGGAACCCCGCCGGCC,8e3cd5638b2bb7e9787ba02d042146beff7cc5577c934e02031ca4a22ab03061,-0.102433859696424,0.216169426325551,0.293222595783754,-372.2238630480133,-367.9466027277522,-368.9562273970805,-366.91376169072464,2.234794613905251,1.0,0.216169426325551,0.0,3,0.18597428643722003,0.18106719778262317,0.1474303780702046,-0.10587504935288528,1.0
chr2:3605468:A:G;chr2:3605538:A:C;var1;middle;OL41|K562|4371770e8519a2d0,chr2:3605468:A:G;chr2:3605538:A:C;var1;middle;OL41,K562,K562_region_01202,100,170,70,GTACGGAAAGTCTTCTGGTAACGGGGGTTCGTTCTGATTACGTGTCACTTTTTGTTGCACTTTAACTGCAACAAAGATGGAGGATTAAACACAGGGTTTATTAGGCCACCCCTAACCTTTACGCGACGTTTCTGATATTTCAAACAAGTCTTCGGTGCGTTCCAGTCCCAGGCCATGAGCCTCCTGGAACCCCGCCGGCC,1bb33e5a72843529cc3e70fc28a0d040d27cfe975c162ac0aa66d018903d5b88,0.0,GTACGGAAAGTCTTCTGGTAACGGGGGTTCGTTCTGATTACGTGTCACTTTTTGTTGCACTTTAACTGCAACAAAGATGGAGGATTAAACACAGGGTTTGTTAGGCCACCCCTAACCTTTACGCGACGTTTCTGATATTTCAAACAAGTCTTCGGTGCGTTCCAGTCCCAGGCCATGAGCCTCCTGGAACCCCGCCGGCC,4eac2e5f01bf4efd99895c335fb6b8ae2feedb93d2489332778a39c13431277f,0.0465500754497248,GTACGGAAAGTCTTCTGGTAACGGGGGTTCGTTCTGATTACGTGTCACTTTTTGTTGCACTTTAACTGCAACAAAGATGGAGGATTAAACACAGGGTTTATTAGGCCACCCCTAACCTTTACGCGACGTTTCTGATATTTCAAACAAGTCTTCGGTGCGTTCCAGTCCCCGGCCATGAGCCTCCTGGAACCCCGCCGGCC,e7e54e72a4404d7d830659e9529d8a1b2d80aff29353b79d3621f14912bd29dd,-0.0287822422664736,GTACGGAAAGTCTTCTGGTAACGGGGGTTCGTTCTGATTACGTGTCACTTTTTGTTGCACTTTAACTGCAACAAAGATGGAGGATTAAACACAGGGTTTGTTAGGCCACCCCTAACCTTTACGCGACGTTTCTGATATTTCAAACAAGTCTTCGGTGCGTTCCAGTCCCCGGCCATGAGCCTCCTGGAACCCCGCCGGCC,4371770e8519a2d0006c5ec4c9c3d1d6d752d858bf86fa3eb8e01d3485adcceb,0.0619704199192809,0.0442025867360297,0.270031646994348,-372.2238630480133,-367.9466027277522,-380.9381907307543,-375.7221611789428,0.9387692315503386,-1.0,-0.0442025867360297,0.0,3,0.1833638510188425,0.18106719778262317,0.1474303780702046,-0.03967455376371154,1.0
chr2:3605528:T:G;chr2:3605538:A:C;var1;middle;OL41|K562|30dcf3b06ca37e6f,chr2:3605528:T:G;chr2:3605538:A:C;var1;middle;OL41,K562,K562_region_01202,100,110,10,TTTAACTGCAACAAAGATGGAGGATTAAACACAGGGTTTATTAGGCCACCCCTAACCTTTACGCGACGTTTCTGATATTTCAAACAAGTCTTCGGTGCGTTCCAGTCCCAGGCCATGAGCCTCCTGGAACCCCGCCGGCCGAGCAGGAAAACGAGGCGGTCCCCCGACCACCCACAGCCACAGCGCGCGGCACAGACTCG,6275a0d95f870de570bff6f803bdb43192bd452d97680bb5e0ee48ab81c45573,0.0,TTTAACTGCAACAAAGATGGAGGATTAAACACAGGGTTTATTAGGCCACCCCTAACCTTTACGCGACGTTTCTGATATTTCAAACAAGTCTTCGGTGCGGTCCAGTCCCAGGCCATGAGCCTCCTGGAACCCCGCCGGCCGAGCAGGAAAACGAGGCGGTCCCCCGACCACCCACAGCCACAGCGCGCGGCACAGACTCG,203f88798b6eb2c28bdf6b0788fc12afe9712af161f52310f725564650548bbc,0.125206445435509,TTTAACTGCAACAAAGATGGAGGATTAAACACAGGGTTTATTAGGCCACCCCTAACCTTTACGCGACGTTTCTGATATTTCAAACAAGTCTTCGGTGCGTTCCAGTCCCCGGCCATGAGCCTCCTGGAACCCCGCCGGCCGAGCAGGAAAACGAGGCGGTCCCCCGACCACCCACAGCCACAGCGCGCGGCACAGACTCG,fae6940c483264013f9792371857241850900ffff4607b05fab8048951cd2594,0.0197011900666512,TTTAACTGCAACAAAGATGGAGGATTAAACACAGGGTTTATTAGGCCACCCCTAACCTTTACGCGACGTTTCTGATATTTCAAACAAGTCTTCGGTGCGGTCCAGTCCCCGGCCATGAGCCTCCTGGAACCCCGCCGGCCGAGCAGGAAAACGAGGCGGTCCCCCGACCACCCACAGCCACAGCGCGCGGCACAGACTCG,30dcf3b06ca37e6ff15580d825a24d7c9890822461c45a30f4faf33d6f30abeb,-0.0259584188043525,0.1708660543065127,0.258311780044693,-376.4545236325357,-381.8919589582365,-389.9982187366113,-392.2843986279331,-3.1512554343789816,1.0,0.1708660543065127,0.0,3,0.17512578300309148,0.18106719778262317,0.1474303780702046,0.24965218719249688,1.0
chr2:3639909:C:G;chr2:3639921:C:G;var1;middle;OL31|K562|4506f457555169ff,chr2:3639909:C:G;chr2:3639921:C:G;var1;middle;OL31,K562,K562_region_01203,100,112,12,CATCAGAGGGAGACCGTGGAAGGAGACCATGGAGGGAGACGGAGACGGGGACGGGGACGGGGACGGGGACGGGGACGGGGACGGGGACGGAGACGGAGACGGAGACGGAGACGGAGAGCTGATTCCTCCTATTTTATTCTTTTTCAAAATTGTTTTAGCTATTCTAGTTCCTTTCTCTTTTCATATACACTTTAGAATAG,4dd2c3f7ce047bc6e9e83ceebb91f52924ea1276a8a4056ea9f2c02cd32a9459,0.0,CATCAGAGGGAGACCGTGGAAGGAGACCATGGAGGGAGACGGAGACGGGGACGGGGACGGGGACGGGGACGGGGACGGGGACGGGGACGGAGACGGAGAGGGAGACGGAGACGGAGAGCTGATTCCTCCTATTTTATTCTTTTTCAAAATTGTTTTAGCTATTCTAGTTCCTTTCTCTTTTCATATACACTTTAGAATAG,80b161dcc210bb383f213e9cc5ab3c787154066add0c84165cc2e9bd8c11093a,-0.0332070655300668,CATCAGAGGGAGACCGTGGAAGGAGACCATGGAGGGAGACGGAGACGGGGACGGGGACGGGGACGGGGACGGGGACGGGGACGGGGACGGAGACGGAGACGGAGACGGAGAGGGAGAGCTGATTCCTCCTATTTTATTCTTTTTCAAAATTGTTTTAGCTATTCTAGTTCCTTTCTCTTTTCATATACACTTTAGAATAG,a82ac0b14a4c975447be8851a5629a02668b7cfe3d4535057605486304f414ce,-0.0125197514600531,CATCAGAGGGAGACCGTGGAAGGAGACCATGGAGGGAGACGGAGACGGGGACGGGGACGGGGACGGGGACGGGGACGGGGACGGGGACGGAGACGGAGAGGGAGACGGAGAGGGAGAGCTGATTCCTCCTATTTTATTCTTTTTCAAAATTGTTTTAGCTATTCTAGTTCCTTTCTCTTTTCATATACACTTTAGAATAG,4506f457555169ff72e72adba419ee7369938896accd43e70acfdc16fce0a648,-0.199180440730834,0.153453623740714,0.258260166465284,-157.07496691611595,-167.62880965549266,-153.4820170600433,-157.137099676067,-6.898760123352986,1.0,0.153453623740714,0.0,0,0.1769153665792299,0.18565657667894103,0.15145376406925343,0.01408534532250355,1.0
chr2:36791184:T:C;chr2:36791226:T:C;var1;middle;OL41|K562|11ff4c0037b53d62,chr2:36791184:T:C;chr2:36791226:T:C;var1;middle;OL41,K562,K562_region_01235,100,142,42,TGTTCCCTAGGATCTTGTGCCTCTTTCTTGACTCACCTCTCAGATGCTGCTGTGCCTCTGGATTCTGTCCCTATTTAATTATCATGCACCCCCTCTGGGTATTACCAATCAATAGCTTCATCTTCTGCTTCCATAAATTGATAGCTCCACTTTACTAAGATCAGTAAAGTGCTAAGAACAGAGACTGGCACATGGCAAAG,2c01a1935a9b3c4bfaff1f4f63483210495a2211de6ef49db10b779c8024170c,0.0,TGTTCCCTAGGATCTTGTGCCTCTTTCTTGACTCACCTCTCAGATGCTGCTGTGCCTCTGGATTCTGTCCCTATTTAATTATCATGCACCCCCTCTGGGCATTACCAATCAATAGCTTCATCTTCTGCTTCCATAAATTGATAGCTCCACTTTACTAAGATCAGTAAAGTGCTAAGAACAGAGACTGGCACATGGCAAAG,347456c1ce510698d76b0992b99aa9e9f5ff982bb602b4f7d5e06e670a2c0396,-0.0926319410386544,TGTTCCCTAGGATCTTGTGCCTCTTTCTTGACTCACCTCTCAGATGCTGCTGTGCCTCTGGATTCTGTCCCTATTTAATTATCATGCACCCCCTCTGGGTATTACCAATCAATAGCTTCATCTTCTGCTTCCATAAATTGACAGCTCCACTTTACTAAGATCAGTAAAGTGCTAAGAACAGAGACTGGCACATGGCAAAG,6568bd670e618010ca036de39bc13e3a587789ff205af725dda9a9f479b6d890,0.101258090973578,TGTTCCCTAGGATCTTGTGCCTCTTTCTTGACTCACCTCTCAGATGCTGCTGTGCCTCTGGATTCTGTCCCTATTTAATTATCATGCACCCCCTCTGGGCATTACCAATCAATAGCTTCATCTTCTGCTTCCATAAATTGACAGCTCCACTTTACTAAGATCAGTAAAGTGCTAAGAACAGAGACTGGCACATGGCAAAG,11ff4c0037b53d621582f87b12e7b575fc2306a5c70d0d30be644f1356492b1a,0.159378439380548,0.1507522894456243,0.622990570708791,-335.1527199922129,-312.77570916339755,-340.77514899289235,-319.8099106955342,-1.4117725314571885,-1.0,-0.1507522894456243,0.0,0,0.18396278981128572,0.18565657667894103,0.15145376406925343,0.2705438800560109,1.0
chr2:36810067:T:C;chr2:36810133:G:A;var1;middle;OL41|K562|8a12c38fee367b3e,chr2:36810067:T:C;chr2:36810133:G:A;var1;middle;OL41,K562,K562_region_01236,100,166,66,CAGAGGTGGGAAGAGTATTCAGAAAATGAGAAAGCTGATTCGACTGGTTTTAAGTGAATACAGGGTTGACCTTATTAGCGCATTCCACGGGAATAATGCTCACTTCTTTCTGGGGCACACAATATGTTACTTTAATACATGCTAATGCTTTTTACCCAGGGTTTTGAAGATACTAAATAATTTCTACACAGATACTTTAC,c84376bc144c237003e862210926aff3e5c90d42d8fbd3f9a8f9e8f4c04e2250,0.0,CAGAGGTGGGAAGAGTATTCAGAAAATGAGAAAGCTGATTCGACTGGTTTTAAGTGAATACAGGGTTGACCTTATTAGCGCATTCCACGGGAATAATGCCCACTTCTTTCTGGGGCACACAATATGTTACTTTAATACATGCTAATGCTTTTTACCCAGGGTTTTGAAGATACTAAATAATTTCTACACAGATACTTTAC,832c445d2246d0dfa1f054abd23a638a12a094148c0a3db9235470d2104fd76d,-0.10601727821038,CAGAGGTGGGAAGAGTATTCAGAAAATGAGAAAGCTGATTCGACTGGTTTTAAGTGAATACAGGGTTGACCTTATTAGCGCATTCCACGGGAATAATGCTCACTTCTTTCTGGGGCACACAATATGTTACTTTAATACATGCTAATGCTTTTTACCCAGGGTTTTAAAGATACTAAATAATTTCTACACAGATACTTTAC,9387712f9cc3eac0c97479e9dbc6d7ae6d3b30098ebf27a408825d089df0bb26,-0.192665625442206,CAGAGGTGGGAAGAGTATTCAGAAAATGAGAAAGCTGATTCGACTGGTTTTAAGTGAATACAGGGTTGACCTTATTAGCGCATTCCACGGGAATAATGCCCACTTCTTTCTGGGGCACACAATATGTTACTTTAATACATGCTAATGCTTTTTACCCAGGGTTTTAAAGATACTAAATAATTTCTACACAGATACTTTAC,8a12c38fee367b3e2db04f01d71cf8750b82e5ea7511bc20af656a42e507e32c,0.410811796656346,0.709494700308932,0.273470626827508,-342.26928353030235,-341.85694385971874,-333.88594867289066,-332.2580836750567,1.2155253272503614,-1.0,-0.709494700308932,0.0,1,0.18360188360333193,0.18216460459877223,0.1501433469024087,0.29478967704601566,1.0
chr2:37046594:A:T;chr2:37046602:C:G;var1;middle;OL29|K562|df94568f47585f0d,chr2:37046594:A:T;chr2:37046602:C:G;var1;middle;OL29,K562,K562_region_01237,100,108,8,CCTTTTTGGGGCCTTCCCTGGTTCCAAATAGACTTAGGCTCTCTGGATACAGAACCCTGACCCACCTATTCTCCAGAAACTTGATCCCTTCTCACGAGGAGACACAACCTATACACATCATTAAGGACATGGGATCCAGAAAATGAAAACTTTGACCCTAAGTCGCCTGATGGCGCCAACCACAGATACATTGGTACTGG,08441e849e84adca31a1c4c88358eb6b0fc0cdbb8e1103a450dfdf29e3a37c7f,0.0,CCTTTTTGGGGCCTTCCCTGGTTCCAAATAGACTTAGGCTCTCTGGATACAGAACCCTGACCCACCTATTCTCCAGAAACTTGATCCCTTCTCACGAGGTGACACAACCTATACACATCATTAAGGACATGGGATCCAGAAAATGAAAACTTTGACCCTAAGTCGCCTGATGGCGCCAACCACAGATACATTGGTACTGG,7f77c0835927455bb7f168f7f9b9350cb558a8a09f173ecaa5055bcc5d7393d0,0.264405490234335,CCTTTTTGGGGCCTTCCCTGGTTCCAAATAGACTTAGGCTCTCTGGATACAGAACCCTGACCCACCTATTCTCCAGAAACTTGATCCCTTCTCACGAGGAGACACAAGCTATACACATCATTAAGGACATGGGATCCAGAAAATGAAAACTTTGACCCTAAGTCGCCTGATGGCGCCAACCACAGATACATTGGTACTGG,c94011549ad61132f688da9235d349c3914c71efc7d0b52d561d7f1cc3e25c6a,0.245242397574562,CCTTTTTGGGGCCTTCCCTGGTTCCAAATAGACTTAGGCTCTCTGGATACAGAACCCTGACCCACCTATTCTCCAGAAACTTGATCCCTTCTCACGAGGTGACACAAGCTATACACATCATTAAGGACATGGGATCCAGAAAATGAAAACTTTGACCCTAAGTCGCCTGATGGCGCCAACCACAGATACATTGGTACTGG,df94568f47585f0d682b605ee2dd146be27fc9003260b159779a16e917a1f04b,0.0149850666209667,0.4946628211879303,0.220318961194895,-270.5672780573368,-297.40767688676715,-270.3738540112972,-295.544420093298,-1.6698327474295525,1.0,0.4946628211879303,0.0,3,0.17810964296775825,0.18106719778262317,0.1474303780702046,0.3415458689883837,1.0
chr2:37536436:C:T;chr2:37536488:G:A;var1;middle;OL41|K562|232ad10cdc98bef0,chr2:37536436:C:T;chr2:37536488:G:A;var1;middle;OL41,K562,K562_region_01238,100,152,52,TACCCGTTTCTTAAGATAATTGTTGCTAAATATTTTTAATCTTTTTTTCTAATGGAGATATTTATGCACTCTTGGTTAGTTTTCCTGTACCTCTTGTGACATCAAAAGATCTTATACAATGTCACTTAACTGTTCCTATCCCTTTAGAGTTGATTCTATAGGCTCTTTCCAACAGTCTAATTCTTGGGCATGTGTATACA,e4d28888308ba08cb6d1d59daf66d44ef9dace2000dffed1e9e469a30b1a1532,0.0,TACCCGTTTCTTAAGATAATTGTTGCTAAATATTTTTAATCTTTTTTTCTAATGGAGATATTTATGCACTCTTGGTTAGTTTTCCTGTACCTCTTGTGATATCAAAAGATCTTATACAATGTCACTTAACTGTTCCTATCCCTTTAGAGTTGATTCTATAGGCTCTTTCCAACAGTCTAATTCTTGGGCATGTGTATACA,1f0c071ab4f5e82c35d787a9c497f73016b6c23c5c726cb7cde1973d029b2375,0.263950208959139,TACCCGTTTCTTAAGATAATTGTTGCTAAATATTTTTAATCTTTTTTTCTAATGGAGATATTTATGCACTCTTGGTTAGTTTTCCTGTACCTCTTGTGACATCAAAAGATCTTATACAATGTCACTTAACTGTTCCTATCCCTTTAGAGTTAATTCTATAGGCTCTTTCCAACAGTCTAATTCTTGGGCATGTGTATACA,7a7f26d69ebbe4e66457e75d11e83d937ffd519d3581268f35de6d24c34ac39e,-0.322695838604424,TACCCGTTTCTTAAGATAATTGTTGCTAAATATTTTTAATCTTTTTTTCTAATGGAGATATTTATGCACTCTTGGTTAGTTTTCCTGTACCTCTTGTGATATCAAAAGATCTTATACAATGTCACTTAACTGTTCCTATCCCTTTAGAGTTAATTCTATAGGCTCTTTCCAACAGTCTAATTCTTGGGCATGTGTATACA,232ad10cdc98bef041a0cb0e594001fccf007b2b2122ccfc72cced65e327a5e9,0.0171592643945146,0.0759048940397996,0.277559320595664,-392.3946493500844,-391.63675818475895,-391.1565099993022,-387.39120147167705,3.007417362299691,-1.0,-0.0759048940397996,0.0,3,0.18753049190581067,0.18106719778262317,0.1474303780702046,0.12054848809875554,1.0
chr2:37987450:A:G;chr2:37987497:A:G;var1;middle;OL30|K562|6ca6ef577efec24c,chr2:37987450:A:G;chr2:37987497:A:G;var1;middle;OL30,K562,K562_region_01239,100,147,47,GAGTACCATCTAAATGTTGTAAACTCTGCACTGGGCACCATGGATATAGTAGTGAATAAGACGGACAAAATCCCTGTCCTTGTGAAGCTACATCCTACTAGAAGAGCTAGACTAAAAATAAATGCATAATATTATATTTGATAGTAATAAATACTATTCTCCAGAAAAATAAAATGTGGTAAGGAGATAGAGATTGAGTG,918582071ba1f1adee98f4594197fbdcb983fe5bbc9dd58c110a2a0e9b70adce,0.0,GAGTACCATCTAAATGTTGTAAACTCTGCACTGGGCACCATGGATATAGTAGTGAATAAGACGGACAAAATCCCTGTCCTTGTGAAGCTACATCCTACTGGAAGAGCTAGACTAAAAATAAATGCATAATATTATATTTGATAGTAATAAATACTATTCTCCAGAAAAATAAAATGTGGTAAGGAGATAGAGATTGAGTG,c5b098f144145a3ec14eb679030e847ac6556997a6c0c8b0f09981006004e23f,0.0320439334382684,GAGTACCATCTAAATGTTGTAAACTCTGCACTGGGCACCATGGATATAGTAGTGAATAAGACGGACAAAATCCCTGTCCTTGTGAAGCTACATCCTACTAGAAGAGCTAGACTAAAAATAAATGCATAATATTATATTTGATAGTAGTAAATACTATTCTCCAGAAAAATAAAATGTGGTAAGGAGATAGAGATTGAGTG,78d51a99e8ad01079bb707fd0f61dc66d97caf9c6e3c2f6abe8abdaf0407d80a,0.0356780707961378,GAGTACCATCTAAATGTTGTAAACTCTGCACTGGGCACCATGGATATAGTAGTGAATAAGACGGACAAAATCCCTGTCCTTGTGAAGCTACATCCTACTGGAAGAGCTAGACTAAAAATAAATGCATAATATTATATTTGATAGTAGTAAATACTATTCTCCAGAAAAATAAAATGTGGTAAGGAGATAGAGATTGAGTG,6ca6ef577efec24c795de182210851dac271dba9c4368df741791ce7c2cec83e,0.176347529895344,-0.1086255256609378,0.299778471911586,-199.91749368980527,-198.9954064190388,-199.78958171606064,-198.4553663432598,-0.41212810203433037,1.0,-0.1086255256609378,0.0,2,0.1745943765321952,0.17490732828716207,0.146091925319964,0.13812333867241577,1.0
chr2:38153462:G:C;chr2:38153486:T:A;var1;middle;OL41|K562|fda0417c6ac67397,chr2:38153462:G:C;chr2:38153486:T:A;var1;middle;OL41,K562,K562_region_01240,100,124,24,TGAATATCTGTGCTAGATTTATGGTGAAAGCATTATAATTAATTTAGTAAAGCATAATTTCTACATCAAAAAATTAATTTTAAATAAAACTAGAACATGGAAATGAAATGTTTCTTCAGACATTTCTTCAGAAAACATTTCATATTCTATTTTCTTTAGAGTCAACATTTTGATGTCATTTTAGAATACTTGATTCTCAT,afafe916602f10c588718d4bf20113a9dbd9bcf372662c44b1ca6e21457f180a,0.0,TGAATATCTGTGCTAGATTTATGGTGAAAGCATTATAATTAATTTAGTAAAGCATAATTTCTACATCAAAAAATTAATTTTAAATAAAACTAGAACATGCAAATGAAATGTTTCTTCAGACATTTCTTCAGAAAACATTTCATATTCTATTTTCTTTAGAGTCAACATTTTGATGTCATTTTAGAATACTTGATTCTCAT,87a1d34faa5adebe48d44214a9abf46e9a2d519b0c51aabe43a0db02a0680f8d,0.693960777521803,TGAATATCTGTGCTAGATTTATGGTGAAAGCATTATAATTAATTTAGTAAAGCATAATTTCTACATCAAAAAATTAATTTTAAATAAAACTAGAACATGGAAATGAAATGTTTCTTCAGACATATCTTCAGAAAACATTTCATATTCTATTTTCTTTAGAGTCAACATTTTGATGTCATTTTAGAATACTTGATTCTCAT,2ce8f3ef8818c0a557f2e1110685e3cef95ed2b9ce35d2f8ad0f3a88a098614f,0.444484604667262,TGAATATCTGTGCTAGATTTATGGTGAAAGCATTATAATTAATTTAGTAAAGCATAATTTCTACATCAAAAAATTAATTTTAAATAAAACTAGAACATGCAAATGAAATGTTTCTTCAGACATATCTTCAGAAAACATTTCATATTCTATTTTCTTTAGAGTCAACATTTTGATGTCATTTTAGAATACTTGATTCTCAT,fda0417c6ac673978894cb4408ccd8e6dcfa777da862a03c66885c4c4dfa7a46,0.630525150773414,0.507920231415651,0.529385419635869,-319.1148375431076,-334.6678601554595,-335.5477985423058,-351.9081850121729,0.8073638575152131,1.0,0.507920231415651,0.0,0,0.18681302285461235,0.18565657667894103,0.15145376406925343,0.3778684434637673,1.0
chr2:38893660:A:G;chr2:38893677:G:A;var1;middle;OL41|K562|95b53f1257d7ca02,chr2:38893660:A:G;chr2:38893677:G:A;var1;middle;OL41,K562,K562_region_01241,100,117,17,CGGGCCACTTGCAATGCGAGGGACCAAGGGGGAAAGTCGCCTAGCTTGGGACCGTCTGACTTGCAAGCGCATGCATCATAGAGGGCCGTGTGGCCATCCAGCATTTGGGAAAAACTGTAATAAATAAACTATGGCAGTTGGCCTCTGGTTATCCGTTCAGGCTTTGCCCCAGTTAACGTAAAAGGTCAGCTGATGGTATG,bb898a97f10eaf90516469a120a82b29f768e939e9f692c92b5c1676445a7f69,0.0,CGGGCCACTTGCAATGCGAGGGACCAAGGGGGAAAGTCGCCTAGCTTGGGACCGTCTGACTTGCAAGCGCATGCATCATAGAGGGCCGTGTGGCCATCCGGCATTTGGGAAAAACTGTAATAAATAAACTATGGCAGTTGGCCTCTGGTTATCCGTTCAGGCTTTGCCCCAGTTAACGTAAAAGGTCAGCTGATGGTATG,4ef67c31ce2cc3da2259e7bd5ffe4dc88faf8a7055341f5b3c5138be73216e9c,0.0908358645110672,CGGGCCACTTGCAATGCGAGGGACCAAGGGGGAAAGTCGCCTAGCTTGGGACCGTCTGACTTGCAAGCGCATGCATCATAGAGGGCCGTGTGGCCATCCAGCATTTGGGAAAAACTATAATAAATAAACTATGGCAGTTGGCCTCTGGTTATCCGTTCAGGCTTTGCCCCAGTTAACGTAAAAGGTCAGCTGATGGTATG,c21a3d98db880164f80aeed2667e7eee811df13c4f2346a7ad66ad481938978c,0.275135390514893,CGGGCCACTTGCAATGCGAGGGACCAAGGGGGAAAGTCGCCTAGCTTGGGACCGTCTGACTTGCAAGCGCATGCATCATAGAGGGCCGTGTGGCCATCCGGCATTTGGGAAAAACTATAATAAATAAACTATGGCAGTTGGCCTCTGGTTATCCGTTCAGGCTTTGCCCCAGTTAACGTAAAAGGTCAGCTGATGGTATG,95b53f1257d7ca0279297c59721b26e4566e918c2ff4cbb81e0ff2e0997905fe,0.0369677267743764,0.3290035282515837,0.300001519902777,-363.2324521688279,-361.8846535121557,-366.3091945347842,-365.70113776344806,0.739741885336116,1.0,0.3290035282515837,0.0,4,0.17711617074285055,0.17620727786206916,0.145609630836647,0.33861228355132894,1.0
chr2:38893950:C:T;chr2:38893973:C:G;var1;middle;OL41|K562|4b10c8641029c391,chr2:38893950:C:T;chr2:38893973:C:G;var1;middle;OL41,K562,K562_region_01242,100,123,23,AAGAGGGGGTGTGGCTCCCACTTCTTCCCTTCTGAAGAAGGAAATTCAAATACTTGCCTCTTCTACTTCCTTCTTCCTTGATCAGATTCTCTTTGAGGCCTGGTTGTCTCAGAAATGCTCCACTAAGCTCAGTGGTTGCCTAGTACACCAGCTACCCAATAACCATTTAGGAACAAAATAGAGAAGACCAACTCAGTGTC,3e61b762a4560dd731eb999584fb14e2195b307e46f7e0f0274d1f5d1bb323cc,0.0,AAGAGGGGGTGTGGCTCCCACTTCTTCCCTTCTGAAGAAGGAAATTCAAATACTTGCCTCTTCTACTTCCTTCTTCCTTGATCAGATTCTCTTTGAGGCTTGGTTGTCTCAGAAATGCTCCACTAAGCTCAGTGGTTGCCTAGTACACCAGCTACCCAATAACCATTTAGGAACAAAATAGAGAAGACCAACTCAGTGTC,739f42f468fd63e5e2fac7765900b541524cf2b1f44a6037fb41732899536e57,-0.0285257118613095,AAGAGGGGGTGTGGCTCCCACTTCTTCCCTTCTGAAGAAGGAAATTCAAATACTTGCCTCTTCTACTTCCTTCTTCCTTGATCAGATTCTCTTTGAGGCCTGGTTGTCTCAGAAATGCTCCAGTAAGCTCAGTGGTTGCCTAGTACACCAGCTACCCAATAACCATTTAGGAACAAAATAGAGAAGACCAACTCAGTGTC,92da410d59141f8132d88a5419d52b8a26cb8ee196615ed4c7de1ea339c2790e,0.0854882440446987,AAGAGGGGGTGTGGCTCCCACTTCTTCCCTTCTGAAGAAGGAAATTCAAATACTTGCCTCTTCTACTTCCTTCTTCCTTGATCAGATTCTCTTTGAGGCTTGGTTGTCTCAGAAATGCTCCAGTAAGCTCAGTGGTTGCCTAGTACACCAGCTACCCAATAACCATTTAGGAACAAAATAGAGAAGACCAACTCAGTGTC,4b10c8641029c391ba1fd11e28003870d343d1adb1ad03fe23947c5d5a26da92,0.0016145420964165,-0.0553479900869726,0.216211227971873,-297.969884111546,-295.6193045619875,-295.3115777561907,-291.8864449688699,1.0745532377623022,-1.0,0.0553479900869726,0.0,3,0.18363734518330158,0.18106719778262317,0.1474303780702046,0.1059790280267718,1.0
chr2:42149319:G:T;chr2:42149344:C:T;var1;middle;OL41|K562|d1e45e7dc42b6568,chr2:42149319:G:T;chr2:42149344:C:T;var1;middle;OL41,K562,K562_region_01243,100,125,25,TTTTTAAATTAAAGACCTATTTTAATATAGCGAACTAATACCAAGGGCTGGTGACAAAGGGAACTTTACCTTGACGCCGATTATTCTTACAGGCTTAGAGTTGGGGTATGAACCACCAAGAAAGCGAGCCTAGAAGTACTGGGCTGCAGGCAAGATGACAAAGACTGAGAATCAAAGCACTCTAATCCTCTGAGTTCATG,8153db0cd47ea85b763fa0f7d3ebcc6985f59f5b39fb4520e3bda4a6cdd4a402,0.0,TTTTTAAATTAAAGACCTATTTTAATATAGCGAACTAATACCAAGGGCTGGTGACAAAGGGAACTTTACCTTGACGCCGATTATTCTTACAGGCTTAGATTTGGGGTATGAACCACCAAGAAAGCGAGCCTAGAAGTACTGGGCTGCAGGCAAGATGACAAAGACTGAGAATCAAAGCACTCTAATCCTCTGAGTTCATG,098da27837d843044b17b414110a110dcb3bdc4a49a8f264c496e40e479a67ea,-0.0123140817749285,TTTTTAAATTAAAGACCTATTTTAATATAGCGAACTAATACCAAGGGCTGGTGACAAAGGGAACTTTACCTTGACGCCGATTATTCTTACAGGCTTAGAGTTGGGGTATGAACCACCAAGAAAGTGAGCCTAGAAGTACTGGGCTGCAGGCAAGATGACAAAGACTGAGAATCAAAGCACTCTAATCCTCTGAGTTCATG,c20672127bfaa68f11643ef6665a5bb4604a953cca5122d5ace49b1e9fafee68,0.269738360213006,TTTTTAAATTAAAGACCTATTTTAATATAGCGAACTAATACCAAGGGCTGGTGACAAAGGGAACTTTACCTTGACGCCGATTATTCTTACAGGCTTAGATTTGGGGTATGAACCACCAAGAAAGTGAGCCTAGAAGTACTGGGCTGCAGGCAAGATGACAAAGACTGAGAATCAAAGCACTCTAATCCTCTGAGTTCATG,d1e45e7dc42b6568cf6692147040251c6e793687b5f44ef79f35abed72539194,0.220077600141498,-0.0373466782965795,0.292149365947732,-402.8468194180168,-395.7758391918615,-394.0046187546104,-387.2192539330572,-0.2856154046021402,-1.0,0.0373466782965795,0.0,4,0.17584533131250923,0.17620727786206916,0.145609630836647,0.15407338777474816,1.0
chr2:42167183:G:A;chr2:42167256:G:A;var1;middle;OL41|K562|de93f965edcf7a9b,chr2:42167183:G:A;chr2:42167256:G:A;var1;middle;OL41,K562,K562_region_01244,100,173,73,TTTTACCAGAAGGAAACTGAGGCTCAGAAGGGTTAAGTGTCTGGCCCAAGGTCACACAGCTCCTAATGGGAGACACAGGGTAAAAAACCAGCTCTGCCCGTATGGAGTGGGGGTGAGGACACAGTCTTACTCCACCCCCAGAATGTAAGACTCCCCTTCCCCTGGCCTCTCTGCACATTTAATTTACACTTTGCTGCTGG,a8c0d18868332f118e6fd17ce75a34ee40aae1a0f0c857821bac3c7458e48bdc,0.0,TTTTACCAGAAGGAAACTGAGGCTCAGAAGGGTTAAGTGTCTGGCCCAAGGTCACACAGCTCCTAATGGGAGACACAGGGTAAAAAACCAGCTCTGCCCATATGGAGTGGGGGTGAGGACACAGTCTTACTCCACCCCCAGAATGTAAGACTCCCCTTCCCCTGGCCTCTCTGCACATTTAATTTACACTTTGCTGCTGG,27edc2375aefc30ae7af51bc6c80aac04405ab9ba6b647fa01347b1da5825a73,0.371196861161664,TTTTACCAGAAGGAAACTGAGGCTCAGAAGGGTTAAGTGTCTGGCCCAAGGTCACACAGCTCCTAATGGGAGACACAGGGTAAAAAACCAGCTCTGCCCGTATGGAGTGGGGGTGAGGACACAGTCTTACTCCACCCCCAGAATGTAAGACTCCCCTTCCCCTGGCCTCTCTACACATTTAATTTACACTTTGCTGCTGG,20deedb2833e5f7aebb3cff47b10c6e1ab3640aeb0044c6eda350af4d147d0bb,-0.113630957193145,TTTTACCAGAAGGAAACTGAGGCTCAGAAGGGTTAAGTGTCTGGCCCAAGGTCACACAGCTCCTAATGGGAGACACAGGGTAAAAAACCAGCTCTGCCCATATGGAGTGGGGGTGAGGACACAGTCTTACTCCACCCCCAGAATGTAAGACTCCCCTTCCCCTGGCCTCTCTACACATTTAATTTACACTTTGCTGCTGG,de93f965edcf7a9b96738e18102eb7865138ea57a38e52ee59146010c7f2c9fe,-0.21319483102077,0.4707607349892889,0.389512995583069,-201.4747750274837,-196.82525929622352,-203.6388662345708,-198.96824442967767,-0.02110607363295003,1.0,0.4707607349892889,0.0,3,0.18143048418205768,0.18106719778262317,0.1474303780702046,0.2954224320939724,1.0
chr2:42997950:T:C;chr2:42998032:C:G;var1;middle;OL41|K562|bf79a697c6180cc4,chr2:42997950:T:C;chr2:42998032:C:G;var1;middle;OL41,K562,K562_region_01245,100,182,82,CCCTAGTGGTCACTGGTCACTTAACACCTTGCTCTTCAGAAGCACACGTGCGCCCCCTGAGAGGGCTACTATCCCGAGAATTCACACGGCTCTCTCCGGTTCCCAAAACTAGACCCAAACTGGTTCCCAAAACTAGACAAAGCAGATAGAACTCTGAGACTCACAGAAGCTGAGCAATTTGCCAAGGATTACACAGCCTG,c06849af6e34836c63dfae1c42b5c7687ea2268a26a65bcdbe5fea08efb1a3cc,0.0,CCCTAGTGGTCACTGGTCACTTAACACCTTGCTCTTCAGAAGCACACGTGCGCCCCCTGAGAGGGCTACTATCCCGAGAATTCACACGGCTCTCTCCGGCTCCCAAAACTAGACCCAAACTGGTTCCCAAAACTAGACAAAGCAGATAGAACTCTGAGACTCACAGAAGCTGAGCAATTTGCCAAGGATTACACAGCCTG,83cbacba821a54dce70bb26350827abca355408987bad6cd0fb0ceda4a11b66d,0.344084136324425,CCCTAGTGGTCACTGGTCACTTAACACCTTGCTCTTCAGAAGCACACGTGCGCCCCCTGAGAGGGCTACTATCCCGAGAATTCACACGGCTCTCTCCGGTTCCCAAAACTAGACCCAAACTGGTTCCCAAAACTAGACAAAGCAGATAGAACTCTGAGACTCACAGAAGCTGAGCAATTTGGCAAGGATTACACAGCCTG,ea1537084db5c4865b4738354b39a65ae5733a16781ee5d843a11a4b77831785,0.359761545396656,CCCTAGTGGTCACTGGTCACTTAACACCTTGCTCTTCAGAAGCACACGTGCGCCCCCTGAGAGGGCTACTATCCCGAGAATTCACACGGCTCTCTCCGGCTCCCAAAACTAGACCCAAACTGGTTCCCAAAACTAGACAAAGCAGATAGAACTCTGAGACTCACAGAAGCTGAGCAATTTGGCAAGGATTACACAGCCTG,bf79a697c6180cc418440842fdc8eed83b294935d1abe663c8cbacd4a4e74162,0.646443707315866,0.0574019744052149,0.350871899695104,-275.3781247457955,-275.22252803924493,-282.6020013424568,-282.852154398337,0.4057497624307871,1.0,0.0574019744052149,0.0,1,0.18277798565831246,0.18216460459877223,0.1501433469024087,0.18693575000248205,1.0
chr2:42998032:C:G;chr2:42998088:A:G;var1;middle;OL41|K562|01418e57d9d995fd,chr2:42998032:C:G;chr2:42998088:A:G;var1;middle;OL41,K562,K562_region_01245,100,156,56,CACACGGCTCTCTCCGGTTCCCAAAACTAGACCCAAACTGGTTCCCAAAACTAGACAAAGCAGATAGAACTCTGAGACTCACAGAAGCTGAGCAATTTGCCAAGGATTACACAGCCTGTAAGTGGCGGAAGCAGGCCAGTCTCAAGACAATCTTAAAAACTTAGAGAGCATCTAATCGCAGTTCTTTTGTTTTTCGCAAA,47ce1f36dae8fead47bc57a1715fe6e2c75094cb5ca9ead76a209a662ebd7ef9,0.0,CACACGGCTCTCTCCGGTTCCCAAAACTAGACCCAAACTGGTTCCCAAAACTAGACAAAGCAGATAGAACTCTGAGACTCACAGAAGCTGAGCAATTTGGCAAGGATTACACAGCCTGTAAGTGGCGGAAGCAGGCCAGTCTCAAGACAATCTTAAAAACTTAGAGAGCATCTAATCGCAGTTCTTTTGTTTTTCGCAAA,b2c92aefa4b79f401e76369f92b5d5fbafda8accfea2a2a99a2108f7515c0a48,0.573794416259822,CACACGGCTCTCTCCGGTTCCCAAAACTAGACCCAAACTGGTTCCCAAAACTAGACAAAGCAGATAGAACTCTGAGACTCACAGAAGCTGAGCAATTTGCCAAGGATTACACAGCCTGTAAGTGGCGGAAGCAGGCCAGTCTCAAGACAATCTTAGAAACTTAGAGAGCATCTAATCGCAGTTCTTTTGTTTTTCGCAAA,eb650de7107d5dc00954e4d95bbfbbb6778f10462540009c850ec7a1221f0f4a,0.0308270091568524,CACACGGCTCTCTCCGGTTCCCAAAACTAGACCCAAACTGGTTCCCAAAACTAGACAAAGCAGATAGAACTCTGAGACTCACAGAAGCTGAGCAATTTGGCAAGGATTACACAGCCTGTAAGTGGCGGAAGCAGGCCAGTCTCAAGACAATCTTAGAAACTTAGAGAGCATCTAATCGCAGTTCTTTTGTTTTTCGCAAA,01418e57d9d995fd8af16ef95fb1f260a1f280e46b39346e37eff0484d387b43,0.172077580640164,0.4325438447765104,0.2698174131102,-270.44443438760936,-274.4315130857285,-267.0940802299883,-270.3004508356098,-0.7807080924976617,1.0,0.4325438447765104,0.0,1,0.18157083613318992,0.18216460459877223,0.1501433469024087,0.11772152100722744,1.0
chr2:43254399:G:T;chr2:43254426:T:C;var1;middle;OL32|K562|973330d225cab0ae,chr2:43254399:G:T;chr2:43254426:T:C;var1;middle;OL32,K562,K562_region_01246,100,127,27,GCCTCACATCTGGGATAAGGCTGGAAATTCCAATGGCTCTCGGCTGCTAAGAAATGTGTTGAATCTTCCCAGAGATTTGGTGGAAGTGGGAAGCATTGTGTGGTAGGGGTGGGGCCACTCCCGCCATAGGACTCCCAGAGCTCTGGGGAAGTCCAGATGGCACAATGTGTCCACAGTGGCTGTGTTGGTTCCCCCCACCC,e6d2940f2c100a97e0e10a5628493bcbc33645195906c1c59cd5166f8dd41585,0.0,GCCTCACATCTGGGATAAGGCTGGAAATTCCAATGGCTCTCGGCTGCTAAGAAATGTGTTGAATCTTCCCAGAGATTTGGTGGAAGTGGGAAGCATTGTTTGGTAGGGGTGGGGCCACTCCCGCCATAGGACTCCCAGAGCTCTGGGGAAGTCCAGATGGCACAATGTGTCCACAGTGGCTGTGTTGGTTCCCCCCACCC,4d42d3ee2a75984ccfacba3b9df4ae7a76297f9c17168e36292e089947be9fe0,-0.234260477138803,GCCTCACATCTGGGATAAGGCTGGAAATTCCAATGGCTCTCGGCTGCTAAGAAATGTGTTGAATCTTCCCAGAGATTTGGTGGAAGTGGGAAGCATTGTGTGGTAGGGGTGGGGCCACTCCCGCCACAGGACTCCCAGAGCTCTGGGGAAGTCCAGATGGCACAATGTGTCCACAGTGGCTGTGTTGGTTCCCCCCACCC,5fcffd0b5088d1247f2303ff2a63860b3dc90ab0b814020e44f3e69100600590,-0.0932622442685637,GCCTCACATCTGGGATAAGGCTGGAAATTCCAATGGCTCTCGGCTGCTAAGAAATGTGTTGAATCTTCCCAGAGATTTGGTGGAAGTGGGAAGCATTGTTTGGTAGGGGTGGGGCCACTCCCGCCACAGGACTCCCAGAGCTCTGGGGAAGTCCAGATGGCACAATGTGTCCACAGTGGCTGTGTTGGTTCCCCCCACCC,973330d225cab0ae7293f6cccb0a79f4abd3f9395b4625020c8c316e6707c28a,-0.0435815551374106,0.2839411662699561,0.188224141717505,-384.2022889727377,-391.34339961525984,-372.7071891068481,-383.4072687621229,-3.558969012752641,-1.0,-0.2839411662699561,0.0,0,0.1812049555511135,0.18565657667894103,0.15145376406925343,0.4015715796190543,1.0
chr2:43254426:T:C;chr2:43254496:A:G;var1;middle;OL32|K562|4c52aa810a2b200b,chr2:43254426:T:C;chr2:43254496:A:G;var1;middle;OL32,K562,K562_region_01246,100,170,70,TTCCAATGGCTCTCGGCTGCTAAGAAATGTGTTGAATCTTCCCAGAGATTTGGTGGAAGTGGGAAGCATTGTGTGGTAGGGGTGGGGCCACTCCCGCCATAGGACTCCCAGAGCTCTGGGGAAGTCCAGATGGCACAATGTGTCCACAGTGGCTGTGTTGGTTCCCCCCACCCCCTCTGCCTAGCTCCCCGCCCGCTGAA,8c87ac547409814b47c700d989d2ada8d9a0db5da4c4dd67893f1365688debf0,0.0,TTCCAATGGCTCTCGGCTGCTAAGAAATGTGTTGAATCTTCCCAGAGATTTGGTGGAAGTGGGAAGCATTGTGTGGTAGGGGTGGGGCCACTCCCGCCACAGGACTCCCAGAGCTCTGGGGAAGTCCAGATGGCACAATGTGTCCACAGTGGCTGTGTTGGTTCCCCCCACCCCCTCTGCCTAGCTCCCCGCCCGCTGAA,d6e18e3c4fe3dd6f5619043e7dd5d0ed3feec35daab609ddb75f3edd3ab56c83,-0.113336424798392,TTCCAATGGCTCTCGGCTGCTAAGAAATGTGTTGAATCTTCCCAGAGATTTGGTGGAAGTGGGAAGCATTGTGTGGTAGGGGTGGGGCCACTCCCGCCATAGGACTCCCAGAGCTCTGGGGAAGTCCAGATGGCACAATGTGTCCACAGTGGCTGTGTTGGTTCCCCCCGCCCCCTCTGCCTAGCTCCCCGCCCGCTGAA,ac255bad8a531cb031cedcd0ee6dd348c7a94e6914b4ee7c3935d50f7b2aed24,0.659997459057442,TTCCAATGGCTCTCGGCTGCTAAGAAATGTGTTGAATCTTCCCAGAGATTTGGTGGAAGTGGGAAGCATTGTGTGGTAGGGGTGGGGCCACTCCCGCCACAGGACTCCCAGAGCTCTGGGGAAGTCCAGATGGCACAATGTGTCCACAGTGGCTGTGTTGGTTCCCCCCGCCCCCTCTGCCTAGCTCCCCGCCCGCTGAA,4c52aa810a2b200b9a6cc90f3f5ea7abb320ecca4141ca266fa0607e5b323dd8,0.258461821933585,-0.2881992123254649,0.21717427562086,-285.9457123456523,-283.0667313756421,-286.6324807824567,-283.423336585518,0.3301632269285619,-1.0,0.2881992123254649,0.0,0,0.18620011189864166,0.18565657667894103,0.15145376406925343,0.264149076693745,1.0
chr2:43424666:G:C;chr2:43424704:A:G;var1;middle;OL27|K562|52c1eefff8f52596,chr2:43424666:G:C;chr2:43424704:A:G;var1;middle;OL27,K562,K562_region_01247,100,138,38,CTCTCTTTCTCTCCCACACGCACTCTCACTCATTCACACAAACTCACAAATTTTGATGACTCAGGCAAAGCAGAGAGGAGGGAAGCAACACTTAAAGCCGAAATTGGCTTTAACTGGGGATGCTCACATTTCTATTTACATCTCTTTTGCATGTATTTGCATAGACTGTTTTTGGACCATTCTCCATGTCCCTAAGGGCA,32b973205d10fb4320a1b4e8c76478066563afc2f12b306f58cda8548305d6f9,0.0,CTCTCTTTCTCTCCCACACGCACTCTCACTCATTCACACAAACTCACAAATTTTGATGACTCAGGCAAAGCAGAGAGGAGGGAAGCAACACTTAAAGCCCAAATTGGCTTTAACTGGGGATGCTCACATTTCTATTTACATCTCTTTTGCATGTATTTGCATAGACTGTTTTTGGACCATTCTCCATGTCCCTAAGGGCA,de2c0fcefe495280980d1abe2e585a3c29ddfd379e1cefcf361a0eed0abf76fe,0.0099134594349929,CTCTCTTTCTCTCCCACACGCACTCTCACTCATTCACACAAACTCACAAATTTTGATGACTCAGGCAAAGCAGAGAGGAGGGAAGCAACACTTAAAGCCGAAATTGGCTTTAACTGGGGATGCTCACATTTCTATTTGCATCTCTTTTGCATGTATTTGCATAGACTGTTTTTGGACCATTCTCCATGTCCCTAAGGGCA,e52e2f86a0842160f9fa3eacdd968cfdd81eaac866cc943234867309e4e91160,0.355579540226355,CTCTCTTTCTCTCCCACACGCACTCTCACTCATTCACACAAACTCACAAATTTTGATGACTCAGGCAAAGCAGAGAGGAGGGAAGCAACACTTAAAGCCCAAATTGGCTTTAACTGGGGATGCTCACATTTCTATTTGCATCTCTTTTGCATGTATTTGCATAGACTGTTTTTGGACCATTCTCCATGTCCCTAAGGGCA,52c1eefff8f525960fe3c5887b8cc53aa97b7308aab466a9f98ac00c53bd8c6e,0.224358714162816,0.1411342854985319,0.142875810125098,-277.82655544253066,-284.154785215389,-247.9508483405225,-252.66619538329545,-1.6128827300853743,1.0,0.1411342854985319,0.0,3,0.17822435086189095,0.18106719778262317,0.1474303780702046,0.2578748074821845,1.0
chr2:43432927:T:G;chr2:43432993:C:T;var1;middle;OL27|K562|3b94321b806cdd67,chr2:43432927:T:G;chr2:43432993:C:T;var1;middle;OL27,K562,K562_region_01248,100,166,66,CTCAGCCTCCCAAGTAGCTGGGACTACAGGCACGTACCACCATGCCCAGCTAATTTTTCTATTTTTAGTAGAGACGGGGTTTCTCCATGTTGCCCAGGCTGGTCTCAAACTCCTGGGCTCAAGCGATTCTCCCACCTCAGCCTCCCAGAGTGCTGGGATTATAGGCGTGAGCCACTGTGCCCGGCTGGAGGTAGAAATTT,a1a5f663b00385ee35710450727b3943bb5bf61b931b296b38365b4427143af8,0.0,CTCAGCCTCCCAAGTAGCTGGGACTACAGGCACGTACCACCATGCCCAGCTAATTTTTCTATTTTTAGTAGAGACGGGGTTTCTCCATGTTGCCCAGGCGGGTCTCAAACTCCTGGGCTCAAGCGATTCTCCCACCTCAGCCTCCCAGAGTGCTGGGATTATAGGCGTGAGCCACTGTGCCCGGCTGGAGGTAGAAATTT,a8dcae416d0622ebd85e2a74abf284e9a3568826f1b68170d0b7ca63b35ed06a,-0.101999541416306,CTCAGCCTCCCAAGTAGCTGGGACTACAGGCACGTACCACCATGCCCAGCTAATTTTTCTATTTTTAGTAGAGACGGGGTTTCTCCATGTTGCCCAGGCTGGTCTCAAACTCCTGGGCTCAAGCGATTCTCCCACCTCAGCCTCCCAGAGTGCTGGGATTATAGGTGTGAGCCACTGTGCCCGGCTGGAGGTAGAAATTT,7b297cacd093af0e0a4e12601809707201213dd6370a7ff3ac62a531404ddf5c,0.181426369032803,CTCAGCCTCCCAAGTAGCTGGGACTACAGGCACGTACCACCATGCCCAGCTAATTTTTCTATTTTTAGTAGAGACGGGGTTTCTCCATGTTGCCCAGGCGGGTCTCAAACTCCTGGGCTCAAGCGATTCTCCCACCTCAGCCTCCCAGAGTGCTGGGATTATAGGTGTGAGCCACTGTGCCCGGCTGGAGGTAGAAATTT,3b94321b806cdd67ab6b7c2032127ba5a0e440013543f2835f23dc663b87713c,0.202527017762117,0.12310019014562,0.26270284377685,-70.00243519898504,-76.30001694895327,-69.38441704493016,-75.89162148348987,-0.20962268859148026,-1.0,-0.12310019014562,0.0,2,0.17488924078709886,0.17490732828716207,0.146091925319964,0.13763660449456433,1.0
chr2:44060832:T:C;chr2:44060849:A:C;var1;middle;OL31|K562|5832b7d9007470b5,chr2:44060832:T:C;chr2:44060849:A:C;var1;middle;OL31,K562,K562_region_01249,100,117,17,CAGGATGGTCACAATCTCCTGACCTCGTGATCTGCCCGCCTCAACCTCCCAAAGTGCTGGGATTACAGGCGTGAGCCACCGGGCCCAGCCCTTTATTTATTTATTTATTGAGATGGAGTCTCACTCTATTGCCCAGGCTGGAGTACAGTGGCAAGATCTCAGCTCACTGCAACCGCTGTCTCCCAGGTTCAAACAATTAT,f8cb209e01e7fbe2d1e88d31b8ed2949288764b48ab631596cb20c6a4087fb18,0.0,CAGGATGGTCACAATCTCCTGACCTCGTGATCTGCCCGCCTCAACCTCCCAAAGTGCTGGGATTACAGGCGTGAGCCACCGGGCCCAGCCCTTTATTTACTTATTTATTGAGATGGAGTCTCACTCTATTGCCCAGGCTGGAGTACAGTGGCAAGATCTCAGCTCACTGCAACCGCTGTCTCCCAGGTTCAAACAATTAT,902b392f5cd362dc6622bd601ac6a37b1558dddb826d4d625b7a4f90b162012b,-0.167636874113524,CAGGATGGTCACAATCTCCTGACCTCGTGATCTGCCCGCCTCAACCTCCCAAAGTGCTGGGATTACAGGCGTGAGCCACCGGGCCCAGCCCTTTATTTATTTATTTATTGAGATGGCGTCTCACTCTATTGCCCAGGCTGGAGTACAGTGGCAAGATCTCAGCTCACTGCAACCGCTGTCTCCCAGGTTCAAACAATTAT,b407fb99f562879373fd8647fe73fa6c913d84dbbc77d3390d44420f3e14aa46,-0.084803402593013,CAGGATGGTCACAATCTCCTGACCTCGTGATCTGCCCGCCTCAACCTCCCAAAGTGCTGGGATTACAGGCGTGAGCCACCGGGCCCAGCCCTTTATTTACTTATTTATTGAGATGGCGTCTCACTCTATTGCCCAGGCTGGAGTACAGTGGCAAGATCTCAGCTCACTGCAACCGCTGTCTCCCAGGTTCAAACAATTAT,5832b7d9007470b5cf78d2da252c3cc0fc9e761481ee389f7a256652c86090c9,0.0347538146195712,0.2871940913261082,0.293378272841264,-76.59518877090886,-80.59158079465851,-82.01340589905158,-85.94124350091442,0.06855442188680172,-1.0,-0.2871940913261082,0.0,4,0.17628429340402213,0.17620727786206916,0.145609630836647,0.1538610086726037,1.0
chr2:45192080:G:C;chr2:45192105:G:T;var1;middle;OL31|K562|965f005ab851b200,chr2:45192080:G:C;chr2:45192105:G:T;var1;middle;OL31,K562,K562_region_01250,100,125,25,GTGGAGGAGCCAGCTCCCCATGTCCTTGCCTCCCCAGTGCTCCAGCCTCCCTGCCTGGCTCAGCCGCCTCGGCAGATGCAGGCACCCCCTGCATTGTTTGCTGTCCTGAAGACGAGCAGCTGCCGCACTAATTGCCACCAGCAGGGGGGCCGGGCTGTGCTCGCACTCCTCCTGCCGATTAGGGGGCGACAGGGGGGCGG,f5f135196031a318f90d8e4e0d0a30e95c5dfaf487df0ce77f7e31c0106e4cf7,0.0,GTGGAGGAGCCAGCTCCCCATGTCCTTGCCTCCCCAGTGCTCCAGCCTCCCTGCCTGGCTCAGCCGCCTCGGCAGATGCAGGCACCCCCTGCATTGTTTCCTGTCCTGAAGACGAGCAGCTGCCGCACTAATTGCCACCAGCAGGGGGGCCGGGCTGTGCTCGCACTCCTCCTGCCGATTAGGGGGCGACAGGGGGGCGG,b501f4b9101614b6077c9856a6ecf32f73e61d1b254db6aa71254b52ec492ebc,0.0541190769729979,GTGGAGGAGCCAGCTCCCCATGTCCTTGCCTCCCCAGTGCTCCAGCCTCCCTGCCTGGCTCAGCCGCCTCGGCAGATGCAGGCACCCCCTGCATTGTTTGCTGTCCTGAAGACGAGCAGCTGCCTCACTAATTGCCACCAGCAGGGGGGCCGGGCTGTGCTCGCACTCCTCCTGCCGATTAGGGGGCGACAGGGGGGCGG,73e4feb1d7ef1df0fd722683b91ecc5dfa4d56aaa8f914230b1195367ca145ce,-0.366908741478537,GTGGAGGAGCCAGCTCCCCATGTCCTTGCCTCCCCAGTGCTCCAGCCTCCCTGCCTGGCTCAGCCGCCTCGGCAGATGCAGGCACCCCCTGCATTGTTTCCTGTCCTGAAGACGAGCAGCTGCCTCACTAATTGCCACCAGCAGGGGGGCCGGGCTGTGCTCGCACTCCTCCTGCCGATTAGGGGGCGACAGGGGGGCGG,965f005ab851b20081d0eb4c07db607afb53970b7e77cc933874b0b2b49d2b23,-0.277576755114189,0.0352129093913501,0.30217407064857,-302.9914582921192,-303.21892699273303,-276.30279037123546,-297.0628720000386,-20.532612928189337,-1.0,-0.0352129093913501,0.0,4,0.1507509734223469,0.17620727786206916,0.145609630836647,0.16074522515597972,1.0
chr2:45891708:G:A;chr2:45891733:A:G;var1;middle;OL28|K562|05d8f06dae3c427e,chr2:45891708:G:A;chr2:45891733:A:G;var1;middle;OL28,K562,K562_region_01251,100,125,25,TGTTTGGGGATTTTATTAGTAATAACCAACTGAAGGGTTGCCAGTAAAACCTTTCCAGTCCTTATGTCCCTCCCTCTTGGAAATGAATGAGCAACAGGAGTTGGGTTTGCTATATTCCAAGTGTACAGAACTACAATTTCACACTTGGTTCTTTTTAAACAGCTCCTAGGGTGGGAGGTGAGGGGAACATGGATTACCTT,2ad45b90227854495d1f703dceef4eb0bc3619f07726ce7d0bb880693d30f784,0.0,TGTTTGGGGATTTTATTAGTAATAACCAACTGAAGGGTTGCCAGTAAAACCTTTCCAGTCCTTATGTCCCTCCCTCTTGGAAATGAATGAGCAACAGGAATTGGGTTTGCTATATTCCAAGTGTACAGAACTACAATTTCACACTTGGTTCTTTTTAAACAGCTCCTAGGGTGGGAGGTGAGGGGAACATGGATTACCTT,3f20a79b9141156d4cf4f5e6382c641c25825069e2cedb3ce2e2771b94075b98,0.0902060403384135,TGTTTGGGGATTTTATTAGTAATAACCAACTGAAGGGTTGCCAGTAAAACCTTTCCAGTCCTTATGTCCCTCCCTCTTGGAAATGAATGAGCAACAGGAGTTGGGTTTGCTATATTCCAAGTGTGCAGAACTACAATTTCACACTTGGTTCTTTTTAAACAGCTCCTAGGGTGGGAGGTGAGGGGAACATGGATTACCTT,7b36ec915d5bc44a43f977c026bb904bb0f73fa33b26370b55925d0319f9a507,-0.0023565061158517,TGTTTGGGGATTTTATTAGTAATAACCAACTGAAGGGTTGCCAGTAAAACCTTTCCAGTCCTTATGTCCCTCCCTCTTGGAAATGAATGAGCAACAGGAATTGGGTTTGCTATATTCCAAGTGTGCAGAACTACAATTTCACACTTGGTTCTTTTTAAACAGCTCCTAGGGTGGGAGGTGAGGGGAACATGGATTACCTT,05d8f06dae3c427e5955389a89cbbece7b8ba581146c888cf87f9260d99b4993,-0.091602785120887,0.1794523193434488,0.141450450566312,-297.6023137301672,-295.8870060837362,-295.9200618879404,-295.038099530153,0.8333452886436135,1.0,0.1794523193434488,0.0,4,0.17723218386033127,0.17620727786206916,0.145609630836647,0.22858828385901409,1.0
chr2:46067440:T:C;chr2:46067445:T:G;var1;middle;OL28|K562|efa9345eeda3b4fc,chr2:46067440:T:C;chr2:46067445:T:G;var1;middle;OL28,K562,K562_region_01252,100,105,5,TTTTGCCGGCAGGGTTTAATAGGGATGATCTAATCTCTAAAAGGCATACATTATTTAAATTCCATGCTTTTAGGCAAGAGGGCCCCTGATATTTTTGACTTTTGTCAGGGAGAAGATTCTGGTTTGGCTCTATTCAGCAGAGCCGACTGTTGGTTTTCCTGTTTGTCATTCGCTGCAGGGGCTGGTGAGGGTCAGCACTA,1dcaf412f6c3504224d3ed09fdd19b4c5996786b384178b6bc634b02480f66e1,0.0,TTTTGCCGGCAGGGTTTAATAGGGATGATCTAATCTCTAAAAGGCATACATTATTTAAATTCCATGCTTTTAGGCAAGAGGGCCCCTGATATTTTTGACCTTTGTCAGGGAGAAGATTCTGGTTTGGCTCTATTCAGCAGAGCCGACTGTTGGTTTTCCTGTTTGTCATTCGCTGCAGGGGCTGGTGAGGGTCAGCACTA,363a4773a3bec0f345564bc5c805281c2fa8074129da63f9cd9fd2c750c8e89d,0.0529407201258326,TTTTGCCGGCAGGGTTTAATAGGGATGATCTAATCTCTAAAAGGCATACATTATTTAAATTCCATGCTTTTAGGCAAGAGGGCCCCTGATATTTTTGACTTTTGGCAGGGAGAAGATTCTGGTTTGGCTCTATTCAGCAGAGCCGACTGTTGGTTTTCCTGTTTGTCATTCGCTGCAGGGGCTGGTGAGGGTCAGCACTA,2a6288c3e647bbbb53df58a36ece4d86f02d5b31a1581ffe576a8d464f7dae4e,-0.0014055532280943,TTTTGCCGGCAGGGTTTAATAGGGATGATCTAATCTCTAAAAGGCATACATTATTTAAATTCCATGCTTTTAGGCAAGAGGGCCCCTGATATTTTTGACCTTTGGCAGGGAGAAGATTCTGGTTTGGCTCTATTCAGCAGAGCCGACTGTTGGTTTTCCTGTTTGTCATTCGCTGCAGGGGCTGGTGAGGGTCAGCACTA,efa9345eeda3b4fcc8b493ed30670c3677dd6c948642688ef16fb12ccbdfb780,0.0691281370580843,0.0175929701603459,0.159853004240109,-381.4549969716463,-385.5622796046082,-367.27185954572633,-370.13861786480993,1.240524313878268,-1.0,-0.0175929701603459,0.0,4,0.17773684615273794,0.17620727786206916,0.145609630836647,0.1320802072079502,1.0
chr2:46742729:C:A;chr2:46742757:G:A;var1;middle;OL41|K562|2ac79c7d00ea389c,chr2:46742729:C:A;chr2:46742757:G:A;var1;middle;OL41,K562,K562_region_01253,100,128,28,CCTTTGGAAGTTACACAAAAGAAAATGTGAAAAGAATTGAAGTATGTTGCCACCAGGGGTTGGGGGCAGGTATGGGGGAGTCAAACACAAGGAAGATAGCAAGAGAGGAAAAGAGAGACAAAAAGCCGTGAGACAAAAAACAAAAAACAACAGTTAACAAATAGCAACAGTCAGTCTTTCTCTATCAGTAATTACTTTAA,c9af09eb3305fd4e3dcb49203189960d2f7f2b1c559e1dba092335c3a2ef3224,0.0,CCTTTGGAAGTTACACAAAAGAAAATGTGAAAAGAATTGAAGTATGTTGCCACCAGGGGTTGGGGGCAGGTATGGGGGAGTCAAACACAAGGAAGATAGAAAGAGAGGAAAAGAGAGACAAAAAGCCGTGAGACAAAAAACAAAAAACAACAGTTAACAAATAGCAACAGTCAGTCTTTCTCTATCAGTAATTACTTTAA,389569eff1d6e190052aacf98ea52acf49a31f39d099745bf85fd7aa26bb6039,-0.0217313277142128,CCTTTGGAAGTTACACAAAAGAAAATGTGAAAAGAATTGAAGTATGTTGCCACCAGGGGTTGGGGGCAGGTATGGGGGAGTCAAACACAAGGAAGATAGCAAGAGAGGAAAAGAGAGACAAAAAGCCATGAGACAAAAAACAAAAAACAACAGTTAACAAATAGCAACAGTCAGTCTTTCTCTATCAGTAATTACTTTAA,5dd2fcc0d87905d482d8300ff25de98cd2923e5c929619e706e8cd1176aa3aaf,-0.286857587426424,CCTTTGGAAGTTACACAAAAGAAAATGTGAAAAGAATTGAAGTATGTTGCCACCAGGGGTTGGGGGCAGGTATGGGGGAGTCAAACACAAGGAAGATAGAAAGAGAGGAAAAGAGAGACAAAAAGCCATGAGACAAAAAACAAAAAACAACAGTTAACAAATAGCAACAGTCAGTCTTTCTCTATCAGTAATTACTTTAA,2ac79c7d00ea389c32423ee582626f89b094ee60bc9d84b936c85da50acadf5e,-0.084326848264385,0.2242620668762518,0.345176790364988,-299.40567122609355,-296.6109971862752,-288.8579834313132,-286.4570353508461,-0.3937259593512863,-1.0,-0.2242620668762518,0.0,3,0.18067995864412145,0.18106719778262317,0.1474303780702046,0.11179656822371357,1.0
chr2:46769095:C:T;chr2:46769135:T:C;var1;middle;OL41|K562|35c1484b93ba041a,chr2:46769095:C:T;chr2:46769135:T:C;var1;middle;OL41,K562,K562_region_01254,100,140,40,GCACTAGTGTGTATCAGTTCTCCGGGATTACAACGGAATACCTTTGAGGAACATTGGGGACCGAAAGGCGACCTCGGAGAATGTGGCCTCCAGGGGGAGCCCAGGTACATTTGCCGGGTCCGGAGCCGACGGGGTATCCTTTTTCTGGCTGGTGTGTGTGTGGAGGGGCGTGCTTCAGTGGTTCAACACGCTGTATCTCC,779d78cf8f7b38756a26dffa01b67267fea23ca0290f6e56829f253153283583,0.0,GCACTAGTGTGTATCAGTTCTCCGGGATTACAACGGAATACCTTTGAGGAACATTGGGGACCGAAAGGCGACCTCGGAGAATGTGGCCTCCAGGGGGAGTCCAGGTACATTTGCCGGGTCCGGAGCCGACGGGGTATCCTTTTTCTGGCTGGTGTGTGTGTGGAGGGGCGTGCTTCAGTGGTTCAACACGCTGTATCTCC,15fd7479de5d6706dcf593767ff226df04b82dd2f664c4768a438b77b91ffab8,-0.194566494997724,GCACTAGTGTGTATCAGTTCTCCGGGATTACAACGGAATACCTTTGAGGAACATTGGGGACCGAAAGGCGACCTCGGAGAATGTGGCCTCCAGGGGGAGCCCAGGTACATTTGCCGGGTCCGGAGCCGACGGGGTATCCCTTTTCTGGCTGGTGTGTGTGTGGAGGGGCGTGCTTCAGTGGTTCAACACGCTGTATCTCC,a732fd038c0aad8f71f0c5168337de7e8daa4a5996adcd2a80f225be2fedad0f,-0.183818153536499,GCACTAGTGTGTATCAGTTCTCCGGGATTACAACGGAATACCTTTGAGGAACATTGGGGACCGAAAGGCGACCTCGGAGAATGTGGCCTCCAGGGGGAGTCCAGGTACATTTGCCGGGTCCGGAGCCGACGGGGTATCCCTTTTCTGGCTGGTGTGTGTGTGGAGGGGCGTGCTTCAGTGGTTCAACACGCTGTATCTCC,35c1484b93ba041ae644b6b77e96816c5ae8db8597b8eba926a6b0b673efe2c9,-0.394483070089752,0.0160984215555289,0.164264947960773,-321.4355593053624,-336.8928211941384,-338.08160016080365,-345.427208021516,-8.11165402806364,1.0,0.0160984215555289,0.0,2,0.16338324426322612,0.17490732828716207,0.146091925319964,0.16384189064290638,1.0
chr2:47150575:T:C;chr2:47150626:A:G;var1;middle;OL41|K562|5f123cd0624b5ec5,chr2:47150575:T:C;chr2:47150626:A:G;var1;middle;OL41,K562,K562_region_01255,100,151,51,TCCAGTAAAGAGCTGTCATTCTGAATTACCTGGGGGCTGCCAGCCATCAGTCAACCATTAGCTTACAAGAAGACATCACTGTGGAGTCTTTAAGGATTGTAGGAGTTGTATGCTAGAAAACAGGGTCAAAGACCAAATATATATTTCACAATATCACAGAAGGTATAGGCCTTGGAGAGTCCTAGCCATATGTGAAAGTA,bc815154fb841de7c01cb2cbe9e50b452b8b0adb65fff61e40d9892031c5629c,0.0,TCCAGTAAAGAGCTGTCATTCTGAATTACCTGGGGGCTGCCAGCCATCAGTCAACCATTAGCTTACAAGAAGACATCACTGTGGAGTCTTTAAGGATTGCAGGAGTTGTATGCTAGAAAACAGGGTCAAAGACCAAATATATATTTCACAATATCACAGAAGGTATAGGCCTTGGAGAGTCCTAGCCATATGTGAAAGTA,29180e5f63144d910cfd2a91ed332998a985e76cc4f75a5d91b6ddb15026eebe,0.475353336097069,TCCAGTAAAGAGCTGTCATTCTGAATTACCTGGGGGCTGCCAGCCATCAGTCAACCATTAGCTTACAAGAAGACATCACTGTGGAGTCTTTAAGGATTGTAGGAGTTGTATGCTAGAAAACAGGGTCAAAGACCAAATATATATTTCACAGTATCACAGAAGGTATAGGCCTTGGAGAGTCCTAGCCATATGTGAAAGTA,d00c6a332193f2d3e023af809a9ee3dea27c78940b140549d14379ca57a0393e,0.096121090204733,TCCAGTAAAGAGCTGTCATTCTGAATTACCTGGGGGCTGCCAGCCATCAGTCAACCATTAGCTTACAAGAAGACATCACTGTGGAGTCTTTAAGGATTGCAGGAGTTGTATGCTAGAAAACAGGGTCAAAGACCAAATATATATTTCACAGTATCACAGAAGGTATAGGCCTTGGAGAGTCCTAGCCATATGTGAAAGTA,5f123cd0624b5ec500fd1ebc6f257de6d800c8d2d12fbeb0c06c00f641292660,-0.0953004402273903,0.6667748665291923,0.369337136862525,-415.4548238781281,-424.3158563973848,-412.8311271285638,-421.6239636344835,-0.0681960133370012,1.0,0.6667748665291923,0.0,0,0.18568846391009908,0.18565657667894103,0.15145376406925343,0.02619259548309888,1.0
chr2:48776192:C:T;chr2:48776217:A:G;var1;middle;OL41|K562|a44e30ac48328922,chr2:48776192:C:T;chr2:48776217:A:G;var1;middle;OL41,K562,K562_region_01256,100,125,25,TGAAGAAAAATGCCCAGAGAAGTTAGTGACTTGCTTAATTTACTGGCAGAGTCAATGAGCCCGGAACCCACATTTCTTGATTTCCCTCACCGCCTCTGTCTTGGAGATCACAGTGCATTTGCTAATAGCACTGGAGTCACAAAGAACAGCAAGCTGTTTTCCCTCTGTGTGGTCATTGTACCAAAAGAATTTATCCGGGA,817d935d4520176ce1f432ff91db893ed477a81657b6d4a04ecbd2d709ed7697,0.0,TGAAGAAAAATGCCCAGAGAAGTTAGTGACTTGCTTAATTTACTGGCAGAGTCAATGAGCCCGGAACCCACATTTCTTGATTTCCCTCACCGCCTCTGTTTTGGAGATCACAGTGCATTTGCTAATAGCACTGGAGTCACAAAGAACAGCAAGCTGTTTTCCCTCTGTGTGGTCATTGTACCAAAAGAATTTATCCGGGA,f1fb1ac5dbf104ada3799869e6fce5223383f5637af3aba9ff52d1a58e6ff79f,-0.160264323231576,TGAAGAAAAATGCCCAGAGAAGTTAGTGACTTGCTTAATTTACTGGCAGAGTCAATGAGCCCGGAACCCACATTTCTTGATTTCCCTCACCGCCTCTGTCTTGGAGATCACAGTGCATTTGCTAGTAGCACTGGAGTCACAAAGAACAGCAAGCTGTTTTCCCTCTGTGTGGTCATTGTACCAAAAGAATTTATCCGGGA,b5b450f3fc7d9ad82fe185ada30dd29526a53eb330f921c2a0ff587760238a71,0.318905024371592,TGAAGAAAAATGCCCAGAGAAGTTAGTGACTTGCTTAATTTACTGGCAGAGTCAATGAGCCCGGAACCCACATTTCTTGATTTCCCTCACCGCCTCTGTTTTGGAGATCACAGTGCATTTGCTAGTAGCACTGGAGTCACAAAGAACAGCAAGCTGTTTTCCCTCTGTGTGGTCATTGTACCAAAAGAATTTATCCGGGA,a44e30ac48328922fc3781e958efcebec1d801aefb1e8e35b196b74b8840ec50,-0.0113179741087474,-0.1699586752487634,0.390999097003996,-238.10337987542152,-237.75122428685427,-240.00361865758896,-239.60487148165703,0.046591587364673615,-1.0,0.1699586752487634,0.0,1,0.18241256381153217,0.18216460459877223,0.1501433469024087,0.13133863395410655,1.0
chr2:48954842:A:G;chr2:48954905:T:C;var1;middle;OL29|K562|62f5922d114e8778,chr2:48954842:A:G;chr2:48954905:T:C;var1;middle;OL29,K562,K562_region_01257,100,163,63,CTGCAGCTTTCCAGGTCTGGGATAGGACTGTCGTCTGTAATTGTAATGAGCCCAATGTGTGATTCTGCTTCTCAGCTAAGTCCAGACTATGTCTTTTGCACTTACTCATTATTTTGGATTTCTCTGTAATTGGTGAGTAGTCTCACTTCCCTGGCTACACTGTCATCTCATGGTGGACATTTATATTTTATCTCTTCTGT,8e08193686ff4dfa3e2f53a1c2d65ecaa66104204fe4d197d40cf70005b6425d,0.0,CTGCAGCTTTCCAGGTCTGGGATAGGACTGTCGTCTGTAATTGTAATGAGCCCAATGTGTGATTCTGCTTCTCAGCTAAGTCCAGACTATGTCTTTTGCGCTTACTCATTATTTTGGATTTCTCTGTAATTGGTGAGTAGTCTCACTTCCCTGGCTACACTGTCATCTCATGGTGGACATTTATATTTTATCTCTTCTGT,127f9c0b5bcb62767bd44ab06a425cceff31e0e656f56ce9dd422c4fcbbf900d,0.362067996009053,CTGCAGCTTTCCAGGTCTGGGATAGGACTGTCGTCTGTAATTGTAATGAGCCCAATGTGTGATTCTGCTTCTCAGCTAAGTCCAGACTATGTCTTTTGCACTTACTCATTATTTTGGATTTCTCTGTAATTGGTGAGTAGTCTCACTTCCCTGGCTACACTGCCATCTCATGGTGGACATTTATATTTTATCTCTTCTGT,339b4a7f04f846c42978a9c4cb87f0b5bbf2621230dc072056b3676198f8fe55,1.81102270708278,CTGCAGCTTTCCAGGTCTGGGATAGGACTGTCGTCTGTAATTGTAATGAGCCCAATGTGTGATTCTGCTTCTCAGCTAAGTCCAGACTATGTCTTTTGCGCTTACTCATTATTTTGGATTTCTCTGTAATTGGTGAGTAGTCTCACTTCCCTGGCTACACTGCCATCTCATGGTGGACATTTATATTTTATCTCTTCTGT,62f5922d114e877817e42257d955177d616d2c36bc80e19c2941e641b3dbd749,2.02053510018487,0.152555602906963,0.257921988629221,-382.4025711724535,-381.8601753883995,-382.78184438403696,-384.0565643559676,1.8171157559846733,1.0,0.152555602906963,0.0,0,0.18810993648321186,0.18565657667894103,0.15145376406925343,0.00013531424265419978,1.0
chr2:48958626:A:G;chr2:48958647:C:T;var1;middle;OL32|K562|644fb751b46f4499,chr2:48958626:A:G;chr2:48958647:C:T;var1;middle;OL32,K562,K562_region_01258,100,121,21,TGAGAGACAGAGACTTCAGAGTTCCCAAGAACTGGATTCAGGCTGAGGATTCTAACTTAAATCAATGAAGAGATGTGCCATGACTTATTCTTGGTCTTTATCAAAGAGTGTATAATTTTGCGGTTAAGACTGTGAACGTTGAGATTAGGCATACCTGGACGCAAATCTTCGCTGTCCCACTACTTGGCTATGTGATTCTA,565e66fb40f1932428b29cf4762510a3f96aababd2d5c7345f707a222ea24490,0.0,TGAGAGACAGAGACTTCAGAGTTCCCAAGAACTGGATTCAGGCTGAGGATTCTAACTTAAATCAATGAAGAGATGTGCCATGACTTATTCTTGGTCTTTGTCAAAGAGTGTATAATTTTGCGGTTAAGACTGTGAACGTTGAGATTAGGCATACCTGGACGCAAATCTTCGCTGTCCCACTACTTGGCTATGTGATTCTA,0dcd62e7c94f8b0665380f25fb43435b92b66ce2e0728a5ea89f88a5c5d2fe00,0.278636704064233,TGAGAGACAGAGACTTCAGAGTTCCCAAGAACTGGATTCAGGCTGAGGATTCTAACTTAAATCAATGAAGAGATGTGCCATGACTTATTCTTGGTCTTTATCAAAGAGTGTATAATTTTGTGGTTAAGACTGTGAACGTTGAGATTAGGCATACCTGGACGCAAATCTTCGCTGTCCCACTACTTGGCTATGTGATTCTA,ec542b57598967efa945995756f8c8fcd36b8fd264d6716c2ec150173cc9049b,0.051917336892811,TGAGAGACAGAGACTTCAGAGTTCCCAAGAACTGGATTCAGGCTGAGGATTCTAACTTAAATCAATGAAGAGATGTGCCATGACTTATTCTTGGTCTTTGTCAAAGAGTGTATAATTTTGTGGTTAAGACTGTGAACGTTGAGATTAGGCATACCTGGACGCAAATCTTCGCTGTCCCACTACTTGGCTATGTGATTCTA,644fb751b46f4499fface466278e28bfeedca8a2dadf8f45086ca8bf21fd5253,0.476736942742896,-0.146182901785852,0.253999493576189,-245.02657893300056,-244.75551918149,-239.402838177979,-239.0956350006163,-0.03614342585211716,1.0,-0.146182901785852,0.0,3,0.1814001961665867,0.18106719778262317,0.1474303780702046,0.0975811391903618,1.0
chr2:55324905:C:T;chr2:55324960:A:C;var1;middle;OL27|K562|5f22f818a811220c,chr2:55324905:C:T;chr2:55324960:A:C;var1;middle;OL27,K562,K562_region_01259,100,155,55,TAAACATTGGGAATATGAGAGACGGAATAGGTTGCTGGGAAAGATAATGAGCTCAGTTTTGGAACATGTTGACTTTGAAGTGAAATCCATAATGAAGAGCTGACACTTGAACAGGCTGTTCTGGAACTCAGGATAGAGGTCAGGGCTGGAGATAAGGATTTCTGAATCATTTGAATCACCAGTGTATAGGCAAGAGCAGG,3a646ca42a674f11efef7aa80efba592903c6fcb7159a0862449db87ed8fe387,0.0,TAAACATTGGGAATATGAGAGACGGAATAGGTTGCTGGGAAAGATAATGAGCTCAGTTTTGGAACATGTTGACTTTGAAGTGAAATCCATAATGAAGAGTTGACACTTGAACAGGCTGTTCTGGAACTCAGGATAGAGGTCAGGGCTGGAGATAAGGATTTCTGAATCATTTGAATCACCAGTGTATAGGCAAGAGCAGG,bfc500a1dbe152eecfd07bed39fd59d3d37062fbc3d2120653e137103b3f59b3,-0.0901127296273883,TAAACATTGGGAATATGAGAGACGGAATAGGTTGCTGGGAAAGATAATGAGCTCAGTTTTGGAACATGTTGACTTTGAAGTGAAATCCATAATGAAGAGCTGACACTTGAACAGGCTGTTCTGGAACTCAGGATAGAGGTCAGGGCTGGAGATACGGATTTCTGAATCATTTGAATCACCAGTGTATAGGCAAGAGCAGG,9688e037b50776cebaecf35deef1df84cccee2499e8a049c6e7aa225d83cdd59,-1.38411964987303,TAAACATTGGGAATATGAGAGACGGAATAGGTTGCTGGGAAAGATAATGAGCTCAGTTTTGGAACATGTTGACTTTGAAGTGAAATCCATAATGAAGAGTTGACACTTGAACAGGCTGTTCTGGAACTCAGGATAGAGGTCAGGGCTGGAGATACGGATTTCTGAATCATTTGAATCACCAGTGTATAGGCAAGAGCAGG,5f22f818a811220c1292c88973908e748037609ddf5ee9e14056a3c0fe5d2d44,-1.50075065062475,0.0265182711243319,0.112473682080119,-197.72850656881928,-200.54167385399344,-211.24935774877667,-209.6590238492936,-4.403501184657216,1.0,0.0265182711243319,0.0,1,0.17788486200216497,0.18216460459877223,0.1501433469024087,0.11287924166630327,1.0
chr2:5591695:T:C;chr2:5591729:C:T;var1;middle;OL29|K562|a3e8a695b7751436,chr2:5591695:T:C;chr2:5591729:C:T;var1;middle;OL29,K562,K562_region_01204,100,134,34,ATGTAAAGAATAAAGCAAGCGGTTAGTGAAAACAGAGAAAAGGAGTAATATTTCAACATAAGTAAACTTTTGAAATGAATATCTTGGGGTTGAGAGGATTGTCCCAATTCAAGGGCTTTACGTGAAGCCAGTGCCTGAAAGCGATCTGCCAGTAGTGCACCTAATGGTGTAAAAAGTAGTCTTGAAATACAGCTTCTCTA,621d033ebf544240979050691f86def4c6880e4efbf4c5f79024c6d1505fcdd2,0.0,ATGTAAAGAATAAAGCAAGCGGTTAGTGAAAACAGAGAAAAGGAGTAATATTTCAACATAAGTAAACTTTTGAAATGAATATCTTGGGGTTGAGAGGATCGTCCCAATTCAAGGGCTTTACGTGAAGCCAGTGCCTGAAAGCGATCTGCCAGTAGTGCACCTAATGGTGTAAAAAGTAGTCTTGAAATACAGCTTCTCTA,9afb7eb1db5320b3111d3e1159d5b68596ac93dcbd6572859ac8f51e3fb762d3,0.0492318081597324,ATGTAAAGAATAAAGCAAGCGGTTAGTGAAAACAGAGAAAAGGAGTAATATTTCAACATAAGTAAACTTTTGAAATGAATATCTTGGGGTTGAGAGGATTGTCCCAATTCAAGGGCTTTACGTGAAGCCAGTGTCTGAAAGCGATCTGCCAGTAGTGCACCTAATGGTGTAAAAAGTAGTCTTGAAATACAGCTTCTCTA,a8490f04dcb5314baa6d9d6c6dc4468f40ae3fc5887afc61c93c3356c8b96ffd,-0.768718422819588,ATGTAAAGAATAAAGCAAGCGGTTAGTGAAAACAGAGAAAAGGAGTAATATTTCAACATAAGTAAACTTTTGAAATGAATATCTTGGGGTTGAGAGGATCGTCCCAATTCAAGGGCTTTACGTGAAGCCAGTGTCTGAAAGCGATCTGCCAGTAGTGCACCTAATGGTGTAAAAAGTAGTCTTGAAATACAGCTTCTCTA,a3e8a695b7751436fe7f3bdddda2324f43105c04b98f20c4cfc43250a71a7bff,-0.738678358946416,-0.0191917442865603,0.16878412605084,-335.6725163664669,-343.52852685377,-338.7814904972911,-345.13792011141777,1.4995808731764555,-1.0,0.0191917442865603,0.0,4,0.1780579237843843,0.17620727786206916,0.145609630836647,0.11658493343501876,1.0
chr2:5978658:A:T;chr2:5978739:A:T;var1;middle;OL29|K562|f2535e5ddd61954d,chr2:5978658:A:T;chr2:5978739:A:T;var1;middle;OL29,K562,K562_region_01205,100,181,81,ACCTCATACATTTGAAAACTAAAGACTTTTCTCCCAAAGCTGGCTTCCTGCTGATTGATATCAAGGTCATTCATTATGCAAGATCATTAGTCACATCACATTACCTCTGCAATCAGGCTTTCGATCATCAGTTTTAAACTTGAAAAAAAAAAAAAGTACGTTTCTCAACAGGCCCAAATGAGATGGTAAATCTGCCTGGT,377d605084039a8186f2332fc3d05ae90995f72933037a4e9abb17a50e7c950e,0.0,ACCTCATACATTTGAAAACTAAAGACTTTTCTCCCAAAGCTGGCTTCCTGCTGATTGATATCAAGGTCATTCATTATGCAAGATCATTAGTCACATCACTTTACCTCTGCAATCAGGCTTTCGATCATCAGTTTTAAACTTGAAAAAAAAAAAAAGTACGTTTCTCAACAGGCCCAAATGAGATGGTAAATCTGCCTGGT,06175181775e1040c53b32a71aae9aafeff07e0094237884d4dc3cc814613662,0.0633710901692647,ACCTCATACATTTGAAAACTAAAGACTTTTCTCCCAAAGCTGGCTTCCTGCTGATTGATATCAAGGTCATTCATTATGCAAGATCATTAGTCACATCACATTACCTCTGCAATCAGGCTTTCGATCATCAGTTTTAAACTTGAAAAAAAAAAAAAGTACGTTTCTCAACAGGCCCAAATGTGATGGTAAATCTGCCTGGT,680fdd44ada2f60e075828d99a39f93d922d8208b6abf9a7dd7409358d093057,-0.341891079165233,ACCTCATACATTTGAAAACTAAAGACTTTTCTCCCAAAGCTGGCTTCCTGCTGATTGATATCAAGGTCATTCATTATGCAAGATCATTAGTCACATCACTTTACCTCTGCAATCAGGCTTTCGATCATCAGTTTTAAACTTGAAAAAAAAAAAAAGTACGTTTCTCAACAGGCCCAAATGTGATGGTAAATCTGCCTGGT,f2535e5ddd61954da8e2345a44d0da1a4cec4ea716f4ee594fcd1018e2709cfa,-0.614689339246762,0.3361693502507936,0.334206374779969,-246.07904762774703,-256.2385845910758,-244.79216000437737,-245.8132985047996,-9.138398462906508,1.0,0.3361693502507936,0.0,2,0.16188822135194053,0.17490732828716207,0.146091925319964,0.12643813372822887,1.0
chr2:60285450:T:A;chr2:60285477:C:A;var1;middle;OL29|K562|b21e17c984755150,chr2:60285450:T:A;chr2:60285477:C:A;var1;middle;OL29,K562,K562_region_01260,100,127,27,CAAAAAAAAAAAAAGAAAAGAAAAGAAAAGAAAAGAAAAGAAAAGGATATCAATGGCTTCCGTAGTAAAAAAAAAAAAAAAAAAAAAATTACACTGTGGTTGGGGCTACTTCTCCAGTCAGGCTCTCTGCCATGAGGGATCCCAGGTCTCACGAAGGCACATCTAAGGTAGTGTTTGCCCCACCAGCCGCACAGCCCCAG,49cb758c908241cce9b27eb59f10f3d5fb629dc7e9cc7e207c1c8d3562dcf318,0.0,CAAAAAAAAAAAAAGAAAAGAAAAGAAAAGAAAAGAAAAGAAAAGGATATCAATGGCTTCCGTAGTAAAAAAAAAAAAAAAAAAAAAATTACACTGTGGATGGGGCTACTTCTCCAGTCAGGCTCTCTGCCATGAGGGATCCCAGGTCTCACGAAGGCACATCTAAGGTAGTGTTTGCCCCACCAGCCGCACAGCCCCAG,27ad18ef7725a6cf36e9ab9fc7f908a09f0eb13227e49691bf53e7c11c2f958d,-0.214499231013955,CAAAAAAAAAAAAAGAAAAGAAAAGAAAAGAAAAGAAAAGAAAAGGATATCAATGGCTTCCGTAGTAAAAAAAAAAAAAAAAAAAAAATTACACTGTGGTTGGGGCTACTTCTCCAGTCAGGCTCTATGCCATGAGGGATCCCAGGTCTCACGAAGGCACATCTAAGGTAGTGTTTGCCCCACCAGCCGCACAGCCCCAG,8ccd6aff870518bcf28b59ad7eb3aafe0197b70ae4a3430340205400d74e6f10,-0.141130863484968,CAAAAAAAAAAAAAGAAAAGAAAAGAAAAGAAAAGAAAAGAAAAGGATATCAATGGCTTCCGTAGTAAAAAAAAAAAAAAAAAAAAAATTACACTGTGGATGGGGCTACTTCTCCAGTCAGGCTCTATGCCATGAGGGATCCCAGGTCTCACGAAGGCACATCTAAGGTAGTGTTTGCCCCACCAGCCGCACAGCCCCAG,b21e17c984755150eeda943f63b3a30f11223baa373c10bc085a2185d726d42a,-0.185376320480724,0.170253774018199,0.168029439467373,-293.1667969340924,-290.89982094988227,-303.9598646067316,-296.0053862662753,5.687502356246114,-1.0,-0.170253774018199,0.0,0,0.19308101614885692,0.18565657667894103,0.15145376406925343,0.3273363769601818,1.0
chr2:61404905:C:G;chr2:61404931:A:T;var1;middle;OL41|K562|c9b253d2f9a653d8,chr2:61404905:C:G;chr2:61404931:A:T;var1;middle;OL41,K562,K562_region_01261,100,126,26,AGCCGGGGCTGCCCTGGGGTCTGTGCGGGGCCGCGGGGCCAGGGGGTCAGGGGGCCGCCCCCCCTCAGCTGCTGGACGCAGGGCTCGGCCTTCGCCTCTCGGCTCGGGAGAGTCCTTGAGTACGGAGACCGGCTAGGAGGGTTGCAGCTGCCTCTTTTTGAAAGTTGGGTTGGGCCCCAAGAGTGACTTCCGACAGACCT,71fde885d8a5d0228c2d58671440d63c7bc9ff842bac637c893db8eb5466b3f4,0.0,AGCCGGGGCTGCCCTGGGGTCTGTGCGGGGCCGCGGGGCCAGGGGGTCAGGGGGCCGCCCCCCCTCAGCTGCTGGACGCAGGGCTCGGCCTTCGCCTCTGGGCTCGGGAGAGTCCTTGAGTACGGAGACCGGCTAGGAGGGTTGCAGCTGCCTCTTTTTGAAAGTTGGGTTGGGCCCCAAGAGTGACTTCCGACAGACCT,fcfbaf11662cb1a7f327ed3903e8f2e4857214c898554410f261752bd5148f8f,-0.155459167228856,AGCCGGGGCTGCCCTGGGGTCTGTGCGGGGCCGCGGGGCCAGGGGGTCAGGGGGCCGCCCCCCCTCAGCTGCTGGACGCAGGGCTCGGCCTTCGCCTCTCGGCTCGGGAGAGTCCTTGAGTACGGTGACCGGCTAGGAGGGTTGCAGCTGCCTCTTTTTGAAAGTTGGGTTGGGCCCCAAGAGTGACTTCCGACAGACCT,75609c7ae046b59900a0e7059be1cd8b1edb7bb933a7008ac6529d3aa0c23db0,0.0964770048653171,AGCCGGGGCTGCCCTGGGGTCTGTGCGGGGCCGCGGGGCCAGGGGGTCAGGGGGCCGCCCCCCCTCAGCTGCTGGACGCAGGGCTCGGCCTTCGCCTCTGGGCTCGGGAGAGTCCTTGAGTACGGTGACCGGCTAGGAGGGTTGCAGCTGCCTCTTTTTGAAAGTTGGGTTGGGCCCCAAGAGTGACTTCCGACAGACCT,c9b253d2f9a653d85920f41a4ed79b969321663eb0cd4793f9d8e679761e7302,0.346682196963413,0.4056643593269519,0.301473975926946,-334.4776141420007,-336.0305598182604,-339.426746818237,-340.1416027350351,0.8380897594615817,-1.0,-0.4056643593269519,0.0,1,0.18321786560848455,0.18216460459877223,0.1501433469024087,0.07461826019852313,1.0
chr2:62733189:C:T;chr2:62733253:C:T;var1;middle;OL41|K562|7fc6c745f038c3e3,chr2:62733189:C:T;chr2:62733253:C:T;var1;middle;OL41,K562,K562_region_01262,100,164,64,AAATTCTGGACGCTCCAAAATCCACGCCAAGCCCTCGGCAGGCCACACCCCCTGCACCGGGCCTCGGTCACTCACCCGGACCCTCATTGGACTCTGGACCGGTCCGATTGGAATCACTGAACACGGCCCGGCTGAAGTTTCCCAGCCGCTGGCGCACCGGATCCGGCAGCTCCATGCCTGGGCCTCAGTATCCCTCACCC,4957920276bd200a679359f2c6869f918f5a24733a9fe6820ce3934530c69d97,0.0,AAATTCTGGACGCTCCAAAATCCACGCCAAGCCCTCGGCAGGCCACACCCCCTGCACCGGGCCTCGGTCACTCACCCGGACCCTCATTGGACTCTGGACTGGTCCGATTGGAATCACTGAACACGGCCCGGCTGAAGTTTCCCAGCCGCTGGCGCACCGGATCCGGCAGCTCCATGCCTGGGCCTCAGTATCCCTCACCC,bb172778f9859342fba0d833b17f5aadbf6a4837dc46906715b14581156c8a08,0.411476250481353,AAATTCTGGACGCTCCAAAATCCACGCCAAGCCCTCGGCAGGCCACACCCCCTGCACCGGGCCTCGGTCACTCACCCGGACCCTCATTGGACTCTGGACCGGTCCGATTGGAATCACTGAACACGGCCCGGCTGAAGTTTCCCAGCCGCTGGCGCACCGGATCTGGCAGCTCCATGCCTGGGCCTCAGTATCCCTCACCC,9f8c63660311dd1c9b8dfbc96da29e28cc9ba41402dee896a2adc21da30a1bbe,-0.331761116124211,AAATTCTGGACGCTCCAAAATCCACGCCAAGCCCTCGGCAGGCCACACCCCCTGCACCGGGCCTCGGTCACTCACCCGGACCCTCATTGGACTCTGGACTGGTCCGATTGGAATCACTGAACACGGCCCGGCTGAAGTTTCCCAGCCGCTGGCGCACCGGATCTGGCAGCTCCATGCCTGGGCCTCAGTATCCCTCACCC,7fc6c745f038c3e33e0a652896c56dbe98613461a4803ef07ba79c0c059e4106,0.832472899850094,0.752757765492952,0.395865353075651,-264.15678553283215,-257.2670645713806,-265.69093365967274,-259.4405309483409,-0.6393182501196861,-1.0,-0.752757765492952,0.0,3,0.18018529023482116,0.18106719778262317,0.1474303780702046,0.23226481973143884,1.0
chr2:64906787:C:T;chr2:64906800:G:C;var1;middle;OL31|K562|1a603f90a7d206cf,chr2:64906787:C:T;chr2:64906800:G:C;var1;middle;OL31,K562,K562_region_01263,100,113,13,CTGTGGTGTGGGTGTTGGGGGTTGACAAGAGTTTTAATTGTATATTACCAACATGGGTTTAAAACTTTTTTTTTTTGGTGTTTTAAAACTAACCACCCTCCCCCTTCAAAAAGAGTAAAACTTGTTTCTTCTGGTGAACAAAGACTTGGGCCTTCTAATGGTTTCATGCAAGTTGGTTTTTTAAGACCTGGAAACTGATT,c18fda5652a023cf8a682023ce6463676e4290188246c7567863a9a7fd1ce212,0.0,CTGTGGTGTGGGTGTTGGGGGTTGACAAGAGTTTTAATTGTATATTACCAACATGGGTTTAAAACTTTTTTTTTTTGGTGTTTTAAAACTAACCACCCTTCCCCTTCAAAAAGAGTAAAACTTGTTTCTTCTGGTGAACAAAGACTTGGGCCTTCTAATGGTTTCATGCAAGTTGGTTTTTTAAGACCTGGAAACTGATT,630ca839ef57acf8107bbe5e41252247bc7f40dab0a3a6f3d73295380ae1e170,-0.232728341129425,CTGTGGTGTGGGTGTTGGGGGTTGACAAGAGTTTTAATTGTATATTACCAACATGGGTTTAAAACTTTTTTTTTTTGGTGTTTTAAAACTAACCACCCTCCCCCTTCAAAAACAGTAAAACTTGTTTCTTCTGGTGAACAAAGACTTGGGCCTTCTAATGGTTTCATGCAAGTTGGTTTTTTAAGACCTGGAAACTGATT,42fe736cc5219e6fb96325f5688a644cf964807d999cf07b3cba62deb660727f,0.308962080014938,CTGTGGTGTGGGTGTTGGGGGTTGACAAGAGTTTTAATTGTATATTACCAACATGGGTTTAAAACTTTTTTTTTTTGGTGTTTTAAAACTAACCACCCTTCCCCTTCAAAAACAGTAAAACTTGTTTCTTCTGGTGAACAAAGACTTGGGCCTTCTAATGGTTTCATGCAAGTTGGTTTTTTAAGACCTGGAAACTGATT,1a603f90a7d206cfc2bc53cd3289cb23a3581f1bb7a35e2d2a60e5b3aa636125,0.381865398751932,0.3056316598664189,0.322047850763684,-281.36733945598826,-316.9055849057622,-277.22064133454114,-321.16697541368194,-8.40808862936683,-1.0,-0.3056316598664189,0.0,2,0.16295161151645218,0.17490732828716207,0.146091925319964,0.11870416301078585,1.0
chr2:66652955:C:A;chr2:66652982:C:G;var1;middle;OL41|K562|787f806c6812e291,chr2:66652955:C:A;chr2:66652982:C:G;var1;middle;OL41,K562,K562_region_01264,100,127,27,CAGAAAGCAGCAGCGCGGGACGCGGGTTTCCCCTTCTCTGGCGAGTACCAGTGCTGGGAGGCTGTTTATCTGTGTCCTGGTGCTGGGACAGGACGCAATCCAATTCCAGCTCTCGGTCGGTTCTGCCGCTCTGTCCCCGGTTCTGCAGCGCACTCTCTTACTCCCTCTCTCAGTAGTGTCCCCGGCTGTCTCCTTTCCTC,c1a45915f32a170d9bb2909ce3ee6b42e4c2dc5ba1dea2b57e75240d982fa9e4,0.0,CAGAAAGCAGCAGCGCGGGACGCGGGTTTCCCCTTCTCTGGCGAGTACCAGTGCTGGGAGGCTGTTTATCTGTGTCCTGGTGCTGGGACAGGACGCAATACAATTCCAGCTCTCGGTCGGTTCTGCCGCTCTGTCCCCGGTTCTGCAGCGCACTCTCTTACTCCCTCTCTCAGTAGTGTCCCCGGCTGTCTCCTTTCCTC,5bc543530a535a9f144b7e8acc5f109da7135d9d575c053e82c76668c9ff5bc1,0.357416998603807,CAGAAAGCAGCAGCGCGGGACGCGGGTTTCCCCTTCTCTGGCGAGTACCAGTGCTGGGAGGCTGTTTATCTGTGTCCTGGTGCTGGGACAGGACGCAATCCAATTCCAGCTCTCGGTCGGTTCTGCGGCTCTGTCCCCGGTTCTGCAGCGCACTCTCTTACTCCCTCTCTCAGTAGTGTCCCCGGCTGTCTCCTTTCCTC,7ca4cf2932fa7ba85b59e80062c3e940b702835a2a750d4fcb725109ed4571e7,-0.369593873102019,CAGAAAGCAGCAGCGCGGGACGCGGGTTTCCCCTTCTCTGGCGAGTACCAGTGCTGGGAGGCTGTTTATCTGTGTCCTGGTGCTGGGACAGGACGCAATACAATTCCAGCTCTCGGTCGGTTCTGCGGCTCTGTCCCCGGTTCTGCAGCGCACTCTCTTACTCCCTCTCTCAGTAGTGTCCCCGGCTGTCTCCTTTCCTC,787f806c6812e29119c68dafaa845a75b58f04e8d76eaa8dfd2ce3845eb15984,-0.0962771546387169,-0.0841002801405048,0.350530190957846,-298.16891677794047,-309.8650110566523,-338.2607064045733,-354.6604994975496,-4.703698814264499,-1.0,0.0841002801405048,0.0,2,0.16834550259389305,0.17490732828716207,0.146091925319964,0.23071691828161534,1.0
chr2:66906024:G:A;chr2:66906040:C:A;var1;middle;OL32|K562|aed4b8fd270d7e6f,chr2:66906024:G:A;chr2:66906040:C:A;var1;middle;OL32,K562,K562_region_01265,100,116,16,AAAAATCTACCAATACGATTTTCAACTAAAATTGGTAAGGAAAGATATTATAAAGTATTAAAATCATAAGGAATGCCTTTTTATTTTGAGAGAAAGTAAGGTTTTATATAATTCACCTTGCAGAGTTCAACATTTTGCAAATTAAGGCAGCAACATGTTGGAGCCTTTCCACTCAAGTCAATGGATAAAGTCTTGACCCT,d0ffe06cb4b03dd4fc83773aad6c1e93827e2b4ef219b121158647e22b0cfc1c,0.0,AAAAATCTACCAATACGATTTTCAACTAAAATTGGTAAGGAAAGATATTATAAAGTATTAAAATCATAAGGAATGCCTTTTTATTTTGAGAGAAAGTAAAGTTTTATATAATTCACCTTGCAGAGTTCAACATTTTGCAAATTAAGGCAGCAACATGTTGGAGCCTTTCCACTCAAGTCAATGGATAAAGTCTTGACCCT,a727d2a2567bb6786141f991b975e6f12ade12493706956cacb6998c8d1a3b9b,0.326211010848225,AAAAATCTACCAATACGATTTTCAACTAAAATTGGTAAGGAAAGATATTATAAAGTATTAAAATCATAAGGAATGCCTTTTTATTTTGAGAGAAAGTAAGGTTTTATATAATTCAACTTGCAGAGTTCAACATTTTGCAAATTAAGGCAGCAACATGTTGGAGCCTTTCCACTCAAGTCAATGGATAAAGTCTTGACCCT,9e90dd133c11c66fc7985a0d068ae7e754b9f9af230ee283aea91eb243be55ce,-0.216638212178972,AAAAATCTACCAATACGATTTTCAACTAAAATTGGTAAGGAAAGATATTATAAAGTATTAAAATCATAAGGAATGCCTTTTTATTTTGAGAGAAAGTAAAGTTTTATATAATTCAACTTGCAGAGTTCAACATTTTGCAAATTAAGGCAGCAACATGTTGGAGCCTTTCCACTCAAGTCAATGGATAAAGTCTTGACCCT,aed4b8fd270d7e6f969f95cf7ec1ab9a9ad549ede791322bbdeeea376d15d573,-0.23801528980279,0.347588088472043,0.322971425551005,-340.4621980888769,-342.2456632698886,-348.12721473537385,-350.8276039576158,0.9169240412302315,1.0,0.347588088472043,0.0,0,0.1869537406840388,0.18565657667894103,0.15145376406925343,0.15267064158491994,1.0
chr2:67838685:C:G;chr2:67838694:G:C;var1;middle;OL29|K562|1e5e0e00ede58b94,chr2:67838685:C:G;chr2:67838694:G:C;var1;middle;OL29,K562,K562_region_01266,100,109,9,AGCGTGTCAGGTACTATTGTTAACACTTGGTATAAAAACACTCATTTGATCTTCCAAGTAATCCTTGGCCTTAGGGCTATTACTGTTCCCATTCCCCCACTAAGAAAAGTAAAGTAGAGAGAGGCTGAAGGACTTTCCAAGGTCACATAGCCAGTGAGTCATAGAGCTGGGACTTGAATGCAGTTATTGATTCCAGGATA,8c0303e4c7cbbc29f4e0c99cf1cb4e50e9056ad326820d7b04866b9a97ebb8a1,0.0,AGCGTGTCAGGTACTATTGTTAACACTTGGTATAAAAACACTCATTTGATCTTCCAAGTAATCCTTGGCCTTAGGGCTATTACTGTTCCCATTCCCCCAGTAAGAAAAGTAAAGTAGAGAGAGGCTGAAGGACTTTCCAAGGTCACATAGCCAGTGAGTCATAGAGCTGGGACTTGAATGCAGTTATTGATTCCAGGATA,5fb8df54cb880666497d002b6f7b37f801a4daf5164d30a97f90787a7d5f8e28,-0.0519999150741929,AGCGTGTCAGGTACTATTGTTAACACTTGGTATAAAAACACTCATTTGATCTTCCAAGTAATCCTTGGCCTTAGGGCTATTACTGTTCCCATTCCCCCACTAAGAAAACTAAAGTAGAGAGAGGCTGAAGGACTTTCCAAGGTCACATAGCCAGTGAGTCATAGAGCTGGGACTTGAATGCAGTTATTGATTCCAGGATA,9bcb037d201f431aec93fba994c616420a1b068bce52d2a74c6eaed07ada6722,0.104238139899988,AGCGTGTCAGGTACTATTGTTAACACTTGGTATAAAAACACTCATTTGATCTTCCAAGTAATCCTTGGCCTTAGGGCTATTACTGTTCCCATTCCCCCAGTAAGAAAACTAAAGTAGAGAGAGGCTGAAGGACTTTCCAAGGTCACATAGCCAGTGAGTCATAGAGCTGGGACTTGAATGCAGTTATTGATTCCAGGATA,1e5e0e00ede58b94521af99ebd48d7204746eed9c6f2ed522a28649cda89c466,0.0714487124533423,0.0192104876275472,0.157647601306137,-194.0764938108623,-193.43999474868176,-191.6222786046565,-190.7183677144349,0.26741182804104824,-1.0,-0.0192104876275472,0.0,0,0.18611951472962,0.18565657667894103,0.15145376406925343,0.05140290078564397,1.0
chr2:68979302:G:A;chr2:68979331:G:T;var1;middle;OL27|K562|1c459eb6ce08f4e9,chr2:68979302:G:A;chr2:68979331:G:T;var1;middle;OL27,K562,K562_region_01267,100,129,29,TTCTGGACCTCACTTATTGTGTTGGGGCAGGGATTTACTGTTCTTTCAATTCACTTGGTCTTTAAAGCATAGAGGGCAGGCAGCAAAATTACCCTCCACGTCCTGACATCTCTAAGGGAATAAAGCTTGGGACTGCTATAAATAAGGAAAACTTGTTAAAGTTCATGAAATCAGCTATGGAAATTGTGGAACATAAGTCA,c9947da5ff1941cb037ef09f0fced4e8fac99fe51d55fceb9e2c1c55e8e7ef19,0.0,TTCTGGACCTCACTTATTGTGTTGGGGCAGGGATTTACTGTTCTTTCAATTCACTTGGTCTTTAAAGCATAGAGGGCAGGCAGCAAAATTACCCTCCACATCCTGACATCTCTAAGGGAATAAAGCTTGGGACTGCTATAAATAAGGAAAACTTGTTAAAGTTCATGAAATCAGCTATGGAAATTGTGGAACATAAGTCA,8c958fb9b1d9932fc3a88b241430de0dbdb9bffb9476ecb2fb0847e92a7ba632,0.209783892942319,TTCTGGACCTCACTTATTGTGTTGGGGCAGGGATTTACTGTTCTTTCAATTCACTTGGTCTTTAAAGCATAGAGGGCAGGCAGCAAAATTACCCTCCACGTCCTGACATCTCTAAGGGAATAAAGCTTTGGACTGCTATAAATAAGGAAAACTTGTTAAAGTTCATGAAATCAGCTATGGAAATTGTGGAACATAAGTCA,fe52169bbff3d2444d82a0c7e525f36a9e45e54355b79ef261efaa204873de18,0.0339924111264926,TTCTGGACCTCACTTATTGTGTTGGGGCAGGGATTTACTGTTCTTTCAATTCACTTGGTCTTTAAAGCATAGAGGGCAGGCAGCAAAATTACCCTCCACATCCTGACATCTCTAAGGGAATAAAGCTTTGGACTGCTATAAATAAGGAAAACTTGTTAAAGTTCATGAAATCAGCTATGGAAATTGTGGAACATAAGTCA,1c459eb6ce08f4e9e3a41804ec671d50a85d70a7aaa11cd32adaff8069447d0a,0.287996444501017,-0.0442201404322054,0.230929794300494,-308.7936252932996,-296.2025529202074,-333.20910472841933,-323.28937139362097,2.6713390382938655,1.0,-0.0442201404322054,0.0,3,0.1868535678483978,0.18106719778262317,0.1474303780702046,0.2317915584824575,1.0
chr2:7048708:T:C;chr2:7048776:C:A;var1;middle;OL41|K562|387e8d63926dd215,chr2:7048708:T:C;chr2:7048776:C:A;var1;middle;OL41,K562,K562_region_01206,100,168,68,TGCCAAAGTTTCACAAATCACCACTACAGAATTTACTCATGTAGCCAAACACCACATGTTCCCCAATAACCTATGGAAACAAAAAACAAAACAAAAAAATGCTCTGCTCTGTTTTGTGAGGGGTCCAATGTCGGCCTTCAAGTGGCCTCAAAAATCAGAAATACAGACATGTGTGAAGCAACTTGATATAAGACAGCACA,652450361fbcacae78a866493901452974679ef0fab609e293bc4f573edf1693,0.0,TGCCAAAGTTTCACAAATCACCACTACAGAATTTACTCATGTAGCCAAACACCACATGTTCCCCAATAACCTATGGAAACAAAAAACAAAACAAAAAAACGCTCTGCTCTGTTTTGTGAGGGGTCCAATGTCGGCCTTCAAGTGGCCTCAAAAATCAGAAATACAGACATGTGTGAAGCAACTTGATATAAGACAGCACA,fc7fa3493fc2eda4143a85e84d5566500b772aa66ef18a36ba563e272730ab27,-0.0574040766223927,TGCCAAAGTTTCACAAATCACCACTACAGAATTTACTCATGTAGCCAAACACCACATGTTCCCCAATAACCTATGGAAACAAAAAACAAAACAAAAAAATGCTCTGCTCTGTTTTGTGAGGGGTCCAATGTCGGCCTTCAAGTGGCCTCAAAAATCAGAAATACAGAAATGTGTGAAGCAACTTGATATAAGACAGCACA,2970146787a80a07d2b61762b5be3063f1943c0ff61f02cc3e2b0a1cd32a12d5,-0.250213381539391,TGCCAAAGTTTCACAAATCACCACTACAGAATTTACTCATGTAGCCAAACACCACATGTTCCCCAATAACCTATGGAAACAAAAAACAAAACAAAAAAACGCTCTGCTCTGTTTTGTGAGGGGTCCAATGTCGGCCTTCAAGTGGCCTCAAAAATCAGAAATACAGAAATGTGTGAAGCAACTTGATATAAGACAGCACA,387e8d63926dd215b8ac4369fea7febb81619fbb005442ac85a35258008d6451,0.0698009895432671,0.3774184477050508,0.495433764578572,-319.7073291823035,-323.6978739227634,-318.5024500118452,-321.7333642828744,0.7596304694307037,-1.0,-0.3774184477050508,0.0,4,0.17714082087908023,0.17620727786206916,0.145609630836647,0.09678947064553721,1.0
chr2:7050887:C:T;chr2:7050968:T:C;var1;middle;OL41|K562|957bc6e83bf475a5,chr2:7050887:C:T;chr2:7050968:T:C;var1;middle;OL41,K562,K562_region_01207,100,181,81,AGCCCACCTGCCACCTTTATCCATAACAGATAAACCTCCTGGTCCTACCAAGCCAGACAATCTATTGTCAGGAAAATGTTTTATGATTCTCTTCTTCTGCAATCTTGCTGGAGCTCACTTTCCCCATCTTACTGTCTCAGGTCAGGTTCCCTGGGAAACAGACTCTGAGATGGAGGTTGGTGGTTAAGAGATGCTTAGGA,d35f9c86eb03fba944557e16a73d08b952c0595d25cb7269e7f17ee8c4958d45,0.0,AGCCCACCTGCCACCTTTATCCATAACAGATAAACCTCCTGGTCCTACCAAGCCAGACAATCTATTGTCAGGAAAATGTTTTATGATTCTCTTCTTCTGTAATCTTGCTGGAGCTCACTTTCCCCATCTTACTGTCTCAGGTCAGGTTCCCTGGGAAACAGACTCTGAGATGGAGGTTGGTGGTTAAGAGATGCTTAGGA,2798a8dc5eca61f2e6a774f911cb624ea1769ea7993cf0c1f9360cfa6dd236bc,0.165017808418287,AGCCCACCTGCCACCTTTATCCATAACAGATAAACCTCCTGGTCCTACCAAGCCAGACAATCTATTGTCAGGAAAATGTTTTATGATTCTCTTCTTCTGCAATCTTGCTGGAGCTCACTTTCCCCATCTTACTGTCTCAGGTCAGGTTCCCTGGGAAACAGACTCTGAGATGGAGGTTGGCGGTTAAGAGATGCTTAGGA,794f74fe6eadd515a94ca5f87a0d428dd4ac39d1433d132ff4a81a025655d230,-0.209749476803923,AGCCCACCTGCCACCTTTATCCATAACAGATAAACCTCCTGGTCCTACCAAGCCAGACAATCTATTGTCAGGAAAATGTTTTATGATTCTCTTCTTCTGTAATCTTGCTGGAGCTCACTTTCCCCATCTTACTGTCTCAGGTCAGGTTCCCTGGGAAACAGACTCTGAGATGGAGGTTGGCGGTTAAGAGATGCTTAGGA,957bc6e83bf475a5387e6567a607483bf2d4c0c513cb1ccd848f9cb5daa2f02f,0.0298812350534759,0.0746129034391119,0.380297881027987,-348.647931673564,-348.58082646504045,-341.94359722640365,-342.03177219675854,-0.15528017887845635,-1.0,-0.0746129034391119,0.0,4,0.17600687026643042,0.17620727786206916,0.145609630836647,0.2079680983166525,1.0
chr2:71217538:G:A;chr2:71217621:G:A;var1;middle;OL41|K562|b5e5d0539ba3e0f1,chr2:71217538:G:A;chr2:71217621:G:A;var1;middle;OL41,K562,K562_region_01268,100,183,83,GGGCAAGACTTGCTAGATGCTTTGAGGTGCAGTCTTCAGGTTCCTCAACATTCTGGGGGAGGGGGTCCCTCCTCATCCTGCCCCCAGGTAAGGCATACCGGTGTGAACTGATACGTTCTGGACACACACACACACACAGCCACCCCTCCTTGGTGTGTAACTGAGTTTATAAAAGAGGGCACGTGTGCATATCCTGGACA,0161c41a995d20c38bc4cf2e030812ff003843120caa425a6ef97c8b1215dd8e,0.0,GGGCAAGACTTGCTAGATGCTTTGAGGTGCAGTCTTCAGGTTCCTCAACATTCTGGGGGAGGGGGTCCCTCCTCATCCTGCCCCCAGGTAAGGCATACCAGTGTGAACTGATACGTTCTGGACACACACACACACACAGCCACCCCTCCTTGGTGTGTAACTGAGTTTATAAAAGAGGGCACGTGTGCATATCCTGGACA,f6c2505089b6f2061cba93543874806411515e90d39b787657e7211e95d62983,-0.134955493798191,GGGCAAGACTTGCTAGATGCTTTGAGGTGCAGTCTTCAGGTTCCTCAACATTCTGGGGGAGGGGGTCCCTCCTCATCCTGCCCCCAGGTAAGGCATACCGGTGTGAACTGATACGTTCTGGACACACACACACACACAGCCACCCCTCCTTGGTGTGTAACTGAGTTTATAAAAGAGGGCACATGTGCATATCCTGGACA,122cd26c50c983740dd25123a8d6af5284238102762b7f6c7246b83a6eb6986b,-0.384424510493545,GGGCAAGACTTGCTAGATGCTTTGAGGTGCAGTCTTCAGGTTCCTCAACATTCTGGGGGAGGGGGTCCCTCCTCATCCTGCCCCCAGGTAAGGCATACCAGTGTGAACTGATACGTTCTGGACACACACACACACACAGCCACCCCTCCTTGGTGTGTAACTGAGTTTATAAAAGAGGGCACATGTGCATATCCTGGACA,b5e5d0539ba3e0f1e521ec22ecd27f7155c78b9ccb4057aef4437df09648f56d,-0.368349933724249,0.151030070567487,0.248295390575699,-370.0979664311744,-366.8331840421306,-376.9288799139904,-367.737830942031,5.926266582915559,-1.0,-0.151030070567487,0.0,2,0.18382359166421697,0.17490732828716207,0.146091925319964,0.19550592063707561,1.0
chr2:71277382:T:C;chr2:71277430:G:C;var1;middle;OL28|K562|0a9a7f3c8a0f623a,chr2:71277382:T:C;chr2:71277430:G:C;var1;middle;OL28,K562,K562_region_01269,100,148,48,AGGCCGGTATTTCTACATCTCGCATTTGTCAGCCCTCGCCAAAACCATGAGGCAGCGGTTTGTTACCTGCCGACACCATAATGCGAGGCAAGGTCCAGCTGTTCCGCCCGGCATACAAGCTTATGCAGCAGCCCCCATTGAAGATCTGCAGGTAGACTTCAGAGAGATGCCAAAGTGTGGAGGTAACAAGTATTTACTAG,e962a33e13eb90340758999da50260e7a0d263520eaec99946a3e8ef5c2473cb,0.0,AGGCCGGTATTTCTACATCTCGCATTTGTCAGCCCTCGCCAAAACCATGAGGCAGCGGTTTGTTACCTGCCGACACCATAATGCGAGGCAAGGTCCAGCCGTTCCGCCCGGCATACAAGCTTATGCAGCAGCCCCCATTGAAGATCTGCAGGTAGACTTCAGAGAGATGCCAAAGTGTGGAGGTAACAAGTATTTACTAG,fd989ca7e03d26de12e026619d0a56ddc0ffaa06cad8f12a04ea6df265afeddc,0.043266607979742,AGGCCGGTATTTCTACATCTCGCATTTGTCAGCCCTCGCCAAAACCATGAGGCAGCGGTTTGTTACCTGCCGACACCATAATGCGAGGCAAGGTCCAGCTGTTCCGCCCGGCATACAAGCTTATGCAGCAGCCCCCATTGAAGATCTCCAGGTAGACTTCAGAGAGATGCCAAAGTGTGGAGGTAACAAGTATTTACTAG,bc561373cd22fa705b2a0630ed0028446aac99782749c202fe840b5932de0a36,0.0737838989316937,AGGCCGGTATTTCTACATCTCGCATTTGTCAGCCCTCGCCAAAACCATGAGGCAGCGGTTTGTTACCTGCCGACACCATAATGCGAGGCAAGGTCCAGCCGTTCCGCCCGGCATACAAGCTTATGCAGCAGCCCCCATTGAAGATCTCCAGGTAGACTTCAGAGAGATGCCAAAGTGTGGAGGTAACAAGTATTTACTAG,0a9a7f3c8a0f623abd3bb054913e840096fac0ffbc4cfb75c433f80644e295a6,0.0883037228985576,0.0287467840128781,0.183197471363651,-287.5586713552475,-289.3042613863945,-289.5548796057701,-293.06417775154114,1.7637081146240234,1.0,0.0287467840128781,0.0,3,0.18502543088270249,0.18106719778262317,0.1474303780702046,0.32533340619286133,1.0
chr2:74347525:C:T;chr2:74347576:G:T;var1;middle;OL41|K562|3f7a3a16aa4bb320,chr2:74347525:C:T;chr2:74347576:G:T;var1;middle;OL41,K562,K562_region_01270,100,151,51,GGCAGGGGGCGACCTCTCGGCAAGACTTTCCGCCGGGGTCCCAGCCCGGCAGGAGCTTCCGGAGAGATGGCGGGCGACGTCCGTACCTCTCCGTCTTTCCCTCCTGGGCTGGTGCCGTGGCTACGCCCCGGCCGCTCCACACACCTACCCGGGGGGAACGTGTGCCTGGGCCGCTGGAGTCGCGAATGGCCGGTTATTCA,2af420a44e7f25b2c9b8e16f68a4b617f911624d42b6216c44eee01148e105b6,0.0,GGCAGGGGGCGACCTCTCGGCAAGACTTTCCGCCGGGGTCCCAGCCCGGCAGGAGCTTCCGGAGAGATGGCGGGCGACGTCCGTACCTCTCCGTCTTTCTCTCCTGGGCTGGTGCCGTGGCTACGCCCCGGCCGCTCCACACACCTACCCGGGGGGAACGTGTGCCTGGGCCGCTGGAGTCGCGAATGGCCGGTTATTCA,f876f271a6da29ae459539e3daf8e1c915e7d335707a72f210505f45d9bbd082,0.383185823050999,GGCAGGGGGCGACCTCTCGGCAAGACTTTCCGCCGGGGTCCCAGCCCGGCAGGAGCTTCCGGAGAGATGGCGGGCGACGTCCGTACCTCTCCGTCTTTCCCTCCTGGGCTGGTGCCGTGGCTACGCCCCGGCCGCTCCACACACCTACCCTGGGGGAACGTGTGCCTGGGCCGCTGGAGTCGCGAATGGCCGGTTATTCA,9c9f04d961ae2e0a22a04fce8bdeae0c065871af8f7fc87b20f1c8a714f9e690,0.164456538861809,GGCAGGGGGCGACCTCTCGGCAAGACTTTCCGCCGGGGTCCCAGCCCGGCAGGAGCTTCCGGAGAGATGGCGGGCGACGTCCGTACCTCTCCGTCTTTCTCTCCTGGGCTGGTGCCGTGGCTACGCCCCGGCCGCTCCACACACCTACCCTGGGGGAACGTGTGCCTGGGCCGCTGGAGTCGCGAATGGCCGGTTATTCA,3f7a3a16aa4bb32045e65243e0ae897bcc136c1dd87a7c617380b9cabc54148a,-0.101519580372826,0.6491619422856341,0.312543853556055,-338.04162520589307,-329.2224068059586,-327.48887081444263,-318.91888197138906,0.24922955688089132,1.0,0.6491619422856341,0.0,3,0.18197499026531083,0.18106719778262317,0.1474303780702046,0.11390501744248364,1.0
chr2:74347525:C:T;chr2:74347594:G:C;var1;middle;OL41|K562|c71a78648810ac07,chr2:74347525:C:T;chr2:74347594:G:C;var1;middle;OL41,K562,K562_region_01270,100,169,69,GGCAGGGGGCGACCTCTCGGCAAGACTTTCCGCCGGGGTCCCAGCCCGGCAGGAGCTTCCGGAGAGATGGCGGGCGACGTCCGTACCTCTCCGTCTTTCCCTCCTGGGCTGGTGCCGTGGCTACGCCCCGGCCGCTCCACACACCTACCCGGGGGGAACGTGTGCCTGGGCCGCTGGAGTCGCGAATGGCCGGTTATTCA,2af420a44e7f25b2c9b8e16f68a4b617f911624d42b6216c44eee01148e105b6,0.0,GGCAGGGGGCGACCTCTCGGCAAGACTTTCCGCCGGGGTCCCAGCCCGGCAGGAGCTTCCGGAGAGATGGCGGGCGACGTCCGTACCTCTCCGTCTTTCTCTCCTGGGCTGGTGCCGTGGCTACGCCCCGGCCGCTCCACACACCTACCCGGGGGGAACGTGTGCCTGGGCCGCTGGAGTCGCGAATGGCCGGTTATTCA,f876f271a6da29ae459539e3daf8e1c915e7d335707a72f210505f45d9bbd082,0.383017813494553,GGCAGGGGGCGACCTCTCGGCAAGACTTTCCGCCGGGGTCCCAGCCCGGCAGGAGCTTCCGGAGAGATGGCGGGCGACGTCCGTACCTCTCCGTCTTTCCCTCCTGGGCTGGTGCCGTGGCTACGCCCCGGCCGCTCCACACACCTACCCGGGGGGAACGTGTGCCTGCGCCGCTGGAGTCGCGAATGGCCGGTTATTCA,87ffefb5c18f338bd11add864a7beacc242f74b128333c57ef477a58db05a9bb,0.108514481444056,GGCAGGGGGCGACCTCTCGGCAAGACTTTCCGCCGGGGTCCCAGCCCGGCAGGAGCTTCCGGAGAGATGGCGGGCGACGTCCGTACCTCTCCGTCTTTCTCTCCTGGGCTGGTGCCGTGGCTACGCCCCGGCCGCTCCACACACCTACCCGGGGGGAACGTGTGCCTGCGCCGCTGGAGTCGCGAATGGCCGGTTATTCA,c71a78648810ac074a5489fc8357f41b715c17b06f52fe60a9e44f28c749b744,0.397161439883351,0.094370855055258,0.326599360612702,-338.04162520589307,-329.2224068059586,-356.5726726707071,-345.4651555849705,-2.288298685802147,1.0,0.094370855055258,0.0,3,0.17686393789703317,0.18106719778262317,0.1474303780702046,0.05999442581054011,1.0
chr2:74347576:G:T;chr2:74347594:G:C;var1;middle;OL41|K562|0f41b2176e53c471,chr2:74347576:G:T;chr2:74347594:G:C;var1;middle;OL41,K562,K562_region_01270,100,118,18,GGAGCTTCCGGAGAGATGGCGGGCGACGTCCGTACCTCTCCGTCTTTCCCTCCTGGGCTGGTGCCGTGGCTACGCCCCGGCCGCTCCACACACCTACCCGGGGGGAACGTGTGCCTGGGCCGCTGGAGTCGCGAATGGCCGGTTATTCACACGTTCAAGTACCCAAGGCAGGCGGCCCTGCAGGCGTCGTCGCGGGTTCT,5db3f25cbeb8389c8ba8ed1c403de16df9f3094e790168da9ada3b112144502a,0.0,GGAGCTTCCGGAGAGATGGCGGGCGACGTCCGTACCTCTCCGTCTTTCCCTCCTGGGCTGGTGCCGTGGCTACGCCCCGGCCGCTCCACACACCTACCCTGGGGGAACGTGTGCCTGGGCCGCTGGAGTCGCGAATGGCCGGTTATTCACACGTTCAAGTACCCAAGGCAGGCGGCCCTGCAGGCGTCGTCGCGGGTTCT,1e31cd5872c6bec489015d4b82b1f7a139480d1785e53f12d0d65733261ec229,-0.0338237364741908,GGAGCTTCCGGAGAGATGGCGGGCGACGTCCGTACCTCTCCGTCTTTCCCTCCTGGGCTGGTGCCGTGGCTACGCCCCGGCCGCTCCACACACCTACCCGGGGGGAACGTGTGCCTGCGCCGCTGGAGTCGCGAATGGCCGGTTATTCACACGTTCAAGTACCCAAGGCAGGCGGCCCTGCAGGCGTCGTCGCGGGTTCT,e105277678cb9749df92db7d4cd31f1bce060d186644a91d6b02a76bcbc6d1f1,0.372482731938661,GGAGCTTCCGGAGAGATGGCGGGCGACGTCCGTACCTCTCCGTCTTTCCCTCCTGGGCTGGTGCCGTGGCTACGCCCCGGCCGCTCCACACACCTACCCTGGGGGAACGTGTGCCTGCGCCGCTGGAGTCGCGAATGGCCGGTTATTCACACGTTCAAGTACCCAAGGCAGGCGGCCCTGCAGGCGTCGTCGCGGGTTCT,0f41b2176e53c4714c7d6780884abf1e63370aed6df24f76dba639561577437e,0.141787796308111,-0.1968711991563592,0.333517360668803,-334.9153890698217,-332.454761921661,-343.7139025829965,-341.57632196485065,-0.3230465300148353,-1.0,0.1968711991563592,0.0,3,0.1808223201196007,0.18106719778262317,0.1474303780702046,-0.013668497865296919,1.0
chr2:74347594:G:C;chr2:74347666:T:G;var1;middle;OL41|K562|c2778756393d52eb,chr2:74347594:G:C;chr2:74347666:T:G;var1;middle;OL41,K562,K562_region_01270,100,172,72,GCGGGCGACGTCCGTACCTCTCCGTCTTTCCCTCCTGGGCTGGTGCCGTGGCTACGCCCCGGCCGCTCCACACACCTACCCGGGGGGAACGTGTGCCTGGGCCGCTGGAGTCGCGAATGGCCGGTTATTCACACGTTCAAGTACCCAAGGCAGGCGGCCCTGCAGGCGTCGTCGCGGGTTCTTCCGGCCATCTTGTTGAG,bdd8943958ba52fe287fe8cca166313aa45d2acca018d004b709960ae44eac2a,0.0,GCGGGCGACGTCCGTACCTCTCCGTCTTTCCCTCCTGGGCTGGTGCCGTGGCTACGCCCCGGCCGCTCCACACACCTACCCGGGGGGAACGTGTGCCTGCGCCGCTGGAGTCGCGAATGGCCGGTTATTCACACGTTCAAGTACCCAAGGCAGGCGGCCCTGCAGGCGTCGTCGCGGGTTCTTCCGGCCATCTTGTTGAG,d56a135e4895e0ae2569b237cedd40aab8edb13f87e8340e66076b7e03a2356c,0.313848581067834,GCGGGCGACGTCCGTACCTCTCCGTCTTTCCCTCCTGGGCTGGTGCCGTGGCTACGCCCCGGCCGCTCCACACACCTACCCGGGGGGAACGTGTGCCTGGGCCGCTGGAGTCGCGAATGGCCGGTTATTCACACGTTCAAGTACCCAAGGCAGGCGGCCCTGCAGGCGTCGGCGCGGGTTCTTCCGGCCATCTTGTTGAG,85f1f9c08c9e50ff67983d8d670248ff621ed99447288b9c7efa1763ac91accb,-0.0163668593646058,GCGGGCGACGTCCGTACCTCTCCGTCTTTCCCTCCTGGGCTGGTGCCGTGGCTACGCCCCGGCCGCTCCACACACCTACCCGGGGGGAACGTGTGCCTGCGCCGCTGGAGTCGCGAATGGCCGGTTATTCACACGTTCAAGTACCCAAGGCAGGCGGCCCTGCAGGCGTCGGCGCGGGTTCTTCCGGCCATCTTGTTGAG,c2778756393d52eb868d66d272c8bcf7f37d3afecca37275040d507b71b2299e,0.16717524808977,-0.1303064736134581,0.534349348582321,-401.36294021247886,-414.1665535499342,-397.10569199034944,-402.4613446346484,7.447960693156347,-1.0,0.1303064736134581,0.0,3,0.19647456950299919,0.18106719778262317,0.1474303780702046,0.1171697977733322,1.0
chr2:74354479:T:G;chr2:74354544:A:G;var1;middle;OL41|K562|4aaae796929db6c1,chr2:74354479:T:G;chr2:74354544:A:G;var1;middle;OL41,K562,K562_region_01271,100,165,65,CAAGGTCTCCCAAAGTGAAATGTAGTAGTCTTTACTTAGTGACAGACTAATTTACAACTATGTAATTCTTTTAAGTTTGTAATTAAAATTTCTTCTGAATTATTAATGGCTTTATTGACATGATGTTAATAAAGCCTCTCATCTTGCTGTTAAGTATTGTAGTGAGAAAATCAGCTGACCTGGAAACCATGGGGATTGGT,72378610be8135f572f3592ab48f37f1d262c0b4f534c8f7e36dd1a741eed634,0.0,CAAGGTCTCCCAAAGTGAAATGTAGTAGTCTTTACTTAGTGACAGACTAATTTACAACTATGTAATTCTTTTAAGTTTGTAATTAAAATTTCTTCTGAAGTATTAATGGCTTTATTGACATGATGTTAATAAAGCCTCTCATCTTGCTGTTAAGTATTGTAGTGAGAAAATCAGCTGACCTGGAAACCATGGGGATTGGT,8f8b681b799b297b5c6df530f1e0a69884dfb9f9ccfa103fb5c2025cbb5f4311,-0.0692119932226336,CAAGGTCTCCCAAAGTGAAATGTAGTAGTCTTTACTTAGTGACAGACTAATTTACAACTATGTAATTCTTTTAAGTTTGTAATTAAAATTTCTTCTGAATTATTAATGGCTTTATTGACATGATGTTAATAAAGCCTCTCATCTTGCTGTTAAGTATTGTAGTGGGAAAATCAGCTGACCTGGAAACCATGGGGATTGGT,98ddcdc8f3b3463d470a7c157b28a2bdd07e7a62cf6fbc4033b479e1bf03036c,-0.0729893104253763,CAAGGTCTCCCAAAGTGAAATGTAGTAGTCTTTACTTAGTGACAGACTAATTTACAACTATGTAATTCTTTTAAGTTTGTAATTAAAATTTCTTCTGAAGTATTAATGGCTTTATTGACATGATGTTAATAAAGCCTCTCATCTTGCTGTTAAGTATTGTAGTGGGAAAATCAGCTGACCTGGAAACCATGGGGATTGGT,4aaae796929db6c1bdd1025ade710adb96876aa35e6a290e2d2752ba447dcfe1,-0.292905934476618,0.150704630828608,0.190842311392432,-319.8118163673207,-326.1431968866382,-318.54866806045175,-328.0387043412775,3.158655761508271,1.0,0.150704630828608,0.0,0,0.189832994908863,0.18565657667894103,0.15145376406925343,0.2937198042106731,1.0
chr2:74358252:T:A;chr2:74358286:T:C;var1;middle;OL41|K562|408d23e575f4a04f,chr2:74358252:T:A;chr2:74358286:T:C;var1;middle;OL41,K562,K562_region_01272,100,134,34,GGCTGGTAGGGGATAAAGAGGAGAGTCCCCCTGTACGGTGACTTACCTGGTCTCGGTGCCTCCGCTCTCCCGTTCCCTCACTAATGAGACTCTTAAATCTGGCAGGGACCCAGGAAGGGATATTTGTAATTATTCCAGGTGGTTCGAATTTGCAGCCAGAATGGGAATCACTGTATCTTCTTTACTTCAATGCCTGCTTT,07365680e4d2e0de89931308d3eda2474738554a9319a642e1a2a06a29583c22,0.0,GGCTGGTAGGGGATAAAGAGGAGAGTCCCCCTGTACGGTGACTTACCTGGTCTCGGTGCCTCCGCTCTCCCGTTCCCTCACTAATGAGACTCTTAAATCAGGCAGGGACCCAGGAAGGGATATTTGTAATTATTCCAGGTGGTTCGAATTTGCAGCCAGAATGGGAATCACTGTATCTTCTTTACTTCAATGCCTGCTTT,1d2d9d7e0f6f659eef81d9ef081c38c5b7ede05b7d2b70f87cca3b2afe3735cf,0.0517790095304419,GGCTGGTAGGGGATAAAGAGGAGAGTCCCCCTGTACGGTGACTTACCTGGTCTCGGTGCCTCCGCTCTCCCGTTCCCTCACTAATGAGACTCTTAAATCTGGCAGGGACCCAGGAAGGGATATTTGTAATTATCCCAGGTGGTTCGAATTTGCAGCCAGAATGGGAATCACTGTATCTTCTTTACTTCAATGCCTGCTTT,c2d22ffacafa8ad0d605db28f3accbef9e3a5caae1e82e4c19025670168c2cba,-0.145734550376426,GGCTGGTAGGGGATAAAGAGGAGAGTCCCCCTGTACGGTGACTTACCTGGTCTCGGTGCCTCCGCTCTCCCGTTCCCTCACTAATGAGACTCTTAAATCAGGCAGGGACCCAGGAAGGGATATTTGTAATTATCCCAGGTGGTTCGAATTTGCAGCCAGAATGGGAATCACTGTATCTTCTTTACTTCAATGCCTGCTTT,408d23e575f4a04f7a5471b13f64fba37b1ff3ff3c31e18c9d1fcaf70006d190,0.138441656061878,0.2323971969078621,0.188381404058421,-307.1666704248637,-330.2850729506463,-281.0687124468386,-299.6647987868637,4.522316185757518,-1.0,-0.2323971969078621,0.0,4,0.1818043361426993,0.17620727786206916,0.145609630836647,0.20456289932315597,1.0
chr2:75268480:A:G;chr2:75268513:A:G;var1;middle;OL41|K562|537bda22ef7ee513,chr2:75268480:A:G;chr2:75268513:A:G;var1;middle;OL41,K562,K562_region_01273,100,133,33,TGTATCAAAGCACCAACATTGCCCTCCGTCCATGGGAATGAGTTATATTCTGTGAAGAAATATTTCTAGGGTTTTGATAAATACTTGTTGAAAGAATGGATTTTGGGAAATCTCACAGTTAGCCTTTCTCTTATTATGTAGCCAAAAAGGAATATGCAGATACTGTGTACCCAGCTCCTAACCACATGCTGGAGGCTGTT,078f25619442bafe91c4ce2d7fdb404a6f8382954dbafdd8e1ca9feb58365807,0.0,TGTATCAAAGCACCAACATTGCCCTCCGTCCATGGGAATGAGTTATATTCTGTGAAGAAATATTTCTAGGGTTTTGATAAATACTTGTTGAAAGAATGGGTTTTGGGAAATCTCACAGTTAGCCTTTCTCTTATTATGTAGCCAAAAAGGAATATGCAGATACTGTGTACCCAGCTCCTAACCACATGCTGGAGGCTGTT,f087c4fc4aea54bd079122b242a09f5e9bc2e934d20b4fdebbfdab959a65305c,0.0486159235136227,TGTATCAAAGCACCAACATTGCCCTCCGTCCATGGGAATGAGTTATATTCTGTGAAGAAATATTTCTAGGGTTTTGATAAATACTTGTTGAAAGAATGGATTTTGGGAAATCTCACAGTTAGCCTTTCTCTTGTTATGTAGCCAAAAAGGAATATGCAGATACTGTGTACCCAGCTCCTAACCACATGCTGGAGGCTGTT,eba8b69d0db78d196aef0f25be3ba8f08bbdba777d28d7c9e5794ed2f91e618a,-0.0275834186725584,TGTATCAAAGCACCAACATTGCCCTCCGTCCATGGGAATGAGTTATATTCTGTGAAGAAATATTTCTAGGGTTTTGATAAATACTTGTTGAAAGAATGGGTTTTGGGAAATCTCACAGTTAGCCTTTCTCTTGTTATGTAGCCAAAAAGGAATATGCAGATACTGTGTACCCAGCTCCTAACCACATGCTGGAGGCTGTT,537bda22ef7ee5136b8443893c04fd7e81271ec18d8e1273dc350ae36af2c7ee,0.0663260372193463,0.045293532378282,0.294194674227596,-257.46366530656815,-260.37712359428406,-256.05884578824043,-258.76969480514526,0.20260927081108093,-1.0,-0.045293532378282,0.0,1,0.1825713024230224,0.18216460459877223,0.1501433469024087,0.22967396436561766,1.0
chr2:7608679:A:C;chr2:7608681:T:G;var1;middle;OL27|K562|53223fd4db588aad,chr2:7608679:A:C;chr2:7608681:T:G;var1;middle;OL27,K562,K562_region_01208,100,102,2,TGATAATCACATCAGCGTAAATGGGGTATCCATCACCTCAAGCATTTATCCTTTAATTCAGGAACCTTCTCTTTTATTTCAGAAGTGGCTAATATCCTCATTATGGATATACTGTGTAAGAAATTACTTATACATTACTAGTATAAAAGGACTGCCTTATAAGGAATTCCGTTTTTTACCACCCATTCAACACTAAACAG,b2c5005020e7d88cdff734b03e9e0fb0d9b3b4fac07b7aa6b7523ae06b432ba3,0.0,TGATAATCACATCAGCGTAAATGGGGTATCCATCACCTCAAGCATTTATCCTTTAATTCAGGAACCTTCTCTTTTATTTCAGAAGTGGCTAATATCCTCCTTATGGATATACTGTGTAAGAAATTACTTATACATTACTAGTATAAAAGGACTGCCTTATAAGGAATTCCGTTTTTTACCACCCATTCAACACTAAACAG,9e32c7cc34bd750b64b0aab4220d835ac4cd86c9e53a324e27670110e29c089e,0.138249398204677,TGATAATCACATCAGCGTAAATGGGGTATCCATCACCTCAAGCATTTATCCTTTAATTCAGGAACCTTCTCTTTTATTTCAGAAGTGGCTAATATCCTCATGATGGATATACTGTGTAAGAAATTACTTATACATTACTAGTATAAAAGGACTGCCTTATAAGGAATTCCGTTTTTTACCACCCATTCAACACTAAACAG,ac759c6cba4589768847660e9843362a6c2f4b6ef589572ea7c027b3e7f23e22,0.183726128497334,TGATAATCACATCAGCGTAAATGGGGTATCCATCACCTCAAGCATTTATCCTTTAATTCAGGAACCTTCTCTTTTATTTCAGAAGTGGCTAATATCCTCCTGATGGATATACTGTGTAAGAAATTACTTATACATTACTAGTATAAAAGGACTGCCTTATAAGGAATTCCGTTTTTTACCACCCATTCAACACTAAACAG,53223fd4db588aadce0e470e0e42f49d7d4994ca216776dd3a92cd1048626c48,-0.213971360658941,0.5359468873609521,0.182020664312125,-415.4497728655115,-422.1498108529486,-410.56824900442734,-413.67562174238265,-3.592665249481797,1.0,0.5359468873609521,0.0,4,0.17174653630493655,0.17620727786206916,0.145609630836647,0.09147436300533501,1.0
chr2:85645545:A:C;chr2:85645593:A:C;var1;middle;OL27|K562|8a83a0bf8948a828,chr2:85645545:A:C;chr2:85645593:A:C;var1;middle;OL27,K562,K562_region_01274,100,148,48,ACCGGGAGCCCAGCCGGAGTTGAGGGCCTCGCGCCGGGCCCACTGTCCAGATCCAGGGCTCACGAGAAAAACGAGGACGCAGGAGAGCCACACGCCAGGACGCGTGTAAGGCCCCAACCCGGCCCCAGCCTGGGCCCTAGACCCCTAAGAACTACAAATCCCAGCAGGCAGTGGGCCGCGGGGCGGGGTCTCGGAAGCTG,687e5161e6be17a19dc37bccf8e322a1f3f7f3216df6f6f48b7305cb957aa550,0.0,ACCGGGAGCCCAGCCGGAGTTGAGGGCCTCGCGCCGGGCCCACTGTCCAGATCCAGGGCTCACGAGAAAAACGAGGACGCAGGAGAGCCACACGCCAGGCCGCGTGTAAGGCCCCAACCCGGCCCCAGCCTGGGCCCTAGACCCCTAAGAACTACAAATCCCAGCAGGCAGTGGGCCGCGGGGCGGGGTCTCGGAAGCTG,df4a855a61c7412236861ca29ec54bef4dc57e5cd850b30bd03e4d0d201c4f78,0.293667766694326,ACCGGGAGCCCAGCCGGAGTTGAGGGCCTCGCGCCGGGCCCACTGTCCAGATCCAGGGCTCACGAGAAAAACGAGGACGCAGGAGAGCCACACGCCAGGACGCGTGTAAGGCCCCAACCCGGCCCCAGCCTGGGCCCTAGACCCCTACGAACTACAAATCCCAGCAGGCAGTGGGCCGCGGGGCGGGGTCTCGGAAGCTG,bf9f98f8f6b415ea14bea54bfe0a519edb476ae899eb90fbbbd3b4791cc67241,0.036293218734373,ACCGGGAGCCCAGCCGGAGTTGAGGGCCTCGCGCCGGGCCCACTGTCCAGATCCAGGGCTCACGAGAAAAACGAGGACGCAGGAGAGCCACACGCCAGGCCGCGTGTAAGGCCCCAACCCGGCCCCAGCCTGGGCCCTAGACCCCTACGAACTACAAATCCCAGCAGGCAGTGGGCCGCGGGGCGGGGTCTCGGAAGCTG,8a83a0bf8948a8281b5a9202db05eeb6f1bf4c1aea72c619f806a7028d8cc8da,0.363660050041885,-0.033699064613186,0.190135643104034,-242.7120548445964,-241.73010491707828,-269.8603646850679,-266.16866269509774,-2.7097520624520257,1.0,-0.033699064613186,0.0,3,0.17601505265405856,0.18106719778262317,0.1474303780702046,0.22392147078711017,1.0
chr2:85655991:T:G;chr2:85656000:A:G;var1;middle;OL41|K562|17301fc953bdf49e,chr2:85655991:T:G;chr2:85656000:A:G;var1;middle;OL41,K562,K562_region_01275,100,109,9,TAATACACTCAGTTTCCTCATTTGAAAAGCAGGGATAAAACTAGTACTTGCGGCATGACGTTATTGTGAGAATCCAATGAGGAAACACACGTAATGCCTTCCTGCTTCATTTTCCTACGGCATCTTCAACGCCTGGAACAGCCTCTGGCAGACAGTGGATGTTCAATAAATACCCACTGAATGGATAAATACATCCATCA,50f9878d2b5196cea0e6efc84c8a8addd524b32883893c0eb574b783f05f383d,0.0,TAATACACTCAGTTTCCTCATTTGAAAAGCAGGGATAAAACTAGTACTTGCGGCATGACGTTATTGTGAGAATCCAATGAGGAAACACACGTAATGCCTGCCTGCTTCATTTTCCTACGGCATCTTCAACGCCTGGAACAGCCTCTGGCAGACAGTGGATGTTCAATAAATACCCACTGAATGGATAAATACATCCATCA,369f651147b96f0b453008fb2a4ae3a3639118d402cf0117345f8eba760ad85d,-0.18450217339308,TAATACACTCAGTTTCCTCATTTGAAAAGCAGGGATAAAACTAGTACTTGCGGCATGACGTTATTGTGAGAATCCAATGAGGAAACACACGTAATGCCTTCCTGCTTCGTTTTCCTACGGCATCTTCAACGCCTGGAACAGCCTCTGGCAGACAGTGGATGTTCAATAAATACCCACTGAATGGATAAATACATCCATCA,40c59f4ac9f10c7aa754d7b941fa3b2cee959c70ab2f976b47052a966aa0cf79,0.0831117334812724,TAATACACTCAGTTTCCTCATTTGAAAAGCAGGGATAAAACTAGTACTTGCGGCATGACGTTATTGTGAGAATCCAATGAGGAAACACACGTAATGCCTGCCTGCTTCGTTTTCCTACGGCATCTTCAACGCCTGGAACAGCCTCTGGCAGACAGTGGATGTTCAATAAATACCCACTGAATGGATAAATACATCCATCA,17301fc953bdf49ebc3a62c23170cfee5f9762c4405008e39ef79bc387f45feb,-0.173580970220289,-0.0721905303084814,0.317635604405286,-227.91293382365257,-238.8158162375912,-226.13795280177143,-233.26571453548968,3.775120680220425,-1.0,0.0721905303084814,0.0,0,0.19062477530149524,0.18565657667894103,0.15145376406925343,0.21977230853721627,1.0
chr2:86296566:C:T;chr2:86296593:G:C;var1;middle;OL41|K562|311794a1c4fcbc74,chr2:86296566:C:T;chr2:86296593:G:C;var1;middle;OL41,K562,K562_region_01276,100,127,27,TTTCCTGCAGCCTGCCTCTTTCCCCGCTCTGTCCCTCCCATGAGCACATGCTAACTCAGGCCCCTGCCACTCCTGGCCAAGAGTCAGCTGCTAAGGAGACGGGGGAGGAAGTTCTATCCTTCCCTCGTGTCCCTCTGGACAGCTGTGACCACAAGGGGTTGCCCTTGAGGAGTGAACTTGGAGAAAGAAGGAAAGGATTC,030a3fcf8730fd330f64eda6417258334ced3437641ff8b4fc1ea3febf78f7a0,0.0,TTTCCTGCAGCCTGCCTCTTTCCCCGCTCTGTCCCTCCCATGAGCACATGCTAACTCAGGCCCCTGCCACTCCTGGCCAAGAGTCAGCTGCTAAGGAGATGGGGGAGGAAGTTCTATCCTTCCCTCGTGTCCCTCTGGACAGCTGTGACCACAAGGGGTTGCCCTTGAGGAGTGAACTTGGAGAAAGAAGGAAAGGATTC,59da0766ccba75243da87d1ee6dc2570481cc3cca7826672b51762be8678901d,-0.20902988417748,TTTCCTGCAGCCTGCCTCTTTCCCCGCTCTGTCCCTCCCATGAGCACATGCTAACTCAGGCCCCTGCCACTCCTGGCCAAGAGTCAGCTGCTAAGGAGACGGGGGAGGAAGTTCTATCCTTCCCTCCTGTCCCTCTGGACAGCTGTGACCACAAGGGGTTGCCCTTGAGGAGTGAACTTGGAGAAAGAAGGAAAGGATTC,ac7a935bab712988e632e43428a4b78eaf83bba26b0107110cac396874751f68,0.169245382710096,TTTCCTGCAGCCTGCCTCTTTCCCCGCTCTGTCCCTCCCATGAGCACATGCTAACTCAGGCCCCTGCCACTCCTGGCCAAGAGTCAGCTGCTAAGGAGATGGGGGAGGAAGTTCTATCCTTCCCTCCTGTCCCTCTGGACAGCTGTGACCACAAGGGGTTGCCCTTGAGGAGTGAACTTGGAGAAAGAAGGAAAGGATTC,311794a1c4fcbc74a9eb5099137e9370df6aaae8db74e493c132100adb2b1c24,-0.230980615852303,0.191196114384919,0.182665384250875,-236.30211181938648,-232.3698084950447,-231.44387467205524,-226.750717446208,-0.7608539015054703,1.0,0.191196114384919,0.0,0,0.18479882215108454,0.18565657667894103,0.15145376406925343,0.18308552658218408,1.0
chr2:86422793:G:C;chr2:86422816:T:G;var1;middle;OL41|K562|b455bd1994fc0d0d,chr2:86422793:G:C;chr2:86422816:T:G;var1;middle;OL41,K562,K562_region_01277,100,123,23,TCCCGGCTGCGGAAACGCCAACTCCAGGCGATTGGCGCGAAGGAGGCGAAAAGGGCGGATTCCCTTTCCGGGTCGCGCCCGGGCTGCAGGTCCTTATCCGGAAGGGGTTACTAGGTGAACACTGCCGGAGGGAGAGCGCTCTGAAATCCATTCTTCAGCCGCACGTGGAAAATGGACAGCTGTGACTCTTAAAGAGAATT,ca6cca2fff49db2bc4bae4af142ef464c4fc0e4b09375a0917cc5ae273553f2b,0.0,TCCCGGCTGCGGAAACGCCAACTCCAGGCGATTGGCGCGAAGGAGGCGAAAAGGGCGGATTCCCTTTCCGGGTCGCGCCCGGGCTGCAGGTCCTTATCCCGAAGGGGTTACTAGGTGAACACTGCCGGAGGGAGAGCGCTCTGAAATCCATTCTTCAGCCGCACGTGGAAAATGGACAGCTGTGACTCTTAAAGAGAATT,d61595d0e327a0896d5741320f5556ecb33193148e5554ee3eb726d3975763cc,-2.11027831757749,TCCCGGCTGCGGAAACGCCAACTCCAGGCGATTGGCGCGAAGGAGGCGAAAAGGGCGGATTCCCTTTCCGGGTCGCGCCCGGGCTGCAGGTCCTTATCCGGAAGGGGTTACTAGGTGAACACGGCCGGAGGGAGAGCGCTCTGAAATCCATTCTTCAGCCGCACGTGGAAAATGGACAGCTGTGACTCTTAAAGAGAATT,accd2925547162e5716cb4046d5bf8dc7369d63219a7dbfc645a392611dcf44b,-0.067339692020102,TCCCGGCTGCGGAAACGCCAACTCCAGGCGATTGGCGCGAAGGAGGCGAAAAGGGCGGATTCCCTTTCCGGGTCGCGCCCGGGCTGCAGGTCCTTATCCCGAAGGGGTTACTAGGTGAACACGGCCGGAGGGAGAGCGCTCTGAAATCCATTCTTCAGCCGCACGTGGAAAATGGACAGCTGTGACTCTTAAAGAGAATT,b455bd1994fc0d0db39212f16954cb6a29c30c60b3c477862b62a68d36125081,-2.06325355744451,0.1143644521530822,0.167189537502021,-356.8215173515491,-357.7542490949854,-345.60899084433913,-354.2817162862048,-7.739993698429373,-1.0,-0.1143644521530822,0.0,1,0.17449018149426118,0.18216460459877223,0.1501433469024087,0.2033972479749633,1.0
chr2:8760364:T:G;chr2:8760439:A:C;var1;middle;OL28|K562|84465308b09855fb,chr2:8760364:T:G;chr2:8760439:A:C;var1;middle;OL28,K562,K562_region_01209,100,175,75,GAGTATAAAACAGGAAGCTATTATCAGTATCCTCAGATAGACAATCAGAGATGGCATCCAGGCACAAACACGTTTGTTTGTTTGTTTGTTTGTTTGTTTTTTAAAGAATATTTAGAGAACAGAAAGAATAGTTGTAAGCTTAAAATGCCGTGTTATAAATGTAAAGTTCATTCGAAAAATTAGAAGACAAAACAGAGGAA,4e03dee7dd539769d23e915a39828b2a5b7f30dec0baeb988e229d7da6070f5c,0.0,GAGTATAAAACAGGAAGCTATTATCAGTATCCTCAGATAGACAATCAGAGATGGCATCCAGGCACAAACACGTTTGTTTGTTTGTTTGTTTGTTTGTTTGTTAAAGAATATTTAGAGAACAGAAAGAATAGTTGTAAGCTTAAAATGCCGTGTTATAAATGTAAAGTTCATTCGAAAAATTAGAAGACAAAACAGAGGAA,1907b2ead60e6a89f3026a5f46f4dd76738a54b405b4811e9d911b7b09b629a6,-0.159337573140899,GAGTATAAAACAGGAAGCTATTATCAGTATCCTCAGATAGACAATCAGAGATGGCATCCAGGCACAAACACGTTTGTTTGTTTGTTTGTTTGTTTGTTTTTTAAAGAATATTTAGAGAACAGAAAGAATAGTTGTAAGCTTAAAATGCCGTGTTATAAATGTAAAGTTCATTCGCAAAATTAGAAGACAAAACAGAGGAA,38fd583550d06955c8b0a7417a231a3b2ce45d5445003b5c26a7bc0646e66604,-0.309148244566244,GAGTATAAAACAGGAAGCTATTATCAGTATCCTCAGATAGACAATCAGAGATGGCATCCAGGCACAAACACGTTTGTTTGTTTGTTTGTTTGTTTGTTTGTTAAAGAATATTTAGAGAACAGAAAGAATAGTTGTAAGCTTAAAATGCCGTGTTATAAATGTAAAGTTCATTCGCAAAATTAGAAGACAAAACAGAGGAA,84465308b09855fb866188c4621dc3db361a722845c853c0c6d0a7dc60a21a8d,-0.165831663081454,0.302654154625689,0.172060555723801,-353.84970624378184,-354.9119808935793,-342.6922323387116,-344.21167499700096,-0.45716800849186257,-1.0,-0.302654154625689,0.0,3,0.18055217459425194,0.18106719778262317,0.1474303780702046,0.03090648977747515,1.0
chr2:87985242:T:G;chr2:87985283:A:G;var1;middle;OL41|K562|1e448ca04b973dcf,chr2:87985242:T:G;chr2:87985283:A:G;var1;middle;OL41,K562,K562_region_01278,100,141,41,TTTACCCATCCAGAAAGAGGGGCAGCTGAAGGAAGGAGGAAAGGGGGTGGTCCAGCGCAGGCGCAGCCTGTTGGGAACCTTCTGCTCTGTCTGAGCATTTGTGATGGTTGAATGGGCTGGCACGGGCGTCTAAGGCAAGGAACTGCAAGGGAGGCTGCAGCCTGCCCTCGTGACCCAGCACTCGTCAGATGGCCGGAGTG,1ba0c3332445cd8ffa42ca05fa6cdc4cc6aea08e3657b4c3a66a930ba2f5a3d6,0.0,TTTACCCATCCAGAAAGAGGGGCAGCTGAAGGAAGGAGGAAAGGGGGTGGTCCAGCGCAGGCGCAGCCTGTTGGGAACCTTCTGCTCTGTCTGAGCATTGGTGATGGTTGAATGGGCTGGCACGGGCGTCTAAGGCAAGGAACTGCAAGGGAGGCTGCAGCCTGCCCTCGTGACCCAGCACTCGTCAGATGGCCGGAGTG,96d03b5eb69637c199e0353b15da3e14b2ec390dfd4118b96ca5681df3f496bb,-1.81961730960837,TTTACCCATCCAGAAAGAGGGGCAGCTGAAGGAAGGAGGAAAGGGGGTGGTCCAGCGCAGGCGCAGCCTGTTGGGAACCTTCTGCTCTGTCTGAGCATTTGTGATGGTTGAATGGGCTGGCACGGGCGTCTAAGGCAAGGGACTGCAAGGGAGGCTGCAGCCTGCCCTCGTGACCCAGCACTCGTCAGATGGCCGGAGTG,623e30b6e0587e90779645aa69e5d5e50ad8b5c9a7effeda4f533c24d04ff12a,-1.61071254712388,TTTACCCATCCAGAAAGAGGGGCAGCTGAAGGAAGGAGGAAAGGGGGTGGTCCAGCGCAGGCGCAGCCTGTTGGGAACCTTCTGCTCTGTCTGAGCATTGGTGATGGTTGAATGGGCTGGCACGGGCGTCTAAGGCAAGGGACTGCAAGGGAGGCTGCAGCCTGCCCTCGTGACCCAGCACTCGTCAGATGGCCGGAGTG,1e448ca04b973dcf64a5f3f7570ed95e2c34f6d1658f2c97c67ae3068ca56b60,-1.76698933829073,1.66334051844152,0.167746102237679,-371.5376862790436,-348.10186507739127,-403.0996148781851,-369.2079276209697,10.455866055563035,-1.0,-1.66334051844152,0.0,4,0.18915844500839968,0.17620727786206916,0.145609630836647,0.048212055527049075,1.0
chr2:8819789:C:T;chr2:8819812:G:T;var1;middle;OL41|K562|19b4d6655f283480,chr2:8819789:C:T;chr2:8819812:G:T;var1;middle;OL41,K562,K562_region_01210,100,123,23,CTTGGAAAATGCTCCGACACGATTTTCCCCCACGAAAGCAATTTTTAAGGTGATTTCATATTGGGCGTGCTGAAACAGACACACTAGTAACTTAGGCCTCGTTTAAATCATTAACTTATACAGCTTCGTAATCCCCTTTAAATGATCTTTAAATGAATGTAAAACTGGGTAGCGTGCCAATAGAATCGAATTCAACACAG,7d4e817c52edc92d648a7c2fceecaf292a289b8f14030c8ac007c5e6d19f1185,0.0,CTTGGAAAATGCTCCGACACGATTTTCCCCCACGAAAGCAATTTTTAAGGTGATTTCATATTGGGCGTGCTGAAACAGACACACTAGTAACTTAGGCCTTGTTTAAATCATTAACTTATACAGCTTCGTAATCCCCTTTAAATGATCTTTAAATGAATGTAAAACTGGGTAGCGTGCCAATAGAATCGAATTCAACACAG,bda72dc044822eadcae99506d20a5dacdd166e1abed9a67142ce119348d17cff,-0.115778521493455,CTTGGAAAATGCTCCGACACGATTTTCCCCCACGAAAGCAATTTTTAAGGTGATTTCATATTGGGCGTGCTGAAACAGACACACTAGTAACTTAGGCCTCGTTTAAATCATTAACTTATACATCTTCGTAATCCCCTTTAAATGATCTTTAAATGAATGTAAAACTGGGTAGCGTGCCAATAGAATCGAATTCAACACAG,5c9f175ab0cb7acd3cf67820e53fc9e184a532cee69544ff430cb5548cdd8776,-0.201858687559473,CTTGGAAAATGCTCCGACACGATTTTCCCCCACGAAAGCAATTTTTAAGGTGATTTCATATTGGGCGTGCTGAAACAGACACACTAGTAACTTAGGCCTTGTTTAAATCATTAACTTATACATCTTCGTAATCCCCTTTAAATGATCTTTAAATGAATGTAAAACTGGGTAGCGTGCCAATAGAATCGAATTCAACACAG,19b4d6655f283480dad2bc8d95e8ad4809f2a28c2a66f8e8aee7c87725584feb,-0.162791341060118,0.15484586799281,0.557328943324506,-274.00227907299995,-272.75323943793774,-275.5494210720062,-273.78148862719536,0.5188928097486496,-1.0,-0.15484586799281,0.0,1,0.1828931019056139,0.18216460459877223,0.1501433469024087,0.3516550303992767,1.0
chr2:8819789:C:T;chr2:8819813:C:T;var1;middle;OL41|K562|4e8b3ed28fee9169,chr2:8819789:C:T;chr2:8819813:C:T;var1;middle;OL41,K562,K562_region_01210,100,124,24,CTTGGAAAATGCTCCGACACGATTTTCCCCCACGAAAGCAATTTTTAAGGTGATTTCATATTGGGCGTGCTGAAACAGACACACTAGTAACTTAGGCCTCGTTTAAATCATTAACTTATACAGCTTCGTAATCCCCTTTAAATGATCTTTAAATGAATGTAAAACTGGGTAGCGTGCCAATAGAATCGAATTCAACACAG,7d4e817c52edc92d648a7c2fceecaf292a289b8f14030c8ac007c5e6d19f1185,0.0,CTTGGAAAATGCTCCGACACGATTTTCCCCCACGAAAGCAATTTTTAAGGTGATTTCATATTGGGCGTGCTGAAACAGACACACTAGTAACTTAGGCCTTGTTTAAATCATTAACTTATACAGCTTCGTAATCCCCTTTAAATGATCTTTAAATGAATGTAAAACTGGGTAGCGTGCCAATAGAATCGAATTCAACACAG,bda72dc044822eadcae99506d20a5dacdd166e1abed9a67142ce119348d17cff,-0.117031180886382,CTTGGAAAATGCTCCGACACGATTTTCCCCCACGAAAGCAATTTTTAAGGTGATTTCATATTGGGCGTGCTGAAACAGACACACTAGTAACTTAGGCCTCGTTTAAATCATTAACTTATACAGTTTCGTAATCCCCTTTAAATGATCTTTAAATGAATGTAAAACTGGGTAGCGTGCCAATAGAATCGAATTCAACACAG,54f3f8a2a14043a473cfad025ab2141d3ca757d6ae0b8aca1822c67d27b20626,-0.252291588028541,CTTGGAAAATGCTCCGACACGATTTTCCCCCACGAAAGCAATTTTTAAGGTGATTTCATATTGGGCGTGCTGAAACAGACACACTAGTAACTTAGGCCTTGTTTAAATCATTAACTTATACAGTTTCGTAATCCCCTTTAAATGATCTTTAAATGAATGTAAAACTGGGTAGCGTGCCAATAGAATCGAATTCAACACAG,4e8b3ed28fee916998429c110ca1aceac70378afaf236724166361e3a2845035,-0.223569511049942,0.145753257864981,0.449742247632588,-274.00227907299995,-272.75323943793774,-273.1224771589041,-271.95484551787376,-0.08140799403190613,-1.0,-0.145753257864981,0.0,1,0.18228233193413598,0.18216460459877223,0.1501433469024087,0.3203026897731315,1.0
chr2:88463155:C:G;chr2:88463237:T:C;var1;middle;OL41|K562|94d4bfffec4c4037,chr2:88463155:C:G;chr2:88463237:T:C;var1;middle;OL41,K562,K562_region_01279,100,182,82,TGAGATTTGGGTCCCAGGAAATGGTTGCTTGGCTTGCCCAGTAGAAAAGGAACTTATGCAGTCTGCAGGTTCCCTTTCTGCATGTGAGACCGCTTCAATCTACAAAGATTTTCTAGTTTTCAATGTATCCAACTGCAGAAGTGTGCCCCCTTTCTGAAGCTTGCAATGTCCTTGCTGACAATTGTTTTCCAGGAGTGTTT,cf264fb65513ae4df10ac94d255872f0c402f57bcf1e50d0873c2be6184c30d8,0.0,TGAGATTTGGGTCCCAGGAAATGGTTGCTTGGCTTGCCCAGTAGAAAAGGAACTTATGCAGTCTGCAGGTTCCCTTTCTGCATGTGAGACCGCTTCAATGTACAAAGATTTTCTAGTTTTCAATGTATCCAACTGCAGAAGTGTGCCCCCTTTCTGAAGCTTGCAATGTCCTTGCTGACAATTGTTTTCCAGGAGTGTTT,e5b75399cd1ff8c2923b18fa665f521d7c1a19192a34ad82010cb0c7aa89a742,0.208822805306588,TGAGATTTGGGTCCCAGGAAATGGTTGCTTGGCTTGCCCAGTAGAAAAGGAACTTATGCAGTCTGCAGGTTCCCTTTCTGCATGTGAGACCGCTTCAATCTACAAAGATTTTCTAGTTTTCAATGTATCCAACTGCAGAAGTGTGCCCCCTTTCTGAAGCTTGCAATGTCCTTGCTGACAACTGTTTTCCAGGAGTGTTT,6c6aa60e65055aab258fa380a1592670db5d3601985e9d33cb052975741d08f4,0.224557958516685,TGAGATTTGGGTCCCAGGAAATGGTTGCTTGGCTTGCCCAGTAGAAAAGGAACTTATGCAGTCTGCAGGTTCCCTTTCTGCATGTGAGACCGCTTCAATGTACAAAGATTTTCTAGTTTTCAATGTATCCAACTGCAGAAGTGTGCCCCCTTTCTGAAGCTTGCAATGTCCTTGCTGACAACTGTTTTCCAGGAGTGTTT,94d4bfffec4c4037241d28d2a85438d1ea535aaa7344cd7c5fa48cfce98638e2,0.06365534481685,0.369725419006423,0.228397088781311,-262.9734031148255,-266.12147281318903,-282.6078728539869,-269.07911859825253,-16.676823954097927,1.0,0.369725419006423,0.0,2,0.1509116643413585,0.17490732828716207,0.146091925319964,0.051248492323991424,1.0
chr2:89524565:A:G;chr2:89524614:T:A;var1;middle;OL41|K562|9aa3cb2a7417a77a,chr2:89524565:A:G;chr2:89524614:T:A;var1;middle;OL41,K562,K562_region_01280,100,149,49,GAAAAAGAGATGTCCACAGGATGGCAGTAGCACACACAACTTTTATTGGGTGAAGCTTTGACAGGTTTGCCGGTAGTTCCTGAGAGCAGGAGTCTGTCTATAGGCCAAGGGGCCAAGGTTGTTATTCAGAAGGGGGGGAGGAAGAAATTTGCTGTATAAGGGGCTTATGTGTCTAGGTGTTGTCACACAGCAGTGTTGGG,7e685049099faf8de27cb9a97a8e0fadc00e18372a68a9164a9628c2c679c5c7,0.0,GAAAAAGAGATGTCCACAGGATGGCAGTAGCACACACAACTTTTATTGGGTGAAGCTTTGACAGGTTTGCCGGTAGTTCCTGAGAGCAGGAGTCTGTCTGTAGGCCAAGGGGCCAAGGTTGTTATTCAGAAGGGGGGGAGGAAGAAATTTGCTGTATAAGGGGCTTATGTGTCTAGGTGTTGTCACACAGCAGTGTTGGG,16dfbf664c5521e06309c7544b2ea585494fafa369b7cfa4a38a85c9fe44f4ef,-0.101498993544734,GAAAAAGAGATGTCCACAGGATGGCAGTAGCACACACAACTTTTATTGGGTGAAGCTTTGACAGGTTTGCCGGTAGTTCCTGAGAGCAGGAGTCTGTCTATAGGCCAAGGGGCCAAGGTTGTTATTCAGAAGGGGGGGAGGAAGAAATATGCTGTATAAGGGGCTTATGTGTCTAGGTGTTGTCACACAGCAGTGTTGGG,4cf494c5199aec74f54103678317b6099e51a9587eefe49f202a10f9e7ee30b9,0.293498011613378,GAAAAAGAGATGTCCACAGGATGGCAGTAGCACACACAACTTTTATTGGGTGAAGCTTTGACAGGTTTGCCGGTAGTTCCTGAGAGCAGGAGTCTGTCTGTAGGCCAAGGGGCCAAGGTTGTTATTCAGAAGGGGGGGAGGAAGAAATATGCTGTATAAGGGGCTTATGTGTCTAGGTGTTGTCACACAGCAGTGTTGGG,9aa3cb2a7417a77a23869cfd9cbb49be93366852bad4b1e4e703618b97584db6,0.238516690028864,0.04651767196022,0.152146657030705,-372.6374860722572,-335.7314834389836,-384.5935094644082,-359.064917574171,-11.377410743036364,-1.0,-0.04651767196022,0.0,1,0.17078932837096608,0.18216460459877223,0.1501433469024087,0.3500829277819244,1.0
chr2:95926334:C:A;chr2:95926363:C:A;var1;middle;OL41|K562|6e206699623d0800,chr2:95926334:C:A;chr2:95926363:C:A;var1;middle;OL41,K562,K562_region_01281,100,129,29,CCAATCTTCATTTGGGGGCACTGCCTCCCTCACCAAAGTGCATTCCTGGACATCCTAGAGCAGCCTACTTCACCAGGTTGTAATTTACACCACAGGTCCCCCTAGGACATTGCCAGTCTCCATGGAAACCTTGACAACAAAGCCAGTCTCCTGGGTTCTCATCCTCTCTCCCTCTGGGGACAAGAAGACTGACTGCAAGA,bf57d7a968549c8325db1e028cb05c7d30432647bae716fe649cf1773dba0179,0.0,CCAATCTTCATTTGGGGGCACTGCCTCCCTCACCAAAGTGCATTCCTGGACATCCTAGAGCAGCCTACTTCACCAGGTTGTAATTTACACCACAGGTCCACCTAGGACATTGCCAGTCTCCATGGAAACCTTGACAACAAAGCCAGTCTCCTGGGTTCTCATCCTCTCTCCCTCTGGGGACAAGAAGACTGACTGCAAGA,a6ae71f726c6fd45c355dbaddb112bcf152b9f554169fecb564529ca7a76c2fc,-0.0747699857552342,CCAATCTTCATTTGGGGGCACTGCCTCCCTCACCAAAGTGCATTCCTGGACATCCTAGAGCAGCCTACTTCACCAGGTTGTAATTTACACCACAGGTCCCCCTAGGACATTGCCAGTCTCCATGGAAAACTTGACAACAAAGCCAGTCTCCTGGGTTCTCATCCTCTCTCCCTCTGGGGACAAGAAGACTGACTGCAAGA,c4472141191fda29d782d4a3b3f3084fff5818a9c238169dbd7d1467d949cdba,-0.430376320900516,CCAATCTTCATTTGGGGGCACTGCCTCCCTCACCAAAGTGCATTCCTGGACATCCTAGAGCAGCCTACTTCACCAGGTTGTAATTTACACCACAGGTCCACCTAGGACATTGCCAGTCTCCATGGAAAACTTGACAACAAAGCCAGTCTCCTGGGTTCTCATCCTCTCTCCCTCTGGGGACAAGAAGACTGACTGCAAGA,6e206699623d080050f6b836def8d34f893b116ed96142c91c73d5b03340ae95,-0.757001161333457,0.2518548546777067,0.405661592792572,-296.9730548376683,-314.1424939648714,-301.4486881536432,-315.0055472110398,-3.6125800698064268,1.0,0.2518548546777067,0.0,1,0.17868957667806815,0.18216460459877223,0.1501433469024087,0.46796051525359805,1.0
chr2:9913779:C:A;chr2:9913813:G:C;var1;middle;OL41|K562|584f670a04added1,chr2:9913779:C:A;chr2:9913813:G:C;var1;middle;OL41,K562,K562_region_01211,100,134,34,TGTCATGAACAAGAACTGCAAAACTCTGGGGAGCGCTGCTGCTCTCCAGGTGATTTCTATCAAATAACGCCGCTGGTCCCAAACCATCCTGGGAGGTAACTACTATTATTAAGTAGCGGGCAAGTGGCCATGAGCTAGGGAGTGGCAGAAGCAGGGCAGAAATGGAGGTCAGCGTCTCCGCCTCCCCTCTCTTCAGACTT,b13ac50595df4925c031dec0d8966311b71ae78786d2a5410677ba105e1c96ee,0.0,TGTCATGAACAAGAACTGCAAAACTCTGGGGAGCGCTGCTGCTCTCCAGGTGATTTCTATCAAATAACGCCGCTGGTCCCAAACCATCCTGGGAGGTAAATACTATTATTAAGTAGCGGGCAAGTGGCCATGAGCTAGGGAGTGGCAGAAGCAGGGCAGAAATGGAGGTCAGCGTCTCCGCCTCCCCTCTCTTCAGACTT,1e780f5902266a3d18b8d8d19036b599b59089227768aa8ab922d86685b62ca6,0.203622810338498,TGTCATGAACAAGAACTGCAAAACTCTGGGGAGCGCTGCTGCTCTCCAGGTGATTTCTATCAAATAACGCCGCTGGTCCCAAACCATCCTGGGAGGTAACTACTATTATTAAGTAGCGGGCAAGTGGCCATGACCTAGGGAGTGGCAGAAGCAGGGCAGAAATGGAGGTCAGCGTCTCCGCCTCCCCTCTCTTCAGACTT,daa1169fc7916f299128744e017a6293b513c0c86e2c8345c6eda776cde73099,-0.0863803607700716,TGTCATGAACAAGAACTGCAAAACTCTGGGGAGCGCTGCTGCTCTCCAGGTGATTTCTATCAAATAACGCCGCTGGTCCCAAACCATCCTGGGAGGTAAATACTATTATTAAGTAGCGGGCAAGTGGCCATGACCTAGGGAGTGGCAGAAGCAGGGCAGAAATGGAGGTCAGCGTCTCCGCCTCCCCTCTCTTCAGACTT,584f670a04added1f4f5ef224b86a1cfa868d623fbae9b15b258216db971eb8b,-0.129045857387224,0.2462883069556504,0.351001853326644,-331.33387967711315,-328.9166357219219,-342.10362035548314,-338.979088800028,-0.7072876002638964,1.0,0.2462883069556504,0.0,2,0.17416460043859086,0.17490732828716207,0.146091925319964,0.18890531705937938,1.0
chr3:100131897:A:G;chr3:100131976:C:G;var1;middle;OL41|K562|9b4d7ecabbfa9b45,chr3:100131897:A:G;chr3:100131976:C:G;var1;middle;OL41,K562,K562_region_01598,100,179,79,AGTGTTTGTTGAACAAGTTTCTAACTGATATTGTTGTCAATATTAACAGTCTGGTACCACCATTGCTGTCCAATACCACTGGTGTCAGCCGGGACACCAATTGCTCCTGCTGCTGCAGCTGCCGCCACCAGAAATAGTCTACTTCCATCACAACCACCTTTATAGCCTCTGGCTAGATCCCAGTCCCTAGCATGCTGTGG,a8e2cd39f8d2b971ff97334e85cc3ee4c4c0443b7fa93fd304661cf203f77c0c,0.0,AGTGTTTGTTGAACAAGTTTCTAACTGATATTGTTGTCAATATTAACAGTCTGGTACCACCATTGCTGTCCAATACCACTGGTGTCAGCCGGGACACCAGTTGCTCCTGCTGCTGCAGCTGCCGCCACCAGAAATAGTCTACTTCCATCACAACCACCTTTATAGCCTCTGGCTAGATCCCAGTCCCTAGCATGCTGTGG,194d225ea46544f7cbbdfa3e2cd6e0ac62f58cd331eaf51c2905cf529bdb9446,0.0084738283444898,AGTGTTTGTTGAACAAGTTTCTAACTGATATTGTTGTCAATATTAACAGTCTGGTACCACCATTGCTGTCCAATACCACTGGTGTCAGCCGGGACACCAATTGCTCCTGCTGCTGCAGCTGCCGCCACCAGAAATAGTCTACTTCCATCACAACCACCTTTATAGCCTCTGGCTAGATGCCAGTCCCTAGCATGCTGTGG,c84cac4e143b86ca05cde93d77cdb35eabcf3d1f60d31fc8850898d9642759b4,-0.892582986598502,AGTGTTTGTTGAACAAGTTTCTAACTGATATTGTTGTCAATATTAACAGTCTGGTACCACCATTGCTGTCCAATACCACTGGTGTCAGCCGGGACACCAGTTGCTCCTGCTGCTGCAGCTGCCGCCACCAGAAATAGTCTACTTCCATCACAACCACCTTTATAGCCTCTGGCTAGATGCCAGTCCCTAGCATGCTGTGG,9b4d7ecabbfa9b45e3aed87264b18edc95772687c86eeb4e581eeefeb8a3f0dc,0.134291553548962,1.018400711802974,0.461639516378749,-250.48537198454144,-248.11383118480444,-257.267283661291,-261.2674995865673,-6.3717567250132845,-1.0,-1.018400711802974,0.0,0,0.1775922436325546,0.18565657667894103,0.15145376406925343,0.0969771299843679,1.0
chr3:101815428:T:G;chr3:101815432:T:G;var1;middle;OL32|K562|f7a39f378e553cfb,chr3:101815428:T:G;chr3:101815432:T:G;var1;middle;OL32,K562,K562_region_01599,100,104,4,TTACAAGGAGGAAATCCTCTTTTTTGATGCTACTATAAGGGTAACTTTTATTATTAAAGGAAATATTCCATTAGCGTTTACATGAAGTTCTCTTCATCATGGGTCTTAGTGGTGGGGACTATGTAATATTGGCTCTGGCTAGTTTCTCTGTAATTTGTTGGTAGAGATTAGTTCATCTTCTGGGGTCACAAAAGATCTGG,7a1ad982bec8eee7037f7ce2668910110e74be52ee9a12f124009141f777f67d,0.0,TTACAAGGAGGAAATCCTCTTTTTTGATGCTACTATAAGGGTAACTTTTATTATTAAAGGAAATATTCCATTAGCGTTTACATGAAGTTCTCTTCATCAGGGGTCTTAGTGGTGGGGACTATGTAATATTGGCTCTGGCTAGTTTCTCTGTAATTTGTTGGTAGAGATTAGTTCATCTTCTGGGGTCACAAAAGATCTGG,2028771e283a4cc064fb4846171b69ef0283af2e4612d0c2f700bb9370068aa5,-0.0647144925279765,TTACAAGGAGGAAATCCTCTTTTTTGATGCTACTATAAGGGTAACTTTTATTATTAAAGGAAATATTCCATTAGCGTTTACATGAAGTTCTCTTCATCATGGGGCTTAGTGGTGGGGACTATGTAATATTGGCTCTGGCTAGTTTCTCTGTAATTTGTTGGTAGAGATTAGTTCATCTTCTGGGGTCACAAAAGATCTGG,888780868e1ea9a8faef6129ab7ef3716852fe07bd5b8ba427df70b99fae4507,-0.0822465341424415,TTACAAGGAGGAAATCCTCTTTTTTGATGCTACTATAAGGGTAACTTTTATTATTAAAGGAAATATTCCATTAGCGTTTACATGAAGTTCTCTTCATCAGGGGGCTTAGTGGTGGGGACTATGTAATATTGGCTCTGGCTAGTTTCTCTGTAATTTGTTGGTAGAGATTAGTTCATCTTCTGGGGTCACAAAAGATCTGG,f7a39f378e553cfb5ebcdecf82aed33c1fc6910fd4da5452ef01b6a82ae86bd7,0.147898822403046,0.2948598490734639,0.242976001277281,-381.17320131137967,-386.6938292849809,-373.6619068617001,-386.24052915070206,-7.05799431540072,-1.0,-0.2948598490734639,0.0,4,0.167451568239373,0.17620727786206916,0.145609630836647,0.1820559753814242,1.0
chr3:111730487:T:C;chr3:111730546:G:A;var1;middle;OL41|K562|54d96e2eb227a091,chr3:111730487:T:C;chr3:111730546:G:A;var1;middle;OL41,K562,K562_region_01600,100,159,59,CATATAGAGAATAATTAACCAGGTTACTTTTTGTTCCTTTCTGAGAAGTTTGGGTATGGTTGTCTTAGGGCCACTTTGGGAGGTGTTTGATAGCACTGCTCCCTTGAATCTGGTCACCTGCAGCCTTCTATCAGAACTTCCCTCCTGGGTGTCCAGCCGTATCCTTCCAGCATTCCTTGGCTCTGACACGTGCTTGGCTT,8d22708789c60c94d218c5db0013ea7cc0c4f87e59c9c16df69f07a3c74a0fcf,0.0,CATATAGAGAATAATTAACCAGGTTACTTTTTGTTCCTTTCTGAGAAGTTTGGGTATGGTTGTCTTAGGGCCACTTTGGGAGGTGTTTGATAGCACTGCCCCCTTGAATCTGGTCACCTGCAGCCTTCTATCAGAACTTCCCTCCTGGGTGTCCAGCCGTATCCTTCCAGCATTCCTTGGCTCTGACACGTGCTTGGCTT,b03b7814fdf8d9bcb89a85de7c94b28bc0747f54572778fbee9b6708d4338d24,0.217520530266663,CATATAGAGAATAATTAACCAGGTTACTTTTTGTTCCTTTCTGAGAAGTTTGGGTATGGTTGTCTTAGGGCCACTTTGGGAGGTGTTTGATAGCACTGCTCCCTTGAATCTGGTCACCTGCAGCCTTCTATCAGAACTTCCCTCCTGGGTGTCCAGCCATATCCTTCCAGCATTCCTTGGCTCTGACACGTGCTTGGCTT,89ede6c86b483cc662683d4c55c3dce3e371896537c85571647a15ba3b4638c8,0.409755719671792,CATATAGAGAATAATTAACCAGGTTACTTTTTGTTCCTTTCTGAGAAGTTTGGGTATGGTTGTCTTAGGGCCACTTTGGGAGGTGTTTGATAGCACTGCCCCCTTGAATCTGGTCACCTGCAGCCTTCTATCAGAACTTCCCTCCTGGGTGTCCAGCCATATCCTTCCAGCATTCCTTGGCTCTGACACGTGCTTGGCTT,54d96e2eb227a09117c399cb4c631ce809b76527a306b2a100efdf09ad4305d9,0.333348768061682,0.293927481876773,0.256300308461558,-373.9262450730894,-368.5588054631371,-372.58374247932807,-366.9958568536677,-0.22044601570809164,1.0,0.293927481876773,0.0,1,0.1821408691075019,0.18216460459877223,0.1501433469024087,0.23335137444911652,1.0
chr3:111730546:G:A;chr3:111730591:G:T;var1;middle;OL41|K562|c4d7becdaefdd27e,chr3:111730546:G:A;chr3:111730591:G:T;var1;middle;OL41,K562,K562_region_01600,100,145,45,TTGTCTTAGGGCCACTTTGGGAGGTGTTTGATAGCACTGCTCCCTTGAATCTGGTCACCTGCAGCCTTCTATCAGAACTTCCCTCCTGGGTGTCCAGCCGTATCCTTCCAGCATTCCTTGGCTCTGACACGTGCTTGGCTTTAAGCTCTTTGTTGGCTTCCAGGGAAGGACATGGCAGCTGTGCAGAGGACCCTGATGGC,5f8df920b3ea9656f63d21b05650b0960a410882fa43a9c8c28afaff7819eef8,0.0,TTGTCTTAGGGCCACTTTGGGAGGTGTTTGATAGCACTGCTCCCTTGAATCTGGTCACCTGCAGCCTTCTATCAGAACTTCCCTCCTGGGTGTCCAGCCATATCCTTCCAGCATTCCTTGGCTCTGACACGTGCTTGGCTTTAAGCTCTTTGTTGGCTTCCAGGGAAGGACATGGCAGCTGTGCAGAGGACCCTGATGGC,8c1c5ff67844e649d5f78703b0976ebff24942580252b1e422711d6e4eab4a3f,0.0191469537593869,TTGTCTTAGGGCCACTTTGGGAGGTGTTTGATAGCACTGCTCCCTTGAATCTGGTCACCTGCAGCCTTCTATCAGAACTTCCCTCCTGGGTGTCCAGCCGTATCCTTCCAGCATTCCTTGGCTCTGACACGTGCTTGGCTTTAATCTCTTTGTTGGCTTCCAGGGAAGGACATGGCAGCTGTGCAGAGGACCCTGATGGC,0dfb96fbc0eadb86123a1ed483d9b76769b5bd2686098ec64868a9f9e56e2ad1,0.730667977245629,TTGTCTTAGGGCCACTTTGGGAGGTGTTTGATAGCACTGCTCCCTTGAATCTGGTCACCTGCAGCCTTCTATCAGAACTTCCCTCCTGGGTGTCCAGCCATATCCTTCCAGCATTCCTTGGCTCTGACACGTGCTTGGCTTTAATCTCTTTGTTGGCTTCCAGGGAAGGACATGGCAGCTGTGCAGAGGACCCTGATGGC,c4d7becdaefdd27e891e1b24fe6901db7acfc948746632e1fd9d5bffff1687d4,0.89624341572283,-0.146428484717814,0.224494725806859,-276.58722632937133,-276.5458093099296,-276.0971517674625,-277.4814381636679,1.425703415647149,1.0,-0.146428484717814,0.0,1,0.18381572717016867,0.18216460459877223,0.1501433469024087,0.18509093755449688,1.0
chr3:12266804:A:G;chr3:12266855:G:A;var1;middle;OL28|K562|6c5ee963724e0f25,chr3:12266804:A:G;chr3:12266855:G:A;var1;middle;OL28,K562,K562_region_01571,100,151,51,TTGAGACCAGAAATATGCCATAGGAACTTAACTCTTGTTTACATTGGTCTATGGTAAAATTGGTTTCTTCAATGAAATCCCTATCAAAATACCAATGACATTCTTCACAAAAATGAAAAAAAAAATCCTAAAATTTATATGGAATCACAAGAGATCCCAAATAGCCAAAGCAATCCTAAGCAAAAAGAACAAAGCTGGAG,6f44dda053b1f44ee1f2cb6dc996e9506dd043020cb2ebd418f3c9d0ddc32eb2,0.0,TTGAGACCAGAAATATGCCATAGGAACTTAACTCTTGTTTACATTGGTCTATGGTAAAATTGGTTTCTTCAATGAAATCCCTATCAAAATACCAATGACGTTCTTCACAAAAATGAAAAAAAAAATCCTAAAATTTATATGGAATCACAAGAGATCCCAAATAGCCAAAGCAATCCTAAGCAAAAAGAACAAAGCTGGAG,dfeffe8124284d56698941166e641a9d8868b08ce550c76c9c710659b912f602,-0.165968598019853,TTGAGACCAGAAATATGCCATAGGAACTTAACTCTTGTTTACATTGGTCTATGGTAAAATTGGTTTCTTCAATGAAATCCCTATCAAAATACCAATGACATTCTTCACAAAAATGAAAAAAAAAATCCTAAAATTTATATGGAATCACAAAAGATCCCAAATAGCCAAAGCAATCCTAAGCAAAAAGAACAAAGCTGGAG,a15082201e4030c3f0c13bbf46bd72557fb89cd9f8a3c3e215ca21318583fb33,-0.170437292158377,TTGAGACCAGAAATATGCCATAGGAACTTAACTCTTGTTTACATTGGTCTATGGTAAAATTGGTTTCTTCAATGAAATCCCTATCAAAATACCAATGACGTTCTTCACAAAAATGAAAAAAAAAATCCTAAAATTTATATGGAATCACAAAAGATCCCAAATAGCCAAAGCAATCCTAAGCAAAAAGAACAAAGCTGGAG,6c5ee963724e0f25ef42247c39e1a7bee12ff9ae64bb9840f3665bfc6089ff49,-0.172768695979966,-0.1636371941982639,0.387412495630827,-232.17417084844783,-236.28258000174537,-213.0570593876764,-198.325918732211,-18.839549808762968,1.0,-0.1636371941982639,0.0,0,0.16157875478110195,0.18565657667894103,0.15145376406925343,0.27300573285887897,1.0
chr3:12268191:C:G;chr3:12268244:A:G;var1;middle;OL27|K562|3871f2952cf00b48,chr3:12268191:C:G;chr3:12268244:A:G;var1;middle;OL27,K562,K562_region_01572,100,153,53,ATGTTCTCACTCATATATGAAAGCTAAAAAGTAGCTCTCATGAAGGTAGAGAGTAGAATAGTGGTTACCAGAGGCCAGGAAGGGTAGGAGGAAGCAAGGCGGAATGGAAGGGAAAAAAGAAAATAAATGTATTTATTACCACTGAACTGTGCACTCAAAAATGGTAAAGATAGTAAACATATATATTTTTACCTCAATAA,c42fad164ba4ab08f0ea77dcd79472371d7a487af45fa43ee83dbe33e4a25b28,0.0,ATGTTCTCACTCATATATGAAAGCTAAAAAGTAGCTCTCATGAAGGTAGAGAGTAGAATAGTGGTTACCAGAGGCCAGGAAGGGTAGGAGGAAGCAAGGGGGAATGGAAGGGAAAAAAGAAAATAAATGTATTTATTACCACTGAACTGTGCACTCAAAAATGGTAAAGATAGTAAACATATATATTTTTACCTCAATAA,c72c39613fd8e2bca1809c5d22accf7c09609dd825266cfd9bc09a7d69482f42,-0.182910691455156,ATGTTCTCACTCATATATGAAAGCTAAAAAGTAGCTCTCATGAAGGTAGAGAGTAGAATAGTGGTTACCAGAGGCCAGGAAGGGTAGGAGGAAGCAAGGCGGAATGGAAGGGAAAAAAGAAAATAAATGTATTTATTACCACTGAACTGTGCGCTCAAAAATGGTAAAGATAGTAAACATATATATTTTTACCTCAATAA,ba1e2fd6ff8152bfb3a0b5253a065eda921320cbb7788d843cfc139431dcd95b,0.230475525049296,ATGTTCTCACTCATATATGAAAGCTAAAAAGTAGCTCTCATGAAGGTAGAGAGTAGAATAGTGGTTACCAGAGGCCAGGAAGGGTAGGAGGAAGCAAGGGGGAATGGAAGGGAAAAAAGAAAATAAATGTATTTATTACCACTGAACTGTGCGCTCAAAAATGGTAAAGATAGTAAACATATATATTTTTACCTCAATAA,3871f2952cf00b48f7c7fe8051056db35c72da0653ad09c11008bb0f784d1847,-0.22624493061285,0.27380976420699,0.268721326801913,-164.11311011388898,-157.072660850361,-168.97832887247205,-161.93425158038735,-0.003628028556704521,1.0,0.27380976420699,0.0,1,0.18236146837206121,0.18216460459877223,0.1501433469024087,0.2435940896758726,1.0
chr3:123349783:A:T;chr3:123349827:T:G;var1;middle;OL41|K562|c6a97da6d0ac2429,chr3:123349783:A:T;chr3:123349827:T:G;var1;middle;OL41,K562,K562_region_01601,100,144,44,GCTTACTGACCTTACCTCTCACCTCTGTGCACCTCACCTTCATAGCAACAACTCACCCCACTGTTCATGAGGGCCTTGTGAGTCAGCCTCATGGGTGTTAGACCAGCACAGTTGCCCACAGTCCCACCCTTAGACAGGCCCTGTGCTTGGTTTAATGCTCTGCTGCTGTCGTCTCAAGATTCTCAATAAGGTTTGAACAA,219e50cc43d7d39d403e3a3bdc81afa44c14f9ba41e5827647a865cb1115dedd,0.0,GCTTACTGACCTTACCTCTCACCTCTGTGCACCTCACCTTCATAGCAACAACTCACCCCACTGTTCATGAGGGCCTTGTGAGTCAGCCTCATGGGTGTTTGACCAGCACAGTTGCCCACAGTCCCACCCTTAGACAGGCCCTGTGCTTGGTTTAATGCTCTGCTGCTGTCGTCTCAAGATTCTCAATAAGGTTTGAACAA,ea885e4edae2fa022883b9af0ea6e54391df0cce244f5f305bc32ba80a7ef4d1,0.0893909755856939,GCTTACTGACCTTACCTCTCACCTCTGTGCACCTCACCTTCATAGCAACAACTCACCCCACTGTTCATGAGGGCCTTGTGAGTCAGCCTCATGGGTGTTAGACCAGCACAGTTGCCCACAGTCCCACCCTTAGACAGGCCCTGGGCTTGGTTTAATGCTCTGCTGCTGTCGTCTCAAGATTCTCAATAAGGTTTGAACAA,0968bc48637696070a81109717a9b394a7e9388648a81707f2082e71f2390abf,-0.252590898752693,GCTTACTGACCTTACCTCTCACCTCTGTGCACCTCACCTTCATAGCAACAACTCACCCCACTGTTCATGAGGGCCTTGTGAGTCAGCCTCATGGGTGTTTGACCAGCACAGTTGCCCACAGTCCCACCCTTAGACAGGCCCTGGGCTTGGTTTAATGCTCTGCTGCTGTCGTCTCAAGATTCTCAATAAGGTTTGAACAA,c6a97da6d0ac24292cee3292216b9e3de82f4be145bd9acf3ee65d3aa9dee75f,0.130201852787771,0.2934017759547701,0.383094699468129,-313.82820314215496,-302.4487398164347,-353.0386615529424,-333.8848613201408,7.774336907081249,-1.0,-0.2934017759547701,0.0,2,0.18651453147604807,0.17490732828716207,0.146091925319964,0.2342544095549045,1.0
chr3:12351555:C:T;chr3:12351588:C:A;var1;middle;OL41|K562|50dfc2cd7153a350,chr3:12351555:C:T;chr3:12351588:C:A;var1;middle;OL41,K562,K562_region_01573,100,133,33,TCGAATGAATATAAACTAATCTTGAGTTAAATGACCAGATGGCAGAGGTGAAAGAACGGCAATCCTTGGTGTCTACTCCCCCCAGAATGGATCTTGTCTCTGCCCTACTGTGTTTCACATCTGGGGACGATTCCTTCTAAGATACAGTGCAGTTCTGAATGGGTTCAGAAGGAAGAGGACTGGTAGCAGGAGGGGGTCTG,861e9a78ee58abecc2f84845f67925c21f946727480984aeb8e71ca54ed410b9,0.0,TCGAATGAATATAAACTAATCTTGAGTTAAATGACCAGATGGCAGAGGTGAAAGAACGGCAATCCTTGGTGTCTACTCCCCCCAGAATGGATCTTGTCTTTGCCCTACTGTGTTTCACATCTGGGGACGATTCCTTCTAAGATACAGTGCAGTTCTGAATGGGTTCAGAAGGAAGAGGACTGGTAGCAGGAGGGGGTCTG,71d67e096335fc6039e7cb65a3ea5aeea35fd56506545199f7188ea9c63e81be,0.129598329511994,TCGAATGAATATAAACTAATCTTGAGTTAAATGACCAGATGGCAGAGGTGAAAGAACGGCAATCCTTGGTGTCTACTCCCCCCAGAATGGATCTTGTCTCTGCCCTACTGTGTTTCACATCTGGGGACGATTACTTCTAAGATACAGTGCAGTTCTGAATGGGTTCAGAAGGAAGAGGACTGGTAGCAGGAGGGGGTCTG,c10bc1b2d7678511c6e8141ef3e44f025afac0a686932b7f105e9506faa311cc,0.027147272654974,TCGAATGAATATAAACTAATCTTGAGTTAAATGACCAGATGGCAGAGGTGAAAGAACGGCAATCCTTGGTGTCTACTCCCCCCAGAATGGATCTTGTCTTTGCCCTACTGTGTTTCACATCTGGGGACGATTACTTCTAAGATACAGTGCAGTTCTGAATGGGTTCAGAAGGAAGAGGACTGGTAGCAGGAGGGGGTCTG,50dfc2cd7153a35062e91321f0a39cf9b11a8ad7ae905500b940705ae4ebff41,-0.168490444117621,0.325236046284589,0.338620624311689,-436.0839452804066,-450.17113529518247,-302.80711226537824,-353.3554112762213,36.461108996067196,1.0,0.325236046284589,0.0,0,0.23260627964461242,0.18565657667894103,0.15145376406925343,0.1079462271093359,1.0
chr3:12466433:A:G;chr3:12466490:A:G;var1;middle;OL30|K562|12c93d2b62198e26,chr3:12466433:A:G;chr3:12466490:A:G;var1;middle;OL30,K562,K562_region_01574,100,157,57,TATCTCTCTGAGCCTTAATTTCCTTATCAGGACCCTGAGCAAACCAAATAACATGATGTGAAGCCTCTGGCACAATGCCTGGGACATGTTCAGCACACAATAAATGCTAATTTTCCCTTTTGCCCTATATGATATGATTTGAAGCAGCGCCACTCAATCCTGCCAGTCACATTGCTGGAAATGCCACCAACAGTCATTCT,e84910f22481e1bf3f44a19099727aaa26f98e03296adbcd5a53f0a600b3635f,0.0,TATCTCTCTGAGCCTTAATTTCCTTATCAGGACCCTGAGCAAACCAAATAACATGATGTGAAGCCTCTGGCACAATGCCTGGGACATGTTCAGCACACAGTAAATGCTAATTTTCCCTTTTGCCCTATATGATATGATTTGAAGCAGCGCCACTCAATCCTGCCAGTCACATTGCTGGAAATGCCACCAACAGTCATTCT,4a0125dc40a7ab94801efb855552d25bb96f2d685a255194bee216d563f2a41a,-0.112027315164513,TATCTCTCTGAGCCTTAATTTCCTTATCAGGACCCTGAGCAAACCAAATAACATGATGTGAAGCCTCTGGCACAATGCCTGGGACATGTTCAGCACACAATAAATGCTAATTTTCCCTTTTGCCCTATATGATATGATTTGAAGCAGCGCCACTCAGTCCTGCCAGTCACATTGCTGGAAATGCCACCAACAGTCATTCT,30a166eca30a6543eb8d42ce66619c0d71a277fd08f2ca624ae1e4b993d2dffb,-0.329002878199136,TATCTCTCTGAGCCTTAATTTCCTTATCAGGACCCTGAGCAAACCAAATAACATGATGTGAAGCCTCTGGCACAATGCCTGGGACATGTTCAGCACACAGTAAATGCTAATTTTCCCTTTTGCCCTATATGATATGATTTGAAGCAGCGCCACTCAGTCCTGCCAGTCACATTGCTGGAAATGCCACCAACAGTCATTCT,12c93d2b62198e26411dbb2d525fc78c7f71676b03788655ea6144e1e4f7983b,-0.154773483225048,0.286256710138601,0.207476779992932,-221.9097031652928,-234.8967991117388,-228.55160729866475,-246.0588465994224,-4.520143354311642,-1.0,-0.286256710138601,0.0,3,0.17236858892446288,0.18106719778262317,0.1474303780702046,0.24767518108901998,1.0
chr3:125634825:T:C;chr3:125634881:G:C;var1;middle;OL41|K562|a58a2c81e51f0484,chr3:125634825:T:C;chr3:125634881:G:C;var1;middle;OL41,K562,K562_region_01602,100,156,56,CAGCCCCGATCCGCCTCCCAGTCCCTTGGTCCCTGCCAACACCGGACCCTCCCTAAGCTCCGCCTCCCAGGGCCCGCCTCCTGAGCGCAGCCCGCAGCCTAGACTCGGCCCCGCCTCCCGGACCCTGGGCCCCTCCCCACGTCGGCCTGTCCTAAGATCCGCCTCCCAGAGTTCGAGCAGTGCCTGGCAACGTGCTACGA,f1702770ea22fc0272c35eaf3b5ce79d1061fc3fbcba9628bb42dad5cbdf6701,0.0,CAGCCCCGATCCGCCTCCCAGTCCCTTGGTCCCTGCCAACACCGGACCCTCCCTAAGCTCCGCCTCCCAGGGCCCGCCTCCTGAGCGCAGCCCGCAGCCCAGACTCGGCCCCGCCTCCCGGACCCTGGGCCCCTCCCCACGTCGGCCTGTCCTAAGATCCGCCTCCCAGAGTTCGAGCAGTGCCTGGCAACGTGCTACGA,f7e433c624b753d5c37ece199f8ff542c17a20a6b59550ed520be401516af6e2,-0.294047060613332,CAGCCCCGATCCGCCTCCCAGTCCCTTGGTCCCTGCCAACACCGGACCCTCCCTAAGCTCCGCCTCCCAGGGCCCGCCTCCTGAGCGCAGCCCGCAGCCTAGACTCGGCCCCGCCTCCCGGACCCTGGGCCCCTCCCCACGTCGGCCTGTCCTAACATCCGCCTCCCAGAGTTCGAGCAGTGCCTGGCAACGTGCTACGA,1de5c8dd0f2ad5cba5af1efac0aee694799ea4fcf1e6c0774043a0c46e7a1ba2,-0.122307215155634,CAGCCCCGATCCGCCTCCCAGTCCCTTGGTCCCTGCCAACACCGGACCCTCCCTAAGCTCCGCCTCCCAGGGCCCGCCTCCTGAGCGCAGCCCGCAGCCCAGACTCGGCCCCGCCTCCCGGACCCTGGGCCCCTCCCCACGTCGGCCTGTCCTAACATCCGCCTCCCAGAGTTCGAGCAGTGCCTGGCAACGTGCTACGA,a58a2c81e51f0484bfe0349a6d1e127ded08cb101616a674ef1843b3107035a2,0.316232761324185,0.732587037093151,0.25546847533424,-321.97458615060896,-293.43538068421185,-342.0318439253606,-318.0154224592261,-4.522784000262618,-1.0,-0.732587037093151,0.0,1,0.1777634989098181,0.18216460459877223,0.1501433469024087,0.28041934636766963,1.0
chr3:125634873:T:C;chr3:125634881:G:C;var1;middle;OL41|K562|5145a1462f4bd6bd,chr3:125634873:T:C;chr3:125634881:G:C;var1;middle;OL41,K562,K562_region_01602,100,108,8,CTCCCTAAGCTCCGCCTCCCAGGGCCCGCCTCCTGAGCGCAGCCCGCAGCCTAGACTCGGCCCCGCCTCCCGGACCCTGGGCCCCTCCCCACGTCGGCCTGTCCTAAGATCCGCCTCCCAGAGTTCGAGCAGTGCCTGGCAACGTGCTACGACATAGTCAACGCCCCGCCCTGGCCCCGCCTCCTGAGCCCTTCTCTGGG,16e7b7437dce4149e2cbea2c3bec2ca8ed2700c9c9567ea21acf45dc9c3a0b4c,0.0,CTCCCTAAGCTCCGCCTCCCAGGGCCCGCCTCCTGAGCGCAGCCCGCAGCCTAGACTCGGCCCCGCCTCCCGGACCCTGGGCCCCTCCCCACGTCGGCCCGTCCTAAGATCCGCCTCCCAGAGTTCGAGCAGTGCCTGGCAACGTGCTACGACATAGTCAACGCCCCGCCCTGGCCCCGCCTCCTGAGCCCTTCTCTGGG,fcf9b22cc91b208a072c4029d928dc22af1aa8c757b86d02067876b145847bff,-0.28083662542713,CTCCCTAAGCTCCGCCTCCCAGGGCCCGCCTCCTGAGCGCAGCCCGCAGCCTAGACTCGGCCCCGCCTCCCGGACCCTGGGCCCCTCCCCACGTCGGCCTGTCCTAACATCCGCCTCCCAGAGTTCGAGCAGTGCCTGGCAACGTGCTACGACATAGTCAACGCCCCGCCCTGGCCCCGCCTCCTGAGCCCTTCTCTGGG,219983884189fd3e15e78caedbf0cb8cd86941348f80a12182092021f9e424f7,-0.222271395130909,CTCCCTAAGCTCCGCCTCCCAGGGCCCGCCTCCTGAGCGCAGCCCGCAGCCTAGACTCGGCCCCGCCTCCCGGACCCTGGGCCCCTCCCCACGTCGGCCCGTCCTAACATCCGCCTCCCAGAGTTCGAGCAGTGCCTGGCAACGTGCTACGACATAGTCAACGCCCCGCCCTGGCCCCGCCTCCTGAGCCCTTCTCTGGG,5145a1462f4bd6bd65b53fb9e49daf47fb6faca81d9689deb2850420466bfde0,-0.126771470305353,0.376336550252686,0.230282810535272,-291.82968449406326,-332.0515367107,-344.8773236873094,-368.6616099590901,16.43756594485609,-1.0,-0.376336550252686,0.0,1,0.19908939462330566,0.18216460459877223,0.1501433469024087,0.2871971964895258,1.0
chr3:125635682:A:G;chr3:125635718:C:A;var1;middle;OL41|K562|1bcb93aaba81579c,chr3:125635682:A:G;chr3:125635718:C:A;var1;middle;OL41,K562,K562_region_01603,100,136,36,AGAGGCCCGCAGGGCTCGCGGGAGTCCAGGGGCAGACGGGATGGGTCTCCGTGCAGAAGCCCCCGACACGCCCGCCACGTGAGTGCCTGGGCTCCCGCCAGTCAGGTCCGCGCGACCCGGTCCCCATCCCTGGGGCCTGGCCAGAGTCGCTCACACCCTTCCTGCCCCGCGGGCTGGCGGCATAAGCTGGGGGCCTCTCC,901c19bf0275d87f7127cfd4881701604e922c18bf918aabf52e30aa2c3a3953,0.0,AGAGGCCCGCAGGGCTCGCGGGAGTCCAGGGGCAGACGGGATGGGTCTCCGTGCAGAAGCCCCCGACACGCCCGCCACGTGAGTGCCTGGGCTCCCGCCGGTCAGGTCCGCGCGACCCGGTCCCCATCCCTGGGGCCTGGCCAGAGTCGCTCACACCCTTCCTGCCCCGCGGGCTGGCGGCATAAGCTGGGGGCCTCTCC,e1b2fa444b96db6eb32754ddc6ba6f6e62a8bf7d13cd078465c060998f5ebe78,-0.325746533204723,AGAGGCCCGCAGGGCTCGCGGGAGTCCAGGGGCAGACGGGATGGGTCTCCGTGCAGAAGCCCCCGACACGCCCGCCACGTGAGTGCCTGGGCTCCCGCCAGTCAGGTCCGCGCGACCCGGTCCCCATCCCTGGGGACTGGCCAGAGTCGCTCACACCCTTCCTGCCCCGCGGGCTGGCGGCATAAGCTGGGGGCCTCTCC,299bfd470f0948d31c939a2a22967db87c5ded56e787af8c3f27e70791794701,-0.048604219298209,AGAGGCCCGCAGGGCTCGCGGGAGTCCAGGGGCAGACGGGATGGGTCTCCGTGCAGAAGCCCCCGACACGCCCGCCACGTGAGTGCCTGGGCTCCCGCCGGTCAGGTCCGCGCGACCCGGTCCCCATCCCTGGGGACTGGCCAGAGTCGCTCACACCCTTCCTGCCCCGCGGGCTGGCGGCATAAGCTGGGGGCCTCTCC,1bcb93aaba81579c11ec8522f5e223a8f96a6337086eff978823fd323dcd6734,-0.47394892276488,0.0995981702619479,0.536017405740706,-252.1759894117713,-254.56845080852509,-253.46439906954765,-255.34278531372547,-0.5140751525759697,1.0,0.0995981702619479,0.0,0,0.1851157819143893,0.18565657667894103,0.15145376406925343,0.2345893918394072,1.0
chr3:125636117:A:G;chr3:125636177:T:C;var1;middle;OL41|K562|8bd1214eb171f819,chr3:125636117:A:G;chr3:125636177:T:C;var1;middle;OL41,K562,K562_region_01604,100,160,60,TCGGCTCATGCTCTGAGGCTCTCACACCTGTGATGGAAGAGACAGAGAAGGGGGTGGCCTCTCGTCTCCCTGGGGACCTACCATTCTCAGCACAGGCACATGGCAGGCAGCAGCCTCCCTTCTGCCAGTAGAGGGGCTTAATGCACCCGGCCCCATTTGTAATTCATGTGCAGTGAGCTCACTGGGATGAGTCAGTTTGG,85d0841f544f6ddf4b47be17f36bb9bc56dce11244ddf1a0a8811eba596b85b5,0.0,TCGGCTCATGCTCTGAGGCTCTCACACCTGTGATGGAAGAGACAGAGAAGGGGGTGGCCTCTCGTCTCCCTGGGGACCTACCATTCTCAGCACAGGCACGTGGCAGGCAGCAGCCTCCCTTCTGCCAGTAGAGGGGCTTAATGCACCCGGCCCCATTTGTAATTCATGTGCAGTGAGCTCACTGGGATGAGTCAGTTTGG,7c7d98bbed93f4025c2b61c765978a77cf2deb74217c776d0629f4aa00ff60ea,0.400395404162543,TCGGCTCATGCTCTGAGGCTCTCACACCTGTGATGGAAGAGACAGAGAAGGGGGTGGCCTCTCGTCTCCCTGGGGACCTACCATTCTCAGCACAGGCACATGGCAGGCAGCAGCCTCCCTTCTGCCAGTAGAGGGGCTTAATGCACCCGGCCCCATTTGCAATTCATGTGCAGTGAGCTCACTGGGATGAGTCAGTTTGG,443b4d1d9c7403fc2cbe71440fcda807eb36943ddd91ed91e4a857402b0907b8,0.545955170253384,TCGGCTCATGCTCTGAGGCTCTCACACCTGTGATGGAAGAGACAGAGAAGGGGGTGGCCTCTCGTCTCCCTGGGGACCTACCATTCTCAGCACAGGCACGTGGCAGGCAGCAGCCTCCCTTCTGCCAGTAGAGGGGCTTAATGCACCCGGCCCCATTTGCAATTCATGTGCAGTGAGCTCACTGGGATGAGTCAGTTTGG,8bd1214eb171f81989a784936633deb24225f36feaabfcf15cdeb58ad9f5060c,0.697147898654012,0.249202675761915,0.257798769760443,-332.49014716688544,-330.5877108713612,-331.5057106558233,-329.1560083311051,-0.4472660291939974,1.0,0.249202675761915,0.0,3,0.180572119016501,0.18106719778262317,0.1474303780702046,0.3125120177484819,1.0
chr3:125636117:A:G;chr3:125636189:A:G;var1;middle;OL41|K562|94ed2c7c7fb30291,chr3:125636117:A:G;chr3:125636189:A:G;var1;middle;OL41,K562,K562_region_01604,100,172,72,TCGGCTCATGCTCTGAGGCTCTCACACCTGTGATGGAAGAGACAGAGAAGGGGGTGGCCTCTCGTCTCCCTGGGGACCTACCATTCTCAGCACAGGCACATGGCAGGCAGCAGCCTCCCTTCTGCCAGTAGAGGGGCTTAATGCACCCGGCCCCATTTGTAATTCATGTGCAGTGAGCTCACTGGGATGAGTCAGTTTGG,85d0841f544f6ddf4b47be17f36bb9bc56dce11244ddf1a0a8811eba596b85b5,0.0,TCGGCTCATGCTCTGAGGCTCTCACACCTGTGATGGAAGAGACAGAGAAGGGGGTGGCCTCTCGTCTCCCTGGGGACCTACCATTCTCAGCACAGGCACGTGGCAGGCAGCAGCCTCCCTTCTGCCAGTAGAGGGGCTTAATGCACCCGGCCCCATTTGTAATTCATGTGCAGTGAGCTCACTGGGATGAGTCAGTTTGG,7c7d98bbed93f4025c2b61c765978a77cf2deb74217c776d0629f4aa00ff60ea,0.400031990928392,TCGGCTCATGCTCTGAGGCTCTCACACCTGTGATGGAAGAGACAGAGAAGGGGGTGGCCTCTCGTCTCCCTGGGGACCTACCATTCTCAGCACAGGCACATGGCAGGCAGCAGCCTCCCTTCTGCCAGTAGAGGGGCTTAATGCACCCGGCCCCATTTGTAATTCATGTGCGGTGAGCTCACTGGGATGAGTCAGTTTGG,754c5861cc74338f287876f7e99798191342fa3bf3ab26632b228fee1f9792fd,0.474681018873667,TCGGCTCATGCTCTGAGGCTCTCACACCTGTGATGGAAGAGACAGAGAAGGGGGTGGCCTCTCGTCTCCCTGGGGACCTACCATTCTCAGCACAGGCACGTGGCAGGCAGCAGCCTCCCTTCTGCCAGTAGAGGGGCTTAATGCACCCGGCCCCATTTGTAATTCATGTGCGGTGAGCTCACTGGGATGAGTCAGTTTGG,94ed2c7c7fb30291f8dff8dd89d8648700af894b5676e178f06850add46311ee,0.757179164632982,0.117533845169077,0.220433040069353,-332.49014716688544,-330.5877108713612,-345.1870459630154,-343.5846827682108,0.30007310071965776,1.0,0.117533845169077,0.0,3,0.1820773985895918,0.18106719778262317,0.1474303780702046,0.22902852205469248,1.0
chr3:125636177:T:C;chr3:125636189:A:G;var1;middle;OL41|K562|4d85c323e2bcf7c9,chr3:125636177:T:C;chr3:125636189:A:G;var1;middle;OL41,K562,K562_region_01604,100,112,12,CTCGTCTCCCTGGGGACCTACCATTCTCAGCACAGGCACATGGCAGGCAGCAGCCTCCCTTCTGCCAGTAGAGGGGCTTAATGCACCCGGCCCCATTTGTAATTCATGTGCAGTGAGCTCACTGGGATGAGTCAGTTTGGATATATATTCCTCCCTGGAATTTTATGGGGTGTTGCTTAATCATTTGCGTTATTCCATTG,7264367b1e4cdf3124a648f69f2638f79cac4e64a27ef9e92785a99e3b578ccf,0.0,CTCGTCTCCCTGGGGACCTACCATTCTCAGCACAGGCACATGGCAGGCAGCAGCCTCCCTTCTGCCAGTAGAGGGGCTTAATGCACCCGGCCCCATTTGCAATTCATGTGCAGTGAGCTCACTGGGATGAGTCAGTTTGGATATATATTCCTCCCTGGAATTTTATGGGGTGTTGCTTAATCATTTGCGTTATTCCATTG,8efe973513001868fe8f1bd2d5c5357b3bdb644aa7d205b45bf03dad23177e64,-0.0701461326523609,CTCGTCTCCCTGGGGACCTACCATTCTCAGCACAGGCACATGGCAGGCAGCAGCCTCCCTTCTGCCAGTAGAGGGGCTTAATGCACCCGGCCCCATTTGTAATTCATGTGCGGTGAGCTCACTGGGATGAGTCAGTTTGGATATATATTCCTCCCTGGAATTTTATGGGGTGTTGCTTAATCATTTGCGTTATTCCATTG,f5ce71bba788ad218a121d653346c4f72d5170b09cf3bd430b5fcf628b10b072,0.207337891263599,CTCGTCTCCCTGGGGACCTACCATTCTCAGCACAGGCACATGGCAGGCAGCAGCCTCCCTTCTGCCAGTAGAGGGGCTTAATGCACCCGGCCCCATTTGCAATTCATGTGCGGTGAGCTCACTGGGATGAGTCAGTTTGGATATATATTCCTCCCTGGAATTTTATGGGGTGTTGCTTAATCATTTGCGTTATTCCATTG,4d85c323e2bcf7c92cbfe8cf05e3e52373832a2010d8d0d03497ac7329424bf5,0.40833192825974,0.2711401696485019,0.240341285930497,-454.2240672996268,-448.5119170076214,-471.6122300652787,-466.9031944242306,-1.0031146509573432,-1.0,-0.2711401696485019,0.0,3,0.17945253683141227,0.18106719778262317,0.1474303780702046,0.3194715021248544,1.0
chr3:125655224:G:C;chr3:125655269:C:T;var1;middle;OL41|K562|ebce6b01ddd292e0,chr3:125655224:G:C;chr3:125655269:C:T;var1;middle;OL41,K562,K562_region_01605,100,145,45,AGGAATTGTGTTTTGCCTTGAATGGACATTTGGAAACTCCAGACTCTAGCCAGCCCCTCTCAGCCACGGAGTCATTGCTCCCCCTGGTGTAAACACAGAGACTAGTCACCCTGTGTCAGGCATTCCCACCCACTGCAGCCCTCCCTGGACCACAAGGAGCCAAGGGCAGGCAAGAAAGCTTCAGGCTCCCTCTGGCTGTT,d3e1f0217f84ac64da4452b3cdeb9dd63a84c2adc076e89d113dac7c939ddc42,0.0,AGGAATTGTGTTTTGCCTTGAATGGACATTTGGAAACTCCAGACTCTAGCCAGCCCCTCTCAGCCACGGAGTCATTGCTCCCCCTGGTGTAAACACAGACACTAGTCACCCTGTGTCAGGCATTCCCACCCACTGCAGCCCTCCCTGGACCACAAGGAGCCAAGGGCAGGCAAGAAAGCTTCAGGCTCCCTCTGGCTGTT,36b905b91a186e53ca9cee7c4435a60cc9c18102b252fcb4637c34b66a5646a6,-0.0632193516410747,AGGAATTGTGTTTTGCCTTGAATGGACATTTGGAAACTCCAGACTCTAGCCAGCCCCTCTCAGCCACGGAGTCATTGCTCCCCCTGGTGTAAACACAGAGACTAGTCACCCTGTGTCAGGCATTCCCACCCACTGCAGCCCTCCTTGGACCACAAGGAGCCAAGGGCAGGCAAGAAAGCTTCAGGCTCCCTCTGGCTGTT,67ba4ea772c0defd80ffbacdbce9c15f2c9790423f29f888aecd53cd2251502e,-0.190743060180873,AGGAATTGTGTTTTGCCTTGAATGGACATTTGGAAACTCCAGACTCTAGCCAGCCCCTCTCAGCCACGGAGTCATTGCTCCCCCTGGTGTAAACACAGACACTAGTCACCCTGTGTCAGGCATTCCCACCCACTGCAGCCCTCCTTGGACCACAAGGAGCCAAGGGCAGGCAAGAAAGCTTCAGGCTCCCTCTGGCTGTT,ebce6b01ddd292e019caae6a0dc470c10a06cc7d1a2a85ae8afbe0793b439175,-0.293152587379434,0.0391901755574863,0.191224014656794,-344.93719922029413,-363.8084388957359,-341.2892982538324,-355.8787992129801,-4.281738716294058,1.0,0.0391901755574863,0.0,4,0.17089249085110284,0.17620727786206916,0.145609630836647,0.3508618933757549,1.0
chr3:125788421:T:C;chr3:125788472:T:G;var1;middle;OL41|K562|dc5f29241213e123,chr3:125788421:T:C;chr3:125788472:T:G;var1;middle;OL41,K562,K562_region_01606,100,151,51,GCAAACAACAACAAGCAGCAACAGTAAATCCTGGGAAGGGGGGAATCTCATTTCCACACCTGTCACGTTATATACTGTTAAAGGTCTAGTTTTCAACAATAAAAATGAGACATGCCAAGAAATAAGAAAGTATGGCCCATTAAAAAAAATTAATAGAAACTGTCCCTGAAGGAGGCTAAAACTTTGAATTGGCTGTTTTA,4ad7cc75696a85c509f01737ee03465f289082b67ba42cd40f339fb4c6e87b47,0.0,GCAAACAACAACAAGCAGCAACAGTAAATCCTGGGAAGGGGGGAATCTCATTTCCACACCTGTCACGTTATATACTGTTAAAGGTCTAGTTTTCAACAACAAAAATGAGACATGCCAAGAAATAAGAAAGTATGGCCCATTAAAAAAAATTAATAGAAACTGTCCCTGAAGGAGGCTAAAACTTTGAATTGGCTGTTTTA,c691c099d3c4284c7846c65d9533839306af35b15f64f71914b75506f4d01c1b,0.114932011864764,GCAAACAACAACAAGCAGCAACAGTAAATCCTGGGAAGGGGGGAATCTCATTTCCACACCTGTCACGTTATATACTGTTAAAGGTCTAGTTTTCAACAATAAAAATGAGACATGCCAAGAAATAAGAAAGTATGGCCCATTAAAAAAAATGAATAGAAACTGTCCCTGAAGGAGGCTAAAACTTTGAATTGGCTGTTTTA,84642fa7435e3374a90618da082eff1c780b80c2b393685b04b5a52476796e89,0.0727482242259479,GCAAACAACAACAAGCAGCAACAGTAAATCCTGGGAAGGGGGGAATCTCATTTCCACACCTGTCACGTTATATACTGTTAAAGGTCTAGTTTTCAACAACAAAAATGAGACATGCCAAGAAATAAGAAAGTATGGCCCATTAAAAAAAATGAATAGAAACTGTCCCTGAAGGAGGCTAAAACTTTGAATTGGCTGTTTTA,dc5f29241213e123f1d2c319fe51da7798cb578422629bca704a6f7362d50b83,-0.0324517007969719,0.2201319368876838,0.432711739220667,-240.68991528451443,-242.8089472576976,-244.5198309496045,-257.94250129163265,11.303638368844986,1.0,0.2201319368876838,0.0,3,0.20424061922972345,0.18106719778262317,0.1474303780702046,0.16472765141870144,1.0
chr3:12615964:G:A;chr3:12615984:T:C;var1;middle;OL41|K562|81ab427982acba8f,chr3:12615964:G:A;chr3:12615984:T:C;var1;middle;OL41,K562,K562_region_01575,100,120,20,GACTAGGCTGCCAGCCTCAAGCCTCATGGTAAGGACGAGTCAGCATCTCTGATGTAGACATGGCTCAGAGTCGGGGGAAACAGTGCCCAGAGGAGCTGGGGGACTAGGGCCGCAGTCCTTACGGACTCTGACTCCACTGCAGTTTAACCTTTTTGGATCTCCGTGTTCTCAGTCCTAAATGGGTGGTGACCATGTCACCT,0ecb776510737b5d2b630855378cafb7a88a75a0cb7eb96312c211cd8d5368a2,0.0,GACTAGGCTGCCAGCCTCAAGCCTCATGGTAAGGACGAGTCAGCATCTCTGATGTAGACATGGCTCAGAGTCGGGGGAAACAGTGCCCAGAGGAGCTGGAGGACTAGGGCCGCAGTCCTTACGGACTCTGACTCCACTGCAGTTTAACCTTTTTGGATCTCCGTGTTCTCAGTCCTAAATGGGTGGTGACCATGTCACCT,5f6ec5d2a5a8b2e29d8ae67db2255eb98a1d508449e7547f0eecaf36870baf0e,-0.0621443108940826,GACTAGGCTGCCAGCCTCAAGCCTCATGGTAAGGACGAGTCAGCATCTCTGATGTAGACATGGCTCAGAGTCGGGGGAAACAGTGCCCAGAGGAGCTGGGGGACTAGGGCCGCAGTCCTCACGGACTCTGACTCCACTGCAGTTTAACCTTTTTGGATCTCCGTGTTCTCAGTCCTAAATGGGTGGTGACCATGTCACCT,cf5eba0bdd86918539b93df20536081fdcd13048dc9000b90e395f52452ae30d,-0.0841525815492538,GACTAGGCTGCCAGCCTCAAGCCTCATGGTAAGGACGAGTCAGCATCTCTGATGTAGACATGGCTCAGAGTCGGGGGAAACAGTGCCCAGAGGAGCTGGAGGACTAGGGCCGCAGTCCTCACGGACTCTGACTCCACTGCAGTTTAACCTTTTTGGATCTCCGTGTTCTCAGTCCTAAATGGGTGGTGACCATGTCACCT,81ab427982acba8fb3175a1019af7a49132931a0e1c9e2ea683b40ff73bade0a,-0.148450291913422,0.0021533994700855,0.187288816244502,-245.2898381575942,-252.38967052474612,-246.1456300169229,-262.1483252737671,8.902862889692301,1.0,0.0021533994700855,0.0,4,0.1872336353074297,0.17620727786206916,0.145609630836647,0.005524959150534858,1.0
chr3:126247795:C:T;chr3:126247848:C:T;var1;middle;OL41|K562|2c4d4a93eb77c5cb,chr3:126247795:C:T;chr3:126247848:C:T;var1;middle;OL41,K562,K562_region_01607,100,153,53,CCTGATCCCCAGAAGGAATGTCCCTGACTCTGAGACATGCAGGTCACCCCAGAAAGCCCCTAGGGGAAGGAATGGGGCAGGACAGAGGCCCTCGGAGGCCACGTGGGAACCTATGCCTGCTGGCAGGAGCTTGCTGGGGCCTGGCTGCCCTGCTTATCTCCTCTTGCAACACTGTAACCTGCTGGAACTTATTAACCAGA,72f4de5951b2dddde505984d18a382956811d2756a5a1b17dac6e0bd413f4d5a,0.0,CCTGATCCCCAGAAGGAATGTCCCTGACTCTGAGACATGCAGGTCACCCCAGAAAGCCCCTAGGGGAAGGAATGGGGCAGGACAGAGGCCCTCGGAGGCTACGTGGGAACCTATGCCTGCTGGCAGGAGCTTGCTGGGGCCTGGCTGCCCTGCTTATCTCCTCTTGCAACACTGTAACCTGCTGGAACTTATTAACCAGA,4e9f4efafe5d7704501d541a8d41c069ab7f53131e539b3f06944cc6d3e9590f,-0.378565060342056,CCTGATCCCCAGAAGGAATGTCCCTGACTCTGAGACATGCAGGTCACCCCAGAAAGCCCCTAGGGGAAGGAATGGGGCAGGACAGAGGCCCTCGGAGGCCACGTGGGAACCTATGCCTGCTGGCAGGAGCTTGCTGGGGCCTGGCTGCCCTGTTTATCTCCTCTTGCAACACTGTAACCTGCTGGAACTTATTAACCAGA,fe1c3108e4550b94d210c85e80701760bfeb8bdb8c6534b047536a9ccb6487de,-0.628399299825155,CCTGATCCCCAGAAGGAATGTCCCTGACTCTGAGACATGCAGGTCACCCCAGAAAGCCCCTAGGGGAAGGAATGGGGCAGGACAGAGGCCCTCGGAGGCTACGTGGGAACCTATGCCTGCTGGCAGGAGCTTGCTGGGGCCTGGCTGCCCTGTTTATCTCCTCTTGCAACACTGTAACCTGCTGGAACTTATTAACCAGA,2c4d4a93eb77c5cb9b7b3aa99098618e1d963bb508974cddf1f76b1faf4c120c,-1.24479296785194,0.2378286076847291,0.261270554593149,-375.4069523415528,-381.42545460083056,-378.0713685310912,-386.11218359088525,2.0223128005163744,1.0,0.2378286076847291,0.0,1,0.18442274134487102,0.18216460459877223,0.1501433469024087,0.20771966524841978,1.0
chr3:128284948:G:C;chr3:128284965:T:C;var1;middle;OL28|K562|98c36d56f4eb9aa9,chr3:128284948:G:C;chr3:128284965:T:C;var1;middle;OL28,K562,K562_region_01608,100,117,17,CCAGACATGGTGATTCACGCCTGTAATTCCAACATATTAGGGGGCTGAGGCCGGAGGATCACTTGAGCTCAGGAATTCGAGACCAACCTGGTCAATATAGTGAGACCTCATCTCTATAAAAAAATTAAAAATTAATTGAATATAGTGGTACACACCTGTAGTCCCAGTTAGTTGGGAGGCTGAGACAGGAGGATTGTTTG,b211f3ffeeed1ca259442300d414f95b3b4d6689827e03f73172e3791525dbc4,0.0,CCAGACATGGTGATTCACGCCTGTAATTCCAACATATTAGGGGGCTGAGGCCGGAGGATCACTTGAGCTCAGGAATTCGAGACCAACCTGGTCAATATACTGAGACCTCATCTCTATAAAAAAATTAAAAATTAATTGAATATAGTGGTACACACCTGTAGTCCCAGTTAGTTGGGAGGCTGAGACAGGAGGATTGTTTG,c6befd36a38869718a9d4c106fca7ee18fcf22e8f28abf1fd5ee8f42d7d72e3b,-0.0646199978637912,CCAGACATGGTGATTCACGCCTGTAATTCCAACATATTAGGGGGCTGAGGCCGGAGGATCACTTGAGCTCAGGAATTCGAGACCAACCTGGTCAATATAGTGAGACCTCATCTCTACAAAAAAATTAAAAATTAATTGAATATAGTGGTACACACCTGTAGTCCCAGTTAGTTGGGAGGCTGAGACAGGAGGATTGTTTG,1b6af18f8b4f3173b40c039ce5418a1838778697e46c781fc6eccfd834cfa818,-0.0627441923591054,CCAGACATGGTGATTCACGCCTGTAATTCCAACATATTAGGGGGCTGAGGCCGGAGGATCACTTGAGCTCAGGAATTCGAGACCAACCTGGTCAATATACTGAGACCTCATCTCTACAAAAAAATTAAAAATTAATTGAATATAGTGGTACACACCTGTAGTCCCAGTTAGTTGGGAGGCTGAGACAGGAGGATTGTTTG,98c36d56f4eb9aa9b5a3a6e4a38e503aadab62ee1da02235a87ef818c2b95a1b,0.159828627752153,0.2871928179750496,0.174410883875804,-114.94950406998396,-118.58183693978935,-112.5264126174152,-116.15346000622958,0.0052854809910058975,-1.0,-0.2871928179750496,0.0,3,0.18148364166637426,0.18106719778262317,0.1474303780702046,0.12779187805829678,1.0
chr3:128305302:A:G;chr3:128305341:C:T;var1;middle;OL28|K562|afacde94ed949bf2,chr3:128305302:A:G;chr3:128305341:C:T;var1;middle;OL28,K562,K562_region_01609,100,139,39,TTTGGCAAGATCCTCTCTAGGTGGCAATCATTCTTTCATCAGGAGGCATATCATGGCTGCCTGTGCCTCTTTTATAATATTAGCAGCAATCGGCTGGGCACCATGGCTCACGCCTACAATCCCAGCACTTTGGGAGGCCGAGGCAGGGGATCACCTGAGGTCAGGAGTTCAAGAGCAGCCTGGCCAGCATGGCGAAACCC,f1615e604f4fb0a5833e73e117c3a7d2fab9de23f5c0a466b13466bf63e3bc31,0.0,TTTGGCAAGATCCTCTCTAGGTGGCAATCATTCTTTCATCAGGAGGCATATCATGGCTGCCTGTGCCTCTTTTATAATATTAGCAGCAATCGGCTGGGCGCCATGGCTCACGCCTACAATCCCAGCACTTTGGGAGGCCGAGGCAGGGGATCACCTGAGGTCAGGAGTTCAAGAGCAGCCTGGCCAGCATGGCGAAACCC,83d31eb60f8f6207bb566e9305bf0558997ed36c28cb3b7e44cca65169651c7a,0.396028926350453,TTTGGCAAGATCCTCTCTAGGTGGCAATCATTCTTTCATCAGGAGGCATATCATGGCTGCCTGTGCCTCTTTTATAATATTAGCAGCAATCGGCTGGGCACCATGGCTCACGCCTACAATCCCAGCACTTTGGGAGGCTGAGGCAGGGGATCACCTGAGGTCAGGAGTTCAAGAGCAGCCTGGCCAGCATGGCGAAACCC,ff9ce3675ea01d8fd68f35f34751a134126964d8905a2987cac7a63adb5ecced,0.0822503748669112,TTTGGCAAGATCCTCTCTAGGTGGCAATCATTCTTTCATCAGGAGGCATATCATGGCTGCCTGTGCCTCTTTTATAATATTAGCAGCAATCGGCTGGGCGCCATGGCTCACGCCTACAATCCCAGCACTTTGGGAGGCTGAGGCAGGGGATCACCTGAGGTCAGGAGTTCAAGAGCAGCCTGGCCAGCATGGCGAAACCC,afacde94ed949bf2a55994901b1ce42d0344a8fd209948e043e51398020a2546,0.314797363425949,0.1634819377914151,0.228331213835037,-177.85535734100267,-178.69073740392923,-176.63027284201235,-177.97058060392737,0.5049276989884675,1.0,0.1634819377914151,0.0,0,0.18642457735986342,0.18565657667894103,0.15145376406925343,0.11464167853733859,1.0
chr3:128317968:G:A;chr3:128317978:C:T;var1;middle;OL28|K562|d6e36497635c0f73,chr3:128317968:G:A;chr3:128317978:C:T;var1;middle;OL28,K562,K562_region_01610,100,110,10,GCAGGCCGAGCCTGGGGCTGGGTCCTCTCTACCAAGCCCCTGGCACTTCCCGAAAGGGCTGCAGATAATGCAGCGAAGATGGCTGTCAGCGATAAGGACGATGATGACACCGACAAACGGCACTGCCCGGAAGCTTCCCGAAAGTGATCTGAGATGCATCTTCTGATCTGTGAACCTCCACAAATGAGAGTCCCCTACTT,24038391fb09f56a467cf282401cf713e5e22b69434a8e0f4661d92e71e58a46,0.0,GCAGGCCGAGCCTGGGGCTGGGTCCTCTCTACCAAGCCCCTGGCACTTCCCGAAAGGGCTGCAGATAATGCAGCGAAGATGGCTGTCAGCGATAAGGACAATGATGACACCGACAAACGGCACTGCCCGGAAGCTTCCCGAAAGTGATCTGAGATGCATCTTCTGATCTGTGAACCTCCACAAATGAGAGTCCCCTACTT,8cb5ce89fff5ecebcd1bccda76813968861731cb5765b79aa7e5d7ad55d033c7,-0.0620416292051812,GCAGGCCGAGCCTGGGGCTGGGTCCTCTCTACCAAGCCCCTGGCACTTCCCGAAAGGGCTGCAGATAATGCAGCGAAGATGGCTGTCAGCGATAAGGACGATGATGACATCGACAAACGGCACTGCCCGGAAGCTTCCCGAAAGTGATCTGAGATGCATCTTCTGATCTGTGAACCTCCACAAATGAGAGTCCCCTACTT,9520feb28d60864e61751701122cbb87708dbe30bf9065389954761dc3c86769,0.353090786370126,GCAGGCCGAGCCTGGGGCTGGGTCCTCTCTACCAAGCCCCTGGCACTTCCCGAAAGGGCTGCAGATAATGCAGCGAAGATGGCTGTCAGCGATAAGGACAATGATGACATCGACAAACGGCACTGCCCGGAAGCTTCCCGAAAGTGATCTGAGATGCATCTTCTGATCTGTGAACCTCCACAAATGAGAGTCCCCTACTT,d6e36497635c0f736cab1225a93a9c2eddaccd1e658f0735e154c401f03934fb,0.575891906294075,0.2848427491291302,0.175087255191448,-308.8318406525068,-304.1329856016673,-312.5436208364554,-309.6815980775282,-1.8368322919122875,-1.0,-0.2848427491291302,0.0,2,0.17251989204180873,0.17490732828716207,0.146091925319964,0.17024082079993774,1.0
chr3:128317968:G:A;chr3:128317997:G:A;var1;middle;OL28|K562|28af7ebd716e7ed4,chr3:128317968:G:A;chr3:128317997:G:A;var1;middle;OL28,K562,K562_region_01610,100,129,29,GCAGGCCGAGCCTGGGGCTGGGTCCTCTCTACCAAGCCCCTGGCACTTCCCGAAAGGGCTGCAGATAATGCAGCGAAGATGGCTGTCAGCGATAAGGACGATGATGACACCGACAAACGGCACTGCCCGGAAGCTTCCCGAAAGTGATCTGAGATGCATCTTCTGATCTGTGAACCTCCACAAATGAGAGTCCCCTACTT,24038391fb09f56a467cf282401cf713e5e22b69434a8e0f4661d92e71e58a46,0.0,GCAGGCCGAGCCTGGGGCTGGGTCCTCTCTACCAAGCCCCTGGCACTTCCCGAAAGGGCTGCAGATAATGCAGCGAAGATGGCTGTCAGCGATAAGGACAATGATGACACCGACAAACGGCACTGCCCGGAAGCTTCCCGAAAGTGATCTGAGATGCATCTTCTGATCTGTGAACCTCCACAAATGAGAGTCCCCTACTT,8cb5ce89fff5ecebcd1bccda76813968861731cb5765b79aa7e5d7ad55d033c7,-0.0611046830247786,GCAGGCCGAGCCTGGGGCTGGGTCCTCTCTACCAAGCCCCTGGCACTTCCCGAAAGGGCTGCAGATAATGCAGCGAAGATGGCTGTCAGCGATAAGGACGATGATGACACCGACAAACGGCACTGCCCAGAAGCTTCCCGAAAGTGATCTGAGATGCATCTTCTGATCTGTGAACCTCCACAAATGAGAGTCCCCTACTT,673d31444244b2ca5e9537f09ac8d3f40808f4a55bb2c254b1a007311e127f9a,-0.633146937189351,GCAGGCCGAGCCTGGGGCTGGGTCCTCTCTACCAAGCCCCTGGCACTTCCCGAAAGGGCTGCAGATAATGCAGCGAAGATGGCTGTCAGCGATAAGGACAATGATGACACCGACAAACGGCACTGCCCAGAAGCTTCCCGAAAGTGATCTGAGATGCATCTTCTGATCTGTGAACCTCCACAAATGAGAGTCCCCTACTT,28af7ebd716e7ed4a5e1eb73fe6cef5b2a2d7d83508a81b8d25e6cbdba239585,-0.548443951288935,0.1458076689251946,0.23203956751942,-308.8318406525068,-304.1329856016673,-299.22083171922714,-298.33465077215806,-3.812674103770405,-1.0,-0.1458076689251946,0.0,2,0.16964290661334036,0.17490732828716207,0.146091925319964,0.14702267908432667,1.0
chr3:128317978:C:T;chr3:128317997:G:A;var1;middle;OL28|K562|52602b7d61185a0c,chr3:128317978:C:T;chr3:128317997:G:A;var1;middle;OL28,K562,K562_region_01610,100,119,19,CCTGGGGCTGGGTCCTCTCTACCAAGCCCCTGGCACTTCCCGAAAGGGCTGCAGATAATGCAGCGAAGATGGCTGTCAGCGATAAGGACGATGATGACACCGACAAACGGCACTGCCCGGAAGCTTCCCGAAAGTGATCTGAGATGCATCTTCTGATCTGTGAACCTCCACAAATGAGAGTCCCCTACTTTCAGTTTGGG,2d3b1bb047d02cbbe04d648501cbe29bd3c9447afdc8ea42e22d7e240fc9bf9f,0.0,CCTGGGGCTGGGTCCTCTCTACCAAGCCCCTGGCACTTCCCGAAAGGGCTGCAGATAATGCAGCGAAGATGGCTGTCAGCGATAAGGACGATGATGACATCGACAAACGGCACTGCCCGGAAGCTTCCCGAAAGTGATCTGAGATGCATCTTCTGATCTGTGAACCTCCACAAATGAGAGTCCCCTACTTTCAGTTTGGG,c73f9a42409de2c032831b9f7e6b15d8b15aac4c954ab686ddf6eb81c4d2de27,0.288507412180425,CCTGGGGCTGGGTCCTCTCTACCAAGCCCCTGGCACTTCCCGAAAGGGCTGCAGATAATGCAGCGAAGATGGCTGTCAGCGATAAGGACGATGATGACACCGACAAACGGCACTGCCCAGAAGCTTCCCGAAAGTGATCTGAGATGCATCTTCTGATCTGTGAACCTCCACAAATGAGAGTCCCCTACTTTCAGTTTGGG,718150fad000a8c58ae06d69dd34752fb8fbbca92e9a4b507cdd73c76f331afd,-0.631369955830891,CCTGGGGCTGGGTCCTCTCTACCAAGCCCCTGGCACTTCCCGAAAGGGCTGCAGATAATGCAGCGAAGATGGCTGTCAGCGATAAGGACGATGATGACATCGACAAACGGCACTGCCCAGAAGCTTCCCGAAAGTGATCTGAGATGCATCTTCTGATCTGTGAACCTCCACAAATGAGAGTCCCCTACTTTCAGTTTGGG,52602b7d61185a0c69e6f7c6903f49d71a9853310316fc233f96f8d2c53cb22a,-0.403890099086789,-0.0610275554363231,0.146381073229791,-347.3850687365048,-350.3419278434012,-339.8707499112934,-345.6650057940278,-2.8373967758380445,-1.0,0.0610275554363231,0.0,2,0.17106298925575508,0.17490732828716207,0.146091925319964,0.21594491819511086,1.0
chr3:129118922:A:G;chr3:129119005:T:A;var1;middle;OL41|K562|4624bd18f734a472,chr3:129118922:A:G;chr3:129119005:T:A;var1;middle;OL41,K562,K562_region_01611,100,183,83,TAGAGTTATGGTTTTACTATTTTGGCCAGGCTGGTCTTAAGCGATCTCTCGCCTCAGCCTCCTGAGTAGCGGGGATTACAAATATGAGCCATTGTTCCCAGCTACTGTCTAATTTTTAAGCTTGTTCTTGATTTGCTTAGCTTTTTTTTTTTTTTTTTTTTTTTTTTTTTTGAGAGGGAGTCTCACTCTGTTGCACAGGC,e271d3d0e5fc56f2a9bb76f420f0cdeb9a9c8e7e0347f0ecd4fec45cd43d29f4,0.0,TAGAGTTATGGTTTTACTATTTTGGCCAGGCTGGTCTTAAGCGATCTCTCGCCTCAGCCTCCTGAGTAGCGGGGATTACAAATATGAGCCATTGTTCCCGGCTACTGTCTAATTTTTAAGCTTGTTCTTGATTTGCTTAGCTTTTTTTTTTTTTTTTTTTTTTTTTTTTTTGAGAGGGAGTCTCACTCTGTTGCACAGGC,2ea905edb1872887f0b67e098f05ef90b82cec8176d23dc19dad0d11482afb9c,-0.0468104327823365,TAGAGTTATGGTTTTACTATTTTGGCCAGGCTGGTCTTAAGCGATCTCTCGCCTCAGCCTCCTGAGTAGCGGGGATTACAAATATGAGCCATTGTTCCCAGCTACTGTCTAATTTTTAAGCTTGTTCTTGATTTGCTTAGCTTTTTTTTTTTTTTTTTTTTTTTTTTTTTTGAGAGGGAGTCACACTCTGTTGCACAGGC,9e47fec1c90ea8e2473194be511ad00e02eee1b268c9cb3b7fbe13e4ec80fbcc,-0.0652307131089406,TAGAGTTATGGTTTTACTATTTTGGCCAGGCTGGTCTTAAGCGATCTCTCGCCTCAGCCTCCTGAGTAGCGGGGATTACAAATATGAGCCATTGTTCCCGGCTACTGTCTAATTTTTAAGCTTGTTCTTGATTTGCTTAGCTTTTTTTTTTTTTTTTTTTTTTTTTTTTTTGAGAGGGAGTCACACTCTGTTGCACAGGC,4624bd18f734a4723a9781ec8312465b44980633dae51de0031cf4d94f460f17,0.0291245116542563,0.1411656575455334,0.158778435863433,-136.89463986258488,-139.980165240122,-142.7077465901384,-145.77771297690924,0.0155589907662943,-1.0,-0.1411656575455334,0.0,2,0.17521712351859198,0.17490732828716207,0.146091925319964,0.13636748927653647,1.0
chr3:131080830:A:G;chr3:131080881:C:T;var1;middle;OL41|K562|ac3453354f56fbbd,chr3:131080830:A:G;chr3:131080881:C:T;var1;middle;OL41,K562,K562_region_01612,100,151,51,TGCCCTCGTAGGCCTTCGGAACAGCGGAAGAGCAGTGTCGGGCCATGGCCAGGGCCCGCAGGCTGGAGCTGGCCGAGGCCCTGGCGCTGGGGCCAGGCTAGAGGCATGCCTGCTATGCGCTCCTGCACGCGCCGGACCCTGGAATTCTCTCTGGCCGCCTCCCTCTGCGCTACGCCATACTGGTGAGGAGGGCGCGCGCC,1d8a19b1a95a92324b7b9cbfa9ffa69983c1c1b0937c3c3ff391e49aa64e42c7,0.0,TGCCCTCGTAGGCCTTCGGAACAGCGGAAGAGCAGTGTCGGGCCATGGCCAGGGCCCGCAGGCTGGAGCTGGCCGAGGCCCTGGCGCTGGGGCCAGGCTGGAGGCATGCCTGCTATGCGCTCCTGCACGCGCCGGACCCTGGAATTCTCTCTGGCCGCCTCCCTCTGCGCTACGCCATACTGGTGAGGAGGGCGCGCGCC,2b00c23feab908a8293500153db04e64c040385a357283e9d690b8a8406ab13c,-0.308788234434,TGCCCTCGTAGGCCTTCGGAACAGCGGAAGAGCAGTGTCGGGCCATGGCCAGGGCCCGCAGGCTGGAGCTGGCCGAGGCCCTGGCGCTGGGGCCAGGCTAGAGGCATGCCTGCTATGCGCTCCTGCACGCGCCGGACCCTGGAATTCTCTTTGGCCGCCTCCCTCTGCGCTACGCCATACTGGTGAGGAGGGCGCGCGCC,ac2a76e0f72d7e5226fbd6acb854809fc16f655dcfa227527570ff09d26b8276,-0.411939853421206,TGCCCTCGTAGGCCTTCGGAACAGCGGAAGAGCAGTGTCGGGCCATGGCCAGGGCCCGCAGGCTGGAGCTGGCCGAGGCCCTGGCGCTGGGGCCAGGCTGGAGGCATGCCTGCTATGCGCTCCTGCACGCGCCGGACCCTGGAATTCTCTTTGGCCGCCTCCCTCTGCGCTACGCCATACTGGTGAGGAGGGCGCGCGCC,ac3453354f56fbbd6b583371abb936d76cc9c972ce3d1b5f5ee9e2e0d8bc4ee4,-0.160232670838009,0.5604954170171971,0.404562313013592,-324.7157062853221,-320.9030244576279,-329.2143879614305,-328.3274152261438,-2.9257090924074873,-1.0,-0.5604954170171971,0.0,3,0.17558007515476065,0.18106719778262317,0.1474303780702046,0.10363386254899325,1.0
chr3:131081171:T:C;chr3:131081192:T:C;var1;middle;OL41|K562|77be140c896c47c5,chr3:131081171:T:C;chr3:131081192:T:C;var1;middle;OL41,K562,K562_region_01613,100,121,21,AGACAGCAGCCTGGAGGACGGGCTGAACCGTGGTCTGCTGGAACTGCTGGGCGAGGCGGCGGCCGCCTTCCGCGTGGAGCGCCCTGACTACCGCAGCTCTCACGCCGGATCAAGGCCACGTGTTGTGGCCCACTTCTATGCCAAATCTCTGACGCTCGAGCAGCTGTTGGCTGTGGAGGCCAGCGCAACAGGGGCCAAGG,db6e772698aa561e23221d9642e9a3fffe2b4bec8b71ba924442b733ca288aa9,0.0,AGACAGCAGCCTGGAGGACGGGCTGAACCGTGGTCTGCTGGAACTGCTGGGCGAGGCGGCGGCCGCCTTCCGCGTGGAGCGCCCTGACTACCGCAGCTCCCACGCCGGATCAAGGCCACGTGTTGTGGCCCACTTCTATGCCAAATCTCTGACGCTCGAGCAGCTGTTGGCTGTGGAGGCCAGCGCAACAGGGGCCAAGG,df97c6ac03d1df90bad3560baea90f5c4c3a30c3aac14fc5901304d0df541087,-0.0452265667957599,AGACAGCAGCCTGGAGGACGGGCTGAACCGTGGTCTGCTGGAACTGCTGGGCGAGGCGGCGGCCGCCTTCCGCGTGGAGCGCCCTGACTACCGCAGCTCTCACGCCGGATCAAGGCCACGCGTTGTGGCCCACTTCTATGCCAAATCTCTGACGCTCGAGCAGCTGTTGGCTGTGGAGGCCAGCGCAACAGGGGCCAAGG,6cff7a5a9bf04813bbbac0e8c0a6afe7e26f0bef2d59be8460f6f55084622542,-0.0054223074442192,AGACAGCAGCCTGGAGGACGGGCTGAACCGTGGTCTGCTGGAACTGCTGGGCGAGGCGGCGGCCGCCTTCCGCGTGGAGCGCCCTGACTACCGCAGCTCCCACGCCGGATCAAGGCCACGCGTTGTGGCCCACTTCTATGCCAAATCTCTGACGCTCGAGCAGCTGTTGGCTGTGGAGGCCAGCGCAACAGGGGCCAAGG,77be140c896c47c5e9ab95cfb6133ff92ffa3d8a123a6ed7fbad995bdb87bd86,-0.149505176810883,0.0988563025709038,0.307174896255216,-338.0184591938741,-355.2437766706571,-321.6631059269421,-347.8461722373031,8.957748833578023,1.0,0.0988563025709038,0.0,2,0.18823767492203333,0.17490732828716207,0.146091925319964,0.1747627435181124,1.0
chr3:131081192:T:C;chr3:131081264:G:C;var1;middle;OL41|K562|1fb4fe71f61b696c,chr3:131081192:T:C;chr3:131081264:G:C;var1;middle;OL41,K562,K562_region_01613,100,172,72,GCTGAACCGTGGTCTGCTGGAACTGCTGGGCGAGGCGGCGGCCGCCTTCCGCGTGGAGCGCCCTGACTACCGCAGCTCTCACGCCGGATCAAGGCCACGTGTTGTGGCCCACTTCTATGCCAAATCTCTGACGCTCGAGCAGCTGTTGGCTGTGGAGGCCAGCGCAACAGGGGCCAAGGACCACGGGCTGGAGGTGGGGC,bd3c6a1446d659e1fea6b4c52e70da4eb02905583845cbf59a3169f83ad61596,0.0,GCTGAACCGTGGTCTGCTGGAACTGCTGGGCGAGGCGGCGGCCGCCTTCCGCGTGGAGCGCCCTGACTACCGCAGCTCTCACGCCGGATCAAGGCCACGCGTTGTGGCCCACTTCTATGCCAAATCTCTGACGCTCGAGCAGCTGTTGGCTGTGGAGGCCAGCGCAACAGGGGCCAAGGACCACGGGCTGGAGGTGGGGC,4c677b606912dc2861620e08d7720e0d42fbbce018952cbead7339de6a6b13b2,-0.17908503334107,GCTGAACCGTGGTCTGCTGGAACTGCTGGGCGAGGCGGCGGCCGCCTTCCGCGTGGAGCGCCCTGACTACCGCAGCTCTCACGCCGGATCAAGGCCACGTGTTGTGGCCCACTTCTATGCCAAATCTCTGACGCTCGAGCAGCTGTTGGCTGTGGAGGCCAGCGCAACAGGCGCCAAGGACCACGGGCTGGAGGTGGGGC,32ccc815e44ccc2b562f907210b71b0cb2379570db0ad59e250260541aa8c35d,0.184650914059727,GCTGAACCGTGGTCTGCTGGAACTGCTGGGCGAGGCGGCGGCCGCCTTCCGCGTGGAGCGCCCTGACTACCGCAGCTCTCACGCCGGATCAAGGCCACGCGTTGTGGCCCACTTCTATGCCAAATCTCTGACGCTCGAGCAGCTGTTGGCTGTGGAGGCCAGCGCAACAGGCGCCAAGGACCACGGGCTGGAGGTGGGGC,1fb4fe71f61b696c80df9922c1939e66a1ebab220623ee0122b5fe5bc044413a,0.0697214038731032,0.0641555231544462,0.225487090508792,-246.4083491936326,-248.80344158411023,-245.77792823314667,-247.7004620283842,0.4725585952401161,-1.0,-0.0641555231544462,0.0,2,0.17588255189195479,0.17490732828716207,0.146091925319964,0.14482822959608052,1.0
chr3:132235022:G:T;chr3:132235047:A:G;var1;middle;OL30|K562|00dc8099bf9d90c1,chr3:132235022:G:T;chr3:132235047:A:G;var1;middle;OL30,K562,K562_region_01614,100,125,25,GTGTCCTCTGGGTGTCAGGAAATCAGATTTTTGGATGTGCAGTGCACAATGAGGTAGGAAGACAGGGTTTTATAGTGGTTATGAATATGGACTTTGGAGGCAGACCTGCATACAAAACTCAACTATACCACTTATTAGCTGTGAGACCTTGGGCCGGTTAAACTGGGCATCAGCTTCCTCACTCATAACATGGCCATGAA,2e0e5c497165054779dbfabb3a86cff40ae434784ae2edfe138ba8b0a47a8d6c,0.0,GTGTCCTCTGGGTGTCAGGAAATCAGATTTTTGGATGTGCAGTGCACAATGAGGTAGGAAGACAGGGTTTTATAGTGGTTATGAATATGGACTTTGGAGTCAGACCTGCATACAAAACTCAACTATACCACTTATTAGCTGTGAGACCTTGGGCCGGTTAAACTGGGCATCAGCTTCCTCACTCATAACATGGCCATGAA,56b644fd69be2028cbfc0ead016c52b0c29f733e20de9a349787967baa00adcd,0.0359884563291283,GTGTCCTCTGGGTGTCAGGAAATCAGATTTTTGGATGTGCAGTGCACAATGAGGTAGGAAGACAGGGTTTTATAGTGGTTATGAATATGGACTTTGGAGGCAGACCTGCATACAAAACTCAACTGTACCACTTATTAGCTGTGAGACCTTGGGCCGGTTAAACTGGGCATCAGCTTCCTCACTCATAACATGGCCATGAA,5bb7a83e1f4f7acaaf3a4df12c7f3bd87d30056960dfa8f718fc0ed37e88349f,0.0463056158366149,GTGTCCTCTGGGTGTCAGGAAATCAGATTTTTGGATGTGCAGTGCACAATGAGGTAGGAAGACAGGGTTTTATAGTGGTTATGAATATGGACTTTGGAGTCAGACCTGCATACAAAACTCAACTGTACCACTTATTAGCTGTGAGACCTTGGGCCGGTTAAACTGGGCATCAGCTTCCTCACTCATAACATGGCCATGAA,00dc8099bf9d90c150056dd9d79c61e3a85bb49deb951ef1be252541d1553159,-0.0452861638520037,0.1275802360177469,0.162643407810713,-207.5656697526574,-213.09457308612764,-205.64170412160456,-207.14850087463856,-4.02210658043623,1.0,0.1275802360177469,0.0,0,0.18061010703005034,0.18565657667894103,0.15145376406925343,0.1238409058884703,1.0
chr3:13584980:C:T;chr3:13585009:C:T;var1;middle;OL41|K562|890061dd9ec8aaed,chr3:13584980:C:T;chr3:13585009:C:T;var1;middle;OL41,K562,K562_region_01576,100,129,29,TCCTCACCCTTCCCCCTGCCTGAAGAGTTGGCCCCAACAGCAAGGCTGGGCCAAATTTCATCACACCAGGCAAAGGAATGGGCCAGCATGAGTCACGAGCGAGCCGGGCCATAGGAGGTAGGGGCTGACCATTCCCAGACGGGAGTTGTGAGGCCAGGCGACTTTCCTGGAATAAGTAGACTGCTTGGGAAAGTGCAGAG,fa6d4956a2f185338af8a6f6af2400cbd9dee4d9971177738499660480ca3488,0.0,TCCTCACCCTTCCCCCTGCCTGAAGAGTTGGCCCCAACAGCAAGGCTGGGCCAAATTTCATCACACCAGGCAAAGGAATGGGCCAGCATGAGTCACGAGTGAGCCGGGCCATAGGAGGTAGGGGCTGACCATTCCCAGACGGGAGTTGTGAGGCCAGGCGACTTTCCTGGAATAAGTAGACTGCTTGGGAAAGTGCAGAG,fde5c695107d544be5ca921014a0bfbf0591f2b0ccdd965fd730bce59b1717e2,0.154676855340004,TCCTCACCCTTCCCCCTGCCTGAAGAGTTGGCCCCAACAGCAAGGCTGGGCCAAATTTCATCACACCAGGCAAAGGAATGGGCCAGCATGAGTCACGAGCGAGCCGGGCCATAGGAGGTAGGGGCTGATCATTCCCAGACGGGAGTTGTGAGGCCAGGCGACTTTCCTGGAATAAGTAGACTGCTTGGGAAAGTGCAGAG,5fda73ec88c553581fcdb4bcb67ea7dfc163eb8f8a1f0d4696f3b6c58ddecb41,-0.0171351350409497,TCCTCACCCTTCCCCCTGCCTGAAGAGTTGGCCCCAACAGCAAGGCTGGGCCAAATTTCATCACACCAGGCAAAGGAATGGGCCAGCATGAGTCACGAGTGAGCCGGGCCATAGGAGGTAGGGGCTGATCATTCCCAGACGGGAGTTGTGAGGCCAGGCGACTTTCCTGGAATAAGTAGACTGCTTGGGAAAGTGCAGAG,890061dd9ec8aaed7601aa07aa670be4cf082c1506111f8d6dede793092780ca,-0.213371945193318,0.3509136654923723,0.24498585610703,-304.9706507320516,-300.97668945090845,-304.14488229714334,-301.3795246486552,1.2286036326549947,1.0,0.3509136654923723,0.0,1,0.1836151899926765,0.18216460459877223,0.1501433469024087,0.2819888554079672,1.0
chr3:137778242:G:T;chr3:137778320:C:T;var1;middle;OL41|K562|420d8cbd6ee5cf67,chr3:137778242:G:T;chr3:137778320:C:T;var1;middle;OL41,K562,K562_region_01615,100,178,78,TCTTGTGTGCTCCAAACACTAGTAGACTAAATTGGCTCCAGTTTTCTGGAAAGCATTTGGCAATATGTAACAAAAGTACATGGGGAAAGGAGCTAGAGTGCCAGGGCCAGGCTGCCAAAGTCAGATTGCAGTCACACCACTCACTGGTGGCAGGACCCAAAACAAGTTTCTTAGCTGCTGTGTACCTCAATTCCTAGCCC,a9c2da1749577fb37a2534762a81a554ba508cc4fb5e6552beae08ac4761397f,0.0,TCTTGTGTGCTCCAAACACTAGTAGACTAAATTGGCTCCAGTTTTCTGGAAAGCATTTGGCAATATGTAACAAAAGTACATGGGGAAAGGAGCTAGAGTTCCAGGGCCAGGCTGCCAAAGTCAGATTGCAGTCACACCACTCACTGGTGGCAGGACCCAAAACAAGTTTCTTAGCTGCTGTGTACCTCAATTCCTAGCCC,9f519922f7433e6512d24ec07e344146ce7e17c741aa5d03591551f6cdc43ac4,-0.149918777052349,TCTTGTGTGCTCCAAACACTAGTAGACTAAATTGGCTCCAGTTTTCTGGAAAGCATTTGGCAATATGTAACAAAAGTACATGGGGAAAGGAGCTAGAGTGCCAGGGCCAGGCTGCCAAAGTCAGATTGCAGTCACACCACTCACTGGTGGCAGGACCCAAAACAAGTTTCTTAGCTGTTGTGTACCTCAATTCCTAGCCC,6669d7607e0218a1e9711833e1c1445ffce7574907880969fa77d2f070835e88,-0.814145025503248,TCTTGTGTGCTCCAAACACTAGTAGACTAAATTGGCTCCAGTTTTCTGGAAAGCATTTGGCAATATGTAACAAAAGTACATGGGGAAAGGAGCTAGAGTTCCAGGGCCAGGCTGCCAAAGTCAGATTGCAGTCACACCACTCACTGGTGGCAGGACCCAAAACAAGTTTCTTAGCTGTTGTGTACCTCAATTCCTAGCCC,420d8cbd6ee5cf677cc782c8d4413a8303c7ee9c9d7a87330438025e5e1c2e2c,-0.218171236185778,0.745892566369819,0.27249361811905,-271.5436679404229,-274.9719417849556,-228.65968839079144,-239.8327763583511,-7.744814123026913,-1.0,-0.745892566369819,0.0,2,0.1639173928246329,0.17490732828716207,0.146091925319964,0.2445730524228782,1.0
chr3:13919309:C:T;chr3:13919315:C:T;var1;middle;OL31|K562|d1ff44e8336fb55d,chr3:13919309:C:T;chr3:13919315:C:T;var1;middle;OL31,K562,K562_region_01577,100,106,6,TGAAAATCAAATGTGCTAGAACATGGAAAGTGCTTAGAAGGTGCCAGGCACATAGTGAGTGCCCCATAAATGTGGTGGTGGTGTTGTAATTATCATTATCGTTATCGGATCTGATTGTTGCAATAGGCTAGTGCGGAGTCACCTGAACTATCCGAGCAAAATAAGAATACCGCAGATGCCCCACCATCAGCCAGAAGCGG,8fd8b818a4035e3d07acdc684a017f2fd16c153ac88092ae8a2fafd7322b9054,0.0,TGAAAATCAAATGTGCTAGAACATGGAAAGTGCTTAGAAGGTGCCAGGCACATAGTGAGTGCCCCATAAATGTGGTGGTGGTGTTGTAATTATCATTATTGTTATCGGATCTGATTGTTGCAATAGGCTAGTGCGGAGTCACCTGAACTATCCGAGCAAAATAAGAATACCGCAGATGCCCCACCATCAGCCAGAAGCGG,b3b93fc31de319550b96e1da52951597bb58639a0bb99f2f9b573a969ed06bbb,-0.294836032329184,TGAAAATCAAATGTGCTAGAACATGGAAAGTGCTTAGAAGGTGCCAGGCACATAGTGAGTGCCCCATAAATGTGGTGGTGGTGTTGTAATTATCATTATCGTTATTGGATCTGATTGTTGCAATAGGCTAGTGCGGAGTCACCTGAACTATCCGAGCAAAATAAGAATACCGCAGATGCCCCACCATCAGCCAGAAGCGG,d8b71186af6a26d4e873970e1df5f67089430daa9ec23bdc5a2c7af1f8770bc6,-0.198378214048006,TGAAAATCAAATGTGCTAGAACATGGAAAGTGCTTAGAAGGTGCCAGGCACATAGTGAGTGCCCCATAAATGTGGTGGTGGTGTTGTAATTATCATTATTGTTATTGGATCTGATTGTTGCAATAGGCTAGTGCGGAGTCACCTGAACTATCCGAGCAAAATAAGAATACCGCAGATGCCCCACCATCAGCCAGAAGCGG,d1ff44e8336fb55d8c689c07ffe201a68fc4b01f961525deb7af85c9c5287d26,-0.477235760120169,-0.015978486257021,0.216621958648183,-330.43530802289024,-339.8131741732359,-334.03247615136206,-331.58714731922373,-11.823194982483983,1.0,-0.015978486257021,0.0,3,0.15765888887385082,0.18106719778262317,0.1474303780702046,0.2625911925215343,1.0
chr3:139396734:T:C;chr3:139396758:G:A;var1;middle;OL41|K562|9b6b1fc1db772753,chr3:139396734:T:C;chr3:139396758:G:A;var1;middle;OL41,K562,K562_region_01616,100,124,24,TCGGTCAGCGCGCGGCCCGGCGCCCGAGGTCCGAGAGGGAAACGACGTTTGGTCTCGGGACTCAAGGCTGCCTCCGGCCCGGGCAGCCTCAGGTCTAGATCCCCTAGTACCTGAGCTGGAGGCGGGGCCAAGGCGAACTTGACCTTGCGCTCCCTTAGCGGCCCCGGGCAGATGGAGTCTGAGGGAAACAGATCTGCGCC,2f5128c3952d5bcaa1da92210e73d45d93136dbc689b0ad287c948494b615812,0.0,TCGGTCAGCGCGCGGCCCGGCGCCCGAGGTCCGAGAGGGAAACGACGTTTGGTCTCGGGACTCAAGGCTGCCTCCGGCCCGGGCAGCCTCAGGTCTAGACCCCCTAGTACCTGAGCTGGAGGCGGGGCCAAGGCGAACTTGACCTTGCGCTCCCTTAGCGGCCCCGGGCAGATGGAGTCTGAGGGAAACAGATCTGCGCC,26f77921cef06d448d472334f21adb576bc2c128c7357e0e523128ef535d76fd,0.0176153514872836,TCGGTCAGCGCGCGGCCCGGCGCCCGAGGTCCGAGAGGGAAACGACGTTTGGTCTCGGGACTCAAGGCTGCCTCCGGCCCGGGCAGCCTCAGGTCTAGATCCCCTAGTACCTGAGCTGGAGGCAGGGCCAAGGCGAACTTGACCTTGCGCTCCCTTAGCGGCCCCGGGCAGATGGAGTCTGAGGGAAACAGATCTGCGCC,c085d9d21ce5004f2d025fbf7b56e1ec40cb1747df9abcbe4ee8b9bd54ce33d7,-1.08545375272517,TCGGTCAGCGCGCGGCCCGGCGCCCGAGGTCCGAGAGGGAAACGACGTTTGGTCTCGGGACTCAAGGCTGCCTCCGGCCCGGGCAGCCTCAGGTCTAGACCCCCTAGTACCTGAGCTGGAGGCAGGGCCAAGGCGAACTTGACCTTGCGCTCCCTTAGCGGCCCCGGGCAGATGGAGTCTGAGGGAAACAGATCTGCGCC,9b6b1fc1db772753032f7e7c5a10311e39969582a7a91d4a37b93ae7aac2d211,-1.31260042816364,0.2447620269257537,0.41207404502048,-286.4559566937387,-266.0495268665254,-282.6502298563719,-262.9170539136976,0.6732538845390081,1.0,0.2447620269257537,0.0,0,0.18664077356055547,0.18565657667894103,0.15145376406925343,0.08574243640136288,1.0
chr3:141404641:C:A;chr3:141404643:A:G;var1;middle;OL32|K562|5c077929d9829d9c,chr3:141404641:C:A;chr3:141404643:A:G;var1;middle;OL32,K562,K562_region_01617,100,102,2,TTTCACCATGTTAGCCAGGATGGTCTCTATCTCCTGACCTTGTGATCCGCCTGCCTTGGCCTCCCAAAGTGCTGGGATTACAGGCGTGAGCCACCGTGCCCAGCCCTTAAATCCAAATTTGAGGAAGTAGAACTAACATAAAATAAACAGTGTATTCTGCTCCCTTCCCCAGCGAGCTGTTCCTTGATGGCAATTACTTG,311636d0eee2546372339f8531fd5d641b5894be62a7a76da1e7f834c4a5dee1,0.0,TTTCACCATGTTAGCCAGGATGGTCTCTATCTCCTGACCTTGTGATCCGCCTGCCTTGGCCTCCCAAAGTGCTGGGATTACAGGCGTGAGCCACCGTGCACAGCCCTTAAATCCAAATTTGAGGAAGTAGAACTAACATAAAATAAACAGTGTATTCTGCTCCCTTCCCCAGCGAGCTGTTCCTTGATGGCAATTACTTG,1069e4ce41d30b302274fcdaccd4e5191b709a95c84a2d4be3bd5bc8461ceed1,0.294948901058682,TTTCACCATGTTAGCCAGGATGGTCTCTATCTCCTGACCTTGTGATCCGCCTGCCTTGGCCTCCCAAAGTGCTGGGATTACAGGCGTGAGCCACCGTGCCCGGCCCTTAAATCCAAATTTGAGGAAGTAGAACTAACATAAAATAAACAGTGTATTCTGCTCCCTTCCCCAGCGAGCTGTTCCTTGATGGCAATTACTTG,433cff7ea6d97d226cf7f4c9b43adb25a783fd1ab142babe52b0ed3ecb3ae212,0.329770806220272,TTTCACCATGTTAGCCAGGATGGTCTCTATCTCCTGACCTTGTGATCCGCCTGCCTTGGCCTCCCAAAGTGCTGGGATTACAGGCGTGAGCCACCGTGCACGGCCCTTAAATCCAAATTTGAGGAAGTAGAACTAACATAAAATAAACAGTGTATTCTGCTCCCTTCCCCAGCGAGCTGTTCCTTGATGGCAATTACTTG,5c077929d9829d9cd5c3a31ccd095bca9f9562c64eaeddc9081b5d47d4bd00fc,0.288324420435729,0.336395286843225,0.322073963905449,-145.49773059412837,-150.84631210705265,-144.588507656008,-150.5067536616698,0.5696644927375019,1.0,0.336395286843225,0.0,4,0.17690537489749505,0.17620727786206916,0.145609630836647,0.22783972499815675,1.0
chr3:14188700:C:A;chr3:14188762:G:C;var1;middle;OL41|K562|e358ecc9287954a0,chr3:14188700:C:A;chr3:14188762:G:C;var1;middle;OL41,K562,K562_region_01578,100,162,62,GCCTCACTCCAGGGACACCTTTCCCAACAAGGTAAAAACAAGCGGCCTTAGAGACAGAAGACTGAGGTGTCCTAACACAAAGCTATCCCTGACTTGAGGCTGGGGCAGAATCTGGGCCAGGCCTTTCTGAGCTGCATCTCCAAGAAACTGACCCTGAGCTTGTCTTCTCTGCAAAGAACCTGCACTGACCTTGGGCCCGT,3fca3c4a33cf6ab7f59162199e47d6610d63e1537d364de0bd9c77155f3f08de,0.0,GCCTCACTCCAGGGACACCTTTCCCAACAAGGTAAAAACAAGCGGCCTTAGAGACAGAAGACTGAGGTGTCCTAACACAAAGCTATCCCTGACTTGAGGATGGGGCAGAATCTGGGCCAGGCCTTTCTGAGCTGCATCTCCAAGAAACTGACCCTGAGCTTGTCTTCTCTGCAAAGAACCTGCACTGACCTTGGGCCCGT,9ffad9f7022bb01e3d4830d2f235ee6a787015e14b02ba6f83bad1f624a3a596,-0.116073668001428,GCCTCACTCCAGGGACACCTTTCCCAACAAGGTAAAAACAAGCGGCCTTAGAGACAGAAGACTGAGGTGTCCTAACACAAAGCTATCCCTGACTTGAGGCTGGGGCAGAATCTGGGCCAGGCCTTTCTGAGCTGCATCTCCAAGAAACTGACCCTGAGCTTCTCTTCTCTGCAAAGAACCTGCACTGACCTTGGGCCCGT,894edcd0f70dc3adf7ff7b3b0cb0f9317649c93e394f9d50b58869ae490a328c,0.0838055782220719,GCCTCACTCCAGGGACACCTTTCCCAACAAGGTAAAAACAAGCGGCCTTAGAGACAGAAGACTGAGGTGTCCTAACACAAAGCTATCCCTGACTTGAGGATGGGGCAGAATCTGGGCCAGGCCTTTCTGAGCTGCATCTCCAAGAAACTGACCCTGAGCTTCTCTTCTCTGCAAAGAACCTGCACTGACCTTGGGCCCGT,e358ecc9287954a01c8a69090019a080e3c8040548bdb3fb99a3ffff25f0cfc4,-0.272330372029442,0.2400622822500858,0.3726421829042,-253.3197071440518,-250.1470677126199,-244.8333522863686,-245.00141643732783,3.3407035823911144,1.0,0.2400622822500858,0.0,4,0.18033983210836735,0.17620727786206916,0.145609630836647,0.2414867748512976,1.0
chr3:145940051:A:C;chr3:145940063:G:A;var1;middle;OL41|K562|2f57019c1149fbbb,chr3:145940051:A:C;chr3:145940063:G:A;var1;middle;OL41,K562,K562_region_01618,100,112,12,TAAGGATTTCTGTAATTTTTTTAACCTCCAGTTACCTTACATTTGTCCCTTCATTAATTAAAAAAATACTTATTGAGCACCTATTATGTACGAGGCACTAATACAGATGTTGAGAGTACAGCAATGAAGCAGACAGACACTCTGCCACCTACTGTGCTGCAGTTTATATTGTAGTAGAATGAGATTTAAAAAAAGTCAAG,efd4f30105cff2d954f140f1a2381da8f8cbf1b5de017a5697f346eef7312215,0.0,TAAGGATTTCTGTAATTTTTTTAACCTCCAGTTACCTTACATTTGTCCCTTCATTAATTAAAAAAATACTTATTGAGCACCTATTATGTACGAGGCACTCATACAGATGTTGAGAGTACAGCAATGAAGCAGACAGACACTCTGCCACCTACTGTGCTGCAGTTTATATTGTAGTAGAATGAGATTTAAAAAAAGTCAAG,7ea89f4cc293b85e80d36ca2a313f3269b23c32d179ea2f19b497b4e914fbb10,0.161953315685132,TAAGGATTTCTGTAATTTTTTTAACCTCCAGTTACCTTACATTTGTCCCTTCATTAATTAAAAAAATACTTATTGAGCACCTATTATGTACGAGGCACTAATACAGATGTTAAGAGTACAGCAATGAAGCAGACAGACACTCTGCCACCTACTGTGCTGCAGTTTATATTGTAGTAGAATGAGATTTAAAAAAAGTCAAG,25f142a72025d6f2eacbd844be2ed22cd7f22d317e80ed302000ffe2d3e20e9a,0.309806093826326,TAAGGATTTCTGTAATTTTTTTAACCTCCAGTTACCTTACATTTGTCCCTTCATTAATTAAAAAAATACTTATTGAGCACCTATTATGTACGAGGCACTCATACAGATGTTAAGAGTACAGCAATGAAGCAGACAGACACTCTGCCACCTACTGTGCTGCAGTTTATATTGTAGTAGAATGAGATTTAAAAAAAGTCAAG,2f57019c1149fbbb7b2a6233792e76566f6d36ebcb13a4bd9c57eff7712b9b7d,0.562425074259435,-0.0906656647479769,0.405014290845392,-204.49192865937948,-204.8235571719706,-214.17302707768977,-211.20500046014783,-3.299655130133061,1.0,-0.0906656647479769,0.0,2,0.17038990371747312,0.17490732828716207,0.146091925319964,0.3212551176879409,1.0
chr3:146261504:T:C;chr3:146261580:G:A;var1;middle;OL41|K562|78101e42d146f65d,chr3:146261504:T:C;chr3:146261580:G:A;var1;middle;OL41,K562,K562_region_01619,100,176,76,GCATGAATGAAACCACCTGGGAACCAGAGAATCAGCTTGGAGAAGCAGGAACTTTGTCAAATATTTAAAATAATAAGAGCTAACTTTCACTGAGTACTTTCTGTAGCGCCAGGCACTGCTCTAAGAATTTTACATTAATACTCTGTAGCTCATTTAATAGTTACACAATTTCAGAGATGAGGCAATGGAAAGAACATATA,58b45fab03689c9f910796974551354d909764d7d50c9cdca4286d2cd694d8d7,0.0,GCATGAATGAAACCACCTGGGAACCAGAGAATCAGCTTGGAGAAGCAGGAACTTTGTCAAATATTTAAAATAATAAGAGCTAACTTTCACTGAGTACTTCCTGTAGCGCCAGGCACTGCTCTAAGAATTTTACATTAATACTCTGTAGCTCATTTAATAGTTACACAATTTCAGAGATGAGGCAATGGAAAGAACATATA,28e926f76624d0192612718bc194d79d55c3da43d07d009ef63c7955a0ed47f5,0.529713696564487,GCATGAATGAAACCACCTGGGAACCAGAGAATCAGCTTGGAGAAGCAGGAACTTTGTCAAATATTTAAAATAATAAGAGCTAACTTTCACTGAGTACTTTCTGTAGCGCCAGGCACTGCTCTAAGAATTTTACATTAATACTCTGTAGCTCATTTAATAGTTACACAATTTCAGAAATGAGGCAATGGAAAGAACATATA,ecd28d9eb0a7eb5e6b947ee72daadc5d8bfd2afd02cbbb4832472704ef22ced6,0.349416051126954,GCATGAATGAAACCACCTGGGAACCAGAGAATCAGCTTGGAGAAGCAGGAACTTTGTCAAATATTTAAAATAATAAGAGCTAACTTTCACTGAGTACTTCCTGTAGCGCCAGGCACTGCTCTAAGAATTTTACATTAATACTCTGTAGCTCATTTAATAGTTACACAATTTCAGAAATGAGGCAATGGAAAGAACATATA,78101e42d146f65d6dcd19926d8ff570dc5e3ba6c32cad70d145412acd7dc0ca,0.161040439733698,0.7180893079577431,0.417796245818557,-259.1232480183244,-262.3068927815184,-255.51720876805484,-259.05797166004777,0.35711812879890203,1.0,0.7180893079577431,0.0,4,0.17664194252838875,0.17620727786206916,0.145609630836647,0.12711102874748725,1.0
chr3:149212076:A:G;chr3:149212125:G:C;var1;middle;OL30|K562|4596b87f9ce3990e,chr3:149212076:A:G;chr3:149212125:G:C;var1;middle;OL30,K562,K562_region_01620,100,149,49,CTCAAAGACTGCCAGAACCAGAGAGTTTGAAGGGAGAGAAGAAGGGCCTGAGTGTGGCTATGTGGTGGTTTGTGAGGGGTGAGGCTGCAGCAGGAGTGGAACTCATGATTTCTCCAGGCAACCAAATTCAATCCTTGCTTCTACGTTCGCCGTAAACGTTTCACAAATCCTACCACCAGGAGGTGCTGTCATGCCACTGC,8b1bb2887f42d1881e714c15e6afecc050f9438daf3cb2fa0dc216cfe0d4d401,0.0,CTCAAAGACTGCCAGAACCAGAGAGTTTGAAGGGAGAGAAGAAGGGCCTGAGTGTGGCTATGTGGTGGTTTGTGAGGGGTGAGGCTGCAGCAGGAGTGGGACTCATGATTTCTCCAGGCAACCAAATTCAATCCTTGCTTCTACGTTCGCCGTAAACGTTTCACAAATCCTACCACCAGGAGGTGCTGTCATGCCACTGC,afa4977dbdb86a3120531ebd610eaa18761da4d2227820bd467118c478696fc0,0.0721202942046511,CTCAAAGACTGCCAGAACCAGAGAGTTTGAAGGGAGAGAAGAAGGGCCTGAGTGTGGCTATGTGGTGGTTTGTGAGGGGTGAGGCTGCAGCAGGAGTGGAACTCATGATTTCTCCAGGCAACCAAATTCAATCCTTGCTTCTACGTTCCCCGTAAACGTTTCACAAATCCTACCACCAGGAGGTGCTGTCATGCCACTGC,4b380b85f7823638b1af04075945ffc2da10a9f637d6ab13782bf992f37e79f8,0.0506474507833547,CTCAAAGACTGCCAGAACCAGAGAGTTTGAAGGGAGAGAAGAAGGGCCTGAGTGTGGCTATGTGGTGGTTTGTGAGGGGTGAGGCTGCAGCAGGAGTGGGACTCATGATTTCTCCAGGCAACCAAATTCAATCCTTGCTTCTACGTTCCCCGTAAACGTTTCACAAATCCTACCACCAGGAGGTGCTGTCATGCCACTGC,4596b87f9ce3990e2ef8ac08a29c01f1864f0a44326a279836c06c6ca872e61e,0.127145496067535,-0.0043777510795292,0.148880789718904,-263.3232941403985,-255.3168084844947,-250.448610432446,-247.7146877385676,5.272562962025404,1.0,-0.0043777510795292,0.0,1,0.1877296754451402,0.18216460459877223,0.1501433469024087,0.10331001424308162,1.0
chr3:155011481:C:T;chr3:155011518:T:G;var1;middle;OL41|K562|866c287a81fc22f9,chr3:155011481:C:T;chr3:155011518:T:G;var1;middle;OL41,K562,K562_region_01621,100,137,37,AAGAGAATCCTATGCCTTAAATCTTACCTTTTTCAGCCATTATTCCTGTTGGTGGGTGGCTAGGTCAGGCCACGCTTACCTCTTTCTTTTGTTATCCAGCGTCTCTTTGAACTTTAAATAGAGAGAAATCTGAAGATTGCGGCAGCTGCCCGTCTCCTGGCTGCCAATTGTCTGCAGAGTGATGTAAGTCATGGGAAAGC,4898b5ea2814b86972be8dc106c1d9b8defeb344a4bc39ca6ee0730a78356e3d,0.0,AAGAGAATCCTATGCCTTAAATCTTACCTTTTTCAGCCATTATTCCTGTTGGTGGGTGGCTAGGTCAGGCCACGCTTACCTCTTTCTTTTGTTATCCAGTGTCTCTTTGAACTTTAAATAGAGAGAAATCTGAAGATTGCGGCAGCTGCCCGTCTCCTGGCTGCCAATTGTCTGCAGAGTGATGTAAGTCATGGGAAAGC,3401de7ba0ac8f73071fc33370bd869ed4d3396d46d2838e926e03c0d705c2bb,0.344682868266788,AAGAGAATCCTATGCCTTAAATCTTACCTTTTTCAGCCATTATTCCTGTTGGTGGGTGGCTAGGTCAGGCCACGCTTACCTCTTTCTTTTGTTATCCAGCGTCTCTTTGAACTTTAAATAGAGAGAAATCTGAAGAGTGCGGCAGCTGCCCGTCTCCTGGCTGCCAATTGTCTGCAGAGTGATGTAAGTCATGGGAAAGC,e1f9cb8157db58127465ee8429487efff05f26adc8df95d7ea11bd1b9b1dcc87,0.0674374810548517,AAGAGAATCCTATGCCTTAAATCTTACCTTTTTCAGCCATTATTCCTGTTGGTGGGTGGCTAGGTCAGGCCACGCTTACCTCTTTCTTTTGTTATCCAGTGTCTCTTTGAACTTTAAATAGAGAGAAATCTGAAGAGTGCGGCAGCTGCCCGTCTCCTGGCTGCCAATTGTCTGCAGAGTGATGTAAGTCATGGGAAAGC,866c287a81fc22f9099b913b60bc39890b9b7693dc4bfb36e0d078387bc59962,0.0538316886728427,0.358288660648797,0.291940512739612,-322.6965553779155,-323.235319099389,-347.7891430015443,-348.4271308996249,0.0992241766070947,1.0,0.358288660648797,0.0,2,0.17533894679365858,0.17490732828716207,0.146091925319964,0.17282454528556335,1.0
chr3:156795408:C:T;chr3:156795414:G:T;var1;middle;OL27|K562|1ba2e588ef36b954,chr3:156795408:C:T;chr3:156795414:G:T;var1;middle;OL27,K562,K562_region_01622,100,106,6,CTTTTTCTCTGTCCCACCCTCTCCTGGCCACAAAGGTCATCCCCTTGGCAGCTGAGACAGAAAGGGCCAGACATCTGGGCCAGGGCTGGGGCCCACTGGCCTGGGGCCCTACATGCACTCTGGGCTACATTTCATGCTGCTTGCCCACGTTCCAACTCCAGGTGAGGGCTCTGGGGATACGCATTTTAAAGCAATACTGT,54b438e8f30f8f755b831287b29dde96ff6bfa0a01c0f3df73c0a21e94fa75db,0.0,CTTTTTCTCTGTCCCACCCTCTCCTGGCCACAAAGGTCATCCCCTTGGCAGCTGAGACAGAAAGGGCCAGACATCTGGGCCAGGGCTGGGGCCCACTGGTCTGGGGCCCTACATGCACTCTGGGCTACATTTCATGCTGCTTGCCCACGTTCCAACTCCAGGTGAGGGCTCTGGGGATACGCATTTTAAAGCAATACTGT,20b8f41308ff638ece1044302b2e64d269939b7de1a884e0114083b8fa66ad9a,0.0098908954874115,CTTTTTCTCTGTCCCACCCTCTCCTGGCCACAAAGGTCATCCCCTTGGCAGCTGAGACAGAAAGGGCCAGACATCTGGGCCAGGGCTGGGGCCCACTGGCCTGGGTCCCTACATGCACTCTGGGCTACATTTCATGCTGCTTGCCCACGTTCCAACTCCAGGTGAGGGCTCTGGGGATACGCATTTTAAAGCAATACTGT,3e33fd4150cee090d8c34eefb612828cda3c6e78c7e520e2da1684d04aca65c6,-0.0113843668544848,CTTTTTCTCTGTCCCACCCTCTCCTGGCCACAAAGGTCATCCCCTTGGCAGCTGAGACAGAAAGGGCCAGACATCTGGGCCAGGGCTGGGGCCCACTGGTCTGGGTCCCTACATGCACTCTGGGCTACATTTCATGCTGCTTGCCCACGTTCCAACTCCAGGTGAGGGCTCTGGGGATACGCATTTTAAAGCAATACTGT,1ba2e588ef36b954002706247d94f55a44c82f32e0bfffff0a2f97c9324f1eb9,-0.0502812605201029,0.0487877891530296,0.20243214740227,-295.6502298377454,-308.8661334551871,-302.6868023562711,-312.6171127266716,-3.2855932470411062,1.0,0.0487877891530296,0.0,0,0.18155607621433534,0.18565657667894103,0.15145376406925343,0.25135385264832577,1.0
chr3:156795468:A:G;chr3:156795525:A:G;var1;middle;OL30|K562|05aabc1511c2f894,chr3:156795468:A:G;chr3:156795525:A:G;var1;middle;OL30,K562,K562_region_01622,100,157,57,AAAGGGCCAGACATCTGGGCCAGGGCTGGGGCCCACTGGCCTGGGGCCCTACATGCACTCTGGGCTACATTTCATGCTGCTTGCCCACGTTCCAACTCCAGGTGAGGGCTCTGGGGATACGCATTTTAAAGCAATACTGTAATAGTCTGGTGTGCAACCCAGTGTCTGGTGAGTCCAGTTTTGGTGAATTATTGCTCCCA,b37fbfdda14c1482504719ee2dcfb002e8e349a10e61927ff85d8298ccecaf98,0.0,AAAGGGCCAGACATCTGGGCCAGGGCTGGGGCCCACTGGCCTGGGGCCCTACATGCACTCTGGGCTACATTTCATGCTGCTTGCCCACGTTCCAACTCCGGGTGAGGGCTCTGGGGATACGCATTTTAAAGCAATACTGTAATAGTCTGGTGTGCAACCCAGTGTCTGGTGAGTCCAGTTTTGGTGAATTATTGCTCCCA,0187fcba8352e646dcc87920636f8fb4befdd8de6c05ae042205872917959a5b,0.0389960633678713,AAAGGGCCAGACATCTGGGCCAGGGCTGGGGCCCACTGGCCTGGGGCCCTACATGCACTCTGGGCTACATTTCATGCTGCTTGCCCACGTTCCAACTCCAGGTGAGGGCTCTGGGGATACGCATTTTAAAGCAATACTGTAATAGTCTGGTGTGCAGCCCAGTGTCTGGTGAGTCCAGTTTTGGTGAATTATTGCTCCCA,9e82bb11dfe3e0214984f65327243474139aed9fc8b051a9a4bfb46039eb53ca,0.441945703282612,AAAGGGCCAGACATCTGGGCCAGGGCTGGGGCCCACTGGCCTGGGGCCCTACATGCACTCTGGGCTACATTTCATGCTGCTTGCCCACGTTCCAACTCCGGGTGAGGGCTCTGGGGATACGCATTTTAAAGCAATACTGTAATAGTCTGGTGTGCAGCCCAGTGTCTGGTGAGTCCAGTTTTGGTGAATTATTGCTCCCA,05aabc1511c2f8941b987fc2807e36a7f866f0d1e55db0beac2f8740130feaa4,0.234717433078075,0.2462243335724083,0.264360448086405,-377.5387394058053,-389.1231509456411,-390.2763680187054,-412.2512716376223,10.390492079081127,1.0,0.2462243335724083,0.0,0,0.1991214816096829,0.18565657667894103,0.15145376406925343,0.286382596454104,1.0
chr3:156797208:T:G;chr3:156797225:T:C;var1;middle;OL32|K562|22ceb3265b107c5c,chr3:156797208:T:G;chr3:156797225:T:C;var1;middle;OL32,K562,K562_region_01623,100,117,17,CTCAACAAAACTTTCTGTGCCTCATTTTCTCTCTTCTTCCCATTTCCAAGCAACAAAACCATGTCCATCTACTCTTATTAAAAATCTCCAAGAGTGGTGTCTCATGCCTGTAATCGTAGCACTTTGGGAGGCCGAGGCTGGAAGATTGCTTGAGGCTAAGAGTTCAAGACCAGCCTGGACAACATAAGGAAACCCTTTTT,12b5434eacbd36ee134a6c606920d1eae6847ca5c3cc8864c07192734d8dfa09,0.0,CTCAACAAAACTTTCTGTGCCTCATTTTCTCTCTTCTTCCCATTTCCAAGCAACAAAACCATGTCCATCTACTCTTATTAAAAATCTCCAAGAGTGGTGGCTCATGCCTGTAATCGTAGCACTTTGGGAGGCCGAGGCTGGAAGATTGCTTGAGGCTAAGAGTTCAAGACCAGCCTGGACAACATAAGGAAACCCTTTTT,605cf234c1d8ebf14a4a310db6658f9bca2cba15f6c44a0a967589bc5e903593,0.616800702311734,CTCAACAAAACTTTCTGTGCCTCATTTTCTCTCTTCTTCCCATTTCCAAGCAACAAAACCATGTCCATCTACTCTTATTAAAAATCTCCAAGAGTGGTGTCTCATGCCTGTAATCGCAGCACTTTGGGAGGCCGAGGCTGGAAGATTGCTTGAGGCTAAGAGTTCAAGACCAGCCTGGACAACATAAGGAAACCCTTTTT,78225dde73b1325a42e07bf5d393c6138f2bfbe476e034323d8f0ee6a0826c51,0.417246719854228,CTCAACAAAACTTTCTGTGCCTCATTTTCTCTCTTCTTCCCATTTCCAAGCAACAAAACCATGTCCATCTACTCTTATTAAAAATCTCCAAGAGTGGTGGCTCATGCCTGTAATCGCAGCACTTTGGGAGGCCGAGGCTGGAAGATTGCTTGAGGCTAAGAGTTCAAGACCAGCCTGGACAACATAAGGAAACCCTTTTT,22ceb3265b107c5ccbf2d7daad4d186d662be0cebd8d18189664d2985ff0b12d,0.653304349548239,0.3807430726177229,0.679013980696594,-165.02389528881758,-162.94273508153856,-164.5239982670173,-161.65254281833768,-0.7902952414005995,1.0,0.3807430726177229,0.0,2,0.1740437346017771,0.17490732828716207,0.146091925319964,0.22920475366499915,1.0
chr3:156798732:A:G;chr3:156798775:T:C;var1;middle;OL31|K562|6d3c255d70bdca4a,chr3:156798732:A:G;chr3:156798775:T:C;var1;middle;OL31,K562,K562_region_01624,100,143,43,TTAAAAGATATTTCTCAGCTGTGAATACTATTGGAATGAAATCGGGACTTTTCAAAAAAGTCTGCAGCATGAAAAGGTTTGCATATGAATTCTGATTCCATTAGAAAACCATTTCTTTTAGGACTGTTTTATCATTCTCTATTGGTTCATGTAATATGATTGGTTTGTTCTTATTCTAATTAAAGATGCAATTTATTAAA,899daeb3e72901845593719aa626097b11c77f4185283bd67c6f7a3ff5d3bbf0,0.0,TTAAAAGATATTTCTCAGCTGTGAATACTATTGGAATGAAATCGGGACTTTTCAAAAAAGTCTGCAGCATGAAAAGGTTTGCATATGAATTCTGATTCCGTTAGAAAACCATTTCTTTTAGGACTGTTTTATCATTCTCTATTGGTTCATGTAATATGATTGGTTTGTTCTTATTCTAATTAAAGATGCAATTTATTAAA,a103174938cb77e11269478da76eb0be881cee3fa80dd3b75a78a41312aa388c,-0.0717608550553648,TTAAAAGATATTTCTCAGCTGTGAATACTATTGGAATGAAATCGGGACTTTTCAAAAAAGTCTGCAGCATGAAAAGGTTTGCATATGAATTCTGATTCCATTAGAAAACCATTTCTTTTAGGACTGTTTTATCATTCTCTATCGGTTCATGTAATATGATTGGTTTGTTCTTATTCTAATTAAAGATGCAATTTATTAAA,7631d242de606fec1f56feb089380bc79b93f4fe81e8fff108180c17bd7eecea,0.169869853629205,TTAAAAGATATTTCTCAGCTGTGAATACTATTGGAATGAAATCGGGACTTTTCAAAAAAGTCTGCAGCATGAAAAGGTTTGCATATGAATTCTGATTCCGTTAGAAAACCATTTCTTTTAGGACTGTTTTATCATTCTCTATCGGTTCATGTAATATGATTGGTTTGTTCTTATTCTAATTAAAGATGCAATTTATTAAA,6d3c255d70bdca4ad5a34dbbb71ec546bbb9fb53790f94566d34c21eaa86d1e4,0.0899052291235423,-0.0082037694502979,0.257127794270015,-318.60838609887287,-339.63553474633954,-357.4118116362952,-377.33869218977634,1.1002680939855054,-1.0,0.0082037694502979,0.0,3,0.18368913967157122,0.18106719778262317,0.1474303780702046,0.15973232987513394,1.0
chr3:167453969:A:G;chr3:167454002:T:G;var1;middle;OL41|K562|446328e10ef0f7f4,chr3:167453969:A:G;chr3:167454002:T:G;var1;middle;OL41,K562,K562_region_01625,100,133,33,AGAAAAATCCTGCTAATTGAGGACGAGGTGGATGTTATCTGGTGGATGTTATAGGTGCGTAGCCTATAAAAAGCAAAAATTTTGCTATTGATATAGAATAACTTCTGAACTATTTCACTAGGAAAATAACTTTGCATTCTTCTTCAGTGTCTACCCTTTACGTTGGTTTATCAGATTGTCCTGCTACCGACCTGTTATCC,507bdf9d6fa870005b4fbe3a7993ab2439fb09a4e4307926fc3b75617285ce6e,0.0,AGAAAAATCCTGCTAATTGAGGACGAGGTGGATGTTATCTGGTGGATGTTATAGGTGCGTAGCCTATAAAAAGCAAAAATTTTGCTATTGATATAGAATGACTTCTGAACTATTTCACTAGGAAAATAACTTTGCATTCTTCTTCAGTGTCTACCCTTTACGTTGGTTTATCAGATTGTCCTGCTACCGACCTGTTATCC,2bff549553abe55c29032797830fd5cd1573c2fab40a72e3ed5904617e810433,0.168048494617385,AGAAAAATCCTGCTAATTGAGGACGAGGTGGATGTTATCTGGTGGATGTTATAGGTGCGTAGCCTATAAAAAGCAAAAATTTTGCTATTGATATAGAATAACTTCTGAACTATTTCACTAGGAAAATAACTTGGCATTCTTCTTCAGTGTCTACCCTTTACGTTGGTTTATCAGATTGTCCTGCTACCGACCTGTTATCC,012e853919d05f622aa19dda8793fd001b5e994d498a5e47c9bd367e904ffc57,-0.042727193512703,AGAAAAATCCTGCTAATTGAGGACGAGGTGGATGTTATCTGGTGGATGTTATAGGTGCGTAGCCTATAAAAAGCAAAAATTTTGCTATTGATATAGAATGACTTCTGAACTATTTCACTAGGAAAATAACTTGGCATTCTTCTTCAGTGTCTACCCTTTACGTTGGTTTATCAGATTGTCCTGCTACCGACCTGTTATCC,446328e10ef0f7f4a3c73266e08dd252f77181a5a0e1a440a57c83d157c88c8b,-0.350462891545172,0.475784192649854,0.24923529003586,-306.78429407440126,-325.85817677807063,-330.4493349045515,-333.71840488538146,-15.804812722839415,1.0,0.475784192649854,0.0,1,0.16628471307827358,0.18216460459877223,0.1501433469024087,0.29331950466012724,1.0
chr3:169098791:C:T;chr3:169098861:C:T;var1;middle;OL27|K562|7cd60e1e4468fcfb,chr3:169098791:C:T;chr3:169098861:C:T;var1;middle;OL27,K562,K562_region_01626,100,170,70,TTCCAAACGTTAACTATAAAATCATATCTTCTTCCTTTAGTATTTTTTCAAATCAGTACAATTCTTTAACCATATATTAGGTTGGGTTCCCTCCTATCACGCTATACCTTTAATCAATACATTGTTTGTATTAAGAAGTGAGATTGTAAAGGAAGTTTATTCTTAAAAACCTGTTGAAAACATATTGTAACAAATATAAT,5d18a8227269e56b7d6768ea158f3de6ab54671f4e04c0bdd211da75bb1e5f19,0.0,TTCCAAACGTTAACTATAAAATCATATCTTCTTCCTTTAGTATTTTTTCAAATCAGTACAATTCTTTAACCATATATTAGGTTGGGTTCCCTCCTATCATGCTATACCTTTAATCAATACATTGTTTGTATTAAGAAGTGAGATTGTAAAGGAAGTTTATTCTTAAAAACCTGTTGAAAACATATTGTAACAAATATAAT,80ea4b2ba2b59e46129b2234cf9fe398153bc0b59074178993202537efe31795,-0.186476699875603,TTCCAAACGTTAACTATAAAATCATATCTTCTTCCTTTAGTATTTTTTCAAATCAGTACAATTCTTTAACCATATATTAGGTTGGGTTCCCTCCTATCACGCTATACCTTTAATCAATACATTGTTTGTATTAAGAAGTGAGATTGTAAAGGAAGTTTATTCTTAAAAATCTGTTGAAAACATATTGTAACAAATATAAT,f1d45f770060f1e0f7639e1bbe26c28c96036c8cf3c22dd10d70e1913451ede9,-0.464783988044468,TTCCAAACGTTAACTATAAAATCATATCTTCTTCCTTTAGTATTTTTTCAAATCAGTACAATTCTTTAACCATATATTAGGTTGGGTTCCCTCCTATCATGCTATACCTTTAATCAATACATTGTTTGTATTAAGAAGTGAGATTGTAAAGGAAGTTTATTCTTAAAAATCTGTTGAAAACATATTGTAACAAATATAAT,7cd60e1e4468fcfb98c022e865394fe299cb02e461b621d504ca387615cf63e9,-0.143781597091772,0.5074790908282991,0.223439674301065,-264.15860599279404,-263.36126068234444,-265.87509575486183,-265.5300525724888,-0.45230212807655334,-1.0,-0.5074790908282991,0.0,3,0.1805619753795997,0.18106719778262317,0.1474303780702046,0.3588728818639508,1.0
chr3:170734377:T:C;chr3:170734438:A:G;var1;middle;OL29|K562|f990cc40489c0167,chr3:170734377:T:C;chr3:170734438:A:G;var1;middle;OL29,K562,K562_region_01627,100,161,61,AAGCTGAAGGAAATATCCAAAATGTTCTCAGCAAATAATTATGGGTATTTTTTTTTCTAATACTGTCTTCAGTAGGCATGTGTAATTTTCATAACCATATGAAAGTGTGATTTTAAAATCCTTCCAAATAATCCCAAATGTCATTCAGCTGATTAAAAAAAGGCTTAAAAAATCATTCTTATGTAATGGTGTTTCAGCAG,2deea06e92dbb44166211c35eb4b9bf64cc92194100c6a4ce68cb2fc2e6a5831,0.0,AAGCTGAAGGAAATATCCAAAATGTTCTCAGCAAATAATTATGGGTATTTTTTTTTCTAATACTGTCTTCAGTAGGCATGTGTAATTTTCATAACCATACGAAAGTGTGATTTTAAAATCCTTCCAAATAATCCCAAATGTCATTCAGCTGATTAAAAAAAGGCTTAAAAAATCATTCTTATGTAATGGTGTTTCAGCAG,d566907e1431905d904cdb33fecbed6b19a59369f0b1b4d95677661404a21834,0.0166777944739133,AAGCTGAAGGAAATATCCAAAATGTTCTCAGCAAATAATTATGGGTATTTTTTTTTCTAATACTGTCTTCAGTAGGCATGTGTAATTTTCATAACCATATGAAAGTGTGATTTTAAAATCCTTCCAAATAATCCCAAATGTCATTCAGCTGATTAAAAAAGGGCTTAAAAAATCATTCTTATGTAATGGTGTTTCAGCAG,c6bc13430a96ae26188e94b8644424684e0e68f1e04e1db77cf9cba4a6fe37ee,0.287808590379719,AAGCTGAAGGAAATATCCAAAATGTTCTCAGCAAATAATTATGGGTATTTTTTTTTCTAATACTGTCTTCAGTAGGCATGTGTAATTTTCATAACCATACGAAAGTGTGATTTTAAAATCCTTCCAAATAATCCCAAATGTCATTCAGCTGATTAAAAAAGGGCTTAAAAAATCATTCTTATGTAATGGTGTTTCAGCAG,f990cc40489c0167969259ecf3e63b0b7fc4bc1ec46b2652ce6677c6cd2f96de,0.146989458927091,0.1574969259265413,0.233520505653001,-264.3252146691084,-275.9607743229717,-271.1784109082073,-278.5455830106512,-4.26838755141938,1.0,0.1574969259265413,0.0,3,0.1728756717899681,0.18106719778262317,0.1474303780702046,0.38622314643254774,1.0
chr3:172312614:G:A;chr3:172312634:G:A;var1;middle;OL41|K562|f299b558a901dd0e,chr3:172312614:G:A;chr3:172312634:G:A;var1;middle;OL41,K562,K562_region_01628,100,120,20,GGCGTTCCCGGTCAAGCTCTGCCAAATTCACCACGTGACCTAGGACCTGAAGTGAACTTTCGTTTCTCCTGTTCTCTCTCTTTCCGACCTTCCCTCCCCGCCAAGGCAATGCAGACAGGGACTCAATATATTATTTTGAGTTCTCCATAGGAAAAGAATTATTATTAAAACAATAAGCTCTCAAGATAAATACCTTTATA,9760022e0213b1e58704f7b53e2684073371782c37e5da2e9d690bea75d85957,0.0,GGCGTTCCCGGTCAAGCTCTGCCAAATTCACCACGTGACCTAGGACCTGAAGTGAACTTTCGTTTCTCCTGTTCTCTCTCTTTCCGACCTTCCCTCCCCACCAAGGCAATGCAGACAGGGACTCAATATATTATTTTGAGTTCTCCATAGGAAAAGAATTATTATTAAAACAATAAGCTCTCAAGATAAATACCTTTATA,ab4ed28b63809c168e43ea1c5a4fd2a553fdf29786339deb5a502c95f8f4751a,-0.225500082987833,GGCGTTCCCGGTCAAGCTCTGCCAAATTCACCACGTGACCTAGGACCTGAAGTGAACTTTCGTTTCTCCTGTTCTCTCTCTTTCCGACCTTCCCTCCCCGCCAAGGCAATGCAGACAGGAACTCAATATATTATTTTGAGTTCTCCATAGGAAAAGAATTATTATTAAAACAATAAGCTCTCAAGATAAATACCTTTATA,88ae338b58d0c1fb547e99cb514408234aa0329b2d804eb513435c4a912f7f8c,0.128582305317133,GGCGTTCCCGGTCAAGCTCTGCCAAATTCACCACGTGACCTAGGACCTGAAGTGAACTTTCGTTTCTCCTGTTCTCTCTCTTTCCGACCTTCCCTCCCCACCAAGGCAATGCAGACAGGAACTCAATATATTATTTTGAGTTCTCCATAGGAAAAGAATTATTATTAAAACAATAAGCTCTCAAGATAAATACCTTTATA,f299b558a901dd0e06ae0928abef3f0104a245f302559bec390dcbb06c8cfe82,-0.357121007728344,0.260203230057644,0.279143672116953,-357.8996259327978,-348.29178308788687,-352.72294451855123,-342.01897735055536,-1.0961243230849504,1.0,0.260203230057644,0.0,0,0.18436820470963994,0.18565657667894103,0.15145376406925343,0.18573071835816998,1.0
chr3:172312614:G:A;chr3:172312670:G:A;var1;middle;OL41|K562|7cd3049d05b493fa,chr3:172312614:G:A;chr3:172312670:G:A;var1;middle;OL41,K562,K562_region_01628,100,156,56,GGCGTTCCCGGTCAAGCTCTGCCAAATTCACCACGTGACCTAGGACCTGAAGTGAACTTTCGTTTCTCCTGTTCTCTCTCTTTCCGACCTTCCCTCCCCGCCAAGGCAATGCAGACAGGGACTCAATATATTATTTTGAGTTCTCCATAGGAAAAGAATTATTATTAAAACAATAAGCTCTCAAGATAAATACCTTTATA,9760022e0213b1e58704f7b53e2684073371782c37e5da2e9d690bea75d85957,0.0,GGCGTTCCCGGTCAAGCTCTGCCAAATTCACCACGTGACCTAGGACCTGAAGTGAACTTTCGTTTCTCCTGTTCTCTCTCTTTCCGACCTTCCCTCCCCACCAAGGCAATGCAGACAGGGACTCAATATATTATTTTGAGTTCTCCATAGGAAAAGAATTATTATTAAAACAATAAGCTCTCAAGATAAATACCTTTATA,ab4ed28b63809c168e43ea1c5a4fd2a553fdf29786339deb5a502c95f8f4751a,-0.225482409818119,GGCGTTCCCGGTCAAGCTCTGCCAAATTCACCACGTGACCTAGGACCTGAAGTGAACTTTCGTTTCTCCTGTTCTCTCTCTTTCCGACCTTCCCTCCCCGCCAAGGCAATGCAGACAGGGACTCAATATATTATTTTGAGTTCTCCATAGGAAAAAAATTATTATTAAAACAATAAGCTCTCAAGATAAATACCTTTATA,1ab7a16ba557c0ac807ab1e18b03e7e2c02d37b1b3655c38caa68ba02536b86e,-0.157080846187088,GGCGTTCCCGGTCAAGCTCTGCCAAATTCACCACGTGACCTAGGACCTGAAGTGAACTTTCGTTTCTCCTGTTCTCTCTCTTTCCGACCTTCCCTCCCCACCAAGGCAATGCAGACAGGGACTCAATATATTATTTTGAGTTCTCCATAGGAAAAAAATTATTATTAAAACAATAAGCTCTCAAGATAAATACCTTTATA,7cd3049d05b493fa42cb7f55bf68e8ec159515800a61689b4ff618bdaeae5e2e,-0.337042313411668,-0.045520942593539,0.252725608845912,-357.8996259327978,-348.29178308788687,-350.25415482372046,-341.26077298633754,0.614461007528007,1.0,-0.045520942593539,0.0,0,0.18656526067112617,0.18565657667894103,0.15145376406925343,0.2299353989078227,1.0
chr3:179033543:A:C;chr3:179033604:G:A;var1;middle;OL41|K562|12f40ef4ba607195,chr3:179033543:A:C;chr3:179033604:G:A;var1;middle;OL41,K562,K562_region_01629,100,161,61,AATGAGAAAAAATGCCTACTAAGTAAGCCTTTTGCTATTAGGCAAACACACAGAATAAACTAAACATTGTATGAAGATTTACACTGTGCTAAGGATTTCATGCACTCCTTCCTTTTGTCCTTCATTCATACAATGCATACTTATTAGGAAATTACTGTGGGACAGTACCTTGCTAGTTTTTTATTAGACACACAAATTTT,0e9ccbef6fd236ad82750eaa9eb777ac400191cb02efe08a3620204bc724cbca,0.0,AATGAGAAAAAATGCCTACTAAGTAAGCCTTTTGCTATTAGGCAAACACACAGAATAAACTAAACATTGTATGAAGATTTACACTGTGCTAAGGATTTCCTGCACTCCTTCCTTTTGTCCTTCATTCATACAATGCATACTTATTAGGAAATTACTGTGGGACAGTACCTTGCTAGTTTTTTATTAGACACACAAATTTT,3f6d8b97603da82ac4a951e573ea03a35be3d3be6375da25cab2b76120db9fca,-0.0585031058011757,AATGAGAAAAAATGCCTACTAAGTAAGCCTTTTGCTATTAGGCAAACACACAGAATAAACTAAACATTGTATGAAGATTTACACTGTGCTAAGGATTTCATGCACTCCTTCCTTTTGTCCTTCATTCATACAATGCATACTTATTAGGAAATTACTGTGGAACAGTACCTTGCTAGTTTTTTATTAGACACACAAATTTT,ccad57907732bd1ba805701d005ace13d0354836365eeabc0150de2b194e8939,0.0544189796024514,AATGAGAAAAAATGCCTACTAAGTAAGCCTTTTGCTATTAGGCAAACACACAGAATAAACTAAACATTGTATGAAGATTTACACTGTGCTAAGGATTTCCTGCACTCCTTCCTTTTGTCCTTCATTCATACAATGCATACTTATTAGGAAATTACTGTGGAACAGTACCTTGCTAGTTTTTTATTAGACACACAAATTTT,12f40ef4ba6071952fd026a9d5ffc24a96ff4a52074cd7461cb1742a7ff5f8f4,-0.128185837647953,0.1241017114492286,0.246163962638707,-238.23650082945824,-246.7529347985983,-241.9007614403963,-260.4120192974806,9.994823887944221,1.0,0.1241017114492286,0.0,0,0.19861328997343386,0.18565657667894103,0.15145376406925343,0.29423460111262273,1.0
chr3:182880715:C:G;chr3:182880797:G:A;var1;middle;OL41|K562|157a5fe858495ce4,chr3:182880715:C:G;chr3:182880797:G:A;var1;middle;OL41,K562,K562_region_01630,100,182,82,ACCCCTACGGAGCAGGGAGGGGCGGGGACTCGGCGCAGCCGCCGGGGCCCGGGCCTCTGGGACCGTTTACCGCACGCGCGTGGTCCCGGCAGCGCCGGCCTCCTCCGCTCATACCCTGGGTCTCCTCCTTTCTTTTTCTTTTCTTTTTGAGACGAAGTCTCGCTCTGTCGCCCAGGGTGGAGTGCAGTGGCGCGATCTCG,67f5c9ecc7a9bfb111dbd520d23d8643b784e39e9d7ddd87bceb7413fa0b7531,0.0,ACCCCTACGGAGCAGGGAGGGGCGGGGACTCGGCGCAGCCGCCGGGGCCCGGGCCTCTGGGACCGTTTACCGCACGCGCGTGGTCCCGGCAGCGCCGGCGTCCTCCGCTCATACCCTGGGTCTCCTCCTTTCTTTTTCTTTTCTTTTTGAGACGAAGTCTCGCTCTGTCGCCCAGGGTGGAGTGCAGTGGCGCGATCTCG,6c8690e41795c7710d007947d04c3071d5c78d2e2ec7c0fc854bd2a5f296091a,-0.0273727163718775,ACCCCTACGGAGCAGGGAGGGGCGGGGACTCGGCGCAGCCGCCGGGGCCCGGGCCTCTGGGACCGTTTACCGCACGCGCGTGGTCCCGGCAGCGCCGGCCTCCTCCGCTCATACCCTGGGTCTCCTCCTTTCTTTTTCTTTTCTTTTTGAGACGAAGTCTCGCTCTGTCGCCCAGGGTGGAATGCAGTGGCGCGATCTCG,6d00437a944b6890088c15a7930cc3b91b2901fd14ed1fcae4f0d252bf8715c9,0.155053084896033,ACCCCTACGGAGCAGGGAGGGGCGGGGACTCGGCGCAGCCGCCGGGGCCCGGGCCTCTGGGACCGTTTACCGCACGCGCGTGGTCCCGGCAGCGCCGGCGTCCTCCGCTCATACCCTGGGTCTCCTCCTTTCTTTTTCTTTTCTTTTTGAGACGAAGTCTCGCTCTGTCGCCCAGGGTGGAATGCAGTGGCGCGATCTCG,157a5fe858495ce4eec532c6d35ac83aad54e47714ae502185a7ebb411bcdd30,0.0495123475623244,-0.0781680209618311,0.320122767117808,-205.47409465536475,-209.58377949800345,-228.475692210719,-229.6372365420684,2.9481405112892674,-1.0,0.0781680209618311,0.0,1,0.18536471537012808,0.18216460459877223,0.1501433469024087,0.14008319839408398,1.0
chr3:183530978:G:A;chr3:183530986:A:G;var1;middle;OL41|K562|4911e7ee8c2d91c9,chr3:183530978:G:A;chr3:183530986:A:G;var1;middle;OL41,K562,K562_region_01631,100,108,8,TCAAAGGCATTATGATACAGTCCAAGTATGTAACTTTCTGGGGACCAGACTTTGCTGAGAGTCATAATGGAGAGTCAAAGAGTCTGATGGCTGAGAGGGGTGTGCCTAGGCTTGCCTTCATAAATGTTCATTGTCTCAGCCAAGGTTTTGGCAGGAGCGAGAGCAGGCTCAGATCAGTGTCACAGGCAGTACCTTACGTG,e8762a49b9b44df5000f68a855ee80d3d76cfddb4b2149f26baa395dbb2835eb,0.0,TCAAAGGCATTATGATACAGTCCAAGTATGTAACTTTCTGGGGACCAGACTTTGCTGAGAGTCATAATGGAGAGTCAAAGAGTCTGATGGCTGAGAGGGATGTGCCTAGGCTTGCCTTCATAAATGTTCATTGTCTCAGCCAAGGTTTTGGCAGGAGCGAGAGCAGGCTCAGATCAGTGTCACAGGCAGTACCTTACGTG,8b3def61bd959de72efa94570c45a90f05b66417705eefe4ab205801272fbcf7,-0.10129281508369,TCAAAGGCATTATGATACAGTCCAAGTATGTAACTTTCTGGGGACCAGACTTTGCTGAGAGTCATAATGGAGAGTCAAAGAGTCTGATGGCTGAGAGGGGTGTGCCTGGGCTTGCCTTCATAAATGTTCATTGTCTCAGCCAAGGTTTTGGCAGGAGCGAGAGCAGGCTCAGATCAGTGTCACAGGCAGTACCTTACGTG,9b75f2a02a1049be05cc5a61cd41802309bd304006322472b2916f59969061a0,-0.0584728102063502,TCAAAGGCATTATGATACAGTCCAAGTATGTAACTTTCTGGGGACCAGACTTTGCTGAGAGTCATAATGGAGAGTCAAAGAGTCTGATGGCTGAGAGGGATGTGCCTGGGCTTGCCTTCATAAATGTTCATTGTCTCAGCCAAGGTTTTGGCAGGAGCGAGAGCAGGCTCAGATCAGTGTCACAGGCAGTACCTTACGTG,4911e7ee8c2d91c9fa934c5210b4c8e2e07c0a6811b64f1543b34f6b0eed29df,-0.11224781968882,-0.0475178056012201,0.331558703437804,-341.51121393963695,-342.9354177676141,-355.1706298235804,-355.4755248874426,-1.119308764114976,1.0,-0.0475178056012201,0.0,0,0.1843384268824441,0.18565657667894103,0.15145376406925343,0.2117306044111408,1.0
chr3:183534913:A:G;chr3:183534976:G:A;var1;middle;OL41|K562|614e36eb521659f2,chr3:183534913:A:G;chr3:183534976:G:A;var1;middle;OL41,K562,K562_region_01632,100,163,63,TCAGCTTCCATGGACCAATTCGGTTCCCAACTGACTTGATCCTCAGGCTCCTCAGAGATTTCAAAACTGAGAGACGGCCAGATGGCAGTTAACGAACGCAGGAGCCTTCCACAGGCTTCTCAAGAGGATGCTTGAGGCTGAGCTGGGTGTGCCAAGTCCATCGGTGCATCTGCTCCACACCAGCACTTTGGCCCTGGTGA,e5d4759611dba1980d86810c318a50d8700693bf959aaaa1fdb911e573828e9f,0.0,TCAGCTTCCATGGACCAATTCGGTTCCCAACTGACTTGATCCTCAGGCTCCTCAGAGATTTCAAAACTGAGAGACGGCCAGATGGCAGTTAACGAACGCGGGAGCCTTCCACAGGCTTCTCAAGAGGATGCTTGAGGCTGAGCTGGGTGTGCCAAGTCCATCGGTGCATCTGCTCCACACCAGCACTTTGGCCCTGGTGA,a43eb0eef17e76a9c68249e9d20ceb1c064f65c9768932baf9f41692b215bdf5,0.189385555920673,TCAGCTTCCATGGACCAATTCGGTTCCCAACTGACTTGATCCTCAGGCTCCTCAGAGATTTCAAAACTGAGAGACGGCCAGATGGCAGTTAACGAACGCAGGAGCCTTCCACAGGCTTCTCAAGAGGATGCTTGAGGCTGAGCTGGGTGTGCCAAGTCCATCAGTGCATCTGCTCCACACCAGCACTTTGGCCCTGGTGA,88ceaf5ff4a74c0387eb7ef84b6931d69a30a7974672044420f4bea172d94393,-0.198984785169475,TCAGCTTCCATGGACCAATTCGGTTCCCAACTGACTTGATCCTCAGGCTCCTCAGAGATTTCAAAACTGAGAGACGGCCAGATGGCAGTTAACGAACGCGGGAGCCTTCCACAGGCTTCTCAAGAGGATGCTTGAGGCTGAGCTGGGTGTGCCAAGTCCATCAGTGCATCTGCTCCACACCAGCACTTTGGCCCTGGTGA,614e36eb521659f2022c33927e4fb3ee985c4d9423fb93b7bf365ada646a9d65,0.102811662574692,0.112410891823494,0.307401106143259,-331.5008607804775,-327.56584971537814,-321.330957618542,-318.5163757223636,-1.120429168920964,-1.0,-0.112410891823494,0.0,1,0.18122519036551682,0.18216460459877223,0.1501433469024087,0.09343546388461085,1.0
chr3:184090242:C:T;chr3:184090266:C:T;var1;middle;OL27|K562|3bc043edbcfb8613,chr3:184090242:C:T;chr3:184090266:C:T;var1;middle;OL27,K562,K562_region_01633,100,124,24,TGAAAAATGATTCCCTTTTCAGTCCTGTGTATCCCTTTTACCAGGGCTTTGGGTTTCAGGAGAAAGTAGGAAATCTTGTCCAGTTGTCTCCCAGGGGCGCCCTGCAGGGAAGGGAGCTGTACACGAGACAATGCTGATGTCGGCAGTGTCTGAGAACCTTACCCTTCCTGAGACAGATTCTGGGAGTGGGTGTAGGATGT,ebe94ff8ba0c51f203aa93be151deb62fa80f420fb1bb7c30d5208834f081a25,0.0,TGAAAAATGATTCCCTTTTCAGTCCTGTGTATCCCTTTTACCAGGGCTTTGGGTTTCAGGAGAAAGTAGGAAATCTTGTCCAGTTGTCTCCCAGGGGCGTCCTGCAGGGAAGGGAGCTGTACACGAGACAATGCTGATGTCGGCAGTGTCTGAGAACCTTACCCTTCCTGAGACAGATTCTGGGAGTGGGTGTAGGATGT,7c73923289ed663f87ad3c2f873159607f6d4b3f2e487dbce111d8abb1f16a36,0.0095744790230429,TGAAAAATGATTCCCTTTTCAGTCCTGTGTATCCCTTTTACCAGGGCTTTGGGTTTCAGGAGAAAGTAGGAAATCTTGTCCAGTTGTCTCCCAGGGGCGCCCTGCAGGGAAGGGAGCTGTACATGAGACAATGCTGATGTCGGCAGTGTCTGAGAACCTTACCCTTCCTGAGACAGATTCTGGGAGTGGGTGTAGGATGT,b8f8dec3f1ef5dc29809500e9053d028ab692427c4942f70973abe96f35d325b,0.0259661227758077,TGAAAAATGATTCCCTTTTCAGTCCTGTGTATCCCTTTTACCAGGGCTTTGGGTTTCAGGAGAAAGTAGGAAATCTTGTCCAGTTGTCTCCCAGGGGCGTCCTGCAGGGAAGGGAGCTGTACATGAGACAATGCTGATGTCGGCAGTGTCTGAGAACCTTACCCTTCCTGAGACAGATTCTGGGAGTGGGTGTAGGATGT,3bc043edbcfb861362b0c2edf0f720f40672402eb9d18075e05f053bbb989d34,0.031639900595237,0.0039007012036136,0.105172426484597,-420.348240475636,-419.42141478246776,-411.72553671483183,-411.1963427743758,0.3976317527121864,1.0,0.0039007012036136,0.0,0,0.1862867676907456,0.18565657667894103,0.15145376406925343,0.1095658727861136,1.0
chr3:184091102:T:G;chr3:184091149:G:T;var1;middle;OL27|K562|2f06db522a5b3544,chr3:184091102:T:G;chr3:184091149:G:T;var1;middle;OL27,K562,K562_region_01634,100,147,47,GGCCAGATCTCAGGCCTCCCTTGTCTAAGTAGGAAAGACAGGATGCCAGTACCCAGGCATTGTGGCTGGCAGGGAGCACTCTTAGTAGATCAGCTCTTCTGCCCTTGAGCTCCCTGGAAGAGCCCTTCTTCCCTCAGGTCTTCTAGGGGGACTGAGTCAGAAAAGAACAGTTTCTACAGATCCCTTGACTGGGGACTTAC,66a2aa9b6587a916132e2e9e43d55f0732623386a7a5aee2a141771dfe9751b0,0.0,GGCCAGATCTCAGGCCTCCCTTGTCTAAGTAGGAAAGACAGGATGCCAGTACCCAGGCATTGTGGCTGGCAGGGAGCACTCTTAGTAGATCAGCTCTTCGGCCCTTGAGCTCCCTGGAAGAGCCCTTCTTCCCTCAGGTCTTCTAGGGGGACTGAGTCAGAAAAGAACAGTTTCTACAGATCCCTTGACTGGGGACTTAC,8907e083fbbb7d715fef2ffd9f6ad026462f84042cbb9b0b79f4d3d2b3a822c9,-0.004290742212675,GGCCAGATCTCAGGCCTCCCTTGTCTAAGTAGGAAAGACAGGATGCCAGTACCCAGGCATTGTGGCTGGCAGGGAGCACTCTTAGTAGATCAGCTCTTCTGCCCTTGAGCTCCCTGGAAGAGCCCTTCTTCCCTCAGGTCTTCTAGTGGGACTGAGTCAGAAAAGAACAGTTTCTACAGATCCCTTGACTGGGGACTTAC,fae1350499ab958b37fdee5fb6e5640d71f05f0e3a707afaf174398b45af4241,0.189792602192157,GGCCAGATCTCAGGCCTCCCTTGTCTAAGTAGGAAAGACAGGATGCCAGTACCCAGGCATTGTGGCTGGCAGGGAGCACTCTTAGTAGATCAGCTCTTCGGCCCTTGAGCTCCCTGGAAGAGCCCTTCTTCCCTCAGGTCTTCTAGTGGGACTGAGTCAGAAAAGAACAGTTTCTACAGATCCCTTGACTGGGGACTTAC,2f06db522a5b354479d0966b8657c1f7144840a13bf37bd0009d99a10b03b79c,0.211715102665803,0.026213242686321,0.147247950178134,-243.64231923222545,-256.0036406442523,-245.163582995534,-257.17920035123825,0.3457040563225746,-1.0,-0.026213242686321,0.0,4,0.1766277957977749,0.17620727786206916,0.145609630836647,0.13844751348901735,1.0
chr3:184455239:A:T;chr3:184455246:T:A;var1;middle;OL41|K562|a5662a48a5733c8a,chr3:184455239:A:T;chr3:184455246:T:A;var1;middle;OL41,K562,K562_region_01635,100,107,7,TATTGAGAAATCTCTATAAAGATGATCCTGTCTTTATGCCCAGCACCTTATGGCAATTCTTGAGAGAGGGAGAGCGTCAGGGAATTGAGAATGGGGTGCAGTTGCCTCACTCCTGCCTCCATTCTGTTGTGTATAATACGGAATGTTAGGGTCATGTGACACTAGAAATTGCCAAGCTGGTCCAATCTCTCCATTTATAG,e80ec5c40fe554a3e39f3559a7b157d4d50dc8c05f7781514f12ef1f1f79ea04,0.0,TATTGAGAAATCTCTATAAAGATGATCCTGTCTTTATGCCCAGCACCTTATGGCAATTCTTGAGAGAGGGAGAGCGTCAGGGAATTGAGAATGGGGTGCTGTTGCCTCACTCCTGCCTCCATTCTGTTGTGTATAATACGGAATGTTAGGGTCATGTGACACTAGAAATTGCCAAGCTGGTCCAATCTCTCCATTTATAG,f94be16dc0131441fbf82e3ffc9cdcdbd95ac2a19b6572934fcc01b410ab85ca,-0.249320241103927,TATTGAGAAATCTCTATAAAGATGATCCTGTCTTTATGCCCAGCACCTTATGGCAATTCTTGAGAGAGGGAGAGCGTCAGGGAATTGAGAATGGGGTGCAGTTGCCACACTCCTGCCTCCATTCTGTTGTGTATAATACGGAATGTTAGGGTCATGTGACACTAGAAATTGCCAAGCTGGTCCAATCTCTCCATTTATAG,c09935b318645d1c129728f5502de6db4e5db6ab6230996c395304632574cf81,-0.355505184612981,TATTGAGAAATCTCTATAAAGATGATCCTGTCTTTATGCCCAGCACCTTATGGCAATTCTTGAGAGAGGGAGAGCGTCAGGGAATTGAGAATGGGGTGCTGTTGCCACACTCCTGCCTCCATTCTGTTGTGTATAATACGGAATGTTAGGGTCATGTGACACTAGAAATTGCCAAGCTGGTCCAATCTCTCCATTTATAG,a5662a48a5733c8a9c43d220fbb0f546724254ce32a000d697df9452186eebf2,-0.39114180887134,-0.213683616845568,0.166308899880086,-340.0889219688252,-329.68595764925703,-333.141557184048,-325.21531627094373,2.4767234064639183,1.0,-0.213683616845568,0.0,2,0.1788007778974656,0.17490732828716207,0.146091925319964,0.17966239261491795,1.0
chr3:185548662:T:C;chr3:185548683:G:A;var1;middle;OL27|K562|848f6ac67e6c2927,chr3:185548662:T:C;chr3:185548683:G:A;var1;middle;OL27,K562,K562_region_01636,100,121,21,GAAACTAGGGAGTCAATAGAGCAATGCCTTTAAAACTGAGTGGAAATTATCTTCAATCTAGAATTCTAAACCTAGTGAGACCATCAGTTTAAAAAGATATGCAAGAATTCAGACATGCCCGTTTTGGGGAAGCTACTGGGAGATAAGTGCCAGCAAAACCATGGAAGAAGATTACATGGGATTTGGGAAATAAGGAATCC,8491bdb69fe980860c0ad22a0238e5ec59107f66a114990e98de27c8b738be3c,0.0,GAAACTAGGGAGTCAATAGAGCAATGCCTTTAAAACTGAGTGGAAATTATCTTCAATCTAGAATTCTAAACCTAGTGAGACCATCAGTTTAAAAAGATACGCAAGAATTCAGACATGCCCGTTTTGGGGAAGCTACTGGGAGATAAGTGCCAGCAAAACCATGGAAGAAGATTACATGGGATTTGGGAAATAAGGAATCC,43d61c258cf596371385c3de9449ba656660e5f14f51d7bbcf6c499eb8f0f9dd,-0.0490569322191832,GAAACTAGGGAGTCAATAGAGCAATGCCTTTAAAACTGAGTGGAAATTATCTTCAATCTAGAATTCTAAACCTAGTGAGACCATCAGTTTAAAAAGATATGCAAGAATTCAGACATGCCCATTTTGGGGAAGCTACTGGGAGATAAGTGCCAGCAAAACCATGGAAGAAGATTACATGGGATTTGGGAAATAAGGAATCC,4d96b65e7189c03b35f18aff8dbcfac14e112c710e8035dfd97abc470f147971,-0.203049670466461,GAAACTAGGGAGTCAATAGAGCAATGCCTTTAAAACTGAGTGGAAATTATCTTCAATCTAGAATTCTAAACCTAGTGAGACCATCAGTTTAAAAAGATACGCAAGAATTCAGACATGCCCATTTTGGGGAAGCTACTGGGAGATAAGTGCCAGCAAAACCATGGAAGAAGATTACATGGGATTTGGGAAATAAGGAATCC,848f6ac67e6c29271382059c45cd7e948e2f0e1c5f329085025d332aa543eed8,0.135214081592715,0.3873206842783592,0.126073738935717,-260.74568116664886,-267.11460757255554,-253.56099075078964,-259.8268679380417,0.10304921865463257,-1.0,-0.3873206842783592,0.0,2,0.1753445163641414,0.17490732828716207,0.146091925319964,0.09711051830405154,1.0
chr3:186434108:G:A;chr3:186434188:C:T;var1;middle;OL28|K562|95d521dbb559f38b,chr3:186434108:G:A;chr3:186434188:C:T;var1;middle;OL28,K562,K562_region_01637,100,180,80,CAACTAGGATTACAGGCATGTGCCACTACGCCCGGCTAATTTTGTATTTTTAGTGGAGATGGGGTTTCTCCATGTTGGTCAGGCTGGTCTCGAACTCCCGACCTCAGGTGATCCACCCATCTCAGCCTCCCAAAGTGCTGGGATTACAGGTGTGAGCCACCGTGCCTGGCCAATTTTTACTGGAGTAAGGATGTTGATAC,6f610b0bcd89949612c738887a02184023a322888449ee9f28f110cd91d913f1,0.0,CAACTAGGATTACAGGCATGTGCCACTACGCCCGGCTAATTTTGTATTTTTAGTGGAGATGGGGTTTCTCCATGTTGGTCAGGCTGGTCTCGAACTCCCAACCTCAGGTGATCCACCCATCTCAGCCTCCCAAAGTGCTGGGATTACAGGTGTGAGCCACCGTGCCTGGCCAATTTTTACTGGAGTAAGGATGTTGATAC,d87098eb4785878621f47e8ad5107ccee29fde5ca022efc93d6f6d06a373388f,-0.0083747904652843,CAACTAGGATTACAGGCATGTGCCACTACGCCCGGCTAATTTTGTATTTTTAGTGGAGATGGGGTTTCTCCATGTTGGTCAGGCTGGTCTCGAACTCCCGACCTCAGGTGATCCACCCATCTCAGCCTCCCAAAGTGCTGGGATTACAGGTGTGAGCCACCGTGCCTGGCCAATTTTTATTGGAGTAAGGATGTTGATAC,24919a08a3394c64a00c4b8f001cd0f7d0021766967cf86ec86b8071d4b8f18a,0.0169895150239108,CAACTAGGATTACAGGCATGTGCCACTACGCCCGGCTAATTTTGTATTTTTAGTGGAGATGGGGTTTCTCCATGTTGGTCAGGCTGGTCTCGAACTCCCAACCTCAGGTGATCCACCCATCTCAGCCTCCCAAAGTGCTGGGATTACAGGTGTGAGCCACCGTGCCTGGCCAATTTTTATTGGAGTAAGGATGTTGATAC,95d521dbb559f38bf8505a0da779bfa2938325e12d6cde2b84e8454c6ed2ea9f,0.163533176117197,0.1549184515585705,0.118429772736774,-89.0215675374493,-88.05334915081039,-87.76185933453962,-86.86912459973246,-0.0754836518317461,-1.0,-0.1549184515585705,0.0,0,0.18567910375172902,0.18565657667894103,0.15145376406925343,0.0009685427167651917,1.0
chr3:186434188:C:T;chr3:186434262:T:C;var1;middle;OL28|K562|655149640dbc0339,chr3:186434188:C:T;chr3:186434262:T:C;var1;middle;OL28,K562,K562_region_01637,100,174,74,AGGCTGGTCTCGAACTCCCGACCTCAGGTGATCCACCCATCTCAGCCTCCCAAAGTGCTGGGATTACAGGTGTGAGCCACCGTGCCTGGCCAATTTTTACTGGAGTAAGGATGTTGATACCATCAAGCCTCACACTTCTGCTGAGATTATCAACTGTAGTTTTCCAATGTTGGTCTACAGGTGGGGACCATTCTGTAATA,5e213e79c970b63f430cd08bd4c9a890ecf870db208ae8fb60f40da68df5def7,0.0,AGGCTGGTCTCGAACTCCCGACCTCAGGTGATCCACCCATCTCAGCCTCCCAAAGTGCTGGGATTACAGGTGTGAGCCACCGTGCCTGGCCAATTTTTATTGGAGTAAGGATGTTGATACCATCAAGCCTCACACTTCTGCTGAGATTATCAACTGTAGTTTTCCAATGTTGGTCTACAGGTGGGGACCATTCTGTAATA,30eabd25631ab2487e276570ccd30f7ed19b82d6045f0d8c185b809355ca1dd4,0.12556220237597,AGGCTGGTCTCGAACTCCCGACCTCAGGTGATCCACCCATCTCAGCCTCCCAAAGTGCTGGGATTACAGGTGTGAGCCACCGTGCCTGGCCAATTTTTACTGGAGTAAGGATGTTGATACCATCAAGCCTCACACTTCTGCTGAGATTATCAACTGTAGTTTTCCAATGTTGGCCTACAGGTGGGGACCATTCTGTAATA,fcff61cf044f76677a6f96be7c974c98b7e516f41bacfb4f7aa972b87e2a82ac,0.369635841075802,AGGCTGGTCTCGAACTCCCGACCTCAGGTGATCCACCCATCTCAGCCTCCCAAAGTGCTGGGATTACAGGTGTGAGCCACCGTGCCTGGCCAATTTTTATTGGAGTAAGGATGTTGATACCATCAAGCCTCACACTTCTGCTGAGATTATCAACTGTAGTTTTCCAATGTTGGCCTACAGGTGGGGACCATTCTGTAATA,655149640dbc03391b134facb6c0ac8f63bc1be623a4a426a29569e96c450c16,0.240290987351333,0.2549070561004389,0.164105029410689,-164.3128910381347,-164.1975515000522,-165.174218185246,-166.07274941168723,1.0138707645237162,1.0,0.2549070561004389,0.0,0,0.1870782579311744,0.18565657667894103,0.15145376406925343,0.21257047155030379,1.0
chr3:187451701:T:C;chr3:187451709:C:T;var1;middle;OL27|K562|ac88bce27b3bb6d6,chr3:187451701:T:C;chr3:187451709:C:T;var1;middle;OL27,K562,K562_region_01638,100,108,8,CCCTTGTATTTGATCTTTGAACAATTCATAGTCCAACTCTGGCCATTATTCTTCATAGTTTTAAAATGGGGAGAATAACTTTTATCCAACAAGTTGGGATAGAAAGCCCTTTAGGGGAAAAGCAAAGGGAATGAATATTTGTTGAGTGTTTTTCCCACATACCAAATACTCTGCCAAGCACTGACAGGTAGTGAGTATGT,e7d344f9a68b3114681162df85c394d5120272f40d434be3907599d2fefd2104,0.0,CCCTTGTATTTGATCTTTGAACAATTCATAGTCCAACTCTGGCCATTATTCTTCATAGTTTTAAAATGGGGAGAATAACTTTTATCCAACAAGTTGGGACAGAAAGCCCTTTAGGGGAAAAGCAAAGGGAATGAATATTTGTTGAGTGTTTTTCCCACATACCAAATACTCTGCCAAGCACTGACAGGTAGTGAGTATGT,1ba3ecb8e28f027a3a81ed315eef484960ca05c46c7b9a1eb7c1c59d0b41f340,-0.44997895510903,CCCTTGTATTTGATCTTTGAACAATTCATAGTCCAACTCTGGCCATTATTCTTCATAGTTTTAAAATGGGGAGAATAACTTTTATCCAACAAGTTGGGATAGAAAGCTCTTTAGGGGAAAAGCAAAGGGAATGAATATTTGTTGAGTGTTTTTCCCACATACCAAATACTCTGCCAAGCACTGACAGGTAGTGAGTATGT,d4eea6ffe6295d38b04a1a5420c475d3bab51db43d1e5d953a8c5ad4303e1ad1,-0.248321578690705,CCCTTGTATTTGATCTTTGAACAATTCATAGTCCAACTCTGGCCATTATTCTTCATAGTTTTAAAATGGGGAGAATAACTTTTATCCAACAAGTTGGGACAGAAAGCTCTTTAGGGGAAAAGCAAAGGGAATGAATATTTGTTGAGTGTTTTTCCCACATACCAAATACTCTGCCAAGCACTGACAGGTAGTGAGTATGT,ac88bce27b3bb6d64dbbe1f82838e781c1c643a3c28f30a00ddc2f49e0c2d519,-0.464324171469455,-0.23397636233028,0.176794152060255,-258.4553811112419,-264.0958208087832,-252.65584183856845,-260.8585678022355,2.5622862661257386,1.0,-0.23397636233028,0.0,3,0.18663391534558751,0.18106719778262317,0.1474303780702046,0.10348030874859895,1.0
chr3:189435816:G:A;chr3:189435858:C:A;var1;middle;OL28|K562|27a0f58ea15e39e6,chr3:189435816:G:A;chr3:189435858:C:A;var1;middle;OL28,K562,K562_region_01639,100,142,42,AACCTTGCTATATAATCCACTATTTCTGTCAGACTCCAAGAATCTAAAATGGAAAATTATTCAAGAAAGATAACAACATAAGAGAATGCGCTGATGGAGGAAGGTCTATATTGGAAAAACAAAAACAAATGCCAATCTTTACAGAGGGTAACCTACAAGGATATATCACAAGCATCTACAAGTGATGGATTTTGATTCCC,c10c34431c9088bf535b080e04f37982a20c9b7a857f16da3f6a6b3cf70170bc,0.0,AACCTTGCTATATAATCCACTATTTCTGTCAGACTCCAAGAATCTAAAATGGAAAATTATTCAAGAAAGATAACAACATAAGAGAATGCGCTGATGGAGAAAGGTCTATATTGGAAAAACAAAAACAAATGCCAATCTTTACAGAGGGTAACCTACAAGGATATATCACAAGCATCTACAAGTGATGGATTTTGATTCCC,b891fec708118065f1b04cc5ac30e58af55e61211b78070aa55571635db6e06f,0.0650952111393788,AACCTTGCTATATAATCCACTATTTCTGTCAGACTCCAAGAATCTAAAATGGAAAATTATTCAAGAAAGATAACAACATAAGAGAATGCGCTGATGGAGGAAGGTCTATATTGGAAAAACAAAAACAAATGCCAATCTTTAAAGAGGGTAACCTACAAGGATATATCACAAGCATCTACAAGTGATGGATTTTGATTCCC,627bfba39741e1e7eb1c4f722749a0be44ed9ff60ba2fb10802d08d5ef72bc2f,-0.0725383512568153,AACCTTGCTATATAATCCACTATTTCTGTCAGACTCCAAGAATCTAAAATGGAAAATTATTCAAGAAAGATAACAACATAAGAGAATGCGCTGATGGAGAAAGGTCTATATTGGAAAAACAAAAACAAATGCCAATCTTTAAAGAGGGTAACCTACAAGGATATATCACAAGCATCTACAAGTGATGGATTTTGATTCCC,27a0f58ea15e39e6ef9def14946a1ea9863e3c69375cf98d7571ce08f3184b3d,-0.172606894392788,0.1651637542753515,0.193727243062459,-374.9306179818232,-369.1268975266721,-410.04183110804297,-407.7469790717587,3.5088684188668253,1.0,0.1651637542753515,0.0,1,0.18593522229925621,0.18216460459877223,0.1501433469024087,0.2690485558618534,1.0
chr3:189664326:C:G;chr3:189664329:G:T;var1;middle;OL27|K562|e81d19d6a4ec7eb7,chr3:189664326:C:G;chr3:189664329:G:T;var1;middle;OL27,K562,K562_region_01640,100,103,3,ACACTGCAGTAATTCAGCAGAGAGATAGATGATGGTGGCTTAGACGAAGATGGTGAGAGTGGTGATGGCACAAAGTCCACTACCATGGACAGCAGAAGACATGAATATAAACTCAATAATGAGGGGTGTGAGAAGGGTAAGGAAGGGTGGGTCTGGACTACTCTGCAGAGAGACCGAACTTAGCCTAGGAGTACATGGCA,9b8ae0e556bad35c0a3b62125d93cfaedf50590ec18bc5cb46cbdbcf1897dcf7,0.0,ACACTGCAGTAATTCAGCAGAGAGATAGATGATGGTGGCTTAGACGAAGATGGTGAGAGTGGTGATGGCACAAAGTCCACTACCATGGACAGCAGAAGAGATGAATATAAACTCAATAATGAGGGGTGTGAGAAGGGTAAGGAAGGGTGGGTCTGGACTACTCTGCAGAGAGACCGAACTTAGCCTAGGAGTACATGGCA,acc5422f7427ed19fd1b1baf3440ab504da71aaf157cd7ce59689efb42febfc1,0.156691809513625,ACACTGCAGTAATTCAGCAGAGAGATAGATGATGGTGGCTTAGACGAAGATGGTGAGAGTGGTGATGGCACAAAGTCCACTACCATGGACAGCAGAAGACATTAATATAAACTCAATAATGAGGGGTGTGAGAAGGGTAAGGAAGGGTGGGTCTGGACTACTCTGCAGAGAGACCGAACTTAGCCTAGGAGTACATGGCA,484e15371b29ad4f8d50d6ae0301bec0af3832b1c8a97b9b61126692fda56ed7,0.141983815098247,ACACTGCAGTAATTCAGCAGAGAGATAGATGATGGTGGCTTAGACGAAGATGGTGAGAGTGGTGATGGCACAAAGTCCACTACCATGGACAGCAGAAGAGATTAATATAAACTCAATAATGAGGGGTGTGAGAAGGGTAAGGAAGGGTGGGTCTGGACTACTCTGCAGAGAGACCGAACTTAGCCTAGGAGTACATGGCA,e81d19d6a4ec7eb7f4ada8e35c058f25cdb1e85c7f26937cea953db6ea8a9f72,0.408382025424921,-0.109706400813049,0.16523617899641,-405.2757084709592,-418.8406299604103,-414.69916388671845,-402.9657283122651,-25.298357063904405,1.0,-0.109706400813049,0.0,4,0.14484425620092908,0.17620727786206916,0.145609630836647,0.11635889250693832,1.0
chr3:193811162:T:C;chr3:193811168:A:G;var1;middle;OL28|K562|9fc6483cdc1039c5,chr3:193811162:T:C;chr3:193811168:A:G;var1;middle;OL28,K562,K562_region_01641,100,106,6,CTTGTCCTGGGGTGAAAGAGGGGCCCTTGAGCCTGGAGGCGGAGGGAGATGACCAGGCCTCTGCCTAGGGCTCTCGGGTGGAGCAAGGGCCTTGGAAAATGCTGAACCCCTGGGTTGCTGGGTTGCTGTTGGGCCCATCCTTCCTCAGGCTTTCTGCCCCATGGGAGCAGGACGGGCTGCACAGAAATGTCATAATGTAC,f5dcc3ceb3547cdb960a1443031d67a090bf51318e15a761a90e039c2538f925,0.0,CTTGTCCTGGGGTGAAAGAGGGGCCCTTGAGCCTGGAGGCGGAGGGAGATGACCAGGCCTCTGCCTAGGGCTCTCGGGTGGAGCAAGGGCCTTGGAAAACGCTGAACCCCTGGGTTGCTGGGTTGCTGTTGGGCCCATCCTTCCTCAGGCTTTCTGCCCCATGGGAGCAGGACGGGCTGCACAGAAATGTCATAATGTAC,eb3c4f826f3be4cc9148337145d32a7f3ef861b5e5f2fd2c1bf9f68b242ac1c9,0.0546215758872726,CTTGTCCTGGGGTGAAAGAGGGGCCCTTGAGCCTGGAGGCGGAGGGAGATGACCAGGCCTCTGCCTAGGGCTCTCGGGTGGAGCAAGGGCCTTGGAAAATGCTGAGCCCCTGGGTTGCTGGGTTGCTGTTGGGCCCATCCTTCCTCAGGCTTTCTGCCCCATGGGAGCAGGACGGGCTGCACAGAAATGTCATAATGTAC,9121c3ebb804f1ba29e44e8b3f1a6a73b733d769957eed46d91679262d0f6733,0.320544222394968,CTTGTCCTGGGGTGAAAGAGGGGCCCTTGAGCCTGGAGGCGGAGGGAGATGACCAGGCCTCTGCCTAGGGCTCTCGGGTGGAGCAAGGGCCTTGGAAAACGCTGAGCCCCTGGGTTGCTGGGTTGCTGTTGGGCCCATCCTTCCTCAGGCTTTCTGCCCCATGGGAGCAGGACGGGCTGCACAGAAATGTCATAATGTAC,9fc6483cdc1039c525be25ad8e2e417d66c4589c7e12a766fa0035a7940545f4,0.425605864416803,-0.0504400661345623,0.201793864081476,-272.03014128189534,-273.6812557093799,-275.51169856311753,-277.96211992111057,0.7993069305084646,1.0,-0.0504400661345623,0.0,4,0.17718999633400584,0.17620727786206916,0.145609630836647,0.06653414601160942,1.0
chr3:194304741:C:G;chr3:194304753:G:A;var1;middle;OL41|K562|b791393aa44635d0,chr3:194304741:C:G;chr3:194304753:G:A;var1;middle;OL41,K562,K562_region_01642,100,112,12,GCGGGGCGGGGCCGCGGGACTCTCGCTCCTCGCGGGAGGCGGTGGCTGCGGAGTGCGCACGCGCGGAACCGCAATTCCGTTCTTCCCGGAAGTGCCCTGCTGGTGCTGGGAGTAGGGCGCAAGATGTCGGCGGATGCAGCTCCGAGGAGGTAGGCAGTGGGAGCCGGCGTTCAGTCCGGCCCGTGCCAACAGTGGTTCCT,d2bbb502e075ed44b10419907a5324aa155c1d944199501ac89a4cbd6def8913,0.0,GCGGGGCGGGGCCGCGGGACTCTCGCTCCTCGCGGGAGGCGGTGGCTGCGGAGTGCGCACGCGCGGAACCGCAATTCCGTTCTTCCCGGAAGTGCCCTGGTGGTGCTGGGAGTAGGGCGCAAGATGTCGGCGGATGCAGCTCCGAGGAGGTAGGCAGTGGGAGCCGGCGTTCAGTCCGGCCCGTGCCAACAGTGGTTCCT,df146118776868cabe1f2df5754df9ad3e002ae3c0f09da2570fceee6f2b0f2c,0.0998309268105393,GCGGGGCGGGGCCGCGGGACTCTCGCTCCTCGCGGGAGGCGGTGGCTGCGGAGTGCGCACGCGCGGAACCGCAATTCCGTTCTTCCCGGAAGTGCCCTGCTGGTGCTGGGAATAGGGCGCAAGATGTCGGCGGATGCAGCTCCGAGGAGGTAGGCAGTGGGAGCCGGCGTTCAGTCCGGCCCGTGCCAACAGTGGTTCCT,586fdc3e3c451006334a534d6f82fb8dcc6585cc5cce6e7230937652118d2d0d,-0.0664982913244357,GCGGGGCGGGGCCGCGGGACTCTCGCTCCTCGCGGGAGGCGGTGGCTGCGGAGTGCGCACGCGCGGAACCGCAATTCCGTTCTTCCCGGAAGTGCCCTGGTGGTGCTGGGAATAGGGCGCAAGATGTCGGCGGATGCAGCTCCGAGGAGGTAGGCAGTGGGAGCCGGCGTTCAGTCCGGCCCGTGCCAACAGTGGTTCCT,b791393aa44635d0901e34ea47f941deb6cd5e4a7f830347467b86a2722fc9af,-0.146435152740703,0.1797677882268066,0.26160130109188,-372.01241236389615,-362.381830817787,-325.8012883369811,-317.7333163644653,1.5626095735933632,1.0,0.1797677882268066,0.0,1,0.18395502095364746,0.18216460459877223,0.1501433469024087,0.052122247779889885,1.0
chr3:194784551:G:A;chr3:194784560:G:A;var1;middle;OL41|K562|a3d380caeb9b67f4,chr3:194784551:G:A;chr3:194784560:G:A;var1;middle;OL41,K562,K562_region_01643,100,109,9,TAAGTGGGTGAATGACGAGTTGAGGTCTGGCAGTTTCGCATTTGATCTGGACTCTTCTTTACCCACATGTGAACCCCAGTGGCTGCATTTGAAACATGTGTTTCCCCAGACAGCTGGGGGCAGGGATACTGCCCAGAGATCTGGTTCAATCCCTCAGCTCCTTGTTTTTGCAGATGAAGAAACAGGCCCAGAGAGGAAAA,0cf89c033eef9cc62c33d2fb4c3a16bdc4791a5cebb1ba853debb6c4fc6bbbbe,0.0,TAAGTGGGTGAATGACGAGTTGAGGTCTGGCAGTTTCGCATTTGATCTGGACTCTTCTTTACCCACATGTGAACCCCAGTGGCTGCATTTGAAACATGTATTTCCCCAGACAGCTGGGGGCAGGGATACTGCCCAGAGATCTGGTTCAATCCCTCAGCTCCTTGTTTTTGCAGATGAAGAAACAGGCCCAGAGAGGAAAA,49f99a32125773c2d4718b65e1bb49fc72fc97831c9ffb398719ccf18ef332f4,-0.131515847510908,TAAGTGGGTGAATGACGAGTTGAGGTCTGGCAGTTTCGCATTTGATCTGGACTCTTCTTTACCCACATGTGAACCCCAGTGGCTGCATTTGAAACATGTGTTTCCCCAAACAGCTGGGGGCAGGGATACTGCCCAGAGATCTGGTTCAATCCCTCAGCTCCTTGTTTTTGCAGATGAAGAAACAGGCCCAGAGAGGAAAA,027c9e20d1c7144b8567e601e6f16f818ee07cff8f05dbaea4e8128e17f01dcb,-0.110268376722817,TAAGTGGGTGAATGACGAGTTGAGGTCTGGCAGTTTCGCATTTGATCTGGACTCTTCTTTACCCACATGTGAACCCCAGTGGCTGCATTTGAAACATGTATTTCCCCAAACAGCTGGGGGCAGGGATACTGCCCAGAGATCTGGTTCAATCCCTCAGCTCCTTGTTTTTGCAGATGAAGAAACAGGCCCAGAGAGGAAAA,a3d380caeb9b67f436ef9c6a35da94caecf9ec5012bd7d903cc38e3069edecc5,-0.208178953010234,-0.0336052712234909,0.222064474259685,-229.95416328683496,-238.36770443245769,-234.5615264326334,-239.31479767523703,-3.660269903019099,1.0,-0.0336052712234909,0.0,2,0.169864819451791,0.17490732828716207,0.146091925319964,0.1835602586806367,1.0
chr3:195955203:T:C;chr3:195955272:G:A;var1;middle;OL41|K562|a6c330b73d6c0617,chr3:195955203:T:C;chr3:195955272:G:A;var1;middle;OL41,K562,K562_region_01644,100,169,69,TGCTGCTGCTGCCCCTGCTGTCCACGGCTGCTGCTCACCAGGTGAGGCGGGGCCAAGGTGCCTTCCCCAGGAGCCGGGGAGCCTCTCCTGGACCCCTGGTCCCCTTCAAGGCTCTGGGAATTAGGCGTGAATAGGCCAAAGCCAGTGACGGAAGGGTGGGCATCCCACGGCCAGGACCCACGGGCGCCACCCTCAGGGGA,75535c90342cd77b16e03350c65005421f15072e672a7e58b02faa46eadd31e3,0.0,TGCTGCTGCTGCCCCTGCTGTCCACGGCTGCTGCTCACCAGGTGAGGCGGGGCCAAGGTGCCTTCCCCAGGAGCCGGGGAGCCTCTCCTGGACCCCTGGCCCCCTTCAAGGCTCTGGGAATTAGGCGTGAATAGGCCAAAGCCAGTGACGGAAGGGTGGGCATCCCACGGCCAGGACCCACGGGCGCCACCCTCAGGGGA,9aca695dbe7e6a0254b0be1edc73a07c9065a74553f4fd29d9e6513ae053de01,-0.405670362379263,TGCTGCTGCTGCCCCTGCTGTCCACGGCTGCTGCTCACCAGGTGAGGCGGGGCCAAGGTGCCTTCCCCAGGAGCCGGGGAGCCTCTCCTGGACCCCTGGTCCCCTTCAAGGCTCTGGGAATTAGGCGTGAATAGGCCAAAGCCAGTGACGGAAGGGTGGGCATCCCACAGCCAGGACCCACGGGCGCCACCCTCAGGGGA,5c352793393cc626d31bb88176105d8e7df1eb03d2109486a17379fa86e30e0b,-0.0043167498581478,TGCTGCTGCTGCCCCTGCTGTCCACGGCTGCTGCTCACCAGGTGAGGCGGGGCCAAGGTGCCTTCCCCAGGAGCCGGGGAGCCTCTCCTGGACCCCTGGCCCCCTTCAAGGCTCTGGGAATTAGGCGTGAATAGGCCAAAGCCAGTGACGGAAGGGTGGGCATCCCACAGCCAGGACCCACGGGCGCCACCCTCAGGGGA,a6c330b73d6c0617ecca4e5f17358ee3234171c7c3af267cf5cd21887498cf1a,-0.135581900925301,0.2744052113121098,0.400435316199339,-247.14968450926244,-257.3929438088089,-218.6234253570437,-220.68763671070337,8.179047945886794,-1.0,-0.2744052113121098,0.0,3,0.19794711478215424,0.18106719778262317,0.1474303780702046,0.039879149970104166,1.0
chr3:196367930:G:A;chr3:196367936:G:A;var1;middle;OL28|K562|099a717546f538cb,chr3:196367930:G:A;chr3:196367936:G:A;var1;middle;OL28,K562,K562_region_01645,100,106,6,CCGGCTGTGACACACAGACTGTTCTGTGGATGCTGAGGGTTTGCTGGGCTTTACATTTACAATACGTATTTATTCTCCTCACACACCTCTTAGGTTTGTGTGTGTGTGCCCGAGAGTCCCTAAAGGAGATTATAGAATCATGGGCCCAGGAAAAAACCTTAACTCCTGCCTTTAGGTTAAAAAAACAAAACAAAACAAAA,72967391a535d68de9403b81c58da4213871aed55ef873be95c16ba3acaa5d56,0.0,CCGGCTGTGACACACAGACTGTTCTGTGGATGCTGAGGGTTTGCTGGGCTTTACATTTACAATACGTATTTATTCTCCTCACACACCTCTTAGGTTTGTATGTGTGTGCCCGAGAGTCCCTAAAGGAGATTATAGAATCATGGGCCCAGGAAAAAACCTTAACTCCTGCCTTTAGGTTAAAAAAACAAAACAAAACAAAA,f8a97ab1f4ab273d99c015ef320a93028d6d678cad827e0d9de2440ef184f534,-0.366784645813746,CCGGCTGTGACACACAGACTGTTCTGTGGATGCTGAGGGTTTGCTGGGCTTTACATTTACAATACGTATTTATTCTCCTCACACACCTCTTAGGTTTGTGTGTGTATGCCCGAGAGTCCCTAAAGGAGATTATAGAATCATGGGCCCAGGAAAAAACCTTAACTCCTGCCTTTAGGTTAAAAAAACAAAACAAAACAAAA,c3fad22ebd3e602f2b421f6c20fa74d800e794bfd7806e7f8f30000aaf0047af,-0.0274814823980723,CCGGCTGTGACACACAGACTGTTCTGTGGATGCTGAGGGTTTGCTGGGCTTTACATTTACAATACGTATTTATTCTCCTCACACACCTCTTAGGTTTGTATGTGTATGCCCGAGAGTCCCTAAAGGAGATTATAGAATCATGGGCCCAGGAAAAAACCTTAACTCCTGCCTTTAGGTTAAAAAAACAAAACAAAACAAAA,099a717546f538cb28fc0b0b832c7e6bdb2ca9d2130a5f9d602e4b36029b12bc,-0.2414068611708,0.1528592670410182,0.226728776689355,-243.1826411587536,-254.51377647696063,-261.46527520311065,-278.29057263047434,-5.494162109156662,-1.0,-0.1528592670410182,0.0,4,0.1693897995755468,0.17620727786206916,0.145609630836647,0.2854386613670214,1.0
chr3:196433421:C:T;chr3:196433441:T:C;var1;middle;OL41|K562|bd887e494a2e58e5,chr3:196433421:C:T;chr3:196433441:T:C;var1;middle;OL41,K562,K562_region_01646,100,120,20,ATTGTTCATTTATTATGGGTGGATTTCCCATTTTACAAACAAACCTTTTATTTATGGGAAGAGGTTCAGCGTTTCGCAATGTCTTTAGTATGTATTTCCCGATACCGGAGGGGCAGAATTCCCCCTCTGTCCATCAAGTGACATCTGCTTGCAGCTGTAGGGAATTTTGCAGGGTACTCTTTTCCAGAGATAAATAATAT,fe71c6ed8f0b8904be627aad3fac10d74e6b7c9d28515a72f49f39eae9915756,0.0,ATTGTTCATTTATTATGGGTGGATTTCCCATTTTACAAACAAACCTTTTATTTATGGGAAGAGGTTCAGCGTTTCGCAATGTCTTTAGTATGTATTTCCTGATACCGGAGGGGCAGAATTCCCCCTCTGTCCATCAAGTGACATCTGCTTGCAGCTGTAGGGAATTTTGCAGGGTACTCTTTTCCAGAGATAAATAATAT,53251b044ab4b3d6a12d56ddae824dca4f782624a323a13dedc823a88521ec08,0.251611473015271,ATTGTTCATTTATTATGGGTGGATTTCCCATTTTACAAACAAACCTTTTATTTATGGGAAGAGGTTCAGCGTTTCGCAATGTCTTTAGTATGTATTTCCCGATACCGGAGGGGCAGAATCCCCCCTCTGTCCATCAAGTGACATCTGCTTGCAGCTGTAGGGAATTTTGCAGGGTACTCTTTTCCAGAGATAAATAATAT,be9c6ef59b0f4f5e32920957618310a432d7e0cf1fd3099a070a0f27f69c2348,0.119690229101878,ATTGTTCATTTATTATGGGTGGATTTCCCATTTTACAAACAAACCTTTTATTTATGGGAAGAGGTTCAGCGTTTCGCAATGTCTTTAGTATGTATTTCCTGATACCGGAGGGGCAGAATCCCCCCTCTGTCCATCAAGTGACATCTGCTTGCAGCTGTAGGGAATTTTGCAGGGTACTCTTTTCCAGAGATAAATAATAT,bd887e494a2e58e562a806096ed326b6ed1e1f05d3437b00c005de116f4e106c,-0.0806606571110515,0.4519623592282005,0.242571573013257,-464.02400203607976,-457.99430316034704,-462.1623943028972,-461.39567476301454,5.262979335850105,1.0,0.4519623592282005,0.0,2,0.18285779180450976,0.17490732828716207,0.146091925319964,0.22614961795767494,1.0
chr3:196439625:G:A;chr3:196439648:C:T;var1;middle;OL41|K562|d25db4b26a76b2a4,chr3:196439625:G:A;chr3:196439648:C:T;var1;middle;OL41,K562,K562_region_01647,100,123,23,CGGGGCTTGGGGGGCCAGAGCGTGGGAGCGGTCCCGGCTCCCGGGCCTCTCGGCGGGTTGCGGGGATGTGGGGACCCGGCGCGGGACCTAGATCAGTAGGGCGAGCCGGAGGAGGTCAGACACTAGAGCCGTGTGCCCTCCTTCCCTCCCGTGCGCTTTGCTCTGCGGCGGATCCCGGGTCTCCGGGAGAGTCGGGCTCG,8666e8f4689b162c8d6e8ad0654942d60d5130b4c8ed41fc7a94f8e4106ff9a5,0.0,CGGGGCTTGGGGGGCCAGAGCGTGGGAGCGGTCCCGGCTCCCGGGCCTCTCGGCGGGTTGCGGGGATGTGGGGACCCGGCGCGGGACCTAGATCAGTAGAGCGAGCCGGAGGAGGTCAGACACTAGAGCCGTGTGCCCTCCTTCCCTCCCGTGCGCTTTGCTCTGCGGCGGATCCCGGGTCTCCGGGAGAGTCGGGCTCG,7378ab865f0c5f9e02fa06dab0ea3b17c34b3aea7849674441db3de873e9ae75,0.0631161137802143,CGGGGCTTGGGGGGCCAGAGCGTGGGAGCGGTCCCGGCTCCCGGGCCTCTCGGCGGGTTGCGGGGATGTGGGGACCCGGCGCGGGACCTAGATCAGTAGGGCGAGCCGGAGGAGGTCAGACATTAGAGCCGTGTGCCCTCCTTCCCTCCCGTGCGCTTTGCTCTGCGGCGGATCCCGGGTCTCCGGGAGAGTCGGGCTCG,c265247871cdfa49cd8e6a755833115becd88325352d84161a84c1f3c6971e90,0.002673920056435,CGGGGCTTGGGGGGCCAGAGCGTGGGAGCGGTCCCGGCTCCCGGGCCTCTCGGCGGGTTGCGGGGATGTGGGGACCCGGCGCGGGACCTAGATCAGTAGAGCGAGCCGGAGGAGGTCAGACATTAGAGCCGTGTGCCCTCCTTCCCTCCCGTGCGCTTTGCTCTGCGGCGGATCCCGGGTCTCCGGGAGAGTCGGGCTCG,d25db4b26a76b2a494c3cba41de9564efef7ae3f6dac2ed9da39ea0ea5d25a01,0.0878699369728649,-0.0220799031362155,0.455261757578283,-251.69134370982647,-249.61968974769115,-250.8286072909832,-248.94107185304165,0.18411852419376373,1.0,-0.0220799031362155,0.0,4,0.1764275248603982,0.17620727786206916,0.145609630836647,0.09499784032622889,1.0
chr3:196548829:G:A;chr3:196548870:T:C;var1;middle;OL28|K562|39c3d329a0444c20,chr3:196548829:G:A;chr3:196548870:T:C;var1;middle;OL28,K562,K562_region_01648,100,141,41,AAAATCATACATCCATACAGAAACCTTCATGCAGCCACAGAAGTGGAAATAATTCAAACCTGGTGAACAGTGGAATATTATTTGGTCATAGAAAGGAAGGAAGTGCCAATCCGTGTTACAGCATTGAACCTTGAGAGTACTGTGCTAAGTGAAAGAAGCCGAACAACAGATGGCAGCAGATTCTGACCGTCTGTTTCCTG,f5eed6cb5fa3ca3a21ab48b58c0ef0f0eb14ecdd2ea46fedf1db50d9c7afc9f0,0.0,AAAATCATACATCCATACAGAAACCTTCATGCAGCCACAGAAGTGGAAATAATTCAAACCTGGTGAACAGTGGAATATTATTTGGTCATAGAAAGGAAGAAAGTGCCAATCCGTGTTACAGCATTGAACCTTGAGAGTACTGTGCTAAGTGAAAGAAGCCGAACAACAGATGGCAGCAGATTCTGACCGTCTGTTTCCTG,b7dac2f9e852371b16d9a204f5e7dd82e4dc651854610470bad47526649cf45a,-0.0391824665996044,AAAATCATACATCCATACAGAAACCTTCATGCAGCCACAGAAGTGGAAATAATTCAAACCTGGTGAACAGTGGAATATTATTTGGTCATAGAAAGGAAGGAAGTGCCAATCCGTGTTACAGCATTGAACCTTGAGAGTACCGTGCTAAGTGAAAGAAGCCGAACAACAGATGGCAGCAGATTCTGACCGTCTGTTTCCTG,e8a0a8c9ecd0410cefb48fccc8de398b5576f8aa9c289b89d9e6e81f3694c35d,-0.0293623881629762,AAAATCATACATCCATACAGAAACCTTCATGCAGCCACAGAAGTGGAAATAATTCAAACCTGGTGAACAGTGGAATATTATTTGGTCATAGAAAGGAAGAAAGTGCCAATCCGTGTTACAGCATTGAACCTTGAGAGTACCGTGCTAAGTGAAAGAAGCCGAACAACAGATGGCAGCAGATTCTGACCGTCTGTTTCCTG,39c3d329a0444c20cf6594586ae899c8a074da4644875be7f9f22e6871df256c,-0.031879103562292,0.0366657512002886,0.144908147313486,-334.2966038403101,-327.8161237563472,-334.01235818176065,-327.02294743969105,0.5089306581066921,-1.0,-0.0366657512002886,0.0,3,0.18249807643481136,0.18106719778262317,0.1474303780702046,0.206983657055935,1.0
chr3:197234978:G:C;chr3:197235040:A:G;var1;middle;OL41|K562|eeac73ddd9f7a549,chr3:197234978:G:C;chr3:197235040:A:G;var1;middle;OL41,K562,K562_region_01649,100,162,62,TCTTTGAATTCCTAGAGCCTGCTCTCGGGAATGGCCTTGACAGAGCCGACTTCCCGCTGGAAGGATACTGGGGGCTCCTCCAGCACATTCTCTCACAGGGGGCAGCACTTAGAGCCCAAAACGGGAAGGGAAGGAGGGTCTGGCTCGAGTGGCAGGACCCCATGGTTGCTACTGTGCGTAGGCTGAGAGTCTCCTCGCTG,40d52230c47983041d8e47d7251f6a3d794fc25c73eea4d0ee49198d42d0f4f2,0.0,TCTTTGAATTCCTAGAGCCTGCTCTCGGGAATGGCCTTGACAGAGCCGACTTCCCGCTGGAAGGATACTGGGGGCTCCTCCAGCACATTCTCTCACAGGCGGCAGCACTTAGAGCCCAAAACGGGAAGGGAAGGAGGGTCTGGCTCGAGTGGCAGGACCCCATGGTTGCTACTGTGCGTAGGCTGAGAGTCTCCTCGCTG,25b23ec68b598f6bd7eb0082e9dbad7b8de336d75c72c9192ccb87aba7afda94,0.001292081145813,TCTTTGAATTCCTAGAGCCTGCTCTCGGGAATGGCCTTGACAGAGCCGACTTCCCGCTGGAAGGATACTGGGGGCTCCTCCAGCACATTCTCTCACAGGGGGCAGCACTTAGAGCCCAAAACGGGAAGGGAAGGAGGGTCTGGCTCGAGTGGCAGGACCCCGTGGTTGCTACTGTGCGTAGGCTGAGAGTCTCCTCGCTG,9cbb9561cd9394ecf8ecc820c579d770ca9e968d9746a9fbc155f52de297082f,0.114857869808203,TCTTTGAATTCCTAGAGCCTGCTCTCGGGAATGGCCTTGACAGAGCCGACTTCCCGCTGGAAGGATACTGGGGGCTCCTCCAGCACATTCTCTCACAGGCGGCAGCACTTAGAGCCCAAAACGGGAAGGGAAGGAGGGTCTGGCTCGAGTGGCAGGACCCCGTGGTTGCTACTGTGCGTAGGCTGAGAGTCTCCTCGCTG,eeac73ddd9f7a54949040747155edf757f242f8c1842c9f0915ebd370261bf2a,0.228979767985007,-0.1128298170309909,0.166389877720853,-288.8330818749964,-287.5476711280644,-272.28225065767765,-273.26272341609,2.265883505344391,1.0,-0.1128298170309909,0.0,2,0.17849377795464622,0.17490732828716207,0.146091925319964,0.0981313753653127,1.0
chr3:197234978:G:C;chr3:197235064:A:G;var1;middle;OL41|K562|e3b1ce208313da47,chr3:197234978:G:C;chr3:197235064:A:G;var1;middle;OL41,K562,K562_region_01649,100,186,86,TCTTTGAATTCCTAGAGCCTGCTCTCGGGAATGGCCTTGACAGAGCCGACTTCCCGCTGGAAGGATACTGGGGGCTCCTCCAGCACATTCTCTCACAGGGGGCAGCACTTAGAGCCCAAAACGGGAAGGGAAGGAGGGTCTGGCTCGAGTGGCAGGACCCCATGGTTGCTACTGTGCGTAGGCTGAGAGTCTCCTCGCTG,40d52230c47983041d8e47d7251f6a3d794fc25c73eea4d0ee49198d42d0f4f2,0.0,TCTTTGAATTCCTAGAGCCTGCTCTCGGGAATGGCCTTGACAGAGCCGACTTCCCGCTGGAAGGATACTGGGGGCTCCTCCAGCACATTCTCTCACAGGCGGCAGCACTTAGAGCCCAAAACGGGAAGGGAAGGAGGGTCTGGCTCGAGTGGCAGGACCCCATGGTTGCTACTGTGCGTAGGCTGAGAGTCTCCTCGCTG,25b23ec68b598f6bd7eb0082e9dbad7b8de336d75c72c9192ccb87aba7afda94,0.0019283592779422,TCTTTGAATTCCTAGAGCCTGCTCTCGGGAATGGCCTTGACAGAGCCGACTTCCCGCTGGAAGGATACTGGGGGCTCCTCCAGCACATTCTCTCACAGGGGGCAGCACTTAGAGCCCAAAACGGGAAGGGAAGGAGGGTCTGGCTCGAGTGGCAGGACCCCATGGTTGCTACTGTGCGTAGGCTGGGAGTCTCCTCGCTG,9df250c08aba009fb144389c11454c51be8f69297c0fde2f974f181a30a0584d,0.195423740864581,TCTTTGAATTCCTAGAGCCTGCTCTCGGGAATGGCCTTGACAGAGCCGACTTCCCGCTGGAAGGATACTGGGGGCTCCTCCAGCACATTCTCTCACAGGCGGCAGCACTTAGAGCCCAAAACGGGAAGGGAAGGAGGGTCTGGCTCGAGTGGCAGGACCCCATGGTTGCTACTGTGCGTAGGCTGGGAGTCTCCTCGCTG,e3b1ce208313da4796d44adfc0f91a00abf6b93774606ff1969ee77580b4e63f,0.0036041050202217,0.1937479951223014,0.273982668140665,-288.8330818749964,-287.5476711280644,-272.6166775599122,-273.2591965645552,1.92792975157505,1.0,0.1937479951223014,0.0,2,0.1780016899649826,0.17490732828716207,0.146091925319964,0.14564388548855361,1.0
chr3:197235040:A:G;chr3:197235064:A:G;var1;middle;OL41|K562|c237b0276e3236d0,chr3:197235040:A:G;chr3:197235064:A:G;var1;middle;OL41,K562,K562_region_01649,100,124,24,GGATACTGGGGGCTCCTCCAGCACATTCTCTCACAGGGGGCAGCACTTAGAGCCCAAAACGGGAAGGGAAGGAGGGTCTGGCTCGAGTGGCAGGACCCCATGGTTGCTACTGTGCGTAGGCTGAGAGTCTCCTCGCTGTTACGTAACTGAGGACTTCTTCCCTCCCTATTTTAGATCCTGCTGCCATCTGCCCTGATTTT,f02105ac9e9685e415d4099a95db79caa7d81371113c9e2545a65a65cbcc4422,0.0,GGATACTGGGGGCTCCTCCAGCACATTCTCTCACAGGGGGCAGCACTTAGAGCCCAAAACGGGAAGGGAAGGAGGGTCTGGCTCGAGTGGCAGGACCCCGTGGTTGCTACTGTGCGTAGGCTGAGAGTCTCCTCGCTGTTACGTAACTGAGGACTTCTTCCCTCCCTATTTTAGATCCTGCTGCCATCTGCCCTGATTTT,d52d0c4c33468419118b51a0f0bf8172c6c3faba44f6dc08cf409b621bcaba83,0.0412596262604481,GGATACTGGGGGCTCCTCCAGCACATTCTCTCACAGGGGGCAGCACTTAGAGCCCAAAACGGGAAGGGAAGGAGGGTCTGGCTCGAGTGGCAGGACCCCATGGTTGCTACTGTGCGTAGGCTGGGAGTCTCCTCGCTGTTACGTAACTGAGGACTTCTTCCCTCCCTATTTTAGATCCTGCTGCCATCTGCCCTGATTTT,c2745c16eac27dd826f582b8efc5dfd410cac1668d188e86985f48d1843baf14,-0.356718953157748,GGATACTGGGGGCTCCTCCAGCACATTCTCTCACAGGGGGCAGCACTTAGAGCCCAAAACGGGAAGGGAAGGAGGGTCTGGCTCGAGTGGCAGGACCCCGTGGTTGCTACTGTGCGTAGGCTGGGAGTCTCCTCGCTGTTACGTAACTGAGGACTTCTTCCCTCCCTATTTTAGATCCTGCTGCCATCTGCCCTGATTTT,c237b0276e3236d006ea208f3cccbef95319c7e05375c6b4bb380d38c9624686,-0.114080525835899,0.2013788010614008,0.168086537239144,-297.2309890780598,-290.9295857716352,-348.43957428634167,-321.4611860457808,20.67698493413627,-1.0,-0.2013788010614008,0.0,2,0.20530183020599277,0.17490732828716207,0.146091925319964,0.10197896163788389,1.0
chr3:197235627:C:G;chr3:197235668:T:C;var1;middle;OL41|K562|5d2109f24e14bcee,chr3:197235627:C:G;chr3:197235668:T:C;var1;middle;OL41,K562,K562_region_01650,100,141,41,GTGCAGACCTAGCAGCTTGTGACAGGCGGGGCCAGGCTGGCTGTCACCTGCTCACACAGCCTCTTGGCCCCGGGTGGAATGCTAAGCACAGCAGGTGCTCTGTAACAAGGCACTGTCAGGCGCATCTTGCAAGAAGCCCTTGCCCAGCCTCCAACCATCAGGGGATGGGTTTGTGCTGGCTGGAGTCACCAGACCATAGG,b1df1a3e2e736cd4453ca9e06b419a52091a8a7fc0747e56afc5a49e80193dc8,0.0,GTGCAGACCTAGCAGCTTGTGACAGGCGGGGCCAGGCTGGCTGTCACCTGCTCACACAGCCTCTTGGCCCCGGGTGGAATGCTAAGCACAGCAGGTGCTGTGTAACAAGGCACTGTCAGGCGCATCTTGCAAGAAGCCCTTGCCCAGCCTCCAACCATCAGGGGATGGGTTTGTGCTGGCTGGAGTCACCAGACCATAGG,111c6d6bfc271e20c9d08a6f3a7fdbbf201ac06d8202be9a1e9abc59fafbf024,0.560744362122844,GTGCAGACCTAGCAGCTTGTGACAGGCGGGGCCAGGCTGGCTGTCACCTGCTCACACAGCCTCTTGGCCCCGGGTGGAATGCTAAGCACAGCAGGTGCTCTGTAACAAGGCACTGTCAGGCGCATCTTGCAAGAAGCCCTCGCCCAGCCTCCAACCATCAGGGGATGGGTTTGTGCTGGCTGGAGTCACCAGACCATAGG,6c086aced8bd0d3e8df2232107e201796fc5106f3c380abb0f9d7a00d438100c,0.378380655815719,GTGCAGACCTAGCAGCTTGTGACAGGCGGGGCCAGGCTGGCTGTCACCTGCTCACACAGCCTCTTGGCCCCGGGTGGAATGCTAAGCACAGCAGGTGCTGTGTAACAAGGCACTGTCAGGCGCATCTTGCAAGAAGCCCTCGCCCAGCCTCCAACCATCAGGGGATGGGTTTGTGCTGGCTGGAGTCACCAGACCATAGG,5d2109f24e14bcee7cf0e82f54b555d11a61ecc30bedabddc825dcde08728994,0.56137763574573,0.377747382192833,0.315435201704495,-242.11879569292068,-242.20748326182365,-243.77615013718605,-244.41513608396053,0.5502983778715134,1.0,0.377747382192833,0.0,3,0.18258139869247839,0.18106719778262317,0.1474303780702046,0.24139001972425952,1.0
chr3:197322695:C:T;chr3:197322742:T:C;var1;middle;OL41|K562|65ec734d6def4747,chr3:197322695:C:T;chr3:197322742:T:C;var1;middle;OL41,K562,K562_region_01651,100,147,47,TTCCACTTCCTCCCTGTGATGTGAGTAGAATGAATTCCAACTCTCCTGGCAGCAAGTTGCATACAAAATAAAGCTTGAGGGAGAGCACTTTGAGTAGTCCCGAAAGTTCCCTCGTGGAAGAAAGACAGCAGCAGAAGAGGGCAGTGTGAGGGGCACACAGCCAGAATTCCATTCATTTCCTTTAGAGTCTATATCTAGCC,096a024ff506382b66d218cc44bc98c5b1bed64cb3fdca559cc3c33cc3c06969,0.0,TTCCACTTCCTCCCTGTGATGTGAGTAGAATGAATTCCAACTCTCCTGGCAGCAAGTTGCATACAAAATAAAGCTTGAGGGAGAGCACTTTGAGTAGTCTCGAAAGTTCCCTCGTGGAAGAAAGACAGCAGCAGAAGAGGGCAGTGTGAGGGGCACACAGCCAGAATTCCATTCATTTCCTTTAGAGTCTATATCTAGCC,40de68f210ab0a59f0e97b20084ee43f8587471be96d183dccfc6df71ec23cc7,-0.0719761184371021,TTCCACTTCCTCCCTGTGATGTGAGTAGAATGAATTCCAACTCTCCTGGCAGCAAGTTGCATACAAAATAAAGCTTGAGGGAGAGCACTTTGAGTAGTCCCGAAAGTTCCCTCGTGGAAGAAAGACAGCAGCAGAAGAGGGCAGTGCGAGGGGCACACAGCCAGAATTCCATTCATTTCCTTTAGAGTCTATATCTAGCC,dcdb73f2d8fc7dd29ea03b5d8a24c7dfba7caf4558aa132e41481acb50a7994c,0.0007304409217352,TTCCACTTCCTCCCTGTGATGTGAGTAGAATGAATTCCAACTCTCCTGGCAGCAAGTTGCATACAAAATAAAGCTTGAGGGAGAGCACTTTGAGTAGTCTCGAAAGTTCCCTCGTGGAAGAAAGACAGCAGCAGAAGAGGGCAGTGCGAGGGGCACACAGCCAGAATTCCATTCATTTCCTTTAGAGTCTATATCTAGCC,65ec734d6def4747593e024151ff0a0cf2a522dac3e3ebcbfbcc7af5b3a42acf,0.168542409848724,0.2397880873640909,0.350864811094112,-328.26015848480165,-317.21086125355214,-338.22733633685857,-324.65440473333,2.523634372279048,-1.0,-0.2397880873640909,0.0,2,0.17886908405652932,0.17490732828716207,0.146091925319964,0.19311226408585028,1.0
chr3:197608381:T:A;chr3:197608454:C:A;var1;middle;OL41|K562|b2ea2bc7796be927,chr3:197608381:T:A;chr3:197608454:C:A;var1;middle;OL41,K562,K562_region_01652,100,173,73,ACACGAGCAGATGGGCTGGAGCTGGCCTCTCAGGGTGGGCACCTTCCAGATTGTGTTTGTTATGTGTGACTGAGGTTCACTCCCAGCATTCTGTTTAAATTTGGAATTTATGTGATTTCTAACATATTCAAACCTTCTTAATAGTGAAACAGTAGCAGGAGAAGTATTAGGGCAGCAGTCCCTGTTCTGTGCTCAAGGCA,10afb19e45fed44c7ab0b74019e25ea5f564815ba26388108ec92a2d0d9acf9f,0.0,ACACGAGCAGATGGGCTGGAGCTGGCCTCTCAGGGTGGGCACCTTCCAGATTGTGTTTGTTATGTGTGACTGAGGTTCACTCCCAGCATTCTGTTTAAAATTGGAATTTATGTGATTTCTAACATATTCAAACCTTCTTAATAGTGAAACAGTAGCAGGAGAAGTATTAGGGCAGCAGTCCCTGTTCTGTGCTCAAGGCA,4befab49a29ec81d0b95bcdac5d77a33df7ee0e2036027056c3270a366363032,-0.190145557021183,ACACGAGCAGATGGGCTGGAGCTGGCCTCTCAGGGTGGGCACCTTCCAGATTGTGTTTGTTATGTGTGACTGAGGTTCACTCCCAGCATTCTGTTTAAATTTGGAATTTATGTGATTTCTAACATATTCAAACCTTCTTAATAGTGAAACAGTAGCAGGAGAAGTATTAGGGAAGCAGTCCCTGTTCTGTGCTCAAGGCA,08900e781f25ba3e035a001c4860d50d32789977419f337e6261d733e28455d1,0.0139596248441449,ACACGAGCAGATGGGCTGGAGCTGGCCTCTCAGGGTGGGCACCTTCCAGATTGTGTTTGTTATGTGTGACTGAGGTTCACTCCCAGCATTCTGTTTAAAATTGGAATTTATGTGATTTCTAACATATTCAAACCTTCTTAATAGTGAAACAGTAGCAGGAGAAGTATTAGGGAAGCAGTCCCTGTTCTGTGCTCAAGGCA,b2ea2bc7796be92770040ef079ceb8e0ce8b4b2a152f027aa4ee1e784b500f1c,-0.229788079801666,0.0536021476246278,0.424385049730981,-335.0913092326373,-330.5836456157267,-341.25880941934884,-342.4973299507983,5.746184148360044,1.0,0.0536021476246278,0.0,1,0.18821155652317165,0.18216460459877223,0.1501433469024087,0.19991796714954452,1.0
chr3:23746133:A:C;chr3:23746187:C:T;var1;middle;OL27|K562|2eeffa7cfabcb79c,chr3:23746133:A:C;chr3:23746187:C:T;var1;middle;OL27,K562,K562_region_01579,100,154,54,TTTCTTTTTTTTTTTGAGACGGAGTTTCGCAATTGTTACCCGGGCTGGAGTGCAATGGTGCCCTCTCAGCTCACACAACCTCCACCTCCCAGGTTCAAGAGAGTCTCCTGCCTCAGCCTCCCGAGTAGCTGGTATTACAGGCACATGCCACCACACCTGGCTAATTTTGTATTTTTAGTAGAGATGGGGTTTCTCCATGT,d7b843c3477b88cd23eec29e45529f6dd409e8343f66a1848db3cf7024d6263c,0.0,TTTCTTTTTTTTTTTGAGACGGAGTTTCGCAATTGTTACCCGGGCTGGAGTGCAATGGTGCCCTCTCAGCTCACACAACCTCCACCTCCCAGGTTCAAGCGAGTCTCCTGCCTCAGCCTCCCGAGTAGCTGGTATTACAGGCACATGCCACCACACCTGGCTAATTTTGTATTTTTAGTAGAGATGGGGTTTCTCCATGT,593ca20c28f47f10aff3acfd151e9e258cbe9fb5e63d250a309fce7b23755842,0.007170563894497,TTTCTTTTTTTTTTTGAGACGGAGTTTCGCAATTGTTACCCGGGCTGGAGTGCAATGGTGCCCTCTCAGCTCACACAACCTCCACCTCCCAGGTTCAAGAGAGTCTCCTGCCTCAGCCTCCCGAGTAGCTGGTATTACAGGCACATGCCACCATACCTGGCTAATTTTGTATTTTTAGTAGAGATGGGGTTTCTCCATGT,290aa998a883acd658f54b8afbbb11dbf676105f8c01596d77f167a82963f57e,-0.137880326959066,TTTCTTTTTTTTTTTGAGACGGAGTTTCGCAATTGTTACCCGGGCTGGAGTGCAATGGTGCCCTCTCAGCTCACACAACCTCCACCTCCCAGGTTCAAGCGAGTCTCCTGCCTCAGCCTCCCGAGTAGCTGGTATTACAGGCACATGCCACCATACCTGGCTAATTTTGTATTTTTAGTAGAGATGGGGTTTCTCCATGT,2eeffa7cfabcb79cd9a10827f1adae3b4d73ff2bb811d5d1a24c2579bcd03db8,0.124853855412696,0.255563618477265,0.104397470373808,-74.93559205438942,-72.24568969011307,-78.70303187565878,-75.97416397044435,0.03896554093807936,-1.0,-0.255563618477265,0.0,4,0.17624762061008162,0.17620727786206916,0.145609630836647,0.10848710758114877,1.0
chr3:23746187:C:T;chr3:23746241:A:G;var1;middle;OL27|K562|8807607a3db08aef,chr3:23746187:C:T;chr3:23746241:A:G;var1;middle;OL27,K562,K562_region_01579,100,154,54,ATGGTGCCCTCTCAGCTCACACAACCTCCACCTCCCAGGTTCAAGAGAGTCTCCTGCCTCAGCCTCCCGAGTAGCTGGTATTACAGGCACATGCCACCACACCTGGCTAATTTTGTATTTTTAGTAGAGATGGGGTTTCTCCATGTTGGTCAGATTGGTCTTGAACTCCCGACCTCAGGTGATCCACCCACCTCGGCCTC,187a6d29b34c6ca684edcbb0fd40bdb619c2ec1f1363a9443eb64653d0b3d8fd,0.0,ATGGTGCCCTCTCAGCTCACACAACCTCCACCTCCCAGGTTCAAGAGAGTCTCCTGCCTCAGCCTCCCGAGTAGCTGGTATTACAGGCACATGCCACCATACCTGGCTAATTTTGTATTTTTAGTAGAGATGGGGTTTCTCCATGTTGGTCAGATTGGTCTTGAACTCCCGACCTCAGGTGATCCACCCACCTCGGCCTC,74937caa9c1e38d3b41434e5a9d43957e78987b68933f3ad7feb95a5e827831b,0.0879944165823835,ATGGTGCCCTCTCAGCTCACACAACCTCCACCTCCCAGGTTCAAGAGAGTCTCCTGCCTCAGCCTCCCGAGTAGCTGGTATTACAGGCACATGCCACCACACCTGGCTAATTTTGTATTTTTAGTAGAGATGGGGTTTCTCCATGTTGGTCAGGTTGGTCTTGAACTCCCGACCTCAGGTGATCCACCCACCTCGGCCTC,b13fb6733ff942a8f47ef0b13262360ddbe375bf0b4006644dd672995a033cb0,0.227657854041622,ATGGTGCCCTCTCAGCTCACACAACCTCCACCTCCCAGGTTCAAGAGAGTCTCCTGCCTCAGCCTCCCGAGTAGCTGGTATTACAGGCACATGCCACCATACCTGGCTAATTTTGTATTTTTAGTAGAGATGGGGTTTCTCCATGTTGGTCAGGTTGGTCTTGAACTCCCGACCTCAGGTGATCCACCCACCTCGGCCTC,8807607a3db08aef7507ac96f89c186e5bf114b691391d5cd474b3e95c40c161,0.251942414180406,0.0637098564435994,0.247039159917082,-63.73189641535282,-67.51476951222867,-60.71319202054292,-64.52343859244138,0.027373475022614002,1.0,0.0637098564435994,0.0,4,0.17623325327238476,0.17620727786206916,0.145609630836647,0.19003686623285707,1.0
chr3:24254750:T:A;chr3:24254752:T:A;var1;middle;OL32|K562|48b0aa351ab908c7,chr3:24254750:T:A;chr3:24254752:T:A;var1;middle;OL32,K562,K562_region_01580,100,102,2,TTTGGTGAAATTATCACTGGACTGGGCCAAGCTGTCCCAGGTCCAGGAGCCTCATACTGTAGCCAGTTTAGGTTTTGTCCTCTTGGCCAGTGCATGTGGTGTTCAAAAGCCTTTATTTAGTTGATTTGTGGCACATGGAAAATTCTTGAGAAGGGATGGGGCTTGACAGGGTCAGGAAGCAAAGCACATTCTTAATCTTG,22f4a1d6a01f101b6636c660f21ca2660895505cce55349dee6b440424c56bd6,0.0,TTTGGTGAAATTATCACTGGACTGGGCCAAGCTGTCCCAGGTCCAGGAGCCTCATACTGTAGCCAGTTTAGGTTTTGTCCTCTTGGCCAGTGCATGTGGAGTTCAAAAGCCTTTATTTAGTTGATTTGTGGCACATGGAAAATTCTTGAGAAGGGATGGGGCTTGACAGGGTCAGGAAGCAAAGCACATTCTTAATCTTG,3f1daf84aa32132802eaf5284b9df0fd00d5ee122a4ca7d3c5ce5482c7dc9b94,0.133736923782429,TTTGGTGAAATTATCACTGGACTGGGCCAAGCTGTCCCAGGTCCAGGAGCCTCATACTGTAGCCAGTTTAGGTTTTGTCCTCTTGGCCAGTGCATGTGGTGATCAAAAGCCTTTATTTAGTTGATTTGTGGCACATGGAAAATTCTTGAGAAGGGATGGGGCTTGACAGGGTCAGGAAGCAAAGCACATTCTTAATCTTG,f8ee258757dde7e4ac2b3a4f89d04f5cf6ddc2abd23c7f605082e67de4d02f67,-0.169091736036463,TTTGGTGAAATTATCACTGGACTGGGCCAAGCTGTCCCAGGTCCAGGAGCCTCATACTGTAGCCAGTTTAGGTTTTGTCCTCTTGGCCAGTGCATGTGGAGATCAAAAGCCTTTATTTAGTTGATTTGTGGCACATGGAAAATTCTTGAGAAGGGATGGGGCTTGACAGGGTCAGGAAGCAAAGCACATTCTTAATCTTG,48b0aa351ab908c7d3ba60505006e79ee8a05d04f87eee0dee90a6cc4487ddd0,-0.0638829445330096,-0.0285281322789756,0.313829310668013,-321.0689573851414,-313.808950397186,-312.9042143598199,-271.43037063628435,34.21383673558012,-1.0,0.0285281322789756,0.0,3,0.25038600655995574,0.18106719778262317,0.1474303780702046,0.08345516043352291,1.0
chr3:24341264:A:T;chr3:24341268:A:T;var1;middle;OL27|K562|f0697f54dfa013b0,chr3:24341264:A:T;chr3:24341268:A:T;var1;middle;OL27,K562,K562_region_01581,100,104,4,GGCTGAAATTGTGGTATTTAGAAATTTATCATCAGTACATCTGAATTCTTAACAGAAATTCCAGGAAGCCTTGAGGCTTCTGGGGAAGTATGCTTTTTTATTTATTTATTTATTTATTTTTTTTTTTTTAGCAAACATACCAGAGTTTATACCTTTAAATGCATGTGGTTTTCTCTGGAGGAGGAAGCAGTGTACTTTTT,ef1f46f1db62dc779d566bba6bcba8686533c2268f32886514aba228ca463f9d,0.0,GGCTGAAATTGTGGTATTTAGAAATTTATCATCAGTACATCTGAATTCTTAACAGAAATTCCAGGAAGCCTTGAGGCTTCTGGGGAAGTATGCTTTTTTTTTTATTTATTTATTTATTTTTTTTTTTTTAGCAAACATACCAGAGTTTATACCTTTAAATGCATGTGGTTTTCTCTGGAGGAGGAAGCAGTGTACTTTTT,1dc82ce8bed69ad8ec6b26b4590b5b9a0a17f56e226f5ee5412f6e691132ff9c,0.208210513137172,GGCTGAAATTGTGGTATTTAGAAATTTATCATCAGTACATCTGAATTCTTAACAGAAATTCCAGGAAGCCTTGAGGCTTCTGGGGAAGTATGCTTTTTTATTTTTTTATTTATTTATTTTTTTTTTTTTAGCAAACATACCAGAGTTTATACCTTTAAATGCATGTGGTTTTCTCTGGAGGAGGAAGCAGTGTACTTTTT,55093c72753bc263632d1e5c5be5fa2dbd1fe69cf7b5ff6ae79607b15560e0c1,-0.528365988101321,GGCTGAAATTGTGGTATTTAGAAATTTATCATCAGTACATCTGAATTCTTAACAGAAATTCCAGGAAGCCTTGAGGCTTCTGGGGAAGTATGCTTTTTTTTTTTTTTATTTATTTATTTTTTTTTTTTTAGCAAACATACCAGAGTTTATACCTTTAAATGCATGTGGTTTTCTCTGGAGGAGGAAGCAGTGTACTTTTT,f0697f54dfa013b00c6cb6e3da921039916b1508605dea886da26dd5c9d57dd3,0.0502860562529462,0.3704415312170951,0.204065840516357,-264.4913941252744,-268.4781086789444,-271.1462247022428,-265.08557570003904,10.047363555873744,-1.0,-0.3704415312170951,0.0,2,0.18982424205502732,0.17490732828716207,0.146091925319964,0.4080860300400222,1.0
chr3:24341264:A:T;chr3:24341272:A:T;var1;middle;OL27|K562|34716d96876b43f0,chr3:24341264:A:T;chr3:24341272:A:T;var1;middle;OL27,K562,K562_region_01581,100,108,8,GGCTGAAATTGTGGTATTTAGAAATTTATCATCAGTACATCTGAATTCTTAACAGAAATTCCAGGAAGCCTTGAGGCTTCTGGGGAAGTATGCTTTTTTATTTATTTATTTATTTATTTTTTTTTTTTTAGCAAACATACCAGAGTTTATACCTTTAAATGCATGTGGTTTTCTCTGGAGGAGGAAGCAGTGTACTTTTT,ef1f46f1db62dc779d566bba6bcba8686533c2268f32886514aba228ca463f9d,0.0,GGCTGAAATTGTGGTATTTAGAAATTTATCATCAGTACATCTGAATTCTTAACAGAAATTCCAGGAAGCCTTGAGGCTTCTGGGGAAGTATGCTTTTTTTTTTATTTATTTATTTATTTTTTTTTTTTTAGCAAACATACCAGAGTTTATACCTTTAAATGCATGTGGTTTTCTCTGGAGGAGGAAGCAGTGTACTTTTT,1dc82ce8bed69ad8ec6b26b4590b5b9a0a17f56e226f5ee5412f6e691132ff9c,0.20819297391461,GGCTGAAATTGTGGTATTTAGAAATTTATCATCAGTACATCTGAATTCTTAACAGAAATTCCAGGAAGCCTTGAGGCTTCTGGGGAAGTATGCTTTTTTATTTATTTTTTTATTTATTTTTTTTTTTTTAGCAAACATACCAGAGTTTATACCTTTAAATGCATGTGGTTTTCTCTGGAGGAGGAAGCAGTGTACTTTTT,2437e1a9d900b2eeadcb1024ac08fa94ebce3a86077742e752ef82830529fa1c,-0.646039129838018,GGCTGAAATTGTGGTATTTAGAAATTTATCATCAGTACATCTGAATTCTTAACAGAAATTCCAGGAAGCCTTGAGGCTTCTGGGGAAGTATGCTTTTTTTTTTATTTTTTTATTTATTTTTTTTTTTTTAGCAAACATACCAGAGTTTATACCTTTAAATGCATGTGGTTTTCTCTGGAGGAGGAAGCAGTGTACTTTTT,34716d96876b43f03031af544d2b38ff0d6a7a3845212d55bf0527bb65186bbe,-0.446568158273019,-0.0087220023496109,0.191213691245185,-264.4913941252744,-268.4781086789444,-274.28006451565307,-278.2567239436321,0.010055125690996647,-1.0,0.0087220023496109,0.0,2,0.17520910944604484,0.17490732828716207,0.146091925319964,0.40761835216272735,1.0
chr3:24341268:A:T;chr3:24341272:A:T;var1;middle;OL27|K562|fc3046e84a51c5dd,chr3:24341268:A:T;chr3:24341272:A:T;var1;middle;OL27,K562,K562_region_01581,100,104,4,GAAATTGTGGTATTTAGAAATTTATCATCAGTACATCTGAATTCTTAACAGAAATTCCAGGAAGCCTTGAGGCTTCTGGGGAAGTATGCTTTTTTATTTATTTATTTATTTATTTTTTTTTTTTTAGCAAACATACCAGAGTTTATACCTTTAAATGCATGTGGTTTTCTCTGGAGGAGGAAGCAGTGTACTTTTTCAGT,aaade61c71791398f74d0e993dfcf193380386ea21a0f713b980be8c6148dc07,0.0,GAAATTGTGGTATTTAGAAATTTATCATCAGTACATCTGAATTCTTAACAGAAATTCCAGGAAGCCTTGAGGCTTCTGGGGAAGTATGCTTTTTTATTTTTTTATTTATTTATTTTTTTTTTTTTAGCAAACATACCAGAGTTTATACCTTTAAATGCATGTGGTTTTCTCTGGAGGAGGAAGCAGTGTACTTTTTCAGT,c44239aabc6046e0d816b930bff944c37a8d172028d71f7c649dab0c0f791e09,-0.291465942860464,GAAATTGTGGTATTTAGAAATTTATCATCAGTACATCTGAATTCTTAACAGAAATTCCAGGAAGCCTTGAGGCTTCTGGGGAAGTATGCTTTTTTATTTATTTTTTTATTTATTTTTTTTTTTTTAGCAAACATACCAGAGTTTATACCTTTAAATGCATGTGGTTTTCTCTGGAGGAGGAAGCAGTGTACTTTTTCAGT,221c7efc19330a4d07b473b4d9c63e2ab296dc5558a419f0afd941652e91b90e,-0.681409021732445,GAAATTGTGGTATTTAGAAATTTATCATCAGTACATCTGAATTCTTAACAGAAATTCCAGGAAGCCTTGAGGCTTCTGGGGAAGTATGCTTTTTTATTTTTTTTTTTATTTATTTTTTTTTTTTTAGCAAACATACCAGAGTTTATACCTTTAAATGCATGTGGTTTTCTCTGGAGGAGGAAGCAGTGTACTTTTTCAGT,fc3046e84a51c5ddd0cfb223a76f9c4b6fa13d8b9cd8abd764f3bbf9152e6ecf,-0.506540882139694,0.466334082453215,0.27890426486422,-272.7902906354866,-279.47882429510355,-283.8626927428413,-292.9205469964072,-2.3693205939489417,-1.0,-0.466334082453215,0.0,2,0.17174454602139597,0.17490732828716207,0.146091925319964,0.3781403667285529,1.0
chr3:24715105:C:T;chr3:24715135:G:T;var1;middle;OL32|K562|1b8b2a56de86512a,chr3:24715105:C:T;chr3:24715135:G:T;var1;middle;OL32,K562,K562_region_01582,100,130,30,GTGTAAACCTTCGCTGAGAGCAAATCAGTGCTAAAGAGGTAAACATGTAAAATGGCACTTGCCCCCAAATTTCATATTTATCTTAATTAGGCCATTGCTCTTTTGATGTTCCAGAAACAGTGGATTCAGGCTGGTTGCCCAGTAGGATTTAAAAGGTATAACTGAACTTTGTTTCTGCAATGCTTTTTACTAATCTCTCA,826a025567671fd746c6e6557116fba31d11d2ee54bb005b97e349d9285dc142,0.0,GTGTAAACCTTCGCTGAGAGCAAATCAGTGCTAAAGAGGTAAACATGTAAAATGGCACTTGCCCCCAAATTTCATATTTATCTTAATTAGGCCATTGCTTTTTTGATGTTCCAGAAACAGTGGATTCAGGCTGGTTGCCCAGTAGGATTTAAAAGGTATAACTGAACTTTGTTTCTGCAATGCTTTTTACTAATCTCTCA,dc84bfad240dee6b48cc8779f34c7fb23963141311e097c7c50a91213a849e63,0.244017801172999,GTGTAAACCTTCGCTGAGAGCAAATCAGTGCTAAAGAGGTAAACATGTAAAATGGCACTTGCCCCCAAATTTCATATTTATCTTAATTAGGCCATTGCTCTTTTGATGTTCCAGAAACAGTGGATTCAGTCTGGTTGCCCAGTAGGATTTAAAAGGTATAACTGAACTTTGTTTCTGCAATGCTTTTTACTAATCTCTCA,1e78e9428245d132605eb60c1bf82f6039391035d2bcbc6204e071e2b374337c,0.0606313931293177,GTGTAAACCTTCGCTGAGAGCAAATCAGTGCTAAAGAGGTAAACATGTAAAATGGCACTTGCCCCCAAATTTCATATTTATCTTAATTAGGCCATTGCTTTTTTGATGTTCCAGAAACAGTGGATTCAGTCTGGTTGCCCAGTAGGATTTAAAAGGTATAACTGAACTTTGTTTCTGCAATGCTTTTTACTAATCTCTCA,1b8b2a56de86512a64bcdc667c54ca37df5e29dd70c3c630a6c3e7a8aa007165,0.158889323306833,0.1457598709954837,0.273961786789136,-259.86627861857414,-260.95708388090134,-259.4639520049095,-260.5392898321152,-0.015467435121536255,1.0,0.1457598709954837,0.0,3,0.18144184144548942,0.18106719778262317,0.1474303780702046,0.211568951306307,1.0
chr3:24755717:A:T;chr3:24755790:G:T;var1;middle;OL29|K562|e5521d7c631c1b8f,chr3:24755717:A:T;chr3:24755790:G:T;var1;middle;OL29,K562,K562_region_01583,100,173,73,GCTGTTGATTTCTGGAGTCCTAGGGCAGCACTTCCTATGCTTTAATACAATCAGCTGGGGATTTGTTAAAATGCAGACTCCGACTCAACCGGCCTGGGGAGGGGCCTGAGATCCTGCATTTCTAACCAGCTCTCAGGTGACATTGATGCAGCTGCCCCGTAAATCACATTTTGAATTGCAGTGTCCTAGAAAACATTATA,61cebd6b5f97be9c7d67b9ed765e9ad4b9d188f7e5c00b9ba63f5ec9db6bb942,0.0,GCTGTTGATTTCTGGAGTCCTAGGGCAGCACTTCCTATGCTTTAATACAATCAGCTGGGGATTTGTTAAAATGCAGACTCCGACTCAACCGGCCTGGGGTGGGGCCTGAGATCCTGCATTTCTAACCAGCTCTCAGGTGACATTGATGCAGCTGCCCCGTAAATCACATTTTGAATTGCAGTGTCCTAGAAAACATTATA,24cbe7c09745a88d58d1e0bb5de9cc66c478798c9a84dea57ab862e7d4ec3a16,-1.04441474971267,GCTGTTGATTTCTGGAGTCCTAGGGCAGCACTTCCTATGCTTTAATACAATCAGCTGGGGATTTGTTAAAATGCAGACTCCGACTCAACCGGCCTGGGGAGGGGCCTGAGATCCTGCATTTCTAACCAGCTCTCAGGTGACATTGATGCAGCTGCCCCGTAAATCACATTTTTAATTGCAGTGTCCTAGAAAACATTATA,d86852a06d6e0a84b10474134b30b2bd186d98fb086f5cb8d2ed24f26b56d269,-0.950011973005645,GCTGTTGATTTCTGGAGTCCTAGGGCAGCACTTCCTATGCTTTAATACAATCAGCTGGGGATTTGTTAAAATGCAGACTCCGACTCAACCGGCCTGGGGTGGGGCCTGAGATCCTGCATTTCTAACCAGCTCTCAGGTGACATTGATGCAGCTGCCCCGTAAATCACATTTTTAATTGCAGTGTCCTAGAAAACATTATA,e5521d7c631c1b8fe41bb1fe6cd101b688527c4dc53c5659f0345ef6ac584b23,-1.19027111060724,-0.8041556121110749,0.167810132792114,-213.35414979234332,-201.06439082324505,-243.392684109509,-206.29142613336444,-24.81149900704628,1.0,-0.8041556121110749,0.0,3,0.1314980363843988,0.18106719778262317,0.1474303780702046,0.22171273382119297,1.0
chr3:30736551:C:T;chr3:30736573:T:C;var1;middle;OL29|K562|4daff43fa78012e1,chr3:30736551:C:T;chr3:30736573:T:C;var1;middle;OL29,K562,K562_region_01584,100,122,22,TTCCTCTCAGTGGAGAATCACTGAGCTAGATGATGTGGTCCTACTGTGGGCCTTAGTTATAGTCTTGTCTTTATTAGTAGCAATTTTAGTGGTTACTAACTGTAGAGGTTACCTGCTCCTCTATTTGCCAGCTTTGTGATCTGGGCAAATTACTTAACCTCTCCATGCCTCAGTTTCATCATGTGTAAAATGAGATTTTA,2813d579ede84bcdfe628005bc1872b59f2722fdab13881f67797804c23a643a,0.0,TTCCTCTCAGTGGAGAATCACTGAGCTAGATGATGTGGTCCTACTGTGGGCCTTAGTTATAGTCTTGTCTTTATTAGTAGCAATTTTAGTGGTTACTAATTGTAGAGGTTACCTGCTCCTCTATTTGCCAGCTTTGTGATCTGGGCAAATTACTTAACCTCTCCATGCCTCAGTTTCATCATGTGTAAAATGAGATTTTA,268298daa04c05d6cbb20ec687b21c144bef43fd1b91b3ea8e90834169b6fb56,-0.0826954513440133,TTCCTCTCAGTGGAGAATCACTGAGCTAGATGATGTGGTCCTACTGTGGGCCTTAGTTATAGTCTTGTCTTTATTAGTAGCAATTTTAGTGGTTACTAACTGTAGAGGTTACCTGCTCCTCCATTTGCCAGCTTTGTGATCTGGGCAAATTACTTAACCTCTCCATGCCTCAGTTTCATCATGTGTAAAATGAGATTTTA,3837a4a7e2e6fdb69cad3dd59ed1318909f2a9f88b96aa15552c2c87f4bb72cf,0.241704339939772,TTCCTCTCAGTGGAGAATCACTGAGCTAGATGATGTGGTCCTACTGTGGGCCTTAGTTATAGTCTTGTCTTTATTAGTAGCAATTTTAGTGGTTACTAATTGTAGAGGTTACCTGCTCCTCCATTTGCCAGCTTTGTGATCTGGGCAAATTACTTAACCTCTCCATGCCTCAGTTTCATCATGTGTAAAATGAGATTTTA,4daff43fa78012e1aaf1cf536fd794e28f5e14011d0fdf3246768f4a5dce6641,0.125863317489353,-0.0331455711064057,0.203524091637419,-200.97635100409389,-201.89649963751435,-199.2874772604555,-200.21938660554588,-0.011760711669921875,-1.0,0.0331455711064057,0.0,1,0.18235319385601556,0.18216460459877223,0.1501433469024087,0.07658018005761676,1.0
chr3:3142423:C:T;chr3:3142503:C:A;var1;middle;OL28|K562|79721e9adb20b221,chr3:3142423:C:T;chr3:3142503:C:A;var1;middle;OL28,K562,K562_region_01562,100,180,80,GTGTTCAGAGGATAATTAGAATTGTAGAAATGTAAGCTGCAAAGTGCCTCATAGGTAAAATCCAGTTGTTCATTATAGAAAGGAGGAATGGTGGTTTGACGTAAGCCACATACAATAACCCATCTCTGTGTTCCTGTATCTACCTTGGATTAGTCTCTGTACTTGGGATCAAGCCCATGCAAATTGGCTGGTATGTGGTC,e69de54a39e63f2c3a4e2fced8fb58877de03c3cc914556fd18034942dc2659f,0.0,GTGTTCAGAGGATAATTAGAATTGTAGAAATGTAAGCTGCAAAGTGCCTCATAGGTAAAATCCAGTTGTTCATTATAGAAAGGAGGAATGGTGGTTTGATGTAAGCCACATACAATAACCCATCTCTGTGTTCCTGTATCTACCTTGGATTAGTCTCTGTACTTGGGATCAAGCCCATGCAAATTGGCTGGTATGTGGTC,7bf02ea58e88e20368e32b8d2d6e5b58a97dad6d901a03ad243b9c636a7320d9,-0.0333484455673936,GTGTTCAGAGGATAATTAGAATTGTAGAAATGTAAGCTGCAAAGTGCCTCATAGGTAAAATCCAGTTGTTCATTATAGAAAGGAGGAATGGTGGTTTGACGTAAGCCACATACAATAACCCATCTCTGTGTTCCTGTATCTACCTTGGATTAGTCTCTGTACTTGGGATCAAGCCCATGAAAATTGGCTGGTATGTGGTC,c8e4c2f2fd8b826a03f538f7b55d7a1a2c76104e414f28307e960cbdddce7c12,-0.216525878645144,GTGTTCAGAGGATAATTAGAATTGTAGAAATGTAAGCTGCAAAGTGCCTCATAGGTAAAATCCAGTTGTTCATTATAGAAAGGAGGAATGGTGGTTTGATGTAAGCCACATACAATAACCCATCTCTGTGTTCCTGTATCTACCTTGGATTAGTCTCTGTACTTGGGATCAAGCCCATGAAAATTGGCTGGTATGTGGTC,79721e9adb20b2219e3bef2bac32e912e3c2b98cce6c82a1cbbbdaeb15daea64,-0.211651025422273,0.0382232987902646,0.13938195163506,-334.1683232997311,-330.5629721051082,-325.37842608545907,-321.9026721402188,-0.12959724938264117,-1.0,-0.0382232987902646,0.0,3,0.18121196283856067,0.18106719778262317,0.1474303780702046,0.11425735699349578,1.0
chr3:3153259:T:C;chr3:3153338:T:C;var1;middle;OL28|K562|5e7dafc0ebdc3f79,chr3:3153259:T:C;chr3:3153338:T:C;var1;middle;OL28,K562,K562_region_01563,100,179,79,ATTTTTTGAGATGAAGTCTCACTCTGTCGCCCAGGCTGGAGTGCAGTGGCGCAATCTCTGCTCACTGCAACCTCTGCCTCCCAGGTTCAAGCGATTCTCTTGCCTCAGCCTCCCGAGTAGTTGGGATTACAGGCACCCGCCACCACGCCTGGCTAATTTTTTGTATTTTTGGTAGAGATGGGGTTTCACCATGTTGGCCA,b0eba12276a942df99605f0e83c2a80049860c0c53dcaa745f1a4873d5dc75da,0.0,ATTTTTTGAGATGAAGTCTCACTCTGTCGCCCAGGCTGGAGTGCAGTGGCGCAATCTCTGCTCACTGCAACCTCTGCCTCCCAGGTTCAAGCGATTCTCCTGCCTCAGCCTCCCGAGTAGTTGGGATTACAGGCACCCGCCACCACGCCTGGCTAATTTTTTGTATTTTTGGTAGAGATGGGGTTTCACCATGTTGGCCA,9f283b88b7ecb188909c1defb6a8ee6455d4ee12a0a3af2a912103171bbd5713,-0.0242390797949483,ATTTTTTGAGATGAAGTCTCACTCTGTCGCCCAGGCTGGAGTGCAGTGGCGCAATCTCTGCTCACTGCAACCTCTGCCTCCCAGGTTCAAGCGATTCTCTTGCCTCAGCCTCCCGAGTAGTTGGGATTACAGGCACCCGCCACCACGCCTGGCTAATTTTTTGTATTTTTGGTAGAGACGGGGTTTCACCATGTTGGCCA,a93b445cfd03c2230b4bfcea2161e4a9d9ec8179b18b304c34e5168487991c5f,0.100261550318786,ATTTTTTGAGATGAAGTCTCACTCTGTCGCCCAGGCTGGAGTGCAGTGGCGCAATCTCTGCTCACTGCAACCTCTGCCTCCCAGGTTCAAGCGATTCTCCTGCCTCAGCCTCCCGAGTAGTTGGGATTACAGGCACCCGCCACCACGCCTGGCTAATTTTTTGTATTTTTGGTAGAGACGGGGTTTCACCATGTTGGCCA,5e7dafc0ebdc3f7996396c5e320402effe5a975d91894729e4c07cf2af59f070,-0.0094850405131511,-0.0855075110369888,0.185042697254827,-49.79635556321591,-46.54617614252493,-50.35688018612564,-47.04006402008236,0.06663674535229092,-1.0,0.0855075110369888,0.0,4,0.17628191661402062,0.17620727786206916,0.145609630836647,0.1323593780866817,1.0
chr3:3153259:T:C;chr3:3153339:G:A;var1;middle;OL28|K562|0c0573d3f8d06600,chr3:3153259:T:C;chr3:3153339:G:A;var1;middle;OL28,K562,K562_region_01563,100,180,80,ATTTTTTGAGATGAAGTCTCACTCTGTCGCCCAGGCTGGAGTGCAGTGGCGCAATCTCTGCTCACTGCAACCTCTGCCTCCCAGGTTCAAGCGATTCTCTTGCCTCAGCCTCCCGAGTAGTTGGGATTACAGGCACCCGCCACCACGCCTGGCTAATTTTTTGTATTTTTGGTAGAGATGGGGTTTCACCATGTTGGCCA,b0eba12276a942df99605f0e83c2a80049860c0c53dcaa745f1a4873d5dc75da,0.0,ATTTTTTGAGATGAAGTCTCACTCTGTCGCCCAGGCTGGAGTGCAGTGGCGCAATCTCTGCTCACTGCAACCTCTGCCTCCCAGGTTCAAGCGATTCTCCTGCCTCAGCCTCCCGAGTAGTTGGGATTACAGGCACCCGCCACCACGCCTGGCTAATTTTTTGTATTTTTGGTAGAGATGGGGTTTCACCATGTTGGCCA,9f283b88b7ecb188909c1defb6a8ee6455d4ee12a0a3af2a912103171bbd5713,-0.0241791968435686,ATTTTTTGAGATGAAGTCTCACTCTGTCGCCCAGGCTGGAGTGCAGTGGCGCAATCTCTGCTCACTGCAACCTCTGCCTCCCAGGTTCAAGCGATTCTCTTGCCTCAGCCTCCCGAGTAGTTGGGATTACAGGCACCCGCCACCACGCCTGGCTAATTTTTTGTATTTTTGGTAGAGATAGGGTTTCACCATGTTGGCCA,1fd3ebb0a7bd284d42a31ef8e8154bbee40228731e2c441a1775cb1b7a963c0e,0.0429306242100768,ATTTTTTGAGATGAAGTCTCACTCTGTCGCCCAGGCTGGAGTGCAGTGGCGCAATCTCTGCTCACTGCAACCTCTGCCTCCCAGGTTCAAGCGATTCTCCTGCCTCAGCCTCCCGAGTAGTTGGGATTACAGGCACCCGCCACCACGCCTGGCTAATTTTTTGTATTTTTGGTAGAGATAGGGTTTCACCATGTTGGCCA,0c0573d3f8d06600c8589a9bbd3c9c43f985e9a1013f554ed829a44aa3c7fb34,0.0955985396920992,0.076847112325591,0.190961090643307,-49.79635556321591,-46.54617614252493,-54.276151828002185,-51.07206246908754,-0.04609006177634001,-1.0,-0.076847112325591,0.0,4,0.17614220173340162,0.17620727786206916,0.145609630836647,0.16950343430727272,1.0
chr3:3154931:G:A;chr3:3154942:A:T;var1;middle;OL27|K562|b3437231761c26f1,chr3:3154931:G:A;chr3:3154942:A:T;var1;middle;OL27,K562,K562_region_01564,100,111,11,ATTTTTTTTTACAGTCTTATTTTTGGTCAGAAGATCAGACTAACAGGAATAGTTATCTCTAAGTGGTAGGTGTATTAGTCAGCTATTGCTACAGAACAAGCAACCACAGAACCCTCAGTGGTAAACTGTGATAGGCATGTATTTGTAGCCCATGTGTCTGAGTTTTGACTGGGGTCTGCTTAATCTTGGGCTGGGATCCA,f0fdfee97ef4c9a692d58e9afad448b85df3838aa8c0f78e0297aeeb0c61156a,0.0,ATTTTTTTTTACAGTCTTATTTTTGGTCAGAAGATCAGACTAACAGGAATAGTTATCTCTAAGTGGTAGGTGTATTAGTCAGCTATTGCTACAGAACAAACAACCACAGAACCCTCAGTGGTAAACTGTGATAGGCATGTATTTGTAGCCCATGTGTCTGAGTTTTGACTGGGGTCTGCTTAATCTTGGGCTGGGATCCA,2fca21b90704043ed8048d361cf71394ef2a300a8e31fc99b936a27f2faca72b,-0.021865846696088,ATTTTTTTTTACAGTCTTATTTTTGGTCAGAAGATCAGACTAACAGGAATAGTTATCTCTAAGTGGTAGGTGTATTAGTCAGCTATTGCTACAGAACAAGCAACCACAGATCCCTCAGTGGTAAACTGTGATAGGCATGTATTTGTAGCCCATGTGTCTGAGTTTTGACTGGGGTCTGCTTAATCTTGGGCTGGGATCCA,270433b808053fbf20720be8d7d6651a7b35214903afa3309ebce05d54283c3b,0.0092090590258359,ATTTTTTTTTACAGTCTTATTTTTGGTCAGAAGATCAGACTAACAGGAATAGTTATCTCTAAGTGGTAGGTGTATTAGTCAGCTATTGCTACAGAACAAACAACCACAGATCCCTCAGTGGTAAACTGTGATAGGCATGTATTTGTAGCCCATGTGTCTGAGTTTTGACTGGGGTCTGCTTAATCTTGGGCTGGGATCCA,b3437231761c26f125e7457e4cc089b914c559c83ebac34397a65262e5a6fe5a,0.0377009271921772,0.0503577148624293,0.125939776884325,-367.24819082021713,-363.66382627375424,-364.6776094683446,-360.2243945936207,0.8688503282610327,-1.0,-0.0503577148624293,0.0,4,0.17727618920828597,0.17620727786206916,0.145609630836647,0.129576975904302,1.0
chr3:32281977:A:G;chr3:32282044:T:C;var1;middle;OL41|K562|b8beb0b8b8dececf,chr3:32281977:A:G;chr3:32282044:T:C;var1;middle;OL41,K562,K562_region_01585,100,167,67,CAGGGCCTAGCTTTTAGGAGTTCAACAAATATTTGCTGTGCAAATGAAGGAGTTGGCAGGCTCCTCTGCTTCAGCAGCGCAAACAAAAGCTAAAATGACAGAGATGGGCCTTCTACCTTGGGGTGGATTTGGGCCAGGCATGAAGTATAACGCCTTTGGGTTTTTTTCTGATTTATTATCGATATGCTCTGTGTACTGCG,d7998bc0c39f080710d4069ef8a7718081c78805c2d225d6d95b9924d39ead0d,0.0,CAGGGCCTAGCTTTTAGGAGTTCAACAAATATTTGCTGTGCAAATGAAGGAGTTGGCAGGCTCCTCTGCTTCAGCAGCGCAAACAAAAGCTAAAATGACGGAGATGGGCCTTCTACCTTGGGGTGGATTTGGGCCAGGCATGAAGTATAACGCCTTTGGGTTTTTTTCTGATTTATTATCGATATGCTCTGTGTACTGCG,8490f5c9e25853c077fd5b07bcaa89337f0d6d9229c3328cbdf8494ed12dbb26,-0.0226162577211277,CAGGGCCTAGCTTTTAGGAGTTCAACAAATATTTGCTGTGCAAATGAAGGAGTTGGCAGGCTCCTCTGCTTCAGCAGCGCAAACAAAAGCTAAAATGACAGAGATGGGCCTTCTACCTTGGGGTGGATTTGGGCCAGGCATGAAGTATAACGCCTTTGGGTTTTTTCCTGATTTATTATCGATATGCTCTGTGTACTGCG,e27b21a2ea0b862d540f8b3020c92fe1052aa029eeb4738a54532c97b7de1213,0.239315346964934,CAGGGCCTAGCTTTTAGGAGTTCAACAAATATTTGCTGTGCAAATGAAGGAGTTGGCAGGCTCCTCTGCTTCAGCAGCGCAAACAAAAGCTAAAATGACGGAGATGGGCCTTCTACCTTGGGGTGGATTTGGGCCAGGCATGAAGTATAACGCCTTTGGGTTTTTTCCTGATTTATTATCGATATGCTCTGTGTACTGCG,b8beb0b8b8dececf371efe26c62ad900d647cd0b30767bae4b7d8f589c1fee86,0.338587367851626,0.1218882786078197,0.167008199511409,-280.0708833443932,-284.65268346713856,-297.9032007744536,-304.05329841095954,-1.5682975137606263,-1.0,-0.1218882786078197,0.0,1,0.18076951125517607,0.18216460459877223,0.1501433469024087,0.06567620256649964,1.0
chr3:37827350:C:A;chr3:37827376:A:G;var1;middle;OL41|K562|966558a1b88d9572,chr3:37827350:C:A;chr3:37827376:A:G;var1;middle;OL41,K562,K562_region_01586,100,126,26,AACACTGGGTGTTTTAAAAACAAGTTGTTTGAATGACTTAAAGAGATTACATCCAAATTGCCAAGACCTAGTAACTGCTCTTTAACTATTTACCACCCCCTTCTCCTCCATAAAGTGCAGTTGGCACCAAGGCCTCAGAGACACGGGAGGGTGTGGCAAACCACGAGGCTGAGAGTGGAGGTGTGGGAGAGGCTGGAGGG,d60fcb901c261a9b8bd470a62db68117d39279506968beec99c59ca7d8dd241e,0.0,AACACTGGGTGTTTTAAAAACAAGTTGTTTGAATGACTTAAAGAGATTACATCCAAATTGCCAAGACCTAGTAACTGCTCTTTAACTATTTACCACCCCATTCTCCTCCATAAAGTGCAGTTGGCACCAAGGCCTCAGAGACACGGGAGGGTGTGGCAAACCACGAGGCTGAGAGTGGAGGTGTGGGAGAGGCTGGAGGG,1b4e9c31698dee2e1cadb0821357f1ddb6b8658be76505424b9ea25e8efc0135,0.0726650413844293,AACACTGGGTGTTTTAAAAACAAGTTGTTTGAATGACTTAAAGAGATTACATCCAAATTGCCAAGACCTAGTAACTGCTCTTTAACTATTTACCACCCCCTTCTCCTCCATAAAGTGCAGTTGGCGCCAAGGCCTCAGAGACACGGGAGGGTGTGGCAAACCACGAGGCTGAGAGTGGAGGTGTGGGAGAGGCTGGAGGG,60350e9b9552b33b0ddf313ad203ce323a85a905c221e90383f9140db0e2d41b,1.06792126262753,AACACTGGGTGTTTTAAAAACAAGTTGTTTGAATGACTTAAAGAGATTACATCCAAATTGCCAAGACCTAGTAACTGCTCTTTAACTATTTACCACCCCATTCTCCTCCATAAAGTGCAGTTGGCGCCAAGGCCTCAGAGACACGGGAGGGTGTGGCAAACCACGAGGCTGAGAGTGGAGGTGTGGGAGAGGCTGGAGGG,966558a1b88d9572f4c31208271c8a3d9b52372df9eb6ced7c8a80c8c28e37d0,0.674903265801651,0.4656830382103082,0.258283330127449,-296.66781946318224,-301.5231267148629,-300.43560006888583,-306.133177482523,0.8422701619565487,1.0,0.4656830382103082,0.0,1,0.1832221189166536,0.18216460459877223,0.1501433469024087,0.18497071840767054,1.0
chr3:38044951:A:G;chr3:38044969:G:A;var1;middle;OL41|K562|8d8fdcca98958b57,chr3:38044951:A:G;chr3:38044969:G:A;var1;middle;OL41,K562,K562_region_01587,100,118,18,GCCCAGAGAGGAGGGTGGGTGACTGGGATTCACACAGAGAGCTGGCAAGACGAGACTAGAACCAAGGACTCTCAGTTTCCCACTCACAGAGGCTCCCACAAGTACAGCCCACGCTTCGCTCCCAGGCCTGGGTAACTTGCGTCTCTCAGATGCTGGGGAGAGTGGGGGCAGTGGCGACCTCTGCTGGCAGCATCCCCTCC,d250a1b2670dd603d8eaf6cf7f3946c72ace570b4b99acdf6d3c466c6b742f58,0.0,GCCCAGAGAGGAGGGTGGGTGACTGGGATTCACACAGAGAGCTGGCAAGACGAGACTAGAACCAAGGACTCTCAGTTTCCCACTCACAGAGGCTCCCACGAGTACAGCCCACGCTTCGCTCCCAGGCCTGGGTAACTTGCGTCTCTCAGATGCTGGGGAGAGTGGGGGCAGTGGCGACCTCTGCTGGCAGCATCCCCTCC,e3cee24b4809fc459b4ea6d530b8aa7eccf1a4786154b3aafe9ded55e3c6b127,-0.0429263094248651,GCCCAGAGAGGAGGGTGGGTGACTGGGATTCACACAGAGAGCTGGCAAGACGAGACTAGAACCAAGGACTCTCAGTTTCCCACTCACAGAGGCTCCCACAAGTACAGCCCACGCTTCACTCCCAGGCCTGGGTAACTTGCGTCTCTCAGATGCTGGGGAGAGTGGGGGCAGTGGCGACCTCTGCTGGCAGCATCCCCTCC,20c623884176811a62048ad8b8ed41075c6a5fb518ff348797e08657c6c94f51,0.0983028185123993,GCCCAGAGAGGAGGGTGGGTGACTGGGATTCACACAGAGAGCTGGCAAGACGAGACTAGAACCAAGGACTCTCAGTTTCCCACTCACAGAGGCTCCCACGAGTACAGCCCACGCTTCACTCCCAGGCCTGGGTAACTTGCGTCTCTCAGATGCTGGGGAGAGTGGGGGCAGTGGCGACCTCTGCTGGCAGCATCCCCTCC,8d8fdcca98958b57ca9c9282536ddfcaf8a373b6b3dee72a75e84be127816d3c,0.038485107216363,-0.0168914018711712,0.268742080805791,-238.75356366112828,-230.76680260151625,-226.2902820110321,-226.6272173523903,-8.32369640097022,-1.0,0.0168914018711712,0.0,4,0.16588284274905749,0.17620727786206916,0.145609630836647,0.12111155929689615,1.0
chr3:39149180:A:G;chr3:39149218:A:T;var1;middle;OL41|K562|591933348ce483b3,chr3:39149180:A:G;chr3:39149218:A:T;var1;middle;OL41,K562,K562_region_01588,100,138,38,GGACCGACCCGACGCCAGTAGCACCGACTCGCTCTCTCGGCGCTCGATTCCTGCGCCTTGTGACGTGAGGCGTTTTGTTCCTCCCACTCCAGACACTGGACGCTCCTAGCAACCGGCTAGCAGCTCGGTTTCCAAGGACTGTAACGCCTTCAACCGCCCGCCGCGATAGAGTGCCCACGACCCTGCCTCGGGAATCCCGC,473d2354b724eaea66b6abcb66066e22a7954b5af14e9e6a7e6f0b61ff2515c8,0.0,GGACCGACCCGACGCCAGTAGCACCGACTCGCTCTCTCGGCGCTCGATTCCTGCGCCTTGTGACGTGAGGCGTTTTGTTCCTCCCACTCCAGACACTGGGCGCTCCTAGCAACCGGCTAGCAGCTCGGTTTCCAAGGACTGTAACGCCTTCAACCGCCCGCCGCGATAGAGTGCCCACGACCCTGCCTCGGGAATCCCGC,e75c8ab54358e54c0c9042b5cc8b6c0302aba91462c813df3c4e5cda97fca184,0.121544734310267,GGACCGACCCGACGCCAGTAGCACCGACTCGCTCTCTCGGCGCTCGATTCCTGCGCCTTGTGACGTGAGGCGTTTTGTTCCTCCCACTCCAGACACTGGACGCTCCTAGCAACCGGCTAGCAGCTCGGTTTCCAAGGTCTGTAACGCCTTCAACCGCCCGCCGCGATAGAGTGCCCACGACCCTGCCTCGGGAATCCCGC,92f67b4b59772ec9e23f7926e4b80a4a98c15e07523f006188ee75e882e233c9,0.247532037332861,GGACCGACCCGACGCCAGTAGCACCGACTCGCTCTCTCGGCGCTCGATTCCTGCGCCTTGTGACGTGAGGCGTTTTGTTCCTCCCACTCCAGACACTGGGCGCTCCTAGCAACCGGCTAGCAGCTCGGTTTCCAAGGTCTGTAACGCCTTCAACCGCCCGCCGCGATAGAGTGCCCACGACCCTGCCTCGGGAATCCCGC,591933348ce483b359503570362c39b727484d4466fc62f78d2a8e69cff3e1f9,0.400302724641917,-0.0312259529987889,0.188853179997156,-289.8699985444546,-281.81172531843185,-277.53689697384834,-277.1528352200985,7.674211472272873,1.0,-0.0312259529987889,0.0,3,0.19693028052168937,0.18106719778262317,0.1474303780702046,0.11959940646317724,1.0
chr3:39976354:G:A;chr3:39976401:T:C;var1;middle;OL41|K562|12e032835771eac1,chr3:39976354:G:A;chr3:39976401:T:C;var1;middle;OL41,K562,K562_region_01589,100,147,47,CTGACAGGAATTGAGGGTGACAGGAAATGTTAGAATAATCTGTTGTTCAGGTGTGTTTGAAGGCTTTGTCTCTTAGACTGTGGACAGATATAATTTGAAGGCAGATGGGCAGTGGCTAGAACAGATGGAAAATACCTCCCCTCTAGTCCCACACTGTGTTTCCCTCTCGCTGATACTATGTCTTCCTCCCACGACCTGGT,f2babf9839340874852a4000e9776f87a896d1278e79b3bb9533605089c055ba,0.0,CTGACAGGAATTGAGGGTGACAGGAAATGTTAGAATAATCTGTTGTTCAGGTGTGTTTGAAGGCTTTGTCTCTTAGACTGTGGACAGATATAATTTGAAAGCAGATGGGCAGTGGCTAGAACAGATGGAAAATACCTCCCCTCTAGTCCCACACTGTGTTTCCCTCTCGCTGATACTATGTCTTCCTCCCACGACCTGGT,db8bab28b16f7d5ceeca76e2dcf6b792ab7cdd8637b8d6b52fc88af03c6600f8,0.0902206496979219,CTGACAGGAATTGAGGGTGACAGGAAATGTTAGAATAATCTGTTGTTCAGGTGTGTTTGAAGGCTTTGTCTCTTAGACTGTGGACAGATATAATTTGAAGGCAGATGGGCAGTGGCTAGAACAGATGGAAAATACCTCCCCTCTAGCCCCACACTGTGTTTCCCTCTCGCTGATACTATGTCTTCCTCCCACGACCTGGT,7ca78f62313b94083de6160f91e28d3126cc5ace8e8d92756435bc1b39d5d6ab,1.29830622626948,CTGACAGGAATTGAGGGTGACAGGAAATGTTAGAATAATCTGTTGTTCAGGTGTGTTTGAAGGCTTTGTCTCTTAGACTGTGGACAGATATAATTTGAAAGCAGATGGGCAGTGGCTAGAACAGATGGAAAATACCTCCCCTCTAGCCCCACACTGTGTTTCCCTCTCGCTGATACTATGTCTTCCTCCCACGACCTGGT,12e032835771eac1d4dfa3f1eee1a9c0c858c69bc2ae9d9b346c62073d0ff557,1.26017589214921,0.1283509838181917,0.165768377828341,-294.80816098023206,-264.87383568286896,-291.4523785179481,-265.055675573647,3.5376223530620337,1.0,0.1283509838181917,0.0,4,0.18058389546150155,0.17620727786206916,0.145609630836647,0.04355685672972198,1.0
chr3:39976401:T:C;chr3:39976459:G:A;var1;middle;OL41|K562|a7622566c4d0c83e,chr3:39976401:T:C;chr3:39976459:G:A;var1;middle;OL41,K562,K562_region_01589,100,158,58,CAGGTGTGTTTGAAGGCTTTGTCTCTTAGACTGTGGACAGATATAATTTGAAGGCAGATGGGCAGTGGCTAGAACAGATGGAAAATACCTCCCCTCTAGTCCCACACTGTGTTTCCCTCTCGCTGATACTATGTCTTCCTCCCACGACCTGGTGACAGCTTGTTTCATTCTGTTGCCTTACATGTCAGTGACAGCTTCCC,59f2aa413c5136a98d322aa5a8849a1b150d11727ab2e515b626d349e7ba81c4,0.0,CAGGTGTGTTTGAAGGCTTTGTCTCTTAGACTGTGGACAGATATAATTTGAAGGCAGATGGGCAGTGGCTAGAACAGATGGAAAATACCTCCCCTCTAGCCCCACACTGTGTTTCCCTCTCGCTGATACTATGTCTTCCTCCCACGACCTGGTGACAGCTTGTTTCATTCTGTTGCCTTACATGTCAGTGACAGCTTCCC,91a538e83f91081bd11774477f59584b592fab779d14ca3df2afad69218e729b,0.973622529517058,CAGGTGTGTTTGAAGGCTTTGTCTCTTAGACTGTGGACAGATATAATTTGAAGGCAGATGGGCAGTGGCTAGAACAGATGGAAAATACCTCCCCTCTAGTCCCACACTGTGTTTCCCTCTCGCTGATACTATGTCTTCCTCCCACGACCTGGTGACAACTTGTTTCATTCTGTTGCCTTACATGTCAGTGACAGCTTCCC,abb1762ff8bb3610351cbc791b8c79c1d1546b36ec3e27db4dcb51183e1b7f99,-0.0284462020360429,CAGGTGTGTTTGAAGGCTTTGTCTCTTAGACTGTGGACAGATATAATTTGAAGGCAGATGGGCAGTGGCTAGAACAGATGGAAAATACCTCCCCTCTAGCCCCACACTGTGTTTCCCTCTCGCTGATACTATGTCTTCCTCCCACGACCTGGTGACAACTTGTTTCATTCTGTTGCCTTACATGTCAGTGACAGCTTCCC,a7622566c4d0c83e4ed59da2be01033441b0810a371947fb89aa90215f2da447,0.829310507583594,-0.115865819897421,0.175154309922398,-251.1197055131197,-249.8004683405161,-253.28170381486416,-251.9433649033308,0.019101738929748535,-1.0,0.115865819897421,0.0,4,0.17622300118905015,0.17620727786206916,0.145609630836647,0.07593027482269574,1.0
chr3:39976401:T:C;chr3:39976467:C:G;var1;middle;OL41|K562|680a5d05f5f5c6b4,chr3:39976401:T:C;chr3:39976467:C:G;var1;middle;OL41,K562,K562_region_01589,100,166,66,CAGGTGTGTTTGAAGGCTTTGTCTCTTAGACTGTGGACAGATATAATTTGAAGGCAGATGGGCAGTGGCTAGAACAGATGGAAAATACCTCCCCTCTAGTCCCACACTGTGTTTCCCTCTCGCTGATACTATGTCTTCCTCCCACGACCTGGTGACAGCTTGTTTCATTCTGTTGCCTTACATGTCAGTGACAGCTTCCC,59f2aa413c5136a98d322aa5a8849a1b150d11727ab2e515b626d349e7ba81c4,0.0,CAGGTGTGTTTGAAGGCTTTGTCTCTTAGACTGTGGACAGATATAATTTGAAGGCAGATGGGCAGTGGCTAGAACAGATGGAAAATACCTCCCCTCTAGCCCCACACTGTGTTTCCCTCTCGCTGATACTATGTCTTCCTCCCACGACCTGGTGACAGCTTGTTTCATTCTGTTGCCTTACATGTCAGTGACAGCTTCCC,91a538e83f91081bd11774477f59584b592fab779d14ca3df2afad69218e729b,0.973627303969777,CAGGTGTGTTTGAAGGCTTTGTCTCTTAGACTGTGGACAGATATAATTTGAAGGCAGATGGGCAGTGGCTAGAACAGATGGAAAATACCTCCCCTCTAGTCCCACACTGTGTTTCCCTCTCGCTGATACTATGTCTTCCTCCCACGACCTGGTGACAGCTTGTTTGATTCTGTTGCCTTACATGTCAGTGACAGCTTCCC,e9d82441f0b52a6c19c30fae16e80f329cc6bb082d80be6bee479851ea71e673,-0.275361177789138,CAGGTGTGTTTGAAGGCTTTGTCTCTTAGACTGTGGACAGATATAATTTGAAGGCAGATGGGCAGTGGCTAGAACAGATGGAAAATACCTCCCCTCTAGCCCCACACTGTGTTTCCCTCTCGCTGATACTATGTCTTCCTCCCACGACCTGGTGACAGCTTGTTTGATTCTGTTGCCTTACATGTCAGTGACAGCTTCCC,680a5d05f5f5c6b43b283c747148a50048a868fefbb294a42408884fe2f25142,0.513897093702454,-0.1843690324781851,0.176391168724775,-251.1197055131197,-249.8004683405161,-252.0827164500952,-250.82213550806048,-0.058656230568914225,-1.0,0.1843690324781851,0.0,4,0.17612662708157378,0.17620727786206916,0.145609630836647,0.0036823384146390248,1.0
chr3:39976459:G:A;chr3:39976467:C:G;var1;middle;OL41|K562|f1dd7039d1ecd675,chr3:39976459:G:A;chr3:39976467:C:G;var1;middle;OL41,K562,K562_region_01589,100,108,8,TGGGCAGTGGCTAGAACAGATGGAAAATACCTCCCCTCTAGTCCCACACTGTGTTTCCCTCTCGCTGATACTATGTCTTCCTCCCACGACCTGGTGACAGCTTGTTTCATTCTGTTGCCTTACATGTCAGTGACAGCTTCCCTGTCTTCACTGGAGTTGCTTTCTCAGGAATTAACTCATGTAAGAGTCCTGGGGCTGAT,09f0450efbefde57faea021b2a1a93044364fe78d0a47fb6b88d8ad4d0ab3496,0.0,TGGGCAGTGGCTAGAACAGATGGAAAATACCTCCCCTCTAGTCCCACACTGTGTTTCCCTCTCGCTGATACTATGTCTTCCTCCCACGACCTGGTGACAACTTGTTTCATTCTGTTGCCTTACATGTCAGTGACAGCTTCCCTGTCTTCACTGGAGTTGCTTTCTCAGGAATTAACTCATGTAAGAGTCCTGGGGCTGAT,6305a847ed4c21a9c045b57c3c0026295ffcc6e0837c7e41f2db8397cacd0c1e,-0.205834910997284,TGGGCAGTGGCTAGAACAGATGGAAAATACCTCCCCTCTAGTCCCACACTGTGTTTCCCTCTCGCTGATACTATGTCTTCCTCCCACGACCTGGTGACAGCTTGTTTGATTCTGTTGCCTTACATGTCAGTGACAGCTTCCCTGTCTTCACTGGAGTTGCTTTCTCAGGAATTAACTCATGTAAGAGTCCTGGGGCTGAT,ce580dc32cf88fb2f9c0187f68d0fad61fe5943cda13c89cc79a9feb9a54368d,-0.0199287549593948,TGGGCAGTGGCTAGAACAGATGGAAAATACCTCCCCTCTAGTCCCACACTGTGTTTCCCTCTCGCTGATACTATGTCTTCCTCCCACGACCTGGTGACAACTTGTTTGATTCTGTTGCCTTACATGTCAGTGACAGCTTCCCTGTCTTCACTGGAGTTGCTTTCTCAGGAATTAACTCATGTAAGAGTCCTGGGGCTGAT,f1dd7039d1ecd6753392d6ce7bb77f5da28953525cb2c02b0690ce0af16ecba7,-0.486042881643082,0.2602792156864032,0.21877830879037,-339.2079790264834,-341.84389342647046,-312.6995055191219,-302.2275643213652,-13.107855597743765,1.0,0.2602792156864032,0.0,4,0.15995330169253857,0.17620727786206916,0.145609630836647,0.1124929793725288,1.0
chr3:42304285:A:C;chr3:42304293:G:A;var1;middle;OL41|K562|9d05e402e8c49f23,chr3:42304285:A:C;chr3:42304293:G:A;var1;middle;OL41,K562,K562_region_01590,100,108,8,AGAATTGGAAGGAGCTTAGGGGAAAGCTAGCCTCAGGTCAGAATTGCCTGCATGCCACTCGGCTAGTGAGCTGCTGAATCACCTTATTCCTGGAGAAAGACTTTGATGCTGAGAAAACTGACTTGCTCAGCTCTTGCTACAACTGTGACCATCTCTGCAACAGTAAAGTAAAAACAAATACCTCTCTTGTTGGGTAATAA,d948169817a0806f14c6b483b171f62deea71960a1a69881fcc6ba31a5f63b37,0.0,AGAATTGGAAGGAGCTTAGGGGAAAGCTAGCCTCAGGTCAGAATTGCCTGCATGCCACTCGGCTAGTGAGCTGCTGAATCACCTTATTCCTGGAGAAAGCCTTTGATGCTGAGAAAACTGACTTGCTCAGCTCTTGCTACAACTGTGACCATCTCTGCAACAGTAAAGTAAAAACAAATACCTCTCTTGTTGGGTAATAA,8fa62d635fe3b476a9cb7cef51985e9aa31330e44a9c1cbf12189d1fdfb8d15e,0.179508359079774,AGAATTGGAAGGAGCTTAGGGGAAAGCTAGCCTCAGGTCAGAATTGCCTGCATGCCACTCGGCTAGTGAGCTGCTGAATCACCTTATTCCTGGAGAAAGACTTTGATACTGAGAAAACTGACTTGCTCAGCTCTTGCTACAACTGTGACCATCTCTGCAACAGTAAAGTAAAAACAAATACCTCTCTTGTTGGGTAATAA,b364d9b01a70005451148019f0a950fbc9763936bdc6d4677d75bbb0b940c05a,1.46171643336953,AGAATTGGAAGGAGCTTAGGGGAAAGCTAGCCTCAGGTCAGAATTGCCTGCATGCCACTCGGCTAGTGAGCTGCTGAATCACCTTATTCCTGGAGAAAGCCTTTGATACTGAGAAAACTGACTTGCTCAGCTCTTGCTACAACTGTGACCATCTCTGCAACAGTAAAGTAAAAACAAATACCTCTCTTGTTGGGTAATAA,9d05e402e8c49f23555bfbb9da4a317f7d04655b43de36c32792b62b7f81b3e5,1.6051758367408,0.0360489557085039,0.348156108409742,-298.31873466819525,-301.83583106007427,-300.253293489106,-302.45826966222376,-1.3121202187612653,1.0,0.0360489557085039,0.0,4,0.17457306962766067,0.17620727786206916,0.145609630836647,0.16913644076957207,1.0
chr3:45712280:G:C;chr3:45712301:C:T;var1;middle;OL41|K562|bab00a3c52f07330,chr3:45712280:G:C;chr3:45712301:C:T;var1;middle;OL41,K562,K562_region_01591,100,121,21,AAAGAAAGTCACAAAGCCAGTTCTGATTCAAGGGGAGGGGGAAATAGTCCCCATCTCTTGATGTGAGATCTCTACCATATGGGATAGTATGAAGTTGAAGCTTCAGTCTTTCAGGTCTTCCCTAGGACTTGAAAACTTTTAGTGAATGTCTAGACAGAACCCCAGCTGTCTAACTCTTTGTGTAAATTGTCTCTCTATAT,46be846e48ad96e123b25c9895b13e0e22cd49493ee403a31f4239e8fc8774e8,0.0,AAAGAAAGTCACAAAGCCAGTTCTGATTCAAGGGGAGGGGGAAATAGTCCCCATCTCTTGATGTGAGATCTCTACCATATGGGATAGTATGAAGTTGAACCTTCAGTCTTTCAGGTCTTCCCTAGGACTTGAAAACTTTTAGTGAATGTCTAGACAGAACCCCAGCTGTCTAACTCTTTGTGTAAATTGTCTCTCTATAT,85de43c74a01569d86b1e8074abb8975bfb4400b102c5319972b7a2ed5e6d150,0.116365637715784,AAAGAAAGTCACAAAGCCAGTTCTGATTCAAGGGGAGGGGGAAATAGTCCCCATCTCTTGATGTGAGATCTCTACCATATGGGATAGTATGAAGTTGAAGCTTCAGTCTTTCAGGTCTTCTCTAGGACTTGAAAACTTTTAGTGAATGTCTAGACAGAACCCCAGCTGTCTAACTCTTTGTGTAAATTGTCTCTCTATAT,65396a05e016a685f50013b417d20f75db13f896e2305843439955d9ed37345b,0.125625347115053,AAAGAAAGTCACAAAGCCAGTTCTGATTCAAGGGGAGGGGGAAATAGTCCCCATCTCTTGATGTGAGATCTCTACCATATGGGATAGTATGAAGTTGAACCTTCAGTCTTTCAGGTCTTCTCTAGGACTTGAAAACTTTTAGTGAATGTCTAGACAGAACCCCAGCTGTCTAACTCTTTGTGTAAATTGTCTCTCTATAT,bab00a3c52f07330f442e1eb83230ba1b511b1614fb7204e7c6728f604af74d7,0.13315981920866,0.1088311656221769,0.274209798476686,-394.3392350524664,-386.9296347950585,-395.3893636954017,-401.39047159673646,13.410708158742636,1.0,0.1088311656221769,0.0,0,0.20300061211784595,0.18565657667894103,0.15145376406925343,0.07513580252086782,1.0
chr3:46599984:A:G;chr3:46600068:A:G;var1;middle;OL41|K562|1fdd04e07d473de4,chr3:46599984:A:G;chr3:46600068:A:G;var1;middle;OL41,K562,K562_region_01592,100,184,84,ACCTGCCTTCTGTGGGGTGTGATCCCCATGTCAGGTCTGTTTTCAGTCTTCGTGGTGCTATTCAGCTATGTTCCGTGTGCACCACCCAGTGGCCCGTCTACGGCGTGGCTGAAGGTCTATTCCAGTGTCCAGGTCTAACTTCTTTGGAGTGCTGGTTAGGGTCAGATCCACGCATGCGCAGCTAGGGGAGGAGCCCAGGA,9990e22c59d0aa66709cd157c28788897652cf4a6ff60df9b3ebb82451a708c5,0.0,ACCTGCCTTCTGTGGGGTGTGATCCCCATGTCAGGTCTGTTTTCAGTCTTCGTGGTGCTATTCAGCTATGTTCCGTGTGCACCACCCAGTGGCCCGTCTGCGGCGTGGCTGAAGGTCTATTCCAGTGTCCAGGTCTAACTTCTTTGGAGTGCTGGTTAGGGTCAGATCCACGCATGCGCAGCTAGGGGAGGAGCCCAGGA,467c730e34148504a2421744edc5518f7311b05458511901f23aaef9cea151d3,-0.169053478881092,ACCTGCCTTCTGTGGGGTGTGATCCCCATGTCAGGTCTGTTTTCAGTCTTCGTGGTGCTATTCAGCTATGTTCCGTGTGCACCACCCAGTGGCCCGTCTACGGCGTGGCTGAAGGTCTATTCCAGTGTCCAGGTCTAACTTCTTTGGAGTGCTGGTTAGGGTCAGATCCACGCATGCGCAGCTGGGGGAGGAGCCCAGGA,db2f7760ce74c6c70db648cb2da50c4ce11e3368d9add6db8436fb5c03f8d1b4,-0.007927985166485,ACCTGCCTTCTGTGGGGTGTGATCCCCATGTCAGGTCTGTTTTCAGTCTTCGTGGTGCTATTCAGCTATGTTCCGTGTGCACCACCCAGTGGCCCGTCTGCGGCGTGGCTGAAGGTCTATTCCAGTGTCCAGGTCTAACTTCTTTGGAGTGCTGGTTAGGGTCAGATCCACGCATGCGCAGCTGGGGGAGGAGCCCAGGA,1fdd04e07d473de4b9d1b434f0575ba5d3b635173831c3295fbede5423f2beb6,0.156205886973085,0.333187351020662,0.261495771319534,-367.6611089040525,-368.7318373708986,-375.7681673238985,-381.3857894949615,-4.546893704216927,-1.0,-0.333187351020662,0.0,1,0.1777389687357724,0.18216460459877223,0.1501433469024087,0.35037877438121845,1.0
chr3:4762697:A:G;chr3:4762734:A:T;var1;middle;OL30|K562|1f6da7386efb24cd,chr3:4762697:A:G;chr3:4762734:A:T;var1;middle;OL30,K562,K562_region_01565,100,137,37,GGGTACCTGCCAGTGTTCAGGCAGCAGTTACATAAGAGCTGCTTTTTTTCCTGGAATTTAGGCTCACTGCTGATGTGTGACCTTCAGCAGTAATTGCCAATAAATGCAGTGGGGCTGTTTACTGTTAGACACTGGCAACCACAGAGCAAACTCAACTCAGAACATACAGAACCTATTGCAAAGTCAGTGGAGGGATATAT,f6b313699978e1dd72bfa5a3670b021e15c7640cb11f8c8681982d2ee141f53b,0.0,GGGTACCTGCCAGTGTTCAGGCAGCAGTTACATAAGAGCTGCTTTTTTTCCTGGAATTTAGGCTCACTGCTGATGTGTGACCTTCAGCAGTAATTGCCAGTAAATGCAGTGGGGCTGTTTACTGTTAGACACTGGCAACCACAGAGCAAACTCAACTCAGAACATACAGAACCTATTGCAAAGTCAGTGGAGGGATATAT,07df87a9418adb2cda5b06bdffc2d92c7e8a3a333c4581852b7f7b5320807179,0.519201678375747,GGGTACCTGCCAGTGTTCAGGCAGCAGTTACATAAGAGCTGCTTTTTTTCCTGGAATTTAGGCTCACTGCTGATGTGTGACCTTCAGCAGTAATTGCCAATAAATGCAGTGGGGCTGTTTACTGTTAGACACTGGCTACCACAGAGCAAACTCAACTCAGAACATACAGAACCTATTGCAAAGTCAGTGGAGGGATATAT,7ebde13c747dab322679d5c07ff71748ef503245fd805eba229954ef5714f826,0.141305483205664,GGGTACCTGCCAGTGTTCAGGCAGCAGTTACATAAGAGCTGCTTTTTTTCCTGGAATTTAGGCTCACTGCTGATGTGTGACCTTCAGCAGTAATTGCCAGTAAATGCAGTGGGGCTGTTTACTGTTAGACACTGGCTACCACAGAGCAAACTCAACTCAGAACATACAGAACCTATTGCAAAGTCAGTGGAGGGATATAT,1f6da7386efb24cdb2703075d5e9deea4096bf1d974b82ef350f042a5768ca7c,0.737941202089436,-0.0774340405080249,0.164106151111376,-323.5735137052834,-322.54690525867045,-390.6923009505263,-383.4482827903703,-6.21740971354302,1.0,-0.0774340405080249,0.0,4,0.1684933983088143,0.17620727786206916,0.145609630836647,0.18094819855507657,1.0
chr3:5232074:A:C;chr3:5232080:C:T;var1;middle;OL41|K562|9097f892775d41d5,chr3:5232074:A:C;chr3:5232080:C:T;var1;middle;OL41,K562,K562_region_01566,100,106,6,TATTCCTGCTCACAGACTGTTTCTCAGATTACCTTTTATCAGGTGGACTGAAGTTGAAAACAGTTTAACGGGGAATTGTGATAACACTTTCATTTGAGAATATGACGGTTTGGAGAGTGAGTTGATGACATTTTAATGTTTTTCTTAATGAACCTTAAAAGCGCTTCTGGAGAACCTTAAGAATCCCTTCCCAGCAAAGT,2817ac09125f27bef0c3adedc0e23083108be8abb393e27d82bc0b3a8c579328,0.0,TATTCCTGCTCACAGACTGTTTCTCAGATTACCTTTTATCAGGTGGACTGAAGTTGAAAACAGTTTAACGGGGAATTGTGATAACACTTTCATTTGAGACTATGACGGTTTGGAGAGTGAGTTGATGACATTTTAATGTTTTTCTTAATGAACCTTAAAAGCGCTTCTGGAGAACCTTAAGAATCCCTTCCCAGCAAAGT,798779da477b8d32f8ce74b69c0b91e756721d09db383c24efe0481f300cfbc1,0.107115881533531,TATTCCTGCTCACAGACTGTTTCTCAGATTACCTTTTATCAGGTGGACTGAAGTTGAAAACAGTTTAACGGGGAATTGTGATAACACTTTCATTTGAGAATATGATGGTTTGGAGAGTGAGTTGATGACATTTTAATGTTTTTCTTAATGAACCTTAAAAGCGCTTCTGGAGAACCTTAAGAATCCCTTCCCAGCAAAGT,38dbe61d35327f8e633279901dc2ac045d7586ecb85a4c522ba707ae8f43c065,-1.21166035049006,TATTCCTGCTCACAGACTGTTTCTCAGATTACCTTTTATCAGGTGGACTGAAGTTGAAAACAGTTTAACGGGGAATTGTGATAACACTTTCATTTGAGACTATGATGGTTTGGAGAGTGAGTTGATGACATTTTAATGTTTTTCTTAATGAACCTTAAAAGCGCTTCTGGAGAACCTTAAGAATCCCTTCCCAGCAAAGT,9097f892775d41d56da77776b76ce89a6765ce38794a1f8040279675224809f2,-0.626591246215498,0.4779532227410311,0.277794372482246,-321.4958318392746,-330.18871894152835,-314.1739682343323,-322.4696318951901,0.3972234413959086,-1.0,-0.4779532227410311,0.0,4,0.17669164950674116,0.17620727786206916,0.145609630836647,0.14696321690832986,1.0
chr3:5257971:C:T;chr3:5257975:A:T;var1;middle;OL30|K562|73688c11ac90ec84,chr3:5257971:C:T;chr3:5257975:A:T;var1;middle;OL30,K562,K562_region_01567,100,104,4,ATAGATGGGGCATCTTTGGATTGATGTTCACAGCTTTATACTTCAGAACCTAAGTCTCTTCACTTTGCTGGCACCTGCTATACTGGAGTATTGCTATGTCTTTAAAAAATTTTTTTTATTATATTTTATTTTTTTGAGACAGGGTCTTGATATTTTTTTGGGACAGGGTTACCTGGGCTCAAGTGATCCTTCTGCCTCAG,3856a8e15378edc4f592ffcd4d54a285eb52ed64d156415d45cd174a1f13907b,0.0,ATAGATGGGGCATCTTTGGATTGATGTTCACAGCTTTATACTTCAGAACCTAAGTCTCTTCACTTTGCTGGCACCTGCTATACTGGAGTATTGCTATGTTTTTAAAAAATTTTTTTTATTATATTTTATTTTTTTGAGACAGGGTCTTGATATTTTTTTGGGACAGGGTTACCTGGGCTCAAGTGATCCTTCTGCCTCAG,98ada93c724fa91c79a267e5c3261183fe200c933cb78aa79ce36979217c5205,0.338030284421476,ATAGATGGGGCATCTTTGGATTGATGTTCACAGCTTTATACTTCAGAACCTAAGTCTCTTCACTTTGCTGGCACCTGCTATACTGGAGTATTGCTATGTCTTTTAAAAATTTTTTTTATTATATTTTATTTTTTTGAGACAGGGTCTTGATATTTTTTTGGGACAGGGTTACCTGGGCTCAAGTGATCCTTCTGCCTCAG,fa261cf8d6b6e1746321aa99bad1b566f52af088c04cb8bbc8564761a9b61196,0.241671669239641,ATAGATGGGGCATCTTTGGATTGATGTTCACAGCTTTATACTTCAGAACCTAAGTCTCTTCACTTTGCTGGCACCTGCTATACTGGAGTATTGCTATGTTTTTTAAAAATTTTTTTTATTATATTTTATTTTTTTGAGACAGGGTCTTGATATTTTTTTGGGACAGGGTTACCTGGGCTCAAGTGATCCTTCTGCCTCAG,73688c11ac90ec84af656471394b21729c923f0d4403a8ca08307f779ad95ec9,0.0338389963352376,0.5458629573258794,0.163820402099573,-217.0968345301225,-217.09856819640845,-218.97058775182813,-216.36029153876007,-2.6120298793540258,1.0,0.5458629573258794,0.0,1,0.17970757633330134,0.18216460459877223,0.1501433469024087,0.09636450758440643,1.0
chr3:5257971:C:T;chr3:5257981:T:A;var1;middle;OL30|K562|b30a8ba7205c651f,chr3:5257971:C:T;chr3:5257981:T:A;var1;middle;OL30,K562,K562_region_01567,100,110,10,ATAGATGGGGCATCTTTGGATTGATGTTCACAGCTTTATACTTCAGAACCTAAGTCTCTTCACTTTGCTGGCACCTGCTATACTGGAGTATTGCTATGTCTTTAAAAAATTTTTTTTATTATATTTTATTTTTTTGAGACAGGGTCTTGATATTTTTTTGGGACAGGGTTACCTGGGCTCAAGTGATCCTTCTGCCTCAG,3856a8e15378edc4f592ffcd4d54a285eb52ed64d156415d45cd174a1f13907b,0.0,ATAGATGGGGCATCTTTGGATTGATGTTCACAGCTTTATACTTCAGAACCTAAGTCTCTTCACTTTGCTGGCACCTGCTATACTGGAGTATTGCTATGTTTTTAAAAAATTTTTTTTATTATATTTTATTTTTTTGAGACAGGGTCTTGATATTTTTTTGGGACAGGGTTACCTGGGCTCAAGTGATCCTTCTGCCTCAG,98ada93c724fa91c79a267e5c3261183fe200c933cb78aa79ce36979217c5205,0.33777411507019,ATAGATGGGGCATCTTTGGATTGATGTTCACAGCTTTATACTTCAGAACCTAAGTCTCTTCACTTTGCTGGCACCTGCTATACTGGAGTATTGCTATGTCTTTAAAAAAATTTTTTTATTATATTTTATTTTTTTGAGACAGGGTCTTGATATTTTTTTGGGACAGGGTTACCTGGGCTCAAGTGATCCTTCTGCCTCAG,f8a047907171a7ff5c0f5ad8ad904fe6e70d75a163bab7b576a30425d577ff9e,0.200880778869978,ATAGATGGGGCATCTTTGGATTGATGTTCACAGCTTTATACTTCAGAACCTAAGTCTCTTCACTTTGCTGGCACCTGCTATACTGGAGTATTGCTATGTTTTTAAAAAAATTTTTTTATTATATTTTATTTTTTTGAGACAGGGTCTTGATATTTTTTTGGGACAGGGTTACCTGGGCTCAAGTGATCCTTCTGCCTCAG,b30a8ba7205c651f0fb68bf09fb20bee55034ee1e418268cc7da53617e177f93,0.158416739428929,0.380238154511239,0.17469053542731,-217.0968345301225,-217.09856819640845,-215.11627383343875,-216.5017483746633,1.3837408749385816,1.0,0.380238154511239,0.0,1,0.18377303280822493,0.18216460459877223,0.1501433469024087,0.11753305256480454,1.0
chr3:5257975:A:T;chr3:5257981:T:A;var1;middle;OL30|K562|141c99d30d8e6f57,chr3:5257975:A:T;chr3:5257981:T:A;var1;middle;OL30,K562,K562_region_01567,100,106,6,ATGGGGCATCTTTGGATTGATGTTCACAGCTTTATACTTCAGAACCTAAGTCTCTTCACTTTGCTGGCACCTGCTATACTGGAGTATTGCTATGTCTTTAAAAAATTTTTTTTATTATATTTTATTTTTTTGAGACAGGGTCTTGATATTTTTTTGGGACAGGGTTACCTGGGCTCAAGTGATCCTTCTGCCTCAGCCTC,45970f3b29a96bcb65536be54c62aeaba60b3038abc41cb747687bf25b1dfe04,0.0,ATGGGGCATCTTTGGATTGATGTTCACAGCTTTATACTTCAGAACCTAAGTCTCTTCACTTTGCTGGCACCTGCTATACTGGAGTATTGCTATGTCTTTTAAAAATTTTTTTTATTATATTTTATTTTTTTGAGACAGGGTCTTGATATTTTTTTGGGACAGGGTTACCTGGGCTCAAGTGATCCTTCTGCCTCAGCCTC,a0bd3047bd79b9d9aaea5a2b9165a1699c943e54056edddda13c6f76ee71fc11,0.138395304254761,ATGGGGCATCTTTGGATTGATGTTCACAGCTTTATACTTCAGAACCTAAGTCTCTTCACTTTGCTGGCACCTGCTATACTGGAGTATTGCTATGTCTTTAAAAAAATTTTTTTATTATATTTTATTTTTTTGAGACAGGGTCTTGATATTTTTTTGGGACAGGGTTACCTGGGCTCAAGTGATCCTTCTGCCTCAGCCTC,8590c6a83d5df13499ac0aefce2e4f58f1319c59cf0858f0860624b19b8d4c6c,-0.112359854946583,ATGGGGCATCTTTGGATTGATGTTCACAGCTTTATACTTCAGAACCTAAGTCTCTTCACTTTGCTGGCACCTGCTATACTGGAGTATTGCTATGTCTTTTAAAAAATTTTTTTATTATATTTTATTTTTTTGAGACAGGGTCTTGATATTTTTTTGGGACAGGGTTACCTGGGCTCAAGTGATCCTTCTGCCTCAGCCTC,141c99d30d8e6f5737f07f6ba58ea9c7e5e78834d5c322cf7e23cfab749dd118,0.130897872742896,0.104862423434718,0.16906496266239,-209.72645265236497,-210.9200916700065,-208.45296369073915,-208.73435068130493,0.9122520270757377,-1.0,-0.104862423434718,0.0,1,0.18329332125637002,0.18216460459877223,0.1501433469024087,0.1027176202746609,1.0
chr3:52864635:A:G;chr3:52864693:T:G;var1;middle;OL41|K562|dc145b71a16daf37,chr3:52864635:A:G;chr3:52864693:T:G;var1;middle;OL41,K562,K562_region_01593,100,158,58,CCAGCTCACGCCACACCCATGGACACTGGCTACCTTTTCGGCAGTAGTAGTCTGGTGGATGGCCAGCAGTGAAAGCAGGACGAGAACTTTGCTGCAGGTACGGACAGGCCTTGGGGGCTTCATCGTGGCTCCAGTGTCTGCCAGGAGGCTTCTGAACTCGACAGCAAGTGGGGAATGGATTAGTAACTTGTTTGCTGCCC,4bd77bc3780f4645afc759ed949a931f44a964af50e25f2f4344b14517a9ecc7,0.0,CCAGCTCACGCCACACCCATGGACACTGGCTACCTTTTCGGCAGTAGTAGTCTGGTGGATGGCCAGCAGTGAAAGCAGGACGAGAACTTTGCTGCAGGTGCGGACAGGCCTTGGGGGCTTCATCGTGGCTCCAGTGTCTGCCAGGAGGCTTCTGAACTCGACAGCAAGTGGGGAATGGATTAGTAACTTGTTTGCTGCCC,c69413cbadc63daf9e221ea9afeb5d5b3fdc09a10706b45bc2b4d679bb257fb6,-0.0338275489713455,CCAGCTCACGCCACACCCATGGACACTGGCTACCTTTTCGGCAGTAGTAGTCTGGTGGATGGCCAGCAGTGAAAGCAGGACGAGAACTTTGCTGCAGGTACGGACAGGCCTTGGGGGCTTCATCGTGGCTCCAGTGTCTGCCAGGAGGCTTCTGAACGCGACAGCAAGTGGGGAATGGATTAGTAACTTGTTTGCTGCCC,2d41ad620f902f6bdeee06566818d9be82377cd493ba1950000959bb337048ec,-0.121928876263712,CCAGCTCACGCCACACCCATGGACACTGGCTACCTTTTCGGCAGTAGTAGTCTGGTGGATGGCCAGCAGTGAAAGCAGGACGAGAACTTTGCTGCAGGTGCGGACAGGCCTTGGGGGCTTCATCGTGGCTCCAGTGTCTGCCAGGAGGCTTCTGAACGCGACAGCAAGTGGGGAATGGATTAGTAACTTGTTTGCTGCCC,dc145b71a16daf37fa4b7efc8b1d874f235cb063a97a13ec7a8f1854459a24e7,0.0523601491312092,0.2081165743662667,0.221436065155035,-419.9485943801701,-417.6449602749199,-412.9682911415584,-407.3170099463314,3.3476470899768174,-1.0,-0.2081165743662667,0.0,1,0.18577118929142475,0.18216460459877223,0.1501433469024087,0.19274520927777966,1.0
chr3:53878597:T:A;chr3:53878616:C:T;var1;middle;OL41|K562|9f5b7ff5966345ed,chr3:53878597:T:A;chr3:53878616:C:T;var1;middle;OL41,K562,K562_region_01594,100,119,19,TAGACCTCCCCACCTCCTCAGGCAAGCTCTCCTCCCCAGGGCTCTATCCTCCTCTCCTCTCCACTGCCCCCTGAGAAAGTCTGACTCATGAACCCTGTCTCCAGGCCTAACCTCCGCACCCTGGTTGTCTCAAAGCCTGTGTGCCGAACAACACCAAGCTCACAGCAGGGCCTGCCCTGGCACACAACTGAAAAGCCAGC,cac45adb96bd32cb0ecc365ec84dc341ca0730b6cd424492c08d1509167245a3,0.0,TAGACCTCCCCACCTCCTCAGGCAAGCTCTCCTCCCCAGGGCTCTATCCTCCTCTCCTCTCCACTGCCCCCTGAGAAAGTCTGACTCATGAACCCTGTCACCAGGCCTAACCTCCGCACCCTGGTTGTCTCAAAGCCTGTGTGCCGAACAACACCAAGCTCACAGCAGGGCCTGCCCTGGCACACAACTGAAAAGCCAGC,1de3b859c7cb1b7b7001ca6d8f8ed32e61fc51e8d840444c3dffa645f73c258e,-0.308322925787962,TAGACCTCCCCACCTCCTCAGGCAAGCTCTCCTCCCCAGGGCTCTATCCTCCTCTCCTCTCCACTGCCCCCTGAGAAAGTCTGACTCATGAACCCTGTCTCCAGGCCTAACCTCCGCATCCTGGTTGTCTCAAAGCCTGTGTGCCGAACAACACCAAGCTCACAGCAGGGCCTGCCCTGGCACACAACTGAAAAGCCAGC,5e7d8b01b557d5f28884570b27d73dd6cc67b764e0e74c8edff820b424adc40c,0.161456311949212,TAGACCTCCCCACCTCCTCAGGCAAGCTCTCCTCCCCAGGGCTCTATCCTCCTCTCCTCTCCACTGCCCCCTGAGAAAGTCTGACTCATGAACCCTGTCACCAGGCCTAACCTCCGCATCCTGGTTGTCTCAAAGCCTGTGTGCCGAACAACACCAAGCTCACAGCAGGGCCTGCCCTGGCACACAACTGAAAAGCCAGC,9f5b7ff5966345ed9a88f7a298d006875669d6f5a878b7778fdc02263b5fbac6,-0.872993086384913,0.726126472546163,0.59655712463917,-343.43432766688056,-347.3210126655176,-349.7863087360747,-349.7077601598576,-3.965233574854153,1.0,0.726126472546163,0.0,4,0.1712847709056698,0.17620727786206916,0.145609630836647,0.25778554332418163,1.0
chr3:66877320:A:G;chr3:66877343:C:T;var1;middle;OL29|K562|5d7e2769a12fbd28,chr3:66877320:A:G;chr3:66877343:C:T;var1;middle;OL29,K562,K562_region_01595,100,123,23,CATGATTGTGAGGCCTCCCCAACCGCATGGAACTGTGAGTATTCTAAACCTCCTTTTCTTCATAAATTGCCCAGTCTTGGGTATGTCTTTATCAGCAGCATGAAAATGAACTAATACAAGGCCCCAAACAGGGATTCACAACTAATTTGACCTAAAATGCAGGGAAATGGCACTTCCAGTGTTTACCAGAGTCCCTCTCT,18e7ac5a24fdbb2a66f06b7caddd0396183be02d2f156e143395a20a33fc93bd,0.0,CATGATTGTGAGGCCTCCCCAACCGCATGGAACTGTGAGTATTCTAAACCTCCTTTTCTTCATAAATTGCCCAGTCTTGGGTATGTCTTTATCAGCAGCGTGAAAATGAACTAATACAAGGCCCCAAACAGGGATTCACAACTAATTTGACCTAAAATGCAGGGAAATGGCACTTCCAGTGTTTACCAGAGTCCCTCTCT,e152a75243132c79d314f84cffd4c642846cbcdb2c9af825f55817a69a38b331,0.03985113182282,CATGATTGTGAGGCCTCCCCAACCGCATGGAACTGTGAGTATTCTAAACCTCCTTTTCTTCATAAATTGCCCAGTCTTGGGTATGTCTTTATCAGCAGCATGAAAATGAACTAATACAAGGCTCCAAACAGGGATTCACAACTAATTTGACCTAAAATGCAGGGAAATGGCACTTCCAGTGTTTACCAGAGTCCCTCTCT,474bd1b070d29fd2220c341c5c9720d4344b1338492782169b144ee840f7127d,0.133915640033981,CATGATTGTGAGGCCTCCCCAACCGCATGGAACTGTGAGTATTCTAAACCTCCTTTTCTTCATAAATTGCCCAGTCTTGGGTATGTCTTTATCAGCAGCGTGAAAATGAACTAATACAAGGCTCCAAACAGGGATTCACAACTAATTTGACCTAAAATGCAGGGAAATGGCACTTCCAGTGTTTACCAGAGTCCCTCTCT,5d7e2769a12fbd283b839cb6c2f620b074f5b007433aa0c5fb8918b794602b35,0.29596432917643,-0.122197557319629,0.223264926954313,-206.9633838161826,-199.6111981458962,-293.7192645133473,-284.04311000322923,-2.3239688398316503,1.0,-0.122197557319629,0.0,0,0.18279117545128085,0.18565657667894103,0.15145376406925343,0.19951361405122536,1.0
chr3:66877343:C:T;chr3:66877417:C:G;var1;middle;OL29|K562|a31156df98e8d74f,chr3:66877343:C:T;chr3:66877417:C:G;var1;middle;OL29,K562,K562_region_01595,100,174,74,CGCATGGAACTGTGAGTATTCTAAACCTCCTTTTCTTCATAAATTGCCCAGTCTTGGGTATGTCTTTATCAGCAGCATGAAAATGAACTAATACAAGGCCCCAAACAGGGATTCACAACTAATTTGACCTAAAATGCAGGGAAATGGCACTTCCAGTGTTTACCAGAGTCCCTCTCTCTTGAACCTAAACATGTCCTCAG,9cc638c310a52fc24cb81752365841f8eecc2c01954a699f278e783dc8ed5308,0.0,CGCATGGAACTGTGAGTATTCTAAACCTCCTTTTCTTCATAAATTGCCCAGTCTTGGGTATGTCTTTATCAGCAGCATGAAAATGAACTAATACAAGGCTCCAAACAGGGATTCACAACTAATTTGACCTAAAATGCAGGGAAATGGCACTTCCAGTGTTTACCAGAGTCCCTCTCTCTTGAACCTAAACATGTCCTCAG,44789a573f939f83d5bf5c6d671f5a512613c3f1a3d1489904a0c6da4d2d8484,-0.228301091120769,CGCATGGAACTGTGAGTATTCTAAACCTCCTTTTCTTCATAAATTGCCCAGTCTTGGGTATGTCTTTATCAGCAGCATGAAAATGAACTAATACAAGGCCCCAAACAGGGATTCACAACTAATTTGACCTAAAATGCAGGGAAATGGCACTTCCAGTGTTTACCAGAGTCCCTGTCTCTTGAACCTAAACATGTCCTCAG,94d473eefb7efcb1ccc160f83416092c2c5319541399a03788a75f637c416cf0,-0.273570127069738,CGCATGGAACTGTGAGTATTCTAAACCTCCTTTTCTTCATAAATTGCCCAGTCTTGGGTATGTCTTTATCAGCAGCATGAAAATGAACTAATACAAGGCTCCAAACAGGGATTCACAACTAATTTGACCTAAAATGCAGGGAAATGGCACTTCCAGTGTTTACCAGAGTCCCTGTCTCTTGAACCTAAACATGTCCTCAG,a31156df98e8d74f13552083f952eb46a9cbade1d1200df3aa0a238846551fa9,-0.0406370760148863,0.4612341421756206,0.337900785267241,-232.0142408804968,-273.6411466207355,-186.38308237772435,-242.8122859913856,-14.802297873422532,-1.0,-0.4612341421756206,0.0,0,0.16676415434803443,0.18565657667894103,0.15145376406925343,0.3306989944759724,1.0
chr3:69797326:C:A;chr3:69797413:G:A;var1;middle;OL28|K562|998fdf3e155de68a,chr3:69797326:C:A;chr3:69797413:G:A;var1;middle;OL28,K562,K562_region_01596,100,187,87,AAAAGAAGAAGCTCTCCTCCCACATACCACCTCCAGTGTTCACCAACTTTGACATCCACAGGAAGTGGCATGCATTTAATTTGACATCTTTAAAAAAATCTTCAAAGCATTTGGATTTTAGTAGCTGTGTTCTTTGATTCAAGTACCCACAGAGTGATAATTTTCTTTCTTTCTTTTTCTTTTGAGGTGGAGACTCACTC,8d45355eda219de5ba9c428a5d2ea0d23986bab3c28a6f9582123b93906937e9,0.0,AAAAGAAGAAGCTCTCCTCCCACATACCACCTCCAGTGTTCACCAACTTTGACATCCACAGGAAGTGGCATGCATTTAATTTGACATCTTTAAAAAAATATTCAAAGCATTTGGATTTTAGTAGCTGTGTTCTTTGATTCAAGTACCCACAGAGTGATAATTTTCTTTCTTTCTTTTTCTTTTGAGGTGGAGACTCACTC,711b563812b0e88aa6c4c0315014ee95cfe4d17b5ea10146afab9ce764aa3cc7,0.0054091384228549,AAAAGAAGAAGCTCTCCTCCCACATACCACCTCCAGTGTTCACCAACTTTGACATCCACAGGAAGTGGCATGCATTTAATTTGACATCTTTAAAAAAATCTTCAAAGCATTTGGATTTTAGTAGCTGTGTTCTTTGATTCAAGTACCCACAGAGTGATAATTTTCTTTCTTTCTTTTTCTTTTGAGATGGAGACTCACTC,fd5cba02193317ca2ef01091a69fba4ef4859c3acc6d5271b9a8d2924b62b12e,-0.0338537549763501,AAAAGAAGAAGCTCTCCTCCCACATACCACCTCCAGTGTTCACCAACTTTGACATCCACAGGAAGTGGCATGCATTTAATTTGACATCTTTAAAAAAATATTCAAAGCATTTGGATTTTAGTAGCTGTGTTCTTTGATTCAAGTACCCACAGAGTGATAATTTTCTTTCTTTCTTTTTCTTTTGAGATGGAGACTCACTC,998fdf3e155de68abc821e2bfe9d68500d22144f7bfab68e3e8480e5babc0bc8,0.0524376101995145,0.0808822267530097,0.223484213528242,-262.72873968817294,-261.89639925118536,-251.7779647479765,-248.31914985226467,2.6264744587242603,-1.0,-0.0808822267530097,0.0,4,0.17945460844871147,0.17620727786206916,0.145609630836647,0.17117662188008947,1.0
chr3:72396241:C:T;chr3:72396329:G:A;var1;middle;OL28|K562|92d84463c48c7ad1,chr3:72396241:C:T;chr3:72396329:G:A;var1;middle;OL28,K562,K562_region_01597,100,188,88,GGTTCATGTCTGTAATCCCAGCATTTTAGGAGGCCGAGATGAGCGGATCACTTGAGGCCAGGAGTTTGAGACCAGCCTGGCCAACATAGTGAAACGCAGCCTCTACTAAAATTAAAAAAATTAGCCTGGTGTGGGGGCTATGAATATTTGTTGAGTGTAATCCCTGCTACTCAGGAGGCTGAGGCACGAGAATCACTTGA,8067cd11a707a56a665d47d55f133fbdc01f41c92da6b76a85b964e51f0daa81,0.0,GGTTCATGTCTGTAATCCCAGCATTTTAGGAGGCCGAGATGAGCGGATCACTTGAGGCCAGGAGTTTGAGACCAGCCTGGCCAACATAGTGAAACGCAGTCTCTACTAAAATTAAAAAAATTAGCCTGGTGTGGGGGCTATGAATATTTGTTGAGTGTAATCCCTGCTACTCAGGAGGCTGAGGCACGAGAATCACTTGA,8280638e368356cde605f7606d88aa0cb4d249a712820cea1cbd4fdcd0287b09,-0.114377958815217,GGTTCATGTCTGTAATCCCAGCATTTTAGGAGGCCGAGATGAGCGGATCACTTGAGGCCAGGAGTTTGAGACCAGCCTGGCCAACATAGTGAAACGCAGCCTCTACTAAAATTAAAAAAATTAGCCTGGTGTGGGGGCTATGAATATTTGTTGAGTGTAATCCCTGCTACTCAGGAGGCTGAGGCACAAGAATCACTTGA,d37db4a513ad763cf53759ff7219220c4bde427ddbc4f9b77140708dbe49f567,-0.0261467912917184,GGTTCATGTCTGTAATCCCAGCATTTTAGGAGGCCGAGATGAGCGGATCACTTGAGGCCAGGAGTTTGAGACCAGCCTGGCCAACATAGTGAAACGCAGTCTCTACTAAAATTAAAAAAATTAGCCTGGTGTGGGGGCTATGAATATTTGTTGAGTGTAATCCCTGCTACTCAGGAGGCTGAGGCACAAGAATCACTTGA,92d84463c48c7ad17b6b67f57268076ddb0abc941cef2b46789379a4e5cde13f,-0.0508316111638548,0.0896931389430806,0.165012708149024,-115.03609976358712,-111.94621407240628,-113.90450903307648,-110.71606064587831,0.09856269601732492,-1.0,-0.0896931389430806,0.0,3,0.18167151927212755,0.18106719778262317,0.1474303780702046,0.15434989971598506,1.0
chr3:8775379:G:T;chr3:8775457:G:A;var1;middle;OL41|K562|e998995fc453b355,chr3:8775379:G:T;chr3:8775457:G:A;var1;middle;OL41,K562,K562_region_01568,100,178,78,TCCTGAGGCCCAGTGCCCTGAGGCAGCCCCCTTTAAGGAGCGATCGGCCTTCCAGAAGAGCTCCAGTCTTAATTTTAGCTTGGAGGCCTGCCACAGGAGGCTTTAGAGAGAGGCAGGCTGAAGTTATGTGGGACAGCTGTCAGCCGGCATGCTGGGTGGGGCCTATTTAGCTGGCAGGGACATAAGTCTGGGGACACTGA,af425c55d6cd3c0fc34f3db1cb2d8cc69d34f803a6041c40c86b2e0d04d3d3f1,0.0,TCCTGAGGCCCAGTGCCCTGAGGCAGCCCCCTTTAAGGAGCGATCGGCCTTCCAGAAGAGCTCCAGTCTTAATTTTAGCTTGGAGGCCTGCCACAGGAGTCTTTAGAGAGAGGCAGGCTGAAGTTATGTGGGACAGCTGTCAGCCGGCATGCTGGGTGGGGCCTATTTAGCTGGCAGGGACATAAGTCTGGGGACACTGA,58d25ba4c8411aa6c2e968a178b47168e9017d9fc2cf621adbc498c50d334415,-0.103017840445306,TCCTGAGGCCCAGTGCCCTGAGGCAGCCCCCTTTAAGGAGCGATCGGCCTTCCAGAAGAGCTCCAGTCTTAATTTTAGCTTGGAGGCCTGCCACAGGAGGCTTTAGAGAGAGGCAGGCTGAAGTTATGTGGGACAGCTGTCAGCCGGCATGCTGGGTGGGGCCTATTTAGCTGGCAGAGACATAAGTCTGGGGACACTGA,d3e4fbf61b075058800267be7e126565f18c608347010f1d4ab19c54e2f262b9,-0.344147897474978,TCCTGAGGCCCAGTGCCCTGAGGCAGCCCCCTTTAAGGAGCGATCGGCCTTCCAGAAGAGCTCCAGTCTTAATTTTAGCTTGGAGGCCTGCCACAGGAGTCTTTAGAGAGAGGCAGGCTGAAGTTATGTGGGACAGCTGTCAGCCGGCATGCTGGGTGGGGCCTATTTAGCTGGCAGAGACATAAGTCTGGGGACACTGA,e998995fc453b35507ba2546ba48d21ffcc48a5f059e0274d3e44bc1cd7bd348,-0.399907620807195,-0.0472581171130889,0.21960395523046,-331.88863115466665,-336.68810258689336,-343.4893916982692,-348.3493022371549,0.060439106659032404,1.0,-0.0472581171130889,0.0,1,0.18242665282975634,0.18216460459877223,0.1501433469024087,0.27449903951300375,1.0
chr3:8826971:G:A;chr3:8826973:C:A;var1;middle;OL41|K562|50ae49cbf244d1ba,chr3:8826971:G:A;chr3:8826973:C:A;var1;middle;OL41,K562,K562_region_01569,100,102,2,GATGGACACCACTAACATCCAAATGAGGCCCCAGGCAGCAGGGAACTGAGAGTCAGTGCCAAGCTCCTCTGAGCCTGCATAATTCAGAGTCTGCAGGAAGCCAAACATCCTTTAAAAAGAAGGCCAAATCATAACAACCTCCTGCATTTGTCCTGCTGTTGTTCCTCCTCAGAGCACATTCCAGTCTATTAGCTTGTTAG,99937189ab447b4467ab72f08cd54e824a43f82746ecd2f906ba7f6386f76c9d,0.0,GATGGACACCACTAACATCCAAATGAGGCCCCAGGCAGCAGGGAACTGAGAGTCAGTGCCAAGCTCCTCTGAGCCTGCATAATTCAGAGTCTGCAGGAAACCAAACATCCTTTAAAAAGAAGGCCAAATCATAACAACCTCCTGCATTTGTCCTGCTGTTGTTCCTCCTCAGAGCACATTCCAGTCTATTAGCTTGTTAG,e5d81a7fb881a9c4a3117456bc1902033d94357d1f1776bfd1999bd99f5ce140,-0.238802330270848,GATGGACACCACTAACATCCAAATGAGGCCCCAGGCAGCAGGGAACTGAGAGTCAGTGCCAAGCTCCTCTGAGCCTGCATAATTCAGAGTCTGCAGGAAGCAAAACATCCTTTAAAAAGAAGGCCAAATCATAACAACCTCCTGCATTTGTCCTGCTGTTGTTCCTCCTCAGAGCACATTCCAGTCTATTAGCTTGTTAG,bd0defa8cae48981649680eebac44a7dfd9568bb67a0a732c7fe3a84c7a5ba5e,-0.16588697657916,GATGGACACCACTAACATCCAAATGAGGCCCCAGGCAGCAGGGAACTGAGAGTCAGTGCCAAGCTCCTCTGAGCCTGCATAATTCAGAGTCTGCAGGAAACAAAACATCCTTTAAAAAGAAGGCCAAATCATAACAACCTCCTGCATTTGTCCTGCTGTTGTTCCTCCTCAGAGCACATTCCAGTCTATTAGCTTGTTAG,50ae49cbf244d1ba4668cce2fcecb870aefdb7afcc02ea510000ed7c92a5be9c,-0.119558633393527,0.2851306734564809,0.35683680685363,-302.25369830522686,-302.8226765906438,-305.720488909632,-300.86605530045927,5.4234118945896626,-1.0,-0.2851306734564809,0.0,2,0.1830913945812986,0.17490732828716207,0.146091925319964,0.3263249628228656,1.0
chr3:9507257:C:T;chr3:9507314:T:A;var1;middle;OL29|K562|8f931f5195971191,chr3:9507257:C:T;chr3:9507314:T:A;var1;middle;OL29,K562,K562_region_01570,100,157,57,TCAGAAAAATTTGTTCTGACCACTAAACACACTCTGCTGCTCTGCCCCCTTGTTTGCACTTCTCCAGATGTGTTTTTTGAGAAAGGTGAACATTTTAACCAATCTTACGTTTCCTATTCAGCTTTTCCAAGTATGAGGATTCAGAATACTTAGCTTTTATGAGTAACTAAGAGGCAGCTAGCAACATTGAAAGCAGAACT,3482ecbb18c3650ed4c7b2282d7b10b7976a7b9f572d2ee5e232188a6da9a36d,0.0,TCAGAAAAATTTGTTCTGACCACTAAACACACTCTGCTGCTCTGCCCCCTTGTTTGCACTTCTCCAGATGTGTTTTTTGAGAAAGGTGAACATTTTAACTAATCTTACGTTTCCTATTCAGCTTTTCCAAGTATGAGGATTCAGAATACTTAGCTTTTATGAGTAACTAAGAGGCAGCTAGCAACATTGAAAGCAGAACT,5eb18f53c23a8a1b929bcbfef02c76bdd54468274f305b4e5d2a325ad8c02b2d,0.171731014119543,TCAGAAAAATTTGTTCTGACCACTAAACACACTCTGCTGCTCTGCCCCCTTGTTTGCACTTCTCCAGATGTGTTTTTTGAGAAAGGTGAACATTTTAACCAATCTTACGTTTCCTATTCAGCTTTTCCAAGTATGAGGATTCAGAATACTTAGCTTATATGAGTAACTAAGAGGCAGCTAGCAACATTGAAAGCAGAACT,bdab1a7e9fe27a4b7dd09fef7eb9b41ddbbaf86a6dd0589bb3edd9fe39631aa9,0.0435144359252238,TCAGAAAAATTTGTTCTGACCACTAAACACACTCTGCTGCTCTGCCCCCTTGTTTGCACTTCTCCAGATGTGTTTTTTGAGAAAGGTGAACATTTTAACTAATCTTACGTTTCCTATTCAGCTTTTCCAAGTATGAGGATTCAGAATACTTAGCTTATATGAGTAACTAAGAGGCAGCTAGCAACATTGAAAGCAGAACT,8f931f5195971191c87b261fbc3770f60b27a52383cae62ad52b392c95d02cad,-0.243965009775492,0.4592104598202587,0.388143502089789,-299.6740351500921,-303.27019510185346,-297.9539535678923,-301.6242314556148,0.07411793596111238,1.0,0.4592104598202587,0.0,3,0.18162228299302896,0.18106719778262317,0.1474303780702046,0.1456406568741535,1.0
chr4:100042221:T:C;chr4:100042242:A:G;var1;middle;OL27|K562|41e7de24bd78390c,chr4:100042221:T:C;chr4:100042242:A:G;var1;middle;OL27,K562,K562_region_01699,100,121,21,GTTATCAAGCAACGTATATTTATCGACCATCTCTGATAGAGGGATGGATTCAAAGATCGTTCTGCCTTCAGGGATTTTACAAACATGTACTTGAAAAACTAGCAATGGAAACGGCGTGTGATAGGATTTTGATTAAAAACACCGAGCATCAAAGGAGATCAGGGAGTGAGAACAGCTTTGTGGCTGCAAAGATCTGAAAA,74ec45de56c22ea7f6ddc4af5ba5689f114d2a5033f6f9bb0ebf0b516600f1b9,0.0,GTTATCAAGCAACGTATATTTATCGACCATCTCTGATAGAGGGATGGATTCAAAGATCGTTCTGCCTTCAGGGATTTTACAAACATGTACTTGAAAAACCAGCAATGGAAACGGCGTGTGATAGGATTTTGATTAAAAACACCGAGCATCAAAGGAGATCAGGGAGTGAGAACAGCTTTGTGGCTGCAAAGATCTGAAAA,f0f30ff76b587dc96c8ae9fc96bc576a62f61c40c51c769e7bf922a732c52497,-0.0947476156150354,GTTATCAAGCAACGTATATTTATCGACCATCTCTGATAGAGGGATGGATTCAAAGATCGTTCTGCCTTCAGGGATTTTACAAACATGTACTTGAAAAACTAGCAATGGAAACGGCGTGTGGTAGGATTTTGATTAAAAACACCGAGCATCAAAGGAGATCAGGGAGTGAGAACAGCTTTGTGGCTGCAAAGATCTGAAAA,6cbf2571349529a28bbfaf18645105df58cccc6e8bea4d1e34343a741f74e06c,0.101177747386972,GTTATCAAGCAACGTATATTTATCGACCATCTCTGATAGAGGGATGGATTCAAAGATCGTTCTGCCTTCAGGGATTTTACAAACATGTACTTGAAAAACCAGCAATGGAAACGGCGTGTGGTAGGATTTTGATTAAAAACACCGAGCATCAAAGGAGATCAGGGAGTGAGAACAGCTTTGTGGCTGCAAAGATCTGAAAA,41e7de24bd78390c6b628d0f20984c032607c6043d8ddfe5602d2bfa39ce3fde,0.0596608343527388,0.0532307025808022,0.143622482313374,-282.64899373054504,-281.13209757208824,-281.16954949498177,-293.9881685897708,-14.33551525324583,-1.0,-0.0532307025808022,0.0,4,0.15843172642062023,0.17620727786206916,0.145609630836647,-0.07135990830170641,1.0
chr4:100065509:T:G;chr4:100065593:T:C;var1;middle;OL41|K562|207940823bf2304d,chr4:100065509:T:G;chr4:100065593:T:C;var1;middle;OL41,K562,K562_region_01700,100,184,84,AGTTAAGAAAGCTTCAAACTCCTACCCAGGGAGTTCCGTGTCCTATAATGAGCTGTCTTTGAATAAATACCATTCATGTTGCTTAATTCTCCAATCACTTCCTTTTCTCCTTTGTTGCTGTAATTCACAGCCCTGCCGGCCTCTTACCACATCATTTGTACTATTGGACTTCAGCTGCAAACCTCATTGCTCCCAGTGAG,a2401e4100939a69616c9ee213819af0f621f2032597943f38e12ca6098d53bf,0.0,AGTTAAGAAAGCTTCAAACTCCTACCCAGGGAGTTCCGTGTCCTATAATGAGCTGTCTTTGAATAAATACCATTCATGTTGCTTAATTCTCCAATCACTGCCTTTTCTCCTTTGTTGCTGTAATTCACAGCCCTGCCGGCCTCTTACCACATCATTTGTACTATTGGACTTCAGCTGCAAACCTCATTGCTCCCAGTGAG,143e9c935a20ed2fc2cb1a8ab2c344b3111a27a588b68359d985d50acb463643,-0.575815030484483,AGTTAAGAAAGCTTCAAACTCCTACCCAGGGAGTTCCGTGTCCTATAATGAGCTGTCTTTGAATAAATACCATTCATGTTGCTTAATTCTCCAATCACTTCCTTTTCTCCTTTGTTGCTGTAATTCACAGCCCTGCCGGCCTCTTACCACATCATTTGTACTATTGGACTTCAGCTGCAAACCCCATTGCTCCCAGTGAG,1ea16c804b7438a33e2c9cc8cc3aa4308f7dc9391ded9f3a4516e25b903883bc,-0.704235819533543,AGTTAAGAAAGCTTCAAACTCCTACCCAGGGAGTTCCGTGTCCTATAATGAGCTGTCTTTGAATAAATACCATTCATGTTGCTTAATTCTCCAATCACTGCCTTTTCTCCTTTGTTGCTGTAATTCACAGCCCTGCCGGCCTCTTACCACATCATTTGTACTATTGGACTTCAGCTGCAAACCCCATTGCTCCCAGTGAG,207940823bf2304d0c86dea4b134ce64ac6ff817f884709eb2c78b9776c9a754,-1.36133434267711,0.0812834926590841,0.364366124887443,-407.555484296754,-386.1691358797252,-437.0640934715048,-411.101908294484,-4.575836759991944,1.0,0.0812834926590841,0.0,3,0.17225641207921177,0.18106719778262317,0.1474303780702046,0.32377957040879,1.0
chr4:100065593:T:C;chr4:100065626:A:T;var1;middle;OL41|K562|82b27e3c9eaf8d54,chr4:100065593:T:C;chr4:100065626:A:T;var1;middle;OL41,K562,K562_region_01700,100,133,33,AATTCTCCAATCACTTCCTTTTCTCCTTTGTTGCTGTAATTCACAGCCCTGCCGGCCTCTTACCACATCATTTGTACTATTGGACTTCAGCTGCAAACCTCATTGCTCCCAGTGAGCTCCAAGATTTTTTAAATTCTTTTTTCTTTTATTGAAAAATATAAAATAATAGAGAAAAGCCCATTAAACATATAAAGATGAAT,888881ece1cd22ccf87bb202b9a816c63248fad5ab5d19920c2395771431489f,0.0,AATTCTCCAATCACTTCCTTTTCTCCTTTGTTGCTGTAATTCACAGCCCTGCCGGCCTCTTACCACATCATTTGTACTATTGGACTTCAGCTGCAAACCCCATTGCTCCCAGTGAGCTCCAAGATTTTTTAAATTCTTTTTTCTTTTATTGAAAAATATAAAATAATAGAGAAAAGCCCATTAAACATATAAAGATGAAT,c6919694720ee66482f4c4d68f5b79f2850f2b8211cdedfc1a43b86003a43b1a,-0.372950703105099,AATTCTCCAATCACTTCCTTTTCTCCTTTGTTGCTGTAATTCACAGCCCTGCCGGCCTCTTACCACATCATTTGTACTATTGGACTTCAGCTGCAAACCTCATTGCTCCCAGTGAGCTCCAAGATTTTTTAATTTCTTTTTTCTTTTATTGAAAAATATAAAATAATAGAGAAAAGCCCATTAAACATATAAAGATGAAT,c05c1ee46f305810b5c065c8a08a21b5ab54e500da927a373c8444dea3d9d162,0.209453453598343,AATTCTCCAATCACTTCCTTTTCTCCTTTGTTGCTGTAATTCACAGCCCTGCCGGCCTCTTACCACATCATTTGTACTATTGGACTTCAGCTGCAAACCCCATTGCTCCCAGTGAGCTCCAAGATTTTTTAATTTCTTTTTTCTTTTATTGAAAAATATAAAATAATAGAGAAAAGCCCATTAAACATATAAAGATGAAT,82b27e3c9eaf8d54e23538650f8fca77b1e5a5716cac46ecab2bbab413504777,-0.639695048278667,0.476197798771911,0.491763000638571,-284.5926560498774,-282.6213276963681,-288.801210867241,-287.6356953047216,0.8058127909898758,1.0,0.476197798771911,0.0,3,0.18309605209586943,0.18106719778262317,0.1474303780702046,0.3797624358798388,1.0
chr4:103146888:A:C;chr4:103146890:A:T;var1;middle;OL31|K562|7a9253d83e958945,chr4:103146888:A:C;chr4:103146890:A:T;var1;middle;OL31,K562,K562_region_01701,100,102,2,ACATATCAAGAGTATTTATTTTAAAATATCTTAATATTTTAAAATGTTAAATATTTTAAAAATTAAAATACTCCATTTGTGAATTTTGGCTTTTGTTGCAAATGCTTTTGGTGTTTTAGTCATGAAGTCTTTGCCCATGCCTATATCCTGAATAGTATCCTAGGTTTTCTTCTGGGGTTTTTATGGTTTTAGGTTTTACA,37994948713171763dd198fb5dd5c7c537c4f0a6c8d5f85ea3f16bb2a041a597,0.0,ACATATCAAGAGTATTTATTTTAAAATATCTTAATATTTTAAAATGTTAAATATTTTAAAAATTAAAATACTCCATTTGTGAATTTTGGCTTTTGTTGCCAATGCTTTTGGTGTTTTAGTCATGAAGTCTTTGCCCATGCCTATATCCTGAATAGTATCCTAGGTTTTCTTCTGGGGTTTTTATGGTTTTAGGTTTTACA,f9d1ce667b74cefa6001fff575242e24aa32964e33a1b462a3ca60657974f008,-0.100718710191168,ACATATCAAGAGTATTTATTTTAAAATATCTTAATATTTTAAAATGTTAAATATTTTAAAAATTAAAATACTCCATTTGTGAATTTTGGCTTTTGTTGCAATTGCTTTTGGTGTTTTAGTCATGAAGTCTTTGCCCATGCCTATATCCTGAATAGTATCCTAGGTTTTCTTCTGGGGTTTTTATGGTTTTAGGTTTTACA,7d1c55222963faf24115c17765c121ae4c9dc6ba8e96b51c682067e9d2795385,0.111938744696827,ACATATCAAGAGTATTTATTTTAAAATATCTTAATATTTTAAAATGTTAAATATTTTAAAAATTAAAATACTCCATTTGTGAATTTTGGCTTTTGTTGCCATTGCTTTTGGTGTTTTAGTCATGAAGTCTTTGCCCATGCCTATATCCTGAATAGTATCCTAGGTTTTCTTCTGGGGTTTTTATGGTTTTAGGTTTTACA,7a9253d83e958945b287c139ca4c6bf9b2652b0a49d5f5419aeeba64b4b33f51,0.0023740207995288,-0.0088460137061302,0.203589624764133,-302.2958408098202,-288.750231359154,-303.5201369514689,-280.23914102558047,9.735386475222185,-1.0,0.0088460137061302,0.0,4,0.18826547446199818,0.17620727786206916,0.145609630836647,0.21716795913259396,1.0
chr4:110638764:A:G;chr4:110638824:C:T;var1;middle;OL29|K562|707c293c9a053f4a,chr4:110638764:A:G;chr4:110638824:C:T;var1;middle;OL29,K562,K562_region_01702,100,160,60,AAAAGTACACTCATCCCCAAGCCACCAGATCATCCTTACCCTGAACATGCTGAGTTAGTCCTAGTGTTTTCTGTACATCTCGGCAGATCTTGGAGAGGCAATACTGGAATTCTTCATCACAGTCATTCTTGCTTTTGCCACAGGTCTCATAGCACCTGTCGTGTTGGTTGCAACACTTTGTCAGGGAAGGGATACCAATG,ec4f53c6b51c01fe4144e7bf973c3fe660d157486d0cc45a170d4ff10231dc20,0.0,AAAAGTACACTCATCCCCAAGCCACCAGATCATCCTTACCCTGAACATGCTGAGTTAGTCCTAGTGTTTTCTGTACATCTCGGCAGATCTTGGAGAGGCGATACTGGAATTCTTCATCACAGTCATTCTTGCTTTTGCCACAGGTCTCATAGCACCTGTCGTGTTGGTTGCAACACTTTGTCAGGGAAGGGATACCAATG,c8a9c07f27d9582eec9cabdb202641376064a279ca3ceddab2a66b18ce1c057f,0.112963528061464,AAAAGTACACTCATCCCCAAGCCACCAGATCATCCTTACCCTGAACATGCTGAGTTAGTCCTAGTGTTTTCTGTACATCTCGGCAGATCTTGGAGAGGCAATACTGGAATTCTTCATCACAGTCATTCTTGCTTTTGCCACAGGTCTCATAGCACCTGTTGTGTTGGTTGCAACACTTTGTCAGGGAAGGGATACCAATG,df3e1a1b0af8be5435f764414b5b7fdf833bc6f493c7a614eca49150a27248a2,-0.029744745407743,AAAAGTACACTCATCCCCAAGCCACCAGATCATCCTTACCCTGAACATGCTGAGTTAGTCCTAGTGTTTTCTGTACATCTCGGCAGATCTTGGAGAGGCGATACTGGAATTCTTCATCACAGTCATTCTTGCTTTTGCCACAGGTCTCATAGCACCTGTTGTGTTGGTTGCAACACTTTGTCAGGGAAGGGATACCAATG,707c293c9a053f4aeac678104ebc5e7da7098c609fab9ac162de5cc720bf7046,-0.0146598029037043,-0.0978785855574253,0.125876954124542,-350.2374078677967,-333.9045869745314,-339.68963205069304,-332.9085320243612,-9.551720866933465,-1.0,0.0978785855574253,0.0,0,0.17350793456577762,0.18565657667894103,0.15145376406925343,0.19314536315322084,1.0
chr4:111112068:A:G;chr4:111112133:A:C;var1;middle;OL30|K562|a5a2693347fc04f6,chr4:111112068:A:G;chr4:111112133:A:C;var1;middle;OL30,K562,K562_region_01703,100,165,65,TTTTTTCAATTTTTGTGTTTTTTTTGAGACACAGTTTTGCTCTGTTGCCCAAGCTGCATTGCAGTGGCATAATCTCAGCTCACTGCAACCTCCGCCTCCAGGTTCATGCCATTCTTGTGTCTCAGCATCCAGAGTAGCTGGGACTACAGGTGCGTACCACCATGACCAGCTAATTTTTGTATTTTTTGTAGAGACAGGGT,a4b25b84c8966fb5f62a325f4da0a1a79b95c1893ed62dac18d8febcbaf3ba99,0.0,TTTTTTCAATTTTTGTGTTTTTTTTGAGACACAGTTTTGCTCTGTTGCCCAAGCTGCATTGCAGTGGCATAATCTCAGCTCACTGCAACCTCCGCCTCCGGGTTCATGCCATTCTTGTGTCTCAGCATCCAGAGTAGCTGGGACTACAGGTGCGTACCACCATGACCAGCTAATTTTTGTATTTTTTGTAGAGACAGGGT,ec8881f815f429ab24d78d160b33cfa1e53a66b70dade1bbcbd35d672dfc99d7,-0.293554484969717,TTTTTTCAATTTTTGTGTTTTTTTTGAGACACAGTTTTGCTCTGTTGCCCAAGCTGCATTGCAGTGGCATAATCTCAGCTCACTGCAACCTCCGCCTCCAGGTTCATGCCATTCTTGTGTCTCAGCATCCAGAGTAGCTGGGACTACAGGTGCGTACCACCATGCCCAGCTAATTTTTGTATTTTTTGTAGAGACAGGGT,78cbf72c800fc357b9d932e363db8b9ee6c7f3efe1d2dcb00ad239c26f701868,-0.157848606542573,TTTTTTCAATTTTTGTGTTTTTTTTGAGACACAGTTTTGCTCTGTTGCCCAAGCTGCATTGCAGTGGCATAATCTCAGCTCACTGCAACCTCCGCCTCCGGGTTCATGCCATTCTTGTGTCTCAGCATCCAGAGTAGCTGGGACTACAGGTGCGTACCACCATGCCCAGCTAATTTTTGTATTTTTTGTAGAGACAGGGT,a5a2693347fc04f6aebd04b7af7f3b29c3c02d19774c8c7c62bcd037bb4ed9e9,-0.0248888580594956,0.4265142334527944,0.211586305235341,-101.49163467250764,-103.85148873366416,-97.26805961783975,-99.6288688974455,-0.0009552184492349625,-1.0,-0.4265142334527944,0.0,4,0.1761981423690661,0.17620727786206916,0.145609630836647,0.2195344791790772,1.0
chr4:111112133:A:C;chr4:111112177:T:G;var1;middle;OL30|K562|f0db17350dbb19a1,chr4:111112133:A:C;chr4:111112177:T:G;var1;middle;OL30,K562,K562_region_01703,100,144,44,GGCATAATCTCAGCTCACTGCAACCTCCGCCTCCAGGTTCATGCCATTCTTGTGTCTCAGCATCCAGAGTAGCTGGGACTACAGGTGCGTACCACCATGACCAGCTAATTTTTGTATTTTTTGTAGAGACAGGGTTTCGCCACTTTGACCAGGCTGGTCTCGAACTCCTGACATCAAGTGATCCGCCTGCCTCGGCCTCC,0ab04cae42ddae6140031cdaf6e7b52163294203625b94f79bc9410da81e3347,0.0,GGCATAATCTCAGCTCACTGCAACCTCCGCCTCCAGGTTCATGCCATTCTTGTGTCTCAGCATCCAGAGTAGCTGGGACTACAGGTGCGTACCACCATGCCCAGCTAATTTTTGTATTTTTTGTAGAGACAGGGTTTCGCCACTTTGACCAGGCTGGTCTCGAACTCCTGACATCAAGTGATCCGCCTGCCTCGGCCTCC,ff219a538de41f3e08d12812dda40b563fb0815fa28c03730a4f91b54d5e1b03,-0.0191759672257353,GGCATAATCTCAGCTCACTGCAACCTCCGCCTCCAGGTTCATGCCATTCTTGTGTCTCAGCATCCAGAGTAGCTGGGACTACAGGTGCGTACCACCATGACCAGCTAATTTTTGTATTTTTTGTAGAGACAGGGTTTCGCCACGTTGACCAGGCTGGTCTCGAACTCCTGACATCAAGTGATCCGCCTGCCTCGGCCTCC,81bdb9d6e346d3ff023ec68591c688aac80d965a88e106458dfb037a2e30aeb7,0.387688192696301,GGCATAATCTCAGCTCACTGCAACCTCCGCCTCCAGGTTCATGCCATTCTTGTGTCTCAGCATCCAGAGTAGCTGGGACTACAGGTGCGTACCACCATGCCCAGCTAATTTTTGTATTTTTTGTAGAGACAGGGTTTCGCCACGTTGACCAGGCTGGTCTCGAACTCCTGACATCAAGTGATCCGCCTGCCTCGGCCTCC,f0db17350dbb19a11f40096a97b4a313a5b82cb4ebf2a151128f74670beb9330,0.343306048686801,-0.0252061767837647,0.250995621309943,-88.20836657565087,-83.5595801495947,-85.40516874194145,-80.77983737317845,-0.02345505729317665,-1.0,0.0252061767837647,0.0,4,0.17617025581414542,0.17620727786206916,0.145609630836647,0.024552083035768918,1.0
chr4:111718048:T:C;chr4:111718067:G:A;var1;middle;OL33|K562|c58689fbc2662f24,chr4:111718048:T:C;chr4:111718067:G:A;var1;middle;OL33,K562,K562_region_01704,100,119,19,CAGGGAACATAGGTAAGCTTAGAATATGGCTATTTTTAACTGAAACTGTACTGACTTTCTTTTTGAAGATGCTGATACAACTTCTGACACTGTTGGTGATGAGTGGTGCATAACAGCCGTTTCAGCTCTGAGGCTATCAAATAGTGAAAGAGAATCTTCTACATACAAATCCCAGGACACCAGAACAGCTCTTAACAGCC,164696fb3e7244f7cff62378630a8f015593bca08e5c92d625aa33f1f684535b,0.0,CAGGGAACATAGGTAAGCTTAGAATATGGCTATTTTTAACTGAAACTGTACTGACTTTCTTTTTGAAGATGCTGATACAACTTCTGACACTGTTGGTGACGAGTGGTGCATAACAGCCGTTTCAGCTCTGAGGCTATCAAATAGTGAAAGAGAATCTTCTACATACAAATCCCAGGACACCAGAACAGCTCTTAACAGCC,e5cc206afec6fc653a48c61bdb052a61a5fd84b24a995c75948c9a146036a28f,0.190174841515455,CAGGGAACATAGGTAAGCTTAGAATATGGCTATTTTTAACTGAAACTGTACTGACTTTCTTTTTGAAGATGCTGATACAACTTCTGACACTGTTGGTGATGAGTGGTGCATAACAGCCATTTCAGCTCTGAGGCTATCAAATAGTGAAAGAGAATCTTCTACATACAAATCCCAGGACACCAGAACAGCTCTTAACAGCC,4f7f1fdb89ab6d798946ee95739c34c13d3806517853d774deb27e8ec2f9d58f,-0.461415778885055,CAGGGAACATAGGTAAGCTTAGAATATGGCTATTTTTAACTGAAACTGTACTGACTTTCTTTTTGAAGATGCTGATACAACTTCTGACACTGTTGGTGACGAGTGGTGCATAACAGCCATTTCAGCTCTGAGGCTATCAAATAGTGAAAGAGAATCTTCTACATACAAATCCCAGGACACCAGAACAGCTCTTAACAGCC,c58689fbc2662f243213c5840a38bb266022611f3e06b033ceaf7a4a57277f8e,-0.0558000319401595,0.2154409054294404,0.211015072284242,-296.7102829376236,-304.71605816390365,-287.1007095417008,-296.041027629748,-0.93454286176717,-1.0,-0.2154409054294404,0.0,0,0.184575738064744,0.18565657667894103,0.15145376406925343,0.17385455588022694,1.0
chr4:122618046:A:C;chr4:122618117:C:T;var1;middle;OL41|K562|d8afa2cad0a39bbd,chr4:122618046:A:C;chr4:122618117:C:T;var1;middle;OL41,K562,K562_region_01705,100,171,71,GCGAATCCAGTGCCCCGCGACCACGCTCTCCTCTCCAGAAGGAGCCCCCTCCCCGGGCTGCGACCACTCACCCAGACTGTGGGACCCAAGTGCCCCGAAACCCCGGGAGAGCGGCGGAGAGCCGGGCGACGGTACGCGGGGCGACGCCGAGATGCAGACGCTGAAGGATCCGGCAGCTGCACCTAGACTGATCCAAGCAA,85986cd752dd0a4ead39dfdfe26c56f6d468a19006bedbe7864d0fa0a89a8455,0.0,GCGAATCCAGTGCCCCGCGACCACGCTCTCCTCTCCAGAAGGAGCCCCCTCCCCGGGCTGCGACCACTCACCCAGACTGTGGGACCCAAGTGCCCCGAACCCCCGGGAGAGCGGCGGAGAGCCGGGCGACGGTACGCGGGGCGACGCCGAGATGCAGACGCTGAAGGATCCGGCAGCTGCACCTAGACTGATCCAAGCAA,8956dfa4cd514afbd2fc0f2994e3c67d8be43bcebd03baf47e32616b8e4a717c,-0.694592301838121,GCGAATCCAGTGCCCCGCGACCACGCTCTCCTCTCCAGAAGGAGCCCCCTCCCCGGGCTGCGACCACTCACCCAGACTGTGGGACCCAAGTGCCCCGAAACCCCGGGAGAGCGGCGGAGAGCCGGGCGACGGTACGCGGGGCGACGCCGAGATGCAGACGCTGAAGGATCTGGCAGCTGCACCTAGACTGATCCAAGCAA,41c6757ffad80ea14de48e3f33996a76126ff5abeae950631cee09c0170a1718,-0.486830745848039,GCGAATCCAGTGCCCCGCGACCACGCTCTCCTCTCCAGAAGGAGCCCCCTCCCCGGGCTGCGACCACTCACCCAGACTGTGGGACCCAAGTGCCCCGAACCCCCGGGAGAGCGGCGGAGAGCCGGGCGACGGTACGCGGGGCGACGCCGAGATGCAGACGCTGAAGGATCTGGCAGCTGCACCTAGACTGATCCAAGCAA,d8afa2cad0a39bbdf492dd866d74b9b5d838deb66375f2431c89eb0df976a197,-0.684182177959223,0.497240869726937,0.467807334334788,-298.17000908218324,-302.3155283741653,-271.57208141312003,-270.7818954885006,4.935705216601491,-1.0,-0.497240869726937,0.0,2,0.18238125422617618,0.17490732828716207,0.146091925319964,0.11821635068448305,1.0
chr4:122618117:C:T;chr4:122618166:A:G;var1;middle;OL41|K562|cd08509f7586150c,chr4:122618117:C:T;chr4:122618166:A:G;var1;middle;OL41,K562,K562_region_01705,100,149,49,CCAGACTGTGGGACCCAAGTGCCCCGAAACCCCGGGAGAGCGGCGGAGAGCCGGGCGACGGTACGCGGGGCGACGCCGAGATGCAGACGCTGAAGGATCCGGCAGCTGCACCTAGACTGATCCAAGCAACGGAAACGCCAGCGGCCCCACCCCGGCCCTGCCCGGCTTGGCCCGTCCCACCCCCGCCAGGGCCCCAACCG,fd9864a6767e413e646477c32f7430bf549dd833cf6bf46c7b3fab0459f6e8b2,0.0,CCAGACTGTGGGACCCAAGTGCCCCGAAACCCCGGGAGAGCGGCGGAGAGCCGGGCGACGGTACGCGGGGCGACGCCGAGATGCAGACGCTGAAGGATCTGGCAGCTGCACCTAGACTGATCCAAGCAACGGAAACGCCAGCGGCCCCACCCCGGCCCTGCCCGGCTTGGCCCGTCCCACCCCCGCCAGGGCCCCAACCG,39d5c8b9e8849e9fe7a662524808cb5a68a7668876a273a13d5d6988be84e50e,-0.366175231231031,CCAGACTGTGGGACCCAAGTGCCCCGAAACCCCGGGAGAGCGGCGGAGAGCCGGGCGACGGTACGCGGGGCGACGCCGAGATGCAGACGCTGAAGGATCCGGCAGCTGCACCTAGACTGATCCAAGCAACGGAAACGCCAGCGGCCCCGCCCCGGCCCTGCCCGGCTTGGCCCGTCCCACCCCCGCCAGGGCCCCAACCG,bab5b17bbd294de57ef430ce7e1aeed629c13940dd0b06bb407f9b5c0c7d1d30,0.668139464614819,CCAGACTGTGGGACCCAAGTGCCCCGAAACCCCGGGAGAGCGGCGGAGAGCCGGGCGACGGTACGCGGGGCGACGCCGAGATGCAGACGCTGAAGGATCTGGCAGCTGCACCTAGACTGATCCAAGCAACGGAAACGCCAGCGGCCCCGCCCCGGCCCTGCCCGGCTTGGCCCGTCCCACCCCCGCCAGGGCCCCAACCG,cd08509f7586150c11f4fec15078982f67938c911e5e81952f80a26bd915ab11,0.784862947406,0.482898714022212,0.269425328756407,-304.0864087534137,-303.3780381307006,-298.3336260335054,-298.9351123520173,-1.3098569412250072,-1.0,-0.482898714022212,0.0,2,0.17328721075932466,0.17490732828716207,0.146091925319964,0.08027387746319443,1.0
chr4:1412749:G:A;chr4:1412785:A:G;var1;middle;OL41|K562|165149685dcec105,chr4:1412749:G:A;chr4:1412785:A:G;var1;middle;OL41,K562,K562_region_01655,100,136,36,AATACTCGAGATAGGTCCTGGTGGCTGCCTCACCAAAGGATGCCCCATTACGTCAGTCCTCCCAGCCCCTATCCAAGTGCCCATTTGTCATCACACTGAGGAGGCTGTGGGGTGAGGCTCCATGTCTCCTCCTCCACCTCCCCAACACGGCAGATGTGGGAGGCAGCTTAGGGCTGGGGATGAATAAGGGAATGTGAACA,f5ea2acda8822c5f999a8fd44dc7a641f03c7c4b81251e72e4a9aaa9b231b32c,0.0,AATACTCGAGATAGGTCCTGGTGGCTGCCTCACCAAAGGATGCCCCATTACGTCAGTCCTCCCAGCCCCTATCCAAGTGCCCATTTGTCATCACACTGAAGAGGCTGTGGGGTGAGGCTCCATGTCTCCTCCTCCACCTCCCCAACACGGCAGATGTGGGAGGCAGCTTAGGGCTGGGGATGAATAAGGGAATGTGAACA,f24e06e0d16692f79c15381f2c1bbfc0a5d68f3c586f15a3732dc85005817f16,-0.696054049158496,AATACTCGAGATAGGTCCTGGTGGCTGCCTCACCAAAGGATGCCCCATTACGTCAGTCCTCCCAGCCCCTATCCAAGTGCCCATTTGTCATCACACTGAGGAGGCTGTGGGGTGAGGCTCCATGTCTCCTCCTCCGCCTCCCCAACACGGCAGATGTGGGAGGCAGCTTAGGGCTGGGGATGAATAAGGGAATGTGAACA,a42c4a4ea2f7194bc1238fe96e4cbe3edfd103dcebf619e8c7d6f24986e2d487,0.198273121188809,AATACTCGAGATAGGTCCTGGTGGCTGCCTCACCAAAGGATGCCCCATTACGTCAGTCCTCCCAGCCCCTATCCAAGTGCCCATTTGTCATCACACTGAAGAGGCTGTGGGGTGAGGCTCCATGTCTCCTCCTCCGCCTCCCCAACACGGCAGATGTGGGAGGCAGCTTAGGGCTGGGGATGAATAAGGGAATGTGAACA,165149685dcec1050ab08dee6f80fef69ccc0406c72c318bed80122e0dfd5696,-0.199136713532954,0.2986442144367329,0.285123422026097,-247.92107109725475,-249.646151676774,-251.8507683873177,-253.65409615635872,-0.07824718952178955,-1.0,-0.2986442144367329,0.0,1,0.18228554786266438,0.18216460459877223,0.1501433469024087,0.15383507660858792,1.0
chr4:141851355:C:T;chr4:141851432:A:C;var1;middle;OL27|K562|6aee17d9ff72c380,chr4:141851355:C:T;chr4:141851432:A:C;var1;middle;OL27,K562,K562_region_01706,100,177,77,AGTGAGCCGAGATCACACCACTGCACTCCTGCCTGGGTGACAGAGCAAGACTCTACCTCAAAACCAACCAACCAACCCACCAACCAAACAACCCTGAGGCTTCTCTGAGAGGAAATTCTGCTCAAGACTATAGCATCAGCTCCTGCCAAGAGTTTCCGGCTTATAGGCCTGTCCTGAAGACTTCAGGCTTGCCAGATCTT,5cf966dd5f404e0aaec026b82d4e969ede470a14c4385c88cac8f960c9894423,0.0,AGTGAGCCGAGATCACACCACTGCACTCCTGCCTGGGTGACAGAGCAAGACTCTACCTCAAAACCAACCAACCAACCCACCAACCAAACAACCCTGAGGTTTCTCTGAGAGGAAATTCTGCTCAAGACTATAGCATCAGCTCCTGCCAAGAGTTTCCGGCTTATAGGCCTGTCCTGAAGACTTCAGGCTTGCCAGATCTT,8987f7fa6a7ed18ba93127846b3e5c6b0592c618858e2a67251f055305fe41ef,-0.160463725167235,AGTGAGCCGAGATCACACCACTGCACTCCTGCCTGGGTGACAGAGCAAGACTCTACCTCAAAACCAACCAACCAACCCACCAACCAAACAACCCTGAGGCTTCTCTGAGAGGAAATTCTGCTCAAGACTATAGCATCAGCTCCTGCCAAGAGTTTCCGGCTTATAGGCCTGTCCTGCAGACTTCAGGCTTGCCAGATCTT,92682d2cf9276a51d72e463f6c5857166023adf5c9fda426624dddf1a544ead6,-0.288308485664536,AGTGAGCCGAGATCACACCACTGCACTCCTGCCTGGGTGACAGAGCAAGACTCTACCTCAAAACCAACCAACCAACCCACCAACCAAACAACCCTGAGGTTTCTCTGAGAGGAAATTCTGCTCAAGACTATAGCATCAGCTCCTGCCAAGAGTTTCCGGCTTATAGGCCTGTCCTGCAGACTTCAGGCTTGCCAGATCTT,6aee17d9ff72c380b346fcdfaa18df13068da896b42781d25a599beee76a8035,-0.212698360919291,0.2360738499124799,0.218788812983799,-249.5070915654651,-248.83076099900063,-232.48905346356327,-227.6720824125223,4.140640484576522,-1.0,-0.2360738499124799,0.0,1,0.1865780123873653,0.18216460459877223,0.1501433469024087,0.22292257369575832,1.0
chr4:147097107:A:G;chr4:147097170:C:A;var1;middle;OL41|K562|4a0b3899026ce5d6,chr4:147097107:A:G;chr4:147097170:C:A;var1;middle;OL41,K562,K562_region_01707,100,163,63,CCCCAGGTTCGGTGCCCCAGTGTTCAGTCGCGCTGTGGAGCGGCGGCTGCAGCGGCCCTAGGCCGGGCGAGGCAGCCCCGGAAAGGGCCTGCGGTGAACAGGCTGGGGCTCCGGGAAGGGACCGCTGGGTGGCGGGTCCCCGCGAAATGCCGCGTCCAAGCTCTCCGCGCATGGAATGGCTGGGAGAGGTCTGATGGTGG,325bb9b198549be3f4013c39799cef328193eeca78b2e7e15ceb526931b95d15,0.0,CCCCAGGTTCGGTGCCCCAGTGTTCAGTCGCGCTGTGGAGCGGCGGCTGCAGCGGCCCTAGGCCGGGCGAGGCAGCCCCGGAAAGGGCCTGCGGTGAACGGGCTGGGGCTCCGGGAAGGGACCGCTGGGTGGCGGGTCCCCGCGAAATGCCGCGTCCAAGCTCTCCGCGCATGGAATGGCTGGGAGAGGTCTGATGGTGG,e668cc6247d2a234ce805f31a551f1cd9d9b107f9217f68a3696670312fd2832,0.0568360723136247,CCCCAGGTTCGGTGCCCCAGTGTTCAGTCGCGCTGTGGAGCGGCGGCTGCAGCGGCCCTAGGCCGGGCGAGGCAGCCCCGGAAAGGGCCTGCGGTGAACAGGCTGGGGCTCCGGGAAGGGACCGCTGGGTGGCGGGTCCCCGCGAAATGCCGCGTCCAAGCTATCCGCGCATGGAATGGCTGGGAGAGGTCTGATGGTGG,9e1de7a96761bdeb2fd084e5d2d77762e0aa321a6b5fecbdb54d1dad0bb0d276,-0.0785322144435324,CCCCAGGTTCGGTGCCCCAGTGTTCAGTCGCGCTGTGGAGCGGCGGCTGCAGCGGCCCTAGGCCGGGCGAGGCAGCCCCGGAAAGGGCCTGCGGTGAACGGGCTGGGGCTCCGGGAAGGGACCGCTGGGTGGCGGGTCCCCGCGAAATGCCGCGTCCAAGCTATCCGCGCATGGAATGGCTGGGAGAGGTCTGATGGTGG,4a0b3899026ce5d69d087455673fc2d7e7ff121ffc2e695f4b442cbb7bfecaab,0.200699619557584,0.2223957616874917,0.424169025827552,-373.8494235153776,-346.093606522074,-387.4415328981122,-360.704539775732,-1.018823870923427,-1.0,-0.2223957616874917,0.0,3,0.17942089554972684,0.18106719778262317,0.1474303780702046,0.17605714757603472,1.0
chr4:147097293:T:C;chr4:147097310:A:T;var1;middle;OL41|K562|508b241d8a2ec640,chr4:147097293:T:C;chr4:147097310:A:T;var1;middle;OL41,K562,K562_region_01707,100,117,17,AGGTCTGATGGTGGGCGCCGGGACCGCCCTCAGCGAGGCGCCTAGACTGCGCGGAGAGGAGCGGCACCGTCCCGGCTCCTACCGAGTTGGCGTCCGAGATCAATTCAGGTTGTTGAAGTTCCCCAGGGAGCCCCGACGCTAATCCCAAGATTCGGCGGGAAAGCGGATCCCGAACCCAGGCCTAGGCTTCGCCTGTCTTC,f020dae707cfa85106cb0f3ceccdc6c2f2239bc2a15fa36257d4006efd731ea3,0.0,AGGTCTGATGGTGGGCGCCGGGACCGCCCTCAGCGAGGCGCCTAGACTGCGCGGAGAGGAGCGGCACCGTCCCGGCTCCTACCGAGTTGGCGTCCGAGACCAATTCAGGTTGTTGAAGTTCCCCAGGGAGCCCCGACGCTAATCCCAAGATTCGGCGGGAAAGCGGATCCCGAACCCAGGCCTAGGCTTCGCCTGTCTTC,9de799e1d9e96c7ad52be4636eb71f2b1f7c21df917c2cd674c66019cfab0f64,-0.0884005073655039,AGGTCTGATGGTGGGCGCCGGGACCGCCCTCAGCGAGGCGCCTAGACTGCGCGGAGAGGAGCGGCACCGTCCCGGCTCCTACCGAGTTGGCGTCCGAGATCAATTCAGGTTGTTGATGTTCCCCAGGGAGCCCCGACGCTAATCCCAAGATTCGGCGGGAAAGCGGATCCCGAACCCAGGCCTAGGCTTCGCCTGTCTTC,4af4501b0dbb2bf1e6e3c8cc235ad9401fd4624effe1cd46f0242b3e8ceb68be,0.0331973749492934,AGGTCTGATGGTGGGCGCCGGGACCGCCCTCAGCGAGGCGCCTAGACTGCGCGGAGAGGAGCGGCACCGTCCCGGCTCCTACCGAGTTGGCGTCCGAGACCAATTCAGGTTGTTGATGTTCCCCAGGGAGCCCCGACGCTAATCCCAAGATTCGGCGGGAAAGCGGATCCCGAACCCAGGCCTAGGCTTCGCCTGTCTTC,508b241d8a2ec640ff4d5c9af3c5e58e009dad5be3bcee2d7402929ea2e0f05b,-0.0365490587505646,0.0186540736656458,0.341653618898823,-352.90280368179083,-378.9375658743084,-346.0027236137539,-362.3547666873783,9.682719118893147,-1.0,-0.0186540736656458,0.0,3,0.20097578732287005,0.18106719778262317,0.1474303780702046,0.1431059226778949,1.0
chr4:153022292:G:A;chr4:153022375:G:A;var1;middle;OL41|K562|9f48e0c1c759e2f7,chr4:153022292:G:A;chr4:153022375:G:A;var1;middle;OL41,K562,K562_region_01708,100,183,83,CACCAGAGGTTCTAAGCAGAGGAAACAGCAAATGCAAAGCAGAGAACAAGCTTGGCACATTTGAGAACCAACAATAAGTCCAGTGTGTCTGGAGCCACAGGAGTCAAGGAGACAGCAGCTGGCAGTTCAGCCAATGGGCTACCAGGAAACCAGATGGCAGAGAGCCTGGTAGACCACGGTAAGGAGTTTGCAGTTTAAGA,777ed7e26d243b8070a7469fe4520a77883fd900b69180194a50b16521d51c0c,0.0,CACCAGAGGTTCTAAGCAGAGGAAACAGCAAATGCAAAGCAGAGAACAAGCTTGGCACATTTGAGAACCAACAATAAGTCCAGTGTGTCTGGAGCCACAAGAGTCAAGGAGACAGCAGCTGGCAGTTCAGCCAATGGGCTACCAGGAAACCAGATGGCAGAGAGCCTGGTAGACCACGGTAAGGAGTTTGCAGTTTAAGA,b628117cc90c933fb9aa23de30e0a17d0f484cf839a078b8efa86b2ef21165d0,-0.569134595745968,CACCAGAGGTTCTAAGCAGAGGAAACAGCAAATGCAAAGCAGAGAACAAGCTTGGCACATTTGAGAACCAACAATAAGTCCAGTGTGTCTGGAGCCACAGGAGTCAAGGAGACAGCAGCTGGCAGTTCAGCCAATGGGCTACCAGGAAACCAGATGGCAGAGAGCCTGGTAGACCACGGTAAAGAGTTTGCAGTTTAAGA,30e36428c738eac372f3d0b9695ccc90f4df29ad85f9e3e47c907bb2e0014d7d,0.0506280749584254,CACCAGAGGTTCTAAGCAGAGGAAACAGCAAATGCAAAGCAGAGAACAAGCTTGGCACATTTGAGAACCAACAATAAGTCCAGTGTGTCTGGAGCCACAAGAGTCAAGGAGACAGCAGCTGGCAGTTCAGCCAATGGGCTACCAGGAAACCAGATGGCAGAGAGCCTGGTAGACCACGGTAAAGAGTTTGCAGTTTAAGA,9f48e0c1c759e2f7f6bbae043d245a654ea096014f0f19a1da95106c17010d51,-0.31030963095272,0.2081968898348226,0.255004386450886,-181.89614198356867,-183.0076703876257,-183.6889614313841,-184.75331493094563,0.047174904495477676,-1.0,-0.2081968898348226,0.0,2,0.17526315884518578,0.17490732828716207,0.146091925319964,0.288704589945691,1.0
chr4:154385570:T:C;chr4:154385594:A:G;var1;middle;OL32|K562|0d435eb384f44268,chr4:154385570:T:C;chr4:154385594:A:G;var1;middle;OL32,K562,K562_region_01709,100,124,24,CTCTGTGAACAACAGTCAAATAGCATTACCCATTTTGTAAAGTCCACAAGACCACAACTTGAAAAATCAAGCTGGCCTTACAAAGTCTAGAAAAAGCTATAGCAGTATTTACATATGGTCCATAGCAATGTTAGTCTATCTTTTAAGTCATTTCCATTGATGCTGTGATACTCGTTAATGTGGGAAAGACTTTATTAGTA,b33a9cac5e3b334027fa5d9b87577a2b5205c8f4ccf316ac840b08fc7f5b62ff,0.0,CTCTGTGAACAACAGTCAAATAGCATTACCCATTTTGTAAAGTCCACAAGACCACAACTTGAAAAATCAAGCTGGCCTTACAAAGTCTAGAAAAAGCTACAGCAGTATTTACATATGGTCCATAGCAATGTTAGTCTATCTTTTAAGTCATTTCCATTGATGCTGTGATACTCGTTAATGTGGGAAAGACTTTATTAGTA,12ff2cce10a59745e453add37073bbfa60c0d1c1817f3c4790bb2d0617676307,-0.0310437797174942,CTCTGTGAACAACAGTCAAATAGCATTACCCATTTTGTAAAGTCCACAAGACCACAACTTGAAAAATCAAGCTGGCCTTACAAAGTCTAGAAAAAGCTATAGCAGTATTTACATATGGTCCATGGCAATGTTAGTCTATCTTTTAAGTCATTTCCATTGATGCTGTGATACTCGTTAATGTGGGAAAGACTTTATTAGTA,16c58ee9444e2a003d560eae9f3199bd7dafd0100e9ca57a4aa141452c1728d0,0.036437466741877,CTCTGTGAACAACAGTCAAATAGCATTACCCATTTTGTAAAGTCCACAAGACCACAACTTGAAAAATCAAGCTGGCCTTACAAAGTCTAGAAAAAGCTACAGCAGTATTTACATATGGTCCATGGCAATGTTAGTCTATCTTTTAAGTCATTTCCATTGATGCTGTGATACTCGTTAATGTGGGAAAGACTTTATTAGTA,0d435eb384f44268464d484faaaa58847de043a97734f4d8c60529083d8a93cf,-0.121045675198789,0.1264393622231718,0.359716787762281,-339.8460904788226,-350.2675490831025,-324.9516887441277,-336.35718721570447,0.9840398672968149,1.0,0.1264393622231718,0.0,1,0.18336636106715845,0.18216460459877223,0.1501433469024087,0.13959255505045273,1.0
chr4:16063761:G:A;chr4:16063834:G:A;var1;middle;OL41|K562|522e41fb4ec54f1e,chr4:16063761:G:A;chr4:16063834:G:A;var1;middle;OL41,K562,K562_region_01675,100,173,73,CTGCCACCACGCCCGGCTAATTTTTTTGTATTTTTAGTAGAGACGGGGTTTCACCGTGTTGGCCAGGCTGGTCTCGATCTCCTGACTTCGTGACCACCCGCCTCGGCACCCCAAAGTGCTGGGATTACAGGCGTGAGCCACCGCACCCGGCCACAAATTTCCCTTTTAAGAAGACACCAGTCATATTGGATTAAGGACCC,95c71d6353ed3051c802062e366b3373633e0657178f6cf32cf474889d0699a1,0.0,CTGCCACCACGCCCGGCTAATTTTTTTGTATTTTTAGTAGAGACGGGGTTTCACCGTGTTGGCCAGGCTGGTCTCGATCTCCTGACTTCGTGACCACCCACCTCGGCACCCCAAAGTGCTGGGATTACAGGCGTGAGCCACCGCACCCGGCCACAAATTTCCCTTTTAAGAAGACACCAGTCATATTGGATTAAGGACCC,2e852b2cf2bd92f8ab49ee5a60d7d26a8fb67e5f0ff2393f44c51f5d627ba7fc,-0.139353138832958,CTGCCACCACGCCCGGCTAATTTTTTTGTATTTTTAGTAGAGACGGGGTTTCACCGTGTTGGCCAGGCTGGTCTCGATCTCCTGACTTCGTGACCACCCGCCTCGGCACCCCAAAGTGCTGGGATTACAGGCGTGAGCCACCGCACCCGGCCACAAATTTCCCTTTTAAGAAAACACCAGTCATATTGGATTAAGGACCC,545fee9dd764d5362eafe9f8f664cb667f791e4d3f368e834b0eb1b98408f5fd,0.144807664035962,CTGCCACCACGCCCGGCTAATTTTTTTGTATTTTTAGTAGAGACGGGGTTTCACCGTGTTGGCCAGGCTGGTCTCGATCTCCTGACTTCGTGACCACCCACCTCGGCACCCCAAAGTGCTGGGATTACAGGCGTGAGCCACCGCACCCGGCCACAAATTTCCCTTTTAAGAAAACACCAGTCATATTGGATTAAGGACCC,522e41fb4ec54f1eb9eff63e7697ee936fa16c5b6d0a9820a39b195dadb3de5d,-0.188056374589301,0.193510899792305,0.288259989682374,-112.5876291319728,-113.18002234585585,-107.91290721204132,-108.5276969242841,0.02239649835975399,1.0,0.193510899792305,0.0,0,0.1858048198815478,0.18565657667894103,0.15145376406925343,0.19258926060272102,1.0
chr4:1685137:C:T;chr4:1685211:T:C;var1;middle;OL41|K562|793fb54c64c623ac,chr4:1685137:C:T;chr4:1685211:T:C;var1;middle;OL41,K562,K562_region_01656,100,174,74,GGAGAAGGTCAGGCGACAGGAGGGTGTTTAAAGCAGCATCAATATGTTCAGGTTAAATTTCTTAAATATTGTGAAACGGAAGCACATTCTTTTCCTTTTCTGTTTCGTTTTAAGACTAGTCAAGTGCAGTAGTGAGAAAGGGGAAAGAGTGGAACAAGGAGTTCGATCTGTAATGGACTGAACAAGCAACAGAGAAAACT,f4666bb2ff7850bc23fd4f8dd9968b8bdcab9dafd7e1fe6dbf68bca4a6eea198,0.0,GGAGAAGGTCAGGCGACAGGAGGGTGTTTAAAGCAGCATCAATATGTTCAGGTTAAATTTCTTAAATATTGTGAAACGGAAGCACATTCTTTTCCTTTTTTGTTTCGTTTTAAGACTAGTCAAGTGCAGTAGTGAGAAAGGGGAAAGAGTGGAACAAGGAGTTCGATCTGTAATGGACTGAACAAGCAACAGAGAAAACT,0b2626b8b00e488bd7018b2bef6a20ece289556b93c254f6f630f0910b3e3946,0.190324014892742,GGAGAAGGTCAGGCGACAGGAGGGTGTTTAAAGCAGCATCAATATGTTCAGGTTAAATTTCTTAAATATTGTGAAACGGAAGCACATTCTTTTCCTTTTCTGTTTCGTTTTAAGACTAGTCAAGTGCAGTAGTGAGAAAGGGGAAAGAGTGGAACAAGGAGTTCGATCTGTAACGGACTGAACAAGCAACAGAGAAAACT,003c1b2ede81607116acc1d00e7d90ddd160c869679ef4b769d72bf6801ebd92,0.267456993005739,GGAGAAGGTCAGGCGACAGGAGGGTGTTTAAAGCAGCATCAATATGTTCAGGTTAAATTTCTTAAATATTGTGAAACGGAAGCACATTCTTTTCCTTTTTTGTTTCGTTTTAAGACTAGTCAAGTGCAGTAGTGAGAAAGGGGAAAGAGTGGAACAAGGAGTTCGATCTGTAACGGACTGAACAAGCAACAGAGAAAACT,793fb54c64c623ac46d20f3913f008f6048807eb0954581b7912125821940937,0.195479598496822,0.2623014094016589,0.239893979881386,-341.01510066189803,-356.2215006444603,-323.36520577874035,-347.78796441992745,9.216358658624813,1.0,0.2623014094016589,0.0,1,0.19174225042414555,0.18216460459877223,0.1501433469024087,0.06229614719371547,1.0
chr4:169425339:A:G;chr4:169425372:G:A;var1;middle;OL41|K562|4907bff11703f94e,chr4:169425339:A:G;chr4:169425372:G:A;var1;middle;OL41,K562,K562_region_01710,100,133,33,AGGAGAATAACTACGCCTGCCTCATCTTTGTCCTCCTTGAAGCTTCTCTTGCACAACTAAGCAGTTGTTCCGTTGATTTCATGTTCAACTTACTATTCCAGGAAAGGGAAGTAGAAGAAAGGAAGCATGACTGTAAGATGGGCGAGGCCAAGGAAGAGTCATTTCCTCCATGGTGAAGAACATAATGCTACGCAACTTCA,968e8f5e200a708e5e6e98ea73330c2cb8a329868d58a495e7ccf25caf759769,0.0,AGGAGAATAACTACGCCTGCCTCATCTTTGTCCTCCTTGAAGCTTCTCTTGCACAACTAAGCAGTTGTTCCGTTGATTTCATGTTCAACTTACTATTCCGGGAAAGGGAAGTAGAAGAAAGGAAGCATGACTGTAAGATGGGCGAGGCCAAGGAAGAGTCATTTCCTCCATGGTGAAGAACATAATGCTACGCAACTTCA,5de813e39ae18dc72c114e6ccee0fd43a0bc22c32dd984f24f494f1a80f9171d,-1.01848288448995,AGGAGAATAACTACGCCTGCCTCATCTTTGTCCTCCTTGAAGCTTCTCTTGCACAACTAAGCAGTTGTTCCGTTGATTTCATGTTCAACTTACTATTCCAGGAAAGGGAAGTAGAAGAAAGGAAGCATGACTATAAGATGGGCGAGGCCAAGGAAGAGTCATTTCCTCCATGGTGAAGAACATAATGCTACGCAACTTCA,2844488f239e4089c927fd21f14990fc7ae940d1e36fe711189fbed540f8044b,-0.317819018000569,AGGAGAATAACTACGCCTGCCTCATCTTTGTCCTCCTTGAAGCTTCTCTTGCACAACTAAGCAGTTGTTCCGTTGATTTCATGTTCAACTTACTATTCCGGGAAAGGGAAGTAGAAGAAAGGAAGCATGACTATAAGATGGGCGAGGCCAAGGAAGAGTCATTTCCTCCATGGTGAAGAACATAATGCTACGCAACTTCA,4907bff11703f94ec86c770e57d5b068004a79311cd3a176a93d0e34445a0972,-0.975757317229769,0.3605445852607499,0.265543818189982,-316.5699753463268,-290.68986058887094,-341.81978831696324,-309.4507192131132,6.488954346394166,-1.0,-0.3605445852607499,0.0,3,0.19454295290958953,0.18106719778262317,0.1474303780702046,0.22081100481169716,1.0
chr4:174060886:C:T;chr4:174060895:A:C;var1;middle;OL41|K562|817bdc2391da1fbc,chr4:174060886:C:T;chr4:174060895:A:C;var1;middle;OL41,K562,K562_region_01711,100,109,9,GCTAGTGCCTGTTTTGTTTGTTGATGCTCTATTGCTCACACATTGGATAGAAGTGAATATTTTTCTCTTATTCTTTGTTTAATACAGAAGGCTGCACTGCGCACTCTCATCTGTTACTTGAATGCATCTCAAACAGTCTTTCAGAACTCCCACATGAGGATGACAATGAAAGTAGTCAGTAATTGTTGATGAAAGCTTTG,b379f6b065872b4d8b034aad6f44d344e0c19d91e4083c07fb445471ae9b0b26,0.0,GCTAGTGCCTGTTTTGTTTGTTGATGCTCTATTGCTCACACATTGGATAGAAGTGAATATTTTTCTCTTATTCTTTGTTTAATACAGAAGGCTGCACTGTGCACTCTCATCTGTTACTTGAATGCATCTCAAACAGTCTTTCAGAACTCCCACATGAGGATGACAATGAAAGTAGTCAGTAATTGTTGATGAAAGCTTTG,a00ce6b96c8241d77790d400a1c7970381856c62e8c87756870c12976f510e37,-0.497355782532243,GCTAGTGCCTGTTTTGTTTGTTGATGCTCTATTGCTCACACATTGGATAGAAGTGAATATTTTTCTCTTATTCTTTGTTTAATACAGAAGGCTGCACTGCGCACTCTCCTCTGTTACTTGAATGCATCTCAAACAGTCTTTCAGAACTCCCACATGAGGATGACAATGAAAGTAGTCAGTAATTGTTGATGAAAGCTTTG,cf45f3df2cfa250e6ee777cb7e5402da4e1e1c1743a74551b4b9c20ba03652aa,0.0125687141950388,GCTAGTGCCTGTTTTGTTTGTTGATGCTCTATTGCTCACACATTGGATAGAAGTGAATATTTTTCTCTTATTCTTTGTTTAATACAGAAGGCTGCACTGTGCACTCTCCTCTGTTACTTGAATGCATCTCAAACAGTCTTTCAGAACTCCCACATGAGGATGACAATGAAAGTAGTCAGTAATTGTTGATGAAAGCTTTG,817bdc2391da1fbc3fe1e26e81672dc3653611a2a3c44353696ecee3c8ff8d1c,-0.597892109274882,0.1131050409376778,0.21301039962897,-337.49693633057177,-327.7043142635375,-342.6287308167666,-331.47442111652344,-1.3616876332089305,1.0,0.1131050409376778,0.0,1,0.18097972438508841,0.18216460459877223,0.1501433469024087,0.000228783075895439,1.0
chr4:174089048:T:A;chr4:174089080:T:C;var1;middle;OL41|K562|2f9cae30686013f5,chr4:174089048:T:A;chr4:174089080:T:C;var1;middle;OL41,K562,K562_region_01712,100,132,32,GGTGGGGCATTTGGCTAAACACTTGCCAATATCCTTTACTGTGTAATTTAGGTAACACAGGCAGAAAAGGCGTTTGAAAAGCAGAAATCAAGTGGCAAATATCAGATCTGAGGGACGCAATGAGGGTGGAGTTGAAATCCGTGGTCCTTGGATTTGAAACTTACCAGCCCGTGAACAAGGTTGGTATTGCTTTTGGCATA,d284f2fc5aa1cb87fea9461d86ecdfff7f3207dff3c407abf95c2414719a509a,0.0,GGTGGGGCATTTGGCTAAACACTTGCCAATATCCTTTACTGTGTAATTTAGGTAACACAGGCAGAAAAGGCGTTTGAAAAGCAGAAATCAAGTGGCAAAAATCAGATCTGAGGGACGCAATGAGGGTGGAGTTGAAATCCGTGGTCCTTGGATTTGAAACTTACCAGCCCGTGAACAAGGTTGGTATTGCTTTTGGCATA,6b56c14f012524ebd5d714f85485954179c0c706697e282993e55e3542a5a5de,-0.350718046480652,GGTGGGGCATTTGGCTAAACACTTGCCAATATCCTTTACTGTGTAATTTAGGTAACACAGGCAGAAAAGGCGTTTGAAAAGCAGAAATCAAGTGGCAAATATCAGATCTGAGGGACGCAATGAGGGTGGAGCTGAAATCCGTGGTCCTTGGATTTGAAACTTACCAGCCCGTGAACAAGGTTGGTATTGCTTTTGGCATA,6616bc3af3c5399c6744803426c9f3b84c6fe17ecf59b4fb502bded0eb7a6332,0.0879808434945291,GGTGGGGCATTTGGCTAAACACTTGCCAATATCCTTTACTGTGTAATTTAGGTAACACAGGCAGAAAAGGCGTTTGAAAAGCAGAAATCAAGTGGCAAAAATCAGATCTGAGGGACGCAATGAGGGTGGAGCTGAAATCCGTGGTCCTTGGATTTGAAACTTACCAGCCCGTGAACAAGGTTGGTATTGCTTTTGGCATA,2f9cae30686013f536e34ca09eb10769297c34dd136bb47dc25e35dca1795039,-0.142104995660744,0.1206322073253789,0.274959849971908,-269.34174494445324,-268.1985689997673,-266.9469712264836,-266.5274196267128,-0.7236243449151516,-1.0,-0.1206322073253789,0.0,2,0.1741408128175231,0.17490732828716207,0.146091925319964,0.044660741009214994,1.0
chr4:175041378:T:G;chr4:175041460:G:T;var1;middle;OL41|K562|0d237a9063209813,chr4:175041378:T:G;chr4:175041460:G:T;var1;middle;OL41,K562,K562_region_01713,100,182,82,AAAGCATCGTTAATAATTACCTACAAAACAATTCGCTTCTATAGCTACTGAATGAATGAATAAGTTGCTACATAAGAATCAACTACAATTCTTTCCTTTTTCTCCTCTTCAAAAGGAAAAAAGAGAAGAGGCATTATCTACTATTTATTAAACTGAACTTAAACAAGAGATGAAACCTAACGCAGCTTCTCCTCCCTTAC,56cfc5303de9866ecb27ecc3da487a6ecf4209aad7e68470e8e97c45cd8989a9,0.0,AAAGCATCGTTAATAATTACCTACAAAACAATTCGCTTCTATAGCTACTGAATGAATGAATAAGTTGCTACATAAGAATCAACTACAATTCTTTCCTTTGTCTCCTCTTCAAAAGGAAAAAAGAGAAGAGGCATTATCTACTATTTATTAAACTGAACTTAAACAAGAGATGAAACCTAACGCAGCTTCTCCTCCCTTAC,ab4e00318e9f7e9f33aa2da37f1418161da6165ea407a12c085d89a6e929c6c8,-0.20240727899064,AAAGCATCGTTAATAATTACCTACAAAACAATTCGCTTCTATAGCTACTGAATGAATGAATAAGTTGCTACATAAGAATCAACTACAATTCTTTCCTTTTTCTCCTCTTCAAAAGGAAAAAAGAGAAGAGGCATTATCTACTATTTATTAAACTGAACTTAAACAAGAGATGAAACCTAACTCAGCTTCTCCTCCCTTAC,04c96a72d2153b6a0403f31cc81a8789045e3aff4eadc53e045c04bdc98e4fb0,0.0346290320554717,AAAGCATCGTTAATAATTACCTACAAAACAATTCGCTTCTATAGCTACTGAATGAATGAATAAGTTGCTACATAAGAATCAACTACAATTCTTTCCTTTGTCTCCTCTTCAAAAGGAAAAAAGAGAAGAGGCATTATCTACTATTTATTAAACTGAACTTAAACAAGAGATGAAACCTAACTCAGCTTCTCCTCCCTTAC,0d237a906320981318c0e6d9faa50f8ff196ef885b98e0d17d4fe56f72c66f53,-0.468794343612948,0.3010160966777797,0.4341427999404,-360.15544256800786,-370.3346145387041,-355.3538159148302,-367.74101882166,2.208030936133639,1.0,0.3010160966777797,0.0,1,0.18461169838054303,0.18216460459877223,0.1501433469024087,0.19731584282929152,1.0
chr4:17621310:G:A;chr4:17621383:C:T;var1;middle;OL41|K562|d41d86b0419c6218,chr4:17621310:G:A;chr4:17621383:C:T;var1;middle;OL41,K562,K562_region_01676,100,173,73,AGCAAGAGGCCACAGTGGGGCTGGAAGAGTGTCTGGGCCTGGTGTGGAATAAGATACAGGGAAGGGGCATGTAGTAGGACAGAGACCAGATGTGGTGCCGGCTCGTTTGCCTGGCGCTTCCTCCATGGGCCTAATTAATTGGTAAACTCAGTTTACCAGATGTTTCCATTGGCATGGTGTCTTGCCATCTCATATGCAAA,9b4e90ffae6be0f0cef0a947504921445b89c0d12881e42b72a71a0fe3571edf,0.0,AGCAAGAGGCCACAGTGGGGCTGGAAGAGTGTCTGGGCCTGGTGTGGAATAAGATACAGGGAAGGGGCATGTAGTAGGACAGAGACCAGATGTGGTGCCAGCTCGTTTGCCTGGCGCTTCCTCCATGGGCCTAATTAATTGGTAAACTCAGTTTACCAGATGTTTCCATTGGCATGGTGTCTTGCCATCTCATATGCAAA,e15f1f7fdb7e16c9df0290e6d534d4da4fa61c161262275fd28526df86e80e6d,-0.193857403758538,AGCAAGAGGCCACAGTGGGGCTGGAAGAGTGTCTGGGCCTGGTGTGGAATAAGATACAGGGAAGGGGCATGTAGTAGGACAGAGACCAGATGTGGTGCCGGCTCGTTTGCCTGGCGCTTCCTCCATGGGCCTAATTAATTGGTAAACTCAGTTTACCAGATGTTTCCATTGGTATGGTGTCTTGCCATCTCATATGCAAA,dfc6097c24729551616678c9f14fd1b8c9d7ddee428bb93ee17f0a3dd66a0bfa,0.385090027205495,AGCAAGAGGCCACAGTGGGGCTGGAAGAGTGTCTGGGCCTGGTGTGGAATAAGATACAGGGAAGGGGCATGTAGTAGGACAGAGACCAGATGTGGTGCCAGCTCGTTTGCCTGGCGCTTCCTCCATGGGCCTAATTAATTGGTAAACTCAGTTTACCAGATGTTTCCATTGGTATGGTGTCTTGCCATCTCATATGCAAA,d41d86b0419c62182d65e255f313f02dc90f741fe3febf0288a9ccda99029438,0.103175685526564,-0.088056937920393,0.251782145071833,-357.0811815774068,-358.7381454790011,-360.4527629269287,-359.9088352061808,2.2008916223421693,-1.0,0.088056937920393,0.0,0,0.18860285375542601,0.18565657667894103,0.15145376406925343,0.081325358853267,1.0
chr4:17917781:A:C;chr4:17917818:G:A;var1;middle;OL29|K562|7490ecb132934e81,chr4:17917781:A:C;chr4:17917818:G:A;var1;middle;OL29,K562,K562_region_01677,100,137,37,AGAACCTTCAGGCCTCTCAAAGAAAGTATCAAAGAACTGAAACTCACCAGATGATGGCACCACATCATGAATCCCTCATTCACCATGATTGCGTCCTTGACCCTTCCCTAATTTTTGTTTTCTTACACACTGTTACGTTTCTCCCCTGCTATACAAACTCTTAGTTTTAGTCAGGCAGATGGATTTGAGACTGAGCGCCC,3492428b6a695fb22824012efe6d7437e4c982408f834e29b8629d2367208d42,0.0,AGAACCTTCAGGCCTCTCAAAGAAAGTATCAAAGAACTGAAACTCACCAGATGATGGCACCACATCATGAATCCCTCATTCACCATGATTGCGTCCTTGCCCCTTCCCTAATTTTTGTTTTCTTACACACTGTTACGTTTCTCCCCTGCTATACAAACTCTTAGTTTTAGTCAGGCAGATGGATTTGAGACTGAGCGCCC,b6d92e39db0b4d78edb575053fe968d054d5520bf3e9bce7be0e7725063d74ad,-0.1371751542877,AGAACCTTCAGGCCTCTCAAAGAAAGTATCAAAGAACTGAAACTCACCAGATGATGGCACCACATCATGAATCCCTCATTCACCATGATTGCGTCCTTGACCCTTCCCTAATTTTTGTTTTCTTACACACTGTTACATTTCTCCCCTGCTATACAAACTCTTAGTTTTAGTCAGGCAGATGGATTTGAGACTGAGCGCCC,518a9702f27fbb3c0433c619a8d0ad51c24d275d6921edab081070806d5cf7b9,-0.101234571397334,AGAACCTTCAGGCCTCTCAAAGAAAGTATCAAAGAACTGAAACTCACCAGATGATGGCACCACATCATGAATCCCTCATTCACCATGATTGCGTCCTTGCCCCTTCCCTAATTTTTGTTTTCTTACACACTGTTACATTTCTCCCCTGCTATACAAACTCTTAGTTTTAGTCAGGCAGATGGATTTGAGACTGAGCGCCC,7490ecb132934e81436c7f2c58f48c0dc2abb2f5edd9b6c56b547a346cc06117,-0.226574605901949,-0.0118351197830849,0.165871194222575,-310.58383452519774,-301.369521016255,-315.82807747647166,-299.6624004486948,-6.951363518834114,1.0,-0.0118351197830849,0.0,0,0.1768478033881,0.18565657667894103,0.15145376406925343,-0.003364026030758527,1.0
chr4:181552420:T:C;chr4:181552424:A:C;var1;middle;OL29|K562|d29610cfd4ef7f52,chr4:181552420:T:C;chr4:181552424:A:C;var1;middle;OL29,K562,K562_region_01714,100,104,4,ATAAATAGTTAGAAACATCAGGCAGATTAGATTCAAATCTAAAGCATTAAATGATTAGCAGATTGCACCTGGCAACAAACTCAGGTACTATGTCTTATGTCTTATGTGTTAGAGGTACAGTCAGATGAAAAGCAAGTGAAGAAATGGGAAACTGTACATTAAGTGGCTGGCTTGCAAAAAAAAAAAAATAGCCATCTGCA,37f1a6fec2d45c960b5b2d16077c3c8f5510bc9dcb5ceef3407610c41c1196cb,0.0,ATAAATAGTTAGAAACATCAGGCAGATTAGATTCAAATCTAAAGCATTAAATGATTAGCAGATTGCACCTGGCAACAAACTCAGGTACTATGTCTTATGCCTTATGTGTTAGAGGTACAGTCAGATGAAAAGCAAGTGAAGAAATGGGAAACTGTACATTAAGTGGCTGGCTTGCAAAAAAAAAAAAATAGCCATCTGCA,1584e5ac703e6cc01f54ac39e5db56c89a2a6c30db9c30d48db8f34348dbd5c0,-0.306508952001334,ATAAATAGTTAGAAACATCAGGCAGATTAGATTCAAATCTAAAGCATTAAATGATTAGCAGATTGCACCTGGCAACAAACTCAGGTACTATGTCTTATGTCTTCTGTGTTAGAGGTACAGTCAGATGAAAAGCAAGTGAAGAAATGGGAAACTGTACATTAAGTGGCTGGCTTGCAAAAAAAAAAAAATAGCCATCTGCA,a82251ff949b72f814007e06a5aaf1be35b2e70865b69280ecbe947f3a8be4f5,-0.112850277402372,ATAAATAGTTAGAAACATCAGGCAGATTAGATTCAAATCTAAAGCATTAAATGATTAGCAGATTGCACCTGGCAACAAACTCAGGTACTATGTCTTATGCCTTCTGTGTTAGAGGTACAGTCAGATGAAAAGCAAGTGAAGAAATGGGAAACTGTACATTAAGTGGCTGGCTTGCAAAAAAAAAAAAATAGCCATCTGCA,d29610cfd4ef7f52b999fac179801e7f5198f817fa1f8ae9250d21c09fa79318,-0.290272523070057,0.1290867063336489,0.439316170635182,-273.462168449536,-283.6390242604539,-278.9034541286528,-287.45374805666506,1.6265618829056052,-1.0,-0.1290867063336489,0.0,0,0.1878651912984261,0.18565657667894103,0.15145376406925343,0.17223939998360094,1.0
chr4:186347055:G:A;chr4:186347073:G:C;var1;middle;OL41|K562|6576187bb4edb42b,chr4:186347055:G:A;chr4:186347073:G:C;var1;middle;OL41,K562,K562_region_01715,100,118,18,GCTCGTGGCGGCTGCCAAAGTCCGGGGAAAAACACAGGGGTCGGTGACGAGCAGAGATACTCACCATGTCCGCGACGTGGCGGTGACACGGGCGCTGACGCCTGCCCAAAAGTTCCGGGGGCCGGCCCTGAAGTGGTGTCACCGCACGGCCCAGGGGCGGGGCCCGGGCGGACCAACTACAACTCCCGACATGCTCGGCG,fc3404e9b5b5443e71841e6a97dd0418e59d79a125862bc4d50d42f62525f0ab,0.0,GCTCGTGGCGGCTGCCAAAGTCCGGGGAAAAACACAGGGGTCGGTGACGAGCAGAGATACTCACCATGTCCGCGACGTGGCGGTGACACGGGCGCTGACACCTGCCCAAAAGTTCCGGGGGCCGGCCCTGAAGTGGTGTCACCGCACGGCCCAGGGGCGGGGCCCGGGCGGACCAACTACAACTCCCGACATGCTCGGCG,8ba2287137e29d946ad437c6026361024c8ef2123e3d7c94ea325bb7615d8395,-0.355520266451328,GCTCGTGGCGGCTGCCAAAGTCCGGGGAAAAACACAGGGGTCGGTGACGAGCAGAGATACTCACCATGTCCGCGACGTGGCGGTGACACGGGCGCTGACGCCTGCCCAAAAGTTCCGCGGGCCGGCCCTGAAGTGGTGTCACCGCACGGCCCAGGGGCGGGGCCCGGGCGGACCAACTACAACTCCCGACATGCTCGGCG,d1ffe10797ed1373c5c0870080af0325d0bee1e822e407da41b40cd1f88bc085,-0.461262444298565,GCTCGTGGCGGCTGCCAAAGTCCGGGGAAAAACACAGGGGTCGGTGACGAGCAGAGATACTCACCATGTCCGCGACGTGGCGGTGACACGGGCGCTGACACCTGCCCAAAAGTTCCGCGGGCCGGCCCTGAAGTGGTGTCACCGCACGGCCCAGGGGCGGGGCCCGGGCGGACCAACTACAACTCCCGACATGCTCGGCG,6576187bb4edb42b9c37e77990b17b4a71d86e981406b28964727bde823a9899,-0.771729225651924,-0.045053485097969,0.168616158742899,-317.3203248712234,-312.51799702690914,-323.2071653921157,-316.7246735692024,-1.680163978599012,1.0,-0.045053485097969,0.0,0,0.18361807094903312,0.18565657667894103,0.15145376406925343,0.15023999098845195,1.0
chr4:186391868:T:C;chr4:186391898:C:T;var1;middle;OL41|K562|7b7d08d1db372d40,chr4:186391868:T:C;chr4:186391898:C:T;var1;middle;OL41,K562,K562_region_01716,100,130,30,GGTGAAGACAGGCAGTCCGGAGCCGCCCTGCTGAATGCCCGCTCCATTCCTCGCTGCCTGTGTGACCTTAGGGAGTTAACCTCTCTGTGCCCGTTTCCTTATCTGCAAAATGGGGATCGTGGTAGCACCCACCTCGTAAAAGTGTTGTGAGAATTAAACAGTTGATCCATTACGTGCTTAGAACAGCACTGGCACAAAGC,212b0381371ad930da91833a7352a79c1ede2286c27b468773e9fc5bf2f9f7bd,0.0,GGTGAAGACAGGCAGTCCGGAGCCGCCCTGCTGAATGCCCGCTCCATTCCTCGCTGCCTGTGTGACCTTAGGGAGTTAACCTCTCTGTGCCCGTTTCCTCATCTGCAAAATGGGGATCGTGGTAGCACCCACCTCGTAAAAGTGTTGTGAGAATTAAACAGTTGATCCATTACGTGCTTAGAACAGCACTGGCACAAAGC,faef6c0e212c1295b0f70668b4fb3678a33060b1a3b3478f67d938478e813402,-0.194637165622456,GGTGAAGACAGGCAGTCCGGAGCCGCCCTGCTGAATGCCCGCTCCATTCCTCGCTGCCTGTGTGACCTTAGGGAGTTAACCTCTCTGTGCCCGTTTCCTTATCTGCAAAATGGGGATCGTGGTAGCACCTACCTCGTAAAAGTGTTGTGAGAATTAAACAGTTGATCCATTACGTGCTTAGAACAGCACTGGCACAAAGC,70e81ff70c35434703b8f6ef314de88664a9a2ae6eb09c73e1db398d9ad8a28f,-0.124053276345628,GGTGAAGACAGGCAGTCCGGAGCCGCCCTGCTGAATGCCCGCTCCATTCCTCGCTGCCTGTGTGACCTTAGGGAGTTAACCTCTCTGTGCCCGTTTCCTCATCTGCAAAATGGGGATCGTGGTAGCACCTACCTCGTAAAAGTGTTGTGAGAATTAAACAGTTGATCCATTACGTGCTTAGAACAGCACTGGCACAAAGC,7b7d08d1db372d40c10a8f1853018778a78d29efb304fd9adee7f24eec34d16f,-0.223258388115018,-0.095432053853066,0.204278983920501,-172.53282227460295,-169.40434400178492,-172.7653963691555,-168.61607850901785,-1.0208395873196139,1.0,-0.095432053853066,0.0,2,0.17370804339418947,0.17490732828716207,0.146091925319964,0.1913502559955787,1.0
chr4:186580601:T:C;chr4:186580610:A:G;var1;middle;OL30|K562|69fa7ac8201ef78d,chr4:186580601:T:C;chr4:186580610:A:G;var1;middle;OL30,K562,K562_region_01717,100,109,9,TTGTAGTTTCTTTCCCCCTGCTACTGGCCCCTTGAATGTGAAAATAACATTCAAGCTAGTCCTTATTTTTACTTCTTTATTTTTTTTGAGACGGAGTCTTGCTCAGTCACCCAGGCTGGAGTGCAGTGGCGCGATCTCGGCTCACTGCAAGCTCCACCTCCTGGGTTCACGCCGTTCTCCTGCCTCAGCCTCCCGAGTAG,05fc9b13f879ccc994dc227cb77e4f2506674abde167dc21bc2757e9beae17b3,0.0,TTGTAGTTTCTTTCCCCCTGCTACTGGCCCCTTGAATGTGAAAATAACATTCAAGCTAGTCCTTATTTTTACTTCTTTATTTTTTTTGAGACGGAGTCTCGCTCAGTCACCCAGGCTGGAGTGCAGTGGCGCGATCTCGGCTCACTGCAAGCTCCACCTCCTGGGTTCACGCCGTTCTCCTGCCTCAGCCTCCCGAGTAG,c9aff481de97778de3386118ec06d6f491f18a897edd388d21b6bd28fd6f0c32,-0.0698611475667384,TTGTAGTTTCTTTCCCCCTGCTACTGGCCCCTTGAATGTGAAAATAACATTCAAGCTAGTCCTTATTTTTACTTCTTTATTTTTTTTGAGACGGAGTCTTGCTCAGTCGCCCAGGCTGGAGTGCAGTGGCGCGATCTCGGCTCACTGCAAGCTCCACCTCCTGGGTTCACGCCGTTCTCCTGCCTCAGCCTCCCGAGTAG,a458de6881293e129a2f0570ed5ba36300c847c15a815d28a42c6bd3c6386312,-0.510894443590368,TTGTAGTTTCTTTCCCCCTGCTACTGGCCCCTTGAATGTGAAAATAACATTCAAGCTAGTCCTTATTTTTACTTCTTTATTTTTTTTGAGACGGAGTCTCGCTCAGTCGCCCAGGCTGGAGTGCAGTGGCGCGATCTCGGCTCACTGCAAGCTCCACCTCCTGGGTTCACGCCGTTCTCCTGCCTCAGCCTCCCGAGTAG,69fa7ac8201ef78d185e199cfbfe8e8a7ef1eb16c91617058bc979d767563b14,-0.380067523290301,0.2006880678668053,0.138422529883983,-135.59503979515284,-135.2715553995222,-135.45357751147822,-133.64735319884494,1.4827399170026183,-1.0,-0.2006880678668053,0.0,2,0.17735345757143758,0.17490732828716207,0.146091925319964,0.2370742031323771,1.0
chr4:186580601:T:C;chr4:186580657:A:G;var1;middle;OL30|K562|4e5354d6f029a316,chr4:186580601:T:C;chr4:186580657:A:G;var1;middle;OL30,K562,K562_region_01717,100,156,56,TTGTAGTTTCTTTCCCCCTGCTACTGGCCCCTTGAATGTGAAAATAACATTCAAGCTAGTCCTTATTTTTACTTCTTTATTTTTTTTGAGACGGAGTCTTGCTCAGTCACCCAGGCTGGAGTGCAGTGGCGCGATCTCGGCTCACTGCAAGCTCCACCTCCTGGGTTCACGCCGTTCTCCTGCCTCAGCCTCCCGAGTAG,05fc9b13f879ccc994dc227cb77e4f2506674abde167dc21bc2757e9beae17b3,0.0,TTGTAGTTTCTTTCCCCCTGCTACTGGCCCCTTGAATGTGAAAATAACATTCAAGCTAGTCCTTATTTTTACTTCTTTATTTTTTTTGAGACGGAGTCTCGCTCAGTCACCCAGGCTGGAGTGCAGTGGCGCGATCTCGGCTCACTGCAAGCTCCACCTCCTGGGTTCACGCCGTTCTCCTGCCTCAGCCTCCCGAGTAG,c9aff481de97778de3386118ec06d6f491f18a897edd388d21b6bd28fd6f0c32,-0.0698055973211175,TTGTAGTTTCTTTCCCCCTGCTACTGGCCCCTTGAATGTGAAAATAACATTCAAGCTAGTCCTTATTTTTACTTCTTTATTTTTTTTGAGACGGAGTCTTGCTCAGTCACCCAGGCTGGAGTGCAGTGGCGCGATCTCGGCTCACTGCAAGCTCCGCCTCCTGGGTTCACGCCGTTCTCCTGCCTCAGCCTCCCGAGTAG,616b68b30a25f6d5c2ff3bbfc67b268d06549a5851e10767633d7d2e15595a49,0.623768260492638,TTGTAGTTTCTTTCCCCCTGCTACTGGCCCCTTGAATGTGAAAATAACATTCAAGCTAGTCCTTATTTTTACTTCTTTATTTTTTTTGAGACGGAGTCTCGCTCAGTCACCCAGGCTGGAGTGCAGTGGCGCGATCTCGGCTCACTGCAAGCTCCGCCTCCTGGGTTCACGCCGTTCTCCTGCCTCAGCCTCCCGAGTAG,4e5354d6f029a31628d329893b61ef4db5c9b481581af2822a5f3800550c786f,0.505778090203147,-0.0481845729683735,0.153968243587324,-135.59503979515284,-135.2715553995222,-134.63187886425294,-133.62964633852243,0.6787481300998479,-1.0,0.0481845729683735,0.0,2,0.17618278052550934,0.17490732828716207,0.146091925319964,0.15930384171228124,1.0
chr4:186580601:T:C;chr4:186580675:G:A;var1;middle;OL30|K562|0f8a26645ba342ea,chr4:186580601:T:C;chr4:186580675:G:A;var1;middle;OL30,K562,K562_region_01717,100,174,74,TTGTAGTTTCTTTCCCCCTGCTACTGGCCCCTTGAATGTGAAAATAACATTCAAGCTAGTCCTTATTTTTACTTCTTTATTTTTTTTGAGACGGAGTCTTGCTCAGTCACCCAGGCTGGAGTGCAGTGGCGCGATCTCGGCTCACTGCAAGCTCCACCTCCTGGGTTCACGCCGTTCTCCTGCCTCAGCCTCCCGAGTAG,05fc9b13f879ccc994dc227cb77e4f2506674abde167dc21bc2757e9beae17b3,0.0,TTGTAGTTTCTTTCCCCCTGCTACTGGCCCCTTGAATGTGAAAATAACATTCAAGCTAGTCCTTATTTTTACTTCTTTATTTTTTTTGAGACGGAGTCTCGCTCAGTCACCCAGGCTGGAGTGCAGTGGCGCGATCTCGGCTCACTGCAAGCTCCACCTCCTGGGTTCACGCCGTTCTCCTGCCTCAGCCTCCCGAGTAG,c9aff481de97778de3386118ec06d6f491f18a897edd388d21b6bd28fd6f0c32,-0.0698300908521371,TTGTAGTTTCTTTCCCCCTGCTACTGGCCCCTTGAATGTGAAAATAACATTCAAGCTAGTCCTTATTTTTACTTCTTTATTTTTTTTGAGACGGAGTCTTGCTCAGTCACCCAGGCTGGAGTGCAGTGGCGCGATCTCGGCTCACTGCAAGCTCCACCTCCTGGGTTCACGCCATTCTCCTGCCTCAGCCTCCCGAGTAG,225477626e29cdbac0e9ee22f09f89794360729063c6369c0fd6eb632e1ff3fc,0.219477324815418,TTGTAGTTTCTTTCCCCCTGCTACTGGCCCCTTGAATGTGAAAATAACATTCAAGCTAGTCCTTATTTTTACTTCTTTATTTTTTTTGAGACGGAGTCTCGCTCAGTCACCCAGGCTGGAGTGCAGTGGCGCGATCTCGGCTCACTGCAAGCTCCACCTCCTGGGTTCACGCCATTCTCCTGCCTCAGCCTCCCGAGTAG,0f8a26645ba342ea6bc0980bc489e740f4d660e7e73eceeaf36e71747b7bed35,0.263426831003272,0.1137795970399911,0.146927307104004,-135.59503979515284,-135.2715553995222,-130.51780312601477,-129.10174481221475,1.0925739181693643,-1.0,-0.1137795970399911,0.0,2,0.17678534433150594,0.17490732828716207,0.146091925319964,0.18865461940992198,1.0
chr4:186580610:A:G;chr4:186580657:A:G;var1;middle;OL30|K562|2873691bc8601fad,chr4:186580610:A:G;chr4:186580657:A:G;var1;middle;OL30,K562,K562_region_01717,100,147,47,CTTTCCCCCTGCTACTGGCCCCTTGAATGTGAAAATAACATTCAAGCTAGTCCTTATTTTTACTTCTTTATTTTTTTTGAGACGGAGTCTTGCTCAGTCACCCAGGCTGGAGTGCAGTGGCGCGATCTCGGCTCACTGCAAGCTCCACCTCCTGGGTTCACGCCGTTCTCCTGCCTCAGCCTCCCGAGTAGCTGGGACTA,0f9217d97e126a1963c18e481f80d54e9c3cc63ea0e87c8ce83aec94cd1f919a,0.0,CTTTCCCCCTGCTACTGGCCCCTTGAATGTGAAAATAACATTCAAGCTAGTCCTTATTTTTACTTCTTTATTTTTTTTGAGACGGAGTCTTGCTCAGTCGCCCAGGCTGGAGTGCAGTGGCGCGATCTCGGCTCACTGCAAGCTCCACCTCCTGGGTTCACGCCGTTCTCCTGCCTCAGCCTCCCGAGTAGCTGGGACTA,5c6dba4113a0938dcf0eb8d8f26df443de0e152a6a992a0cd7eb4ea27a33650c,-0.295063341046459,CTTTCCCCCTGCTACTGGCCCCTTGAATGTGAAAATAACATTCAAGCTAGTCCTTATTTTTACTTCTTTATTTTTTTTGAGACGGAGTCTTGCTCAGTCACCCAGGCTGGAGTGCAGTGGCGCGATCTCGGCTCACTGCAAGCTCCGCCTCCTGGGTTCACGCCGTTCTCCTGCCTCAGCCTCCCGAGTAGCTGGGACTA,c40da916e65c62f4ab6ee6b2134a92f636ebe70fd4460b27640e8324bed93916,0.885419342671574,CTTTCCCCCTGCTACTGGCCCCTTGAATGTGAAAATAACATTCAAGCTAGTCCTTATTTTTACTTCTTTATTTTTTTTGAGACGGAGTCTTGCTCAGTCGCCCAGGCTGGAGTGCAGTGGCGCGATCTCGGCTCACTGCAAGCTCCGCCTCCTGGGTTCACGCCGTTCTCCTGCCTCAGCCTCCCGAGTAGCTGGGACTA,2873691bc8601fad5f9fe870edc645864f6298a68f613e322315d2a28cda20ea,0.466212902957685,-0.12414309866743,0.133952051360802,-122.35913319885732,-122.82870128611104,-119.96079839998856,-119.6323496485129,0.7980168387293674,-1.0,0.12414309866743,0.0,2,0.17635644540836587,0.17490732828716207,0.146091925319964,0.07707144763437235,1.0
chr4:186580610:A:G;chr4:186580675:G:A;var1;middle;OL30|K562|406b72a62958474c,chr4:186580610:A:G;chr4:186580675:G:A;var1;middle;OL30,K562,K562_region_01717,100,165,65,CTTTCCCCCTGCTACTGGCCCCTTGAATGTGAAAATAACATTCAAGCTAGTCCTTATTTTTACTTCTTTATTTTTTTTGAGACGGAGTCTTGCTCAGTCACCCAGGCTGGAGTGCAGTGGCGCGATCTCGGCTCACTGCAAGCTCCACCTCCTGGGTTCACGCCGTTCTCCTGCCTCAGCCTCCCGAGTAGCTGGGACTA,0f9217d97e126a1963c18e481f80d54e9c3cc63ea0e87c8ce83aec94cd1f919a,0.0,CTTTCCCCCTGCTACTGGCCCCTTGAATGTGAAAATAACATTCAAGCTAGTCCTTATTTTTACTTCTTTATTTTTTTTGAGACGGAGTCTTGCTCAGTCGCCCAGGCTGGAGTGCAGTGGCGCGATCTCGGCTCACTGCAAGCTCCACCTCCTGGGTTCACGCCGTTCTCCTGCCTCAGCCTCCCGAGTAGCTGGGACTA,5c6dba4113a0938dcf0eb8d8f26df443de0e152a6a992a0cd7eb4ea27a33650c,-0.295076690652173,CTTTCCCCCTGCTACTGGCCCCTTGAATGTGAAAATAACATTCAAGCTAGTCCTTATTTTTACTTCTTTATTTTTTTTGAGACGGAGTCTTGCTCAGTCACCCAGGCTGGAGTGCAGTGGCGCGATCTCGGCTCACTGCAAGCTCCACCTCCTGGGTTCACGCCATTCTCCTGCCTCAGCCTCCCGAGTAGCTGGGACTA,0d8ee397d9816a641d097bf4945e88e9ee0de34f98a7a2fc8e879d4193ac595f,0.406831622038791,CTTTCCCCCTGCTACTGGCCCCTTGAATGTGAAAATAACATTCAAGCTAGTCCTTATTTTTACTTCTTTATTTTTTTTGAGACGGAGTCTTGCTCAGTCGCCCAGGCTGGAGTGCAGTGGCGCGATCTCGGCTCACTGCAAGCTCCACCTCCTGGGTTCACGCCATTCTCCTGCCTCAGCCTCCCGAGTAGCTGGGACTA,406b72a62958474c47b1c9d1bc81257bb3f04bc8e0ef473d7c83b98a9a121d6a,0.0176826563877028,-0.0940722749989151,0.134382436922474,-122.35913319885732,-122.82870128611104,-120.12326376931742,-119.84309356939048,0.7497382871806479,-1.0,0.0940722749989151,0.0,2,0.17628614793390227,0.17490732828716207,0.146091925319964,0.10642222533201276,1.0
chr4:186580657:A:G;chr4:186580675:G:A;var1;middle;OL30|K562|eceb3068cfefe6ae,chr4:186580657:A:G;chr4:186580675:G:A;var1;middle;OL30,K562,K562_region_01717,100,118,18,TAGTCCTTATTTTTACTTCTTTATTTTTTTTGAGACGGAGTCTTGCTCAGTCACCCAGGCTGGAGTGCAGTGGCGCGATCTCGGCTCACTGCAAGCTCCACCTCCTGGGTTCACGCCGTTCTCCTGCCTCAGCCTCCCGAGTAGCTGGGACTACAGGTGCCCGCCATCACGCCCAGCTAATTTTTTTTTTTGTATTTTTA,28cd8037beba7c11d6b4be1ce6101b5ac52d4857bbdfa3d535fbfee0cc3549ef,0.0,TAGTCCTTATTTTTACTTCTTTATTTTTTTTGAGACGGAGTCTTGCTCAGTCACCCAGGCTGGAGTGCAGTGGCGCGATCTCGGCTCACTGCAAGCTCCGCCTCCTGGGTTCACGCCGTTCTCCTGCCTCAGCCTCCCGAGTAGCTGGGACTACAGGTGCCCGCCATCACGCCCAGCTAATTTTTTTTTTTGTATTTTTA,f210d3291d55de7bb1e7bb3490595eb0363a8ca180d39f6b120a7711ba234c23,0.788292988870668,TAGTCCTTATTTTTACTTCTTTATTTTTTTTGAGACGGAGTCTTGCTCAGTCACCCAGGCTGGAGTGCAGTGGCGCGATCTCGGCTCACTGCAAGCTCCACCTCCTGGGTTCACGCCATTCTCCTGCCTCAGCCTCCCGAGTAGCTGGGACTACAGGTGCCCGCCATCACGCCCAGCTAATTTTTTTTTTTGTATTTTTA,187b9b6af1bc8917f9ab651539d148f7443a881f9b881ebdaef6e92ef9107fce,0.514279625942505,TAGTCCTTATTTTTACTTCTTTATTTTTTTTGAGACGGAGTCTTGCTCAGTCACCCAGGCTGGAGTGCAGTGGCGCGATCTCGGCTCACTGCAAGCTCCGCCTCCTGGGTTCACGCCATTCTCCTGCCTCAGCCTCCCGAGTAGCTGGGACTACAGGTGCCCGCCATCACGCCCAGCTAATTTTTTTTTTTGTATTTTTA,eceb3068cfefe6ae7915105a827673ad71e2c6dd3f1eba923d0b4ed2069386d7,1.40184905791831,-0.0992764431051371,0.183125070994956,-72.20387905789539,-70.76207003137097,-68.81080489745364,-67.5821750680916,0.21317919716238976,1.0,-0.0992764431051371,0.0,2,0.17550487451705768,0.17490732828716207,0.146091925319964,0.0920126430115011,1.0
chr4:187071282:G:C;chr4:187071358:C:G;var1;middle;OL41|K562|2af83e3e6380dcc9,chr4:187071282:G:C;chr4:187071358:C:G;var1;middle;OL41,K562,K562_region_01718,100,176,76,AGAAAGAAATGCTGGAAAAGTAAAAGCTGTGGCAGCCACTGTGATTAGAGAACTCCCCGCCAGTATTCCCAGTCGGATATTTCACCTTCACCCCCTACCGCTGGGGGCGCTGTTGCCTCTGAACTGCTTTTGTCTGTGTGAGCCTGGGATTCTGGCTGGGCGAGCTCTGCCTCCACTGCTCCAGCTTGCTCAGGAGCTCA,d8180eda623061b640eb003f7eb9c3372a1bc8dd0d8ead69a55dafdf02a04187,0.0,AGAAAGAAATGCTGGAAAAGTAAAAGCTGTGGCAGCCACTGTGATTAGAGAACTCCCCGCCAGTATTCCCAGTCGGATATTTCACCTTCACCCCCTACCCCTGGGGGCGCTGTTGCCTCTGAACTGCTTTTGTCTGTGTGAGCCTGGGATTCTGGCTGGGCGAGCTCTGCCTCCACTGCTCCAGCTTGCTCAGGAGCTCA,c13115b10a10bb8582d36ba0c88f6860b762c54da76e0aff1100f6b8f42c63e3,-0.11314665674672,AGAAAGAAATGCTGGAAAAGTAAAAGCTGTGGCAGCCACTGTGATTAGAGAACTCCCCGCCAGTATTCCCAGTCGGATATTTCACCTTCACCCCCTACCGCTGGGGGCGCTGTTGCCTCTGAACTGCTTTTGTCTGTGTGAGCCTGGGATTCTGGCTGGGCGAGCTCTGCCTCCAGTGCTCCAGCTTGCTCAGGAGCTCA,6486c0508d97794e5938bd88c421fa796adb3282686989f6474d669c6b79563c,-1.20369808183564,AGAAAGAAATGCTGGAAAAGTAAAAGCTGTGGCAGCCACTGTGATTAGAGAACTCCCCGCCAGTATTCCCAGTCGGATATTTCACCTTCACCCCCTACCCCTGGGGGCGCTGTTGCCTCTGAACTGCTTTTGTCTGTGTGAGCCTGGGATTCTGGCTGGGCGAGCTCTGCCTCCAGTGCTCCAGCTTGCTCAGGAGCTCA,2af83e3e6380dcc9b05685e3632a104d072e787260545789df5843a1688bdafb,-1.49427941735143,0.1774346787690699,0.129044116190308,-366.4431626244914,-373.83249026490375,-373.63231087254826,-381.9683164790622,0.9466779661015607,1.0,0.1774346787690699,0.0,4,0.17737264966349378,0.17620727786206916,0.145609630836647,0.08127048955384346,1.0
chr4:187075365:G:T;chr4:187075394:A:G;var1;middle;OL41|K562|9d36c6b3e593d515,chr4:187075365:G:T;chr4:187075394:A:G;var1;middle;OL41,K562,K562_region_01719,100,129,29,GCAGCAGGAGAAATGAAGCTCTGTCCTGTCGTTTCTGTTCACTAGCAGATTTTGATGACTCTATGCCATTCACACATATTTGGTGTGCCGTGACACAATGCAGTCCTTTCACTGCAACCAAAGAGGGTACAAACTCATAGAATAATTTAGGCTTTTAAGAAGCCCTTAAAATGTTTAATGATGCCTGTATTAAAGTGTTT,864319c806bcb3fccddafa9c387aeba6d7a3638304b21cdf909a77e1e6926843,0.0,GCAGCAGGAGAAATGAAGCTCTGTCCTGTCGTTTCTGTTCACTAGCAGATTTTGATGACTCTATGCCATTCACACATATTTGGTGTGCCGTGACACAATTCAGTCCTTTCACTGCAACCAAAGAGGGTACAAACTCATAGAATAATTTAGGCTTTTAAGAAGCCCTTAAAATGTTTAATGATGCCTGTATTAAAGTGTTT,bfe3df1685a8de7ac75a6659d16fd0cee13e82c9b082804ce6cb653a485f2f74,-0.187233853043987,GCAGCAGGAGAAATGAAGCTCTGTCCTGTCGTTTCTGTTCACTAGCAGATTTTGATGACTCTATGCCATTCACACATATTTGGTGTGCCGTGACACAATGCAGTCCTTTCACTGCAACCAAAGAGGGTGCAAACTCATAGAATAATTTAGGCTTTTAAGAAGCCCTTAAAATGTTTAATGATGCCTGTATTAAAGTGTTT,9bb35d3ed4d9a85cd722068cb05933bdbda297beea45374c7e065b56c1ab5910,-0.294629501173956,GCAGCAGGAGAAATGAAGCTCTGTCCTGTCGTTTCTGTTCACTAGCAGATTTTGATGACTCTATGCCATTCACACATATTTGGTGTGCCGTGACACAATTCAGTCCTTTCACTGCAACCAAAGAGGGTGCAAACTCATAGAATAATTTAGGCTTTTAAGAAGCCCTTAAAATGTTTAATGATGCCTGTATTAAAGTGTTT,9d36c6b3e593d515fc748955a19f06e4b184d067c959d789d4a1749283f73235,1.07119138890656,1.553054743124503,0.238967290075301,-348.99250515922904,-339.0178235368803,-326.5158598739654,-314.63380441907793,1.907373832538724,-1.0,-1.553054743124503,0.0,2,0.1779717588848823,0.17490732828716207,0.146091925319964,0.14528430710078796,1.0
chr4:2366262:A:G;chr4:2366292:C:G;var1;middle;OL41|K562|3192634809961821,chr4:2366262:A:G;chr4:2366292:C:G;var1;middle;OL41,K562,K562_region_01657,100,130,30,CAGGAAAGGCTGGCAGCTTTACGTTCAATTCACATCAATAAGTACTTTACCCAGAGGGTGGCTGTGCCTGTTTAGAGGAATCCTCCACAGCCCAGACGCAACAGGAGCCACGTGGGAAGGGAATTTAGACGGTCGGCACTGGGCACAGACGCCCGGGTGGGCTCCAGGTTCTTGGCCGCCTGTCCCCTCTGATTAGCATC,a68d2831b5b00773a82e8c9a5b813e14e9b4710ed164ae6db322d344b2b87779,0.0,CAGGAAAGGCTGGCAGCTTTACGTTCAATTCACATCAATAAGTACTTTACCCAGAGGGTGGCTGTGCCTGTTTAGAGGAATCCTCCACAGCCCAGACGCGACAGGAGCCACGTGGGAAGGGAATTTAGACGGTCGGCACTGGGCACAGACGCCCGGGTGGGCTCCAGGTTCTTGGCCGCCTGTCCCCTCTGATTAGCATC,ac346b284052e7e2dcce1d0559ef8e944ce5c34c5445c6a3926b8de8308e128e,-0.0082067446626038,CAGGAAAGGCTGGCAGCTTTACGTTCAATTCACATCAATAAGTACTTTACCCAGAGGGTGGCTGTGCCTGTTTAGAGGAATCCTCCACAGCCCAGACGCAACAGGAGCCACGTGGGAAGGGAATTTAGAGGGTCGGCACTGGGCACAGACGCCCGGGTGGGCTCCAGGTTCTTGGCCGCCTGTCCCCTCTGATTAGCATC,897b116f9b5a40c6916e536026cb861fd414dea3cf70d11423b4fce72b49e4bf,0.0710614283729826,CAGGAAAGGCTGGCAGCTTTACGTTCAATTCACATCAATAAGTACTTTACCCAGAGGGTGGCTGTGCCTGTTTAGAGGAATCCTCCACAGCCCAGACGCGACAGGAGCCACGTGGGAAGGGAATTTAGAGGGTCGGCACTGGGCACAGACGCCCGGGTGGGCTCCAGGTTCTTGGCCGCCTGTCCCCTCTGATTAGCATC,31926348099618215ddb7c40fda0a9a7ae34d076a2ad6f4f8e523a4ebb34b155,0.295930676509655,0.2330759927992761,0.270386681537529,-323.2384995222092,-314.9887180402875,-300.2563144080341,-294.926731582731,-2.920198656618652,-1.0,-0.2330759927992761,0.0,3,0.17559117419413883,0.18106719778262317,0.1474303780702046,0.15603209818137043,1.0
chr4:23747576:C:T;chr4:23747580:A:C;var1;middle;OL27|K562|e49776db380275ea,chr4:23747576:C:T;chr4:23747580:A:C;var1;middle;OL27,K562,K562_region_01678,100,104,4,AATTCCTGATGTGAATCGCATTTCTTCAAAGTATGGGCATGCACGAGGGAAGCATTTGATAAATGTCTCTTAAAGATAATGCCTTGCATGGAAGTATCACTTTATACGAAGATATATCGGGTCATCCAAAGGCATTCAAGACCTTACAGAAAATAAAACCTATGCAATTAGTTCCCTTCATAGACTTAAGCATTTAAAAG,7e775480a8715b94d53b842b1c3727531d7bf2403ee36c881942ff8647f9a818,0.0,AATTCCTGATGTGAATCGCATTTCTTCAAAGTATGGGCATGCACGAGGGAAGCATTTGATAAATGTCTCTTAAAGATAATGCCTTGCATGGAAGTATCATTTTATACGAAGATATATCGGGTCATCCAAAGGCATTCAAGACCTTACAGAAAATAAAACCTATGCAATTAGTTCCCTTCATAGACTTAAGCATTTAAAAG,4e117b912bb5b90081091bf0d4f28966d49d17dc2c565fabd9b35eb3b60632ab,0.2890411113653,AATTCCTGATGTGAATCGCATTTCTTCAAAGTATGGGCATGCACGAGGGAAGCATTTGATAAATGTCTCTTAAAGATAATGCCTTGCATGGAAGTATCACTTTCTACGAAGATATATCGGGTCATCCAAAGGCATTCAAGACCTTACAGAAAATAAAACCTATGCAATTAGTTCCCTTCATAGACTTAAGCATTTAAAAG,6f3228ef5303d2f652798155d32d5cd33bf977c823fe1b37a3834d7dfdbdad1d,0.304798136039913,AATTCCTGATGTGAATCGCATTTCTTCAAAGTATGGGCATGCACGAGGGAAGCATTTGATAAATGTCTCTTAAAGATAATGCCTTGCATGGAAGTATCATTTTCTACGAAGATATATCGGGTCATCCAAAGGCATTCAAGACCTTACAGAAAATAAAACCTATGCAATTAGTTCCCTTCATAGACTTAAGCATTTAAAAG,e49776db380275eaeab4e93ea2a872d2197cd5ba16d43a71ab3f3d998b24b6dc,0.19646711241263,0.3973721349925829,0.214785452111792,-349.311415749602,-354.2898490615189,-359.4542121216655,-376.31003095954657,11.8773855259642,1.0,0.3973721349925829,0.0,2,0.19248890200408264,0.17490732828716207,0.146091925319964,0.21133772980520998,1.0
chr4:23810178:C:T;chr4:23810189:C:T;var1;middle;OL28|K562|04d78977e50bf42b,chr4:23810178:C:T;chr4:23810189:C:T;var1;middle;OL28,K562,K562_region_01679,100,111,11,CCTTTAAATTAACATCCCATTATCATGTTTTCTGGCAGAAAACTGTACAGATTGCAAATGGAGTTGGACTTAGAACTCCACAAGAAATTAGAGCAGTGACAGTTTAGACACTAAGTACTAAACTCTGGTTTGCAGAGTCCCAATATAACCTGAATTATTTCAAGCTTACGAGTCTGAGAAAGGCAGAAAGTGAATTGCTT,9d9d757b946b03f872ba61934bc5455e7287a83bd91963c93128516303fde9e4,0.0,CCTTTAAATTAACATCCCATTATCATGTTTTCTGGCAGAAAACTGTACAGATTGCAAATGGAGTTGGACTTAGAACTCCACAAGAAATTAGAGCAGTGATAGTTTAGACACTAAGTACTAAACTCTGGTTTGCAGAGTCCCAATATAACCTGAATTATTTCAAGCTTACGAGTCTGAGAAAGGCAGAAAGTGAATTGCTT,d96c337c03204da95b8fd8a0cab33e06ed42978fc06d9b358ac974fe6add2284,-0.15061603176579,CCTTTAAATTAACATCCCATTATCATGTTTTCTGGCAGAAAACTGTACAGATTGCAAATGGAGTTGGACTTAGAACTCCACAAGAAATTAGAGCAGTGACAGTTTAGACATTAAGTACTAAACTCTGGTTTGCAGAGTCCCAATATAACCTGAATTATTTCAAGCTTACGAGTCTGAGAAAGGCAGAAAGTGAATTGCTT,41d5b8b83dc4da671edac80e9bac1fae5e58143aa6b2043262bab796f7d45d69,-0.40057864597494,CCTTTAAATTAACATCCCATTATCATGTTTTCTGGCAGAAAACTGTACAGATTGCAAATGGAGTTGGACTTAGAACTCCACAAGAAATTAGAGCAGTGATAGTTTAGACATTAAGTACTAAACTCTGGTTTGCAGAGTCCCAATATAACCTGAATTATTTCAAGCTTACGAGTCTGAGAAAGGCAGAAAGTGAATTGCTT,04d78977e50bf42bc0f172edd0258c06cfcfbde5b73376a4ee7fad3be9ef1fc9,-0.179076684075371,0.3721179936653589,0.207875699925896,-281.51060988008976,-299.88187078386545,-313.2937470898032,-309.9036050671712,21.761402926407698,-1.0,-0.3721179936653589,0.0,2,0.20688083047990632,0.17490732828716207,0.146091925319964,0.0961257658280099,1.0
chr4:23854891:A:G;chr4:23854920:T:G;var1;middle;OL31|K562|f6455e52450f02a0,chr4:23854891:A:G;chr4:23854920:T:G;var1;middle;OL31,K562,K562_region_01680,100,129,29,TTTTTAAATACACAAAATTTCATAGTTCGATTAAAGGAAAGTACAGAAAGGGGTTAGTTTTTAGTGGCAGGCACTCCCTAGAACATCTTTTAAAGGGGGAAAAGTGAGAGACATGTAAGATAGAAACATGGTACAGAAAATAAAGCATAAAACAACATTAACTTAGGGTCATTATACTTTATGTGTTCTATTACAATGGT,4daae46a85c3fcb8c712bdbfab2f9b702e15627ae37f6f09fef2bb2bdde41c89,0.0,TTTTTAAATACACAAAATTTCATAGTTCGATTAAAGGAAAGTACAGAAAGGGGTTAGTTTTTAGTGGCAGGCACTCCCTAGAACATCTTTTAAAGGGGGGAAAGTGAGAGACATGTAAGATAGAAACATGGTACAGAAAATAAAGCATAAAACAACATTAACTTAGGGTCATTATACTTTATGTGTTCTATTACAATGGT,a41301d9bfcfa5aa0d64b4108f7e5ab93563d178fa7285bce503cba3d175b424,-0.0971409911833415,TTTTTAAATACACAAAATTTCATAGTTCGATTAAAGGAAAGTACAGAAAGGGGTTAGTTTTTAGTGGCAGGCACTCCCTAGAACATCTTTTAAAGGGGGAAAAGTGAGAGACATGTAAGATAGAAACAGGGTACAGAAAATAAAGCATAAAACAACATTAACTTAGGGTCATTATACTTTATGTGTTCTATTACAATGGT,cfa685660b5ac690a842079df2427f1a10ddfa071df92471069986f75333a1dd,-0.136027180223855,TTTTTAAATACACAAAATTTCATAGTTCGATTAAAGGAAAGTACAGAAAGGGGTTAGTTTTTAGTGGCAGGCACTCCCTAGAACATCTTTTAAAGGGGGGAAAGTGAGAGACATGTAAGATAGAAACAGGGTACAGAAAATAAAGCATAAAACAACATTAACTTAGGGTCATTATACTTTATGTGTTCTATTACAATGGT,f6455e52450f02a0840eb7b70afadaa7c623e5c94265265b774c243c4f4355a4,-0.141909862507934,-0.0912583088992624,0.341906096510063,-303.8510157107376,-297.92260766448453,-304.19482700619847,-298.15472816547845,-0.11169079446693786,1.0,-0.0912583088992624,0.0,0,0.18563259971761192,0.18565657667894103,0.15145376406925343,0.29988644890919425,1.0
chr4:25377777:A:C;chr4:25377811:A:C;var1;middle;OL29|K562|bf1eb4c878b7996a,chr4:25377777:A:C;chr4:25377811:A:C;var1;middle;OL29,K562,K562_region_01681,100,134,34,AGCCCACACTCTTTTTTTATATTTTAGAGACGGAGTCTGGCTCTGTTGCCCAGGCTGGAGTGCAGTGGCACAATCTCGGCTCACTGCAAGCTCCGCCTCACTGCAAGCCCCGCCTCACTGCAAGCTCCGCCTCACTGCAAGCTCCGCCTCCCGGGTTCACGCCATTCTCCTGCCTCAGCCTCCCCAGTAGATGGGACTAC,2d72b3a17380770d50f9e4124f7c76209e8d8d7d2a9354b2d8ce6cd94c06d544,0.0,AGCCCACACTCTTTTTTTATATTTTAGAGACGGAGTCTGGCTCTGTTGCCCAGGCTGGAGTGCAGTGGCACAATCTCGGCTCACTGCAAGCTCCGCCTCCCTGCAAGCCCCGCCTCACTGCAAGCTCCGCCTCACTGCAAGCTCCGCCTCCCGGGTTCACGCCATTCTCCTGCCTCAGCCTCCCCAGTAGATGGGACTAC,21a55c264437c5fd5220d1c1567eda4c4205b4dadb1c08e1757b0a563ec77e21,0.173251942276813,AGCCCACACTCTTTTTTTATATTTTAGAGACGGAGTCTGGCTCTGTTGCCCAGGCTGGAGTGCAGTGGCACAATCTCGGCTCACTGCAAGCTCCGCCTCACTGCAAGCCCCGCCTCACTGCAAGCTCCGCCTCCCTGCAAGCTCCGCCTCCCGGGTTCACGCCATTCTCCTGCCTCAGCCTCCCCAGTAGATGGGACTAC,f084242410cdd8a473a1c3f97d982f778fee76917f6c5554466429299d3e2904,-0.0387148244141749,AGCCCACACTCTTTTTTTATATTTTAGAGACGGAGTCTGGCTCTGTTGCCCAGGCTGGAGTGCAGTGGCACAATCTCGGCTCACTGCAAGCTCCGCCTCCCTGCAAGCCCCGCCTCACTGCAAGCTCCGCCTCCCTGCAAGCTCCGCCTCCCGGGTTCACGCCATTCTCCTGCCTCAGCCTCCCCAGTAGATGGGACTAC,bf1eb4c878b7996a2d42143020a7def10ffad5cf0e2fc9d31e825d803773d95b,0.0584864651951959,-0.0760506526674422,0.163907032589793,-74.3244074138347,-80.72240549512208,-82.6872174560558,-90.70090584736316,-1.6156903100199855,-1.0,0.0760506526674422,0.0,4,0.1741968214206897,0.17620727786206916,0.145609630836647,0.19612997610777128,1.0
chr4:25954096:G:A;chr4:25954102:C:T;var1;middle;OL29|K562|a3e5c68d87a5321a,chr4:25954096:G:A;chr4:25954102:C:T;var1;middle;OL29,K562,K562_region_01682,100,106,6,ATAGGAAGCTTTAGAAAATGATGCAGGGCGTGCGCGGTGGTTCACGCCTGTAATCCCGGCACTGTGGGGAGGCCGAGGAAGGTGGATCATCTGAGGCCAGGAGTTCAAAATCAGACCGGGCAATGTGGTGAAACCCAAACTCTACTAAAAAAAAAAAAAATAGCTGGGTGTGGTAGCACATGCCTGTGATCCCAGCTACT,3be31cf97045702add012ea47911327a4a3050c7109ad52e6a6e3ed33e9e30fa,0.0,ATAGGAAGCTTTAGAAAATGATGCAGGGCGTGCGCGGTGGTTCACGCCTGTAATCCCGGCACTGTGGGGAGGCCGAGGAAGGTGGATCATCTGAGGCCAAGAGTTCAAAATCAGACCGGGCAATGTGGTGAAACCCAAACTCTACTAAAAAAAAAAAAAATAGCTGGGTGTGGTAGCACATGCCTGTGATCCCAGCTACT,7e3582dde5b797c8ade0063cc7c742259d4273ebcf5f34e9494c7d408a394ad9,0.0636303042742852,ATAGGAAGCTTTAGAAAATGATGCAGGGCGTGCGCGGTGGTTCACGCCTGTAATCCCGGCACTGTGGGGAGGCCGAGGAAGGTGGATCATCTGAGGCCAGGAGTTTAAAATCAGACCGGGCAATGTGGTGAAACCCAAACTCTACTAAAAAAAAAAAAAATAGCTGGGTGTGGTAGCACATGCCTGTGATCCCAGCTACT,068c2ceb2a692ae9d2f84da243636a578372e401b4ffb217a0c6f49935159cce,0.309036960701528,ATAGGAAGCTTTAGAAAATGATGCAGGGCGTGCGCGGTGGTTCACGCCTGTAATCCCGGCACTGTGGGGAGGCCGAGGAAGGTGGATCATCTGAGGCCAAGAGTTTAAAATCAGACCGGGCAATGTGGTGAAACCCAAACTCTACTAAAAAAAAAAAAAATAGCTGGGTGTGGTAGCACATGCCTGTGATCCCAGCTACT,a3e5c68d87a5321a487f77ff2dc67d145b794dc1d78deeae1a859811271d8730,0.180181010691198,0.1924862542846151,0.164235623693275,-131.8265468068421,-134.3672215398401,-137.7762338435277,-139.8744520517066,-0.44245652481913567,1.0,0.1924862542846151,0.0,0,0.18520776804934008,0.18565657667894103,0.15145376406925343,0.2093497745706178,1.0
chr4:26331433:A:G;chr4:26331471:A:G;var1;middle;OL29|K562|2d01fb10d89bb15e,chr4:26331433:A:G;chr4:26331471:A:G;var1;middle;OL29,K562,K562_region_01683,100,138,38,GTGAAACCCTGTCTCTACTAAAAATACAAAAAATTAGCTGGGCGTGTTGGCAGGCGCCTGTAGTCACAGCTACTTGGGAGGCTGAGGCAGGAGAATGGCATGAACCCGGGAGGCGGAGCGTGCAGTGAGCCGAGATCACGCCACTGCACTCCAGCCTGGGCGACAGAGTGAGACTCTGTCTCCAAAAAAAAAAAAAGAAA,7df81e97cf3c4e5235834893daaeb15ab69feff04498539f75eedd8db84b2002,0.0,GTGAAACCCTGTCTCTACTAAAAATACAAAAAATTAGCTGGGCGTGTTGGCAGGCGCCTGTAGTCACAGCTACTTGGGAGGCTGAGGCAGGAGAATGGCGTGAACCCGGGAGGCGGAGCGTGCAGTGAGCCGAGATCACGCCACTGCACTCCAGCCTGGGCGACAGAGTGAGACTCTGTCTCCAAAAAAAAAAAAAGAAA,f908bc708a202ab40e9697e8f88eaaa4151e94b4e0ac941bce65cbdf35850787,0.807176466424944,GTGAAACCCTGTCTCTACTAAAAATACAAAAAATTAGCTGGGCGTGTTGGCAGGCGCCTGTAGTCACAGCTACTTGGGAGGCTGAGGCAGGAGAATGGCATGAACCCGGGAGGCGGAGCGTGCAGTGAGCCGAGATCGCGCCACTGCACTCCAGCCTGGGCGACAGAGTGAGACTCTGTCTCCAAAAAAAAAAAAAGAAA,3195d3f732d7d2ba6965ef2a72e043f1e36e23c58600126b41e322ccc08857e9,-0.636975623489941,GTGAAACCCTGTCTCTACTAAAAATACAAAAAATTAGCTGGGCGTGTTGGCAGGCGCCTGTAGTCACAGCTACTTGGGAGGCTGAGGCAGGAGAATGGCGTGAACCCGGGAGGCGGAGCGTGCAGTGAGCCGAGATCGCGCCACTGCACTCCAGCCTGGGCGACAGAGTGAGACTCTGTCTCCAAAAAAAAAAAAAGAAA,2d01fb10d89bb15edd4884917f626bebd8a6a594a552f0480bfd7a3e10e66270,-0.108162322449412,-0.278363165384415,0.172115297221124,-55.86538123060018,-54.16696791816503,-54.77775522880256,-52.91192361759022,0.16741829877719283,-1.0,0.278363165384415,0.0,1,0.18253549772502758,0.18216460459877223,0.1501433469024087,-0.04580549330565095,1.0
chr4:26331433:A:G;chr4:26331472:C:T;var1;middle;OL29|K562|000bb0e4141c78c1,chr4:26331433:A:G;chr4:26331472:C:T;var1;middle;OL29,K562,K562_region_01683,100,139,39,GTGAAACCCTGTCTCTACTAAAAATACAAAAAATTAGCTGGGCGTGTTGGCAGGCGCCTGTAGTCACAGCTACTTGGGAGGCTGAGGCAGGAGAATGGCATGAACCCGGGAGGCGGAGCGTGCAGTGAGCCGAGATCACGCCACTGCACTCCAGCCTGGGCGACAGAGTGAGACTCTGTCTCCAAAAAAAAAAAAAGAAA,7df81e97cf3c4e5235834893daaeb15ab69feff04498539f75eedd8db84b2002,0.0,GTGAAACCCTGTCTCTACTAAAAATACAAAAAATTAGCTGGGCGTGTTGGCAGGCGCCTGTAGTCACAGCTACTTGGGAGGCTGAGGCAGGAGAATGGCGTGAACCCGGGAGGCGGAGCGTGCAGTGAGCCGAGATCACGCCACTGCACTCCAGCCTGGGCGACAGAGTGAGACTCTGTCTCCAAAAAAAAAAAAAGAAA,f908bc708a202ab40e9697e8f88eaaa4151e94b4e0ac941bce65cbdf35850787,0.807318224682263,GTGAAACCCTGTCTCTACTAAAAATACAAAAAATTAGCTGGGCGTGTTGGCAGGCGCCTGTAGTCACAGCTACTTGGGAGGCTGAGGCAGGAGAATGGCATGAACCCGGGAGGCGGAGCGTGCAGTGAGCCGAGATCATGCCACTGCACTCCAGCCTGGGCGACAGAGTGAGACTCTGTCTCCAAAAAAAAAAAAAGAAA,dda2aeca98e8fd4410a8e22e64c3b30f57f59a400995a11e1cf1a913181da79f,-1.89735806431255,GTGAAACCCTGTCTCTACTAAAAATACAAAAAATTAGCTGGGCGTGTTGGCAGGCGCCTGTAGTCACAGCTACTTGGGAGGCTGAGGCAGGAGAATGGCGTGAACCCGGGAGGCGGAGCGTGCAGTGAGCCGAGATCATGCCACTGCACTCCAGCCTGGGCGACAGAGTGAGACTCTGTCTCCAAAAAAAAAAAAAGAAA,000bb0e4141c78c1262ad55efcf21983ae7f88cdf3213f6456a913ba7c02864f,-1.31440448558578,-0.2243646459554928,0.183277691137008,-55.86538123060018,-54.16696791816503,-56.14072986552492,-54.63028118526563,-0.1879646321758628,-1.0,0.2243646459554928,0.0,1,0.18217391696212512,0.18216460459877223,0.1501433469024087,-0.05437636022672249,1.0
chr4:3189139:C:T;chr4:3189148:T:C;var1;middle;OL31|K562|6ac6f71b9d041806,chr4:3189139:C:T;chr4:3189148:T:C;var1;middle;OL31,K562,K562_region_01658,100,109,9,GCCCGGCTAATTTTTTGTATTTTTAGTAGAGACGGGGTTTCACTGTGTTAGCCAGGATGGTCGCGATCTCCTGACCTTGTGATCCGCCCGCCTCGGCCTCCCAAAGTGTTGGGATTACAGGTGGCTCTCGCACCAAGCCAAGAGTTTGCATTTTTAGCAAATTCCCAGGTGAAACTAATGCCTGCTTTTCTGGGAGCACA,385437c0625b896758b7b232515e1931d8babf2508c98885f59bb60d9ea76a65,0.0,GCCCGGCTAATTTTTTGTATTTTTAGTAGAGACGGGGTTTCACTGTGTTAGCCAGGATGGTCGCGATCTCCTGACCTTGTGATCCGCCCGCCTCGGCCTTCCAAAGTGTTGGGATTACAGGTGGCTCTCGCACCAAGCCAAGAGTTTGCATTTTTAGCAAATTCCCAGGTGAAACTAATGCCTGCTTTTCTGGGAGCACA,c58b987fc24c7d16a5b1bec390b273b62386ab8d9e0fbcf69787287e492f1a05,-0.191663652809012,GCCCGGCTAATTTTTTGTATTTTTAGTAGAGACGGGGTTTCACTGTGTTAGCCAGGATGGTCGCGATCTCCTGACCTTGTGATCCGCCCGCCTCGGCCTCCCAAAGTGCTGGGATTACAGGTGGCTCTCGCACCAAGCCAAGAGTTTGCATTTTTAGCAAATTCCCAGGTGAAACTAATGCCTGCTTTTCTGGGAGCACA,3dd0199d47572eeeccd13236a810e22357708891fa7dec1a10633cc646dffe4f,0.0261073922186255,GCCCGGCTAATTTTTTGTATTTTTAGTAGAGACGGGGTTTCACTGTGTTAGCCAGGATGGTCGCGATCTCCTGACCTTGTGATCCGCCCGCCTCGGCCTTCCAAAGTGCTGGGATTACAGGTGGCTCTCGCACCAAGCCAAGAGTTTGCATTTTTAGCAAATTCCCAGGTGAAACTAATGCCTGCTTTTCTGGGAGCACA,6ac6f71b9d041806d20c3b246db717481b2f156766046358f66446db73a7f346,0.0842724891140168,0.2498287497044032,0.309714827706311,-107.3397296667099,-111.11389515618794,-103.76215856568888,-107.62577229528688,-0.08944824011996388,-1.0,-0.2498287497044032,0.0,3,0.18129283038731317,0.18106719778262317,0.1474303780702046,0.08816187899185962,1.0
chr4:3443917:G:C;chr4:3443931:A:G;var1;middle;OL29|K562|9364dd37e7fd0140,chr4:3443917:G:C;chr4:3443931:A:G;var1;middle;OL29,K562,K562_region_01659,100,114,14,ACGGGGGTTCCAGCCCCAGCCTGGCGGGGTGAGCACTGACCTTGTCGCAGTGCGACCAGAGGTTCCCAGTGGCTACTTGGGGTCCTTGGGAGGAGGCCAGAGGGAGGGTCGCCACAGAGCGTGGGGATTTGAGGGGGCGGGGGTCCGAGCAGGGGGCTTACGTTGAAAGCTGGCCCTCACAGGGCAGGTGGGTGCTGGAC,c9e908688796f0b76ace55a8c4bab3abfd6045f74852a275928c2a5980f73515,0.0,ACGGGGGTTCCAGCCCCAGCCTGGCGGGGTGAGCACTGACCTTGTCGCAGTGCGACCAGAGGTTCCCAGTGGCTACTTGGGGTCCTTGGGAGGAGGCCACAGGGAGGGTCGCCACAGAGCGTGGGGATTTGAGGGGGCGGGGGTCCGAGCAGGGGGCTTACGTTGAAAGCTGGCCCTCACAGGGCAGGTGGGTGCTGGAC,3bb79d90347f23d46adbc239b4c1ddef66cfb2c5b648cbf9b7d245c4fcbef3ef,0.0269110163623448,ACGGGGGTTCCAGCCCCAGCCTGGCGGGGTGAGCACTGACCTTGTCGCAGTGCGACCAGAGGTTCCCAGTGGCTACTTGGGGTCCTTGGGAGGAGGCCAGAGGGAGGGTCGCCGCAGAGCGTGGGGATTTGAGGGGGCGGGGGTCCGAGCAGGGGGCTTACGTTGAAAGCTGGCCCTCACAGGGCAGGTGGGTGCTGGAC,9b1cb968e3cc94dbe655bcbf583016e3c4bbf11af4c22650fcdfb016f9a6885f,0.0683963670748257,ACGGGGGTTCCAGCCCCAGCCTGGCGGGGTGAGCACTGACCTTGTCGCAGTGCGACCAGAGGTTCCCAGTGGCTACTTGGGGTCCTTGGGAGGAGGCCACAGGGAGGGTCGCCGCAGAGCGTGGGGATTTGAGGGGGCGGGGGTCCGAGCAGGGGGCTTACGTTGAAAGCTGGCCCTCACAGGGCAGGTGGGTGCTGGAC,9364dd37e7fd0140dfae9b644d09d63ba57be0219f75f475b22b15f0b1dcb78e,-0.0131446924944565,0.108452075931627,0.114596221659189,-246.34340584278107,-247.6371599733829,-248.2203255146742,-249.5442690104246,0.030189365148601155,1.0,0.108452075931627,0.0,2,0.17523842652658497,0.17490732828716207,0.146091925319964,0.27827971311004507,1.0
chr4:3463452:G:A;chr4:3463477:G:A;var1;middle;OL41|K562|be1d9f2e94b29c67,chr4:3463452:G:A;chr4:3463477:G:A;var1;middle;OL41,K562,K562_region_01660,100,125,25,CTGTGTGGGAGCAGGTGCAGCTGCCAGGCATGGCAGGAGCCTGGGCCCGGGCCAGCACTCAGGAATGCAGCAGGGCCCTGCCTCTCCCTGTAGGGATAAGCAAGTGCCAGGCGCCCAGGGCAGCGGATGTGTCTGTGGCTACAGCCCCAACGGCCCCCGCCTCCGCACCGGCTGTCCTGGGCCAGCCCCTTGGGGGCCTG,189ca68a27e49e1eea407b25d66e84ea20506229d8a28499af5113728dfd6c50,0.0,CTGTGTGGGAGCAGGTGCAGCTGCCAGGCATGGCAGGAGCCTGGGCCCGGGCCAGCACTCAGGAATGCAGCAGGGCCCTGCCTCTCCCTGTAGGGATAAACAAGTGCCAGGCGCCCAGGGCAGCGGATGTGTCTGTGGCTACAGCCCCAACGGCCCCCGCCTCCGCACCGGCTGTCCTGGGCCAGCCCCTTGGGGGCCTG,dae9c523bfb53d7c0ecc3d350d9fc46cc135f89e873fdc8e22fb63c5e997382f,-0.235544571647376,CTGTGTGGGAGCAGGTGCAGCTGCCAGGCATGGCAGGAGCCTGGGCCCGGGCCAGCACTCAGGAATGCAGCAGGGCCCTGCCTCTCCCTGTAGGGATAAGCAAGTGCCAGGCGCCCAGGGCAGCAGATGTGTCTGTGGCTACAGCCCCAACGGCCCCCGCCTCCGCACCGGCTGTCCTGGGCCAGCCCCTTGGGGGCCTG,3d216f8f4fb17a1351c90eaaae597767282de614c3e839b7f87c88fa7672df29,-0.297363718265692,CTGTGTGGGAGCAGGTGCAGCTGCCAGGCATGGCAGGAGCCTGGGCCCGGGCCAGCACTCAGGAATGCAGCAGGGCCCTGCCTCTCCCTGTAGGGATAAACAAGTGCCAGGCGCCCAGGGCAGCAGATGTGTCTGTGGCTACAGCCCCAACGGCCCCCGCCTCCGCACCGGCTGTCCTGGGCCAGCCCCTTGGGGGCCTG,be1d9f2e94b29c671099ac37c284dc9daa25962331eec3563439ccef2e7d62c4,-0.23567022346905,0.297238066444018,0.519818260116826,-238.83792695775628,-248.1487629218027,-248.5803905976936,-259.2232673987746,-1.332040837034583,-1.0,-0.297238066444018,0.0,4,0.17454837978790733,0.17620727786206916,0.145609630836647,0.20467946311031648,1.0
chr4:3578550:T:C;chr4:3578569:A:C;var1;middle;OL41|K562|d64574fba83e1098,chr4:3578550:T:C;chr4:3578569:A:C;var1;middle;OL41,K562,K562_region_01661,100,119,19,GTGGCACAGGTTCGAGGGTGTTGGCTTGCCTGGCCTCCTGAGGGCCTTCTGGGGTTAAAGTCTTCTATCCTGAGGCTGAGACCAGGGCTGGGGAGGAGGTTCAGCCCCTGTGGACTTTATCCTCCCTCTCCACGGCTGAGTCTTGATTTACAGCTGGAAGGGCAGACGGAGGCATCTTGGTGTATACACAGCCCTGCTGG,6f51737ba5229d9988781f176711da5b7d1f28f3c99451fde0f63ab3ee4877bb,0.0,GTGGCACAGGTTCGAGGGTGTTGGCTTGCCTGGCCTCCTGAGGGCCTTCTGGGGTTAAAGTCTTCTATCCTGAGGCTGAGACCAGGGCTGGGGAGGAGGCTCAGCCCCTGTGGACTTTATCCTCCCTCTCCACGGCTGAGTCTTGATTTACAGCTGGAAGGGCAGACGGAGGCATCTTGGTGTATACACAGCCCTGCTGG,143f915dfcff54921927e9565fa14eef5ff84d6ec1eda12aa1cb878addc2706b,-0.026691587903172,GTGGCACAGGTTCGAGGGTGTTGGCTTGCCTGGCCTCCTGAGGGCCTTCTGGGGTTAAAGTCTTCTATCCTGAGGCTGAGACCAGGGCTGGGGAGGAGGTTCAGCCCCTGTGGACTTTCTCCTCCCTCTCCACGGCTGAGTCTTGATTTACAGCTGGAAGGGCAGACGGAGGCATCTTGGTGTATACACAGCCCTGCTGG,5cddb48bb9d88a8edc960764ad70b75168046262db3323856b27707a1aa65c9c,0.15484642402675,GTGGCACAGGTTCGAGGGTGTTGGCTTGCCTGGCCTCCTGAGGGCCTTCTGGGGTTAAAGTCTTCTATCCTGAGGCTGAGACCAGGGCTGGGGAGGAGGCTCAGCCCCTGTGGACTTTCTCCTCCCTCTCCACGGCTGAGTCTTGATTTACAGCTGGAAGGGCAGACGGAGGCATCTTGGTGTATACACAGCCCTGCTGG,d64574fba83e1098da2ab73ebde56bbc8a579b3100692efd39f38c96d06a7359,0.273764466960225,0.145609630836647,0.31862823763443,-301.59188746265136,-304.0264681985136,-299.9444044280099,-301.59815409383737,0.7808310700347647,-1.0,-0.145609630836647,0.0,1,0.1831596083349846,0.18216460459877223,0.1501433469024087,0.13773994285852803,1.0
chr4:3579012:T:C;chr4:3579073:G:C;var1;middle;OL41|K562|3738b8115b5db8f6,chr4:3579012:T:C;chr4:3579073:G:C;var1;middle;OL41,K562,K562_region_01662,100,161,61,TGGGCTCTGCCTGGTGGTCCTGACAGCAGTCCTGACTGTTGCGAAGGCTGTTTTTTGGTGGCTTCCTTAGGGTCCTCGCTGTGCTCTCGGTCCCAGCACTGTCTGCTCTCCTTCCTGGTTATTTGAATGACCCGGCTCCTGTTGCTGTATCCCGGGTCCTGACCTCCCCTGAGATGGACTCTGTTCAGGCTAGACTGCCT,a6584e6fbf94a30baec221f31a9fc389f9037213ef2d2d26b59257cbea7f9e63,0.0,TGGGCTCTGCCTGGTGGTCCTGACAGCAGTCCTGACTGTTGCGAAGGCTGTTTTTTGGTGGCTTCCTTAGGGTCCTCGCTGTGCTCTCGGTCCCAGCACCGTCTGCTCTCCTTCCTGGTTATTTGAATGACCCGGCTCCTGTTGCTGTATCCCGGGTCCTGACCTCCCCTGAGATGGACTCTGTTCAGGCTAGACTGCCT,da980ef9ca9080300946c0cd1302e6d88cdb1dc6efd490d58ff8a24f416da3fe,-0.169328595643652,TGGGCTCTGCCTGGTGGTCCTGACAGCAGTCCTGACTGTTGCGAAGGCTGTTTTTTGGTGGCTTCCTTAGGGTCCTCGCTGTGCTCTCGGTCCCAGCACTGTCTGCTCTCCTTCCTGGTTATTTGAATGACCCGGCTCCTGTTGCTGTATCCCGGGTCCTCACCTCCCCTGAGATGGACTCTGTTCAGGCTAGACTGCCT,3b23678255b128323f47028b2395cfc96ab244a0488ff9a7cd0150cc57863e61,-0.194822150104485,TGGGCTCTGCCTGGTGGTCCTGACAGCAGTCCTGACTGTTGCGAAGGCTGTTTTTTGGTGGCTTCCTTAGGGTCCTCGCTGTGCTCTCGGTCCCAGCACCGTCTGCTCTCCTTCCTGGTTATTTGAATGACCCGGCTCCTGTTGCTGTATCCCGGGTCCTCACCTCCCCTGAGATGGACTCTGTTCAGGCTAGACTGCCT,3738b8115b5db8f6ec65b0ad58924a548d88b844c343bee1df92152b3c0a4d44,-0.265719064299706,-0.098431681448431,0.431917663336675,-291.02396033890545,-297.120738058351,-271.2169766239822,-278.57508224993944,1.261327906511724,1.0,-0.098431681448431,0.0,3,0.18401354399637831,0.18106719778262317,0.1474303780702046,0.048851162438222184,1.0
chr4:3957353:T:C;chr4:3957404:T:C;var1;middle;OL41|K562|691a3562dc1091d3,chr4:3957353:T:C;chr4:3957404:T:C;var1;middle;OL41,K562,K562_region_01663,100,151,51,CCGGGGGCAGGGTCAGGAGGAGAGTGGTGGTGGCGTTTCTAAGGTGGGGCCAGGATGAGCGTCATGAGGGCGAGGCCTGGGGAGGGCCAGGATAAGCGTTGTTGGGGCAGGTCCTGGGGAGAGTTCAGGTTGGCGGGTCCTGGGGCGGGGTCGGGACAGGGTGATCCTGGAAGCGGGGCTTCGGAAGCGTCCAGGTTGGC,b011c16e5b58fa485b8535863e09be8b5da7e200f9a786c1ab5bf81b6dfb8314,0.0,CCGGGGGCAGGGTCAGGAGGAGAGTGGTGGTGGCGTTTCTAAGGTGGGGCCAGGATGAGCGTCATGAGGGCGAGGCCTGGGGAGGGCCAGGATAAGCGTCGTTGGGGCAGGTCCTGGGGAGAGTTCAGGTTGGCGGGTCCTGGGGCGGGGTCGGGACAGGGTGATCCTGGAAGCGGGGCTTCGGAAGCGTCCAGGTTGGC,ba907e2d19c7bd1cb2bc18850402cac246048cf3539b6a582024e46dd5b77892,0.277875154566453,CCGGGGGCAGGGTCAGGAGGAGAGTGGTGGTGGCGTTTCTAAGGTGGGGCCAGGATGAGCGTCATGAGGGCGAGGCCTGGGGAGGGCCAGGATAAGCGTTGTTGGGGCAGGTCCTGGGGAGAGTTCAGGTTGGCGGGTCCTGGGGCGGGGCCGGGACAGGGTGATCCTGGAAGCGGGGCTTCGGAAGCGTCCAGGTTGGC,9ad85adfae3941bc52e01a75aee5f3834789558cad17a6c64caced50bdd524d3,0.530722879215011,CCGGGGGCAGGGTCAGGAGGAGAGTGGTGGTGGCGTTTCTAAGGTGGGGCCAGGATGAGCGTCATGAGGGCGAGGCCTGGGGAGGGCCAGGATAAGCGTCGTTGGGGCAGGTCCTGGGGAGAGTTCAGGTTGGCGGGTCCTGGGGCGGGGCCGGGACAGGGTGATCCTGGAAGCGGGGCTTCGGAAGCGTCCAGGTTGGC,691a3562dc1091d3c46f129215f27fdf6cefcfa27da71b8fe68e82278cb03883,0.744895735332037,0.0637022984494269,0.164250099440666,-309.01314092683606,-307.90385010978207,-303.36108172428794,-304.42198458267376,2.170193675439805,1.0,0.0637022984494269,0.0,1,0.18457320124295928,0.18216460459877223,0.1501433469024087,0.24115500334770057,1.0
chr4:40420055:C:T;chr4:40420131:G:A;var1;middle;OL31|K562|f2a77a79763a2b35,chr4:40420055:C:T;chr4:40420131:G:A;var1;middle;OL31,K562,K562_region_01684,100,176,76,TGTTACTCTTTTAATAAAAAGTTTAAAAAATATCCACGTAAAGTACTTGACCATTGGCATATATGGTAAGTTACTGTCAGCCATTATTCTTATCTCCTGCTGAATGATCATCATCTAAGACTTTAACATTATTCCCAAACACAAGGAAAATGAGGAACCAAAAAAAGACATGCTCGCCGAAGGCAGGCTTGACTGAGCAC,9e06da825f5b50719eeb2aaf86851f9e000d4c8e72a85879257e16b4e2c4bc55,0.0,TGTTACTCTTTTAATAAAAAGTTTAAAAAATATCCACGTAAAGTACTTGACCATTGGCATATATGGTAAGTTACTGTCAGCCATTATTCTTATCTCCTGTTGAATGATCATCATCTAAGACTTTAACATTATTCCCAAACACAAGGAAAATGAGGAACCAAAAAAAGACATGCTCGCCGAAGGCAGGCTTGACTGAGCAC,5c319d59f55cb65b29f98da239aed2074328082ef5606bed8a64ef986cab37f0,-0.191549972692693,TGTTACTCTTTTAATAAAAAGTTTAAAAAATATCCACGTAAAGTACTTGACCATTGGCATATATGGTAAGTTACTGTCAGCCATTATTCTTATCTCCTGCTGAATGATCATCATCTAAGACTTTAACATTATTCCCAAACACAAGGAAAATGAGGAACCAAAAAAAGACATGCTCACCGAAGGCAGGCTTGACTGAGCAC,d9aa401acc3821930bac5fffa592ae46de9ba679c1e77245f4e2e2ab0b31efdd,-0.679036845372248,TGTTACTCTTTTAATAAAAAGTTTAAAAAATATCCACGTAAAGTACTTGACCATTGGCATATATGGTAAGTTACTGTCAGCCATTATTCTTATCTCCTGTTGAATGATCATCATCTAAGACTTTAACATTATTCCCAAACACAAGGAAAATGAGGAACCAAAAAAAGACATGCTCACCGAAGGCAGGCTTGACTGAGCAC,f2a77a79763a2b350cf406044abe350d90986f5b656f96e3fec06e0dd97f4c8a,-0.131087042064342,0.739499776000599,0.538789979313927,-345.4055652522948,-359.3961952617392,-337.14844960556366,-348.1108340243809,3.0282455906271366,-1.0,-0.739499776000599,0.0,4,0.17995256813691518,0.17620727786206916,0.145609630836647,0.08911629491018778,1.0
chr4:40420131:G:A;chr4:40420183:C:G;var1;middle;OL31|K562|78469f1cfb3116d5,chr4:40420131:G:A;chr4:40420183:C:G;var1;middle;OL31,K562,K562_region_01684,100,152,52,TCAGCCATTATTCTTATCTCCTGCTGAATGATCATCATCTAAGACTTTAACATTATTCCCAAACACAAGGAAAATGAGGAACCAAAAAAAGACATGCTCGCCGAAGGCAGGCTTGACTGAGCACTCAGTGGCACGGCTGTTTGCACTAAAGCGTTGGGTAATTTCTAAGTAGATTATTTTGGCTGTTGTCTCTTATGCAC,b58ce3e3315c9112e9428db191288989b54bb74a7675f8b41e92f2d647c15963,0.0,TCAGCCATTATTCTTATCTCCTGCTGAATGATCATCATCTAAGACTTTAACATTATTCCCAAACACAAGGAAAATGAGGAACCAAAAAAAGACATGCTCACCGAAGGCAGGCTTGACTGAGCACTCAGTGGCACGGCTGTTTGCACTAAAGCGTTGGGTAATTTCTAAGTAGATTATTTTGGCTGTTGTCTCTTATGCAC,1d494b178e16bd916c7585641dec0220dd9de70b8186af4f4a3df18ebf13843e,-0.243555622530776,TCAGCCATTATTCTTATCTCCTGCTGAATGATCATCATCTAAGACTTTAACATTATTCCCAAACACAAGGAAAATGAGGAACCAAAAAAAGACATGCTCGCCGAAGGCAGGCTTGACTGAGCACTCAGTGGCACGGCTGTTTGCACTAAAGGGTTGGGTAATTTCTAAGTAGATTATTTTGGCTGTTGTCTCTTATGCAC,93bbf77d5af50f596f0ea0b370e3dd860b3c46edc8844a3795134497407e51ae,-0.132091625164807,TCAGCCATTATTCTTATCTCCTGCTGAATGATCATCATCTAAGACTTTAACATTATTCCCAAACACAAGGAAAATGAGGAACCAAAAAAAGACATGCTCACCGAAGGCAGGCTTGACTGAGCACTCAGTGGCACGGCTGTTTGCACTAAAGGGTTGGGTAATTTCTAAGTAGATTATTTTGGCTGTTGTCTCTTATGCAC,78469f1cfb3116d5d3506168e4e2316c0601be4f80af32087c97e080a025e239,-0.266785421502212,-0.1088618261933709,0.204590156159311,-356.08324066363275,-338.5876116193831,-335.0477545806207,-318.4713685591705,0.9192430227994919,1.0,-0.1088618261933709,0.0,4,0.1773386464842512,0.17620727786206916,0.145609630836647,0.2790876834487972,1.0
chr4:40820469:G:T;chr4:40820533:A:G;var1;middle;OL41|K562|6e68322bbd9e33d4,chr4:40820469:G:T;chr4:40820533:A:G;var1;middle;OL41,K562,K562_region_01685,100,164,64,GTTGTTTCCAAGAGGGAAAATGAATTGAGAATCAGAAAACCAACTGTAGCCAAAGAGATAAAACTCATTGTCGTTATCACTTAAACGTATAATTAAGTCGGAAAGCCATTCATTTTATGACTAAAACCATCTGCTATGATCTGTTTCAATTTCATAAAATACCAAAATAGTTGTCATCCATTTTCGCTTGGCTGAAATCT,80dbf7d065e95431c0838da139e04989df831097bafb5cc33e94d42268ae76f8,0.0,GTTGTTTCCAAGAGGGAAAATGAATTGAGAATCAGAAAACCAACTGTAGCCAAAGAGATAAAACTCATTGTCGTTATCACTTAAACGTATAATTAAGTCTGAAAGCCATTCATTTTATGACTAAAACCATCTGCTATGATCTGTTTCAATTTCATAAAATACCAAAATAGTTGTCATCCATTTTCGCTTGGCTGAAATCT,595016872c1c95fdd895c376167dd48020e7dfe950a62d2c1e9b9998bb1476bc,-0.419238801400392,GTTGTTTCCAAGAGGGAAAATGAATTGAGAATCAGAAAACCAACTGTAGCCAAAGAGATAAAACTCATTGTCGTTATCACTTAAACGTATAATTAAGTCGGAAAGCCATTCATTTTATGACTAAAACCATCTGCTATGATCTGTTTCAATTTCATAAAATACCGAAATAGTTGTCATCCATTTTCGCTTGGCTGAAATCT,047e4b87c0818529aeaf0e3dbb33f4fd7527baa79f924691e62d8b1daa418fce,-0.0719775261663332,GTTGTTTCCAAGAGGGAAAATGAATTGAGAATCAGAAAACCAACTGTAGCCAAAGAGATAAAACTCATTGTCGTTATCACTTAAACGTATAATTAAGTCTGAAAGCCATTCATTTTATGACTAAAACCATCTGCTATGATCTGTTTCAATTTCATAAAATACCGAAATAGTTGTCATCCATTTTCGCTTGGCTGAAATCT,6e68322bbd9e33d422b6526194ed46d6a455f9dae5b3d15468bb0f0dc5456e42,-0.102843945178159,0.3883723823885662,0.362817393416808,-281.5841806717217,-271.7401269301772,-279.6332439854741,-275.1849768459797,-5.395786602050066,-1.0,-0.3883723823885662,0.0,1,0.1768752712565552,0.18216460459877223,0.1501433469024087,0.05855671817234569,1.0
chr4:44431486:T:C;chr4:44431494:G:C;var1;middle;OL29|K562|52831d3f47eef90d,chr4:44431486:T:C;chr4:44431494:G:C;var1;middle;OL29,K562,K562_region_01686,100,108,8,CAGTAGTCATCAGTGTCAAATGCTGATAAGATGTGGAAATAAGCAAGGAAAGAAGTACCTACTGGATTTAAGGGCATAGATAGAAAATAGTGGAGACCATTGAAGGGGCTGTTTTGGAGGCATGCTGAGGACAACAAGCCAAATTGGCATGTGCTGAGATGTGAGAATCAACAGAAAACAAAAAATGAAACACTGGCATA,182fbeacbf5dbf84f559bf57604e977ecfa82241d104c610ef6352236183aefd,0.0,CAGTAGTCATCAGTGTCAAATGCTGATAAGATGTGGAAATAAGCAAGGAAAGAAGTACCTACTGGATTTAAGGGCATAGATAGAAAATAGTGGAGACCACTGAAGGGGCTGTTTTGGAGGCATGCTGAGGACAACAAGCCAAATTGGCATGTGCTGAGATGTGAGAATCAACAGAAAACAAAAAATGAAACACTGGCATA,53272bb4064a2984f72b8906d6a93c7c541c8a240810cd876af5f9e32a11ca9b,0.0850902275334672,CAGTAGTCATCAGTGTCAAATGCTGATAAGATGTGGAAATAAGCAAGGAAAGAAGTACCTACTGGATTTAAGGGCATAGATAGAAAATAGTGGAGACCATTGAAGGGCCTGTTTTGGAGGCATGCTGAGGACAACAAGCCAAATTGGCATGTGCTGAGATGTGAGAATCAACAGAAAACAAAAAATGAAACACTGGCATA,143bbdfe450519c2bb7529dd295d1b66ee80b30ff3c26091fbfb48850c02d031,0.151025118111321,CAGTAGTCATCAGTGTCAAATGCTGATAAGATGTGGAAATAAGCAAGGAAAGAAGTACCTACTGGATTTAAGGGCATAGATAGAAAATAGTGGAGACCACTGAAGGGCCTGTTTTGGAGGCATGCTGAGGACAACAAGCCAAATTGGCATGTGCTGAGATGTGAGAATCAACAGAAAACAAAAAATGAAACACTGGCATA,52831d3f47eef90d50d6f6c52101fdd1c29aba8ad5f6222a29d0d1a7363e1a6f,0.131390382732654,0.1047249629121342,0.213914214432704,-242.94062358886003,-232.46055890247223,-242.7564353048801,-232.0478309467435,-0.22853967174881973,1.0,0.1047249629121342,0.0,4,0.1759160716218018,0.17620727786206916,0.145609630836647,0.052179315017268996,1.0
chr4:48018170:C:T;chr4:48018229:A:G;var1;middle;OL41|K562|600e9dc96b015ef9,chr4:48018170:C:T;chr4:48018229:A:G;var1;middle;OL41,K562,K562_region_01687,100,159,59,GTATAACAAGGATATCATAAACATTAGTTATTAATAATTCGTGGAAATAAGTCTTTCCAGTTTTGGCATTGCTTTTCCCTTAAAGGTTTATTTCAAATACCCCTATGACCCAGAAAATGGGGCAGGGTAGGGGGAGTTGCCTGCTGGAGACAGAACGGAGAGTGGATGGATATAGCGGGCGTGGACGGACAGCGACAGAA,872d261b2baeff2b8bddb015897412a1af9a39b8f577990d94181684915dc2fb,0.0,GTATAACAAGGATATCATAAACATTAGTTATTAATAATTCGTGGAAATAAGTCTTTCCAGTTTTGGCATTGCTTTTCCCTTAAAGGTTTATTTCAAATATCCCTATGACCCAGAAAATGGGGCAGGGTAGGGGGAGTTGCCTGCTGGAGACAGAACGGAGAGTGGATGGATATAGCGGGCGTGGACGGACAGCGACAGAA,38875ab675981638818c5d73a9cce4ea5c831f80cbabb582eba60a6411d7d9c5,0.518465176394078,GTATAACAAGGATATCATAAACATTAGTTATTAATAATTCGTGGAAATAAGTCTTTCCAGTTTTGGCATTGCTTTTCCCTTAAAGGTTTATTTCAAATACCCCTATGACCCAGAAAATGGGGCAGGGTAGGGGGAGTTGCCTGCTGGAGACAGAACGGGGAGTGGATGGATATAGCGGGCGTGGACGGACAGCGACAGAA,0a657582e0f785333f7e180774c3ade331e4d43d8a38c8c0237328c55bbf3c33,0.527902850333414,GTATAACAAGGATATCATAAACATTAGTTATTAATAATTCGTGGAAATAAGTCTTTCCAGTTTTGGCATTGCTTTTCCCTTAAAGGTTTATTTCAAATATCCCTATGACCCAGAAAATGGGGCAGGGTAGGGGGAGTTGCCTGCTGGAGACAGAACGGGGAGTGGATGGATATAGCGGGCGTGGACGGACAGCGACAGAA,600e9dc96b015ef945b1b0e2f44226806f23a3003f3d1f2d3442e5441836c466,0.498380786384072,0.54798724034342,0.423841049942132,-375.1701511524152,-364.4488823232241,-389.5817314251326,-375.41400080465246,-3.446461791289039,1.0,0.54798724034342,0.0,1,0.1788585920376896,0.18216460459877223,0.1501433469024087,0.26270057899895155,1.0
chr4:5026576:A:G;chr4:5026641:A:C;var1;middle;OL41|K562|075e2d9ee343a3fd,chr4:5026576:A:G;chr4:5026641:A:C;var1;middle;OL41,K562,K562_region_01664,100,165,65,AAGCCAGAGTATTGGGGACTCTTAATGCCTCCCAGAAGTAGCCCTCAACCGATGATTCATGAAAGTTGGGAAGAGTCTGGCTTCTGGTTAAAAATCTGTATGTCATCCATGGGCAGTTACAACGGCTTTACACAACAGGCCCCCAAGGGGATCGGGGGAGCTGCACCCCCAACCCCAGGCTTGGGACACAGCCAGAGCTT,280312da12bc2729a4431782ad54d7b94cca61f5100a36322101aa9155787a67,0.0,AAGCCAGAGTATTGGGGACTCTTAATGCCTCCCAGAAGTAGCCCTCAACCGATGATTCATGAAAGTTGGGAAGAGTCTGGCTTCTGGTTAAAAATCTGTGTGTCATCCATGGGCAGTTACAACGGCTTTACACAACAGGCCCCCAAGGGGATCGGGGGAGCTGCACCCCCAACCCCAGGCTTGGGACACAGCCAGAGCTT,e61f87ecf84dcf631086c2ac89a3fa75b9ad23d7581d4fa80ada6e85fd4e9e9f,0.499904970880595,AAGCCAGAGTATTGGGGACTCTTAATGCCTCCCAGAAGTAGCCCTCAACCGATGATTCATGAAAGTTGGGAAGAGTCTGGCTTCTGGTTAAAAATCTGTATGTCATCCATGGGCAGTTACAACGGCTTTACACAACAGGCCCCCAAGGGGATCGGGGGAGCTGCCCCCCCAACCCCAGGCTTGGGACACAGCCAGAGCTT,d65a47a98d5f607886b0e3ca137ce0c9ee2ad3ef1084e34f85b9ad470f2e8c42,0.712475635032002,AAGCCAGAGTATTGGGGACTCTTAATGCCTCCCAGAAGTAGCCCTCAACCGATGATTCATGAAAGTTGGGAAGAGTCTGGCTTCTGGTTAAAAATCTGTGTGTCATCCATGGGCAGTTACAACGGCTTTACACAACAGGCCCCCAAGGGGATCGGGGGAGCTGCCCCCCCAACCCCAGGCTTGGGACACAGCCAGAGCTT,075e2d9ee343a3fd179efcfd1bb6979e848f4c2508d8229b1ce1cdc1913ecd8c,1.12870454286473,0.083676063047867,0.295715346326686,-391.31933052593376,-389.05751956731547,-390.0771996416152,-389.3743392894976,1.55895060650073,1.0,0.083676063047867,0.0,2,0.17746442649711963,0.17490732828716207,0.146091925319964,0.07111011210005391,1.0
chr4:55200059:T:C;chr4:55200114:T:C;var1;middle;OL41|K562|82a586969154cddf,chr4:55200059:T:C;chr4:55200114:T:C;var1;middle;OL41,K562,K562_region_01688,100,155,55,CCCAATCCCAGCCTCAGCAATGTCTGAATGAAGGGTTTGTGGGCATCTGCATGATGCAAGCCATGAGCTGGGGAGCCGCACAGTATGGGTTCTGTCTTCTGGCTGGCTGAAAAGGCTTCTCAGGCTCTGAAAGTACCAATTCTTCAGGCATGAGTGCTGGTGGAGGATTATCTTTTAAATCAGCTGGTTCTTATTTTCTT,76d587d328ef3e7dde20419f3bb8ef6edbe8cb6a66f503be4441ce057f29727a,0.0,CCCAATCCCAGCCTCAGCAATGTCTGAATGAAGGGTTTGTGGGCATCTGCATGATGCAAGCCATGAGCTGGGGAGCCGCACAGTATGGGTTCTGTCTTCCGGCTGGCTGAAAAGGCTTCTCAGGCTCTGAAAGTACCAATTCTTCAGGCATGAGTGCTGGTGGAGGATTATCTTTTAAATCAGCTGGTTCTTATTTTCTT,b06d64bdf615cd8aff3de9974b844ec5bf71875b444a9d9ca2f83c844bf17f57,0.0643955831023455,CCCAATCCCAGCCTCAGCAATGTCTGAATGAAGGGTTTGTGGGCATCTGCATGATGCAAGCCATGAGCTGGGGAGCCGCACAGTATGGGTTCTGTCTTCTGGCTGGCTGAAAAGGCTTCTCAGGCTCTGAAAGTACCAATTCTTCAGGCATGAGCGCTGGTGGAGGATTATCTTTTAAATCAGCTGGTTCTTATTTTCTT,3b962dda24707f2bca3a4f0126a19b5d221f4f26e4347a30df1b14fb103e480d,-0.0578859443209732,CCCAATCCCAGCCTCAGCAATGTCTGAATGAAGGGTTTGTGGGCATCTGCATGATGCAAGCCATGAGCTGGGGAGCCGCACAGTATGGGTTCTGTCTTCCGGCTGGCTGAAAAGGCTTCTCAGGCTCTGAAAGTACCAATTCTTCAGGCATGAGCGCTGGTGGAGGATTATCTTTTAAATCAGCTGGTTCTTATTTTCTT,82a586969154cddfd76eea84e9a069ff42f6ca5fc97da55b2b25775c87e418f0,0.156652985683781,0.1501433469024087,0.186241066250017,-312.63544648326933,-327.4048213493079,-321.7081081327051,-337.1964028533548,-0.7189198546111584,-1.0,-0.1501433469024087,0.0,3,0.18002495784430375,0.18106719778262317,0.1474303780702046,0.2574188993590377,1.0
chr4:55539253:A:G;chr4:55539264:C:T;var1;middle;OL28|K562|a1c155e30df57297,chr4:55539253:A:G;chr4:55539264:C:T;var1;middle;OL28,K562,K562_region_01689,100,111,11,TAAAGTGGCGTCAAAATCTGATGATAATCTTATTTTCTATCCCTCAAATTTAACTTGGTATGTTTGCCTAGATACCCAAAGGAATGTTTTTCCACCTTTATTCTTTAAAGCCCACTAGTTAGTTTTATAGTATTGGCTGCTGTAGGTTGATTATTTTTTTTCCATAGACACAATGTGCTCGCTGCTTTAATGTGTAATTT,ff1bd21a376e5b1af663008acac40fe603a4e228c3ed34b37fa118f87e0ada10,0.0,TAAAGTGGCGTCAAAATCTGATGATAATCTTATTTTCTATCCCTCAAATTTAACTTGGTATGTTTGCCTAGATACCCAAAGGAATGTTTTTCCACCTTTGTTCTTTAAAGCCCACTAGTTAGTTTTATAGTATTGGCTGCTGTAGGTTGATTATTTTTTTTCCATAGACACAATGTGCTCGCTGCTTTAATGTGTAATTT,7d5e6c528e552a09047381e693690d570226cc5a86fef32d6a4e96807a05ae98,-0.0553913463428454,TAAAGTGGCGTCAAAATCTGATGATAATCTTATTTTCTATCCCTCAAATTTAACTTGGTATGTTTGCCTAGATACCCAAAGGAATGTTTTTCCACCTTTATTCTTTAAAGTCCACTAGTTAGTTTTATAGTATTGGCTGCTGTAGGTTGATTATTTTTTTTCCATAGACACAATGTGCTCGCTGCTTTAATGTGTAATTT,31f4734a9f4b422122ce29e8448d8b81883428d449cf2420fc45687299f1234c,-0.110901018161039,TAAAGTGGCGTCAAAATCTGATGATAATCTTATTTTCTATCCCTCAAATTTAACTTGGTATGTTTGCCTAGATACCCAAAGGAATGTTTTTCCACCTTTGTTCTTTAAAGTCCACTAGTTAGTTTTATAGTATTGGCTGCTGTAGGTTGATTATTTTTTTTCCATAGACACAATGTGCTCGCTGCTTTAATGTGTAATTT,a1c155e30df57297fe67fe0ef828261e7e31a62bdb001d4d8ab0994e0fc26ef7,0.017019497146278,0.1833118616501624,0.152893940963487,-309.9974296083674,-309.2987881768495,-320.4836203362793,-312.88907366245985,6.895905242301524,-1.0,-0.1833118616501624,0.0,0,0.194633074802215,0.18565657667894103,0.15145376406925343,0.17671529952009818,1.0
chr4:6593117:T:C;chr4:6593199:C:T;var1;middle;OL41|K562|966014b2fcf9c380,chr4:6593117:T:C;chr4:6593199:C:T;var1;middle;OL41,K562,K562_region_01665,100,182,82,CACCCTAAATGGTAGATGGTTGAATACACACCACCCTACCCAGCACAGGTGACGTCCATAGCAGCTTCTGTTTATCACATACAATCACAGCTCACACCTTACTCGCCAAGGCCCCGTGGGAGTGCACTGTGGAGCGGACTGAACACGCAGGGGCAGCTGGGTAGCAGCAAGGGGGCGGGTGCCCTCCGACTCCTGCAGAG,2c2400cdfaf46c6230a63a9103c7286938a5b0dc96a77f61cb1aa7cb404d6ae5,0.0,CACCCTAAATGGTAGATGGTTGAATACACACCACCCTACCCAGCACAGGTGACGTCCATAGCAGCTTCTGTTTATCACATACAATCACAGCTCACACCTCACTCGCCAAGGCCCCGTGGGAGTGCACTGTGGAGCGGACTGAACACGCAGGGGCAGCTGGGTAGCAGCAAGGGGGCGGGTGCCCTCCGACTCCTGCAGAG,15fdb71ac43f82246f8f3e988418aff08d479db8db9d9dfd05b48c8a73a8c05e,0.226071282689852,CACCCTAAATGGTAGATGGTTGAATACACACCACCCTACCCAGCACAGGTGACGTCCATAGCAGCTTCTGTTTATCACATACAATCACAGCTCACACCTTACTCGCCAAGGCCCCGTGGGAGTGCACTGTGGAGCGGACTGAACACGCAGGGGCAGCTGGGTAGCAGCAAGGGGGCGGGTGTCCTCCGACTCCTGCAGAG,a0aa0572f7fff6017173afb805a1e1ab1de010a713f83051527efe750486ca91,1.30142428411599,CACCCTAAATGGTAGATGGTTGAATACACACCACCCTACCCAGCACAGGTGACGTCCATAGCAGCTTCTGTTTATCACATACAATCACAGCTCACACCTCACTCGCCAAGGCCCCGTGGGAGTGCACTGTGGAGCGGACTGAACACGCAGGGGCAGCTGGGTAGCAGCAAGGGGGCGGGTGTCCTCCGACTCCTGCAGAG,966014b2fcf9c38058a990fcde57a16f3be40896ee991f9b96f804d3dadd0565,0.734047508423313,0.7934480583825289,0.453568498711569,-337.3265604432672,-332.3473958992399,-332.7672583139501,-327.5319013656117,-0.2561924043111503,1.0,0.7934480583825289,0.0,2,0.17482143151576482,0.17490732828716207,0.146091925319964,0.37054263107461183,1.0
chr4:6669421:T:C;chr4:6669454:C:G;var1;middle;OL41|K562|0c6b2f8c000be515,chr4:6669421:T:C;chr4:6669454:C:G;var1;middle;OL41,K562,K562_region_01666,100,133,33,ATGTGAAAACACAGAGAAAGGGCTCTCCCTCCCCAAACACTGAATCTGCCAGCGCCTTCATCTTGGACTTTCAGCCTCCAGCGCTGTGAGGAACCTTTGTTTCTAAGCCCCCCAGGCTATGACATTCTGTTACAGCAGCCTGGTGGGCTGCAGCACCTCCAGATGCCTCACTCTTCTTTAGGTCTCCACTGAGAGCCTTC,238a076bda2e6c965fe587d5553a5c039a0758d09550349cce34de10fc1a82f3,0.0,ATGTGAAAACACAGAGAAAGGGCTCTCCCTCCCCAAACACTGAATCTGCCAGCGCCTTCATCTTGGACTTTCAGCCTCCAGCGCTGTGAGGAACCTTTGCTTCTAAGCCCCCCAGGCTATGACATTCTGTTACAGCAGCCTGGTGGGCTGCAGCACCTCCAGATGCCTCACTCTTCTTTAGGTCTCCACTGAGAGCCTTC,3a3d96825934c4e46e7f6d1ceed7b48c44cd7f99dd4b1f45d5561ed45c6af44e,-0.211585999859404,ATGTGAAAACACAGAGAAAGGGCTCTCCCTCCCCAAACACTGAATCTGCCAGCGCCTTCATCTTGGACTTTCAGCCTCCAGCGCTGTGAGGAACCTTTGTTTCTAAGCCCCCCAGGCTATGACATTCTGTTAGAGCAGCCTGGTGGGCTGCAGCACCTCCAGATGCCTCACTCTTCTTTAGGTCTCCACTGAGAGCCTTC,f8eb5e93adef0bfca6ca8ba92db76cb63ef4cb4b84ef2cbc424695e9c136cacf,-0.247607241607911,ATGTGAAAACACAGAGAAAGGGCTCTCCCTCCCCAAACACTGAATCTGCCAGCGCCTTCATCTTGGACTTTCAGCCTCCAGCGCTGTGAGGAACCTTTGCTTCTAAGCCCCCCAGGCTATGACATTCTGTTAGAGCAGCCTGGTGGGCTGCAGCACCTCCAGATGCCTCACTCTTCTTTAGGTCTCCACTGAGAGCCTTC,0c6b2f8c000be5157207a8df3bde0b325079bc7d127b2afea34e8ed3ea2721ab,-0.184769680019405,0.27442356144791,0.248840711505083,-263.7781978074927,-301.83769402001053,-308.9382693148218,-318.0013969694264,28.99636855791323,-1.0,-0.27442356144791,0.0,3,0.23987705827030764,0.18106719778262317,0.1474303780702046,0.19846236786012914,1.0
chr4:6673552:G:A;chr4:6673630:G:C;var1;middle;OL41|K562|0dbdc42d967788ba,chr4:6673552:G:A;chr4:6673630:G:C;var1;middle;OL41,K562,K562_region_01667,100,178,78,CAACATTTACTGGGCTCCTGCTGTATGCCAAGCCCATTTCAAGCTGAGGAAACAGATGACTAAACTGACTAAGTACCTGCCCCTAGGGCCTGTTTTCTCGCAGAGGCACTTATATAGTCCAGTGAAGAAAGAAATCTTCCAGAATGATTCCTAAAGGCATATTCAGAGCCTGGCAGGGCTGAGGAAACAGTGGTGAATCA,7564baadcc016c39efc1e367589bb6407b1e9da787f601ff59ae527e6c1be74c,0.0,CAACATTTACTGGGCTCCTGCTGTATGCCAAGCCCATTTCAAGCTGAGGAAACAGATGACTAAACTGACTAAGTACCTGCCCCTAGGGCCTGTTTTCTCACAGAGGCACTTATATAGTCCAGTGAAGAAAGAAATCTTCCAGAATGATTCCTAAAGGCATATTCAGAGCCTGGCAGGGCTGAGGAAACAGTGGTGAATCA,5e10dc66bcf22ac92ec7961ed091a509b05ad9e9f090388930f3a3b074e1a8f1,-0.333192927920218,CAACATTTACTGGGCTCCTGCTGTATGCCAAGCCCATTTCAAGCTGAGGAAACAGATGACTAAACTGACTAAGTACCTGCCCCTAGGGCCTGTTTTCTCGCAGAGGCACTTATATAGTCCAGTGAAGAAAGAAATCTTCCAGAATGATTCCTAAAGGCATATTCAGAGCCTGGCAGGCCTGAGGAAACAGTGGTGAATCA,7fc944562636e08080af6f9779798c5f45ff4f3e33d0537f3fc08dc8fcd3134c,-0.158102687251733,CAACATTTACTGGGCTCCTGCTGTATGCCAAGCCCATTTCAAGCTGAGGAAACAGATGACTAAACTGACTAAGTACCTGCCCCTAGGGCCTGTTTTCTCACAGAGGCACTTATATAGTCCAGTGAAGAAAGAAATCTTCCAGAATGATTCCTAAAGGCATATTCAGAGCCTGGCAGGCCTGAGGAAACAGTGGTGAATCA,0dbdc42d967788ba8ced919323ef079eef30706ea5e12a445280fc17655fdd7a,-0.212408417357555,0.2788871978143959,0.279136047823261,-228.7202835790813,-222.36483974009752,-229.2569007389248,-223.03279177099463,-0.1313348710536104,-1.0,-0.2788871978143959,0.0,4,0.17603654835196617,0.17620727786206916,0.145609630836647,0.15614955619981039,1.0
chr4:6676485:G:A;chr4:6676524:G:A;var1;middle;OL41|K562|a12189b3bc9c8a71,chr4:6676485:G:A;chr4:6676524:G:A;var1;middle;OL41,K562,K562_region_01668,100,139,39,GAGCCGTGCCACGCTCTCCGCGGAGTTGGTTTCATTCTTTTTTCATAGGTAATTAGAGAAAATAATTTGATATGTTGTTGTAAAGAGTCATGACCACTGGAAGTATTTTCAGGACGTAGACCTGGTGGGTCACTACGTGGGGGGAGAGAGGTGTGAAGCGGAGGTACATGCTGGAAACGTGTGAATGTTGTTACGAGATT,279f22ef2403f1d3c1f47db0bd398471d57c4fdff529e56dadd77931a532ccd4,0.0,GAGCCGTGCCACGCTCTCCGCGGAGTTGGTTTCATTCTTTTTTCATAGGTAATTAGAGAAAATAATTTGATATGTTGTTGTAAAGAGTCATGACCACTGAAAGTATTTTCAGGACGTAGACCTGGTGGGTCACTACGTGGGGGGAGAGAGGTGTGAAGCGGAGGTACATGCTGGAAACGTGTGAATGTTGTTACGAGATT,8bd9ca1097f23ae0b685129a736fd912727c38adc9a143524b10aabc25c76dac,-0.110050723114235,GAGCCGTGCCACGCTCTCCGCGGAGTTGGTTTCATTCTTTTTTCATAGGTAATTAGAGAAAATAATTTGATATGTTGTTGTAAAGAGTCATGACCACTGGAAGTATTTTCAGGACGTAGACCTGGTGGGTCACTACGTAGGGGGAGAGAGGTGTGAAGCGGAGGTACATGCTGGAAACGTGTGAATGTTGTTACGAGATT,fec61d85175a2570c11234d98599647fb7f20bc5d6b3c21edcda3344b70ee657,-0.0907942584166579,GAGCCGTGCCACGCTCTCCGCGGAGTTGGTTTCATTCTTTTTTCATAGGTAATTAGAGAAAATAATTTGATATGTTGTTGTAAAGAGTCATGACCACTGAAAGTATTTTCAGGACGTAGACCTGGTGGGTCACTACGTAGGGGGAGAGAGGTGTGAAGCGGAGGTACATGCTGGAAACGTGTGAATGTTGTTACGAGATT,a12189b3bc9c8a71c2d9b9195cf98234d606e1774d65622d40d88287599a3ce2,-0.11834900451456,-0.0824959770163329,0.295917124408341,-341.0243483148515,-335.16534192860126,-336.5776848439127,-316.668961584568,-14.04971687309444,1.0,-0.0824959770163329,0.0,1,0.16807041757065266,0.18216460459877223,0.1501433469024087,0.001341801777805407,1.0
chr4:6697590:G:A;chr4:6697673:T:C;var1;middle;OL41|K562|9d1feec813fc6c3c,chr4:6697590:G:A;chr4:6697673:T:C;var1;middle;OL41,K562,K562_region_01669,100,183,83,CCAGCAAAGCCGGAGTCAGAGAACAATGTCCGCCTGAGGGCAGGGCTGGGCTGGGCTGGCCTTCTGGCCCTATCTGCTCCGTGCCCAACCCAGCGCCCCGCACAGTCGGAGCTTTGTAAATACGAGGTGACTGTCTGCCTACAAACTTTGTAAACATCACTTGAAATGGCCGCAGGGTATTGTGACATGGCCATACCACT,1e7df927d6c31176cfb33273361b060663fc90bcb03912f2bde1ace26ebe2672,0.0,CCAGCAAAGCCGGAGTCAGAGAACAATGTCCGCCTGAGGGCAGGGCTGGGCTGGGCTGGCCTTCTGGCCCTATCTGCTCCGTGCCCAACCCAGCGCCCCACACAGTCGGAGCTTTGTAAATACGAGGTGACTGTCTGCCTACAAACTTTGTAAACATCACTTGAAATGGCCGCAGGGTATTGTGACATGGCCATACCACT,afade8c6320dc40a2820bd7f829d1950e90b2b5e310251f188449d8c70c34dd3,0.336180455892917,CCAGCAAAGCCGGAGTCAGAGAACAATGTCCGCCTGAGGGCAGGGCTGGGCTGGGCTGGCCTTCTGGCCCTATCTGCTCCGTGCCCAACCCAGCGCCCCGCACAGTCGGAGCTTTGTAAATACGAGGTGACTGTCTGCCTACAAACTTTGTAAACATCACTTGAAATGGCCGCAGGGTATTGCGACATGGCCATACCACT,67b20f796bb4090c35923933188f415e840550f2ec26fd07b6a54ce1ee54087c,0.444089749025956,CCAGCAAAGCCGGAGTCAGAGAACAATGTCCGCCTGAGGGCAGGGCTGGGCTGGGCTGGCCTTCTGGCCCTATCTGCTCCGTGCCCAACCCAGCGCCCCACACAGTCGGAGCTTTGTAAATACGAGGTGACTGTCTGCCTACAAACTTTGTAAACATCACTTGAAATGGCCGCAGGGTATTGCGACATGGCCATACCACT,9d1feec813fc6c3ca5b243a564a416700f306e02ceabb29d4b075167b3dce449,0.407744519329339,0.372525685589534,0.265448116882358,-307.0010794769041,-305.5964791835286,-328.68875034851953,-325.72941847192124,-1.5547315832227468,1.0,0.372525685589534,0.0,3,0.1783414780535773,0.18106719778262317,0.1474303780702046,0.12906565714833343,1.0
chr4:6891435:G:A;chr4:6891455:T:G;var1;middle;OL27|K562|f26bfc7b24be2d35,chr4:6891435:G:A;chr4:6891455:T:G;var1;middle;OL27,K562,K562_region_01670,100,120,20,CATATGTCAAACGTAACCACTTCGACCTCCCACAAACTGCCAGCTGCGAGCCCCTGATAACAGAAGTGGCCGCACTCGCCGGAGCTCCCTCCCTGGCCTGCCTGGCACACGCTGGTGGCTTTCCCCGGGCTCTCTGCTCAGGCCTTACCACCACCCTAGACTGAGGGACGGGGGAATTGCTCAGACAGACTAGGGACTCT,9238fd0f0f467f2983c9973580f509125e57006fb7904bc99c41869f51b45b52,0.0,CATATGTCAAACGTAACCACTTCGACCTCCCACAAACTGCCAGCTGCGAGCCCCTGATAACAGAAGTGGCCGCACTCGCCGGAGCTCCCTCCCTGGCCTACCTGGCACACGCTGGTGGCTTTCCCCGGGCTCTCTGCTCAGGCCTTACCACCACCCTAGACTGAGGGACGGGGGAATTGCTCAGACAGACTAGGGACTCT,3a98402335af30cf176099455f0aaf70103cd5b83b027d4ba281a4f94a05220e,-0.11348486026734,CATATGTCAAACGTAACCACTTCGACCTCCCACAAACTGCCAGCTGCGAGCCCCTGATAACAGAAGTGGCCGCACTCGCCGGAGCTCCCTCCCTGGCCTGCCTGGCACACGCTGGTGGCGTTCCCCGGGCTCTCTGCTCAGGCCTTACCACCACCCTAGACTGAGGGACGGGGGAATTGCTCAGACAGACTAGGGACTCT,101ba876ce27b0d43de113090b8278c6a809c455d94630d710311805b899d462,0.045433170617121,CATATGTCAAACGTAACCACTTCGACCTCCCACAAACTGCCAGCTGCGAGCCCCTGATAACAGAAGTGGCCGCACTCGCCGGAGCTCCCTCCCTGGCCTACCTGGCACACGCTGGTGGCGTTCCCCGGGCTCTCTGCTCAGGCCTTACCACCACCCTAGACTGAGGGACGGGGGAATTGCTCAGACAGACTAGGGACTCT,f26bfc7b24be2d3521c06cd1075ac37a4032c65dea011ebff17f1c605c763314,-0.143542065635443,0.075490375985224,0.164262316833598,-327.2460450164508,-348.49538675893564,-322.87361476686783,-345.66673927835654,1.543782769003883,1.0,0.075490375985224,0.0,0,0.18775887076449568,0.18565657667894103,0.15145376406925343,0.1498061775145405,1.0
chr4:6891435:G:A;chr4:6891519:G:C;var1;middle;OL27|K562|73d96eabb93e2e02,chr4:6891435:G:A;chr4:6891519:G:C;var1;middle;OL27,K562,K562_region_01670,100,184,84,CATATGTCAAACGTAACCACTTCGACCTCCCACAAACTGCCAGCTGCGAGCCCCTGATAACAGAAGTGGCCGCACTCGCCGGAGCTCCCTCCCTGGCCTGCCTGGCACACGCTGGTGGCTTTCCCCGGGCTCTCTGCTCAGGCCTTACCACCACCCTAGACTGAGGGACGGGGGAATTGCTCAGACAGACTAGGGACTCT,9238fd0f0f467f2983c9973580f509125e57006fb7904bc99c41869f51b45b52,0.0,CATATGTCAAACGTAACCACTTCGACCTCCCACAAACTGCCAGCTGCGAGCCCCTGATAACAGAAGTGGCCGCACTCGCCGGAGCTCCCTCCCTGGCCTACCTGGCACACGCTGGTGGCTTTCCCCGGGCTCTCTGCTCAGGCCTTACCACCACCCTAGACTGAGGGACGGGGGAATTGCTCAGACAGACTAGGGACTCT,3a98402335af30cf176099455f0aaf70103cd5b83b027d4ba281a4f94a05220e,-0.113485663869368,CATATGTCAAACGTAACCACTTCGACCTCCCACAAACTGCCAGCTGCGAGCCCCTGATAACAGAAGTGGCCGCACTCGCCGGAGCTCCCTCCCTGGCCTGCCTGGCACACGCTGGTGGCTTTCCCCGGGCTCTCTGCTCAGGCCTTACCACCACCCTAGACTGAGGGACGGGGGAATTGCTCACACAGACTAGGGACTCT,336db2710f6d08b0b51308e861c2bd383472857d6ddb301fbeab20a073938f19,0.0222320168600564,CATATGTCAAACGTAACCACTTCGACCTCCCACAAACTGCCAGCTGCGAGCCCCTGATAACAGAAGTGGCCGCACTCGCCGGAGCTCCCTCCCTGGCCTACCTGGCACACGCTGGTGGCTTTCCCCGGGCTCTCTGCTCAGGCCTTACCACCACCCTAGACTGAGGGACGGGGGAATTGCTCACACAGACTAGGGACTCT,73d96eabb93e2e02836d9a33ce0838d03184e08ba0403bfdcb78c0fb36159aa2,-0.240406541309205,0.1491528942998934,0.164918837333371,-327.2460450164508,-348.49538675893564,-346.91558717680164,-375.1806400953792,7.015711176092736,1.0,0.1491528942998934,0.0,0,0.1947869521542224,0.18565657667894103,0.15145376406925343,0.2893496606550234,1.0
chr4:6891455:T:G;chr4:6891519:G:C;var1;middle;OL27|K562|6dc9fb6211444bcd,chr4:6891455:T:G;chr4:6891519:G:C;var1;middle;OL27,K562,K562_region_01670,100,164,64,TTCGACCTCCCACAAACTGCCAGCTGCGAGCCCCTGATAACAGAAGTGGCCGCACTCGCCGGAGCTCCCTCCCTGGCCTGCCTGGCACACGCTGGTGGCTTTCCCCGGGCTCTCTGCTCAGGCCTTACCACCACCCTAGACTGAGGGACGGGGGAATTGCTCAGACAGACTAGGGACTCTGCGAGGGTGACAAAACGAAC,584e3a9305ece923fc67d03024e81d0cb98a0b0a922679b212c02fb7f127ca5b,0.0,TTCGACCTCCCACAAACTGCCAGCTGCGAGCCCCTGATAACAGAAGTGGCCGCACTCGCCGGAGCTCCCTCCCTGGCCTGCCTGGCACACGCTGGTGGCGTTCCCCGGGCTCTCTGCTCAGGCCTTACCACCACCCTAGACTGAGGGACGGGGGAATTGCTCAGACAGACTAGGGACTCTGCGAGGGTGACAAAACGAAC,b61ae1b487245c0c8324d90d6473d09afe4d30c9d98da046df44599eebbeb133,-0.0383526784176118,TTCGACCTCCCACAAACTGCCAGCTGCGAGCCCCTGATAACAGAAGTGGCCGCACTCGCCGGAGCTCCCTCCCTGGCCTGCCTGGCACACGCTGGTGGCTTTCCCCGGGCTCTCTGCTCAGGCCTTACCACCACCCTAGACTGAGGGACGGGGGAATTGCTCACACAGACTAGGGACTCTGCGAGGGTGACAAAACGAAC,e4c1b8d74722d076ebf560c70d8ef2f725561acbe9d42bd7a768dd9d15dbd325,0.0445111132967047,TTCGACCTCCCACAAACTGCCAGCTGCGAGCCCCTGATAACAGAAGTGGCCGCACTCGCCGGAGCTCCCTCCCTGGCCTGCCTGGCACACGCTGGTGGCGTTCCCCGGGCTCTCTGCTCAGGCCTTACCACCACCCTAGACTGAGGGACGGGGGAATTGCTCACACAGACTAGGGACTCTGCGAGGGTGACAAAACGAAC,6dc9fb6211444bcdf3ca98fcb9fbebdc9400f5ac04ac6255f2b04686544e3bca,-0.0247739432075066,-0.0309323780865995,0.153992232441437,-264.26017847657204,-266.72235733270645,-262.3544909656048,-265.6711169332266,-0.8544471114873886,-1.0,0.0309323780865995,0.0,0,0.18467861211755657,0.18565657667894103,0.15145376406925343,0.43557875292561055,1.0
chr4:6919661:G:A;chr4:6919674:C:T;var1;middle;OL28|K562|6f22eea475b930c0,chr4:6919661:G:A;chr4:6919674:C:T;var1;middle;OL28,K562,K562_region_01671,100,113,13,CACGCGGTAGGTGGCCTGGAGTGCGGCTTCTGCCCTAGTGGCACGAGGCGGAAGTGCTTGAGGACAGGTCGCCTTGGCCCTTGCAGAGTTTGGTTTTACGGTATGTTGCAAGCGGAAGTACTTTTTCCTTTTTAGGTTTATTTCCCTGAAAACTGACGCCCTGTTCTGAGGTTTAAGGAACTTAACTGGAATTGGGATCA,0e4a1e6901e749b34f5a6bf67b05d32318b5c6f89127c6a7b387697196da79b8,0.0,CACGCGGTAGGTGGCCTGGAGTGCGGCTTCTGCCCTAGTGGCACGAGGCGGAAGTGCTTGAGGACAGGTCGCCTTGGCCCTTGCAGAGTTTGGTTTTACAGTATGTTGCAAGCGGAAGTACTTTTTCCTTTTTAGGTTTATTTCCCTGAAAACTGACGCCCTGTTCTGAGGTTTAAGGAACTTAACTGGAATTGGGATCA,87cd4b0e2a7f311dbeb497896480a8a4fd32fa55ad4b52dad5648bf10838697b,-0.214838490379604,CACGCGGTAGGTGGCCTGGAGTGCGGCTTCTGCCCTAGTGGCACGAGGCGGAAGTGCTTGAGGACAGGTCGCCTTGGCCCTTGCAGAGTTTGGTTTTACGGTATGTTGCAAGTGGAAGTACTTTTTCCTTTTTAGGTTTATTTCCCTGAAAACTGACGCCCTGTTCTGAGGTTTAAGGAACTTAACTGGAATTGGGATCA,54dcb39252ddb4bf3a471405128676458ff8a62dfa9c01b5e5acf5d6aa832dc8,-1.38831509047072,CACGCGGTAGGTGGCCTGGAGTGCGGCTTCTGCCCTAGTGGCACGAGGCGGAAGTGCTTGAGGACAGGTCGCCTTGGCCCTTGCAGAGTTTGGTTTTACAGTATGTTGCAAGTGGAAGTACTTTTTCCTTTTTAGGTTTATTTCCCTGAAAACTGACGCCCTGTTCTGAGGTTTAAGGAACTTAACTGGAATTGGGATCA,6f22eea475b930c0ed79143224bd9d9d590f0c42086bdeb6d5ee7c560bbdb968,-1.78949045105332,0.1863368702029959,0.300732153553255,-411.5363716809079,-403.9672130248509,-408.6038804235868,-396.0381059283391,-4.996615839190724,1.0,0.1863368702029959,0.0,3,0.1714088849963263,0.18106719778262317,0.1474303780702046,0.07734620065286452,1.0
chr4:69317873:G:A;chr4:69317947:G:A;var1;middle;OL29|K562|6d8c9e5d19cf64d7,chr4:69317873:G:A;chr4:69317947:G:A;var1;middle;OL29,K562,K562_region_01690,100,174,74,ATTGCTGTATGCATTCTCTAAAGGAAGGGAACAAAATGCTCAAAGATGAGATAATTTGCATGTGGCCACAGGAATGGGTGAGTCAGTCAAGACAGAGATGTAGTCTGTCCTCCCACTTCACCTGTATACTGATGTCAATACAGTCAAACAGAAGAGTTAAATTAACACCGGTGGCTACATGACCCAAGACATATTATTGT,358577a7d9a8502a2136361d83b2fce1323a14045c8ece6e0f998b57d0fae829,0.0,ATTGCTGTATGCATTCTCTAAAGGAAGGGAACAAAATGCTCAAAGATGAGATAATTTGCATGTGGCCACAGGAATGGGTGAGTCAGTCAAGACAGAGATATAGTCTGTCCTCCCACTTCACCTGTATACTGATGTCAATACAGTCAAACAGAAGAGTTAAATTAACACCGGTGGCTACATGACCCAAGACATATTATTGT,dae780b70c1c5eaf5f2f8d3ead62591b19f887f53e20ef1defbf8f28c016de02,0.297700659615004,ATTGCTGTATGCATTCTCTAAAGGAAGGGAACAAAATGCTCAAAGATGAGATAATTTGCATGTGGCCACAGGAATGGGTGAGTCAGTCAAGACAGAGATGTAGTCTGTCCTCCCACTTCACCTGTATACTGATGTCAATACAGTCAAACAGAAGAGTTAAATTAACACCGGTGACTACATGACCCAAGACATATTATTGT,4a188dbe7d2cc0ddb04711b17b4c262b798862a6dff00e6472a38eae513dfe88,-0.129330887046279,ATTGCTGTATGCATTCTCTAAAGGAAGGGAACAAAATGCTCAAAGATGAGATAATTTGCATGTGGCCACAGGAATGGGTGAGTCAGTCAAGACAGAGATATAGTCTGTCCTCCCACTTCACCTGTATACTGATGTCAATACAGTCAAACAGAAGAGTTAAATTAACACCGGTGACTACATGACCCAAGACATATTATTGT,6d8c9e5d19cf64d79ab2e4311bae3933ab1c6fda492f91ea3833dfff3620a835,0.508262211226188,0.3398924386574629,0.156444139346703,-296.4884237619117,-301.1382377129048,-306.8003003653139,-305.1221387200057,6.3279755963013145,-1.0,-0.3398924386574629,0.0,4,0.18404229085292925,0.17620727786206916,0.145609630836647,0.04638830128102406,1.0
chr4:69361441:G:A;chr4:69361445:T:C;var1;middle;OL31|K562|0d3e2901c0c35a37,chr4:69361441:G:A;chr4:69361445:T:C;var1;middle;OL31,K562,K562_region_01691,100,104,4,TAATTTTTTAAATGGACAAAAGAAAATTCACAAGGAAGTTAGCATAACGTAGGGAAAAAAGCATGGGCTTCTGAATTAGATCGCTCTGGATTCAAATTCGGGGTCTGCCACTGATTAGCACGTGATCTCAGGCAAATTACTTAATGTTTCTGAGTTTCAGTTTTCTTAGTAACCCAGAAAAAATTAACCTAGTTCTATGT,91ea8ac18155ca606ded1260ea0f212c15fc6c5fb5160358f3d1bcd57f0a9aec,0.0,TAATTTTTTAAATGGACAAAAGAAAATTCACAAGGAAGTTAGCATAACGTAGGGAAAAAAGCATGGGCTTCTGAATTAGATCGCTCTGGATTCAAATTCAGGGTCTGCCACTGATTAGCACGTGATCTCAGGCAAATTACTTAATGTTTCTGAGTTTCAGTTTTCTTAGTAACCCAGAAAAAATTAACCTAGTTCTATGT,69ee820b3aa797ab48221d5ce3468ca42a2e04c786d5ec1497b61124d0b03beb,0.0391252268079524,TAATTTTTTAAATGGACAAAAGAAAATTCACAAGGAAGTTAGCATAACGTAGGGAAAAAAGCATGGGCTTCTGAATTAGATCGCTCTGGATTCAAATTCGGGGCCTGCCACTGATTAGCACGTGATCTCAGGCAAATTACTTAATGTTTCTGAGTTTCAGTTTTCTTAGTAACCCAGAAAAAATTAACCTAGTTCTATGT,cbe807f13d37ac7cad7e41d2b6736a6ab5433c579807aa7c0a5e2f3752ea7c6e,0.23111268231499,TAATTTTTTAAATGGACAAAAGAAAATTCACAAGGAAGTTAGCATAACGTAGGGAAAAAAGCATGGGCTTCTGAATTAGATCGCTCTGGATTCAAATTCAGGGCCTGCCACTGATTAGCACGTGATCTCAGGCAAATTACTTAATGTTTCTGAGTTTCAGTTTTCTTAGTAACCCAGAAAAAATTAACCTAGTTCTATGT,0d3e2901c0c35a37129154f2ea71ee9f2a5b2dc479419e36a17358d391166a72,-0.0579077164620442,0.3281456255849865,0.283113203815974,-198.9069397263229,-197.0171960182488,-202.6254712678492,-199.45074120908976,-1.284986350685358,1.0,0.3281456255849865,0.0,3,0.17888479496583917,0.18106719778262317,0.1474303780702046,0.08042722935403161,1.0
chr4:71894563:C:T;chr4:71894573:C:T;var1;middle;OL31|K562|7eb92aeac950002e,chr4:71894563:C:T;chr4:71894573:C:T;var1;middle;OL31,K562,K562_region_01692,100,110,10,CATGCCTAGCTAATTTTTTTTTTTTTTTGAGACGGAGTTTTGCTCTTGTTGCCCAGGCTGGAGTGCGATGGCGCGATCTCAGCTCACCACAACCTCTGCCTCCCAGGTTCAAGCGATTCTTCTGCCTTGGCCTCCCTAGTAGCTGGGATTACAGGCATGTGCCACTATGCCCGGCTAATTTTGTATTTTTAGTAGAGAAG,18945d4dd0182c7bd9ca4ad58e417ba43fdf11792ac180b7123f1c0b886ac281,0.0,CATGCCTAGCTAATTTTTTTTTTTTTTTGAGACGGAGTTTTGCTCTTGTTGCCCAGGCTGGAGTGCGATGGCGCGATCTCAGCTCACCACAACCTCTGCTTCCCAGGTTCAAGCGATTCTTCTGCCTTGGCCTCCCTAGTAGCTGGGATTACAGGCATGTGCCACTATGCCCGGCTAATTTTGTATTTTTAGTAGAGAAG,6e17ce70f029df3f46999195025770e186e1ae22f3ecd889602975c3c8b1af0e,-0.0785008029038851,CATGCCTAGCTAATTTTTTTTTTTTTTTGAGACGGAGTTTTGCTCTTGTTGCCCAGGCTGGAGTGCGATGGCGCGATCTCAGCTCACCACAACCTCTGCCTCCCAGGTTTAAGCGATTCTTCTGCCTTGGCCTCCCTAGTAGCTGGGATTACAGGCATGTGCCACTATGCCCGGCTAATTTTGTATTTTTAGTAGAGAAG,5f7045261c68b436c6484937f2cfdd355fd0a138e81df87573caa51056347293,0.228887108163768,CATGCCTAGCTAATTTTTTTTTTTTTTTGAGACGGAGTTTTGCTCTTGTTGCCCAGGCTGGAGTGCGATGGCGCGATCTCAGCTCACCACAACCTCTGCTTCCCAGGTTTAAGCGATTCTTCTGCCTTGGCCTCCCTAGTAGCTGGGATTACAGGCATGTGCCACTATGCCCGGCTAATTTTGTATTTTTAGTAGAGAAG,7eb92aeac950002e3db02cde60b0a81d94bce223e2ddd2747fa0816521f3ee0a,0.2568097321286,0.106423426868717,0.189918430164593,-69.88561728224158,-72.8154320619069,-72.92320906883106,-75.72947319643572,0.12355065206065774,-1.0,-0.106423426868717,0.0,1,0.18249086503227568,0.18216460459877223,0.1501433469024087,0.20221881661220267,1.0
chr4:7315187:A:G;chr4:7315205:C:G;var1;middle;OL41|K562|dd5101c0f1e235fd,chr4:7315187:A:G;chr4:7315205:C:G;var1;middle;OL41,K562,K562_region_01672,100,118,18,CTCCTAAAGCCCTCACCGTCTGGGGGAAGACAGGCCCAGAAGAGGGGAATGCAAATGTCAGGCTGCTCTCTGGGTTGCGCAAGAGAAGAACGAGAGGGTAAAGGGAGGAGGAGCGGACATGCTGGGGTGGTCACTGGAGCGGAGGTCGGGGAGAGGGTGTTCCAGGCACGGGGAGGAAGGAGGGGCTGAGCCCGGGGACA,fb0f82492093b46ed7356e59ed1b700b104b1aa0f526300e4e2b6a6b439312fd,0.0,CTCCTAAAGCCCTCACCGTCTGGGGGAAGACAGGCCCAGAAGAGGGGAATGCAAATGTCAGGCTGCTCTCTGGGTTGCGCAAGAGAAGAACGAGAGGGTGAAGGGAGGAGGAGCGGACATGCTGGGGTGGTCACTGGAGCGGAGGTCGGGGAGAGGGTGTTCCAGGCACGGGGAGGAAGGAGGGGCTGAGCCCGGGGACA,e5984290d5d763ab5bb0a7143d4b119ec4229045d7d3b163b72d72793736d1e1,0.0708148305592508,CTCCTAAAGCCCTCACCGTCTGGGGGAAGACAGGCCCAGAAGAGGGGAATGCAAATGTCAGGCTGCTCTCTGGGTTGCGCAAGAGAAGAACGAGAGGGTAAAGGGAGGAGGAGCGGAGATGCTGGGGTGGTCACTGGAGCGGAGGTCGGGGAGAGGGTGTTCCAGGCACGGGGAGGAAGGAGGGGCTGAGCCCGGGGACA,21225b0101e1c1484090532b2b0ddf68303ca40c3945395634969cabd9336a33,-0.247064717251974,CTCCTAAAGCCCTCACCGTCTGGGGGAAGACAGGCCCAGAAGAGGGGAATGCAAATGTCAGGCTGCTCTCTGGGTTGCGCAAGAGAAGAACGAGAGGGTGAAGGGAGGAGGAGCGGAGATGCTGGGGTGGTCACTGGAGCGGAGGTCGGGGAGAGGGTGTTCCAGGCACGGGGAGGAAGGAGGGGCTGAGCCCGGGGACA,dd5101c0f1e235fda984b891ead442a02d6f7509ec21ddbfbe909b8f69eaf99c,-0.336089334397069,0.1598394477043458,0.189900889999058,-338.64577722293325,-303.23130688024685,-297.65696963551454,-281.02089684293605,18.77839755010791,1.0,0.1598394477043458,0.0,4,0.19947348473875742,0.17620727786206916,0.145609630836647,-0.023661556407095413,1.0
chr4:77197651:G:A;chr4:77197674:C:T;var1;middle;OL29|K562|5180f37b2257b014,chr4:77197651:G:A;chr4:77197674:C:T;var1;middle;OL29,K562,K562_region_01693,100,123,23,GTCTCACTCTGTCGCCCAGGCTGGAGTGCAGTGGCGTGATCCCAGCTCACTGCAACCTCCACCTCCCGGGTTCAAGCGATTCTCCTGCCTCAGCCTCCCGAGTAGCTGGGACTACAGGCATGCGCCACCATGCCCAGCTAATTTTGTATATTTAGTAGAGACAGGGTTTCACCAGGCTGATCTCGAATTCCCAACCTCAG,5906de9891c435b0f116a26cfca138ecd6fcfacd92ca3cfbbb3ba10a55adc679,0.0,GTCTCACTCTGTCGCCCAGGCTGGAGTGCAGTGGCGTGATCCCAGCTCACTGCAACCTCCACCTCCCGGGTTCAAGCGATTCTCCTGCCTCAGCCTCCCAAGTAGCTGGGACTACAGGCATGCGCCACCATGCCCAGCTAATTTTGTATATTTAGTAGAGACAGGGTTTCACCAGGCTGATCTCGAATTCCCAACCTCAG,ac4e6e64dc257b559cca29147f7ccbf0d845ad481a77edfd8b2e209144116be4,-0.0782866438159657,GTCTCACTCTGTCGCCCAGGCTGGAGTGCAGTGGCGTGATCCCAGCTCACTGCAACCTCCACCTCCCGGGTTCAAGCGATTCTCCTGCCTCAGCCTCCCGAGTAGCTGGGACTACAGGCATGTGCCACCATGCCCAGCTAATTTTGTATATTTAGTAGAGACAGGGTTTCACCAGGCTGATCTCGAATTCCCAACCTCAG,72a4932af176c99a30df3472212b4196e8ac94cf0917d52887b61719d8d4e818,-0.055636793791707,GTCTCACTCTGTCGCCCAGGCTGGAGTGCAGTGGCGTGATCCCAGCTCACTGCAACCTCCACCTCCCGGGTTCAAGCGATTCTCCTGCCTCAGCCTCCCAAGTAGCTGGGACTACAGGCATGTGCCACCATGCCCAGCTAATTTTGTATATTTAGTAGAGACAGGGTTTCACCAGGCTGATCTCGAATTCCCAACCTCAG,5180f37b2257b014d5ea2c6f9d03e1dfeec5ab4add6cc0b856bb62248b9de288,-0.184268229155151,0.0503447915474783,0.136585636513724,-54.76707324804738,-54.246898389887065,-53.36560513963923,-52.53068485017866,-0.3147454313002527,1.0,0.0503447915474783,0.0,1,0.18204492512240497,0.18216460459877223,0.1501433469024087,0.11007627516193683,1.0
chr4:77200799:C:T;chr4:77200805:C:T;var1;middle;OL41|K562|fb3e52ed64840e36,chr4:77200799:C:T;chr4:77200805:C:T;var1;middle;OL41,K562,K562_region_01694,100,106,6,CAGGGAGGATGCATAACAATGGAATTGTTCTACAATAATTTTTATAAATCACACCTTTTTAATACCTGAGGAATGATTTACATTATCGACTATAGGTGGCACCACCAGGCTGTGGCACCCCAGTTTACAAGACGCAGGCACTGTGGGGTACTGGTAAGAGACAGTAACTATGACAACATGACTGTCTTTCTGGGAACTCG,4d9dfc5ba08fbc985edaf4c71d56c6c28f500f58b602ca5e2656705c731e9f18,0.0,CAGGGAGGATGCATAACAATGGAATTGTTCTACAATAATTTTTATAAATCACACCTTTTTAATACCTGAGGAATGATTTACATTATCGACTATAGGTGGTACCACCAGGCTGTGGCACCCCAGTTTACAAGACGCAGGCACTGTGGGGTACTGGTAAGAGACAGTAACTATGACAACATGACTGTCTTTCTGGGAACTCG,f2b085a19807a0b1e3d0fa5c02a744d40eb277b124707104ab9acbba3bd4d0ce,-0.168260031457514,CAGGGAGGATGCATAACAATGGAATTGTTCTACAATAATTTTTATAAATCACACCTTTTTAATACCTGAGGAATGATTTACATTATCGACTATAGGTGGCACCACTAGGCTGTGGCACCCCAGTTTACAAGACGCAGGCACTGTGGGGTACTGGTAAGAGACAGTAACTATGACAACATGACTGTCTTTCTGGGAACTCG,d0bebae838db43b45a9241ac803bf4a3f5e072eb694a840c4226de6d9be6c97b,0.299382207712879,CAGGGAGGATGCATAACAATGGAATTGTTCTACAATAATTTTTATAAATCACACCTTTTTAATACCTGAGGAATGATTTACATTATCGACTATAGGTGGTACCACTAGGCTGTGGCACCCCAGTTTACAAGACGCAGGCACTGTGGGGTACTGGTAAGAGACAGTAACTATGACAACATGACTGTCTTTCTGGGAACTCG,fb3e52ed64840e36e6aa774943dbfef810ccb82a56d475f8508fbf0dcd19af57,0.0315247809334859,-0.099597395321879,0.252821625558287,-329.75300333090127,-356.2047109808773,-337.1467487057671,-364.7150169298984,-1.1165605741553009,-1.0,0.099597395321879,0.0,4,0.17481544846456715,0.17620727786206916,0.145609630836647,0.2965179378488881,1.0
chr4:77200799:C:T;chr4:77200875:A:G;var1;middle;OL41|K562|af935294c4449dc0,chr4:77200799:C:T;chr4:77200875:A:G;var1;middle;OL41,K562,K562_region_01694,100,176,76,CAGGGAGGATGCATAACAATGGAATTGTTCTACAATAATTTTTATAAATCACACCTTTTTAATACCTGAGGAATGATTTACATTATCGACTATAGGTGGCACCACCAGGCTGTGGCACCCCAGTTTACAAGACGCAGGCACTGTGGGGTACTGGTAAGAGACAGTAACTATGACAACATGACTGTCTTTCTGGGAACTCG,4d9dfc5ba08fbc985edaf4c71d56c6c28f500f58b602ca5e2656705c731e9f18,0.0,CAGGGAGGATGCATAACAATGGAATTGTTCTACAATAATTTTTATAAATCACACCTTTTTAATACCTGAGGAATGATTTACATTATCGACTATAGGTGGTACCACCAGGCTGTGGCACCCCAGTTTACAAGACGCAGGCACTGTGGGGTACTGGTAAGAGACAGTAACTATGACAACATGACTGTCTTTCTGGGAACTCG,f2b085a19807a0b1e3d0fa5c02a744d40eb277b124707104ab9acbba3bd4d0ce,-0.168379148507215,CAGGGAGGATGCATAACAATGGAATTGTTCTACAATAATTTTTATAAATCACACCTTTTTAATACCTGAGGAATGATTTACATTATCGACTATAGGTGGCACCACCAGGCTGTGGCACCCCAGTTTACAAGACGCAGGCACTGTGGGGTACTGGTAAGAGACAGTAACTATGACAGCATGACTGTCTTTCTGGGAACTCG,9938a9aff6b122eca54cf6d4cc78ce0f01db65fc23df7efa16be4ebf4a87a54d,0.140932098253079,CAGGGAGGATGCATAACAATGGAATTGTTCTACAATAATTTTTATAAATCACACCTTTTTAATACCTGAGGAATGATTTACATTATCGACTATAGGTGGTACCACCAGGCTGTGGCACCCCAGTTTACAAGACGCAGGCACTGTGGGGTACTGGTAAGAGACAGTAACTATGACAGCATGACTGTCTTTCTGGGAACTCG,af935294c4449dc02dc2ab93b29ffcf52748c7d5040a18eda07926943b061f9d,-0.0711974754507493,-0.0437504251966133,0.21757648069374,-329.75300333090127,-356.2047109808773,-352.3922423925251,-379.518535066396,-0.674585023894906,-1.0,0.0437504251966133,0.0,4,0.1753632379639245,0.17620727786206916,0.145609630836647,0.3320632708072569,1.0
chr4:77200805:C:T;chr4:77200875:A:G;var1;middle;OL41|K562|76458711f76ffc2b,chr4:77200805:C:T;chr4:77200875:A:G;var1;middle;OL41,K562,K562_region_01694,100,170,70,GGATGCATAACAATGGAATTGTTCTACAATAATTTTTATAAATCACACCTTTTTAATACCTGAGGAATGATTTACATTATCGACTATAGGTGGCACCACCAGGCTGTGGCACCCCAGTTTACAAGACGCAGGCACTGTGGGGTACTGGTAAGAGACAGTAACTATGACAACATGACTGTCTTTCTGGGAACTCGTGAGTT,10d25af33c072d64c284859a750870bd38936741b38393f36d25c48b6a35b84b,0.0,GGATGCATAACAATGGAATTGTTCTACAATAATTTTTATAAATCACACCTTTTTAATACCTGAGGAATGATTTACATTATCGACTATAGGTGGCACCACTAGGCTGTGGCACCCCAGTTTACAAGACGCAGGCACTGTGGGGTACTGGTAAGAGACAGTAACTATGACAACATGACTGTCTTTCTGGGAACTCGTGAGTT,8517a0c8fe48af6c53dd5dd81eb27326352695d19a7fc0459bc608e0af8467a0,0.0579049361909101,GGATGCATAACAATGGAATTGTTCTACAATAATTTTTATAAATCACACCTTTTTAATACCTGAGGAATGATTTACATTATCGACTATAGGTGGCACCACCAGGCTGTGGCACCCCAGTTTACAAGACGCAGGCACTGTGGGGTACTGGTAAGAGACAGTAACTATGACAGCATGACTGTCTTTCTGGGAACTCGTGAGTT,15da32bbaef0a93f4fa384a57c311ff4629b32260c406cc634eba4cd028d5486,-0.261212853072119,GGATGCATAACAATGGAATTGTTCTACAATAATTTTTATAAATCACACCTTTTTAATACCTGAGGAATGATTTACATTATCGACTATAGGTGGCACCACTAGGCTGTGGCACCCCAGTTTACAAGACGCAGGCACTGTGGGGTACTGGTAAGAGACAGTAACTATGACAGCATGACTGTCTTTCTGGGAACTCGTGAGTT,76458711f76ffc2bf8a4a7a954548d8681b0dcdefecb5ef70202e764e13daca5,0.25009069078383,0.4533986076650389,0.17553605608764,-341.2522591552697,-351.1077089039609,-360.7794929579832,-369.0615783962421,1.5733643104322255,-1.0,-0.4533986076650389,0.0,4,0.17814937181161428,0.17620727786206916,0.145609630836647,0.37841575162981833,1.0
chr4:77394018:T:C;chr4:77394095:C:T;var1;middle;OL27|K562|88ac660c972e7f9a,chr4:77394018:T:C;chr4:77394095:C:T;var1;middle;OL27,K562,K562_region_01695,100,177,77,CTCACTGCAACCTCCGTGTCCTGGGTTCAAGCGATTATTCTGCCTCAGCCTCCCAAGTAGCTGGGACTACAGACATGTGCCGCCATGTCCAGCTAATTTTTGTATTTTTAGTAGAGACGGAGTTTCACCATATTGGCCAGACTGGTCTCAAACTCCTGACCTTGTGATCCGCCCACCGCGGCTTCCCAAAGTGTTGGGAT,4d5a37cfb990fa3f36316da6776e450f397de90b3af7c932954f6ca461ce82f7,0.0,CTCACTGCAACCTCCGTGTCCTGGGTTCAAGCGATTATTCTGCCTCAGCCTCCCAAGTAGCTGGGACTACAGACATGTGCCGCCATGTCCAGCTAATTTCTGTATTTTTAGTAGAGACGGAGTTTCACCATATTGGCCAGACTGGTCTCAAACTCCTGACCTTGTGATCCGCCCACCGCGGCTTCCCAAAGTGTTGGGAT,56eb7dfd1a0456fc6573522fa827e7edf2702be6f05ec7f8626a101713747460,-0.0806200365496823,CTCACTGCAACCTCCGTGTCCTGGGTTCAAGCGATTATTCTGCCTCAGCCTCCCAAGTAGCTGGGACTACAGACATGTGCCGCCATGTCCAGCTAATTTTTGTATTTTTAGTAGAGACGGAGTTTCACCATATTGGCCAGACTGGTCTCAAACTCCTGACCTTGTGATCCGCCCACTGCGGCTTCCCAAAGTGTTGGGAT,c83ce78aaeef2abb819437bf24008979294d0a029150299288493a08aac8886c,0.0427969564771826,CTCACTGCAACCTCCGTGTCCTGGGTTCAAGCGATTATTCTGCCTCAGCCTCCCAAGTAGCTGGGACTACAGACATGTGCCGCCATGTCCAGCTAATTTCTGTATTTTTAGTAGAGACGGAGTTTCACCATATTGGCCAGACTGGTCTCAAACTCCTGACCTTGTGATCCGCCCACTGCGGCTTCCCAAAGTGTTGGGAT,88ac660c972e7f9a2376c2a2e95a14a6a64dc6fe846f89adf9661fc0657553ca,0.0095540710882616,0.0473771511607613,0.1615816453871,-71.80502692144364,-75.85720325401053,-72.63015468418598,-76.69545270269737,-0.013121685944497585,-1.0,-0.0473771511607613,0.0,3,0.1814465662192614,0.18106719778262317,0.1474303780702046,0.12973792790247543,1.0
chr4:77608665:G:T;chr4:77608681:C:G;var1;middle;OL41|K562|1b2d3abacb81515e,chr4:77608665:G:T;chr4:77608681:C:G;var1;middle;OL41,K562,K562_region_01696,100,116,16,TTAATAGTGGCTGGGAGTTTACACATACACACACTTGATATGTGTAACTATTTCAGGTCATTCTTTCGTCTTGTGGAGGAAGGGACAGACAAGGAGAACGGAGGTACCAGTTGAGCAAACTAACCCCCAGCTCATGCAGAGAGACATTAGCATAATTTTGTATTGTTGCTGAAATTTCTTCATGTCTTACTTTTGATCCC,0dc5a8b3c5139ef08eae39c17ed5d9e2463577e0d186c2af604e3e66432e0c57,0.0,TTAATAGTGGCTGGGAGTTTACACATACACACACTTGATATGTGTAACTATTTCAGGTCATTCTTTCGTCTTGTGGAGGAAGGGACAGACAAGGAGAACTGAGGTACCAGTTGAGCAAACTAACCCCCAGCTCATGCAGAGAGACATTAGCATAATTTTGTATTGTTGCTGAAATTTCTTCATGTCTTACTTTTGATCCC,04a359e991031025c0591589f34a4e860958aab60fe8fb4e3cc45fe9777c7a9a,0.0253642445743871,TTAATAGTGGCTGGGAGTTTACACATACACACACTTGATATGTGTAACTATTTCAGGTCATTCTTTCGTCTTGTGGAGGAAGGGACAGACAAGGAGAACGGAGGTACCAGTTGAGGAAACTAACCCCCAGCTCATGCAGAGAGACATTAGCATAATTTTGTATTGTTGCTGAAATTTCTTCATGTCTTACTTTTGATCCC,305764a52209bb1b8ebd4d61307c4b23170c06d533db931998eabcad4e9668ed,0.121346535828459,TTAATAGTGGCTGGGAGTTTACACATACACACACTTGATATGTGTAACTATTTCAGGTCATTCTTTCGTCTTGTGGAGGAAGGGACAGACAAGGAGAACTGAGGTACCAGTTGAGGAAACTAACCCCCAGCTCATGCAGAGAGACATTAGCATAATTTTGTATTGTTGCTGAAATTTCTTCATGTCTTACTTTTGATCCC,1b2d3abacb81515edef755af4a6396504451b44714c02f3a0cdf39d8412f67f6,-0.276341599976454,0.4230523803793001,0.234018720239672,-266.99070712924004,-258.4697048291564,-264.0323169901967,-256.5868240594864,1.0755093693733215,1.0,0.4230523803793001,0.0,2,0.17676049696875912,0.17490732828716207,0.146091925319964,0.20058591742125753,1.0
chr4:7931611:G:C;chr4:7931682:A:C;var1;middle;OL41|K562|66a6ea97058a3562,chr4:7931611:G:C;chr4:7931682:A:C;var1;middle;OL41,K562,K562_region_01673,100,171,71,AAGATCAGCCAAGGGCTACAGGGAGTGGCCTGCAACTCACAGCAGGAACAGCCCCTGCCCTGCCAATCCGGAGGTGCCGGCTCTGTTCTCAGCAGGACCGTTATAATAGCTTCAGGCCACAACGGTCAACTTGGTGTCAGGACCTAGACACACCAAAAATCCTAACAAATAAAGAGGCCATGTATGCAGCATGCTGGTTA,78531929123edca1e84fcf1695072be37da5a2dfb3df1850a883b0e2c4307641,0.0,AAGATCAGCCAAGGGCTACAGGGAGTGGCCTGCAACTCACAGCAGGAACAGCCCCTGCCCTGCCAATCCGGAGGTGCCGGCTCTGTTCTCAGCAGGACCCTTATAATAGCTTCAGGCCACAACGGTCAACTTGGTGTCAGGACCTAGACACACCAAAAATCCTAACAAATAAAGAGGCCATGTATGCAGCATGCTGGTTA,cc54adffaacad689b81f4fa6c5fa390c59f4d79d553526bdf4a72a755693c883,-0.58342213220378,AAGATCAGCCAAGGGCTACAGGGAGTGGCCTGCAACTCACAGCAGGAACAGCCCCTGCCCTGCCAATCCGGAGGTGCCGGCTCTGTTCTCAGCAGGACCGTTATAATAGCTTCAGGCCACAACGGTCAACTTGGTGTCAGGACCTAGACACACCAAAAATCCTAACAAATCAAGAGGCCATGTATGCAGCATGCTGGTTA,68d9f07d0313156781a223a07668bfae08bbebfed56d9c361a68b78ced83905e,0.291596332374158,AAGATCAGCCAAGGGCTACAGGGAGTGGCCTGCAACTCACAGCAGGAACAGCCCCTGCCCTGCCAATCCGGAGGTGCCGGCTCTGTTCTCAGCAGGACCCTTATAATAGCTTCAGGCCACAACGGTCAACTTGGTGTCAGGACCTAGACACACCAAAAATCCTAACAAATCAAGAGGCCATGTATGCAGCATGCTGGTTA,66a6ea97058a35625a917fe40264bd2d1e26e6ab70f21ce258973d86cf4c42d2,-0.491224066518357,-0.1993982666887349,0.404657525150742,-371.0016184588894,-373.5296921478584,-335.28920198231936,-368.6961130890995,-30.878837417811155,-1.0,0.1993982666887349,0.0,3,0.11927729186937694,0.18106719778262317,0.1474303780702046,0.13007216435857222,1.0
chr4:89048022:A:G;chr4:89048081:C:T;var1;middle;OL32|K562|ca1269458bab18d1,chr4:89048022:A:G;chr4:89048081:C:T;var1;middle;OL32,K562,K562_region_01697,100,159,59,GTATCTCAAAATAATAAGAGCTATTTATGACAAACCCACAGCCAATATCATACTGAATGGGCAAAAGCTGGAAGCATTCCCTTTGAAAACCGGCACAAGACAAGGACGCACTCTCTCACCACTCCTATTCAACATAATATTGGAAGTTCTGGCCAGGGCAATCAGGCAAGAGAAAGAAATAAAGTGTATTCAAATAGGAA,8ed395fd447e7b99956e5e9ba8960cf5f0f089e2b54a52261289a3ee17ec4c28,0.0,GTATCTCAAAATAATAAGAGCTATTTATGACAAACCCACAGCCAATATCATACTGAATGGGCAAAAGCTGGAAGCATTCCCTTTGAAAACCGGCACAAGGCAAGGACGCACTCTCTCACCACTCCTATTCAACATAATATTGGAAGTTCTGGCCAGGGCAATCAGGCAAGAGAAAGAAATAAAGTGTATTCAAATAGGAA,e1530519e5e9a3eb08e73b56293b3abf79641b7df5251c7de3fe97ecbca01460,-0.145470167186036,GTATCTCAAAATAATAAGAGCTATTTATGACAAACCCACAGCCAATATCATACTGAATGGGCAAAAGCTGGAAGCATTCCCTTTGAAAACCGGCACAAGACAAGGACGCACTCTCTCACCACTCCTATTCAACATAATATTGGAAGTTCTGGCCAGGGTAATCAGGCAAGAGAAAGAAATAAAGTGTATTCAAATAGGAA,f52bd05505a6073d020adb88ed51b05db8bc0dcb4a64b3276e5f5ebf449a2438,0.0627947921341303,GTATCTCAAAATAATAAGAGCTATTTATGACAAACCCACAGCCAATATCATACTGAATGGGCAAAAGCTGGAAGCATTCCCTTTGAAAACCGGCACAAGGCAAGGACGCACTCTCTCACCACTCCTATTCAACATAATATTGGAAGTTCTGGCCAGGGTAATCAGGCAAGAGAAAGAAATAAAGTGTATTCAAATAGGAA,ca1269458bab18d16078db425d5171395748b82315e7a4803eda1726f2930a30,-0.0819209990802821,0.0007543759716236,0.394137845015227,-105.29248798592016,-105.96516092959791,-107.93682850059122,-108.23562265746295,0.37387878680601716,-1.0,-0.0007543759716236,0.0,0,0.18625625965679182,0.18565657667894103,0.15145376406925343,0.13180452017051056,1.0
chr4:89206172:T:C;chr4:89206230:A:C;var1;middle;OL41|K562|a6a92930d7eb1bd5,chr4:89206172:T:C;chr4:89206230:A:C;var1;middle;OL41,K562,K562_region_01698,100,158,58,TAAGGGACTGTAGTTGTGACAGCCAGGAAACCGAGAACGGAATGCCAATACTGCTTAGGCTTAGAGTTTGAAAGGCATCTGATTTCACTGCCATGTCTTTGAACAGCAGTGCACAGTGCAGTCTTCTTCGTGGCTGAACAGGTATCTTGTGATCTTTAGGGAATGTCTATTAATTCATTAAACAAGTATTTCTGTGTTTA,47601596c6a75e5682e4a09be377e36bb4af8e6c87303ee3580185e49dbb99ad,0.0,TAAGGGACTGTAGTTGTGACAGCCAGGAAACCGAGAACGGAATGCCAATACTGCTTAGGCTTAGAGTTTGAAAGGCATCTGATTTCACTGCCATGTCTTCGAACAGCAGTGCACAGTGCAGTCTTCTTCGTGGCTGAACAGGTATCTTGTGATCTTTAGGGAATGTCTATTAATTCATTAAACAAGTATTTCTGTGTTTA,6f80c030d740fde3c3cb22c7aca7a3be82fff4d5de1af5e0585a3946d5752410,0.0341745582018476,TAAGGGACTGTAGTTGTGACAGCCAGGAAACCGAGAACGGAATGCCAATACTGCTTAGGCTTAGAGTTTGAAAGGCATCTGATTTCACTGCCATGTCTTTGAACAGCAGTGCACAGTGCAGTCTTCTTCGTGGCTGAACAGGTATCTTGTGATCTTTCGGGAATGTCTATTAATTCATTAAACAAGTATTTCTGTGTTTA,b5fa7cb21557c930b7393972ff4995f1fa87ae51885bc009a5ab6e817770b852,-0.0718698106485371,TAAGGGACTGTAGTTGTGACAGCCAGGAAACCGAGAACGGAATGCCAATACTGCTTAGGCTTAGAGTTTGAAAGGCATCTGATTTCACTGCCATGTCTTCGAACAGCAGTGCACAGTGCAGTCTTCTTCGTGGCTGAACAGGTATCTTGTGATCTTTCGGGAATGTCTATTAATTCATTAAACAAGTATTTCTGTGTTTA,a6a92930d7eb1bd54b9402ab119000fd749e9c29e387223803f0f1663e39f88e,0.0901026980648957,0.1277979505115852,0.242925966267789,-261.650501087308,-264.9215447977185,-263.9183875769377,-267.65074847638607,-0.4613171890378567,-1.0,-0.1277979505115852,0.0,2,0.17452275324449093,0.17490732828716207,0.146091925319964,0.14676962515896433,1.0
chr4:965720:A:G;chr4:965779:G:A;var1;middle;OL41|K562|997e6f31c76c1db2,chr4:965720:A:G;chr4:965779:G:A;var1;middle;OL41,K562,K562_region_01653,100,159,59,GTTGTGCCACGGAGCCCCAGGCAGTCCAGCTGGGACAGGGAGCTCTTCCAGAAGGCCCCGCTGGTGCCGCCCTTCACCTGCTGCAGCCCTAGCCACCCCAGTCTCCAGATGGGACCGGGAGAAGCTTCTCCTGGCAGCTTAAGAGAAAAGCTCTGGAAGCAGGCCAGGGTCCACCGAGAGAAGGGGGGACAGGCAGCACC,7c4c8e4a00e5c41d38f3797b6369eb04b458c9db3771c881756608171f1899c8,0.0,GTTGTGCCACGGAGCCCCAGGCAGTCCAGCTGGGACAGGGAGCTCTTCCAGAAGGCCCCGCTGGTGCCGCCCTTCACCTGCTGCAGCCCTAGCCACCCCGGTCTCCAGATGGGACCGGGAGAAGCTTCTCCTGGCAGCTTAAGAGAAAAGCTCTGGAAGCAGGCCAGGGTCCACCGAGAGAAGGGGGGACAGGCAGCACC,aef8f87b90126de336b0e3e117ad11d66331ccbe0fca79c8abd856c4431c8d7e,-1.12821518697773,GTTGTGCCACGGAGCCCCAGGCAGTCCAGCTGGGACAGGGAGCTCTTCCAGAAGGCCCCGCTGGTGCCGCCCTTCACCTGCTGCAGCCCTAGCCACCCCAGTCTCCAGATGGGACCGGGAGAAGCTTCTCCTGGCAGCTTAAGAGAAAAGCTCTGGAAACAGGCCAGGGTCCACCGAGAGAAGGGGGGACAGGCAGCACC,a3889f2bef5a7709a0b13f18d91c1288e1453ea9a81cb5a0ebca0bb0f4e22978,-1.23493820819895,GTTGTGCCACGGAGCCCCAGGCAGTCCAGCTGGGACAGGGAGCTCTTCCAGAAGGCCCCGCTGGTGCCGCCCTTCACCTGCTGCAGCCCTAGCCACCCCGGTCTCCAGATGGGACCGGGAGAAGCTTCTCCTGGCAGCTTAAGAGAAAAGCTCTGGAAACAGGCCAGGGTCCACCGAGAGAAGGGGGGACAGGCAGCACC,997e6f31c76c1db245f232d5b3cea6ce84ff859bbc488c5a87d49ada7b86ed1b,-1.036673068085,1.3264803270916798,0.507567694377489,-246.45802555978293,-253.47246696054933,-301.8956774561666,-301.07383636711165,7.836282489821372,-1.0,-1.3264803270916798,0.0,4,0.18591170348806674,0.17620727786206916,0.145609630836647,0.20121890006444262,1.0
chr4:987276:T:C;chr4:987343:G:T;var1;middle;OL41|K562|b5a33d7925795431,chr4:987276:T:C;chr4:987343:G:T;var1;middle;OL41,K562,K562_region_01654,100,167,67,GAGCAGCGGGGAGAGTGGGGGTGGTGGCGCCAACCTGCAGGCAGTGGTCTGTGCCCTGGACTCTGTAGTTCAATTATTTACCTACAGATTGCTGAGTCATGGGTTTCTCCAGCCATGTTACCTGATCGGCTGATCCGGGAGTTGAACTGTAATCAGGGGCTTGTAGGAGTTAGAGCTGTGTGGGCCTCTGAGGAGCTCCC,462c695beb7afc8b72d340364c187129f4ae00453a729778226e60eb8363f760,0.0,GAGCAGCGGGGAGAGTGGGGGTGGTGGCGCCAACCTGCAGGCAGTGGTCTGTGCCCTGGACTCTGTAGTTCAATTATTTACCTACAGATTGCTGAGTCACGGGTTTCTCCAGCCATGTTACCTGATCGGCTGATCCGGGAGTTGAACTGTAATCAGGGGCTTGTAGGAGTTAGAGCTGTGTGGGCCTCTGAGGAGCTCCC,1e1ce1c9336b926e20a46ebe5dda80569f4709845ddc150aac5e7114184e7c4b,0.12246201812891,GAGCAGCGGGGAGAGTGGGGGTGGTGGCGCCAACCTGCAGGCAGTGGTCTGTGCCCTGGACTCTGTAGTTCAATTATTTACCTACAGATTGCTGAGTCATGGGTTTCTCCAGCCATGTTACCTGATCGGCTGATCCGGGAGTTGAACTGTAATCAGGGGCTTGTAGTAGTTAGAGCTGTGTGGGCCTCTGAGGAGCTCCC,b63aa9baba05a52214bed3d5dd91d0c0891f65826e4c0770570f75cb7062f072,-0.19048062420218,GAGCAGCGGGGAGAGTGGGGGTGGTGGCGCCAACCTGCAGGCAGTGGTCTGTGCCCTGGACTCTGTAGTTCAATTATTTACCTACAGATTGCTGAGTCACGGGTTTCTCCAGCCATGTTACCTGATCGGCTGATCCGGGAGTTGAACTGTAATCAGGGGCTTGTAGTAGTTAGAGCTGTGTGGGCCTCTGAGGAGCTCCC,b5a33d79257954313a7d04af358769dc66f39edf6c9426a100c58ffe8359bac6,0.0575205305108492,0.1255391365841192,0.158406985034972,-269.963410936296,-259.0188391953707,-258.1417500525713,-259.8746076077223,-12.677429296076298,-1.0,-0.1255391365841192,0.0,2,0.1567351063217678,0.17490732828716207,0.146091925319964,0.03295996850014174,1.0
chr4:987343:G:T;chr4:987391:C:G;var1;middle;OL41|K562|8291871dcc5fc31b,chr4:987343:G:T;chr4:987391:C:G;var1;middle;OL41,K562,K562_region_01654,100,148,48,GTTCAATTATTTACCTACAGATTGCTGAGTCATGGGTTTCTCCAGCCATGTTACCTGATCGGCTGATCCGGGAGTTGAACTGTAATCAGGGGCTTGTAGGAGTTAGAGCTGTGTGGGCCTCTGAGGAGCTCCCAGCCTCCCAGGAGCCGCTGCAGCTGTGGCTCTGCGGCCCTGCCGGGGGGGCTTAGGGACCAGCGGGA,c00499871f2fe0cbb45a01d5a85f059602f8610fc56b9443f797e1971ed92b36,0.0,GTTCAATTATTTACCTACAGATTGCTGAGTCATGGGTTTCTCCAGCCATGTTACCTGATCGGCTGATCCGGGAGTTGAACTGTAATCAGGGGCTTGTAGTAGTTAGAGCTGTGTGGGCCTCTGAGGAGCTCCCAGCCTCCCAGGAGCCGCTGCAGCTGTGGCTCTGCGGCCCTGCCGGGGGGGCTTAGGGACCAGCGGGA,62276907e4f14b9a2ce6ef011156e74af3b6cf210e1f23333ef1548c9acd7b9c,0.119361702538704,GTTCAATTATTTACCTACAGATTGCTGAGTCATGGGTTTCTCCAGCCATGTTACCTGATCGGCTGATCCGGGAGTTGAACTGTAATCAGGGGCTTGTAGGAGTTAGAGCTGTGTGGGCCTCTGAGGAGCTCCCAGCCTCCCAGGAGCGGCTGCAGCTGTGGCTCTGCGGCCCTGCCGGGGGGGCTTAGGGACCAGCGGGA,631f51d56795a58a32804953296b2c9ffa73c259de1244a7f1eaa16bdac8eceb,0.183634307389107,GTTCAATTATTTACCTACAGATTGCTGAGTCATGGGTTTCTCCAGCCATGTTACCTGATCGGCTGATCCGGGAGTTGAACTGTAATCAGGGGCTTGTAGTAGTTAGAGCTGTGTGGGCCTCTGAGGAGCTCCCAGCCTCCCAGGAGCGGCTGCAGCTGTGGCTCTGCGGCCCTGCCGGGGGGGCTTAGGGACCAGCGGGA,8291871dcc5fc31b22d1af9a0c330ea53e1e467b6732aa9d2932ceebbaa648a5,0.0876194639524382,0.2153765459753728,0.281013778737616,-343.98438314022496,-346.80201337113976,-343.05980630847625,-345.6783384049777,-0.19909813441336155,1.0,0.2153765459753728,0.0,2,0.17490456538891153,0.17490732828716207,0.146091925319964,0.15930981104988515,1.0
chr4:9995182:G:C;chr4:9995240:C:T;var1;middle;OL32|K562|223e87a71ff22ac3,chr4:9995182:G:C;chr4:9995240:C:T;var1;middle;OL32,K562,K562_region_01674,100,158,58,GGGATGAACACTTCACATCCACCATTTCATTTAATCTTCACAACAACCCTCTGACATGGCCATTCTTTATCTTCATGTCATCGTGAACTAAGTAAAGATGAAAGAGTTTAAGAAACACATAGCTGTGTGTATCGGAGCCCAGACTTGAAGCTGGGCCCGTAGCTAGTGTTTGTACACCAAACATAGTCACTGTCCTGTCT,0544dc1734cdb75905f3244dfd1c2eb686c7a2440c4cb1ff0d3ca0291ca2ef10,0.0,GGGATGAACACTTCACATCCACCATTTCATTTAATCTTCACAACAACCCTCTGACATGGCCATTCTTTATCTTCATGTCATCGTGAACTAAGTAAAGATCAAAGAGTTTAAGAAACACATAGCTGTGTGTATCGGAGCCCAGACTTGAAGCTGGGCCCGTAGCTAGTGTTTGTACACCAAACATAGTCACTGTCCTGTCT,9ce4a4f229d600eda875f7c0e19f35131acdcde0fa2f9e7ba7dd7ac7bc718dc7,0.618999467173457,GGGATGAACACTTCACATCCACCATTTCATTTAATCTTCACAACAACCCTCTGACATGGCCATTCTTTATCTTCATGTCATCGTGAACTAAGTAAAGATGAAAGAGTTTAAGAAACACATAGCTGTGTGTATCGGAGCCCAGACTTGAAGCTGGGCCTGTAGCTAGTGTTTGTACACCAAACATAGTCACTGTCCTGTCT,ec5e7ce05f4b6007a27ab523b8d305e8db6039c9441ef2410912fbf3ae40d74c,0.0002394673226038,GGGATGAACACTTCACATCCACCATTTCATTTAATCTTCACAACAACCCTCTGACATGGCCATTCTTTATCTTCATGTCATCGTGAACTAAGTAAAGATCAAAGAGTTTAAGAAACACATAGCTGTGTGTATCGGAGCCCAGACTTGAAGCTGGGCCTGTAGCTAGTGTTTGTACACCAAACATAGTCACTGTCCTGTCT,223e87a71ff22ac31f2249a56687f8c0fbc42f1eeedc3192318aa61a3808ef9a,0.738548746140657,-0.1193098116445962,0.4301598803376,-220.0382045209408,-223.05297332257032,-216.8617222830653,-220.0856586229056,0.20916753821077805,1.0,-0.1193098116445962,0.0,2,0.17549903321727423,0.17490732828716207,0.146091925319964,0.05568025419674416,1.0
chr5:1028876:A:G;chr5:1028918:G:A;var1;middle;OL41|K562|b0627f3e4cf5377e,chr5:1028876:A:G;chr5:1028918:G:A;var1;middle;OL41,K562,K562_region_01725,100,142,42,GGACAGGCTAGAGGAGGCGCCTAGGCACCCCAAACCGGAAGTGCAGCTGGGACAGGAAGGGGGGCGGAACAGGTTGGGGGATCACAGGAGGGTCTCGCTAGGGACAGGGCCAGAGGGATTGAGGGGGAGGGTTGGGCCCTCGGGAGGGAGTGAGGGTAGGGTGGGTCCTCAGGAGGGCGAGGCCAGGTGGGGGCTGCATC,cfa707c7d3ee880e31de50c943f74e7916dbb453d50a88ab96bb7388f40873da,0.0,GGACAGGCTAGAGGAGGCGCCTAGGCACCCCAAACCGGAAGTGCAGCTGGGACAGGAAGGGGGGCGGAACAGGTTGGGGGATCACAGGAGGGTCTCGCTGGGGACAGGGCCAGAGGGATTGAGGGGGAGGGTTGGGCCCTCGGGAGGGAGTGAGGGTAGGGTGGGTCCTCAGGAGGGCGAGGCCAGGTGGGGGCTGCATC,9ab8baa90334412a3b62e2b60e556f6f6cbdd8597366e5a49ff268eca37a3ab6,0.178050092845688,GGACAGGCTAGAGGAGGCGCCTAGGCACCCCAAACCGGAAGTGCAGCTGGGACAGGAAGGGGGGCGGAACAGGTTGGGGGATCACAGGAGGGTCTCGCTAGGGACAGGGCCAGAGGGATTGAGGGGGAGGGTTGGGCCCTCAGGAGGGAGTGAGGGTAGGGTGGGTCCTCAGGAGGGCGAGGCCAGGTGGGGGCTGCATC,e3c1af0407468c8c831f7884b1996e7d07d879ea7ddcb67f7ef2e10e41c3e03f,-0.0057091614345179,GGACAGGCTAGAGGAGGCGCCTAGGCACCCCAAACCGGAAGTGCAGCTGGGACAGGAAGGGGGGCGGAACAGGTTGGGGGATCACAGGAGGGTCTCGCTGGGGACAGGGCCAGAGGGATTGAGGGGGAGGGTTGGGCCCTCAGGAGGGAGTGAGGGTAGGGTGGGTCCTCAGGAGGGCGAGGCCAGGTGGGGGCTGCATC,b0627f3e4cf5377e924e375e708db843469a019ccfe126018150b9aa0f19f5c4,-0.17688988178964,0.34923081320081,0.27778161138741,-236.41684571653605,-232.916300162673,-228.7027201838792,-224.6843798346817,-0.5177947953344528,1.0,0.34923081320081,0.0,2,0.17444051728340593,0.17490732828716207,0.146091925319964,0.07998269262484613,1.0
chr5:10308182:C:A;chr5:10308222:A:C;var1;middle;OL41|K562|267ecfeb4fe67c5f,chr5:10308182:C:A;chr5:10308222:A:C;var1;middle;OL41,K562,K562_region_01734,100,140,40,AGGGAGGGAGAGATGGGAGAGGCTCCAAGATAAAGAAAGGTGCAGGGAGAGGGGGTGGGAGGGAGGGAACCGCAGAGAGGAAGGGAGAAGAGAATCAGGCAGCCTTGAGGGAGGAGGCAGGGAGGCCAGGAGAAGGAAGACAGCCAGCCTTCTGTGAGATTTACGTGCGTGCCTGGCTTCCAAGACAAGTAACTTCTGTT,e4661177cc3ec359f86414b36ae486967d046db52b3cb777548a9e6a0f395083,0.0,AGGGAGGGAGAGATGGGAGAGGCTCCAAGATAAAGAAAGGTGCAGGGAGAGGGGGTGGGAGGGAGGGAACCGCAGAGAGGAAGGGAGAAGAGAATCAGGAAGCCTTGAGGGAGGAGGCAGGGAGGCCAGGAGAAGGAAGACAGCCAGCCTTCTGTGAGATTTACGTGCGTGCCTGGCTTCCAAGACAAGTAACTTCTGTT,a56f6dcb4cfacf0e07862c8a1f44b6e5f45ae32d6bc9d41fae1d8858f43d56fc,0.460433672754527,AGGGAGGGAGAGATGGGAGAGGCTCCAAGATAAAGAAAGGTGCAGGGAGAGGGGGTGGGAGGGAGGGAACCGCAGAGAGGAAGGGAGAAGAGAATCAGGCAGCCTTGAGGGAGGAGGCAGGGAGGCCAGGAGAAGGAAGCCAGCCAGCCTTCTGTGAGATTTACGTGCGTGCCTGGCTTCCAAGACAAGTAACTTCTGTT,9bc47a85591f4fb8772b6002939e83f28346e9285328fe070963dd51b0bf2c85,0.0194731055796347,AGGGAGGGAGAGATGGGAGAGGCTCCAAGATAAAGAAAGGTGCAGGGAGAGGGGGTGGGAGGGAGGGAACCGCAGAGAGGAAGGGAGAAGAGAATCAGGAAGCCTTGAGGGAGGAGGCAGGGAGGCCAGGAGAAGGAAGCCAGCCAGCCTTCTGTGAGATTTACGTGCGTGCCTGGCTTCCAAGACAAGTAACTTCTGTT,267ecfeb4fe67c5f0731254248514a227151d6a4374dc28ccd374a9aa0069fca,0.47608633412845,0.0038204442057117,0.18411811188309,-246.21512576611715,-261.4088307290804,-243.3168002791936,-250.24063949484844,-8.269865747308472,1.0,0.0038204442057117,0.0,1,0.17395106854598144,0.18216460459877223,0.1501433469024087,0.07328794435631932,1.0
chr5:10308182:C:A;chr5:10308240:G:A;var1;middle;OL41|K562|b358676fe5c49ddd,chr5:10308182:C:A;chr5:10308240:G:A;var1;middle;OL41,K562,K562_region_01734,100,158,58,AGGGAGGGAGAGATGGGAGAGGCTCCAAGATAAAGAAAGGTGCAGGGAGAGGGGGTGGGAGGGAGGGAACCGCAGAGAGGAAGGGAGAAGAGAATCAGGCAGCCTTGAGGGAGGAGGCAGGGAGGCCAGGAGAAGGAAGACAGCCAGCCTTCTGTGAGATTTACGTGCGTGCCTGGCTTCCAAGACAAGTAACTTCTGTT,e4661177cc3ec359f86414b36ae486967d046db52b3cb777548a9e6a0f395083,0.0,AGGGAGGGAGAGATGGGAGAGGCTCCAAGATAAAGAAAGGTGCAGGGAGAGGGGGTGGGAGGGAGGGAACCGCAGAGAGGAAGGGAGAAGAGAATCAGGAAGCCTTGAGGGAGGAGGCAGGGAGGCCAGGAGAAGGAAGACAGCCAGCCTTCTGTGAGATTTACGTGCGTGCCTGGCTTCCAAGACAAGTAACTTCTGTT,a56f6dcb4cfacf0e07862c8a1f44b6e5f45ae32d6bc9d41fae1d8858f43d56fc,0.460414638899427,AGGGAGGGAGAGATGGGAGAGGCTCCAAGATAAAGAAAGGTGCAGGGAGAGGGGGTGGGAGGGAGGGAACCGCAGAGAGGAAGGGAGAAGAGAATCAGGCAGCCTTGAGGGAGGAGGCAGGGAGGCCAGGAGAAGGAAGACAGCCAGCCTTCTGTGAAATTTACGTGCGTGCCTGGCTTCCAAGACAAGTAACTTCTGTT,2b101f197c7e8d41249637b8dc10684c6feb96aba5e0c5b58eb1c2c0ab7e6761,0.217138989872896,AGGGAGGGAGAGATGGGAGAGGCTCCAAGATAAAGAAAGGTGCAGGGAGAGGGGGTGGGAGGGAGGGAACCGCAGAGAGGAAGGGAGAAGAGAATCAGGAAGCCTTGAGGGAGGAGGCAGGGAGGCCAGGAGAAGGAAGACAGCCAGCCTTCTGTGAAATTTACGTGCGTGCCTGGCTTCCAAGACAAGTAACTTCTGTT,b358676fe5c49dddb64fb95704aea63a720242762bda7a84cbb2f3c50e6f18ff,0.849453496000818,-0.1718998672284949,0.180431287937015,-246.21512576611715,-261.4088307290804,-248.01123105408624,-261.0004734448157,-2.2044625722337514,1.0,-0.1718998672284949,0.0,1,0.1801222515610829,0.18216460459877223,0.1501433469024087,0.11351738162263782,1.0
chr5:10308222:A:C;chr5:10308240:G:A;var1;middle;OL41|K562|a3826333e54703f9,chr5:10308222:A:C;chr5:10308240:G:A;var1;middle;OL41,K562,K562_region_01734,100,118,18,TGCAGGGAGAGGGGGTGGGAGGGAGGGAACCGCAGAGAGGAAGGGAGAAGAGAATCAGGCAGCCTTGAGGGAGGAGGCAGGGAGGCCAGGAGAAGGAAGACAGCCAGCCTTCTGTGAGATTTACGTGCGTGCCTGGCTTCCAAGACAAGTAACTTCTGTTGTAAATACAAATTAAGCTATTTTTTGTTTATTTTATTTTA,3e7aba14ad592dd6d8ce62c5ba9e52216a22e17357994ba77a58fd94ae2b79b1,0.0,TGCAGGGAGAGGGGGTGGGAGGGAGGGAACCGCAGAGAGGAAGGGAGAAGAGAATCAGGCAGCCTTGAGGGAGGAGGCAGGGAGGCCAGGAGAAGGAAGCCAGCCAGCCTTCTGTGAGATTTACGTGCGTGCCTGGCTTCCAAGACAAGTAACTTCTGTTGTAAATACAAATTAAGCTATTTTTTGTTTATTTTATTTTA,d942ac455383652a344b90a2c0439a965cf65bbcf856234ef54d503294f1e45d,0.161422433737992,TGCAGGGAGAGGGGGTGGGAGGGAGGGAACCGCAGAGAGGAAGGGAGAAGAGAATCAGGCAGCCTTGAGGGAGGAGGCAGGGAGGCCAGGAGAAGGAAGACAGCCAGCCTTCTGTGAAATTTACGTGCGTGCCTGGCTTCCAAGACAAGTAACTTCTGTTGTAAATACAAATTAAGCTATTTTTTGTTTATTTTATTTTA,949bc265ef196212d4d48fdb9cf952f5b534f2dc03e6854a7136f435a6773382,0.120405473403588,TGCAGGGAGAGGGGGTGGGAGGGAGGGAACCGCAGAGAGGAAGGGAGAAGAGAATCAGGCAGCCTTGAGGGAGGAGGCAGGGAGGCCAGGAGAAGGAAGCCAGCCAGCCTTCTGTGAAATTTACGTGCGTGCCTGGCTTCCAAGACAAGTAACTTCTGTTGTAAATACAAATTAAGCTATTTTTTGTTTATTTTATTTTA,a3826333e54703f947400f441134a10d149d024e4802197e3e839742584f5012,0.378003405512047,-0.0961754983704669,0.255275687734151,-213.49416321143508,-210.708858515136,-213.8034529983997,-215.1213015555404,4.103153253439814,1.0,-0.0961754983704669,0.0,1,0.18653987138380848,0.18216460459877223,0.1501433469024087,0.015306963697652859,1.0
chr5:106810888:C:T;chr5:106810945:T:C;var1;middle;OL30|K562|594e0af7ff8d9431,chr5:106810888:C:T;chr5:106810945:T:C;var1;middle;OL30,K562,K562_region_01761,100,157,57,AAGGATGTATCCTCAAGTTACTACTTGTGGCATTTGTAACACGCTCCCTGTTGAACAAAGGTGTCACAGTAGCACAGTGAATAAACAATCCTTTTTTCTCCCTGTAAGTTATACGATATTAAATGTTAATAATTAATTTGTCTTTGTGGATTAACATACAAGAGCTTTTCAAACAGGTACTGGTGCAACCCCACCCTTGT,829aa5c8b5c9e884f32fb9e82e8b594d23b017d8af475411495d5a837d5a8b79,0.0,AAGGATGTATCCTCAAGTTACTACTTGTGGCATTTGTAACACGCTCCCTGTTGAACAAAGGTGTCACAGTAGCACAGTGAATAAACAATCCTTTTTTCTTCCTGTAAGTTATACGATATTAAATGTTAATAATTAATTTGTCTTTGTGGATTAACATACAAGAGCTTTTCAAACAGGTACTGGTGCAACCCCACCCTTGT,4b8ac158d054e19d8b97f2dae7d12bc49cd6f73c63a393ea0d3e812a635857b1,0.282383218651616,AAGGATGTATCCTCAAGTTACTACTTGTGGCATTTGTAACACGCTCCCTGTTGAACAAAGGTGTCACAGTAGCACAGTGAATAAACAATCCTTTTTTCTCCCTGTAAGTTATACGATATTAAATGTTAATAATTAATTTGTCTTTGTGGATTAACACACAAGAGCTTTTCAAACAGGTACTGGTGCAACCCCACCCTTGT,cd3ecfda93255a64bc94afea1af1cabf5fc866da7b62749df6fe607a286e8259,0.508199666926126,AAGGATGTATCCTCAAGTTACTACTTGTGGCATTTGTAACACGCTCCCTGTTGAACAAAGGTGTCACAGTAGCACAGTGAATAAACAATCCTTTTTTCTTCCTGTAAGTTATACGATATTAAATGTTAATAATTAATTTGTCTTTGTGGATTAACACACAAGAGCTTTTCAAACAGGTACTGGTGCAACCCCACCCTTGT,594e0af7ff8d94315bfe9746b733e879fcd23b20496a990c3995a5f555ce572d,0.215771497457,0.574811388120742,0.26876756311467,-269.162891805172,-270.4139577150345,-267.6104964017868,-269.0072170197964,0.14565470814716264,1.0,0.574811388120742,0.0,2,0.1754065534015738,0.17490732828716207,0.146091925319964,0.17266919931946256,1.0
chr5:106893481:C:T;chr5:106893495:C:T;var1;middle;OL30|K562|651d840162bdcc5a,chr5:106893481:C:T;chr5:106893495:C:T;var1;middle;OL30,K562,K562_region_01762,100,114,14,TATCAGAGATTTTGCTCAATAACTAAAATTATAAGTGACCTTTTTCAGAGTTCCTTTAGAGACAAAATAGCTTGTATATACAAAGTTTTGTTACCATTACATGTGTTTAGAAGCGTTTTTACCTTTGAATAATCTAAATAGTTGGCCTCTTATAATAATGATGTAAATAATGAAGCAGTCAAGTGGAGCGGTTCACAGCA,fbcf8a1e889c8d0935cd6045a433700732cb3e227ac003762e4806fb5e2ba549,0.0,TATCAGAGATTTTGCTCAATAACTAAAATTATAAGTGACCTTTTTCAGAGTTCCTTTAGAGACAAAATAGCTTGTATATACAAAGTTTTGTTACCATTATATGTGTTTAGAAGCGTTTTTACCTTTGAATAATCTAAATAGTTGGCCTCTTATAATAATGATGTAAATAATGAAGCAGTCAAGTGGAGCGGTTCACAGCA,d3281373fd1ca2582e62206ba7c1b069b5e8aec4a365709ecd5c406921fe367f,-0.0332403244019405,TATCAGAGATTTTGCTCAATAACTAAAATTATAAGTGACCTTTTTCAGAGTTCCTTTAGAGACAAAATAGCTTGTATATACAAAGTTTTGTTACCATTACATGTGTTTAGAAGTGTTTTTACCTTTGAATAATCTAAATAGTTGGCCTCTTATAATAATGATGTAAATAATGAAGCAGTCAAGTGGAGCGGTTCACAGCA,718c53019fa670f323f362c85ce809ed2379fb924483f77ef71457891dd64d0e,0.171949017028022,TATCAGAGATTTTGCTCAATAACTAAAATTATAAGTGACCTTTTTCAGAGTTCCTTTAGAGACAAAATAGCTTGTATATACAAAGTTTTGTTACCATTATATGTGTTTAGAAGTGTTTTTACCTTTGAATAATCTAAATAGTTGGCCTCTTATAATAATGATGTAAATAATGAAGCAGTCAAGTGGAGCGGTTCACAGCA,651d840162bdcc5a9744437654bb964e539c738a35235e49cf812188f52b4d21,0.300613531848057,0.1619048392219755,0.237354270358973,-290.20405117049813,-301.1367258243263,-292.4039057623595,-299.04200349282473,4.294576923362911,-1.0,-0.1619048392219755,0.0,3,0.19012306991627942,0.18106719778262317,0.1474303780702046,0.12043353167963589,1.0
chr5:110153295:A:C;chr5:110153341:C:A;var1;middle;OL33|K562|0190270d367bd3fa,chr5:110153295:A:C;chr5:110153341:C:A;var1;middle;OL33,K562,K562_region_01763,100,146,46,TTAAGGTGGGGCCAAGTCATAAATTCCCTAAAACTCAGGTTAAGGAGGTGTATGTTTCTTCCTGAATTATTCAGAGGTGATGAAAGATGAAGTGAAAACACTTATCAAGTGAAAACACATTTCTTTTTAATCGGGAGTCTTACATCTCATTGTACAGATGTGCATGACTCACTTGGCCTACCTCGCAATTGATTCGAAGT,fe3dbd669f5bd198184c082df2b56daf3f18e7b18c29859070055af0abfcc157,0.0,TTAAGGTGGGGCCAAGTCATAAATTCCCTAAAACTCAGGTTAAGGAGGTGTATGTTTCTTCCTGAATTATTCAGAGGTGATGAAAGATGAAGTGAAAACCCTTATCAAGTGAAAACACATTTCTTTTTAATCGGGAGTCTTACATCTCATTGTACAGATGTGCATGACTCACTTGGCCTACCTCGCAATTGATTCGAAGT,0ff9d1312abed4e3040e2eadca02f40c78832ffce059d0357723ec5ecf14efcd,0.515250128780453,TTAAGGTGGGGCCAAGTCATAAATTCCCTAAAACTCAGGTTAAGGAGGTGTATGTTTCTTCCTGAATTATTCAGAGGTGATGAAAGATGAAGTGAAAACACTTATCAAGTGAAAACACATTTCTTTTTAATCGGGAGTCTTACATATCATTGTACAGATGTGCATGACTCACTTGGCCTACCTCGCAATTGATTCGAAGT,6976faea19f8678404041a357a151c91d5f4d6957a00ce8b56d17571264df79c,0.0227879715467667,TTAAGGTGGGGCCAAGTCATAAATTCCCTAAAACTCAGGTTAAGGAGGTGTATGTTTCTTCCTGAATTATTCAGAGGTGATGAAAGATGAAGTGAAAACCCTTATCAAGTGAAAACACATTTCTTTTTAATCGGGAGTCTTACATATCATTGTACAGATGTGCATGACTCACTTGGCCTACCTCGCAATTGATTCGAAGT,0190270d367bd3fa1651cac1b30ef0ed0f0766dbd77e7c3382cfb92159e0b8af,0.372651463769766,0.1653866365574536,0.332149462922807,-362.1067037233152,-387.6703636958264,-365.6245621361304,-388.4486181905959,-2.7396039180457024,1.0,0.1653866365574536,0.0,4,0.17280383017423134,0.17620727786206916,0.145609630836647,0.03738484919995097,1.0
chr5:110878320:C:T;chr5:110878329:T:A;var1;middle;OL32|K562|d982c9207f4abcf8,chr5:110878320:C:T;chr5:110878329:T:A;var1;middle;OL32,K562,K562_region_01764,100,109,9,AAAACATATAGATCCTCATTGCTGTGGGTCTTACAGTGCAGTCTTGGTGAGCTTTCATTCATTTATTCACTCTGCATCTTGTGTGATGCATCTCCTCAGCACCATGTCTTGTATCAGATGCCAGGAACACAGAGATTAACAAAACATGGTCTCACCCATGAAAGACATTAACATTATTGGTGTTATTGAATGAGAGGAGC,aa1a6c4d4cef93251a83dcb7a8702216be18c77004cf55ba677b115122f77fa5,0.0,AAAACATATAGATCCTCATTGCTGTGGGTCTTACAGTGCAGTCTTGGTGAGCTTTCATTCATTTATTCACTCTGCATCTTGTGTGATGCATCTCCTCAGTACCATGTCTTGTATCAGATGCCAGGAACACAGAGATTAACAAAACATGGTCTCACCCATGAAAGACATTAACATTATTGGTGTTATTGAATGAGAGGAGC,f6cc7b0e60b74f7ee512ebc3f645be01f82e693d66b4cb5f5a5529e73c20e474,-0.115157744210601,AAAACATATAGATCCTCATTGCTGTGGGTCTTACAGTGCAGTCTTGGTGAGCTTTCATTCATTTATTCACTCTGCATCTTGTGTGATGCATCTCCTCAGCACCATGTCATGTATCAGATGCCAGGAACACAGAGATTAACAAAACATGGTCTCACCCATGAAAGACATTAACATTATTGGTGTTATTGAATGAGAGGAGC,296e078bcb02ba869567c206d75744af34c3c2ea6737dd99fbb75d379befe46c,0.407962940134542,AAAACATATAGATCCTCATTGCTGTGGGTCTTACAGTGCAGTCTTGGTGAGCTTTCATTCATTTATTCACTCTGCATCTTGTGTGATGCATCTCCTCAGTACCATGTCATGTATCAGATGCCAGGAACACAGAGATTAACAAAACATGGTCTCACCCATGAAAGACATTAACATTATTGGTGTTATTGAATGAGAGGAGC,d982c9207f4abcf87be694e203ce3f2245efe4067c00272bca49f0e497615e48,-0.0665931514709044,-0.3593983473948454,0.519999011208088,-234.6956226564944,-239.9318403527141,-232.6373833604157,-235.63089225068688,2.2427088059484674,-1.0,0.3593983473948454,0.0,1,0.18464698102788304,0.18216460459877223,0.1501433469024087,0.2181680393298358,1.0
chr5:111061847:T:G;chr5:111061881:C:T;var1;middle;OL32|K562|51d310dfea95c2ef,chr5:111061847:T:G;chr5:111061881:C:T;var1;middle;OL32,K562,K562_region_01765,100,134,34,ATACATCCTAGGGAAGGATATTGACAATAATGGGAAATAATTGATTATAATTATATGTAAGAAGACATTTTTGGCATTCAGTGCCTTCTACTAATTTTCTTTGTTTCACTCTCCCATGGCTTTCCCTCAAGAGCAAGAAATTCTTTGACAAGAGTCAGGAAGAGAAAACCAAAAAGCCGTTAAAAAAAAAAAATTGTTAC,e3f0730ca31d5a57570c8e2a1de2640965d5f49fd8124183e0482a7259d5d8f8,0.0,ATACATCCTAGGGAAGGATATTGACAATAATGGGAAATAATTGATTATAATTATATGTAAGAAGACATTTTTGGCATTCAGTGCCTTCTACTAATTTTCGTTGTTTCACTCTCCCATGGCTTTCCCTCAAGAGCAAGAAATTCTTTGACAAGAGTCAGGAAGAGAAAACCAAAAAGCCGTTAAAAAAAAAAAATTGTTAC,145d50b7470946af6a5b800409a32ea85cd38066f0d1b9c0d5660ec25d1eec76,-0.394030919678391,ATACATCCTAGGGAAGGATATTGACAATAATGGGAAATAATTGATTATAATTATATGTAAGAAGACATTTTTGGCATTCAGTGCCTTCTACTAATTTTCTTTGTTTCACTCTCCCATGGCTTTCCCTCAAGAGTAAGAAATTCTTTGACAAGAGTCAGGAAGAGAAAACCAAAAAGCCGTTAAAAAAAAAAAATTGTTAC,3038f43e4d92a90b0be5b96150cda8d688eb7001a1729ad7be3b1f43cd63fd1c,-0.305247026006979,ATACATCCTAGGGAAGGATATTGACAATAATGGGAAATAATTGATTATAATTATATGTAAGAAGACATTTTTGGCATTCAGTGCCTTCTACTAATTTTCGTTGTTTCACTCTCCCATGGCTTTCCCTCAAGAGTAAGAAATTCTTTGACAAGAGTCAGGAAGAGAAAACCAAAAAGCCGTTAAAAAAAAAAAATTGTTAC,51d310dfea95c2ef7b75abbce8d55eb96d7d319202128096c16b2121e73567b2,-0.125504776180688,0.5737731695046819,0.409837346660507,-320.5469406824559,-342.0289100697264,-284.6477811988443,-301.5646294634789,4.565121122635901,-1.0,-0.5737731695046819,0.0,1,0.18700989591237088,0.18216460459877223,0.1501433469024087,0.2807511972954279,1.0
chr5:1181630:C:T;chr5:1181651:G:A;var1;middle;OL41|K562|2c8f8d6c06425406,chr5:1181630:C:T;chr5:1181651:G:A;var1;middle;OL41,K562,K562_region_01726,100,121,21,GCTCTGGGACCTTCTGGAAAAGAGGTAGCCCTTGTCTTTTCAGTGCTTCAGAGGCCGTGCTAGTTCTTTGCCAACACACGGGCAGGAAGAGTTGAGTGGCGTCCAAGGGCCGGAAAAGCCGAGCCCCTCCCCAGTCCTGGCCTTGAAGGCTGCTCTGTTCCTGAGCTGGGCACAGAAGCTGCAGTGACTCAGGGTCCACC,161ec30cf7a1d6de96afbaf9141506eb0d4e8169f1069641897efb7c41a9a76e,0.0,GCTCTGGGACCTTCTGGAAAAGAGGTAGCCCTTGTCTTTTCAGTGCTTCAGAGGCCGTGCTAGTTCTTTGCCAACACACGGGCAGGAAGAGTTGAGTGGTGTCCAAGGGCCGGAAAAGCCGAGCCCCTCCCCAGTCCTGGCCTTGAAGGCTGCTCTGTTCCTGAGCTGGGCACAGAAGCTGCAGTGACTCAGGGTCCACC,9ad783f7e3a8aa04df16b978322ca4884f1407f468c6bd234d9d1c0e4f1f4971,0.193901079950012,GCTCTGGGACCTTCTGGAAAAGAGGTAGCCCTTGTCTTTTCAGTGCTTCAGAGGCCGTGCTAGTTCTTTGCCAACACACGGGCAGGAAGAGTTGAGTGGCGTCCAAGGGCCGGAAAAGCCAAGCCCCTCCCCAGTCCTGGCCTTGAAGGCTGCTCTGTTCCTGAGCTGGGCACAGAAGCTGCAGTGACTCAGGGTCCACC,cadfe8574d4162294d9fb3fb72c8fcf1c6c6ffeb9584049a87eff4dfe8542e0c,0.478525925251371,GCTCTGGGACCTTCTGGAAAAGAGGTAGCCCTTGTCTTTTCAGTGCTTCAGAGGCCGTGCTAGTTCTTTGCCAACACACGGGCAGGAAGAGTTGAGTGGTGTCCAAGGGCCGGAAAAGCCAAGCCCCTCCCCAGTCCTGGCCTTGAAGGCTGCTCTGTTCCTGAGCTGGGCACAGAAGCTGCAGTGACTCAGGGTCCACC,2c8f8d6c064254063f07950fc00ef6b99fb3bd837113ce681fb7da7319945af6,0.428665227134383,0.243761778067,0.197714007406422,-246.491589454934,-238.90002005547285,-239.14316486753523,-234.34623074531555,2.7946352772414684,1.0,0.243761778067,0.0,3,0.18710190933420787,0.18106719778262317,0.1474303780702046,0.01502483082608766,1.0
chr5:1186086:C:T;chr5:1186121:G:A;var1;middle;OL41|K562|6fbb0ea4749614e4,chr5:1186086:C:T;chr5:1186121:G:A;var1;middle;OL41,K562,K562_region_01727,100,135,35,CTCTGTGCTTCCGCTGCCACCCGCTGATCTCAGCTGTTATCTTGACACAGAGGAAAGTCAAACTGCAGCCTGTCCCAGCTTATCTCTGGGTTATTTCCGCAAAGATCCACGTTTGGGTAAGCACTGGCTCTCCTGATAACCTAGCAGTAAACACAGCCAGGAATGTGATGCCCATAGGAGAGGCACAGTGCCAGTGCAAG,0b49a6e3ca7a296e2e279f1af0486dc64f769584a5bd27aa1528a2f44d6b3bd6,0.0,CTCTGTGCTTCCGCTGCCACCCGCTGATCTCAGCTGTTATCTTGACACAGAGGAAAGTCAAACTGCAGCCTGTCCCAGCTTATCTCTGGGTTATTTCCGTAAAGATCCACGTTTGGGTAAGCACTGGCTCTCCTGATAACCTAGCAGTAAACACAGCCAGGAATGTGATGCCCATAGGAGAGGCACAGTGCCAGTGCAAG,1c31010e88463ef4b669197496e3f8a505465f850bdae9f2a70dd78898998fde,-0.137108587426064,CTCTGTGCTTCCGCTGCCACCCGCTGATCTCAGCTGTTATCTTGACACAGAGGAAAGTCAAACTGCAGCCTGTCCCAGCTTATCTCTGGGTTATTTCCGCAAAGATCCACGTTTGGGTAAGCACTGGCTCTCCTAATAACCTAGCAGTAAACACAGCCAGGAATGTGATGCCCATAGGAGAGGCACAGTGCCAGTGCAAG,08f7b09691235d185f5417a4dc45d9165afdf2f481c51b11b997d0b0c837b1a6,0.396200663035703,CTCTGTGCTTCCGCTGCCACCCGCTGATCTCAGCTGTTATCTTGACACAGAGGAAAGTCAAACTGCAGCCTGTCCCAGCTTATCTCTGGGTTATTTCCGTAAAGATCCACGTTTGGGTAAGCACTGGCTCTCCTAATAACCTAGCAGTAAACACAGCCAGGAATGTGATGCCCATAGGAGAGGCACAGTGCCAGTGCAAG,6fbb0ea4749614e435233296bf8f50447d45265c2dde83f02cd777ee00100552,-0.0780590251490042,-0.3371511007586432,0.277539420709064,-318.7460716809146,-333.5565354973078,-357.2433126437827,-360.3646267450531,11.689149715122767,-1.0,0.3371511007586432,0.0,2,0.19221481544428998,0.17490732828716207,0.146091925319964,0.13955108272574646,1.0
chr5:118729286:C:T;chr5:118729327:A:G;var1;middle;OL31|K562|09bdcae426cb94dc,chr5:118729286:C:T;chr5:118729327:A:G;var1;middle;OL31,K562,K562_region_01766,100,141,41,CTTTACCCAATTCAGTTGTCAGACATAATGATTTATTTGAAGGCTTGTTTTATTTGAAGAAAAGCATATTGCCAAAAATTCTGGTTAAAAGCTTCCTAACGGGTAACAGACCATGGGAGAGATATGTGGTTGGGTAATGCAAATGTAGTTATACAAAGAAAAATACAGATGTCTCCAGACCTGAGGACTTTTTAATAGGG,f863a750484e29887646a00384e472186a0ae42a7a7fb5867f0f34ea85e9b70b,0.0,CTTTACCCAATTCAGTTGTCAGACATAATGATTTATTTGAAGGCTTGTTTTATTTGAAGAAAAGCATATTGCCAAAAATTCTGGTTAAAAGCTTCCTAATGGGTAACAGACCATGGGAGAGATATGTGGTTGGGTAATGCAAATGTAGTTATACAAAGAAAAATACAGATGTCTCCAGACCTGAGGACTTTTTAATAGGG,f51f3a57be2a1184fec39f411eff060ee3f997fd2072c1c51e5e3870a79573d7,-0.372252230470952,CTTTACCCAATTCAGTTGTCAGACATAATGATTTATTTGAAGGCTTGTTTTATTTGAAGAAAAGCATATTGCCAAAAATTCTGGTTAAAAGCTTCCTAACGGGTAACAGACCATGGGAGAGATATGTGGTTGGGTAATGCGAATGTAGTTATACAAAGAAAAATACAGATGTCTCCAGACCTGAGGACTTTTTAATAGGG,7498e0823a82a77f8348ea99e6a286e6001a69753fcbef3a6cdb2757e7716052,-0.154029610150057,CTTTACCCAATTCAGTTGTCAGACATAATGATTTATTTGAAGGCTTGTTTTATTTGAAGAAAAGCATATTGCCAAAAATTCTGGTTAAAAGCTTCCTAATGGGTAACAGACCATGGGAGAGATATGTGGTTGGGTAATGCGAATGTAGTTATACAAAGAAAAATACAGATGTCTCCAGACCTGAGGACTTTTTAATAGGG,09bdcae426cb94dc7ca72c4304f0029535b209c9635e63a549a2d9e3fb04cd97,0.119033838884468,0.6453156795054771,0.254028212845121,-416.54696134198457,-410.8056458448991,-417.8577332869172,-417.5089198495261,-5.392502059694323,-1.0,-0.6453156795054771,0.0,0,0.17884998696856302,0.18565657667894103,0.15145376406925343,0.20713583879990344,1.0
chr5:119388659:C:G;chr5:119388744:C:T;var1;middle;OL31|K562|6a85a618f1753bc9,chr5:119388659:C:G;chr5:119388744:C:T;var1;middle;OL31,K562,K562_region_01767,100,185,85,AATGATTAAAATTTGAGGGAGCATGCCATTTAGAATCCTTTGTAGGGCAGAAATGAGACTCTCTTTCTTGGCACCATGAGATTACCTAAGCATCCCATACCCTCTTTAGAAATGACAAGGAAAAGAAAAGACAGTTTAAACCATTGGGGCTTTACATAAAAGAGTCTGGAAGAAACAGTTTTAACTGGAGAGGACTGCAA,3cf1cb87992e5837e2d036cf88f2b576b79be35a0b014e56b18141e797c393a3,0.0,AATGATTAAAATTTGAGGGAGCATGCCATTTAGAATCCTTTGTAGGGCAGAAATGAGACTCTCTTTCTTGGCACCATGAGATTACCTAAGCATCCCATAGCCTCTTTAGAAATGACAAGGAAAAGAAAAGACAGTTTAAACCATTGGGGCTTTACATAAAAGAGTCTGGAAGAAACAGTTTTAACTGGAGAGGACTGCAA,d5fea4ec9a5fe3313d9a92ca486632c5ab61d89858f95cbb25e114f1b339f1fd,-0.716089663576461,AATGATTAAAATTTGAGGGAGCATGCCATTTAGAATCCTTTGTAGGGCAGAAATGAGACTCTCTTTCTTGGCACCATGAGATTACCTAAGCATCCCATACCCTCTTTAGAAATGACAAGGAAAAGAAAAGACAGTTTAAACCATTGGGGCTTTACATAAAAGAGTCTGGAAGAAACAGTTTTAATTGGAGAGGACTGCAA,605e240667f5b3eb2a8155866874bb3a58acb7f000638d023ed73b10461abd08,-0.821295677733944,AATGATTAAAATTTGAGGGAGCATGCCATTTAGAATCCTTTGTAGGGCAGAAATGAGACTCTCTTTCTTGGCACCATGAGATTACCTAAGCATCCCATAGCCTCTTTAGAAATGACAAGGAAAAGAAAAGACAGTTTAAACCATTGGGGCTTTACATAAAAGAGTCTGGAAGAAACAGTTTTAATTGGAGAGGACTGCAA,6a85a618f1753bc936d37f8500717fab1a1a71ddf3d29cf5ede6277caade8bd2,-0.504390616576048,1.032994724734357,0.309582076537531,-303.91766556864604,-304.7072880500928,-309.5318747456185,-311.1904851780273,-0.8689879509620368,-1.0,-1.032994724734357,0.0,3,0.17972269287386697,0.18106719778262317,0.1474303780702046,0.17241412104723963,1.0
chr5:121415899:T:C;chr5:121415921:A:C;var1;middle;OL31|K562|5d01b84167329024,chr5:121415899:T:C;chr5:121415921:A:C;var1;middle;OL31,K562,K562_region_01768,100,122,22,GCGGAGATCCACCACTGCACTCCAACTTGGGCAACAGAGTGAGACTCCATCTAAAAAACAAACAAACAAATGAAAAAGTGCCCATTATGTCTTGCTACATGGATCCGTCCCCTGCCCCGTCACCCAAGCTACTTTAGGTGAGTACATTCTAAGACCTGGTTCTTCAGCATTTCCTTCTTTCTTTCTTACTCCCCGACCCA,91734f05f211e0cffbc3025d519c873649efd73f2ca76d949f5dea82f7f640ed,0.0,GCGGAGATCCACCACTGCACTCCAACTTGGGCAACAGAGTGAGACTCCATCTAAAAAACAAACAAACAAATGAAAAAGTGCCCATTATGTCTTGCTACACGGATCCGTCCCCTGCCCCGTCACCCAAGCTACTTTAGGTGAGTACATTCTAAGACCTGGTTCTTCAGCATTTCCTTCTTTCTTTCTTACTCCCCGACCCA,64ec5dc50bb584cb1f344e3a7bdae5a8c8f48179b1e5b0bd65afd6510f0c192d,0.921943748250046,GCGGAGATCCACCACTGCACTCCAACTTGGGCAACAGAGTGAGACTCCATCTAAAAAACAAACAAACAAATGAAAAAGTGCCCATTATGTCTTGCTACATGGATCCGTCCCCTGCCCCGTCCCCCAAGCTACTTTAGGTGAGTACATTCTAAGACCTGGTTCTTCAGCATTTCCTTCTTTCTTTCTTACTCCCCGACCCA,c9bfdb66fd9731df4dd38bb62cab9750e3d15dc8c4ab026b7f3154f68877e37b,0.551188806855327,GCGGAGATCCACCACTGCACTCCAACTTGGGCAACAGAGTGAGACTCCATCTAAAAAACAAACAAACAAATGAAAAAGTGCCCATTATGTCTTGCTACACGGATCCGTCCCCTGCCCCGTCCCCCAAGCTACTTTAGGTGAGTACATTCTAAGACCTGGTTCTTCAGCATTTCCTTCTTTCTTTCTTACTCCCCGACCCA,5d01b84167329024a9336287c05644f9299a76463828e0e89170d7b91937a9c5,0.613555136431587,0.8595774186737859,0.601772684487976,-232.9544916618616,-217.03279063571244,-232.7261741454713,-229.42416092846543,12.619687809143272,1.0,0.8595774186737859,0.0,1,0.1952049331910204,0.18216460459877223,0.1501433469024087,0.12427645713923376,1.0
chr5:1276794:C:A;chr5:1276873:G:A;var1;middle;OL32|K562|bc1be6ebe358c600,chr5:1276794:C:A;chr5:1276873:G:A;var1;middle;OL32,K562,K562_region_01728,100,179,79,CCAATCCCACAGATCCCCACCTACCCCACGGATGAAAACCAATTCACAGATCTCCACCTACACCACACATGAAAACCAATCCCACAGATCCCCACCTACCCCACACATGAAAACCAATTCCACCAATCCCCACCCAGGTTTGCAAGCTGACACAGTAAAGACTGTTCTAAAAGGAGGCGCAGAAGCAACGTCACCACAAC,fea8c1ebc3e1217c00605824c2a0aded8e72b58fa0b73e32d471f4afcb2f100b,0.0,CCAATCCCACAGATCCCCACCTACCCCACGGATGAAAACCAATTCACAGATCTCCACCTACACCACACATGAAAACCAATCCCACAGATCCCCACCTACACCACACATGAAAACCAATTCCACCAATCCCCACCCAGGTTTGCAAGCTGACACAGTAAAGACTGTTCTAAAAGGAGGCGCAGAAGCAACGTCACCACAAC,df7efac9a004a6a91b74e1eef930ba92b7bbaedc7e2f80d1510a9252ed0783bb,0.197860421667604,CCAATCCCACAGATCCCCACCTACCCCACGGATGAAAACCAATTCACAGATCTCCACCTACACCACACATGAAAACCAATCCCACAGATCCCCACCTACCCCACACATGAAAACCAATTCCACCAATCCCCACCCAGGTTTGCAAGCTGACACAGTAAAGACTGTTCTAAAAGGAGGCACAGAAGCAACGTCACCACAAC,5bb8d385e45b3a82c4ddfaac4cf81f950d80c71ace024d5fb98ae5fee65cf5c0,-1.46344474425658,CCAATCCCACAGATCCCCACCTACCCCACGGATGAAAACCAATTCACAGATCTCCACCTACACCACACATGAAAACCAATCCCACAGATCCCCACCTACACCACACATGAAAACCAATTCCACCAATCCCCACCCAGGTTTGCAAGCTGACACAGTAAAGACTGTTCTAAAAGGAGGCACAGAAGCAACGTCACCACAAC,bc1be6ebe358c60024b6cc2ee7539a2211f2aa558aa7d05b0d1519ffa6793342,-1.52184716275642,0.256262840167444,0.383531584336415,-163.81035829870962,-171.50189581140876,-158.60775111801922,-165.92722551652696,-0.3720631141914055,1.0,0.256262840167444,0.0,1,0.18198660782660236,0.18216460459877223,0.1501433469024087,0.5223889622660308,1.0
chr5:131330461:G:A;chr5:131330515:C:T;var1;middle;OL41|K562|a0455a57beddc89f,chr5:131330461:G:A;chr5:131330515:C:T;var1;middle;OL41,K562,K562_region_01769,100,154,54,GGCAGCAGAAGTGCTCAGCACAGTGCCCAGGGGTGAAGGAATGCAGGCTCCTCCCTCTCTACCTCTAATCTCCCAACTCCAGGCCCTGACCCTGAGTGAGAGCGAAGTGGGGGCAGGGCAAAGACCGCAGATCAGCCCTGACAGATACTCCAGCCCTCATGATGTGAAGGTGAAGACCTATCTGACTGTATGAGCACTAT,3a0ec289a3287fbdda84589f3f7b27865a80103bf54c48d1aca7da14135d5086,0.0,GGCAGCAGAAGTGCTCAGCACAGTGCCCAGGGGTGAAGGAATGCAGGCTCCTCCCTCTCTACCTCTAATCTCCCAACTCCAGGCCCTGACCCTGAGTGAAAGCGAAGTGGGGGCAGGGCAAAGACCGCAGATCAGCCCTGACAGATACTCCAGCCCTCATGATGTGAAGGTGAAGACCTATCTGACTGTATGAGCACTAT,c54bcd15e75fc0236959f249f2b2a57ac0ff2332141439a95a4c4754826c498e,-0.0366626268247225,GGCAGCAGAAGTGCTCAGCACAGTGCCCAGGGGTGAAGGAATGCAGGCTCCTCCCTCTCTACCTCTAATCTCCCAACTCCAGGCCCTGACCCTGAGTGAGAGCGAAGTGGGGGCAGGGCAAAGACCGCAGATCAGCCCTGACAGATACTCCAGTCCTCATGATGTGAAGGTGAAGACCTATCTGACTGTATGAGCACTAT,437ce07604bbe312b481d42c9f8b3709c4837dd411ff4dbf0ec7c09ae6aebfe2,-0.0996760355647636,GGCAGCAGAAGTGCTCAGCACAGTGCCCAGGGGTGAAGGAATGCAGGCTCCTCCCTCTCTACCTCTAATCTCCCAACTCCAGGCCCTGACCCTGAGTGAAAGCGAAGTGGGGGCAGGGCAAAGACCGCAGATCAGCCCTGACAGATACTCCAGTCCTCATGATGTGAAGGTGAAGACCTATCTGACTGTATGAGCACTAT,a0455a57beddc89fc5c5d7e18cd7733dcd59d9004658bf81e1b4b1073add9e78,0.0204831083380909,0.156821770727577,0.203941818233856,-246.9802563041449,-248.46445690095425,-247.6839943528176,-249.2066837400198,-0.03848879039284725,-1.0,-0.156821770727577,0.0,3,0.18139547216754356,0.18106719778262317,0.1474303780702046,0.2440529202645536,1.0
chr5:131721174:A:G;chr5:131721204:T:C;var1;middle;OL41|K562|4651a9a8ef09f56e,chr5:131721174:A:G;chr5:131721204:T:C;var1;middle;OL41,K562,K562_region_01770,100,130,30,CATATTTTATGCATTTGGCTACATGGTGCTGCCACTGTTTGCTTACTTCATCCGAGACTGGCGGATGCTGCTGGTGGCGCTGACGATGCCGGGGGTGCTATGCGTGGCACTCTGGTGGTGAGTGTGACCTTGTGCCCCATGTGCCCACTGGCAGGATGATTTCTGTCTGGCCTTCACTAGAGGGCAGCAACAACCCATGA,165878810db25d622a67af54fa67818e4b202624ad2f38abc7f3d6120dd9eab1,0.0,CATATTTTATGCATTTGGCTACATGGTGCTGCCACTGTTTGCTTACTTCATCCGAGACTGGCGGATGCTGCTGGTGGCGCTGACGATGCCGGGGGTGCTGTGCGTGGCACTCTGGTGGTGAGTGTGACCTTGTGCCCCATGTGCCCACTGGCAGGATGATTTCTGTCTGGCCTTCACTAGAGGGCAGCAACAACCCATGA,8f20201e76b3c98cbef9da240098042ae9c5d0adb70b4972fdaad6d8f8f4973c,0.137591462346211,CATATTTTATGCATTTGGCTACATGGTGCTGCCACTGTTTGCTTACTTCATCCGAGACTGGCGGATGCTGCTGGTGGCGCTGACGATGCCGGGGGTGCTATGCGTGGCACTCTGGTGGTGAGTGTGACCCTGTGCCCCATGTGCCCACTGGCAGGATGATTTCTGTCTGGCCTTCACTAGAGGGCAGCAACAACCCATGA,877ff23d48961829c85a087900cf011200eca8bb3cd3b0e8979d3301e884962d,0.104789949207015,CATATTTTATGCATTTGGCTACATGGTGCTGCCACTGTTTGCTTACTTCATCCGAGACTGGCGGATGCTGCTGGTGGCGCTGACGATGCCGGGGGTGCTGTGCGTGGCACTCTGGTGGTGAGTGTGACCCTGTGCCCCATGTGCCCACTGGCAGGATGATTTCTGTCTGGCCTTCACTAGAGGGCAGCAACAACCCATGA,4651a9a8ef09f56ed53462cbe58fd25008bdc6403a7e86314bbe8f1f1f195066,0.121646453304656,0.12073495824857,0.181931124611318,-345.6517461579642,-325.9637317086453,-339.3210557404673,-318.7193354294868,-0.9137058616615832,1.0,0.12073495824857,0.0,2,0.17386403876070408,0.17490732828716207,0.146091925319964,0.1744179190986743,1.0
chr5:131781288:A:C;chr5:131781345:G:C;var1;middle;OL28|K562|941b87b0385e38bd,chr5:131781288:A:C;chr5:131781345:G:C;var1;middle;OL28,K562,K562_region_01771,100,157,57,AACAGTAGAGTGTTAACTGTATTAAGTTGTATTTAGTCCCTACAACAAACCTGTGAGATAGGTGTCATCCATTTCACATATGAGCAGCTGAGGCTCAGAAAGGATCATGCATTGGCCTGGCCTGGTATTTATAGAGCCCCTGTTGAATGCTAAGGGGCGCAAATCTAAGTTCCTTCCTCGTAGCTCACATTCCACAGGTG,06a0706661a09b266fabe3af1b5237f693c4c034b3e73f41352b5e4fd38ccbd3,0.0,AACAGTAGAGTGTTAACTGTATTAAGTTGTATTTAGTCCCTACAACAAACCTGTGAGATAGGTGTCATCCATTTCACATATGAGCAGCTGAGGCTCAGACAGGATCATGCATTGGCCTGGCCTGGTATTTATAGAGCCCCTGTTGAATGCTAAGGGGCGCAAATCTAAGTTCCTTCCTCGTAGCTCACATTCCACAGGTG,7324969a4194f33ca77a29128bf878cc759c97c594c28e998949cd18a1ed148a,0.0096006615606806,AACAGTAGAGTGTTAACTGTATTAAGTTGTATTTAGTCCCTACAACAAACCTGTGAGATAGGTGTCATCCATTTCACATATGAGCAGCTGAGGCTCAGAAAGGATCATGCATTGGCCTGGCCTGGTATTTATAGAGCCCCTGTTGAATGCTAAGGGCCGCAAATCTAAGTTCCTTCCTCGTAGCTCACATTCCACAGGTG,0fa4bc4139152b1f22a4cfb20d2f341e1f27c57827354265238b823d5e56b3a1,0.249924748584731,AACAGTAGAGTGTTAACTGTATTAAGTTGTATTTAGTCCCTACAACAAACCTGTGAGATAGGTGTCATCCATTTCACATATGAGCAGCTGAGGCTCAGACAGGATCATGCATTGGCCTGGCCTGGTATTTATAGAGCCCCTGTTGAATGCTAAGGGCCGCAAATCTAAGTTCCTTCCTCGTAGCTCACATTCCACAGGTG,941b87b0385e38bdf5d19cc6c404f94913557696fbc4a09fe855efa23c0ce988,0.0627755665569515,0.1967498435884601,0.191298783646961,-221.9970771111548,-222.5022415444255,-221.470430161804,-221.7206456400454,-0.2549489550292492,1.0,0.1967498435884601,0.0,0,0.18544860059750828,0.18565657667894103,0.15145376406925343,0.26416249135576925,1.0
chr5:132201774:T:A;chr5:132201793:G:A;var1;middle;OL41|K562|eb53f2a4efe293ec,chr5:132201774:T:A;chr5:132201793:G:A;var1;middle;OL41,K562,K562_region_01772,100,119,19,ATTGACGATTATTTGATTATTTTTGTGGCTGAAACTGACGAAACGTTTGTATTATCTCTTGGGAACGTTAACAGCCTGCCAGGGGACTCTAAAACAGAGTCCAAGAGAAGCCTTCGATGTGTGTCCCTGATTTTGGTGCTGGGGTCGCTCATGGCCTGAAAATAACGAAGCCCCCTTTGAGCTACTGGCCAAGGCCAAAT,3531a08b757358eab07fdd567e9fe4a46e48a41815bca7a18da36c0a48b00ef4,0.0,ATTGACGATTATTTGATTATTTTTGTGGCTGAAACTGACGAAACGTTTGTATTATCTCTTGGGAACGTTAACAGCCTGCCAGGGGACTCTAAAACAGAGACCAAGAGAAGCCTTCGATGTGTGTCCCTGATTTTGGTGCTGGGGTCGCTCATGGCCTGAAAATAACGAAGCCCCCTTTGAGCTACTGGCCAAGGCCAAAT,8de5def19d9ce764a632da66dc7fdf33ed2c9a9cabaf3c5780f1e9fcf733dc47,0.0199015579334489,ATTGACGATTATTTGATTATTTTTGTGGCTGAAACTGACGAAACGTTTGTATTATCTCTTGGGAACGTTAACAGCCTGCCAGGGGACTCTAAAACAGAGTCCAAGAGAAGCCTTCGATATGTGTCCCTGATTTTGGTGCTGGGGTCGCTCATGGCCTGAAAATAACGAAGCCCCCTTTGAGCTACTGGCCAAGGCCAAAT,38da39188919c7ab460dd3139ba54a30a0adfbd22f569878b2afef5f05b6a61d,0.140221759721391,ATTGACGATTATTTGATTATTTTTGTGGCTGAAACTGACGAAACGTTTGTATTATCTCTTGGGAACGTTAACAGCCTGCCAGGGGACTCTAAAACAGAGACCAAGAGAAGCCTTCGATATGTGTCCCTGATTTTGGTGCTGGGGTCGCTCATGGCCTGAAAATAACGAAGCCCCCTTTGAGCTACTGGCCAAGGCCAAAT,eb53f2a4efe293ec06e003b35b57cadfa6eb4ad15b6a1604ed59011fb162c09d,0.215091981899306,-0.0549686642444661,0.261047156956746,-364.42851921124384,-364.163889111951,-373.31752830720507,-373.7100760871545,0.6571778792422833,1.0,-0.0549686642444661,0.0,2,0.17615137249626672,0.17490732828716207,0.146091925319964,0.037709027455983146,1.0
chr5:132201793:G:A;chr5:132201875:G:A;var1;middle;OL41|K562|cf10d7058c47465f,chr5:132201793:G:A;chr5:132201875:G:A;var1;middle;OL41,K562,K562_region_01772,100,182,82,TTTTTGTGGCTGAAACTGACGAAACGTTTGTATTATCTCTTGGGAACGTTAACAGCCTGCCAGGGGACTCTAAAACAGAGTCCAAGAGAAGCCTTCGATGTGTGTCCCTGATTTTGGTGCTGGGGTCGCTCATGGCCTGAAAATAACGAAGCCCCCTTTGAGCTACTGGCCAAGGCCAAATGAAACCTCGTGCTCCTCTG,23f191c50dc476109883bae6a1baa255cd2df26ce6ec5f42843f08727f20d22d,0.0,TTTTTGTGGCTGAAACTGACGAAACGTTTGTATTATCTCTTGGGAACGTTAACAGCCTGCCAGGGGACTCTAAAACAGAGTCCAAGAGAAGCCTTCGATATGTGTCCCTGATTTTGGTGCTGGGGTCGCTCATGGCCTGAAAATAACGAAGCCCCCTTTGAGCTACTGGCCAAGGCCAAATGAAACCTCGTGCTCCTCTG,157d574e00df21e5abd5abfa2b35158962daad176ed573139b3c716a3639d46e,0.290829817967511,TTTTTGTGGCTGAAACTGACGAAACGTTTGTATTATCTCTTGGGAACGTTAACAGCCTGCCAGGGGACTCTAAAACAGAGTCCAAGAGAAGCCTTCGATGTGTGTCCCTGATTTTGGTGCTGGGGTCGCTCATGGCCTGAAAATAACGAAGCCCCCTTTGAGCTACTGGCCAAGGCCAAATAAAACCTCGTGCTCCTCTG,1a943a6ec1ddc5e1fa5827a48aa287dbe2ea31d121bb7376588a5a622559860a,-0.143202053074152,TTTTTGTGGCTGAAACTGACGAAACGTTTGTATTATCTCTTGGGAACGTTAACAGCCTGCCAGGGGACTCTAAAACAGAGTCCAAGAGAAGCCTTCGATATGTGTCCCTGATTTTGGTGCTGGGGTCGCTCATGGCCTGAAAATAACGAAGCCCCCTTTGAGCTACTGGCCAAGGCCAAATAAAACCTCGTGCTCCTCTG,cf10d7058c47465fc8f86f9c5eb3a178eead91c4881865837e3fbaab09b4cff8,-0.128357389558411,-0.2759851544517699,0.238347917880475,-385.7348719071597,-394.4529740773141,-377.4917365817819,-384.8478726753965,1.3619660765398294,-1.0,0.2759851544517699,0.0,2,0.17717760109493916,0.17490732828716207,0.146091925319964,0.15389763631106285,1.0
chr5:138272249:T:C;chr5:138272286:A:C;var1;middle;OL41|K562|a929bf721bcc95a7,chr5:138272249:T:C;chr5:138272286:A:C;var1;middle;OL41,K562,K562_region_01773,100,137,37,AGGGTGATTCCCCATCATGTCTGTATTCTGTGGGTCACACAGACCAAGGCCGGTCCACTGTGGAAGGCAAGGACGAGGTTGCCAGTGCCCGGCGGTGGGTGGCCACAGCCAGCCTCCCTGCCAGTGTCCCCCACAGACAAGTTGTCCCTGTAAGACAGGTCAGCTCAGGTCATTCCGAGCTCAGACCTTCCAACGGCGTC,d67183c537074b2f409315ae1d722a773acf22899e8533f71ef1a862148f6126,0.0,AGGGTGATTCCCCATCATGTCTGTATTCTGTGGGTCACACAGACCAAGGCCGGTCCACTGTGGAAGGCAAGGACGAGGTTGCCAGTGCCCGGCGGTGGGCGGCCACAGCCAGCCTCCCTGCCAGTGTCCCCCACAGACAAGTTGTCCCTGTAAGACAGGTCAGCTCAGGTCATTCCGAGCTCAGACCTTCCAACGGCGTC,9d0adc7016073070a0a48671310711d054549bbec02a4e987a84f824bc13bab4,0.182037839716222,AGGGTGATTCCCCATCATGTCTGTATTCTGTGGGTCACACAGACCAAGGCCGGTCCACTGTGGAAGGCAAGGACGAGGTTGCCAGTGCCCGGCGGTGGGTGGCCACAGCCAGCCTCCCTGCCAGTGTCCCCCACAGCCAAGTTGTCCCTGTAAGACAGGTCAGCTCAGGTCATTCCGAGCTCAGACCTTCCAACGGCGTC,17e0fb55caf2b2f86ba7806b1df4ef8e7de5fc38c2b04b459ffdd86f79b78620,-0.0132009292483468,AGGGTGATTCCCCATCATGTCTGTATTCTGTGGGTCACACAGACCAAGGCCGGTCCACTGTGGAAGGCAAGGACGAGGTTGCCAGTGCCCGGCGGTGGGCGGCCACAGCCAGCCTCCCTGCCAGTGTCCCCCACAGCCAAGTTGTCCCTGTAAGACAGGTCAGCTCAGGTCATTCCGAGCTCAGACCTTCCAACGGCGTC,a929bf721bcc95a7fc6eb886e260fc1f964910f722ec80c8ec767665539ecea0,0.141954923469215,-0.0268819869986602,0.327966253522695,-247.39412087202072,-249.2357817441225,-246.8171500340104,-249.9692996814847,-1.3104887753725052,-1.0,0.0268819869986602,0.0,4,0.1745750916570617,0.17620727786206916,0.145609630836647,0.16391226921794746,1.0
chr5:139975626:A:T;chr5:139975636:A:C;var1;middle;OL41|K562|955f498b365fbac7,chr5:139975626:A:T;chr5:139975636:A:C;var1;middle;OL41,K562,K562_region_01774,100,110,10,ATTCAACTCTGATACTGACTACCTGGAGTTAGTGTCAGGTCCTGTGAGTTAAAATACAAGGTCCCCAACAAGACTGACCTTAATTCAAATGCCAGCTGCAAGTGGGATCACCAGGCTACTCACACATTTGTCTGACTTGGCTACAGATTCAGGGGTTTCCCATGACCCCACCCCAGATTCAGTAATTCACTTGAATGACT,617bab1c9fcd5e647eb249fd76ea349b9b6ed7856e112496661b0c56fcb402e4,0.0,ATTCAACTCTGATACTGACTACCTGGAGTTAGTGTCAGGTCCTGTGAGTTAAAATACAAGGTCCCCAACAAGACTGACCTTAATTCAAATGCCAGCTGCTAGTGGGATCACCAGGCTACTCACACATTTGTCTGACTTGGCTACAGATTCAGGGGTTTCCCATGACCCCACCCCAGATTCAGTAATTCACTTGAATGACT,8bcde515f88cce5e784972ffb0811b7d8af6420acb0641e3e13f3b345b272322,-0.0427774186960174,ATTCAACTCTGATACTGACTACCTGGAGTTAGTGTCAGGTCCTGTGAGTTAAAATACAAGGTCCCCAACAAGACTGACCTTAATTCAAATGCCAGCTGCAAGTGGGATCCCCAGGCTACTCACACATTTGTCTGACTTGGCTACAGATTCAGGGGTTTCCCATGACCCCACCCCAGATTCAGTAATTCACTTGAATGACT,138cd0fb83f8339e344037fc98129d35aa7248e7c379a61720d77467d15eae7e,0.0049865104973557,ATTCAACTCTGATACTGACTACCTGGAGTTAGTGTCAGGTCCTGTGAGTTAAAATACAAGGTCCCCAACAAGACTGACCTTAATTCAAATGCCAGCTGCTAGTGGGATCCCCAGGCTACTCACACATTTGTCTGACTTGGCTACAGATTCAGGGGTTTCCCATGACCCCACCCCAGATTCAGTAATTCACTTGAATGACT,955f498b365fbac700f7ace21ae080cc15ca3859111094d23e10579138d8b429,0.0020741666270012,0.0398650748256629,0.230835102698869,-313.92180345673114,-310.210969732143,-308.42782717896625,-305.0089230374433,-0.2919295830652118,-1.0,-0.0398650748256629,0.0,0,0.18540110310771232,0.18565657667894103,0.15145376406925343,0.15526940097319958,1.0
chr5:139975626:A:T;chr5:139975672:G:A;var1;middle;OL41|K562|01d61b1167121e9d,chr5:139975626:A:T;chr5:139975672:G:A;var1;middle;OL41,K562,K562_region_01774,100,146,46,ATTCAACTCTGATACTGACTACCTGGAGTTAGTGTCAGGTCCTGTGAGTTAAAATACAAGGTCCCCAACAAGACTGACCTTAATTCAAATGCCAGCTGCAAGTGGGATCACCAGGCTACTCACACATTTGTCTGACTTGGCTACAGATTCAGGGGTTTCCCATGACCCCACCCCAGATTCAGTAATTCACTTGAATGACT,617bab1c9fcd5e647eb249fd76ea349b9b6ed7856e112496661b0c56fcb402e4,0.0,ATTCAACTCTGATACTGACTACCTGGAGTTAGTGTCAGGTCCTGTGAGTTAAAATACAAGGTCCCCAACAAGACTGACCTTAATTCAAATGCCAGCTGCTAGTGGGATCACCAGGCTACTCACACATTTGTCTGACTTGGCTACAGATTCAGGGGTTTCCCATGACCCCACCCCAGATTCAGTAATTCACTTGAATGACT,8bcde515f88cce5e784972ffb0811b7d8af6420acb0641e3e13f3b345b272322,-0.0427789632722363,ATTCAACTCTGATACTGACTACCTGGAGTTAGTGTCAGGTCCTGTGAGTTAAAATACAAGGTCCCCAACAAGACTGACCTTAATTCAAATGCCAGCTGCAAGTGGGATCACCAGGCTACTCACACATTTGTCTGACTTGGCTACAAATTCAGGGGTTTCCCATGACCCCACCCCAGATTCAGTAATTCACTTGAATGACT,1c2b7c13be54d54ab7c0cd1f3dc4318ae3022d9ccb1e79de420b2317f05067ac,0.05560798486255,ATTCAACTCTGATACTGACTACCTGGAGTTAGTGTCAGGTCCTGTGAGTTAAAATACAAGGTCCCCAACAAGACTGACCTTAATTCAAATGCCAGCTGCTAGTGGGATCACCAGGCTACTCACACATTTGTCTGACTTGGCTACAAATTCAGGGGTTTCCCATGACCCCACCCCAGATTCAGTAATTCACTTGAATGACT,01d61b1167121e9d8a649daab0d7283e842c8533b11b71c7c090e07fb7c4f336,0.145427209712943,0.1325981881226293,0.229685383481734,-313.92180345673114,-310.210969732143,-320.0654799086042,-316.7540947194211,-0.3994485354050994,-1.0,-0.1325981881226293,0.0,0,0.1852630070121925,0.18565657667894103,0.15145376406925343,0.16751544612916028,1.0
chr5:139975636:A:C;chr5:139975672:G:A;var1;middle;OL41|K562|a93acc480c7303e0,chr5:139975636:A:C;chr5:139975672:G:A;var1;middle;OL41,K562,K562_region_01774,100,136,36,GATACTGACTACCTGGAGTTAGTGTCAGGTCCTGTGAGTTAAAATACAAGGTCCCCAACAAGACTGACCTTAATTCAAATGCCAGCTGCAAGTGGGATCACCAGGCTACTCACACATTTGTCTGACTTGGCTACAGATTCAGGGGTTTCCCATGACCCCACCCCAGATTCAGTAATTCACTTGAATGACTCGCAGAACTC,3512604daf4f951e2d64f18a028af13fa437946e5e4bc455d6eadd3cde010cbb,0.0,GATACTGACTACCTGGAGTTAGTGTCAGGTCCTGTGAGTTAAAATACAAGGTCCCCAACAAGACTGACCTTAATTCAAATGCCAGCTGCAAGTGGGATCCCCAGGCTACTCACACATTTGTCTGACTTGGCTACAGATTCAGGGGTTTCCCATGACCCCACCCCAGATTCAGTAATTCACTTGAATGACTCGCAGAACTC,baf78e3f2bbdbbad363fbd818b0c3cd307fac4bd624ad0353772ce48b166d56e,0.0120694350640025,GATACTGACTACCTGGAGTTAGTGTCAGGTCCTGTGAGTTAAAATACAAGGTCCCCAACAAGACTGACCTTAATTCAAATGCCAGCTGCAAGTGGGATCACCAGGCTACTCACACATTTGTCTGACTTGGCTACAAATTCAGGGGTTTCCCATGACCCCACCCCAGATTCAGTAATTCACTTGAATGACTCGCAGAACTC,a0c3093192cfc9a274a9e8a2bfb013086db51411316dcc40ddc04f4b8796ed80,-0.103463652393004,GATACTGACTACCTGGAGTTAGTGTCAGGTCCTGTGAGTTAAAATACAAGGTCCCCAACAAGACTGACCTTAATTCAAATGCCAGCTGCAAGTGGGATCCCCAGGCTACTCACACATTTGTCTGACTTGGCTACAAATTCAGGGGTTTCCCATGACCCCACCCCAGATTCAGTAATTCACTTGAATGACTCGCAGAACTC,a93acc480c7303e0056e56e83e7d8df32963e08f87aee6a84c787b203327c961,-0.0300425815845915,0.0613516357444099,0.275129913469382,-346.8657170361839,-347.7498768555233,-341.8402818685863,-345.9261864770669,-3.2017447891411734,-1.0,-0.0613516357444099,0.0,0,0.1816637702012962,0.18565657667894103,0.15145376406925343,0.20319978396814956,1.0
chr5:141401844:G:A;chr5:141401913:T:C;var1;middle;OL28|K562|c2034ff53a4f5f2e,chr5:141401844:G:A;chr5:141401913:T:C;var1;middle;OL28,K562,K562_region_01775,100,169,69,CATTACCATTATTACTAGGGTTTTGAGATGGGCTCAAAAGAGCCAGGATTTGATCATTTAAGAGGAGGAGGAAGGCATTATAGGCAGGCACAAACAAAGGCACAGTGGCACGGAGGCTGAGGGAGTAGATTTAACAAATAAAAGTACAGAACATCAGTGAAATCTGAATTATTTATAATTGCCTGTGCATATGTACACTG,4c35085fb862a0eb7334f2c5fb188a30c66901fff64d97c78ad11633db9a349b,0.0,CATTACCATTATTACTAGGGTTTTGAGATGGGCTCAAAAGAGCCAGGATTTGATCATTTAAGAGGAGGAGGAAGGCATTATAGGCAGGCACAAACAAAGACACAGTGGCACGGAGGCTGAGGGAGTAGATTTAACAAATAAAAGTACAGAACATCAGTGAAATCTGAATTATTTATAATTGCCTGTGCATATGTACACTG,67f55e94025d7c8a3f428edbd25e01a4ac311b6de287d6545acb79144a9830e1,0.0196829497848277,CATTACCATTATTACTAGGGTTTTGAGATGGGCTCAAAAGAGCCAGGATTTGATCATTTAAGAGGAGGAGGAAGGCATTATAGGCAGGCACAAACAAAGGCACAGTGGCACGGAGGCTGAGGGAGTAGATTTAACAAATAAAAGTACAGAACATCAGTGAAATCTGAACTATTTATAATTGCCTGTGCATATGTACACTG,fdbfac968b45f4eea129d6e0411a46299a1aac5e06d5ebb013cf7e729805a95f,0.1523033224395,CATTACCATTATTACTAGGGTTTTGAGATGGGCTCAAAAGAGCCAGGATTTGATCATTTAAGAGGAGGAGGAAGGCATTATAGGCAGGCACAAACAAAGACACAGTGGCACGGAGGCTGAGGGAGTAGATTTAACAAATAAAAGTACAGAACATCAGTGAAATCTGAACTATTTATAATTGCCTGTGCATATGTACACTG,c2034ff53a4f5f2e34feb658f6ae326bd47558d57ff640821dd8190010f9e18f,-0.0337562246742313,0.205742496898559,0.225831305608334,-298.81365683302283,-328.9718291112222,-253.1078585386276,-268.4710975699127,-14.794933246914297,1.0,0.205742496898559,0.0,2,0.15365184936530318,0.17490732828716207,0.146091925319964,0.20631857034460516,1.0
chr5:142048269:C:T;chr5:142048307:A:G;var1;middle;OL29|K562|c697ff18c8007d32,chr5:142048269:C:T;chr5:142048307:A:G;var1;middle;OL29,K562,K562_region_01776,100,138,38,AATTCATCTCTCTGAGCTTCCTTTATAAAAGGAGGCCAGTGATATACCTACCTCACGTGTTTGTCAAAAGGTTGCAACAAGATAGTGCAAGGGAAGCACCTAGCACATTGCCTCATATAAATAAAATATGCATTCTAACATCTCATAATTTTAGCTATTATTTTTGTTGTGATTATTCAGGATGAATGAGATAAGCTTCC,ccb7efe22b7e0585be47745864227168f55a4cb5636f8148ab21795e1bab006c,0.0,AATTCATCTCTCTGAGCTTCCTTTATAAAAGGAGGCCAGTGATATACCTACCTCACGTGTTTGTCAAAAGGTTGCAACAAGATAGTGCAAGGGAAGCACTTAGCACATTGCCTCATATAAATAAAATATGCATTCTAACATCTCATAATTTTAGCTATTATTTTTGTTGTGATTATTCAGGATGAATGAGATAAGCTTCC,8af3cfa5f3b67482974a78da67c184498dff15de12c798a64e09d58175b6e49c,0.0165199053484396,AATTCATCTCTCTGAGCTTCCTTTATAAAAGGAGGCCAGTGATATACCTACCTCACGTGTTTGTCAAAAGGTTGCAACAAGATAGTGCAAGGGAAGCACCTAGCACATTGCCTCATATAAATAAAATATGCATTCTAGCATCTCATAATTTTAGCTATTATTTTTGTTGTGATTATTCAGGATGAATGAGATAAGCTTCC,f7950920ca6c78b4ca2dd06d61a97b8bf5ec374e704438fbc7b8c46ffcbc9352,-0.0439616345578365,AATTCATCTCTCTGAGCTTCCTTTATAAAAGGAGGCCAGTGATATACCTACCTCACGTGTTTGTCAAAAGGTTGCAACAAGATAGTGCAAGGGAAGCACTTAGCACATTGCCTCATATAAATAAAATATGCATTCTAGCATCTCATAATTTTAGCTATTATTTTTGTTGTGATTATTCAGGATGAATGAGATAAGCTTCC,c697ff18c8007d32e165ee4819148651f21dcc88531094705bbb33327ee58eed,-0.412047257718296,0.384605528508899,0.206818610572879,-211.51991027593613,-210.0778075158596,-210.505303632468,-209.06362108141184,0.00042020902037620544,1.0,0.384605528508899,0.0,0,0.1857765937903728,0.18565657667894103,0.15145376406925343,0.336696963710191,1.0
chr5:14768270:G:A;chr5:14768308:C:T;var1;middle;OL31|K562|a4973a7883d896e5,chr5:14768270:G:A;chr5:14768308:C:T;var1;middle;OL31,K562,K562_region_01735,100,138,38,AAAAAGGAAAACCACAAAGGCCTTACCTTATTTACTTTCAGATTCGCAGTTATGTGAGTAAGCATTAGCTGCCATGCAAACACACTGTAAACGGTCTGGGTTAATCTTTTGGTTCCTTTATTCACCACTGACAGTCACGCGTCTTAAACAATCAGTAACAATTTTAAGGTACACAATGGGTTTATGAAGTGTCATTCACA,8feaede067784746584ce3ff3861b6d0fd6bf6e43f13a27bc32c6dcd9a10c4e5,0.0,AAAAAGGAAAACCACAAAGGCCTTACCTTATTTACTTTCAGATTCGCAGTTATGTGAGTAAGCATTAGCTGCCATGCAAACACACTGTAAACGGTCTGGATTAATCTTTTGGTTCCTTTATTCACCACTGACAGTCACGCGTCTTAAACAATCAGTAACAATTTTAAGGTACACAATGGGTTTATGAAGTGTCATTCACA,e28ee5eec668ac47ac57193b1b9024fd02abc929e368b84cba9319e7c9d20cfc,-0.223580538310266,AAAAAGGAAAACCACAAAGGCCTTACCTTATTTACTTTCAGATTCGCAGTTATGTGAGTAAGCATTAGCTGCCATGCAAACACACTGTAAACGGTCTGGGTTAATCTTTTGGTTCCTTTATTCACCACTGACAGTCATGCGTCTTAAACAATCAGTAACAATTTTAAGGTACACAATGGGTTTATGAAGTGTCATTCACA,c63d471c90366ec1e6fbb3cde8d65dc0c901b48af8cfe92f41299cb0668cdea3,-0.0522679646421242,AAAAAGGAAAACCACAAAGGCCTTACCTTATTTACTTTCAGATTCGCAGTTATGTGAGTAAGCATTAGCTGCCATGCAAACACACTGTAAACGGTCTGGATTAATCTTTTGGTTCCTTTATTCACCACTGACAGTCATGCGTCTTAAACAATCAGTAACAATTTTAAGGTACACAATGGGTTTATGAAGTGTCATTCACA,a4973a7883d896e537c35c4d987bdda3972a495acca6486f81de0add5568030e,-0.335630941078278,0.0597824381258877,0.280654300262276,-264.51646114885807,-264.3275820463896,-263.77207393944263,-263.0583891123533,-0.5248057246208191,1.0,0.0597824381258877,0.0,1,0.18183120140497522,0.18216460459877223,0.1501433469024087,0.20250977649777435,1.0
chr5:14768766:C:T;chr5:14768806:G:A;var1;middle;OL31|K562|9d320f3829655208,chr5:14768766:C:T;chr5:14768806:G:A;var1;middle;OL31,K562,K562_region_01736,100,140,40,AATAGAACAATCTGTCATTTGTTCTCACTGCTAATAAGCATTAATTCTAAATAAGTCATTCTATTTTTATTCTTAAGATTTAATGACCCAGTACAATGACGCACACATATCTCTAACGAAAGCACCTGCTATTTTATTGGCCTTACCAAATGTTATTCCTAGATGTAATCGCCTACTAATGAAATCACTGCTTTTCACTT,d9f3ed1f4a66b3ad80ea0edaff9414643d53bf7354b5bd235f7a5e6fde03ad27,0.0,AATAGAACAATCTGTCATTTGTTCTCACTGCTAATAAGCATTAATTCTAAATAAGTCATTCTATTTTTATTCTTAAGATTTAATGACCCAGTACAATGATGCACACATATCTCTAACGAAAGCACCTGCTATTTTATTGGCCTTACCAAATGTTATTCCTAGATGTAATCGCCTACTAATGAAATCACTGCTTTTCACTT,a2f3699bbc21f7d77eabc3606748ac78366d5d3887c7c133922ca4d3241595bb,0.193935026062305,AATAGAACAATCTGTCATTTGTTCTCACTGCTAATAAGCATTAATTCTAAATAAGTCATTCTATTTTTATTCTTAAGATTTAATGACCCAGTACAATGACGCACACATATCTCTAACGAAAGCACCTGCTATTTTATTGACCTTACCAAATGTTATTCCTAGATGTAATCGCCTACTAATGAAATCACTGCTTTTCACTT,9f6825cee579fc1c81b59fa0bdcdf13ebe5e2be82e2de23340628e44b966d49c,0.249082087135389,AATAGAACAATCTGTCATTTGTTCTCACTGCTAATAAGCATTAATTCTAAATAAGTCATTCTATTTTTATTCTTAAGATTTAATGACCCAGTACAATGATGCACACATATCTCTAACGAAAGCACCTGCTATTTTATTGACCTTACCAAATGTTATTCCTAGATGTAATCGCCTACTAATGAAATCACTGCTTTTCACTT,9d320f3829655208d420e0de024786e533e4f9ff4b907c1e44d1aa4dd884878a,0.29008396879088,0.152933144406814,0.275428222313705,-305.30326183512807,-301.4252996016294,-286.1183167397976,-276.5482808351517,-5.692073671147227,1.0,0.152933144406814,0.0,2,0.16690634889036757,0.17490732828716207,0.146091925319964,0.26054615166420725,1.0
chr5:148242667:A:G;chr5:148242723:A:C;var1;middle;OL28|K562|70d2c1f59a898726,chr5:148242667:A:G;chr5:148242723:A:C;var1;middle;OL28,K562,K562_region_01777,100,156,56,ATATGAGCTTCTCAACCCAGCAGATTTGTGCTGGATGTGTGCCGTACTCTCTCGAGTGCATGGGGGAAATAATAGAGCTTGAGAGCCACTGCTCTGTGCACTGCCGTTCATTGGTTGACTGTCTCAGAATCACTGATTATCAGGGTGAGAAGAGAACATCAGGATAATCTAACCCAGTGAAACGCTGATCTGATAATCAC,ac0e8b5dc8595e45ae4e3de39bc9fcc3f645295dec5b55e4dd094154888af53a,0.0,ATATGAGCTTCTCAACCCAGCAGATTTGTGCTGGATGTGTGCCGTACTCTCTCGAGTGCATGGGGGAAATAATAGAGCTTGAGAGCCACTGCTCTGTGCGCTGCCGTTCATTGGTTGACTGTCTCAGAATCACTGATTATCAGGGTGAGAAGAGAACATCAGGATAATCTAACCCAGTGAAACGCTGATCTGATAATCAC,46671c7dd3d2acc18bad740952833ac07b54938f625a0ef0b850aefb5bb08340,0.125568234965774,ATATGAGCTTCTCAACCCAGCAGATTTGTGCTGGATGTGTGCCGTACTCTCTCGAGTGCATGGGGGAAATAATAGAGCTTGAGAGCCACTGCTCTGTGCACTGCCGTTCATTGGTTGACTGTCTCAGAATCACTGATTATCAGGGTGAGAAGAGACCATCAGGATAATCTAACCCAGTGAAACGCTGATCTGATAATCAC,309ed515e7a277898509696581cdf112c918d1cf008b18ff2137530330e63e38,-0.0178159879992195,ATATGAGCTTCTCAACCCAGCAGATTTGTGCTGGATGTGTGCCGTACTCTCTCGAGTGCATGGGGGAAATAATAGAGCTTGAGAGCCACTGCTCTGTGCGCTGCCGTTCATTGGTTGACTGTCTCAGAATCACTGATTATCAGGGTGAGAAGAGACCATCAGGATAATCTAACCCAGTGAAACGCTGATCTGATAATCAC,70d2c1f59a8987269312c5756e25e505526d4c32d59d083bb6f084fa4c5a3890,0.0627902730436764,-0.044961973922878,0.118283714605862,-287.50216370401904,-311.0695397751406,-280.8976634675637,-315.7768730847165,-11.311833546031266,-1.0,0.044961973922878,0.0,4,0.16217931175115552,0.17620727786206916,0.145609630836647,0.0350192443802928,1.0
chr5:148663788:C:T;chr5:148663809:C:G;var1;middle;OL41|K562|51d7e5366e750a9f,chr5:148663788:C:T;chr5:148663809:C:G;var1;middle;OL41,K562,K562_region_01778,100,121,21,AAGCGGGGCAGCATGCCGAGAGCCCAAAAGAGCAGATGGAGGTGACATGGGGCCTCCATGTCCTTCCAAAGAGTAGGGATGTATTCTCCCAGTCGCTTACTGGGTGTGTCCCAGTCCTTACAGGTTGTGCGGCTTGCAATCTGTAACTAATAATAGAGAAAGGAGAGTATGACGACTGAGGGCTCTGGCCGTGGTGTCAA,58cde7057adf24b659b1649ac3f4d3126a2cb429afb7e3802e1f9233e2c44b62,0.0,AAGCGGGGCAGCATGCCGAGAGCCCAAAAGAGCAGATGGAGGTGACATGGGGCCTCCATGTCCTTCCAAAGAGTAGGGATGTATTCTCCCAGTCGCTTATTGGGTGTGTCCCAGTCCTTACAGGTTGTGCGGCTTGCAATCTGTAACTAATAATAGAGAAAGGAGAGTATGACGACTGAGGGCTCTGGCCGTGGTGTCAA,a9ff92d260ff3fa247d8882e4799cc124574f1e20d9f7774167bcefb90d3fa1c,0.0819176100152417,AAGCGGGGCAGCATGCCGAGAGCCCAAAAGAGCAGATGGAGGTGACATGGGGCCTCCATGTCCTTCCAAAGAGTAGGGATGTATTCTCCCAGTCGCTTACTGGGTGTGTCCCAGTCCTTAGAGGTTGTGCGGCTTGCAATCTGTAACTAATAATAGAGAAAGGAGAGTATGACGACTGAGGGCTCTGGCCGTGGTGTCAA,ac9cbe47dbf2600a1fbcc7fb5fb59d0daa8bfb883f2736884c9f9eb7d80ff795,0.212448222335406,AAGCGGGGCAGCATGCCGAGAGCCCAAAAGAGCAGATGGAGGTGACATGGGGCCTCCATGTCCTTCCAAAGAGTAGGGATGTATTCTCCCAGTCGCTTATTGGGTGTGTCCCAGTCCTTAGAGGTTGTGCGGCTTGCAATCTGTAACTAATAATAGAGAAAGGAGAGTATGACGACTGAGGGCTCTGGCCGTGGTGTCAA,51d7e5366e750a9f061a8ae6f94d7e108ba93ce763718c34226133d8c5e41225,0.43174095467005,-0.1373751223194023,0.168624753113848,-387.7496047969908,-394.10363665688783,-410.6670526806265,-406.4974919874221,-10.523592553101423,1.0,-0.1373751223194023,0.0,4,0.16315626655925655,0.17620727786206916,0.145609630836647,0.19072063108545667,1.0
chr5:148783690:C:A;chr5:148783698:T:C;var1;middle;OL41|K562|b0a9a46e9f1f6c0d,chr5:148783690:C:A;chr5:148783698:T:C;var1;middle;OL41,K562,K562_region_01779,100,108,8,CAACGATGCAAACTCACTCTCATACTCAGCTCCTAACAGGAACCTCCCTTCACCTCCCAAGAAGCCTTACTCACACATACCAAGCCGCAGTCTGTCGACCTGTTTTCTCTAGGAATGGAGGGATTTCAAGGCTGCCTCTCCCAGTCTGGAAAGAAAAGCCACTTCACAGAATGAGTTGTTCATAATGTAAAGTGTTCATA,17e964b418e2001be4b8267b4f651bb295a322fde681f06c585763f15c6fab78,0.0,CAACGATGCAAACTCACTCTCATACTCAGCTCCTAACAGGAACCTCCCTTCACCTCCCAAGAAGCCTTACTCACACATACCAAGCCGCAGTCTGTCGACATGTTTTCTCTAGGAATGGAGGGATTTCAAGGCTGCCTCTCCCAGTCTGGAAAGAAAAGCCACTTCACAGAATGAGTTGTTCATAATGTAAAGTGTTCATA,5371282d55d5700ff65074a592a98e86a2c4d461d7710bba3b9d3587a9598996,0.651648793125232,CAACGATGCAAACTCACTCTCATACTCAGCTCCTAACAGGAACCTCCCTTCACCTCCCAAGAAGCCTTACTCACACATACCAAGCCGCAGTCTGTCGACCTGTTTTCCCTAGGAATGGAGGGATTTCAAGGCTGCCTCTCCCAGTCTGGAAAGAAAAGCCACTTCACAGAATGAGTTGTTCATAATGTAAAGTGTTCATA,6f2e1b3f95d8202fc4c20226814ef23bfbb021845e9905037388c27e5efd0deb,-0.275868649106206,CAACGATGCAAACTCACTCTCATACTCAGCTCCTAACAGGAACCTCCCTTCACCTCCCAAGAAGCCTTACTCACACATACCAAGCCGCAGTCTGTCGACATGTTTTCCCTAGGAATGGAGGGATTTCAAGGCTGCCTCTCCCAGTCTGGAAAGAAAAGCCACTTCACAGAATGAGTTGTTCATAATGTAAAGTGTTCATA,b0a9a46e9f1f6c0d4426f995c05b4e35340fc852a6f610df5af04b1c726ab343,0.24646318009684,-0.129316963922186,0.512448964386443,-357.8358342470601,-358.5401353063062,-366.0563717470504,-368.8218061327934,-2.061133326496929,-1.0,0.129316963922186,0.0,0,0.1831287583365821,0.18565657667894103,0.15145376406925343,0.39996977894704,1.0
chr5:148783690:C:A;chr5:148783767:T:G;var1;middle;OL41|K562|6125ede75d1d90bb,chr5:148783690:C:A;chr5:148783767:T:G;var1;middle;OL41,K562,K562_region_01779,100,177,77,CAACGATGCAAACTCACTCTCATACTCAGCTCCTAACAGGAACCTCCCTTCACCTCCCAAGAAGCCTTACTCACACATACCAAGCCGCAGTCTGTCGACCTGTTTTCTCTAGGAATGGAGGGATTTCAAGGCTGCCTCTCCCAGTCTGGAAAGAAAAGCCACTTCACAGAATGAGTTGTTCATAATGTAAAGTGTTCATA,17e964b418e2001be4b8267b4f651bb295a322fde681f06c585763f15c6fab78,0.0,CAACGATGCAAACTCACTCTCATACTCAGCTCCTAACAGGAACCTCCCTTCACCTCCCAAGAAGCCTTACTCACACATACCAAGCCGCAGTCTGTCGACATGTTTTCTCTAGGAATGGAGGGATTTCAAGGCTGCCTCTCCCAGTCTGGAAAGAAAAGCCACTTCACAGAATGAGTTGTTCATAATGTAAAGTGTTCATA,5371282d55d5700ff65074a592a98e86a2c4d461d7710bba3b9d3587a9598996,0.652674633725861,CAACGATGCAAACTCACTCTCATACTCAGCTCCTAACAGGAACCTCCCTTCACCTCCCAAGAAGCCTTACTCACACATACCAAGCCGCAGTCTGTCGACCTGTTTTCTCTAGGAATGGAGGGATTTCAAGGCTGCCTCTCCCAGTCTGGAAAGAAAAGCCACTTCACAGAATGAGTGGTTCATAATGTAAAGTGTTCATA,386ef870dfb140ebc42638db0b71d0854feedfc3e27e628fa455f7f29519922a,0.145518552046066,CAACGATGCAAACTCACTCTCATACTCAGCTCCTAACAGGAACCTCCCTTCACCTCCCAAGAAGCCTTACTCACACATACCAAGCCGCAGTCTGTCGACATGTTTTCTCTAGGAATGGAGGGATTTCAAGGCTGCCTCTCCCAGTCTGGAAAGAAAAGCCACTTCACAGAATGAGTGGTTCATAATGTAAAGTGTTCATA,6125ede75d1d90bb0eaaf4c97f6f7d986443c7830a568aa1516073a597e26657,0.255259892818335,0.5429332929535919,0.401382794432849,-357.8358342470601,-358.5401353063062,-354.01728266244754,-358.7334586298093,4.011874908115715,1.0,0.5429332929535919,0.0,0,0.19092885968623505,0.18565657667894103,0.15145376406925343,0.411373923225537,1.0
chr5:150827301:G:A;chr5:150827304:G:T;var1;middle;OL41|K562|67b6d99fae797fd9,chr5:150827301:G:A;chr5:150827304:G:T;var1;middle;OL41,K562,K562_region_01780,100,103,3,GCGAGGGGCTGATACTGAACCCGGGAAGGGTGGGCTGTGCTGAAGCCAGAGCCGGAGCCGGAGCTGGGGCCAGAACCCGAGCAGTGAGTTCCTCCACTGGCTGCCGGCTGGCGGCGCTCGCCGCCTTGGGCAGGACCCACCTCGCCTTCCTCCCGGCGTGGCAGATGCTCCAGGTCAGGCACTGGATCCGCCCGGGCTGT,c47dcce3b4522c7c73fd600bb24e4651098bdf241905cea9708eac96856a60b2,0.0,GCGAGGGGCTGATACTGAACCCGGGAAGGGTGGGCTGTGCTGAAGCCAGAGCCGGAGCCGGAGCTGGGGCCAGAACCCGAGCAGTGAGTTCCTCCACTGACTGCCGGCTGGCGGCGCTCGCCGCCTTGGGCAGGACCCACCTCGCCTTCCTCCCGGCGTGGCAGATGCTCCAGGTCAGGCACTGGATCCGCCCGGGCTGT,50e9fee0556cf6d6ad0aba588cdf117643c9660600e9a4cab3de9ec023fa4e1e,-0.643915062773482,GCGAGGGGCTGATACTGAACCCGGGAAGGGTGGGCTGTGCTGAAGCCAGAGCCGGAGCCGGAGCTGGGGCCAGAACCCGAGCAGTGAGTTCCTCCACTGGCTTCCGGCTGGCGGCGCTCGCCGCCTTGGGCAGGACCCACCTCGCCTTCCTCCCGGCGTGGCAGATGCTCCAGGTCAGGCACTGGATCCGCCCGGGCTGT,4d15a17ff7b1ba434954c4c7c3a371d72fb34fac26ddcb8433c24f0ae6a1ca27,-0.870441759477194,GCGAGGGGCTGATACTGAACCCGGGAAGGGTGGGCTGTGCTGAAGCCAGAGCCGGAGCCGGAGCTGGGGCCAGAACCCGAGCAGTGAGTTCCTCCACTGACTTCCGGCTGGCGGCGCTCGCCGCCTTGGGCAGGACCCACCTCGCCTTCCTCCCGGCGTGGCAGATGCTCCAGGTCAGGCACTGGATCCGCCCGGGCTGT,67b6d99fae797fd95255c121f1d22f6c5220183a189b5593a33bac3c62aaff01,-0.486333064426632,1.028023757824044,0.231636578035104,-285.6749087702483,-304.36995091754943,-288.63341997005045,-299.36797652440146,7.9604855929501355,-1.0,-1.028023757824044,0.0,1,0.1904644750960579,0.18216460459877223,0.1501433469024087,0.17953896445708797,1.0
chr5:150831913:G:C;chr5:150831989:A:G;var1;middle;OL41|K562|81448be028c50ea1,chr5:150831913:G:C;chr5:150831989:A:G;var1;middle;OL41,K562,K562_region_01781,100,176,76,AAACAAATTATGTAGAAGCCAAACCATTTTACTTCCCTCACTGTAGACCACACATAGCAACACAGTCTGTGTCTTTGTTCATGTTTTTAGAATTCCATCGACAGAGAGGAGAAAATACATCTGGGGAATTTGCCGCTGCTCTGAGTTCCAAAGTCCAAACCAATGTAATTGTTTCAGAATAACGGATGACACTTTTAGCT,2c0c94be2b858168423c79e940471dc231601cac5df4fd34431c29e6324ea5de,0.0,AAACAAATTATGTAGAAGCCAAACCATTTTACTTCCCTCACTGTAGACCACACATAGCAACACAGTCTGTGTCTTTGTTCATGTTTTTAGAATTCCATCCACAGAGAGGAGAAAATACATCTGGGGAATTTGCCGCTGCTCTGAGTTCCAAAGTCCAAACCAATGTAATTGTTTCAGAATAACGGATGACACTTTTAGCT,2cfa3508ad7fb2528f4b08fb61c8990d7d150030d880b32e3764e7f1a1600e7f,-0.23203350817708,AAACAAATTATGTAGAAGCCAAACCATTTTACTTCCCTCACTGTAGACCACACATAGCAACACAGTCTGTGTCTTTGTTCATGTTTTTAGAATTCCATCGACAGAGAGGAGAAAATACATCTGGGGAATTTGCCGCTGCTCTGAGTTCCAAAGTCCAAACCAATGTAATTGTTTCGGAATAACGGATGACACTTTTAGCT,4884bc5d7c06a6a58515ebc2dad9576d0d09c47b977ff7e58eb5193be0981ca8,0.527283850673801,AAACAAATTATGTAGAAGCCAAACCATTTTACTTCCCTCACTGTAGACCACACATAGCAACACAGTCTGTGTCTTTGTTCATGTTTTTAGAATTCCATCCACAGAGAGGAGAAAATACATCTGGGGAATTTGCCGCTGCTCTGAGTTCCAAAGTCCAAACCAATGTAATTGTTTCGGAATAACGGATGACACTTTTAGCT,81448be028c50ea195ec96a1319cc839785d75e6eeba8b3d41e2e4fbabb693ae,-0.214063101445657,-0.509313443942378,0.313396759202763,-268.3005906790495,-338.4478750256821,-328.3196149240248,-374.6762074301951,23.79069184046233,-1.0,0.509313443942378,0.0,2,0.20983563921046822,0.17490732828716207,0.146091925319964,0.24583064125891546,1.0
chr5:151756636:C:G;chr5:151756719:A:C;var1;middle;OL41|K562|1ca6d9f9771bc864,chr5:151756636:C:G;chr5:151756719:A:C;var1;middle;OL41,K562,K562_region_01782,100,183,83,GGCCACTTTGCTTAAAGTAAAGGCTCTAGAGGGAGGCACGGGGGAAAAACAGTAGAAACACACTGGGGCAAAGGCTCTCTCGTCCGTTTTAGGATCTCTCTCTCTCTGTCTTGCCTATCCTTTCTTGGCCCTGACATTGTTTTCTCCCATTTTGGGTTTCTGCCTAGTGCTTCTGAATTTTAATTTCCCGAAAGCCAGTT,4ca21c1eea0102746d19930b7d29147e96750ab765756a4542707de0ad6d7522,0.0,GGCCACTTTGCTTAAAGTAAAGGCTCTAGAGGGAGGCACGGGGGAAAAACAGTAGAAACACACTGGGGCAAAGGCTCTCTCGTCCGTTTTAGGATCTCTGTCTCTCTGTCTTGCCTATCCTTTCTTGGCCCTGACATTGTTTTCTCCCATTTTGGGTTTCTGCCTAGTGCTTCTGAATTTTAATTTCCCGAAAGCCAGTT,c8edaf1c92811946c3227d5c8a1f4f1f91ea4534d1e63bfd79bab159d757bc6a,0.007801025167554,GGCCACTTTGCTTAAAGTAAAGGCTCTAGAGGGAGGCACGGGGGAAAAACAGTAGAAACACACTGGGGCAAAGGCTCTCTCGTCCGTTTTAGGATCTCTCTCTCTCTGTCTTGCCTATCCTTTCTTGGCCCTGACATTGTTTTCTCCCATTTTGGGTTTCTGCCTAGTGCTTCTGAATTTTACTTTCCCGAAAGCCAGTT,a76bfdb703860d46c7cb96819148db27a10a4fc21c02daeed8390aa2e3a39219,-0.199801182048305,GGCCACTTTGCTTAAAGTAAAGGCTCTAGAGGGAGGCACGGGGGAAAAACAGTAGAAACACACTGGGGCAAAGGCTCTCTCGTCCGTTTTAGGATCTCTGTCTCTCTGTCTTGCCTATCCTTTCTTGGCCCTGACATTGTTTTCTCCCATTTTGGGTTTCTGCCTAGTGCTTCTGAATTTTACTTTCCCGAAAGCCAGTT,1ca6d9f9771bc864668382c514a0458fbc3cf9ce2ed6ca4af530a8ad56f56b05,0.112364008575581,0.304364165456332,0.160033383385151,-324.6736424220726,-327.0824958535377,-344.7550821786281,-346.54128172528,0.6226538848131895,-1.0,-0.304364165456332,0.0,3,0.182727136099019,0.18106719778262317,0.1474303780702046,0.24668725966859653,1.0
chr5:156916555:A:G;chr5:156916636:A:C;var1;middle;OL31|K562|ecfb9b4f33966a0f,chr5:156916555:A:G;chr5:156916636:A:C;var1;middle;OL31,K562,K562_region_01783,100,181,81,CTTCCCCTGTGAGGAGACACAAGGGTGTCACGAGCCATCAACCAATCCCCATCAGGCATAGATCCAGAAAGACCTGGGACTTAAAATCCCCTCCAGAACAAGTGTTATTTAATAGGTGACTCAGAGACTGTACATCTTCCATATCCAAAATAATACATCACTTTTCAAATGGGACACCAAAAGCGAGCAGGAGTAGCTAT,e420bbd022e21cb530ddf231705f649176a16af4295de0f9a98b883061cd9aab,0.0,CTTCCCCTGTGAGGAGACACAAGGGTGTCACGAGCCATCAACCAATCCCCATCAGGCATAGATCCAGAAAGACCTGGGACTTAAAATCCCCTCCAGAACGAGTGTTATTTAATAGGTGACTCAGAGACTGTACATCTTCCATATCCAAAATAATACATCACTTTTCAAATGGGACACCAAAAGCGAGCAGGAGTAGCTAT,9052d05bd33894c46ccec9c584ce856ac8102e5bf4f005936acb75b284b89436,-0.269337037132495,CTTCCCCTGTGAGGAGACACAAGGGTGTCACGAGCCATCAACCAATCCCCATCAGGCATAGATCCAGAAAGACCTGGGACTTAAAATCCCCTCCAGAACAAGTGTTATTTAATAGGTGACTCAGAGACTGTACATCTTCCATATCCAAAATAATACATCACTTTTCAAATGGGACACCAACAGCGAGCAGGAGTAGCTAT,850db93b081466c8ce41b42e1efe0bbd316b9b0030e1a7451b86f60852c871ea,0.294825452280395,CTTCCCCTGTGAGGAGACACAAGGGTGTCACGAGCCATCAACCAATCCCCATCAGGCATAGATCCAGAAAGACCTGGGACTTAAAATCCCCTCCAGAACGAGTGTTATTTAATAGGTGACTCAGAGACTGTACATCTTCCATATCCAAAATAATACATCACTTTTCAAATGGGACACCAACAGCGAGCAGGAGTAGCTAT,ecfb9b4f33966a0ff8cfa34ea17b2d8bcc3f744e971b3a3e7ee7c955cfeb0da0,-0.230603044158897,-0.256091459306797,0.663681073173069,-401.4190215850249,-407.9426236776635,-381.2382752783597,-396.32540610805154,-8.563528737053275,-1.0,0.256091459306797,0.0,3,0.16422446107252225,0.18106719778262317,0.1474303780702046,0.3662189328194629,1.0
chr5:157158326:G:C;chr5:157158372:T:C;var1;middle;OL41|K562|2bc489c2299952d8,chr5:157158326:G:C;chr5:157158372:T:C;var1;middle;OL41,K562,K562_region_01784,100,146,46,TTTTTAAAAACCTCGTGAGACTGATTTGCCGCAGGACGGGAGGAGGAAGAAGCAAGCGTGGAAGGTGCTAACGGAGGAACCTAAACCTCCATCCTCTTTGCCTGGGAGGTTAAGAACTACAGGGAGAGGCGAGAGAGACTATGACTGCCCTACGGCTAGAGTAGCCGCGAAGAGAACACTTCCGGGGCGGGGCTATCTGG,cda4f50baa61dd6cf6e402259fbcbf0b7f6cceccda2bf65633e3f05e6f441af5,0.0,TTTTTAAAAACCTCGTGAGACTGATTTGCCGCAGGACGGGAGGAGGAAGAAGCAAGCGTGGAAGGTGCTAACGGAGGAACCTAAACCTCCATCCTCTTTCCCTGGGAGGTTAAGAACTACAGGGAGAGGCGAGAGAGACTATGACTGCCCTACGGCTAGAGTAGCCGCGAAGAGAACACTTCCGGGGCGGGGCTATCTGG,56b5fb3f1b3f863cb47f674ee15c3bf431c89978387946b1eb8a40e65542be4c,0.0937537869927173,TTTTTAAAAACCTCGTGAGACTGATTTGCCGCAGGACGGGAGGAGGAAGAAGCAAGCGTGGAAGGTGCTAACGGAGGAACCTAAACCTCCATCCTCTTTGCCTGGGAGGTTAAGAACTACAGGGAGAGGCGAGAGAGACTATGACCGCCCTACGGCTAGAGTAGCCGCGAAGAGAACACTTCCGGGGCGGGGCTATCTGG,86091f5ac37bb3169b4c603e1ff25fad5bb2d855808fd0d4aa91d52423f51d8f,0.364199556570215,TTTTTAAAAACCTCGTGAGACTGATTTGCCGCAGGACGGGAGGAGGAAGAAGCAAGCGTGGAAGGTGCTAACGGAGGAACCTAAACCTCCATCCTCTTTCCCTGGGAGGTTAAGAACTACAGGGAGAGGCGAGAGAGACTATGACCGCCCTACGGCTAGAGTAGCCGCGAAGAGAACACTTCCGGGGCGGGGCTATCTGG,2bc489c2299952d848fd723d09897c98faf01af2a1b8ffd0c3707e325a57927e,0.407378869084954,0.0505744744779783,0.163591202005714,-284.8000698601827,-280.55878647975624,-309.44454552140087,-290.109615562018,-15.093646578956395,1.0,0.0505744744779783,0.0,1,0.16700828186692085,0.18216460459877223,0.1501433469024087,0.040814716580255456,1.0
chr5:157158326:G:C;chr5:157158393:G:A;var1;middle;OL41|K562|59b4b44d6d9616f5,chr5:157158326:G:C;chr5:157158393:G:A;var1;middle;OL41,K562,K562_region_01784,100,167,67,TTTTTAAAAACCTCGTGAGACTGATTTGCCGCAGGACGGGAGGAGGAAGAAGCAAGCGTGGAAGGTGCTAACGGAGGAACCTAAACCTCCATCCTCTTTGCCTGGGAGGTTAAGAACTACAGGGAGAGGCGAGAGAGACTATGACTGCCCTACGGCTAGAGTAGCCGCGAAGAGAACACTTCCGGGGCGGGGCTATCTGG,cda4f50baa61dd6cf6e402259fbcbf0b7f6cceccda2bf65633e3f05e6f441af5,0.0,TTTTTAAAAACCTCGTGAGACTGATTTGCCGCAGGACGGGAGGAGGAAGAAGCAAGCGTGGAAGGTGCTAACGGAGGAACCTAAACCTCCATCCTCTTTCCCTGGGAGGTTAAGAACTACAGGGAGAGGCGAGAGAGACTATGACTGCCCTACGGCTAGAGTAGCCGCGAAGAGAACACTTCCGGGGCGGGGCTATCTGG,56b5fb3f1b3f863cb47f674ee15c3bf431c89978387946b1eb8a40e65542be4c,0.0937502141448289,TTTTTAAAAACCTCGTGAGACTGATTTGCCGCAGGACGGGAGGAGGAAGAAGCAAGCGTGGAAGGTGCTAACGGAGGAACCTAAACCTCCATCCTCTTTGCCTGGGAGGTTAAGAACTACAGGGAGAGGCGAGAGAGACTATGACTGCCCTACGGCTAGAGTAGCCACGAAGAGAACACTTCCGGGGCGGGGCTATCTGG,c4e52e1f44d21b930934c59f5842d5719afb9208ecae7cc513f13be55c298148,0.0657279612031719,TTTTTAAAAACCTCGTGAGACTGATTTGCCGCAGGACGGGAGGAGGAAGAAGCAAGCGTGGAAGGTGCTAACGGAGGAACCTAAACCTCCATCCTCTTTCCCTGGGAGGTTAAGAACTACAGGGAGAGGCGAGAGAGACTATGACTGCCCTACGGCTAGAGTAGCCACGAAGAGAACACTTCCGGGGCGGGGCTATCTGG,59b4b44d6d9616f542ff1955b9a8e44dc32d23c3aaaad8ae10db65ceaf718f57,-0.0098945741468171,0.1693727494948179,0.161036175803185,-284.8000698601827,-280.55878647975624,-290.6228472087532,-282.5050704013556,-3.8764934269711375,1.0,0.1693727494948179,0.0,1,0.17842106070638697,0.18216460459877223,0.1501433469024087,0.08878071160467987,1.0
chr5:157158326:G:C;chr5:157158414:C:A;var1;middle;OL41|K562|b0f6245b96a57845,chr5:157158326:G:C;chr5:157158414:C:A;var1;middle;OL41,K562,K562_region_01784,100,188,88,TTTTTAAAAACCTCGTGAGACTGATTTGCCGCAGGACGGGAGGAGGAAGAAGCAAGCGTGGAAGGTGCTAACGGAGGAACCTAAACCTCCATCCTCTTTGCCTGGGAGGTTAAGAACTACAGGGAGAGGCGAGAGAGACTATGACTGCCCTACGGCTAGAGTAGCCGCGAAGAGAACACTTCCGGGGCGGGGCTATCTGG,cda4f50baa61dd6cf6e402259fbcbf0b7f6cceccda2bf65633e3f05e6f441af5,0.0,TTTTTAAAAACCTCGTGAGACTGATTTGCCGCAGGACGGGAGGAGGAAGAAGCAAGCGTGGAAGGTGCTAACGGAGGAACCTAAACCTCCATCCTCTTTCCCTGGGAGGTTAAGAACTACAGGGAGAGGCGAGAGAGACTATGACTGCCCTACGGCTAGAGTAGCCGCGAAGAGAACACTTCCGGGGCGGGGCTATCTGG,56b5fb3f1b3f863cb47f674ee15c3bf431c89978387946b1eb8a40e65542be4c,0.09374308941701,TTTTTAAAAACCTCGTGAGACTGATTTGCCGCAGGACGGGAGGAGGAAGAAGCAAGCGTGGAAGGTGCTAACGGAGGAACCTAAACCTCCATCCTCTTTGCCTGGGAGGTTAAGAACTACAGGGAGAGGCGAGAGAGACTATGACTGCCCTACGGCTAGAGTAGCCGCGAAGAGAACACTTCCGGGGAGGGGCTATCTGG,0e0be5d1303584c17aa88d05e297769d661b2699da26358680079119eb7b44f2,-0.0078250418994325,TTTTTAAAAACCTCGTGAGACTGATTTGCCGCAGGACGGGAGGAGGAAGAAGCAAGCGTGGAAGGTGCTAACGGAGGAACCTAAACCTCCATCCTCTTTCCCTGGGAGGTTAAGAACTACAGGGAGAGGCGAGAGAGACTATGACTGCCCTACGGCTAGAGTAGCCGCGAAGAGAACACTTCCGGGGAGGGGCTATCTGG,b0f6245b96a578457fe04dff4b5c293782b711d490495d62457ff1607f78fdff,0.129842040870981,0.0439239933534035,0.156764333817782,-284.8000698601827,-280.55878647975624,-294.5721254050732,-289.83267823047936,0.4981637941673398,-1.0,-0.0439239933534035,0.0,1,0.18287201137870532,0.18216460459877223,0.1501433469024087,0.05244153553484723,1.0
chr5:157158372:T:C;chr5:157158393:G:A;var1;middle;OL41|K562|3d81aedd4487b62d,chr5:157158372:T:C;chr5:157158393:G:A;var1;middle;OL41,K562,K562_region_01784,100,121,21,AAGAAGCAAGCGTGGAAGGTGCTAACGGAGGAACCTAAACCTCCATCCTCTTTGCCTGGGAGGTTAAGAACTACAGGGAGAGGCGAGAGAGACTATGACTGCCCTACGGCTAGAGTAGCCGCGAAGAGAACACTTCCGGGGCGGGGCTATCTGGCCCTTTCCTTTCCGCGTGTAGAATGTGGGGCGCCTGTAAAGTTAAG,846b090851669690bb5571682a56fd41c38dbbc199d9ce98b8964bac2118fbfa,0.0,AAGAAGCAAGCGTGGAAGGTGCTAACGGAGGAACCTAAACCTCCATCCTCTTTGCCTGGGAGGTTAAGAACTACAGGGAGAGGCGAGAGAGACTATGACCGCCCTACGGCTAGAGTAGCCGCGAAGAGAACACTTCCGGGGCGGGGCTATCTGGCCCTTTCCTTTCCGCGTGTAGAATGTGGGGCGCCTGTAAAGTTAAG,c6decea9e457ef14cf1138524a03e06d8ac1a3ea0178fd09102191b1b2f04a71,0.323570562363242,AAGAAGCAAGCGTGGAAGGTGCTAACGGAGGAACCTAAACCTCCATCCTCTTTGCCTGGGAGGTTAAGAACTACAGGGAGAGGCGAGAGAGACTATGACTGCCCTACGGCTAGAGTAGCCACGAAGAGAACACTTCCGGGGCGGGGCTATCTGGCCCTTTCCTTTCCGCGTGTAGAATGTGGGGCGCCTGTAAAGTTAAG,c52834156431ec76c66486da47879fce744e15fdaa0b75bbdc9bd9291cacc0d1,-0.136641089609301,AAGAAGCAAGCGTGGAAGGTGCTAACGGAGGAACCTAAACCTCCATCCTCTTTGCCTGGGAGGTTAAGAACTACAGGGAGAGGCGAGAGAGACTATGACCGCCCTACGGCTAGAGTAGCCACGAAGAGAACACTTCCGGGGCGGGGCTATCTGGCCCTTTCCTTTCCGCGTGTAGAATGTGGGGCGCCTGTAAAGTTAAG,3d81aedd4487b62d0f0df01c9fd544d07ddc0ec36b4eb65dd8de65de7dca9cca,0.241505581144417,0.054576108390476,0.184714842055216,-303.7601118688472,-303.2760935202241,-293.64079042477533,-298.32055663038045,-5.1637845542282435,-1.0,-0.054576108390476,0.0,1,0.17711131938982197,0.18216460459877223,0.1501433469024087,0.12682167282537923,1.0
chr5:157158372:T:C;chr5:157158414:C:A;var1;middle;OL41|K562|b478a4a49400f43d,chr5:157158372:T:C;chr5:157158414:C:A;var1;middle;OL41,K562,K562_region_01784,100,142,42,AAGAAGCAAGCGTGGAAGGTGCTAACGGAGGAACCTAAACCTCCATCCTCTTTGCCTGGGAGGTTAAGAACTACAGGGAGAGGCGAGAGAGACTATGACTGCCCTACGGCTAGAGTAGCCGCGAAGAGAACACTTCCGGGGCGGGGCTATCTGGCCCTTTCCTTTCCGCGTGTAGAATGTGGGGCGCCTGTAAAGTTAAG,846b090851669690bb5571682a56fd41c38dbbc199d9ce98b8964bac2118fbfa,0.0,AAGAAGCAAGCGTGGAAGGTGCTAACGGAGGAACCTAAACCTCCATCCTCTTTGCCTGGGAGGTTAAGAACTACAGGGAGAGGCGAGAGAGACTATGACCGCCCTACGGCTAGAGTAGCCGCGAAGAGAACACTTCCGGGGCGGGGCTATCTGGCCCTTTCCTTTCCGCGTGTAGAATGTGGGGCGCCTGTAAAGTTAAG,c6decea9e457ef14cf1138524a03e06d8ac1a3ea0178fd09102191b1b2f04a71,0.323513875664779,AAGAAGCAAGCGTGGAAGGTGCTAACGGAGGAACCTAAACCTCCATCCTCTTTGCCTGGGAGGTTAAGAACTACAGGGAGAGGCGAGAGAGACTATGACTGCCCTACGGCTAGAGTAGCCGCGAAGAGAACACTTCCGGGGAGGGGCTATCTGGCCCTTTCCTTTCCGCGTGTAGAATGTGGGGCGCCTGTAAAGTTAAG,722f227d56defdb6cb1c347319085f585e7cfbcbbb41595ba7a0f980f7700edb,-0.0907429176000754,AAGAAGCAAGCGTGGAAGGTGCTAACGGAGGAACCTAAACCTCCATCCTCTTTGCCTGGGAGGTTAAGAACTACAGGGAGAGGCGAGAGAGACTATGACCGCCCTACGGCTAGAGTAGCCGCGAAGAGAACACTTCCGGGGAGGGGCTATCTGGCCCTTTCCTTTCCGCGTGTAGAATGTGGGGCGCCTGTAAAGTTAAG,b478a4a49400f43df2de51daaa6425024f48622aa54451dc6992779e08398b26,0.321998717324986,0.0892277592602823,0.165717666723021,-303.7601118688472,-303.2760935202241,-303.0383196193725,-304.7528441492468,-2.198542878497449,-1.0,-0.0892277592602823,0.0,1,0.18012827449350566,0.18216460459877223,0.1501433469024087,0.09048249675554634,1.0
chr5:157158372:T:C;chr5:157158439:C:A;var1;middle;OL41|K562|2164863b1651c9d0,chr5:157158372:T:C;chr5:157158439:C:A;var1;middle;OL41,K562,K562_region_01784,100,167,67,AAGAAGCAAGCGTGGAAGGTGCTAACGGAGGAACCTAAACCTCCATCCTCTTTGCCTGGGAGGTTAAGAACTACAGGGAGAGGCGAGAGAGACTATGACTGCCCTACGGCTAGAGTAGCCGCGAAGAGAACACTTCCGGGGCGGGGCTATCTGGCCCTTTCCTTTCCGCGTGTAGAATGTGGGGCGCCTGTAAAGTTAAG,846b090851669690bb5571682a56fd41c38dbbc199d9ce98b8964bac2118fbfa,0.0,AAGAAGCAAGCGTGGAAGGTGCTAACGGAGGAACCTAAACCTCCATCCTCTTTGCCTGGGAGGTTAAGAACTACAGGGAGAGGCGAGAGAGACTATGACCGCCCTACGGCTAGAGTAGCCGCGAAGAGAACACTTCCGGGGCGGGGCTATCTGGCCCTTTCCTTTCCGCGTGTAGAATGTGGGGCGCCTGTAAAGTTAAG,c6decea9e457ef14cf1138524a03e06d8ac1a3ea0178fd09102191b1b2f04a71,0.323542178160973,AAGAAGCAAGCGTGGAAGGTGCTAACGGAGGAACCTAAACCTCCATCCTCTTTGCCTGGGAGGTTAAGAACTACAGGGAGAGGCGAGAGAGACTATGACTGCCCTACGGCTAGAGTAGCCGCGAAGAGAACACTTCCGGGGCGGGGCTATCTGGCCCTTTCCTTTCAGCGTGTAGAATGTGGGGCGCCTGTAAAGTTAAG,dd1559e057b4deb11b38980d8517f8eddad2615ba1e4b063e15a64bc507a78d6,-0.236724096572444,AAGAAGCAAGCGTGGAAGGTGCTAACGGAGGAACCTAAACCTCCATCCTCTTTGCCTGGGAGGTTAAGAACTACAGGGAGAGGCGAGAGAGACTATGACCGCCCTACGGCTAGAGTAGCCGCGAAGAGAACACTTCCGGGGCGGGGCTATCTGGCCCTTTCCTTTCAGCGTGTAGAATGTGGGGCGCCTGTAAAGTTAAG,2164863b1651c9d06903034d932cc9e5329d9700c38d5fc71377cd29b81302bc,0.160050014313475,0.0732319327249459,0.174282320764569,-303.7601118688472,-303.2760935202241,-265.88813880458474,-271.64084539189935,-6.23672493593773,-1.0,-0.0732319327249459,0.0,1,0.17601966706784083,0.18216460459877223,0.1501433469024087,0.03796353763347063,1.0
chr5:157158393:G:A;chr5:157158414:C:A;var1;middle;OL41|K562|957c3ff53f2c397d,chr5:157158393:G:A;chr5:157158414:C:A;var1;middle;OL41,K562,K562_region_01784,100,121,21,CTAACGGAGGAACCTAAACCTCCATCCTCTTTGCCTGGGAGGTTAAGAACTACAGGGAGAGGCGAGAGAGACTATGACTGCCCTACGGCTAGAGTAGCCGCGAAGAGAACACTTCCGGGGCGGGGCTATCTGGCCCTTTCCTTTCCGCGTGTAGAATGTGGGGCGCCTGTAAAGTTAAGGTTCACGATTCCTTGGCCACC,80e6a09dc823f881d804abab29fef316c51d271f4b09fddea07cdb4964f9c3ce,0.0,CTAACGGAGGAACCTAAACCTCCATCCTCTTTGCCTGGGAGGTTAAGAACTACAGGGAGAGGCGAGAGAGACTATGACTGCCCTACGGCTAGAGTAGCCACGAAGAGAACACTTCCGGGGCGGGGCTATCTGGCCCTTTCCTTTCCGCGTGTAGAATGTGGGGCGCCTGTAAAGTTAAGGTTCACGATTCCTTGGCCACC,5f90203ec1fb81226cffa9e546534e743f019bda88baa1ee07becbf848bc5581,-0.0297622897779744,CTAACGGAGGAACCTAAACCTCCATCCTCTTTGCCTGGGAGGTTAAGAACTACAGGGAGAGGCGAGAGAGACTATGACTGCCCTACGGCTAGAGTAGCCGCGAAGAGAACACTTCCGGGGAGGGGCTATCTGGCCCTTTCCTTTCCGCGTGTAGAATGTGGGGCGCCTGTAAAGTTAAGGTTCACGATTCCTTGGCCACC,fea084051635c5fa3177f419577764dd4dbbe620f4651add53ce2f7e2782fb35,0.0064453226657095,CTAACGGAGGAACCTAAACCTCCATCCTCTTTGCCTGGGAGGTTAAGAACTACAGGGAGAGGCGAGAGAGACTATGACTGCCCTACGGCTAGAGTAGCCACGAAGAGAACACTTCCGGGGAGGGGCTATCTGGCCCTTTCCTTTCCGCGTGTAGAATGTGGGGCGCCTGTAAAGTTAAGGTTCACGATTCCTTGGCCACC,957c3ff53f2c397d03916e2a7b0d77605f460d8d4f571b81062191cb9caae04a,0.0818699135242614,0.1051868806365263,0.16869512990475,-322.68575325608253,-338.5013509336859,-303.0665249992162,-305.5871888436377,13.294933833181858,-1.0,-0.1051868806365263,0.0,1,0.1958919554176196,0.18216460459877223,0.1501433469024087,0.07821937175883173,1.0
chr5:157158393:G:A;chr5:157158439:C:A;var1;middle;OL41|K562|d644b7c08abec25f,chr5:157158393:G:A;chr5:157158439:C:A;var1;middle;OL41,K562,K562_region_01784,100,146,46,CTAACGGAGGAACCTAAACCTCCATCCTCTTTGCCTGGGAGGTTAAGAACTACAGGGAGAGGCGAGAGAGACTATGACTGCCCTACGGCTAGAGTAGCCGCGAAGAGAACACTTCCGGGGCGGGGCTATCTGGCCCTTTCCTTTCCGCGTGTAGAATGTGGGGCGCCTGTAAAGTTAAGGTTCACGATTCCTTGGCCACC,80e6a09dc823f881d804abab29fef316c51d271f4b09fddea07cdb4964f9c3ce,0.0,CTAACGGAGGAACCTAAACCTCCATCCTCTTTGCCTGGGAGGTTAAGAACTACAGGGAGAGGCGAGAGAGACTATGACTGCCCTACGGCTAGAGTAGCCACGAAGAGAACACTTCCGGGGCGGGGCTATCTGGCCCTTTCCTTTCCGCGTGTAGAATGTGGGGCGCCTGTAAAGTTAAGGTTCACGATTCCTTGGCCACC,5f90203ec1fb81226cffa9e546534e743f019bda88baa1ee07becbf848bc5581,-0.0298023375220616,CTAACGGAGGAACCTAAACCTCCATCCTCTTTGCCTGGGAGGTTAAGAACTACAGGGAGAGGCGAGAGAGACTATGACTGCCCTACGGCTAGAGTAGCCGCGAAGAGAACACTTCCGGGGCGGGGCTATCTGGCCCTTTCCTTTCAGCGTGTAGAATGTGGGGCGCCTGTAAAGTTAAGGTTCACGATTCCTTGGCCACC,2b5edc9feae31e1d37ce44aa3b60e20ce86f03453be14aac10a6b053bcf06f32,-0.0221714987208175,CTAACGGAGGAACCTAAACCTCCATCCTCTTTGCCTGGGAGGTTAAGAACTACAGGGAGAGGCGAGAGAGACTATGACTGCCCTACGGCTAGAGTAGCCACGAAGAGAACACTTCCGGGGCGGGGCTATCTGGCCCTTTCCTTTCAGCGTGTAGAATGTGGGGCGCCTGTAAAGTTAAGGTTCACGATTCCTTGGCCACC,d644b7c08abec25fd19f51d0a35c0e9fe066877f41d73b56c80f6e12e78398bb,-0.116807420065844,0.0648335838229649,0.175364507614853,-322.68575325608253,-338.5013509336859,-290.9555816836655,-291.8366390969604,-14.934540264308453,1.0,0.0648335838229649,0.0,1,0.1671701629749378,0.18216460459877223,0.1501433469024087,0.02570041263675596,1.0
chr5:157158414:C:A;chr5:157158439:C:A;var1;middle;OL41|K562|21e4fc2234a90b43,chr5:157158414:C:A;chr5:157158439:C:A;var1;middle;OL41,K562,K562_region_01784,100,125,25,CCATCCTCTTTGCCTGGGAGGTTAAGAACTACAGGGAGAGGCGAGAGAGACTATGACTGCCCTACGGCTAGAGTAGCCGCGAAGAGAACACTTCCGGGGCGGGGCTATCTGGCCCTTTCCTTTCCGCGTGTAGAATGTGGGGCGCCTGTAAAGTTAAGGTTCACGATTCCTTGGCCACCATTTCCATCACTCTGAGACGG,76091df52edee56b9ed6f005660db5dae0ed51cdf794161070d3ffb5f9459bf3,0.0,CCATCCTCTTTGCCTGGGAGGTTAAGAACTACAGGGAGAGGCGAGAGAGACTATGACTGCCCTACGGCTAGAGTAGCCGCGAAGAGAACACTTCCGGGGAGGGGCTATCTGGCCCTTTCCTTTCCGCGTGTAGAATGTGGGGCGCCTGTAAAGTTAAGGTTCACGATTCCTTGGCCACCATTTCCATCACTCTGAGACGG,3231743eca1205afe2ce5daae56643db0ce5a3403c16a49c76d3cf38edcf8d0b,-0.122449139976978,CCATCCTCTTTGCCTGGGAGGTTAAGAACTACAGGGAGAGGCGAGAGAGACTATGACTGCCCTACGGCTAGAGTAGCCGCGAAGAGAACACTTCCGGGGCGGGGCTATCTGGCCCTTTCCTTTCAGCGTGTAGAATGTGGGGCGCCTGTAAAGTTAAGGTTCACGATTCCTTGGCCACCATTTCCATCACTCTGAGACGG,da241e074742238a83218978cf7fc8b0fd248802e9a715724bde946a77d1708f,-0.214153526100679,CCATCCTCTTTGCCTGGGAGGTTAAGAACTACAGGGAGAGGCGAGAGAGACTATGACTGCCCTACGGCTAGAGTAGCCGCGAAGAGAACACTTCCGGGGAGGGGCTATCTGGCCCTTTCCTTTCAGCGTGTAGAATGTGGGGCGCCTGTAAAGTTAAGGTTCACGATTCCTTGGCCACCATTTCCATCACTCTGAGACGG,21e4fc2234a90b4370949159b18172e93ee92059bad24c1abf2e0712e8813c41,-0.187088351505207,0.1495143145724499,0.187795258069885,-328.38056968618184,-287.4066391736269,-281.84142173826694,-276.5285611450672,-35.661069919355214,-1.0,-0.1495143145724499,0.0,1,0.1460821653468748,0.18216460459877223,0.1501433469024087,0.1811022136289335,1.0
chr5:157924232:G:A;chr5:157924280:G:T;var1;middle;OL32|K562|3e2cbdb6a53fbfd6,chr5:157924232:G:A;chr5:157924280:G:T;var1;middle;OL32,K562,K562_region_01785,100,148,48,TAAGGCTTGAACAAAATCTCAGAATAAAGAGATCTCTGGGTTCATCCCCAGCAAGGGGACATCTCTGGCTGTGTTATTTACCTGCTGTTATCTGTTACTGTCCTCCAGTCTACCCCGTCTCCATGGTCTACACCCACGTGAGAATCAGTGGACAGAAAGAGATTTGATTTACACTGCTCATTAGGCTACCAGAGCCTCTT,5946623a77441384a1194d849a7da773811c657433169f2a0017759193463fe4,0.0,TAAGGCTTGAACAAAATCTCAGAATAAAGAGATCTCTGGGTTCATCCCCAGCAAGGGGACATCTCTGGCTGTGTTATTTACCTGCTGTTATCTGTTACTATCCTCCAGTCTACCCCGTCTCCATGGTCTACACCCACGTGAGAATCAGTGGACAGAAAGAGATTTGATTTACACTGCTCATTAGGCTACCAGAGCCTCTT,9e1af4a69f0b7c7762336fe065e54f91a8787b0e8c62a3a83d70846d894091e9,0.0178750897547487,TAAGGCTTGAACAAAATCTCAGAATAAAGAGATCTCTGGGTTCATCCCCAGCAAGGGGACATCTCTGGCTGTGTTATTTACCTGCTGTTATCTGTTACTGTCCTCCAGTCTACCCCGTCTCCATGGTCTACACCCACGTGAGAATCATTGGACAGAAAGAGATTTGATTTACACTGCTCATTAGGCTACCAGAGCCTCTT,225256ae8e8603a68f22dd073060da50cba2702b1f74fcc526f793ee1ea7cce9,0.271815460564143,TAAGGCTTGAACAAAATCTCAGAATAAAGAGATCTCTGGGTTCATCCCCAGCAAGGGGACATCTCTGGCTGTGTTATTTACCTGCTGTTATCTGTTACTATCCTCCAGTCTACCCCGTCTCCATGGTCTACACCCACGTGAGAATCATTGGACAGAAAGAGATTTGATTTACACTGCTCATTAGGCTACCAGAGCCTCTT,3e2cbdb6a53fbfd6e57252be5faaf3c30e307c1e2ec287c6c2497e2a922f8812,0.29122502330124,-0.0015344729823482,0.305297314257342,-256.46919862926006,-258.7902223020792,-258.3959546536207,-261.3718826323748,0.6549043059349628,1.0,-0.0015344729823482,0.0,1,0.18303148542454842,0.18216460459877223,0.1501433469024087,-0.04433512801865838,1.0
chr5:1594056:A:G;chr5:1594096:A:G;var1;middle;OL41|K562|dab659f6cf6abb33,chr5:1594056:A:G;chr5:1594096:A:G;var1;middle;OL41,K562,K562_region_01729,100,140,40,TGTCCCCCGTGTCCCATGTTCCCGGGGCCCTCACCACCTGTGCTCCGGCTCAGACCCAGGAGCACGGCAGGTGGAGGAACATCAGCAGGGGAGACTGATATTCCAGACTCTTCCACTCGCTGTTCACCTCTTCATCTACACAGGGAAAGTAACAGCTTCCACCCACCTCGCCCAACAAGGAGCTCTGGTGACCTTGGGCA,e9902e45874e976d56c503a9d055937fa64fd6edae6c945603cf768db95cb34f,0.0,TGTCCCCCGTGTCCCATGTTCCCGGGGCCCTCACCACCTGTGCTCCGGCTCAGACCCAGGAGCACGGCAGGTGGAGGAACATCAGCAGGGGAGACTGATGTTCCAGACTCTTCCACTCGCTGTTCACCTCTTCATCTACACAGGGAAAGTAACAGCTTCCACCCACCTCGCCCAACAAGGAGCTCTGGTGACCTTGGGCA,aec1a72c36e258e97dc395dcc5e862dcb0f7849344f865656e68e44c89344615,-0.214575639348781,TGTCCCCCGTGTCCCATGTTCCCGGGGCCCTCACCACCTGTGCTCCGGCTCAGACCCAGGAGCACGGCAGGTGGAGGAACATCAGCAGGGGAGACTGATATTCCAGACTCTTCCACTCGCTGTTCACCTCTTCATCTACGCAGGGAAAGTAACAGCTTCCACCCACCTCGCCCAACAAGGAGCTCTGGTGACCTTGGGCA,5ce191e0f86a411a77ffafefa1e0626d2fd2236ae5eed9366312089cbc9313e1,-0.256834480092349,TGTCCCCCGTGTCCCATGTTCCCGGGGCCCTCACCACCTGTGCTCCGGCTCAGACCCAGGAGCACGGCAGGTGGAGGAACATCAGCAGGGGAGACTGATGTTCCAGACTCTTCCACTCGCTGTTCACCTCTTCATCTACGCAGGGAAAGTAACAGCTTCCACCCACCTCGCCCAACAAGGAGCTCTGGTGACCTTGGGCA,dab659f6cf6abb330046adbd124d3d647f3888e93d8fb4b9931a1aea8a6242c2,0.191163701274342,0.662573820715472,0.592314885501834,-283.8968707518652,-289.94308418734,-287.8355663549155,-294.2496738261543,-0.36789403576403856,-1.0,-0.662573820715472,0.0,0,0.18530353524560328,0.18565657667894103,0.15145376406925343,0.3127351086476581,1.0
chr5:167956220:C:T;chr5:167956263:G:A;var1;middle;OL41|K562|47e185ce7a557569,chr5:167956220:C:T;chr5:167956263:G:A;var1;middle;OL41,K562,K562_region_01786,100,143,43,CCTCCCCCTCTCCTGCAGCAGAGACGCCCCCGTCCCTGTGGCCCAGGGAAGTGCCAGGGATCCCTGGGAAGGCGGGAGATGGGGAAGGGGCAGGGTGAGCGAAGAGGAGCAGGCTGCGTCTGCACGCGGGCTGGGAAGCGGGGCTTCCGGGCCGCAGGGTCGCGGGGACGGGTGTGATGCAATCGCGCCACAGCCGCTGC,bb265e4c0b137d7250553579d1a02ba504b10252b63c6dd874cfb52ead9c6173,0.0,CCTCCCCCTCTCCTGCAGCAGAGACGCCCCCGTCCCTGTGGCCCAGGGAAGTGCCAGGGATCCCTGGGAAGGCGGGAGATGGGGAAGGGGCAGGGTGAGTGAAGAGGAGCAGGCTGCGTCTGCACGCGGGCTGGGAAGCGGGGCTTCCGGGCCGCAGGGTCGCGGGGACGGGTGTGATGCAATCGCGCCACAGCCGCTGC,2e3d3b5decbecb76bdd42326a8a308a5efa7b6a5b90f9eb80a8c28c12ec05a60,-0.167090920559754,CCTCCCCCTCTCCTGCAGCAGAGACGCCCCCGTCCCTGTGGCCCAGGGAAGTGCCAGGGATCCCTGGGAAGGCGGGAGATGGGGAAGGGGCAGGGTGAGCGAAGAGGAGCAGGCTGCGTCTGCACGCGGGCTGGGAAGCGGGACTTCCGGGCCGCAGGGTCGCGGGGACGGGTGTGATGCAATCGCGCCACAGCCGCTGC,8b79f2dd989d42cd899290ad404bad068cdcb7ebf67058d88466cd38098073d5,1.32440341458793,CCTCCCCCTCTCCTGCAGCAGAGACGCCCCCGTCCCTGTGGCCCAGGGAAGTGCCAGGGATCCCTGGGAAGGCGGGAGATGGGGAAGGGGCAGGGTGAGTGAAGAGGAGCAGGCTGCGTCTGCACGCGGGCTGGGAAGCGGGACTTCCGGGCCGCAGGGTCGCGGGGACGGGTGTGATGCAATCGCGCCACAGCCGCTGC,47e185ce7a55756929e7395c856949ee9fa9cf78852113f7ee18476fc742f327,1.36859085603162,0.2112783620034439,0.282091391704359,-277.0031391307712,-267.9673542249948,-281.9804087360389,-272.9969244841486,-0.05230065388610683,-1.0,-0.2112783620034439,0.0,0,0.185708879725444,0.18565657667894103,0.15145376406925343,0.1546581316562619,1.0
chr5:171577689:T:C;chr5:171577700:A:G;var1;middle;OL29|K562|b15b2af9d89b237f,chr5:171577689:T:C;chr5:171577700:A:G;var1;middle;OL29,K562,K562_region_01787,100,111,11,CTACTTCCGGGTGTCACATTCTCTTTACAGTTTTGGCTGTTTTGAGGTCAGATATGCAATCTCTGTCAATGACCAAGGGCTGGCCTCTGAGCCCAGGACTACAAGCCACAAAAACCCTGGCCAGCAACGTGTGGTCATATGGGGACACATGTGGACAGCAGGCTCATCCCATCCATGCCCTGCTCTTGATCCTGGGACCA,a070ea4f52eaa60052625d17bd3adcb9d5dd315b23760ecfb47609bc5894bea2,0.0,CTACTTCCGGGTGTCACATTCTCTTTACAGTTTTGGCTGTTTTGAGGTCAGATATGCAATCTCTGTCAATGACCAAGGGCTGGCCTCTGAGCCCAGGACCACAAGCCACAAAAACCCTGGCCAGCAACGTGTGGTCATATGGGGACACATGTGGACAGCAGGCTCATCCCATCCATGCCCTGCTCTTGATCCTGGGACCA,8016403ece865bfc4c1dff52b1fac91b67918ba45824e106d3dd660d4cddd02b,-0.316448298891094,CTACTTCCGGGTGTCACATTCTCTTTACAGTTTTGGCTGTTTTGAGGTCAGATATGCAATCTCTGTCAATGACCAAGGGCTGGCCTCTGAGCCCAGGACTACAAGCCACAGAAACCCTGGCCAGCAACGTGTGGTCATATGGGGACACATGTGGACAGCAGGCTCATCCCATCCATGCCCTGCTCTTGATCCTGGGACCA,c812e280ce8a9b7dadc8b5f1a332316bcbf6f276f5107cb0a776cb34bfc539b4,0.27634036135216,CTACTTCCGGGTGTCACATTCTCTTTACAGTTTTGGCTGTTTTGAGGTCAGATATGCAATCTCTGTCAATGACCAAGGGCTGGCCTCTGAGCCCAGGACCACAAGCCACAGAAACCCTGGCCAGCAACGTGTGGTCATATGGGGACACATGTGGACAGCAGGCTCATCCCATCCATGCCCTGCTCTTGATCCTGGGACCA,b15b2af9d89b237f48e52b19a5274339fe5db564f2c2d0ecbb1526457fca305b,-0.153960726637747,-0.113852789098813,0.136382012958216,-320.8962472642306,-312.56082718539983,-328.29465740616433,-306.397077180678,13.562160146655515,-1.0,0.113852789098813,0.0,3,0.20878970084667514,0.18106719778262317,0.1474303780702046,0.27245627171824927,1.0
chr5:172176886:C:T;chr5:172176904:C:T;var1;middle;OL32|K562|0b0bd532601ed03c,chr5:172176886:C:T;chr5:172176904:C:T;var1;middle;OL32,K562,K562_region_01788,100,118,18,TCCATCTCCCGGGTTCAAGCGATTCTCCCGCCTCAGCCTCCTGAGTAACGAAGCTGTTTTTAAAAGTCCATGCTCCTCTCCAAAGGGCAGGACAATGGCCATTCATGCTCTCACTATCGAGATTTTCCCAGAATTCCTTGGGCCTCGAGCCCTTTGTCCTGCTCTCCCTGCTCCACCCTTGCTTAGCCAAAGGGAAACCA,7746255b4bfc096c943987ddc4695a00967a66e7b1a1787e6be0454d4f266982,0.0,TCCATCTCCCGGGTTCAAGCGATTCTCCCGCCTCAGCCTCCTGAGTAACGAAGCTGTTTTTAAAAGTCCATGCTCCTCTCCAAAGGGCAGGACAATGGCTATTCATGCTCTCACTATCGAGATTTTCCCAGAATTCCTTGGGCCTCGAGCCCTTTGTCCTGCTCTCCCTGCTCCACCCTTGCTTAGCCAAAGGGAAACCA,513b3c7fe7b306ae07530fdaf9c19ec75485864544e4915d4156f9ef46179c90,0.128620594078988,TCCATCTCCCGGGTTCAAGCGATTCTCCCGCCTCAGCCTCCTGAGTAACGAAGCTGTTTTTAAAAGTCCATGCTCCTCTCCAAAGGGCAGGACAATGGCCATTCATGCTCTCACTATTGAGATTTTCCCAGAATTCCTTGGGCCTCGAGCCCTTTGTCCTGCTCTCCCTGCTCCACCCTTGCTTAGCCAAAGGGAAACCA,153a477778349d4dd8ad6e7151186b1fb729a6d1f261fbfac7960bbb327342a7,-1.01188001201058,TCCATCTCCCGGGTTCAAGCGATTCTCCCGCCTCAGCCTCCTGAGTAACGAAGCTGTTTTTAAAAGTCCATGCTCCTCTCCAAAGGGCAGGACAATGGCTATTCATGCTCTCACTATTGAGATTTTCCCAGAATTCCTTGGGCCTCGAGCCCTTTGTCCTGCTCTCCCTGCTCCACCCTTGCTTAGCCAAAGGGAAACCA,0b0bd532601ed03cd0f8982edbe69871e18c674ee57da58fded22238fd555715,-0.456066270632362,0.42719314729923,0.424937318439153,-204.6151560144499,-206.27351224748412,-201.4781837677583,-203.70441228337583,-0.5678722825832949,-1.0,-0.42719314729923,0.0,2,0.17436760041311572,0.17490732828716207,0.146091925319964,0.08212624621309088,1.0
chr5:173205225:T:C;chr5:173205282:A:G;var1;middle;OL27|K562|233491a9e60a3660,chr5:173205225:T:C;chr5:173205282:A:G;var1;middle;OL27,K562,K562_region_01789,100,157,57,GTAGACTTCCTGTTAGGGCCCTGGGGTCTCTGGGTGAATTTGATGCAGACTCAGCCATTAGCCTGGCTGGGCCACAAAATCAGGAAGCTTAGACCAGTGTTGTGGAACCTTGATTCCTGTCCCAGTTTTGTCATTTCCTGCCTCAGCCTCTTTGCAACTCCCGGCCTCAATTGCCTCACCTCCAAAATGGAGGTCTTAAT,0dae9e4be8b0ccdef36f80197bde4282eaac6ddb3df293f07bd8a4da43fb81bb,0.0,GTAGACTTCCTGTTAGGGCCCTGGGGTCTCTGGGTGAATTTGATGCAGACTCAGCCATTAGCCTGGCTGGGCCACAAAATCAGGAAGCTTAGACCAGTGCTGTGGAACCTTGATTCCTGTCCCAGTTTTGTCATTTCCTGCCTCAGCCTCTTTGCAACTCCCGGCCTCAATTGCCTCACCTCCAAAATGGAGGTCTTAAT,aa07eaa7ebc6281264884f87cd7b681366a84e91abbefe777429174f25a1dbeb,-0.05237732092538,GTAGACTTCCTGTTAGGGCCCTGGGGTCTCTGGGTGAATTTGATGCAGACTCAGCCATTAGCCTGGCTGGGCCACAAAATCAGGAAGCTTAGACCAGTGTTGTGGAACCTTGATTCCTGTCCCAGTTTTGTCATTTCCTGCCTCAGCCTCTTTGCAGCTCCCGGCCTCAATTGCCTCACCTCCAAAATGGAGGTCTTAAT,ad486657678b05f7d6669bf22440f5f540d531f361c8180dfadddabd443efca8,0.403182699472715,GTAGACTTCCTGTTAGGGCCCTGGGGTCTCTGGGTGAATTTGATGCAGACTCAGCCATTAGCCTGGCTGGGCCACAAAATCAGGAAGCTTAGACCAGTGCTGTGGAACCTTGATTCCTGTCCCAGTTTTGTCATTTCCTGCCTCAGCCTCTTTGCAGCTCCCGGCCTCAATTGCCTCACCTCCAAAATGGAGGTCTTAAT,233491a9e60a366078988cf8e5381adf710f5a087d93449b46c26a649be14161,-0.274069286824444,0.6248746653717789,0.143332505843892,-225.2513755746185,-224.2234862819314,-223.57797303423283,-222.4738293401897,-0.07625440135606709,1.0,0.6248746653717789,0.0,2,0.17508343579638214,0.17490732828716207,0.146091925319964,0.08355915516095182,1.0
chr5:173205282:A:G;chr5:173205318:G:A;var1;middle;OL27|K562|6207649f95ffa4e8,chr5:173205282:A:G;chr5:173205318:G:A;var1;middle;OL27,K562,K562_region_01789,100,136,36,TTAGCCTGGCTGGGCCACAAAATCAGGAAGCTTAGACCAGTGTTGTGGAACCTTGATTCCTGTCCCAGTTTTGTCATTTCCTGCCTCAGCCTCTTTGCAACTCCCGGCCTCAATTGCCTCACCTCCAAAATGGAGGTCTTAATGACAATGGTCTGGCTTCACTCACAGGGTTATCGTGAAAATCAAAAGAGATTGCTCAG,09c584e207731800942d3d0369404c7aceff3e552e7a0b45b075df3b08c30761,0.0,TTAGCCTGGCTGGGCCACAAAATCAGGAAGCTTAGACCAGTGTTGTGGAACCTTGATTCCTGTCCCAGTTTTGTCATTTCCTGCCTCAGCCTCTTTGCAGCTCCCGGCCTCAATTGCCTCACCTCCAAAATGGAGGTCTTAATGACAATGGTCTGGCTTCACTCACAGGGTTATCGTGAAAATCAAAAGAGATTGCTCAG,8c86f0233e57a16c918fdf9c792ded85f69303841cb1fb23e274c08595440a68,-0.0120238252239945,TTAGCCTGGCTGGGCCACAAAATCAGGAAGCTTAGACCAGTGTTGTGGAACCTTGATTCCTGTCCCAGTTTTGTCATTTCCTGCCTCAGCCTCTTTGCAACTCCCGGCCTCAATTGCCTCACCTCCAAAATGGAGATCTTAATGACAATGGTCTGGCTTCACTCACAGGGTTATCGTGAAAATCAAAAGAGATTGCTCAG,7a686d51654cd69c23790463449ea9f710c58368237dd1fc4de6c3aec8082cb3,-0.0643653204966824,TTAGCCTGGCTGGGCCACAAAATCAGGAAGCTTAGACCAGTGTTGTGGAACCTTGATTCCTGTCCCAGTTTTGTCATTTCCTGCCTCAGCCTCTTTGCAGCTCCCGGCCTCAATTGCCTCACCTCCAAAATGGAGATCTTAATGACAATGGTCTGGCTTCACTCACAGGGTTATCGTGAAAATCAAAAGAGATTGCTCAG,6207649f95ffa4e83576f315982a4b83ca2d9d4c5187c53b5dcdbb328274a6c2,-0.182661772380411,0.1062726266597341,0.132865697949895,-217.10300992056727,-216.03475872054696,-215.68140783905983,-214.5959175527096,-0.01723908632990856,1.0,0.1062726266597341,0.0,2,0.17516936686655574,0.17490732828716207,0.146091925319964,0.11922576908782954,1.0
chr5:175372286:C:T;chr5:175372362:G:A;var1;middle;OL41|K562|f819a01d4f6bff88,chr5:175372286:C:T;chr5:175372362:G:A;var1;middle;OL41,K562,K562_region_01790,100,176,76,AAACCACAGTGAGATACCATTACATGCCCATTAGGATGGCTTCAATAAAAAGACTGGCTATAACAAGTGTTGGCGAAGGTGTGGGGGAAATGGCACTCTCGTGGTGGTAAAGTTAAACATACACTTACCATATGATGCAGCCATCACACTCCTAGGAGTCTGCCCAGGAGAAGAGGAAATATATATCCGTACAAAGACTT,a964f7e80ad8613764002b87da97d3cd2a95397d17b0b7ef1dee2cec29509dc7,0.0,AAACCACAGTGAGATACCATTACATGCCCATTAGGATGGCTTCAATAAAAAGACTGGCTATAACAAGTGTTGGCGAAGGTGTGGGGGAAATGGCACTCTTGTGGTGGTAAAGTTAAACATACACTTACCATATGATGCAGCCATCACACTCCTAGGAGTCTGCCCAGGAGAAGAGGAAATATATATCCGTACAAAGACTT,359adccbebf72ef284bcf87b05ea3f79f25a6f9f90481286b460820b421de7b8,-0.188089257603493,AAACCACAGTGAGATACCATTACATGCCCATTAGGATGGCTTCAATAAAAAGACTGGCTATAACAAGTGTTGGCGAAGGTGTGGGGGAAATGGCACTCTCGTGGTGGTAAAGTTAAACATACACTTACCATATGATGCAGCCATCACACTCCTAGGAGTCTGCCCAGGAGAAGAGAAAATATATATCCGTACAAAGACTT,6d31feec4daff47e12030aa6f917f01e0682cbf2664d5ee21f5f0491147dd2ad,-0.0308460462812424,AAACCACAGTGAGATACCATTACATGCCCATTAGGATGGCTTCAATAAAAAGACTGGCTATAACAAGTGTTGGCGAAGGTGTGGGGGAAATGGCACTCTTGTGGTGGTAAAGTTAAACATACACTTACCATATGATGCAGCCATCACACTCCTAGGAGTCTGCCCAGGAGAAGAGAAAATATATATCCGTACAAAGACTT,f819a01d4f6bff888ebcb2d28785f09b94ca0d2c6addf32315886c37ba4d32d2,-0.15554310370551,0.0633922001792254,0.270995342052761,-206.7821362502873,-202.69055665656924,-148.47815681248903,-144.62024456821382,-0.23366734944283962,-1.0,-0.0633922001792254,0.0,3,0.18100234636122162,0.18106719778262317,0.1474303780702046,0.3002630965359643,1.0
chr5:176053622:G:A;chr5:176053645:C:G;var1;middle;OL41|K562|bdcc025603491c81,chr5:176053622:G:A;chr5:176053645:C:G;var1;middle;OL41,K562,K562_region_01791,100,123,23,GCAGGGAGGGGGTTGAGGAAGGGGTTTGGGAGCCAGGGGGAAACACCGATGCCCTGCCTTGTAGTATCCCAGGGCCTGCCCTCCCCACGGAGCATTCCCGCAGAAGCCTTGGGAGTCTCCCCCGCCCCCGCCCTCTGGTTCCCGGCCAGATCATCCGCCTAAGTGAGAGAAGGGCTGGTGCCAGGGCTGGGCTAGTACCT,6315b0f954298fe7cd5224c065c9f74f55551a8535cf2b05d7158c39ebdcf723,0.0,GCAGGGAGGGGGTTGAGGAAGGGGTTTGGGAGCCAGGGGGAAACACCGATGCCCTGCCTTGTAGTATCCCAGGGCCTGCCCTCCCCACGGAGCATTCCCACAGAAGCCTTGGGAGTCTCCCCCGCCCCCGCCCTCTGGTTCCCGGCCAGATCATCCGCCTAAGTGAGAGAAGGGCTGGTGCCAGGGCTGGGCTAGTACCT,11c3595923c78849ac08d5d765a5c5eea623e0cfbbd1ebb83618b15e41a522d7,-0.294490665951186,GCAGGGAGGGGGTTGAGGAAGGGGTTTGGGAGCCAGGGGGAAACACCGATGCCCTGCCTTGTAGTATCCCAGGGCCTGCCCTCCCCACGGAGCATTCCCGCAGAAGCCTTGGGAGTCTCCCCGGCCCCCGCCCTCTGGTTCCCGGCCAGATCATCCGCCTAAGTGAGAGAAGGGCTGGTGCCAGGGCTGGGCTAGTACCT,b9954b3101a2b97e01ab88e5294e0c154bae6ae847cc577952aa48f7f749aa61,-0.606601987298042,GCAGGGAGGGGGTTGAGGAAGGGGTTTGGGAGCCAGGGGGAAACACCGATGCCCTGCCTTGTAGTATCCCAGGGCCTGCCCTCCCCACGGAGCATTCCCACAGAAGCCTTGGGAGTCTCCCCGGCCCCCGCCCTCTGGTTCCCGGCCAGATCATCCGCCTAAGTGAGAGAAGGGCTGGTGCCAGGGCTGGGCTAGTACCT,bdcc025603491c818464f167d1428aa3634a13d559f5d051e525665715daeae4,-0.654977570380375,-0.246115082868853,0.315213516225177,-242.9195924922824,-239.4586303606629,-247.39344182610512,-243.93753113597631,0.005051441490650177,1.0,-0.246115082868853,0.0,2,0.17520182367729217,0.17490732828716207,0.146091925319964,0.09820636015569335,1.0
chr5:176799992:T:C;chr5:176800054:C:T;var1;middle;OL41|K562|ffdc5cf6db0a38e0,chr5:176799992:T:C;chr5:176800054:C:T;var1;middle;OL41,K562,K562_region_01792,100,162,62,GTTTGAGACCAGTCTGGGCAACATGTCAAAACTCTGTCTCTACCAAAAATACAAAAAATTACCTGGGTGTGGTGGTGCATGCCTGTGGTCCCAGCTACTTGGGAGACAGGTGGAAGAGGATCACTTGAGCCCGGAAGGCGAAGGTTGCAGTGAGCCGAGATCGTGCCACCGCACTCCAGCCTGGATGACAGAGTGAGACC,3bdbfcad1c2917e96402612db3f31d2ec89afcfb33f5d83a5a8d8db50b5b326c,0.0,GTTTGAGACCAGTCTGGGCAACATGTCAAAACTCTGTCTCTACCAAAAATACAAAAAATTACCTGGGTGTGGTGGTGCATGCCTGTGGTCCCAGCTACTCGGGAGACAGGTGGAAGAGGATCACTTGAGCCCGGAAGGCGAAGGTTGCAGTGAGCCGAGATCGTGCCACCGCACTCCAGCCTGGATGACAGAGTGAGACC,9956f9b74b7dac945ce78b8a0fa740f53700803c9da61eb54ae903af8754d892,-0.695373849208769,GTTTGAGACCAGTCTGGGCAACATGTCAAAACTCTGTCTCTACCAAAAATACAAAAAATTACCTGGGTGTGGTGGTGCATGCCTGTGGTCCCAGCTACTTGGGAGACAGGTGGAAGAGGATCACTTGAGCCCGGAAGGCGAAGGTTGCAGTGAGCCGAGATTGTGCCACCGCACTCCAGCCTGGATGACAGAGTGAGACC,fc1050b8b2325dddd41e0af183f126fd3da38378ab71c3df51881c5e3ad2bc36,-1.08864332987833,GTTTGAGACCAGTCTGGGCAACATGTCAAAACTCTGTCTCTACCAAAAATACAAAAAATTACCTGGGTGTGGTGGTGCATGCCTGTGGTCCCAGCTACTCGGGAGACAGGTGGAAGAGGATCACTTGAGCCCGGAAGGCGAAGGTTGCAGTGAGCCGAGATTGTGCCACCGCACTCCAGCCTGGATGACAGAGTGAGACC,ffdc5cf6db0a38e0d9c5ed17b69eb98ebff0338c578d176dac2471d9d7100e02,-1.49969946494446,-0.2843177141426389,0.302186048282748,-86.47747405804694,-88.61580791231245,-85.50037220586091,-87.92710514552891,0.2883990854024887,1.0,-0.2843177141426389,0.0,4,0.17655677136822784,0.17620727786206916,0.145609630836647,0.09135936576956993,1.0
chr5:176839890:T:G;chr5:176839898:T:C;var1;middle;OL41|K562|9b0086f650c6ac02,chr5:176839890:T:G;chr5:176839898:T:C;var1;middle;OL41,K562,K562_region_01793,100,108,8,AAAGAGACTCGGTCTTATTAAGTTGCCCAGGCTAGCCTGGAACTTCTGGGCGCAAGTGATCCTCTCGCTTCATCCTCCTGAATAGCTGGGATTACAGGTTCATGCCATCATGCCTGGCTCTGTCAGTTCTTGATTGCTCCTGAGTATAGACCCTGGCCCTAAGGCCACTCCCACATTGGCTCCTTCCTCTTGGGGAGAAG,45482b0a7312c8bd61005f49397a243a078177c7c4cca7cf6f3cb4276421a968,0.0,AAAGAGACTCGGTCTTATTAAGTTGCCCAGGCTAGCCTGGAACTTCTGGGCGCAAGTGATCCTCTCGCTTCATCCTCCTGAATAGCTGGGATTACAGGTGCATGCCATCATGCCTGGCTCTGTCAGTTCTTGATTGCTCCTGAGTATAGACCCTGGCCCTAAGGCCACTCCCACATTGGCTCCTTCCTCTTGGGGAGAAG,c80019010171bb5015e53e9dd78dfda82aa53cd46de34be75cef1cb5ee0cf001,-0.241332022703082,AAAGAGACTCGGTCTTATTAAGTTGCCCAGGCTAGCCTGGAACTTCTGGGCGCAAGTGATCCTCTCGCTTCATCCTCCTGAATAGCTGGGATTACAGGTTCATGCCACCATGCCTGGCTCTGTCAGTTCTTGATTGCTCCTGAGTATAGACCCTGGCCCTAAGGCCACTCCCACATTGGCTCCTTCCTCTTGGGGAGAAG,6207a06d501d0d29de1794ce4b5bb0c787760cd6a78d5be9837feb8585622d92,0.180008559865295,AAAGAGACTCGGTCTTATTAAGTTGCCCAGGCTAGCCTGGAACTTCTGGGCGCAAGTGATCCTCTCGCTTCATCCTCCTGAATAGCTGGGATTACAGGTGCATGCCACCATGCCTGGCTCTGTCAGTTCTTGATTGCTCCTGAGTATAGACCCTGGCCCTAAGGCCACTCCCACATTGGCTCCTTCCTCTTGGGGAGAAG,9b0086f650c6ac02fbbdffe3c4509d4eecee9c394a0329a92aea224cccb49fb3,-0.298443800311039,0.237120337473252,0.266464222602021,-172.91909222491086,-167.96533178444952,-170.28153380472213,-165.33625771664083,0.008484352380037308,1.0,0.237120337473252,0.0,1,0.1823737919913412,0.18216460459877223,0.1501433469024087,0.17878960111836079,1.0
chr5:177352825:G:A;chr5:177352864:C:A;var1;middle;OL41|K562|17742b3abda84814,chr5:177352825:G:A;chr5:177352864:C:A;var1;middle;OL41,K562,K562_region_01794,100,139,39,AATTAGTGCCCTCATCAAAGAGGCCCACCTTGTCCTTTCCACTGTGTGGGGACATGGTGAGAAAGTGCCATCTGGGAACCAGAAAGCAAGCTGTCTGTCGTTAGACACCGAATCTGCTGGTGCCCTGATCTTGGACTTCGCAGCTTCCAGAATGGTTAGAAGTCAATTACTTGTTTATAAGCTTCCCATTTTATGGTATT,ee5d792936a6d0e3ae33c816a805ae632fca695e3bcff44597b8cfa9699b61ab,0.0,AATTAGTGCCCTCATCAAAGAGGCCCACCTTGTCCTTTCCACTGTGTGGGGACATGGTGAGAAAGTGCCATCTGGGAACCAGAAAGCAAGCTGTCTGTCATTAGACACCGAATCTGCTGGTGCCCTGATCTTGGACTTCGCAGCTTCCAGAATGGTTAGAAGTCAATTACTTGTTTATAAGCTTCCCATTTTATGGTATT,79bc5d77df95f9821022e00a0ac6d9db5b0c98529bc22054019648bd056eaba9,-0.122971595145802,AATTAGTGCCCTCATCAAAGAGGCCCACCTTGTCCTTTCCACTGTGTGGGGACATGGTGAGAAAGTGCCATCTGGGAACCAGAAAGCAAGCTGTCTGTCGTTAGACACCGAATCTGCTGGTGCCCTGATCTTGGACTTAGCAGCTTCCAGAATGGTTAGAAGTCAATTACTTGTTTATAAGCTTCCCATTTTATGGTATT,4e64f450ff71c113c8f5a3cd741b93178b408395ade55c4653d527f5d74850fb,-0.0759900277759605,AATTAGTGCCCTCATCAAAGAGGCCCACCTTGTCCTTTCCACTGTGTGGGGACATGGTGAGAAAGTGCCATCTGGGAACCAGAAAGCAAGCTGTCTGTCATTAGACACCGAATCTGCTGGTGCCCTGATCTTGGACTTAGCAGCTTCCAGAATGGTTAGAAGTCAATTACTTGTTTATAAGCTTCCCATTTTATGGTATT,17742b3abda84814cee3c654fb9d7a2848c148d928ae94d48c600c49baa0f1ad,-0.390577468026955,0.1916158451051924,0.367178320708928,-274.9818586390465,-268.1361318472773,-306.5312994364649,-318.5361865237355,18.850613879039827,1.0,0.1916158451051924,0.0,3,0.21944162720507898,0.18106719778262317,0.1474303780702046,0.13181166279840725,1.0
chr5:177610211:C:T;chr5:177610251:C:T;var1;middle;OL27|K562|c21d0386af0ff63f,chr5:177610211:C:T;chr5:177610251:C:T;var1;middle;OL27,K562,K562_region_01795,100,140,40,TTATTATCTTTTTTTTTGAGATGGAGTCTTGCTCTGTTGCCCAGGCTGGAGTGCAGTGGTGCGATCTCGGCTCACTGCAAGCTCCACCTCCCGGGTTCACGCCATTCTCCTGCCTCAGCCTCCCGAGTAGCTGGGACTACAGGCACCCGCCACCACGCCCGGCTAATTTTTTTTGTATTTTTAGTAGAGATGGGGTTTCA,23740f1545edd65697b6cf52c95909a0433317ecbf2c2cc2eb7c2e12424f4ec7,0.0,TTATTATCTTTTTTTTTGAGATGGAGTCTTGCTCTGTTGCCCAGGCTGGAGTGCAGTGGTGCGATCTCGGCTCACTGCAAGCTCCACCTCCCGGGTTCATGCCATTCTCCTGCCTCAGCCTCCCGAGTAGCTGGGACTACAGGCACCCGCCACCACGCCCGGCTAATTTTTTTTGTATTTTTAGTAGAGATGGGGTTTCA,f9e2a407e81c01dd5983cf012188219ad815c57ffa5e45d87c41b43ea7745f57,-0.609926469692326,TTATTATCTTTTTTTTTGAGATGGAGTCTTGCTCTGTTGCCCAGGCTGGAGTGCAGTGGTGCGATCTCGGCTCACTGCAAGCTCCACCTCCCGGGTTCACGCCATTCTCCTGCCTCAGCCTCCCGAGTAGCTGGGACTATAGGCACCCGCCACCACGCCCGGCTAATTTTTTTTGTATTTTTAGTAGAGATGGGGTTTCA,85603a8efa639f03840b5c1ccd93f95ce0bb20fe8d405fa6521d18a9b7f75f7f,0.403466978485056,TTATTATCTTTTTTTTTGAGATGGAGTCTTGCTCTGTTGCCCAGGCTGGAGTGCAGTGGTGCGATCTCGGCTCACTGCAAGCTCCACCTCCCGGGTTCATGCCATTCTCCTGCCTCAGCCTCCCGAGTAGCTGGGACTATAGGCACCCGCCACCACGCCCGGCTAATTTTTTTTGTATTTTTAGTAGAGATGGGGTTTCA,c21d0386af0ff63f9b55500a32ba34f8168a8be1960797152d97a350643768f3,-0.385548754644549,-0.179089263437279,0.124629992243536,-41.45515640126541,-42.598725005518645,-45.29661115678027,-46.588153197895736,-0.1479734368622303,-1.0,0.179089263437279,0.0,4,0.17601592632518445,0.17620727786206916,0.145609630836647,0.2215520049595652,1.0
chr5:177821665:A:G;chr5:177821725:C:T;var1;middle;OL41|K562|ee664cfdd29e27d8,chr5:177821665:A:G;chr5:177821725:C:T;var1;middle;OL41,K562,K562_region_01796,100,160,60,CTGTGTGGCCTGAAGGTTCACATCTTTGGGTAAACTGAAAATCATCCTTAGCTAGCATTTGGCTGCAAGTTCAGCCTCCTGGTTCCTGAGTCCACCCTGACACGCAGAGGGGACTGCTGATGGTCTGACTCCCATCTGCTACACATGGGGAAACTGAGGCCCAGAGAGATGGTATGCCTCCCCAGGGTCACAAGTGGGAC,38f3f2f1ec96c21ecbf3b0f31147283ce49f282a6ad6ca18f5b59eee6bc0b334,0.0,CTGTGTGGCCTGAAGGTTCACATCTTTGGGTAAACTGAAAATCATCCTTAGCTAGCATTTGGCTGCAAGTTCAGCCTCCTGGTTCCTGAGTCCACCCTGGCACGCAGAGGGGACTGCTGATGGTCTGACTCCCATCTGCTACACATGGGGAAACTGAGGCCCAGAGAGATGGTATGCCTCCCCAGGGTCACAAGTGGGAC,e2cbbd86a54f7a83b43205ca39707facf75e69e9b3a97f199632c2e2865167f5,-0.0199850878116349,CTGTGTGGCCTGAAGGTTCACATCTTTGGGTAAACTGAAAATCATCCTTAGCTAGCATTTGGCTGCAAGTTCAGCCTCCTGGTTCCTGAGTCCACCCTGACACGCAGAGGGGACTGCTGATGGTCTGACTCCCATCTGCTACACATGGGGAAACTGAGGTCCAGAGAGATGGTATGCCTCCCCAGGGTCACAAGTGGGAC,dd4e683a09e611e2ea84872dedf12ef4144150d64a21269d7958237d676346d3,-0.06329198867358,CTGTGTGGCCTGAAGGTTCACATCTTTGGGTAAACTGAAAATCATCCTTAGCTAGCATTTGGCTGCAAGTTCAGCCTCCTGGTTCCTGAGTCCACCCTGGCACGCAGAGGGGACTGCTGATGGTCTGACTCCCATCTGCTACACATGGGGAAACTGAGGTCCAGAGAGATGGTATGCCTCCCCAGGGTCACAAGTGGGAC,ee664cfdd29e27d8ecf96ff62b6ea69c1855c63a7454dfd5fa6ab2acc160ba1a,-0.172713884485836,0.089436808000621,0.397183158165861,-215.88040452077985,-215.7021808512509,-218.01549781486392,-217.6524516446516,-0.18482250068336725,1.0,0.089436808000621,0.0,3,0.18110072894303136,0.18106719778262317,0.1474303780702046,0.1097380268715169,1.0
chr5:178470304:T:C;chr5:178470307:A:G;var1;middle;OL31|K562|af544910ca22704b,chr5:178470304:T:C;chr5:178470307:A:G;var1;middle;OL31,K562,K562_region_01797,100,103,3,GTGTCTCACAAAAATAATGGAAAAAACCTGATTGCTGGATATAGGAAATTAGAAATACTTAAAGATACAGGAAACTGTAAGAATTAAAGAGGAAAGAAATGCAAAAGGTGGCTTGACAGTCAAGGACAGATTTATTTTAGAGAAACAAACCTGAGAGGGGCTGCTGGCCGAGTTAGGTCAGAGCCCACTTTCTTATAGAC,331072daa5a5950569797a6ef2ef728e26b7aa8c88e6c77eb060fb97ed5c8857,0.0,GTGTCTCACAAAAATAATGGAAAAAACCTGATTGCTGGATATAGGAAATTAGAAATACTTAAAGATACAGGAAACTGTAAGAATTAAAGAGGAAAGAAACGCAAAAGGTGGCTTGACAGTCAAGGACAGATTTATTTTAGAGAAACAAACCTGAGAGGGGCTGCTGGCCGAGTTAGGTCAGAGCCCACTTTCTTATAGAC,ad4f367761a319e334d308646f110df86d2bd22d4c27b32db9a67d4753e80f0d,-0.33065787489694,GTGTCTCACAAAAATAATGGAAAAAACCTGATTGCTGGATATAGGAAATTAGAAATACTTAAAGATACAGGAAACTGTAAGAATTAAAGAGGAAAGAAATGCGAAAGGTGGCTTGACAGTCAAGGACAGATTTATTTTAGAGAAACAAACCTGAGAGGGGCTGCTGGCCGAGTTAGGTCAGAGCCCACTTTCTTATAGAC,754d009f4963ad2a017cee581298444fcf054f6352f547f03045bece484ece34,0.0803844548001646,GTGTCTCACAAAAATAATGGAAAAAACCTGATTGCTGGATATAGGAAATTAGAAATACTTAAAGATACAGGAAACTGTAAGAATTAAAGAGGAAAGAAACGCGAAAGGTGGCTTGACAGTCAAGGACAGATTTATTTTAGAGAAACAAACCTGAGAGGGGCTGCTGGCCGAGTTAGGTCAGAGCCCACTTTCTTATAGAC,af544910ca22704befc48278fa84b688cdb424230dedfc9a59e3daa88b0eabff,-0.188584020013455,0.0616894000833203,0.253663075501109,-361.3727107802406,-365.1857115989551,-368.6806184407324,-366.8435881715268,5.65003108792007,-1.0,-0.0616894000833203,0.0,3,0.19285320592080585,0.18106719778262317,0.1474303780702046,0.028364843550951424,1.0
chr5:179259835:T:C;chr5:179259842:G:C;var1;middle;OL41|K562|600bad901e966695,chr5:179259835:T:C;chr5:179259842:G:C;var1;middle;OL41,K562,K562_region_01798,100,107,7,CCACCAAGAATGTTTCCAGAAGCCACAGAGATTTGTAGCTGGGATATGGGGAGAAGCCTCTGACTCATGGGTTTGTATCGTCTGGTCCCATACTGGCTGTGTGATTGCGGGGTCGAGCTGGGTAGAACCTAGCACCTGCATCCACACGCTGAGTGCCACCATCCAGACACTTAGCTGCTTGTGGGGACTGAACGTTGAGA,f1d719aa3844e44724963711b88d2c49b4fad621edf9d459558093a11ddc2ae4,0.0,CCACCAAGAATGTTTCCAGAAGCCACAGAGATTTGTAGCTGGGATATGGGGAGAAGCCTCTGACTCATGGGTTTGTATCGTCTGGTCCCATACTGGCTGCGTGATTGCGGGGTCGAGCTGGGTAGAACCTAGCACCTGCATCCACACGCTGAGTGCCACCATCCAGACACTTAGCTGCTTGTGGGGACTGAACGTTGAGA,a94237bb52993b97ac380f4f35775d2165b8b49927f68e2314d87ed687be6e7b,-0.55137303080012,CCACCAAGAATGTTTCCAGAAGCCACAGAGATTTGTAGCTGGGATATGGGGAGAAGCCTCTGACTCATGGGTTTGTATCGTCTGGTCCCATACTGGCTGTGTGATTCCGGGGTCGAGCTGGGTAGAACCTAGCACCTGCATCCACACGCTGAGTGCCACCATCCAGACACTTAGCTGCTTGTGGGGACTGAACGTTGAGA,f5c1aa703db6e06dafd76d20881245eebf733f6b0a7e8708ff5cdd8238b1b101,0.693251202481903,CCACCAAGAATGTTTCCAGAAGCCACAGAGATTTGTAGCTGGGATATGGGGAGAAGCCTCTGACTCATGGGTTTGTATCGTCTGGTCCCATACTGGCTGCGTGATTCCGGGGTCGAGCTGGGTAGAACCTAGCACCTGCATCCACACGCTGAGTGCCACCATCCAGACACTTAGCTGCTTGTGGGGACTGAACGTTGAGA,600bad901e9666958631edb64abb4855f689e0233d8c8949ee682478fb53a2ef,0.176479433458243,0.03460126177646,0.260000313449419,-269.3950947523117,-277.48771154880524,-265.4025127440691,-277.4592815339565,-3.964151993393898,-1.0,-0.03460126177646,0.0,4,0.17128611142997316,0.17620727786206916,0.145609630836647,0.27680014235631156,1.0
chr5:179285428:C:G;chr5:179285451:G:C;var1;middle;OL41|K562|810d0e191b9e40cc,chr5:179285428:C:G;chr5:179285451:G:C;var1;middle;OL41,K562,K562_region_01799,100,123,23,GGGGCGACGGAGAGGGCGCCCAGGTGTGGAGCAGGGACGCCGCCGCGGCGCGCTCGGTCTCTAAGAACCGTCCTCCCCCTCTCACTGAAACTGCGACAGCGCTACTTCGTGGGGTAGGCTCTGCGTAAAGGATGCTATACTCAACCGGATTCTCCCACTACCTGCTACAATTCACAAGAGGCCACCTCCGCAGAACCATT,a192d8801fef3198b4e42f95419d00b65897432d0c2138414ada45a1199e4303,0.0,GGGGCGACGGAGAGGGCGCCCAGGTGTGGAGCAGGGACGCCGCCGCGGCGCGCTCGGTCTCTAAGAACCGTCCTCCCCCTCTCACTGAAACTGCGACAGGGCTACTTCGTGGGGTAGGCTCTGCGTAAAGGATGCTATACTCAACCGGATTCTCCCACTACCTGCTACAATTCACAAGAGGCCACCTCCGCAGAACCATT,11e9c833aaa3202098be9560ac6ecbfab12e60c368a950e57fe8883fe6cccbaf,-0.158875717302776,GGGGCGACGGAGAGGGCGCCCAGGTGTGGAGCAGGGACGCCGCCGCGGCGCGCTCGGTCTCTAAGAACCGTCCTCCCCCTCTCACTGAAACTGCGACAGCGCTACTTCGTGGGGTAGGCTCTCCGTAAAGGATGCTATACTCAACCGGATTCTCCCACTACCTGCTACAATTCACAAGAGGCCACCTCCGCAGAACCATT,d3c9260c5ca7f272af66dcaf934cc6c65183ce644b6702ea8dde150783fe1f10,0.19340561376553,GGGGCGACGGAGAGGGCGCCCAGGTGTGGAGCAGGGACGCCGCCGCGGCGCGCTCGGTCTCTAAGAACCGTCCTCCCCCTCTCACTGAAACTGCGACAGGGCTACTTCGTGGGGTAGGCTCTCCGTAAAGGATGCTATACTCAACCGGATTCTCCCACTACCTGCTACAATTCACAAGAGGCCACCTCCGCAGAACCATT,810d0e191b9e40ccd8acff9e0a28c5d3147cb0a9f548be6e2de65b2ec9cfbd11,-0.0469949374097304,-0.0815248338724844,0.536317484543669,-431.5227191206068,-432.6003518113866,-427.3195560546592,-433.5080595947802,-5.110870849341154,-1.0,0.0815248338724844,0.0,0,0.17921171082914664,0.18565657667894103,0.15145376406925343,0.3368864658980842,1.0
chr5:180237828:C:T;chr5:180237845:C:T;var1;middle;OL41|K562|65ce62cc291a73bd,chr5:180237828:C:T;chr5:180237845:C:T;var1;middle;OL41,K562,K562_region_01800,100,117,17,CGGGGCCTGTGTGTTCCCGCTTCCTCGGACGCGAGCTCTGTGTAGCCGTGGTGGAGGAAGGTTTTGTTTCGTTCATCGCTGCTGTTTCTCGCTGCCTCTCTTGACGAGGCAGGGCCCTTGCAGGGTGCGCCCGCGCTGCCCTCTGACAGGTGCTGTTGGTACCTGCGGCCGGGCCCGCCGTCGCCGGCGCGTGAACGGCC,b6e4ba3c7595934e8524c46656246fe37ce7e0235c2bf4be3611fea4384f62ef,0.0,CGGGGCCTGTGTGTTCCCGCTTCCTCGGACGCGAGCTCTGTGTAGCCGTGGTGGAGGAAGGTTTTGTTTCGTTCATCGCTGCTGTTTCTCGCTGCCTCTTTTGACGAGGCAGGGCCCTTGCAGGGTGCGCCCGCGCTGCCCTCTGACAGGTGCTGTTGGTACCTGCGGCCGGGCCCGCCGTCGCCGGCGCGTGAACGGCC,4cbc695389baa532407cdfe259af382fee984eb698ac1e2a96970b92618087ac,0.291013541951852,CGGGGCCTGTGTGTTCCCGCTTCCTCGGACGCGAGCTCTGTGTAGCCGTGGTGGAGGAAGGTTTTGTTTCGTTCATCGCTGCTGTTTCTCGCTGCCTCTCTTGACGAGGCAGGGCCTTTGCAGGGTGCGCCCGCGCTGCCCTCTGACAGGTGCTGTTGGTACCTGCGGCCGGGCCCGCCGTCGCCGGCGCGTGAACGGCC,e6dd3fc8474f6af5f067e8d487c85a53b91f298d0626b193f00542cf1acedda0,0.758001451169286,CGGGGCCTGTGTGTTCCCGCTTCCTCGGACGCGAGCTCTGTGTAGCCGTGGTGGAGGAAGGTTTTGTTTCGTTCATCGCTGCTGTTTCTCGCTGCCTCTTTTGACGAGGCAGGGCCTTTGCAGGGTGCGCCCGCGCTGCCCTCTGACAGGTGCTGTTGGTACCTGCGGCCGGGCCCGCCGTCGCCGGCGCGTGAACGGCC,65ce62cc291a73bd00adfcba9e2afc0a3c7fe22099bb7f9ccddefc0c75bbed4f,0.190415787048535,0.8585992060726029,0.368337337723747,-291.0339819714427,-311.6655801720917,-295.94239300489426,-310.3911141641438,-6.182877041399479,1.0,0.8585992060726029,0.0,4,0.16853619849351645,0.17620727786206916,0.145609630836647,0.19171484030436164,1.0
chr5:180237828:C:T;chr5:180237902:C:A;var1;middle;OL41|K562|c7910e17669df4c0,chr5:180237828:C:T;chr5:180237902:C:A;var1;middle;OL41,K562,K562_region_01800,100,174,74,CGGGGCCTGTGTGTTCCCGCTTCCTCGGACGCGAGCTCTGTGTAGCCGTGGTGGAGGAAGGTTTTGTTTCGTTCATCGCTGCTGTTTCTCGCTGCCTCTCTTGACGAGGCAGGGCCCTTGCAGGGTGCGCCCGCGCTGCCCTCTGACAGGTGCTGTTGGTACCTGCGGCCGGGCCCGCCGTCGCCGGCGCGTGAACGGCC,b6e4ba3c7595934e8524c46656246fe37ce7e0235c2bf4be3611fea4384f62ef,0.0,CGGGGCCTGTGTGTTCCCGCTTCCTCGGACGCGAGCTCTGTGTAGCCGTGGTGGAGGAAGGTTTTGTTTCGTTCATCGCTGCTGTTTCTCGCTGCCTCTTTTGACGAGGCAGGGCCCTTGCAGGGTGCGCCCGCGCTGCCCTCTGACAGGTGCTGTTGGTACCTGCGGCCGGGCCCGCCGTCGCCGGCGCGTGAACGGCC,4cbc695389baa532407cdfe259af382fee984eb698ac1e2a96970b92618087ac,0.291036282513509,CGGGGCCTGTGTGTTCCCGCTTCCTCGGACGCGAGCTCTGTGTAGCCGTGGTGGAGGAAGGTTTTGTTTCGTTCATCGCTGCTGTTTCTCGCTGCCTCTCTTGACGAGGCAGGGCCCTTGCAGGGTGCGCCCGCGCTGCCCTCTGACAGGTGCTGTTGGTACCTGCGGCCGGGACCGCCGTCGCCGGCGCGTGAACGGCC,626ee33705f52966927231afd0a9fb3783f7024e40ea254d800087493e1c7466,0.408684479745329,CGGGGCCTGTGTGTTCCCGCTTCCTCGGACGCGAGCTCTGTGTAGCCGTGGTGGAGGAAGGTTTTGTTTCGTTCATCGCTGCTGTTTCTCGCTGCCTCTTTTGACGAGGCAGGGCCCTTGCAGGGTGCGCCCGCGCTGCCCTCTGACAGGTGCTGTTGGTACCTGCGGCCGGGACCGCCGTCGCCGGCGCGTGAACGGCC,c7910e17669df4c0ecb4a8e7660011a984f3ea6ac119a1f2b7ac21315484d56f,0.507680134720999,0.1920406275378389,0.367368910521708,-291.0339819714427,-311.6655801720917,-272.17629363387823,-307.6292600519955,14.821368217468262,1.0,0.1920406275378389,0.0,4,0.19456909779746162,0.17620727786206916,0.145609630836647,0.11709489227328472,1.0
chr5:180245073:A:G;chr5:180245101:A:G;var1;middle;OL41|K562|f622859e5a92b72b,chr5:180245073:A:G;chr5:180245101:A:G;var1;middle;OL41,K562,K562_region_01801,100,128,28,TCTGGGGGTTAATAATTTAGTACCGTGCCTGCCACTACCCAGTTGTCGCTGGTTTGTGGCAATCACAGCTGCGTTGTGTCACACCACTGATTAATTCCTAGGAACTGCTAAGGGCTGACCTTTTCAGATGACTGACCTGCCTAAATAAATCAAACCCATTTGAGGTCATGTCTGTGGGCACAGCAAGCTGACTTGCCTTC,38193fbd5cf5cbec39a297b2eb56aed12a39e7a4f8ce3f8cecddad39e04af378,0.0,TCTGGGGGTTAATAATTTAGTACCGTGCCTGCCACTACCCAGTTGTCGCTGGTTTGTGGCAATCACAGCTGCGTTGTGTCACACCACTGATTAATTCCTGGGAACTGCTAAGGGCTGACCTTTTCAGATGACTGACCTGCCTAAATAAATCAAACCCATTTGAGGTCATGTCTGTGGGCACAGCAAGCTGACTTGCCTTC,3d384acc4049d3024f0884fc69332c42aa73d2fdf38c2e124d9ddafee6dce598,0.0561639644912139,TCTGGGGGTTAATAATTTAGTACCGTGCCTGCCACTACCCAGTTGTCGCTGGTTTGTGGCAATCACAGCTGCGTTGTGTCACACCACTGATTAATTCCTAGGAACTGCTAAGGGCTGACCTTTTCAGGTGACTGACCTGCCTAAATAAATCAAACCCATTTGAGGTCATGTCTGTGGGCACAGCAAGCTGACTTGCCTTC,79186fafff549a1ef1023169ec8337c4a51972b9aac73bc6daa4e7c4fe3be043,-0.654979527314906,TCTGGGGGTTAATAATTTAGTACCGTGCCTGCCACTACCCAGTTGTCGCTGGTTTGTGGCAATCACAGCTGCGTTGTGTCACACCACTGATTAATTCCTGGGAACTGCTAAGGGCTGACCTTTTCAGGTGACTGACCTGCCTAAATAAATCAAACCCATTTGAGGTCATGTCTGTGGGCACAGCAAGCTGACTTGCCTTC,f622859e5a92b72b3f5b18aaf4a1ef09be8933e76173c1c5976b5069229c3b2e,-0.0823460929171528,0.5164694699065394,0.471520301267778,-330.10156547278166,-324.8060257420875,-330.330876968801,-321.90039515774697,3.134942080359906,-1.0,-0.5164694699065394,0.0,3,0.1877873503325632,0.18106719778262317,0.1474303780702046,0.18783672672614776,1.0
chr5:180258021:A:G;chr5:180258087:G:A;var1;middle;OL41|K562|2058517fd79b2bc2,chr5:180258021:A:G;chr5:180258087:G:A;var1;middle;OL41,K562,K562_region_01802,100,166,66,GAGATTCACAAAAGCAGACTAGGGCGGGCGACGTGATCAGATGACCTGTGCGGGCGGCAGCCTCCTGCCCTCCTCCCCTTCGTGCGCCGGCTGGAGCGAAGAGTTCTTTTGACAGCCGTGAGCTTCCCCGCCAGGAACTTACTGGGGCTGCATCACCCTAGAAACGTGGCTTTGGGCTGTGGAAACGCTGCCTCTGTGGA,4e71aa89ecf22d8576d646aa7a101a6780e292883371fef5f8506493f0bf8d18,0.0,GAGATTCACAAAAGCAGACTAGGGCGGGCGACGTGATCAGATGACCTGTGCGGGCGGCAGCCTCCTGCCCTCCTCCCCTTCGTGCGCCGGCTGGAGCGAGGAGTTCTTTTGACAGCCGTGAGCTTCCCCGCCAGGAACTTACTGGGGCTGCATCACCCTAGAAACGTGGCTTTGGGCTGTGGAAACGCTGCCTCTGTGGA,3d94f7360a5e4f26cb94206b116906dc6d6813fb2614530e7c68f524b0cb351b,0.125774956561526,GAGATTCACAAAAGCAGACTAGGGCGGGCGACGTGATCAGATGACCTGTGCGGGCGGCAGCCTCCTGCCCTCCTCCCCTTCGTGCGCCGGCTGGAGCGAAGAGTTCTTTTGACAGCCGTGAGCTTCCCCGCCAGGAACTTACTGGGGCTGCATCACCCTAGAAACATGGCTTTGGGCTGTGGAAACGCTGCCTCTGTGGA,9b475cb815e79c348e590357cc05a05d4cc50b07d6efa81df7afa2e01198ece2,-0.132016331255248,GAGATTCACAAAAGCAGACTAGGGCGGGCGACGTGATCAGATGACCTGTGCGGGCGGCAGCCTCCTGCCCTCCTCCCCTTCGTGCGCCGGCTGGAGCGAGGAGTTCTTTTGACAGCCGTGAGCTTCCCCGCCAGGAACTTACTGGGGCTGCATCACCCTAGAAACATGGCTTTGGGCTGTGGAAACGCTGCCTCTGTGGA,2058517fd79b2bc25605c27435482e6a4cbff677d5ad7517bb6a055d3120d3e3,0.0030982344549281,0.00933960914865,0.135280276607978,-323.0772809032351,-322.18581393454224,-324.7966488208622,-324.1346183419228,-0.22943648975348196,-1.0,-0.00933960914865,0.0,0,0.18548136851204794,0.18565657667894103,0.15145376406925343,0.13360156854962235,1.0
chr5:180258087:G:A;chr5:180258113:C:T;var1;middle;OL41|K562|a7a8849db86fbbf5,chr5:180258087:G:A;chr5:180258113:C:T;var1;middle;OL41,K562,K562_region_01802,100,126,26,GCCCTCCTCCCCTTCGTGCGCCGGCTGGAGCGAAGAGTTCTTTTGACAGCCGTGAGCTTCCCCGCCAGGAACTTACTGGGGCTGCATCACCCTAGAAACGTGGCTTTGGGCTGTGGAAACGCTGCCTCTGTGGAAGTCTCTCCTCGCGGGGGTGGACGGGTCGCTGCGCGCCCAGCGTTCTTCTGCGGTTCTCACAGCCC,aa6ad0e5f5f714a86dc5820a89a8387d8bf818a717aaff06d5ee7981b2f37bc3,0.0,GCCCTCCTCCCCTTCGTGCGCCGGCTGGAGCGAAGAGTTCTTTTGACAGCCGTGAGCTTCCCCGCCAGGAACTTACTGGGGCTGCATCACCCTAGAAACATGGCTTTGGGCTGTGGAAACGCTGCCTCTGTGGAAGTCTCTCCTCGCGGGGGTGGACGGGTCGCTGCGCGCCCAGCGTTCTTCTGCGGTTCTCACAGCCC,1e1df8e838d3f03051f43afa356066261b2bf781d46679dd6f1d1b2448639a2e,-0.212320923716978,GCCCTCCTCCCCTTCGTGCGCCGGCTGGAGCGAAGAGTTCTTTTGACAGCCGTGAGCTTCCCCGCCAGGAACTTACTGGGGCTGCATCACCCTAGAAACGTGGCTTTGGGCTGTGGAAACGCTGCTTCTGTGGAAGTCTCTCCTCGCGGGGGTGGACGGGTCGCTGCGCGCCCAGCGTTCTTCTGCGGTTCTCACAGCCC,95d6b605b232446f519c6ff4d4de5042f7d9a80158d5615b1bd277bcc20dde7d,-0.311748562875865,GCCCTCCTCCCCTTCGTGCGCCGGCTGGAGCGAAGAGTTCTTTTGACAGCCGTGAGCTTCCCCGCCAGGAACTTACTGGGGCTGCATCACCCTAGAAACATGGCTTTGGGCTGTGGAAACGCTGCTTCTGTGGAAGTCTCTCCTCGCGGGGGTGGACGGGTCGCTGCGCGCCCAGCGTTCTTCTGCGGTTCTCACAGCCC,a7a8849db86fbbf52b2d27cb8d79fa8205bd1f67133947e1bc8d2ef191beccc2,-0.463484117251754,-0.060585369341089,0.303633454502429,-299.8848777981475,-305.9729515267536,-309.08013773337007,-316.8996554063633,1.731443944387138,1.0,-0.060585369341089,0.0,0,0.1879999006019067,0.18565657667894103,0.15145376406925343,0.18900964180224644,1.0
chr5:180258087:G:A;chr5:180258114:T:A;var1;middle;OL41|K562|a2ee8ba919766a86,chr5:180258087:G:A;chr5:180258114:T:A;var1;middle;OL41,K562,K562_region_01802,100,127,27,GCCCTCCTCCCCTTCGTGCGCCGGCTGGAGCGAAGAGTTCTTTTGACAGCCGTGAGCTTCCCCGCCAGGAACTTACTGGGGCTGCATCACCCTAGAAACGTGGCTTTGGGCTGTGGAAACGCTGCCTCTGTGGAAGTCTCTCCTCGCGGGGGTGGACGGGTCGCTGCGCGCCCAGCGTTCTTCTGCGGTTCTCACAGCCC,aa6ad0e5f5f714a86dc5820a89a8387d8bf818a717aaff06d5ee7981b2f37bc3,0.0,GCCCTCCTCCCCTTCGTGCGCCGGCTGGAGCGAAGAGTTCTTTTGACAGCCGTGAGCTTCCCCGCCAGGAACTTACTGGGGCTGCATCACCCTAGAAACATGGCTTTGGGCTGTGGAAACGCTGCCTCTGTGGAAGTCTCTCCTCGCGGGGGTGGACGGGTCGCTGCGCGCCCAGCGTTCTTCTGCGGTTCTCACAGCCC,1e1df8e838d3f03051f43afa356066261b2bf781d46679dd6f1d1b2448639a2e,-0.211978186821662,GCCCTCCTCCCCTTCGTGCGCCGGCTGGAGCGAAGAGTTCTTTTGACAGCCGTGAGCTTCCCCGCCAGGAACTTACTGGGGCTGCATCACCCTAGAAACGTGGCTTTGGGCTGTGGAAACGCTGCCACTGTGGAAGTCTCTCCTCGCGGGGGTGGACGGGTCGCTGCGCGCCCAGCGTTCTTCTGCGGTTCTCACAGCCC,b76f7bc09e2f2a7c3ded60c814198e861ef6e922a9a35dcde701e511f95798a3,-0.125674637168461,GCCCTCCTCCCCTTCGTGCGCCGGCTGGAGCGAAGAGTTCTTTTGACAGCCGTGAGCTTCCCCGCCAGGAACTTACTGGGGCTGCATCACCCTAGAAACATGGCTTTGGGCTGTGGAAACGCTGCCACTGTGGAAGTCTCTCCTCGCGGGGGTGGACGGGTCGCTGCGCGCCCAGCGTTCTTCTGCGGTTCTCACAGCCC,a2ee8ba919766a86a3d5d07a5e0e4c2869ad66a242223da569b6b0c282dce942,-0.30935932944903,-0.0282934945410929,0.258044372581396,-299.8848777981475,-305.9729515267536,-295.6594725959003,-301.40062409918755,-0.3469222253188491,1.0,-0.0282934945410929,0.0,0,0.18533047119573517,0.18565657667894103,0.15145376406925343,0.2341084636917295,1.0
chr5:180631270:A:T;chr5:180631342:G:A;var1;middle;OL41|K562|6022a6e42e9959a5,chr5:180631270:A:T;chr5:180631342:G:A;var1;middle;OL41,K562,K562_region_01803,100,172,72,TGGGGACTTTGAGCAGAGCCCGCTTCGGGGAAAGAGATAAGAGTGGGGGCAGCGGCTGCGTGGCTGTGCCGGAGACTTCCCGCGGGCAGAGAGCTGCGGAGACGCAGACCAGGCTAGAGGCTCCGAACAGACAGGAAGAACATCGCCAAGTCCGTGGGGGACGTCGCGCAGGCGGCCCAGTATCTGGCCCAGAGGGAAAC,815e69c122a5e4c51c1ee787e9316a38149790ad2c76d85fd22d228c11f302c2,0.0,TGGGGACTTTGAGCAGAGCCCGCTTCGGGGAAAGAGATAAGAGTGGGGGCAGCGGCTGCGTGGCTGTGCCGGAGACTTCCCGCGGGCAGAGAGCTGCGGTGACGCAGACCAGGCTAGAGGCTCCGAACAGACAGGAAGAACATCGCCAAGTCCGTGGGGGACGTCGCGCAGGCGGCCCAGTATCTGGCCCAGAGGGAAAC,b84b3de36c43ec03b0471a0a272e4a3325651627177f70ee71835762eff3591f,0.835143781306444,TGGGGACTTTGAGCAGAGCCCGCTTCGGGGAAAGAGATAAGAGTGGGGGCAGCGGCTGCGTGGCTGTGCCGGAGACTTCCCGCGGGCAGAGAGCTGCGGAGACGCAGACCAGGCTAGAGGCTCCGAACAGACAGGAAGAACATCGCCAAGTCCGTGGGGGACGTCGCGCAGACGGCCCAGTATCTGGCCCAGAGGGAAAC,f18bc9ca1a3fdffa4a84cabc5bff4188f5b65deb33e40ebfc9a4579e5c0324e7,-0.0416820811879316,TGGGGACTTTGAGCAGAGCCCGCTTCGGGGAAAGAGATAAGAGTGGGGGCAGCGGCTGCGTGGCTGTGCCGGAGACTTCCCGCGGGCAGAGAGCTGCGGTGACGCAGACCAGGCTAGAGGCTCCGAACAGACAGGAAGAACATCGCCAAGTCCGTGGGGGACGTCGCGCAGACGGCCCAGTATCTGGCCCAGAGGGAAAC,6022a6e42e9959a514e1920d7e3f31f71fa69466e090d66594288f36cc11be49,0.618261919417611,-0.1751997807009013,0.268418419120096,-262.4744946658612,-261.8192422538996,-263.3627754300833,-262.03153844177723,0.6759845763444332,-1.0,0.1751997807009013,0.0,0,0.18664428082944332,0.18565657667894103,0.15145376406925343,-0.004968207413798886,1.0
chr5:180631342:G:A;chr5:180631387:G:A;var1;middle;OL41|K562|c551e7e8cb45c215,chr5:180631342:G:A;chr5:180631387:G:A;var1;middle;OL41,K562,K562_region_01803,100,145,45,AGACTTCCCGCGGGCAGAGAGCTGCGGAGACGCAGACCAGGCTAGAGGCTCCGAACAGACAGGAAGAACATCGCCAAGTCCGTGGGGGACGTCGCGCAGGCGGCCCAGTATCTGGCCCAGAGGGAAACGCAGTGGGGGTGGGGTGGGGGTATTGGTGATGTTGGGGGTGACAGAGAACCGCGCTCAGCCCGGGAACCAGC,de30d4e3d52116770c783ed57424f67c71343c589784bca19ed7bb61388a0e06,0.0,AGACTTCCCGCGGGCAGAGAGCTGCGGAGACGCAGACCAGGCTAGAGGCTCCGAACAGACAGGAAGAACATCGCCAAGTCCGTGGGGGACGTCGCGCAGACGGCCCAGTATCTGGCCCAGAGGGAAACGCAGTGGGGGTGGGGTGGGGGTATTGGTGATGTTGGGGGTGACAGAGAACCGCGCTCAGCCCGGGAACCAGC,8145c07c10ad464ef63fc0849e2489dc631d07654ca7072d9148f0df98cdbe16,-0.175296519206925,AGACTTCCCGCGGGCAGAGAGCTGCGGAGACGCAGACCAGGCTAGAGGCTCCGAACAGACAGGAAGAACATCGCCAAGTCCGTGGGGGACGTCGCGCAGGCGGCCCAGTATCTGGCCCAGAGGGAAACGCAGTGGGGGTGGGGTAGGGGTATTGGTGATGTTGGGGGTGACAGAGAACCGCGCTCAGCCCGGGAACCAGC,51c161a65d87dc8ded40375f1e08fd7b484351e0b814a7ce38b0fc35833a4c3c,0.111175602972374,AGACTTCCCGCGGGCAGAGAGCTGCGGAGACGCAGACCAGGCTAGAGGCTCCGAACAGACAGGAAGAACATCGCCAAGTCCGTGGGGGACGTCGCGCAGACGGCCCAGTATCTGGCCCAGAGGGAAACGCAGTGGGGGTGGGGTAGGGGTATTGGTGATGTTGGGGGTGACAGAGAACCGCGCTCAGCCCGGGAACCAGC,c551e7e8cb45c21535fcdb1e6c968ce99a143ed2f954ecd2b9df189be75d1449,0.107778496019736,0.171899412254287,0.328991791767267,-356.6152113750577,-353.2785027017817,-373.5089849475771,-371.510440023616,-1.3381637493149015,-1.0,-0.171899412254287,0.0,0,0.18405733207744995,0.18565657667894103,0.15145376406925343,-0.010745441167719944,1.0
chr5:180634677:A:G;chr5:180634754:C:T;var1;middle;OL41|K562|2a5f068d7e5b5829,chr5:180634677:A:G;chr5:180634754:C:T;var1;middle;OL41,K562,K562_region_01804,100,177,77,GAAACGGACGTAAGTGGGAGGGACGGTCAGGCACTGACGGCAGAGTTTGAATTTCCCAGGAGCCGAGGCACTTTAGTAGTTTTATCACACTCCAAATAAATCCAAGTTCAAACCCGCAGTTGAATACACTCCGACTCTGATCTAGAATGAAAAATTGTTGAGATACGGTCATCGGGCGCCCGGCTAGCTCAGTCGGTAGA,468103f2902b42c054cb2344d10edd28faa98297c6385ec1407e45e8265c590c,0.0,GAAACGGACGTAAGTGGGAGGGACGGTCAGGCACTGACGGCAGAGTTTGAATTTCCCAGGAGCCGAGGCACTTTAGTAGTTTTATCACACTCCAAATAAGTCCAAGTTCAAACCCGCAGTTGAATACACTCCGACTCTGATCTAGAATGAAAAATTGTTGAGATACGGTCATCGGGCGCCCGGCTAGCTCAGTCGGTAGA,26260d814e18af4e4cc9dadfb7b02cac76f8083a05521bfb76ecc3528954639f,0.254327942159766,GAAACGGACGTAAGTGGGAGGGACGGTCAGGCACTGACGGCAGAGTTTGAATTTCCCAGGAGCCGAGGCACTTTAGTAGTTTTATCACACTCCAAATAAATCCAAGTTCAAACCCGCAGTTGAATACACTCCGACTCTGATCTAGAATGAAAAATTGTTGAGATACGGTCATCGGGTGCCCGGCTAGCTCAGTCGGTAGA,3681b66ebe0acdeff323bc3892ff4c3e4ab746c69045a5ba08cf935d97fbbaa0,-0.0152040722108464,GAAACGGACGTAAGTGGGAGGGACGGTCAGGCACTGACGGCAGAGTTTGAATTTCCCAGGAGCCGAGGCACTTTAGTAGTTTTATCACACTCCAAATAAGTCCAAGTTCAAACCCGCAGTTGAATACACTCCGACTCTGATCTAGAATGAAAAATTGTTGAGATACGGTCATCGGGTGCCCGGCTAGCTCAGTCGGTAGA,2a5f068d7e5b58296557a7c6244a5ff1857daaf2b1f3a15a01be5f6819bac643,-0.176037941831795,0.4151618117807146,0.304982624976915,-262.9762005973608,-264.5278641656041,-266.5616895053536,-267.4085359107703,-0.7048171628266005,1.0,0.4151618117807146,0.0,1,0.18164805059077302,0.18216460459877223,0.1501433469024087,0.11986884627316466,1.0
chr5:180650685:A:G;chr5:180650744:T:C;var1;middle;OL41|K562|c9bde6ccd96bf74e,chr5:180650685:A:G;chr5:180650744:T:C;var1;middle;OL41,K562,K562_region_01805,100,159,59,AAAGGGGGAGTAGCAGGACAGCGGAGGGAAGTCGCGAGCTTAGGTGGTGTGTAGACGCCGGAAGTGTTGGGAAGGAGGCCGGAAGCTAGGGGCGGGGCCAGGAAGTGAGGAGGGGCGGGGGTTTATGAGGAGTCCAAGGGAGCATTGGGGCAGACTTGTACTCAGAGCCACCTGAGGGACTTGGCGGTGGCGCCCAGCAC,4838b25685d20d48ccbb117bcfc0813883d2526043ec90a8cac4c006984c77d9,0.0,AAAGGGGGAGTAGCAGGACAGCGGAGGGAAGTCGCGAGCTTAGGTGGTGTGTAGACGCCGGAAGTGTTGGGAAGGAGGCCGGAAGCTAGGGGCGGGGCCGGGAAGTGAGGAGGGGCGGGGGTTTATGAGGAGTCCAAGGGAGCATTGGGGCAGACTTGTACTCAGAGCCACCTGAGGGACTTGGCGGTGGCGCCCAGCAC,3472c16660948d8b49ff0bbb89db996c02754d71448f06c592cb19a1b28116ca,-0.0462207395850524,AAAGGGGGAGTAGCAGGACAGCGGAGGGAAGTCGCGAGCTTAGGTGGTGTGTAGACGCCGGAAGTGTTGGGAAGGAGGCCGGAAGCTAGGGGCGGGGCCAGGAAGTGAGGAGGGGCGGGGGTTTATGAGGAGTCCAAGGGAGCATTGGGGCAGACTTGCACTCAGAGCCACCTGAGGGACTTGGCGGTGGCGCCCAGCAC,318136072257734ea262c4aa651f9da77a289c66c8248c6407eaea2e0bc9c72a,0.0010789134239987,AAAGGGGGAGTAGCAGGACAGCGGAGGGAAGTCGCGAGCTTAGGTGGTGTGTAGACGCCGGAAGTGTTGGGAAGGAGGCCGGAAGCTAGGGGCGGGGCCGGGAAGTGAGGAGGGGCGGGGGTTTATGAGGAGTCCAAGGGAGCATTGGGGCAGACTTGCACTCAGAGCCACCTGAGGGACTTGGCGGTGGCGCCCAGCAC,c9bde6ccd96bf74eb5f055e209c4a1e2944bb05fe1023c90f544e3d8c55cc584,-0.138023197961362,0.0928813718003083,0.198550090719593,-380.86010642373,-389.3247989458032,-367.9694553641602,-377.3832108958159,0.9490630095824599,1.0,0.0928813718003083,0.0,4,0.17737560571337838,0.17620727786206916,0.145609630836647,0.36067325974484055,1.0
chr5:202023:A:C;chr5:202064:T:C;var1;middle;OL41|K562|ca708aee9ea8f0cc,chr5:202023:A:C;chr5:202064:T:C;var1;middle;OL41,K562,K562_region_01720,100,141,41,CATATACAATGTTCACTCCAGACAAGGATTACAGTGGCTGCCCCTCCTCCGCCCTGCAGCGAGCCCTCCCCTCCCCAAGGAAACTGGACCTGCTTCCGAAACCTAGGATCTCCCAGAGCTCCACTCCTTACCCCAAAGGGTCCTCTCTGCCTTGCTGGCTCACGGTTTTATAGTTACTGTGACCTCCAAGAAAGCAGCAG,5d456fd9158563ca740723cce013d41d9d9f9a03f6c77c8f5743382dc18e3202,0.0,CATATACAATGTTCACTCCAGACAAGGATTACAGTGGCTGCCCCTCCTCCGCCCTGCAGCGAGCCCTCCCCTCCCCAAGGAAACTGGACCTGCTTCCGACACCTAGGATCTCCCAGAGCTCCACTCCTTACCCCAAAGGGTCCTCTCTGCCTTGCTGGCTCACGGTTTTATAGTTACTGTGACCTCCAAGAAAGCAGCAG,6578e7095cfe112d388149190ea5fee8870267ec905097139f3376cdbf2d2868,0.345140799841842,CATATACAATGTTCACTCCAGACAAGGATTACAGTGGCTGCCCCTCCTCCGCCCTGCAGCGAGCCCTCCCCTCCCCAAGGAAACTGGACCTGCTTCCGAAACCTAGGATCTCCCAGAGCTCCACTCCTTACCCCAAAGGGCCCTCTCTGCCTTGCTGGCTCACGGTTTTATAGTTACTGTGACCTCCAAGAAAGCAGCAG,c06c3b6f9116789b6ce04bfec5b89fd63df1f7bee9162b87f6ee993273805fb7,0.352536724880538,CATATACAATGTTCACTCCAGACAAGGATTACAGTGGCTGCCCCTCCTCCGCCCTGCAGCGAGCCCTCCCCTCCCCAAGGAAACTGGACCTGCTTCCGACACCTAGGATCTCCCAGAGCTCCACTCCTTACCCCAAAGGGCCCTCTCTGCCTTGCTGGCTCACGGTTTTATAGTTACTGTGACCTCCAAGAAAGCAGCAG,ca708aee9ea8f0cc99f075582813b0247be7562094296074d3d7c2e15beb4bdd,0.253543587087515,0.444133937634865,0.314789825667549,-270.89552034437656,-317.67964810691774,-308.4385498892516,-315.9678503712639,-39.25482728052884,1.0,0.444133937634865,0.0,4,0.12754644905241935,0.17620727786206916,0.145609630836647,0.4656248657313121,1.0
chr5:203042:T:G;chr5:203114:G:A;var1;middle;OL41|K562|74270b7c6e90c549,chr5:203042:T:G;chr5:203114:G:A;var1;middle;OL41,K562,K562_region_01721,100,172,72,GACCGGATTGCCGCAGGAATGGAGCCTGCACCGCTCTTTAGGCAAGGGTCTTGATGCATCAGGAAGTACAAACAACAACAGGAAGAGTTTTGTCCAGATTTACCGAAAAAATGACTTTTTAGGGGCCGGGTGCCGTGGCCCACACCTGTAATCCCAGTGCTGTGGGAGGCCGAGGTGGGGGCGGTGGATCACCTGAGGTC,a55bbcb13116d9a9a144da2ce6877927c54b8fa660ffecf54ae48fa212f2df9e,0.0,GACCGGATTGCCGCAGGAATGGAGCCTGCACCGCTCTTTAGGCAAGGGTCTTGATGCATCAGGAAGTACAAACAACAACAGGAAGAGTTTTGTCCAGATGTACCGAAAAAATGACTTTTTAGGGGCCGGGTGCCGTGGCCCACACCTGTAATCCCAGTGCTGTGGGAGGCCGAGGTGGGGGCGGTGGATCACCTGAGGTC,f353e4808dd5e551c2437633447f6f26460a48c1e6d55780fc3b9cf728ab4499,0.265136365305889,GACCGGATTGCCGCAGGAATGGAGCCTGCACCGCTCTTTAGGCAAGGGTCTTGATGCATCAGGAAGTACAAACAACAACAGGAAGAGTTTTGTCCAGATTTACCGAAAAAATGACTTTTTAGGGGCCGGGTGCCGTGGCCCACACCTGTAATCCCAGTGCTGTGGGAGGCCAAGGTGGGGGCGGTGGATCACCTGAGGTC,132cf765687260e0666ad0f733fc4dcb388026df47efddda2f4912988cd53ceb,0.181593968496774,GACCGGATTGCCGCAGGAATGGAGCCTGCACCGCTCTTTAGGCAAGGGTCTTGATGCATCAGGAAGTACAAACAACAACAGGAAGAGTTTTGTCCAGATGTACCGAAAAAATGACTTTTTAGGGGCCGGGTGCCGTGGCCCACACCTGTAATCCCAGTGCTGTGGGAGGCCAAGGTGGGGGCGGTGGATCACCTGAGGTC,74270b7c6e90c5493a2182cb0ef464afa563d3b921891778c0940a5818ddaf2d,0.0505194440338919,0.3962108897687711,0.473624265832348,-250.20176612772048,-241.8221530467272,-272.50375950336456,-260.6317749917507,-3.492371430620551,1.0,0.3962108897687711,0.0,3,0.17443871213975226,0.18106719778262317,0.1474303780702046,-0.03278787081026832,1.0
chr5:32829929:T:C;chr5:32829975:C:G;var1;middle;OL30|K562|14cfd3da9a150108,chr5:32829929:T:C;chr5:32829975:C:G;var1;middle;OL30,K562,K562_region_01737,100,146,46,AGCCTCAGAGCCACAGAATTTTTTATTAGGGAAACCGCTAATAAAACCATCAGATCTCATGAAACTTATTCACTACCATGAGAACAGTATGGGGGAAACTGCCCCCATGATTAAATTATCTCCCACTGGGTCCCTCCCACAGCTCCTGGGAATTATGGGCTACAACTCAAGATGAGATTTGTGTGGGGACACAGCCAAAC,243041c150e55d825ae9eb6281820e154f44142a7288c78c6be6e647104b8ae4,0.0,AGCCTCAGAGCCACAGAATTTTTTATTAGGGAAACCGCTAATAAAACCATCAGATCTCATGAAACTTATTCACTACCATGAGAACAGTATGGGGGAAACCGCCCCCATGATTAAATTATCTCCCACTGGGTCCCTCCCACAGCTCCTGGGAATTATGGGCTACAACTCAAGATGAGATTTGTGTGGGGACACAGCCAAAC,18d5ea9527f51483ddebee96ad1a52a071da8ff7a4c030f3b9519cff3ee96c43,0.539048880865475,AGCCTCAGAGCCACAGAATTTTTTATTAGGGAAACCGCTAATAAAACCATCAGATCTCATGAAACTTATTCACTACCATGAGAACAGTATGGGGGAAACTGCCCCCATGATTAAATTATCTCCCACTGGGTCCCTCCCACAGCTCGTGGGAATTATGGGCTACAACTCAAGATGAGATTTGTGTGGGGACACAGCCAAAC,016c79259142d8b99089592cd4f9298132e7f456e9554671456b5511cb078f9b,-0.33488030301692,AGCCTCAGAGCCACAGAATTTTTTATTAGGGAAACCGCTAATAAAACCATCAGATCTCATGAAACTTATTCACTACCATGAGAACAGTATGGGGGAAACCGCCCCCATGATTAAATTATCTCCCACTGGGTCCCTCCCACAGCTCGTGGGAATTATGGGCTACAACTCAAGATGAGATTTGTGTGGGGACACAGCCAAAC,14cfd3da9a150108846648dc31a861ce41490d0d7936cca43f34d0c325b81b88,0.312183191364217,0.108014613515662,0.15734406758369,-344.80352899606805,-358.6515395940514,-357.31675087474287,-369.8128061840544,1.3519552886718316,-1.0,-0.108014613515662,0.0,2,0.17716302457841296,0.17490732828716207,0.146091925319964,0.24430843749677092,1.0
chr5:33996454:C:T;chr5:33996456:T:C;var1;middle;OL41|K562|31b372f85b7ad21e,chr5:33996454:C:T;chr5:33996456:T:C;var1;middle;OL41,K562,K562_region_01738,100,102,2,AAAGAATAAACTGGGGAATGGGATATCCATAGGGGACTTTGAAAAGCTCCAACATATTCCTGAGAATTTTTTTTGCAACTCCTGAGAAGGCAACGCACACGTACACACGCAGGGCAGTATGAATGCCTGGGAGAGATCTGTAAAGGCCCTCGTCTCTCACCTCTGGCTGACCTTGAGGCTCTTCACAAGCAAGAAGTTAA,e9f7073e3e5091854e7acea085e1fedff97b83139567abd6b366863188c471b7,0.0,AAAGAATAAACTGGGGAATGGGATATCCATAGGGGACTTTGAAAAGCTCCAACATATTCCTGAGAATTTTTTTTGCAACTCCTGAGAAGGCAACGCACATGTACACACGCAGGGCAGTATGAATGCCTGGGAGAGATCTGTAAAGGCCCTCGTCTCTCACCTCTGGCTGACCTTGAGGCTCTTCACAAGCAAGAAGTTAA,9e1287a90f7b9bbfb87744a71407916b4f3525cb41504b10d795dab3d6705df1,-0.197688748531505,AAAGAATAAACTGGGGAATGGGATATCCATAGGGGACTTTGAAAAGCTCCAACATATTCCTGAGAATTTTTTTTGCAACTCCTGAGAAGGCAACGCACACGCACACACGCAGGGCAGTATGAATGCCTGGGAGAGATCTGTAAAGGCCCTCGTCTCTCACCTCTGGCTGACCTTGAGGCTCTTCACAAGCAAGAAGTTAA,68a5d4772476176720fc292de6431248d027cf68f13f56de3108d2880e41b954,0.106994738498757,AAAGAATAAACTGGGGAATGGGATATCCATAGGGGACTTTGAAAAGCTCCAACATATTCCTGAGAATTTTTTTTGCAACTCCTGAGAAGGCAACGCACATGCACACACGCAGGGCAGTATGAATGCCTGGGAGAGATCTGTAAAGGCCCTCGTCTCTCACCTCTGGCTGACCTTGAGGCTCTTCACAAGCAAGAAGTTAA,31b372f85b7ad21e4aabe730f94cf92e1918bfacf906a9afd2515b2b7926ad8f,-0.11977935076201,-0.029085340729262,0.264304868813259,-391.59846694627777,-391.3117299666628,-377.7923032094259,-375.07591522776056,2.4296510020503774,-1.0,0.029085340729262,0.0,2,0.17873223667075,0.17490732828716207,0.146091925319964,0.1981319942832468,1.0
chr5:34492488:C:T;chr5:34492562:G:A;var1;middle;OL27|K562|d29e4b64aab539cc,chr5:34492488:C:T;chr5:34492562:G:A;var1;middle;OL27,K562,K562_region_01739,100,174,74,CTAGGCTGGAGTGCAGTGGCGCGATCTCGGCTCACTGCAGGCTCCGCCCCCCGGGTTCACGCCATTCTCCTGCCTCGGCCTCCCCAGTAGCTGGGACTACGGGCACCCGCCACCTCGCCCGGCTAATTTTTTTTTTTTTGTATTTATAGTAGAGACAGGGTTTCGCCGTGTTAGCCAGGATGGTCTCGATCTCCTGACCT,8a5c4d290c7b17f0ef66af7cbfcf4bccc17e8e65dff8bae3c6828ac3a615ec4b,0.0,CTAGGCTGGAGTGCAGTGGCGCGATCTCGGCTCACTGCAGGCTCCGCCCCCCGGGTTCACGCCATTCTCCTGCCTCGGCCTCCCCAGTAGCTGGGACTATGGGCACCCGCCACCTCGCCCGGCTAATTTTTTTTTTTTTGTATTTATAGTAGAGACAGGGTTTCGCCGTGTTAGCCAGGATGGTCTCGATCTCCTGACCT,9b6f8c4c2a40af9ca153c985767a9fa6821ae3d374e15d4bf560bcfe4515b63e,0.0018652244867545,CTAGGCTGGAGTGCAGTGGCGCGATCTCGGCTCACTGCAGGCTCCGCCCCCCGGGTTCACGCCATTCTCCTGCCTCGGCCTCCCCAGTAGCTGGGACTACGGGCACCCGCCACCTCGCCCGGCTAATTTTTTTTTTTTTGTATTTATAGTAGAGACAGGGTTTCGCCGTGTTAACCAGGATGGTCTCGATCTCCTGACCT,eee7b467f54e33e904ad71d781bc652994a41a8e7a09b67b4ec4c4349e62d255,0.105622008879181,CTAGGCTGGAGTGCAGTGGCGCGATCTCGGCTCACTGCAGGCTCCGCCCCCCGGGTTCACGCCATTCTCCTGCCTCGGCCTCCCCAGTAGCTGGGACTATGGGCACCCGCCACCTCGCCCGGCTAATTTTTTTTTTTTTGTATTTATAGTAGAGACAGGGTTTCGCCGTGTTAACCAGGATGGTCTCGATCTCCTGACCT,d29e4b64aab539cc15dff7cd70fc49f6a2ee5046d165eaf804eeb29cf2e40537,0.0990474157458737,0.0084398176200617,0.123469354047655,-60.55471557378769,-62.00147420866415,-64.70987404277548,-66.14178152615204,-0.014851151499897242,1.0,0.0084398176200617,0.0,2,0.1751728438927371,0.17490732828716207,0.146091925319964,0.11758022339897053,1.0
chr5:34654441:C:A;chr5:34654477:G:A;var1;middle;OL27|K562|17346dc8108f6ebd,chr5:34654441:C:A;chr5:34654477:G:A;var1;middle;OL27,K562,K562_region_01740,100,136,36,GGGTGGTATTCAATGTATCCAATGAACCCAATTAGCATTTCTAAAACGCCTGGGCAACACAACCAATAAGAAGATGCTATTGAACCTCTTACTTCCCCACTAATCCCCCTGCAGTTGGCAGAACTTAGCTGCCATGCTCAGTCTACAGACTACAAAGTTGCTTTGAGTTTCAAAAGTGGGGATCTGGAAAAGGATCTTGG,bbac36e50f60b9d545432ad29f33c7328d771d1912ffc96c1767045f8f7c0961,0.0,GGGTGGTATTCAATGTATCCAATGAACCCAATTAGCATTTCTAAAACGCCTGGGCAACACAACCAATAAGAAGATGCTATTGAACCTCTTACTTCCCCAATAATCCCCCTGCAGTTGGCAGAACTTAGCTGCCATGCTCAGTCTACAGACTACAAAGTTGCTTTGAGTTTCAAAAGTGGGGATCTGGAAAAGGATCTTGG,bc38885957fa28e7799fa5ed3d09eeb9c5f5784522695261b8d1d342e586310f,-0.419882390958507,GGGTGGTATTCAATGTATCCAATGAACCCAATTAGCATTTCTAAAACGCCTGGGCAACACAACCAATAAGAAGATGCTATTGAACCTCTTACTTCCCCACTAATCCCCCTGCAGTTGGCAGAACTTAGCTGCCATACTCAGTCTACAGACTACAAAGTTGCTTTGAGTTTCAAAAGTGGGGATCTGGAAAAGGATCTTGG,fd8b06d7b20a5a3041fc5f8366c6b3d8baee638cc49e5b8fbf80222b0941ba92,0.056673191638269,GGGTGGTATTCAATGTATCCAATGAACCCAATTAGCATTTCTAAAACGCCTGGGCAACACAACCAATAAGAAGATGCTATTGAACCTCTTACTTCCCCAATAATCCCCCTGCAGTTGGCAGAACTTAGCTGCCATACTCAGTCTACAGACTACAAAGTTGCTTTGAGTTTCAAAAGTGGGGATCTGGAAAAGGATCTTGG,17346dc8108f6ebd0aca0f6c0f9b25ac99f398c8e2480c5276617d9a6c05ef81,-0.17585792354529,0.1873512757749479,0.177155462217985,-262.9681946635246,-263.996908724308,-264.6728333234787,-265.537555962801,0.16399142146110535,-1.0,-0.1873512757749479,0.0,4,0.17640257910146892,0.17620727786206916,0.145609630836647,0.26573595765372965,1.0
chr5:34930376:T:C;chr5:34930387:T:C;var1;middle;OL41|K562|f700c222f3409210,chr5:34930376:T:C;chr5:34930387:T:C;var1;middle;OL41,K562,K562_region_01741,100,111,11,AAACTGCAGTCCAACAACCTCACTTGCTCCCGCTACCGGGTCGCAGACACCACGAGGGAGCAGTCGGGAACTCGGAACTCAGACCTGCCCCAGGCTTGCTTTTCCCTGCGTCCCTTGCAGCGCAGCCTCTCGGTGTTTTTCCTCCGCTGCCCTCCACCTCGTCCGGGAATCCCAGATACTTCAACCTGATGTATGGCTCT,97c4c98768963cd8d607dad62a0a1edf9663a5d1def65ba11a521b0eae49fd00,0.0,AAACTGCAGTCCAACAACCTCACTTGCTCCCGCTACCGGGTCGCAGACACCACGAGGGAGCAGTCGGGAACTCGGAACTCAGACCTGCCCCAGGCTTGCCTTTCCCTGCGTCCCTTGCAGCGCAGCCTCTCGGTGTTTTTCCTCCGCTGCCCTCCACCTCGTCCGGGAATCCCAGATACTTCAACCTGATGTATGGCTCT,ffb82fba6288cc76543a3011abbdc355b083ffab876c724c63de2133f794caca,-0.205751773102567,AAACTGCAGTCCAACAACCTCACTTGCTCCCGCTACCGGGTCGCAGACACCACGAGGGAGCAGTCGGGAACTCGGAACTCAGACCTGCCCCAGGCTTGCTTTTCCCTGCGCCCCTTGCAGCGCAGCCTCTCGGTGTTTTTCCTCCGCTGCCCTCCACCTCGTCCGGGAATCCCAGATACTTCAACCTGATGTATGGCTCT,55c20083b9fb66f2753f1780daf7f876f9e7d88124921102a010e8f1641b32b0,-0.471205241625634,AAACTGCAGTCCAACAACCTCACTTGCTCCCGCTACCGGGTCGCAGACACCACGAGGGAGCAGTCGGGAACTCGGAACTCAGACCTGCCCCAGGCTTGCCTTTCCCTGCGCCCCTTGCAGCGCAGCCTCTCGGTGTTTTTCCTCCGCTGCCCTCCACCTCGTCCGGGAATCCCAGATACTTCAACCTGATGTATGGCTCT,f700c222f34092106ffb423d32967102ccb83b6b7d922fd724b157b0cd4e0a21,-0.30897626999458,0.367980744733621,0.266716699826326,-427.4227866833098,-415.2379599716514,-435.7326100850478,-424.76358939521015,-1.2158060218207538,-1.0,-0.367980744733621,0.0,1,0.1811281501527462,0.18216460459877223,0.1501433469024087,0.11648501985965402,1.0
chr5:35769510:G:C;chr5:35769537:C:A;var1;middle;OL27|K562|b0b9d77bbc29c14d,chr5:35769510:G:C;chr5:35769537:C:A;var1;middle;OL27,K562,K562_region_01742,100,127,27,GCTTTCAGCTTTACTAAGAACTTGCAAGTACAGTATCTGGTATTCATTTTTATCAAAAGGGCATCTGATAAAAAAAAGAAAGAAAAGAAAAAGCAAAGGGAGAAAGAAAGAAAAAGACAAAAAAAACCACAAAGAAATCTGCTTGCTCTCTGAAACCTTTCTGTATTCCTCCAAGATTCTATTGATATTGAAGAAGTTGA,3c3fa27c7ec1ac40b83dce4a7ffdc25737f24f95b4bacf833d724ce6a4a66f86,0.0,GCTTTCAGCTTTACTAAGAACTTGCAAGTACAGTATCTGGTATTCATTTTTATCAAAAGGGCATCTGATAAAAAAAAGAAAGAAAAGAAAAAGCAAAGGCAGAAAGAAAGAAAAAGACAAAAAAAACCACAAAGAAATCTGCTTGCTCTCTGAAACCTTTCTGTATTCCTCCAAGATTCTATTGATATTGAAGAAGTTGA,6058d4ba55488b12a62fd9d4fdb7337da29ea6634c228c6b76b16cfe5047e6cf,-0.198125885187164,GCTTTCAGCTTTACTAAGAACTTGCAAGTACAGTATCTGGTATTCATTTTTATCAAAAGGGCATCTGATAAAAAAAAGAAAGAAAAGAAAAAGCAAAGGGAGAAAGAAAGAAAAAGACAAAAAAAAACACAAAGAAATCTGCTTGCTCTCTGAAACCTTTCTGTATTCCTCCAAGATTCTATTGATATTGAAGAAGTTGA,f29bec4133cd8230cc3623a0b1f4987e29deefb2ba1945e24cc6db8c77097a05,0.160222975003148,GCTTTCAGCTTTACTAAGAACTTGCAAGTACAGTATCTGGTATTCATTTTTATCAAAAGGGCATCTGATAAAAAAAAGAAAGAAAAGAAAAAGCAAAGGCAGAAAGAAAGAAAAAGACAAAAAAAAACACAAAGAAATCTGCTTGCTCTCTGAAACCTTTCTGTATTCCTCCAAGATTCTATTGATATTGAAGAAGTTGA,b0b9d77bbc29c14d8d18b850732fc2aeedf13ffaa41ca3d0e431066eb089f1ca,0.0718224461492674,0.1097253563332834,0.25674533006255,-272.860740078846,-296.9979990584543,-257.2884241035208,-290.6173469637288,-9.191663880599663,-1.0,-0.1097253563332834,0.0,3,0.16295928042979307,0.18106719778262317,0.1474303780702046,0.19699118288945766,1.0
chr5:35879095:C:T;chr5:35879156:G:T;var1;middle;OL33|K562|9a636b60ab1ce28a,chr5:35879095:C:T;chr5:35879156:G:T;var1;middle;OL33,K562,K562_region_01743,100,161,61,GTTGTTTGGCATATGTTATCTTTGGAATTTAGTGTCTGAGCCTCTGTCTGTTACTGTAGTATTTAAAATGCATGTATTATAATCATATAATCATAACTGCTGTTAATTCTTGATTATATACCTAGGGACAATGTGTAATGTAAGATTACTAATTGGTTCTGCCCAATCTCCTTTCAGATTTTATTAGGAAAAAAAAATAA,b7bfd563d79a6fd5ae9491cc985a9653473714f073a3eb648371d30daacb82ed,0.0,GTTGTTTGGCATATGTTATCTTTGGAATTTAGTGTCTGAGCCTCTGTCTGTTACTGTAGTATTTAAAATGCATGTATTATAATCATATAATCATAACTGTTGTTAATTCTTGATTATATACCTAGGGACAATGTGTAATGTAAGATTACTAATTGGTTCTGCCCAATCTCCTTTCAGATTTTATTAGGAAAAAAAAATAA,d9863f4035299f8ce64fb03c00f1c8da6ac366a6c5e018e23abb2b9a0bfad1a6,0.165087813972673,GTTGTTTGGCATATGTTATCTTTGGAATTTAGTGTCTGAGCCTCTGTCTGTTACTGTAGTATTTAAAATGCATGTATTATAATCATATAATCATAACTGCTGTTAATTCTTGATTATATACCTAGGGACAATGTGTAATGTAAGATTACTAATTGGTTCTTCCCAATCTCCTTTCAGATTTTATTAGGAAAAAAAAATAA,6203bf839f895290cd29c0f2a9e7b8ccd4710ab17e80c319481b56262baaa092,0.388029832084103,GTTGTTTGGCATATGTTATCTTTGGAATTTAGTGTCTGAGCCTCTGTCTGTTACTGTAGTATTTAAAATGCATGTATTATAATCATATAATCATAACTGTTGTTAATTCTTGATTATATACCTAGGGACAATGTGTAATGTAAGATTACTAATTGGTTCTTCCCAATCTCCTTTCAGATTTTATTAGGAAAAAAAAATAA,9a636b60ab1ce28ab5eb2e5213ced5a311247f006a0d173e0002b70e6471f0b7,0.356450834938725,0.196666811118051,0.159200772098984,-321.56828745733947,-319.893272491172,-334.2418859899044,-333.4004178289324,0.8335468051955104,1.0,0.196666811118051,0.0,3,0.18315191354269125,0.18106719778262317,0.1474303780702046,0.2856070710851294,1.0
chr5:415906:G:A;chr5:415932:G:A;var1;middle;OL41|K562|50f51a6876e688fd,chr5:415906:G:A;chr5:415932:G:A;var1;middle;OL41,K562,K562_region_01722,100,126,26,AGGGGCGGAGTCTGCCTGGTCGGCTGGGAGGCCTAGGGGCTGTGCAGAGCAGCAGGCAGTGGAAGCCACGAACCACCCCGCTCGCCCACACTAGTCCCTGACAAGTCATTAGAATTCACGTCTGCGCAGGCCCTGAGGCTGCACAGTTTTATCCAATTTCCATAAGAGCTGGGCTTTTGAATTTTTTCCCACAGCTGAAA,5f91d7dd0eb2cdbbc286af9d0150b838c2c16c3ac3b8afc46c3d34ccccfa5a74,0.0,AGGGGCGGAGTCTGCCTGGTCGGCTGGGAGGCCTAGGGGCTGTGCAGAGCAGCAGGCAGTGGAAGCCACGAACCACCCCGCTCGCCCACACTAGTCCCTAACAAGTCATTAGAATTCACGTCTGCGCAGGCCCTGAGGCTGCACAGTTTTATCCAATTTCCATAAGAGCTGGGCTTTTGAATTTTTTCCCACAGCTGAAA,a631d33d298852cb5d839600e54050665e7347817fa24900da2e64dd9e1e18a1,-0.0239876834117109,AGGGGCGGAGTCTGCCTGGTCGGCTGGGAGGCCTAGGGGCTGTGCAGAGCAGCAGGCAGTGGAAGCCACGAACCACCCCGCTCGCCCACACTAGTCCCTGACAAGTCATTAGAATTCACGTCTGCACAGGCCCTGAGGCTGCACAGTTTTATCCAATTTCCATAAGAGCTGGGCTTTTGAATTTTTTCCCACAGCTGAAA,461de7d45d3351b2124c5cb1a6e834db180318bc66b7c33c286acd1cf7584465,-0.680612234617086,AGGGGCGGAGTCTGCCTGGTCGGCTGGGAGGCCTAGGGGCTGTGCAGAGCAGCAGGCAGTGGAAGCCACGAACCACCCCGCTCGCCCACACTAGTCCCTAACAAGTCATTAGAATTCACGTCTGCACAGGCCCTGAGGCTGCACAGTTTTATCCAATTTCCATAAGAGCTGGGCTTTTGAATTTTTTCCCACAGCTGAAA,50f51a6876e688fdfbdf48df827b3f60c099c4be9623b3caa32103b4955ed897,-0.724716187384577,0.0201162693557801,0.180116828387495,-296.7355899265968,-300.8053525965661,-297.27720382111147,-301.9283228358254,0.58135634474462,1.0,0.0201162693557801,0.0,0,0.1865227414261522,0.18565657667894103,0.15145376406925343,0.010548989399656455,1.0
chr5:428348:A:G;chr5:428418:C:G;var1;middle;OL41|K562|287b15c8dc998dc9,chr5:428348:A:G;chr5:428418:C:G;var1;middle;OL41,K562,K562_region_01723,100,170,70,TAAAAGTCATTACACAACATAGGCAGCAGCGATTAGATGAAACAATGTTTTTCAAACTCGTATTTGCAAACTGGCACCAAACGTTGCCTGTATCGATTCATTCCTAAATCATCCTGTTACAGAACCAGTTTCAGAATAAGTGTCCTGACCCCGTGTCCTCAAGAAAATGCGGAGCTGGCTGTGGCCCCTGCCTTTCTCCA,4a277a887a465fb7dc2a98d4c0fa8619d758cbcc1dd87c4502beca76fff17a54,0.0,TAAAAGTCATTACACAACATAGGCAGCAGCGATTAGATGAAACAATGTTTTTCAAACTCGTATTTGCAAACTGGCACCAAACGTTGCCTGTATCGATTCGTTCCTAAATCATCCTGTTACAGAACCAGTTTCAGAATAAGTGTCCTGACCCCGTGTCCTCAAGAAAATGCGGAGCTGGCTGTGGCCCCTGCCTTTCTCCA,df29db95b29348343e25b81c2a0393ef1cfd298e0813d9365e3cff59a07c692d,0.0760711863233393,TAAAAGTCATTACACAACATAGGCAGCAGCGATTAGATGAAACAATGTTTTTCAAACTCGTATTTGCAAACTGGCACCAAACGTTGCCTGTATCGATTCATTCCTAAATCATCCTGTTACAGAACCAGTTTCAGAATAAGTGTCCTGACCCCGTGTCCTCAAGAAAATGGGGAGCTGGCTGTGGCCCCTGCCTTTCTCCA,e276f641e7e2c6d17c4379553e8e7d2d3733462efde5641c1de7adfe876e4e48,-0.551483800084464,TAAAAGTCATTACACAACATAGGCAGCAGCGATTAGATGAAACAATGTTTTTCAAACTCGTATTTGCAAACTGGCACCAAACGTTGCCTGTATCGATTCGTTCCTAAATCATCCTGTTACAGAACCAGTTTCAGAATAAGTGTCCTGACCCCGTGTCCTCAAGAAAATGGGGAGCTGGCTGTGGCCCCTGCCTTTCTCCA,287b15c8dc998dc992c9426620cb07c7d4427177da1b3d126cee1cc4ec69cdb4,0.0431989083812179,0.5186115221423425,0.472535051851768,-424.1444707461633,-435.7501451678109,-408.47374325152487,-422.7728199700359,-2.6934022968634963,-1.0,-0.5186115221423425,0.0,4,0.17286109298644345,0.17620727786206916,0.145609630836647,0.14568981235222234,1.0
chr5:428418:C:G;chr5:428462:C:G;var1;middle;OL41|K562|3436209f9fbb69e5,chr5:428418:C:G;chr5:428462:C:G;var1;middle;OL41,K562,K562_region_01723,100,144,44,CTGGCACCAAACGTTGCCTGTATCGATTCATTCCTAAATCATCCTGTTACAGAACCAGTTTCAGAATAAGTGTCCTGACCCCGTGTCCTCAAGAAAATGCGGAGCTGGCTGTGGCCCCTGCCTTTCTCCATCTCTTGGCTGCCCGCCCTTCACACCGTCTGTCTATGGACAAGTGGAGGTAGTTCCCGGCTGCAGGACAT,293d6d96f3c1966cb7f8ccdec1a4bffd90e1e60286a65fb993cab2307eed4b44,0.0,CTGGCACCAAACGTTGCCTGTATCGATTCATTCCTAAATCATCCTGTTACAGAACCAGTTTCAGAATAAGTGTCCTGACCCCGTGTCCTCAAGAAAATGGGGAGCTGGCTGTGGCCCCTGCCTTTCTCCATCTCTTGGCTGCCCGCCCTTCACACCGTCTGTCTATGGACAAGTGGAGGTAGTTCCCGGCTGCAGGACAT,8b7126864c4b8bb99f4fae774c2ce679ac2fcd5a1b39f594d519df6cc8ffdcdc,-0.243289119314363,CTGGCACCAAACGTTGCCTGTATCGATTCATTCCTAAATCATCCTGTTACAGAACCAGTTTCAGAATAAGTGTCCTGACCCCGTGTCCTCAAGAAAATGCGGAGCTGGCTGTGGCCCCTGCCTTTCTCCATCTCTTGGCTGCCGGCCCTTCACACCGTCTGTCTATGGACAAGTGGAGGTAGTTCCCGGCTGCAGGACAT,f3d4c5c3f61333597965e055693cda629b911cd19876c19a5a21439f399f9384,-0.0455958394679955,CTGGCACCAAACGTTGCCTGTATCGATTCATTCCTAAATCATCCTGTTACAGAACCAGTTTCAGAATAAGTGTCCTGACCCCGTGTCCTCAAGAAAATGGGGAGCTGGCTGTGGCCCCTGCCTTTCTCCATCTCTTGGCTGCCGGCCCTTCACACCGTCTGTCTATGGACAAGTGGAGGTAGTTCCCGGCTGCAGGACAT,3436209f9fbb69e50785193010f6f3c2fa6009038e4e95918a86f05fa8e78ae8,-0.314710620098836,0.0258256613164774,0.454526057471595,-357.06090296874754,-337.32521132426336,-367.79980691568926,-351.0032178015681,2.939102530363016,1.0,0.0258256613164774,0.0,4,0.17984208321908546,0.17620727786206916,0.145609630836647,0.1545926537300538,1.0
chr5:498182:T:C;chr5:498235:A:G;var1;middle;OL28|K562|be5979ae2a0fd634,chr5:498182:T:C;chr5:498235:A:G;var1;middle;OL28,K562,K562_region_01724,100,153,53,TAGCCTCGCTTGTGGGAGTCCCTGCCTCACGGATGCCGGCCTCCTGCCTCGGCCACCGCCCTCCTCTTCAAGGATGCTGTTTTGCCTCTGGTCGCTCTATCTTATCTTTTTTCTCCGCACTCCTGGACGTCTCTCGGACCTTTCGCTCTGACAGTGGCTTGAGCCTCGGCCGCCACTTCCGCCCCTGCTACTTCGGGGCC,5e8e0036e80858c56222e7f010b37c8eb589a890abff2eb84dc0f6660b37863f,0.0,TAGCCTCGCTTGTGGGAGTCCCTGCCTCACGGATGCCGGCCTCCTGCCTCGGCCACCGCCCTCCTCTTCAAGGATGCTGTTTTGCCTCTGGTCGCTCTACCTTATCTTTTTTCTCCGCACTCCTGGACGTCTCTCGGACCTTTCGCTCTGACAGTGGCTTGAGCCTCGGCCGCCACTTCCGCCCCTGCTACTTCGGGGCC,79b6b50b873ac1d8c948ef8d9508fd58febbed39e58444fe9a804b40e3ed51ee,-1.0614457238155,TAGCCTCGCTTGTGGGAGTCCCTGCCTCACGGATGCCGGCCTCCTGCCTCGGCCACCGCCCTCCTCTTCAAGGATGCTGTTTTGCCTCTGGTCGCTCTATCTTATCTTTTTTCTCCGCACTCCTGGACGTCTCTCGGACCTTTCGCTCTGACGGTGGCTTGAGCCTCGGCCGCCACTTCCGCCCCTGCTACTTCGGGGCC,c4cf5f14ddb75e1c868308b31fd2c746542435bee9684236b2625da1de6409f9,0.0507393954715695,TAGCCTCGCTTGTGGGAGTCCCTGCCTCACGGATGCCGGCCTCCTGCCTCGGCCACCGCCCTCCTCTTCAAGGATGCTGTTTTGCCTCTGGTCGCTCTACCTTATCTTTTTTCTCCGCACTCCTGGACGTCTCTCGGACCTTTCGCTCTGACGGTGGCTTGAGCCTCGGCCGCCACTTCCGCCCCTGCTACTTCGGGGCC,be5979ae2a0fd634475c569b93adb6170e4cbb8c16fb6895c1f4897097e7f5d8,-0.645100447036843,0.3656058813070874,0.243494605935123,-412.1075401115231,-414.0405952301808,-409.7650101070758,-411.1151447512675,0.5829204744659364,-1.0,-0.3656058813070874,0.0,3,0.1826471056435391,0.18106719778262317,0.1474303780702046,0.05854811490064435,1.0
chr5:54521254:C:T;chr5:54521275:A:G;var1;middle;OL41|K562|d4b6816375084ca8,chr5:54521254:C:T;chr5:54521275:A:G;var1;middle;OL41,K562,K562_region_01744,100,121,21,CAAATGTAGAATCTGTATACTTAGACAAACATCCAATGAGAGCTGCTTGGGTTTTGTTACTTGCACAATAAACATGCTGGGGTAAGGGAGTGACCTAGGCCTCTGGGTCAGTTGGAAGATACTCAGGCATTATCTTTCCTTATTTGATCATCCAGATCTAAAAAGAACAATTAAATGTCCTCTGCAGTGCAGTGCCCACT,c1a6b848cc19a0de6def874f6fae3a2dceb1119e4a8ff40f4401ee7f9267c0d7,0.0,CAAATGTAGAATCTGTATACTTAGACAAACATCCAATGAGAGCTGCTTGGGTTTTGTTACTTGCACAATAAACATGCTGGGGTAAGGGAGTGACCTAGGTCTCTGGGTCAGTTGGAAGATACTCAGGCATTATCTTTCCTTATTTGATCATCCAGATCTAAAAAGAACAATTAAATGTCCTCTGCAGTGCAGTGCCCACT,3bb033303176fbc4d92d960296e4b52aa05065f8b51e761054538a4af1981a7f,0.10535577349855,CAAATGTAGAATCTGTATACTTAGACAAACATCCAATGAGAGCTGCTTGGGTTTTGTTACTTGCACAATAAACATGCTGGGGTAAGGGAGTGACCTAGGCCTCTGGGTCAGTTGGAAGATGCTCAGGCATTATCTTTCCTTATTTGATCATCCAGATCTAAAAAGAACAATTAAATGTCCTCTGCAGTGCAGTGCCCACT,f8aa78c7d7ce87b44f93dceae0c952f3f97dafa2e4e7270d62a321d86e3b5877,-0.307810052265328,CAAATGTAGAATCTGTATACTTAGACAAACATCCAATGAGAGCTGCTTGGGTTTTGTTACTTGCACAATAAACATGCTGGGGTAAGGGAGTGACCTAGGTCTCTGGGTCAGTTGGAAGATGCTCAGGCATTATCTTTCCTTATTTGATCATCCAGATCTAAAAAGAACAATTAAATGTCCTCTGCAGTGCAGTGCCCACT,d4b6816375084ca8bcef4b4255452902307f315efbb3a8b90eaae09e6fc344ce,-0.54743731347996,0.3449830347131821,0.249904315463374,-259.7610209286213,-260.18594124913216,-259.37441831827164,-259.7470289468765,-0.05230969190597534,1.0,0.3449830347131821,0.0,4,0.176134493053424,0.17620727786206916,0.145609630836647,0.21372885432966215,1.0
chr5:54529416:C:A;chr5:54529458:C:G;var1;middle;OL41|K562|7d3a1e9991f22bf2,chr5:54529416:C:A;chr5:54529458:C:G;var1;middle;OL41,K562,K562_region_01745,100,142,42,GGGCTCGAGGGGCTGGTGGGACAGGGGGTCACCATGATGCGGCCGGGTGGCCGCTTTACTACCTTCAACGCCCGGGCTGCGGCGGGCAGCAAACGCGCACTCGAAAGTGCGAAGGAGGCCGGGCTCAGAGGCTGGCGCGGTCCTAAGTACCCGGCCGGCTCCTTCTCTCTACCACACCCCCGGCCTCTCACTGGCTGAGC,8a2e7d933923d176223b61c0c808545c66766356dff581f2561ccacb45401d56,0.0,GGGCTCGAGGGGCTGGTGGGACAGGGGGTCACCATGATGCGGCCGGGTGGCCGCTTTACTACCTTCAACGCCCGGGCTGCGGCGGGCAGCAAACGCGCAATCGAAAGTGCGAAGGAGGCCGGGCTCAGAGGCTGGCGCGGTCCTAAGTACCCGGCCGGCTCCTTCTCTCTACCACACCCCCGGCCTCTCACTGGCTGAGC,77f525c6460673f46ca45ca6d9503d1142c19ced59cdcaa8cc7a4adf1c728e71,0.0151162440572721,GGGCTCGAGGGGCTGGTGGGACAGGGGGTCACCATGATGCGGCCGGGTGGCCGCTTTACTACCTTCAACGCCCGGGCTGCGGCGGGCAGCAAACGCGCACTCGAAAGTGCGAAGGAGGCCGGGCTCAGAGGCTGGCGCGGTGCTAAGTACCCGGCCGGCTCCTTCTCTCTACCACACCCCCGGCCTCTCACTGGCTGAGC,36594af39093d2bc11e71c5d043b6bf8652e63ea6f45059b35e02fb24d8d9e1a,0.158941145350376,GGGCTCGAGGGGCTGGTGGGACAGGGGGTCACCATGATGCGGCCGGGTGGCCGCTTTACTACCTTCAACGCCCGGGCTGCGGCGGGCAGCAAACGCGCAATCGAAAGTGCGAAGGAGGCCGGGCTCAGAGGCTGGCGCGGTGCTAAGTACCCGGCCGGCTCCTTCTCTCTACCACACCCCCGGCCTCTCACTGGCTGAGC,7d3a1e9991f22bf24e7af73ccb9c9d83025a586a21ccb142c50233bf9e541ea3,0.23734969454,-0.0632923051323518,0.196942862587626,-321.6974397399463,-315.9378551552072,-321.90810122387484,-317.70226391498,1.5537472758442163,1.0,-0.0632923051323518,0.0,4,0.17812505823691652,0.17620727786206916,0.145609630836647,0.04073879078869022,1.0
chr5:55860781:A:G;chr5:55860866:G:T;var1;middle;OL32|K562|34fe777fba968801,chr5:55860781:A:G;chr5:55860866:G:T;var1;middle;OL32,K562,K562_region_01746,100,185,85,ACTGCTCTCTTGTGGTTCAGGGAGAATGTAGATGGAAGGTGAGTTTTAAATGTACCGACGTCTTGCTTTTTCCAAAGTTGACTTGATCTCTCCCTTGAAATGCATATGCTAATATGACCCCTGGGAATTGTGCAAACCTACCAACACACCACAAGGTCAGCTGTTTAGACATTGTTGGGTTTCCGTAATGCTGAGAAAAT,7c4f0111712966f84978914e3c0e086d6f29dd3924531fc3a2e2b4db7806f9de,0.0,ACTGCTCTCTTGTGGTTCAGGGAGAATGTAGATGGAAGGTGAGTTTTAAATGTACCGACGTCTTGCTTTTTCCAAAGTTGACTTGATCTCTCCCTTGAAGTGCATATGCTAATATGACCCCTGGGAATTGTGCAAACCTACCAACACACCACAAGGTCAGCTGTTTAGACATTGTTGGGTTTCCGTAATGCTGAGAAAAT,d75f629fb928c30ed2a38590f5836a7a0de190d8d941ba24f23d0017b4b599e9,-0.37321086802268,ACTGCTCTCTTGTGGTTCAGGGAGAATGTAGATGGAAGGTGAGTTTTAAATGTACCGACGTCTTGCTTTTTCCAAAGTTGACTTGATCTCTCCCTTGAAATGCATATGCTAATATGACCCCTGGGAATTGTGCAAACCTACCAACACACCACAAGGTCAGCTGTTTAGACATTGTTGGGTTTCCTTAATGCTGAGAAAAT,eae71246b8630e3f0e5c1a8985a766344c15666ca66dd8cdf057f6b3d58f7c27,0.0258618406182622,ACTGCTCTCTTGTGGTTCAGGGAGAATGTAGATGGAAGGTGAGTTTTAAATGTACCGACGTCTTGCTTTTTCCAAAGTTGACTTGATCTCTCCCTTGAAGTGCATATGCTAATATGACCCCTGGGAATTGTGCAAACCTACCAACACACCACAAGGTCAGCTGTTTAGACATTGTTGGGTTTCCTTAATGCTGAGAAAAT,34fe777fba968801f46638e7f043a128fd26d0795bffdc7a002123b0d6d2f4dc,-0.57736719793757,0.2300181705331521,0.296501913676532,-389.9621063284576,-394.6050977408886,-307.00928853452206,-315.4995674453676,3.8472874984145164,1.0,0.2300181705331521,0.0,1,0.18627954336339805,0.18216460459877223,0.1501433469024087,0.2184415504957335,1.0
chr5:55861595:G:A;chr5:55861601:G:A;var1;middle;OL30|K562|85a40d15056c51e8,chr5:55861595:G:A;chr5:55861601:G:A;var1;middle;OL30,K562,K562_region_01747,100,106,6,TTGCATTCAGTGGGAGCTGGCAATCTTTCCACTCAGGTCTTGTTCCTTGACAAACACAGTGCAAAAACTGATGCTTAGGCTTTAAACTATGTGGAGCACGCCCAAGGCTACTTTGTAGAAAGCGAAGGTCTGTGCAATGACCTGCTCCCTGGAGCCCTTGTAATAGTTGTTGGGAAGGTCTCAGAGCCAGCAAAATGATC,f0d5ac466945866ff7a59b53eae664cc079220c89d5d201898ba2f2d442f8a10,0.0,TTGCATTCAGTGGGAGCTGGCAATCTTTCCACTCAGGTCTTGTTCCTTGACAAACACAGTGCAAAAACTGATGCTTAGGCTTTAAACTATGTGGAGCACACCCAAGGCTACTTTGTAGAAAGCGAAGGTCTGTGCAATGACCTGCTCCCTGGAGCCCTTGTAATAGTTGTTGGGAAGGTCTCAGAGCCAGCAAAATGATC,9e3b86ac2875a78eaeb1f083962c3c95fc2349d09727d3a8e61c399f05347537,-0.158830383831663,TTGCATTCAGTGGGAGCTGGCAATCTTTCCACTCAGGTCTTGTTCCTTGACAAACACAGTGCAAAAACTGATGCTTAGGCTTTAAACTATGTGGAGCACGCCCAAAGCTACTTTGTAGAAAGCGAAGGTCTGTGCAATGACCTGCTCCCTGGAGCCCTTGTAATAGTTGTTGGGAAGGTCTCAGAGCCAGCAAAATGATC,073c4d0650368e996e383c970f2b03db9c54e5515e8751deff6028bb858c1e6c,0.146293063677826,TTGCATTCAGTGGGAGCTGGCAATCTTTCCACTCAGGTCTTGTTCCTTGACAAACACAGTGCAAAAACTGATGCTTAGGCTTTAAACTATGTGGAGCACACCCAAAGCTACTTTGTAGAAAGCGAAGGTCTGTGCAATGACCTGCTCCCTGGAGCCCTTGTAATAGTTGTTGGGAAGGTCTCAGAGCCAGCAAAATGATC,85a40d15056c51e8eeec81f7077321230798b9099e3bb4b2e29c5831af884d56,0.114374251281682,0.126911571435519,0.183613779179832,-270.0017243027687,-264.7926912009716,-270.07562804222107,-263.58103436231613,1.2855605781078339,-1.0,-0.126911571435519,0.0,0,0.1874272131770353,0.18565657667894103,0.15145376406925343,0.20451519096897422,1.0
chr5:6705806:C:A;chr5:6705857:G:A;var1;middle;OL41|K562|d0166a1efcaa06ea,chr5:6705806:C:A;chr5:6705857:G:A;var1;middle;OL41,K562,K562_region_01730,100,151,51,CCAAGAGCAGAAAGCATGGAGCAGAAGCCATGGACTGATTCTTCCTTCAGTTAGAGGAAGCAACAGGAGAAGCAGAAGACTGAAAGAAAACTCCAGCTTCTTCAAGAAACACGGAGAAGGAACAGTGGACGGGTAGGATGCACAGAATAGGTACACGGCGCTGGTCCCTCTTGTAAGCATCTCATGGACATGCCTGCTTT,b756257286787d2ed6259d35c65617dc21dfcfa9e5df09b79b6e1f441fb72e11,0.0,CCAAGAGCAGAAAGCATGGAGCAGAAGCCATGGACTGATTCTTCCTTCAGTTAGAGGAAGCAACAGGAGAAGCAGAAGACTGAAAGAAAACTCCAGCTTATTCAAGAAACACGGAGAAGGAACAGTGGACGGGTAGGATGCACAGAATAGGTACACGGCGCTGGTCCCTCTTGTAAGCATCTCATGGACATGCCTGCTTT,32df6d269c236e5973a64a25dd689aea175fee26859276cf84870afa943f7ac4,0.23026731599649,CCAAGAGCAGAAAGCATGGAGCAGAAGCCATGGACTGATTCTTCCTTCAGTTAGAGGAAGCAACAGGAGAAGCAGAAGACTGAAAGAAAACTCCAGCTTCTTCAAGAAACACGGAGAAGGAACAGTGGACGGGTAGGATGCACAGAATAGATACACGGCGCTGGTCCCTCTTGTAAGCATCTCATGGACATGCCTGCTTT,4055441683cb81b42f9995f65070060a4981ef5db1944da2e6e853956319ee36,0.280721202901451,CCAAGAGCAGAAAGCATGGAGCAGAAGCCATGGACTGATTCTTCCTTCAGTTAGAGGAAGCAACAGGAGAAGCAGAAGACTGAAAGAAAACTCCAGCTTATTCAAGAAACACGGAGAAGGAACAGTGGACGGGTAGGATGCACAGAATAGATACACGGCGCTGGTCCCTCTTGTAAGCATCTCATGGACATGCCTGCTTT,d0166a1efcaa06eac18224963f8f12d34bc44c2e10d3af891f6cc28d4592b3f4,0.351802024891749,0.1591864940061919,0.286872157449269,-333.5281217871234,-344.5587682621553,-336.31204313552007,-348.04255252098665,0.6998629104346037,1.0,0.1591864940061919,0.0,3,0.18288264939207993,0.18106719778262317,0.1474303780702046,0.18667554054762087,1.0
chr5:68043894:A:G;chr5:68043900:C:T;var1;middle;OL28|K562|5b44d905f07b2d5e,chr5:68043894:A:G;chr5:68043900:C:T;var1;middle;OL28,K562,K562_region_01748,100,106,6,GGATTTGACTGCATAAAAGAAGTGCCTTATGAAAGCACTACTTATTCCAAAATAAAAACCCACCTATTCGGCAAGAGGCTACCGGCAGGCCCAGAGAGGAAAAACCCTTAGGGACTTCACTGTCAGTGGTTTCCCCAGAGCCTCTGTGCACCCTCAGTATTTAAGAACTGAGTTAAGGGCAAAAAAAAAAAAAAAAAATC,d959454bb2b5678fcb485f412b0f044081b6d812777e04bb7e1cb440328d54df,0.0,GGATTTGACTGCATAAAAGAAGTGCCTTATGAAAGCACTACTTATTCCAAAATAAAAACCCACCTATTCGGCAAGAGGCTACCGGCAGGCCCAGAGAGGGAAAACCCTTAGGGACTTCACTGTCAGTGGTTTCCCCAGAGCCTCTGTGCACCCTCAGTATTTAAGAACTGAGTTAAGGGCAAAAAAAAAAAAAAAAAATC,036d93b2608b4703240497e287fa239dd304f2aee869c334e251ffc91b759669,0.150402799086511,GGATTTGACTGCATAAAAGAAGTGCCTTATGAAAGCACTACTTATTCCAAAATAAAAACCCACCTATTCGGCAAGAGGCTACCGGCAGGCCCAGAGAGGAAAAACTCTTAGGGACTTCACTGTCAGTGGTTTCCCCAGAGCCTCTGTGCACCCTCAGTATTTAAGAACTGAGTTAAGGGCAAAAAAAAAAAAAAAAAATC,df498c786f1c7c26793bbbd27df1e0f07bd1735ba6938faa3eec5d7986903d0b,0.313750030504312,GGATTTGACTGCATAAAAGAAGTGCCTTATGAAAGCACTACTTATTCCAAAATAAAAACCCACCTATTCGGCAAGAGGCTACCGGCAGGCCCAGAGAGGGAAAACTCTTAGGGACTTCACTGTCAGTGGTTTCCCCAGAGCCTCTGTGCACCCTCAGTATTTAAGAACTGAGTTAAGGGCAAAAAAAAAAAAAAAAAATC,5b44d905f07b2d5e5825eed5cf5112ffb1be6fb616b69db99d22089785d93d69,0.113055181939582,0.3510976476512409,0.187879514416749,-281.4133424097672,-271.03024868830107,-282.6957306007389,-272.25369851803407,-0.05893836123868823,1.0,0.3510976476512409,0.0,2,0.17510864935082635,0.17490732828716207,0.146091925319964,0.14354321168577086,1.0
chr5:7290434:T:A;chr5:7290436:A:T;var1;middle;OL32|K562|7b2614f048563c4e,chr5:7290434:T:A;chr5:7290436:A:T;var1;middle;OL32,K562,K562_region_01731,100,102,2,CACTTTGGGAGGCCGAGGTGGGCGGATCACGAGGTCAGGATATCGAGATCATCCTGGCTAACACGGCGAAACGCTGTCTCTACTAAAAATACAAAAAAATTAGCTGGGCGTGGTGGCGGGCGCCTGCAGTCCCAGCTACTCGGGAGGCTGAGGCAGGACAATGGTGTGAACTCGGGAGGTGGAGCTTGCAGTGAGCTGAG,f871b34567b672b973e7ac8d99a0491416e87c4a13026202a52732eb9b3b00d6,0.0,CACTTTGGGAGGCCGAGGTGGGCGGATCACGAGGTCAGGATATCGAGATCATCCTGGCTAACACGGCGAAACGCTGTCTCTACTAAAAATACAAAAAAAATAGCTGGGCGTGGTGGCGGGCGCCTGCAGTCCCAGCTACTCGGGAGGCTGAGGCAGGACAATGGTGTGAACTCGGGAGGTGGAGCTTGCAGTGAGCTGAG,cbb40681674757c1473f96a39a3a6076deae1c1e3676e9b1035b0c2ad9f40a20,0.294542959566166,CACTTTGGGAGGCCGAGGTGGGCGGATCACGAGGTCAGGATATCGAGATCATCCTGGCTAACACGGCGAAACGCTGTCTCTACTAAAAATACAAAAAAATTTGCTGGGCGTGGTGGCGGGCGCCTGCAGTCCCAGCTACTCGGGAGGCTGAGGCAGGACAATGGTGTGAACTCGGGAGGTGGAGCTTGCAGTGAGCTGAG,61f2615d60abb0eb555bbaadac0af17ff26b92419aa43ad3392e38fec1f89f22,0.242526674755194,CACTTTGGGAGGCCGAGGTGGGCGGATCACGAGGTCAGGATATCGAGATCATCCTGGCTAACACGGCGAAACGCTGTCTCTACTAAAAATACAAAAAAAATTGCTGGGCGTGGTGGCGGGCGCCTGCAGTCCCAGCTACTCGGGAGGCTGAGGCAGGACAATGGTGTGAACTCGGGAGGTGGAGCTTGCAGTGAGCTGAG,7b2614f048563c4e578c5e7129f82b5bcb360135f8f275f4e6af541842fbbaa3,0.162490810938148,0.374578823383212,0.335410412701883,-58.00716592743993,-61.792925958056,-63.371862368658185,-64.6734781358391,-2.484144263435155,1.0,0.374578823383212,0.0,4,0.17312044976149737,0.17620727786206916,0.145609630836647,0.12066716913156916,1.0
chr5:74344465:T:C;chr5:74344492:A:G;var1;middle;OL41|K562|ec46d36437b78fc7,chr5:74344465:T:C;chr5:74344492:A:G;var1;middle;OL41,K562,K562_region_01749,100,127,27,TGCAGCAAAACAAAAACAAAACCAAAACCATCGTGCTCCTGGACAGCATGCGAACCACAAAGCTGCAGAATGCGAAAGCTGAATGCAGGCTGCAAATCCTTGTTTCTATGAATAGTACCACCCAAAAAGGAAAGCATTTCCACAGTTTAGACCTTGGGACTAAGGAAGGGACCAACCCACTCTGCTCTGTACTGAGCAGA,f74e80fe5819d73f7d05d49e0df798750cc29b31460f48c46927bf85576be061,0.0,TGCAGCAAAACAAAAACAAAACCAAAACCATCGTGCTCCTGGACAGCATGCGAACCACAAAGCTGCAGAATGCGAAAGCTGAATGCAGGCTGCAAATCCCTGTTTCTATGAATAGTACCACCCAAAAAGGAAAGCATTTCCACAGTTTAGACCTTGGGACTAAGGAAGGGACCAACCCACTCTGCTCTGTACTGAGCAGA,de3e952538e8647958ad2be85804f8e3e0d8726dcb376c2b6257411e8a9a503a,0.139071072881814,TGCAGCAAAACAAAAACAAAACCAAAACCATCGTGCTCCTGGACAGCATGCGAACCACAAAGCTGCAGAATGCGAAAGCTGAATGCAGGCTGCAAATCCTTGTTTCTATGAATAGTACCACCCAAAGAGGAAAGCATTTCCACAGTTTAGACCTTGGGACTAAGGAAGGGACCAACCCACTCTGCTCTGTACTGAGCAGA,e882920ee964c748c5e12d34454d32314f8ffad814e6b0708d92f81769ca66f2,-0.188570518593328,TGCAGCAAAACAAAAACAAAACCAAAACCATCGTGCTCCTGGACAGCATGCGAACCACAAAGCTGCAGAATGCGAAAGCTGAATGCAGGCTGCAAATCCCTGTTTCTATGAATAGTACCACCCAAAGAGGAAAGCATTTCCACAGTTTAGACCTTGGGACTAAGGAAGGGACCAACCCACTCTGCTCTGTACTGAGCAGA,ec46d36437b78fc784be6223e36fc2f8dd0398671c884fa7f6c7af3737ecd4c0,-0.162417970982186,-0.112918525270672,0.275448502715334,-349.50694384844974,-352.2207535812631,-347.6878281983081,-349.91688597458415,0.4847519565373659,-1.0,0.112918525270672,0.0,0,0.18639866387023135,0.18565657667894103,0.15145376406925343,0.32982660902150096,1.0
chr5:76722816:A:G;chr5:76722895:A:G;var1;middle;OL41|K562|6bc21feec5620de1,chr5:76722816:A:G;chr5:76722895:A:G;var1;middle;OL41,K562,K562_region_01750,100,179,79,TCTCCCAGGATGGTGACTAAGTAGCTTAGCTAGTGATCAGCTCATCCTTTACCATAAAAGTCATCATTGCTGTTTAGCTTGACTGTTTTCCTCAAGAACATCGATCTGAAGGATTCATAAGGAGCTTATCTGAACAGATTTATCTAAGAAAAAAAAAAAACGACATAAAATAAGTGAAACAACTAGGACCAAATTACAGA,d3b8cdcf3782af5f7be5c3afc9db5c163bf438d62045ad5bbd5ceea5e18ff7ba,0.0,TCTCCCAGGATGGTGACTAAGTAGCTTAGCTAGTGATCAGCTCATCCTTTACCATAAAAGTCATCATTGCTGTTTAGCTTGACTGTTTTCCTCAAGAACGTCGATCTGAAGGATTCATAAGGAGCTTATCTGAACAGATTTATCTAAGAAAAAAAAAAAACGACATAAAATAAGTGAAACAACTAGGACCAAATTACAGA,7c823f3a28fbf730200442453f3e10b98c443fac6fcb2d4c377a70302ed8ca66,-0.190402787339653,TCTCCCAGGATGGTGACTAAGTAGCTTAGCTAGTGATCAGCTCATCCTTTACCATAAAAGTCATCATTGCTGTTTAGCTTGACTGTTTTCCTCAAGAACATCGATCTGAAGGATTCATAAGGAGCTTATCTGAACAGATTTATCTAAGAAAAAAAAAAAACGACATAAAATAAGTGAAGCAACTAGGACCAAATTACAGA,7a8721813334b07b5fb008eb676875a97c2aa8ecbcf4104f036cb31bf59297fc,-0.339010237232488,TCTCCCAGGATGGTGACTAAGTAGCTTAGCTAGTGATCAGCTCATCCTTTACCATAAAAGTCATCATTGCTGTTTAGCTTGACTGTTTTCCTCAAGAACGTCGATCTGAAGGATTCATAAGGAGCTTATCTGAACAGATTTATCTAAGAAAAAAAAAAAACGACATAAAATAAGTGAAGCAACTAGGACCAAATTACAGA,6bc21feec5620de1969ccdb3132760a8f9133d5de73f3a22d996ddb0fe8eeedc,-0.0126724347575788,0.5167405898145622,0.410201186839817,-261.00151421129704,-269.75519143696874,-267.63081910274923,-277.0789962960407,-0.6944999676197767,-1.0,-0.5167405898145622,0.0,4,0.17533855515727073,0.17620727786206916,0.145609630836647,0.2533791860250426,1.0
chr5:77811561:G:T;chr5:77811638:G:A;var1;middle;OL30|K562|06817d3cc2afe3af,chr5:77811561:G:T;chr5:77811638:G:A;var1;middle;OL30,K562,K562_region_01751,100,177,77,CCATCTCCCAGAGGAGAATGACAGCTACCTGTTTTAAAAAGTACATTCCTGGTCCCCAACCAACCACTGAATCAAACTTTTTGGATGGTGCCAGAATCTGCATTTCTAACAAGTTCCTAGGAGAGCCTTTCACAGAAAGGCCACTGTGAGGCAGCGTGGAAAAGGTCAGTTCCTTGGTATTGGGGAGGGGAGGCTGAAGG,a9beaca616e6ab1011b57c0dd8847ada869650d95e0d738d3301627e0885d5ad,0.0,CCATCTCCCAGAGGAGAATGACAGCTACCTGTTTTAAAAAGTACATTCCTGGTCCCCAACCAACCACTGAATCAAACTTTTTGGATGGTGCCAGAATCTTCATTTCTAACAAGTTCCTAGGAGAGCCTTTCACAGAAAGGCCACTGTGAGGCAGCGTGGAAAAGGTCAGTTCCTTGGTATTGGGGAGGGGAGGCTGAAGG,0599bad927283ea503767db10245b6c2ce4c3fa3c598c9fb8f42c79bb946d134,-0.325271463254172,CCATCTCCCAGAGGAGAATGACAGCTACCTGTTTTAAAAAGTACATTCCTGGTCCCCAACCAACCACTGAATCAAACTTTTTGGATGGTGCCAGAATCTGCATTTCTAACAAGTTCCTAGGAGAGCCTTTCACAGAAAGGCCACTGTGAGGCAGCGTGGAAAAGGTCAGTTCCTTGATATTGGGGAGGGGAGGCTGAAGG,8c57a8051332e910e81f30cbc8d40e20d5f98c1bc8880ae2c5886a7f24daa068,0.15360039522462,CCATCTCCCAGAGGAGAATGACAGCTACCTGTTTTAAAAAGTACATTCCTGGTCCCCAACCAACCACTGAATCAAACTTTTTGGATGGTGCCAGAATCTTCATTTCTAACAAGTTCCTAGGAGAGCCTTTCACAGAAAGGCCACTGTGAGGCAGCGTGGAAAAGGTCAGTTCCTTGATATTGGGGAGGGGAGGCTGAAGG,06817d3cc2afe3af1f6f6c3badbbcf4225f8c6bfb3fac58f5ea53b9baceee5e3,-0.108981160989049,0.062689907040503,0.131487148107424,-272.6435621250421,-285.23642577044666,-224.52823150530452,-255.973365617916,-18.852270467206893,-1.0,-0.062689907040503,0.0,1,0.16318410806844283,0.18216460459877223,0.1501433469024087,0.26895649871331717,1.0
chr5:80256909:T:C;chr5:80256973:T:G;var1;middle;OL41|K562|97e2fc16ffdf157d,chr5:80256909:T:C;chr5:80256973:T:G;var1;middle;OL41,K562,K562_region_01752,100,164,64,GGGCAGGGAGGCGTCCGAGACGCGCTGGACAAGCAGGTACCGCGCGCCTTCTCTCCGCGGTCTCCCAGCCTTGATCGCCGCACTCCCTTGCCGTCCTAATCCGGGGATCAGGGGTCGGGGGTCGTGAAAGAGTGCGGGGACTATGCTCCGAAATCCCCCCGCGTCACCAGTGGCGGGACATCTCCACGCTCCTTCCGATC,16dc85fff8b5d4d52ef09354c5ea7da46fc8abdec72062610fad7bb77bc2849c,0.0,GGGCAGGGAGGCGTCCGAGACGCGCTGGACAAGCAGGTACCGCGCGCCTTCTCTCCGCGGTCTCCCAGCCTTGATCGCCGCACTCCCTTGCCGTCCTAACCCGGGGATCAGGGGTCGGGGGTCGTGAAAGAGTGCGGGGACTATGCTCCGAAATCCCCCCGCGTCACCAGTGGCGGGACATCTCCACGCTCCTTCCGATC,711c3468f37429713416ed4d1fa36a9c32e5b14161bd4c62cd3d15f168dce5da,-0.354273230223037,GGGCAGGGAGGCGTCCGAGACGCGCTGGACAAGCAGGTACCGCGCGCCTTCTCTCCGCGGTCTCCCAGCCTTGATCGCCGCACTCCCTTGCCGTCCTAATCCGGGGATCAGGGGTCGGGGGTCGTGAAAGAGTGCGGGGACTATGCTCCGAAATCCCCCCGCGGCACCAGTGGCGGGACATCTCCACGCTCCTTCCGATC,d6407921020a73b740a3856a1c7e92a59f98ca4b83b9aa97ade1f8fda013200f,-0.0598664581200992,GGGCAGGGAGGCGTCCGAGACGCGCTGGACAAGCAGGTACCGCGCGCCTTCTCTCCGCGGTCTCCCAGCCTTGATCGCCGCACTCCCTTGCCGTCCTAACCCGGGGATCAGGGGTCGGGGGTCGTGAAAGAGTGCGGGGACTATGCTCCGAAATCCCCCCGCGGCACCAGTGGCGGGACATCTCCACGCTCCTTCCGATC,97e2fc16ffdf157da5de1b890decdf9501285de80d6b7ee27c5a66e0ec35397b,0.156565581484518,0.5707052698276542,0.412344031927781,-268.70218609273434,-266.7135361135006,-273.5412392765284,-275.1043319180608,-3.551742620766163,-1.0,-0.5707052698276542,0.0,2,0.17002284394937936,0.17490732828716207,0.146091925319964,0.07010439576644915,1.0
chr5:80599928:T:G;chr5:80600006:G:A;var1;middle;OL41|K562|25512a4e3852f205,chr5:80599928:T:G;chr5:80600006:G:A;var1;middle;OL41,K562,K562_region_01753,100,178,78,TAAAATGAAAAGTTATTTCTGAATATTAAAGCATATGTATTAAGAGTATAAAAACAAGATACAGATTTTGGTGTGAAATATATCTTATGATTCAAGTCATAATTTAAATAGAATTGAAGATGATGTGAAATCACTGGGCTGGAAGTAGCTTATACCTTGATTAGTAAGAGGAAGCCCGGGATCATCCTGTGATGGTAAAC,772825be6f3e9789b4f95741cfaa54f33850a1430c49ed3ac350f33e6a3d515b,0.0,TAAAATGAAAAGTTATTTCTGAATATTAAAGCATATGTATTAAGAGTATAAAAACAAGATACAGATTTTGGTGTGAAATATATCTTATGATTCAAGTCAGAATTTAAATAGAATTGAAGATGATGTGAAATCACTGGGCTGGAAGTAGCTTATACCTTGATTAGTAAGAGGAAGCCCGGGATCATCCTGTGATGGTAAAC,ecf8f37fcbc03ff9568d9bdc54340a3fc95c71db9c6428208db17d526d18d1b4,-0.019625422393234,TAAAATGAAAAGTTATTTCTGAATATTAAAGCATATGTATTAAGAGTATAAAAACAAGATACAGATTTTGGTGTGAAATATATCTTATGATTCAAGTCATAATTTAAATAGAATTGAAGATGATGTGAAATCACTGGGCTGGAAGTAGCTTATACCTTGATTAGTAAGAGGAAGCCCAGGATCATCCTGTGATGGTAAAC,fc52a35804a8c2885c85cb60ed9cd8d5a7a8255780f93e51cf64cc8e666bd520,0.0972896080979189,TAAAATGAAAAGTTATTTCTGAATATTAAAGCATATGTATTAAGAGTATAAAAACAAGATACAGATTTTGGTGTGAAATATATCTTATGATTCAAGTCAGAATTTAAATAGAATTGAAGATGATGTGAAATCACTGGGCTGGAAGTAGCTTATACCTTGATTAGTAAGAGGAAGCCCAGGATCATCCTGTGATGGTAAAC,25512a4e3852f20587e7153e1945c30156513efc4fbc62ea36978a46df553302,-0.138172023046038,0.2158362087507229,0.56955226558445,-364.7335098823533,-356.83966430369765,-347.0162990144454,-338.1123720454052,-1.0100813903845278,1.0,0.2158362087507229,0.0,0,0.18447871725458587,0.18565657667894103,0.15145376406925343,-0.010285156912099358,1.0
chr5:81586801:G:A;chr5:81586829:C:G;var1;middle;OL41|K562|409f22dc8c0852db,chr5:81586801:G:A;chr5:81586829:C:G;var1;middle;OL41,K562,K562_region_01754,100,128,28,ATAGACATAGTATCTACCCTCATGGAGCGTGCCTTGTGATGAAGAAACAGCATCAATAAGTACATGAGAAAATAAATCTCTCAGTGCAAATTGTGATATGTGTTATGATGAAAGTGAATAGAATACACGGAGAGCTAGAGAGGTGTGAGGTGACTTCACAGAGAGAATAGTATGTGCAAGGTCACTTGGGTGCAATGGAG,673fc81325fc93f2898eaed35e795246234a15e74cebf5ab62bcfde7394fb3c0,0.0,ATAGACATAGTATCTACCCTCATGGAGCGTGCCTTGTGATGAAGAAACAGCATCAATAAGTACATGAGAAAATAAATCTCTCAGTGCAAATTGTGATATATGTTATGATGAAAGTGAATAGAATACACGGAGAGCTAGAGAGGTGTGAGGTGACTTCACAGAGAGAATAGTATGTGCAAGGTCACTTGGGTGCAATGGAG,d7072e59d034a184a22f8cc322858a8504ac09d7b80935f1b89fae73bf9762c7,0.0453897289528778,ATAGACATAGTATCTACCCTCATGGAGCGTGCCTTGTGATGAAGAAACAGCATCAATAAGTACATGAGAAAATAAATCTCTCAGTGCAAATTGTGATATGTGTTATGATGAAAGTGAATAGAATACAGGGAGAGCTAGAGAGGTGTGAGGTGACTTCACAGAGAGAATAGTATGTGCAAGGTCACTTGGGTGCAATGGAG,79b8869ec3f912a9df22ac7e4f5c0b02ca1b3597af447d354b2154550824b338,-0.0243392458081625,ATAGACATAGTATCTACCCTCATGGAGCGTGCCTTGTGATGAAGAAACAGCATCAATAAGTACATGAGAAAATAAATCTCTCAGTGCAAATTGTGATATATGTTATGATGAAAGTGAATAGAATACAGGGAGAGCTAGAGAGGTGTGAGGTGACTTCACAGAGAGAATAGTATGTGCAAGGTCACTTGGGTGCAATGGAG,409f22dc8c0852db5c9ded4df159798506c1fddc1ef9a14297ea1547de1502f9,-0.118387749695173,0.1394382328398883,0.373846597375295,-319.74712818628177,-341.6374292513356,-295.67872908199206,-306.7883458696306,-10.780684277415276,1.0,0.1394382328398883,0.0,2,0.15949692042422164,0.17490732828716207,0.146091925319964,0.10948626595202277,1.0
chr5:82815158:A:G;chr5:82815170:A:G;var1;middle;OL29|K562|d074f7fe9b5f889d,chr5:82815158:A:G;chr5:82815170:A:G;var1;middle;OL29,K562,K562_region_01755,100,112,12,CCACCCAAAAATACTCCCTACAAAATACTCAGGAGCACTTAACAAACACTGGGCATACAAGTTTTTATTAGTGACTTGTCTAATCAACTCTTTGAAATTATTTTTCTAGCTAAAGAGGCTACAACCATCGATTTGAGTATCCTCGCAGAAACTGCATCACCCAGTTTATCCAAAGAACCACAAATGGTTTCTGATAGAAC,c92ad68cbc2d7ffff6a89f165809f306c11528763c0d721bdf2a41f8e7b0be68,0.0,CCACCCAAAAATACTCCCTACAAAATACTCAGGAGCACTTAACAAACACTGGGCATACAAGTTTTTATTAGTGACTTGTCTAATCAACTCTTTGAAATTGTTTTTCTAGCTAAAGAGGCTACAACCATCGATTTGAGTATCCTCGCAGAAACTGCATCACCCAGTTTATCCAAAGAACCACAAATGGTTTCTGATAGAAC,b71fa7e07d5df8001928fd8a165ea6b61d3a58bd8e004eaae0a5addf6150b199,0.374695343215689,CCACCCAAAAATACTCCCTACAAAATACTCAGGAGCACTTAACAAACACTGGGCATACAAGTTTTTATTAGTGACTTGTCTAATCAACTCTTTGAAATTATTTTTCTAGCTGAAGAGGCTACAACCATCGATTTGAGTATCCTCGCAGAAACTGCATCACCCAGTTTATCCAAAGAACCACAAATGGTTTCTGATAGAAC,5345b49ee5ecce4bee8866eca1c7a1393d8608320d80817e31babad1c278c851,0.329527341060167,CCACCCAAAAATACTCCCTACAAAATACTCAGGAGCACTTAACAAACACTGGGCATACAAGTTTTTATTAGTGACTTGTCTAATCAACTCTTTGAAATTGTTTTTCTAGCTGAAGAGGCTACAACCATCGATTTGAGTATCCTCGCAGAAACTGCATCACCCAGTTTATCCAAAGAACCACAAATGGTTTCTGATAGAAC,d074f7fe9b5f889df208b704105ad3325405809d4ffc75e5c022e35178f482a9,0.66415973349886,0.0400629507769959,0.169904010157214,-380.7374937897548,-379.76384720299393,-381.79544371319935,-381.6695175885689,0.8477204621304395,1.0,0.0400629507769959,0.0,2,0.17642881790266615,0.17490732828716207,0.146091925319964,0.2554575117355271,1.0
chr5:87969929:T:A;chr5:87969937:T:C;var1;middle;OL29|K562|4ffa5aecc34d02a3,chr5:87969929:T:A;chr5:87969937:T:C;var1;middle;OL29,K562,K562_region_01756,100,108,8,GCATTCTAAAGAATTTTATTCTCTAAACTCTAGAGGTATTCTAAATGTACCAGGGACGCGCCATAGGGGTCATCTATTTGAGGAGGAAGAAAAAGCGGGTGTGTGTGTGTGTGTGTGTGTGTGTGTGTGTGCGCGCGCGCGCGCGCGTCTGCCTTCCACGGAAAGAGAGACGGAGAGATGTGGGAGGGTGGGGGTGGAAG,b61a8e4e5eba00d34f11f5ee6a42c9317c0cdf269d654bb5a516117ae473195c,0.0,GCATTCTAAAGAATTTTATTCTCTAAACTCTAGAGGTATTCTAAATGTACCAGGGACGCGCCATAGGGGTCATCTATTTGAGGAGGAAGAAAAAGCGGGAGTGTGTGTGTGTGTGTGTGTGTGTGTGTGTGCGCGCGCGCGCGCGCGTCTGCCTTCCACGGAAAGAGAGACGGAGAGATGTGGGAGGGTGGGGGTGGAAG,8174acf899f1a60067ec21c9bed7b1f6d7329c9d97af0006e27dc621a1638f7c,0.0149274200465777,GCATTCTAAAGAATTTTATTCTCTAAACTCTAGAGGTATTCTAAATGTACCAGGGACGCGCCATAGGGGTCATCTATTTGAGGAGGAAGAAAAAGCGGGTGTGTGTGCGTGTGTGTGTGTGTGTGTGTGTGCGCGCGCGCGCGCGCGTCTGCCTTCCACGGAAAGAGAGACGGAGAGATGTGGGAGGGTGGGGGTGGAAG,0ea13d8d56423fb69441cac9d65d51708d0bb08768ce3008ce96bf5453172738,-0.112487999497558,GCATTCTAAAGAATTTTATTCTCTAAACTCTAGAGGTATTCTAAATGTACCAGGGACGCGCCATAGGGGTCATCTATTTGAGGAGGAAGAAAAAGCGGGAGTGTGTGCGTGTGTGTGTGTGTGTGTGTGTGCGCGCGCGCGCGCGCGTCTGCCTTCCACGGAAAGAGAGACGGAGAGATGTGGGAGGGTGGGGGTGGAAG,4ffa5aecc34d02a3ea1883779f81ca44a4e25ed831691f809b1c17391ea829f2,-0.169072466598483,0.0715118871475026,0.154049853136669,-250.6709308747668,-268.7845071045449,-256.9427286759019,-273.6922625983134,-1.364042307366617,1.0,0.0715118871475026,0.0,3,0.17872556161118103,0.18106719778262317,0.1474303780702046,0.22635378902200834,1.0
chr5:95144722:T:C;chr5:95144746:T:A;var1;middle;OL41|K562|66a2534ddd1ce006,chr5:95144722:T:C;chr5:95144746:T:A;var1;middle;OL41,K562,K562_region_01757,100,124,24,TTCTGTGCCGTCATTGGCTCTCCTAGTTCCCCTCTCTCTCCTACCTTCAGCTCTGCACAGCTCACCAGAAAAGTCGCCTGGAGACAGGAAGTATAAACTTGTGCATAAATATAGACCCATTTTTAAATATCCCTTGTGCTTAAAGGGACCAGGCCAGAATTCTCTTCCCCTAATGAGCAGGATTAAATTCTTCCCCTTCA,efa9b01ae06025c0fbe4f9f9175654896edcc8343775b46def014b1e833ab94b,0.0,TTCTGTGCCGTCATTGGCTCTCCTAGTTCCCCTCTCTCTCCTACCTTCAGCTCTGCACAGCTCACCAGAAAAGTCGCCTGGAGACAGGAAGTATAAACTCGTGCATAAATATAGACCCATTTTTAAATATCCCTTGTGCTTAAAGGGACCAGGCCAGAATTCTCTTCCCCTAATGAGCAGGATTAAATTCTTCCCCTTCA,51a98f35f3f1e3fb5cb864f2ea20a96bf1a1942f3c413c11f2a739c269e9fa3e,-0.095391961831963,TTCTGTGCCGTCATTGGCTCTCCTAGTTCCCCTCTCTCTCCTACCTTCAGCTCTGCACAGCTCACCAGAAAAGTCGCCTGGAGACAGGAAGTATAAACTTGTGCATAAATATAGACCCATTTTAAAATATCCCTTGTGCTTAAAGGGACCAGGCCAGAATTCTCTTCCCCTAATGAGCAGGATTAAATTCTTCCCCTTCA,c0f8542c70881ee8153f1edaab6b4ecc594542583a83dde9176ed9db0264417d,-0.351998851986935,TTCTGTGCCGTCATTGGCTCTCCTAGTTCCCCTCTCTCTCCTACCTTCAGCTCTGCACAGCTCACCAGAAAAGTCGCCTGGAGACAGGAAGTATAAACTCGTGCATAAATATAGACCCATTTTAAAATATCCCTTGTGCTTAAAGGGACCAGGCCAGAATTCTCTTCCCCTAATGAGCAGGATTAAATTCTTCCCCTTCA,66a2534ddd1ce006044222c9d1160c35c119c4c7cb7d930d0f94294d24278a77,0.137825080996091,0.585215894814989,0.290200166101089,-359.57502328557894,-370.2472934664693,-360.5919292746112,-371.3365577366203,-0.07235828111879528,-1.0,-0.585215894814989,0.0,2,0.175089108862456,0.17490732828716207,0.146091925319964,0.36758658037116027,1.0
chr5:95163437:A:G;chr5:95163449:G:A;var1;middle;OL31|K562|d6db50912a99c8d3,chr5:95163437:A:G;chr5:95163449:G:A;var1;middle;OL31,K562,K562_region_01758,100,112,12,CACATGTCATTGTTCCTTTGTATTAATTTTCTGTCATCTACAGTGAGTTCCTTGAGGGCAGGGAAAGGGCTTTTTATCTCTGCATTACCAGAGCCCAACAGATACACACTGGTTCTTATCCATCCACCCATTCATCCAACAAACATTTATTAATCAACTACTCTCAGCCAAACACAAACATCCATCATACAGCCCCAGGT,2e60bafabfb60bcf1aab65fc0e2fa8e6f299efeb42ae4be6f6a9bd4502bb8eb4,0.0,CACATGTCATTGTTCCTTTGTATTAATTTTCTGTCATCTACAGTGAGTTCCTTGAGGGCAGGGAAAGGGCTTTTTATCTCTGCATTACCAGAGCCCAACGGATACACACTGGTTCTTATCCATCCACCCATTCATCCAACAAACATTTATTAATCAACTACTCTCAGCCAAACACAAACATCCATCATACAGCCCCAGGT,643fca03e9c11d0fd73c756310a07f5444d01525fd5acf70edc43d4363a79987,1.25763924393816,CACATGTCATTGTTCCTTTGTATTAATTTTCTGTCATCTACAGTGAGTTCCTTGAGGGCAGGGAAAGGGCTTTTTATCTCTGCATTACCAGAGCCCAACAGATACACACTGATTCTTATCCATCCACCCATTCATCCAACAAACATTTATTAATCAACTACTCTCAGCCAAACACAAACATCCATCATACAGCCCCAGGT,bf875c0026a0cc28f6a20e73469475c15fa4b33b4ad9e7f2f70e1c2f37c735af,-1.66886827910441,CACATGTCATTGTTCCTTTGTATTAATTTTCTGTCATCTACAGTGAGTTCCTTGAGGGCAGGGAAAGGGCTTTTTATCTCTGCATTACCAGAGCCCAACGGATACACACTGATTCTTATCCATCCACCCATTCATCCAACAAACATTTATTAATCAACTACTCTCAGCCAAACACAAACATCCATCATACAGCCCCAGGT,d6db50912a99c8d3cad00ea981ee986c90cb654e3432532521c3b8f312e6c4e6,-0.296289159918378,0.1149398752478719,0.382275271584202,-199.8895503878593,-206.5498521886766,-199.62118902429933,-207.17696056887507,-0.89546974375844,-1.0,-0.1149398752478719,0.0,1,0.18145407305370398,0.18216460459877223,0.1501433469024087,0.1755374325096024,1.0
chr5:95170683:C:T;chr5:95170719:C:T;var1;middle;OL41|K562|e77d7e8586b634eb,chr5:95170683:C:T;chr5:95170719:C:T;var1;middle;OL41,K562,K562_region_01759,100,136,36,CACCATGTTGGCCAGGACGGTCTGGATCTGCATGCGGGCCACACAGAAGCCCGCCGCCGAGGGGTTTCGGAGGTGGATACTCTCGTCAGCCGGTTGCTACCGTAGGCGAAGTACAGAAAAATGTCCTCATCCGGGCCCGGGACGTCCCTGCAGCCCAAGTTCGCCATGTCCCACTGCTGCCTGCACGGGAGCCTGGAGCA,2527a958807621bdc95c7e76c5e700b3bf32f2a8dcfad6274854237291894ee4,0.0,CACCATGTTGGCCAGGACGGTCTGGATCTGCATGCGGGCCACACAGAAGCCCGCCGCCGAGGGGTTTCGGAGGTGGATACTCTCGTCAGCCGGTTGCTATCGTAGGCGAAGTACAGAAAAATGTCCTCATCCGGGCCCGGGACGTCCCTGCAGCCCAAGTTCGCCATGTCCCACTGCTGCCTGCACGGGAGCCTGGAGCA,bf5f990c4e079ea32f70f724ab20df7b4042ac55fa40f4b67b5cd9946ad629d1,0.0657853905419407,CACCATGTTGGCCAGGACGGTCTGGATCTGCATGCGGGCCACACAGAAGCCCGCCGCCGAGGGGTTTCGGAGGTGGATACTCTCGTCAGCCGGTTGCTACCGTAGGCGAAGTACAGAAAAATGTCCTCATCCGGGTCCGGGACGTCCCTGCAGCCCAAGTTCGCCATGTCCCACTGCTGCCTGCACGGGAGCCTGGAGCA,fbae06a9a9aee582ad797662c89d4dc09ac1c429047837013a8c727bff5b8142,0.0622855678788723,CACCATGTTGGCCAGGACGGTCTGGATCTGCATGCGGGCCACACAGAAGCCCGCCGCCGAGGGGTTTCGGAGGTGGATACTCTCGTCAGCCGGTTGCTATCGTAGGCGAAGTACAGAAAAATGTCCTCATCCGGGTCCGGGACGTCCCTGCAGCCCAAGTTCGCCATGTCCCACTGCTGCCTGCACGGGAGCCTGGAGCA,e77d7e8586b634eb5dac623f8eac104fdb9e94aa8bd9a8907e89edf4945f662b,0.24214084463608,-0.1140698862152669,0.266389755959253,-279.7993006668985,-270.4928578659892,-307.15898610651493,-272.1258174553513,-25.726725850254354,1.0,-0.1140698862152669,0.0,0,0.15273294574195762,0.18565657667894103,0.15145376406925343,0.1977918814674376,1.0
chr5:95173881:G:A;chr5:95173887:C:T;var1;middle;OL41|K562|e664fd309f5e5016,chr5:95173881:G:A;chr5:95173887:C:T;var1;middle;OL41,K562,K562_region_01760,100,106,6,TCTCAAAAGGTCTTTGCCCTTCAGCAGTGACATGGCAGTGGGGAGGAAGGAAGAAAACAGGCTGTCTTTGTGTGGCTGGTGATGCCTAAGTGCTGGAGCGTGAGACAGTCCCCAGGCCCTGTGCCATAGCTGACATGCAGGAATAGGCGTTGGCACTGGGGAGAGCCAGTCTGCTTGTGACAGAAGCAGCAGATGATCAG,964863d777a43396bfe1fb4dc9965f8761658d6d8a9f31dd6cdcb24d69d00bff,0.0,TCTCAAAAGGTCTTTGCCCTTCAGCAGTGACATGGCAGTGGGGAGGAAGGAAGAAAACAGGCTGTCTTTGTGTGGCTGGTGATGCCTAAGTGCTGGAGCATGAGACAGTCCCCAGGCCCTGTGCCATAGCTGACATGCAGGAATAGGCGTTGGCACTGGGGAGAGCCAGTCTGCTTGTGACAGAAGCAGCAGATGATCAG,569899c7376456a47d54fe76d4b208f695c7dc685c4f6d9f13c486c78a5359e6,0.177039871140989,TCTCAAAAGGTCTTTGCCCTTCAGCAGTGACATGGCAGTGGGGAGGAAGGAAGAAAACAGGCTGTCTTTGTGTGGCTGGTGATGCCTAAGTGCTGGAGCGTGAGATAGTCCCCAGGCCCTGTGCCATAGCTGACATGCAGGAATAGGCGTTGGCACTGGGGAGAGCCAGTCTGCTTGTGACAGAAGCAGCAGATGATCAG,a5ae1695e65db21962b9097ba5289407f6a3f440bb3d81576eede6bb23a220b8,0.116048254761375,TCTCAAAAGGTCTTTGCCCTTCAGCAGTGACATGGCAGTGGGGAGGAAGGAAGAAAACAGGCTGTCTTTGTGTGGCTGGTGATGCCTAAGTGCTGGAGCATGAGATAGTCCCCAGGCCCTGTGCCATAGCTGACATGCAGGAATAGGCGTTGGCACTGGGGAGAGCCAGTCTGCTTGTGACAGAAGCAGCAGATGATCAG,e664fd309f5e501676ba6df1f9007a4310ec8ffd6152dd088d7f2b678329a0be,-0.125002330465195,0.418090456367559,0.318559749590746,-240.21627651154995,-244.0979228541255,-245.23183858767152,-255.307687709108,6.194202778860927,1.0,0.418090456367559,0.0,2,0.18421372842864203,0.17490732828716207,0.146091925319964,0.3671013404889756,1.0
chr5:9544638:A:G;chr5:9544677:T:G;var1;middle;OL41|K562|3165679e46db5aa2,chr5:9544638:A:G;chr5:9544677:T:G;var1;middle;OL41,K562,K562_region_01732,100,139,39,GAGCATTTATGTCTGGCCACCACCTTTCCTGTCCCCTCTCCTAGCAAGGCTGACAGCTCTCTATAGCCACCAGATCAGCTCCCCCAACCCCCGGCCCCCAAAATGAAATTATTGCAAGATCTGCCTGGTTCTGCTGTTTGTTGCCTGGGACTCCCGCCCACTCGCCCAGGACCCAGCAACTGCCTGTGGCGCCTCGTCCT,7a3d7ce3b579b1e1606cacaac63e437526a30337fbab4ee42f7e8edfb75e4836,0.0,GAGCATTTATGTCTGGCCACCACCTTTCCTGTCCCCTCTCCTAGCAAGGCTGACAGCTCTCTATAGCCACCAGATCAGCTCCCCCAACCCCCGGCCCCCGAAATGAAATTATTGCAAGATCTGCCTGGTTCTGCTGTTTGTTGCCTGGGACTCCCGCCCACTCGCCCAGGACCCAGCAACTGCCTGTGGCGCCTCGTCCT,fd0d48e2d57830a6d761a5d75968bc14408c93d2edc7ca7152ea2e2bb73e9349,-0.226212837096982,GAGCATTTATGTCTGGCCACCACCTTTCCTGTCCCCTCTCCTAGCAAGGCTGACAGCTCTCTATAGCCACCAGATCAGCTCCCCCAACCCCCGGCCCCCAAAATGAAATTATTGCAAGATCTGCCTGGTTCTGCTGTTGGTTGCCTGGGACTCCCGCCCACTCGCCCAGGACCCAGCAACTGCCTGTGGCGCCTCGTCCT,8cf973fbadad5701c4837935f2a34f6645cf32ae6be6baf27ac5a6a7e8f2b088,-0.124802159646929,GAGCATTTATGTCTGGCCACCACCTTTCCTGTCCCCTCTCCTAGCAAGGCTGACAGCTCTCTATAGCCACCAGATCAGCTCCCCCAACCCCCGGCCCCCGAAATGAAATTATTGCAAGATCTGCCTGGTTCTGCTGTTGGTTGCCTGGGACTCCCGCCCACTCGCCCAGGACCCAGCAACTGCCTGTGGCGCCTCGTCCT,3165679e46db5aa2d577dcf78a32de7463a1176e655ad5316b28939d71335681,0.231608732430194,0.582623729174105,0.372869662045702,-310.8675035620108,-317.07565390178934,-312.0940963886678,-314.18854000233114,4.113706726115197,-1.0,-0.582623729174105,0.0,3,0.18975876380356543,0.18106719778262317,0.1474303780702046,0.21800132485185986,1.0
chr5:9547941:T:A;chr5:9547958:C:G;var1;middle;OL41|K562|6ea35f02548a8e9e,chr5:9547941:T:A;chr5:9547958:C:G;var1;middle;OL41,K562,K562_region_01733,100,117,17,CTGTGTGGCAGCTGCAGGCTCCTGGGGACCTGAAGGAAAAGCTTAACCGTTCTCCCTTCCCTTGCTTGGCACTTAGAGCACTAGTTCCATTCCAGACATTCCGATTATCTTGCCTACGTGGCACAGAGGCCTAGGAGCCTCCCTGGGAGGAAGAGGCAGGCCAAGGTCTTGCCTGGCTGCTTCTAGGGGGAAAGATGTAG,73350adfe877d87de3a133c652a7a67ed41d475506d6c98c4ab70f891c69f0b1,0.0,CTGTGTGGCAGCTGCAGGCTCCTGGGGACCTGAAGGAAAAGCTTAACCGTTCTCCCTTCCCTTGCTTGGCACTTAGAGCACTAGTTCCATTCCAGACATACCGATTATCTTGCCTACGTGGCACAGAGGCCTAGGAGCCTCCCTGGGAGGAAGAGGCAGGCCAAGGTCTTGCCTGGCTGCTTCTAGGGGGAAAGATGTAG,b8f18d351269e0dfd632b631899aec7fc08e0445ccd8dd278f2f31137afa4074,0.0407757321067505,CTGTGTGGCAGCTGCAGGCTCCTGGGGACCTGAAGGAAAAGCTTAACCGTTCTCCCTTCCCTTGCTTGGCACTTAGAGCACTAGTTCCATTCCAGACATTCCGATTATCTTGCCTAGGTGGCACAGAGGCCTAGGAGCCTCCCTGGGAGGAAGAGGCAGGCCAAGGTCTTGCCTGGCTGCTTCTAGGGGGAAAGATGTAG,711c8ca76d8fd6526cbc01dfb5737c3f805c3222012fae3ba4dd9d781e447a82,-0.30498005733317,CTGTGTGGCAGCTGCAGGCTCCTGGGGACCTGAAGGAAAAGCTTAACCGTTCTCCCTTCCCTTGCTTGGCACTTAGAGCACTAGTTCCATTCCAGACATACCGATTATCTTGCCTAGGTGGCACAGAGGCCTAGGAGCCTCCCTGGGAGGAAGAGGCAGGCCAAGGTCTTGCCTGGCTGCTTCTAGGGGGAAAGATGTAG,6ea35f02548a8e9e352fbd825df846352ee0952dbe6383a0bf80ce88a25809ae,-0.471528762049734,0.2073244368233144,0.283344861286515,-259.83541737496853,-260.12277626246214,-253.7422120720148,-252.42502161860463,-1.6045493409037874,1.0,0.2073244368233144,0.0,1,0.18073262720089725,0.18216460459877223,0.1501433469024087,0.14066999885562656,1.0
chr5:9547941:T:A;chr5:9547965:C:T;var1;middle;OL41|K562|78722586698e4bda,chr5:9547941:T:A;chr5:9547965:C:T;var1;middle;OL41,K562,K562_region_01733,100,124,24,CTGTGTGGCAGCTGCAGGCTCCTGGGGACCTGAAGGAAAAGCTTAACCGTTCTCCCTTCCCTTGCTTGGCACTTAGAGCACTAGTTCCATTCCAGACATTCCGATTATCTTGCCTACGTGGCACAGAGGCCTAGGAGCCTCCCTGGGAGGAAGAGGCAGGCCAAGGTCTTGCCTGGCTGCTTCTAGGGGGAAAGATGTAG,73350adfe877d87de3a133c652a7a67ed41d475506d6c98c4ab70f891c69f0b1,0.0,CTGTGTGGCAGCTGCAGGCTCCTGGGGACCTGAAGGAAAAGCTTAACCGTTCTCCCTTCCCTTGCTTGGCACTTAGAGCACTAGTTCCATTCCAGACATACCGATTATCTTGCCTACGTGGCACAGAGGCCTAGGAGCCTCCCTGGGAGGAAGAGGCAGGCCAAGGTCTTGCCTGGCTGCTTCTAGGGGGAAAGATGTAG,b8f18d351269e0dfd632b631899aec7fc08e0445ccd8dd278f2f31137afa4074,0.0407850633110823,CTGTGTGGCAGCTGCAGGCTCCTGGGGACCTGAAGGAAAAGCTTAACCGTTCTCCCTTCCCTTGCTTGGCACTTAGAGCACTAGTTCCATTCCAGACATTCCGATTATCTTGCCTACGTGGCATAGAGGCCTAGGAGCCTCCCTGGGAGGAAGAGGCAGGCCAAGGTCTTGCCTGGCTGCTTCTAGGGGGAAAGATGTAG,00c1cde4da01c0167bcdd181bb96f04185af8bb295202ce3c0343191c377ed1a,0.22058411086381,CTGTGTGGCAGCTGCAGGCTCCTGGGGACCTGAAGGAAAAGCTTAACCGTTCTCCCTTCCCTTGCTTGGCACTTAGAGCACTAGTTCCATTCCAGACATACCGATTATCTTGCCTACGTGGCATAGAGGCCTAGGAGCCTCCCTGGGAGGAAGAGGCAGGCCAAGGTCTTGCCTGGCTGCTTCTAGGGGGAAAGATGTAG,78722586698e4bdab053709d462294b36fd1d17700caca867095464d13046fb1,-0.0683812795357418,0.3297504537106341,0.286425584360434,-259.83541737496853,-260.12277626246214,-276.94992289319634,-271.8311069831252,-5.406174797564745,1.0,0.3297504537106341,0.0,1,0.17686470189226608,0.18216460459877223,0.1501433469024087,0.17311840798617367,1.0
chr5:9547958:C:G;chr5:9547965:C:T;var1;middle;OL41|K562|2743ae03b5c9a1e0,chr5:9547958:C:G;chr5:9547965:C:T;var1;middle;OL41,K562,K562_region_01733,100,107,7,GCTCCTGGGGACCTGAAGGAAAAGCTTAACCGTTCTCCCTTCCCTTGCTTGGCACTTAGAGCACTAGTTCCATTCCAGACATTCCGATTATCTTGCCTACGTGGCACAGAGGCCTAGGAGCCTCCCTGGGAGGAAGAGGCAGGCCAAGGTCTTGCCTGGCTGCTTCTAGGGGGAAAGATGTAGGGAGGAAGCTGCCTTAT,b981e774cdc1630fce5bb1ddadef9a31f7c83e435d7a04f6016b497a18b01957,0.0,GCTCCTGGGGACCTGAAGGAAAAGCTTAACCGTTCTCCCTTCCCTTGCTTGGCACTTAGAGCACTAGTTCCATTCCAGACATTCCGATTATCTTGCCTAGGTGGCACAGAGGCCTAGGAGCCTCCCTGGGAGGAAGAGGCAGGCCAAGGTCTTGCCTGGCTGCTTCTAGGGGGAAAGATGTAGGGAGGAAGCTGCCTTAT,8819e1dc32c15e0849353ac241a7141f02a202a83499663f94af82de54e1ac30,-0.586963338282517,GCTCCTGGGGACCTGAAGGAAAAGCTTAACCGTTCTCCCTTCCCTTGCTTGGCACTTAGAGCACTAGTTCCATTCCAGACATTCCGATTATCTTGCCTACGTGGCATAGAGGCCTAGGAGCCTCCCTGGGAGGAAGAGGCAGGCCAAGGTCTTGCCTGGCTGCTTCTAGGGGGAAAGATGTAGGGAGGAAGCTGCCTTAT,99274f8202299c94296a485ea01ccba4d79b799975aa7c62de016553faecf201,-0.0905379013198881,GCTCCTGGGGACCTGAAGGAAAAGCTTAACCGTTCTCCCTTCCCTTGCTTGGCACTTAGAGCACTAGTTCCATTCCAGACATTCCGATTATCTTGCCTAGGTGGCATAGAGGCCTAGGAGCCTCCCTGGGAGGAAGAGGCAGGCCAAGGTCTTGCCTGGCTGCTTCTAGGGGGAAAGATGTAGGGAGGAAGCTGCCTTAT,2743ae03b5c9a1e04198f0f75500ae50d1bf7a004b5765594615d0af526777b5,-0.640924944278101,-0.0365762953243041,0.245583866692648,-294.38762128772214,-281.1109140710905,-299.802180793602,-287.86046260176226,1.3349890247918665,1.0,-0.0365762953243041,0.0,1,0.18372343073217226,0.18216460459877223,0.1501433469024087,0.3914230353844813,1.0
chr6:100868721:G:A;chr6:100868779:G:T;var1;middle;OL32|K562|cae761588361aa74,chr6:100868721:G:A;chr6:100868779:G:T;var1;middle;OL32,K562,K562_region_01857,100,158,58,ATGTCGCCAAAAAAAAGAAAGTTGCAAAACAGCAATGCACTTACCTGAGGGTATGGGGAAGTCCTGGATTTTGACTTTGAGCTGGAGAGCCGGGATTTGGCCCCCTTTCTGTTGTCAGTCATGGTGGGGGTGGAGCTGCTGGTATAGGAGAAGGCTGGTTTGGAGGCTGAGATCTGATCCAGGGAGAGCTGCAGCCCTTT,1856e15913568bfbcbd24a3dc91b4af53ae49501f20c5a656ac8085ed238d540,0.0,ATGTCGCCAAAAAAAAGAAAGTTGCAAAACAGCAATGCACTTACCTGAGGGTATGGGGAAGTCCTGGATTTTGACTTTGAGCTGGAGAGCCGGGATTTGACCCCCTTTCTGTTGTCAGTCATGGTGGGGGTGGAGCTGCTGGTATAGGAGAAGGCTGGTTTGGAGGCTGAGATCTGATCCAGGGAGAGCTGCAGCCCTTT,1473852ee4bb1ec30cc9d625799c9f0d35a2090e3f2e85415313a700dc69cfbb,-0.0488521829462076,ATGTCGCCAAAAAAAAGAAAGTTGCAAAACAGCAATGCACTTACCTGAGGGTATGGGGAAGTCCTGGATTTTGACTTTGAGCTGGAGAGCCGGGATTTGGCCCCCTTTCTGTTGTCAGTCATGGTGGGGGTGGAGCTGCTGGTATAGGAGAAGGCTGTTTTGGAGGCTGAGATCTGATCCAGGGAGAGCTGCAGCCCTTT,7796a8da44a5fe24d606e5364528f98a40c9964ade6a67fb64a2f71aa9269e71,0.199069226405549,ATGTCGCCAAAAAAAAGAAAGTTGCAAAACAGCAATGCACTTACCTGAGGGTATGGGGAAGTCCTGGATTTTGACTTTGAGCTGGAGAGCCGGGATTTGACCCCCTTTCTGTTGTCAGTCATGGTGGGGGTGGAGCTGCTGGTATAGGAGAAGGCTGTTTTGGAGGCTGAGATCTGATCCAGGGAGAGCTGCAGCCCTTT,cae761588361aa743eeea585caae85f0b9a014ceed1fd279a25625d807f08c66,-0.150059195345763,0.3002762388051044,0.166167822228552,-334.2300139658619,-326.0435875218827,-343.7372630748432,-334.1170166779775,-1.4338199528865516,1.0,0.3002762388051044,0.0,3,0.17858501649550956,0.18106719778262317,0.1474303780702046,0.14503362774756876,1.0
chr6:106960957:C:T;chr6:106960977:A:G;var1;middle;OL41|K562|6b372980060108fd,chr6:106960957:C:T;chr6:106960977:A:G;var1;middle;OL41,K562,K562_region_01858,100,120,20,GAAGCCCAGGAACCATTTCGGCGTGGGCAGGTCGACAGTGACCACTAAAGTGACCCTGTAAGTAGCCGCGCAAGTCCCGGCCGAGTTGCTGTCCGCACACGTGCTGGGGGTCCGCTCTGAGAGGCTCGGGGTATCTGCATTGTGGAAGAAACGTCTGGTCACTGAACTTTCCCCTCCATGCTGAACTTAAGATAGTGAAG,9d4c9817173f67384e2fbd272ac0e36165ea7ecf2104477612079afa96145ed4,0.0,GAAGCCCAGGAACCATTTCGGCGTGGGCAGGTCGACAGTGACCACTAAAGTGACCCTGTAAGTAGCCGCGCAAGTCCCGGCCGAGTTGCTGTCCGCACATGTGCTGGGGGTCCGCTCTGAGAGGCTCGGGGTATCTGCATTGTGGAAGAAACGTCTGGTCACTGAACTTTCCCCTCCATGCTGAACTTAAGATAGTGAAG,b32e375566d7ea1e77e1ba9caf3b638b2dfe936a91b527efe07915353572e399,0.297502945812802,GAAGCCCAGGAACCATTTCGGCGTGGGCAGGTCGACAGTGACCACTAAAGTGACCCTGTAAGTAGCCGCGCAAGTCCCGGCCGAGTTGCTGTCCGCACACGTGCTGGGGGTCCGCTCTGGGAGGCTCGGGGTATCTGCATTGTGGAAGAAACGTCTGGTCACTGAACTTTCCCCTCCATGCTGAACTTAAGATAGTGAAG,e5cb2e46b019890b34d97fd48e83b78f5b10bde99b0d9bf2da753789a2bd4bc4,0.402501550314607,GAAGCCCAGGAACCATTTCGGCGTGGGCAGGTCGACAGTGACCACTAAAGTGACCCTGTAAGTAGCCGCGCAAGTCCCGGCCGAGTTGCTGTCCGCACATGTGCTGGGGGTCCGCTCTGGGAGGCTCGGGGTATCTGCATTGTGGAAGAAACGTCTGGTCACTGAACTTTCCCCTCCATGCTGAACTTAAGATAGTGAAG,6b372980060108fd1433940591472ab6e5303781857783058d134ace5a7211ae,0.527861743703406,0.172142752424003,0.345381107905371,-393.3001006161794,-402.10524050705135,-385.58107667788863,-393.1251299809665,-1.2610865877940682,1.0,0.172142752424003,0.0,0,0.18415632908986623,0.18565657667894103,0.15145376406925343,0.23864076359844352,1.0
chr6:107220167:C:T;chr6:107220247:A:T;var1;middle;OL41|K562|d1095a3968138565,chr6:107220167:C:T;chr6:107220247:A:T;var1;middle;OL41,K562,K562_region_01859,100,180,80,GGAGGAGAATGGAACGAAGACGCGTAGTGGGGGTTAAAAGCTTACACACTAGAGAGGCAGAGAACCTAAAAGAGAAATGCTGACTCTTTCCATTTTGCCCCTTGGCTCCGGGCTGCTGGAAGCAGGTGCTGTGCGATATCACTGCTTCATGGTTAGCATGCTTGGGGACCTGCAATGAGAGAAATCCATGAAATTTACAC,a953d4625353b11d4c9b01fc079c8801d6c7aa35a99c3bf71eabef761c8a8d0b,0.0,GGAGGAGAATGGAACGAAGACGCGTAGTGGGGGTTAAAAGCTTACACACTAGAGAGGCAGAGAACCTAAAAGAGAAATGCTGACTCTTTCCATTTTGCCTCTTGGCTCCGGGCTGCTGGAAGCAGGTGCTGTGCGATATCACTGCTTCATGGTTAGCATGCTTGGGGACCTGCAATGAGAGAAATCCATGAAATTTACAC,000a29360b62ac373b7aecb6858668ef7c525b314788b481eb19d722cee49538,-0.173673057421919,GGAGGAGAATGGAACGAAGACGCGTAGTGGGGGTTAAAAGCTTACACACTAGAGAGGCAGAGAACCTAAAAGAGAAATGCTGACTCTTTCCATTTTGCCCCTTGGCTCCGGGCTGCTGGAAGCAGGTGCTGTGCGATATCACTGCTTCATGGTTAGCATGCTTGGGGACCTGCAATGAGTGAAATCCATGAAATTTACAC,4d71549f27ca7c69ce7336c1a9b38debb0e01c7748a3532370d8fbdbf9dd8516,-0.336954142796998,GGAGGAGAATGGAACGAAGACGCGTAGTGGGGGTTAAAAGCTTACACACTAGAGAGGCAGAGAACCTAAAAGAGAAATGCTGACTCTTTCCATTTTGCCTCTTGGCTCCGGGCTGCTGGAAGCAGGTGCTGTGCGATATCACTGCTTCATGGTTAGCATGCTTGGGGACCTGCAATGAGTGAAATCCATGAAATTTACAC,d1095a3968138565b3a11ef052d25880c625b3dad3c8a731ba4db878e2d01367,-0.241127089740901,0.2695001104780159,0.291245867992958,-293.01714100688696,-326.4635639246553,-318.4784584725276,-321.4960027523339,30.428878637962043,-1.0,-0.2695001104780159,0.0,1,0.21332471398434805,0.18216460459877223,0.1501433469024087,0.19486586865506617,1.0
chr6:108053906:G:A;chr6:108053969:G:T;var1;middle;OL27|K562|4ea7f75df48b3f42,chr6:108053906:G:A;chr6:108053969:G:T;var1;middle;OL27,K562,K562_region_01860,100,163,63,AAAGGCATTTTTGACCAAAGTCATCTGTTTGGGATAATGAATGGCCTTTCTGTGCTCTCGGGAGGAGAGCAGGTTCCATACCACCCTCCATATGATCTCGCAGCTTTGCCAAACCTCCACGCCAAGCTTATGAGAATTCCCGAGAGCTGGGGGAGGCGAAGTGGGTGGGACATCCTGTGGTCACGCTGTTTCCTCCACAG,9fd3a29ad7a316c0cd24eb41af361e842d987090dfcf4811ce9853c7ae728fe1,0.0,AAAGGCATTTTTGACCAAAGTCATCTGTTTGGGATAATGAATGGCCTTTCTGTGCTCTCGGGAGGAGAGCAGGTTCCATACCACCCTCCATATGATCTCACAGCTTTGCCAAACCTCCACGCCAAGCTTATGAGAATTCCCGAGAGCTGGGGGAGGCGAAGTGGGTGGGACATCCTGTGGTCACGCTGTTTCCTCCACAG,3768004b57a844dc5d12dcad96bbfb91bf4b1cbcefb268583de81dcaf8e5474c,-0.110325025423927,AAAGGCATTTTTGACCAAAGTCATCTGTTTGGGATAATGAATGGCCTTTCTGTGCTCTCGGGAGGAGAGCAGGTTCCATACCACCCTCCATATGATCTCGCAGCTTTGCCAAACCTCCACGCCAAGCTTATGAGAATTCCCGAGAGCTGGGGGAGGCGAAGTTGGTGGGACATCCTGTGGTCACGCTGTTTCCTCCACAG,dfc28272c355a6a3c02791235949485e4a6612ffe4b591fa3ac9670a36ac51ef,-3.53375012256573,AAAGGCATTTTTGACCAAAGTCATCTGTTTGGGATAATGAATGGCCTTTCTGTGCTCTCGGGAGGAGAGCAGGTTCCATACCACCCTCCATATGATCTCACAGCTTTGCCAAACCTCCACGCCAAGCTTATGAGAATTCCCGAGAGCTGGGGGAGGCGAAGTTGGTGGGACATCCTGTGGTCACGCTGTTTCCTCCACAG,4ea7f75df48b3f42b2b5dc3c34772f76da37c6e6cf3fcb8332a02e4d0ade49d9,-3.64145223220301,-0.002622915786647,0.105979448149248,-428.695774273132,-421.7031859870767,-431.5702268708847,-422.3920541108819,-2.1855844739475287,1.0,-0.002622915786647,0.0,3,0.1770708233641286,0.18106719778262317,0.1474303780702046,0.21003053526106866,1.0
chr6:10887251:T:C;chr6:10887253:G:C;var1;middle;OL41|K562|0442b75dd327da15,chr6:10887251:T:C;chr6:10887253:G:C;var1;middle;OL41,K562,K562_region_01820,100,102,2,TCAAAACACAGAGCTCTAGTAAACTTCAGGGGGCGGATTCGTCAATTACAGTTGCGGAAGAAGACTCGACTCGAAGAGCGGTCCGCCACCAGGGCTCTTTCGGCAGCGCCCCCAGCGGGCGGGGCTCTTGGGCGGGGAAGCAGGAGAGGGCCGACCGAGCGCAACAAAGCTGAGCGGCGCGTCGCTTCAGGAACGAAGAA,191fdd6821585686b738af12d6104c8b62cbfb3f70b99cdc9ac7b50601961737,0.0,TCAAAACACAGAGCTCTAGTAAACTTCAGGGGGCGGATTCGTCAATTACAGTTGCGGAAGAAGACTCGACTCGAAGAGCGGTCCGCCACCAGGGCTCTTCCGGCAGCGCCCCCAGCGGGCGGGGCTCTTGGGCGGGGAAGCAGGAGAGGGCCGACCGAGCGCAACAAAGCTGAGCGGCGCGTCGCTTCAGGAACGAAGAA,ed73d18c308386433d49a4358a587f464213472e9a49fe89660b6800357feda1,0.89265003669351,TCAAAACACAGAGCTCTAGTAAACTTCAGGGGGCGGATTCGTCAATTACAGTTGCGGAAGAAGACTCGACTCGAAGAGCGGTCCGCCACCAGGGCTCTTTCCGCAGCGCCCCCAGCGGGCGGGGCTCTTGGGCGGGGAAGCAGGAGAGGGCCGACCGAGCGCAACAAAGCTGAGCGGCGCGTCGCTTCAGGAACGAAGAA,7cf0edfec16a035d58dfd608d273c7c2844cd2d1a619f61d1bc5442452b5d54a,0.0949970754562477,TCAAAACACAGAGCTCTAGTAAACTTCAGGGGGCGGATTCGTCAATTACAGTTGCGGAAGAAGACTCGACTCGAAGAGCGGTCCGCCACCAGGGCTCTTCCCGCAGCGCCCCCAGCGGGCGGGGCTCTTGGGCGGGGAAGCAGGAGAGGGCCGACCGAGCGCAACAAAGCTGAGCGGCGCGTCGCTTCAGGAACGAAGAA,0442b75dd327da157a399fa18d7f3bb8c93050d8e6b9b045f13a11f04d977e63,-0.0868676289824146,1.0745147411321725,0.21740520247382,-422.4643341396004,-421.52818986587226,-403.33415377140045,-393.11290371418,-9.285105783492327,1.0,1.0745147411321725,0.0,0,0.173850371887093,0.18565657667894103,0.15145376406925343,0.1704355423688571,1.0
chr6:10887251:T:C;chr6:10887276:C:G;var1;middle;OL41|K562|2a63f313d017f5ae,chr6:10887251:T:C;chr6:10887276:C:G;var1;middle;OL41,K562,K562_region_01820,100,125,25,TCAAAACACAGAGCTCTAGTAAACTTCAGGGGGCGGATTCGTCAATTACAGTTGCGGAAGAAGACTCGACTCGAAGAGCGGTCCGCCACCAGGGCTCTTTCGGCAGCGCCCCCAGCGGGCGGGGCTCTTGGGCGGGGAAGCAGGAGAGGGCCGACCGAGCGCAACAAAGCTGAGCGGCGCGTCGCTTCAGGAACGAAGAA,191fdd6821585686b738af12d6104c8b62cbfb3f70b99cdc9ac7b50601961737,0.0,TCAAAACACAGAGCTCTAGTAAACTTCAGGGGGCGGATTCGTCAATTACAGTTGCGGAAGAAGACTCGACTCGAAGAGCGGTCCGCCACCAGGGCTCTTCCGGCAGCGCCCCCAGCGGGCGGGGCTCTTGGGCGGGGAAGCAGGAGAGGGCCGACCGAGCGCAACAAAGCTGAGCGGCGCGTCGCTTCAGGAACGAAGAA,ed73d18c308386433d49a4358a587f464213472e9a49fe89660b6800357feda1,0.892843441596146,TCAAAACACAGAGCTCTAGTAAACTTCAGGGGGCGGATTCGTCAATTACAGTTGCGGAAGAAGACTCGACTCGAAGAGCGGTCCGCCACCAGGGCTCTTTCGGCAGCGCCCCCAGCGGGCGGGGGTCTTGGGCGGGGAAGCAGGAGAGGGCCGACCGAGCGCAACAAAGCTGAGCGGCGCGTCGCTTCAGGAACGAAGAA,1aa51f5894e050f2a54686949ac57bb6df8735ab2f20d1455b165dd7095be9f2,-0.391825716456837,TCAAAACACAGAGCTCTAGTAAACTTCAGGGGGCGGATTCGTCAATTACAGTTGCGGAAGAAGACTCGACTCGAAGAGCGGTCCGCCACCAGGGCTCTTCCGGCAGCGCCCCCAGCGGGCGGGGGTCTTGGGCGGGGAAGCAGGAGAGGGCCGACCGAGCGCAACAAAGCTGAGCGGCGCGTCGCTTCAGGAACGAAGAA,2a63f313d017f5ae1751af9bcc561818cabb2a73348962c850f78cebbf0837d9,0.173277759012664,-0.3277399661266451,0.235220625608948,-422.4643341396004,-421.52818986587226,-387.5555602610111,-393.64624670147896,-7.026830714195967,-1.0,0.3277399661266451,0.0,0,0.176750874197548,0.18565657667894103,0.15145376406925343,0.15999448550010037,1.0
chr6:10887253:G:C;chr6:10887276:C:G;var1;middle;OL41|K562|80141bc729dfc541,chr6:10887253:G:C;chr6:10887276:C:G;var1;middle;OL41,K562,K562_region_01820,100,123,23,AAAACACAGAGCTCTAGTAAACTTCAGGGGGCGGATTCGTCAATTACAGTTGCGGAAGAAGACTCGACTCGAAGAGCGGTCCGCCACCAGGGCTCTTTCGGCAGCGCCCCCAGCGGGCGGGGCTCTTGGGCGGGGAAGCAGGAGAGGGCCGACCGAGCGCAACAAAGCTGAGCGGCGCGTCGCTTCAGGAACGAAGAAGC,e1575a2be89339eaf80462b59a02762040981e093c01e0d31a12a34b05d2da38,0.0,AAAACACAGAGCTCTAGTAAACTTCAGGGGGCGGATTCGTCAATTACAGTTGCGGAAGAAGACTCGACTCGAAGAGCGGTCCGCCACCAGGGCTCTTTCCGCAGCGCCCCCAGCGGGCGGGGCTCTTGGGCGGGGAAGCAGGAGAGGGCCGACCGAGCGCAACAAAGCTGAGCGGCGCGTCGCTTCAGGAACGAAGAAGC,72bc5e4078036631199be29cfe2bb91271c53eebe7bd02bd6bb4adf4b474b99f,-0.285361849690592,AAAACACAGAGCTCTAGTAAACTTCAGGGGGCGGATTCGTCAATTACAGTTGCGGAAGAAGACTCGACTCGAAGAGCGGTCCGCCACCAGGGCTCTTTCGGCAGCGCCCCCAGCGGGCGGGGGTCTTGGGCGGGGAAGCAGGAGAGGGCCGACCGAGCGCAACAAAGCTGAGCGGCGCGTCGCTTCAGGAACGAAGAAGC,3085cc81d9f41d71b1ee0ad39abdeff656817ec2d74addc15a062b8737417d62,-0.424736202740382,AAAACACAGAGCTCTAGTAAACTTCAGGGGGCGGATTCGTCAATTACAGTTGCGGAAGAAGACTCGACTCGAAGAGCGGTCCGCCACCAGGGCTCTTTCCGCAGCGCCCCCAGCGGGCGGGGGTCTTGGGCGGGGAAGCAGGAGAGGGCCGACCGAGCGCAACAAAGCTGAGCGGCGCGTCGCTTCAGGAACGAAGAAGC,80141bc729dfc541dcfe8cfef4892fe644c1444edaf96cd1d0cb502af6ee80b0,-0.0397584413707416,0.6703396110602323,0.220409413737639,-389.5239263176918,-351.0175118651241,-340.0650664595887,-332.8249745666981,-31.266322559677064,-1.0,-0.6703396110602323,0.0,0,0.14561795196944263,0.18565657667894103,0.15145376406925343,0.22023686941944262,1.0
chr6:109284223:A:G;chr6:109284255:A:G;var1;middle;OL31|K562|487eab61f461c80d,chr6:109284223:A:G;chr6:109284255:A:G;var1;middle;OL31,K562,K562_region_01861,100,132,32,CCCAGAAGTTTGAGGCTACAGTGAGCCATGATTGTGCCACTGCCCTCTAGGCTGGGAGACAGAGCGACACTCTATCTCTAAAAAATAAAAAAAATTTAAAAATTAAAAAAGGACAGCATTCACCTTTGGAAAGAAAGGGATGTCCAAAGATTATAATTGGACCTATAATGTTATTTATTATCAAATAAGAATTGTTTATA,1152cf4d2adfe467bd18d15788e4b9af1cddb880af69aa60e7125c8bd19438c2,0.0,CCCAGAAGTTTGAGGCTACAGTGAGCCATGATTGTGCCACTGCCCTCTAGGCTGGGAGACAGAGCGACACTCTATCTCTAAAAAATAAAAAAAATTTAAGAATTAAAAAAGGACAGCATTCACCTTTGGAAAGAAAGGGATGTCCAAAGATTATAATTGGACCTATAATGTTATTTATTATCAAATAAGAATTGTTTATA,7317e370b71aa5eb101246d3390949c815b60a962845d252d2a38d23c6504e7a,-0.282456948148091,CCCAGAAGTTTGAGGCTACAGTGAGCCATGATTGTGCCACTGCCCTCTAGGCTGGGAGACAGAGCGACACTCTATCTCTAAAAAATAAAAAAAATTTAAAAATTAAAAAAGGACAGCATTCACCTTTGGAAGGAAAGGGATGTCCAAAGATTATAATTGGACCTATAATGTTATTTATTATCAAATAAGAATTGTTTATA,58371b4289278e37d29299fa261d9894e172793efa4c262c0627ff02c8a6fea8,0.0231190965293325,CCCAGAAGTTTGAGGCTACAGTGAGCCATGATTGTGCCACTGCCCTCTAGGCTGGGAGACAGAGCGACACTCTATCTCTAAAAAATAAAAAAAATTTAAGAATTAAAAAAGGACAGCATTCACCTTTGGAAGGAAAGGGATGTCCAAAGATTATAATTGGACCTATAATGTTATTTATTATCAAATAAGAATTGTTTATA,487eab61f461c80d1708ec2a3ed3fef08a2fded20ed7eeec2a9787f134cea1f5,-0.264662904641078,-0.0053250530223194,0.387643685900054,-227.18515192670748,-238.25020746141672,-218.947866481496,-230.5383618855849,-0.5254398693796247,-1.0,0.0053250530223194,0.0,3,0.18041466240801982,0.18106719778262317,0.1474303780702046,0.250790580306115,1.0
chr6:109640864:A:G;chr6:109640878:G:A;var1;middle;OL29|K562|635affccf7e56887,chr6:109640864:A:G;chr6:109640878:G:A;var1;middle;OL29,K562,K562_region_01862,100,114,14,AACCCCAACTCTACAAAAAATGGAAAAAAAATTAGCTGGGTGTGGCGGTGCACACCTGTAGTCCCAGCTACTCAGGATGCTGAGGTGGGAGGATCGCTTACGCCTAGGATGTCGAGGCTGCAGTGAGCCAAGATCGTGCCACTGCACTCCAGCCTGAGTGACAGAGTGAGACTCTGTATCAAAAAAAAAAAAAAAAAAAA,df53584dcb87459f93c778456e047942c172f96ce5750700838cdcfb43368a65,0.0,AACCCCAACTCTACAAAAAATGGAAAAAAAATTAGCTGGGTGTGGCGGTGCACACCTGTAGTCCCAGCTACTCAGGATGCTGAGGTGGGAGGATCGCTTGCGCCTAGGATGTCGAGGCTGCAGTGAGCCAAGATCGTGCCACTGCACTCCAGCCTGAGTGACAGAGTGAGACTCTGTATCAAAAAAAAAAAAAAAAAAAA,ad77c1964f4e900625813fcbfdd7ff5a08d6ee24c06c8160aa5fca70b67a1e86,-0.0035611528197289,AACCCCAACTCTACAAAAAATGGAAAAAAAATTAGCTGGGTGTGGCGGTGCACACCTGTAGTCCCAGCTACTCAGGATGCTGAGGTGGGAGGATCGCTTACGCCTAGGATGTCAAGGCTGCAGTGAGCCAAGATCGTGCCACTGCACTCCAGCCTGAGTGACAGAGTGAGACTCTGTATCAAAAAAAAAAAAAAAAAAAA,2603a32690a13f4acbf4477c37f6d1c1dbe86355cf203e9db574181011f193d0,0.0395480431490754,AACCCCAACTCTACAAAAAATGGAAAAAAAATTAGCTGGGTGTGGCGGTGCACACCTGTAGTCCCAGCTACTCAGGATGCTGAGGTGGGAGGATCGCTTGCGCCTAGGATGTCAAGGCTGCAGTGAGCCAAGATCGTGCCACTGCACTCCAGCCTGAGTGACAGAGTGAGACTCTGTATCAAAAAAAAAAAAAAAAAAAA,635affccf7e56887ce290b712d0666d7b8027adcdd55fb182bf4942641223f75,-0.170758731190763,0.2067456215201095,0.28739834044787,-78.71225516498089,-75.36438753595576,-77.38347711088136,-74.19465079228394,0.15904131042771041,1.0,0.2067456215201095,0.0,4,0.17639644387782782,0.17620727786206916,0.145609630836647,0.19844104766991175,1.0
chr6:109640865:C:A;chr6:109640878:G:A;var1;middle;OL29|K562|00333778927a72d4,chr6:109640865:C:A;chr6:109640878:G:A;var1;middle;OL29,K562,K562_region_01862,100,113,13,ACCCCAACTCTACAAAAAATGGAAAAAAAATTAGCTGGGTGTGGCGGTGCACACCTGTAGTCCCAGCTACTCAGGATGCTGAGGTGGGAGGATCGCTTACGCCTAGGATGTCGAGGCTGCAGTGAGCCAAGATCGTGCCACTGCACTCCAGCCTGAGTGACAGAGTGAGACTCTGTATCAAAAAAAAAAAAAAAAAAAAG,2a460b5b455b2553afedbc8fe99df56719df207c2ce1ea2750444133b49c1774,0.0,ACCCCAACTCTACAAAAAATGGAAAAAAAATTAGCTGGGTGTGGCGGTGCACACCTGTAGTCCCAGCTACTCAGGATGCTGAGGTGGGAGGATCGCTTAAGCCTAGGATGTCGAGGCTGCAGTGAGCCAAGATCGTGCCACTGCACTCCAGCCTGAGTGACAGAGTGAGACTCTGTATCAAAAAAAAAAAAAAAAAAAAG,3cbebfdbc1e4ba49f024079f7eebef3a31d243b17d50a327914f50adb9cccf88,0.144484281044652,ACCCCAACTCTACAAAAAATGGAAAAAAAATTAGCTGGGTGTGGCGGTGCACACCTGTAGTCCCAGCTACTCAGGATGCTGAGGTGGGAGGATCGCTTACGCCTAGGATGTCAAGGCTGCAGTGAGCCAAGATCGTGCCACTGCACTCCAGCCTGAGTGACAGAGTGAGACTCTGTATCAAAAAAAAAAAAAAAAAAAAG,6348ccfc2ce6a950a7b4e5c576bc4df1ed1bb414024066656bb3fbbb6f85d20a,0.0768645465830534,ACCCCAACTCTACAAAAAATGGAAAAAAAATTAGCTGGGTGTGGCGGTGCACACCTGTAGTCCCAGCTACTCAGGATGCTGAGGTGGGAGGATCGCTTAAGCCTAGGATGTCAAGGCTGCAGTGAGCCAAGATCGTGCCACTGCACTCCAGCCTGAGTGACAGAGTGAGACTCTGTATCAAAAAAAAAAAAAAAAAAAAG,00333778927a72d4aeb6f62cd6315499c72c84798f1d8747779cdc55f9065433,-0.0642229303707045,0.2855717579984099,0.252434055016733,-79.83306581852958,-74.54953544284217,-78.79710249276832,-73.20945253618993,-0.30411958089098334,1.0,0.2855717579984099,0.0,4,0.175822397026983,0.17620727786206916,0.145609630836647,0.17604611481023363,1.0
chr6:109822605:C:T;chr6:109822632:A:G;var1;middle;OL41|K562|8737867635f24d38,chr6:109822605:C:T;chr6:109822632:A:G;var1;middle;OL41,K562,K562_region_01863,100,127,27,GGGTGTGGGGGTCCAGGAGATGATGTCCCCTGATACCAACTACCATTTCCACTCTTCAAAAGGCCACATGTAATCCTGAAAAGGAGATGGTTGGGAAACCGTGCCCAAAGAGGTTTCCATTATGCAATCTCTCCACAATCCTGCTTTTAAACAGGGAGTAGGAGAGGGGGAAAGGAACATACACAACATGAAGGGATCTT,689895b0e8095e01d8f4211d429be8b82149dea70e903588d0fcd7d0cd78870f,0.0,GGGTGTGGGGGTCCAGGAGATGATGTCCCCTGATACCAACTACCATTTCCACTCTTCAAAAGGCCACATGTAATCCTGAAAAGGAGATGGTTGGGAAACTGTGCCCAAAGAGGTTTCCATTATGCAATCTCTCCACAATCCTGCTTTTAAACAGGGAGTAGGAGAGGGGGAAAGGAACATACACAACATGAAGGGATCTT,983d3533f9b3deb1fdce4400844a66c84be6775ca89eaa2403bc4996f50c56bf,0.344461120998099,GGGTGTGGGGGTCCAGGAGATGATGTCCCCTGATACCAACTACCATTTCCACTCTTCAAAAGGCCACATGTAATCCTGAAAAGGAGATGGTTGGGAAACCGTGCCCAAAGAGGTTTCCATTATGCAGTCTCTCCACAATCCTGCTTTTAAACAGGGAGTAGGAGAGGGGGAAAGGAACATACACAACATGAAGGGATCTT,09d4aa7be4193ab70eedeed1a6044cc8c8539875eb27344f1eaba0c57045746f,0.329290515844923,GGGTGTGGGGGTCCAGGAGATGATGTCCCCTGATACCAACTACCATTTCCACTCTTCAAAAGGCCACATGTAATCCTGAAAAGGAGATGGTTGGGAAACTGTGCCCAAAGAGGTTTCCATTATGCAGTCTCTCCACAATCCTGCTTTTAAACAGGGAGTAGGAGAGGGGGAAAGGAACATACACAACATGAAGGGATCTT,8737867635f24d38c9fd5caeeff496984a7f93528ec7951edc71080a8a60ce51,0.251712026868847,0.422039609974175,0.365004852474827,-405.6538283727132,-401.0028710325714,-399.6544720439706,-399.97348120086826,4.969966497039422,1.0,0.422039609974175,0.0,4,0.18235915900509478,0.17620727786206916,0.145609630836647,0.18703252639880508,1.0
chr6:110743194:T:C;chr6:110743262:A:G;var1;middle;OL41|K562|44f32443e4a11f73,chr6:110743194:T:C;chr6:110743262:A:G;var1;middle;OL41,K562,K562_region_01864,100,168,68,CTAGGTTTCTGGTCAGCAGCGGAAATGTGGTTTCAGCTCGAGCAGTGGAAGCAGAAAGTGCAGGCTTGTGGGCTCCCAACCCAGCCATGGTAGCGGCTTTCTGATCCCTAGGTAACTTCTGCATTTTGTTCCACCAGTCTTTCCTACACTTTTATAACTAACTGTGCATGAAATTCCTCTCTGTTTGAATTATCTCCAGT,8dff1b83135d3bd1f08e59c022a91a5783ac76f93a30cfa02348138a6bae5e6f,0.0,CTAGGTTTCTGGTCAGCAGCGGAAATGTGGTTTCAGCTCGAGCAGTGGAAGCAGAAAGTGCAGGCTTGTGGGCTCCCAACCCAGCCATGGTAGCGGCTTCCTGATCCCTAGGTAACTTCTGCATTTTGTTCCACCAGTCTTTCCTACACTTTTATAACTAACTGTGCATGAAATTCCTCTCTGTTTGAATTATCTCCAGT,917013177cb35ea4c0eb6ae991ea382588bb43eb4f5cc6d246c3648af2758e21,0.288598683626538,CTAGGTTTCTGGTCAGCAGCGGAAATGTGGTTTCAGCTCGAGCAGTGGAAGCAGAAAGTGCAGGCTTGTGGGCTCCCAACCCAGCCATGGTAGCGGCTTTCTGATCCCTAGGTAACTTCTGCATTTTGTTCCACCAGTCTTTCCTACACTTTTATAACTAACTGTGCGTGAAATTCCTCTCTGTTTGAATTATCTCCAGT,88f4f3b0a398134061b671451b3371e291a4cc1c8e9a9aec6873c0afcc57791e,0.243057516668136,CTAGGTTTCTGGTCAGCAGCGGAAATGTGGTTTCAGCTCGAGCAGTGGAAGCAGAAAGTGCAGGCTTGTGGGCTCCCAACCCAGCCATGGTAGCGGCTTCCTGATCCCTAGGTAACTTCTGCATTTTGTTCCACCAGTCTTTCCTACACTTTTATAACTAACTGTGCGTGAAATTCCTCTCTGTTTGAATTATCTCCAGT,44f32443e4a11f73d842d08d8e86686b73a530ba4cef7ad0416b02e8a92539f1,0.448086285661576,0.0835699146330979,0.355934580187058,-351.3033897103742,-347.52166762016714,-347.46171844983473,-342.9094784958288,-0.7705178637988865,1.0,0.0835699146330979,0.0,2,0.17407253206260212,0.17490732828716207,0.146091925319964,0.1275312445685286,1.0
chr6:111919105:C:T;chr6:111919108:T:C;var1;middle;OL41|K562|346fbb95865395f7,chr6:111919105:C:T;chr6:111919108:T:C;var1;middle;OL41,K562,K562_region_01865,100,103,3,CGACCCATTTTTCTGTTTTTCCTTTTTTTTTCCAGGCTTTCTCCATATTTACGTGCTTGTAACTCTGGCATGACCTTTGCTCCAGTCTCTACCAGAGGGCGGTGCCTGGATTGAAGTGGAAAAGCCCTGTTTTCCAGCCATGACCCAGGGAGCAAGCACTGACTCCTCAGGGGAACAGGAGACCTGCCAACTAGGACCCT,8470ebb375eb45c71202e1f425804d372226b643041fa10fe5dc587f1f5d7e03,0.0,CGACCCATTTTTCTGTTTTTCCTTTTTTTTTCCAGGCTTTCTCCATATTTACGTGCTTGTAACTCTGGCATGACCTTTGCTCCAGTCTCTACCAGAGGGTGGTGCCTGGATTGAAGTGGAAAAGCCCTGTTTTCCAGCCATGACCCAGGGAGCAAGCACTGACTCCTCAGGGGAACAGGAGACCTGCCAACTAGGACCCT,4da9ef051757bb36fce58a450bde162c891944ed0b99ade489027aaad87a8f57,-0.987294102063785,CGACCCATTTTTCTGTTTTTCCTTTTTTTTTCCAGGCTTTCTCCATATTTACGTGCTTGTAACTCTGGCATGACCTTTGCTCCAGTCTCTACCAGAGGGCGGCGCCTGGATTGAAGTGGAAAAGCCCTGTTTTCCAGCCATGACCCAGGGAGCAAGCACTGACTCCTCAGGGGAACAGGAGACCTGCCAACTAGGACCCT,ec369f077b83fd1b29a52049849ffdb17d451e61eef316df02d3b07b9496d2e9,0.920906124453943,CGACCCATTTTTCTGTTTTTCCTTTTTTTTTCCAGGCTTTCTCCATATTTACGTGCTTGTAACTCTGGCATGACCTTTGCTCCAGTCTCTACCAGAGGGTGGCGCCTGGATTGAAGTGGAAAAGCCCTGTTTTCCAGCCATGACCCAGGGAGCAAGCACTGACTCCTCAGGGGAACAGGAGACCTGCCAACTAGGACCCT,346fbb95865395f7846f0efd167016b3421d711690e6f57d13e6b932f684b569,0.860717817817272,0.927105795427114,0.277570883942371,-375.0780852744356,-368.75417819898576,-379.7435819548555,-373.7395227542147,-0.3198478748090565,-1.0,-0.927105795427114,0.0,2,0.17472874400405936,0.17490732828716207,0.146091925319964,0.32836835954423693,1.0
chr6:121763963:C:G;chr6:121764006:G:A;var1;middle;OL31|K562|ae338246cd0a7d2a,chr6:121763963:C:G;chr6:121764006:G:A;var1;middle;OL31,K562,K562_region_01866,100,143,43,GCCAAGTGACTGTGATGCAGTTCAGGAAAGGGGCCAGAGGAGCCTCAGGCTGGTCACACTTAGTGCCTGTAGCTTTGGGCATCCATCCAGTCTAGGGGGCCATGAAGAGCAATGGAAATGTAATCTAACATGGTGCATAGACGGCAAAAAGCGTGGTCCAGCTGCTAAGACTCTGCTCTTAACAAGAACTTTGCACAACT,d5b5621945ca6a4fb52d8e74bc8b4d034d13c565163d1e88e1d38f48d0b81045,0.0,GCCAAGTGACTGTGATGCAGTTCAGGAAAGGGGCCAGAGGAGCCTCAGGCTGGTCACACTTAGTGCCTGTAGCTTTGGGCATCCATCCAGTCTAGGGGGGCATGAAGAGCAATGGAAATGTAATCTAACATGGTGCATAGACGGCAAAAAGCGTGGTCCAGCTGCTAAGACTCTGCTCTTAACAAGAACTTTGCACAACT,06fbbd741e78b84bba469c320f9add0c3a742242d5dc9aa9103ea2e2e224e810,0.0090725701643409,GCCAAGTGACTGTGATGCAGTTCAGGAAAGGGGCCAGAGGAGCCTCAGGCTGGTCACACTTAGTGCCTGTAGCTTTGGGCATCCATCCAGTCTAGGGGGCCATGAAGAGCAATGGAAATGTAATCTAACATGGTGCATAGACAGCAAAAAGCGTGGTCCAGCTGCTAAGACTCTGCTCTTAACAAGAACTTTGCACAACT,1a5b00594c13b02f72e8f6bd04e6a4edbce64fda3f603d9ad5833ffb0566c844,0.222321607595741,GCCAAGTGACTGTGATGCAGTTCAGGAAAGGGGCCAGAGGAGCCTCAGGCTGGTCACACTTAGTGCCTGTAGCTTTGGGCATCCATCCAGTCTAGGGGGGCATGAAGAGCAATGGAAATGTAATCTAACATGGTGCATAGACAGCAAAAAGCGTGGTCCAGCTGCTAAGACTCTGCTCTTAACAAGAACTTTGCACAACT,ae338246cd0a7d2a0b24afd0280db594ea5bb7ad5f11223f7bd113246e1685ef,0.0866016507308878,0.1447925270291941,0.261364987079967,-302.36994865955785,-304.04628918273374,-294.0995844604913,-296.24272869271226,0.46680370904505253,1.0,0.1447925270291941,0.0,3,0.18241322494857048,0.18106719778262317,0.1474303780702046,0.1681972170938959,1.0
chr6:126069636:G:C;chr6:126069702:C:A;var1;middle;OL41|K562|83b66ef7ff29a487,chr6:126069636:G:C;chr6:126069702:C:A;var1;middle;OL41,K562,K562_region_01867,100,166,66,GCGGCCCTGCCAACGTGTGGTTTCCGGCTGGACCCCAACCCAGCCGCCGCCAGTCTCCCGGCGCCCCTGGCTGGGTCTCGCTCAGTCCCTGCCCTCGCAGACGCACAGCGGGGTGGCCAGTTCAAAAGTCCTACATAACTTGGAGAGAACCAGCAGCTAGAAAACCTGTTTTAAACACACAGCTTGAGTTTTATACAACC,dce14a91331674809b0316754d42326d494d574874856b94515333da35707a4d,0.0,GCGGCCCTGCCAACGTGTGGTTTCCGGCTGGACCCCAACCCAGCCGCCGCCAGTCTCCCGGCGCCCCTGGCTGGGTCTCGCTCAGTCCCTGCCCTCGCACACGCACAGCGGGGTGGCCAGTTCAAAAGTCCTACATAACTTGGAGAGAACCAGCAGCTAGAAAACCTGTTTTAAACACACAGCTTGAGTTTTATACAACC,be4628998ef42e28986ed15e5e43dac21e96573d14c69f9434518e8dbe66a78b,0.182478830394785,GCGGCCCTGCCAACGTGTGGTTTCCGGCTGGACCCCAACCCAGCCGCCGCCAGTCTCCCGGCGCCCCTGGCTGGGTCTCGCTCAGTCCCTGCCCTCGCAGACGCACAGCGGGGTGGCCAGTTCAAAAGTCCTACATAACTTGGAGAGAACCAGCAGCTAGAAAACATGTTTTAAACACACAGCTTGAGTTTTATACAACC,3050d74710bd5ede74b6414c595f56b16b600e9fcf554ad822cff0a0d83cbc05,0.0527044589559454,GCGGCCCTGCCAACGTGTGGTTTCCGGCTGGACCCCAACCCAGCCGCCGCCAGTCTCCCGGCGCCCCTGGCTGGGTCTCGCTCAGTCCCTGCCCTCGCACACGCACAGCGGGGTGGCCAGTTCAAAAGTCCTACATAACTTGGAGAGAACCAGCAGCTAGAAAACATGTTTTAAACACACAGCTTGAGTTTTATACAACC,83b66ef7ff29a48752ee051f0b5ad61bdd1830b21b047b9c23e74499b938aa02,-0.246581332790396,0.4817646221411264,0.508132334016053,-370.4925430417061,-336.46878242865205,-396.3600954599679,-362.9862546492368,0.6499198023229837,1.0,0.4817646221411264,0.0,0,0.18661080353595566,0.18565657667894103,0.15145376406925343,0.24920520119901649,1.0
chr6:130923678:G:A;chr6:130923720:C:T;var1;middle;OL41|K562|cac9cb2c39193112,chr6:130923678:G:A;chr6:130923720:C:T;var1;middle;OL41,K562,K562_region_01868,100,142,42,TCCCTGGTTTTTATGAGTTACCATGATTCATCGTTCCAGGGGAAGGAGCTGAGCAAGAATCATTTCCGTGGCTTCTCAGGAGTTCCTGAAAGATCACACGCTACAGCATGAAAGCGGAAAGACTGATTCATAATGATAGCACCAAATATCAAATCAAACATCTAAATACAAAGTGTGCATGCTTGATATGTGATTATCAG,d1be673ace7b194562a0ae68d7b9ce324826e89ac1727582977230a40b4abee3,0.0,TCCCTGGTTTTTATGAGTTACCATGATTCATCGTTCCAGGGGAAGGAGCTGAGCAAGAATCATTTCCGTGGCTTCTCAGGAGTTCCTGAAAGATCACACACTACAGCATGAAAGCGGAAAGACTGATTCATAATGATAGCACCAAATATCAAATCAAACATCTAAATACAAAGTGTGCATGCTTGATATGTGATTATCAG,44650447f61fd7ee388b76d7f4692c8a617a3e90c9b6215ac3ece20e98da9d28,-0.402466988440576,TCCCTGGTTTTTATGAGTTACCATGATTCATCGTTCCAGGGGAAGGAGCTGAGCAAGAATCATTTCCGTGGCTTCTCAGGAGTTCCTGAAAGATCACACGCTACAGCATGAAAGCGGAAAGACTGATTCATAATGATAGCATCAAATATCAAATCAAACATCTAAATACAAAGTGTGCATGCTTGATATGTGATTATCAG,ca483cf7ee1e0e5fe3033781698ec3cded11f076a02a5a2ccefaa14aa7a130d9,-1.16259188462941,TCCCTGGTTTTTATGAGTTACCATGATTCATCGTTCCAGGGGAAGGAGCTGAGCAAGAATCATTTCCGTGGCTTCTCAGGAGTTCCTGAAAGATCACACACTACAGCATGAAAGCGGAAAGACTGATTCATAATGATAGCATCAAATATCAAATCAAACATCTAAATACAAAGTGTGCATGCTTGATATGTGATTATCAG,cac9cb2c39193112d5dd8d3bebf95327d4a448f24c83c66a45e113a52ccf6975,-1.21377817207452,-0.3512807009954661,0.356382083679234,-320.55789556656964,-319.29901379696093,-314.25110351201147,-314.09986588871107,1.1076441463083029,1.0,-0.3512807009954661,0.0,3,0.183703996408556,0.18106719778262317,0.1474303780702046,0.26831249019704717,1.0
chr6:13408794:A:G;chr6:13408874:T:C;var1;middle;OL41|K562|6246630bf3edc9f4,chr6:13408794:A:G;chr6:13408874:T:C;var1;middle;OL41,K562,K562_region_01821,100,180,80,ATGTCTGCCTGCAAGGACCTCCCCATGTGACCTGGCAGGGAGAAAAGATAATGAGGAGCTCAGGTGAACAACTCAGGACCTGAGGAAAGTAGGCCAGTGAGTCAAAATAAAATCCAGCCAGGAGCAAACAGAAGAGTTAATGAACAGGAGATCACCTGATGCCCGGGCCCCTCTACCTTTAGCGATTTCATGTCCGAAGG,4fc4a91fce71e2ce96fda0cb350df62619f0a4c64042aefa91c4e89e6e9d1ecd,0.0,ATGTCTGCCTGCAAGGACCTCCCCATGTGACCTGGCAGGGAGAAAAGATAATGAGGAGCTCAGGTGAACAACTCAGGACCTGAGGAAAGTAGGCCAGTGGGTCAAAATAAAATCCAGCCAGGAGCAAACAGAAGAGTTAATGAACAGGAGATCACCTGATGCCCGGGCCCCTCTACCTTTAGCGATTTCATGTCCGAAGG,f346d36913032c4dc12c1540c08c48248b3ea19daca939513954d9cccb9c5246,0.165017934649224,ATGTCTGCCTGCAAGGACCTCCCCATGTGACCTGGCAGGGAGAAAAGATAATGAGGAGCTCAGGTGAACAACTCAGGACCTGAGGAAAGTAGGCCAGTGAGTCAAAATAAAATCCAGCCAGGAGCAAACAGAAGAGTTAATGAACAGGAGATCACCTGATGCCCGGGCCCCTCTACCTTCAGCGATTTCATGTCCGAAGG,d7746e7dce3bbbe578c66be68020271b92e12c3bae710d3a605affea9784611a,-0.376638689538297,ATGTCTGCCTGCAAGGACCTCCCCATGTGACCTGGCAGGGAGAAAAGATAATGAGGAGCTCAGGTGAACAACTCAGGACCTGAGGAAAGTAGGCCAGTGGGTCAAAATAAAATCCAGCCAGGAGCAAACAGAAGAGTTAATGAACAGGAGATCACCTGATGCCCGGGCCCCTCTACCTTCAGCGATTTCATGTCCGAAGG,6246630bf3edc9f47d857af12531c1e26b62a84b6b3a4e4e0c187e609730bf88,-0.0841313433518541,0.1274894115372188,0.356659937045947,-364.2087101454381,-360.7866357578896,-368.5603788543958,-365.3469947418198,-0.20869027497246861,-1.0,-0.1274894115372188,0.0,0,0.18550801470972494,0.18565657667894103,0.15145376406925343,0.22276574850159572,1.0
chr6:135376379:T:G;chr6:135376409:G:T;var1;middle;OL41|K562|c8bb3853a11e736c,chr6:135376379:T:G;chr6:135376409:G:T;var1;middle;OL41,K562,K562_region_01869,100,130,30,TTTATCAAACTTTGATCTTTCATTAAGCACACAGTGGGCATTCAACAAACTTGTGTAAACTTGGAATCAGATTTAGCCCAGGCCGGTGCGGTGGCTCCTTCCTGTAATCCCAGCACTTTGGGAAGCCTAGGAGGGCGGATCGCTTGAACTCAGGTGTTCGAGACCAGCCTGAGCAACATAGCGAGGCTCCGTCTCTACAA,50d594af6bf58f9287c2e6d39e8a892ab7dec7af45403effe657ed56bbc89069,0.0,TTTATCAAACTTTGATCTTTCATTAAGCACACAGTGGGCATTCAACAAACTTGTGTAAACTTGGAATCAGATTTAGCCCAGGCCGGTGCGGTGGCTCCTGCCTGTAATCCCAGCACTTTGGGAAGCCTAGGAGGGCGGATCGCTTGAACTCAGGTGTTCGAGACCAGCCTGAGCAACATAGCGAGGCTCCGTCTCTACAA,c34d641cabebf54551c035e62b3acd80b56f93f93dc7b111f9b535daca6a8b14,0.0262859099212446,TTTATCAAACTTTGATCTTTCATTAAGCACACAGTGGGCATTCAACAAACTTGTGTAAACTTGGAATCAGATTTAGCCCAGGCCGGTGCGGTGGCTCCTTCCTGTAATCCCAGCACTTTGGGAAGCCTATGAGGGCGGATCGCTTGAACTCAGGTGTTCGAGACCAGCCTGAGCAACATAGCGAGGCTCCGTCTCTACAA,4e7a7dde1c33de3e3179bb37b3426c703cca673219766a93db9c4fa78b5be1ae,0.0677290974160841,TTTATCAAACTTTGATCTTTCATTAAGCACACAGTGGGCATTCAACAAACTTGTGTAAACTTGGAATCAGATTTAGCCCAGGCCGGTGCGGTGGCTCCTGCCTGTAATCCCAGCACTTTGGGAAGCCTATGAGGGCGGATCGCTTGAACTCAGGTGTTCGAGACCAGCCTGAGCAACATAGCGAGGCTCCGTCTCTACAA,c8bb3853a11e736cd99c9b5e6b7dbe619a4cda289a639742e46fdd4f3b9a879d,-0.0918711844680981,0.1858861918054268,0.283699308640643,-172.76474208990112,-166.0126226535067,-180.82995535247028,-176.40020346501842,2.322367548942566,1.0,0.1858861918054268,0.0,0,0.1887588760268311,0.18565657667894103,0.15145376406925343,0.19623515391303276,1.0
chr6:135419018:T:C;chr6:135419039:C:A;var1;middle;OL27|K562|6cb695322fe5ad62,chr6:135419018:T:C;chr6:135419039:C:A;var1;middle;OL27,K562,K562_region_01870,100,121,21,AGACATTTTTCATGTCATTAGATATTTTGTACAACATCACCTTAAAAGGCGGTATTGTATGGATATACAATAATGTAATTAACTGAACATATGGTTATTTACAGTTTTTTCACAAGCAACCCTGCTGTATTTCTGTGCACAGATATAGTTAAAATCTTGGGATAAGTTCTGAAAGTGGAATCACTTGAACAAATGTTTTT,6af0c157b5884cd2303bd46947972d377c7bec2a00f9f3671bf0b794cde459f3,0.0,AGACATTTTTCATGTCATTAGATATTTTGTACAACATCACCTTAAAAGGCGGTATTGTATGGATATACAATAATGTAATTAACTGAACATATGGTTATTCACAGTTTTTTCACAAGCAACCCTGCTGTATTTCTGTGCACAGATATAGTTAAAATCTTGGGATAAGTTCTGAAAGTGGAATCACTTGAACAAATGTTTTT,ec1751e6d1967ac7537e0e9b6bd3deae5fabec84f14a16395f08625add296bd8,0.126251703161738,AGACATTTTTCATGTCATTAGATATTTTGTACAACATCACCTTAAAAGGCGGTATTGTATGGATATACAATAATGTAATTAACTGAACATATGGTTATTTACAGTTTTTTCACAAGCAACACTGCTGTATTTCTGTGCACAGATATAGTTAAAATCTTGGGATAAGTTCTGAAAGTGGAATCACTTGAACAAATGTTTTT,0bbd0ddb4c4f5e9c4e4e0d7e0e077d09d659a802a0ffc6e9ed2663241edff884,0.132591521844561,AGACATTTTTCATGTCATTAGATATTTTGTACAACATCACCTTAAAAGGCGGTATTGTATGGATATACAATAATGTAATTAACTGAACATATGGTTATTCACAGTTTTTTCACAAGCAACACTGCTGTATTTCTGTGCACAGATATAGTTAAAATCTTGGGATAAGTTCTGAAAGTGGAATCACTTGAACAAATGTTTTT,6cb695322fe5ad62b0de1951312185f5b91efed1ee65693dcfc48a126de9e1a9,0.077524396015373,0.1813188289909259,0.107583477222066,-301.0976028656587,-301.47759630158544,-300.9001723630354,-301.69798663351685,0.41782083455473185,1.0,0.1813188289909259,0.0,0,0.18631269831333733,0.18565657667894103,0.15145376406925343,0.42743617431586245,1.0
chr6:135419018:T:C;chr6:135419042:G:A;var1;middle;OL27|K562|096f78b48d5c5c39,chr6:135419018:T:C;chr6:135419042:G:A;var1;middle;OL27,K562,K562_region_01870,100,124,24,AGACATTTTTCATGTCATTAGATATTTTGTACAACATCACCTTAAAAGGCGGTATTGTATGGATATACAATAATGTAATTAACTGAACATATGGTTATTTACAGTTTTTTCACAAGCAACCCTGCTGTATTTCTGTGCACAGATATAGTTAAAATCTTGGGATAAGTTCTGAAAGTGGAATCACTTGAACAAATGTTTTT,6af0c157b5884cd2303bd46947972d377c7bec2a00f9f3671bf0b794cde459f3,0.0,AGACATTTTTCATGTCATTAGATATTTTGTACAACATCACCTTAAAAGGCGGTATTGTATGGATATACAATAATGTAATTAACTGAACATATGGTTATTCACAGTTTTTTCACAAGCAACCCTGCTGTATTTCTGTGCACAGATATAGTTAAAATCTTGGGATAAGTTCTGAAAGTGGAATCACTTGAACAAATGTTTTT,ec1751e6d1967ac7537e0e9b6bd3deae5fabec84f14a16395f08625add296bd8,0.128728076326078,AGACATTTTTCATGTCATTAGATATTTTGTACAACATCACCTTAAAAGGCGGTATTGTATGGATATACAATAATGTAATTAACTGAACATATGGTTATTTACAGTTTTTTCACAAGCAACCCTACTGTATTTCTGTGCACAGATATAGTTAAAATCTTGGGATAAGTTCTGAAAGTGGAATCACTTGAACAAATGTTTTT,a4509f20bd7d67e697b8faec39c19caf9406d991cb1c294b5cba95314f4bc9e6,0.0814200198600888,AGACATTTTTCATGTCATTAGATATTTTGTACAACATCACCTTAAAAGGCGGTATTGTATGGATATACAATAATGTAATTAACTGAACATATGGTTATTCACAGTTTTTTCACAAGCAACCCTACTGTATTTCTGTGCACAGATATAGTTAAAATCTTGGGATAAGTTCTGAAAGTGGAATCACTTGAACAAATGTTTTT,096f78b48d5c5c396fa6ffdec028e1579b7956f0bb3b5c256a2a572ec210d94e,0.103141097556798,0.1070069986293688,0.148579930538569,-301.0976028656587,-301.47759630158544,-299.0467925569974,-298.6502673062496,-0.7765186866745353,1.0,0.1070069986293688,0.0,0,0.18477870248267328,0.18565657667894103,0.15145376406925343,0.35995636583693474,1.0
chr6:135419039:C:A;chr6:135419042:G:A;var1;middle;OL27|K562|62a58da1452cfe68,chr6:135419039:C:A;chr6:135419042:G:A;var1;middle;OL27,K562,K562_region_01870,100,103,3,ATATTTTGTACAACATCACCTTAAAAGGCGGTATTGTATGGATATACAATAATGTAATTAACTGAACATATGGTTATTTACAGTTTTTTCACAAGCAACCCTGCTGTATTTCTGTGCACAGATATAGTTAAAATCTTGGGATAAGTTCTGAAAGTGGAATCACTTGAACAAATGTTTTTAATGCTTGCCAAAGTGCTTCT,7fd417367d8bc97776f1206484df077f3493e976d3da331c4bbd385ce5b9a254,0.0,ATATTTTGTACAACATCACCTTAAAAGGCGGTATTGTATGGATATACAATAATGTAATTAACTGAACATATGGTTATTTACAGTTTTTTCACAAGCAACACTGCTGTATTTCTGTGCACAGATATAGTTAAAATCTTGGGATAAGTTCTGAAAGTGGAATCACTTGAACAAATGTTTTTAATGCTTGCCAAAGTGCTTCT,2e711f1f3b79429a4a3b73147d571aaf01ea0ced17e3e99566aaabafbd123971,-0.0237340450984865,ATATTTTGTACAACATCACCTTAAAAGGCGGTATTGTATGGATATACAATAATGTAATTAACTGAACATATGGTTATTTACAGTTTTTTCACAAGCAACCCTACTGTATTTCTGTGCACAGATATAGTTAAAATCTTGGGATAAGTTCTGAAAGTGGAATCACTTGAACAAATGTTTTTAATGCTTGCCAAAGTGCTTCT,12bb9696ff5e1a60f8a75048341c8d0fc8e23ea6d40dd22132806eb990a7de47,-0.0226203835084913,ATATTTTGTACAACATCACCTTAAAAGGCGGTATTGTATGGATATACAATAATGTAATTAACTGAACATATGGTTATTTACAGTTTTTTCACAAGCAACACTACTGTATTTCTGTGCACAGATATAGTTAAAATCTTGGGATAAGTTCTGAAAGTGGAATCACTTGAACAAATGTTTTTAATGCTTGCCAAAGTGCTTCT,62a58da1452cfe68a238cd01fa87702c23fc73414cdcc120fd1c13592b1e229f,0.127934405782472,0.1742888343894498,0.134038138861345,-328.43662670766935,-328.96046417951584,-331.9121626042761,-330.9428312173113,1.4931688588112593,-1.0,-0.1742888343894498,0.0,0,0.18769386284519884,0.18565657667894103,0.15145376406925343,0.36980307465509377,1.0
chr6:135419631:A:G;chr6:135419636:C:T;var1;middle;OL28|K562|7660116514d311e3,chr6:135419631:A:G;chr6:135419636:C:T;var1;middle;OL28,K562,K562_region_01871,100,105,5,GTGGCACAATCTCATCTCACTGCAACCTCCGCTTCCAGGGTTCAAGCAATTCTCGTGCCTCAGCCTCCTGGGTAGCTGAGATTACAGGCGCATGCAACCACACCCGACTAATTTTTTGTGTTTTAGTAGATACGATGTTTCACCGTGTTGCTCAGGTTGCTCTCGAACTCCTGAGCTCAGGCAATCCACCTGCCTCAGTC,cf62bb11ff32a77b5f31fcebae28bdcbb154ecb65068efa0d78bf0cb71051ae7,0.0,GTGGCACAATCTCATCTCACTGCAACCTCCGCTTCCAGGGTTCAAGCAATTCTCGTGCCTCAGCCTCCTGGGTAGCTGAGATTACAGGCGCATGCAACCGCACCCGACTAATTTTTTGTGTTTTAGTAGATACGATGTTTCACCGTGTTGCTCAGGTTGCTCTCGAACTCCTGAGCTCAGGCAATCCACCTGCCTCAGTC,9ebe7efebd7629da3bbf73edbb1142fa7f50f501f8920fcfaabf80a52ed348ea,0.0016554976420167,GTGGCACAATCTCATCTCACTGCAACCTCCGCTTCCAGGGTTCAAGCAATTCTCGTGCCTCAGCCTCCTGGGTAGCTGAGATTACAGGCGCATGCAACCACACCTGACTAATTTTTTGTGTTTTAGTAGATACGATGTTTCACCGTGTTGCTCAGGTTGCTCTCGAACTCCTGAGCTCAGGCAATCCACCTGCCTCAGTC,02a02546932cfd1f49c52fdc22c08a248f2f0b189330c47da9057b4d883c53f5,0.224200733778128,GTGGCACAATCTCATCTCACTGCAACCTCCGCTTCCAGGGTTCAAGCAATTCTCGTGCCTCAGCCTCCTGGGTAGCTGAGATTACAGGCGCATGCAACCGCACCTGACTAATTTTTTGTGTTTTAGTAGATACGATGTTTCACCGTGTTGCTCAGGTTGCTCTCGAACTCCTGAGCTCAGGCAATCCACCTGCCTCAGTC,7660116514d311e3ab42407e10dc7e38b7def18ee6839f44cd79885b699c4970,0.206678856883815,0.0191773745363297,0.204079019929801,-98.33592101279646,-102.04325353913008,-96.4010289926082,-100.64509106148034,0.5367295425385237,1.0,0.0191773745363297,0.0,4,0.17686455494745432,0.17620727786206916,0.145609630836647,0.16937982617171565,1.0
chr6:135419631:A:G;chr6:135419688:T:C;var1;middle;OL31|K562|36d38e527a26fbb7,chr6:135419631:A:G;chr6:135419688:T:C;var1;middle;OL31,K562,K562_region_01871,100,157,57,GTGGCACAATCTCATCTCACTGCAACCTCCGCTTCCAGGGTTCAAGCAATTCTCGTGCCTCAGCCTCCTGGGTAGCTGAGATTACAGGCGCATGCAACCACACCCGACTAATTTTTTGTGTTTTAGTAGATACGATGTTTCACCGTGTTGCTCAGGTTGCTCTCGAACTCCTGAGCTCAGGCAATCCACCTGCCTCAGTC,cf62bb11ff32a77b5f31fcebae28bdcbb154ecb65068efa0d78bf0cb71051ae7,0.0,GTGGCACAATCTCATCTCACTGCAACCTCCGCTTCCAGGGTTCAAGCAATTCTCGTGCCTCAGCCTCCTGGGTAGCTGAGATTACAGGCGCATGCAACCGCACCCGACTAATTTTTTGTGTTTTAGTAGATACGATGTTTCACCGTGTTGCTCAGGTTGCTCTCGAACTCCTGAGCTCAGGCAATCCACCTGCCTCAGTC,9ebe7efebd7629da3bbf73edbb1142fa7f50f501f8920fcfaabf80a52ed348ea,0.281435764710071,GTGGCACAATCTCATCTCACTGCAACCTCCGCTTCCAGGGTTCAAGCAATTCTCGTGCCTCAGCCTCCTGGGTAGCTGAGATTACAGGCGCATGCAACCACACCCGACTAATTTTTTGTGTTTTAGTAGATACGATGTTTCACCGTGTTGCTCAGGCTGCTCTCGAACTCCTGAGCTCAGGCAATCCACCTGCCTCAGTC,7aabc7e14fb178f819ffc02c1f5bac6a4e44eddd9be2438e7237afa83cfc1055,0.349088055955886,GTGGCACAATCTCATCTCACTGCAACCTCCGCTTCCAGGGTTCAAGCAATTCTCGTGCCTCAGCCTCCTGGGTAGCTGAGATTACAGGCGCATGCAACCGCACCCGACTAATTTTTTGTGTTTTAGTAGATACGATGTTTCACCGTGTTGCTCAGGCTGCTCTCGAACTCCTGAGCTCAGGCAATCCACCTGCCTCAGTC,36d38e527a26fbb70810de602f5fa3d3459b326169962aa3286a910402992edd,0.373561199485017,0.2569626211809399,0.404519705898373,-98.33592101279646,-102.04325353913008,-94.82233468256892,-98.5782541288063,0.04858691990375519,1.0,0.2569626211809399,0.0,4,0.1762595454560683,0.17620727786206916,0.145609630836647,0.21146296007841023,1.0
chr6:135419636:C:T;chr6:135419688:T:C;var1;middle;OL31|K562|b837a6c13733ce15,chr6:135419636:C:T;chr6:135419688:T:C;var1;middle;OL31,K562,K562_region_01871,100,152,52,ACAATCTCATCTCACTGCAACCTCCGCTTCCAGGGTTCAAGCAATTCTCGTGCCTCAGCCTCCTGGGTAGCTGAGATTACAGGCGCATGCAACCACACCCGACTAATTTTTTGTGTTTTAGTAGATACGATGTTTCACCGTGTTGCTCAGGTTGCTCTCGAACTCCTGAGCTCAGGCAATCCACCTGCCTCAGTCTCCTA,125c79ee270587a9169a8fdc3895fbc1888d9d3cbf1b966d64be06aeacc8563c,0.0,ACAATCTCATCTCACTGCAACCTCCGCTTCCAGGGTTCAAGCAATTCTCGTGCCTCAGCCTCCTGGGTAGCTGAGATTACAGGCGCATGCAACCACACCTGACTAATTTTTTGTGTTTTAGTAGATACGATGTTTCACCGTGTTGCTCAGGTTGCTCTCGAACTCCTGAGCTCAGGCAATCCACCTGCCTCAGTCTCCTA,b63a94fd9f9d9ba6966d8a44c735410605992f505537c8aa3a8ef243f71195cb,-0.244356481674049,ACAATCTCATCTCACTGCAACCTCCGCTTCCAGGGTTCAAGCAATTCTCGTGCCTCAGCCTCCTGGGTAGCTGAGATTACAGGCGCATGCAACCACACCCGACTAATTTTTTGTGTTTTAGTAGATACGATGTTTCACCGTGTTGCTCAGGCTGCTCTCGAACTCCTGAGCTCAGGCAATCCACCTGCCTCAGTCTCCTA,10691dec91c4aa2e241a5f90c4e310f0f7ef726f102de20b37df59578a8ed589,0.219822491183199,ACAATCTCATCTCACTGCAACCTCCGCTTCCAGGGTTCAAGCAATTCTCGTGCCTCAGCCTCCTGGGTAGCTGAGATTACAGGCGCATGCAACCACACCTGACTAATTTTTTGTGTTTTAGTAGATACGATGTTTCACCGTGTTGCTCAGGCTGCTCTCGAACTCCTGAGCTCAGGCAATCCACCTGCCTCAGTCTCCTA,b837a6c13733ce15de191ceb7064cfb7d43704e61c4bb1fe52ea6568f9a51dd0,-0.227252745668346,-0.202718755177496,0.400486265625268,-101.52825031988324,-99.82252893596888,-98.2793506719172,-96.56855063140392,0.00507865659891138,-1.0,0.202718755177496,0.0,4,0.17620562082209335,0.17620727786206916,0.145609630836647,0.21124821926725468,1.0
chr6:138142737:A:G;chr6:138142754:G:A;var1;middle;OL41|K562|e8d17898c89ae7b1,chr6:138142737:A:G;chr6:138142754:G:A;var1;middle;OL41,K562,K562_region_01872,100,117,17,TGACATTTAAACTAACTCCTGAAAACTATGTGAAAGTAAGCAGAAGGGGATGGCAGATGAAATATTCTGATTAATACTTCAAGAAGCAGAAACAATGGGAATAAAAGAATCTTGCCGTTTCAAGGAAGTATCATAATGTGTTCCAGAAAAAGGAAACAACATATTGCAAGTCCAGGAGGAAAAAAATTTGACCTAAATTA,3f89df8253fee46b09dcd796921e58248c258f12ffb4bd78dedba0032f4ec531,0.0,TGACATTTAAACTAACTCCTGAAAACTATGTGAAAGTAAGCAGAAGGGGATGGCAGATGAAATATTCTGATTAATACTTCAAGAAGCAGAAACAATGGGGATAAAAGAATCTTGCCGTTTCAAGGAAGTATCATAATGTGTTCCAGAAAAAGGAAACAACATATTGCAAGTCCAGGAGGAAAAAAATTTGACCTAAATTA,f6a40d0b4221d8cdeff2667de74669c81689cf0d2cdb860c8219de1a7a9de654,-0.639780868310281,TGACATTTAAACTAACTCCTGAAAACTATGTGAAAGTAAGCAGAAGGGGATGGCAGATGAAATATTCTGATTAATACTTCAAGAAGCAGAAACAATGGGAATAAAAGAATCTTGCCATTTCAAGGAAGTATCATAATGTGTTCCAGAAAAAGGAAACAACATATTGCAAGTCCAGGAGGAAAAAAATTTGACCTAAATTA,d8a2b95010712a91cb04f2cffd342407651643776af9cd8961c17c6a70c99268,-0.265682142085749,TGACATTTAAACTAACTCCTGAAAACTATGTGAAAGTAAGCAGAAGGGGATGGCAGATGAAATATTCTGATTAATACTTCAAGAAGCAGAAACAATGGGGATAAAAGAATCTTGCCATTTCAAGGAAGTATCATAATGTGTTCCAGAAAAAGGAAACAACATATTGCAAGTCCAGGAGGAAAAAAATTTGACCTAAATTA,e8d17898c89ae7b1f216045e2cb592e398e55a2f673c805437c9645c2da8b7d3,-0.274787038699482,0.630675971696548,0.544187952282962,-332.6864424319938,-323.97557553555816,-379.66405049699824,-368.2061467263848,2.747036874177809,-1.0,-0.630675971696548,0.0,2,0.17919437616179237,0.17490732828716207,0.146091925319964,0.19320579976303826,1.0
chr6:138243700:G:A;chr6:138243739:C:T;var1;middle;OL33|K562|0d76abaf8683f3af,chr6:138243700:G:A;chr6:138243739:C:T;var1;middle;OL33,K562,K562_region_01873,100,139,39,GCCCCTTTTTTTTGGACATGTCACTCTGAGCCTTTAGGTCTGGGTTTCCTCATCTGTGATTTATATAAATGACTCTCGAAGGGTGGTGGGAAGTGGGACGGGGAAGACATGCCTCCTTAGGGAAGTCCACCAGAATTTCGAGGGCAGTGGTTTTCAACCCACCTTGCACATGAGAATCACCTGGGGAACTTAAAAAAATT,13c290e3475646e934fb1251ec33e5cded32d2d6459bdb70b2e688e29a8d4c1a,0.0,GCCCCTTTTTTTTGGACATGTCACTCTGAGCCTTTAGGTCTGGGTTTCCTCATCTGTGATTTATATAAATGACTCTCGAAGGGTGGTGGGAAGTGGGACAGGGAAGACATGCCTCCTTAGGGAAGTCCACCAGAATTTCGAGGGCAGTGGTTTTCAACCCACCTTGCACATGAGAATCACCTGGGGAACTTAAAAAAATT,5a24e37a231e13a2fad1c39a0ac8396ee0285d0612c033e946f31b1d52fb5e6f,0.0936575941387722,GCCCCTTTTTTTTGGACATGTCACTCTGAGCCTTTAGGTCTGGGTTTCCTCATCTGTGATTTATATAAATGACTCTCGAAGGGTGGTGGGAAGTGGGACGGGGAAGACATGCCTCCTTAGGGAAGTCCACCAGAATTTTGAGGGCAGTGGTTTTCAACCCACCTTGCACATGAGAATCACCTGGGGAACTTAAAAAAATT,51f5c79ff790cd3deb66ddf6bbec520679880be942a2e3f50faeb20873e0fb05,-0.120072520045986,GCCCCTTTTTTTTGGACATGTCACTCTGAGCCTTTAGGTCTGGGTTTCCTCATCTGTGATTTATATAAATGACTCTCGAAGGGTGGTGGGAAGTGGGACAGGGAAGACATGCCTCCTTAGGGAAGTCCACCAGAATTTTGAGGGCAGTGGTTTTCAACCCACCTTGCACATGAGAATCACCTGGGGAACTTAAAAAAATT,0d76abaf8683f3af5071491333c3cc251ef6eb66a1ad73e47c98317058ec0c85,0.973270427719445,0.9996853536266588,0.187240514899706,-345.1656523363199,-333.30488248728216,-347.13271796144545,-331.6276673402172,3.644280772190484,-1.0,-0.9996853536266588,0.0,1,0.18607299622635473,0.18216460459877223,0.1501433469024087,0.18038953362405624,1.0
chr6:138426976:C:G;chr6:138427047:A:G;var1;middle;OL41|K562|b9f710f360ed8350,chr6:138426976:C:G;chr6:138427047:A:G;var1;middle;OL41,K562,K562_region_01874,100,171,71,GTTAGGTCCCCTAGAAGAGACTGAGTTCAGATGCATTTTAACTAGAAGATAGAGGTACATTATTTCAAAAAACAATTAATTCGCTTTAAAAACCTAAAACACTGGAGATGATACAAACCTGAGCTGGCACAGTGTATGGGTTTTCAGAGAAGAAAACACACAAACTGCAAAGAAAGCTGGAATTTTCTGCAGTGTTTACA,b14798149f5e30acb9b98c95c4e62b3d7b46b9ffb654c5e9e9aeaf3be826f01c,0.0,GTTAGGTCCCCTAGAAGAGACTGAGTTCAGATGCATTTTAACTAGAAGATAGAGGTACATTATTTCAAAAAACAATTAATTCGCTTTAAAAACCTAAAAGACTGGAGATGATACAAACCTGAGCTGGCACAGTGTATGGGTTTTCAGAGAAGAAAACACACAAACTGCAAAGAAAGCTGGAATTTTCTGCAGTGTTTACA,020673b78684a051a6506ca9b674205c4c86b963a517f207057d360ddb903fb1,-0.181074516079378,GTTAGGTCCCCTAGAAGAGACTGAGTTCAGATGCATTTTAACTAGAAGATAGAGGTACATTATTTCAAAAAACAATTAATTCGCTTTAAAAACCTAAAACACTGGAGATGATACAAACCTGAGCTGGCACAGTGTATGGGTTTTCAGAGAAGAAAACACACAAACTGCAAGGAAAGCTGGAATTTTCTGCAGTGTTTACA,1d4c94d5c6a055bdb9ab7199466dbc62848d45d6d92ae6e081336d20d65cf714,0.120729254883842,GTTAGGTCCCCTAGAAGAGACTGAGTTCAGATGCATTTTAACTAGAAGATAGAGGTACATTATTTCAAAAAACAATTAATTCGCTTTAAAAACCTAAAAGACTGGAGATGATACAAACCTGAGCTGGCACAGTGTATGGGTTTTCAGAGAAGAAAACACACAAACTGCAAGGAAAGCTGGAATTTTCTGCAGTGTTTACA,b9f710f360ed8350467da52aae27b0162d869444e90c74f92312dc320f6df4b7,0.0441692504685884,0.1045145116641244,0.370971553142737,-344.73380067548715,-349.13871578732505,-340.7724146221299,-347.3584589972161,-2.1811292632482946,-1.0,-0.1045145116641244,0.0,1,0.18014599179993282,0.18216460459877223,0.1501433469024087,0.14486242690598544,1.0
chr6:138427424:C:T;chr6:138427428:A:C;var1;middle;OL41|K562|739b7f7ed9711345,chr6:138427424:C:T;chr6:138427428:A:C;var1;middle;OL41,K562,K562_region_01875,100,104,4,TTTGGCTTTAAGGTTTTATTAGGCTCTCACAGACCCCATCTCCACCCCCACACACATTGCTAATCACAGTAGACCCCAGCTGTGATTCCCATCCACCCCCAGGAAAGGAGAGGGGGCTTCCCACTGTGAAAGAAAATGCCTTCTCAGACAAGAACTATGCTCCAGTCCTGACTTTCAGCAAGGCAAGCAGGGAGCTTCCT,c7386fcda7c03159e63acb43b13df4794687987af969b12e2ef65ae4e00af198,0.0,TTTGGCTTTAAGGTTTTATTAGGCTCTCACAGACCCCATCTCCACCCCCACACACATTGCTAATCACAGTAGACCCCAGCTGTGATTCCCATCCACCCCTAGGAAAGGAGAGGGGGCTTCCCACTGTGAAAGAAAATGCCTTCTCAGACAAGAACTATGCTCCAGTCCTGACTTTCAGCAAGGCAAGCAGGGAGCTTCCT,8c7b7cf73f6d4b65a469640fb84d9f4daffa54c1c3ce40912a711105ee654ea5,0.330815967763092,TTTGGCTTTAAGGTTTTATTAGGCTCTCACAGACCCCATCTCCACCCCCACACACATTGCTAATCACAGTAGACCCCAGCTGTGATTCCCATCCACCCCCAGGCAAGGAGAGGGGGCTTCCCACTGTGAAAGAAAATGCCTTCTCAGACAAGAACTATGCTCCAGTCCTGACTTTCAGCAAGGCAAGCAGGGAGCTTCCT,6b8e06942ddbf5ff5a0309f3bb99aa56ef789fe9895e561f7e4610248dae07cd,0.231942858745017,TTTGGCTTTAAGGTTTTATTAGGCTCTCACAGACCCCATCTCCACCCCCACACACATTGCTAATCACAGTAGACCCCAGCTGTGATTCCCATCCACCCCTAGGCAAGGAGAGGGGGCTTCCCACTGTGAAAGAAAATGCCTTCTCAGACAAGAACTATGCTCCAGTCCTGACTTTCAGCAAGGCAAGCAGGGAGCTTCCT,739b7f7ed97113450f0a25e0284fed7be36e7fe5bb93b2e15b495147107f627d,0.170208846520566,0.392549979987543,0.471669670615599,-272.1883697058074,-262.86929213628173,-272.8793608378619,-251.5930768698454,-11.967206398490816,1.0,0.392549979987543,0.0,3,0.15736882318060655,0.18106719778262317,0.1474303780702046,0.32650447605369226,1.0
chr6:138430171:C:T;chr6:138430225:C:T;var1;middle;OL41|K562|c91c41622ed0d863,chr6:138430171:C:T;chr6:138430225:C:T;var1;middle;OL41,K562,K562_region_01876,100,154,54,ATACTGACCAGAAGCAAAGTGGCTTCAGACAAAATGAGAGTTTTGCAGGCATCTTAATATCTCTGGATAATTTTGGACTTGATATATATAATTTATTTTCGTTATTCAATGAAACCATTTCCGATGGGCTTGAGGAAAAGAGCTCATTAATGCCGAGGTGAACACAAAGAGATTAGCTCTTCACAATTTCTGGAAGAGAC,a12231734ee2f18e719a56d47c56303c0c65cfdd48bee9aa72527bb8321fec85,0.0,ATACTGACCAGAAGCAAAGTGGCTTCAGACAAAATGAGAGTTTTGCAGGCATCTTAATATCTCTGGATAATTTTGGACTTGATATATATAATTTATTTTTGTTATTCAATGAAACCATTTCCGATGGGCTTGAGGAAAAGAGCTCATTAATGCCGAGGTGAACACAAAGAGATTAGCTCTTCACAATTTCTGGAAGAGAC,dd076ee716654e10477a8ab7113fe16829199babe7766305c342a1ef1e3c097e,0.281635092715138,ATACTGACCAGAAGCAAAGTGGCTTCAGACAAAATGAGAGTTTTGCAGGCATCTTAATATCTCTGGATAATTTTGGACTTGATATATATAATTTATTTTCGTTATTCAATGAAACCATTTCCGATGGGCTTGAGGAAAAGAGCTCATTAATGCTGAGGTGAACACAAAGAGATTAGCTCTTCACAATTTCTGGAAGAGAC,eeef5912c47953a2e51d3fac386d07fdb17592b4541ec7803c7c99ca15f6c5c5,0.0694785155832228,ATACTGACCAGAAGCAAAGTGGCTTCAGACAAAATGAGAGTTTTGCAGGCATCTTAATATCTCTGGATAATTTTGGACTTGATATATATAATTTATTTTTGTTATTCAATGAAACCATTTCCGATGGGCTTGAGGAAAAGAGCTCATTAATGCTGAGGTGAACACAAAGAGATTAGCTCTTCACAATTTCTGGAAGAGAC,c91c41622ed0d8638fd023f6a0ba9737e0f82ad2d1721cb081fce5d958ce50c4,-0.0058793655138049,0.3569929738121657,0.350338521631693,-321.8276821980253,-322.5916642379016,-316.4640646483749,-318.21217483468354,0.9841281464323401,1.0,0.3569929738121657,0.0,0,0.18704005685741423,0.18565657667894103,0.15145376406925343,0.15213806104382027,1.0
chr6:139960170:A:T;chr6:139960195:A:C;var1;middle;OL28|K562|98dbefe9f9656f13,chr6:139960170:A:T;chr6:139960195:A:C;var1;middle;OL28,K562,K562_region_01877,100,125,25,TAAGTTGCCTCTGAAGAAAACGGACTTCTCCAAGGTCTTAGTAAATCAGTTGAAGCACAGGAAAGCTAATGCAATATTCTAGTTTTAAAATTTCTAAAAAGGAGATGCCTGGGTGTGGTGGCTCATACCTGTATTCCCAGCACTTTGGGAGGCCAAGATAGGAAGACTGCTCGAGGCCAAGAGTTTTAGACCAGCTTGGT,ad4f3199df3bc05498d788f61ec0f53b8aa1234880a4dab0fc3b49cbb15014c1,0.0,TAAGTTGCCTCTGAAGAAAACGGACTTCTCCAAGGTCTTAGTAAATCAGTTGAAGCACAGGAAAGCTAATGCAATATTCTAGTTTTAAAATTTCTAAAATGGAGATGCCTGGGTGTGGTGGCTCATACCTGTATTCCCAGCACTTTGGGAGGCCAAGATAGGAAGACTGCTCGAGGCCAAGAGTTTTAGACCAGCTTGGT,46990dc7114a9a99ced24a023e57b5eca5b6959220438634f2dfa53424a9eea1,-0.015384073847393,TAAGTTGCCTCTGAAGAAAACGGACTTCTCCAAGGTCTTAGTAAATCAGTTGAAGCACAGGAAAGCTAATGCAATATTCTAGTTTTAAAATTTCTAAAAAGGAGATGCCTGGGTGTGGTGGCTCCTACCTGTATTCCCAGCACTTTGGGAGGCCAAGATAGGAAGACTGCTCGAGGCCAAGAGTTTTAGACCAGCTTGGT,581cf20744635d3478631f7c4613baa1bcca914021236ec76fdca0d866add99a,0.0523910622344631,TAAGTTGCCTCTGAAGAAAACGGACTTCTCCAAGGTCTTAGTAAATCAGTTGAAGCACAGGAAAGCTAATGCAATATTCTAGTTTTAAAATTTCTAAAATGGAGATGCCTGGGTGTGGTGGCTCCTACCTGTATTCCCAGCACTTTGGGAGGCCAAGATAGGAAGACTGCTCGAGGCCAAGAGTTTTAGACCAGCTTGGT,98dbefe9f9656f134e7618a225f83bcc5cbec9b9387b1cadd228354aa3e71248,0.203239810722752,0.1662328223356819,0.127650962837588,-224.6219619356561,-211.8356328033842,-225.9001147132367,-213.6528348848224,-0.5390493038575812,-1.0,-0.1662328223356819,0.0,4,0.17553122246935823,0.17620727786206916,0.145609630836647,0.12287363709280744,1.0
chr6:141219522:A:G;chr6:141219600:T:A;var1;middle;OL41|K562|9d8e4d7127b76bdd,chr6:141219522:A:G;chr6:141219600:T:A;var1;middle;OL41,K562,K562_region_01878,100,178,78,AGATGCTTTAAAGAGTGAGCAAAGCAGGGTTTTACTGGGTGAAAAGGGAATAAAAGGGGGAAACAGGGATCCCAAGGAAGGCCACGATCACCTACTACAAGATTTCCTGCCTGCCATTGGAATCCCAGCTTCCACACAGGAAGAGGAGGGGCCAGGCTCCTCCTCCCTGCAAAGGGCTTGAACTTCCCCAGGCTCCACCC,568f05c0e96d45b1454fef5b6d5361029d6b59396adf6b779474ce2ab0505ff9,0.0,AGATGCTTTAAAGAGTGAGCAAAGCAGGGTTTTACTGGGTGAAAAGGGAATAAAAGGGGGAAACAGGGATCCCAAGGAAGGCCACGATCACCTACTACAGGATTTCCTGCCTGCCATTGGAATCCCAGCTTCCACACAGGAAGAGGAGGGGCCAGGCTCCTCCTCCCTGCAAAGGGCTTGAACTTCCCCAGGCTCCACCC,0d1e29d05d978b12613e743c63019dc57e0f6b939f5a7424fa42f302feb2cea6,0.0661692873939108,AGATGCTTTAAAGAGTGAGCAAAGCAGGGTTTTACTGGGTGAAAAGGGAATAAAAGGGGGAAACAGGGATCCCAAGGAAGGCCACGATCACCTACTACAAGATTTCCTGCCTGCCATTGGAATCCCAGCTTCCACACAGGAAGAGGAGGGGCCAGGCTCCTCCTCCCTGCAAAGGGCATGAACTTCCCCAGGCTCCACCC,7214c4476647ac39a5c7c03bfb72ee83dcdd74279c80e1dcc261620187cf7a42,0.302873542124303,AGATGCTTTAAAGAGTGAGCAAAGCAGGGTTTTACTGGGTGAAAAGGGAATAAAAGGGGGAAACAGGGATCCCAAGGAAGGCCACGATCACCTACTACAGGATTTCCTGCCTGCCATTGGAATCCCAGCTTCCACACAGGAAGAGGAGGGGCCAGGCTCCTCCTCCCTGCAAAGGGCATGAACTTCCCCAGGCTCCACCC,9d8e4d7127b76bdd81a1b32428af362850fae884978de3a8ec4589b8803c046f,0.543299033558839,-0.1742562040406252,0.163471604865872,-285.63354166795034,-279.5999317106325,-295.60325031506363,-290.80136023368686,1.231719875941053,1.0,-0.1742562040406252,0.0,0,0.18735806080354703,0.18565657667894103,0.15145376406925343,0.2618273517332685,1.0
chr6:141219538:A:G;chr6:141219600:T:A;var1;middle;OL41|K562|51cc6b27cd114325,chr6:141219538:A:G;chr6:141219600:T:A;var1;middle;OL41,K562,K562_region_01878,100,162,62,GAGCAAAGCAGGGTTTTACTGGGTGAAAAGGGAATAAAAGGGGGAAACAGGGATCCCAAGGAAGGCCACGATCACCTACTACAAGATTTCCTGCCTGCCATTGGAATCCCAGCTTCCACACAGGAAGAGGAGGGGCCAGGCTCCTCCTCCCTGCAAAGGGCTTGAACTTCCCCAGGCTCCACCCCAGTGGGCAGGCTGGC,cb089489f401ac601cfdc16e1f94270a02e999c01119ce63b63482153538fbf1,0.0,GAGCAAAGCAGGGTTTTACTGGGTGAAAAGGGAATAAAAGGGGGAAACAGGGATCCCAAGGAAGGCCACGATCACCTACTACAAGATTTCCTGCCTGCCGTTGGAATCCCAGCTTCCACACAGGAAGAGGAGGGGCCAGGCTCCTCCTCCCTGCAAAGGGCTTGAACTTCCCCAGGCTCCACCCCAGTGGGCAGGCTGGC,4a988205e18c17d3c950bb5e75daf70290ec2581525eb130915c5daaf226ce18,0.0262112277188595,GAGCAAAGCAGGGTTTTACTGGGTGAAAAGGGAATAAAAGGGGGAAACAGGGATCCCAAGGAAGGCCACGATCACCTACTACAAGATTTCCTGCCTGCCATTGGAATCCCAGCTTCCACACAGGAAGAGGAGGGGCCAGGCTCCTCCTCCCTGCAAAGGGCATGAACTTCCCCAGGCTCCACCCCAGTGGGCAGGCTGGC,36188e1c807449e2054fd8363dce99bcdbd46bddc637dbc930a426a6f2a1f519,0.196371985682525,GAGCAAAGCAGGGTTTTACTGGGTGAAAAGGGAATAAAAGGGGGAAACAGGGATCCCAAGGAAGGCCACGATCACCTACTACAAGATTTCCTGCCTGCCGTTGGAATCCCAGCTTCCACACAGGAAGAGGAGGGGCCAGGCTCCTCCTCCCTGCAAAGGGCATGAACTTCCCCAGGCTCCACCCCAGTGGGCAGGCTGGC,51cc6b27cd1143253efe6a0a602a408440328adf81d980deab503e0dfc0ca732,0.481013298023022,-0.2584300846216375,0.148100121007142,-269.5685439785011,-278.1063739061356,-276.42509486619383,-285.5965686819982,0.6336438881698996,1.0,-0.2584300846216375,0.0,0,0.1865898989405644,0.18565657667894103,0.15145376406925343,0.3491312280635923,1.0
chr6:141219538:A:G;chr6:141219627:G:A;var1;middle;OL41|K562|6b4fab67e735c039,chr6:141219538:A:G;chr6:141219627:G:A;var1;middle;OL41,K562,K562_region_01878,100,189,89,GAGCAAAGCAGGGTTTTACTGGGTGAAAAGGGAATAAAAGGGGGAAACAGGGATCCCAAGGAAGGCCACGATCACCTACTACAAGATTTCCTGCCTGCCATTGGAATCCCAGCTTCCACACAGGAAGAGGAGGGGCCAGGCTCCTCCTCCCTGCAAAGGGCTTGAACTTCCCCAGGCTCCACCCCAGTGGGCAGGCTGGC,cb089489f401ac601cfdc16e1f94270a02e999c01119ce63b63482153538fbf1,0.0,GAGCAAAGCAGGGTTTTACTGGGTGAAAAGGGAATAAAAGGGGGAAACAGGGATCCCAAGGAAGGCCACGATCACCTACTACAAGATTTCCTGCCTGCCGTTGGAATCCCAGCTTCCACACAGGAAGAGGAGGGGCCAGGCTCCTCCTCCCTGCAAAGGGCTTGAACTTCCCCAGGCTCCACCCCAGTGGGCAGGCTGGC,4a988205e18c17d3c950bb5e75daf70290ec2581525eb130915c5daaf226ce18,0.0262107010872989,GAGCAAAGCAGGGTTTTACTGGGTGAAAAGGGAATAAAAGGGGGAAACAGGGATCCCAAGGAAGGCCACGATCACCTACTACAAGATTTCCTGCCTGCCATTGGAATCCCAGCTTCCACACAGGAAGAGGAGGGGCCAGGCTCCTCCTCCCTGCAAAGGGCTTGAACTTCCCCAGGCTCCACCCCAGTAGGCAGGCTGGC,34eec57d305a08a6443ead12650f94e3664f603598a7003db40dddc1841cbb88,-0.0161365560628687,GAGCAAAGCAGGGTTTTACTGGGTGAAAAGGGAATAAAAGGGGGAAACAGGGATCCCAAGGAAGGCCACGATCACCTACTACAAGATTTCCTGCCTGCCGTTGGAATCCCAGCTTCCACACAGGAAGAGGAGGGGCCAGGCTCCTCCTCCCTGCAAAGGGCTTGAACTTCCCCAGGCTCCACCCCAGTAGGCAGGCTGGC,6b4fab67e735c03958d4d1d543429e44f2c507755d1c1512ba7939196b67b2a6,0.0602216536383896,0.0501475086139594,0.148610735831826,-269.5685439785011,-278.1063739061356,-284.70402531232685,-294.09381666150875,-0.8519614215474576,-1.0,-0.0501475086139594,0.0,0,0.18468180470888962,0.18565657667894103,0.15145376406925343,0.15647960910607772,1.0
chr6:141219600:T:A;chr6:141219627:G:A;var1;middle;OL41|K562|92e8bbd5af3b5397,chr6:141219600:T:A;chr6:141219627:G:A;var1;middle;OL41,K562,K562_region_01878,100,127,27,AGGCCACGATCACCTACTACAAGATTTCCTGCCTGCCATTGGAATCCCAGCTTCCACACAGGAAGAGGAGGGGCCAGGCTCCTCCTCCCTGCAAAGGGCTTGAACTTCCCCAGGCTCCACCCCAGTGGGCAGGCTGGCTGGAGTTTCTGTGAGGTCCCCCCTCCCACTTGGCTGTCTCAGAGTCAGGAGGAGGAGTGGTA,1bd7a1ca425f743b3620b3893c7b689fbca7b6281dea4083f6fde531dab9c7c8,0.0,AGGCCACGATCACCTACTACAAGATTTCCTGCCTGCCATTGGAATCCCAGCTTCCACACAGGAAGAGGAGGGGCCAGGCTCCTCCTCCCTGCAAAGGGCATGAACTTCCCCAGGCTCCACCCCAGTGGGCAGGCTGGCTGGAGTTTCTGTGAGGTCCCCCCTCCCACTTGGCTGTCTCAGAGTCAGGAGGAGGAGTGGTA,cbfcbc71ae821118b7d9ce3b121150beb19c6e29c7b5fc793c14f420ab289fbf,0.282190565444751,AGGCCACGATCACCTACTACAAGATTTCCTGCCTGCCATTGGAATCCCAGCTTCCACACAGGAAGAGGAGGGGCCAGGCTCCTCCTCCCTGCAAAGGGCTTGAACTTCCCCAGGCTCCACCCCAGTAGGCAGGCTGGCTGGAGTTTCTGTGAGGTCCCCCCTCCCACTTGGCTGTCTCAGAGTCAGGAGGAGGAGTGGTA,fa076190c7b56fcecf85339a0dadc9c76fb01eecf7f79a5071f03c12665c025a,-0.118554606898679,AGGCCACGATCACCTACTACAAGATTTCCTGCCTGCCATTGGAATCCCAGCTTCCACACAGGAAGAGGAGGGGCCAGGCTCCTCCTCCCTGCAAAGGGCATGAACTTCCCCAGGCTCCACCCCAGTAGGCAGGCTGGCTGGAGTTTCTGTGAGGTCCCCCCTCCCACTTGGCTGTCTCAGAGTCAGGAGGAGGAGTGGTA,92e8bbd5af3b53977133405b845d28c4a91293d7dc71fb37e48ac0895f3b9312,0.306390757077318,0.1427547985312459,0.205031442313017,-228.0294276103377,-260.42470756871626,-253.26391676533967,-272.94217947870493,12.717017245013267,-1.0,-0.1427547985312459,0.0,0,0.20210964355278066,0.18565657667894103,0.15145376406925343,0.15968334131711814,1.0
chr6:141219600:T:A;chr6:141219631:A:T;var1;middle;OL41|K562|c71e135ac2cd354c,chr6:141219600:T:A;chr6:141219631:A:T;var1;middle;OL41,K562,K562_region_01878,100,131,31,AGGCCACGATCACCTACTACAAGATTTCCTGCCTGCCATTGGAATCCCAGCTTCCACACAGGAAGAGGAGGGGCCAGGCTCCTCCTCCCTGCAAAGGGCTTGAACTTCCCCAGGCTCCACCCCAGTGGGCAGGCTGGCTGGAGTTTCTGTGAGGTCCCCCCTCCCACTTGGCTGTCTCAGAGTCAGGAGGAGGAGTGGTA,1bd7a1ca425f743b3620b3893c7b689fbca7b6281dea4083f6fde531dab9c7c8,0.0,AGGCCACGATCACCTACTACAAGATTTCCTGCCTGCCATTGGAATCCCAGCTTCCACACAGGAAGAGGAGGGGCCAGGCTCCTCCTCCCTGCAAAGGGCATGAACTTCCCCAGGCTCCACCCCAGTGGGCAGGCTGGCTGGAGTTTCTGTGAGGTCCCCCCTCCCACTTGGCTGTCTCAGAGTCAGGAGGAGGAGTGGTA,cbfcbc71ae821118b7d9ce3b121150beb19c6e29c7b5fc793c14f420ab289fbf,0.281953829661744,AGGCCACGATCACCTACTACAAGATTTCCTGCCTGCCATTGGAATCCCAGCTTCCACACAGGAAGAGGAGGGGCCAGGCTCCTCCTCCCTGCAAAGGGCTTGAACTTCCCCAGGCTCCACCCCAGTGGGCTGGCTGGCTGGAGTTTCTGTGAGGTCCCCCCTCCCACTTGGCTGTCTCAGAGTCAGGAGGAGGAGTGGTA,01e3e351e331660abc1b8a5777efffc182adb8f41578e2dbcb478455c0c487e0,-0.0354290288627369,AGGCCACGATCACCTACTACAAGATTTCCTGCCTGCCATTGGAATCCCAGCTTCCACACAGGAAGAGGAGGGGCCAGGCTCCTCCTCCCTGCAAAGGGCATGAACTTCCCCAGGCTCCACCCCAGTGGGCTGGCTGGCTGGAGTTTCTGTGAGGTCCCCCCTCCCACTTGGCTGTCTCAGAGTCAGGAGGAGGAGTGGTA,c71e135ac2cd354c16d8ecbd97bacc9c16c06d4382a4705cbd1bfd5afeb249c3,0.480379308036633,0.2338545072376259,0.202227847897284,-228.0294276103377,-260.42470756871626,-239.1516852604691,-264.55911290750373,6.987852311343886,-1.0,-0.2338545072376259,0.0,0,0.19475117055141,0.18565657667894103,0.15145376406925343,0.27073286918771444,1.0
chr6:141219627:G:A;chr6:141219631:A:T;var1;middle;OL41|K562|e9733eaa645c548c,chr6:141219627:G:A;chr6:141219631:A:T;var1;middle;OL41,K562,K562_region_01878,100,104,4,CCTGCCTGCCATTGGAATCCCAGCTTCCACACAGGAAGAGGAGGGGCCAGGCTCCTCCTCCCTGCAAAGGGCTTGAACTTCCCCAGGCTCCACCCCAGTGGGCAGGCTGGCTGGAGTTTCTGTGAGGTCCCCCCTCCCACTTGGCTGTCTCAGAGTCAGGAGGAGGAGTGGTATGGGCAGAAAAAAATAGGAAGGGAAAA,735092fdab3d52c1ea20773f6600a0f50b92a1dc75a7cf52605221eb06c89c1d,0.0,CCTGCCTGCCATTGGAATCCCAGCTTCCACACAGGAAGAGGAGGGGCCAGGCTCCTCCTCCCTGCAAAGGGCTTGAACTTCCCCAGGCTCCACCCCAGTAGGCAGGCTGGCTGGAGTTTCTGTGAGGTCCCCCCTCCCACTTGGCTGTCTCAGAGTCAGGAGGAGGAGTGGTATGGGCAGAAAAAAATAGGAAGGGAAAA,7d7421d500b364a148ac1813e8b6899e556b67fc2e187b4311367f4e131c2f5c,0.0064983519730981,CCTGCCTGCCATTGGAATCCCAGCTTCCACACAGGAAGAGGAGGGGCCAGGCTCCTCCTCCCTGCAAAGGGCTTGAACTTCCCCAGGCTCCACCCCAGTGGGCTGGCTGGCTGGAGTTTCTGTGAGGTCCCCCCTCCCACTTGGCTGTCTCAGAGTCAGGAGGAGGAGTGGTATGGGCAGAAAAAAATAGGAAGGGAAAA,8d8d83f21485a19e56f8ba638d56415b1466eb0013b625fc71e72e0c3c329f30,0.129520333268707,CCTGCCTGCCATTGGAATCCCAGCTTCCACACAGGAAGAGGAGGGGCCAGGCTCCTCCTCCCTGCAAAGGGCTTGAACTTCCCCAGGCTCCACCCCAGTAGGCTGGCTGGCTGGAGTTTCTGTGAGGTCCCCCCTCCCACTTGGCTGTCTCAGAGTCAGGAGGAGGAGTGGTATGGGCAGAAAAAAATAGGAAGGGAAAA,e9733eaa645c548c9be9b0ecac54b4a294c691b95c370cd7f27bdd411578e2fa,-0.0498033790125653,0.1858220642543703,0.153301666204066,-265.7224499993026,-275.4362596045248,-261.82133166724816,-269.9562173751183,-1.5789238973520696,1.0,0.1858220642543703,0.0,0,0.18374810253533538,0.18565657667894103,0.15145376406925343,0.36796708659631694,1.0
chr6:149491863:T:C;chr6:149491914:G:A;var1;middle;OL41|K562|892d1021f5d6d10a,chr6:149491863:T:C;chr6:149491914:G:A;var1;middle;OL41,K562,K562_region_01879,100,151,51,TACACAATATTTTATTTTAAATTTTATAATAAAACATGCATTTAAACACATCTGCAGTAAAAAAGCCAAAACTGTCAGCAGTTATTACACAATTCAGACTTTTAGAATTGATTTTTTTCTCCTGTTTCTCTCAGAGTATTTGTAAAATATGAAGTCCAAGTGCCTGAGCTTTTCTGAACATTACCACATAATTTCTCCTT,44cc061a6474d8bb32fbcb45cb003e6d94a853296506d69badd567a3356b22f0,0.0,TACACAATATTTTATTTTAAATTTTATAATAAAACATGCATTTAAACACATCTGCAGTAAAAAAGCCAAAACTGTCAGCAGTTATTACACAATTCAGACCTTTAGAATTGATTTTTTTCTCCTGTTTCTCTCAGAGTATTTGTAAAATATGAAGTCCAAGTGCCTGAGCTTTTCTGAACATTACCACATAATTTCTCCTT,7cace9878606e73b53a6a61f9b34b92a2fe311fa08c21e32e781b69cd8578bc8,-0.128958435066235,TACACAATATTTTATTTTAAATTTTATAATAAAACATGCATTTAAACACATCTGCAGTAAAAAAGCCAAAACTGTCAGCAGTTATTACACAATTCAGACTTTTAGAATTGATTTTTTTCTCCTGTTTCTCTCAGAGTATTTGTAAAATATAAAGTCCAAGTGCCTGAGCTTTTCTGAACATTACCACATAATTTCTCCTT,cb1df3c8c1aa500aad5b1d132bc57d1a2c0e4c8e513e026068fe8a8d806aedb2,-0.653224776564393,TACACAATATTTTATTTTAAATTTTATAATAAAACATGCATTTAAACACATCTGCAGTAAAAAAGCCAAAACTGTCAGCAGTTATTACACAATTCAGACCTTTAGAATTGATTTTTTTCTCCTGTTTCTCTCAGAGTATTTGTAAAATATAAAGTCCAAGTGCCTGAGCTTTTCTGAACATTACCACATAATTTCTCCTT,892d1021f5d6d10a525223687e00b40628f50c3c0fb972a9b8efa2382ac20d02,-0.675279431055928,-0.1069037805746999,0.457546417959907,-289.4961335826665,-295.5897863022983,-252.30170434713364,-258.539606243372,0.14424917660659275,1.0,-0.1069037805746999,0.0,3,0.18176354031484396,0.18106719778262317,0.1474303780702046,0.24659556395829768,1.0
chr6:149795136:G:A;chr6:149795154:C:T;var1;middle;OL28|K562|c48e1e9443eae70c,chr6:149795136:G:A;chr6:149795154:C:T;var1;middle;OL28,K562,K562_region_01880,100,118,18,CACACCTTCCCCAAAAGAAGGCTCTTCCTCTGGGTTATGATCATAACAGCTACACTTGTTGATCACTTACTCTGTGTCAGGCACTATCCTAGGCATTTTGTGCACAAAAACCCTCTACAGAGATTTTATCCCAACCGTACAGATGGGAAAAATGAGCTCAGAGGGGTTAAGTGACTTGCTTAATGCCACACAGTTACTAA,7faee037401329d5df851c44c89f46bbe2cb5d55c061aa3aefd2b0d5744bf785,0.0,CACACCTTCCCCAAAAGAAGGCTCTTCCTCTGGGTTATGATCATAACAGCTACACTTGTTGATCACTTACTCTGTGTCAGGCACTATCCTAGGCATTTTATGCACAAAAACCCTCTACAGAGATTTTATCCCAACCGTACAGATGGGAAAAATGAGCTCAGAGGGGTTAAGTGACTTGCTTAATGCCACACAGTTACTAA,e22b334987fa51620dfcc891e9f1e626109abf4eb71e941f51213f7d52a857f0,0.114731010752275,CACACCTTCCCCAAAAGAAGGCTCTTCCTCTGGGTTATGATCATAACAGCTACACTTGTTGATCACTTACTCTGTGTCAGGCACTATCCTAGGCATTTTGTGCACAAAAACCCTCTATAGAGATTTTATCCCAACCGTACAGATGGGAAAAATGAGCTCAGAGGGGTTAAGTGACTTGCTTAATGCCACACAGTTACTAA,a45fb0c1928d6558d6d92d07c9eec54677fdb0ce49f84e2974870a84f5ae44e1,-0.0094058086729359,CACACCTTCCCCAAAAGAAGGCTCTTCCTCTGGGTTATGATCATAACAGCTACACTTGTTGATCACTTACTCTGTGTCAGGCACTATCCTAGGCATTTTATGCACAAAAACCCTCTATAGAGATTTTATCCCAACCGTACAGATGGGAAAAATGAGCTCAGAGGGGTTAAGTGACTTGCTTAATGCCACACAGTTACTAA,c48e1e9443eae70cbc40bc44a282fa25f5335ad5e89f502920371c87fa971753,-0.224177026141437,0.3295022282207761,0.200984225248836,-181.11489417776465,-178.4715111553669,-183.57944816723463,-180.92798423022032,-0.008080914616584778,1.0,0.3295022282207761,0.0,0,0.18576567504575853,0.18565657667894103,0.15145376406925343,0.2794252642624897,1.0
chr6:150184080:A:T;chr6:150184148:A:C;var1;middle;OL41|K562|fe4ae4de55e33c6b,chr6:150184080:A:T;chr6:150184148:A:C;var1;middle;OL41,K562,K562_region_01881,100,168,68,GCTGGGATTACAGGCATAAGCCACCACGCCCGGCCTTAAAGTTTCTTATTTTCAACGAAAATCAAGTCCCCTCTTTTCACTTTTTATAAAAGGGACCAGAAGTTTTCCTCCCATTTTTGTATGATGAAAGCCACCGCAGGCAAAGTCAGGAGAGCCACGTCAAGAAAAAGGAGTGGGTGTTACGAGAAGCCCGGCATCTA,bee7fb46043c3318af56a2e3689753080f2dc3986cde247383f177dcec7ca9ac,0.0,GCTGGGATTACAGGCATAAGCCACCACGCCCGGCCTTAAAGTTTCTTATTTTCAACGAAAATCAAGTCCCCTCTTTTCACTTTTTATAAAAGGGACCAGTAGTTTTCCTCCCATTTTTGTATGATGAAAGCCACCGCAGGCAAAGTCAGGAGAGCCACGTCAAGAAAAAGGAGTGGGTGTTACGAGAAGCCCGGCATCTA,d67d1862e5e5c7028512c2b6bb6caf97a9aa5b48fa54d436bbe00415ff364291,0.17443995888365,GCTGGGATTACAGGCATAAGCCACCACGCCCGGCCTTAAAGTTTCTTATTTTCAACGAAAATCAAGTCCCCTCTTTTCACTTTTTATAAAAGGGACCAGAAGTTTTCCTCCCATTTTTGTATGATGAAAGCCACCGCAGGCAAAGTCAGGAGAGCCACGTCAAGAAACAGGAGTGGGTGTTACGAGAAGCCCGGCATCTA,f02ea62d775be87896d6dc146e10a7bc2c75d064edf8b6afd47afe99624527a1,-0.157255639890709,GCTGGGATTACAGGCATAAGCCACCACGCCCGGCCTTAAAGTTTCTTATTTTCAACGAAAATCAAGTCCCCTCTTTTCACTTTTTATAAAAGGGACCAGTAGTTTTCCTCCCATTTTTGTATGATGAAAGCCACCGCAGGCAAAGTCAGGAGAGCCACGTCAAGAAACAGGAGTGGGTGTTACGAGAAGCCCGGCATCTA,fe4ae4de55e33c6b3ce374073ac5968c7e0d292cb8ddf090e92f71b927026e02,-0.375181092009575,0.392365411002516,0.28968253810402,-261.5805647333618,-263.2697533708997,-259.0383326592855,-259.85775822377764,-0.8697630730457604,1.0,0.392365411002516,0.0,4,0.1751213320807441,0.17620727786206916,0.145609630836647,0.10035548183476582,1.0
chr6:150210685:C:T;chr6:150210723:C:T;var1;middle;OL41|K562|0c766582014e3da4,chr6:150210685:C:T;chr6:150210723:C:T;var1;middle;OL41,K562,K562_region_01882,100,138,38,CTTTCTTCCATGTCTCCTTGATCTTACTGGCTTCATGATTAATTACTGTCCAGGTCATGTTCATTGCGTCAAAGAGGAGGGATTTCTCTCCATTGGTGGCGAACTGCCAGGATGCACCAGTGCACCGTTCTGCTTCACGTTGACAAAACATCTCGACTTGCAGAGTGGAAGGATCTGCAATCCAAACACAAAGCCATCAT,53380fc67553d7f2ed0815e0c477c2230e5b43665c36b9205dff43db8596ec2d,0.0,CTTTCTTCCATGTCTCCTTGATCTTACTGGCTTCATGATTAATTACTGTCCAGGTCATGTTCATTGCGTCAAAGAGGAGGGATTTCTCTCCATTGGTGGTGAACTGCCAGGATGCACCAGTGCACCGTTCTGCTTCACGTTGACAAAACATCTCGACTTGCAGAGTGGAAGGATCTGCAATCCAAACACAAAGCCATCAT,2026b743e745709e83bad57f05abf500532af1f8234d64238db15472360ccbaa,0.166235976592666,CTTTCTTCCATGTCTCCTTGATCTTACTGGCTTCATGATTAATTACTGTCCAGGTCATGTTCATTGCGTCAAAGAGGAGGGATTTCTCTCCATTGGTGGCGAACTGCCAGGATGCACCAGTGCACCGTTCTGCTTCATGTTGACAAAACATCTCGACTTGCAGAGTGGAAGGATCTGCAATCCAAACACAAAGCCATCAT,d536c9497addb6fe7f4ff7682ab1a66b803e201b0c550c347361d7da787cb3ec,0.143963819633582,CTTTCTTCCATGTCTCCTTGATCTTACTGGCTTCATGATTAATTACTGTCCAGGTCATGTTCATTGCGTCAAAGAGGAGGGATTTCTCTCCATTGGTGGTGAACTGCCAGGATGCACCAGTGCACCGTTCTGCTTCATGTTGACAAAACATCTCGACTTGCAGAGTGGAAGGATCTGCAATCCAAACACAAAGCCATCAT,0c766582014e3da4a3ff673aac5a7cb3d9deca910f9f7bc95e181f281586042f,0.20284788423925,0.107351911986998,0.425474166878131,-320.13002441078424,-276.7185030551627,-334.1262900913134,-302.0548570549581,11.340088319266215,1.0,0.107351911986998,0.0,3,0.20431403618812036,0.18106719778262317,0.1474303780702046,0.2168796265537251,1.0
chr6:150285128:G:C;chr6:150285209:G:C;var1;middle;OL41|K562|09ce858265bc89cd,chr6:150285128:G:C;chr6:150285209:G:C;var1;middle;OL41,K562,K562_region_01883,100,181,81,GACGGGGTGGAGCATCCCCAAAAAAGTGCATGCCTAGGATCCCGCCCAGTGTATCCCTGCGCGCGGCGGGCCGGGCTGGGCAGCTTTATAAACAGCCGTGGTGTGAGCCTCGAAGGGAACCATCAGCGCCTCCTGTCCACGGAGCTCCAGGTCTACAATGGCAGCGGCCGCCAGCCCCGCGTTCCTTCTGTGCCTCCCGC,581cbe2dce5caff1c0cdc164a959ab379baeabf4331418d1ac85aef3ac76222a,0.0,GACGGGGTGGAGCATCCCCAAAAAAGTGCATGCCTAGGATCCCGCCCAGTGTATCCCTGCGCGCGGCGGGCCGGGCTGGGCAGCTTTATAAACAGCCGTCGTGTGAGCCTCGAAGGGAACCATCAGCGCCTCCTGTCCACGGAGCTCCAGGTCTACAATGGCAGCGGCCGCCAGCCCCGCGTTCCTTCTGTGCCTCCCGC,28520d749cf3c6b2656e195851fac16b547012fedcc70b92754f54e828f4437b,-0.556457573965244,GACGGGGTGGAGCATCCCCAAAAAAGTGCATGCCTAGGATCCCGCCCAGTGTATCCCTGCGCGCGGCGGGCCGGGCTGGGCAGCTTTATAAACAGCCGTGGTGTGAGCCTCGAAGGGAACCATCAGCGCCTCCTGTCCACGGAGCTCCAGGTCTACAATGGCAGCGGCCGCCAGCCCCGCCTTCCTTCTGTGCCTCCCGC,241d01f864d75cd0b13d778e6bcd7cd598e8a4e37460c47a58c93a0c3ef5036d,-0.199390579810911,GACGGGGTGGAGCATCCCCAAAAAAGTGCATGCCTAGGATCCCGCCCAGTGTATCCCTGCGCGCGGCGGGCCGGGCTGGGCAGCTTTATAAACAGCCGTCGTGTGAGCCTCGAAGGGAACCATCAGCGCCTCCTGTCCACGGAGCTCCAGGTCTACAATGGCAGCGGCCGCCAGCCCCGCCTTCCTTCTGTGCCTCCCGC,09ce858265bc89cd080668609936a2f9ca8b8c666894fa638e0d4b161a7a94f1,-0.804336702324275,0.04848854854812,0.242423043346709,-346.5595476953313,-352.84101680200547,-343.28192490153015,-348.11883469857275,-1.444559309631586,1.0,0.04848854854812,0.0,0,0.1839206788536171,0.18565657667894103,0.15145376406925343,0.31929997939811205,1.0
chr6:151806102:A:G;chr6:151806124:A:G;var1;middle;OL32|K562|e8c54f709fd5619c,chr6:151806102:A:G;chr6:151806124:A:G;var1;middle;OL32,K562,K562_region_01884,100,122,22,TTTTTTTTTTTCTGAGGCAGAGTTTCAGTCTTGTCACCCAGGCTGGAGTTCAGTGGCACAATCTTAGCTCGCTGCAACCTCTGCCTCTTGGGCTCAAGCAATTCTCCTGCCTCAGCCTCCCACGTAGCTGGGAATACAGGTGCCTGCCACCACACCTGGCTAATTTTTTTGTATTTTTAGTAGAGATGGGGTTTCACCAT,4ac17119f77fcab598c598580d8a1dcf3c86822125ebc5a5f5989ff097a1b616,0.0,TTTTTTTTTTTCTGAGGCAGAGTTTCAGTCTTGTCACCCAGGCTGGAGTTCAGTGGCACAATCTTAGCTCGCTGCAACCTCTGCCTCTTGGGCTCAAGCGATTCTCCTGCCTCAGCCTCCCACGTAGCTGGGAATACAGGTGCCTGCCACCACACCTGGCTAATTTTTTTGTATTTTTAGTAGAGATGGGGTTTCACCAT,679b2cc8bc56ca9fc7f0e80886f6a6d3e74d285ca5dc665007a764f86fee4f8c,0.185622656975633,TTTTTTTTTTTCTGAGGCAGAGTTTCAGTCTTGTCACCCAGGCTGGAGTTCAGTGGCACAATCTTAGCTCGCTGCAACCTCTGCCTCTTGGGCTCAAGCAATTCTCCTGCCTCAGCCTCCCGCGTAGCTGGGAATACAGGTGCCTGCCACCACACCTGGCTAATTTTTTTGTATTTTTAGTAGAGATGGGGTTTCACCAT,dea01de5dd2a1f97dfbc7fd2de633bc1b18a4bc635c095de607a22b1e88f12d2,-0.112185212102379,TTTTTTTTTTTCTGAGGCAGAGTTTCAGTCTTGTCACCCAGGCTGGAGTTCAGTGGCACAATCTTAGCTCGCTGCAACCTCTGCCTCTTGGGCTCAAGCGATTCTCCTGCCTCAGCCTCCCGCGTAGCTGGGAATACAGGTGCCTGCCACCACACCTGGCTAATTTTTTTGTATTTTTAGTAGAGATGGGGTTTCACCAT,e8c54f709fd5619c056453959135a14eac07d35ea01bc02b69b6e832cba86a6c,0.289477680258333,0.216040235385079,0.207176152305276,-65.56132494099438,-66.46038361219689,-68.61137788044289,-69.18120441306382,0.32923213858157396,-1.0,-0.216040235385079,0.0,2,0.17567385698285534,0.17490732828716207,0.146091925319964,0.26618821849428304,1.0
chr6:151907958:T:C;chr6:151908012:T:C;var1;middle;OL29|K562|2e8ad34191779400,chr6:151907958:T:C;chr6:151908012:T:C;var1;middle;OL29,K562,K562_region_01885,100,154,54,AGAATATGAAGTGTGGTAAGTGTGAGCATTGCAGTATTTTATTTTATTTTATGTTTATGTTTATTATTTCTATTTTTTTGAGACAGAGTCTCGCTCTGTTGCCCAGGCTGGAGTGCAGTGGCGTGATCTCGACTCACTGCAACCTCTGCCTCCTGGGTTCACACCATTCTCCTGCCTCAGCCTCCCAAGTAGCTGAGATT,4656fd0d84085da98c1587241aaa63444dbf92ffdf708adf273cbb5047ff5310,0.0,AGAATATGAAGTGTGGTAAGTGTGAGCATTGCAGTATTTTATTTTATTTTATGTTTATGTTTATTATTTCTATTTTTTTGAGACAGAGTCTCGCTCTGTCGCCCAGGCTGGAGTGCAGTGGCGTGATCTCGACTCACTGCAACCTCTGCCTCCTGGGTTCACACCATTCTCCTGCCTCAGCCTCCCAAGTAGCTGAGATT,7c8b47994a25378d5281c97f2fe3ea9a6d9a8fe9e824eed059161fb11f9be6ba,-0.265086409397078,AGAATATGAAGTGTGGTAAGTGTGAGCATTGCAGTATTTTATTTTATTTTATGTTTATGTTTATTATTTCTATTTTTTTGAGACAGAGTCTCGCTCTGTTGCCCAGGCTGGAGTGCAGTGGCGTGATCTCGACTCACTGCAACCTCTGCCTCCCGGGTTCACACCATTCTCCTGCCTCAGCCTCCCAAGTAGCTGAGATT,6fda331f4dff5c56a83239ddfcc9ec493d4c2a3dbc4376247bc68fa5b78aab03,0.348161556890558,AGAATATGAAGTGTGGTAAGTGTGAGCATTGCAGTATTTTATTTTATTTTATGTTTATGTTTATTATTTCTATTTTTTTGAGACAGAGTCTCGCTCTGTCGCCCAGGCTGGAGTGCAGTGGCGTGATCTCGACTCACTGCAACCTCTGCCTCCCGGGTTCACACCATTCTCCTGCCTCAGCCTCCCAAGTAGCTGAGATT,2e8ad341917794004a55eb116931abb593a9d14a401f77e26aaa6ac64009354e,-0.109824013870234,-0.192899161363714,0.16115252348817,-97.73753936123104,-97.5075838379562,-97.8478581989184,-99.62295111222193,-2.0050484365783774,-1.0,0.192899161363714,0.0,0,0.1832007931187936,0.18565657667894103,0.15145376406925343,0.11961653839987994,1.0
chr6:151994910:A:G;chr6:151994967:T:C;var1;middle;OL31|K562|74485b26ff015c2c,chr6:151994910:A:G;chr6:151994967:T:C;var1;middle;OL31,K562,K562_region_01886,100,157,57,AATTTGAGATCAGCTTGGGCAACATAGTGAGACCCTATCTCAACAACAAATTAAAAAACTGCTGGATGTGGTAGCGTGCAAATGTATTGCCAGCTACTCAGGAGGATGAGGTGGGAGGATCACTTGAGCCCAGGAAATTGAGGTTGCAGTGAGCCATGATTATGGCATTGTACTCCAGGTTGGAGTACAAACTTTCAGCT,254946e1e7c262623d593c22714edcd5c2932ae09a0b184dad342be7305348cb,0.0,AATTTGAGATCAGCTTGGGCAACATAGTGAGACCCTATCTCAACAACAAATTAAAAAACTGCTGGATGTGGTAGCGTGCAAATGTATTGCCAGCTACTCGGGAGGATGAGGTGGGAGGATCACTTGAGCCCAGGAAATTGAGGTTGCAGTGAGCCATGATTATGGCATTGTACTCCAGGTTGGAGTACAAACTTTCAGCT,58e56ddefb3dde6d2b93eda36dad80546d48216d0766bcd80e55503a8704dda5,0.0549045261492266,AATTTGAGATCAGCTTGGGCAACATAGTGAGACCCTATCTCAACAACAAATTAAAAAACTGCTGGATGTGGTAGCGTGCAAATGTATTGCCAGCTACTCAGGAGGATGAGGTGGGAGGATCACTTGAGCCCAGGAAATTGAGGTTGCAGTGAGCCACGATTATGGCATTGTACTCCAGGTTGGAGTACAAACTTTCAGCT,5bc34e7256b49bc77a873541cf8c88a13779f022664c2ee21827e9f223f574a9,0.0907013361698985,AATTTGAGATCAGCTTGGGCAACATAGTGAGACCCTATCTCAACAACAAATTAAAAAACTGCTGGATGTGGTAGCGTGCAAATGTATTGCCAGCTACTCGGGAGGATGAGGTGGGAGGATCACTTGAGCCCAGGAAATTGAGGTTGCAGTGAGCCACGATTATGGCATTGTACTCCAGGTTGGAGTACAAACTTTCAGCT,74485b26ff015c2c836a93f05f377620f7a7b88831e1a852994bc4c37f0ef0e2,-0.0703238782931052,0.2159297406122303,0.210188402355602,-136.82732387073338,-141.16389284748584,-140.09963601548225,-144.05192010849714,-0.3842848837375641,1.0,0.2159297406122303,0.0,0,0.1852824830305459,0.18565657667894103,0.15145376406925343,0.1487065822471799,1.0
chr6:152005534:C:T;chr6:152005544:G:A;var1;middle;OL30|K562|1217d1fe5e20ed66,chr6:152005534:C:T;chr6:152005544:G:A;var1;middle;OL30,K562,K562_region_01887,100,110,10,GCAGGGAAAGAGAGGTTGACTGAAGTTGAAGGCTGGAGAGGTTGGCTGGAGACGGGTGATCAGGGATATGGTAAGTGGTTTGTGCTTAATTTAATCTTGCAGTAACACGGTGAGGATGATTAATCGGGAACATAATCTGGTGAAGGTATGTTGGACGGATTCGAAATGGTAGAGGCTGTCGGCAACCAGACCAATTAGGA,d57abe34aeb7e3839c26a2a91e9694ae493b0d5709998c47c0b6a7ec1bcba4af,0.0,GCAGGGAAAGAGAGGTTGACTGAAGTTGAAGGCTGGAGAGGTTGGCTGGAGACGGGTGATCAGGGATATGGTAAGTGGTTTGTGCTTAATTTAATCTTGTAGTAACACGGTGAGGATGATTAATCGGGAACATAATCTGGTGAAGGTATGTTGGACGGATTCGAAATGGTAGAGGCTGTCGGCAACCAGACCAATTAGGA,5f185dfd4712c3c8ce17f8d53696cdf69658ac7f3bbb4f6ccc5fd3553da77956,0.0291737623846679,GCAGGGAAAGAGAGGTTGACTGAAGTTGAAGGCTGGAGAGGTTGGCTGGAGACGGGTGATCAGGGATATGGTAAGTGGTTTGTGCTTAATTTAATCTTGCAGTAACACGATGAGGATGATTAATCGGGAACATAATCTGGTGAAGGTATGTTGGACGGATTCGAAATGGTAGAGGCTGTCGGCAACCAGACCAATTAGGA,f13147b463cbd9ceb85fe697c634ab116bfc22ac53e028dc8b6ea21fc3cce7ee,0.0771717449567053,GCAGGGAAAGAGAGGTTGACTGAAGTTGAAGGCTGGAGAGGTTGGCTGGAGACGGGTGATCAGGGATATGGTAAGTGGTTTGTGCTTAATTTAATCTTGTAGTAACACGATGAGGATGATTAATCGGGAACATAATCTGGTGAAGGTATGTTGGACGGATTCGAAATGGTAGAGGCTGTCGGCAACCAGACCAATTAGGA,1217d1fe5e20ed66e719cd08b4887b51ec22fded52db66a5429a21c7d6406cea,-0.0606690118105388,0.167014519151912,0.190576873045632,-264.84051712974906,-266.44704676792026,-267.45662178099155,-266.7745642326772,-2.288587186485529,1.0,0.167014519151912,0.0,1,0.18003665982453423,0.18216460459877223,0.1501433469024087,0.13195026366008192,1.0
chr6:155635624:A:G;chr6:155635637:A:C;var1;middle;OL41|K562|456dc6bcb6aaf10e,chr6:155635624:A:G;chr6:155635637:A:C;var1;middle;OL41,K562,K562_region_01888,100,113,13,GGGAGACGGCAAGTGCTGAGTTTTCCGGAGGCAGCCATGATACGCGGCAAGCACCATCCAACCCTACCTCACCCAGGACCTTCACCGCCGCTCCGAAAGAAACGCGCAGGGGAGGAACCTGCGAGACCTAAGGCCCGCCTCGGAGTCAGCCCCATTGGTCAGACCTATCCCACCGGAAGCGATGACCGCGGACAGGAAAT,dce635816f52526cbbbcb6009212a897d694aad9e010b1b1f49db61709a16518,0.0,GGGAGACGGCAAGTGCTGAGTTTTCCGGAGGCAGCCATGATACGCGGCAAGCACCATCCAACCCTACCTCACCCAGGACCTTCACCGCCGCTCCGAAAGGAACGCGCAGGGGAGGAACCTGCGAGACCTAAGGCCCGCCTCGGAGTCAGCCCCATTGGTCAGACCTATCCCACCGGAAGCGATGACCGCGGACAGGAAAT,05a13cb6258f98d976dcca7e68eb47c199025650187798b6b3bd42bef91b9f56,0.221063802060276,GGGAGACGGCAAGTGCTGAGTTTTCCGGAGGCAGCCATGATACGCGGCAAGCACCATCCAACCCTACCTCACCCAGGACCTTCACCGCCGCTCCGAAAGAAACGCGCAGGGGCGGAACCTGCGAGACCTAAGGCCCGCCTCGGAGTCAGCCCCATTGGTCAGACCTATCCCACCGGAAGCGATGACCGCGGACAGGAAAT,f2ed197bfcecc266a1184d55b5d82ceb8ec4a6771aa4bef012e779c5dc24ee5b,0.395808086480083,GGGAGACGGCAAGTGCTGAGTTTTCCGGAGGCAGCCATGATACGCGGCAAGCACCATCCAACCCTACCTCACCCAGGACCTTCACCGCCGCTCCGAAAGGAACGCGCAGGGGCGGAACCTGCGAGACCTAAGGCCCGCCTCGGAGTCAGCCCCATTGGTCAGACCTATCCCACCGGAAGCGATGACCGCGGACAGGAAAT,456dc6bcb6aaf10edbe208bb20d1bfab2693035e2402ad1220edd14376b75528,0.452776300000288,0.164095588540071,0.199488994313967,-430.1780415168032,-423.5264295795933,-415.8061566581018,-415.2711384743452,6.116593753453344,1.0,0.164095588540071,0.0,0,0.19363213616338365,0.18565657667894103,0.15145376406925343,0.2627337145082461,1.0
chr6:159857587:C:G;chr6:159857662:T:C;var1;middle;OL41|K562|3f6e0e89b5af5a63,chr6:159857587:C:G;chr6:159857662:T:C;var1;middle;OL41,K562,K562_region_01889,100,175,75,GGGGAAGGGGCTCAGAATCTGCTTACCTGAGAGCTCAGGGAGCCTCCAGAGAGATGATTCACCTCACCTGGAGAGAGACAGCCAGAAAGGGCTGCTTACCCAGCAGCCGCTCCTCTGCCGTGCAGGAGAAACAGCAATTCTTTCCCTTAGATTTGTCTCTGGCCCAGAACCACCTCCATCTGATTCCTGAGGAGAGACGG,be51949bbca2fe6950ef4c535add000d88914a628d34e62850173ab313876836,0.0,GGGGAAGGGGCTCAGAATCTGCTTACCTGAGAGCTCAGGGAGCCTCCAGAGAGATGATTCACCTCACCTGGAGAGAGACAGCCAGAAAGGGCTGCTTACGCAGCAGCCGCTCCTCTGCCGTGCAGGAGAAACAGCAATTCTTTCCCTTAGATTTGTCTCTGGCCCAGAACCACCTCCATCTGATTCCTGAGGAGAGACGG,1c9989a1ad9b731d7674ef9588725857c1852e652573ef8150a3b0ee46a2a38a,0.141948494223733,GGGGAAGGGGCTCAGAATCTGCTTACCTGAGAGCTCAGGGAGCCTCCAGAGAGATGATTCACCTCACCTGGAGAGAGACAGCCAGAAAGGGCTGCTTACCCAGCAGCCGCTCCTCTGCCGTGCAGGAGAAACAGCAATTCTTTCCCTTAGATTTGTCTCTGGCCCAGAACCACCCCCATCTGATTCCTGAGGAGAGACGG,7f4ba67335674b63b1f5ca42abf25362220fb4dcf8b6e6b8484471580e9003fb,0.285605038716079,GGGGAAGGGGCTCAGAATCTGCTTACCTGAGAGCTCAGGGAGCCTCCAGAGAGATGATTCACCTCACCTGGAGAGAGACAGCCAGAAAGGGCTGCTTACGCAGCAGCCGCTCCTCTGCCGTGCAGGAGAAACAGCAATTCTTTCCCTTAGATTTGTCTCTGGCCCAGAACCACCCCCATCTGATTCCTGAGGAGAGACGG,3f6e0e89b5af5a63a68414e440e71258acee735004ce67684e822fc75d157e54,0.62574032921063,-0.198186796270818,0.312008959339004,-263.32710254751146,-261.84832381270826,-302.0243504786631,-300.57957234221976,0.03400059835985303,1.0,-0.198186796270818,0.0,3,0.18154147923687486,0.18106719778262317,0.1474303780702046,0.23925551309132878,1.0
chr6:160570114:G:A;chr6:160570172:A:G;var1;middle;OL30|K562|5130ac4484cb8c07,chr6:160570114:G:A;chr6:160570172:A:G;var1;middle;OL30,K562,K562_region_01890,100,158,58,TGTATGTATGTATATAGTCCGTAAACTTTTTGGTTAAAAAAAAAAAAGATATATATATATACACCCCCTGCCCACACACATACGCAATAAATATACTTCGGGAATACATCTGAAAATAAAAGAATGCTTGAATCTATAAATTAAAGGGACACATGTAACAGAAAAAACTGACCCAGTGAACAATTATTAGGACATATTTT,1ac0da1742ab233e45d85b31f52bb3508d8ae009524f89741366eaad5571ad6d,0.0,TGTATGTATGTATATAGTCCGTAAACTTTTTGGTTAAAAAAAAAAAAGATATATATATATACACCCCCTGCCCACACACATACGCAATAAATATACTTCAGGAATACATCTGAAAATAAAAGAATGCTTGAATCTATAAATTAAAGGGACACATGTAACAGAAAAAACTGACCCAGTGAACAATTATTAGGACATATTTT,c1c599ae8500418854bd8fb397d8ed91460b188816b2e232d00a2ab2de290705,-0.0565789362332025,TGTATGTATGTATATAGTCCGTAAACTTTTTGGTTAAAAAAAAAAAAGATATATATATATACACCCCCTGCCCACACACATACGCAATAAATATACTTCGGGAATACATCTGAAAATAAAAGAATGCTTGAATCTATAAATTAAAGGGACACATGTAGCAGAAAAAACTGACCCAGTGAACAATTATTAGGACATATTTT,2db4761a7861b1a7aaeb32e34ab5731682047c697f59b41ac43166afb45a674a,-0.231327910587638,TGTATGTATGTATATAGTCCGTAAACTTTTTGGTTAAAAAAAAAAAAGATATATATATATACACCCCCTGCCCACACACATACGCAATAAATATACTTCAGGAATACATCTGAAAATAAAAGAATGCTTGAATCTATAAATTAAAGGGACACATGTAGCAGAAAAAACTGACCCAGTGAACAATTATTAGGACATATTTT,5130ac4484cb8c070be012f070e5da29627f389973a33f271b4e0f4c9a8563b8,-0.0132215780372616,0.2746852687835789,0.372981927731519,-248.5012422371656,-247.46997111849487,-240.8010547608137,-245.05429575964808,-5.284512117505102,-1.0,-0.2746852687835789,0.0,0,0.17898868799798337,0.18565657667894103,0.15145376406925343,0.4554561128061758,1.0
chr6:16244824:G:A;chr6:16244834:G:C;var1;middle;OL41|K562|3c7b45651eeaec11,chr6:16244824:G:A;chr6:16244834:G:C;var1;middle;OL41,K562,K562_region_01822,100,110,10,GAGCTACCACGCCAGCCCATTTGCACTTTTGAGCCCCTGACATGTTGGGTGGCAGGACTGGCTTTAATGAAGGCCTGTTAGAGAGCAGCAGAGATGTGTGTTTGTGGGTGGGGGAGGGGACTTTGTTACTTTATGTTCCCTTTCAGGTCAGGCTTAGACAGGGAATCTAATCTATATTTGGCGTATTGGCCGGCTGTGCC,766e0f07cb0f8ff27e547a42e901b7df2060aed5e9e00aee40a41446ba2d8c7e,0.0,GAGCTACCACGCCAGCCCATTTGCACTTTTGAGCCCCTGACATGTTGGGTGGCAGGACTGGCTTTAATGAAGGCCTGTTAGAGAGCAGCAGAGATGTGTATTTGTGGGTGGGGGAGGGGACTTTGTTACTTTATGTTCCCTTTCAGGTCAGGCTTAGACAGGGAATCTAATCTATATTTGGCGTATTGGCCGGCTGTGCC,2cbfa0251546c92113317e7f4317d1ad76919629effa9b46075fc117b7b35829,-0.369172333090796,GAGCTACCACGCCAGCCCATTTGCACTTTTGAGCCCCTGACATGTTGGGTGGCAGGACTGGCTTTAATGAAGGCCTGTTAGAGAGCAGCAGAGATGTGTGTTTGTGGGTCGGGGAGGGGACTTTGTTACTTTATGTTCCCTTTCAGGTCAGGCTTAGACAGGGAATCTAATCTATATTTGGCGTATTGGCCGGCTGTGCC,3f67274c6b5ff18f147601c7b3bdb75c7647fb346c2e8c86ea40d74e8293bfc7,-0.795955301960935,GAGCTACCACGCCAGCCCATTTGCACTTTTGAGCCCCTGACATGTTGGGTGGCAGGACTGGCTTTAATGAAGGCCTGTTAGAGAGCAGCAGAGATGTGTATTTGTGGGTCGGGGAGGGGACTTTGTTACTTTATGTTCCCTTTCAGGTCAGGCTTAGACAGGGAATCTAATCTATATTTGGCGTATTGGCCGGCTGTGCC,3c7b45651eeaec1116823372f6f4857ac1335659ca4ed76d7dad236c8703d389,-0.993610383272132,-0.1715172517795989,0.174885365760698,-291.39456303045154,-292.10349794477224,-301.6340359882452,-302.44231912121177,0.09934821864590049,1.0,-0.1715172517795989,0.0,4,0.1763224595842555,0.17620727786206916,0.145609630836647,0.09526429476589202,1.0
chr6:168182835:A:G;chr6:168182911:C:T;var1;middle;OL41|K562|928abb09bf2056f6,chr6:168182835:A:G;chr6:168182911:C:T;var1;middle;OL41,K562,K562_region_01891,100,176,76,CAGTGAGTAACGCAGCACCTTCACTTAGTAGGGGCTCATCAAGAGCTTGGCGAATACATAAGTGGCTGGATGAATAAATCACTGAGCTCTGCAGGCTTAAGTCTGTCTTTGCTCTACTGACCAGATCGGCAAATCCCCACCACAGAAGAGAGTTCTCAGGGCGGCAGCTCCCTGTCTCAACCCTCCCTAGCCCTACAAAA,ec999fec3be69b8578e33f8765ee06b2c5e1e67748becdef75daf74bda596376,0.0,CAGTGAGTAACGCAGCACCTTCACTTAGTAGGGGCTCATCAAGAGCTTGGCGAATACATAAGTGGCTGGATGAATAAATCACTGAGCTCTGCAGGCTTAGGTCTGTCTTTGCTCTACTGACCAGATCGGCAAATCCCCACCACAGAAGAGAGTTCTCAGGGCGGCAGCTCCCTGTCTCAACCCTCCCTAGCCCTACAAAA,288281bdb9406134e24f00c48ef5c1ef5fa15878250c71edb5939f16713fc1aa,-0.0261132323124436,CAGTGAGTAACGCAGCACCTTCACTTAGTAGGGGCTCATCAAGAGCTTGGCGAATACATAAGTGGCTGGATGAATAAATCACTGAGCTCTGCAGGCTTAAGTCTGTCTTTGCTCTACTGACCAGATCGGCAAATCCCCACCACAGAAGAGAGTTCTCAGGGCGGCAGCTCCCTGTTTCAACCCTCCCTAGCCCTACAAAA,4ddce2537218e0db30c475045fb08aac1f6e524a356a7bbd437bb6295c1d662d,-0.446540648714023,CAGTGAGTAACGCAGCACCTTCACTTAGTAGGGGCTCATCAAGAGCTTGGCGAATACATAAGTGGCTGGATGAATAAATCACTGAGCTCTGCAGGCTTAGGTCTGTCTTTGCTCTACTGACCAGATCGGCAAATCCCCACCACAGAAGAGAGTTCTCAGGGCGGCAGCTCCCTGTTTCAACCCTCCCTAGCCCTACAAAA,928abb09bf2056f65f9514c7b0ed7e322698cadad38f0203a6c52e61cd801256,-0.165187716786892,0.3074661642395746,0.285449752704655,-309.002241990529,-324.7899703711737,-299.6820544449147,-304.4894587234594,10.980324102099985,-1.0,-0.3074661642395746,0.0,0,0.1998790550199405,0.18565657667894103,0.15145376406925343,0.2994239984015244,1.0
chr6:168194450:C:T;chr6:168194457:T:C;var1;middle;OL41|K562|4b57a92ab2b77448,chr6:168194450:C:T;chr6:168194457:T:C;var1;middle;OL41,K562,K562_region_01892,100,107,7,CACCAACGTCTGTGAGCCCAGCCTGACAATGATTCTACCACCTGTCGATGGAGCAGGTTTCAGTGTAAACAAGCGTGTGAATAACTGCTGAAATATTGACGCTTTATTGCCTCCACGGAGGCCACAGTTTCCTTTATTTTATGATGGTACTTGAAATAATGTTTGATAAGAACCTGCCCAAAAGTCCTCCTCACATGGAG,97d3cdd19b1e2389e2ac47ea139db3c650e0753f931f2c9f4bec1d4b817fe40e,0.0,CACCAACGTCTGTGAGCCCAGCCTGACAATGATTCTACCACCTGTCGATGGAGCAGGTTTCAGTGTAAACAAGCGTGTGAATAACTGCTGAAATATTGATGCTTTATTGCCTCCACGGAGGCCACAGTTTCCTTTATTTTATGATGGTACTTGAAATAATGTTTGATAAGAACCTGCCCAAAAGTCCTCCTCACATGGAG,dfaf3a6c085df30f18b1b3867a3563ae88d1853b7b77f2e9ba726ed551233636,0.358902073501913,CACCAACGTCTGTGAGCCCAGCCTGACAATGATTCTACCACCTGTCGATGGAGCAGGTTTCAGTGTAAACAAGCGTGTGAATAACTGCTGAAATATTGACGCTTTACTGCCTCCACGGAGGCCACAGTTTCCTTTATTTTATGATGGTACTTGAAATAATGTTTGATAAGAACCTGCCCAAAAGTCCTCCTCACATGGAG,ded6d03d002fbf629a75f5e2e330c4205894d68222fbfd029e394c10f01b4dfb,0.0810942468186442,CACCAACGTCTGTGAGCCCAGCCTGACAATGATTCTACCACCTGTCGATGGAGCAGGTTTCAGTGTAAACAAGCGTGTGAATAACTGCTGAAATATTGATGCTTTACTGCCTCCACGGAGGCCACAGTTTCCTTTATTTTATGATGGTACTTGAAATAATGTTTGATAAGAACCTGCCCAAAAGTCCTCCTCACATGGAG,4b57a92ab2b77448ab8809f266fdbe23d06d87d8c3d11a4a6ecf6c1467d98936,0.271569022336849,0.1684272979837082,0.294587973302099,-381.3530565726105,-381.78265247447416,-372.5015951686073,-374.7631365638226,1.8319454933516681,1.0,0.1684272979837082,0.0,1,0.1842290540567064,0.18216460459877223,0.1501433469024087,0.2657848124749435,1.0
chr6:168720652:G:A;chr6:168720691:T:C;var1;middle;OL41|K562|f9a759da10e3f989,chr6:168720652:G:A;chr6:168720691:T:C;var1;middle;OL41,K562,K562_region_01893,100,139,39,CTGCGGGCAGGGCGGGCGCACCCAGACCCCGGGGCCAGCTGAGCGCCTCCGTGACTTCAGCGGGGAGGGCCAGCCGGGAGGAGGAGCCCGGGGGAGAGGGGCAAAGAGGCGCAAGTGGAACAAAGGCGGAGAAAGGCTTGTTAATGTTTTAAAATGTTTATAAAGATAAACTATTGGGACATTATCACATTGCAAGGACC,03c7bd8c124c0ac2b065d671963b4bc6f18eb21c83101680ad9773c68105a22b,0.0,CTGCGGGCAGGGCGGGCGCACCCAGACCCCGGGGCCAGCTGAGCGCCTCCGTGACTTCAGCGGGGAGGGCCAGCCGGGAGGAGGAGCCCGGGGGAGAGGAGCAAAGAGGCGCAAGTGGAACAAAGGCGGAGAAAGGCTTGTTAATGTTTTAAAATGTTTATAAAGATAAACTATTGGGACATTATCACATTGCAAGGACC,be6d8d13f075f3f49b66d60e4fde6c992e233ebbb9422e5f8cd34046f535c551,0.692269223277615,CTGCGGGCAGGGCGGGCGCACCCAGACCCCGGGGCCAGCTGAGCGCCTCCGTGACTTCAGCGGGGAGGGCCAGCCGGGAGGAGGAGCCCGGGGGAGAGGGGCAAAGAGGCGCAAGTGGAACAAAGGCGGAGAAAGGCTCGTTAATGTTTTAAAATGTTTATAAAGATAAACTATTGGGACATTATCACATTGCAAGGACC,d3d42f4e439be512508122df21933890d42c57f7bc5062f594b9c0c4462e3c0c,0.284982766495641,CTGCGGGCAGGGCGGGCGCACCCAGACCCCGGGGCCAGCTGAGCGCCTCCGTGACTTCAGCGGGGAGGGCCAGCCGGGAGGAGGAGCCCGGGGGAGAGGAGCAAAGAGGCGCAAGTGGAACAAAGGCGGAGAAAGGCTCGTTAATGTTTTAAAATGTTTATAAAGATAAACTATTGGGACATTATCACATTGCAAGGACC,f9a759da10e3f98980b6cbff82006865404fa27d000451fa3f371fd98104fd89,0.541655332153051,0.435596657620205,0.344325217696798,-292.6378544126637,-291.6684172539972,-295.9703195714392,-295.6489547365345,0.6480723237618804,1.0,0.435596657620205,0.0,1,0.1830245342934976,0.18216460459877223,0.1501433469024087,0.1267529098390417,1.0
chr6:168720652:G:A;chr6:168720697:T:G;var1;middle;OL41|K562|e1b9375783f35915,chr6:168720652:G:A;chr6:168720697:T:G;var1;middle;OL41,K562,K562_region_01893,100,145,45,CTGCGGGCAGGGCGGGCGCACCCAGACCCCGGGGCCAGCTGAGCGCCTCCGTGACTTCAGCGGGGAGGGCCAGCCGGGAGGAGGAGCCCGGGGGAGAGGGGCAAAGAGGCGCAAGTGGAACAAAGGCGGAGAAAGGCTTGTTAATGTTTTAAAATGTTTATAAAGATAAACTATTGGGACATTATCACATTGCAAGGACC,03c7bd8c124c0ac2b065d671963b4bc6f18eb21c83101680ad9773c68105a22b,0.0,CTGCGGGCAGGGCGGGCGCACCCAGACCCCGGGGCCAGCTGAGCGCCTCCGTGACTTCAGCGGGGAGGGCCAGCCGGGAGGAGGAGCCCGGGGGAGAGGAGCAAAGAGGCGCAAGTGGAACAAAGGCGGAGAAAGGCTTGTTAATGTTTTAAAATGTTTATAAAGATAAACTATTGGGACATTATCACATTGCAAGGACC,be6d8d13f075f3f49b66d60e4fde6c992e233ebbb9422e5f8cd34046f535c551,0.692249152004001,CTGCGGGCAGGGCGGGCGCACCCAGACCCCGGGGCCAGCTGAGCGCCTCCGTGACTTCAGCGGGGAGGGCCAGCCGGGAGGAGGAGCCCGGGGGAGAGGGGCAAAGAGGCGCAAGTGGAACAAAGGCGGAGAAAGGCTTGTTAAGGTTTTAAAATGTTTATAAAGATAAACTATTGGGACATTATCACATTGCAAGGACC,5cbde7571ec28ac5d66a174fd39dd711abea52bedd0d6109e78054af73742c7c,0.367541907548922,CTGCGGGCAGGGCGGGCGCACCCAGACCCCGGGGCCAGCTGAGCGCCTCCGTGACTTCAGCGGGGAGGGCCAGCCGGGAGGAGGAGCCCGGGGGAGAGGAGCAAAGAGGCGCAAGTGGAACAAAGGCGGAGAAAGGCTTGTTAAGGTTTTAAAATGTTTATAAAGATAAACTATTGGGACATTATCACATTGCAAGGACC,e1b9375783f3591570d90ed8e2a2e21b8f7cfcf76de0367aa066c79048b593aa,0.95461088036895,0.1051801791839729,0.310214926055348,-292.6378544126637,-291.6684172539972,-295.3956651561893,-293.9747152356431,-0.45151276187971234,1.0,0.1051801791839729,0.0,1,0.18190577258742407,0.18216460459877223,0.1501433469024087,0.07687944772547482,1.0
chr6:169009635:T:C;chr6:169009688:C:G;var1;middle;OL41|K562|b522af681d633c42,chr6:169009635:T:C;chr6:169009688:C:G;var1;middle;OL41,K562,K562_region_01894,100,153,53,CCAGATTGTGTATGTTTAACCAACATCTCAGAGACATGAAAATCACACTACAGCGTACTTTGTTTAGAGTACGTGCTTGATCTTGTCTCATACAGAAACTGGATGAATTCCGGATGAGTAAACTTTTGTGCTTCCTGTACTATTTGTACTGTCATTGGTAGAAAGGTTTTAAATTGTAAAAAGTAAAGATGTTCGGCTTA,ecc710b56dc0181cd3a5164c2b1e6d681597e0a2af40892c2eafca64d244a1db,0.0,CCAGATTGTGTATGTTTAACCAACATCTCAGAGACATGAAAATCACACTACAGCGTACTTTGTTTAGAGTACGTGCTTGATCTTGTCTCATACAGAAACCGGATGAATTCCGGATGAGTAAACTTTTGTGCTTCCTGTACTATTTGTACTGTCATTGGTAGAAAGGTTTTAAATTGTAAAAAGTAAAGATGTTCGGCTTA,f23fa01c0d4b13255f20251c33f2e99a9b0f98b4e8b5bd3da10f67053b0f69de,0.606214099131854,CCAGATTGTGTATGTTTAACCAACATCTCAGAGACATGAAAATCACACTACAGCGTACTTTGTTTAGAGTACGTGCTTGATCTTGTCTCATACAGAAACTGGATGAATTCCGGATGAGTAAACTTTTGTGCTTCCTGTACTATTTGTACTGTGATTGGTAGAAAGGTTTTAAATTGTAAAAAGTAAAGATGTTCGGCTTA,ae7015ef754e27c5720bf7967e1a6bb24c5d5f8c3c40c361d711576cf8c1e93b,0.410715361561632,CCAGATTGTGTATGTTTAACCAACATCTCAGAGACATGAAAATCACACTACAGCGTACTTTGTTTAGAGTACGTGCTTGATCTTGTCTCATACAGAAACCGGATGAATTCCGGATGAGTAAACTTTTGTGCTTCCTGTACTATTTGTACTGTGATTGGTAGAAAGGTTTTAAATTGTAAAAAGTAAAGATGTTCGGCTTA,b522af681d633c4272a8b16ac40ec95a6e3954e39fbe93930388df3ee26d40ba,1.52559292341502,-0.5086634627215341,0.189104540758699,-399.3370738727972,-405.4297533428762,-394.4717319060583,-401.6348238650244,1.0704124888870865,1.0,-0.5086634627215341,0.0,3,0.18362900494732345,0.18106719778262317,0.1474303780702046,0.09746068093415008,1.0
chr6:169587103:G:A;chr6:169587148:A:G;var1;middle;OL30|K562|53ad8572904935d2,chr6:169587103:G:A;chr6:169587148:A:G;var1;middle;OL30,K562,K562_region_01895,100,145,45,GCCAAAGGAGGATGTGGCAGAAGTTAAGAACAGACAGCGTAACTGAACAGGGCCATGACCACACACACGCCACCCACCAGCCGCCTCAACCACCTCCACGGACAGAAGCTCAGGTGTGGTGGGGGTGAGCCTGACGAGGTGGGCATCCTGGAGAGCAGGTCCGGGGAAGCCCCGTGCAGCCTCTGCACGGCACCTGCTCA,e8ab1f1da1d4f8cf3db586a65f38114625d1b5e21f8dae27a93c715e81217b6e,0.0,GCCAAAGGAGGATGTGGCAGAAGTTAAGAACAGACAGCGTAACTGAACAGGGCCATGACCACACACACGCCACCCACCAGCCGCCTCAACCACCTCCACAGACAGAAGCTCAGGTGTGGTGGGGGTGAGCCTGACGAGGTGGGCATCCTGGAGAGCAGGTCCGGGGAAGCCCCGTGCAGCCTCTGCACGGCACCTGCTCA,7c003dfdb1a09f763b080ba9e0fc3b47ad58f15644ee57d4dd5b6f8812c67941,0.0291895950824835,GCCAAAGGAGGATGTGGCAGAAGTTAAGAACAGACAGCGTAACTGAACAGGGCCATGACCACACACACGCCACCCACCAGCCGCCTCAACCACCTCCACGGACAGAAGCTCAGGTGTGGTGGGGGTGAGCCTGACGAGGTGGGCGTCCTGGAGAGCAGGTCCGGGGAAGCCCCGTGCAGCCTCTGCACGGCACCTGCTCA,1845ef4dc4efbccfb103c95c76a8daba6bdcefaaa771908f067b5a79fe9e455a,0.040457804890252,GCCAAAGGAGGATGTGGCAGAAGTTAAGAACAGACAGCGTAACTGAACAGGGCCATGACCACACACACGCCACCCACCAGCCGCCTCAACCACCTCCACAGACAGAAGCTCAGGTGTGGTGGGGGTGAGCCTGACGAGGTGGGCGTCCTGGAGAGCAGGTCCGGGGAAGCCCCGTGCAGCCTCTGCACGGCACCTGCTCA,53ad8572904935d2cc28fbf79f52a05f2ec2af3f98dda6975c82c71e84bc9586,0.137038450615452,-0.0673910506427165,0.224649953615319,-267.02646661922336,-291.2915648557246,-264.164236901328,-281.3123700655997,-7.116965072229505,1.0,-0.0673910506427165,0.0,2,0.16483159180533125,0.17490732828716207,0.146091925319964,0.1927349039812531,1.0
chr6:169642242:T:C;chr6:169642301:C:T;var1;middle;OL41|K562|d5e37bc0b7298121,chr6:169642242:T:C;chr6:169642301:C:T;var1;middle;OL41,K562,K562_region_01896,100,159,59,CTCCCGGAGCGGCCTGGTGCTGGGAGACACAAGGCGGAGGACTGGGCCAGCAGCAGAGGCCAGGACCACAGGGAGGACCATCTGCCCTGGCTCCCAGAGTGGCCTGGTGCTGGGTGACACCAGGAACAGCAGGGACAGGGGACAGTGGCTATTTCCCACGCTGCCACATGTCACAGAAGGAGCAGAGCAGAAATTAGCTC,6b6b7c99ebfc0e8c8fa5be434f26bf0316fdaf0bd2178058237b07dc1808a5de,0.0,CTCCCGGAGCGGCCTGGTGCTGGGAGACACAAGGCGGAGGACTGGGCCAGCAGCAGAGGCCAGGACCACAGGGAGGACCATCTGCCCTGGCTCCCAGAGCGGCCTGGTGCTGGGTGACACCAGGAACAGCAGGGACAGGGGACAGTGGCTATTTCCCACGCTGCCACATGTCACAGAAGGAGCAGAGCAGAAATTAGCTC,7735ffdee10995304f4cbc305b409e05bbe8b272d57b85172fd06b80a207a161,0.0002128713721404,CTCCCGGAGCGGCCTGGTGCTGGGAGACACAAGGCGGAGGACTGGGCCAGCAGCAGAGGCCAGGACCACAGGGAGGACCATCTGCCCTGGCTCCCAGAGTGGCCTGGTGCTGGGTGACACCAGGAACAGCAGGGACAGGGGACAGTGGCTATTTCCCATGCTGCCACATGTCACAGAAGGAGCAGAGCAGAAATTAGCTC,b45948bea7c8445a1a72893ea448d9bc5e4df909ccb4d25077ce3eb6a74d6b12,0.715497879655477,CTCCCGGAGCGGCCTGGTGCTGGGAGACACAAGGCGGAGGACTGGGCCAGCAGCAGAGGCCAGGACCACAGGGAGGACCATCTGCCCTGGCTCCCAGAGCGGCCTGGTGCTGGGTGACACCAGGAACAGCAGGGACAGGGGACAGTGGCTATTTCCCATGCTGCCACATGTCACAGAAGGAGCAGAGCAGAAATTAGCTC,d5e37bc0b7298121c32f3e226f614fd9aefd57528e2a4190d64146c3f7ae428a,0.372802889934585,0.3429078610930324,0.438971343486426,-297.3609995277948,-305.4949452220462,-294.8105116013321,-305.312427884026,2.3679705884424607,1.0,0.3429078610930324,0.0,4,0.1791342158260875,0.17620727786206916,0.145609630836647,0.13268015949314935,1.0
chr6:169642243:G:A;chr6:169642301:C:T;var1;middle;OL41|K562|23ee4163aad9de28,chr6:169642243:G:A;chr6:169642301:C:T;var1;middle;OL41,K562,K562_region_01896,100,158,58,TCCCGGAGCGGCCTGGTGCTGGGAGACACAAGGCGGAGGACTGGGCCAGCAGCAGAGGCCAGGACCACAGGGAGGACCATCTGCCCTGGCTCCCAGAGTGGCCTGGTGCTGGGTGACACCAGGAACAGCAGGGACAGGGGACAGTGGCTATTTCCCACGCTGCCACATGTCACAGAAGGAGCAGAGCAGAAATTAGCTCA,3f53ec13087b7c8ea3dae671fba146cb54b73aabc23bf85b95d12a7eb974bb03,0.0,TCCCGGAGCGGCCTGGTGCTGGGAGACACAAGGCGGAGGACTGGGCCAGCAGCAGAGGCCAGGACCACAGGGAGGACCATCTGCCCTGGCTCCCAGAGTAGCCTGGTGCTGGGTGACACCAGGAACAGCAGGGACAGGGGACAGTGGCTATTTCCCACGCTGCCACATGTCACAGAAGGAGCAGAGCAGAAATTAGCTCA,d20ed8c8b6f5a36d44051a6618a849a87459e91e534663abf8a597a40b8677c2,0.0324169201191951,TCCCGGAGCGGCCTGGTGCTGGGAGACACAAGGCGGAGGACTGGGCCAGCAGCAGAGGCCAGGACCACAGGGAGGACCATCTGCCCTGGCTCCCAGAGTGGCCTGGTGCTGGGTGACACCAGGAACAGCAGGGACAGGGGACAGTGGCTATTTCCCATGCTGCCACATGTCACAGAAGGAGCAGAGCAGAAATTAGCTCA,26ffc0f3ad2804200175d5c1bb4ac6d76317f30066342461203f393db1ea4f22,0.139758661792192,TCCCGGAGCGGCCTGGTGCTGGGAGACACAAGGCGGAGGACTGGGCCAGCAGCAGAGGCCAGGACCACAGGGAGGACCATCTGCCCTGGCTCCCAGAGTAGCCTGGTGCTGGGTGACACCAGGAACAGCAGGGACAGGGGACAGTGGCTATTTCCCATGCTGCCACATGTCACAGAAGGAGCAGAGCAGAAATTAGCTCA,23ee4163aad9de2893e8f21057e8c4234379e99a5f5312806d1f62fad864bdc1,-0.0299694556421388,0.2021450375535259,0.437533088236638,-296.49869734665845,-298.6890033179661,-294.8237480663229,-297.4198621465476,0.4058081089170287,1.0,0.2021450375535259,0.0,4,0.17670228944082975,0.17620727786206916,0.145609630836647,0.3616265704424608,1.0
chr6:169720237:T:C;chr6:169720239:G:C;var1;middle;OL30|K562|5aa78f196adc1fca,chr6:169720237:T:C;chr6:169720239:G:C;var1;middle;OL30,K562,K562_region_01897,100,102,2,GGGTGCTTTGTATTCAATAAACAGTAAATAAGTAACATAATTATTTGTTCATCTTATTTCATCTTTTTGCACCAAGCTACAGAACTGTCTCTGCCATGATTGACACTTGCAAACCAAAAATAAAATCCTAAGCTCCCCAGTCAACACAATGGACTGTCCTCTTGGCCACTGGCATTCATTCCAAAGAGAACTAAAAAGCT,8d03452e124c0c5415b40c5876e240874426580948a80faa2fc3e25c7b4dcfaa,0.0,GGGTGCTTTGTATTCAATAAACAGTAAATAAGTAACATAATTATTTGTTCATCTTATTTCATCTTTTTGCACCAAGCTACAGAACTGTCTCTGCCATGACTGACACTTGCAAACCAAAAATAAAATCCTAAGCTCCCCAGTCAACACAATGGACTGTCCTCTTGGCCACTGGCATTCATTCCAAAGAGAACTAAAAAGCT,927a4b58511c1c8f25d4b2e245b7033ba9620ac8240d617b4dfb75cf99301399,0.374718849943084,GGGTGCTTTGTATTCAATAAACAGTAAATAAGTAACATAATTATTTGTTCATCTTATTTCATCTTTTTGCACCAAGCTACAGAACTGTCTCTGCCATGATTCACACTTGCAAACCAAAAATAAAATCCTAAGCTCCCCAGTCAACACAATGGACTGTCCTCTTGGCCACTGGCATTCATTCCAAAGAGAACTAAAAAGCT,d706791cf1f7602d467b4e9a51382ab1b1e005872a352d1f88e6ebb3efcd8bd2,0.432771937472493,GGGTGCTTTGTATTCAATAAACAGTAAATAAGTAACATAATTATTTGTTCATCTTATTTCATCTTTTTGCACCAAGCTACAGAACTGTCTCTGCCATGACTCACACTTGCAAACCAAAAATAAAATCCTAAGCTCCCCAGTCAACACAATGGACTGTCCTCTTGGCCACTGGCATTCATTCCAAAGAGAACTAAAAAGCT,5aa78f196adc1fca99d3531b2706172ff2bb0dc48cc1d4b038d1bc998562c466,0.744771266627626,0.0627195207879509,0.314872178679226,-323.7957164897816,-314.18923047126736,-316.485634684097,-311.2502922724234,4.371143606840633,1.0,0.0627195207879509,0.0,1,0.1868125354540082,0.18216460459877223,0.1501433469024087,0.37401335788564144,1.0
chr6:170483234:C:T;chr6:170483291:G:A;var1;middle;OL41|K562|d4a40b831ecb7d54,chr6:170483234:C:T;chr6:170483291:G:A;var1;middle;OL41,K562,K562_region_01898,100,157,57,TGCTGACCCCAGCATCTCCAGGGCCAGCCCCAGCTCTGCCCTTTGGAAAGGAGGGGACCTGTTCTGGCTGGTGCCATGGCGGGTGCCACTTGGATTTCACGACCTGGCCATGATCCCCACGGCCCACTCCTTGCTGTGACCTACAACTGCTTCTCCGACCCCTCTGCATGGTGGAGTGCTGCACTGGAACAGGAGTGGCT,6b420588b93de7733f364f9f0ef88a0ffe24c45c518460dbfa88cf9d6c7637ff,0.0,TGCTGACCCCAGCATCTCCAGGGCCAGCCCCAGCTCTGCCCTTTGGAAAGGAGGGGACCTGTTCTGGCTGGTGCCATGGCGGGTGCCACTTGGATTTCATGACCTGGCCATGATCCCCACGGCCCACTCCTTGCTGTGACCTACAACTGCTTCTCCGACCCCTCTGCATGGTGGAGTGCTGCACTGGAACAGGAGTGGCT,5b90ecea429f46fe2efb503f65c78a9c20e7fae6365470a18edfb900472419de,0.164053983677045,TGCTGACCCCAGCATCTCCAGGGCCAGCCCCAGCTCTGCCCTTTGGAAAGGAGGGGACCTGTTCTGGCTGGTGCCATGGCGGGTGCCACTTGGATTTCACGACCTGGCCATGATCCCCACGGCCCACTCCTTGCTGTGACCTACAACTGCTTCTCCAACCCCTCTGCATGGTGGAGTGCTGCACTGGAACAGGAGTGGCT,9a132e48908df185f35367f358413bbdb142d512939f87389c1cdd25b3c37b9e,0.415514923579254,TGCTGACCCCAGCATCTCCAGGGCCAGCCCCAGCTCTGCCCTTTGGAAAGGAGGGGACCTGTTCTGGCTGGTGCCATGGCGGGTGCCACTTGGATTTCATGACCTGGCCATGATCCCCACGGCCCACTCCTTGCTGTGACCTACAACTGCTTCTCCAACCCCTCTGCATGGTGGAGTGCTGCACTGGAACAGGAGTGGCT,d4a40b831ecb7d544e3e7b087c6724c0952efb130caddaba13e8d61e8efa2496,0.167382464895666,0.412186442360633,0.341153860527464,-249.4928591698408,-284.55347171472386,-253.52870870754123,-275.5653526445385,-13.023968607885763,1.0,0.412186442360633,0.0,1,0.16911405475177832,0.18216460459877223,0.1501433469024087,0.14071134214261086,1.0
chr6:170713885:C:G;chr6:170713951:G:A;var1;middle;OL41|K562|32beb4d68080e019,chr6:170713885:C:G;chr6:170713951:G:A;var1;middle;OL41,K562,K562_region_01899,100,166,66,GATATTGAATCCTGCTGACCTGGTGCCGAGTTAACTTGGTTTCAAAACACTCTTGCTTCCTCCAGAAAGAGTATGGAGAGAAAAAGAGGCACACCTGGACGCAGAGCCCTGCCAGCGCCCTCCTCTGCTGTTGCAGCTGCAAGGAGACCATGCCTGTGGGAGCCAGGCCTCGCTTGCATGAAGAAGGAACGATGCCTTTT,2d8cc153e1f36604a4767a356febfeb469a2c321e3de356f58f56a300edabbd7,0.0,GATATTGAATCCTGCTGACCTGGTGCCGAGTTAACTTGGTTTCAAAACACTCTTGCTTCCTCCAGAAAGAGTATGGAGAGAAAAAGAGGCACACCTGGAGGCAGAGCCCTGCCAGCGCCCTCCTCTGCTGTTGCAGCTGCAAGGAGACCATGCCTGTGGGAGCCAGGCCTCGCTTGCATGAAGAAGGAACGATGCCTTTT,6cda48575efefb75442f88a977409e12438c2a4f11cba2ea275cc63ea1ef48c8,0.122034703667412,GATATTGAATCCTGCTGACCTGGTGCCGAGTTAACTTGGTTTCAAAACACTCTTGCTTCCTCCAGAAAGAGTATGGAGAGAAAAAGAGGCACACCTGGACGCAGAGCCCTGCCAGCGCCCTCCTCTGCTGTTGCAGCTGCAAGGAGACCATGCCTGTGGGAGCCAAGCCTCGCTTGCATGAAGAAGGAACGATGCCTTTT,7a07a18077d6f86415ee31ee75198e1ddba4b63f2aa961e4f0fb50b9638f53b7,0.0478657617633565,GATATTGAATCCTGCTGACCTGGTGCCGAGTTAACTTGGTTTCAAAACACTCTTGCTTCCTCCAGAAAGAGTATGGAGAGAAAAAGAGGCACACCTGGAGGCAGAGCCCTGCCAGCGCCCTCCTCTGCTGTTGCAGCTGCAAGGAGACCATGCCTGTGGGAGCCAAGCCTCGCTTGCATGAAGAAGGAACGATGCCTTTT,32beb4d68080e0199c76ad8b4b8a52c5b9acd096a0377c02d665a72b6d6eafa5,0.124701311315719,0.0451991541150495,0.349196794203395,-375.5570216588676,-361.04279928235337,-382.4610807169229,-366.9059162354097,-1.040942104998976,1.0,0.0451991541150495,0.0,4,0.1749091708511039,0.17620727786206916,0.145609630836647,0.0626857130378151,1.0
chr6:19804814:C:G;chr6:19804839:C:T;var1;middle;OL41|K562|86e7f7bc997522e8,chr6:19804814:C:G;chr6:19804839:C:T;var1;middle;OL41,K562,K562_region_01823,100,125,25,CCTAGCATGGGATGCTGCCCAGCAAAACAGCACCCAGGGAGAGGGCGACTGAGGAAGACAGCCTGCAAGCGCGCTTCAGAAAGGACTGGGACCAGAGCCCTAGAAAACTACAGCGAGTGGATTCCCTGGCAGGGGAAACCCGCGAGAGCCTGGGAAAAAAAAAAAAACGAGAGGGAGAGAAAAAAACTCACCCGGGCGCC,598065dd4ebbfde414124eea0be97a8f194133dc49bc7649628afc9090a26e10,0.0,CCTAGCATGGGATGCTGCCCAGCAAAACAGCACCCAGGGAGAGGGCGACTGAGGAAGACAGCCTGCAAGCGCGCTTCAGAAAGGACTGGGACCAGAGCCGTAGAAAACTACAGCGAGTGGATTCCCTGGCAGGGGAAACCCGCGAGAGCCTGGGAAAAAAAAAAAAACGAGAGGGAGAGAAAAAAACTCACCCGGGCGCC,a4f251e4ee19c0f75669fc4c2e06ed967c191e145374a4f3619e52679f0a0fcd,-0.0197780377855787,CCTAGCATGGGATGCTGCCCAGCAAAACAGCACCCAGGGAGAGGGCGACTGAGGAAGACAGCCTGCAAGCGCGCTTCAGAAAGGACTGGGACCAGAGCCCTAGAAAACTACAGCGAGTGGATTCTCTGGCAGGGGAAACCCGCGAGAGCCTGGGAAAAAAAAAAAAACGAGAGGGAGAGAAAAAAACTCACCCGGGCGCC,95f35bdd00f398cb4c02d24807e0dba67adcd48735897177129d19a88bac4e9f,0.0801606857818837,CCTAGCATGGGATGCTGCCCAGCAAAACAGCACCCAGGGAGAGGGCGACTGAGGAAGACAGCCTGCAAGCGCGCTTCAGAAAGGACTGGGACCAGAGCCGTAGAAAACTACAGCGAGTGGATTCTCTGGCAGGGGAAACCCGCGAGAGCCTGGGAAAAAAAAAAAAACGAGAGGGAGAGAAAAAAACTCACCCGGGCGCC,86e7f7bc997522e80a44b3274e3d76b117748574ceecaabba2a2716fdd87d393,0.299734406969756,0.239351758973451,0.359131292316825,-260.77460038103163,-265.89307330176234,-266.4782106690109,-269.56168457493186,2.0349990148097277,-1.0,-0.239351758973451,0.0,4,0.1787215270890905,0.17620727786206916,0.145609630836647,0.2854463938939079,1.0
chr6:21164077:A:G;chr6:21164131:A:G;var1;middle;OL28|K562|b78e9d66e1415f6e,chr6:21164077:A:G;chr6:21164131:A:G;var1;middle;OL28,K562,K562_region_01824,100,154,54,GTTTGAGACCAGCCTGGCCAACATGGCAAACCCCATCTCTACTAAAAATACCAAAATCAGCCAGGCATGGTGGTGCATCCTGTAATCTCAGCTACTTGGAAGGCTGAGGCAGGAGAATCCCTTGAACCTGGGAGACGGAGGCTGCAGTAAGCCAACATCACACCATTACACTCCAGCCTGGGCAAGAGGAGCGAAACTCT,a02575e11274ca0f6f668f2b18805b36eba557bc586e28293d996a284fa82065,0.0,GTTTGAGACCAGCCTGGCCAACATGGCAAACCCCATCTCTACTAAAAATACCAAAATCAGCCAGGCATGGTGGTGCATCCTGTAATCTCAGCTACTTGGGAGGCTGAGGCAGGAGAATCCCTTGAACCTGGGAGACGGAGGCTGCAGTAAGCCAACATCACACCATTACACTCCAGCCTGGGCAAGAGGAGCGAAACTCT,f04c0e7c7f7af9c468bfb94a97bc986c98d73411faecb6d98221376504e8eb3b,-0.438418220388187,GTTTGAGACCAGCCTGGCCAACATGGCAAACCCCATCTCTACTAAAAATACCAAAATCAGCCAGGCATGGTGGTGCATCCTGTAATCTCAGCTACTTGGAAGGCTGAGGCAGGAGAATCCCTTGAACCTGGGAGACGGAGGCTGCAGTAAGCCGACATCACACCATTACACTCCAGCCTGGGCAAGAGGAGCGAAACTCT,ab0ebf431f1015fb86bb6557c1f27b9b0e6855444ea36b86f8930261632636af,0.106787653230284,GTTTGAGACCAGCCTGGCCAACATGGCAAACCCCATCTCTACTAAAAATACCAAAATCAGCCAGGCATGGTGGTGCATCCTGTAATCTCAGCTACTTGGGAGGCTGAGGCAGGAGAATCCCTTGAACCTGGGAGACGGAGGCTGCAGTAAGCCGACATCACACCATTACACTCCAGCCTGGGCAAGAGGAGCGAAACTCT,b78e9d66e1415f6eb32d66fffbb5bc169b1ec97cbcd4e217d799b206597f4b82,-0.0623113092414205,0.2693192579164825,0.269700174177653,-74.1951680071652,-71.12187432311475,-76.04080745764077,-72.89484936371446,0.07266440987586975,-1.0,-0.2693192579164825,0.0,2,0.17530027362589248,0.17490732828716207,0.146091925319964,0.21836391294578858,1.0
chr6:21164077:A:G;chr6:21164145:A:G;var1;middle;OL28|K562|fc3ad7d90456b939,chr6:21164077:A:G;chr6:21164145:A:G;var1;middle;OL28,K562,K562_region_01824,100,168,68,GTTTGAGACCAGCCTGGCCAACATGGCAAACCCCATCTCTACTAAAAATACCAAAATCAGCCAGGCATGGTGGTGCATCCTGTAATCTCAGCTACTTGGAAGGCTGAGGCAGGAGAATCCCTTGAACCTGGGAGACGGAGGCTGCAGTAAGCCAACATCACACCATTACACTCCAGCCTGGGCAAGAGGAGCGAAACTCT,a02575e11274ca0f6f668f2b18805b36eba557bc586e28293d996a284fa82065,0.0,GTTTGAGACCAGCCTGGCCAACATGGCAAACCCCATCTCTACTAAAAATACCAAAATCAGCCAGGCATGGTGGTGCATCCTGTAATCTCAGCTACTTGGGAGGCTGAGGCAGGAGAATCCCTTGAACCTGGGAGACGGAGGCTGCAGTAAGCCAACATCACACCATTACACTCCAGCCTGGGCAAGAGGAGCGAAACTCT,f04c0e7c7f7af9c468bfb94a97bc986c98d73411faecb6d98221376504e8eb3b,-0.438351526577752,GTTTGAGACCAGCCTGGCCAACATGGCAAACCCCATCTCTACTAAAAATACCAAAATCAGCCAGGCATGGTGGTGCATCCTGTAATCTCAGCTACTTGGAAGGCTGAGGCAGGAGAATCCCTTGAACCTGGGAGACGGAGGCTGCAGTAAGCCAACATCACACCATTGCACTCCAGCCTGGGCAAGAGGAGCGAAACTCT,8a62f9f01b2502cef080d9d0536c698eac436ef19b8e0965ce66a77fe2b99c3e,-0.138154207899656,GTTTGAGACCAGCCTGGCCAACATGGCAAACCCCATCTCTACTAAAAATACCAAAATCAGCCAGGCATGGTGGTGCATCCTGTAATCTCAGCTACTTGGGAGGCTGAGGCAGGAGAATCCCTTGAACCTGGGAGACGGAGGCTGCAGTAAGCCAACATCACACCATTGCACTCCAGCCTGGGCAAGAGGAGCGAAACTCT,fc3ad7d90456b939186ab22701cb88e45b75a72159d2608d5d33c04b0607ecf9,0.224267631671789,0.800773366149197,0.263344093085415,-74.1951680071652,-71.12187432311475,-70.97513793967664,-67.81976429093629,0.08207996468991041,-1.0,-0.800773366149197,0.0,2,0.17531398343496646,0.17490732828716207,0.146091925319964,0.24870299044759148,1.0
chr6:21164131:A:G;chr6:21164145:A:G;var1;middle;OL28|K562|667019a650e17e4b,chr6:21164131:A:G;chr6:21164145:A:G;var1;middle;OL28,K562,K562_region_01824,100,114,14,AATCAGCCAGGCATGGTGGTGCATCCTGTAATCTCAGCTACTTGGAAGGCTGAGGCAGGAGAATCCCTTGAACCTGGGAGACGGAGGCTGCAGTAAGCCAACATCACACCATTACACTCCAGCCTGGGCAAGAGGAGCGAAACTCTATCTCAAAAACAAAAAAAGAAAAGAAAAAGAAATAATGTGTCTATTTTAGTTAT,aa01681ef2e40942a4629fe667731e0f53f4a2715d342b5abe264e21d44525a2,0.0,AATCAGCCAGGCATGGTGGTGCATCCTGTAATCTCAGCTACTTGGAAGGCTGAGGCAGGAGAATCCCTTGAACCTGGGAGACGGAGGCTGCAGTAAGCCGACATCACACCATTACACTCCAGCCTGGGCAAGAGGAGCGAAACTCTATCTCAAAAACAAAAAAAGAAAAGAAAAAGAAATAATGTGTCTATTTTAGTTAT,2834e089625c881081f5ceb321eb15e51866e46515018b9aaa390516e2c595c3,-0.350353350029791,AATCAGCCAGGCATGGTGGTGCATCCTGTAATCTCAGCTACTTGGAAGGCTGAGGCAGGAGAATCCCTTGAACCTGGGAGACGGAGGCTGCAGTAAGCCAACATCACACCATTGCACTCCAGCCTGGGCAAGAGGAGCGAAACTCTATCTCAAAAACAAAAAAAGAAAAGAAAAAGAAATAATGTGTCTATTTTAGTTAT,1f30c26af51b5c433c614a695baad6650aef3a0d74aad0b8d1a8989bc0210d69,-0.284675230967084,AATCAGCCAGGCATGGTGGTGCATCCTGTAATCTCAGCTACTTGGAAGGCTGAGGCAGGAGAATCCCTTGAACCTGGGAGACGGAGGCTGCAGTAAGCCGACATCACACCATTGCACTCCAGCCTGGGCAAGAGGAGCGAAACTCTATCTCAAAAACAAAAAAAGAAAAGAAAAAGAAATAATGTGTCTATTTTAGTTAT,667019a650e17e4bde7b554e8b7ddd1288d824c2b2eac1bb0cbed4df4e37dec1,-0.165013714673684,0.470014866323191,0.211582374782625,-104.58613321464507,-106.17557229474188,-101.48297188803554,-102.85240333806723,0.22000763006509771,-1.0,-0.470014866323191,0.0,2,0.17551481726745524,0.17490732828716207,0.146091925319964,0.375102045902875,1.0
chr6:21926224:G:T;chr6:21926313:C:T;var1;middle;OL32|K562|f23920da6f784373,chr6:21926224:G:T;chr6:21926313:C:T;var1;middle;OL32,K562,K562_region_01825,100,189,89,AGGCTGAGGTGGAAGGATCTCTTGAGCCTGCTGTGAGCCGTGATTATGCCACTGCAGTCCAGCGTGGGCCACAGAGCAAGACCCTGTCTCAAAAAATCCGCCCCCCCCAAAACCACACAAAGGAGTTTTGGCTTGCTTTGCATACCCTATAGGTATGTCTGGCTCTTTCTGATGAGTGAGGTATTGTCCTCCTGTTTTCC,b6df8449531146313ccd1ad9035d03f9ce7ead3c06843b6f7aad0afe58a13ee6,0.0,AGGCTGAGGTGGAAGGATCTCTTGAGCCTGCTGTGAGCCGTGATTATGCCACTGCAGTCCAGCGTGGGCCACAGAGCAAGACCCTGTCTCAAAAAATCCTCCCCCCCCAAAACCACACAAAGGAGTTTTGGCTTGCTTTGCATACCCTATAGGTATGTCTGGCTCTTTCTGATGAGTGAGGTATTGTCCTCCTGTTTTCC,1bffcce3093ef2b1d1c066561faed376c0c6f1e38f64c92a58d1e63ca423df7d,-0.0511698799231673,AGGCTGAGGTGGAAGGATCTCTTGAGCCTGCTGTGAGCCGTGATTATGCCACTGCAGTCCAGCGTGGGCCACAGAGCAAGACCCTGTCTCAAAAAATCCGCCCCCCCCAAAACCACACAAAGGAGTTTTGGCTTGCTTTGCATACCCTATAGGTATGTCTGGCTCTTTCTGATGAGTGAGGTATTGTCTTCCTGTTTTCC,7ca13448211b96337fba546a7cff0a38ae07e44b1642b4a0e850daafb87895cf,0.71784702224986,AGGCTGAGGTGGAAGGATCTCTTGAGCCTGCTGTGAGCCGTGATTATGCCACTGCAGTCCAGCGTGGGCCACAGAGCAAGACCCTGTCTCAAAAAATCCTCCCCCCCCAAAACCACACAAAGGAGTTTTGGCTTGCTTTGCATACCCTATAGGTATGTCTGGCTCTTTCTGATGAGTGAGGTATTGTCTTCCTGTTTTCC,f23920da6f784373d0c5144790259983e191f15f3ea07cf4f44d4aeb7e204574,0.673799384182249,0.0071222418555564,0.295619114516024,-269.8374920154456,-266.7865755241364,-267.210109650041,-264.8597203711979,-0.7005272124661133,-1.0,-0.0071222418555564,0.0,0,0.18487630505089586,0.18565657667894103,0.15145376406925343,0.039511392266694645,1.0
chr6:21926225:C:T;chr6:21926313:C:T;var1;middle;OL32|K562|eef5f690d6406814,chr6:21926225:C:T;chr6:21926313:C:T;var1;middle;OL32,K562,K562_region_01825,100,188,88,GGCTGAGGTGGAAGGATCTCTTGAGCCTGCTGTGAGCCGTGATTATGCCACTGCAGTCCAGCGTGGGCCACAGAGCAAGACCCTGTCTCAAAAAATCCGCCCCCCCCAAAACCACACAAAGGAGTTTTGGCTTGCTTTGCATACCCTATAGGTATGTCTGGCTCTTTCTGATGAGTGAGGTATTGTCCTCCTGTTTTCCT,2fbd4dd73400a534a35d911bc79dbe5e9a7976f56682b181041e056dc8148317,0.0,GGCTGAGGTGGAAGGATCTCTTGAGCCTGCTGTGAGCCGTGATTATGCCACTGCAGTCCAGCGTGGGCCACAGAGCAAGACCCTGTCTCAAAAAATCCGTCCCCCCCAAAACCACACAAAGGAGTTTTGGCTTGCTTTGCATACCCTATAGGTATGTCTGGCTCTTTCTGATGAGTGAGGTATTGTCCTCCTGTTTTCCT,48fd3217d6851718051291b108b51ca451f967a05fefaed3c38ae0b7ef0b6e83,-0.301308561249294,GGCTGAGGTGGAAGGATCTCTTGAGCCTGCTGTGAGCCGTGATTATGCCACTGCAGTCCAGCGTGGGCCACAGAGCAAGACCCTGTCTCAAAAAATCCGCCCCCCCCAAAACCACACAAAGGAGTTTTGGCTTGCTTTGCATACCCTATAGGTATGTCTGGCTCTTTCTGATGAGTGAGGTATTGTCTTCCTGTTTTCCT,6d66da4e372f04881a3ac4d9bda5c49513054a99ff6edec91c9637be9d0ed19d,0.801853002613108,GGCTGAGGTGGAAGGATCTCTTGAGCCTGCTGTGAGCCGTGATTATGCCACTGCAGTCCAGCGTGGGCCACAGAGCAAGACCCTGTCTCAAAAAATCCGTCCCCCCCAAAACCACACAAAGGAGTTTTGGCTTGCTTTGCATACCCTATAGGTATGTCTGGCTCTTTCTGATGAGTGAGGTATTGTCTTCCTGTTTTCCT,eef5f690d6406814ea8cec932de39f45463871b7ba7ec7fa3000c9557b997ac9,0.400362043835179,-0.100182397528635,0.282930404586693,-277.0253235511482,-284.3555606019217,-275.9957131653792,-287.0878650129307,-3.761914796778001,-1.0,0.100182397528635,0.0,0,0.18094429433961368,0.18565657667894103,0.15145376406925343,0.11884269784220652,1.0
chr6:22930460:A:C;chr6:22930522:A:C;var1;middle;OL27|K562|b33468c0ad23d1ee,chr6:22930460:A:C;chr6:22930522:A:C;var1;middle;OL27,K562,K562_region_01826,100,162,62,ATATAAGTTTCTTGTAAGATACATGATATATATGTGTGTGTGTGTGTATACATATATACACACGTATATATATGTATATACATATATACACACACGTATATATATGTATATACATATATACACACACGTATATATATGTATATACATATATACACACGTATATATATGTATATACATATATACACACGTATATATATGTA,cf85ba6113346ebceeaaf54f785b860c81228a88b5521b4ce47109b6a5658692,0.0,ATATAAGTTTCTTGTAAGATACATGATATATATGTGTGTGTGTGTGTATACATATATACACACGTATATATATGTATATACATATATACACACACGTATCTATATGTATATACATATATACACACACGTATATATATGTATATACATATATACACACGTATATATATGTATATACATATATACACACGTATATATATGTA,55ae78ea90ec0e54fe4dc67235c84ee402209cd2cc9d9564cd7b2b728180cc55,-0.199532597996948,ATATAAGTTTCTTGTAAGATACATGATATATATGTGTGTGTGTGTGTATACATATATACACACGTATATATATGTATATACATATATACACACACGTATATATATGTATATACATATATACACACACGTATATATATGTATATACATATATACACACGTATCTATATGTATATACATATATACACACGTATATATATGTA,bdefd7bd41cab2de7756506767692a13b72ed9ce358e42279efa876bccb00422,0.0313761928551379,ATATAAGTTTCTTGTAAGATACATGATATATATGTGTGTGTGTGTGTATACATATATACACACGTATATATATGTATATACATATATACACACACGTATCTATATGTATATACATATATACACACACGTATATATATGTATATACATATATACACACGTATCTATATGTATATACATATATACACACGTATATATATGTA,b33468c0ad23d1ee6ea90be9d95bb832e95b6e7ba392e7273c7c849dec233c82,0.143964390823451,0.3121207959652611,0.284936026284308,-58.5107934869593,-69.06922372081317,-66.65375135088107,-74.34731173934415,2.8648698453907855,-1.0,-0.3121207959652611,0.0,2,0.17936595049488843,0.17490732828716207,0.146091925319964,0.5338417276694525,1.0
chr6:24436901:T:C;chr6:24436910:A:G;var1;middle;OL30|K562|e026146f3e3d4e8c,chr6:24436901:T:C;chr6:24436910:A:G;var1;middle;OL30,K562,K562_region_01827,100,109,9,ACCTTTTCTTCTGGACATGGAGTTATCCATGATTTGCATTTGCCAGTCATGTCACCAAGGGTGGTCTCTTTGCCATTATATACATATACTCGGCCGTCTTCTCCCCCAATCAGTCCAGAGGTTACATCTGCTATCCTCAGGGGGGCTGCCATGATGATTTCATCTGAAAACAATAAAAACCGACAGAAGGAAGTATTTGA,1c71074e51e497be74d9f3e4d7d27e646bfa191bd11749efbe7c90c6f453194f,0.0,ACCTTTTCTTCTGGACATGGAGTTATCCATGATTTGCATTTGCCAGTCATGTCACCAAGGGTGGTCTCTTTGCCATTATATACATATACTCGGCCGTCTCCTCCCCCAATCAGTCCAGAGGTTACATCTGCTATCCTCAGGGGGGCTGCCATGATGATTTCATCTGAAAACAATAAAAACCGACAGAAGGAAGTATTTGA,419dac3ff052428e1de3152344e981df80bb1219bdc1202a32e5a534ee2f6178,0.39207093463692,ACCTTTTCTTCTGGACATGGAGTTATCCATGATTTGCATTTGCCAGTCATGTCACCAAGGGTGGTCTCTTTGCCATTATATACATATACTCGGCCGTCTTCTCCCCCAGTCAGTCCAGAGGTTACATCTGCTATCCTCAGGGGGGCTGCCATGATGATTTCATCTGAAAACAATAAAAACCGACAGAAGGAAGTATTTGA,e57d76359c6cc3be086fea1a30e22915efa2e593ff27ce740eac2da095a7a415,0.0492741163381515,ACCTTTTCTTCTGGACATGGAGTTATCCATGATTTGCATTTGCCAGTCATGTCACCAAGGGTGGTCTCTTTGCCATTATATACATATACTCGGCCGTCTCCTCCCCCAGTCAGTCCAGAGGTTACATCTGCTATCCTCAGGGGGGCTGCCATGATGATTTCATCTGAAAACAATAAAAACCGACAGAAGGAAGTATTTGA,e026146f3e3d4e8cd1bc95e68bb7893293146098eb849aba286a9030107f62ae,0.239358263423958,0.2019867875511135,0.21009432516222,-370.6676652603783,-361.7273222147487,-369.144831799902,-357.99825265980326,-2.2062360944691477,1.0,0.2019867875511135,0.0,0,0.18294239002411256,0.18565657667894103,0.15145376406925343,0.17217134699724643,1.0
chr6:2445094:A:G;chr6:2445131:T:C;var1;middle;OL29|K562|e2bd3c449491e2b9,chr6:2445094:A:G;chr6:2445131:T:C;var1;middle;OL29,K562,K562_region_01808,100,137,37,GGCGTGGTGGCGGGCGCCTGTAGTCCCAGCTACTCGGGAGGCTGAGGCAGGAGAATAGCTTGAACCCGGGAGGTGGAGCTTGCAGTGAGCCGAGATTGCACTACTGCACTCCAGCCTGGGTGACAGAGCAAGACTCTGTCTCAAAAAAAAAAAAAGGAAGGAGGAGGAAAATATGCTGTTAGGTTGGTGGAAAAGTAATT,9ca7cebe07be2561e64d0ae9c99ab98082d58c02b0263a77f3cad5553f115562,0.0,GGCGTGGTGGCGGGCGCCTGTAGTCCCAGCTACTCGGGAGGCTGAGGCAGGAGAATAGCTTGAACCCGGGAGGTGGAGCTTGCAGTGAGCCGAGATTGCGCTACTGCACTCCAGCCTGGGTGACAGAGCAAGACTCTGTCTCAAAAAAAAAAAAAGGAAGGAGGAGGAAAATATGCTGTTAGGTTGGTGGAAAAGTAATT,ac4d4b9bf7465496f42493375861dbc5ac7a56e6a39b50aa3a33a6a5f1a1bcc0,-0.0370113131881575,GGCGTGGTGGCGGGCGCCTGTAGTCCCAGCTACTCGGGAGGCTGAGGCAGGAGAATAGCTTGAACCCGGGAGGTGGAGCTTGCAGTGAGCCGAGATTGCACTACTGCACTCCAGCCTGGGTGACAGAGCAAGACTCCGTCTCAAAAAAAAAAAAAGGAAGGAGGAGGAAAATATGCTGTTAGGTTGGTGGAAAAGTAATT,3585ea0f0fb518e3fa762587ecbbf53170a271edc29052cae44d0034a3c0c1c8,0.0464048580945864,GGCGTGGTGGCGGGCGCCTGTAGTCCCAGCTACTCGGGAGGCTGAGGCAGGAGAATAGCTTGAACCCGGGAGGTGGAGCTTGCAGTGAGCCGAGATTGCGCTACTGCACTCCAGCCTGGGTGACAGAGCAAGACTCCGTCTCAAAAAAAAAAAAAGGAAGGAGGAGGAAAATATGCTGTTAGGTTGGTGGAAAAGTAATT,e2bd3c449491e2b9c167b9767d98d8562194e6279d5822671ce5d940aedd8edf,0.17550116745094,0.166107622544511,0.201562111854334,-85.50835467595607,-85.05676543386653,-85.93041624641046,-85.14140507299453,0.3374219313263893,-1.0,-0.166107622544511,0.0,0,0.18620943489439318,0.18565657667894103,0.15145376406925343,0.035174820252505734,1.0
chr6:24476431:T:C;chr6:24476437:C:T;var1;middle;OL30|K562|621d5ded4b8076bb,chr6:24476431:T:C;chr6:24476437:C:T;var1;middle;OL30,K562,K562_region_01828,100,106,6,GGGGTCAATGCGGGTGCAAACACAGTGCATGGCAGGTTTGGTGCTAAATATTTTAAGGATTGGAGGACCACGCCTACCTTCTCCCAGGGAAGGGGATAGTTCTCTCGGATATAATGAACGCTTGCATTAAGAAACGGAGTCCAGTGAGTGCTCTCAGACACATCATGGAATTTTCCTGACAAAACAAAAGCAGGGCTCTA,0b8be97d13017ed67d6f38d5096aaca6ae157746b4a97b19efe368923132de06,0.0,GGGGTCAATGCGGGTGCAAACACAGTGCATGGCAGGTTTGGTGCTAAATATTTTAAGGATTGGAGGACCACGCCTACCTTCTCCCAGGGAAGGGGATAGCTCTCTCGGATATAATGAACGCTTGCATTAAGAAACGGAGTCCAGTGAGTGCTCTCAGACACATCATGGAATTTTCCTGACAAAACAAAAGCAGGGCTCTA,767bb12b80e7f993e9819b40de2c4e228954cdfad18999368fddbff3eb345777,0.124394735970051,GGGGTCAATGCGGGTGCAAACACAGTGCATGGCAGGTTTGGTGCTAAATATTTTAAGGATTGGAGGACCACGCCTACCTTCTCCCAGGGAAGGGGATAGTTCTCTTGGATATAATGAACGCTTGCATTAAGAAACGGAGTCCAGTGAGTGCTCTCAGACACATCATGGAATTTTCCTGACAAAACAAAAGCAGGGCTCTA,eb7a84bb7fd3ebe2ff0ddfb9ef151850e15cfc333dbf249d2e175aa4267403e6,-0.18913690061431,GGGGTCAATGCGGGTGCAAACACAGTGCATGGCAGGTTTGGTGCTAAATATTTTAAGGATTGGAGGACCACGCCTACCTTCTCCCAGGGAAGGGGATAGCTCTCTTGGATATAATGAACGCTTGCATTAAGAAACGGAGTCCAGTGAGTGCTCTCAGACACATCATGGAATTTTCCTGACAAAACAAAAGCAGGGCTCTA,621d5ded4b8076bb97811de7bcb8a27c942f83845028b9356e6019ed0053ce4b,0.0053954720079481,0.070137636652207,0.170999772451918,-341.7213936932385,-301.65657959878445,-348.810318717733,-336.6372297331691,-27.891725109890103,-1.0,-0.070137636652207,0.0,4,0.141630006492494,0.17620727786206916,0.145609630836647,0.11068306623045443,1.0
chr6:3023384:T:A;chr6:3023467:C:G;var1;middle;OL41|K562|c2921c54b45483c2,chr6:3023384:T:A;chr6:3023467:C:G;var1;middle;OL41,K562,K562_region_01809,100,183,83,CGGAGCACTGAGTGTGTTGGCCTCAGGGACACTGAAGGAAGCCGCCCGCCCGTCCTCTCAGCCTTGGAGTCTGTTCAACCATTATCATTCAAACCACCTTCCATCAAAGGTTTGAATACAATGAGCAGCTGCTCCTGCATTCCTCCAGGACACAGGTTCACCAGCTGGGTGTCTGTCAAAGACAATGAGCCTCCGAGTTG,ea1a735ba02af84909426dc7ae27c3c7fac301609e08562c3979aec447188496,0.0,CGGAGCACTGAGTGTGTTGGCCTCAGGGACACTGAAGGAAGCCGCCCGCCCGTCCTCTCAGCCTTGGAGTCTGTTCAACCATTATCATTCAAACCACCTACCATCAAAGGTTTGAATACAATGAGCAGCTGCTCCTGCATTCCTCCAGGACACAGGTTCACCAGCTGGGTGTCTGTCAAAGACAATGAGCCTCCGAGTTG,ef373bf702bbac8a0282b81830c8f93ab4db7d96cdf4227fa9533f1812c6e249,0.345571836744914,CGGAGCACTGAGTGTGTTGGCCTCAGGGACACTGAAGGAAGCCGCCCGCCCGTCCTCTCAGCCTTGGAGTCTGTTCAACCATTATCATTCAAACCACCTTCCATCAAAGGTTTGAATACAATGAGCAGCTGCTCCTGCATTCCTCCAGGACACAGGTTCACCAGCTGGGTGTCTGTCAAAGAGAATGAGCCTCCGAGTTG,d3ad6afed4ab6223cc58aa69061a4dbb8f8a4e3ae0d6fbcf6bfe8d3d6ec2e925,0.256157223059913,CGGAGCACTGAGTGTGTTGGCCTCAGGGACACTGAAGGAAGCCGCCCGCCCGTCCTCTCAGCCTTGGAGTCTGTTCAACCATTATCATTCAAACCACCTACCATCAAAGGTTTGAATACAATGAGCAGCTGCTCCTGCATTCCTCCAGGACACAGGTTCACCAGCTGGGTGTCTGTCAAAGAGAATGAGCCTCCGAGTTG,c2921c54b45483c2f35a4e6f1d800541e815ac76b16d72729602b316df031a7a,0.29745691662655,0.304272143178277,0.497636415342418,-265.80702770128846,-280.8249779716134,-264.7875085407868,-279.6421581832692,-0.1633006278425455,1.0,0.304272143178277,0.0,0,0.1855663126461283,0.18565657667894103,0.15145376406925343,0.1356465718180305,1.0
chr6:3027015:G:T;chr6:3027019:G:C;var1;middle;OL41|K562|07969ac347bd538b,chr6:3027015:G:T;chr6:3027019:G:C;var1;middle;OL41,K562,K562_region_01810,100,104,4,CTGCCTCGGGTTGTGTCTGCTAAGAAGTCTGATTTCTGCTCATCTCTCCCCATTTCTTTCTTCCCATAAAGTGGGCTGATGCGCTGGAACGTCGATGCAGCCAGTGATGTGTTTGATGAGAATGTATTGAGAGTAAAGCTGCCCAGAATCCAAGTGTGTGTCATCTGAACTCTTGAATCATGGATGGAAGGTATGTCCTC,200c5bde39125e4d397b6bf3fe8799e4a74f4b06bffc89731f8bb79f80da2926,0.0,CTGCCTCGGGTTGTGTCTGCTAAGAAGTCTGATTTCTGCTCATCTCTCCCCATTTCTTTCTTCCCATAAAGTGGGCTGATGCGCTGGAACGTCGATGCATCCAGTGATGTGTTTGATGAGAATGTATTGAGAGTAAAGCTGCCCAGAATCCAAGTGTGTGTCATCTGAACTCTTGAATCATGGATGGAAGGTATGTCCTC,372d1ac23a528c9bb753944d844858fd25e235030e61296e641513993449c319,-0.265048729376576,CTGCCTCGGGTTGTGTCTGCTAAGAAGTCTGATTTCTGCTCATCTCTCCCCATTTCTTTCTTCCCATAAAGTGGGCTGATGCGCTGGAACGTCGATGCAGCCACTGATGTGTTTGATGAGAATGTATTGAGAGTAAAGCTGCCCAGAATCCAAGTGTGTGTCATCTGAACTCTTGAATCATGGATGGAAGGTATGTCCTC,bc9098c02799dfcda201e36f7dd28195482745ab7d9b3362c496d7276cb3d43a,0.0338351440326743,CTGCCTCGGGTTGTGTCTGCTAAGAAGTCTGATTTCTGCTCATCTCTCCCCATTTCTTTCTTCCCATAAAGTGGGCTGATGCGCTGGAACGTCGATGCATCCACTGATGTGTTTGATGAGAATGTATTGAGAGTAAAGCTGCCCAGAATCCAAGTGTGTGTCATCTGAACTCTTGAATCATGGATGGAAGGTATGTCCTC,07969ac347bd538b59651d30308e3026a21b2c5afd6f4bb110b4a03cd5566aa2,-0.147398355298766,0.0838152300451356,0.164216563093073,-335.15529274893925,-337.3008345172275,-338.3803844882641,-339.23148778965697,1.2944384668953717,-1.0,-0.0838152300451356,0.0,2,0.1770792754355668,0.17490732828716207,0.146091925319964,0.13000775658978886,1.0
chr6:3118952:C:T;chr6:3118998:G:T;var1;middle;OL41|K562|b6f02c937944d5b2,chr6:3118952:C:T;chr6:3118998:G:T;var1;middle;OL41,K562,K562_region_01811,100,146,46,GCGGAGCAGGATGGAGAGGCGAGGTGGGCGGAGCAGAGGGCGTGGCTTCGGGGCAGAGTGGGCCGGGTACCGCGCTTGGTCTTAGCGCATGCGCACTCCCGGCAGCTACGCGACCTGTGACCATGGTGGCTGTGCTGGGCGGCCGGGGCGTGTTGCGCCTGCGGCTGCTTCTCTCAGCGCTGAAGCCCGGGATCCACGTC,d23e50946b7d3da36274919a1f95fbc5ce738ae0927489625b69a56d63ecdb5c,0.0,GCGGAGCAGGATGGAGAGGCGAGGTGGGCGGAGCAGAGGGCGTGGCTTCGGGGCAGAGTGGGCCGGGTACCGCGCTTGGTCTTAGCGCATGCGCACTCCTGGCAGCTACGCGACCTGTGACCATGGTGGCTGTGCTGGGCGGCCGGGGCGTGTTGCGCCTGCGGCTGCTTCTCTCAGCGCTGAAGCCCGGGATCCACGTC,4a050dc5d3acb985f0901332fcd99f070b01a54f6fbf048c19abc80305c3b334,0.0542170148094033,GCGGAGCAGGATGGAGAGGCGAGGTGGGCGGAGCAGAGGGCGTGGCTTCGGGGCAGAGTGGGCCGGGTACCGCGCTTGGTCTTAGCGCATGCGCACTCCCGGCAGCTACGCGACCTGTGACCATGGTGGCTGTGCTGGGCGGCCGTGGCGTGTTGCGCCTGCGGCTGCTTCTCTCAGCGCTGAAGCCCGGGATCCACGTC,b1c43433420f0bf7047d44113a8f9730276cb4d3f52378ea59077423e6a0939d,0.147750648526689,GCGGAGCAGGATGGAGAGGCGAGGTGGGCGGAGCAGAGGGCGTGGCTTCGGGGCAGAGTGGGCCGGGTACCGCGCTTGGTCTTAGCGCATGCGCACTCCTGGCAGCTACGCGACCTGTGACCATGGTGGCTGTGCTGGGCGGCCGTGGCGTGTTGCGCCTGCGGCTGCTTCTCTCAGCGCTGAAGCCCGGGATCCACGTC,b6f02c937944d5b211dfc0aa53c775583ffd940bb32eb517e2a703e31e1097c2,0.102876778388598,0.0990908849474943,0.155293205420041,-305.291777987266,-302.80806756718084,-344.1101558906957,-345.6957719865022,4.069326515891646,1.0,0.0990908849474943,0.0,2,0.18111973678964943,0.17490732828716207,0.146091925319964,0.07150575484504967,1.0
chr6:3157354:C:G;chr6:3157399:A:G;var1;middle;OL41|K562|1d4f5fed729327e2,chr6:3157354:C:G;chr6:3157399:A:G;var1;middle;OL41,K562,K562_region_01812,100,145,45,CATCTGCCAGTCCAGTGACACTGCATGTTTTCATTCAAACCGTAGAGAAAAATATACAAATTAAATTCACATGAAGCTAGCGCAATAAATATGACCGTACCCCCGACCCAAGTTTCTGAGACAAATACACCCAGGGGAATGCCAACCGCGTCCCGCAGAAGGGCTGTGTCCCAGGGAAATCGAAAGGCCCCCGATTAAAC,003645f3aa76446868ea222a8636d552e867f91935571749148b86ac5c41e70d,0.0,CATCTGCCAGTCCAGTGACACTGCATGTTTTCATTCAAACCGTAGAGAAAAATATACAAATTAAATTCACATGAAGCTAGCGCAATAAATATGACCGTAGCCCCGACCCAAGTTTCTGAGACAAATACACCCAGGGGAATGCCAACCGCGTCCCGCAGAAGGGCTGTGTCCCAGGGAAATCGAAAGGCCCCCGATTAAAC,53e1374e2d8bb980f9ede5359ad7a8b6b6beb4c66e05b4d49f4a4b2608e3f509,0.554396046266439,CATCTGCCAGTCCAGTGACACTGCATGTTTTCATTCAAACCGTAGAGAAAAATATACAAATTAAATTCACATGAAGCTAGCGCAATAAATATGACCGTACCCCCGACCCAAGTTTCTGAGACAAATACACCCAGGGGAATGCCAGCCGCGTCCCGCAGAAGGGCTGTGTCCCAGGGAAATCGAAAGGCCCCCGATTAAAC,dd5770b6d5e92c5b749c3bfd5239e3b17b9eeba516301fe54338e5006d3b78d6,0.0198252865150768,CATCTGCCAGTCCAGTGACACTGCATGTTTTCATTCAAACCGTAGAGAAAAATATACAAATTAAATTCACATGAAGCTAGCGCAATAAATATGACCGTAGCCCCGACCCAAGTTTCTGAGACAAATACACCCAGGGGAATGCCAGCCGCGTCCCGCAGAAGGGCTGTGTCCCAGGGAAATCGAAAGGCCCCCGATTAAAC,1d4f5fed729327e220afb231084f0740ca72e64786240dadd3fd282bb450df57,0.196911961443681,0.3773093713378347,0.518924234095812,-435.39068919047713,-419.347574817948,-430.4359422856942,-414.44073815084994,0.047910237684845924,1.0,0.3773093713378347,0.0,4,0.17625870676846736,0.17620727786206916,0.145609630836647,0.36194608138717077,1.0
chr6:34503279:A:C;chr6:34503338:A:G;var1;middle;OL41|K562|f76454524893bb2d,chr6:34503279:A:C;chr6:34503338:A:G;var1;middle;OL41,K562,K562_region_01829,100,159,59,CGGGGGCCTGGGTCTTGTCTGGACTGGGGAGGGTGATACTGGAGGCTCCTGGAGCTCTGGCCCATTCAGGTTCCGGGTGCCTGGTGACAGGCCCTGACCAGGAGAGCTGGGGCATTCAGGGTTCCACATTCATGGATCAAGAGTGAATGAGGTCCTCAAATAGGTTTTGCTTTTTAAAGCAGAATTCTAAAAGTGACTGC,5af8cc892e2c0c5209e73bb43500f042b99f2b81c3262078aede0ff7b4fb839b,0.0,CGGGGGCCTGGGTCTTGTCTGGACTGGGGAGGGTGATACTGGAGGCTCCTGGAGCTCTGGCCCATTCAGGTTCCGGGTGCCTGGTGACAGGCCCTGACCCGGAGAGCTGGGGCATTCAGGGTTCCACATTCATGGATCAAGAGTGAATGAGGTCCTCAAATAGGTTTTGCTTTTTAAAGCAGAATTCTAAAAGTGACTGC,9a7cba4be01bf792136596e036d421334da13e7d5294887713e6d238bd637e1f,-0.123423650809604,CGGGGGCCTGGGTCTTGTCTGGACTGGGGAGGGTGATACTGGAGGCTCCTGGAGCTCTGGCCCATTCAGGTTCCGGGTGCCTGGTGACAGGCCCTGACCAGGAGAGCTGGGGCATTCAGGGTTCCACATTCATGGATCAAGAGTGAATGAGGTCCTCAGATAGGTTTTGCTTTTTAAAGCAGAATTCTAAAAGTGACTGC,bf9cc6948cc26a10ef6755dc77331560c36c8d9e830ed471b50915dc8dff388a,-0.256751092274019,CGGGGGCCTGGGTCTTGTCTGGACTGGGGAGGGTGATACTGGAGGCTCCTGGAGCTCTGGCCCATTCAGGTTCCGGGTGCCTGGTGACAGGCCCTGACCCGGAGAGCTGGGGCATTCAGGGTTCCACATTCATGGATCAAGAGTGAATGAGGTCCTCAGATAGGTTTTGCTTTTTAAAGCAGAATTCTAAAAGTGACTGC,f76454524893bb2d9df08afef6d5721d48211f47ea5d0d34657f92436beffa29,-0.0257544569488141,0.3544202861348088,0.2908055145021,-339.22417531046085,-352.14209527592175,-362.6044460179983,-375.7167627317831,-0.19439674832392484,-1.0,-0.3544202861348088,0.0,2,0.17491141098717336,0.17490732828716207,0.146091925319964,0.15691916981530069,1.0
chr6:34503439:T:C;chr6:34503446:T:C;var1;middle;OL41|K562|f27541c6959736ab,chr6:34503439:T:C;chr6:34503446:T:C;var1;middle;OL41,K562,K562_region_01829,100,107,7,TAGGTTTTGCTTTTTAAAGCAGAATTCTAAAAGTGACTGCTGAGGCCCACGGTTCCTGGCTGTCCACAGTGCCAAGCTCCCTGTGCGGTGATGTTGGGCTGTGCCATGCCTTCCTGCGTCTCGCCTGGCTCTGAATGCATTTCTGTGTGGGACCCGTGGGAGGGCTCCTTGGGGAGAATTTCTCAGGGGCATGGGCAGGA,9e619b0b173ed94d43104127e6358f004605056350e32a563d1c655180a26bd7,0.0,TAGGTTTTGCTTTTTAAAGCAGAATTCTAAAAGTGACTGCTGAGGCCCACGGTTCCTGGCTGTCCACAGTGCCAAGCTCCCTGTGCGGTGATGTTGGGCCGTGCCATGCCTTCCTGCGTCTCGCCTGGCTCTGAATGCATTTCTGTGTGGGACCCGTGGGAGGGCTCCTTGGGGAGAATTTCTCAGGGGCATGGGCAGGA,b5417203036de404ce1119ca70a5c26c80f6bd9e2b22c7e91a97ac2ba8c7fcc6,-0.454612685004493,TAGGTTTTGCTTTTTAAAGCAGAATTCTAAAAGTGACTGCTGAGGCCCACGGTTCCTGGCTGTCCACAGTGCCAAGCTCCCTGTGCGGTGATGTTGGGCTGTGCCACGCCTTCCTGCGTCTCGCCTGGCTCTGAATGCATTTCTGTGTGGGACCCGTGGGAGGGCTCCTTGGGGAGAATTTCTCAGGGGCATGGGCAGGA,dc004e2dacd4067f4f5a2b18c053c79012376141bac03ab3256ee8c05c05a993,-0.53178645881442,TAGGTTTTGCTTTTTAAAGCAGAATTCTAAAAGTGACTGCTGAGGCCCACGGTTCCTGGCTGTCCACAGTGCCAAGCTCCCTGTGCGGTGATGTTGGGCCGTGCCACGCCTTCCTGCGTCTCGCCTGGCTCTGAATGCATTTCTGTGTGGGACCCGTGGGAGGGCTCCTTGGGGAGAATTTCTCAGGGGCATGGGCAGGA,f27541c6959736ab3179134dc01c1c8cef44cc00ffb2938f79a8ffa605c33f8c,-0.0596340394692094,0.9267651043497036,0.313850083400866,-311.2788136904128,-310.6427056287648,-313.97933173389174,-311.17562968085986,2.16759399138391,-1.0,-0.9267651043497036,0.0,2,0.17835066047543385,0.17490732828716207,0.146091925319964,0.32270774940628605,1.0
chr6:34503439:T:C;chr6:34503517:A:C;var1;middle;OL41|K562|5f4ba03496b883bb,chr6:34503439:T:C;chr6:34503517:A:C;var1;middle;OL41,K562,K562_region_01829,100,178,78,TAGGTTTTGCTTTTTAAAGCAGAATTCTAAAAGTGACTGCTGAGGCCCACGGTTCCTGGCTGTCCACAGTGCCAAGCTCCCTGTGCGGTGATGTTGGGCTGTGCCATGCCTTCCTGCGTCTCGCCTGGCTCTGAATGCATTTCTGTGTGGGACCCGTGGGAGGGCTCCTTGGGGAGAATTTCTCAGGGGCATGGGCAGGA,9e619b0b173ed94d43104127e6358f004605056350e32a563d1c655180a26bd7,0.0,TAGGTTTTGCTTTTTAAAGCAGAATTCTAAAAGTGACTGCTGAGGCCCACGGTTCCTGGCTGTCCACAGTGCCAAGCTCCCTGTGCGGTGATGTTGGGCCGTGCCATGCCTTCCTGCGTCTCGCCTGGCTCTGAATGCATTTCTGTGTGGGACCCGTGGGAGGGCTCCTTGGGGAGAATTTCTCAGGGGCATGGGCAGGA,b5417203036de404ce1119ca70a5c26c80f6bd9e2b22c7e91a97ac2ba8c7fcc6,-0.454597451278597,TAGGTTTTGCTTTTTAAAGCAGAATTCTAAAAGTGACTGCTGAGGCCCACGGTTCCTGGCTGTCCACAGTGCCAAGCTCCCTGTGCGGTGATGTTGGGCTGTGCCATGCCTTCCTGCGTCTCGCCTGGCTCTGAATGCATTTCTGTGTGGGACCCGTGGGAGGGCTCCTTGGGGAGACTTTCTCAGGGGCATGGGCAGGA,b4400ebf6b6bba0bcaa25eff7d8aa1c251e4a77097c08c7ebf0efff28d4c0cd7,-0.125873006291907,TAGGTTTTGCTTTTTAAAGCAGAATTCTAAAAGTGACTGCTGAGGCCCACGGTTCCTGGCTGTCCACAGTGCCAAGCTCCCTGTGCGGTGATGTTGGGCCGTGCCATGCCTTCCTGCGTCTCGCCTGGCTCTGAATGCATTTCTGTGTGGGACCCGTGGGAGGGCTCCTTGGGGAGACTTTCTCAGGGGCATGGGCAGGA,5f4ba03496b883bb53cab9e6edb3e03a15ffced426403e3274e601dbf59b2c10,-0.643026613788084,0.06255615621758,0.273392693044393,-311.2788136904128,-310.6427056287648,-309.38886752771214,-308.9252171248663,0.17245765880215913,1.0,0.06255615621758,0.0,2,0.17544558066479476,0.17490732828716207,0.146091925319964,0.32284627226339124,1.0
chr6:34503446:T:C;chr6:34503517:A:C;var1;middle;OL41|K562|0e69ed6c46b09f59,chr6:34503446:T:C;chr6:34503517:A:C;var1;middle;OL41,K562,K562_region_01829,100,171,71,TGCTTTTTAAAGCAGAATTCTAAAAGTGACTGCTGAGGCCCACGGTTCCTGGCTGTCCACAGTGCCAAGCTCCCTGTGCGGTGATGTTGGGCTGTGCCATGCCTTCCTGCGTCTCGCCTGGCTCTGAATGCATTTCTGTGTGGGACCCGTGGGAGGGCTCCTTGGGGAGAATTTCTCAGGGGCATGGGCAGGACCGGAGC,78b6bf4375efa1a94d0144c31ee3b6624855f9373cf5d34c1a025a5acc65a1c9,0.0,TGCTTTTTAAAGCAGAATTCTAAAAGTGACTGCTGAGGCCCACGGTTCCTGGCTGTCCACAGTGCCAAGCTCCCTGTGCGGTGATGTTGGGCTGTGCCACGCCTTCCTGCGTCTCGCCTGGCTCTGAATGCATTTCTGTGTGGGACCCGTGGGAGGGCTCCTTGGGGAGAATTTCTCAGGGGCATGGGCAGGACCGGAGC,5de8410fa989f2d699a5adce95c2638ee2c956165474c821fc583920c5cc5e54,0.0234747092796405,TGCTTTTTAAAGCAGAATTCTAAAAGTGACTGCTGAGGCCCACGGTTCCTGGCTGTCCACAGTGCCAAGCTCCCTGTGCGGTGATGTTGGGCTGTGCCATGCCTTCCTGCGTCTCGCCTGGCTCTGAATGCATTTCTGTGTGGGACCCGTGGGAGGGCTCCTTGGGGAGACTTTCTCAGGGGCATGGGCAGGACCGGAGC,8a325fa08d2aca52d7741d9c4b47dcf643cd1042373325b09a795ecf4575ecb1,-0.0328154315946785,TGCTTTTTAAAGCAGAATTCTAAAAGTGACTGCTGAGGCCCACGGTTCCTGGCTGTCCACAGTGCCAAGCTCCCTGTGCGGTGATGTTGGGCTGTGCCACGCCTTCCTGCGTCTCGCCTGGCTCTGAATGCATTTCTGTGTGGGACCCGTGGGAGGGCTCCTTGGGGAGACTTTCTCAGGGGCATGGGCAGGACCGGAGC,0e69ed6c46b09f595009e421e3985032f32a0d93487e047146adf66b071cde63,0.0296008064145485,0.0389415287295865,0.352119250980776,-324.53391940379515,-327.4901240738109,-318.6768385563046,-322.04160611657426,-0.4085628902539611,-1.0,-0.0389415287295865,0.0,2,0.17459956776880126,0.17490732828716207,0.146091925319964,0.171527316274255,1.0
chr6:3470609:A:G;chr6:3470613:T:C;var1;middle;OL31|K562|974760e95cc13e8f,chr6:3470609:A:G;chr6:3470613:T:C;var1;middle;OL31,K562,K562_region_01813,100,104,4,TTTTGCCCTTTTCCTCCACCTAGTTCATTTTAAGAGGATCTTAATGCTGCCTATCAGATAAGAATGTTATGTATAAAATTAGATATTTTAATACAAGCAAGCCTGGACTTGTACAGACAAATTTCTCACCTCTTCCACAGAGGACAATAGACTTCTGAAAAAGGTGCTGTATTGTCTAAACCCCTCTGGCCCCCTCTTCC,d36cb32290c5135bc36114883a6dcfbd45473df1511567b86a4709eef4698e16,0.0,TTTTGCCCTTTTCCTCCACCTAGTTCATTTTAAGAGGATCTTAATGCTGCCTATCAGATAAGAATGTTATGTATAAAATTAGATATTTTAATACAAGCAGGCCTGGACTTGTACAGACAAATTTCTCACCTCTTCCACAGAGGACAATAGACTTCTGAAAAAGGTGCTGTATTGTCTAAACCCCTCTGGCCCCCTCTTCC,cdc6f1b7068703abdadf8647a3f6a4ce33847306a0ac6b89867ec77ec30cf5b4,-0.443258517498677,TTTTGCCCTTTTCCTCCACCTAGTTCATTTTAAGAGGATCTTAATGCTGCCTATCAGATAAGAATGTTATGTATAAAATTAGATATTTTAATACAAGCAAGCCCGGACTTGTACAGACAAATTTCTCACCTCTTCCACAGAGGACAATAGACTTCTGAAAAAGGTGCTGTATTGTCTAAACCCCTCTGGCCCCCTCTTCC,a3d6e3b3691cbb4de897ec9f14f2c30b20718e7235f1cb2d8ff978d735ad81a1,-0.459149218857385,TTTTGCCCTTTTCCTCCACCTAGTTCATTTTAAGAGGATCTTAATGCTGCCTATCAGATAAGAATGTTATGTATAAAATTAGATATTTTAATACAAGCAGGCCCGGACTTGTACAGACAAATTTCTCACCTCTTCCACAGAGGACAATAGACTTCTGAAAAAGGTGCTGTATTGTCTAAACCCCTCTGGCCCCCTCTTCC,974760e95cc13e8f671af02a61117b918db73a66c88906045e6467026c8b7beb,-0.56373414586315,-0.3386735904929121,0.575129390654411,-295.4591960683465,-301.8294626288116,-313.7758330348879,-341.0219063740224,20.875806778669414,1.0,-0.3386735904929121,0.0,2,0.20559133088674064,0.17490732828716207,0.146091925319964,0.21481504606351626,1.0
chr6:35436922:C:T;chr6:35436925:C:T;var1;middle;OL41|K562|d990839d737f5d13,chr6:35436922:C:T;chr6:35436925:C:T;var1;middle;OL41,K562,K562_region_01830,100,103,3,CCACCCAGCCCTCAGTGCCCCCGTGCTTGCCCCTCCCCTGCAGGCTCCCGCTGAGCCGGAGGCGGGCACGTCGGTACTGATGTGCTAGGGTAGTTCAGACCCCCTGCTCCGGGCAGGCGCGGCTGGACGGACCCCCACCCTGGGTCTTAAAACATGAGGGGAGGCGTGGGTAGGCCTCGGCCGAGCCCGCCGGCCAGCCT,4a348426a95d397cad9d02eea381c0dd8f3882e6e9c3726ba62d8dc9c868abbb,0.0,CCACCCAGCCCTCAGTGCCCCCGTGCTTGCCCCTCCCCTGCAGGCTCCCGCTGAGCCGGAGGCGGGCACGTCGGTACTGATGTGCTAGGGTAGTTCAGATCCCCTGCTCCGGGCAGGCGCGGCTGGACGGACCCCCACCCTGGGTCTTAAAACATGAGGGGAGGCGTGGGTAGGCCTCGGCCGAGCCCGCCGGCCAGCCT,1467c8b0e5ab77eae4ee7215a5db5663c8955b9d517005c3eb101d7c892175fd,0.990219617451847,CCACCCAGCCCTCAGTGCCCCCGTGCTTGCCCCTCCCCTGCAGGCTCCCGCTGAGCCGGAGGCGGGCACGTCGGTACTGATGTGCTAGGGTAGTTCAGACCCTCTGCTCCGGGCAGGCGCGGCTGGACGGACCCCCACCCTGGGTCTTAAAACATGAGGGGAGGCGTGGGTAGGCCTCGGCCGAGCCCGCCGGCCAGCCT,b200ee13d8429aae3c4ba31c14d2d62c358d966b0e88aa7198d12cd00a5437f0,0.657699127243217,CCACCCAGCCCTCAGTGCCCCCGTGCTTGCCCCTCCCCTGCAGGCTCCCGCTGAGCCGGAGGCGGGCACGTCGGTACTGATGTGCTAGGGTAGTTCAGATCCTCTGCTCCGGGCAGGCGCGGCTGGACGGACCCCCACCCTGGGTCTTAAAACATGAGGGGAGGCGTGGGTAGGCCTCGGCCGAGCCCGCCGGCCAGCCT,d990839d737f5d135233dfb45e97719c931c89d2e635d3c55e30fcb553400c18,1.22211594814797,0.4258027965470941,0.38628626994039,-261.8193642795086,-263.7716288417578,-260.4452513754368,-262.7768067866564,0.3792908489704132,1.0,0.4258027965470941,0.0,0,0.1862632108466737,0.18565657667894103,0.15145376406925343,0.20489784261467203,1.0
chr6:36842183:C:T;chr6:36842192:C:T;var1;middle;OL41|K562|ee8777391c5780d4,chr6:36842183:C:T;chr6:36842192:C:T;var1;middle;OL41,K562,K562_region_01831,100,109,9,TACTTATCACGTAATGTTTACATGTCTGTCTCTTTCATTATACCGTAAGCTCCTAAAGGCAGGGCTGTCTGTGTTTTATCTACCTCTGTATCCTCAGAACTCATATTCCATATGCCTGGCTTGCGGACTCATTACACGTTTGTTGAATGAATGAATGAATGAATGAGCGGACTGGGGGAAGGAGGACAATCAGGCAGCTA,48705f7c75c12a442807f7697136141aca86dcdc4d6b4b821738c7dbdcbab437,0.0,TACTTATCACGTAATGTTTACATGTCTGTCTCTTTCATTATACCGTAAGCTCCTAAAGGCAGGGCTGTCTGTGTTTTATCTACCTCTGTATCCTCAGAATTCATATTCCATATGCCTGGCTTGCGGACTCATTACACGTTTGTTGAATGAATGAATGAATGAATGAGCGGACTGGGGGAAGGAGGACAATCAGGCAGCTA,a399d8086d1cb3dfd2632e03361dddf7ba11bd2c5552b82e583f634bb87e1002,-0.118012485109841,TACTTATCACGTAATGTTTACATGTCTGTCTCTTTCATTATACCGTAAGCTCCTAAAGGCAGGGCTGTCTGTGTTTTATCTACCTCTGTATCCTCAGAACTCATATTCTATATGCCTGGCTTGCGGACTCATTACACGTTTGTTGAATGAATGAATGAATGAATGAGCGGACTGGGGGAAGGAGGACAATCAGGCAGCTA,f9aca3b572f3aacab12d91915ca7fbc22f8147a9cdd1a36feabff45faaebff6a,-0.100868603814685,TACTTATCACGTAATGTTTACATGTCTGTCTCTTTCATTATACCGTAAGCTCCTAAAGGCAGGGCTGTCTGTGTTTTATCTACCTCTGTATCCTCAGAATTCATATTCTATATGCCTGGCTTGCGGACTCATTACACGTTTGTTGAATGAATGAATGAATGAATGAGCGGACTGGGGGAAGGAGGACAATCAGGCAGCTA,ee8777391c5780d47d5f89b8f3ed01385bf0b5d710fdfe23abb6e61be022c7c9,0.0425248109170725,0.2614058998415985,0.259001252958653,-278.4917781206313,-278.5535231574904,-281.23996798181906,-281.5271651588846,-0.22545214020641424,-1.0,-0.2614058998415985,0.0,1,0.1821357756768455,0.18216460459877223,0.1501433469024087,0.076824030480196,1.0
chr6:36915954:G:A;chr6:36916019:T:C;var1;middle;OL41|K562|69ddc1867e4249f1,chr6:36915954:G:A;chr6:36916019:T:C;var1;middle;OL41,K562,K562_region_01832,100,165,65,ACCTGCCCCAGGCCACCCAGCCGGTAAGCCCCACACTCTCATCCACAACACTGCCTGTGGTTGCTGGTTGGTTTCCTGCTGTTGTTCACCCAGCTCAGCGCCTGGCACAATGAGAGGCTCTGTAAGCCTTTGTTGAGTGAATGAATGCTGCCCATTGTCCTGCATCTACGGAGCTGTTTTCCTTGCTATTGAAGGGGCAT,193a801fd4e8442524d628b7473dfcf7a245079da41c9b0d1056c1abbcce667c,0.0,ACCTGCCCCAGGCCACCCAGCCGGTAAGCCCCACACTCTCATCCACAACACTGCCTGTGGTTGCTGGTTGGTTTCCTGCTGTTGTTCACCCAGCTCAGCACCTGGCACAATGAGAGGCTCTGTAAGCCTTTGTTGAGTGAATGAATGCTGCCCATTGTCCTGCATCTACGGAGCTGTTTTCCTTGCTATTGAAGGGGCAT,a5e77f01b41dca15db9869da221bf9c853ccd424d37ab84094e08fe217466b61,-0.0293102507976808,ACCTGCCCCAGGCCACCCAGCCGGTAAGCCCCACACTCTCATCCACAACACTGCCTGTGGTTGCTGGTTGGTTTCCTGCTGTTGTTCACCCAGCTCAGCGCCTGGCACAATGAGAGGCTCTGTAAGCCTTTGTTGAGTGAATGAATGCTGCCCATTGTCCTGCACCTACGGAGCTGTTTTCCTTGCTATTGAAGGGGCAT,6e5926a0bc431afb9c326402f669d3a6e0607f8dfb50e0cb27a7c5d3f98474b8,-0.0617617320522323,ACCTGCCCCAGGCCACCCAGCCGGTAAGCCCCACACTCTCATCCACAACACTGCCTGTGGTTGCTGGTTGGTTTCCTGCTGTTGTTCACCCAGCTCAGCACCTGGCACAATGAGAGGCTCTGTAAGCCTTTGTTGAGTGAATGAATGCTGCCCATTGTCCTGCACCTACGGAGCTGTTTTCCTTGCTATTGAAGGGGCAT,69ddc1867e4249f13649e60a6a0730391fedd67534d9f1e87b9f9f94c42c0935,-0.215548250046649,0.1244762671967358,0.325021798299184,-267.8720491938293,-263.0375786107033,-213.75548199936748,-208.64701678976417,-0.2739946264773039,1.0,0.1244762671967358,0.0,0,0.18542413855796744,0.18565657667894103,0.15145376406925343,0.3708978074371535,1.0
chr6:36974793:A:G;chr6:36974872:A:G;var1;middle;OL41|K562|19e05601efe3ce6d,chr6:36974793:A:G;chr6:36974872:A:G;var1;middle;OL41,K562,K562_region_01833,100,179,79,GAGGGCTGGGTATTTGTATCTCCATGTGGACTGGACAAGAGACTCTGGGTGAGGCAGCTCTCTCTTCCAGAGAGTGATTCCCAGAGAGGGACTCAGCCAATAAATTACCCGGCAGCCCCCAGTACTACCAGTAGCTGGTGGGGATGGTGTGGGGAGGCCTCATTCCTGAAGGAGGGACATGGGTGGCACAGCACAGCATC,3d0d5a9bab1ee21b8201379af2c8d9808efe61013521db0705e611ba40c9f587,0.0,GAGGGCTGGGTATTTGTATCTCCATGTGGACTGGACAAGAGACTCTGGGTGAGGCAGCTCTCTCTTCCAGAGAGTGATTCCCAGAGAGGGACTCAGCCAGTAAATTACCCGGCAGCCCCCAGTACTACCAGTAGCTGGTGGGGATGGTGTGGGGAGGCCTCATTCCTGAAGGAGGGACATGGGTGGCACAGCACAGCATC,b848dc5fc3ecfdfd133803a25d0acc019e70daae7448301c9b5cd4995691850a,0.726348157936239,GAGGGCTGGGTATTTGTATCTCCATGTGGACTGGACAAGAGACTCTGGGTGAGGCAGCTCTCTCTTCCAGAGAGTGATTCCCAGAGAGGGACTCAGCCAATAAATTACCCGGCAGCCCCCAGTACTACCAGTAGCTGGTGGGGATGGTGTGGGGAGGCCTCATTCCTGAAGGAGGGACGTGGGTGGCACAGCACAGCATC,8d9fe0cdd81540cb320b233881b74dde5f4ba7bded5b08de4455c298b35b8778,0.552370562384802,GAGGGCTGGGTATTTGTATCTCCATGTGGACTGGACAAGAGACTCTGGGTGAGGCAGCTCTCTCTTCCAGAGAGTGATTCCCAGAGAGGGACTCAGCCAGTAAATTACCCGGCAGCCCCCAGTACTACCAGTAGCTGGTGGGGATGGTGTGGGGAGGCCTCATTCCTGAAGGAGGGACGTGGGTGGCACAGCACAGCATC,19e05601efe3ce6d0a0454ec806605b3af34bc65699e8799db4ebf042616d7c0,0.936924818257897,0.3417939020631441,0.225627572283152,-239.03805027157068,-243.025451682508,-240.7815557271242,-242.0545110553503,-2.71444608271122,1.0,0.3417939020631441,0.0,3,0.17600559802693008,0.18106719778262317,0.1474303780702046,0.2458911976203274,1.0
chr6:37484698:C:G;chr6:37484729:G:A;var1;middle;OL41|K562|50fd37cf1a9c13ea,chr6:37484698:C:G;chr6:37484729:G:A;var1;middle;OL41,K562,K562_region_01834,100,131,31,CCTGTCCCGTGCTGCTCCCTGCCAGCCCCAAATCAGGAGTCCCCCCACCCCCGCACCACCGTGTTTCTAGTCCTGAGAGTGATGGGCTGGGGGATGGAGCCTCTGAAAATTCCACGAAGGTATGGTGCCCGGTCCAGGCATGCCCTGTGGCCGTCTGTTGTTGATTTTTAAATCTGTTCACCCGGGAGTCCTAGTTCAGC,52543139638dc6780beb57770f65487d536749cdb496b5077a747e0eb5304546,0.0,CCTGTCCCGTGCTGCTCCCTGCCAGCCCCAAATCAGGAGTCCCCCCACCCCCGCACCACCGTGTTTCTAGTCCTGAGAGTGATGGGCTGGGGGATGGAGGCTCTGAAAATTCCACGAAGGTATGGTGCCCGGTCCAGGCATGCCCTGTGGCCGTCTGTTGTTGATTTTTAAATCTGTTCACCCGGGAGTCCTAGTTCAGC,ec407c8c19c70ac4efb42450397a1a28b8f27c998a1fa46e893881843cd61882,0.205861761601383,CCTGTCCCGTGCTGCTCCCTGCCAGCCCCAAATCAGGAGTCCCCCCACCCCCGCACCACCGTGTTTCTAGTCCTGAGAGTGATGGGCTGGGGGATGGAGCCTCTGAAAATTCCACGAAGGTATGGTGCCCAGTCCAGGCATGCCCTGTGGCCGTCTGTTGTTGATTTTTAAATCTGTTCACCCGGGAGTCCTAGTTCAGC,07560b9a583a1dc2b170238fcd84993ab7ddfe53163f7d6c9ccb69025ab9fa38,-0.119420107040103,CCTGTCCCGTGCTGCTCCCTGCCAGCCCCAAATCAGGAGTCCCCCCACCCCCGCACCACCGTGTTTCTAGTCCTGAGAGTGATGGGCTGGGGGATGGAGGCTCTGAAAATTCCACGAAGGTATGGTGCCCAGTCCAGGCATGCCCTGTGGCCGTCTGTTGTTGATTTTTAAATCTGTTCACCCGGGAGTCCTAGTTCAGC,50fd37cf1a9c13eaef1c36aae3dc90cf19c497104ada2ef8b87733fab0669738,-0.114769834149739,-0.201211488711019,0.309673202489316,-344.97558285295963,-304.6176454164088,-347.3096516998485,-292.5652419216931,14.38647234160453,-1.0,0.201211488711019,0.0,4,0.19403008292668059,0.17620727786206916,0.145609630836647,0.2310829672968594,1.0
chr6:37484729:G:A;chr6:37484790:T:C;var1;middle;OL41|K562|616a5aea1a55314e,chr6:37484729:G:A;chr6:37484790:T:C;var1;middle;OL41,K562,K562_region_01834,100,161,61,ATCAGGAGTCCCCCCACCCCCGCACCACCGTGTTTCTAGTCCTGAGAGTGATGGGCTGGGGGATGGAGCCTCTGAAAATTCCACGAAGGTATGGTGCCCGGTCCAGGCATGCCCTGTGGCCGTCTGTTGTTGATTTTTAAATCTGTTCACCCGGGAGTCCTAGTTCAGCTCAGCAGACAGCAGTATTTGCTTATTAATTT,fc4128d1528a7ae7c41d2157ebc426a4fbc4a2f10d8dd07d02199af0c2f52aeb,0.0,ATCAGGAGTCCCCCCACCCCCGCACCACCGTGTTTCTAGTCCTGAGAGTGATGGGCTGGGGGATGGAGCCTCTGAAAATTCCACGAAGGTATGGTGCCCAGTCCAGGCATGCCCTGTGGCCGTCTGTTGTTGATTTTTAAATCTGTTCACCCGGGAGTCCTAGTTCAGCTCAGCAGACAGCAGTATTTGCTTATTAATTT,73c8f439e8b0b9418dffa7ef88195c0913b46ed267b80d18676ff42deb66a3cd,0.157190968627061,ATCAGGAGTCCCCCCACCCCCGCACCACCGTGTTTCTAGTCCTGAGAGTGATGGGCTGGGGGATGGAGCCTCTGAAAATTCCACGAAGGTATGGTGCCCGGTCCAGGCATGCCCTGTGGCCGTCTGTTGTTGATTTTTAAATCTGTTCACCCGGGAGTCCCAGTTCAGCTCAGCAGACAGCAGTATTTGCTTATTAATTT,318d44d01c25d170b39e8ac3f803604365a65336bd8788f4ed6f1f0f10c0f9d3,0.207758233520555,ATCAGGAGTCCCCCCACCCCCGCACCACCGTGTTTCTAGTCCTGAGAGTGATGGGCTGGGGGATGGAGCCTCTGAAAATTCCACGAAGGTATGGTGCCCAGTCCAGGCATGCCCTGTGGCCGTCTGTTGTTGATTTTTAAATCTGTTCACCCGGGAGTCCCAGTTCAGCTCAGCAGACAGCAGTATTTGCTTATTAATTT,616a5aea1a55314e4b5e739e566b63115f397690e31b6a88a75f689ce275db20,-0.255049400423715,0.619998602571331,0.369706480668535,-388.09200017433614,-388.63211394287646,-381.7218906271737,-382.7201413856819,0.45813698996789753,1.0,0.619998602571331,0.0,4,0.1767671464482726,0.17620727786206916,0.145609630836647,0.17759635279501462,1.0
chr6:39033078:G:A;chr6:39033131:G:A;var1;middle;OL31|K562|638556055164c4d5,chr6:39033078:G:A;chr6:39033131:G:A;var1;middle;OL31,K562,K562_region_01835,100,153,53,TCAGTGCCAACCTTGTTCCCAGGGTCTGCTCTCCCCAAGGAGTGTGGGAGGGAGGTGGGCACTGAGTCCTAAAAATCAGAAATAGCGAGTGACTGCGGGGCAGGCACGGCTGCTGCTGGTCGGTGCCAGACCTTGTCAGTAGTGTGATTTGAGGCTGGAGGCAGGGACATGGAACTGAGCTAAACTCCTGTCATCTCAAA,c8599329481341493089071d7004ea0b3cde65e77abff08127a29d7280a21bea,0.0,TCAGTGCCAACCTTGTTCCCAGGGTCTGCTCTCCCCAAGGAGTGTGGGAGGGAGGTGGGCACTGAGTCCTAAAAATCAGAAATAGCGAGTGACTGCGGGACAGGCACGGCTGCTGCTGGTCGGTGCCAGACCTTGTCAGTAGTGTGATTTGAGGCTGGAGGCAGGGACATGGAACTGAGCTAAACTCCTGTCATCTCAAA,5d6dc6ac2e8542cc6508ece2917771a121cc68d70f3655c09b6237f0a65bb4cd,-0.644558221024782,TCAGTGCCAACCTTGTTCCCAGGGTCTGCTCTCCCCAAGGAGTGTGGGAGGGAGGTGGGCACTGAGTCCTAAAAATCAGAAATAGCGAGTGACTGCGGGGCAGGCACGGCTGCTGCTGGTCGGTGCCAGACCTTGTCAGTAGTGTGATTTGAAGCTGGAGGCAGGGACATGGAACTGAGCTAAACTCCTGTCATCTCAAA,7a12e11928da782087d9886b5beefd893e30e67169655827799962b2f62666aa,-0.546878118654916,TCAGTGCCAACCTTGTTCCCAGGGTCTGCTCTCCCCAAGGAGTGTGGGAGGGAGGTGGGCACTGAGTCCTAAAAATCAGAAATAGCGAGTGACTGCGGGACAGGCACGGCTGCTGCTGGTCGGTGCCAGACCTTGTCAGTAGTGTGATTTGAAGCTGGAGGCAGGGACATGGAACTGAGCTAAACTCCTGTCATCTCAAA,638556055164c4d583e9f677e4c0913c308a15b1b5c2b2a9b969a55f6ab23692,-0.512607704820797,0.6788286348589011,0.181284547242085,-311.6890221401118,-313.7683902652934,-314.27064245101064,-318.12500538118184,-1.7749948049895465,-1.0,-0.6788286348589011,0.0,3,0.17789782708555288,0.18106719778262317,0.1474303780702046,0.00816116193303798,1.0
chr6:39070977:G:A;chr6:39070998:A:G;var1;middle;OL31|K562|b6381a22b7e91c88,chr6:39070977:G:A;chr6:39070998:A:G;var1;middle;OL31,K562,K562_region_01836,100,121,21,TTTCAGTAAACATAAAGAACTTCCTAGGAAGTACCTGGAATCTTCTTTAGGGGTTCACTAGAAACAAATTATCTTTAGTTGGGAATAAATGATGGCCCTGCCCAAGGTTGGGGGTGGGGAACACACTTGATGGTATTTTGGGGTCCCTTCCAACTTTAGATGTAGAGTCTTGTTGAACAGTCCCTATCAATAGGCAAGAT,77e37bd045d79dd8d551b537cd84a78f94670d64f37f6a9ea9910d25427f10a9,0.0,TTTCAGTAAACATAAAGAACTTCCTAGGAAGTACCTGGAATCTTCTTTAGGGGTTCACTAGAAACAAATTATCTTTAGTTGGGAATAAATGATGGCCCTACCCAAGGTTGGGGGTGGGGAACACACTTGATGGTATTTTGGGGTCCCTTCCAACTTTAGATGTAGAGTCTTGTTGAACAGTCCCTATCAATAGGCAAGAT,88a15c4e38886c89956590bf22c30fcbc56698c40e548999bf3e09cee74c0cf3,-0.0370403014486172,TTTCAGTAAACATAAAGAACTTCCTAGGAAGTACCTGGAATCTTCTTTAGGGGTTCACTAGAAACAAATTATCTTTAGTTGGGAATAAATGATGGCCCTGCCCAAGGTTGGGGGTGGGGAGCACACTTGATGGTATTTTGGGGTCCCTTCCAACTTTAGATGTAGAGTCTTGTTGAACAGTCCCTATCAATAGGCAAGAT,4819338ccb49a8325dde5dad6f46ddfcd8320a9b5568b6967926af8b14be3cc6,0.115089974652549,TTTCAGTAAACATAAAGAACTTCCTAGGAAGTACCTGGAATCTTCTTTAGGGGTTCACTAGAAACAAATTATCTTTAGTTGGGAATAAATGATGGCCCTACCCAAGGTTGGGGGTGGGGAGCACACTTGATGGTATTTTGGGGTCCCTTCCAACTTTAGATGTAGAGTCTTGTTGAACAGTCCCTATCAATAGGCAAGAT,b6381a22b7e91c88fed7b1db9520af6cba9b2fde49c891248479bc45935fe3e2,-0.112632345478594,0.1906820186825258,0.235476408800562,-316.81759011978284,-317.99554769461975,-314.3111880966462,-322.7389492541552,7.249803582672087,1.0,0.1906820186825258,0.0,1,0.18974139888424252,0.18216460459877223,0.1501433469024087,0.10300795969398026,1.0
chr6:3912246:A:T;chr6:3912275:C:T;var1;middle;OL41|K562|3cf708fe55811899,chr6:3912246:A:T;chr6:3912275:C:T;var1;middle;OL41,K562,K562_region_01814,100,129,29,AGCAAAACTCCTTCGGTGTTATGCTAACAAGTTTCTGTCTCAACTCCATCTTTCCGCACACTCCTCTCCCTGCTAGGTGCAAGGAGGGGGAAAGAAAACAATCTCTCCCTATGCACTTTAAACATTCCCTGTGATGTGTCACCAGACTTTATCGCCTTTCAGGCACTAGTGAGTCACTTTTTGAGGCAGGGCCCCCGCTC,14420eb8677f6a4b9fdcb47979c4b43631c06fcafa6b960310cb85587424a420,0.0,AGCAAAACTCCTTCGGTGTTATGCTAACAAGTTTCTGTCTCAACTCCATCTTTCCGCACACTCCTCTCCCTGCTAGGTGCAAGGAGGGGGAAAGAAAACTATCTCTCCCTATGCACTTTAAACATTCCCTGTGATGTGTCACCAGACTTTATCGCCTTTCAGGCACTAGTGAGTCACTTTTTGAGGCAGGGCCCCCGCTC,1e9fd07695ac869e07b530744d6bb561a3bd96cc729b16d6dad69311ca95951a,1.14461391705248,AGCAAAACTCCTTCGGTGTTATGCTAACAAGTTTCTGTCTCAACTCCATCTTTCCGCACACTCCTCTCCCTGCTAGGTGCAAGGAGGGGGAAAGAAAACAATCTCTCCCTATGCACTTTAAACATTCCTTGTGATGTGTCACCAGACTTTATCGCCTTTCAGGCACTAGTGAGTCACTTTTTGAGGCAGGGCCCCCGCTC,81c37dd62ea120f43577b4e16a75380c7d69a1d570cad5dd6c5ceb14cd9032da,-0.13088152689309,AGCAAAACTCCTTCGGTGTTATGCTAACAAGTTTCTGTCTCAACTCCATCTTTCCGCACACTCCTCTCCCTGCTAGGTGCAAGGAGGGGGAAAGAAAACTATCTCTCCCTATGCACTTTAAACATTCCTTGTGATGTGTCACCAGACTTTATCGCCTTTCAGGCACTAGTGAGTCACTTTTTGAGGCAGGGCCCCCGCTC,3cf708fe5581189985affd2c92219025a0a70736da13103ada947fc94ca8968c,1.1497309260561,0.1359985358967099,0.203768357912066,-273.71646025776863,-275.6734165549278,-283.2850909680128,-289.4787272438407,-4.23667997866869,-1.0,-0.1359985358967099,0.0,1,0.17805459254822095,0.18216460459877223,0.1501433469024087,0.02033133732631595,1.0
chr6:397261:G:A;chr6:397269:T:G;var1;middle;OL28|K562|b6a4236430404119,chr6:397261:G:A;chr6:397269:T:G;var1;middle;OL28,K562,K562_region_01806,100,108,8,CCGGATCAGCCACACCCGGAAATCCCGTACCAATGTCCCATGACGTTTGGACCCCGCGGCCACCACTGGCAAGGCCCAGCTTGTGAAAATGGTAAGGAGGATACCAGTGCAGGAAATAGAAGAGCTAATTGCTAATGTGGCCATGGGCCATGGCGAATCCTGGTCTGTCCTGGGCAGCACCAAAGCTCTTTCCCCTTCTT,1318bad036eb8f1bcd0e3fd9a7377f331e729b8f7ff4fdcb77447ed3b5ddf19f,0.0,CCGGATCAGCCACACCCGGAAATCCCGTACCAATGTCCCATGACGTTTGGACCCCGCGGCCACCACTGGCAAGGCCCAGCTTGTGAAAATGGTAAGGAGAATACCAGTGCAGGAAATAGAAGAGCTAATTGCTAATGTGGCCATGGGCCATGGCGAATCCTGGTCTGTCCTGGGCAGCACCAAAGCTCTTTCCCCTTCTT,98a21bfe9115d733d5c53f325111dfd18657a8fca0b497d3a32fe069133f1435,0.0155044867488955,CCGGATCAGCCACACCCGGAAATCCCGTACCAATGTCCCATGACGTTTGGACCCCGCGGCCACCACTGGCAAGGCCCAGCTTGTGAAAATGGTAAGGAGGATACCAGGGCAGGAAATAGAAGAGCTAATTGCTAATGTGGCCATGGGCCATGGCGAATCCTGGTCTGTCCTGGGCAGCACCAAAGCTCTTTCCCCTTCTT,10001b4d3b1a2e1a961019d01561f1b15ddc1e4d287c9e4a027019ff4f23f6b5,-0.0215653662509567,CCGGATCAGCCACACCCGGAAATCCCGTACCAATGTCCCATGACGTTTGGACCCCGCGGCCACCACTGGCAAGGCCCAGCTTGTGAAAATGGTAAGGAGAATACCAGGGCAGGAAATAGAAGAGCTAATTGCTAATGTGGCCATGGGCCATGGCGAATCCTGGTCTGTCCTGGGCAGCACCAAAGCTCTTTCCCCTTCTT,b6a42364304041199a18fabf632a982c525b439c41c1bb1cf2d30d2f9dc5683c,-0.0220988863841032,0.016038006882042,0.1164586130924,-424.918412883766,-418.555633855518,-430.7684445051709,-431.7576229341794,7.351957457256503,1.0,0.016038006882042,0.0,4,0.18531142556102156,0.17620727786206916,0.145609630836647,0.3051107746913956,1.0
chr6:41166149:A:G;chr6:41166151:A:G;var1;middle;OL27|K562|86c201805388f55a,chr6:41166149:A:G;chr6:41166151:A:G;var1;middle;OL27,K562,K562_region_01837,100,102,2,ATTTTGCACCAAACCTTGCCCTCCACGCGGTTTTTGTAGCCCTTATAGGAGCACTGCACAGACAGAGTCTCCCCTTCAAGGAGCCTCACTTTTGTGTATACACTGTCAGCAGAGGGGCCTGTGGAGACAATACTTATTGAATAAGGTCTGGCAAGAGGAGAGGAAGAAGACATCATGAAAGTTGAAGATCATGGTGAAGG,0fd6369d62e969a466e97e3da0ecba5552fd3ac1493aa4218173dcdd4d128813,0.0,ATTTTGCACCAAACCTTGCCCTCCACGCGGTTTTTGTAGCCCTTATAGGAGCACTGCACAGACAGAGTCTCCCCTTCAAGGAGCCTCACTTTTGTGTATGCACTGTCAGCAGAGGGGCCTGTGGAGACAATACTTATTGAATAAGGTCTGGCAAGAGGAGAGGAAGAAGACATCATGAAAGTTGAAGATCATGGTGAAGG,c355a4274419bda771c2dcc3614bd8a0f1d05453caf2218c9cff665f99cb6f25,0.148908455927008,ATTTTGCACCAAACCTTGCCCTCCACGCGGTTTTTGTAGCCCTTATAGGAGCACTGCACAGACAGAGTCTCCCCTTCAAGGAGCCTCACTTTTGTGTATACGCTGTCAGCAGAGGGGCCTGTGGAGACAATACTTATTGAATAAGGTCTGGCAAGAGGAGAGGAAGAAGACATCATGAAAGTTGAAGATCATGGTGAAGG,b691fd9166ae3b9018e248c3eccedc29ce0e3a96f03d821ee9113a643bfa8c52,0.0854059688671335,ATTTTGCACCAAACCTTGCCCTCCACGCGGTTTTTGTAGCCCTTATAGGAGCACTGCACAGACAGAGTCTCCCCTTCAAGGAGCCTCACTTTTGTGTATGCGCTGTCAGCAGAGGGGCCTGTGGAGACAATACTTATTGAATAAGGTCTGGCAAGAGGAGAGGAAGAAGACATCATGAAAGTTGAAGATCATGGTGAAGG,86c201805388f55a5f4ab545817ec78437a2b3b29ed3cf9d70b198daa165b249,0.0976207250891136,0.1366936997050279,0.175986166930171,-297.2938193383161,-291.645528992638,-306.20045073970687,-299.58605260704644,-0.9661077869823202,1.0,0.1366936997050279,0.0,2,0.17378773732064615,0.17490732828716207,0.146091925319964,0.652453809208525,1.0
chr6:41166149:A:G;chr6:41166154:G:C;var1;middle;OL27|K562|3effa6be6f850113,chr6:41166149:A:G;chr6:41166154:G:C;var1;middle;OL27,K562,K562_region_01837,100,105,5,ATTTTGCACCAAACCTTGCCCTCCACGCGGTTTTTGTAGCCCTTATAGGAGCACTGCACAGACAGAGTCTCCCCTTCAAGGAGCCTCACTTTTGTGTATACACTGTCAGCAGAGGGGCCTGTGGAGACAATACTTATTGAATAAGGTCTGGCAAGAGGAGAGGAAGAAGACATCATGAAAGTTGAAGATCATGGTGAAGG,0fd6369d62e969a466e97e3da0ecba5552fd3ac1493aa4218173dcdd4d128813,0.0,ATTTTGCACCAAACCTTGCCCTCCACGCGGTTTTTGTAGCCCTTATAGGAGCACTGCACAGACAGAGTCTCCCCTTCAAGGAGCCTCACTTTTGTGTATGCACTGTCAGCAGAGGGGCCTGTGGAGACAATACTTATTGAATAAGGTCTGGCAAGAGGAGAGGAAGAAGACATCATGAAAGTTGAAGATCATGGTGAAGG,c355a4274419bda771c2dcc3614bd8a0f1d05453caf2218c9cff665f99cb6f25,0.14928636860147,ATTTTGCACCAAACCTTGCCCTCCACGCGGTTTTTGTAGCCCTTATAGGAGCACTGCACAGACAGAGTCTCCCCTTCAAGGAGCCTCACTTTTGTGTATACACTCTCAGCAGAGGGGCCTGTGGAGACAATACTTATTGAATAAGGTCTGGCAAGAGGAGAGGAAGAAGACATCATGAAAGTTGAAGATCATGGTGAAGG,6f95792e83db5fc090026e9533d794e8dac7fd31c5d14ffeda3bf7b26bea566c,0.0892364367788792,ATTTTGCACCAAACCTTGCCCTCCACGCGGTTTTTGTAGCCCTTATAGGAGCACTGCACAGACAGAGTCTCCCCTTCAAGGAGCCTCACTTTTGTGTATGCACTCTCAGCAGAGGGGCCTGTGGAGACAATACTTATTGAATAAGGTCTGGCAAGAGGAGAGGAAGAAGACATCATGAAAGTTGAAGATCATGGTGAAGG,3effa6be6f850113300a5a40535338ae511b8b195d26765c3ec9d3bc13ca0338,0.0866453478093293,0.1518774575710199,0.166624694355767,-297.2938193383161,-291.645528992638,-300.7629352058284,-292.729353913106,-2.3852909470442683,1.0,0.1518774575710199,0.0,2,0.1717212918960571,0.17490732828716207,0.146091925319964,0.20739321067376182,1.0
chr6:41166151:A:G;chr6:41166154:G:C;var1;middle;OL27|K562|c0dac11e0ab276df,chr6:41166151:A:G;chr6:41166154:G:C;var1;middle;OL27,K562,K562_region_01837,100,103,3,TTTGCACCAAACCTTGCCCTCCACGCGGTTTTTGTAGCCCTTATAGGAGCACTGCACAGACAGAGTCTCCCCTTCAAGGAGCCTCACTTTTGTGTATACACTGTCAGCAGAGGGGCCTGTGGAGACAATACTTATTGAATAAGGTCTGGCAAGAGGAGAGGAAGAAGACATCATGAAAGTTGAAGATCATGGTGAAGGGT,9050f7766cf66d2d125ffdfad594154b2901123a6327e122a891561748e39257,0.0,TTTGCACCAAACCTTGCCCTCCACGCGGTTTTTGTAGCCCTTATAGGAGCACTGCACAGACAGAGTCTCCCCTTCAAGGAGCCTCACTTTTGTGTATACGCTGTCAGCAGAGGGGCCTGTGGAGACAATACTTATTGAATAAGGTCTGGCAAGAGGAGAGGAAGAAGACATCATGAAAGTTGAAGATCATGGTGAAGGGT,8c3683b8d9c6cff398b03c8f52846215d9d61edcd5fdc3061fe226bd8e54ba9f,0.339019938517591,TTTGCACCAAACCTTGCCCTCCACGCGGTTTTTGTAGCCCTTATAGGAGCACTGCACAGACAGAGTCTCCCCTTCAAGGAGCCTCACTTTTGTGTATACACTCTCAGCAGAGGGGCCTGTGGAGACAATACTTATTGAATAAGGTCTGGCAAGAGGAGAGGAAGAAGACATCATGAAAGTTGAAGATCATGGTGAAGGGT,7006fcd6debaaf372556d9ea94748d16228fb21869ca9117b2dc5d2322f94d11,0.0909465313805271,TTTGCACCAAACCTTGCCCTCCACGCGGTTTTTGTAGCCCTTATAGGAGCACTGCACAGACAGAGTCTCCCCTTCAAGGAGCCTCACTTTTGTGTATACGCTCTCAGCAGAGGGGCCTGTGGAGACAATACTTATTGAATAAGGTCTGGCAAGAGGAGAGGAAGAAGACATCATGAAAGTTGAAGATCATGGTGAAGGGT,c0dac11e0ab276dfa163680399270b0f7c1ca922b0889a55cc91991cd5cb3dda,0.0726390772518942,0.3573273926462239,0.210502651456631,-292.1221696208231,-301.1888746438781,-293.7297983835452,-300.29575487202965,-2.500748534570448,1.0,0.3573273926462239,0.0,2,0.1715531763136631,0.17490732828716207,0.146091925319964,-0.048377789629423795,1.0
chr6:4133766:C:G;chr6:4133855:C:T;var1;middle;OL41|K562|06029bd171ba0ebb,chr6:4133766:C:G;chr6:4133855:C:T;var1;middle;OL41,K562,K562_region_01815,100,189,89,GAGGGAGCAAGACAAACCAAAATGTTAAGGCCACATTTTAGTAAACACACAGTGTATTTATTTAAGAAGTCATTTGCCCAAAATTCTTTAAATAACGTTCGACCGTAGGCATTTACCTGCTTATATAGCGCGTAGAGTTTTAGCTTCACTTCGTTTCCTGGATCCTTTTTCAAGAGTTTCACTTGATTCATTGAATTTTC,6ce883ba2d6be166f2a75195dd32db7fb74bbe149e09ca167d5ec9425c36a06b,0.0,GAGGGAGCAAGACAAACCAAAATGTTAAGGCCACATTTTAGTAAACACACAGTGTATTTATTTAAGAAGTCATTTGCCCAAAATTCTTTAAATAACGTTGGACCGTAGGCATTTACCTGCTTATATAGCGCGTAGAGTTTTAGCTTCACTTCGTTTCCTGGATCCTTTTTCAAGAGTTTCACTTGATTCATTGAATTTTC,d4fa80d29ebf25d1206e8abb4d11497b4e04f2e25b2b27c76c9b3b881174ef05,-0.0750037312594623,GAGGGAGCAAGACAAACCAAAATGTTAAGGCCACATTTTAGTAAACACACAGTGTATTTATTTAAGAAGTCATTTGCCCAAAATTCTTTAAATAACGTTCGACCGTAGGCATTTACCTGCTTATATAGCGCGTAGAGTTTTAGCTTCACTTCGTTTCCTGGATCCTTTTTCAAGAGTTTCACTTGATTTATTGAATTTTC,032b442b380c04c40018d27bf1f6d5908d10c76cc7fc121f614ddbd9f49c7443,0.129594916888421,GAGGGAGCAAGACAAACCAAAATGTTAAGGCCACATTTTAGTAAACACACAGTGTATTTATTTAAGAAGTCATTTGCCCAAAATTCTTTAAATAACGTTGGACCGTAGGCATTTACCTGCTTATATAGCGCGTAGAGTTTTAGCTTCACTTCGTTTCCTGGATCCTTTTTCAAGAGTTTCACTTGATTTATTGAATTTTC,06029bd171ba0ebb547de60dccab80ff442df3fdaa726621bcfc60cb13010e31,0.391829710470767,0.3372385248418083,0.42181076392345,-332.1392322659958,-333.39407047536224,-338.47931295167655,-340.6796733713709,-0.9455222103279084,-1.0,-0.3372385248418083,0.0,2,0.17381771158463627,0.17490732828716207,0.146091925319964,0.08174032821914061,1.0
chr6:42284470:T:A;chr6:42284472:G:A;var1;middle;OL28|K562|e6d62588950506da,chr6:42284470:T:A;chr6:42284472:G:A;var1;middle;OL28,K562,K562_region_01838,100,102,2,AGGAATTTAGTTTATTGTTTTAACTTTGAAGCAAGGATGATAACAGTCCCTCCCTGAAACGAACCCCCTCCTTGCTCAGGGACCAAAATCGCCTTTGTCTTGGTAATGAAAGGCCACAAGATTAGGATTATGGGAGGGGCCTGAATTCTGCTAACATGTAGGTGTAGCTAAAGGATAACCAGCCATTCCCCTCCACCGCC,ec3c9f36c132a3f727b86e527efacc1391d76ff24d1e9c84cacfced0d3de3aa9,0.0,AGGAATTTAGTTTATTGTTTTAACTTTGAAGCAAGGATGATAACAGTCCCTCCCTGAAACGAACCCCCTCCTTGCTCAGGGACCAAAATCGCCTTTGTCATGGTAATGAAAGGCCACAAGATTAGGATTATGGGAGGGGCCTGAATTCTGCTAACATGTAGGTGTAGCTAAAGGATAACCAGCCATTCCCCTCCACCGCC,0beda04bab6314eaddf571fa897bed44bfe36c42c4fd0baa1a9de0baf3e93cb2,1.28525673711975,AGGAATTTAGTTTATTGTTTTAACTTTGAAGCAAGGATGATAACAGTCCCTCCCTGAAACGAACCCCCTCCTTGCTCAGGGACCAAAATCGCCTTTGTCTTAGTAATGAAAGGCCACAAGATTAGGATTATGGGAGGGGCCTGAATTCTGCTAACATGTAGGTGTAGCTAAAGGATAACCAGCCATTCCCCTCCACCGCC,464d7f1dccb5adf2a478bb52bb8be093057dc9c62bb3d6b9a72165d24ff535e3,0.0653030596119912,AGGAATTTAGTTTATTGTTTTAACTTTGAAGCAAGGATGATAACAGTCCCTCCCTGAAACGAACCCCCTCCTTGCTCAGGGACCAAAATCGCCTTTGTCATAGTAATGAAAGGCCACAAGATTAGGATTATGGGAGGGGCCTGAATTCTGCTAACATGTAGGTGTAGCTAAAGGATAACCAGCCATTCCCCTCCACCGCC,e6d62588950506da394406ad48b4135ad6c52b08e557922b212e8eaafaa55f0a,1.09893881101394,0.2516209857178013,0.148686564578128,-282.59956365451217,-280.7337145768106,-276.4445124939084,-285.2369655147195,10.65830209851265,1.0,0.2516209857178013,0.0,1,0.19320934116949623,0.18216460459877223,0.1501433469024087,0.2328153941553361,1.0
chr6:42285815:T:C;chr6:42285903:A:G;var1;middle;OL28|K562|64ed170be4f682c5,chr6:42285815:T:C;chr6:42285903:A:G;var1;middle;OL28,K562,K562_region_01839,100,188,88,ACCCCGTCTCTACTAAAAATACAAAAATTAGCTGGGCGTGGTGGCAGGCGCCTGTAATCCCAGCTACTTGGGAGGCTGAGGCAGGAGAATCGCTTGAACTTGGGAGGTGGAGGTTGTAGTAAGCCGAGATCACCCCACTACACTCTAGTCTGAGTAACAGGGCGAGACTCTGTCTCCAAAAAAAAAAAAAAGCTCTTTGT,34b5fa117159c62067629976baa24dcbbe41e5ca7f22dbddbeeab5cdee4a2e5c,0.0,ACCCCGTCTCTACTAAAAATACAAAAATTAGCTGGGCGTGGTGGCAGGCGCCTGTAATCCCAGCTACTTGGGAGGCTGAGGCAGGAGAATCGCTTGAACCTGGGAGGTGGAGGTTGTAGTAAGCCGAGATCACCCCACTACACTCTAGTCTGAGTAACAGGGCGAGACTCTGTCTCCAAAAAAAAAAAAAAGCTCTTTGT,8c36f305a73e628caa9b649b4487ff1df22cfab4a640c878346b20c38ced1cb1,0.0276625993627744,ACCCCGTCTCTACTAAAAATACAAAAATTAGCTGGGCGTGGTGGCAGGCGCCTGTAATCCCAGCTACTTGGGAGGCTGAGGCAGGAGAATCGCTTGAACTTGGGAGGTGGAGGTTGTAGTAAGCCGAGATCACCCCACTACACTCTAGTCTGAGTAACAGGGCGAGACTCTGTCTCCAAAAAAAAAAGAAAGCTCTTTGT,564ee5b4747ba769963f4e0b714812ffee766c3bbe472a0c9afc22d2834eb4d2,-0.717388638654227,ACCCCGTCTCTACTAAAAATACAAAAATTAGCTGGGCGTGGTGGCAGGCGCCTGTAATCCCAGCTACTTGGGAGGCTGAGGCAGGAGAATCGCTTGAACCTGGGAGGTGGAGGTTGTAGTAAGCCGAGATCACCCCACTACACTCTAGTCTGAGTAACAGGGCGAGACTCTGTCTCCAAAAAAAAAAGAAAGCTCTTTGT,64ed170be4f682c5d14889adb5b476e0491ab94a4d0dfc2d3b0564116649c9e0,-0.796702947280617,0.1069769079891643,0.149400101780869,-79.99765286315233,-77.17875999305397,-84.64288306143135,-81.83165435958654,0.007664168253540993,1.0,0.1069769079891643,0.0,3,0.18148843278355753,0.18106719778262317,0.1474303780702046,0.14655080044304095,1.0
chr6:42500871:C:A;chr6:42500882:A:G;var1;middle;OL28|K562|227b28ceff4855b8,chr6:42500871:C:A;chr6:42500882:A:G;var1;middle;OL28,K562,K562_region_01840,100,111,11,GGGCGTCTGTAGTCCCAGCTACTCGGGAGGCTGAGGCAGGAGAATGGCGTGAACCCGGGAGGTGGAGCTTGCAGTGAGCCGAGATCGCGCCACTGCACTCCAGCCTGGGCAACAGAGCGAGACTCCGTCTCAAAAAAAAAAAAGTAAAATAAAAGTTAAAGGAAAGAAAATGGGCAGGGATATGTCCTCAAATTCATTTT,fa0f730c38e16e9e6317a2f688aee90d9b6af91123e7220d559a918629f47031,0.0,GGGCGTCTGTAGTCCCAGCTACTCGGGAGGCTGAGGCAGGAGAATGGCGTGAACCCGGGAGGTGGAGCTTGCAGTGAGCCGAGATCGCGCCACTGCACTACAGCCTGGGCAACAGAGCGAGACTCCGTCTCAAAAAAAAAAAAGTAAAATAAAAGTTAAAGGAAAGAAAATGGGCAGGGATATGTCCTCAAATTCATTTT,739c49efa8a2c0ecbef9b4b04aadc6c1e4917aa33ca17078c6b8b4dec5d2e435,-0.0628213686632966,GGGCGTCTGTAGTCCCAGCTACTCGGGAGGCTGAGGCAGGAGAATGGCGTGAACCCGGGAGGTGGAGCTTGCAGTGAGCCGAGATCGCGCCACTGCACTCCAGCCTGGGCGACAGAGCGAGACTCCGTCTCAAAAAAAAAAAAGTAAAATAAAAGTTAAAGGAAAGAAAATGGGCAGGGATATGTCCTCAAATTCATTTT,97917b2ca8b6943d5143280da237949b927ebdce9fb1fb22fbb21e81b008b6e7,0.366949670776008,GGGCGTCTGTAGTCCCAGCTACTCGGGAGGCTGAGGCAGGAGAATGGCGTGAACCCGGGAGGTGGAGCTTGCAGTGAGCCGAGATCGCGCCACTGCACTACAGCCTGGGCGACAGAGCGAGACTCCGTCTCAAAAAAAAAAAAGTAAAATAAAAGTTAAAGGAAAGAAAATGGGCAGGGATATGTCCTCAAATTCATTTT,227b28ceff4855b8101ef9a5ab2ba25e30b3bbdad90f822a9a5da0eabfeaa0df,-0.0050618280022155,-0.3091901301149268,0.256853054431425,-98.7413303188514,-99.34872420551255,-97.56396843632685,-98.0397937844973,0.13156853849068284,-1.0,0.3091901301149268,0.0,3,0.1817379991585394,0.18106719778262317,0.1474303780702046,0.1782075670653101,1.0
chr6:42672407:T:C;chr6:42672416:A:T;var1;middle;OL41|K562|be48ffa65a1531d0,chr6:42672407:T:C;chr6:42672416:A:T;var1;middle;OL41,K562,K562_region_01841,100,109,9,CCGTCCACCAGGTACCGCCCATCCACGTTGCTCTTGATTCGACTTAAAGGGAAACAGACAGCTGGAGATGGGCTTCCCGGGCTTCTCAACAGGGGCCACTTCCTCCCAACCCCTGCCTCTGGAAACCTAGAATAGTCATTCACTCGCACACTTGGTATATATTTGCTGTGCGCCCGCTACGTGCCAGTCACTGTTCTAGG,0735b2ac371681e4b7b196ce4402c816c2a75127bd6dc981541db227ef20f760,0.0,CCGTCCACCAGGTACCGCCCATCCACGTTGCTCTTGATTCGACTTAAAGGGAAACAGACAGCTGGAGATGGGCTTCCCGGGCTTCTCAACAGGGGCCACCTCCTCCCAACCCCTGCCTCTGGAAACCTAGAATAGTCATTCACTCGCACACTTGGTATATATTTGCTGTGCGCCCGCTACGTGCCAGTCACTGTTCTAGG,c7c407e1c99d5037f34bffd1837bb18d33a02034e3e4a9755f95519bd697e1dc,0.591917540008033,CCGTCCACCAGGTACCGCCCATCCACGTTGCTCTTGATTCGACTTAAAGGGAAACAGACAGCTGGAGATGGGCTTCCCGGGCTTCTCAACAGGGGCCACTTCCTCCCATCCCCTGCCTCTGGAAACCTAGAATAGTCATTCACTCGCACACTTGGTATATATTTGCTGTGCGCCCGCTACGTGCCAGTCACTGTTCTAGG,4b7603643f199c63b3321327e71a07c27238467a62786fc75845e1f1ffb03dbc,-0.0551353169669731,CCGTCCACCAGGTACCGCCCATCCACGTTGCTCTTGATTCGACTTAAAGGGAAACAGACAGCTGGAGATGGGCTTCCCGGGCTTCTCAACAGGGGCCACCTCCTCCCATCCCCTGCCTCTGGAAACCTAGAATAGTCATTCACTCGCACACTTGGTATATATTTGCTGTGCGCCCGCTACGTGCCAGTCACTGTTCTAGG,be48ffa65a1531d06146a02e50eb0739977109b41f661a43b54dcd6b072f4811,0.59320143600737,0.05641921296631,0.17240306092399,-238.86037197709084,-237.33756378106773,-245.3215840663761,-237.4635835196823,6.335192350670695,-1.0,-0.05641921296631,0.0,1,0.18881083695168335,0.18216460459877223,0.1501433469024087,0.3334746912136617,1.0
chr6:42672407:T:C;chr6:42672434:C:T;var1;middle;OL41|K562|609f67be2fd79a27,chr6:42672407:T:C;chr6:42672434:C:T;var1;middle;OL41,K562,K562_region_01841,100,127,27,CCGTCCACCAGGTACCGCCCATCCACGTTGCTCTTGATTCGACTTAAAGGGAAACAGACAGCTGGAGATGGGCTTCCCGGGCTTCTCAACAGGGGCCACTTCCTCCCAACCCCTGCCTCTGGAAACCTAGAATAGTCATTCACTCGCACACTTGGTATATATTTGCTGTGCGCCCGCTACGTGCCAGTCACTGTTCTAGG,0735b2ac371681e4b7b196ce4402c816c2a75127bd6dc981541db227ef20f760,0.0,CCGTCCACCAGGTACCGCCCATCCACGTTGCTCTTGATTCGACTTAAAGGGAAACAGACAGCTGGAGATGGGCTTCCCGGGCTTCTCAACAGGGGCCACCTCCTCCCAACCCCTGCCTCTGGAAACCTAGAATAGTCATTCACTCGCACACTTGGTATATATTTGCTGTGCGCCCGCTACGTGCCAGTCACTGTTCTAGG,c7c407e1c99d5037f34bffd1837bb18d33a02034e3e4a9755f95519bd697e1dc,0.591920522859425,CCGTCCACCAGGTACCGCCCATCCACGTTGCTCTTGATTCGACTTAAAGGGAAACAGACAGCTGGAGATGGGCTTCCCGGGCTTCTCAACAGGGGCCACTTCCTCCCAACCCCTGCCTCTGGAAACTTAGAATAGTCATTCACTCGCACACTTGGTATATATTTGCTGTGCGCCCGCTACGTGCCAGTCACTGTTCTAGG,9c79a9c376af2660fd29fa2ef3c77d649ab5ded04090af0b1da53b11d6400b79,0.266559139029028,CCGTCCACCAGGTACCGCCCATCCACGTTGCTCTTGATTCGACTTAAAGGGAAACAGACAGCTGGAGATGGGCTTCCCGGGCTTCTCAACAGGGGCCACCTCCTCCCAACCCCTGCCTCTGGAAACTTAGAATAGTCATTCACTCGCACACTTGGTATATATTTGCTGTGCGCCCGCTACGTGCCAGTCACTGTTCTAGG,609f67be2fd79a27d287035362d542b28714dd1aedb024af1d1d92857fd11575,0.59640241788782,0.2620772440006329,0.181733777250486,-238.86037197709084,-237.33756378106773,-256.2910421518609,-239.6717117801309,-15.096522175706895,1.0,0.2620772440006329,0.0,1,0.1670053561201382,0.18216460459877223,0.1501433469024087,0.2942205093860689,1.0
chr6:428416:C:T;chr6:428486:G:A;var1;middle;OL32|K562|24b0a7905fd57a0a,chr6:428416:C:T;chr6:428486:G:A;var1;middle;OL32,K562,K562_region_01807,100,170,70,TGTGTGCAGGGTTTCCTCTGCAGAACCAGGATGCCCTGCTACAGGCTTAGCCAAGAAAAAAACAGGAAGCCCCTCCCACACTGCCCAACACACAGAAGGCGCTCAATAAACGGCAGCCATATTCAGCATGGGAGAAGGAGCACCAACGCACAGGGACGTGGCCACACATGTGCAGCTGCTCTCAGTGGGGAAGATGCCCA,9d7279cab94241b9c8f3caba6777fc87e297e24a26e3efc00c925c1ffcba1d80,0.0,TGTGTGCAGGGTTTCCTCTGCAGAACCAGGATGCCCTGCTACAGGCTTAGCCAAGAAAAAAACAGGAAGCCCCTCCCACACTGCCCAACACACAGAAGGTGCTCAATAAACGGCAGCCATATTCAGCATGGGAGAAGGAGCACCAACGCACAGGGACGTGGCCACACATGTGCAGCTGCTCTCAGTGGGGAAGATGCCCA,99f3b8597ae4ab64514586bf0b3ebf78d0078b1e6eed43b06dbad83e95d7cd4d,-1.26309184821646,TGTGTGCAGGGTTTCCTCTGCAGAACCAGGATGCCCTGCTACAGGCTTAGCCAAGAAAAAAACAGGAAGCCCCTCCCACACTGCCCAACACACAGAAGGCGCTCAATAAACGGCAGCCATATTCAGCATGGGAGAAGGAGCACCAACGCACAGGGACGTGGCCACACATATGCAGCTGCTCTCAGTGGGGAAGATGCCCA,b644e706e942cc1811758bdd6ac17ca24bc2ab1fe633fb7d28092aed54707cec,-0.114280686525739,TGTGTGCAGGGTTTCCTCTGCAGAACCAGGATGCCCTGCTACAGGCTTAGCCAAGAAAAAAACAGGAAGCCCCTCCCACACTGCCCAACACACAGAAGGTGCTCAATAAACGGCAGCCATATTCAGCATGGGAGAAGGAGCACCAACGCACAGGGACGTGGCCACACATATGCAGCTGCTCTCAGTGGGGAAGATGCCCA,24b0a7905fd57a0a3ca7f062f508a4c3a1cf239c7dd25c5659ad109a71e675ba,-1.1425190907064,0.234853444035799,0.176222403595226,-329.94591869739816,-332.224248877028,-342.0010941014625,-344.2921374698635,-0.012713188771158457,-1.0,-0.234853444035799,0.0,0,0.1857597254065535,0.18565657667894103,0.15145376406925343,0.3244942398365315,1.0
chr6:42903763:C:G;chr6:42903766:T:G;var1;middle;OL28|K562|f2f3ab93bfaef97b,chr6:42903763:C:G;chr6:42903766:T:G;var1;middle;OL28,K562,K562_region_01842,100,103,3,GCCCCCGTGGGAACCTAAAGACACTAGAACGGGGAGAACTCAGCAAGATCCACGATGTGCAGAAAGGTGGGGGTTTAGGCGAGGTGTCAGAGGACACCTCGGTGGGAGTGACTGCCCAGTCCCATCTCTGGGTCCACACAGCACCTCCCACAACCCCGCTGGGATGCCCTTGTGATGGCCCATGTACTCAGTATGTGTAC,2d7bfb50201b79388ac581a54aca13a8028a226129544c30e4e94f32a3ea013c,0.0,GCCCCCGTGGGAACCTAAAGACACTAGAACGGGGAGAACTCAGCAAGATCCACGATGTGCAGAAAGGTGGGGGTTTAGGCGAGGTGTCAGAGGACACCTGGGTGGGAGTGACTGCCCAGTCCCATCTCTGGGTCCACACAGCACCTCCCACAACCCCGCTGGGATGCCCTTGTGATGGCCCATGTACTCAGTATGTGTAC,a64e1a510ca30bdb479514a0a481d951f2ab9e202cc8f7464d62243ffb353740,-0.108967474107975,GCCCCCGTGGGAACCTAAAGACACTAGAACGGGGAGAACTCAGCAAGATCCACGATGTGCAGAAAGGTGGGGGTTTAGGCGAGGTGTCAGAGGACACCTCGGGGGGAGTGACTGCCCAGTCCCATCTCTGGGTCCACACAGCACCTCCCACAACCCCGCTGGGATGCCCTTGTGATGGCCCATGTACTCAGTATGTGTAC,d51004bef775dc3adb4ab2a0045deda9d143beaac3ecc554dfd4d27c635e6648,0.153613740649077,GCCCCCGTGGGAACCTAAAGACACTAGAACGGGGAGAACTCAGCAAGATCCACGATGTGCAGAAAGGTGGGGGTTTAGGCGAGGTGTCAGAGGACACCTGGGGGGGAGTGACTGCCCAGTCCCATCTCTGGGTCCACACAGCACCTCCCACAACCCCGCTGGGATGCCCTTGTGATGGCCCATGTACTCAGTATGTGTAC,f2f3ab93bfaef97b250ce53feebd212ee8d9974b63a0f2e02048c2ba118799c5,-0.157855485701325,0.202501752242427,0.148890401248903,-262.3384553864598,-258.4272248595953,-263.87503135204315,-265.481871008873,5.518070183694363,1.0,0.202501752242427,0.0,2,0.18322922470352984,0.17490732828716207,0.146091925319964,0.17617661630794212,1.0
chr6:42946943:G:A;chr6:42947013:G:C;var1;middle;OL41|K562|b5811fab36fe180f,chr6:42946943:G:A;chr6:42947013:G:C;var1;middle;OL41,K562,K562_region_01843,100,170,70,CTCGGTCGGAAAGGGCTCCAGGACCCGCAAGACAGCCAGCGCCATGGTGACAGGACACCAACGAGGAGGGTGAAGGAGCGCAGCTTCCGGAGCCAGAGAGCCAGACGACTAGTGTGCGCGAGGGCCGCTTCCGCTTCCGTCAGGGGAGGCCAGAGGAAAAGGGGAGGGGGGTCGGGTGCCGCGAACTTGCTCTGAGGGGG,a32fe7ab9d3d44a29ed77624521d701e5e18684685cd5809f5b7c15e6eb11078,0.0,CTCGGTCGGAAAGGGCTCCAGGACCCGCAAGACAGCCAGCGCCATGGTGACAGGACACCAACGAGGAGGGTGAAGGAGCGCAGCTTCCGGAGCCAGAGAACCAGACGACTAGTGTGCGCGAGGGCCGCTTCCGCTTCCGTCAGGGGAGGCCAGAGGAAAAGGGGAGGGGGGTCGGGTGCCGCGAACTTGCTCTGAGGGGG,48fa92768248906f88ac1490a4a0e3a35b4c3791c26d9401d393ff9d416feecd,-0.437766822584239,CTCGGTCGGAAAGGGCTCCAGGACCCGCAAGACAGCCAGCGCCATGGTGACAGGACACCAACGAGGAGGGTGAAGGAGCGCAGCTTCCGGAGCCAGAGAGCCAGACGACTAGTGTGCGCGAGGGCCGCTTCCGCTTCCGTCAGGGGAGGCCAGAGGAAAAGGGGAGGGGCGTCGGGTGCCGCGAACTTGCTCTGAGGGGG,241f42dd1cb0378b089a5461c37a42d0da6e9fe291614a19336385efc8b1616c,0.964158287823169,CTCGGTCGGAAAGGGCTCCAGGACCCGCAAGACAGCCAGCGCCATGGTGACAGGACACCAACGAGGAGGGTGAAGGAGCGCAGCTTCCGGAGCCAGAGAACCAGACGACTAGTGTGCGCGAGGGCCGCTTCCGCTTCCGTCAGGGGAGGCCAGAGGAAAAGGGGAGGGGCGTCGGGTGCCGCGAACTTGCTCTGAGGGGG,b5811fab36fe180f2e070ec0aa8853a3499c711f39dd1e45fc9b77de2697d5fd,0.659576298321342,0.1331848330824119,0.175642450399444,-306.7733954731375,-278.96212339401245,-329.65666382806376,-312.8108475804329,-10.965455831494182,-1.0,-0.1331848330824119,0.0,1,0.17120846772241824,0.18216460459877223,0.1501433469024087,0.11257016985307353,1.0
chr6:43057192:C:T;chr6:43057265:A:T;var1;middle;OL41|K562|be5cddcfd168a8d8,chr6:43057192:C:T;chr6:43057265:A:T;var1;middle;OL41,K562,K562_region_01844,100,173,73,TTACAAAGCTGGGCTGTTTCCCACCTAGAAGAAGAGGGAGAAGGCTCTGTCAGGCCAACAGATCCTTAGAGAGTGCTAGGATGGCATTTGAGATCCAAACCTAATTTCCAGCCACCTGAAAAACAAAACAAATCACAAAGAAAACATTGTCTTACAGCCTCAGGGGGGAGAAAAAAAGGAAATGCTGTCGATCTCTTAAT,13a0e1fe62cc2157e47bbc3323c6f1a7767d78b8c8e98899daff6a6f20bb9273,0.0,TTACAAAGCTGGGCTGTTTCCCACCTAGAAGAAGAGGGAGAAGGCTCTGTCAGGCCAACAGATCCTTAGAGAGTGCTAGGATGGCATTTGAGATCCAAATCTAATTTCCAGCCACCTGAAAAACAAAACAAATCACAAAGAAAACATTGTCTTACAGCCTCAGGGGGGAGAAAAAAAGGAAATGCTGTCGATCTCTTAAT,dc03c98b40b39d273a1437c18c9e9ae16bf0848e5c24a5b907ee5f3533726a10,0.785881427366799,TTACAAAGCTGGGCTGTTTCCCACCTAGAAGAAGAGGGAGAAGGCTCTGTCAGGCCAACAGATCCTTAGAGAGTGCTAGGATGGCATTTGAGATCCAAACCTAATTTCCAGCCACCTGAAAAACAAAACAAATCACAAAGAAAACATTGTCTTACAGCCTCAGGGGGGAGAATAAAAGGAAATGCTGTCGATCTCTTAAT,c1dd0e56a8873f6888880ba3794626bf9a98a9b6c6422ef8267bd69848c4eccb,0.122679124995402,TTACAAAGCTGGGCTGTTTCCCACCTAGAAGAAGAGGGAGAAGGCTCTGTCAGGCCAACAGATCCTTAGAGAGTGCTAGGATGGCATTTGAGATCCAAATCTAATTTCCAGCCACCTGAAAAACAAAACAAATCACAAAGAAAACATTGTCTTACAGCCTCAGGGGGGAGAATAAAAGGAAATGCTGTCGATCTCTTAAT,be5cddcfd168a8d858b6cbff8a4cae17649ed5ec98ed27e90bc8a0ef9a5bde90,0.196545387809652,0.712015164552549,0.252868578391653,-312.12064532004297,-302.8056755787693,-319.2741125449538,-313.2270670197904,3.2679242161102593,1.0,0.712015164552549,0.0,4,0.18024962853806792,0.17620727786206916,0.145609630836647,0.10127633090916414,1.0
chr6:43130013:G:A;chr6:43130057:G:T;var1;middle;OL41|K562|b473a4b13ae48109,chr6:43130013:G:A;chr6:43130057:G:T;var1;middle;OL41,K562,K562_region_01845,100,144,44,CTCTCCAGTTTGCAGGGCAGGTGAGCATGCAGGCATGAAGAAGGCAAGATCACCTGTTGTCTGTGCAACCCTGTGCTGTCCTCTGACTGTCACCTAGACGGGCCTAATCCTTGTGCTCAGATGGGGAGGGTAGAAGCGTGAAGGGGAGCAAGTTAGAGTAGGATTGGAGAAGGAGTTAGTGACAGACTCAGGTCTCTGAG,cb073c04fbabc80dfc4d3bd5e1ef59841bfc35cba974ea3d63a1d0bcbf8f5cc2,0.0,CTCTCCAGTTTGCAGGGCAGGTGAGCATGCAGGCATGAAGAAGGCAAGATCACCTGTTGTCTGTGCAACCCTGTGCTGTCCTCTGACTGTCACCTAGACAGGCCTAATCCTTGTGCTCAGATGGGGAGGGTAGAAGCGTGAAGGGGAGCAAGTTAGAGTAGGATTGGAGAAGGAGTTAGTGACAGACTCAGGTCTCTGAG,d46cd9cd1e4b39424d590ed5ad812b436e66cad1e0e22db850fc97d777888c99,-0.0299811559246937,CTCTCCAGTTTGCAGGGCAGGTGAGCATGCAGGCATGAAGAAGGCAAGATCACCTGTTGTCTGTGCAACCCTGTGCTGTCCTCTGACTGTCACCTAGACGGGCCTAATCCTTGTGCTCAGATGGGGAGGGTAGAAGCGTGAAGTGGAGCAAGTTAGAGTAGGATTGGAGAAGGAGTTAGTGACAGACTCAGGTCTCTGAG,af37e03ab1e5d5e223b4985ec5ef7dd53fc7b9642d1fbccd0c6b5a1fbe028a6e,0.0161515085197758,CTCTCCAGTTTGCAGGGCAGGTGAGCATGCAGGCATGAAGAAGGCAAGATCACCTGTTGTCTGTGCAACCCTGTGCTGTCCTCTGACTGTCACCTAGACAGGCCTAATCCTTGTGCTCAGATGGGGAGGGTAGAAGCGTGAAGTGGAGCAAGTTAGAGTAGGATTGGAGAAGGAGTTAGTGACAGACTCAGGTCTCTGAG,b473a4b13ae481096ef880cd7189be87abb981a90089666da5e5b2f1168dca70,0.007781669530294,0.0216113169352119,0.296279823601282,-349.05515621509403,-318.32773828785866,-385.9401219181018,-364.69630183442496,-9.483597843558528,-1.0,-0.0216113169352119,0.0,4,0.164445247773125,0.17620727786206916,0.145609630836647,0.06150734051842649,1.0
chr6:43750556:G:A;chr6:43750587:G:C;var1;middle;OL27|K562|f4a17c2b3aac76cc,chr6:43750556:G:A;chr6:43750587:G:C;var1;middle;OL27,K562,K562_region_01846,100,131,31,TCAGACTGAGGCTCCCTCAGGCCAGGGCTATGTCTCCCTCCTCAGACTGGGGCTCTGAGGGCAAGGGGTCTGGCTGTTCGTTTAGGATGGGGCACTTTTGCCTACACACTGAAGGAGCTGTAGCATCCAAGAATACTAGATACCTTTAATCCTCCACCAGTCATGGTGACAACCCCAAGCAGCCCACACATTTTCAAGTG,3efe24c49147fb31a30092e24ba3885c7bef7764e49e84125172722a9396e55e,0.0,TCAGACTGAGGCTCCCTCAGGCCAGGGCTATGTCTCCCTCCTCAGACTGGGGCTCTGAGGGCAAGGGGTCTGGCTGTTCGTTTAGGATGGGGCACTTTTACCTACACACTGAAGGAGCTGTAGCATCCAAGAATACTAGATACCTTTAATCCTCCACCAGTCATGGTGACAACCCCAAGCAGCCCACACATTTTCAAGTG,3918e85935fb80fa26dadd05e4569c67464c34f20904213e3bf7f0b89f638304,0.100226358157018,TCAGACTGAGGCTCCCTCAGGCCAGGGCTATGTCTCCCTCCTCAGACTGGGGCTCTGAGGGCAAGGGGTCTGGCTGTTCGTTTAGGATGGGGCACTTTTGCCTACACACTGAAGGAGCTGTAGCATCCAACAATACTAGATACCTTTAATCCTCCACCAGTCATGGTGACAACCCCAAGCAGCCCACACATTTTCAAGTG,ce099003925400fe6629574fdffc14ae71e4e86cfa1fe6285480ae9b24c7bc2c,-0.0901207521665041,TCAGACTGAGGCTCCCTCAGGCCAGGGCTATGTCTCCCTCCTCAGACTGGGGCTCTGAGGGCAAGGGGTCTGGCTGTTCGTTTAGGATGGGGCACTTTTACCTACACACTGAAGGAGCTGTAGCATCCAACAATACTAGATACCTTTAATCCTCCACCAGTCATGGTGACAACCCCAAGCAGCCCACACATTTTCAAGTG,f4a17c2b3aac76ccceb2679a49d91c9d8d33a30ecface9c0475ebe97851e2002,-0.0553746619201321,-0.065480267910646,0.208191505062789,-328.37762838974595,-322.2639493457973,-320.7136969631538,-316.15566672058776,-1.555648801382631,-1.0,0.065480267910646,0.0,2,0.17292931793821636,0.17490732828716207,0.146091925319964,0.16381367650150627,1.0
chr6:43972729:C:G;chr6:43972733:C:T;var1;middle;OL27|K562|135dff32ba01be8c,chr6:43972729:C:G;chr6:43972733:C:T;var1;middle;OL27,K562,K562_region_01847,100,104,4,AGACTGGGGCCTCCCCCAAAGGACAGGGACTGTGTCTCCCCTGGGACTAGGTTCTTTGTGTCTTCTGCATCAGACAGATTCCCATGAGGACAGGGCTGTCTCCCCCTCCATCTGGAGCTCCCTGAAGGCAATGGCCTCTCCCCTCAAATGGGACATTTGCACCCCACCCCACCCTCTGGCTCCCCATGGCGCCCAGGCAT,2b03196ff323da336d864926acadebca42ec266cc6b0f4c0b9737294009d93d1,0.0,AGACTGGGGCCTCCCCCAAAGGACAGGGACTGTGTCTCCCCTGGGACTAGGTTCTTTGTGTCTTCTGCATCAGACAGATTCCCATGAGGACAGGGCTGTGTCCCCCTCCATCTGGAGCTCCCTGAAGGCAATGGCCTCTCCCCTCAAATGGGACATTTGCACCCCACCCCACCCTCTGGCTCCCCATGGCGCCCAGGCAT,5f30a4e4df7cead056641713a735cf470fd4569e32526b156a0dfae697c0c7ed,0.0792213792059894,AGACTGGGGCCTCCCCCAAAGGACAGGGACTGTGTCTCCCCTGGGACTAGGTTCTTTGTGTCTTCTGCATCAGACAGATTCCCATGAGGACAGGGCTGTCTCCTCCTCCATCTGGAGCTCCCTGAAGGCAATGGCCTCTCCCCTCAAATGGGACATTTGCACCCCACCCCACCCTCTGGCTCCCCATGGCGCCCAGGCAT,4e85ac6685e1555ec3943b378c8009e6639b996d9ede57150def928ab294a845,0.208028579630777,AGACTGGGGCCTCCCCCAAAGGACAGGGACTGTGTCTCCCCTGGGACTAGGTTCTTTGTGTCTTCTGCATCAGACAGATTCCCATGAGGACAGGGCTGTGTCCTCCTCCATCTGGAGCTCCCTGAAGGCAATGGCCTCTCCCCTCAAATGGGACATTTGCACCCCACCCCACCCTCTGGCTCCCCATGGCGCCCAGGCAT,135dff32ba01be8cc50328f5b42ae3bd81f467e020856f7a1ee13339b7dfd457,0.323728275494697,-0.0364783166579306,0.257408370672579,-226.1117343828082,-221.7040155529976,-222.5458250418305,-219.5350743159652,1.3969681039452837,1.0,-0.0364783166579306,0.0,4,0.17793074435680803,0.17620727786206916,0.145609630836647,0.27031964647541695,1.0
chr6:44170206:T:G;chr6:44170262:G:A;var1;middle;OL41|K562|d1b325f6ac1a1f2e,chr6:44170206:T:G;chr6:44170262:G:A;var1;middle;OL41,K562,K562_region_01848,100,156,56,AGGGGCCACTTAGTGCCAGCCCACAGTCCTCACCTTCACAGGTTGGTATCCAGATACTATTTTTTTTTTTTTTCAATTGACCTTAAGGAAACAGGAGATTTGGTCAGTTTCCTCAAAGTTGCCTGCAGAGCATGGGAGGCAGAGGTCAGGGAAGTGCAGGAAGGATCCATGACACAAGGCTAAACTGGGAACTGGAAGAA,509a01b9bd01b338a4ea6703171947a8ab1d81bbd11dc8808c216dc8b52b0d93,0.0,AGGGGCCACTTAGTGCCAGCCCACAGTCCTCACCTTCACAGGTTGGTATCCAGATACTATTTTTTTTTTTTTTCAATTGACCTTAAGGAAACAGGAGATGTGGTCAGTTTCCTCAAAGTTGCCTGCAGAGCATGGGAGGCAGAGGTCAGGGAAGTGCAGGAAGGATCCATGACACAAGGCTAAACTGGGAACTGGAAGAA,30da7a5c880842624ec797679f89f2e4538ded1a773a76f4758373fa80871914,0.123513461750008,AGGGGCCACTTAGTGCCAGCCCACAGTCCTCACCTTCACAGGTTGGTATCCAGATACTATTTTTTTTTTTTTTCAATTGACCTTAAGGAAACAGGAGATTTGGTCAGTTTCCTCAAAGTTGCCTGCAGAGCATGGGAGGCAGAGGTCAGGGAAGTACAGGAAGGATCCATGACACAAGGCTAAACTGGGAACTGGAAGAA,be615d172cc3bc651e4fd0d77021bb105a013f50a72475964cd0078952a71506,0.348649387109377,AGGGGCCACTTAGTGCCAGCCCACAGTCCTCACCTTCACAGGTTGGTATCCAGATACTATTTTTTTTTTTTTTCAATTGACCTTAAGGAAACAGGAGATGTGGTCAGTTTCCTCAAAGTTGCCTGCAGAGCATGGGAGGCAGAGGTCAGGGAAGTACAGGAAGGATCCATGACACAAGGCTAAACTGGGAACTGGAAGAA,d1b325f6ac1a1f2eb19afe2d08dfc2a54233860dab410baf4d4cdde78a5b346e,0.489953768289099,-0.017790919429714,0.346551028695306,-233.7265888527036,-233.79558350145817,-234.1365395188332,-234.05639866366985,-0.14913550391787567,1.0,-0.017790919429714,0.0,2,0.1749773150184825,0.17490732828716207,0.146091925319964,-0.0715686824962043,1.0
chr6:44229703:C:T;chr6:44229707:A:G;var1;middle;OL41|K562|d99b644f8d618dc3,chr6:44229703:C:T;chr6:44229707:A:G;var1;middle;OL41,K562,K562_region_01849,100,104,4,GGTCATGGGGCCACTGCAGCATGCTCCCACCTCTGGGAACATGCTTGGGCTCAAGAATCACCAGCTGCCAGCATCTTCTTTGAAAGCAGCTTATAAAGGCCATAACCTGTTCTTCCAAGGAAATACTACCGAGCCCTTCCCCTGTCACACCCCTCCCCCACCAAGCTCTTGGGATCCCAATTCTGGAAGCAAGGTGAAGA,03e1343f4583eb92e6a4991e60bc19bffb7f885086a2df01115da74405a87f9b,0.0,GGTCATGGGGCCACTGCAGCATGCTCCCACCTCTGGGAACATGCTTGGGCTCAAGAATCACCAGCTGCCAGCATCTTCTTTGAAAGCAGCTTATAAAGGTCATAACCTGTTCTTCCAAGGAAATACTACCGAGCCCTTCCCCTGTCACACCCCTCCCCCACCAAGCTCTTGGGATCCCAATTCTGGAAGCAAGGTGAAGA,1edc6c9be187043f8878128b83140bbedc0baa3c0311ab35b1d079b1706cd709,0.896253106826697,GGTCATGGGGCCACTGCAGCATGCTCCCACCTCTGGGAACATGCTTGGGCTCAAGAATCACCAGCTGCCAGCATCTTCTTTGAAAGCAGCTTATAAAGGCCATGACCTGTTCTTCCAAGGAAATACTACCGAGCCCTTCCCCTGTCACACCCCTCCCCCACCAAGCTCTTGGGATCCCAATTCTGGAAGCAAGGTGAAGA,b2cd9bd00b929b01c05881f386374802df5313e6870f400d594962334d8ef6a5,1.00668600570642,GGTCATGGGGCCACTGCAGCATGCTCCCACCTCTGGGAACATGCTTGGGCTCAAGAATCACCAGCTGCCAGCATCTTCTTTGAAAGCAGCTTATAAAGGTCATGACCTGTTCTTCCAAGGAAATACTACCGAGCCCTTCCCCTGTCACACCCCTCCCCCACCAAGCTCTTGGGATCCCAATTCTGGAAGCAAGGTGAAGA,d99b644f8d618dc36613528216890e9234e5f5f5e6f8031e42e77132ad57b42b,1.76700661201192,0.1359325005211968,0.340089986003596,-242.66151172295213,-245.63105614110827,-239.25143150426447,-240.64763245545328,-1.5733434669673443,1.0,0.1359325005211968,0.0,1,0.18076437730120376,0.18216460459877223,0.1501433469024087,0.4803190556181512,1.0
chr6:44229704:C:T;chr6:44229707:A:G;var1;middle;OL41|K562|e185f308a11b42a7,chr6:44229704:C:T;chr6:44229707:A:G;var1;middle;OL41,K562,K562_region_01849,100,103,3,GTCATGGGGCCACTGCAGCATGCTCCCACCTCTGGGAACATGCTTGGGCTCAAGAATCACCAGCTGCCAGCATCTTCTTTGAAAGCAGCTTATAAAGGCCATAACCTGTTCTTCCAAGGAAATACTACCGAGCCCTTCCCCTGTCACACCCCTCCCCCACCAAGCTCTTGGGATCCCAATTCTGGAAGCAAGGTGAAGAA,235fa0ab43969583ba7fb6b31eb728ae73cc6a25d397ce14f16469f287073e3b,0.0,GTCATGGGGCCACTGCAGCATGCTCCCACCTCTGGGAACATGCTTGGGCTCAAGAATCACCAGCTGCCAGCATCTTCTTTGAAAGCAGCTTATAAAGGCTATAACCTGTTCTTCCAAGGAAATACTACCGAGCCCTTCCCCTGTCACACCCCTCCCCCACCAAGCTCTTGGGATCCCAATTCTGGAAGCAAGGTGAAGAA,86a0d6ff2617284fa0373f8f82baf157c6d4810dd4b5d92aab15863ccd51c19b,-0.275132047802722,GTCATGGGGCCACTGCAGCATGCTCCCACCTCTGGGAACATGCTTGGGCTCAAGAATCACCAGCTGCCAGCATCTTCTTTGAAAGCAGCTTATAAAGGCCATGACCTGTTCTTCCAAGGAAATACTACCGAGCCCTTCCCCTGTCACACCCCTCCCCCACCAAGCTCTTGGGATCCCAATTCTGGAAGCAAGGTGAAGAA,388a2f6b1dcec15c20bb77e54cc1a98ff82540d068d99d3cafd422d98e17d6c6,0.0974684600074091,GTCATGGGGCCACTGCAGCATGCTCCCACCTCTGGGAACATGCTTGGGCTCAAGAATCACCAGCTGCCAGCATCTTCTTTGAAAGCAGCTTATAAAGGCTATGACCTGTTCTTCCAAGGAAATACTACCGAGCCCTTCCCCTGTCACACCCCTCCCCCACCAAGCTCTTGGGATCCCAATTCTGGAAGCAAGGTGAAGAA,e185f308a11b42a7ee7e94f84e630593944eb592ce1ff86f7a328add5d8452e2,-0.11379965743291,0.0638639303624028,0.41290735465191,-251.17439960315824,-241.32338653504848,-251.11577850580213,-241.91778257116675,-0.65301713347435,-1.0,-0.0638639303624028,0.0,1,0.1817007540058789,0.18216460459877223,0.1501433469024087,0.20625116642141503,1.0
chr6:44727770:A:T;chr6:44727789:T:A;var1;middle;OL29|K562|c425c8b6a19dd9e1,chr6:44727770:A:T;chr6:44727789:T:A;var1;middle;OL29,K562,K562_region_01850,100,119,19,TTTTTGTTTGTCTGTGCCCTGCCCCCAGAGGTGGAGCCTACATAGGCAGGCAGGCCTCCTTGAGCTGTGGTGGGCTCCACCCAGTTCGAGCTTCCTGGCAGCTTTGTTTACCTAATCATGCCTGGGCAATGGCGGGCGCCCCTCCCCCAGCCTCGCTGCTGCCTTGCAGTTTGATCTCAGACTGCTGTGCTAGCAATCAG,f935773c6858c0a6b63ced438c53c14791de24febf6a9baa46a7da329d410c12,0.0,TTTTTGTTTGTCTGTGCCCTGCCCCCAGAGGTGGAGCCTACATAGGCAGGCAGGCCTCCTTGAGCTGTGGTGGGCTCCACCCAGTTCGAGCTTCCTGGCTGCTTTGTTTACCTAATCATGCCTGGGCAATGGCGGGCGCCCCTCCCCCAGCCTCGCTGCTGCCTTGCAGTTTGATCTCAGACTGCTGTGCTAGCAATCAG,fe557920f77e7b30daf5973b21a05b5d41635e09349775fcb2c71423b1a780f5,1.93835792397758,TTTTTGTTTGTCTGTGCCCTGCCCCCAGAGGTGGAGCCTACATAGGCAGGCAGGCCTCCTTGAGCTGTGGTGGGCTCCACCCAGTTCGAGCTTCCTGGCAGCTTTGTTTACCTAATCAAGCCTGGGCAATGGCGGGCGCCCCTCCCCCAGCCTCGCTGCTGCCTTGCAGTTTGATCTCAGACTGCTGTGCTAGCAATCAG,a95482d0ab9e2580008504709e3a4e6eb2629557579d64308ffc7cfc1956d87f,0.524837459542817,TTTTTGTTTGTCTGTGCCCTGCCCCCAGAGGTGGAGCCTACATAGGCAGGCAGGCCTCCTTGAGCTGTGGTGGGCTCCACCCAGTTCGAGCTTCCTGGCTGCTTTGTTTACCTAATCAAGCCTGGGCAATGGCGGGCGCCCCTCCCCCAGCCTCGCTGCTGCCTTGCAGTTTGATCTCAGACTGCTGTGCTAGCAATCAG,c425c8b6a19dd9e1e7f6e14d20e2e55ea01c2d882180ff1be75c4fafe94d9d73,2.29632421898647,0.1668711645339269,0.0894837303505299,-359.10195087851025,-359.6321544041857,-340.6305104130879,-337.19310285616666,-3.9676110825967044,1.0,0.1668711645339269,0.0,4,0.17128182419566457,0.17620727786206916,0.145609630836647,0.2210044809325481,1.0
chr6:45548285:C:T;chr6:45548287:T:C;var1;middle;OL31|K562|4af7c307bf163966,chr6:45548285:C:T;chr6:45548287:T:C;var1;middle;OL31,K562,K562_region_01851,100,102,2,TTATTGTCCCAAATTCAAACAATACATAAATATATAAAGGAAACTATCTCATATATATGCATACATACATACATATATATATATATACACACACACACACATACACACACACACACACACAGTCATGCACTGCAAAATGATGTTTTAGTCAATGAAGAACTGCATATACAACAGTGGTCCCCTAAGGTTACAATGGAGCT,1d4ece57f2bd6c46ab5c1f3ece3f10c93f92f792ff4bb2e1dbbee6aaa946d434,0.0,TTATTGTCCCAAATTCAAACAATACATAAATATATAAAGGAAACTATCTCATATATATGCATACATACATACATATATATATATATACACACACACACATATACACACACACACACACACAGTCATGCACTGCAAAATGATGTTTTAGTCAATGAAGAACTGCATATACAACAGTGGTCCCCTAAGGTTACAATGGAGCT,7c74a6f4df6e15ac2a91241aedcb72dad1df98d85dd3b5d6c8c4498925cca08f,0.198032738288197,TTATTGTCCCAAATTCAAACAATACATAAATATATAAAGGAAACTATCTCATATATATGCATACATACATACATATATATATATATACACACACACACACACACACACACACACACACACAGTCATGCACTGCAAAATGATGTTTTAGTCAATGAAGAACTGCATATACAACAGTGGTCCCCTAAGGTTACAATGGAGCT,7c18fa3960d31f537ee0684652d422319cafcc7cfd9db5ecb3717398c793df5f,-0.140816664374102,TTATTGTCCCAAATTCAAACAATACATAAATATATAAAGGAAACTATCTCATATATATGCATACATACATACATATATATATATATACACACACACACATACACACACACACACACACACAGTCATGCACTGCAAAATGATGTTTTAGTCAATGAAGAACTGCATATACAACAGTGGTCCCCTAAGGTTACAATGGAGCT,4af7c307bf163966204011c90cc3a0d22e6d84646405fa82733437f302a63ecf,-0.111648210829851,-0.168864284743946,0.463192543702087,-263.9356099391589,-264.0793834843207,-258.95637863653246,-264.2520385137759,-5.151886332081631,-1.0,0.168864284743946,0.0,1,0.17712342511541046,0.18216460459877223,0.1501433469024087,0.3210357089978143,1.0
chr6:51834280:G:A;chr6:51834297:A:G;var1;middle;OL30|K562|b1b402438af22ca0,chr6:51834280:G:A;chr6:51834297:A:G;var1;middle;OL30,K562,K562_region_01852,100,117,17,CTACTCTGTGCCCAGACTTTTTAAAAAATTTTTTTAATAGATTTAGAGGGTACAAGTGCAGTTTTGTTACATGGATAGATTGCATAGTGGTAAAGTCCGGGCTTTTAGTGTAACCAACATCTGAAGAGTGAACATTGTGCCCATTAAGTAATTTCTTGTCCCACCTTCTTTCCACCCTCCCACCCTTCTAAGCCTCCAGT,9b59b1496ed5a46f0f4d038ac1a11c4150c1de6e2d51cfbbadc6697271f07227,0.0,CTACTCTGTGCCCAGACTTTTTAAAAAATTTTTTTAATAGATTTAGAGGGTACAAGTGCAGTTTTGTTACATGGATAGATTGCATAGTGGTAAAGTCCGAGCTTTTAGTGTAACCAACATCTGAAGAGTGAACATTGTGCCCATTAAGTAATTTCTTGTCCCACCTTCTTTCCACCCTCCCACCCTTCTAAGCCTCCAGT,79fae72991f500b74efc8e29631c7922e1dc4911d33d0c0fdfd4af2ec8609706,0.110798604724051,CTACTCTGTGCCCAGACTTTTTAAAAAATTTTTTTAATAGATTTAGAGGGTACAAGTGCAGTTTTGTTACATGGATAGATTGCATAGTGGTAAAGTCCGGGCTTTTAGTGTAACCAGCATCTGAAGAGTGAACATTGTGCCCATTAAGTAATTTCTTGTCCCACCTTCTTTCCACCCTCCCACCCTTCTAAGCCTCCAGT,402280948c932d4126cd932f47efa01c909cf1ad4c6c646aec07a3724555ba14,0.016420056386089,CTACTCTGTGCCCAGACTTTTTAAAAAATTTTTTTAATAGATTTAGAGGGTACAAGTGCAGTTTTGTTACATGGATAGATTGCATAGTGGTAAAGTCCGAGCTTTTAGTGTAACCAGCATCTGAAGAGTGAACATTGTGCCCATTAAGTAATTTCTTGTCCCACCTTCTTTCCACCCTCCCACCCTTCTAAGCCTCCAGT,b1b402438af22ca042069fe4cc6f2d59ac6bc3d74b9919ffaa212baed586abb9,0.204853100402301,-0.077634439292161,0.166265747137889,-150.22092563658953,-152.60229893680662,-148.94464581273496,-150.62065028212965,-0.7053688308224082,1.0,-0.077634439292161,0.0,0,0.18487008653242587,0.18565657667894103,0.15145376406925343,0.2979526604449083,1.0
chr6:52220935:C:T;chr6:52220975:G:A;var1;middle;OL41|K562|413f8a7f24e246d4,chr6:52220935:C:T;chr6:52220975:G:A;var1;middle;OL41,K562,K562_region_01853,100,140,40,CCTGAGAAAGGCTTCAACTAAAGAGCTATGGACAGGGACACTCTGTCACTTCCTGGGATTTTGACCCCCAGCTGTCCAACAGAGGAGGGTCTGTGCCTTCGCTCATTAGCCTAACTTAGATGATAGGTGACAAACTGAAGTGAGCTATAGGGAGTTGTCCACTTCCAGGCTGCTATCAGTATACCAGCTGGGGTGTGGCA,5afa066a53ac1ca9603e98d5766716c2c63b13724946f1eb576b86be8c401549,0.0,CCTGAGAAAGGCTTCAACTAAAGAGCTATGGACAGGGACACTCTGTCACTTCCTGGGATTTTGACCCCCAGCTGTCCAACAGAGGAGGGTCTGTGCCTTTGCTCATTAGCCTAACTTAGATGATAGGTGACAAACTGAAGTGAGCTATAGGGAGTTGTCCACTTCCAGGCTGCTATCAGTATACCAGCTGGGGTGTGGCA,9edad71110b8664854bc1bd90e5892cd8dd826c884cfb3ec1d85f13932582af2,0.122206110826413,CCTGAGAAAGGCTTCAACTAAAGAGCTATGGACAGGGACACTCTGTCACTTCCTGGGATTTTGACCCCCAGCTGTCCAACAGAGGAGGGTCTGTGCCTTCGCTCATTAGCCTAACTTAGATGATAGGTGACAAACTGAAATGAGCTATAGGGAGTTGTCCACTTCCAGGCTGCTATCAGTATACCAGCTGGGGTGTGGCA,330063eb60b86c54b1e6b5dd4ee8df86359d8b3a895bd1a0726ce106b40ba575,0.123810505822011,CCTGAGAAAGGCTTCAACTAAAGAGCTATGGACAGGGACACTCTGTCACTTCCTGGGATTTTGACCCCCAGCTGTCCAACAGAGGAGGGTCTGTGCCTTTGCTCATTAGCCTAACTTAGATGATAGGTGACAAACTGAAATGAGCTATAGGGAGTTGTCCACTTCCAGGCTGCTATCAGTATACCAGCTGGGGTGTGGCA,413f8a7f24e246d42459ebdc99e7e76e7bcf39fc6cc508a462257c0e0c2b362d,0.360736001226106,-0.114719384577682,0.213486433950823,-262.10642486810684,-254.10850004851812,-262.5375480353832,-254.27342846989632,-0.26619474589824677,1.0,-0.114719384577682,0.0,1,0.18209432252542604,0.18216460459877223,0.1501433469024087,0.15292936006199792,1.0
chr6:52236778:G:T;chr6:52236814:T:C;var1;middle;OL41|K562|f2a8bea5ba6dca2d,chr6:52236778:G:T;chr6:52236814:T:C;var1;middle;OL41,K562,K562_region_01854,100,136,36,GCAGATGCCTTGTTTGTGTGGGGGCATGAAATCGTGTTTGGAAATGCTGGTTTAATTAAGGGATTCCTTGGAGTGCATATCTAGCTTGGCATTACTCCAGGGTGGAGTTCCCTGTCTGTCCAGCTCAGCACTCTATCTAAGAAATCCTAGAAGCTGGGAATTTCTGGGGCTGGCTCTGAATTGATGTAAGTGGTTTCCTG,9c166b444398156655b46496d5fdc3078838b7b1e253abd272e51ff931f35808,0.0,GCAGATGCCTTGTTTGTGTGGGGGCATGAAATCGTGTTTGGAAATGCTGGTTTAATTAAGGGATTCCTTGGAGTGCATATCTAGCTTGGCATTACTCCATGGTGGAGTTCCCTGTCTGTCCAGCTCAGCACTCTATCTAAGAAATCCTAGAAGCTGGGAATTTCTGGGGCTGGCTCTGAATTGATGTAAGTGGTTTCCTG,17dbc7471eeeb8ef93cb5dc3242d9578a1e050c190c7f18394e64ba201751a41,-0.111522252007068,GCAGATGCCTTGTTTGTGTGGGGGCATGAAATCGTGTTTGGAAATGCTGGTTTAATTAAGGGATTCCTTGGAGTGCATATCTAGCTTGGCATTACTCCAGGGTGGAGTTCCCTGTCTGTCCAGCTCAGCACTCTACCTAAGAAATCCTAGAAGCTGGGAATTTCTGGGGCTGGCTCTGAATTGATGTAAGTGGTTTCCTG,5a7ef8ec84e43298097f7fad3560db30e8652aa617eee4478899712ad5713c5f,-0.226438473678859,GCAGATGCCTTGTTTGTGTGGGGGCATGAAATCGTGTTTGGAAATGCTGGTTTAATTAAGGGATTCCTTGGAGTGCATATCTAGCTTGGCATTACTCCATGGTGGAGTTCCCTGTCTGTCCAGCTCAGCACTCTACCTAAGAAATCCTAGAAGCTGGGAATTTCTGGGGCTGGCTCTGAATTGATGTAAGTGGTTTCCTG,f2a8bea5ba6dca2d9dbf474f1ef54edf2f6ebd07f9341b5455915ededb75c149,-0.220099661455325,0.117861064230602,0.173890356307697,-360.5962122548372,-353.46795971808024,-354.8831088577863,-349.338858063682,-1.5840017426526742,-1.0,-0.117861064230602,0.0,1,0.18075353314658105,0.18216460459877223,0.1501433469024087,0.10850025583911166,1.0
chr6:52236778:G:T;chr6:52236824:C:T;var1;middle;OL41|K562|1de3605011efca8b,chr6:52236778:G:T;chr6:52236824:C:T;var1;middle;OL41,K562,K562_region_01854,100,146,46,GCAGATGCCTTGTTTGTGTGGGGGCATGAAATCGTGTTTGGAAATGCTGGTTTAATTAAGGGATTCCTTGGAGTGCATATCTAGCTTGGCATTACTCCAGGGTGGAGTTCCCTGTCTGTCCAGCTCAGCACTCTATCTAAGAAATCCTAGAAGCTGGGAATTTCTGGGGCTGGCTCTGAATTGATGTAAGTGGTTTCCTG,9c166b444398156655b46496d5fdc3078838b7b1e253abd272e51ff931f35808,0.0,GCAGATGCCTTGTTTGTGTGGGGGCATGAAATCGTGTTTGGAAATGCTGGTTTAATTAAGGGATTCCTTGGAGTGCATATCTAGCTTGGCATTACTCCATGGTGGAGTTCCCTGTCTGTCCAGCTCAGCACTCTATCTAAGAAATCCTAGAAGCTGGGAATTTCTGGGGCTGGCTCTGAATTGATGTAAGTGGTTTCCTG,17dbc7471eeeb8ef93cb5dc3242d9578a1e050c190c7f18394e64ba201751a41,-0.111529093076931,GCAGATGCCTTGTTTGTGTGGGGGCATGAAATCGTGTTTGGAAATGCTGGTTTAATTAAGGGATTCCTTGGAGTGCATATCTAGCTTGGCATTACTCCAGGGTGGAGTTCCCTGTCTGTCCAGCTCAGCACTCTATCTAAGAAATTCTAGAAGCTGGGAATTTCTGGGGCTGGCTCTGAATTGATGTAAGTGGTTTCCTG,b75d3661bd00295d598919407c89af71f16c8b1c38cee1deba5c1bfe221eb161,0.192538604224817,GCAGATGCCTTGTTTGTGTGGGGGCATGAAATCGTGTTTGGAAATGCTGGTTTAATTAAGGGATTCCTTGGAGTGCATATCTAGCTTGGCATTACTCCATGGTGGAGTTCCCTGTCTGTCCAGCTCAGCACTCTATCTAAGAAATTCTAGAAGCTGGGAATTTCTGGGGCTGGCTCTGAATTGATGTAAGTGGTTTCCTG,1de3605011efca8b0452ab80f2f4fac4ff0db8aee0dad42cdd7c22b2b1f891a5,-0.0537629032795615,-0.1347724144274475,0.221583921116215,-360.5962122548372,-353.46795971808024,-356.0958161933813,-350.8250466079917,-1.8574829513673308,-1.0,0.1347724144274475,0.0,1,0.1804752824612672,0.18216460459877223,0.1501433469024087,0.16318047690743573,1.0
chr6:52236814:T:C;chr6:52236824:C:T;var1;middle;OL41|K562|3f57991fe2624fa5,chr6:52236814:T:C;chr6:52236824:C:T;var1;middle;OL41,K562,K562_region_01854,100,110,10,TTTGGAAATGCTGGTTTAATTAAGGGATTCCTTGGAGTGCATATCTAGCTTGGCATTACTCCAGGGTGGAGTTCCCTGTCTGTCCAGCTCAGCACTCTATCTAAGAAATCCTAGAAGCTGGGAATTTCTGGGGCTGGCTCTGAATTGATGTAAGTGGTTTCCTGAACCCACTGGAGGCATGGAGTGCATTGAACATTTTT,7fb5bdc3cc5bbbef8605c04869dfb40cded06ddbe3db48e85c0431bf2b8a16eb,0.0,TTTGGAAATGCTGGTTTAATTAAGGGATTCCTTGGAGTGCATATCTAGCTTGGCATTACTCCAGGGTGGAGTTCCCTGTCTGTCCAGCTCAGCACTCTACCTAAGAAATCCTAGAAGCTGGGAATTTCTGGGGCTGGCTCTGAATTGATGTAAGTGGTTTCCTGAACCCACTGGAGGCATGGAGTGCATTGAACATTTTT,db81a9c6fa014cb442de2aea3fa53cf7ea42dafc8c4d3448b2a55dd77a43afac,-0.2658157453088,TTTGGAAATGCTGGTTTAATTAAGGGATTCCTTGGAGTGCATATCTAGCTTGGCATTACTCCAGGGTGGAGTTCCCTGTCTGTCCAGCTCAGCACTCTATCTAAGAAATTCTAGAAGCTGGGAATTTCTGGGGCTGGCTCTGAATTGATGTAAGTGGTTTCCTGAACCCACTGGAGGCATGGAGTGCATTGAACATTTTT,7df6913707bf9ff1afa77c473c758b25733df0fa596c294ecf9e3b428799037e,-0.103756805415296,TTTGGAAATGCTGGTTTAATTAAGGGATTCCTTGGAGTGCATATCTAGCTTGGCATTACTCCAGGGTGGAGTTCCCTGTCTGTCCAGCTCAGCACTCTACCTAAGAAATTCTAGAAGCTGGGAATTTCTGGGGCTGGCTCTGAATTGATGTAAGTGGTTTCCTGAACCCACTGGAGGCATGGAGTGCATTGAACATTTTT,3f57991fe2624fa52544d196c4b9d955c9426642aa4021377db14c067e6fb951,-0.100686696726202,0.268885853997894,0.220266140799431,-355.4614843055606,-352.3521154820919,-360.0791898416355,-357.4965654956177,-0.5267444774508476,-1.0,-0.268885853997894,0.0,1,0.18182922884054878,0.18216460459877223,0.1501433469024087,0.21376438868038203,1.0
chr6:52532652:G:A;chr6:52532731:A:G;var1;middle;OL41|K562|a3a181d41de62250,chr6:52532652:G:A;chr6:52532731:A:G;var1;middle;OL41,K562,K562_region_01855,100,179,79,TATGAAACTGAGTAAAGTTTCATTTCCTGATTCAAGAATTGCAGCTAAAATATCCTCTGGACAAAGAAGAAGGGAAATTTTTTGATAACAGATGTGTTGGCTCCTTACAGTATAAAGCCAATTTCTGTCATATCTCACCAACAATCCTGGTTTCTACAGTACATCAATTTTAAGTAATATGCCAAATCATGGCAGCAAAA,343868285fb22ee03f2558d1a3533f34599edbcfbc3d0ac22286ba569fc1259a,0.0,TATGAAACTGAGTAAAGTTTCATTTCCTGATTCAAGAATTGCAGCTAAAATATCCTCTGGACAAAGAAGAAGGGAAATTTTTTGATAACAGATGTGTTGACTCCTTACAGTATAAAGCCAATTTCTGTCATATCTCACCAACAATCCTGGTTTCTACAGTACATCAATTTTAAGTAATATGCCAAATCATGGCAGCAAAA,a9e5e6caeade8003c5734ecc3b6a55e269b49f34b96c597a12c539a63244e736,0.814724565461308,TATGAAACTGAGTAAAGTTTCATTTCCTGATTCAAGAATTGCAGCTAAAATATCCTCTGGACAAAGAAGAAGGGAAATTTTTTGATAACAGATGTGTTGGCTCCTTACAGTATAAAGCCAATTTCTGTCATATCTCACCAACAATCCTGGTTTCTACAGTACATCAATTTTAAGTAATGTGCCAAATCATGGCAGCAAAA,2408754c268ad079e4fe8dbfe3fc7dda0d0d0aae314f513227d194e92a6549ca,0.356676395211705,TATGAAACTGAGTAAAGTTTCATTTCCTGATTCAAGAATTGCAGCTAAAATATCCTCTGGACAAAGAAGAAGGGAAATTTTTTGATAACAGATGTGTTGACTCCTTACAGTATAAAGCCAATTTCTGTCATATCTCACCAACAATCCTGGTTTCTACAGTACATCAATTTTAAGTAATGTGCCAAATCATGGCAGCAAAA,a3a181d41de62250c7d897dfdabaf54c77c063aafad226a2cb6e8af4fb30b05f,0.0712948857457443,1.1001060749272686,0.443810162610799,-390.5159202897921,-398.0308325774968,-375.3626295346767,-394.6372931106016,11.759751288220173,1.0,1.1001060749272686,0.0,1,0.19432999948936738,0.18216460459877223,0.1501433469024087,0.20559776233527705,1.0
chr6:6901659:A:G;chr6:6901663:G:A;var1;middle;OL27|K562|07b7eefb22c6750f,chr6:6901659:A:G;chr6:6901663:G:A;var1;middle;OL27,K562,K562_region_01816,100,104,4,GTGCATATATTAAGCCAGCGTGCGTGTGTGTGCATGCACACATGTTCGTGTCTGCATTCTATATTAGAAGGTCTCAGGAAAAGAGTGATAAATAAGATGAAGCGGTAAGAGGGCACCAAAGACCATAATTAAAGGCGCTTGAGAGCAGTTAGCTGGCCTTAGCTTACTCCTTCAACCAGCCCCATTTATTTTGCTGCTCC,dd98f6754703fed1e79a68b73958baf7ed2ad2dbbe1e008317d0ce423323031a,0.0,GTGCATATATTAAGCCAGCGTGCGTGTGTGTGCATGCACACATGTTCGTGTCTGCATTCTATATTAGAAGGTCTCAGGAAAAGAGTGATAAATAAGATGGAGCGGTAAGAGGGCACCAAAGACCATAATTAAAGGCGCTTGAGAGCAGTTAGCTGGCCTTAGCTTACTCCTTCAACCAGCCCCATTTATTTTGCTGCTCC,f4cabe06e5dbefca94a76353fa3538fd786246999668189f49ba331fcc51b1e7,0.0640212807413392,GTGCATATATTAAGCCAGCGTGCGTGTGTGTGCATGCACACATGTTCGTGTCTGCATTCTATATTAGAAGGTCTCAGGAAAAGAGTGATAAATAAGATGAAGCAGTAAGAGGGCACCAAAGACCATAATTAAAGGCGCTTGAGAGCAGTTAGCTGGCCTTAGCTTACTCCTTCAACCAGCCCCATTTATTTTGCTGCTCC,f0cda007868c06e950ec9bc815c4dbcf8d90737c4dbe17595f67a453809d8636,-0.0074182199621489,GTGCATATATTAAGCCAGCGTGCGTGTGTGTGCATGCACACATGTTCGTGTCTGCATTCTATATTAGAAGGTCTCAGGAAAAGAGTGATAAATAAGATGGAGCAGTAAGAGGGCACCAAAGACCATAATTAAAGGCGCTTGAGAGCAGTTAGCTGGCCTTAGCTTACTCCTTCAACCAGCCCCATTTATTTTGCTGCTCC,07b7eefb22c6750fde0d240bad4145ce3de0254a245af4fea3fbad6284ac489a,0.134675160723684,0.0780720999444936,0.149663571323676,-297.8318466460332,-300.18627138528973,-290.09164672065526,-298.62753241416067,-6.181460954248905,-1.0,-0.0780720999444936,0.0,1,0.17607589484616007,0.18216460459877223,0.1501433469024087,0.20447197932392583,1.0
chr6:6905535:C:G;chr6:6905599:G:T;var1;middle;OL27|K562|ed6a8ab339f2920d,chr6:6905535:C:G;chr6:6905599:G:T;var1;middle;OL27,K562,K562_region_01817,100,164,64,GATCCTCCCACTTTGGCCTCCCAAAGTGCTGGGATTATAGGCATGAACCACTGCACCCATCCCTGACTGGGTCCCTCTGAGGAGCCACTTAGAATGCACCTCCATCCCAGGAGCATGGGGAGCGATCTATCCCCTGGCTCCCATCCTCCATGGGTCCAGGACTGCCCTGGGCTGTTAATTCACTCCTCAGCCTTTCCAGG,4d69c15df9cab1253fe4a3b02521e5dc118d7f4766b61f298ec39f50193aa5ff,0.0,GATCCTCCCACTTTGGCCTCCCAAAGTGCTGGGATTATAGGCATGAACCACTGCACCCATCCCTGACTGGGTCCCTCTGAGGAGCCACTTAGAATGCACGTCCATCCCAGGAGCATGGGGAGCGATCTATCCCCTGGCTCCCATCCTCCATGGGTCCAGGACTGCCCTGGGCTGTTAATTCACTCCTCAGCCTTTCCAGG,ee9025caa3b0bae7c8da32f9543ddc55f4d1584344b3f9ed59b91c0853de373e,-0.013356492812473,GATCCTCCCACTTTGGCCTCCCAAAGTGCTGGGATTATAGGCATGAACCACTGCACCCATCCCTGACTGGGTCCCTCTGAGGAGCCACTTAGAATGCACCTCCATCCCAGGAGCATGGGGAGCGATCTATCCCCTGGCTCCCATCCTCCATGGGTCCAGGACTTCCCTGGGCTGTTAATTCACTCCTCAGCCTTTCCAGG,f553427d7d1ac961ce6a9ee28749001d313a92f9389a1df111061ea918660cdc,0.384762916608732,GATCCTCCCACTTTGGCCTCCCAAAGTGCTGGGATTATAGGCATGAACCACTGCACCCATCCCTGACTGGGTCCCTCTGAGGAGCCACTTAGAATGCACGTCCATCCCAGGAGCATGGGGAGCGATCTATCCCCTGGCTCCCATCCTCCATGGGTCCAGGACTTCCCTGGGCTGTTAATTCACTCCTCAGCCTTTCCAGG,ed6a8ab339f2920df2539e361cd38da17d601d351697817bd40db11e7afaf445,1.21619478179824,0.8447883580019808,0.19363102493,-185.5059625860304,-190.1150120031089,-184.4394464632496,-189.3686794154346,-0.32018353510650854,-1.0,-0.8447883580019808,0.0,2,0.17472825525552751,0.17490732828716207,0.146091925319964,0.2336851460599001,1.0
chr6:6905599:G:T;chr6:6905677:C:A;var1;middle;OL27|K562|8a043f25f02d2ed2,chr6:6905599:G:T;chr6:6905677:C:A;var1;middle;OL27,K562,K562_region_01817,100,178,78,GACTGGGTCCCTCTGAGGAGCCACTTAGAATGCACCTCCATCCCAGGAGCATGGGGAGCGATCTATCCCCTGGCTCCCATCCTCCATGGGTCCAGGACTGCCCTGGGCTGTTAATTCACTCCTCAGCCTTTCCAGGTTTGCCCAAGCTCGGAACAGCTGAGCAGGCCCCCCAGTTACCCCCCACTGTGGGAGTAAAGCAG,ef576421493c791606079331daf0f2b854fb325cb7c68bdd19e62b38b533357b,0.0,GACTGGGTCCCTCTGAGGAGCCACTTAGAATGCACCTCCATCCCAGGAGCATGGGGAGCGATCTATCCCCTGGCTCCCATCCTCCATGGGTCCAGGACTTCCCTGGGCTGTTAATTCACTCCTCAGCCTTTCCAGGTTTGCCCAAGCTCGGAACAGCTGAGCAGGCCCCCCAGTTACCCCCCACTGTGGGAGTAAAGCAG,264a9820faae98e5fa57a34d5db1cd63b2535c991ec9e41c7703b572f922ac2c,-0.3188763163609,GACTGGGTCCCTCTGAGGAGCCACTTAGAATGCACCTCCATCCCAGGAGCATGGGGAGCGATCTATCCCCTGGCTCCCATCCTCCATGGGTCCAGGACTGCCCTGGGCTGTTAATTCACTCCTCAGCCTTTCCAGGTTTGCCCAAGCTCGGAACAGCTGAGCAGGCCCCCCAGTTACACCCCACTGTGGGAGTAAAGCAG,854b860d9a10836c50f99596980cd42a91fb80635acbd7994a466db257c9ad06,-0.0362191504238417,GACTGGGTCCCTCTGAGGAGCCACTTAGAATGCACCTCCATCCCAGGAGCATGGGGAGCGATCTATCCCCTGGCTCCCATCCTCCATGGGTCCAGGACTTCCCTGGGCTGTTAATTCACTCCTCAGCCTTTCCAGGTTTGCCCAAGCTCGGAACAGCTGAGCAGGCCCCCCAGTTACACCCCACTGTGGGAGTAAAGCAG,8a043f25f02d2ed22ec499a3a914ad3a0c94436cdac0f4709a8989849309cf44,0.3726437907654,0.7277392575501418,0.310100062921947,-361.40007144678384,-364.9138798653148,-368.3538810992613,-365.3191747656092,6.5485147521831095,-1.0,-0.7277392575501418,0.0,2,0.18472963530856637,0.17490732828716207,0.146091925319964,0.24910202896164013,1.0
chr6:7215541:C:T;chr6:7215565:G:A;var1;middle;OL30|K562|3d59785e99e477ce,chr6:7215541:C:T;chr6:7215565:G:A;var1;middle;OL30,K562,K562_region_01818,100,124,24,AGAATAGAACTGAGCAACTGGCCATACCCTGCTGTGAATGAAGTCAGCTGGGAGAAGCATCCAGGTCAGCCCGGCCAGCAAGAGAATCTGGGCCACGCACGTCCTTGGAATTTTCTAGTAGCCGTTTTTTATTTCATTTCATTTCATTTTGAGGATCTCGTTCTGTCACCCAGGCTGGTGTCCAGTGACATGATTATGAC,4be7b3449107147729b6bd94abd1e2d3da1abe4e1667083447817f091f651a81,0.0,AGAATAGAACTGAGCAACTGGCCATACCCTGCTGTGAATGAAGTCAGCTGGGAGAAGCATCCAGGTCAGCCCGGCCAGCAAGAGAATCTGGGCCACGCATGTCCTTGGAATTTTCTAGTAGCCGTTTTTTATTTCATTTCATTTCATTTTGAGGATCTCGTTCTGTCACCCAGGCTGGTGTCCAGTGACATGATTATGAC,426b95f5313f35f7fb9866974184dfcadcaa60a42ad2b83ced0d27c5677eb578,-0.0032668455274,AGAATAGAACTGAGCAACTGGCCATACCCTGCTGTGAATGAAGTCAGCTGGGAGAAGCATCCAGGTCAGCCCGGCCAGCAAGAGAATCTGGGCCACGCACGTCCTTGGAATTTTCTAGTAGCCATTTTTTATTTCATTTCATTTCATTTTGAGGATCTCGTTCTGTCACCCAGGCTGGTGTCCAGTGACATGATTATGAC,40782442cc6fcd62ebf6f0e39fb29a3f916838f0328784f253e8cdc9697884a0,0.0603217574759927,AGAATAGAACTGAGCAACTGGCCATACCCTGCTGTGAATGAAGTCAGCTGGGAGAAGCATCCAGGTCAGCCCGGCCAGCAAGAGAATCTGGGCCACGCATGTCCTTGGAATTTTCTAGTAGCCATTTTTTATTTCATTTCATTTCATTTTGAGGATCTCGTTCTGTCACCCAGGCTGGTGTCCAGTGACATGATTATGAC,3d59785e99e477ce894b5f54ff58352e9ebed602b8f1fd9d10075987a0cce168,0.0557036652695675,-0.0013512466790251,0.148350969849062,-251.18862447305585,-267.64743434265256,-236.5275414455682,-249.22589147929105,3.76045983587386,-1.0,0.0013512466790251,0.0,2,0.18067000193111088,0.17490732828716207,0.146091925319964,0.1401990119405585,1.0
chr6:7254957:G:A;chr6:7255015:G:A;var1;middle;OL27|K562|345ee76fc905c537,chr6:7254957:G:A;chr6:7255015:G:A;var1;middle;OL27,K562,K562_region_01819,100,158,58,AACCAAAAAATAAAAGAAATGAGAACCTCTGACCCACCCAGACCTGCTGAGTCAGAATTTGCATGTGAACAAGGGCCACAGTGGATATGTGCACACATTGAAGTTTGAGAAGCTCCGGTCTAGACCCCAAAGCTTGGTTCAGAATAAGGTGGATGGCGGACTCGGCAGCTGGCTGCAGAGACGGCTGTGGATTCTCCCCC,0ffa609456d4870a27fc626bc38158531ee5b6511a21aca6f8d408e0b3901edc,0.0,AACCAAAAAATAAAAGAAATGAGAACCTCTGACCCACCCAGACCTGCTGAGTCAGAATTTGCATGTGAACAAGGGCCACAGTGGATATGTGCACACATTAAAGTTTGAGAAGCTCCGGTCTAGACCCCAAAGCTTGGTTCAGAATAAGGTGGATGGCGGACTCGGCAGCTGGCTGCAGAGACGGCTGTGGATTCTCCCCC,b0aad3ce087918b55fed27ba3848f60acfa531429d346160bb872fc61efc3f90,-0.299735604984241,AACCAAAAAATAAAAGAAATGAGAACCTCTGACCCACCCAGACCTGCTGAGTCAGAATTTGCATGTGAACAAGGGCCACAGTGGATATGTGCACACATTGAAGTTTGAGAAGCTCCGGTCTAGACCCCAAAGCTTGGTTCAGAATAAGGTGGATGGCAGACTCGGCAGCTGGCTGCAGAGACGGCTGTGGATTCTCCCCC,6056e9823213851bcd7741425242284bbfd92a8450e796481172468a1feadc32,-0.0531252800568566,AACCAAAAAATAAAAGAAATGAGAACCTCTGACCCACCCAGACCTGCTGAGTCAGAATTTGCATGTGAACAAGGGCCACAGTGGATATGTGCACACATTAAAGTTTGAGAAGCTCCGGTCTAGACCCCAAAGCTTGGTTCAGAATAAGGTGGATGGCAGACTCGGCAGCTGGCTGCAGAGACGGCTGTGGATTCTCCCCC,345ee76fc905c537d9f07472cd0132b3ac2101122978ddc9f0cdf0f8a0cd810a,-0.293303745866887,0.0595571391742105,0.114098206951125,-298.24847061978653,-295.5447900122963,-293.26288560102694,-289.99863405991346,0.5605709336232394,-1.0,-0.0595571391742105,0.0,0,0.18649604488515018,0.18565657667894103,0.15145376406925343,0.17803751091028253,1.0
chr6:73663745:G:T;chr6:73663814:C:A;var1;middle;OL31|K562|7e30896afd06e0db,chr6:73663745:G:T;chr6:73663814:C:A;var1;middle;OL31,K562,K562_region_01856,100,169,69,CTCATCTTTCTGCACCCCAGATTTTCCCTGGGGTGACTTATGAAATTTCAATTAACGAACCACCAACAAAGAACAGAGGCGAAACTGAGTCAACAAAAGGCTCTTGATACTTAAGTTCAGATTCCTTGGCAATCTTTCAAAGTTTTTCTTTGGCAGACCTCAGCACAACCACGTAAGAATATGTCTATGTCTTTGAGTTC,2c7c35438867d49167eafa39653eb5c915f10f740a2d4911c94b0f8473329915,0.0,CTCATCTTTCTGCACCCCAGATTTTCCCTGGGGTGACTTATGAAATTTCAATTAACGAACCACCAACAAAGAACAGAGGCGAAACTGAGTCAACAAAAGTCTCTTGATACTTAAGTTCAGATTCCTTGGCAATCTTTCAAAGTTTTTCTTTGGCAGACCTCAGCACAACCACGTAAGAATATGTCTATGTCTTTGAGTTC,40cfc3cb41c3f782ede89a05882f205dd15cfb53f6be89af7b6c6898a811442d,-0.600502811548387,CTCATCTTTCTGCACCCCAGATTTTCCCTGGGGTGACTTATGAAATTTCAATTAACGAACCACCAACAAAGAACAGAGGCGAAACTGAGTCAACAAAAGGCTCTTGATACTTAAGTTCAGATTCCTTGGCAATCTTTCAAAGTTTTTCTTTGGCAGACCTCAGCACAAACACGTAAGAATATGTCTATGTCTTTGAGTTC,d8ab9e279b0c15d349f77eb52b37520936007142336e004f1fa281b8edcf1b2c,-0.692839157343415,CTCATCTTTCTGCACCCCAGATTTTCCCTGGGGTGACTTATGAAATTTCAATTAACGAACCACCAACAAAGAACAGAGGCGAAACTGAGTCAACAAAAGTCTCTTGATACTTAAGTTCAGATTCCTTGGCAATCTTTCAAAGTTTTTCTTTGGCAGACCTCAGCACAAACACGTAAGAATATGTCTATGTCTTTGAGTTC,7e30896afd06e0dbc464f89599f357a3e278670fdf284cc51afc0b6ed2c9b3fb,-0.556148068902112,0.73719389998969,0.25246096150982,-368.9281996935606,-378.02835660474375,-349.5139704598114,-353.68169164750725,4.932435723487288,-1.0,-0.73719389998969,0.0,3,0.19140783580623671,0.18106719778262317,0.1474303780702046,0.15662912958471326,1.0
chr7:100211486:G:C;chr7:100211556:C:A;var1;middle;OL41|K562|18836dfcc9a114af,chr7:100211486:G:C;chr7:100211556:C:A;var1;middle;OL41,K562,K562_region_01994,100,170,70,TAGAGATGAGATAAATTGGATTTGAAGAAGTCTCCTGGTTCAGTCTTTTGTCTTTTGGTGGAAACATTCCTCCGAGTTGAGATTTTATATCAGGTGAGGGGGAAAAGACTTACAGCTTCCCTGGTTTCTGACTTCTACTTAGAGGAAAAAGTTCTTCCTTGACTGTAACCGCAGTACTTCCTATCATGTGGTAGCTCAGT,8a50ca82f21aa7833f6f8fb8fb18bd042db2c3a03bccf3e37abbc8cc40c3c3fc,0.0,TAGAGATGAGATAAATTGGATTTGAAGAAGTCTCCTGGTTCAGTCTTTTGTCTTTTGGTGGAAACATTCCTCCGAGTTGAGATTTTATATCAGGTGAGGCGGAAAAGACTTACAGCTTCCCTGGTTTCTGACTTCTACTTAGAGGAAAAAGTTCTTCCTTGACTGTAACCGCAGTACTTCCTATCATGTGGTAGCTCAGT,bec08df9403c243f48f10f242d158836ef17d523a0e071dbf927327ea9a34e5d,-0.0663686566041129,TAGAGATGAGATAAATTGGATTTGAAGAAGTCTCCTGGTTCAGTCTTTTGTCTTTTGGTGGAAACATTCCTCCGAGTTGAGATTTTATATCAGGTGAGGGGGAAAAGACTTACAGCTTCCCTGGTTTCTGACTTCTACTTAGAGGAAAAAGTTCTTCCTTGACTGTAACAGCAGTACTTCCTATCATGTGGTAGCTCAGT,6d5a37695a6a14152ef4866a45f251db34b6777af247489cc24e926c76537e41,-0.452214884825859,TAGAGATGAGATAAATTGGATTTGAAGAAGTCTCCTGGTTCAGTCTTTTGTCTTTTGGTGGAAACATTCCTCCGAGTTGAGATTTTATATCAGGTGAGGCGGAAAAGACTTACAGCTTCCCTGGTTTCTGACTTCTACTTAGAGGAAAAAGTTCTTCCTTGACTGTAACAGCAGTACTTCCTATCATGTGGTAGCTCAGT,18836dfcc9a114af15afa7fadcd43247b7b90190265dd5a298e9352261fc4fad,-0.499477568934831,-0.0191059724951409,0.16563124419736,-388.8375446666032,-400.9752711057663,-367.3382332893089,-379.8283133208752,0.3523535924032899,1.0,-0.0191059724951409,0.0,3,0.1821827011932593,0.18106719778262317,0.1474303780702046,-0.09800238448169851,1.0
chr7:100221849:C:T;chr7:100221867:T:C;var1;middle;OL41|K562|e93b68251e0763df,chr7:100221849:C:T;chr7:100221867:T:C;var1;middle;OL41,K562,K562_region_01995,100,118,18,CTCTCTAATTTCCTTGATGCTAAGACCCTTAACATCCAAACTTCTAATCCTGGTGTTCGAGGCTCCCCACAGTTGATCGATAACACCACATTTGGTGGTCCCCTCCCCTCTGCCTCTTCATGGGGCCCCTGTTCTGGCTCTGCTGGTCCACACCCCGCTTCCAAGTAAAACCAGACTGATTTCACTGCCACACCCGAATT,2ccf7910d7a58dedb39793c99c3489de289a2ae33150c9cd1f1b8856f3e29c5d,0.0,CTCTCTAATTTCCTTGATGCTAAGACCCTTAACATCCAAACTTCTAATCCTGGTGTTCGAGGCTCCCCACAGTTGATCGATAACACCACATTTGGTGGTTCCCTCCCCTCTGCCTCTTCATGGGGCCCCTGTTCTGGCTCTGCTGGTCCACACCCCGCTTCCAAGTAAAACCAGACTGATTTCACTGCCACACCCGAATT,b1f2b172b0dc5c4633b547248258dd0e1aab5190158b5284b80a3882eb39f75f,0.810328767250333,CTCTCTAATTTCCTTGATGCTAAGACCCTTAACATCCAAACTTCTAATCCTGGTGTTCGAGGCTCCCCACAGTTGATCGATAACACCACATTTGGTGGTCCCCTCCCCTCTGCCTCTCCATGGGGCCCCTGTTCTGGCTCTGCTGGTCCACACCCCGCTTCCAAGTAAAACCAGACTGATTTCACTGCCACACCCGAATT,878f2d534205bd1fe10838c89567f7ef0184d95279cff4a453ab9a7f41ff2b4d,-0.047367278363498,CTCTCTAATTTCCTTGATGCTAAGACCCTTAACATCCAAACTTCTAATCCTGGTGTTCGAGGCTCCCCACAGTTGATCGATAACACCACATTTGGTGGTTCCCTCCCCTCTGCCTCTCCATGGGGCCCCTGTTCTGGCTCTGCTGGTCCACACCCCGCTTCCAAGTAAAACCAGACTGATTTCACTGCCACACCCGAATT,e93b68251e0763dff29035df5967fb3d8dcdc7945b9dd5d8d3976f33b382e75b,1.44162578974755,0.6786643008607149,0.376986751606294,-372.8529824746656,-383.8088130056858,-374.516046783654,-384.84581192582846,0.6260653888457455,-1.0,-0.6786643008607149,0.0,4,0.17697527880648783,0.17620727786206916,0.145609630836647,0.3370050329976704,1.0
chr7:100225135:C:A;chr7:100225193:G:A;var1;middle;OL27|K562|167a7b2b560e9bc3,chr7:100225135:C:A;chr7:100225193:G:A;var1;middle;OL27,K562,K562_region_01996,100,158,58,GCAGGCGGCCTTGCAGCACCTTATGCAGGTTCTCATAAGTGTCCTCCTTTGTGTGCAGGAATGGGTAGGCCTGGTCGTCCTGCCAGGACAGGGTGGACGCTGGGGCGGAGGCAGACAGGCTGAAGGACTAGCGCTGTGTCTGGGGCAGGGGGAGGACGTCTCACCTCCATAAAGGAGAACTCGACGGCAGGGACTCCCAC,5a33e76817f602bd7ece8f3821c6bc318d3e589294cf134f35fc7cd7fa4072de,0.0,GCAGGCGGCCTTGCAGCACCTTATGCAGGTTCTCATAAGTGTCCTCCTTTGTGTGCAGGAATGGGTAGGCCTGGTCGTCCTGCCAGGACAGGGTGGACGATGGGGCGGAGGCAGACAGGCTGAAGGACTAGCGCTGTGTCTGGGGCAGGGGGAGGACGTCTCACCTCCATAAAGGAGAACTCGACGGCAGGGACTCCCAC,2fc3f2a5987098ac924e003424a741220124dad762db7cf05da6937ccb699f3d,-0.0769733171565466,GCAGGCGGCCTTGCAGCACCTTATGCAGGTTCTCATAAGTGTCCTCCTTTGTGTGCAGGAATGGGTAGGCCTGGTCGTCCTGCCAGGACAGGGTGGACGCTGGGGCGGAGGCAGACAGGCTGAAGGACTAGCGCTGTGTCTGGGGCAGGGGGAGGACATCTCACCTCCATAAAGGAGAACTCGACGGCAGGGACTCCCAC,db40edf5f31ce3e2c33aaf432b634f8cbc1cd709998dbcaa259fb35902412c0f,-0.138021375376594,GCAGGCGGCCTTGCAGCACCTTATGCAGGTTCTCATAAGTGTCCTCCTTTGTGTGCAGGAATGGGTAGGCCTGGTCGTCCTGCCAGGACAGGGTGGACGATGGGGCGGAGGCAGACAGGCTGAAGGACTAGCGCTGTGTCTGGGGCAGGGGGAGGACATCTCACCTCCATAAAGGAGAACTCGACGGCAGGGACTCCCAC,167a7b2b560e9bc33f451e4e05b429b3d7dcc99245a664eab7a0a5371ca9b6dd,0.109705493250596,0.3247001857837366,0.138420271826671,-312.7405621499056,-332.6552046762081,-289.2386328727007,-306.0527306664735,3.10054473252967,-1.0,-0.3247001857837366,0.0,2,0.17970911218530577,0.17490732828716207,0.146091925319964,0.2693816361164948,1.0
chr7:100347059:C:T;chr7:100347079:C:T;var1;middle;OL27|K562|93321c58db5a4174,chr7:100347059:C:T;chr7:100347079:C:T;var1;middle;OL27,K562,K562_region_01997,100,120,20,GTCTTAAAAATATATAAAAAGAGGCTGGGCGCAGTGGCTCACACCTGTAATCCCAGCACTTTGGGAGGCCAAGGAGGGCGGATCACAAGGTCAGGAGATCGAGACCATCCTGGCTAACACGGTGAAACCCCGTCCCTACTAAAAACACAAAAAATTAGCCAGGCATGGTGGTGGGCGCCTGTAGTCCCAGCTACTCGGGA,27dfc07feb321e74c9204fa51ca65cb96653565a4bb78d58249e0ac5adb684d3,0.0,GTCTTAAAAATATATAAAAAGAGGCTGGGCGCAGTGGCTCACACCTGTAATCCCAGCACTTTGGGAGGCCAAGGAGGGCGGATCACAAGGTCAGGAGATTGAGACCATCCTGGCTAACACGGTGAAACCCCGTCCCTACTAAAAACACAAAAAATTAGCCAGGCATGGTGGTGGGCGCCTGTAGTCCCAGCTACTCGGGA,816d9493fa2269b311dcdceb91ed69968073dd747631560982389bbfe36191eb,-1.4762342493618,GTCTTAAAAATATATAAAAAGAGGCTGGGCGCAGTGGCTCACACCTGTAATCCCAGCACTTTGGGAGGCCAAGGAGGGCGGATCACAAGGTCAGGAGATCGAGACCATCCTGGCTAACATGGTGAAACCCCGTCCCTACTAAAAACACAAAAAATTAGCCAGGCATGGTGGTGGGCGCCTGTAGTCCCAGCTACTCGGGA,cb483f8faba399eee4b3964b5bfdd05d3347cc6fefa6b70ba3179df3366b7966,-0.0596171510760884,GTCTTAAAAATATATAAAAAGAGGCTGGGCGCAGTGGCTCACACCTGTAATCCCAGCACTTTGGGAGGCCAAGGAGGGCGGATCACAAGGTCAGGAGATTGAGACCATCCTGGCTAACATGGTGAAACCCCGTCCCTACTAAAAACACAAAAAATTAGCCAGGCATGGTGGTGGGCGCCTGTAGTCCCAGCTACTCGGGA,93321c58db5a4174d00f569e0d68c9cf7d15d8ed47099908f513f9449572a065,-1.18612803193116,0.3497233685067282,0.15305220807669,-61.28744190069847,-62.67572682886384,-60.98550983564928,-61.98757358407602,0.3862211797386408,-1.0,-0.3497233685067282,0.0,1,0.18275811649968604,0.18216460459877223,0.1501433469024087,0.288843271866134,1.0
chr7:100803710:C:T;chr7:100803729:A:G;var1;middle;OL41|K562|d4769cc2c532d6c8,chr7:100803710:C:T;chr7:100803729:A:G;var1;middle;OL41,K562,K562_region_01998,100,119,19,TGGCCCTGGGAGGCTGGTGGGTGCCCCATGAAGGGCTCACTGGTCCGGCCTTGGGCTCACATTGGCTTCTCTCCCCCTCCCCCGTGTCTGTGCCTCCCCCGTCTGACTCTTCCTCGTGACTGCTGTCTTGCCCACCCTGTCGGCCTCTCCTGGTGTCTCTGCGTCACCCTCTGTCTGTCTCTGCCTTAGGAGGATGAGTC,62b95b250c34e3021a5b1e4c35d40135c9edd8d8e53d885a37cc3283a6c6aad8,0.0,TGGCCCTGGGAGGCTGGTGGGTGCCCCATGAAGGGCTCACTGGTCCGGCCTTGGGCTCACATTGGCTTCTCTCCCCCTCCCCCGTGTCTGTGCCTCCCCTGTCTGACTCTTCCTCGTGACTGCTGTCTTGCCCACCCTGTCGGCCTCTCCTGGTGTCTCTGCGTCACCCTCTGTCTGTCTCTGCCTTAGGAGGATGAGTC,9a8069fa52d387e27aadb35b9a508476917a83c8abb8f98399975118e8f89835,-0.502832782059741,TGGCCCTGGGAGGCTGGTGGGTGCCCCATGAAGGGCTCACTGGTCCGGCCTTGGGCTCACATTGGCTTCTCTCCCCCTCCCCCGTGTCTGTGCCTCCCCCGTCTGACTCTTCCTCGTGGCTGCTGTCTTGCCCACCCTGTCGGCCTCTCCTGGTGTCTCTGCGTCACCCTCTGTCTGTCTCTGCCTTAGGAGGATGAGTC,9b4e2aac52fcf8f0188d1c41ee6aa4085b743fb09d18860909de5f0d7ab657c0,-0.412080123194291,TGGCCCTGGGAGGCTGGTGGGTGCCCCATGAAGGGCTCACTGGTCCGGCCTTGGGCTCACATTGGCTTCTCTCCCCCTCCCCCGTGTCTGTGCCTCCCCTGTCTGACTCTTCCTCGTGGCTGCTGTCTTGCCCACCCTGTCGGCCTCTCCTGGTGTCTCTGCGTCACCCTCTGTCTGTCTCTGCCTTAGGAGGATGAGTC,d4769cc2c532d6c84c6ee76cd04690f69108d6fd949b6350ee7f22ad003d8e77,-0.640623647109288,-0.274289258144744,0.453173125206898,-298.06509896181524,-297.9727937367279,-321.1268430072814,-313.46760487463325,-7.56693290756084,1.0,-0.274289258144744,0.0,0,0.17605717320379582,0.18565657667894103,0.15145376406925343,0.19249644259782553,1.0
chr7:102119339:G:T;chr7:102119347:G:A;var1;middle;OL41|K562|dee77b49e7d0cb70,chr7:102119339:G:T;chr7:102119347:G:A;var1;middle;OL41,K562,K562_region_01999,100,108,8,GCCGGCGTCACTTACTTCTTCTCGCCCTCGAAGAGCAAGAACGACTCGAAGGCTGGAGGGGCGTTCATGCTCCCGCCGCCGTTGCGTCCAGACCCCAAGGGTCCGCCGCCGCCGCCACCAGAGCCCTAATAAGAGGCCTCTTCCGGATTACTCCGGCGGGGCAAACCCGCTCAAGGATCGGCTCATCGCCCCCTGTTGGG,15a233d541c1b8b21f9993db4663f1fd668d1d94d2bd17287664975202745010,0.0,GCCGGCGTCACTTACTTCTTCTCGCCCTCGAAGAGCAAGAACGACTCGAAGGCTGGAGGGGCGTTCATGCTCCCGCCGCCGTTGCGTCCAGACCCCAAGTGTCCGCCGCCGCCGCCACCAGAGCCCTAATAAGAGGCCTCTTCCGGATTACTCCGGCGGGGCAAACCCGCTCAAGGATCGGCTCATCGCCCCCTGTTGGG,6137d5d93a08c419f9631beee9318467ebd20edf1c8f46caa6ba25a5905fdb37,-0.294643360507968,GCCGGCGTCACTTACTTCTTCTCGCCCTCGAAGAGCAAGAACGACTCGAAGGCTGGAGGGGCGTTCATGCTCCCGCCGCCGTTGCGTCCAGACCCCAAGGGTCCGCCACCGCCGCCACCAGAGCCCTAATAAGAGGCCTCTTCCGGATTACTCCGGCGGGGCAAACCCGCTCAAGGATCGGCTCATCGCCCCCTGTTGGG,5fe919ab44b13bd4c1929f818d6fedab3abbecbddb78b99565d6f75851e56fc9,-0.343079606029745,GCCGGCGTCACTTACTTCTTCTCGCCCTCGAAGAGCAAGAACGACTCGAAGGCTGGAGGGGCGTTCATGCTCCCGCCGCCGTTGCGTCCAGACCCCAAGTGTCCGCCACCGCCGCCACCAGAGCCCTAATAAGAGGCCTCTTCCGGATTACTCCGGCGGGGCAAACCCGCTCAAGGATCGGCTCATCGCCCCCTGTTGGG,dee77b49e7d0cb7005fa8a92cb960386e780df6f3b9efdb4ea255d6e8619c35c,-0.354453925951789,-0.2832690405859241,0.225435682137515,-307.2430665460415,-311.0836400084663,-311.5232841062825,-314.8230339076836,-0.5408236610236941,1.0,-0.2832690405859241,0.0,3,0.18038367659931315,0.18106719778262317,0.1474303780702046,0.06925231151260328,1.0
chr7:102383663:T:A;chr7:102383690:C:A;var1;middle;OL32|K562|df0a456220428459,chr7:102383663:T:A;chr7:102383690:C:A;var1;middle;OL32,K562,K562_region_02000,100,127,27,ACGCCATGACAAGAAATAAACCACCATGAGACAGAGTTTGTTTATGTAGCAAAAGAGAAACAGCAACCTCATAACAGAACAGACTAGAATAATTTTGCATCAGTATGTTTAAAATAATTAAAAAGGCAAGAGAAGGTAAAGAAACCACAGTAAAATAAACGGGGCAGTTTAAAATAAGAGAAAACAGATTTTTTAAAGAA,9551806a69b756639ae780b5a6e06eb3a78bc94396748aeeae2d486650c93b36,0.0,ACGCCATGACAAGAAATAAACCACCATGAGACAGAGTTTGTTTATGTAGCAAAAGAGAAACAGCAACCTCATAACAGAACAGACTAGAATAATTTTGCAACAGTATGTTTAAAATAATTAAAAAGGCAAGAGAAGGTAAAGAAACCACAGTAAAATAAACGGGGCAGTTTAAAATAAGAGAAAACAGATTTTTTAAAGAA,fc5f4f6d38001f876f057401d4af2f9317331959f1db55e7f2948a1614e4dd52,0.0234616432178162,ACGCCATGACAAGAAATAAACCACCATGAGACAGAGTTTGTTTATGTAGCAAAAGAGAAACAGCAACCTCATAACAGAACAGACTAGAATAATTTTGCATCAGTATGTTTAAAATAATTAAAAAGGAAAGAGAAGGTAAAGAAACCACAGTAAAATAAACGGGGCAGTTTAAAATAAGAGAAAACAGATTTTTTAAAGAA,c8d1a37f3b54838754f136d52c298514a0977e8bdfe414ad35a8d932e27cfe80,0.332870325830908,ACGCCATGACAAGAAATAAACCACCATGAGACAGAGTTTGTTTATGTAGCAAAAGAGAAACAGCAACCTCATAACAGAACAGACTAGAATAATTTTGCAACAGTATGTTTAAAATAATTAAAAAGGAAAGAGAAGGTAAAGAAACCACAGTAAAATAAACGGGGCAGTTTAAAATAAGAGAAAACAGATTTTTTAAAGAA,df0a4562204284594c7ec8351e0807c80257e2adf36e9179d1d153d8e058bfa8,0.26779094782791,0.0885410212208141,0.460414291668572,-347.5980726275011,-355.4276861451799,-342.37180309172254,-348.75348978850525,-1.4479268208961003,1.0,0.0885410212208141,0.0,1,0.1808919811972195,0.18216460459877223,0.1501433469024087,0.20176554173708405,1.0
chr7:106367604:A:C;chr7:106367636:G:A;var1;middle;OL27|K562|34887482f062df98,chr7:106367604:A:C;chr7:106367636:G:A;var1;middle;OL27,K562,K562_region_02001,100,132,32,ATCCTGGCTAATACAGTGAAACGCCGTCTCTACTAAAAATACAAAAAATTAGCCAGGCAAGGTGGCAGGCGCCTGTAGTCCCAGCTATTCGGAAGGCTGAGGTGGGAGAATGGCGTGAACCCCGGAGGGGCGGAGCCTGCAGTGAGCCAAGATTGCGCCACTGCACTCTAGCCTGGGAGACAGCGAGAATCCGCCACAAA,73e11b636cc75019b3c3c7ffcc74bae6f2bb8f77e968141e4b3e52bd5247ce23,0.0,ATCCTGGCTAATACAGTGAAACGCCGTCTCTACTAAAAATACAAAAAATTAGCCAGGCAAGGTGGCAGGCGCCTGTAGTCCCAGCTATTCGGAAGGCTGCGGTGGGAGAATGGCGTGAACCCCGGAGGGGCGGAGCCTGCAGTGAGCCAAGATTGCGCCACTGCACTCTAGCCTGGGAGACAGCGAGAATCCGCCACAAA,a7cac1a538465c88b75f7c2879d5c87d6779d7880776366c4de147d7469d8bbe,0.0609803671449429,ATCCTGGCTAATACAGTGAAACGCCGTCTCTACTAAAAATACAAAAAATTAGCCAGGCAAGGTGGCAGGCGCCTGTAGTCCCAGCTATTCGGAAGGCTGAGGTGGGAGAATGGCGTGAACCCCGGAGGGGCAGAGCCTGCAGTGAGCCAAGATTGCGCCACTGCACTCTAGCCTGGGAGACAGCGAGAATCCGCCACAAA,d0578d983e07ff5ed6e97868eb50d03cab0f9f637383a0090ac0bcbdb0b5ffcc,-3.29159231787845,ATCCTGGCTAATACAGTGAAACGCCGTCTCTACTAAAAATACAAAAAATTAGCCAGGCAAGGTGGCAGGCGCCTGTAGTCCCAGCTATTCGGAAGGCTGCGGTGGGAGAATGGCGTGAACCCCGGAGGGGCAGAGCCTGCAGTGAGCCAAGATTGCGCCACTGCACTCTAGCCTGGGAGACAGCGAGAATCCGCCACAAA,34887482f062df9897edb72be688a796fbf6f008a4c8396d23955db077b06e72,-3.09388587359,0.136726077143507,0.107836092678203,-93.52484229765832,-98.09948349557816,-94.53431627433748,-99.22985909413546,-0.12090162187814713,-1.0,-0.136726077143507,0.0,3,0.1812294774446261,0.18106719778262317,0.1474303780702046,0.1904631875863522,1.0
chr7:106373646:C:T;chr7:106373718:C:T;var1;middle;OL27|K562|db58f68fd50f43d8,chr7:106373646:C:T;chr7:106373718:C:T;var1;middle;OL27,K562,K562_region_02002,100,172,72,GATCTCAAAAAGATACTTGGATGGCCATGTTCCTTGCAGTATTATTCACAATAGCCTAGAGGTGGAGGCAACTTGAATGTCCATCCACAGATAAATGGACTAACAAAATGTGTTATATACAGAAAATGAAATAGTATTTCACCTTTTAAAAGAAGGAAATCCTGTCACGTGCTACACCATGGATGCACTTGGAAGACATT,e043d763d4a4c85b687bac85ed42b4f20d855d9ba93c8eff0224fd69427cb8c3,0.0,GATCTCAAAAAGATACTTGGATGGCCATGTTCCTTGCAGTATTATTCACAATAGCCTAGAGGTGGAGGCAACTTGAATGTCCATCCACAGATAAATGGATTAACAAAATGTGTTATATACAGAAAATGAAATAGTATTTCACCTTTTAAAAGAAGGAAATCCTGTCACGTGCTACACCATGGATGCACTTGGAAGACATT,e7d0983699a4458c39665d3f0d68ca0083cd7312d713bcb1c6b29add34f798f4,0.0972410574520779,GATCTCAAAAAGATACTTGGATGGCCATGTTCCTTGCAGTATTATTCACAATAGCCTAGAGGTGGAGGCAACTTGAATGTCCATCCACAGATAAATGGACTAACAAAATGTGTTATATACAGAAAATGAAATAGTATTTCACCTTTTAAAAGAAGGAAATCCTGTCACGTGTTACACCATGGATGCACTTGGAAGACATT,199be984032028285c543beab20fb8aa351ae8469a05730e0c65c0d6f1e4ad90,0.319106951267231,GATCTCAAAAAGATACTTGGATGGCCATGTTCCTTGCAGTATTATTCACAATAGCCTAGAGGTGGAGGCAACTTGAATGTCCATCCACAGATAAATGGATTAACAAAATGTGTTATATACAGAAAATGAAATAGTATTTCACCTTTTAAAAGAAGGAAATCCTGTCACGTGTTACACCATGGATGCACTTGGAAGACATT,db58f68fd50f43d85e86db07e94657973b17db3114b56b29a8c6b61e5556df1f,0.387018415206266,0.0293295935130428,0.133800350107836,-240.71744546946132,-219.850336134783,-248.64086757227776,-237.1985595647712,9.424801327171735,1.0,0.0293295935130428,0.0,3,0.2004562930693579,0.18106719778262317,0.1474303780702046,0.26986509694259947,1.0
chr7:106628054:C:T;chr7:106628065:T:C;var1;middle;OL31|K562|7d469d1e0d1d1a28,chr7:106628054:C:T;chr7:106628065:T:C;var1;middle;OL31,K562,K562_region_02003,100,111,11,AGGGCTGGGTGCAGTGGCTCATGCCTGTAATCCCAGCACTTTGGGAGGCCGAGGTAGGCAGATCACCTGAGGTCAGAAGTTCGAGACCAGCCTGGCCAACATGGTGAAACTTTGTCTCTACTAAAAATACAAAAAAATTAGCCAGGCGTGGTGGGGGGTGACTGTAGTCCCAGCTACTGGGGAGGCTGAGGCAGGAGAAT,9fadb8bfc1ca0c4c32426289a45c51044cc6d9c1ebfbf5ba601aafd01365c807,0.0,AGGGCTGGGTGCAGTGGCTCATGCCTGTAATCCCAGCACTTTGGGAGGCCGAGGTAGGCAGATCACCTGAGGTCAGAAGTTCGAGACCAGCCTGGCCAATATGGTGAAACTTTGTCTCTACTAAAAATACAAAAAAATTAGCCAGGCGTGGTGGGGGGTGACTGTAGTCCCAGCTACTGGGGAGGCTGAGGCAGGAGAAT,23085d92ca4dcf9762f4170003189674f9ab7f054be7d4d3a3dbe8627b73838e,0.144983322516065,AGGGCTGGGTGCAGTGGCTCATGCCTGTAATCCCAGCACTTTGGGAGGCCGAGGTAGGCAGATCACCTGAGGTCAGAAGTTCGAGACCAGCCTGGCCAACATGGTGAAACCTTGTCTCTACTAAAAATACAAAAAAATTAGCCAGGCGTGGTGGGGGGTGACTGTAGTCCCAGCTACTGGGGAGGCTGAGGCAGGAGAAT,5ff95e0891d27c8f5e6b7fe1cf523235a26be8745ad636106ed0b8ed479aa1e8,0.257487228229187,AGGGCTGGGTGCAGTGGCTCATGCCTGTAATCCCAGCACTTTGGGAGGCCGAGGTAGGCAGATCACCTGAGGTCAGAAGTTCGAGACCAGCCTGGCCAATATGGTGAAACCTTGTCTCTACTAAAAATACAAAAAAATTAGCCAGGCGTGGTGGGGGGTGACTGTAGTCCCAGCTACTGGGGAGGCTGAGGCAGGAGAAT,7d469d1e0d1d1a28e782bee4506ad9e5547b6c1743d6640b333a00ff9a47396f,0.27774102665494,0.124729524090312,0.273805465679127,-55.24324331246317,-57.89942652406171,-52.67030777456239,-55.42138979071751,0.0948988045565855,1.0,0.124729524090312,0.0,1,0.1824617135002893,0.18216460459877223,0.1501433469024087,0.15618756740559722,1.0
chr7:108239402:G:A;chr7:108239477:T:C;var1;middle;OL41|K562|482ee83c250c326d,chr7:108239402:G:A;chr7:108239477:T:C;var1;middle;OL41,K562,K562_region_02004,100,175,75,AGAGGAAGAGGGAGAGAGGGCAAGAATGAGTGAAACAGATGGAAACCCTAAGACCACTGGAGTCAAATACACAAAAGCAGTTATGCTGATGATGTTCTGGTGTCAACTCTCATCCCTCTTCCTTCATTAGGTGCTTAGAGCACCTAACAGGGAGTAAGAAATGGGGGAAAAACTTGCCCTATCTGCAGGTACAGGATTGG,8e6510cf1fcc69c33005d2c4a8d05c3d81023aec4cf3c661f7b98b3d5a2286b0,0.0,AGAGGAAGAGGGAGAGAGGGCAAGAATGAGTGAAACAGATGGAAACCCTAAGACCACTGGAGTCAAATACACAAAAGCAGTTATGCTGATGATGTTCTGATGTCAACTCTCATCCCTCTTCCTTCATTAGGTGCTTAGAGCACCTAACAGGGAGTAAGAAATGGGGGAAAAACTTGCCCTATCTGCAGGTACAGGATTGG,d5578afc2a06563b779d6d5a8ed1cc079ffb075f0a0dc018b651be7f8e31b5ab,0.382187510088851,AGAGGAAGAGGGAGAGAGGGCAAGAATGAGTGAAACAGATGGAAACCCTAAGACCACTGGAGTCAAATACACAAAAGCAGTTATGCTGATGATGTTCTGGTGTCAACTCTCATCCCTCTTCCTTCATTAGGTGCTTAGAGCACCTAACAGGGAGTAAGAAATGGGGGAAAAACTCGCCCTATCTGCAGGTACAGGATTGG,967c04519a81ad213a793b4e479e28f36b3f9fa8edcd7d77d2ca12a8dd412c39,0.177808520566519,AGAGGAAGAGGGAGAGAGGGCAAGAATGAGTGAAACAGATGGAAACCCTAAGACCACTGGAGTCAAATACACAAAAGCAGTTATGCTGATGATGTTCTGATGTCAACTCTCATCCCTCTTCCTTCATTAGGTGCTTAGAGCACCTAACAGGGAGTAAGAAATGGGGGAAAAACTCGCCCTATCTGCAGGTACAGGATTGG,482ee83c250c326d8494b3b28603ef7bc5c6fe689514f412e099568dc79827d1,-0.264947876787208,0.824943907442578,0.313805562543149,-281.3348538465798,-273.3764724228531,-286.00204503536224,-280.0112433880568,1.9675797764212462,1.0,0.824943907442578,0.0,2,0.17805942360693527,0.17490732828716207,0.146091925319964,0.23689060687909483,1.0
chr7:1087426:G:T;chr7:1087454:T:C;var1;middle;OL41|K562|8eff95a8bad4579a,chr7:1087426:G:T;chr7:1087454:T:C;var1;middle;OL41,K562,K562_region_01902,100,128,28,CTTTCCACTCCTTTCCTGCCATCCTGAGGATGCAGTGCCTGGGGCCTCGCAGTTCTCTTTCCACTCAAATCTAAGGCTCTAAAGCTTCAACAACTGTCCGGGGACAATAAGAAGCGCTGAGTCCCCATCCTGCCTGCTCTCCTTTCTACTCAGTGGGGAAATTGGATCACTCGCCTTGGTGGATCACTCGCCTTGGGGAA,c0ea957248afd16dca8eb012b50f840c62e8a67935bbb654190d4a04db90aa55,0.0,CTTTCCACTCCTTTCCTGCCATCCTGAGGATGCAGTGCCTGGGGCCTCGCAGTTCTCTTTCCACTCAAATCTAAGGCTCTAAAGCTTCAACAACTGTCCTGGGACAATAAGAAGCGCTGAGTCCCCATCCTGCCTGCTCTCCTTTCTACTCAGTGGGGAAATTGGATCACTCGCCTTGGTGGATCACTCGCCTTGGGGAA,16ef930e1695dcf5a8e2ae96493410af0a0f6a4b645590f259c6cf75b959d7e0,-0.213191851960397,CTTTCCACTCCTTTCCTGCCATCCTGAGGATGCAGTGCCTGGGGCCTCGCAGTTCTCTTTCCACTCAAATCTAAGGCTCTAAAGCTTCAACAACTGTCCGGGGACAATAAGAAGCGCTGAGTCCCCACCCTGCCTGCTCTCCTTTCTACTCAGTGGGGAAATTGGATCACTCGCCTTGGTGGATCACTCGCCTTGGGGAA,9eea1bf916de0129f0e4c7a61cc6fa56ab70b3ac19acd8301ace666295ef08a7,0.206479192868109,CTTTCCACTCCTTTCCTGCCATCCTGAGGATGCAGTGCCTGGGGCCTCGCAGTTCTCTTTCCACTCAAATCTAAGGCTCTAAAGCTTCAACAACTGTCCTGGGACAATAAGAAGCGCTGAGTCCCCACCCTGCCTGCTCTCCTTTCTACTCAGTGGGGAAATTGGATCACTCGCCTTGGTGGATCACTCGCCTTGGGGAA,8eff95a8bad4579ab8edd5dc4dfdbfbe15a84f27bff63dc02cc92337c4b89969,0.006662926720839,0.0133755858131269,0.333282282196889,-220.8858324941248,-215.2383089689538,-219.8668936258182,-214.598418536596,-0.37904843594881754,-1.0,-0.0133755858131269,0.0,0,0.18528920866336024,0.18565657667894103,0.15145376406925343,0.10313393999040991,1.0
chr7:116920964:A:C;chr7:116920970:T:C;var1;middle;OL27|K562|7ec9b15be4c36d26,chr7:116920964:A:C;chr7:116920970:T:C;var1;middle;OL27,K562,K562_region_02005,100,106,6,CAATAAATGTTAACTATCCATATCTTCATCTAGCAAGTGTTTATTGAGTGACTACTATGTGCTAGGCACAGTTCTGGGAACATGGGATATATCAGAGAAAAAAAATGAAGATCCTGCCCTCAGGAGCTTATGTTCTAAGGGCATGAGCCAAGCATATTATAATAGTGATATTTCTTGGTATTAATAGTAGCAAATAGATC,696626dec51b7964ed93b22e1077b57956f6270696b99b1a7fef77fb15e5663a,0.0,CAATAAATGTTAACTATCCATATCTTCATCTAGCAAGTGTTTATTGAGTGACTACTATGTGCTAGGCACAGTTCTGGGAACATGGGATATATCAGAGAACAAAAATGAAGATCCTGCCCTCAGGAGCTTATGTTCTAAGGGCATGAGCCAAGCATATTATAATAGTGATATTTCTTGGTATTAATAGTAGCAAATAGATC,0f9bee5ccd9a3077a893b202d1d073823ca6d37d933fe35c5386d66ede086016,-0.0443977879609839,CAATAAATGTTAACTATCCATATCTTCATCTAGCAAGTGTTTATTGAGTGACTACTATGTGCTAGGCACAGTTCTGGGAACATGGGATATATCAGAGAAAAAAAACGAAGATCCTGCCCTCAGGAGCTTATGTTCTAAGGGCATGAGCCAAGCATATTATAATAGTGATATTTCTTGGTATTAATAGTAGCAAATAGATC,9a2c5d8374a6fbbad1a41eb71c2666e9401b42dcd2d7d4973dfec1b9f77c0c04,0.0464465966198788,CAATAAATGTTAACTATCCATATCTTCATCTAGCAAGTGTTTATTGAGTGACTACTATGTGCTAGGCACAGTTCTGGGAACATGGGATATATCAGAGAACAAAAACGAAGATCCTGCCCTCAGGAGCTTATGTTCTAAGGGCATGAGCCAAGCATATTATAATAGTGATATTTCTTGGTATTAATAGTAGCAAATAGATC,7ec9b15be4c36d269d83729801f3b54467ea86f45a6cab62d7d50b27a9fe0c95,0.0884609650381209,0.086412156379226,0.20826190001042,-202.7379056289792,-203.08577872812748,-209.4960077386349,-209.69094919413328,0.15293164364987888,-1.0,-0.086412156379226,0.0,3,0.1817810284133004,0.18106719778262317,0.1474303780702046,0.1439134606117522,1.0
chr7:1210554:G:T;chr7:1210575:G:A;var1;middle;OL41|K562|a3adfed7b324a74e,chr7:1210554:G:T;chr7:1210575:G:A;var1;middle;OL41,K562,K562_region_01903,100,121,21,CTCAACCCAAAGTAGCACCAGCATGGACAGGCCGAGTGACGAAGACAGTGCTGGAGGCACACAGAGGCTGTGGGGGCAAGTATGCGGCCGGCTGGACCTGCGGGGACCCTGCCCGTGGCTGGAAAGGGGACCAGGGGGTCCCTGGGAAACACAGGGCTCTGACCTCTGTGCAGGGTGAGGAAGGGTTTTACCAGCAGAGG,3fee4a759b7c17dfdc4e485a7db114d5c83d95c1b551fd3024626829d4682b50,0.0,CTCAACCCAAAGTAGCACCAGCATGGACAGGCCGAGTGACGAAGACAGTGCTGGAGGCACACAGAGGCTGTGGGGGCAAGTATGCGGCCGGCTGGACCTTCGGGGACCCTGCCCGTGGCTGGAAAGGGGACCAGGGGGTCCCTGGGAAACACAGGGCTCTGACCTCTGTGCAGGGTGAGGAAGGGTTTTACCAGCAGAGG,0ef17d8e40b3c0c62f3038785d7943049992dea7a4b7583bbf56a66e9467c230,0.0175022269787678,CTCAACCCAAAGTAGCACCAGCATGGACAGGCCGAGTGACGAAGACAGTGCTGGAGGCACACAGAGGCTGTGGGGGCAAGTATGCGGCCGGCTGGACCTGCGGGGACCCTGCCCGTGGCTAGAAAGGGGACCAGGGGGTCCCTGGGAAACACAGGGCTCTGACCTCTGTGCAGGGTGAGGAAGGGTTTTACCAGCAGAGG,ab997631a772725a3d069128886214ec2a0bbe6f890a0b8e8f5b7b1b5c1df48d,0.036131466704762,CTCAACCCAAAGTAGCACCAGCATGGACAGGCCGAGTGACGAAGACAGTGCTGGAGGCACACAGAGGCTGTGGGGGCAAGTATGCGGCCGGCTGGACCTTCGGGGACCCTGCCCGTGGCTAGAAAGGGGACCAGGGGGTCCCTGGGAAACACAGGGCTCTGACCTCTGTGCAGGGTGAGGAAGGGTTTTACCAGCAGAGG,a3adfed7b324a74e7d43cfc5191e29a8b68150b5a7efb2fa3c88d3d2aaa95aff,0.128586825221312,-0.0749531315377822,0.266374182721796,-353.8728185663931,-356.5010764815379,-358.2003386411816,-366.8279418249149,5.999345268588513,1.0,-0.0749531315377822,0.0,0,0.1934815435691193,0.18565657667894103,0.15145376406925343,0.18480377156007324,1.0
chr7:1210688:G:C;chr7:1210745:A:G;var1;middle;OL41|K562|d9990b6db84a2056,chr7:1210688:G:C;chr7:1210745:A:G;var1;middle;OL41,K562,K562_region_01903,100,157,57,GGGGTCCCTGGGAAACACAGGGCTCTGACCTCTGTGCAGGGTGAGGAAGGGTTTTACCAGCAGAGGGAGAGCTCAGCCCAGGCCCGAAGTCAGCACGACGAGCAGCTGACCCCTGGGATCTTTGAGGAACCTGAAAGTGCTTGATGGTCTTTGTGAATCTGAAATCCGAGCGAAGCGTCAGACCCTCGAGTTTCCCCAGG,cb7b17f1c052ec9814fe62a50f0b0b21375936ce781951c340f9896f1ad75b61,0.0,GGGGTCCCTGGGAAACACAGGGCTCTGACCTCTGTGCAGGGTGAGGAAGGGTTTTACCAGCAGAGGGAGAGCTCAGCCCAGGCCCGAAGTCAGCACGACCAGCAGCTGACCCCTGGGATCTTTGAGGAACCTGAAAGTGCTTGATGGTCTTTGTGAATCTGAAATCCGAGCGAAGCGTCAGACCCTCGAGTTTCCCCAGG,66f5e54b08468150457f9255286c1d8d659bdb7ea00004dfad6594e85c114c8e,-0.146925242681686,GGGGTCCCTGGGAAACACAGGGCTCTGACCTCTGTGCAGGGTGAGGAAGGGTTTTACCAGCAGAGGGAGAGCTCAGCCCAGGCCCGAAGTCAGCACGACGAGCAGCTGACCCCTGGGATCTTTGAGGAACCTGAAAGTGCTTGATGGTCTTTGTGAGTCTGAAATCCGAGCGAAGCGTCAGACCCTCGAGTTTCCCCAGG,beda64240bb305f9167efc81ce6748b5729bdf2c106c0e772987c1d9ea089cf8,0.218139093395714,GGGGTCCCTGGGAAACACAGGGCTCTGACCTCTGTGCAGGGTGAGGAAGGGTTTTACCAGCAGAGGGAGAGCTCAGCCCAGGCCCGAAGTCAGCACGACCAGCAGCTGACCCCTGGGATCTTTGAGGAACCTGAAAGTGCTTGATGGTCTTTGTGAGTCTGAAATCCGAGCGAAGCGTCAGACCCTCGAGTTTCCCCAGG,d9990b6db84a2056bf1fbab91599abf698fa74531258ff0ca5f9f7d734f9807f,0.208521990871968,0.13730814015794,0.152350667693523,-388.3166020493954,-382.2436067974195,-388.830858040601,-381.34374724840745,1.414115540217665,-1.0,-0.13730814015794,0.0,0,0.18759232767955525,0.18565657667894103,0.15145376406925343,0.025106629927498042,1.0
chr7:124032394:G:A;chr7:124032401:A:G;var1;middle;OL41|K562|d36c613c25780647,chr7:124032394:G:A;chr7:124032401:A:G;var1;middle;OL41,K562,K562_region_02006,100,107,7,CAGATTCAAACTGACATTTGATGACAATATAAGACATTCATCTTTTGTGAATCTATTGTGAGAAATAGGGAATCTATTTCTCTATGGTTTTTTAGTAGTGTGGGCCAAACTGTGTCTCTTCTCCCCAAAGTTAACGTGCTGAAACACTAACCTTCAGTACTTCAGAATGTGATATTACTGGGAACAGGGCCTTTAAAGAG,527110f1cd77bc6d0bf6939f83dea0bc0356861eeba4a91a98e296121813d1ce,0.0,CAGATTCAAACTGACATTTGATGACAATATAAGACATTCATCTTTTGTGAATCTATTGTGAGAAATAGGGAATCTATTTCTCTATGGTTTTTTAGTAGTATGGGCCAAACTGTGTCTCTTCTCCCCAAAGTTAACGTGCTGAAACACTAACCTTCAGTACTTCAGAATGTGATATTACTGGGAACAGGGCCTTTAAAGAG,265ea28082b699f83bd7710f1ad1d868aa8e574c0ec6502c79a4bfe77803586f,0.397709671523597,CAGATTCAAACTGACATTTGATGACAATATAAGACATTCATCTTTTGTGAATCTATTGTGAGAAATAGGGAATCTATTTCTCTATGGTTTTTTAGTAGTGTGGGCCGAACTGTGTCTCTTCTCCCCAAAGTTAACGTGCTGAAACACTAACCTTCAGTACTTCAGAATGTGATATTACTGGGAACAGGGCCTTTAAAGAG,1773b45557889f447bd4471662822f742ec0ecb667895ae122ab31fb82172045,0.102406845784561,CAGATTCAAACTGACATTTGATGACAATATAAGACATTCATCTTTTGTGAATCTATTGTGAGAAATAGGGAATCTATTTCTCTATGGTTTTTTAGTAGTATGGGCCGAACTGTGTCTCTTCTCCCCAAAGTTAACGTGCTGAAACACTAACCTTCAGTACTTCAGAATGTGATATTACTGGGAACAGGGCCTTTAAAGAG,d36c613c2578064739bfed53bcd2870f5e63dec92c98795adf45f7be379e2d85,0.248883854977119,0.2512326623310389,0.273727450820236,-319.45231876685284,-330.62712399545126,-329.58737359032966,-341.1417379931081,0.3795591741800308,1.0,0.2512326623310389,0.0,3,0.18223749827919178,0.18106719778262317,0.1474303780702046,0.2760587305271335,1.0
chr7:124032394:G:A;chr7:124032430:G:A;var1;middle;OL41|K562|d636b8682522ca64,chr7:124032394:G:A;chr7:124032430:G:A;var1;middle;OL41,K562,K562_region_02006,100,136,36,CAGATTCAAACTGACATTTGATGACAATATAAGACATTCATCTTTTGTGAATCTATTGTGAGAAATAGGGAATCTATTTCTCTATGGTTTTTTAGTAGTGTGGGCCAAACTGTGTCTCTTCTCCCCAAAGTTAACGTGCTGAAACACTAACCTTCAGTACTTCAGAATGTGATATTACTGGGAACAGGGCCTTTAAAGAG,527110f1cd77bc6d0bf6939f83dea0bc0356861eeba4a91a98e296121813d1ce,0.0,CAGATTCAAACTGACATTTGATGACAATATAAGACATTCATCTTTTGTGAATCTATTGTGAGAAATAGGGAATCTATTTCTCTATGGTTTTTTAGTAGTATGGGCCAAACTGTGTCTCTTCTCCCCAAAGTTAACGTGCTGAAACACTAACCTTCAGTACTTCAGAATGTGATATTACTGGGAACAGGGCCTTTAAAGAG,265ea28082b699f83bd7710f1ad1d868aa8e574c0ec6502c79a4bfe77803586f,0.397819704527989,CAGATTCAAACTGACATTTGATGACAATATAAGACATTCATCTTTTGTGAATCTATTGTGAGAAATAGGGAATCTATTTCTCTATGGTTTTTTAGTAGTGTGGGCCAAACTGTGTCTCTTCTCCCCAAAGTTAACATGCTGAAACACTAACCTTCAGTACTTCAGAATGTGATATTACTGGGAACAGGGCCTTTAAAGAG,70f60040d025f647d27ba3d0b1c90d8294337267eb457b7cd31ac933a05dfe0f,0.364485524271494,CAGATTCAAACTGACATTTGATGACAATATAAGACATTCATCTTTTGTGAATCTATTGTGAGAAATAGGGAATCTATTTCTCTATGGTTTTTTAGTAGTATGGGCCAAACTGTGTCTCTTCTCCCCAAAGTTAACATGCTGAAACACTAACCTTCAGTACTTCAGAATGTGATATTACTGGGAACAGGGCCTTTAAAGAG,d636b8682522ca64a77bbf62b9ee523225edc1fe870520479b2184cb83f2385b,0.208301583124932,0.554003645674551,0.289285447876001,-319.45231876685284,-330.62712399545126,-331.14235568465665,-337.6829242145177,-4.634236698737368,1.0,0.554003645674551,0.0,3,0.17213878377454453,0.18106719778262317,0.1474303780702046,0.23296078963670142,1.0
chr7:124032401:A:G;chr7:124032430:G:A;var1;middle;OL41|K562|63fdbbf403799a7b,chr7:124032401:A:G;chr7:124032430:G:A;var1;middle;OL41,K562,K562_region_02006,100,129,29,AAACTGACATTTGATGACAATATAAGACATTCATCTTTTGTGAATCTATTGTGAGAAATAGGGAATCTATTTCTCTATGGTTTTTTAGTAGTGTGGGCCAAACTGTGTCTCTTCTCCCCAAAGTTAACGTGCTGAAACACTAACCTTCAGTACTTCAGAATGTGATATTACTGGGAACAGGGCCTTTAAAGAGGCAATTA,82a312a788bcfbe67723c06b6497c50879f106dcc24ef1edc36f25049bcc13af,0.0,AAACTGACATTTGATGACAATATAAGACATTCATCTTTTGTGAATCTATTGTGAGAAATAGGGAATCTATTTCTCTATGGTTTTTTAGTAGTGTGGGCCGAACTGTGTCTCTTCTCCCCAAAGTTAACGTGCTGAAACACTAACCTTCAGTACTTCAGAATGTGATATTACTGGGAACAGGGCCTTTAAAGAGGCAATTA,db2a164123843a34a30236c4b29f620d90da980f2eeb75518316c65776aea841,0.28784323746482,AAACTGACATTTGATGACAATATAAGACATTCATCTTTTGTGAATCTATTGTGAGAAATAGGGAATCTATTTCTCTATGGTTTTTTAGTAGTGTGGGCCAAACTGTGTCTCTTCTCCCCAAAGTTAACATGCTGAAACACTAACCTTCAGTACTTCAGAATGTGATATTACTGGGAACAGGGCCTTTAAAGAGGCAATTA,40005035e51d0074faad64dc02cdd6ae2fe93b3fd62714ce1f06b464da376816,0.119070040162619,AAACTGACATTTGATGACAATATAAGACATTCATCTTTTGTGAATCTATTGTGAGAAATAGGGAATCTATTTCTCTATGGTTTTTTAGTAGTGTGGGCCGAACTGTGTCTCTTCTCCCCAAAGTTAACATGCTGAAACACTAACCTTCAGTACTTCAGAATGTGATATTACTGGGAACAGGGCCTTTAAAGAGGCAATTA,63fdbbf403799a7baa998f6a2fb2878e7d56ca5977461b145d8f5baacf8345e9,0.280729045928161,0.126184231699278,0.316337491287254,-322.43020646087825,-331.76614305889234,-330.3692527031526,-342.72267817379907,3.0174888726323843,1.0,0.126184231699278,0.0,3,0.18755077779499693,0.18106719778262317,0.1474303780702046,0.21868225678767053,1.0
chr7:124032430:G:A;chr7:124032505:G:T;var1;middle;OL41|K562|e22f40a5a2c018b9,chr7:124032430:G:A;chr7:124032505:G:T;var1;middle;OL41,K562,K562_region_02006,100,175,75,TTCATCTTTTGTGAATCTATTGTGAGAAATAGGGAATCTATTTCTCTATGGTTTTTTAGTAGTGTGGGCCAAACTGTGTCTCTTCTCCCCAAAGTTAACGTGCTGAAACACTAACCTTCAGTACTTCAGAATGTGATATTACTGGGAACAGGGCCTTTAAAGAGGCAATTAAGTGAAAATGAGGCAATGAAGGTGGGCCC,1fa6ed116ac9140ef21067b1b4957f1947dc735ad4aaf3ff220bbf2a7c845d87,0.0,TTCATCTTTTGTGAATCTATTGTGAGAAATAGGGAATCTATTTCTCTATGGTTTTTTAGTAGTGTGGGCCAAACTGTGTCTCTTCTCCCCAAAGTTAACATGCTGAAACACTAACCTTCAGTACTTCAGAATGTGATATTACTGGGAACAGGGCCTTTAAAGAGGCAATTAAGTGAAAATGAGGCAATGAAGGTGGGCCC,7143455eca9a29345ef546bcc2484b9bfc758506a7773030de50d1e1548ab2ce,-0.243480623328948,TTCATCTTTTGTGAATCTATTGTGAGAAATAGGGAATCTATTTCTCTATGGTTTTTTAGTAGTGTGGGCCAAACTGTGTCTCTTCTCCCCAAAGTTAACGTGCTGAAACACTAACCTTCAGTACTTCAGAATGTGATATTACTGGGAACAGGGCCTTTAAAGAGGCAATTAAGTTAAAATGAGGCAATGAAGGTGGGCCC,32ad28f57082a692a925081d35459a116cdb8f2264333759c4a76c25b2d4513b,0.0570837434620839,TTCATCTTTTGTGAATCTATTGTGAGAAATAGGGAATCTATTTCTCTATGGTTTTTTAGTAGTGTGGGCCAAACTGTGTCTCTTCTCCCCAAAGTTAACATGCTGAAACACTAACCTTCAGTACTTCAGAATGTGATATTACTGGGAACAGGGCCTTTAAAGAGGCAATTAAGTTAAAATGAGGCAATGAAGGTGGGCCC,e22f40a5a2c018b94a1abff97635ebfbe003c3053c1d3eab5c360972f9086fa1,-0.11044841090085,0.0759484689660141,0.260962255761458,-315.896480576077,-312.48754636605736,-327.7913628425449,-323.90622421039734,0.47620442212792113,-1.0,-0.0759484689660141,0.0,3,0.18243215972772192,0.18106719778262317,0.1474303780702046,0.19485945818708658,1.0
chr7:124032505:G:T;chr7:124032560:C:A;var1;middle;OL41|K562|f9f59bb57379b3db,chr7:124032505:G:T;chr7:124032560:C:A;var1;middle;OL41,K562,K562_region_02006,100,155,55,GTGTCTCTTCTCCCCAAAGTTAACGTGCTGAAACACTAACCTTCAGTACTTCAGAATGTGATATTACTGGGAACAGGGCCTTTAAAGAGGCAATTAAGTGAAAATGAGGCAATGAAGGTGGGCCCTAATTTAATTTTAATGGTGTTCTCATATACAGGGGAAAATCTGGGTGCTCGGAAAGACACCAGAAGCACACAGAA,8997ab645dadcec5979ae32d7fe347e7bebce04afe27b9fd3e721f600235943a,0.0,GTGTCTCTTCTCCCCAAAGTTAACGTGCTGAAACACTAACCTTCAGTACTTCAGAATGTGATATTACTGGGAACAGGGCCTTTAAAGAGGCAATTAAGTTAAAATGAGGCAATGAAGGTGGGCCCTAATTTAATTTTAATGGTGTTCTCATATACAGGGGAAAATCTGGGTGCTCGGAAAGACACCAGAAGCACACAGAA,db6969031a225155396890ffb0afa86bb5b5e8260c80982ecf383574a05a3062,0.0634966667588305,GTGTCTCTTCTCCCCAAAGTTAACGTGCTGAAACACTAACCTTCAGTACTTCAGAATGTGATATTACTGGGAACAGGGCCTTTAAAGAGGCAATTAAGTGAAAATGAGGCAATGAAGGTGGGCCCTAATTTAATTTTAATGGTGTTCTCATATAAAGGGGAAAATCTGGGTGCTCGGAAAGACACCAGAAGCACACAGAA,d6c7d9600e2619c6c415475ed4e6d55097803a46e32d55b3ed226f50be9c4f5a,-0.775686756961551,GTGTCTCTTCTCCCCAAAGTTAACGTGCTGAAACACTAACCTTCAGTACTTCAGAATGTGATATTACTGGGAACAGGGCCTTTAAAGAGGCAATTAAGTTAAAATGAGGCAATGAAGGTGGGCCCTAATTTAATTTTAATGGTGTTCTCATATAAAGGGGAAAATCTGGGTGCTCGGAAAGACACCAGAAGCACACAGAA,f9f59bb57379b3dbcc33f3ea976fa4fae5e518a7c175de9e005ca38adaed0651,-0.537975807878159,0.1742142823245615,0.29799917005371,-292.727397511364,-279.8985624043271,-315.5569738780614,-278.0834273886867,24.64471138233779,-1.0,-0.1742142823245615,0.0,3,0.23111201387039176,0.18106719778262317,0.1474303780702046,0.18274513978838028,1.0
chr7:1273821:A:T;chr7:1273845:A:T;var1;middle;OL29|K562|4a6827c05acf9d76,chr7:1273821:A:T;chr7:1273845:A:T;var1;middle;OL29,K562,K562_region_01904,100,124,24,GCCCCCGCACCGCCTCAACCTTCCGCGCGAGGCTCTGTCACCCAGCCTGGAGCGAACGAGTCTGTTTACCTTGCGCCTGCAAAATATTCAGATGGAAACATGTATTTATTCATCGCTTTGCAGAAGGGAACAGCTGAGGAAGGGGAGGCAGAAGCTTAAACAGTTAACACATTGAGAAAGTGGGAGAAAAAAAGGTGTCT,bc91ebb90d7c32ee8f2c0a32987ce05f3470ddaf5928f62b3d380e52a71c286a,0.0,GCCCCCGCACCGCCTCAACCTTCCGCGCGAGGCTCTGTCACCCAGCCTGGAGCGAACGAGTCTGTTTACCTTGCGCCTGCAAAATATTCAGATGGAAACTTGTATTTATTCATCGCTTTGCAGAAGGGAACAGCTGAGGAAGGGGAGGCAGAAGCTTAAACAGTTAACACATTGAGAAAGTGGGAGAAAAAAAGGTGTCT,64bc32ac8534cf2b12b02056a675ea4731e9af711cfb319d84d8ad5c3e8cd68f,-0.0765380303789996,GCCCCCGCACCGCCTCAACCTTCCGCGCGAGGCTCTGTCACCCAGCCTGGAGCGAACGAGTCTGTTTACCTTGCGCCTGCAAAATATTCAGATGGAAACATGTATTTATTCATCGCTTTGCAGTAGGGAACAGCTGAGGAAGGGGAGGCAGAAGCTTAAACAGTTAACACATTGAGAAAGTGGGAGAAAAAAAGGTGTCT,8e3a8b1bb77f45bbb282239403eddcfb6852426c5e2dbd8da9254514cfc66620,-0.0475306186958317,GCCCCCGCACCGCCTCAACCTTCCGCGCGAGGCTCTGTCACCCAGCCTGGAGCGAACGAGTCTGTTTACCTTGCGCCTGCAAAATATTCAGATGGAAACTTGTATTTATTCATCGCTTTGCAGTAGGGAACAGCTGAGGAAGGGGAGGCAGAAGCTTAAACAGTTAACACATTGAGAAAGTGGGAGAAAAAAAGGTGTCT,4a6827c05acf9d7683a3fc02d319f04a3d0294ea2b8d7d9df0bcb3a763063fc3,-0.212964117495649,0.0888954684208176,0.156369549936074,-360.6314958771691,-364.7350081084296,-374.09981503896415,-371.4526429167017,-6.750684353523013,1.0,0.0888954684208176,0.0,4,0.1678324516843177,0.17620727786206916,0.145609630836647,0.038334153979051655,1.0
chr7:128433061:G:T;chr7:128433141:G:A;var1;middle;OL41|K562|4c8fdcbc2365553d,chr7:128433061:G:T;chr7:128433141:G:A;var1;middle;OL41,K562,K562_region_02007,100,180,80,CGTGAGGCCATCCTCCCAACACACGTGTATCCCCACCACACCCATGTGACTTGGCAGTTGCTGCCAACACCAGGCCCCTGGAAGGACGCTGGTCCATTTGCCAGTACTTCCTGTGAAGTGTTGCACGTTGCACATTCAGTATGGGCAAACCTGCTCCCCCTAAGGGGGACAGATGGCACGAAGGGTCCCAGTTGAACCTA,432a8a4cd735bda7b4411739915ab610a237f322e6c6028e96785d01d64bed2a,0.0,CGTGAGGCCATCCTCCCAACACACGTGTATCCCCACCACACCCATGTGACTTGGCAGTTGCTGCCAACACCAGGCCCCTGGAAGGACGCTGGTCCATTTTCCAGTACTTCCTGTGAAGTGTTGCACGTTGCACATTCAGTATGGGCAAACCTGCTCCCCCTAAGGGGGACAGATGGCACGAAGGGTCCCAGTTGAACCTA,928d4dcef12a3638fb097731a5c5b9876a1a46f791e0ab4c1a764f608d172d75,-0.0997150097297708,CGTGAGGCCATCCTCCCAACACACGTGTATCCCCACCACACCCATGTGACTTGGCAGTTGCTGCCAACACCAGGCCCCTGGAAGGACGCTGGTCCATTTGCCAGTACTTCCTGTGAAGTGTTGCACGTTGCACATTCAGTATGGGCAAACCTGCTCCCCCTAAGGGGGACAGATGGCACAAAGGGTCCCAGTTGAACCTA,e9b7d9f4b8313f0e85455e54341623076f174f99b23967d35ad9d93b3f1a88a5,-0.097814556269639,CGTGAGGCCATCCTCCCAACACACGTGTATCCCCACCACACCCATGTGACTTGGCAGTTGCTGCCAACACCAGGCCCCTGGAAGGACGCTGGTCCATTTTCCAGTACTTCCTGTGAAGTGTTGCACGTTGCACATTCAGTATGGGCAAACCTGCTCCCCCTAAGGGGGACAGATGGCACAAAGGGTCCCAGTTGAACCTA,4c8fdcbc2365553da82ac4b29dba1d2ba3683cd647bb98c78d86fb5db8b1b0cf,-0.175218985951549,-0.0223105800478607,0.357648987358128,-414.7839680342004,-409.2344625941478,-400.70853604050353,-395.0686986870133,-0.09033191343758062,1.0,-0.0223105800478607,0.0,0,0.1856600328167134,0.18565657667894103,0.15145376406925343,0.1849647336141609,1.0
chr7:128512228:T:A;chr7:128512231:A:G;var1;middle;OL41|K562|08ded846de4e21b4,chr7:128512228:T:A;chr7:128512231:A:G;var1;middle;OL41,K562,K562_region_02008,100,103,3,TAGGCTCAAGGCTCACAGTATCCATTCCGCTGCCTGTTTATTGTCATGCTATTTCTAGCCTGTGATCTAAAGACAAGCACCTAGTCTCCTTGTTCTCTGTATATCTCCATTGCCCAGCTGAAGGGTGGCAAACAGGTGGCCTGTGCCTGGCTGAAGGGTGGCAAATAGGTGGCCTGGAGTTGGTATTCTGTTCCCTCATC,c83e9965550b782f0e8ee8d6707cb54ee2412cc186119842e1638c01b9dbee48,0.0,TAGGCTCAAGGCTCACAGTATCCATTCCGCTGCCTGTTTATTGTCATGCTATTTCTAGCCTGTGATCTAAAGACAAGCACCTAGTCTCCTTGTTCTCTGAATATCTCCATTGCCCAGCTGAAGGGTGGCAAACAGGTGGCCTGTGCCTGGCTGAAGGGTGGCAAATAGGTGGCCTGGAGTTGGTATTCTGTTCCCTCATC,d0a03f544567f08439c3a30d9a3816eeec14c921c652f93721c74831e55134d0,-0.0043558234971678,TAGGCTCAAGGCTCACAGTATCCATTCCGCTGCCTGTTTATTGTCATGCTATTTCTAGCCTGTGATCTAAAGACAAGCACCTAGTCTCCTTGTTCTCTGTATGTCTCCATTGCCCAGCTGAAGGGTGGCAAACAGGTGGCCTGTGCCTGGCTGAAGGGTGGCAAATAGGTGGCCTGGAGTTGGTATTCTGTTCCCTCATC,8732b63d25ed09f5568e890332b70009316e456de8a061dbd60522b8e6d0ad1f,0.0513714341746805,TAGGCTCAAGGCTCACAGTATCCATTCCGCTGCCTGTTTATTGTCATGCTATTTCTAGCCTGTGATCTAAAGACAAGCACCTAGTCTCCTTGTTCTCTGAATGTCTCCATTGCCCAGCTGAAGGGTGGCAAACAGGTGGCCTGTGCCTGGCTGAAGGGTGGCAAATAGGTGGCCTGGAGTTGGTATTCTGTTCCCTCATC,08ded846de4e21b4c00aaa2ee889261753104d04dac1e942b2d0e2e1ae3dddbb,-0.195674748953288,0.2426903596308007,0.220253252772991,-214.78080812562257,-214.62027553655207,-216.5589704960585,-212.4890623549,-3.9093755520879654,1.0,0.2426903596308007,0.0,4,0.17135400197129808,0.17620727786206916,0.145609630836647,0.10416164097599961,1.0
chr7:1286192:G:C;chr7:1286244:G:A;var1;middle;OL27|K562|e6b414828f7ad057,chr7:1286192:G:C;chr7:1286244:G:A;var1;middle;OL27,K562,K562_region_01905,100,152,52,CAGAGGCCGGGCTGGGAGGCGGAGGCTCCGCTGCTCCCCTTTTTTCCCGTTGGAGGCGATGTGTCGGGTCCGGACACGACGTGGAGAGGCCACCAGTCCGGTCCTGGGGCGGCGGCGGCCTACAGGGCCGGGTCTTCCTTCTGCAGATGCCGGTTCGAGCCGCGGCCCGATCCCGATCCCGGGAAGAAACGCTCCGTGGC,9c2300e20330e1fdbc4687ab84362b1d3cd86d83efce7c5827f33160b4f59f9c,0.0,CAGAGGCCGGGCTGGGAGGCGGAGGCTCCGCTGCTCCCCTTTTTTCCCGTTGGAGGCGATGTGTCGGGTCCGGACACGACGTGGAGAGGCCACCAGTCCCGTCCTGGGGCGGCGGCGGCCTACAGGGCCGGGTCTTCCTTCTGCAGATGCCGGTTCGAGCCGCGGCCCGATCCCGATCCCGGGAAGAAACGCTCCGTGGC,b76af900bdfa9a1f6687c6d464ea58e91e8da0e1f15dd0c067ccad757f0f1887,-0.0918447961155215,CAGAGGCCGGGCTGGGAGGCGGAGGCTCCGCTGCTCCCCTTTTTTCCCGTTGGAGGCGATGTGTCGGGTCCGGACACGACGTGGAGAGGCCACCAGTCCGGTCCTGGGGCGGCGGCGGCCTACAGGGCCGGGTCTTCCTTCTGCAGATGCCAGTTCGAGCCGCGGCCCGATCCCGATCCCGGGAAGAAACGCTCCGTGGC,9aadcee84e215fa9db5a228e4a1a38265881c3ff14825322841acf27462b1320,-0.150768440789454,CAGAGGCCGGGCTGGGAGGCGGAGGCTCCGCTGCTCCCCTTTTTTCCCGTTGGAGGCGATGTGTCGGGTCCGGACACGACGTGGAGAGGCCACCAGTCCCGTCCTGGGGCGGCGGCGGCCTACAGGGCCGGGTCTTCCTTCTGCAGATGCCAGTTCGAGCCGCGGCCCGATCCCGATCCCGGGAAGAAACGCTCCGTGGC,e6b414828f7ad057bb89a06c8f902c8dd5d8dd0474c83aed20c16e69f82c3092,-0.0131532225240397,0.2294600143809358,0.0907205416276686,-367.5082433517091,-376.4386887275614,-385.9467930318788,-385.9234467362985,8.953791671432555,-1.0,-0.2294600143809358,0.0,4,0.18729675701594037,0.17620727786206916,0.145609630836647,0.10704484065046202,1.0
chr7:128712868:G:A;chr7:128712874:G:A;var1;middle;OL41|K562|51ae748b1bc65305,chr7:128712868:G:A;chr7:128712874:G:A;var1;middle;OL41,K562,K562_region_02009,100,106,6,GCAGTTGCCAGGGGCCGAGGGGAGGGGAAAATGGAGAGTTGATTTGTACAGAGTTTCAGTTTTGCAAGATGAGGGAGTTCTGAGGACTGGCTGCACAGCGATGTTGTAACCACATTACACCAATCTGGTTCAACTTCTATGTAGCAAAGTTGTGAGTTGTTTTTCAGTGGTCATGGCCCTGCAGGTTGGAGGGGGCAATG,aaf7a413a9055d91e4f48c6bf9a1e67b397fd5ce9d2006f86ff6c9e14ae30b31,0.0,GCAGTTGCCAGGGGCCGAGGGGAGGGGAAAATGGAGAGTTGATTTGTACAGAGTTTCAGTTTTGCAAGATGAGGGAGTTCTGAGGACTGGCTGCACAGCAATGTTGTAACCACATTACACCAATCTGGTTCAACTTCTATGTAGCAAAGTTGTGAGTTGTTTTTCAGTGGTCATGGCCCTGCAGGTTGGAGGGGGCAATG,e462cc6c94014680ea24912964cf06f4c5081d01411434328cbc58eb8bceb2ea,-0.0601832786307631,GCAGTTGCCAGGGGCCGAGGGGAGGGGAAAATGGAGAGTTGATTTGTACAGAGTTTCAGTTTTGCAAGATGAGGGAGTTCTGAGGACTGGCTGCACAGCGATGTTATAACCACATTACACCAATCTGGTTCAACTTCTATGTAGCAAAGTTGTGAGTTGTTTTTCAGTGGTCATGGCCCTGCAGGTTGGAGGGGGCAATG,01b23abd18ce11c283366dfea6312ad7f4084c4810b10e17f3eeb8cb9fc7e6e4,-0.424634607906196,GCAGTTGCCAGGGGCCGAGGGGAGGGGAAAATGGAGAGTTGATTTGTACAGAGTTTCAGTTTTGCAAGATGAGGGAGTTCTGAGGACTGGCTGCACAGCAATGTTATAACCACATTACACCAATCTGGTTCAACTTCTATGTAGCAAAGTTGTGAGTTGTTTTTCAGTGGTCATGGCCCTGCAGGTTGGAGGGGGCAATG,51ae748b1bc65305749af8ee5c2e99b50f807ae59c2c829719839b7c1b862850,-0.268462806387857,0.2163550801491021,0.218265319645475,-258.72572153806686,-253.0971196293831,-257.4397972673178,-255.56589728593823,-3.7547019273042395,-1.0,-0.2163550801491021,0.0,1,0.17854497623391805,0.18216460459877223,0.1501433469024087,0.21313366903776487,1.0
chr7:128742164:A:G;chr7:128742208:C:T;var1;middle;OL28|K562|bd4887f56174651c,chr7:128742164:A:G;chr7:128742208:C:T;var1;middle;OL28,K562,K562_region_02010,100,144,44,AACATGCCTCTTGGCATGTTAGAAGTAGAAGACAAGAGGAATTAGGGGATGACAACTCATGATCCACTCCAAGGGTCTATGTTTATAGACACTCTAAAGACACAAAACTCATCATGTCCAGCTCAGTTGGGTAGGTGATGGCTCAGTACCCACTGCATCAAGACAATCTGAGGGCAGATTTCTTTTTTTTTTTTTTTTTT,3474132f4ed9e41b492186af728e398da4cbcbd5f78ce631ef86abcf023bb242,0.0,AACATGCCTCTTGGCATGTTAGAAGTAGAAGACAAGAGGAATTAGGGGATGACAACTCATGATCCACTCCAAGGGTCTATGTTTATAGACACTCTAAAGGCACAAAACTCATCATGTCCAGCTCAGTTGGGTAGGTGATGGCTCAGTACCCACTGCATCAAGACAATCTGAGGGCAGATTTCTTTTTTTTTTTTTTTTTT,871e427b62b3d6f0dd17be955711f0c6da0250c4d4d5332d59a2259bf2c71cfd,0.151599997556635,AACATGCCTCTTGGCATGTTAGAAGTAGAAGACAAGAGGAATTAGGGGATGACAACTCATGATCCACTCCAAGGGTCTATGTTTATAGACACTCTAAAGACACAAAACTCATCATGTCCAGCTCAGTTGGGTAGGTGATGGCTTAGTACCCACTGCATCAAGACAATCTGAGGGCAGATTTCTTTTTTTTTTTTTTTTTT,12e1db39f266dc881d7376f6789f6180a27ff0133c415ec4962deca0e56c916b,0.18444156195677,AACATGCCTCTTGGCATGTTAGAAGTAGAAGACAAGAGGAATTAGGGGATGACAACTCATGATCCACTCCAAGGGTCTATGTTTATAGACACTCTAAAGGCACAAAACTCATCATGTCCAGCTCAGTTGGGTAGGTGATGGCTTAGTACCCACTGCATCAAGACAATCTGAGGGCAGATTTCTTTTTTTTTTTTTTTTTT,bd4887f56174651cabe1b6a36278569b23f7d0b354475be32963050a9ca0d99d,0.0988466941687897,0.2371948653446152,0.12741297247061,-239.660622545518,-243.79649717453867,-240.0171439643018,-240.6779721044004,-3.475046488922061,1.0,0.2371948653446152,0.0,1,0.17882950882665927,0.18216460459877223,0.1501433469024087,-0.003306067789891065,1.0
chr7:129142694:C:G;chr7:129142775:G:A;var1;middle;OL41|K562|2f9974852907e5df,chr7:129142694:C:G;chr7:129142775:G:A;var1;middle;OL41,K562,K562_region_02011,100,181,81,GCCCCGGTGGATGCTAAGGGCTTCGGGATCGGGAGAGTCCACCACGCCTGCCTGCTCGGCTGAGAATCGCCATGGTAATCCCCGTCTCCCTAAAGTACCCGGGGCCAGGGCGCGCGCCGTGGAGCCCCAGGCTGTCCCGGAGAGGCGCGGGCGCCGAGGTCACCGCCTCTCCCTGGGGTCGACCTCAACGCGTGGCGAAA,8ee6dbd06973183998a0054b4f8c8c43fde50393cd8d508e8e0f2759b0eb3d56,0.0,GCCCCGGTGGATGCTAAGGGCTTCGGGATCGGGAGAGTCCACCACGCCTGCCTGCTCGGCTGAGAATCGCCATGGTAATCCCCGTCTCCCTAAAGTACCGGGGGCCAGGGCGCGCGCCGTGGAGCCCCAGGCTGTCCCGGAGAGGCGCGGGCGCCGAGGTCACCGCCTCTCCCTGGGGTCGACCTCAACGCGTGGCGAAA,8e0eb0cbd7e58257e88c2aab216a4b11a569beec533dd5bf62ad2b204fbc742d,-0.122435858629339,GCCCCGGTGGATGCTAAGGGCTTCGGGATCGGGAGAGTCCACCACGCCTGCCTGCTCGGCTGAGAATCGCCATGGTAATCCCCGTCTCCCTAAAGTACCCGGGGCCAGGGCGCGCGCCGTGGAGCCCCAGGCTGTCCCGGAGAGGCGCGGGCGCCGAGGTCACCGCCTCTCCCTGGGGTCAACCTCAACGCGTGGCGAAA,ee8dfeb7047782483c3d1dff436cc968930855aaee29482c20f1a14763c3e627,0.592123264079378,GCCCCGGTGGATGCTAAGGGCTTCGGGATCGGGAGAGTCCACCACGCCTGCCTGCTCGGCTGAGAATCGCCATGGTAATCCCCGTCTCCCTAAAGTACCGGGGGCCAGGGCGCGCGCCGTGGAGCCCCAGGCTGTCCCGGAGAGGCGCGGGCGCCGAGGTCACCGCCTCTCCCTGGGGTCAACCTCAACGCGTGGCGAAA,2f9974852907e5df1a2ca4eedcd7b60982076ad3cb1f09fab834fe71fa705a05,0.39477204956825,-0.0749153558817889,0.353084234221413,-267.2859372496605,-270.2273854315281,-266.57101829349995,-270.4984607100487,-0.9859942346811295,-1.0,0.0749153558817889,0.0,4,0.17497727386348647,0.17620727786206916,0.145609630836647,0.07056762448396163,1.0
chr7:1298448:C:T;chr7:1298537:G:A;var1;middle;OL28|K562|d61b08146fb11783,chr7:1298448:C:T;chr7:1298537:G:A;var1;middle;OL28,K562,K562_region_01906,100,189,89,CTGAGAGTTCAAGACCAGTCTGGACAACTTTGTGAGACTCCCATCTCTACAAAAAAACATTATTTTTTTTTGAGGTGGAGTCTCACTCTGTCACCCAGGCTGGAGTGCAGTGGCACGATCTTGGCTCACTGCAACCTCTGCCTCCTGGGCTGAAGCGATTCTCCTGCCTCAGCCTCCCAAGTAGTTGGGACTATGGGCAT,45ecea02d19fbc909ed0318bf8697bd8d6b3b7148447c62bbc1e39356a1b382f,0.0,CTGAGAGTTCAAGACCAGTCTGGACAACTTTGTGAGACTCCCATCTCTACAAAAAAACATTATTTTTTTTTGAGGTGGAGTCTCACTCTGTCACCCAGGTTGGAGTGCAGTGGCACGATCTTGGCTCACTGCAACCTCTGCCTCCTGGGCTGAAGCGATTCTCCTGCCTCAGCCTCCCAAGTAGTTGGGACTATGGGCAT,c3e504d228cbd37492c5d0fb565dc8af59906f75db644c0a1d66814177072b29,0.114067558773767,CTGAGAGTTCAAGACCAGTCTGGACAACTTTGTGAGACTCCCATCTCTACAAAAAAACATTATTTTTTTTTGAGGTGGAGTCTCACTCTGTCACCCAGGCTGGAGTGCAGTGGCACGATCTTGGCTCACTGCAACCTCTGCCTCCTGGGCTGAAGCGATTCTCCTGCCTCAGCCTCCCAAGTAGTTGGAACTATGGGCAT,99145bcf19726b7a70ac456b7bdf5b342bd1137191281cbd29c4fd8157d0babe,0.0468123892341995,CTGAGAGTTCAAGACCAGTCTGGACAACTTTGTGAGACTCCCATCTCTACAAAAAAACATTATTTTTTTTTGAGGTGGAGTCTCACTCTGTCACCCAGGTTGGAGTGCAGTGGCACGATCTTGGCTCACTGCAACCTCTGCCTCCTGGGCTGAAGCGATTCTCCTGCCTCAGCCTCCCAAGTAGTTGGAACTATGGGCAT,d61b08146fb1178391a7c4e7cf0d2eba9085589ae356d742ed705f8771bb3584,0.255129124784279,-0.0942491767763125,0.221319430522737,-78.61805799137801,-81.69419349264354,-81.20123921521008,-84.2455533221364,-0.031821394339203835,1.0,-0.0942491767763125,0.0,1,0.18233278331765781,0.18216460459877223,0.1501433469024087,0.1764492616575877,1.0
chr7:130126780:G:A;chr7:130126860:G:A;var1;middle;OL41|K562|110b5d9914d2e718,chr7:130126780:G:A;chr7:130126860:G:A;var1;middle;OL41,K562,K562_region_02012,100,180,80,TCGCAGGCACACGGGTGTGACCGAGTGGTAGAGGGCGTGGCTGTTCCGGGTCGGAGCTGCAGGTGTCGGTCCAGGTCCAGGCGCTGGGGTCACCAGGGCGGAGAGCGGCAGTGGTGGCGCGGCTGGGGGCCTGGTTCAGGGAGGGGGACAGCTGAAGAAGGTGTGAGGTGAGGAGAGCAGTCGAGGAAAACGGAAGCACC,be68fcb7ab57723e2ec63f2ba3da99a7cfa5ad32bf351981f9c85fee0449247a,0.0,TCGCAGGCACACGGGTGTGACCGAGTGGTAGAGGGCGTGGCTGTTCCGGGTCGGAGCTGCAGGTGTCGGTCCAGGTCCAGGCGCTGGGGTCACCAGGGCAGAGAGCGGCAGTGGTGGCGCGGCTGGGGGCCTGGTTCAGGGAGGGGGACAGCTGAAGAAGGTGTGAGGTGAGGAGAGCAGTCGAGGAAAACGGAAGCACC,d1d79fdeb860b4deec212d0bb53055af73d3f6fd1f0ab4682dff054a9880d603,-0.276704169891872,TCGCAGGCACACGGGTGTGACCGAGTGGTAGAGGGCGTGGCTGTTCCGGGTCGGAGCTGCAGGTGTCGGTCCAGGTCCAGGCGCTGGGGTCACCAGGGCGGAGAGCGGCAGTGGTGGCGCGGCTGGGGGCCTGGTTCAGGGAGGGGGACAGCTGAAGAAGGTGTGAGGTGAGGAGAGCAATCGAGGAAAACGGAAGCACC,05846e61cc973f0ec5cf5eda992e9df7dd2c733f38650a299ae8253602784b17,0.0023679955986942,TCGCAGGCACACGGGTGTGACCGAGTGGTAGAGGGCGTGGCTGTTCCGGGTCGGAGCTGCAGGTGTCGGTCCAGGTCCAGGCGCTGGGGTCACCAGGGCAGAGAGCGGCAGTGGTGGCGCGGCTGGGGGCCTGGTTCAGGGAGGGGGACAGCTGAAGAAGGTGTGAGGTGAGGAGAGCAATCGAGGAAAACGGAAGCACC,110b5d9914d2e718bc4a28434924472da3e36b8762b0f3be208689613d143a96,0.0704315195359156,0.3447676938290934,0.314663266942418,-246.82097118347883,-244.6546763405204,-251.29595819860697,-248.78542021662,0.3442431390285208,-1.0,-0.3447676938290934,0.0,1,0.18271540636742276,0.18216460459877223,0.1501433469024087,0.1887977848430734,1.0
chr7:130430930:C:T;chr7:130430969:C:T;var1;middle;OL31|K562|1dc9278d94567051,chr7:130430930:C:T;chr7:130430969:C:T;var1;middle;OL31,K562,K562_region_02013,100,139,39,GAGGATCACCTGAGGTCAGGAGTTTGAGACCAGCTTGGCCAACATGGTGAAACCCTGTCTCTACTAAAAATACAAAAATTAGCGAGGTGTGGTGGCAGGCGCCTGTAATCCCTGCTAGGGAGGCTGAGGCAGGAGAATCGCTTAAACCTGGGAGGCAGAGATTGCAGTGAGCCAAGACCATGTCATTGCACTCCAGCCTG,692a10a5428baa0faa4998ca647e538b995b6f744ef45cc3e58fde11dfd65471,0.0,GAGGATCACCTGAGGTCAGGAGTTTGAGACCAGCTTGGCCAACATGGTGAAACCCTGTCTCTACTAAAAATACAAAAATTAGCGAGGTGTGGTGGCAGGTGCCTGTAATCCCTGCTAGGGAGGCTGAGGCAGGAGAATCGCTTAAACCTGGGAGGCAGAGATTGCAGTGAGCCAAGACCATGTCATTGCACTCCAGCCTG,65c355b5eeeeb44be80b1b45fb7aa52f9f97e8eed772b71c3a836ea1352bb572,-0.0560689965218301,GAGGATCACCTGAGGTCAGGAGTTTGAGACCAGCTTGGCCAACATGGTGAAACCCTGTCTCTACTAAAAATACAAAAATTAGCGAGGTGTGGTGGCAGGCGCCTGTAATCCCTGCTAGGGAGGCTGAGGCAGGAGAATTGCTTAAACCTGGGAGGCAGAGATTGCAGTGAGCCAAGACCATGTCATTGCACTCCAGCCTG,ffef1eeafd5619ec8359ee0efb66e47ed711b9f020a7d10535a29c84ac52b130,-0.0476236868333394,GAGGATCACCTGAGGTCAGGAGTTTGAGACCAGCTTGGCCAACATGGTGAAACCCTGTCTCTACTAAAAATACAAAAATTAGCGAGGTGTGGTGGCAGGTGCCTGTAATCCCTGCTAGGGAGGCTGAGGCAGGAGAATTGCTTAAACCTGGGAGGCAGAGATTGCAGTGAGCCAAGACCATGTCATTGCACTCCAGCCTG,1dc9278d94567051260a2e549c9bc7afe284485cb746f72c71e7275cfe113907,-0.396524083954255,0.2928314005990854,0.22877024478725,-61.89783930778504,-59.57524332823232,-60.64030608767644,-57.98708028206602,-0.3306298260576952,1.0,0.2928314005990854,0.0,0,0.18535139696440806,0.18565657667894103,0.15145376406925343,0.15903225766056972,1.0
chr7:130432469:G:A;chr7:130432538:A:T;var1;middle;OL31|K562|8ae0eb245c76b637,chr7:130432469:G:A;chr7:130432538:A:T;var1;middle;OL31,K562,K562_region_02014,100,169,69,GAGTAACATTTTTCTAGCAGGTATTAAAGCATATCATAAAGCTTTAGTAATTGATTCAGTGTGGTATTGTCATAGAAATAGACCAGTAAATTGATGGAAGAAAGAGGTGATTTAGAAACAGCCATTTATATGTGAGAGTTCAGTATATGATAAAGGTGACATTTCAAAAGAGTGGGGGAAATGATAGACAATTTATTAAA,53bbf434c20b3811f9d8c8ef32db745119411c374868eca30db936436f10bd34,0.0,GAGTAACATTTTTCTAGCAGGTATTAAAGCATATCATAAAGCTTTAGTAATTGATTCAGTGTGGTATTGTCATAGAAATAGACCAGTAAATTGATGGAAAAAAGAGGTGATTTAGAAACAGCCATTTATATGTGAGAGTTCAGTATATGATAAAGGTGACATTTCAAAAGAGTGGGGGAAATGATAGACAATTTATTAAA,7f03c3f3747cb54f011c0378088fe1ba86320c926b61e4758c637d06baa76e81,0.15664321161699,GAGTAACATTTTTCTAGCAGGTATTAAAGCATATCATAAAGCTTTAGTAATTGATTCAGTGTGGTATTGTCATAGAAATAGACCAGTAAATTGATGGAAGAAAGAGGTGATTTAGAAACAGCCATTTATATGTGAGAGTTCAGTATATGATAAAGGTGACATTTCAAATGAGTGGGGGAAATGATAGACAATTTATTAAA,87b04495a20f7f3755ba173e27ef7670f4e788b24218785ef7b55f2a06b57b6d,0.116690490537518,GAGTAACATTTTTCTAGCAGGTATTAAAGCATATCATAAAGCTTTAGTAATTGATTCAGTGTGGTATTGTCATAGAAATAGACCAGTAAATTGATGGAAAAAAGAGGTGATTTAGAAACAGCCATTTATATGTGAGAGTTCAGTATATGATAAAGGTGACATTTCAAATGAGTGGGGGAAATGATAGACAATTTATTAAA,8ae0eb245c76b637f62aef0878ced3707a688e2c4c221da8f537f90c302a6c33,-0.0173709624210055,0.2907046645755134,0.308750022296906,-255.3777651786804,-257.87085731327534,-256.11713129282,-256.7775495648384,-1.8326738625764847,1.0,0.2907046645755134,0.0,3,0.17778165076919863,0.18106719778262317,0.1474303780702046,0.25804097685339683,1.0
chr7:130566755:T:C;chr7:130566795:T:C;var1;middle;OL41|K562|4c66fa137ff431eb,chr7:130566755:T:C;chr7:130566795:T:C;var1;middle;OL41,K562,K562_region_02015,100,140,40,TTTGGGACATTGGACACAATAGTCCTAAGCTGAGTATTCAGGCCGGACTATGGGTGCAACTGGTACTGCCCTGACGAGGGGCCACACAGCTCTAAGTCCTTCTTTGTTGCCCCATGTGCCTTGAATGGATGTTTTCTTATAGGAAGCGGATGAACAAGTTAACACAGGATCTGGCTGGGCTGCTTACTAACTATGTGATC,0b3acac29cddce367b37a9130f361bce134e2bfa53f30d9b4a3e37cbc4cf3f3b,0.0,TTTGGGACATTGGACACAATAGTCCTAAGCTGAGTATTCAGGCCGGACTATGGGTGCAACTGGTACTGCCCTGACGAGGGGCCACACAGCTCTAAGTCCCTCTTTGTTGCCCCATGTGCCTTGAATGGATGTTTTCTTATAGGAAGCGGATGAACAAGTTAACACAGGATCTGGCTGGGCTGCTTACTAACTATGTGATC,81c827ca5ae5f745cc802ed3f9e19480c47b18a9cceb4a56d1bc10f39763872b,0.0823176271231455,TTTGGGACATTGGACACAATAGTCCTAAGCTGAGTATTCAGGCCGGACTATGGGTGCAACTGGTACTGCCCTGACGAGGGGCCACACAGCTCTAAGTCCTTCTTTGTTGCCCCATGTGCCTTGAATGGATGTTTTCTTACAGGAAGCGGATGAACAAGTTAACACAGGATCTGGCTGGGCTGCTTACTAACTATGTGATC,f90721de918993637d95833ab8c9901e420ffe24330f172ba88dc66ad89c780c,0.229634772932124,TTTGGGACATTGGACACAATAGTCCTAAGCTGAGTATTCAGGCCGGACTATGGGTGCAACTGGTACTGCCCTGACGAGGGGCCACACAGCTCTAAGTCCCTCTTTGTTGCCCCATGTGCCTTGAATGGATGTTTTCTTACAGGAAGCGGATGAACAAGTTAACACAGGATCTGGCTGGGCTGCTTACTAACTATGTGATC,4c66fa137ff431ebcbad46f9c5b4e05cdd92f682ca90e6bf23977f78503eb69c,0.341699330876623,-0.0297469308213535,0.194815290178926,-343.8378512468189,-335.37681617680937,-333.96425100415945,-327.49576916359365,1.992553229443729,1.0,-0.0297469308213535,0.0,2,0.17809578697368508,0.17490732828716207,0.146091925319964,0.13359638459186776,1.0
chr7:130585492:T:C;chr7:130585553:T:G;var1;middle;OL29|K562|47ee1a1d4c1d7808,chr7:130585492:T:C;chr7:130585553:T:G;var1;middle;OL29,K562,K562_region_02016,100,161,61,GCTCATCCCTTAGCTGAGACCTTGGAAATCACCTCCTCAGGGGACCACTGGGAAGAAGGTCCTTTTCATCTGAGTGCCTTCCCCTCAGGGCATGATTTTTCTTGGGCCATTTTTTTTGGTATGTGTTTACTTAGGTTCCATGATGACAGAGACCATGCCTTTGTTTTCATCACTATCGTCTTCACCTCACTGCCAACCAG,933881ef32ea9942b16b5caf075a31a442c4552b22dea24bc4ad3f9a2168c36d,0.0,GCTCATCCCTTAGCTGAGACCTTGGAAATCACCTCCTCAGGGGACCACTGGGAAGAAGGTCCTTTTCATCTGAGTGCCTTCCCCTCAGGGCATGATTTTCCTTGGGCCATTTTTTTTGGTATGTGTTTACTTAGGTTCCATGATGACAGAGACCATGCCTTTGTTTTCATCACTATCGTCTTCACCTCACTGCCAACCAG,85532fe52aad4ba39caa6dd4bc3aaa9168ef560080dd2d3aed9ff32509636e54,1.09089902195114,GCTCATCCCTTAGCTGAGACCTTGGAAATCACCTCCTCAGGGGACCACTGGGAAGAAGGTCCTTTTCATCTGAGTGCCTTCCCCTCAGGGCATGATTTTTCTTGGGCCATTTTTTTTGGTATGTGTTTACTTAGGTTCCATGATGACAGAGACCATGCCTGTGTTTTCATCACTATCGTCTTCACCTCACTGCCAACCAG,972878c3aae67d2fe8b461b7304c1fa0acd68827111a6de6ecd0a2bf980da6e6,0.177656789144809,GCTCATCCCTTAGCTGAGACCTTGGAAATCACCTCCTCAGGGGACCACTGGGAAGAAGGTCCTTTTCATCTGAGTGCCTTCCCCTCAGGGCATGATTTTCCTTGGGCCATTTTTTTTGGTATGTGTTTACTTAGGTTCCATGATGACAGAGACCATGCCTGTGTTTTCATCACTATCGTCTTCACCTCACTGCCAACCAG,47ee1a1d4c1d7808edd7adb2991a81bee5e7abe21e6be23438a18c9afb5ab089,0.240045181317557,1.028510629778392,0.141239580740601,-332.82457280065864,-329.5132425269112,-339.50186657812446,-336.0049088066444,-0.1856274977326393,1.0,1.028510629778392,0.0,4,0.17596925745596573,0.17620727786206916,0.145609630836647,-0.011575762834145936,1.0
chr7:130585553:T:G;chr7:130585623:T:G;var1;middle;OL29|K562|d6e7472393c6d846,chr7:130585553:T:G;chr7:130585623:T:G;var1;middle;OL29,K562,K562_region_02016,100,170,70,CTTTTCATCTGAGTGCCTTCCCCTCAGGGCATGATTTTTCTTGGGCCATTTTTTTTGGTATGTGTTTACTTAGGTTCCATGATGACAGAGACCATGCCTTTGTTTTCATCACTATCGTCTTCACCTCACTGCCAACCAGTGCCTGGCACACAGTAGGTGTTCAAGAAAGTTTTGCTGAATAAATGGATGAACAATGACAT,c9d70585bf72c6ce23afe41d1450b6cfc3baf7ab3ff7029f009846b4ba947f7f,0.0,CTTTTCATCTGAGTGCCTTCCCCTCAGGGCATGATTTTTCTTGGGCCATTTTTTTTGGTATGTGTTTACTTAGGTTCCATGATGACAGAGACCATGCCTGTGTTTTCATCACTATCGTCTTCACCTCACTGCCAACCAGTGCCTGGCACACAGTAGGTGTTCAAGAAAGTTTTGCTGAATAAATGGATGAACAATGACAT,3071fdd2a57a7a65526237103ac56a05954154285aea527ea43037566f45a455,-0.0161376494846513,CTTTTCATCTGAGTGCCTTCCCCTCAGGGCATGATTTTTCTTGGGCCATTTTTTTTGGTATGTGTTTACTTAGGTTCCATGATGACAGAGACCATGCCTTTGTTTTCATCACTATCGTCTTCACCTCACTGCCAACCAGTGCCTGGCACACAGTAGGTGTTCAAGAAAGGTTTGCTGAATAAATGGATGAACAATGACAT,d215516462fc467ed86f37dce3962c061984fce4ce8f0044dda37b097a7e6017,-0.109566306407711,CTTTTCATCTGAGTGCCTTCCCCTCAGGGCATGATTTTTCTTGGGCCATTTTTTTTGGTATGTGTTTACTTAGGTTCCATGATGACAGAGACCATGCCTGTGTTTTCATCACTATCGTCTTCACCTCACTGCCAACCAGTGCCTGGCACACAGTAGGTGTTCAAGAAAGGTTTGCTGAATAAATGGATGAACAATGACAT,d6e7472393c6d846aef441364b371aba90a7374ce4eb41b0e499181bcc8315f8,0.0161891500365414,0.1418931059289037,0.138477674218951,-224.6843043146655,-201.86738622188568,-205.8282093312592,-200.18053042516112,-17.16923918668175,-1.0,-0.1418931059289037,0.0,4,0.154919576904885,0.17620727786206916,0.145609630836647,-0.04930390206082522,1.0
chr7:134388240:T:G;chr7:134388255:A:G;var1;middle;OL28|K562|bbb369cc0c71f8e6,chr7:134388240:T:G;chr7:134388255:A:G;var1;middle;OL28,K562,K562_region_02017,100,115,15,GTCAATGACCTATAAAACCTTAGGCTGTATCAGCTTGGGTGGACTAAGTGATTACCATGTCTCCCTAGAAGCTAGTCTGGAAGCCATCCGCAGGGGAATTTGAACTAATGAACCAGGGCCACTGGGGATGGGACCCAGGAATCTGGATTTTAACCAGCATCTCAGCTGACTCTTAGGCTTCAGGTTTAGAACCACTGATG,1f5c99dce79faa2cbea62b85f546b8d4bc07219b53026db433f519b481779907,0.0,GTCAATGACCTATAAAACCTTAGGCTGTATCAGCTTGGGTGGACTAAGTGATTACCATGTCTCCCTAGAAGCTAGTCTGGAAGCCATCCGCAGGGGAATGTGAACTAATGAACCAGGGCCACTGGGGATGGGACCCAGGAATCTGGATTTTAACCAGCATCTCAGCTGACTCTTAGGCTTCAGGTTTAGAACCACTGATG,9c35f19260633c39ff6ed84ca1bb528817bd4e8db813aad4d5e4b6e0a82bc9df,0.0230935745912212,GTCAATGACCTATAAAACCTTAGGCTGTATCAGCTTGGGTGGACTAAGTGATTACCATGTCTCCCTAGAAGCTAGTCTGGAAGCCATCCGCAGGGGAATTTGAACTAATGAACCGGGGCCACTGGGGATGGGACCCAGGAATCTGGATTTTAACCAGCATCTCAGCTGACTCTTAGGCTTCAGGTTTAGAACCACTGATG,30ae55a8489cece27e54e38a3dcdb65b3839fedd8126b9624e7b424995c40509,0.183511238026447,GTCAATGACCTATAAAACCTTAGGCTGTATCAGCTTGGGTGGACTAAGTGATTACCATGTCTCCCTAGAAGCTAGTCTGGAAGCCATCCGCAGGGGAATGTGAACTAATGAACCGGGGCCACTGGGGATGGGACCCAGGAATCTGGATTTTAACCAGCATCTCAGCTGACTCTTAGGCTTCAGGTTTAGAACCACTGATG,bbb369cc0c71f8e6266317b87855b5a487496615cae11629b04d1255065bc03b,0.156513620469025,0.0500911921486431,0.13475531711624,-346.1652363163885,-339.85990503407083,-356.54016507184133,-350.6921109082177,0.4572771186940372,1.0,0.0500911921486431,0.0,1,0.1828304116449462,0.18216460459877223,0.1501433469024087,0.03827495555830887,1.0
chr7:134845415:C:T;chr7:134845432:G:A;var1;middle;OL41|K562|9631241938fd7b22,chr7:134845415:C:T;chr7:134845432:G:A;var1;middle;OL41,K562,K562_region_02018,100,117,17,TGTCCATAGTTCAACAGAAAGCATGGATGGGCCATGCCAGCACTGTGCTGAGCATGCATACGACATTAAACACAACCCTCCCTCAGGCAGCTCTGCTGTCCTAAGATGTGTAACCAGGATTCGTACATGAAAGAACTCAGGGAGCCTATGTAGCATTTTCATTCGCTCATTTAAAAAAAAAAAACAAAAAAAAGAGCCCC,b71ef311e049a4c5047722db945e71a021f3f9c5f7e0528ae33faffc00308836,0.0,TGTCCATAGTTCAACAGAAAGCATGGATGGGCCATGCCAGCACTGTGCTGAGCATGCATACGACATTAAACACAACCCTCCCTCAGGCAGCTCTGCTGTTCTAAGATGTGTAACCAGGATTCGTACATGAAAGAACTCAGGGAGCCTATGTAGCATTTTCATTCGCTCATTTAAAAAAAAAAAACAAAAAAAAGAGCCCC,f07e596d9e78b6ced2579301406eb3a96a985b2be1a26c9f3617eeaf83c2aa49,-0.0962067327575141,TGTCCATAGTTCAACAGAAAGCATGGATGGGCCATGCCAGCACTGTGCTGAGCATGCATACGACATTAAACACAACCCTCCCTCAGGCAGCTCTGCTGTCCTAAGATGTGTAACCAAGATTCGTACATGAAAGAACTCAGGGAGCCTATGTAGCATTTTCATTCGCTCATTTAAAAAAAAAAAACAAAAAAAAGAGCCCC,fac0d4d37c7179380ab2a1f9b9a15051531249908c7c53508245289ea7c6d09d,-0.0257656266429637,TGTCCATAGTTCAACAGAAAGCATGGATGGGCCATGCCAGCACTGTGCTGAGCATGCATACGACATTAAACACAACCCTCCCTCAGGCAGCTCTGCTGTTCTAAGATGTGTAACCAAGATTCGTACATGAAAGAACTCAGGGAGCCTATGTAGCATTTTCATTCGCTCATTTAAAAAAAAAAAACAAAAAAAAGAGCCCC,9631241938fd7b22df73fac30c66e4aef509e0d4b08c00e2b0bdbd53be480a92,0.0579374407926128,0.1799098001930906,0.351250711753995,-325.4891978739761,-327.9531378387473,-333.95498562278226,-334.6756270918995,1.7432984956540167,-1.0,-0.1799098001930906,0.0,3,0.184984322125914,0.18106719778262317,0.1474303780702046,0.17082255726952755,1.0
chr7:136638373:A:G;chr7:136638395:A:T;var1;middle;OL41|K562|7dab923027ab146e,chr7:136638373:A:G;chr7:136638395:A:T;var1;middle;OL41,K562,K562_region_02019,100,122,22,GGACATTAAGTTATGCCACATGCCAAATTACTCATTCAACAAACATTCACTGAATGCCTGTTACGTGCATTCTACTGACAGGCAGTGAAGATGAAAAAGATGGATGTGACTTTTTCCTCCGAGAGCTCATAGACAGTGGCTGAAACAGACATGCAAACCAAAAATTTCTTATGCAGAGCAGGCATCCTATGCCTTAAAAT,e2b9572bc14caff3d01fc696d466ae7ea6f8cb4038ed1eebcc22eefdd832ebdc,0.0,GGACATTAAGTTATGCCACATGCCAAATTACTCATTCAACAAACATTCACTGAATGCCTGTTACGTGCATTCTACTGACAGGCAGTGAAGATGAAAAAGGTGGATGTGACTTTTTCCTCCGAGAGCTCATAGACAGTGGCTGAAACAGACATGCAAACCAAAAATTTCTTATGCAGAGCAGGCATCCTATGCCTTAAAAT,4a144d764a6299d5c8237acc88f8fadf9e857e6e8692e6336933ccad9f79eb3c,0.079772065966731,GGACATTAAGTTATGCCACATGCCAAATTACTCATTCAACAAACATTCACTGAATGCCTGTTACGTGCATTCTACTGACAGGCAGTGAAGATGAAAAAGATGGATGTGACTTTTTCCTCCGTGAGCTCATAGACAGTGGCTGAAACAGACATGCAAACCAAAAATTTCTTATGCAGAGCAGGCATCCTATGCCTTAAAAT,a8b721cabbe6f4bbc5430263510bdbd5b965a095cfd493fd09bdc764cf8e6ef8,-0.0042257989450408,GGACATTAAGTTATGCCACATGCCAAATTACTCATTCAACAAACATTCACTGAATGCCTGTTACGTGCATTCTACTGACAGGCAGTGAAGATGAAAAAGGTGGATGTGACTTTTTCCTCCGTGAGCTCATAGACAGTGGCTGAAACAGACATGCAAACCAAAAATTTCTTATGCAGAGCAGGCATCCTATGCCTTAAAAT,7dab923027ab146eae64835cb80e6105ac908117c5ec17f8c0eb0daa6afb83ca,0.426835304051602,0.3512890370299118,0.508986068508186,-286.9006004994735,-269.9523508409038,-249.0968906264752,-238.3942656815052,-6.245624713599682,-1.0,-0.3512890370299118,0.0,3,0.16889314954236428,0.18106719778262317,0.1474303780702046,0.2502606865550227,1.0
chr7:137879380:T:C;chr7:137879428:A:G;var1;middle;OL28|K562|be69937ee54440d6,chr7:137879380:T:C;chr7:137879428:A:G;var1;middle;OL28,K562,K562_region_02020,100,148,48,CTGGGATTACAGGCACCCACCACCATGCCCAGCTAATTTTTGTATTTTTAGTAGAGATAGGGTTTCACCATGTCGGCCAGGCTGGTCTCCAACTCCTGATCTCAGGTGATCCACCCTCCTCTGCCTCCGGAAGTGCTGGGATTACAGAGATGAGCCACCACGCCCAGCCTGTTAAGCAGTTTTGAGAAAGGTTTACTTGT,dae6d1337cd410f8f144e1529aac9abc2a8b054260b09abcb514d50f7a2e9ebf,0.0,CTGGGATTACAGGCACCCACCACCATGCCCAGCTAATTTTTGTATTTTTAGTAGAGATAGGGTTTCACCATGTCGGCCAGGCTGGTCTCCAACTCCTGACCTCAGGTGATCCACCCTCCTCTGCCTCCGGAAGTGCTGGGATTACAGAGATGAGCCACCACGCCCAGCCTGTTAAGCAGTTTTGAGAAAGGTTTACTTGT,97162a68ae68e193c19950cbb296b3981ad676709ec371256920f1c3126e21a0,0.488875099941657,CTGGGATTACAGGCACCCACCACCATGCCCAGCTAATTTTTGTATTTTTAGTAGAGATAGGGTTTCACCATGTCGGCCAGGCTGGTCTCCAACTCCTGATCTCAGGTGATCCACCCTCCTCTGCCTCCGGAAGTGCTGGGATTACAGGGATGAGCCACCACGCCCAGCCTGTTAAGCAGTTTTGAGAAAGGTTTACTTGT,eb8c7137fadbd9b9281f28846d2bed516169dae294806adfc289df3c020579af,-0.615053050398873,CTGGGATTACAGGCACCCACCACCATGCCCAGCTAATTTTTGTATTTTTAGTAGAGATAGGGTTTCACCATGTCGGCCAGGCTGGTCTCCAACTCCTGACCTCAGGTGATCCACCCTCCTCTGCCTCCGGAAGTGCTGGGATTACAGGGATGAGCCACCACGCCCAGCCTGTTAAGCAGTTTTGAGAAAGGTTTACTTGT,be69937ee54440d6391bc502cb33c4e930b2199a101e8ea2c9af7c626f9be6c3,-0.215568063981829,-0.0893901135246129,0.174982441586393,-96.94050978822634,-93.81549632642418,-93.9191704611294,-90.7822453826666,0.011911616660640334,-1.0,0.0893901135246129,0.0,1,0.1823772790266637,0.18216460459877223,0.1501433469024087,0.1927868650531926,1.0
chr7:14799692:G:C;chr7:14799739:T:C;var1;middle;OL31|K562|fb8e3da42fb15a58,chr7:14799692:G:C;chr7:14799739:T:C;var1;middle;OL31,K562,K562_region_01923,100,147,47,ATGATTCGACTCACATCTGATTAGTCATTCGCTAATGACTAATAATGCTGAGCATCTTTTTATATGCCTATTGGTCGTTTGTATATTCTTTGGCAAAATGTCTATTCAAGTTCTTTGACCATTTTTTAATTGGACGGTTTGTCTTTTTGTTGTGGACATCCTCTGGGGGGTGTGTGTGTACGCACATTTGCTTGATGCCT,a91fbd0f023b8a92f1149e4313ef684572b9c6b85fcf489f4e6a7de07988870b,0.0,ATGATTCGACTCACATCTGATTAGTCATTCGCTAATGACTAATAATGCTGAGCATCTTTTTATATGCCTATTGGTCGTTTGTATATTCTTTGGCAAAATCTCTATTCAAGTTCTTTGACCATTTTTTAATTGGACGGTTTGTCTTTTTGTTGTGGACATCCTCTGGGGGGTGTGTGTGTACGCACATTTGCTTGATGCCT,dd4955b2f3c09ad1538c414e7106ab7269328442112e279e508369cf32dadf2b,0.0311984186336461,ATGATTCGACTCACATCTGATTAGTCATTCGCTAATGACTAATAATGCTGAGCATCTTTTTATATGCCTATTGGTCGTTTGTATATTCTTTGGCAAAATGTCTATTCAAGTTCTTTGACCATTTTTTAATTGGACGGTTTGTCTTTCTGTTGTGGACATCCTCTGGGGGGTGTGTGTGTACGCACATTTGCTTGATGCCT,bc450df65af639be4c955723e652c4d855f3be76b67e2ceff16c9838d8fc2338,0.0737713727011456,ATGATTCGACTCACATCTGATTAGTCATTCGCTAATGACTAATAATGCTGAGCATCTTTTTATATGCCTATTGGTCGTTTGTATATTCTTTGGCAAAATCTCTATTCAAGTTCTTTGACCATTTTTTAATTGGACGGTTTGTCTTTCTGTTGTGGACATCCTCTGGGGGGTGTGTGTGTACGCACATTTGCTTGATGCCT,fb8e3da42fb15a5867d5db7808699c6a13ffb4b958e2a09fdbd4f16d395e525c,0.0475087162123278,0.0574610751224639,0.156790165448044,-348.5353874660796,-356.49398506234866,-355.15657112025656,-365.3665290856734,2.2513603691477897,1.0,0.0574610751224639,0.0,1,0.1846557834732158,0.18216460459877223,0.1501433469024087,0.07135282953907829,1.0
chr7:148990858:C:T;chr7:148990933:G:A;var1;middle;OL41|K562|189f22a1d5bde4e5,chr7:148990858:C:T;chr7:148990933:G:A;var1;middle;OL41,K562,K562_region_02021,100,175,75,GTGGTGTCCTCCCATGCAGTTGCACGAAATCATTCTTTTATTCCTGATCCTGTTTCCTGTTTATTTCATGAACTTGTCTGTAGGCAGCATGGTGCTGGGCGCTGCAGGGGCTCATTAATGCATGAGACACAGATTCCACTCAGGAGAGAGAAGACGAACACAGACACAGTACACGGTGGGAAGGGGCACTTCCATGTCTG,0493636ebd5e2ab0f3e2d91ac41aa48dced0294b4676d53351b91e9b003304d3,0.0,GTGGTGTCCTCCCATGCAGTTGCACGAAATCATTCTTTTATTCCTGATCCTGTTTCCTGTTTATTTCATGAACTTGTCTGTAGGCAGCATGGTGCTGGGTGCTGCAGGGGCTCATTAATGCATGAGACACAGATTCCACTCAGGAGAGAGAAGACGAACACAGACACAGTACACGGTGGGAAGGGGCACTTCCATGTCTG,13b62da57676d74f7bc283d3028a87458426ae4750666e9af6dbe57b69f7141c,0.0740764668131444,GTGGTGTCCTCCCATGCAGTTGCACGAAATCATTCTTTTATTCCTGATCCTGTTTCCTGTTTATTTCATGAACTTGTCTGTAGGCAGCATGGTGCTGGGCGCTGCAGGGGCTCATTAATGCATGAGACACAGATTCCACTCAGGAGAGAGAAGACGAACACAGACACAGTACACAGTGGGAAGGGGCACTTCCATGTCTG,e1fa03ffb0dd0fcbaa2e1096428d72a1265e0808266b9da45aa6d2bb978bb1c5,0.0335106340100829,GTGGTGTCCTCCCATGCAGTTGCACGAAATCATTCTTTTATTCCTGATCCTGTTTCCTGTTTATTTCATGAACTTGTCTGTAGGCAGCATGGTGCTGGGTGCTGCAGGGGCTCATTAATGCATGAGACACAGATTCCACTCAGGAGAGAGAAGACGAACACAGACACAGTACACAGTGGGAAGGGGCACTTCCATGTCTG,189f22a1d5bde4e5cbe77cb4db75d9abf1a1c1e0e749abe0018b78b2d3c1825d,0.0523780165147005,0.0552090843085268,0.251947902576623,-351.8565045930445,-355.5526342454832,-354.49011647398584,-358.5236942807678,0.3374481543432921,1.0,0.0552090843085268,0.0,0,0.186209468574932,0.18565657667894103,0.15145376406925343,0.25201677779274567,1.0
chr7:149568291:A:G;chr7:149568360:T:C;var1;middle;OL41|K562|7e3a4bd775f01bf2,chr7:149568291:A:G;chr7:149568360:T:C;var1;middle;OL41,K562,K562_region_02022,100,169,69,AAAGATGAACGATAGAGATGTCACCAACATCAGGACCCCACTCCCTGGGAGATGTCATGGAAACTTGTCAATCACACCCAAAGCACTCACTGAGGAGCCATGGCAGAGCAGTCGGTGGCGCCAATACCAACCAGAAGCCGCCAGGGCAGAGGGGAACCGTGAAGCCAGTGGAATGCACAGCTCCACCTCAGGGGACCGGG,72f2f6fc29f3dc72fba352063fc4e466be8e49f1fe74b83bdf485d877c7a91ec,0.0,AAAGATGAACGATAGAGATGTCACCAACATCAGGACCCCACTCCCTGGGAGATGTCATGGAAACTTGTCAATCACACCCAAAGCACTCACTGAGGAGCCGTGGCAGAGCAGTCGGTGGCGCCAATACCAACCAGAAGCCGCCAGGGCAGAGGGGAACCGTGAAGCCAGTGGAATGCACAGCTCCACCTCAGGGGACCGGG,9aa5a6172b1848797dd555882904e9bfbdaf404b1e06470fc063d269cbc402ef,-0.004541731334507,AAAGATGAACGATAGAGATGTCACCAACATCAGGACCCCACTCCCTGGGAGATGTCATGGAAACTTGTCAATCACACCCAAAGCACTCACTGAGGAGCCATGGCAGAGCAGTCGGTGGCGCCAATACCAACCAGAAGCCGCCAGGGCAGAGGGGAACCGTGAAGCCAGCGGAATGCACAGCTCCACCTCAGGGGACCGGG,5057af3804bf08ccdf83f56b6ff175c18a3426a255560fb8c234fd0127fc8f18,-0.155085183865244,AAAGATGAACGATAGAGATGTCACCAACATCAGGACCCCACTCCCTGGGAGATGTCATGGAAACTTGTCAATCACACCCAAAGCACTCACTGAGGAGCCGTGGCAGAGCAGTCGGTGGCGCCAATACCAACCAGAAGCCGCCAGGGCAGAGGGGAACCGTGAAGCCAGCGGAATGCACAGCTCCACCTCAGGGGACCGGG,7e3a4bd775f01bf23ddecc4cc4fe5ef417e14f9f5f4e16b603d944729089f52b,-0.643732303530441,0.4841053883306899,0.507558527633723,-394.6596763907,-398.3214555028826,-389.3835527976044,-393.41197173297405,0.36663982318708577,1.0,0.4841053883306899,0.0,4,0.17665374382418184,0.17620727786206916,0.145609630836647,0.09420647622184379,1.0
chr7:149575004:C:A;chr7:149575065:A:G;var1;middle;OL41|K562|2c39dcfb3a716fb4,chr7:149575004:C:A;chr7:149575065:A:G;var1;middle;OL41,K562,K562_region_02023,100,161,61,TAGAAAGGTGGGGTCATTCTAAGAAAATGTTACGCCTAGAAATTATATTTACAAAACATAAACTCGGAGAGAATGCTGATGTAAAGGAGGTAACAATTTCTGATGGCTTCCTGGGCGTTAGGTCCTCCTACCTACTGTGAGGGATTCAAAGAGGGAAAATACCGATCCTTCCTGCAGAAACAGACAAAGCAGTGTGGATG,0cd9e3371a36fd0e9cb114ba72b283f12770174e9ccb98dad4470837d6e2fd5e,0.0,TAGAAAGGTGGGGTCATTCTAAGAAAATGTTACGCCTAGAAATTATATTTACAAAACATAAACTCGGAGAGAATGCTGATGTAAAGGAGGTAACAATTTATGATGGCTTCCTGGGCGTTAGGTCCTCCTACCTACTGTGAGGGATTCAAAGAGGGAAAATACCGATCCTTCCTGCAGAAACAGACAAAGCAGTGTGGATG,3b77463bec39d3f365aeef90d78b094480635922f3edb4d424bac744c97a0770,0.110021450794732,TAGAAAGGTGGGGTCATTCTAAGAAAATGTTACGCCTAGAAATTATATTTACAAAACATAAACTCGGAGAGAATGCTGATGTAAAGGAGGTAACAATTTCTGATGGCTTCCTGGGCGTTAGGTCCTCCTACCTACTGTGAGGGATTCAAAGAGGGAAAATGCCGATCCTTCCTGCAGAAACAGACAAAGCAGTGTGGATG,faf0428d9fa3fcce2274af7650e559efa1e4e006a1622fb3b86304760c0b85d5,-0.0143753027503554,TAGAAAGGTGGGGTCATTCTAAGAAAATGTTACGCCTAGAAATTATATTTACAAAACATAAACTCGGAGAGAATGCTGATGTAAAGGAGGTAACAATTTATGATGGCTTCCTGGGCGTTAGGTCCTCCTACCTACTGTGAGGGATTCAAAGAGGGAAAATGCCGATCCTTCCTGCAGAAACAGACAAAGCAGTGTGGATG,2c39dcfb3a716fb4262ff7c463b5d5ea8dc4866e5a866713ff9b441bc5f79166,-0.0331478887554736,0.1287940367998502,0.219465084758243,-347.2837972852867,-351.3505166892428,-349.6250334691722,-354.10301702306606,0.4112641499377787,1.0,0.1287940367998502,0.0,4,0.1767090517198234,0.17620727786206916,0.145609630836647,0.059406975957804836,1.0
chr7:149575638:T:G;chr7:149575707:C:G;var1;middle;OL41|K562|65c4655ccb67f1f7,chr7:149575638:T:G;chr7:149575707:C:G;var1;middle;OL41,K562,K562_region_02024,100,169,69,GCAGATCTACCGAACATCAAATGAAACCAAAACCAAACCCAGAAGTGCCATACCAACCCCATGTGCCTGCCGGAGTGTGGATGGCTCCCTGGGCCCTTCTTCACCCTGGGAACACAGGCCCTGCCATCTGCTGGGTTGGCCGCATCCAAAATAATATGACCGAGGCCTCCCCTGGGTGTGGGAGGACCCTCCTGTGCCAG,5c973aea0935aa9008f4a6748ae7298020f540f1a5d1e1285534b89694f266d4,0.0,GCAGATCTACCGAACATCAAATGAAACCAAAACCAAACCCAGAAGTGCCATACCAACCCCATGTGCCTGCCGGAGTGTGGATGGCTCCCTGGGCCCTTCGTCACCCTGGGAACACAGGCCCTGCCATCTGCTGGGTTGGCCGCATCCAAAATAATATGACCGAGGCCTCCCCTGGGTGTGGGAGGACCCTCCTGTGCCAG,3b3277511f4c296f1bf729e2d17b8f337a45f2b0cce7d14e81372e010ad02e61,-0.549597795556573,GCAGATCTACCGAACATCAAATGAAACCAAAACCAAACCCAGAAGTGCCATACCAACCCCATGTGCCTGCCGGAGTGTGGATGGCTCCCTGGGCCCTTCTTCACCCTGGGAACACAGGCCCTGCCATCTGCTGGGTTGGCCGCATCCAAAATAATATGACCGAGGCCTGCCCTGGGTGTGGGAGGACCCTCCTGTGCCAG,19537d65f79cb9e85c2f8135e8c5f1a49e6cc93fb275e7d531cf9497f9d98ca3,-0.754037421304223,GCAGATCTACCGAACATCAAATGAAACCAAAACCAAACCCAGAAGTGCCATACCAACCCCATGTGCCTGCCGGAGTGTGGATGGCTCCCTGGGCCCTTCGTCACCCTGGGAACACAGGCCCTGCCATCTGCTGGGTTGGCCGCATCCAAAATAATATGACCGAGGCCTGCCCTGGGTGTGGGAGGACCCTCCTGTGCCAG,65c4655ccb67f1f7dbdd6748db3d1e16f38e4afd04fce45da7a07d0aa0266bb6,-0.140102491907564,1.163532724953232,0.391183317882999,-367.7498754975386,-377.41091536788736,-357.8846336019924,-369.46759585128166,-1.9219223789405078,-1.0,-1.163532724953232,0.0,4,0.1738172739284759,0.17620727786206916,0.145609630836647,0.23585037548514648,1.0
chr7:149575638:T:G;chr7:149575725:C:T;var1;middle;OL41|K562|4281b3510070eeaf,chr7:149575638:T:G;chr7:149575725:C:T;var1;middle;OL41,K562,K562_region_02024,100,187,87,GCAGATCTACCGAACATCAAATGAAACCAAAACCAAACCCAGAAGTGCCATACCAACCCCATGTGCCTGCCGGAGTGTGGATGGCTCCCTGGGCCCTTCTTCACCCTGGGAACACAGGCCCTGCCATCTGCTGGGTTGGCCGCATCCAAAATAATATGACCGAGGCCTCCCCTGGGTGTGGGAGGACCCTCCTGTGCCAG,5c973aea0935aa9008f4a6748ae7298020f540f1a5d1e1285534b89694f266d4,0.0,GCAGATCTACCGAACATCAAATGAAACCAAAACCAAACCCAGAAGTGCCATACCAACCCCATGTGCCTGCCGGAGTGTGGATGGCTCCCTGGGCCCTTCGTCACCCTGGGAACACAGGCCCTGCCATCTGCTGGGTTGGCCGCATCCAAAATAATATGACCGAGGCCTCCCCTGGGTGTGGGAGGACCCTCCTGTGCCAG,3b3277511f4c296f1bf729e2d17b8f337a45f2b0cce7d14e81372e010ad02e61,-0.549408673450531,GCAGATCTACCGAACATCAAATGAAACCAAAACCAAACCCAGAAGTGCCATACCAACCCCATGTGCCTGCCGGAGTGTGGATGGCTCCCTGGGCCCTTCTTCACCCTGGGAACACAGGCCCTGCCATCTGCTGGGTTGGCCGCATCCAAAATAATATGACCGAGGCCTCCCCTGGGTGTGGGAGGATCCTCCTGTGCCAG,586000e7614a027f98d2f69e77aea730ddd2335597c061226a3f4afc4e84bf25,0.0062968558368214,GCAGATCTACCGAACATCAAATGAAACCAAAACCAAACCCAGAAGTGCCATACCAACCCCATGTGCCTGCCGGAGTGTGGATGGCTCCCTGGGCCCTTCGTCACCCTGGGAACACAGGCCCTGCCATCTGCTGGGTTGGCCGCATCCAAAATAATATGACCGAGGCCTCCCCTGGGTGTGGGAGGATCCTCCTGTGCCAG,4281b3510070eeaf9c9b2a6e094d6a980bad3eff1f811482f9d9ebb99e5c249a,0.161518661498644,0.7046304791123537,0.316800860733274,-367.7498754975386,-377.41091536788736,-366.5453437367687,-375.2293811466079,0.9770024605095387,-1.0,-0.7046304791123537,0.0,4,0.1774102341850815,0.17620727786206916,0.145609630836647,0.2864779955319136,1.0
chr7:149575707:C:G;chr7:149575725:C:T;var1;middle;OL41|K562|7f8ba03bd6707534,chr7:149575707:C:G;chr7:149575725:C:T;var1;middle;OL41,K562,K562_region_02024,100,118,18,CCGGAGTGTGGATGGCTCCCTGGGCCCTTCTTCACCCTGGGAACACAGGCCCTGCCATCTGCTGGGTTGGCCGCATCCAAAATAATATGACCGAGGCCTCCCCTGGGTGTGGGAGGACCCTCCTGTGCCAGGCTCACCATGCTTTGCTGTCCCTGGCAGCTGGCTCATCGCCATCCTGGCGCAGCTGAACCCCCTGTTCG,eafff34dff23e380d7be01abd33bcc9cb9d24899512e8027515985cbcd9bba3d,0.0,CCGGAGTGTGGATGGCTCCCTGGGCCCTTCTTCACCCTGGGAACACAGGCCCTGCCATCTGCTGGGTTGGCCGCATCCAAAATAATATGACCGAGGCCTGCCCTGGGTGTGGGAGGACCCTCCTGTGCCAGGCTCACCATGCTTTGCTGTCCCTGGCAGCTGGCTCATCGCCATCCTGGCGCAGCTGAACCCCCTGTTCG,09b7ee358808cbe2352b55dae783e03ed3e38a5605872a17259741b038103b79,-0.0450853245831874,CCGGAGTGTGGATGGCTCCCTGGGCCCTTCTTCACCCTGGGAACACAGGCCCTGCCATCTGCTGGGTTGGCCGCATCCAAAATAATATGACCGAGGCCTCCCCTGGGTGTGGGAGGATCCTCCTGTGCCAGGCTCACCATGCTTTGCTGTCCCTGGCAGCTGGCTCATCGCCATCCTGGCGCAGCTGAACCCCCTGTTCG,9b91a18c3cb17983ffdde19c24ec86a0644cbebe0ba5853dd363803b509612c9,-0.14243938554254,CCGGAGTGTGGATGGCTCCCTGGGCCCTTCTTCACCCTGGGAACACAGGCCCTGCCATCTGCTGGGTTGGCCGCATCCAAAATAATATGACCGAGGCCTGCCCTGGGTGTGGGAGGATCCTCCTGTGCCAGGCTCACCATGCTTTGCTGTCCCTGGCAGCTGGCTCATCGCCATCCTGGCGCAGCTGAACCCCCTGTTCG,7f8ba03bd670753401a97b96b3400e19b8af29db9b4d15998aa7cb3719795cac,-0.206654855024682,0.0191301448989546,0.551064766530574,-286.8558237571269,-293.0228781152982,-296.69195375964046,-301.2988687660545,-1.5601393517572433,1.0,0.0191301448989546,0.0,4,0.17426567190709702,0.17620727786206916,0.145609630836647,0.36841746960427285,1.0
chr7:150020295:A:G;chr7:150020381:G:A;var1;middle;OL41|K562|1c7092fd99166953,chr7:150020295:A:G;chr7:150020381:G:A;var1;middle;OL41,K562,K562_region_02025,100,186,86,TCTCTAAGGCCGCACCGATAAACGATTACCGACTGTTGACCTCACGGCCCCTTCGCTTCCGGCCGCACCGCCTCGCTGCCCACGCCTGCGCACTCAGGCACCGCAGGTAGGAGGAACGTACCAACTGCGAGGCGGGGGGTGCGCGCGAAGACCCCCGCAGGCTGCGCTTCCGGAAGTAACCCCTGGCGCATCCCGGAATC,6f027ee407555b6b18dad1a364baaca33b93a4f84918806306abc07e614e65b4,0.0,TCTCTAAGGCCGCACCGATAAACGATTACCGACTGTTGACCTCACGGCCCCTTCGCTTCCGGCCGCACCGCCTCGCTGCCCACGCCTGCGCACTCAGGCGCCGCAGGTAGGAGGAACGTACCAACTGCGAGGCGGGGGGTGCGCGCGAAGACCCCCGCAGGCTGCGCTTCCGGAAGTAACCCCTGGCGCATCCCGGAATC,deb1720cb271c656d14fb261995b3e90aa7171deccd103edec67a538867e54f7,0.116740145309129,TCTCTAAGGCCGCACCGATAAACGATTACCGACTGTTGACCTCACGGCCCCTTCGCTTCCGGCCGCACCGCCTCGCTGCCCACGCCTGCGCACTCAGGCACCGCAGGTAGGAGGAACGTACCAACTGCGAGGCGGGGGGTGCGCGCGAAGACCCCCGCAGGCTGCGCTTCCGGAAGTAACCCCTGACGCATCCCGGAATC,f459f287bfb02d238b573f030dade73128c86a7a6d2f3b08e4d61dcaa6a9503b,0.296581008682834,TCTCTAAGGCCGCACCGATAAACGATTACCGACTGTTGACCTCACGGCCCCTTCGCTTCCGGCCGCACCGCCTCGCTGCCCACGCCTGCGCACTCAGGCGCCGCAGGTAGGAGGAACGTACCAACTGCGAGGCGGGGGGTGCGCGCGAAGACCCCCGCAGGCTGCGCTTCCGGAAGTAACCCCTGACGCATCCCGGAATC,1c7092fd99166953e93983b821a2a213d17f4e45408141c59419ea3887af3acf,0.405403572456717,0.007917581535246,0.206790941719597,-390.3278135000728,-396.1510546384379,-381.0915793534368,-389.4803213421256,2.5655008503236445,1.0,0.007917581535246,0.0,0,0.18907115361957985,0.18565657667894103,0.15145376406925343,0.042891170293634484,1.0
chr7:150020381:G:A;chr7:150020422:A:T;var1;middle;OL41|K562|2af17fbace391197,chr7:150020381:G:A;chr7:150020422:A:T;var1;middle;OL41,K562,K562_region_02025,100,141,41,TGCGCACTCAGGCACCGCAGGTAGGAGGAACGTACCAACTGCGAGGCGGGGGGTGCGCGCGAAGACCCCCGCAGGCTGCGCTTCCGGAAGTAACCCCTGGCGCATCCCGGAATCCAGAGCGCCCACTACGGCCTTTGGCCAGGCCCCCTGGGCGCGTTCCGGGAGCTCAGGCCTGCGGCGCTGGGAGAAGCACGCTGGCC,dac521713e8eac258ff8ae2acb310a8c5a3b134dc92423f015867fbd4e50a7da,0.0,TGCGCACTCAGGCACCGCAGGTAGGAGGAACGTACCAACTGCGAGGCGGGGGGTGCGCGCGAAGACCCCCGCAGGCTGCGCTTCCGGAAGTAACCCCTGACGCATCCCGGAATCCAGAGCGCCCACTACGGCCTTTGGCCAGGCCCCCTGGGCGCGTTCCGGGAGCTCAGGCCTGCGGCGCTGGGAGAAGCACGCTGGCC,ac02aed1d8f7d7d35b9ee0774fcaaba4b76726bd5fe2be7cf1317eb020371fe3,0.697264978668133,TGCGCACTCAGGCACCGCAGGTAGGAGGAACGTACCAACTGCGAGGCGGGGGGTGCGCGCGAAGACCCCCGCAGGCTGCGCTTCCGGAAGTAACCCCTGGCGCATCCCGGAATCCAGAGCGCCCACTACGGCCTTTGGCCTGGCCCCCTGGGCGCGTTCCGGGAGCTCAGGCCTGCGGCGCTGGGAGAAGCACGCTGGCC,7ec328d4c5c12335749383e688ec149eb5eef10d863b79bba175bb5d8a80bd0d,-0.220500331445855,TGCGCACTCAGGCACCGCAGGTAGGAGGAACGTACCAACTGCGAGGCGGGGGGTGCGCGCGAAGACCCCCGCAGGCTGCGCTTCCGGAAGTAACCCCTGACGCATCCCGGAATCCAGAGCGCCCACTACGGCCTTTGGCCTGGCCCCCTGGGCGCGTTCCGGGAGCTCAGGCCTGCGGCGCTGGGAGAAGCACGCTGGCC,2af17fbace391197d20af7c831dd98813488b62f4a85ae9dc080a62eb07e5233,0.292203823441972,-0.1845608237803059,0.376457183222153,-340.8764288658276,-346.58213747804984,-324.23114714957774,-328.52833654917777,1.4085192126221955,-1.0,0.1845608237803059,0.0,0,0.18758513982129058,0.18565657667894103,0.15145376406925343,0.3267651626643295,1.0
chr7:150020381:G:A;chr7:150020457:C:T;var1;middle;OL41|K562|1912d530a05b9ad8,chr7:150020381:G:A;chr7:150020457:C:T;var1;middle;OL41,K562,K562_region_02025,100,176,76,TGCGCACTCAGGCACCGCAGGTAGGAGGAACGTACCAACTGCGAGGCGGGGGGTGCGCGCGAAGACCCCCGCAGGCTGCGCTTCCGGAAGTAACCCCTGGCGCATCCCGGAATCCAGAGCGCCCACTACGGCCTTTGGCCAGGCCCCCTGGGCGCGTTCCGGGAGCTCAGGCCTGCGGCGCTGGGAGAAGCACGCTGGCC,dac521713e8eac258ff8ae2acb310a8c5a3b134dc92423f015867fbd4e50a7da,0.0,TGCGCACTCAGGCACCGCAGGTAGGAGGAACGTACCAACTGCGAGGCGGGGGGTGCGCGCGAAGACCCCCGCAGGCTGCGCTTCCGGAAGTAACCCCTGACGCATCCCGGAATCCAGAGCGCCCACTACGGCCTTTGGCCAGGCCCCCTGGGCGCGTTCCGGGAGCTCAGGCCTGCGGCGCTGGGAGAAGCACGCTGGCC,ac02aed1d8f7d7d35b9ee0774fcaaba4b76726bd5fe2be7cf1317eb020371fe3,0.697190690095932,TGCGCACTCAGGCACCGCAGGTAGGAGGAACGTACCAACTGCGAGGCGGGGGGTGCGCGCGAAGACCCCCGCAGGCTGCGCTTCCGGAAGTAACCCCTGGCGCATCCCGGAATCCAGAGCGCCCACTACGGCCTTTGGCCAGGCCCCCTGGGCGCGTTCCGGGAGCTCAGGCCTGTGGCGCTGGGAGAAGCACGCTGGCC,78b2603d07a6527cedb70edd804cd5505183ff233e1cff9432c9793ac13aad9e,-0.577590735257118,TGCGCACTCAGGCACCGCAGGTAGGAGGAACGTACCAACTGCGAGGCGGGGGGTGCGCGCGAAGACCCCCGCAGGCTGCGCTTCCGGAAGTAACCCCTGACGCATCCCGGAATCCAGAGCGCCCACTACGGCCTTTGGCCAGGCCCCCTGGGCGCGTTCCGGGAGCTCAGGCCTGTGGCGCTGGGAGAAGCACGCTGGCC,1912d530a05b9ad82c945441ebea2595f749ee6a8d9cef5977fb2b64a38ec26c,0.408961488429053,0.289361533590239,0.39231939208007,-340.8764288658276,-346.58213747804984,-340.6135146068409,-353.7551068421453,-7.435883623082191,-1.0,-0.289361533590239,0.0,0,0.17622549138504034,0.18565657667894103,0.15145376406925343,0.2970224157738441,1.0
chr7:150020422:A:T;chr7:150020489:T:C;var1;middle;OL41|K562|38b0d2eabada9103,chr7:150020422:A:T;chr7:150020489:T:C;var1;middle;OL41,K562,K562_region_02025,100,167,67,CGAGGCGGGGGGTGCGCGCGAAGACCCCCGCAGGCTGCGCTTCCGGAAGTAACCCCTGGCGCATCCCGGAATCCAGAGCGCCCACTACGGCCTTTGGCCAGGCCCCCTGGGCGCGTTCCGGGAGCTCAGGCCTGCGGCGCTGGGAGAAGCACGCTGGCCAACAAGTTGGGTGGTGGGCACGCGGCCCAGGGGTCAGGGGC,6be6a4ddca145d01830dfadff73d1a8ef652f8f4f56f0c33ff9bcf27d0818be9,0.0,CGAGGCGGGGGGTGCGCGCGAAGACCCCCGCAGGCTGCGCTTCCGGAAGTAACCCCTGGCGCATCCCGGAATCCAGAGCGCCCACTACGGCCTTTGGCCTGGCCCCCTGGGCGCGTTCCGGGAGCTCAGGCCTGCGGCGCTGGGAGAAGCACGCTGGCCAACAAGTTGGGTGGTGGGCACGCGGCCCAGGGGTCAGGGGC,bef25cfb6ae5215bce3961155b6e6f2022c046d13f939ecd92fa8518a5511b13,-0.377728690427929,CGAGGCGGGGGGTGCGCGCGAAGACCCCCGCAGGCTGCGCTTCCGGAAGTAACCCCTGGCGCATCCCGGAATCCAGAGCGCCCACTACGGCCTTTGGCCAGGCCCCCTGGGCGCGTTCCGGGAGCTCAGGCCTGCGGCGCTGGGAGAAGCACGCTGGCCAACAAGTCGGGTGGTGGGCACGCGGCCCAGGGGTCAGGGGC,929c92516e8f0a56204faf2c83b8cea963ffdf3741d18d6c62d3c1d1dda0867d,-0.160609188126644,CGAGGCGGGGGGTGCGCGCGAAGACCCCCGCAGGCTGCGCTTCCGGAAGTAACCCCTGGCGCATCCCGGAATCCAGAGCGCCCACTACGGCCTTTGGCCTGGCCCCCTGGGCGCGTTCCGGGAGCTCAGGCCTGCGGCGCTGGGAGAAGCACGCTGGCCAACAAGTCGGGTGGTGGGCACGCGGCCCAGGGGTCAGGGGC,38b0d2eabada91036026703cdb3dce25e22fe6b226e1a0925033357a21b7e4cd,0.198643585914016,0.7369814644685889,0.438066824684872,-260.3808597177267,-260.8519359976053,-260.8574705719948,-260.79234433174133,0.5362025201320648,-1.0,-0.7369814644685889,0.0,0,0.1864647463774554,0.18565657667894103,0.15145376406925343,0.13882508486296813,1.0
chr7:150020457:C:T;chr7:150020526:C:T;var1;middle;OL41|K562|c97608db76eceab1,chr7:150020457:C:T;chr7:150020526:C:T;var1;middle;OL41,K562,K562_region_02025,100,169,69,TGCGCTTCCGGAAGTAACCCCTGGCGCATCCCGGAATCCAGAGCGCCCACTACGGCCTTTGGCCAGGCCCCCTGGGCGCGTTCCGGGAGCTCAGGCCTGCGGCGCTGGGAGAAGCACGCTGGCCAACAAGTTGGGTGGTGGGCACGCGGCCCAGGGGTCAGGGGCCGCCAGGCGGCGGGCGGCGGGGCTGCGGCTCTTAC,c78601b039c828c2bdd5f70469d85f747f736470c170bb5a3132e8f83a712d07,0.0,TGCGCTTCCGGAAGTAACCCCTGGCGCATCCCGGAATCCAGAGCGCCCACTACGGCCTTTGGCCAGGCCCCCTGGGCGCGTTCCGGGAGCTCAGGCCTGTGGCGCTGGGAGAAGCACGCTGGCCAACAAGTTGGGTGGTGGGCACGCGGCCCAGGGGTCAGGGGCCGCCAGGCGGCGGGCGGCGGGGCTGCGGCTCTTAC,e4f358487d8d29a75f1bb24634509e8ba375d6743a1b2d582c1db1db882beaff,0.881066033903185,TGCGCTTCCGGAAGTAACCCCTGGCGCATCCCGGAATCCAGAGCGCCCACTACGGCCTTTGGCCAGGCCCCCTGGGCGCGTTCCGGGAGCTCAGGCCTGCGGCGCTGGGAGAAGCACGCTGGCCAACAAGTTGGGTGGTGGGCACGCGGCCCAGGGGTCAGGGGCCGCTAGGCGGCGGGCGGCGGGGCTGCGGCTCTTAC,360419de7a3c0bfe6bb4d84c4fd361ce51928a48ffe4adef4a9603c0d089503a,-0.149324156163465,TGCGCTTCCGGAAGTAACCCCTGGCGCATCCCGGAATCCAGAGCGCCCACTACGGCCTTTGGCCAGGCCCCCTGGGCGCGTTCCGGGAGCTCAGGCCTGTGGCGCTGGGAGAAGCACGCTGGCCAACAAGTTGGGTGGTGGGCACGCGGCCCAGGGGTCAGGGGCCGCTAGGCGGCGGGCGGCGGGGCTGCGGCTCTTAC,c97608db76eceab153c4792a089a477f7b51f61d3003d6e812cac9a6d29900f8,0.108314936431645,-0.623426941308075,0.529909195855091,-337.2184252794832,-339.1389170656912,-353.3350875652395,-354.25908084283583,0.996498508611694,-1.0,0.623426941308075,0.0,0,0.18705594520714194,0.18565657667894103,0.15145376406925343,0.019888895477476715,1.0
chr7:150021282:C:T;chr7:150021284:C:T;var1;middle;OL41|K562|792a848b5df1f84d,chr7:150021282:C:T;chr7:150021284:C:T;var1;middle;OL41,K562,K562_region_02026,100,102,2,CTCCTCTTTTCCTTTCACACGTTCATCTCCTCCTATCCCTTTCTCTCACCACCTTTCAATCTTCTCACAGATGTTGTGGAGGAAGATGAGACTTGAGGGCCCAGCAGGTGCTTAAAATCCCCTGCCTGGTGGGGGTGGAGTAGACACTCTGTCCCCCTGCAGTGCTGGAGTTGAGAGCAGAGGGGCTGGAGAGGGACTGG,e388dc69e8cb7246cc40732fb597dacfebea48b7e92d5c166a00e8d6269ea0eb,0.0,CTCCTCTTTTCCTTTCACACGTTCATCTCCTCCTATCCCTTTCTCTCACCACCTTTCAATCTTCTCACAGATGTTGTGGAGGAAGATGAGACTTGAGGGTCCAGCAGGTGCTTAAAATCCCCTGCCTGGTGGGGGTGGAGTAGACACTCTGTCCCCCTGCAGTGCTGGAGTTGAGAGCAGAGGGGCTGGAGAGGGACTGG,8e13b02a2640a52bed7799d7a7ada2e1d8b9a555145359b89c8363a5f12ebb48,-0.432913475653865,CTCCTCTTTTCCTTTCACACGTTCATCTCCTCCTATCCCTTTCTCTCACCACCTTTCAATCTTCTCACAGATGTTGTGGAGGAAGATGAGACTTGAGGGCCTAGCAGGTGCTTAAAATCCCCTGCCTGGTGGGGGTGGAGTAGACACTCTGTCCCCCTGCAGTGCTGGAGTTGAGAGCAGAGGGGCTGGAGAGGGACTGG,4f2d0d1b6d3509eb49e83fff6bae5564825ceb5461a887e9ad6ed66d404619f3,-0.301906534828663,CTCCTCTTTTCCTTTCACACGTTCATCTCCTCCTATCCCTTTCTCTCACCACCTTTCAATCTTCTCACAGATGTTGTGGAGGAAGATGAGACTTGAGGGTCTAGCAGGTGCTTAAAATCCCCTGCCTGGTGGGGGTGGAGTAGACACTCTGTCCCCCTGCAGTGCTGGAGTTGAGAGCAGAGGGGCTGGAGAGGGACTGG,792a848b5df1f84de3ad45229b995c7fda02a20f4509b1f7088b6742720857d8,-0.282479462040776,0.452340548441752,0.335800050898127,-325.3504111627117,-334.09091693907976,-305.5843705832958,-317.134498126572,-2.8096217669080943,-1.0,-0.452340548441752,0.0,0,0.18216740846371746,0.18565657667894103,0.15145376406925343,0.19638486819654624,1.0
chr7:150021282:C:T;chr7:150021350:G:C;var1;middle;OL41|K562|6a4eea6df40c7ac3,chr7:150021282:C:T;chr7:150021350:G:C;var1;middle;OL41,K562,K562_region_02026,100,168,68,CTCCTCTTTTCCTTTCACACGTTCATCTCCTCCTATCCCTTTCTCTCACCACCTTTCAATCTTCTCACAGATGTTGTGGAGGAAGATGAGACTTGAGGGCCCAGCAGGTGCTTAAAATCCCCTGCCTGGTGGGGGTGGAGTAGACACTCTGTCCCCCTGCAGTGCTGGAGTTGAGAGCAGAGGGGCTGGAGAGGGACTGG,e388dc69e8cb7246cc40732fb597dacfebea48b7e92d5c166a00e8d6269ea0eb,0.0,CTCCTCTTTTCCTTTCACACGTTCATCTCCTCCTATCCCTTTCTCTCACCACCTTTCAATCTTCTCACAGATGTTGTGGAGGAAGATGAGACTTGAGGGTCCAGCAGGTGCTTAAAATCCCCTGCCTGGTGGGGGTGGAGTAGACACTCTGTCCCCCTGCAGTGCTGGAGTTGAGAGCAGAGGGGCTGGAGAGGGACTGG,8e13b02a2640a52bed7799d7a7ada2e1d8b9a555145359b89c8363a5f12ebb48,-0.433096184952957,CTCCTCTTTTCCTTTCACACGTTCATCTCCTCCTATCCCTTTCTCTCACCACCTTTCAATCTTCTCACAGATGTTGTGGAGGAAGATGAGACTTGAGGGCCCAGCAGGTGCTTAAAATCCCCTGCCTGGTGGGGGTGGAGTAGACACTCTGTCCCCCTGCAGTGCTGCAGTTGAGAGCAGAGGGGCTGGAGAGGGACTGG,7d35f0f7193cb1cc372616bdeb18b8de8eaab461c1813fb6b50c6e67a54f2146,-0.849047919069492,CTCCTCTTTTCCTTTCACACGTTCATCTCCTCCTATCCCTTTCTCTCACCACCTTTCAATCTTCTCACAGATGTTGTGGAGGAAGATGAGACTTGAGGGTCCAGCAGGTGCTTAAAATCCCCTGCCTGGTGGGGGTGGAGTAGACACTCTGTCCCCCTGCAGTGCTGCAGTTGAGAGCAGAGGGGCTGGAGAGGGACTGG,6a4eea6df40c7ac348f4c3427a350e19fff7e191bbcbbc0a09342b9dacd0a67a,-0.111008815554534,1.1711352884679151,0.373760531586925,-325.3504111627117,-334.09091693907976,-321.2582989241928,-336.9741662698798,-6.97536156931892,-1.0,-1.1711352884679151,0.0,0,0.1768169805703556,0.18565657667894103,0.15145376406925343,0.23820240980007454,1.0
chr7:150021284:C:T;chr7:150021350:G:C;var1;middle;OL41|K562|655602272f548536,chr7:150021284:C:T;chr7:150021350:G:C;var1;middle;OL41,K562,K562_region_02026,100,166,66,CCTCTTTTCCTTTCACACGTTCATCTCCTCCTATCCCTTTCTCTCACCACCTTTCAATCTTCTCACAGATGTTGTGGAGGAAGATGAGACTTGAGGGCCCAGCAGGTGCTTAAAATCCCCTGCCTGGTGGGGGTGGAGTAGACACTCTGTCCCCCTGCAGTGCTGGAGTTGAGAGCAGAGGGGCTGGAGAGGGACTGGGC,c6fa0d622fbe729e5208f5e8622dc68d0895ba5811504dad69ba80a81cd3a7a5,0.0,CCTCTTTTCCTTTCACACGTTCATCTCCTCCTATCCCTTTCTCTCACCACCTTTCAATCTTCTCACAGATGTTGTGGAGGAAGATGAGACTTGAGGGCCTAGCAGGTGCTTAAAATCCCCTGCCTGGTGGGGGTGGAGTAGACACTCTGTCCCCCTGCAGTGCTGGAGTTGAGAGCAGAGGGGCTGGAGAGGGACTGGGC,9d4b8a22d81100de1cbbe925742fa43ec54b68575aa4d11fe50a3bd7e07db9eb,-0.105316836713846,CCTCTTTTCCTTTCACACGTTCATCTCCTCCTATCCCTTTCTCTCACCACCTTTCAATCTTCTCACAGATGTTGTGGAGGAAGATGAGACTTGAGGGCCCAGCAGGTGCTTAAAATCCCCTGCCTGGTGGGGGTGGAGTAGACACTCTGTCCCCCTGCAGTGCTGCAGTTGAGAGCAGAGGGGCTGGAGAGGGACTGGGC,4b2da97728c191c9e8ab3b7711767c9fe095f37b60f2f9bc4ea5388aee2ffb52,0.198727466793244,CCTCTTTTCCTTTCACACGTTCATCTCCTCCTATCCCTTTCTCTCACCACCTTTCAATCTTCTCACAGATGTTGTGGAGGAAGATGAGACTTGAGGGCCTAGCAGGTGCTTAAAATCCCCTGCCTGGTGGGGGTGGAGTAGACACTCTGTCCCCCTGCAGTGCTGCAGTTGAGAGCAGAGGGGCTGGAGAGGGACTGGGC,655602272f5485369f23e3cc8e418a0282417c05f4c68e180d040f14fe7519cf,-0.152629552470608,0.2460401825500059,0.333103177262173,-316.0660045554396,-311.8124043848365,-322.7182595329359,-308.06973489094526,-10.39492447138764,1.0,0.2460401825500059,0.0,0,0.17242493363459993,0.18565657667894103,0.15145376406925343,0.2097497539398458,1.0
chr7:150035459:T:G;chr7:150035500:C:G;var1;middle;OL41|K562|560ad4563ba15731,chr7:150035459:T:G;chr7:150035500:C:G;var1;middle;OL41,K562,K562_region_02027,100,141,41,GCCGCCTCTGAGCTACGCTAAGGAGGAAGTCGTGCAACACAAGGAGCTGAGAGGCAGCTGGGAGAGCAGCTTTATTATCATGGCTGGGGATAGAACGGGTTCCTCTCCCTGGGGGCTGGGGTCTTCCACTGGTTACCACCCGCAGCGGTCCTGGAGGCACCACGCATCTCTAGACAAAAGGGGAAACAGGTTTGGGGGTG,39b42b7f4ba71209b5367bd118e5fa59f31212ffcd58b9de587b6c722994688a,0.0,GCCGCCTCTGAGCTACGCTAAGGAGGAAGTCGTGCAACACAAGGAGCTGAGAGGCAGCTGGGAGAGCAGCTTTATTATCATGGCTGGGGATAGAACGGGGTCCTCTCCCTGGGGGCTGGGGTCTTCCACTGGTTACCACCCGCAGCGGTCCTGGAGGCACCACGCATCTCTAGACAAAAGGGGAAACAGGTTTGGGGGTG,92ced199e41994e995e0e3c1a3b9e81d9a9c4b06f7100c2ef20b38b282dc5489,0.158494376174385,GCCGCCTCTGAGCTACGCTAAGGAGGAAGTCGTGCAACACAAGGAGCTGAGAGGCAGCTGGGAGAGCAGCTTTATTATCATGGCTGGGGATAGAACGGGTTCCTCTCCCTGGGGGCTGGGGTCTTCCACTGGTTACCACCGGCAGCGGTCCTGGAGGCACCACGCATCTCTAGACAAAAGGGGAAACAGGTTTGGGGGTG,7332377de57ab7003f3f26836a4ab1f0aaf23acf4a55d91e2298fe1bcb8b914f,0.251778385963165,GCCGCCTCTGAGCTACGCTAAGGAGGAAGTCGTGCAACACAAGGAGCTGAGAGGCAGCTGGGAGAGCAGCTTTATTATCATGGCTGGGGATAGAACGGGGTCCTCTCCCTGGGGGCTGGGGTCTTCCACTGGTTACCACCGGCAGCGGTCCTGGAGGCACCACGCATCTCTAGACAAAAGGGGAAACAGGTTTGGGGGTG,560ad4563ba1573145f560d89bc761b9058095e84cdb34a90bbd02b11705f68e,0.171862428786173,0.2384103333513769,0.261121814710334,-255.9518324043601,-254.528156131506,-321.1492722881958,-309.3501579212025,-10.375438094139213,1.0,0.2384103333513769,0.0,1,0.1718087752921337,0.18216460459877223,0.1501433469024087,0.16325414850873082,1.0
chr7:150522054:A:G;chr7:150522100:A:G;var1;middle;OL41|K562|db935d94251178ac,chr7:150522054:A:G;chr7:150522100:A:G;var1;middle;OL41,K562,K562_region_02028,100,146,46,TGCGCTAGGACCTACAAGGGCGGCCTCTGGGAGCCCTCTGCTTTACCTCCTCTCCTGGGTCAGGCTGCAGAAAGAACAAGCTCCTCCACCCTGCCTGGTAGGCATGGAAGGAGGGCAAGTGTTGGTAGCCATGGTAACTCGGGGTAGCCATATTTTCGTGCAGTCACTCTGACCCCATCTCGATGGACAAGGATTGTCCC,4d89df2e14cae06d5b0af5ac3b519a20fb124b029cc8ca4e20f70640492ba125,0.0,TGCGCTAGGACCTACAAGGGCGGCCTCTGGGAGCCCTCTGCTTTACCTCCTCTCCTGGGTCAGGCTGCAGAAAGAACAAGCTCCTCCACCCTGCCTGGTGGGCATGGAAGGAGGGCAAGTGTTGGTAGCCATGGTAACTCGGGGTAGCCATATTTTCGTGCAGTCACTCTGACCCCATCTCGATGGACAAGGATTGTCCC,5fb38efe50923d48ec9c15e866dc6507ad08927b664faa0a7ee9f7584f221d4d,0.255984546941874,TGCGCTAGGACCTACAAGGGCGGCCTCTGGGAGCCCTCTGCTTTACCTCCTCTCCTGGGTCAGGCTGCAGAAAGAACAAGCTCCTCCACCCTGCCTGGTAGGCATGGAAGGAGGGCAAGTGTTGGTAGCCATGGTAACTCGGGGTGGCCATATTTTCGTGCAGTCACTCTGACCCCATCTCGATGGACAAGGATTGTCCC,914df6b82ca2f62cccd0166e87c95ea1c5b9a9158b868979437618243ae22d99,0.331722790268818,TGCGCTAGGACCTACAAGGGCGGCCTCTGGGAGCCCTCTGCTTTACCTCCTCTCCTGGGTCAGGCTGCAGAAAGAACAAGCTCCTCCACCCTGCCTGGTGGGCATGGAAGGAGGGCAAGTGTTGGTAGCCATGGTAACTCGGGGTGGCCATATTTTCGTGCAGTCACTCTGACCCCATCTCGATGGACAAGGATTGTCCC,db935d94251178ac82591775554e9622225232eee169075b6136854362e5d9fe,0.0880520770260581,0.4996552601846339,0.365287112751672,-356.1089124553837,-345.58768532192335,-364.97258438309655,-353.94940483849496,-0.5019524111412466,1.0,0.4996552601846339,0.0,0,0.1851313522229042,0.18565657667894103,0.15145376406925343,0.2167236606184664,1.0
chr7:150755173:T:G;chr7:150755205:G:C;var1;middle;OL27|K562|7ce6c867829a40a5,chr7:150755173:T:G;chr7:150755205:G:C;var1;middle;OL27,K562,K562_region_02029,100,132,32,ACTAGGTCTCCCCGCAATGCCCGAGACCGAGGACAAGAAGACTACAACCCCCAGCCGTCTGCGCTCACGCTCTCTGCAGCACTCGACTCCAGGGCTCCGTTTCTACCGCGGAGGCAAACCTTGGACTTCAAGTCCCAGGAAGCAACGCGTGTCCGTTTTCCGGGCGCCCCGCCGCGGCGCCGTGGTTCCCAGTGTGCCCC,729b7ba6441a8a19a6a06a799a41099ea09af9f63b3858fb837986ca8e9217b1,0.0,ACTAGGTCTCCCCGCAATGCCCGAGACCGAGGACAAGAAGACTACAACCCCCAGCCGTCTGCGCTCACGCTCTCTGCAGCACTCGACTCCAGGGCTCCGGTTCTACCGCGGAGGCAAACCTTGGACTTCAAGTCCCAGGAAGCAACGCGTGTCCGTTTTCCGGGCGCCCCGCCGCGGCGCCGTGGTTCCCAGTGTGCCCC,6dfd55c2650c4a40bbd211dc7ba77c340ec7f914de3622346a4ba7aa8b3492da,-0.165732112123987,ACTAGGTCTCCCCGCAATGCCCGAGACCGAGGACAAGAAGACTACAACCCCCAGCCGTCTGCGCTCACGCTCTCTGCAGCACTCGACTCCAGGGCTCCGTTTCTACCGCGGAGGCAAACCTTGGACTTCAACTCCCAGGAAGCAACGCGTGTCCGTTTTCCGGGCGCCCCGCCGCGGCGCCGTGGTTCCCAGTGTGCCCC,1141286e364e03fd74c1b1b2603352c3e1557e63e3f9cef7670122b86026f139,0.713252077177771,ACTAGGTCTCCCCGCAATGCCCGAGACCGAGGACAAGAAGACTACAACCCCCAGCCGTCTGCGCTCACGCTCTCTGCAGCACTCGACTCCAGGGCTCCGGTTCTACCGCGGAGGCAAACCTTGGACTTCAACTCCCAGGAAGCAACGCGTGTCCGTTTTCCGGGCGCCCCGCCGCGGCGCCGTGGTTCCCAGTGTGCCCC,7ce6c867829a40a5eddc0f9e2163ce1b6646cce77d4ac7b0fdd603ba43ca29e1,0.52499067251599,-0.022529292537794,0.258304906550255,-318.8116998160258,-314.89151620678604,-317.1282373489812,-311.93257350707427,1.275480232667178,-1.0,0.022529292537794,0.0,3,0.18404204940526273,0.18106719778262317,0.1474303780702046,0.20885153738869272,1.0
chr7:150784260:G:A;chr7:150784262:T:G;var1;middle;OL29|K562|08cee4419b9f6848,chr7:150784260:G:A;chr7:150784262:T:G;var1;middle;OL29,K562,K562_region_02030,100,102,2,TGAGCGGAGCCGGGGGCTGCGGGAGCCGGGGCGCAGTGGCCTCTCCGGCGCCGGCCGAGGGCTCCACAGGCCGTGCCTGGCCATGCTCTCCCTGTCGGGGGTCCTTGCGCGCTTGAGGACCAGGCCACGAGGTTTGCCGATCTGTGTTGCAGAACCGGCGGGCAGCTTCGCCATATCTCGTTCGGGGACACTTTGGGGTT,67a0cb8a11f076b908664c2a01921fca96bacbf62dc78d50997f5ce3a5d03474,0.0,TGAGCGGAGCCGGGGGCTGCGGGAGCCGGGGCGCAGTGGCCTCTCCGGCGCCGGCCGAGGGCTCCACAGGCCGTGCCTGGCCATGCTCTCCCTGTCGGGAGTCCTTGCGCGCTTGAGGACCAGGCCACGAGGTTTGCCGATCTGTGTTGCAGAACCGGCGGGCAGCTTCGCCATATCTCGTTCGGGGACACTTTGGGGTT,0662421c08742f68908a7a2d33ef2dd32628ab3a32eda0e75d7d7cad1cc1e593,0.157664221170777,TGAGCGGAGCCGGGGGCTGCGGGAGCCGGGGCGCAGTGGCCTCTCCGGCGCCGGCCGAGGGCTCCACAGGCCGTGCCTGGCCATGCTCTCCCTGTCGGGGGGCCTTGCGCGCTTGAGGACCAGGCCACGAGGTTTGCCGATCTGTGTTGCAGAACCGGCGGGCAGCTTCGCCATATCTCGTTCGGGGACACTTTGGGGTT,986388fc58af2fbe21d7821f2c97914f1ae595db7029e410cb603dd6a3448318,0.136220502313116,TGAGCGGAGCCGGGGGCTGCGGGAGCCGGGGCGCAGTGGCCTCTCCGGCGCCGGCCGAGGGCTCCACAGGCCGTGCCTGGCCATGCTCTCCCTGTCGGGAGGCCTTGCGCGCTTGAGGACCAGGCCACGAGGTTTGCCGATCTGTGTTGCAGAACCGGCGGGCAGCTTCGCCATATCTCGTTCGGGGACACTTTGGGGTT,08cee4419b9f6848f4dff123a73230a18ea00a5f48f1e16e5664aa0642affb7f,0.098180856470657,0.195703867013236,0.140720098352962,-382.8829600906465,-381.0868169988971,-385.1453714906238,-375.8861738219857,-7.4630545768886805,1.0,0.195703867013236,0.0,0,0.17619059332706483,0.18565657667894103,0.15145376406925343,0.1505374909681637,1.0
chr7:150784260:G:A;chr7:150784263:C:A;var1;middle;OL29|K562|c4c60313321320a9,chr7:150784260:G:A;chr7:150784263:C:A;var1;middle;OL29,K562,K562_region_02030,100,103,3,TGAGCGGAGCCGGGGGCTGCGGGAGCCGGGGCGCAGTGGCCTCTCCGGCGCCGGCCGAGGGCTCCACAGGCCGTGCCTGGCCATGCTCTCCCTGTCGGGGGTCCTTGCGCGCTTGAGGACCAGGCCACGAGGTTTGCCGATCTGTGTTGCAGAACCGGCGGGCAGCTTCGCCATATCTCGTTCGGGGACACTTTGGGGTT,67a0cb8a11f076b908664c2a01921fca96bacbf62dc78d50997f5ce3a5d03474,0.0,TGAGCGGAGCCGGGGGCTGCGGGAGCCGGGGCGCAGTGGCCTCTCCGGCGCCGGCCGAGGGCTCCACAGGCCGTGCCTGGCCATGCTCTCCCTGTCGGGAGTCCTTGCGCGCTTGAGGACCAGGCCACGAGGTTTGCCGATCTGTGTTGCAGAACCGGCGGGCAGCTTCGCCATATCTCGTTCGGGGACACTTTGGGGTT,0662421c08742f68908a7a2d33ef2dd32628ab3a32eda0e75d7d7cad1cc1e593,0.157445771547059,TGAGCGGAGCCGGGGGCTGCGGGAGCCGGGGCGCAGTGGCCTCTCCGGCGCCGGCCGAGGGCTCCACAGGCCGTGCCTGGCCATGCTCTCCCTGTCGGGGGTACTTGCGCGCTTGAGGACCAGGCCACGAGGTTTGCCGATCTGTGTTGCAGAACCGGCGGGCAGCTTCGCCATATCTCGTTCGGGGACACTTTGGGGTT,b55fa820a558af3fa50538536c7565cabef17e5e800d562f15817abe7d7524b1,0.0185235637160479,TGAGCGGAGCCGGGGGCTGCGGGAGCCGGGGCGCAGTGGCCTCTCCGGCGCCGGCCGAGGGCTCCACAGGCCGTGCCTGGCCATGCTCTCCCTGTCGGGAGTACTTGCGCGCTTGAGGACCAGGCCACGAGGTTTGCCGATCTGTGTTGCAGAACCGGCGGGCAGCTTCGCCATATCTCGTTCGGGGACACTTTGGGGTT,c4c60313321320a942fa3a568b660bda696a8e409e67db269202e4cebffcdeed,0.226255909968505,-0.0502865747053981,0.125256399977727,-382.8829600906465,-381.0868169988971,-393.1324382633902,-377.6261285005603,-13.710166671080515,1.0,-0.0502865747053981,0.0,0,0.1681668749991994,0.18565657667894103,0.15145376406925343,0.08642227645685284,1.0
chr7:150784260:G:A;chr7:150784265:T:A;var1;middle;OL29|K562|4b8a329d71e1c4fa,chr7:150784260:G:A;chr7:150784265:T:A;var1;middle;OL29,K562,K562_region_02030,100,105,5,TGAGCGGAGCCGGGGGCTGCGGGAGCCGGGGCGCAGTGGCCTCTCCGGCGCCGGCCGAGGGCTCCACAGGCCGTGCCTGGCCATGCTCTCCCTGTCGGGGGTCCTTGCGCGCTTGAGGACCAGGCCACGAGGTTTGCCGATCTGTGTTGCAGAACCGGCGGGCAGCTTCGCCATATCTCGTTCGGGGACACTTTGGGGTT,67a0cb8a11f076b908664c2a01921fca96bacbf62dc78d50997f5ce3a5d03474,0.0,TGAGCGGAGCCGGGGGCTGCGGGAGCCGGGGCGCAGTGGCCTCTCCGGCGCCGGCCGAGGGCTCCACAGGCCGTGCCTGGCCATGCTCTCCCTGTCGGGAGTCCTTGCGCGCTTGAGGACCAGGCCACGAGGTTTGCCGATCTGTGTTGCAGAACCGGCGGGCAGCTTCGCCATATCTCGTTCGGGGACACTTTGGGGTT,0662421c08742f68908a7a2d33ef2dd32628ab3a32eda0e75d7d7cad1cc1e593,0.157630359225971,TGAGCGGAGCCGGGGGCTGCGGGAGCCGGGGCGCAGTGGCCTCTCCGGCGCCGGCCGAGGGCTCCACAGGCCGTGCCTGGCCATGCTCTCCCTGTCGGGGGTCCATGCGCGCTTGAGGACCAGGCCACGAGGTTTGCCGATCTGTGTTGCAGAACCGGCGGGCAGCTTCGCCATATCTCGTTCGGGGACACTTTGGGGTT,78d6344ed2deda34a0bc4e830fbe13bc20eaacdebe086876821b008cc6b5c409,-0.199058400938248,TGAGCGGAGCCGGGGGCTGCGGGAGCCGGGGCGCAGTGGCCTCTCCGGCGCCGGCCGAGGGCTCCACAGGCCGTGCCTGGCCATGCTCTCCCTGTCGGGAGTCCATGCGCGCTTGAGGACCAGGCCACGAGGTTTGCCGATCTGTGTTGCAGAACCGGCGGGCAGCTTCGCCATATCTCGTTCGGGGACACTTTGGGGTT,4b8a329d71e1c4fafc9fcf780a0633c2328d515c21d75f48c2b04a693c5a9072,-0.159073582153446,-0.1176455404411689,0.138524712737113,-382.8829600906465,-381.0868169988971,-389.97289118985645,-393.0079788535368,-4.831230755429772,-1.0,0.1176455404411689,0.0,0,0.1795708773228628,0.18565657667894103,0.15145376406925343,0.11839237833552559,1.0
chr7:150784262:T:G;chr7:150784265:T:A;var1;middle;OL29|K562|b1c2a301fd7a6a15,chr7:150784262:T:G;chr7:150784265:T:A;var1;middle;OL29,K562,K562_region_02030,100,103,3,AGCGGAGCCGGGGGCTGCGGGAGCCGGGGCGCAGTGGCCTCTCCGGCGCCGGCCGAGGGCTCCACAGGCCGTGCCTGGCCATGCTCTCCCTGTCGGGGGTCCTTGCGCGCTTGAGGACCAGGCCACGAGGTTTGCCGATCTGTGTTGCAGAACCGGCGGGCAGCTTCGCCATATCTCGTTCGGGGACACTTTGGGGTTGG,c9e44df1b1964c6da7d602f363f4c28d55a889c38bc9375101a0511abdc19bb3,0.0,AGCGGAGCCGGGGGCTGCGGGAGCCGGGGCGCAGTGGCCTCTCCGGCGCCGGCCGAGGGCTCCACAGGCCGTGCCTGGCCATGCTCTCCCTGTCGGGGGGCCTTGCGCGCTTGAGGACCAGGCCACGAGGTTTGCCGATCTGTGTTGCAGAACCGGCGGGCAGCTTCGCCATATCTCGTTCGGGGACACTTTGGGGTTGG,af2c08785579e9046a3902fbab84b198394bfac8c15cf701edc46fce09ab4cc4,0.0565049865503396,AGCGGAGCCGGGGGCTGCGGGAGCCGGGGCGCAGTGGCCTCTCCGGCGCCGGCCGAGGGCTCCACAGGCCGTGCCTGGCCATGCTCTCCCTGTCGGGGGTCCATGCGCGCTTGAGGACCAGGCCACGAGGTTTGCCGATCTGTGTTGCAGAACCGGCGGGCAGCTTCGCCATATCTCGTTCGGGGACACTTTGGGGTTGG,1c09522b26ebe4e4ba5e5f0ef55a46eb96d84be7d3678ef86054b9099a0ffe9e,-0.0052942779892216,AGCGGAGCCGGGGGCTGCGGGAGCCGGGGCGCAGTGGCCTCTCCGGCGCCGGCCGAGGGCTCCACAGGCCGTGCCTGGCCATGCTCTCCCTGTCGGGGGGCCATGCGCGCTTGAGGACCAGGCCACGAGGTTTGCCGATCTGTGTTGCAGAACCGGCGGGCAGCTTCGCCATATCTCGTTCGGGGACACTTTGGGGTTGG,b1c2a301fd7a6a159ec58ad90c6c3ea4a21fd633344e6c4b2708b8fa32fb2f96,-0.171839070769273,0.223049779330391,0.198109437282737,-382.4450666264165,-374.0200571138412,-380.6162398023298,-372.8094236906618,0.6181934009073302,1.0,0.223049779330391,0.0,0,0.1865700545138991,0.18565657667894103,0.15145376406925343,0.11039737358287842,1.0
chr7:150784263:C:A;chr7:150784265:T:A;var1;middle;OL29|K562|801d2561705627fb,chr7:150784263:C:A;chr7:150784265:T:A;var1;middle;OL29,K562,K562_region_02030,100,102,2,GCGGAGCCGGGGGCTGCGGGAGCCGGGGCGCAGTGGCCTCTCCGGCGCCGGCCGAGGGCTCCACAGGCCGTGCCTGGCCATGCTCTCCCTGTCGGGGGTCCTTGCGCGCTTGAGGACCAGGCCACGAGGTTTGCCGATCTGTGTTGCAGAACCGGCGGGCAGCTTCGCCATATCTCGTTCGGGGACACTTTGGGGTTGGG,34f7cfaa9ab3c261b98c466600624310aab96f298216f107088498e0b1b4c3f8,0.0,GCGGAGCCGGGGGCTGCGGGAGCCGGGGCGCAGTGGCCTCTCCGGCGCCGGCCGAGGGCTCCACAGGCCGTGCCTGGCCATGCTCTCCCTGTCGGGGGTACTTGCGCGCTTGAGGACCAGGCCACGAGGTTTGCCGATCTGTGTTGCAGAACCGGCGGGCAGCTTCGCCATATCTCGTTCGGGGACACTTTGGGGTTGGG,b0d7753d41c73357233cf7f0eb760aa3d14594cb38f74ca5c9da71ec2db889c2,-0.0918303931533237,GCGGAGCCGGGGGCTGCGGGAGCCGGGGCGCAGTGGCCTCTCCGGCGCCGGCCGAGGGCTCCACAGGCCGTGCCTGGCCATGCTCTCCCTGTCGGGGGTCCATGCGCGCTTGAGGACCAGGCCACGAGGTTTGCCGATCTGTGTTGCAGAACCGGCGGGCAGCTTCGCCATATCTCGTTCGGGGACACTTTGGGGTTGGG,fd348829db155f74f68faab9ce51f697a7bf26921c44d90b1b464112dd066d17,-0.0723987698852301,GCGGAGCCGGGGGCTGCGGGAGCCGGGGCGCAGTGGCCTCTCCGGCGCCGGCCGAGGGCTCCACAGGCCGTGCCTGGCCATGCTCTCCCTGTCGGGGGTACATGCGCGCTTGAGGACCAGGCCACGAGGTTTGCCGATCTGTGTTGCAGAACCGGCGGGCAGCTTCGCCATATCTCGTTCGGGGACACTTTGGGGTTGGG,801d2561705627fb0ccc88244e99eae647b6d8b210cd2862824ae880ab1a07c8,0.0801981450330617,0.2444273080716155,0.161091764705361,-387.48020975338295,-403.8165059641469,-388.0431542820297,-416.937408549129,-12.55795805633528,-1.0,-0.2444273080716155,0.0,0,0.16964675838215507,0.18565657667894103,0.15145376406925343,0.21467976968329755,1.0
chr7:151413124:T:C;chr7:151413194:T:C;var1;middle;OL27|K562|3155da39be2b2916,chr7:151413124:T:C;chr7:151413194:T:C;var1;middle;OL27,K562,K562_region_02031,100,170,70,AGAGGCACTTTTATATATTTATAGATGAAATGATATGTCTTGGATTTGCTTCAAAATAATCCAAGGGGCAGGGGAGGTGGGTGTGTGCAGGGATGGAGCTCGATTGCCCTTGAGTTTGTAGTCTGGGGTTGAGCAGAGGACACACAGGGCTTCAGTACGCTCTTTTCTCTTTGATAAGTGCTGGAGATTTGCCTAATACA,1d328d0008d262912b3621be578d90e01e4664da3adaf69013df3d2d386197c0,0.0,AGAGGCACTTTTATATATTTATAGATGAAATGATATGTCTTGGATTTGCTTCAAAATAATCCAAGGGGCAGGGGAGGTGGGTGTGTGCAGGGATGGAGCCCGATTGCCCTTGAGTTTGTAGTCTGGGGTTGAGCAGAGGACACACAGGGCTTCAGTACGCTCTTTTCTCTTTGATAAGTGCTGGAGATTTGCCTAATACA,d4b86607f11290510ce4ef47f093d7c5363ef59f3504b04550e97c3b6e2d95b6,-0.0436778149209369,AGAGGCACTTTTATATATTTATAGATGAAATGATATGTCTTGGATTTGCTTCAAAATAATCCAAGGGGCAGGGGAGGTGGGTGTGTGCAGGGATGGAGCTCGATTGCCCTTGAGTTTGTAGTCTGGGGTTGAGCAGAGGACACACAGGGCTTCAGTACGCTCTTTTCTCCTTGATAAGTGCTGGAGATTTGCCTAATACA,7f5ef98b7257c94cb1a349b82d91c43ad086e4db63df740d6a516f7fb7d4a8b8,0.154349408228911,AGAGGCACTTTTATATATTTATAGATGAAATGATATGTCTTGGATTTGCTTCAAAATAATCCAAGGGGCAGGGGAGGTGGGTGTGTGCAGGGATGGAGCCCGATTGCCCTTGAGTTTGTAGTCTGGGGTTGAGCAGAGGACACACAGGGCTTCAGTACGCTCTTTTCTCCTTGATAAGTGCTGGAGATTTGCCTAATACA,3155da39be2b2916e82d579621f61272e272019fc6efcca9fe89b5b4961dc047,-0.0270492195081108,-0.1377208128160849,0.090722477659145,-253.4420526921749,-252.209097892046,-255.57389757037163,-253.8199710100889,0.5209717601537989,-1.0,0.1377208128160849,0.0,0,0.18644518416596595,0.18565657667894103,0.15145376406925343,0.15600438815200532,1.0
chr7:151415233:C:T;chr7:151415256:C:T;var1;middle;OL27|K562|e51510d78f54cdba,chr7:151415233:C:T;chr7:151415256:C:T;var1;middle;OL27,K562,K562_region_02032,100,123,23,ATGGAAGCAGATGCCAGGCAGGAGGTCCTGCCTTCCAGAGCAGACACTATCTTAGTCATCTTGGGCTGGCAGAACAGAGCACATAGATGGGGTGGCTTACGTAACAGAAGTTGATTTTCTTACGGTTCTGGGGGCTGGAAAGCCCAAGGTCACGGTGCCAGCCCTGTTGGTTTCTGGTGAGGACCCTCTTCCTGGCTTGC,6586ff17670893e2e454372b4d7ddf3be6a68d7e8fc946602db23a529c0ddb7a,0.0,ATGGAAGCAGATGCCAGGCAGGAGGTCCTGCCTTCCAGAGCAGACACTATCTTAGTCATCTTGGGCTGGCAGAACAGAGCACATAGATGGGGTGGCTTATGTAACAGAAGTTGATTTTCTTACGGTTCTGGGGGCTGGAAAGCCCAAGGTCACGGTGCCAGCCCTGTTGGTTTCTGGTGAGGACCCTCTTCCTGGCTTGC,604b4890f542dfd1365cccd235af028ec70a4f166bc38a102334c5ed669a46f8,-0.0339265245842304,ATGGAAGCAGATGCCAGGCAGGAGGTCCTGCCTTCCAGAGCAGACACTATCTTAGTCATCTTGGGCTGGCAGAACAGAGCACATAGATGGGGTGGCTTACGTAACAGAAGTTGATTTTCTTATGGTTCTGGGGGCTGGAAAGCCCAAGGTCACGGTGCCAGCCCTGTTGGTTTCTGGTGAGGACCCTCTTCCTGGCTTGC,4d3ecf81935421113c2483aa84f1010a2e4e2879c59ca48475a4a189d0070c5b,-0.027141563150589,ATGGAAGCAGATGCCAGGCAGGAGGTCCTGCCTTCCAGAGCAGACACTATCTTAGTCATCTTGGGCTGGCAGAACAGAGCACATAGATGGGGTGGCTTATGTAACAGAAGTTGATTTTCTTATGGTTCTGGGGGCTGGAAAGCCCAAGGTCACGGTGCCAGCCCTGTTGGTTTCTGGTGAGGACCCTCTTCCTGGCTTGC,e51510d78f54cdba2adac8aa2501844a2201a380fbb50afc638ee478a9d98db6,-0.0267001825789335,0.0343679051558859,0.0991977666973776,-158.282500365749,-153.30407283082604,-155.89183731749654,-151.58136154711246,-0.6679517645388842,-1.0,-0.0343679051558859,0.0,0,0.18491814457844577,0.18565657667894103,0.15145376406925343,0.20817946328030246,1.0
chr7:1540502:T:C;chr7:1540535:A:C;var1;middle;OL41|K562|f1b1cc32d9df73e3,chr7:1540502:T:C;chr7:1540535:A:C;var1;middle;OL41,K562,K562_region_01907,100,133,33,GTCTCCAGCATGCCCTTCTTCCCACTTTTCCTCCCTCTTTCCATGGGTGCTCGGCTCACAACCTTCCTCCAGACGAGTGCCTGACCCTCCCACATCCTCTGAGGAGCACCAGGGCCAGCACACACCTTTCCTATCGTCGTGTTTGCCACTGTTGGATCGGAGGTTTTCTCATTTTCATTCTGATTCTTCTCTGTCCCAAC,cfb17fb4fc988d624d89bcd30af03d85b1c8675374a69c2f364e8ed3d72f542f,0.0,GTCTCCAGCATGCCCTTCTTCCCACTTTTCCTCCCTCTTTCCATGGGTGCTCGGCTCACAACCTTCCTCCAGACGAGTGCCTGACCCTCCCACATCCTCCGAGGAGCACCAGGGCCAGCACACACCTTTCCTATCGTCGTGTTTGCCACTGTTGGATCGGAGGTTTTCTCATTTTCATTCTGATTCTTCTCTGTCCCAAC,de9eac17cc66572e123d7cf64b7746eb3ae9e696882e6a7b1bd199aefc3ea125,-0.14864170313322,GTCTCCAGCATGCCCTTCTTCCCACTTTTCCTCCCTCTTTCCATGGGTGCTCGGCTCACAACCTTCCTCCAGACGAGTGCCTGACCCTCCCACATCCTCTGAGGAGCACCAGGGCCAGCACACACCTTTCCTCTCGTCGTGTTTGCCACTGTTGGATCGGAGGTTTTCTCATTTTCATTCTGATTCTTCTCTGTCCCAAC,51dbbb32945a8842d11144d3970e49dd5ac65f56a850bdb68d559ce3802aaf13,-0.421220373032233,GTCTCCAGCATGCCCTTCTTCCCACTTTTCCTCCCTCTTTCCATGGGTGCTCGGCTCACAACCTTCCTCCAGACGAGTGCCTGACCCTCCCACATCCTCCGAGGAGCACCAGGGCCAGCACACACCTTTCCTCTCGTCGTGTTTGCCACTGTTGGATCGGAGGTTTTCTCATTTTCATTCTGATTCTTCTCTGTCCCAAC,f1b1cc32d9df73e3ca081fc6403800ffc4f18e7eeaa11e71255b14ae278df7ad,0.0628425379137673,0.6327046140792202,0.372417746419016,-266.3674286156893,-285.68144668638706,-253.48987039923668,-282.7847604602576,-9.980871990323124,-1.0,-0.6327046140792202,0.0,2,0.16066151178050547,0.17490732828716207,0.146091925319964,0.277517040669766,1.0
chr7:155092205:T:G;chr7:155092225:C:G;var1;middle;OL41|K562|0eb43870f2b20ee2,chr7:155092205:T:G;chr7:155092225:C:G;var1;middle;OL41,K562,K562_region_02033,100,120,20,AAAATTAGAACCTGATGAAGTATAATAAATTGAAAACAACATTTTTTATCTGAATGTTTGATGCAAACTGTGTTTCTTGTTTCTCAGTTGAACCTAAAATGTATATTTCTTTCATACTACACTGAGGTGAAACAATTGCAGGGTTCTCAAGAGCCCTGGGACACAGTGACCCTTGTGTCCCAGCATCCAACCCCACGGGC,3d73b5e64caab3293fbf029b002deb78a9ceebe40cdcf196c9b732b69862f3cd,0.0,AAAATTAGAACCTGATGAAGTATAATAAATTGAAAACAACATTTTTTATCTGAATGTTTGATGCAAACTGTGTTTCTTGTTTCTCAGTTGAACCTAAAAGGTATATTTCTTTCATACTACACTGAGGTGAAACAATTGCAGGGTTCTCAAGAGCCCTGGGACACAGTGACCCTTGTGTCCCAGCATCCAACCCCACGGGC,323e11bed7da57558d347ad4272490dc08d3506b5c04f35915677a8a65cd0be9,-0.144954600201577,AAAATTAGAACCTGATGAAGTATAATAAATTGAAAACAACATTTTTTATCTGAATGTTTGATGCAAACTGTGTTTCTTGTTTCTCAGTTGAACCTAAAATGTATATTTCTTTCATACTAGACTGAGGTGAAACAATTGCAGGGTTCTCAAGAGCCCTGGGACACAGTGACCCTTGTGTCCCAGCATCCAACCCCACGGGC,db38f091c52d29a5783fffdbbc78282ba674c9be7b480dd05bb1de81b9f3e1bb,0.321205556160755,AAAATTAGAACCTGATGAAGTATAATAAATTGAAAACAACATTTTTTATCTGAATGTTTGATGCAAACTGTGTTTCTTGTTTCTCAGTTGAACCTAAAAGGTATATTTCTTTCATACTAGACTGAGGTGAAACAATTGCAGGGTTCTCAAGAGCCCTGGGACACAGTGACCCTTGTGTCCCAGCATCCAACCCCACGGGC,0eb43870f2b20ee27d43edcdbc9d53d3e39d4bcd316df3b9aa7d26adaa70ab22,-0.249029687384641,0.425280643343819,0.314982689975215,-319.8226872610394,-337.20794873917475,-327.7090552104637,-351.8509691723157,6.756652483716607,1.0,0.425280643343819,0.0,4,0.18457359783903957,0.17620727786206916,0.145609630836647,0.18187990718265595,1.0
chr7:155195682:G:A;chr7:155195759:G:T;var1;middle;OL41|K562|ce05996f867a2334,chr7:155195682:G:A;chr7:155195759:G:T;var1;middle;OL41,K562,K562_region_02034,100,177,77,CCTTCTTATGTGCTTCCCCTAACCTGTAACATGGCAGGTTATGTGCATAATAGAAGGAAGAGCGGGTCCAGGTGCACAGACTTTCTCTGTTGGGGGCTTGCAACCCATGATGCAATCATGTGGATGCCCAGAAGACCACTAGGACATCCCATTGATCTTCATCATAAGAAATACAAGAGCAGTGCTGTCTCTGGTCGTGC,d27bec965f122f3b118411f2a4e681a5a5845c09207e66383ff2625df1daf7d8,0.0,CCTTCTTATGTGCTTCCCCTAACCTGTAACATGGCAGGTTATGTGCATAATAGAAGGAAGAGCGGGTCCAGGTGCACAGACTTTCTCTGTTGGGGGCTTACAACCCATGATGCAATCATGTGGATGCCCAGAAGACCACTAGGACATCCCATTGATCTTCATCATAAGAAATACAAGAGCAGTGCTGTCTCTGGTCGTGC,c4fe918a77817d0d0710ee1f24c29f4cd1b944cd0fdc6e724c111567c6d439ee,-0.186746734731204,CCTTCTTATGTGCTTCCCCTAACCTGTAACATGGCAGGTTATGTGCATAATAGAAGGAAGAGCGGGTCCAGGTGCACAGACTTTCTCTGTTGGGGGCTTGCAACCCATGATGCAATCATGTGGATGCCCAGAAGACCACTAGGACATCCCATTGATCTTCATCATAAGAAATACAATAGCAGTGCTGTCTCTGGTCGTGC,fdd6b037c5907efde01cf06147f4cbe28d1b37d9ad57e06b02bc4d5e45ee56b2,-0.0269253241212809,CCTTCTTATGTGCTTCCCCTAACCTGTAACATGGCAGGTTATGTGCATAATAGAAGGAAGAGCGGGTCCAGGTGCACAGACTTTCTCTGTTGGGGGCTTACAACCCATGATGCAATCATGTGGATGCCCAGAAGACCACTAGGACATCCCATTGATCTTCATCATAAGAAATACAATAGCAGTGCTGTCTCTGGTCGTGC,ce05996f867a233421398ce1310f79045dd34baf832ce3196c4e3e2540158375,0.163584657341288,0.3772567161937729,0.376599572518219,-317.75068559125066,-319.366053304635,-314.76074763108045,-321.6879126643762,-5.31179731991142,-1.0,-0.3772567161937729,0.0,3,0.17077405105580967,0.18106719778262317,0.1474303780702046,0.18003557780233073,1.0
chr7:155195759:G:T;chr7:155195840:C:T;var1;middle;OL41|K562|8b40e0c706cbaee3,chr7:155195759:G:T;chr7:155195840:C:T;var1;middle;OL41,K562,K562_region_02034,100,181,81,AGACTTTCTCTGTTGGGGGCTTGCAACCCATGATGCAATCATGTGGATGCCCAGAAGACCACTAGGACATCCCATTGATCTTCATCATAAGAAATACAAGAGCAGTGCTGTCTCTGGTCGTGCCCACAGAGAAGGGAGTAAATAGTGAGGATTTTGTAGCCATGGGAACAAGAGGTCCTTCCAGAAGAAATGACCTCTTT,ffb52602e399b033c9e73682f02e3cb596a4e3fa32dbf70d0a4c47f6ce231f15,0.0,AGACTTTCTCTGTTGGGGGCTTGCAACCCATGATGCAATCATGTGGATGCCCAGAAGACCACTAGGACATCCCATTGATCTTCATCATAAGAAATACAATAGCAGTGCTGTCTCTGGTCGTGCCCACAGAGAAGGGAGTAAATAGTGAGGATTTTGTAGCCATGGGAACAAGAGGTCCTTCCAGAAGAAATGACCTCTTT,a069acea68842a22f189856f315d517d2f1bbc4e2a8cf483267b90f2c08a8cf3,0.211364229506671,AGACTTTCTCTGTTGGGGGCTTGCAACCCATGATGCAATCATGTGGATGCCCAGAAGACCACTAGGACATCCCATTGATCTTCATCATAAGAAATACAAGAGCAGTGCTGTCTCTGGTCGTGCCCACAGAGAAGGGAGTAAATAGTGAGGATTTTGTAGCCATGGGAACAAGAGGTCCTTTCAGAAGAAATGACCTCTTT,b5e9aabcd8ada84c407d349a690d24220d4abbf0756923e8205da809089d9a41,0.0390456522320656,AGACTTTCTCTGTTGGGGGCTTGCAACCCATGATGCAATCATGTGGATGCCCAGAAGACCACTAGGACATCCCATTGATCTTCATCATAAGAAATACAATAGCAGTGCTGTCTCTGGTCGTGCCCACAGAGAAGGGAGTAAATAGTGAGGATTTTGTAGCCATGGGAACAAGAGGTCCTTTCAGAAGAAATGACCTCTTT,8b40e0c706cbaee303764f8981e37913f7a26a5cfda981d569496142e09575c5,-0.0452029637158754,0.2956128454546119,0.216325739796334,-304.15582091454417,-302.39523047581315,-315.5828777039424,-302.845360243693,-10.97692702151835,1.0,0.2956128454546119,0.0,3,0.15936342945524648,0.18106719778262317,0.1474303780702046,0.09919325951792675,1.0
chr7:155662382:T:C;chr7:155662386:C:A;var1;middle;OL28|K562|6c7d0e55198c6036,chr7:155662382:T:C;chr7:155662386:C:A;var1;middle;OL28,K562,K562_region_02035,100,104,4,GGAGCCCAGAGTTTGCTGTGTGGAGTGTGCCTCGAGGGTCCTGGTCTGCCTGTCACCTCCCTATGGAGCTCCTGAACTCATGAAATACAGCCAGCAAAATAGTCCTCAGGGCCCAGCCTCTCTTCAGTGCACAGGCATAACTTGGTTTATAAATATTACATGGAGTTGTTCATGCACAGCTGGGGGAGAATAGGCCCCCA,24807e44bb475d13daa011b18188997fd33353ba13703711ddb2885604a72fc7,0.0,GGAGCCCAGAGTTTGCTGTGTGGAGTGTGCCTCGAGGGTCCTGGTCTGCCTGTCACCTCCCTATGGAGCTCCTGAACTCATGAAATACAGCCAGCAAAACAGTCCTCAGGGCCCAGCCTCTCTTCAGTGCACAGGCATAACTTGGTTTATAAATATTACATGGAGTTGTTCATGCACAGCTGGGGGAGAATAGGCCCCCA,3d999e86fe12d2fbd114e3714f6d21bc03f1cf7cd80ab8b397f037f63559beaf,-0.0210433340405283,GGAGCCCAGAGTTTGCTGTGTGGAGTGTGCCTCGAGGGTCCTGGTCTGCCTGTCACCTCCCTATGGAGCTCCTGAACTCATGAAATACAGCCAGCAAAATAGTACTCAGGGCCCAGCCTCTCTTCAGTGCACAGGCATAACTTGGTTTATAAATATTACATGGAGTTGTTCATGCACAGCTGGGGGAGAATAGGCCCCCA,79f3a05fc308d0b69523efffaddf1e7b2240c3d7a6cb327f4961c5c47dcfc82a,-0.0184060167953301,GGAGCCCAGAGTTTGCTGTGTGGAGTGTGCCTCGAGGGTCCTGGTCTGCCTGTCACCTCCCTATGGAGCTCCTGAACTCATGAAATACAGCCAGCAAAACAGTACTCAGGGCCCAGCCTCTCTTCAGTGCACAGGCATAACTTGGTTTATAAATATTACATGGAGTTGTTCATGCACAGCTGGGGGAGAATAGGCCCCCA,6c7d0e55198c6036a1c067d03485d0dc69da2f5adcf93741ff711eb50ce6c453,0.0938817959211474,0.1333311467570058,0.18556205259255,-385.69588650390506,-378.4597503342666,-396.8542086882517,-386.392093145987,3.2259793726261705,-1.0,-0.1333311467570058,0.0,1,0.18564739970495736,0.18216460459877223,0.1501433469024087,0.22387537816546046,1.0
chr7:156124435:A:G;chr7:156124437:A:G;var1;middle;OL28|K562|d1da1ef094c3b803,chr7:156124435:A:G;chr7:156124437:A:G;var1;middle;OL28,K562,K562_region_02036,100,102,2,GTAAGTGGCCGAGAGTCAAGACTGGAACCAGCAGTCATCATGGGAGACAAGTGCCCACAGTCAGCACACTGACGGCAGGTCACAGGATCACTGACAGGCACATCACGGGATCACTGATGGGCGGGTCATGGGATCACTGGCAGACTAGGCATGAGATCACTGACAGATCGTGGGATCACTGGTGGGATGACTGATAAGTC,eb6a3db6c96104f73708064fef4500ce98d945ed93b16460cdecfeb5a42fb33e,0.0,GTAAGTGGCCGAGAGTCAAGACTGGAACCAGCAGTCATCATGGGAGACAAGTGCCCACAGTCAGCACACTGACGGCAGGTCACAGGATCACTGACAGGCGCATCACGGGATCACTGATGGGCGGGTCATGGGATCACTGGCAGACTAGGCATGAGATCACTGACAGATCGTGGGATCACTGGTGGGATGACTGATAAGTC,d807a9b54c39051d9b9a5350e2de54c9e786fbe5922b28ad977d93b00e2887fd,0.415106383638855,GTAAGTGGCCGAGAGTCAAGACTGGAACCAGCAGTCATCATGGGAGACAAGTGCCCACAGTCAGCACACTGACGGCAGGTCACAGGATCACTGACAGGCACGTCACGGGATCACTGATGGGCGGGTCATGGGATCACTGGCAGACTAGGCATGAGATCACTGACAGATCGTGGGATCACTGGTGGGATGACTGATAAGTC,0ea95559937f5f313127b2fbd095940c6686760545fbf910b442e12165d1b351,0.383629710491912,GTAAGTGGCCGAGAGTCAAGACTGGAACCAGCAGTCATCATGGGAGACAAGTGCCCACAGTCAGCACACTGACGGCAGGTCACAGGATCACTGACAGGCGCGTCACGGGATCACTGATGGGCGGGTCATGGGATCACTGGCAGACTAGGCATGAGATCACTGACAGATCGTGGGATCACTGGTGGGATGACTGATAAGTC,d1da1ef094c3b803516b7594536a7ed8307705376776ee89d2ce342a2e11578f,0.512383047940513,0.286353046190254,0.137463428672845,-185.22705202084035,-186.49729850376025,-187.7758587412536,-188.0450055559632,-1.0010996682103155,1.0,0.286353046190254,0.0,4,0.17495855201820418,0.17620727786206916,0.145609630836647,-0.2012091903682016,1.0
chr7:156403979:A:G;chr7:156404062:C:T;var1;middle;OL28|K562|78f07aceb09c957a,chr7:156403979:A:G;chr7:156404062:C:T;var1;middle;OL28,K562,K562_region_02037,100,183,83,CCAGACGTACTGGACATTCTTTAATGCTCTGCCTCAGTCATGGATTAACTGTTGACCAAGACAGAGTCAGAAAGCCCCCTGGAGATGCTGTTCCTCCCGAGTCAGCTGAGCTATCTAATGGCCTGGAGTGGGGCCTGTGCACTGTGGTCTGCTCACTGATTTCTTGGGGTGAGTCTTAGCCCCGCCTTACACTAAATTAT,b235fe29ae65997a40ecaa252808ac8680e0074be4b41aee288c42484933c7f9,0.0,CCAGACGTACTGGACATTCTTTAATGCTCTGCCTCAGTCATGGATTAACTGTTGACCAAGACAGAGTCAGAAAGCCCCCTGGAGATGCTGTTCCTCCCGGGTCAGCTGAGCTATCTAATGGCCTGGAGTGGGGCCTGTGCACTGTGGTCTGCTCACTGATTTCTTGGGGTGAGTCTTAGCCCCGCCTTACACTAAATTAT,6aa8ad53574a171b30451c6fc5129341e66e1e2900f01d583a3d08f0ca2278af,-0.0895477999682122,CCAGACGTACTGGACATTCTTTAATGCTCTGCCTCAGTCATGGATTAACTGTTGACCAAGACAGAGTCAGAAAGCCCCCTGGAGATGCTGTTCCTCCCGAGTCAGCTGAGCTATCTAATGGCCTGGAGTGGGGCCTGTGCACTGTGGTCTGCTCACTGATTTCTTGGGGTGAGTCTTAGCCCTGCCTTACACTAAATTAT,8844ebf00026efd5fc7322edae920c5f7a640473efa3a4e2a0f5ccea17871d5f,-2.27741775101744,CCAGACGTACTGGACATTCTTTAATGCTCTGCCTCAGTCATGGATTAACTGTTGACCAAGACAGAGTCAGAAAGCCCCCTGGAGATGCTGTTCCTCCCGGGTCAGCTGAGCTATCTAATGGCCTGGAGTGGGGCCTGTGCACTGTGGTCTGCTCACTGATTTCTTGGGGTGAGTCTTAGCCCTGCCTTACACTAAATTAT,78f07aceb09c957a37aaf4cf56f1b02796d9aa320452bbdd4ae85b31116932cc,-2.36409376462228,-0.002871786363372,0.136515439942473,-261.0770947635174,-260.77792075276375,-257.17819306254387,-256.502685636282,-0.3763334155082134,1.0,-0.002871786363372,0.0,0,0.18529269580412885,0.18565657667894103,0.15145376406925343,0.11623421623404376,1.0
chr7:15668027:C:A;chr7:15668070:C:G;var1;middle;OL29|K562|6515a0affc91cbc0,chr7:15668027:C:A;chr7:15668070:C:G;var1;middle;OL29,K562,K562_region_01924,100,143,43,TAAAGACTTTTACTTTGATTCTTAGCAGTATCTAAGTGAGCCAGATGTAAAGTTTTCTAGGTCTAGTAGCAGCAGCAGCAGCAATAAGTTGCCTCAACACCTTGGCACACTGACCATTACTTATCCTCTGATGGATCACAGACTGTTTCACTCACTGGTGCACTGGCACTATCTAAAACTCTTCATTCACTGACCACGTT,2a34ae9836139f4c9f70cef058fa68d40cb3cd45464b0b4f8a096e287525ac86,0.0,TAAAGACTTTTACTTTGATTCTTAGCAGTATCTAAGTGAGCCAGATGTAAAGTTTTCTAGGTCTAGTAGCAGCAGCAGCAGCAATAAGTTGCCTCAACAACTTGGCACACTGACCATTACTTATCCTCTGATGGATCACAGACTGTTTCACTCACTGGTGCACTGGCACTATCTAAAACTCTTCATTCACTGACCACGTT,f5c1486e9e4315f7be14e80ab0a16d8235a9d16f4d4ac89558217cb96bc1e4ea,0.336733010338036,TAAAGACTTTTACTTTGATTCTTAGCAGTATCTAAGTGAGCCAGATGTAAAGTTTTCTAGGTCTAGTAGCAGCAGCAGCAGCAATAAGTTGCCTCAACACCTTGGCACACTGACCATTACTTATCCTCTGATGGATCACAGAGTGTTTCACTCACTGGTGCACTGGCACTATCTAAAACTCTTCATTCACTGACCACGTT,49a0cfac9d8431de61a5acca8e40e6d7291f1e176262dc7a72bc2e215a18ca08,0.0647052590837907,TAAAGACTTTTACTTTGATTCTTAGCAGTATCTAAGTGAGCCAGATGTAAAGTTTTCTAGGTCTAGTAGCAGCAGCAGCAGCAATAAGTTGCCTCAACAACTTGGCACACTGACCATTACTTATCCTCTGATGGATCACAGAGTGTTTCACTCACTGGTGCACTGGCACTATCTAAAACTCTTCATTCACTGACCACGTT,6515a0affc91cbc0e08363592ce027078ec3a4f93fcc6aa86f1d169c31c71a9d,0.0440313197296888,0.3574069496921379,0.185538154453558,-362.5159040432191,-367.17089375609066,-362.8697314944002,-366.92273225984536,-0.6019889474263778,1.0,0.3574069496921379,0.0,2,0.17431792379070982,0.17490732828716207,0.146091925319964,0.1061008913176353,1.0
chr7:15956388:T:C;chr7:15956470:T:C;var1;middle;OL29|K562|97e5f500cdc5b310,chr7:15956388:T:C;chr7:15956470:T:C;var1;middle;OL29,K562,K562_region_01925,100,182,82,CGGAGCGAACATGAGTCCTTAGAATAAAGGCCTGTGACATCAAGCATTCAGCTGTTAACCAGAGGGAAATCACTTGTACTTTTCTAGCCTGTAGTCTTATCTGTAGTTACAGAATTTCTTTGCAACATTTACTATTGTAAGATGTAGAACATGGTGAAATGTTGTAGAAATCACGGAAATGTAGGCTTGAGATGATGCCA,6ff8f740ac5e8323596d325bedc7bd4aada05e195f5c96f3c98743d3c5e37f4b,0.0,CGGAGCGAACATGAGTCCTTAGAATAAAGGCCTGTGACATCAAGCATTCAGCTGTTAACCAGAGGGAAATCACTTGTACTTTTCTAGCCTGTAGTCTTACCTGTAGTTACAGAATTTCTTTGCAACATTTACTATTGTAAGATGTAGAACATGGTGAAATGTTGTAGAAATCACGGAAATGTAGGCTTGAGATGATGCCA,8b4230f9934840c7d149352cb83147fa630109d8bbf7375158a669bb279dbe79,0.0997202826628265,CGGAGCGAACATGAGTCCTTAGAATAAAGGCCTGTGACATCAAGCATTCAGCTGTTAACCAGAGGGAAATCACTTGTACTTTTCTAGCCTGTAGTCTTATCTGTAGTTACAGAATTTCTTTGCAACATTTACTATTGTAAGATGTAGAACATGGTGAAATGTTGTAGAAATCACGGAAATGCAGGCTTGAGATGATGCCA,4e492d63e9a072a7c5fcd0372f91bfe28ce81f4d4b978b2489d05b54e78abbc7,-0.1336566306533,CGGAGCGAACATGAGTCCTTAGAATAAAGGCCTGTGACATCAAGCATTCAGCTGTTAACCAGAGGGAAATCACTTGTACTTTTCTAGCCTGTAGTCTTACCTGTAGTTACAGAATTTCTTTGCAACATTTACTATTGTAAGATGTAGAACATGGTGAAATGTTGTAGAAATCACGGAAATGCAGGCTTGAGATGATGCCA,97e5f500cdc5b31097caed45bf5f14165cc1347515456560dfb4b0fe6bf24cae,0.0601457781818934,0.0940821261723669,0.18816968095612,-313.2935011778027,-309.5969752240926,-320.182343875058,-309.87177589628845,6.614042025059462,-1.0,-0.0940821261723669,0.0,4,0.18439684482248717,0.17620727786206916,0.145609630836647,0.2943809627041102,1.0
chr7:1622775:C:G;chr7:1622837:C:T;var1;middle;OL41|K562|d14485cd3860ae38,chr7:1622775:C:G;chr7:1622837:C:T;var1;middle;OL41,K562,K562_region_01908,100,162,62,CTCAGCACCTGTCTCCAGAGCTCTTTCATCTCCCCAAACTGAAACTCTGCCCCCATGAAACCCTCACTCTCCATCCCCCCTGTGACCCCCGGCACCCACCGTTCTGTTTTCTGTCTCTGCAGATTCGATTGCTGTAGGGACCCCGTGGGTGTGGAATCAGACAGTATTGGTCCTTTCATGACTGGCTTATTTCACAAAAC,fb2aa029d55e29874cd63b2c17182845870f4526e13a0789d6b57aa7c3a77ea8,0.0,CTCAGCACCTGTCTCCAGAGCTCTTTCATCTCCCCAAACTGAAACTCTGCCCCCATGAAACCCTCACTCTCCATCCCCCCTGTGACCCCCGGCACCCACGGTTCTGTTTTCTGTCTCTGCAGATTCGATTGCTGTAGGGACCCCGTGGGTGTGGAATCAGACAGTATTGGTCCTTTCATGACTGGCTTATTTCACAAAAC,b6ad4da1796bc9e8072ec5e9aebaf696b2fa9b0bb602f374664f4e625c65b5ca,0.277073654409708,CTCAGCACCTGTCTCCAGAGCTCTTTCATCTCCCCAAACTGAAACTCTGCCCCCATGAAACCCTCACTCTCCATCCCCCCTGTGACCCCCGGCACCCACCGTTCTGTTTTCTGTCTCTGCAGATTCGATTGCTGTAGGGACCCCGTGGGTGTGGAATCAGATAGTATTGGTCCTTTCATGACTGGCTTATTTCACAAAAC,855752f178500429f1dcba9dcdcaef8a405b10d7507f04e71322cb3280e75e83,0.915837773160871,CTCAGCACCTGTCTCCAGAGCTCTTTCATCTCCCCAAACTGAAACTCTGCCCCCATGAAACCCTCACTCTCCATCCCCCCTGTGACCCCCGGCACCCACGGTTCTGTTTTCTGTCTCTGCAGATTCGATTGCTGTAGGGACCCCGTGGGTGTGGAATCAGATAGTATTGGTCCTTTCATGACTGGCTTATTTCACAAAAC,d14485cd3860ae3849838c33660dde0412b4e18806f23d437c527b007060c53a,0.345892844296761,0.847018583273818,0.500391381432502,-141.1614515054971,-143.30081762000918,-145.74436797574162,-147.897071512416,0.013337422162294388,1.0,0.847018583273818,0.0,4,0.17621585682960691,0.17620727786206916,0.145609630836647,0.2060755682803039,1.0
chr7:17015156:C:T;chr7:17015162:A:G;var1;middle;OL28|K562|6081be663e8007e8,chr7:17015156:C:T;chr7:17015162:A:G;var1;middle;OL28,K562,K562_region_01926,100,106,6,CTCATTAATAATAATTTTTGGGAACATATTTTCTGAGTAGGCTATTGGTCACATTTTCTTCCTTGCAGGAGTTTTCATATAGAGAATGCATACAAGCCACGAACCATAAGATGCCATACTGTTACTTAGAGCTAGGACTAAAAGCCATCCAATGATGAGCTTTTTGGTTAAAGAAAATGTAGCTTAGACTAGAGGTTAAA,ee271584c4e35b04c39c684f702cb9e645dc7b3c22d37fccbf1c26812e94c0f0,0.0,CTCATTAATAATAATTTTTGGGAACATATTTTCTGAGTAGGCTATTGGTCACATTTTCTTCCTTGCAGGAGTTTTCATATAGAGAATGCATACAAGCCATGAACCATAAGATGCCATACTGTTACTTAGAGCTAGGACTAAAAGCCATCCAATGATGAGCTTTTTGGTTAAAGAAAATGTAGCTTAGACTAGAGGTTAAA,687c6960773e03fb075b851e045938804215c8969862af2c983ec5f5e4cd4a3b,-0.275914921714367,CTCATTAATAATAATTTTTGGGAACATATTTTCTGAGTAGGCTATTGGTCACATTTTCTTCCTTGCAGGAGTTTTCATATAGAGAATGCATACAAGCCACGAACCGTAAGATGCCATACTGTTACTTAGAGCTAGGACTAAAAGCCATCCAATGATGAGCTTTTTGGTTAAAGAAAATGTAGCTTAGACTAGAGGTTAAA,1cad554e612ab2be2ff47197efca356b01427d419826e016929b5d5f5553bd43,-0.173018235849679,CTCATTAATAATAATTTTTGGGAACATATTTTCTGAGTAGGCTATTGGTCACATTTTCTTCCTTGCAGGAGTTTTCATATAGAGAATGCATACAAGCCATGAACCGTAAGATGCCATACTGTTACTTAGAGCTAGGACTAAAAGCCATCCAATGATGAGCTTTTTGGTTAAAGAAAATGTAGCTTAGACTAGAGGTTAAA,6081be663e8007e882015873baf80dcb0d7f132112896968fa89490f0d1b4463,-0.028363544353987,0.4205696132100589,0.140496621947289,-342.5673476085067,-335.47948256414384,-346.3714046208188,-335.4291338743642,3.8544057020917535,-1.0,-0.4205696132100589,0.0,2,0.18080679470801825,0.17490732828716207,0.146091925319964,0.0764742824288088,1.0
chr7:1711039:T:G;chr7:1711062:T:G;var1;middle;OL32|K562|87a3247d0d4258f0,chr7:1711039:T:G;chr7:1711062:T:G;var1;middle;OL32,K562,K562_region_01909,100,123,23,GCCTTCTGAAAAAAACGAAGGCTTAGCAGAAAGGGTCGAGGCCGGCCGAGCCAGGTGTGCACGTCCTCAAAAAGCCTCCGTGCCAGCACTTTCCCTTCCTGCACACCCGGAGTGGGGCCTCTTTGGACCCTGGCTTGGGCTGGCTGCCTCTGCCGCTCATTCCCTCGATTGGGCTAAGGGCTGTGCGGAGAGCCTGGGGA,a3b5da51fbe716403842bf764cc06b2f2b039469a8cdb46ccbd9cba545052164,0.0,GCCTTCTGAAAAAAACGAAGGCTTAGCAGAAAGGGTCGAGGCCGGCCGAGCCAGGTGTGCACGTCCTCAAAAAGCCTCCGTGCCAGCACTTTCCCTTCCGGCACACCCGGAGTGGGGCCTCTTTGGACCCTGGCTTGGGCTGGCTGCCTCTGCCGCTCATTCCCTCGATTGGGCTAAGGGCTGTGCGGAGAGCCTGGGGA,a61b81f34fcb5e51855698ac93b000765870fe15895adb0ac5edd96a40b86001,0.742818751273349,GCCTTCTGAAAAAAACGAAGGCTTAGCAGAAAGGGTCGAGGCCGGCCGAGCCAGGTGTGCACGTCCTCAAAAAGCCTCCGTGCCAGCACTTTCCCTTCCTGCACACCCGGAGTGGGGCCTCTGTGGACCCTGGCTTGGGCTGGCTGCCTCTGCCGCTCATTCCCTCGATTGGGCTAAGGGCTGTGCGGAGAGCCTGGGGA,1082e26007044c124967e08f1cf2672a3460955d3fcaf8226c61ee955b447075,0.25161287133614,GCCTTCTGAAAAAAACGAAGGCTTAGCAGAAAGGGTCGAGGCCGGCCGAGCCAGGTGTGCACGTCCTCAAAAAGCCTCCGTGCCAGCACTTTCCCTTCCGGCACACCCGGAGTGGGGCCTCTGTGGACCCTGGCTTGGGCTGGCTGCCTCTGCCGCTCATTCCCTCGATTGGGCTAAGGGCTGTGCGGAGAGCCTGGGGA,87a3247d0d4258f0f5b33a9596c7c0c3df82734bfb52e6db48c66156a5fa78c2,0.381979573223655,0.6124520493858339,0.299182984197764,-389.5798758603633,-386.2867728858255,-383.4261449519545,-381.9467187458649,1.8136767684482606,1.0,0.6124520493858339,0.0,4,0.17844721779198217,0.17620727786206916,0.145609630836647,0.0824608178416359,1.0
chr7:19145326:T:C;chr7:19145340:A:G;var1;middle;OL32|K562|ceb77f004de0f981,chr7:19145326:T:C;chr7:19145340:A:G;var1;middle;OL32,K562,K562_region_01927,100,114,14,ACCTGAGTCTTTTGAAGTAGTAATCAAACTTTAGGAAAAAGGCAGAGACTTTCAAAAACCTTTCTGGGTGTCTTTTGAGAGAGAGGAGGGAATAATTAGTAGACCTTTGTCATATGATTAAGCTTATCAAATCAGGATCGGTTCTACACACACCAATAAGCTCTGATCTGGTTCCTTGTTTTGTAACATTATAAAGAATG,9505d3b5f352225887629582e333fcafb214cf3c7932c0cc693cd743e795f528,0.0,ACCTGAGTCTTTTGAAGTAGTAATCAAACTTTAGGAAAAAGGCAGAGACTTTCAAAAACCTTTCTGGGTGTCTTTTGAGAGAGAGGAGGGAATAATTAGCAGACCTTTGTCATATGATTAAGCTTATCAAATCAGGATCGGTTCTACACACACCAATAAGCTCTGATCTGGTTCCTTGTTTTGTAACATTATAAAGAATG,a378a77fd02ffba5080ad82034699bffcb51eedbe729f30d130676f4d6e120f9,0.0909521391261211,ACCTGAGTCTTTTGAAGTAGTAATCAAACTTTAGGAAAAAGGCAGAGACTTTCAAAAACCTTTCTGGGTGTCTTTTGAGAGAGAGGAGGGAATAATTAGTAGACCTTTGTCATGTGATTAAGCTTATCAAATCAGGATCGGTTCTACACACACCAATAAGCTCTGATCTGGTTCCTTGTTTTGTAACATTATAAAGAATG,0609e8fd487eaefd0718d2bc53ad95ca114c06ea3c981065e89ba831daf4260b,1.82544125620004,ACCTGAGTCTTTTGAAGTAGTAATCAAACTTTAGGAAAAAGGCAGAGACTTTCAAAAACCTTTCTGGGTGTCTTTTGAGAGAGAGGAGGGAATAATTAGCAGACCTTTGTCATGTGATTAAGCTTATCAAATCAGGATCGGTTCTACACACACCAATAAGCTCTGATCTGGTTCCTTGTTTTGTAACATTATAAAGAATG,ceb77f004de0f9810612f35d10eaa627fc70651e6a9b8ddc8170194f5f77c8e2,2.00585848209565,-0.089465086769489,0.192019043256234,-367.4337782547809,-363.79081151261926,-357.4179392885417,-352.06309219263494,-1.711880353745073,1.0,-0.089465086769489,0.0,3,0.17802495129251913,0.18106719778262317,0.1474303780702046,0.0889299834952691,1.0
chr7:20418134:C:T;chr7:20418190:A:G;var1;middle;OL31|K562|a6223ffe95e09b61,chr7:20418134:C:T;chr7:20418190:A:G;var1;middle;OL31,K562,K562_region_01928,100,156,56,ATTCTTTAGCCCACTGTCTCATTCCTTCACTTGGCTAACTGATGGGAAGAATCTTACCAACTAACTAGTGATGAGGTACTAATTATTTTGAATAGCTTGCTGTACTACACAGTACCAGAGTTTTCTCATCTCCTGTGTAAATACACTTTAACCCAAAGGAATAAATTTATGCCTTTATCCAATAGGAGATCACCTTTTTT,3c4b1438bf9ae60019713e08be973018b582e470ac64c9d899633e45cdee0534,0.0,ATTCTTTAGCCCACTGTCTCATTCCTTCACTTGGCTAACTGATGGGAAGAATCTTACCAACTAACTAGTGATGAGGTACTAATTATTTTGAATAGCTTGTTGTACTACACAGTACCAGAGTTTTCTCATCTCCTGTGTAAATACACTTTAACCCAAAGGAATAAATTTATGCCTTTATCCAATAGGAGATCACCTTTTTT,c5c8564ec3045ede38839ed8e62a6a1753cbad2c26eb9571279fed915a598ac4,0.473759520399866,ATTCTTTAGCCCACTGTCTCATTCCTTCACTTGGCTAACTGATGGGAAGAATCTTACCAACTAACTAGTGATGAGGTACTAATTATTTTGAATAGCTTGCTGTACTACACAGTACCAGAGTTTTCTCATCTCCTGTGTAAATACACTTTAACCCAGAGGAATAAATTTATGCCTTTATCCAATAGGAGATCACCTTTTTT,2c6ffbb40fd81442beabea2b03f49fb6d3feb2ad8d0df79652b6312c5dd20d20,-0.0851950412862237,ATTCTTTAGCCCACTGTCTCATTCCTTCACTTGGCTAACTGATGGGAAGAATCTTACCAACTAACTAGTGATGAGGTACTAATTATTTTGAATAGCTTGTTGTACTACACAGTACCAGAGTTTTCTCATCTCCTGTGTAAATACACTTTAACCCAGAGGAATAAATTTATGCCTTTATCCAATAGGAGATCACCTTTTTT,a6223ffe95e09b610096cdfe5e22703eddec11c864e5a5635bb5ae6ed62d0026,-0.0840381059550331,-0.4726025850686754,0.341131072033548,-314.4389310190454,-313.6230961950496,-318.7924857297912,-318.82282496988773,-0.8461740640923381,-1.0,0.4726025850686754,0.0,3,0.17976864427198488,0.18106719778262317,0.1474303780702046,0.24805768707474807,1.0
chr7:20426263:T:C;chr7:20426297:T:C;var1;middle;OL33|K562|3e9e2f5908202957,chr7:20426263:T:C;chr7:20426297:T:C;var1;middle;OL33,K562,K562_region_01929,100,134,34,AGCCACTGCGCCTGGCCTGAGAACATTTTAATAGTAATTTTATAGGAGAACTAATTTGAATGCTTCTCATATTCTCAAAAAGAGTGGCCTGGAAAGGATTTCTGCAAACAATATTTAGTAGGAATTGTTTTAATTGAAAGCAAAATTGCATGTAGAAATCACCTGTGCCAGACTCAAAGTAGCCTGGCTCTGCTTGTGTA,2febc9b738cef228e02b8fe818da54eb3530e49a3e2cb81d94dcb75d38998114,0.0,AGCCACTGCGCCTGGCCTGAGAACATTTTAATAGTAATTTTATAGGAGAACTAATTTGAATGCTTCTCATATTCTCAAAAAGAGTGGCCTGGAAAGGATCTCTGCAAACAATATTTAGTAGGAATTGTTTTAATTGAAAGCAAAATTGCATGTAGAAATCACCTGTGCCAGACTCAAAGTAGCCTGGCTCTGCTTGTGTA,5a810b37facff3780a553732b3cb88a78bf2ab5b0d03d456b425a92877e16e33,0.0061850593511816,AGCCACTGCGCCTGGCCTGAGAACATTTTAATAGTAATTTTATAGGAGAACTAATTTGAATGCTTCTCATATTCTCAAAAAGAGTGGCCTGGAAAGGATTTCTGCAAACAATATTTAGTAGGAATTGTTTTAACTGAAAGCAAAATTGCATGTAGAAATCACCTGTGCCAGACTCAAAGTAGCCTGGCTCTGCTTGTGTA,1ab86c6b2a926fd8d179bae328499ed51de0375c0370bbd7f55721b5ed82c831,-0.0006315963964793,AGCCACTGCGCCTGGCCTGAGAACATTTTAATAGTAATTTTATAGGAGAACTAATTTGAATGCTTCTCATATTCTCAAAAAGAGTGGCCTGGAAAGGATCTCTGCAAACAATATTTAGTAGGAATTGTTTTAACTGAAAGCAAAATTGCATGTAGAAATCACCTGTGCCAGACTCAAAGTAGCCTGGCTCTGCTTGTGTA,3e9e2f59082029570f2724b6c952fd4ace191fe611516e6ca83ad4f210f5c47c,-0.356140998337562,0.3616944612922643,0.174816760813005,-287.5396404797212,-293.5154880527407,-304.7712863916531,-315.83755829557776,5.090424330905137,1.0,0.3616944612922643,0.0,2,0.182606537765924,0.17490732828716207,0.146091925319964,0.16330695103602305,1.0
chr7:22590681:T:C;chr7:22590699:A:G;var1;middle;OL32|K562|a5ca44f0831e97fd,chr7:22590681:T:C;chr7:22590699:A:G;var1;middle;OL32,K562,K562_region_01930,100,118,18,GGTATGGAGATACCACAAGTTGTTTATCCATTCACAAATTGGTGGACATTTGCGTTGTTTCCAGTTTTTGAATTTTACGTATAAAGTTGCTATGAACAATTTTATACATTTTTGTACACACAGGTTTTTATTTGTCTTTGGTAAACACCTAAGGAGTGGGAATGCTGGGGCATGTGGTAAATGTCTGGTTAACTTCATGA,0212cb4410a963650689ae1793a02edb8e1549162f736ceaa06b27a2a18c57af,0.0,GGTATGGAGATACCACAAGTTGTTTATCCATTCACAAATTGGTGGACATTTGCGTTGTTTCCAGTTTTTGAATTTTACGTATAAAGTTGCTATGAACAACTTTATACATTTTTGTACACACAGGTTTTTATTTGTCTTTGGTAAACACCTAAGGAGTGGGAATGCTGGGGCATGTGGTAAATGTCTGGTTAACTTCATGA,0cbdf5b2207c6bc087235c4f0ed0d55c7def0c903de60918d76c16a6169ce734,-0.0288754542773872,GGTATGGAGATACCACAAGTTGTTTATCCATTCACAAATTGGTGGACATTTGCGTTGTTTCCAGTTTTTGAATTTTACGTATAAAGTTGCTATGAACAATTTTATACATTTTTGTACGCACAGGTTTTTATTTGTCTTTGGTAAACACCTAAGGAGTGGGAATGCTGGGGCATGTGGTAAATGTCTGGTTAACTTCATGA,4a2847914a16ec6b79e196600a72dfbc7677b0ced83c8b4c0b20aaeb20b5cf0d,-0.0608385807993794,GGTATGGAGATACCACAAGTTGTTTATCCATTCACAAATTGGTGGACATTTGCGTTGTTTCCAGTTTTTGAATTTTACGTATAAAGTTGCTATGAACAACTTTATACATTTTTGTACGCACAGGTTTTTATTTGTCTTTGGTAAACACCTAAGGAGTGGGAATGCTGGGGCATGTGGTAAATGTCTGGTTAACTTCATGA,a5ca44f0831e97fd32d2c9ce8ca801cbb24dbfb553d533659f53dc56a81db740,-0.304189614507777,0.2144755794310104,0.316753452861425,-163.5171813815832,-164.6733973287046,-168.77284184843302,-169.4726472310722,-0.45641056448221207,1.0,0.2144755794310104,0.0,4,0.17563364585826127,0.17620727786206916,0.145609630836647,0.13493704974141835,1.0
chr7:22862131:A:C;chr7:22862183:G:A;var1;middle;OL41|K562|28412e2b716dbafe,chr7:22862131:A:C;chr7:22862183:G:A;var1;middle;OL41,K562,K562_region_01931,100,152,52,TCCCGAGAAATATGACCTCCACTTTAAGGATGCAAAAATAGAAAAGGAGGGATTGCAAGACTGCTTAAAGACCATGCAACTATAAAGCGATAGAACGGGAACTCGAACTCAGGTTAGATCGGCCCCACTTGACCAGACAGCCTCAGGGGCCGTGCACGGCAGTGTCCCCTATTTTTCTCTCCCTCCCCCGACGGCCAAAA,16b0d3b422e367e8c97e498ff30e8ed7957a3bb4fe4d766608c500043445b9d5,0.0,TCCCGAGAAATATGACCTCCACTTTAAGGATGCAAAAATAGAAAAGGAGGGATTGCAAGACTGCTTAAAGACCATGCAACTATAAAGCGATAGAACGGGCACTCGAACTCAGGTTAGATCGGCCCCACTTGACCAGACAGCCTCAGGGGCCGTGCACGGCAGTGTCCCCTATTTTTCTCTCCCTCCCCCGACGGCCAAAA,2cf730c5dce76959a5411509eab06d3f0cb6df46724ee7e62f8834ece6114446,-0.0420706428619925,TCCCGAGAAATATGACCTCCACTTTAAGGATGCAAAAATAGAAAAGGAGGGATTGCAAGACTGCTTAAAGACCATGCAACTATAAAGCGATAGAACGGGAACTCGAACTCAGGTTAGATCGGCCCCACTTGACCAGACAGCCTCAGGGGCCATGCACGGCAGTGTCCCCTATTTTTCTCTCCCTCCCCCGACGGCCAAAA,61669ba60a0d73dc1e351c8e3f9330d03d323c782002a512e53e7c30594710c4,-0.197728813101035,TCCCGAGAAATATGACCTCCACTTTAAGGATGCAAAAATAGAAAAGGAGGGATTGCAAGACTGCTTAAAGACCATGCAACTATAAAGCGATAGAACGGGCACTCGAACTCAGGTTAGATCGGCCCCACTTGACCAGACAGCCTCAGGGGCCATGCACGGCAGTGTCCCCTATTTTTCTCTCCCTCCCCCGACGGCCAAAA,28412e2b716dbafe3231f237c713d381f74632cd72c33718e7da287cab4ebee4,-0.0350588033971999,0.2047406525658275,0.256416995704872,-293.08871875703335,-303.0767477452755,-293.29495785199106,-296.8208357580006,6.4621510822325945,-1.0,-0.2047406525658275,0.0,3,0.19448896616592842,0.18106719778262317,0.1474303780702046,0.3349056054870455,1.0
chr7:22862467:G:A;chr7:22862489:C:T;var1;middle;OL41|K562|51f779a7ae2de6bf,chr7:22862467:G:A;chr7:22862489:C:T;var1;middle;OL41,K562,K562_region_01932,100,122,22,TCTGCTTGGCCTCTTTGCTCAGCTTCACCATGGCGACGGCCGTGTGGCGCAGGGAGGACCCCTTACAGCAACCACAGCGTCGGGAATCCGAAAGGGAAAGGAGGTGCGCAGGCGCCACACACGGCCTTTACGGCAGGAGTCGTGAGCGTCGCCAGCAGAGGTCGTAATTCATCGCCTTTAACCTTCCCTGCTCTTCCGCC,918e7d143d404ad1d024eae6b03a993fd5f3c9a36de7d0b2d576c9940aee66a0,0.0,TCTGCTTGGCCTCTTTGCTCAGCTTCACCATGGCGACGGCCGTGTGGCGCAGGGAGGACCCCTTACAGCAACCACAGCGTCGGGAATCCGAAAGGGAAAAGAGGTGCGCAGGCGCCACACACGGCCTTTACGGCAGGAGTCGTGAGCGTCGCCAGCAGAGGTCGTAATTCATCGCCTTTAACCTTCCCTGCTCTTCCGCC,18a6d12e89773288d0103758af58045ea69c0c8b37f466c454a65fb707614efa,0.0340612082155046,TCTGCTTGGCCTCTTTGCTCAGCTTCACCATGGCGACGGCCGTGTGGCGCAGGGAGGACCCCTTACAGCAACCACAGCGTCGGGAATCCGAAAGGGAAAGGAGGTGCGCAGGCGCCACACATGGCCTTTACGGCAGGAGTCGTGAGCGTCGCCAGCAGAGGTCGTAATTCATCGCCTTTAACCTTCCCTGCTCTTCCGCC,2f515dbb43d34b74ae3d107e6c8e4d413b9e003eec2be80aba28218622bb1235,-0.147041075418218,TCTGCTTGGCCTCTTTGCTCAGCTTCACCATGGCGACGGCCGTGTGGCGCAGGGAGGACCCCTTACAGCAACCACAGCGTCGGGAATCCGAAAGGGAAAAGAGGTGCGCAGGCGCCACACATGGCCTTTACGGCAGGAGTCGTGAGCGTCGCCAGCAGAGGTCGTAATTCATCGCCTTTAACCTTCCCTGCTCTTCCGCC,51f779a7ae2de6bf0466a5d1e6daa083dd5049c0da37b99a12a79c723c468e9e,-0.0038229733129783,0.1091568938897351,0.167379825700494,-341.54157389188185,-352.82361143361777,-353.2592175528407,-363.6170478574932,0.924207237083408,-1.0,-0.1091568938897351,0.0,1,0.18330548496368043,0.18216460459877223,0.1501433469024087,0.3134017134384641,1.0
chr7:23144914:G:C;chr7:23144947:T:C;var1;middle;OL41|K562|7d156c96d1807abf,chr7:23144914:G:C;chr7:23144947:T:C;var1;middle;OL41,K562,K562_region_01933,100,133,33,AAGCCTAACTGAAGATTTCTAGAACCGACTGACAACTGATTTCAGTTGTAAACACACAGTAAGCCAGCCTAGTTAGGCAGACATTCATTGCACGCCAAGGAGACACCAACGGGACTGTGTGCTCTTGCGTTATGAATCCCACGAAAATAAATCTTGTGCTCCGTGTAACATGACTTTAACTTGCAGTAATATCCTTTCAT,24541223fb2dcaca34011287178ac843e4f17aeca7f6e108e62800e519c423b3,0.0,AAGCCTAACTGAAGATTTCTAGAACCGACTGACAACTGATTTCAGTTGTAAACACACAGTAAGCCAGCCTAGTTAGGCAGACATTCATTGCACGCCAAGCAGACACCAACGGGACTGTGTGCTCTTGCGTTATGAATCCCACGAAAATAAATCTTGTGCTCCGTGTAACATGACTTTAACTTGCAGTAATATCCTTTCAT,d5ebef2917be753e9a25d3394e278a876b0e4aaf670150f11d787610cd95887e,-0.569697220627497,AAGCCTAACTGAAGATTTCTAGAACCGACTGACAACTGATTTCAGTTGTAAACACACAGTAAGCCAGCCTAGTTAGGCAGACATTCATTGCACGCCAAGGAGACACCAACGGGACTGTGTGCTCTTGCGTTACGAATCCCACGAAAATAAATCTTGTGCTCCGTGTAACATGACTTTAACTTGCAGTAATATCCTTTCAT,35b792a71961aaf5ce1987a65660f3c40c00738051c25974a694d60e74904d4c,0.0630543879107235,AAGCCTAACTGAAGATTTCTAGAACCGACTGACAACTGATTTCAGTTGTAAACACACAGTAAGCCAGCCTAGTTAGGCAGACATTCATTGCACGCCAAGCAGACACCAACGGGACTGTGTGCTCTTGCGTTACGAATCCCACGAAAATAAATCTTGTGCTCCGTGTAACATGACTTTAACTTGCAGTAATATCCTTTCAT,7d156c96d1807abf59d4519f8d6399753e7d66a8a63f622d7895392011e31dc0,-0.107991258983556,0.3986515737332174,0.364287163429863,-321.39230779744685,-324.9180226060562,-324.6851301086135,-318.82079244358465,9.390052473638207,-1.0,-0.3986515737332174,0.0,0,0.19783652858225476,0.18565657667894103,0.15145376406925343,0.18324249561749445,1.0
chr7:23146112:C:T;chr7:23146189:A:G;var1;middle;OL41|K562|ec0efc04133180e0,chr7:23146112:C:T;chr7:23146189:A:G;var1;middle;OL41,K562,K562_region_01934,100,177,77,GGCTGGCTTTCGCCGTCGGGTATCGGTTGTGTAACAGCTCTGCCCTAGTTATCTCTTTGTGGGGCGAGGATCCTTCCATTGGCGAGCCGTTTTAAGGTGCCGTGAGATCTTGTGTGAAGAAACCCGTTGGCATAGCCCAAACCGAAGCCCCCAAAGGGAGGAGAGTTGCTGGCCTGACATCAGCTGCTCTTAAATAAGGA,192fb3e02b2bfc54cc3ab285f47746e55b82c9cc5b12a2c2251cf3d739fe186e,0.0,GGCTGGCTTTCGCCGTCGGGTATCGGTTGTGTAACAGCTCTGCCCTAGTTATCTCTTTGTGGGGCGAGGATCCTTCCATTGGCGAGCCGTTTTAAGGTGTCGTGAGATCTTGTGTGAAGAAACCCGTTGGCATAGCCCAAACCGAAGCCCCCAAAGGGAGGAGAGTTGCTGGCCTGACATCAGCTGCTCTTAAATAAGGA,1306f984225a86a18a1007d1b0315aa9b3d242a47facc546cf262c69dc0f1721,-0.0722384064655275,GGCTGGCTTTCGCCGTCGGGTATCGGTTGTGTAACAGCTCTGCCCTAGTTATCTCTTTGTGGGGCGAGGATCCTTCCATTGGCGAGCCGTTTTAAGGTGCCGTGAGATCTTGTGTGAAGAAACCCGTTGGCATAGCCCAAACCGAAGCCCCCAAAGGGAGGAGAGTTGCTGGCCTGGCATCAGCTGCTCTTAAATAAGGA,268057e927d8f0190f8cb0af2fb2a7222a375350fbb9eccd35ca31582c6dd25a,-0.704207957724086,GGCTGGCTTTCGCCGTCGGGTATCGGTTGTGTAACAGCTCTGCCCTAGTTATCTCTTTGTGGGGCGAGGATCCTTCCATTGGCGAGCCGTTTTAAGGTGTCGTGAGATCTTGTGTGAAGAAACCCGTTGGCATAGCCCAAACCGAAGCCCCCAAAGGGAGGAGAGTTGCTGGCCTGGCATCAGCTGCTCTTAAATAAGGA,ec0efc04133180e0424acd3e5a59970bee1e75144498ecca99dfe53028b54621,0.0132119717263949,0.7896583359160083,0.399313278259231,-376.80479493085295,-369.44253086298704,-368.54976591281593,-361.66911022923887,-0.48160838428884745,-1.0,-0.7896583359160083,0.0,3,0.18050294714586432,0.18106719778262317,0.1474303780702046,0.17655299044921638,1.0
chr7:23242754:A:T;chr7:23242830:C:G;var1;middle;OL41|K562|cea95cfd2c27b786,chr7:23242754:A:T;chr7:23242830:C:G;var1;middle;OL41,K562,K562_region_01935,100,176,76,AATTTAACAGGATCCGAAGTTTTTTAAAAAGCACAAATAAGTGCTACAGGCTACTAAAAAATTTTGAGAAACTAAAGCAGAGAGGCCCACAAAGTAGAAACTAGCACCATGCATACATACTGGTGTCAGAAGTCAAGAAAACTGGTAACTCCCAGACCTAGGCTAAGGGGCATCGCGGCTTCAGAAAATCAGAAACAGGT,8cf06ca3a9ac82dcf7fb089051e247a190592c9dfd50753006e493660133bcd8,0.0,AATTTAACAGGATCCGAAGTTTTTTAAAAAGCACAAATAAGTGCTACAGGCTACTAAAAAATTTTGAGAAACTAAAGCAGAGAGGCCCACAAAGTAGAATCTAGCACCATGCATACATACTGGTGTCAGAAGTCAAGAAAACTGGTAACTCCCAGACCTAGGCTAAGGGGCATCGCGGCTTCAGAAAATCAGAAACAGGT,9240ca1b52ae759777bc18cc2667df7b1ebe52cbac45b4638644b87d59133e09,0.490323092842421,AATTTAACAGGATCCGAAGTTTTTTAAAAAGCACAAATAAGTGCTACAGGCTACTAAAAAATTTTGAGAAACTAAAGCAGAGAGGCCCACAAAGTAGAAACTAGCACCATGCATACATACTGGTGTCAGAAGTCAAGAAAACTGGTAACTCCCAGACCTAGGCTAAGGGGCATCGGGGCTTCAGAAAATCAGAAACAGGT,5f6a7e10312fc7a2ce0ef2d5d994b51d218389a7acd6cd5b9a07b3364bd1733c,-0.123175529800828,AATTTAACAGGATCCGAAGTTTTTTAAAAAGCACAAATAAGTGCTACAGGCTACTAAAAAATTTTGAGAAACTAAAGCAGAGAGGCCCACAAAGTAGAATCTAGCACCATGCATACATACTGGTGTCAGAAGTCAAGAAAACTGGTAACTCCCAGACCTAGGCTAAGGGGCATCGGGGCTTCAGAAAATCAGAAACAGGT,cea95cfd2c27b786071d0dbcc61c300296057ad683619a6ee609385e844cc6f1,-0.296976626308013,0.664124189349606,0.52758499452653,-363.3159176080953,-368.6029733044561,-321.76927270076703,-328.6387428601738,1.58241446304595,1.0,0.664124189349606,0.0,2,0.17749859176934493,0.17490732828716207,0.146091925319964,0.10510519836554279,1.0
chr7:23286315:G:A;chr7:23286325:A:G;var1;middle;OL41|K562|4ce98702023123d0,chr7:23286315:G:A;chr7:23286325:A:G;var1;middle;OL41,K562,K562_region_01936,100,110,10,ATAATGTGCATCTGAAAAGTGAATAAATAGATGCCAAGAAGGAGTGAGTCATAAGCACATGAGTTGTAAGAGGTTGAACTTGAGAGACCAGATCAGGCAGTGCCGCTTAATACCATCACATGATCCTCCCCGAGGCCCTGTATTTAATTAAAATAGAGAGGGAGGCACCACAGATGCCAGAAGAACACTGTTGCTCTTGG,9271f283688f7a5f49eb8092c79d2bdae01382a12748c5b83190086d0f8bf18a,0.0,ATAATGTGCATCTGAAAAGTGAATAAATAGATGCCAAGAAGGAGTGAGTCATAAGCACATGAGTTGTAAGAGGTTGAACTTGAGAGACCAGATCAGGCAATGCCGCTTAATACCATCACATGATCCTCCCCGAGGCCCTGTATTTAATTAAAATAGAGAGGGAGGCACCACAGATGCCAGAAGAACACTGTTGCTCTTGG,2af757d70809f2680689425af992830b591f72656964695b5b2f2b53d5c6b822,-0.636444549564748,ATAATGTGCATCTGAAAAGTGAATAAATAGATGCCAAGAAGGAGTGAGTCATAAGCACATGAGTTGTAAGAGGTTGAACTTGAGAGACCAGATCAGGCAGTGCCGCTTAGTACCATCACATGATCCTCCCCGAGGCCCTGTATTTAATTAAAATAGAGAGGGAGGCACCACAGATGCCAGAAGAACACTGTTGCTCTTGG,dbf8a1c205738989264aefca2e3cb5b15e8259852f5f07ffbf198b6880cd5590,-0.339730168737179,ATAATGTGCATCTGAAAAGTGAATAAATAGATGCCAAGAAGGAGTGAGTCATAAGCACATGAGTTGTAAGAGGTTGAACTTGAGAGACCAGATCAGGCAATGCCGCTTAGTACCATCACATGATCCTCCCCGAGGCCCTGTATTTAATTAAAATAGAGAGGGAGGCACCACAGATGCCAGAAGAACACTGTTGCTCTTGG,4ce98702023123d01680166fd67a42c84e02da6e35f06f2fc21d85190d2ef79b,-0.616406771366023,0.3597679469359041,0.266921137485447,-328.08757586963475,-339.2013123165816,-333.94660207256675,-353.0713293803856,-8.01099086087197,-1.0,-0.3597679469359041,0.0,2,0.16352981797345728,0.17490732828716207,0.146091925319964,0.15030385175922567,1.0
chr7:23723212:C:T;chr7:23723298:A:G;var1;middle;OL41|K562|4fd3f83b8af1ac93,chr7:23723212:C:T;chr7:23723298:A:G;var1;middle;OL41,K562,K562_region_01937,100,186,86,TTTCAAAGGAGGTAAATGTTAGAATTTTGAGCAGTTAAGGCTCTACCTTTAATGAGAGGAATGAACATCTTTGCTTCAATATCAAAGGAAAAGCTGAGACGAATATGTGGTAATCCTCTGTTGATAAACCTGGATCAGTAAAGTTGCATTATGAATTCATTGTCTTTCCTATTTATAACCCTCTTATATAGGAAGTGGAG,86b6a90ce59d0bdd4c15b4329a1547d7b1c734ee9ff25d8d268a741c31d46e18,0.0,TTTCAAAGGAGGTAAATGTTAGAATTTTGAGCAGTTAAGGCTCTACCTTTAATGAGAGGAATGAACATCTTTGCTTCAATATCAAAGGAAAAGCTGAGATGAATATGTGGTAATCCTCTGTTGATAAACCTGGATCAGTAAAGTTGCATTATGAATTCATTGTCTTTCCTATTTATAACCCTCTTATATAGGAAGTGGAG,4f23c7851f8d42bab0271aaf95ce9edbea020e5d994ed3999b2dcafd24f4b677,0.0380508269641927,TTTCAAAGGAGGTAAATGTTAGAATTTTGAGCAGTTAAGGCTCTACCTTTAATGAGAGGAATGAACATCTTTGCTTCAATATCAAAGGAAAAGCTGAGACGAATATGTGGTAATCCTCTGTTGATAAACCTGGATCAGTAAAGTTGCATTATGAATTCATTGTCTTTCCTATTTATAACCCTCTTGTATAGGAAGTGGAG,3a5ef0e5438ea01c57a0477ddcc02799bc7f8d4b21b28afb548936bd1f7a17aa,-0.111729307082001,TTTCAAAGGAGGTAAATGTTAGAATTTTGAGCAGTTAAGGCTCTACCTTTAATGAGAGGAATGAACATCTTTGCTTCAATATCAAAGGAAAAGCTGAGATGAATATGTGGTAATCCTCTGTTGATAAACCTGGATCAGTAAAGTTGCATTATGAATTCATTGTCTTTCCTATTTATAACCCTCTTGTATAGGAAGTGGAG,4fd3f83b8af1ac93aad161d798b67274ace4e352fdc30f48b4811c06c3ba7079,0.0435087647778069,0.1171872448956152,0.219171253086403,-369.44165898649953,-351.5698608562816,-364.1682766389568,-346.45178600400686,-0.15530749526806176,-1.0,-0.1171872448956152,0.0,3,0.18116017763636613,0.18106719778262317,0.1474303780702046,0.1231158734207519,1.0
chr7:2399161:C:G;chr7:2399179:C:T;var1;middle;OL41|K562|51b74660756695ee,chr7:2399161:C:G;chr7:2399179:C:T;var1;middle;OL41,K562,K562_region_01910,100,118,18,AGAAACCCAAAAGGACCAGGTTCAGGGGCTCCATGCAGCGGAACAGGTGGAGGCTTCTGCAGGGTGGTGGCCTGGAGAGCACAGGGAGGCTCTGCGCTTCTCCTCCATCTGCCTTTTCGTCTATATCCTCTGTAACGTCCGTTATAATAAGCTGGCAAACCTAGCTCTCTGAATTCTGTAAGCTGCTGCAGTAAATTAAT,cdb974bcae78c3947b7fb3c64890a46b1170d08ea5a678ef46b8e7c35390e31c,0.0,AGAAACCCAAAAGGACCAGGTTCAGGGGCTCCATGCAGCGGAACAGGTGGAGGCTTCTGCAGGGTGGTGGCCTGGAGAGCACAGGGAGGCTCTGCGCTTGTCCTCCATCTGCCTTTTCGTCTATATCCTCTGTAACGTCCGTTATAATAAGCTGGCAAACCTAGCTCTCTGAATTCTGTAAGCTGCTGCAGTAAATTAAT,f77ace2278849056c0b3beadbf75c411df10b5ea7196894cf2ef9b8d04e8ee5d,-0.143695018220845,AGAAACCCAAAAGGACCAGGTTCAGGGGCTCCATGCAGCGGAACAGGTGGAGGCTTCTGCAGGGTGGTGGCCTGGAGAGCACAGGGAGGCTCTGCGCTTCTCCTCCATCTGCCTTTTTGTCTATATCCTCTGTAACGTCCGTTATAATAAGCTGGCAAACCTAGCTCTCTGAATTCTGTAAGCTGCTGCAGTAAATTAAT,c4b0a51f78ce02ca19ff376344c9d4e6227361d9cecada04c4c631af22008b41,-0.381507248246741,AGAAACCCAAAAGGACCAGGTTCAGGGGCTCCATGCAGCGGAACAGGTGGAGGCTTCTGCAGGGTGGTGGCCTGGAGAGCACAGGGAGGCTCTGCGCTTGTCCTCCATCTGCCTTTTTGTCTATATCCTCTGTAACGTCCGTTATAATAAGCTGGCAAACCTAGCTCTCTGAATTCTGTAAGCTGCTGCAGTAAATTAAT,51b74660756695ee0f3b5f2eb4dc0ab661d805991f04ad635c8bad66a9857858,-0.191126164122451,0.3340761023451349,0.339083705324756,-306.40319913532585,-310.7956761270761,-319.53922712337226,-320.2830050783232,3.6486990367993712,-1.0,-0.3340761023451349,0.0,4,0.18072156516051296,0.17620727786206916,0.145609630836647,0.24099122827081343,1.0
chr7:2414550:C:A;chr7:2414567:G:A;var1;middle;OL41|K562|66465e9c86ae323a,chr7:2414550:C:A;chr7:2414567:G:A;var1;middle;OL41,K562,K562_region_01911,100,117,17,GCTCCCAGATGCTTTCGTGAAGTGACCAGGCAGACCTGTCTGCGGGTTGTGGTTCTCTGTGGTTAAACAAGTGCCTTCCAGCCATCCAGTAACCTCCCCCCGGGGGTCAGTCCCTTGTCTTCTAGTGGGAAGGGTATTCGTTACACAGCTGTGAGGCTGCCTTACCTTTGTGGTTGGTGTCACGGTGTCGGTCTCAGCTG,c53a4ff239295fba1b10228c4f25f667138b0eda103082a6f9646e63832d53e3,0.0,GCTCCCAGATGCTTTCGTGAAGTGACCAGGCAGACCTGTCTGCGGGTTGTGGTTCTCTGTGGTTAAACAAGTGCCTTCCAGCCATCCAGTAACCTCCCCACGGGGGTCAGTCCCTTGTCTTCTAGTGGGAAGGGTATTCGTTACACAGCTGTGAGGCTGCCTTACCTTTGTGGTTGGTGTCACGGTGTCGGTCTCAGCTG,8d5e30d93c2761a98b79aee9649ae88ecf28fbe20db606da6caac9c73342f439,0.222769719956543,GCTCCCAGATGCTTTCGTGAAGTGACCAGGCAGACCTGTCTGCGGGTTGTGGTTCTCTGTGGTTAAACAAGTGCCTTCCAGCCATCCAGTAACCTCCCCCCGGGGGTCAGTCCCTTATCTTCTAGTGGGAAGGGTATTCGTTACACAGCTGTGAGGCTGCCTTACCTTTGTGGTTGGTGTCACGGTGTCGGTCTCAGCTG,ba870dd195746dc676730089062f9040691cee8b79a7b19c787c3c1d92ba9adb,1.03657628151684,GCTCCCAGATGCTTTCGTGAAGTGACCAGGCAGACCTGTCTGCGGGTTGTGGTTCTCTGTGGTTAAACAAGTGCCTTCCAGCCATCCAGTAACCTCCCCACGGGGGTCAGTCCCTTATCTTCTAGTGGGAAGGGTATTCGTTACACAGCTGTGAGGCTGCCTTACCTTTGTGGTTGGTGTCACGGTGTCGGTCTCAGCTG,66465e9c86ae323a30d420d87b5320efdf33184fdbd9890e84174109a1dfc804,0.755834969252168,0.5035110322212151,0.26611630725927,-334.2444810466841,-353.51718959677964,-350.02828386891633,-371.5147325526923,2.2137401336804032,1.0,0.5035110322212151,0.0,2,0.17841785298961704,0.17490732828716207,0.146091925319964,0.15160164115358493,1.0
chr7:2414550:C:A;chr7:2414587:T:C;var1;middle;OL41|K562|d85d1f36c6652667,chr7:2414550:C:A;chr7:2414587:T:C;var1;middle;OL41,K562,K562_region_01911,100,137,37,GCTCCCAGATGCTTTCGTGAAGTGACCAGGCAGACCTGTCTGCGGGTTGTGGTTCTCTGTGGTTAAACAAGTGCCTTCCAGCCATCCAGTAACCTCCCCCCGGGGGTCAGTCCCTTGTCTTCTAGTGGGAAGGGTATTCGTTACACAGCTGTGAGGCTGCCTTACCTTTGTGGTTGGTGTCACGGTGTCGGTCTCAGCTG,c53a4ff239295fba1b10228c4f25f667138b0eda103082a6f9646e63832d53e3,0.0,GCTCCCAGATGCTTTCGTGAAGTGACCAGGCAGACCTGTCTGCGGGTTGTGGTTCTCTGTGGTTAAACAAGTGCCTTCCAGCCATCCAGTAACCTCCCCACGGGGGTCAGTCCCTTGTCTTCTAGTGGGAAGGGTATTCGTTACACAGCTGTGAGGCTGCCTTACCTTTGTGGTTGGTGTCACGGTGTCGGTCTCAGCTG,8d5e30d93c2761a98b79aee9649ae88ecf28fbe20db606da6caac9c73342f439,0.223256317882669,GCTCCCAGATGCTTTCGTGAAGTGACCAGGCAGACCTGTCTGCGGGTTGTGGTTCTCTGTGGTTAAACAAGTGCCTTCCAGCCATCCAGTAACCTCCCCCCGGGGGTCAGTCCCTTGTCTTCTAGTGGGAAGGGTACTCGTTACACAGCTGTGAGGCTGCCTTACCTTTGTGGTTGGTGTCACGGTGTCGGTCTCAGCTG,2ed859c8e23846618bcf40611bd9cf846e7150e3dc38b559a583bbf2107d672f,0.152077133113666,GCTCCCAGATGCTTTCGTGAAGTGACCAGGCAGACCTGTCTGCGGGTTGTGGTTCTCTGTGGTTAAACAAGTGCCTTCCAGCCATCCAGTAACCTCCCCACGGGGGTCAGTCCCTTGTCTTCTAGTGGGAAGGGTACTCGTTACACAGCTGTGAGGCTGCCTTACCTTTGTGGTTGGTGTCACGGTGTCGGTCTCAGCTG,d85d1f36c665266750d227b3078d43d91f88fd2a04692f030cf215102a9585f2,0.172450739964317,0.2028827110320179,0.341341429448644,-334.2444810466841,-353.51718959677964,-336.247993176803,-351.1520052431151,-4.368696483783424,1.0,0.2028827110320179,0.0,2,0.16883329307262102,0.17490732828716207,0.146091925319964,0.1625419272131091,1.0
chr7:2414567:G:A;chr7:2414587:T:C;var1;middle;OL41|K562|a2fae3625b9fb167,chr7:2414567:G:A;chr7:2414587:T:C;var1;middle;OL41,K562,K562_region_01911,100,120,20,TGAAGTGACCAGGCAGACCTGTCTGCGGGTTGTGGTTCTCTGTGGTTAAACAAGTGCCTTCCAGCCATCCAGTAACCTCCCCCCGGGGGTCAGTCCCTTGTCTTCTAGTGGGAAGGGTATTCGTTACACAGCTGTGAGGCTGCCTTACCTTTGTGGTTGGTGTCACGGTGTCGGTCTCAGCTGTGTTCCAGCAGTGTGTC,c5ca976db0fbca0089f62c833a13621fdad058bd1be850a77abed1a33afaf6e1,0.0,TGAAGTGACCAGGCAGACCTGTCTGCGGGTTGTGGTTCTCTGTGGTTAAACAAGTGCCTTCCAGCCATCCAGTAACCTCCCCCCGGGGGTCAGTCCCTTATCTTCTAGTGGGAAGGGTATTCGTTACACAGCTGTGAGGCTGCCTTACCTTTGTGGTTGGTGTCACGGTGTCGGTCTCAGCTGTGTTCCAGCAGTGTGTC,6eb34fa9b43191e16441821a492277ed42e3d2c993e97d877d56274307b41205,0.767812156391247,TGAAGTGACCAGGCAGACCTGTCTGCGGGTTGTGGTTCTCTGTGGTTAAACAAGTGCCTTCCAGCCATCCAGTAACCTCCCCCCGGGGGTCAGTCCCTTGTCTTCTAGTGGGAAGGGTACTCGTTACACAGCTGTGAGGCTGCCTTACCTTTGTGGTTGGTGTCACGGTGTCGGTCTCAGCTGTGTTCCAGCAGTGTGTC,098313b6b7968771b3f5d6f6b8f6494bd8b2f94704074c14410dba5eb2c0f85b,-0.236652025403153,TGAAGTGACCAGGCAGACCTGTCTGCGGGTTGTGGTTCTCTGTGGTTAAACAAGTGCCTTCCAGCCATCCAGTAACCTCCCCCCGGGGGTCAGTCCCTTATCTTCTAGTGGGAAGGGTACTCGTTACACAGCTGTGAGGCTGCCTTACCTTTGTGGTTGGTGTCACGGTGTCGGTCTCAGCTGTGTTCCAGCAGTGTGTC,a2fae3625b9fb167d0e321a3b05bf07ee26bf873456aed06443e8b11e3265394,0.553849806751575,0.022689675763481,0.30816961779153,-321.36307870503515,-336.7556407842785,-321.5985948173329,-347.0533808767796,-10.062223980203328,-1.0,-0.022689675763481,0.0,2,0.1605430567057836,0.17490732828716207,0.146091925319964,0.04978513958767669,1.0
chr7:2452624:C:T;chr7:2452661:T:G;var1;middle;OL41|K562|20399adc65cf0ba9,chr7:2452624:C:T;chr7:2452661:T:G;var1;middle;OL41,K562,K562_region_01912,100,137,37,AATAGACAGTTTTTTTTTTTTTGACTTGATAACTGGCTCTTGGTAGAAAGCATGAGTAATAATAAAAATAACACATATTTGTGTAACAAATATTTGAGCCTGATGAAGACAGAGAGATAAGTAAGGCCGGGGCAGATTCTAAAGAAAGTGCTTTACTATTTTATCAACCACTTAGCTGTGTTTTCTCATTTTTGTGCTCT,deddf18b8a8e56fb146c762b268c6bc450481a80f04e3d70aeddc7412cbdf7c1,0.0,AATAGACAGTTTTTTTTTTTTTGACTTGATAACTGGCTCTTGGTAGAAAGCATGAGTAATAATAAAAATAACACATATTTGTGTAACAAATATTTGAGCTTGATGAAGACAGAGAGATAAGTAAGGCCGGGGCAGATTCTAAAGAAAGTGCTTTACTATTTTATCAACCACTTAGCTGTGTTTTCTCATTTTTGTGCTCT,0dc46d63252b91ce5c50c1b35d19e12883f5190544fc43ba198f7e204e88c09b,-0.240509969080761,AATAGACAGTTTTTTTTTTTTTGACTTGATAACTGGCTCTTGGTAGAAAGCATGAGTAATAATAAAAATAACACATATTTGTGTAACAAATATTTGAGCCTGATGAAGACAGAGAGATAAGTAAGGCCGGGGCAGAGTCTAAAGAAAGTGCTTTACTATTTTATCAACCACTTAGCTGTGTTTTCTCATTTTTGTGCTCT,fd925e37a92f539792c1a3c5f10eeb8bc3582c9a6daeb18f502d64c470e11e32,0.37858043959217,AATAGACAGTTTTTTTTTTTTTGACTTGATAACTGGCTCTTGGTAGAAAGCATGAGTAATAATAAAAATAACACATATTTGTGTAACAAATATTTGAGCTTGATGAAGACAGAGAGATAAGTAAGGCCGGGGCAGAGTCTAAAGAAAGTGCTTTACTATTTTATCAACCACTTAGCTGTGTTTTCTCATTTTTGTGCTCT,20399adc65cf0ba94fedb8e83ed91a3d10971e6a40c5f7fb9540ebed5f33ba94,0.335969727913343,0.1978992574019339,0.25306641901024,-256.44807357899845,-251.91987078636885,-314.7031220057979,-282.893027652055,27.281891561113298,-1.0,-0.1978992574019339,0.0,0,0.22081659921983218,0.18565657667894103,0.15145376406925343,0.03538528768414656,1.0
chr7:24758565:G:A;chr7:24758645:G:T;var1;middle;OL41|K562|3507873d0e69cfb9,chr7:24758565:G:A;chr7:24758645:G:T;var1;middle;OL41,K562,K562_region_01938,100,180,80,AGTGACTGGAGCCAGTTTCCCCAAGTGTTTCAGCTACATGAGCCAATACACTCTTGCTCATTTAAGACAACGTGAGTTGGGTTTCTGTTAACTTGCTACGGAAAGAGTCCTGACTAATGAAGACACCACCCAAAGAGGCCCCCAACCAAGGTCTCCAGGACTGCTCAGCCATGAACGCAGGGCAGCCCGACTGCACGCAC,d1c7609bbc7bdafe00d75aa30f2569bf3461ba9c6b7516e7b64339a46dd23169,0.0,AGTGACTGGAGCCAGTTTCCCCAAGTGTTTCAGCTACATGAGCCAATACACTCTTGCTCATTTAAGACAACGTGAGTTGGGTTTCTGTTAACTTGCTACAGAAAGAGTCCTGACTAATGAAGACACCACCCAAAGAGGCCCCCAACCAAGGTCTCCAGGACTGCTCAGCCATGAACGCAGGGCAGCCCGACTGCACGCAC,2f3f2fef6f82461234151fa396478065012c0b867693ac6a00bc88f7a4c807a5,-0.635303057066627,AGTGACTGGAGCCAGTTTCCCCAAGTGTTTCAGCTACATGAGCCAATACACTCTTGCTCATTTAAGACAACGTGAGTTGGGTTTCTGTTAACTTGCTACGGAAAGAGTCCTGACTAATGAAGACACCACCCAAAGAGGCCCCCAACCAAGGTCTCCAGGACTGCTCAGCCATGAACGCATGGCAGCCCGACTGCACGCAC,d56ee732503e0443e55f6d941675da73a3bed10c0588aee0fb149da142b9cb56,0.10355084940675,AGTGACTGGAGCCAGTTTCCCCAAGTGTTTCAGCTACATGAGCCAATACACTCTTGCTCATTTAAGACAACGTGAGTTGGGTTTCTGTTAACTTGCTACAGAAAGAGTCCTGACTAATGAAGACACCACCCAAAGAGGCCCCCAACCAAGGTCTCCAGGACTGCTCAGCCATGAACGCATGGCAGCCCGACTGCACGCAC,3507873d0e69cfb9a56bbb9769a42bac1a276f77bb7ff4bfae355fbd477c2ded,0.0556692343632315,0.5874214420231085,0.446618137279598,-354.0243955468759,-345.61266169976443,-364.6586928507313,-356.0883840555325,0.15857494808733463,-1.0,-0.5874214420231085,0.0,2,0.17542536631555158,0.17490732828716207,0.146091925319964,0.2112959625241074,1.0
chr7:24796502:A:G;chr7:24796541:C:G;var1;middle;OL41|K562|3e275fb1862282f1,chr7:24796502:A:G;chr7:24796541:C:G;var1;middle;OL41,K562,K562_region_01939,100,139,39,ACGCGGGCAGCTCTTGAGAGCCATTCCAGCGCATGCCAGGCACACCGAGTGGGGCTTGGCCTCCTCCCCAAGCTAGGAGCTCTCTAGATACCGGAGCAAAGTGGAGGGGGACTTTTTTCCGTCCAGAGAGACTGAACTCCGTATCTGTTCCGCGGTCCGCCTCCCTGCACACACGCCCCCGAGCCGGGAGAGCCTCCGCA,964da13c1f2d18c065ffc4478aa6bceaf726f859e493811fcbed68db18eae7e8,0.0,ACGCGGGCAGCTCTTGAGAGCCATTCCAGCGCATGCCAGGCACACCGAGTGGGGCTTGGCCTCCTCCCCAAGCTAGGAGCTCTCTAGATACCGGAGCAAGGTGGAGGGGGACTTTTTTCCGTCCAGAGAGACTGAACTCCGTATCTGTTCCGCGGTCCGCCTCCCTGCACACACGCCCCCGAGCCGGGAGAGCCTCCGCA,041305fd93351954a96128a7d2c3fc6a6b2f7ff79b879c45d55c0268a7b2174d,-0.240391596473235,ACGCGGGCAGCTCTTGAGAGCCATTCCAGCGCATGCCAGGCACACCGAGTGGGGCTTGGCCTCCTCCCCAAGCTAGGAGCTCTCTAGATACCGGAGCAAAGTGGAGGGGGACTTTTTTCCGTCCAGAGAGACTGAACTGCGTATCTGTTCCGCGGTCCGCCTCCCTGCACACACGCCCCCGAGCCGGGAGAGCCTCCGCA,69e3348465b2f635334a3cce5df9d1f4a6a7754bd99dbe59f0351b6588f7c538,-0.383602367391476,ACGCGGGCAGCTCTTGAGAGCCATTCCAGCGCATGCCAGGCACACCGAGTGGGGCTTGGCCTCCTCCCCAAGCTAGGAGCTCTCTAGATACCGGAGCAAGGTGGAGGGGGACTTTTTTCCGTCCAGAGAGACTGAACTGCGTATCTGTTCCGCGGTCCGCCTCCCTGCACACACGCCCCCGAGCCGGGAGAGCCTCCGCA,3e275fb1862282f160b20fef2d54b40c34f08aee53b16858fb1bd8da48b5e567,-0.291394037604422,0.3325999262602889,0.29510648040795,-376.6484156176448,-375.2621096782386,-326.20082273148,-325.0794571042061,-0.26494031213223934,-1.0,-0.3325999262602889,0.0,4,0.17587095625612112,0.17620727786206916,0.145609630836647,0.17421609259127896,1.0
chr7:25473826:A:G;chr7:25473913:T:C;var1;middle;OL27|K562|3071077b647f63a5,chr7:25473826:A:G;chr7:25473913:T:C;var1;middle;OL27,K562,K562_region_01940,100,187,87,TCAAGATAATGTTGGGAAAATCAATGGGGTAGGTATTGCAATTTTAAAATGATAAATTCACTTTTCTAAATGTTTTCCCAATGTTACTTTATAATGGACAGGTATTTGTGTGCAGTTTAATGGTGGTACCCTATACTTATTTGTCGTATTGATTTTCTTCTGCCACTGATGCACTGAAGTGCAAAGTGTTACATACACTT,b81010fc94d298b46f34746930500e96ccb1db8e7f2a17219d9113cef553b1b2,0.0,TCAAGATAATGTTGGGAAAATCAATGGGGTAGGTATTGCAATTTTAAAATGATAAATTCACTTTTCTAAATGTTTTCCCAATGTTACTTTATAATGGACGGGTATTTGTGTGCAGTTTAATGGTGGTACCCTATACTTATTTGTCGTATTGATTTTCTTCTGCCACTGATGCACTGAAGTGCAAAGTGTTACATACACTT,bca48a8ec8b2856ea38ecb41a36cee05ef030567ba30356352425c97cb8efe63,0.0368906673535781,TCAAGATAATGTTGGGAAAATCAATGGGGTAGGTATTGCAATTTTAAAATGATAAATTCACTTTTCTAAATGTTTTCCCAATGTTACTTTATAATGGACAGGTATTTGTGTGCAGTTTAATGGTGGTACCCTATACTTATTTGTCGTATTGATTTTCTTCTGCCACTGATGCACTGAAGTGCAAAGCGTTACATACACTT,839180dac7f76b92ae4806097a3173d700b3ab2bc9b1b5b6111076a18d8a7bca,0.103815236092666,TCAAGATAATGTTGGGAAAATCAATGGGGTAGGTATTGCAATTTTAAAATGATAAATTCACTTTTCTAAATGTTTTCCCAATGTTACTTTATAATGGACGGGTATTTGTGTGCAGTTTAATGGTGGTACCCTATACTTATTTGTCGTATTGATTTTCTTCTGCCACTGATGCACTGAAGTGCAAAGCGTTACATACACTT,3071077b647f63a5d450e5ba99aee12643eb9d4d9a5db3b8cda28945df607ef3,0.121898118130799,0.0188077853154451,0.121953055939214,-339.24404783407226,-350.15712462505326,-342.7169717391953,-354.1833734747488,0.5533249445725232,1.0,0.0188077853154451,0.0,4,0.1768851234765652,0.17620727786206916,0.145609630836647,0.31382041569034197,1.0
chr7:26438652:C:G;chr7:26438699:G:A;var1;middle;OL41|K562|a3a6eb1d43fa45e2,chr7:26438652:C:G;chr7:26438699:G:A;var1;middle;OL41,K562,K562_region_01941,100,147,47,TTCCCTCCTCTTTTGTGTCGGGCCAGACTCAGCCCCAGAAACCAGCCACCCTGCCGCGTCCGACTGCCAGGGATCCCTCACGCCGCGAGGTGAGCTGGTCGCAGGTGTGGGGAAGTTCGCGGGTGCAGCTAGGCCGCCGCCCTCGCGCTCGACGCCACGCCCGCCTCCTCTTTCCTTCCCCAGGGGCCCCTTGCCCTCCC,e69a4925f7a6060ec97ce9fd9327e8086436e9823bff5b4484aa144d57faa62d,0.0,TTCCCTCCTCTTTTGTGTCGGGCCAGACTCAGCCCCAGAAACCAGCCACCCTGCCGCGTCCGACTGCCAGGGATCCCTCACGCCGCGAGGTGAGCTGGTGGCAGGTGTGGGGAAGTTCGCGGGTGCAGCTAGGCCGCCGCCCTCGCGCTCGACGCCACGCCCGCCTCCTCTTTCCTTCCCCAGGGGCCCCTTGCCCTCCC,528395564564b09ac7aa40d4b7db425173ba1eb0aabf0979dedde2aaae98e63d,-0.0282083997296509,TTCCCTCCTCTTTTGTGTCGGGCCAGACTCAGCCCCAGAAACCAGCCACCCTGCCGCGTCCGACTGCCAGGGATCCCTCACGCCGCGAGGTGAGCTGGTCGCAGGTGTGGGGAAGTTCGCGGGTGCAGCTAGGCCGCCGCCCTCGCACTCGACGCCACGCCCGCCTCCTCTTTCCTTCCCCAGGGGCCCCTTGCCCTCCC,cd5ba1a7aeeaa093804c8e5ad58b0c96042ac9941f580881c67c8d1149eabfb2,-0.292758840593207,TTCCCTCCTCTTTTGTGTCGGGCCAGACTCAGCCCCAGAAACCAGCCACCCTGCCGCGTCCGACTGCCAGGGATCCCTCACGCCGCGAGGTGAGCTGGTGGCAGGTGTGGGGAAGTTCGCGGGTGCAGCTAGGCCGCCGCCCTCGCACTCGACGCCACGCCCGCCTCCTCTTTCCTTCCCCAGGGGCCCCTTGCCCTCCC,a3a6eb1d43fa45e2a1d319419363f145308cf0885aec8c2c2570fb7d76ac12bd,-0.266876737305853,0.0540905030170049,0.306607600062183,-255.89347824454308,-255.5658824443817,-256.9095795750618,-256.8922582119704,-0.3102744370699497,-1.0,-0.0540905030170049,0.0,1,0.18204947409019132,0.18216460459877223,0.1501433469024087,0.14964830792093287,1.0
chr7:26438652:C:G;chr7:26438728:T:G;var1;middle;OL41|K562|c18d0226ccdc34ea,chr7:26438652:C:G;chr7:26438728:T:G;var1;middle;OL41,K562,K562_region_01941,100,176,76,TTCCCTCCTCTTTTGTGTCGGGCCAGACTCAGCCCCAGAAACCAGCCACCCTGCCGCGTCCGACTGCCAGGGATCCCTCACGCCGCGAGGTGAGCTGGTCGCAGGTGTGGGGAAGTTCGCGGGTGCAGCTAGGCCGCCGCCCTCGCGCTCGACGCCACGCCCGCCTCCTCTTTCCTTCCCCAGGGGCCCCTTGCCCTCCC,e69a4925f7a6060ec97ce9fd9327e8086436e9823bff5b4484aa144d57faa62d,0.0,TTCCCTCCTCTTTTGTGTCGGGCCAGACTCAGCCCCAGAAACCAGCCACCCTGCCGCGTCCGACTGCCAGGGATCCCTCACGCCGCGAGGTGAGCTGGTGGCAGGTGTGGGGAAGTTCGCGGGTGCAGCTAGGCCGCCGCCCTCGCGCTCGACGCCACGCCCGCCTCCTCTTTCCTTCCCCAGGGGCCCCTTGCCCTCCC,528395564564b09ac7aa40d4b7db425173ba1eb0aabf0979dedde2aaae98e63d,-0.0281668490464784,TTCCCTCCTCTTTTGTGTCGGGCCAGACTCAGCCCCAGAAACCAGCCACCCTGCCGCGTCCGACTGCCAGGGATCCCTCACGCCGCGAGGTGAGCTGGTCGCAGGTGTGGGGAAGTTCGCGGGTGCAGCTAGGCCGCCGCCCTCGCGCTCGACGCCACGCCCGCCTCCTCTTTCCGTCCCCAGGGGCCCCTTGCCCTCCC,edf70154788685279780f8f49dd1ae80ff0ff40b3dbbdb7354ff84850b4f7b84,-0.0067463874590012,TTCCCTCCTCTTTTGTGTCGGGCCAGACTCAGCCCCAGAAACCAGCCACCCTGCCGCGTCCGACTGCCAGGGATCCCTCACGCCGCGAGGTGAGCTGGTGGCAGGTGTGGGGAAGTTCGCGGGTGCAGCTAGGCCGCCGCCCTCGCGCTCGACGCCACGCCCGCCTCCTCTTTCCGTCCCCAGGGGCCCCTTGCCCTCCC,c18d0226ccdc34ea7f0983281ee4c1fe8ed6df549a40d2feb2d482d82d6897d2,-0.0892107551957797,0.0542975186903001,0.314269405293513,-255.89347824454308,-255.5658824443817,-259.9567503631115,-259.9000834673643,0.27092890441417694,1.0,0.0542975186903001,0.0,1,0.18264081354212197,0.18216460459877223,0.1501433469024087,0.026381005579051348,1.0
chr7:26438699:G:A;chr7:26438728:T:G;var1;middle;OL41|K562|cff20c1c8bc92b93,chr7:26438699:G:A;chr7:26438728:T:G;var1;middle;OL41,K562,K562_region_01941,100,129,29,ACCCTGCCGCGTCCGACTGCCAGGGATCCCTCACGCCGCGAGGTGAGCTGGTCGCAGGTGTGGGGAAGTTCGCGGGTGCAGCTAGGCCGCCGCCCTCGCGCTCGACGCCACGCCCGCCTCCTCTTTCCTTCCCCAGGGGCCCCTTGCCCTCCCTTCACCTCCGTCTCCAAGAAAGATGACCTAGTACTGCCATTACCGTT,5ed0e46b27ae1c04d98c28d9dfcf97a0a70952dd08493c9a279d37f8cb908e20,0.0,ACCCTGCCGCGTCCGACTGCCAGGGATCCCTCACGCCGCGAGGTGAGCTGGTCGCAGGTGTGGGGAAGTTCGCGGGTGCAGCTAGGCCGCCGCCCTCGCACTCGACGCCACGCCCGCCTCCTCTTTCCTTCCCCAGGGGCCCCTTGCCCTCCCTTCACCTCCGTCTCCAAGAAAGATGACCTAGTACTGCCATTACCGTT,74807dcd5ed5570f1d9599b26755d7613abe15f31dd6ee7b949cfffc2013aa64,-0.0999709178257385,ACCCTGCCGCGTCCGACTGCCAGGGATCCCTCACGCCGCGAGGTGAGCTGGTCGCAGGTGTGGGGAAGTTCGCGGGTGCAGCTAGGCCGCCGCCCTCGCGCTCGACGCCACGCCCGCCTCCTCTTTCCGTCCCCAGGGGCCCCTTGCCCTCCCTTCACCTCCGTCTCCAAGAAAGATGACCTAGTACTGCCATTACCGTT,d7c9d8a91e1d86709bd0800c3d3a6494cca957f87cf7f32be42f3ed81fe4d4f5,0.432250781186696,ACCCTGCCGCGTCCGACTGCCAGGGATCCCTCACGCCGCGAGGTGAGCTGGTCGCAGGTGTGGGGAAGTTCGCGGGTGCAGCTAGGCCGCCGCCCTCGCACTCGACGCCACGCCCGCCTCCTCTTTCCGTCCCCAGGGGCCCCTTGCCCTCCCTTCACCTCCGTCTCCAAGAAAGATGACCTAGTACTGCCATTACCGTT,cff20c1c8bc92b9390cd7da5b031051f2bd4508dab769d466946778598e3ab28,0.146295478356034,-0.1859843850049235,0.318756009636006,-297.73152948729694,-301.5205290950835,-303.9314094539732,-307.58916883543134,0.13124022632837296,-1.0,0.1859843850049235,0.0,1,0.18249868871171537,0.18216460459877223,0.1501433469024087,0.29309294467207586,1.0
chr7:27138754:T:G;chr7:27138829:G:A;var1;middle;OL41|K562|56d07ce61217c935,chr7:27138754:T:G;chr7:27138829:G:A;var1;middle;OL41,K562,K562_region_01942,100,175,75,CCTGCAATTGATCTCTTTGATGACATTCTCATTCATAGAAAGCGTTTGATTTATGAGCGTAGGACGAATCGCATCCAGGAGCTGCGCAGCCCTGGCCGCTGCCGGGACGCCCTGCTCCGCGCTGAGCTTGGGGCCAGAAACCAGCCATAGTCCCCACACTCCGCCGCCGCAGCTGAGATTTAGCGGAGGAAGGGGCGAGG,8d2b4c2127462fea681ebab7ade86cd6c6ad14d0de7887ab57beef4f50f7fe0a,0.0,CCTGCAATTGATCTCTTTGATGACATTCTCATTCATAGAAAGCGTTTGATTTATGAGCGTAGGACGAATCGCATCCAGGAGCTGCGCAGCCCTGGCCGCGGCCGGGACGCCCTGCTCCGCGCTGAGCTTGGGGCCAGAAACCAGCCATAGTCCCCACACTCCGCCGCCGCAGCTGAGATTTAGCGGAGGAAGGGGCGAGG,180d6444b2da1fef4528720e68ef7b37893e648cef293931c1cd5913945d691e,-0.187562503639036,CCTGCAATTGATCTCTTTGATGACATTCTCATTCATAGAAAGCGTTTGATTTATGAGCGTAGGACGAATCGCATCCAGGAGCTGCGCAGCCCTGGCCGCTGCCGGGACGCCCTGCTCCGCGCTGAGCTTGGGGCCAGAAACCAGCCATAGTCCCCACACTCCGCCGCCGCAGCTAAGATTTAGCGGAGGAAGGGGCGAGG,b8cef02720daaa0f9653d6f5c2be62b0d73644fe61e149fe363b084c9c6a5f4b,0.502667813172664,CCTGCAATTGATCTCTTTGATGACATTCTCATTCATAGAAAGCGTTTGATTTATGAGCGTAGGACGAATCGCATCCAGGAGCTGCGCAGCCCTGGCCGCGGCCGGGACGCCCTGCTCCGCGCTGAGCTTGGGGCCAGAAACCAGCCATAGTCCCCACACTCCGCCGCCGCAGCTAAGATTTAGCGGAGGAAGGGGCGAGG,56d07ce61217c9351c5f0922fca1c539b1cb53e05a004a75e5c823ec9435b0aa,0.483565402196751,0.168460092663123,0.293225538529453,-366.1020736480132,-360.3538593975827,-365.14973748708144,-359.8746080263518,-0.47308478970080614,-1.0,-0.168460092663123,0.0,2,0.17450561866649378,0.17490732828716207,0.146091925319964,0.05691747399191928,1.0
chr7:2757867:A:C;chr7:2757938:C:T;var1;middle;OL28|K562|79616ce3aae5ee5c,chr7:2757867:A:C;chr7:2757938:C:T;var1;middle;OL28,K562,K562_region_01913,100,171,71,CTCGATGCCTGCTCCCTGGGCTTTTTAATGAACGCACTTCTGTCACATGGAAACTGAGCCCGGCATGGAGTCACGTGGCTCCACCCTGGGGCTCCTCTGATGCCGAGAGCTCTGGCTCTCCTGACTGTGGGCCCAGTGTCCATTTTCTCTCTCAGGCAGGGTGCTCTGCCCGCCACAGTGTGCCTGGTTTTCTGGATACA,a9d19257c55bce6762496f4c7ee99a2ac579214e99234c25e56b715f6785f8f0,0.0,CTCGATGCCTGCTCCCTGGGCTTTTTAATGAACGCACTTCTGTCACATGGAAACTGAGCCCGGCATGGAGTCACGTGGCTCCACCCTGGGGCTCCTCTGCTGCCGAGAGCTCTGGCTCTCCTGACTGTGGGCCCAGTGTCCATTTTCTCTCTCAGGCAGGGTGCTCTGCCCGCCACAGTGTGCCTGGTTTTCTGGATACA,4646af217cd0b72e938c1d629ea62af9887791fdecf8aee0a415deece14eb028,0.566978216663059,CTCGATGCCTGCTCCCTGGGCTTTTTAATGAACGCACTTCTGTCACATGGAAACTGAGCCCGGCATGGAGTCACGTGGCTCCACCCTGGGGCTCCTCTGATGCCGAGAGCTCTGGCTCTCCTGACTGTGGGCCCAGTGTCCATTTTCTCTCTCAGGCAGGGTGCTCTGCCTGCCACAGTGTGCCTGGTTTTCTGGATACA,5a953317e70cf0591d7aa9ad1aac8df1cb67d02c811ca241cb21ff5a667e3e1c,0.0168621360888241,CTCGATGCCTGCTCCCTGGGCTTTTTAATGAACGCACTTCTGTCACATGGAAACTGAGCCCGGCATGGAGTCACGTGGCTCCACCCTGGGGCTCCTCTGCTGCCGAGAGCTCTGGCTCTCCTGACTGTGGGCCCAGTGTCCATTTTCTCTCTCAGGCAGGGTGCTCTGCCTGCCACAGTGTGCCTGGTTTTCTGGATACA,79616ce3aae5ee5cd9151d7d530a02828bec4d5588f18c08e4647cb9dc71a0d8,0.513661494404893,0.0701788583469902,0.181432059940922,-308.6269191224128,-345.9965481366962,-301.52189014386386,-337.6410115137696,-1.2505076443776488,1.0,0.0701788583469902,0.0,4,0.17464943294969476,0.17620727786206916,0.145609630836647,0.10062816862251271,1.0
chr7:28177301:C:T;chr7:28177338:G:A;var1;middle;OL41|K562|045df337309593f3,chr7:28177301:C:T;chr7:28177338:G:A;var1;middle;OL41,K562,K562_region_01943,100,137,37,AGGGTGCGCTCTTGGATGAACTGTGCATAATTCCTCTACGTATCCCTGGGATATAGATGGCAGTGGTTTCTGAATGATGCCTCCCCCTCTCCACAGATGCCGTTTCTTAATAGTCACCACAGGAATGGTGTCTGCCGTGCAGCCAGAAACTCAGGATGGCCAACTTCGATCCTTTGACACCATCTGGCAACTGAGAGCCC,ccfd689def5e86a7d3fc393254c207df017005cb53e918d2413971726bb7c239,0.0,AGGGTGCGCTCTTGGATGAACTGTGCATAATTCCTCTACGTATCCCTGGGATATAGATGGCAGTGGTTTCTGAATGATGCCTCCCCCTCTCCACAGATGTCGTTTCTTAATAGTCACCACAGGAATGGTGTCTGCCGTGCAGCCAGAAACTCAGGATGGCCAACTTCGATCCTTTGACACCATCTGGCAACTGAGAGCCC,40e1a2f566d211eab7549a28320b5598bbd5a966ea41c3517ade67eb147199d3,-0.377784218661528,AGGGTGCGCTCTTGGATGAACTGTGCATAATTCCTCTACGTATCCCTGGGATATAGATGGCAGTGGTTTCTGAATGATGCCTCCCCCTCTCCACAGATGCCGTTTCTTAATAGTCACCACAGGAATGGTGTCTGCCATGCAGCCAGAAACTCAGGATGGCCAACTTCGATCCTTTGACACCATCTGGCAACTGAGAGCCC,e15720dc9e2ff973b9b0960b21409bb9c44a197d1138abcaa26fc96f3c0dbbe4,-0.63047599774649,AGGGTGCGCTCTTGGATGAACTGTGCATAATTCCTCTACGTATCCCTGGGATATAGATGGCAGTGGTTTCTGAATGATGCCTCCCCCTCTCCACAGATGTCGTTTCTTAATAGTCACCACAGGAATGGTGTCTGCCATGCAGCCAGAAACTCAGGATGGCCAACTTCGATCCTTTGACACCATCTGGCAACTGAGAGCCC,045df337309593f3e5b87806079d9b4e06bd00dd747da29dc5e97d79bae908f7,-1.1102334032522,0.101973186844182,0.391867292861046,-368.2844943650998,-377.99181064858567,-360.6473022028804,-366.2628338560462,-4.091784630320035,1.0,0.101973186844182,0.0,3,0.17323138281731618,0.18106719778262317,0.1474303780702046,0.17098082578498897,1.0
chr7:28998663:G:A;chr7:28998699:G:C;var1;middle;OL41|K562|0500167abc97408f,chr7:28998663:G:A;chr7:28998699:G:C;var1;middle;OL41,K562,K562_region_01944,100,136,36,AGGTGCCACCCTGCGGGAAGTTTGGGCAGCACGGAGTCCGCCAGCATTCTACAGGAAGTTTGGGGGAGCACAAGGTTGCCTGCAGAAGGCCATCAGAAGGGGGTAGGTGAACCCAGTCTGACAGTTGCTGCTTGGGTTTTGACGTCGTTGGACTAGTAGCTGAGGAGAGGCACCACCCCCTTTTAGGTGTCTGAAGGGAG,d6bdcef952c908428acf03d22859b104060f43fbf4e2f754b371025baa19f0ed,0.0,AGGTGCCACCCTGCGGGAAGTTTGGGCAGCACGGAGTCCGCCAGCATTCTACAGGAAGTTTGGGGGAGCACAAGGTTGCCTGCAGAAGGCCATCAGAAGAGGGTAGGTGAACCCAGTCTGACAGTTGCTGCTTGGGTTTTGACGTCGTTGGACTAGTAGCTGAGGAGAGGCACCACCCCCTTTTAGGTGTCTGAAGGGAG,51578c48c6bf21b14cdc9dd4585e2a789ceba363d8ef5bd86971fe0b94179578,-0.154888708163142,AGGTGCCACCCTGCGGGAAGTTTGGGCAGCACGGAGTCCGCCAGCATTCTACAGGAAGTTTGGGGGAGCACAAGGTTGCCTGCAGAAGGCCATCAGAAGGGGGTAGGTGAACCCAGTCTGACAGTTGCTGCTTGGCTTTTGACGTCGTTGGACTAGTAGCTGAGGAGAGGCACCACCCCCTTTTAGGTGTCTGAAGGGAG,2eeadcdf04e36870fce040e4cf58b2205edbfeb128a0c47c910515013e77cdba,0.0314608299722529,AGGTGCCACCCTGCGGGAAGTTTGGGCAGCACGGAGTCCGCCAGCATTCTACAGGAAGTTTGGGGGAGCACAAGGTTGCCTGCAGAAGGCCATCAGAAGAGGGTAGGTGAACCCAGTCTGACAGTTGCTGCTTGGCTTTTGACGTCGTTGGACTAGTAGCTGAGGAGAGGCACCACCCCCTTTTAGGTGTCTGAAGGGAG,0500167abc97408f8823594c3deaf2e1ac40aa6b97c94f108e2cd852ecf45f14,-0.279163582496904,0.1557357043060148,0.376606765579079,-405.86973001621664,-396.6024460068438,-397.802663797047,-389.1435523331165,0.6081725454423008,1.0,0.1557357043060148,0.0,3,0.18269796799651578,0.18106719778262317,0.1474303780702046,0.047380677619635214,1.0
chr7:30443215:C:T;chr7:30443235:G:A;var1;middle;OL41|K562|58dee13f898bdbca,chr7:30443215:C:T;chr7:30443235:G:A;var1;middle;OL41,K562,K562_region_01945,100,120,20,CTCCTAACTTAGTGGCTTACAATGATAACAGTCATTTATTTTATTCAAAAATCTGCAATTTGGGCTACAATTGGCAGAACAGCTCATCTTTGCTCCTTACAGTATTGGCTGGAGTTGGCGATGACTCAGCAGATCAAGGCTGGAAGACTCATTCTCGTCAGGTGGTTGACGTTGGCTGTCAGTTGGAACCTCACCTGGGG,e28ddea53a2b0c5567139cd54f8d12f5d6af517aa0456faf6dcce57d8787b65d,0.0,CTCCTAACTTAGTGGCTTACAATGATAACAGTCATTTATTTTATTCAAAAATCTGCAATTTGGGCTACAATTGGCAGAACAGCTCATCTTTGCTCCTTATAGTATTGGCTGGAGTTGGCGATGACTCAGCAGATCAAGGCTGGAAGACTCATTCTCGTCAGGTGGTTGACGTTGGCTGTCAGTTGGAACCTCACCTGGGG,5977fdf21f87d4f489ef0d13b872f0e98fdc80976c685d940deab8b56c3924b6,-0.1755630023335,CTCCTAACTTAGTGGCTTACAATGATAACAGTCATTTATTTTATTCAAAAATCTGCAATTTGGGCTACAATTGGCAGAACAGCTCATCTTTGCTCCTTACAGTATTGGCTGGAGTTGGCAATGACTCAGCAGATCAAGGCTGGAAGACTCATTCTCGTCAGGTGGTTGACGTTGGCTGTCAGTTGGAACCTCACCTGGGG,774210aa9815f140da55f6fa66c4c5f2d1e68e581c16fab6d8f7dad03593e809,0.271478687544131,CTCCTAACTTAGTGGCTTACAATGATAACAGTCATTTATTTTATTCAAAAATCTGCAATTTGGGCTACAATTGGCAGAACAGCTCATCTTTGCTCCTTATAGTATTGGCTGGAGTTGGCAATGACTCAGCAGATCAAGGCTGGAAGACTCATTCTCGTCAGGTGGTTGACGTTGGCTGTCAGTTGGAACCTCACCTGGGG,58dee13f898bdbca3664728b351c6ff3f6a2fd190b514140000564eac1b632a0,-0.141683710406725,-0.237599395617356,0.215917342678944,-364.07745652413,-365.0370545703918,-360.9578371876851,-362.7214207211509,-0.8039854872040451,-1.0,0.237599395617356,0.0,3,0.17985361988809515,0.18106719778262317,0.1474303780702046,0.20702868640049843,1.0
chr7:30617474:T:C;chr7:30617532:T:C;var1;middle;OL41|K562|4e1c6a884ba5a03c,chr7:30617474:T:C;chr7:30617532:T:C;var1;middle;OL41,K562,K562_region_01946,100,158,58,AGCAGTTCCGGTGGCAGTTTGATTTTTAAAGGCCAAACCTCCTCAGACTCCAAAGACACTGGAGCCAAATAGCACCAAAGGAGAGCACCATATGCTGACTAGGCCTGACCCTTCTTAGGACAGCAGCACCAAAGCCTGGATACATGCAACGTCATCCTGCTTTCCCATTCAACAGCAAACTCCAGATTCCAAACAATACT,2bbc31bc1028577ef1a4afc4cf8ce1ea4aac8c919aa64df2da626b46df3183a7,0.0,AGCAGTTCCGGTGGCAGTTTGATTTTTAAAGGCCAAACCTCCTCAGACTCCAAAGACACTGGAGCCAAATAGCACCAAAGGAGAGCACCATATGCTGACCAGGCCTGACCCTTCTTAGGACAGCAGCACCAAAGCCTGGATACATGCAACGTCATCCTGCTTTCCCATTCAACAGCAAACTCCAGATTCCAAACAATACT,e8d1be2a4ee8d63a10cc58a42fa86a1f845208205821c4006b7aed4e941656d7,-0.14501306088032,AGCAGTTCCGGTGGCAGTTTGATTTTTAAAGGCCAAACCTCCTCAGACTCCAAAGACACTGGAGCCAAATAGCACCAAAGGAGAGCACCATATGCTGACTAGGCCTGACCCTTCTTAGGACAGCAGCACCAAAGCCTGGATACATGCAACGTCATCCCGCTTTCCCATTCAACAGCAAACTCCAGATTCCAAACAATACT,9072d8e8fe391ec5e29c951509d22140d48fdc90370a88606a3cf34fd5eef132,-0.499294901568706,AGCAGTTCCGGTGGCAGTTTGATTTTTAAAGGCCAAACCTCCTCAGACTCCAAAGACACTGGAGCCAAATAGCACCAAAGGAGAGCACCATATGCTGACCAGGCCTGACCCTTCTTAGGACAGCAGCACCAAAGCCTGGATACATGCAACGTCATCCCGCTTTCCCATTCAACAGCAAACTCCAGATTCCAAACAATACT,4e1c6a884ba5a03c2115efe4d6dcda749de2cc21b81133415195c733ecb09f6a,-0.730705241889149,0.0863972794401229,0.28333368529016,-341.52682751137763,-339.2199832322076,-343.81378754228354,-341.7026615664363,0.19571830332279205,1.0,0.0863972794401229,0.0,1,0.1825642912779602,0.18216460459877223,0.1501433469024087,0.14318071115299702,1.0
chr7:30764820:T:C;chr7:30764823:A:G;var1;middle;OL31|K562|b2b23d1f4d143a64,chr7:30764820:T:C;chr7:30764823:A:G;var1;middle;OL31,K562,K562_region_01947,100,103,3,CAGATCTTGAGACCAACCTGGATTACTAGGATGGGTCCTCCTTCCAATAATGAGTGTCCTTATGAGAGACAGAAGACACAGACACACAGCGGGGAAGGATGCATGGAGACGCAGGCAGAGGTTGGAATTAGGCTGTCACAAGCCATGGGATGCCAGGAGCTGCCAGAACCTGGATCCTCCTCTGGAGCTTTTGGAGGGAG,d3be3564ed978029d82e2b7a32172fa7b45e0e2b3511a540140a910ca4c6f816,0.0,CAGATCTTGAGACCAACCTGGATTACTAGGATGGGTCCTCCTTCCAATAATGAGTGTCCTTATGAGAGACAGAAGACACAGACACACAGCGGGGAAGGACGCATGGAGACGCAGGCAGAGGTTGGAATTAGGCTGTCACAAGCCATGGGATGCCAGGAGCTGCCAGAACCTGGATCCTCCTCTGGAGCTTTTGGAGGGAG,0cee3aad724643481c6893bffd79fc1d3a002afb98765881502106fc7871e01e,-0.222674785016333,CAGATCTTGAGACCAACCTGGATTACTAGGATGGGTCCTCCTTCCAATAATGAGTGTCCTTATGAGAGACAGAAGACACAGACACACAGCGGGGAAGGATGCGTGGAGACGCAGGCAGAGGTTGGAATTAGGCTGTCACAAGCCATGGGATGCCAGGAGCTGCCAGAACCTGGATCCTCCTCTGGAGCTTTTGGAGGGAG,5517144d823f1c0a326dc52f28416fb71f9d32ebfc1c81bec3dd0d2382f16026,-0.0031234576903317,CAGATCTTGAGACCAACCTGGATTACTAGGATGGGTCCTCCTTCCAATAATGAGTGTCCTTATGAGAGACAGAAGACACAGACACACAGCGGGGAAGGACGCGTGGAGACGCAGGCAGAGGTTGGAATTAGGCTGTCACAAGCCATGGGATGCCAGGAGCTGCCAGAACCTGGATCCTCCTCTGGAGCTTTTGGAGGGAG,b2b23d1f4d143a64333410dee6eae9b99fdb4c9f800aef409bd44b7feaa30482,0.0709853636954771,0.2967836064021418,0.211027470535368,-185.474239692092,-195.94809861434624,-186.3480203039944,-208.42417997214943,-11.602300745900777,-1.0,-0.2967836064021418,0.0,3,0.15810381082271305,0.18106719778262317,0.1474303780702046,0.1517200207155825,1.0
chr7:32133424:G:A;chr7:32133475:T:C;var1;middle;OL41|K562|72d00f791c8c96a9,chr7:32133424:G:A;chr7:32133475:T:C;var1;middle;OL41,K562,K562_region_01948,100,151,51,AAACTAGTTGCAAAAAATAAGCCAAAACAGTTGAAGTGTTGCCATGGACCCTGTGGCTTTGAGCAGCTAGCCCAGCTGTGCCAGGGGCCAGAACCCCTCGCTGAAAGCTGCTGTGTGCTCTGGGACAGTGCTGGCAAGGAGAGCTCTTTATCAGATGGGCCCTCTCTACACTTCTCTCCACAGGCCAGGAGCACAGGAAG,a37e8f9c72414f1ac79df795223f3a7fa82946c529acf4cc88e131b1a1f025a6,0.0,AAACTAGTTGCAAAAAATAAGCCAAAACAGTTGAAGTGTTGCCATGGACCCTGTGGCTTTGAGCAGCTAGCCCAGCTGTGCCAGGGGCCAGAACCCCTCACTGAAAGCTGCTGTGTGCTCTGGGACAGTGCTGGCAAGGAGAGCTCTTTATCAGATGGGCCCTCTCTACACTTCTCTCCACAGGCCAGGAGCACAGGAAG,42f7c3c7df889a8080fcc1f3b4f7e0edfd584ce656e2b064f3eaa3fb6da60791,0.0420140626484923,AAACTAGTTGCAAAAAATAAGCCAAAACAGTTGAAGTGTTGCCATGGACCCTGTGGCTTTGAGCAGCTAGCCCAGCTGTGCCAGGGGCCAGAACCCCTCGCTGAAAGCTGCTGTGTGCTCTGGGACAGTGCTGGCAAGGAGAGCTCTTTACCAGATGGGCCCTCTCTACACTTCTCTCCACAGGCCAGGAGCACAGGAAG,b735b8716f58a36dad3b4f3f80715d532a19bf18eaa0f9584118f3226efe88c4,-1.09970871729169,AAACTAGTTGCAAAAAATAAGCCAAAACAGTTGAAGTGTTGCCATGGACCCTGTGGCTTTGAGCAGCTAGCCCAGCTGTGCCAGGGGCCAGAACCCCTCACTGAAAGCTGCTGTGTGCTCTGGGACAGTGCTGGCAAGGAGAGCTCTTTACCAGATGGGCCCTCTCTACACTTCTCTCCACAGGCCAGGAGCACAGGAAG,72d00f791c8c96a9f5c61479a1c10ab0f9a4a6f90d45780879a31edbe586880b,-1.17929658764995,0.1216019330067523,0.251814829255517,-290.81609484832734,-282.99038402736187,-291.2892384057632,-284.1704502622597,0.7069226774619892,1.0,0.1216019330067523,0.0,1,0.18308441098968808,0.18216460459877223,0.1501433469024087,0.20887940514251516,1.0
chr7:33914327:A:G;chr7:33914394:T:C;var1;middle;OL41|K562|54e6b0eec3be2a54,chr7:33914327:A:G;chr7:33914394:T:C;var1;middle;OL41,K562,K562_region_01949,100,167,67,GCACAACCCATATAATAGCAACCGCCTCCAGAAGGTGGATTTCTATCTCAGCTCAGAGAATCCACTAACATGTGGGCCAGCCTTGGGCAAAATTGAGAAATGGGAGAAGACTTGGTTTGCTTCCTTCAGCCCCTCCACTTCTCAGCGAGTGTCTTGCTCTCTTCTATTCTCCCTGCATCTCTTGCTGTGCACTCAAACCC,84273cef6f3cea9f93854deb93ba64fbd1156bdeaa6a856e092c25fecbe4ddb9,0.0,GCACAACCCATATAATAGCAACCGCCTCCAGAAGGTGGATTTCTATCTCAGCTCAGAGAATCCACTAACATGTGGGCCAGCCTTGGGCAAAATTGAGAAGTGGGAGAAGACTTGGTTTGCTTCCTTCAGCCCCTCCACTTCTCAGCGAGTGTCTTGCTCTCTTCTATTCTCCCTGCATCTCTTGCTGTGCACTCAAACCC,a9027c19cec635c7a3fb775846279b76afbaca7651ecc3ffd74ca5f6af0d4d95,0.365924282226808,GCACAACCCATATAATAGCAACCGCCTCCAGAAGGTGGATTTCTATCTCAGCTCAGAGAATCCACTAACATGTGGGCCAGCCTTGGGCAAAATTGAGAAATGGGAGAAGACTTGGTTTGCTTCCTTCAGCCCCTCCACTTCTCAGCGAGTGTCTTGCTCTCTTCTACTCTCCCTGCATCTCTTGCTGTGCACTCAAACCC,20693e7a4022c50830fa0685f00ec58c8748cfa324272bef76c54b8993c9d0b2,-0.337824570989249,GCACAACCCATATAATAGCAACCGCCTCCAGAAGGTGGATTTCTATCTCAGCTCAGAGAATCCACTAACATGTGGGCCAGCCTTGGGCAAAATTGAGAAGTGGGAGAAGACTTGGTTTGCTTCCTTCAGCCCCTCCACTTCTCAGCGAGTGTCTTGCTCTCTTCTACTCTCCCTGCATCTCTTGCTGTGCACTCAAACCC,54e6b0eec3be2a549315e0916250e86e5bf7069266236e343c4a334ff5ed57eb,0.70386792664783,0.6757682154102711,0.466086548615157,-313.9916823853273,-313.3492865972221,-320.4504691425245,-311.10293973982334,8.70513361459598,-1.0,-0.6757682154102711,0.0,4,0.18698856740593722,0.17620727786206916,0.145609630836647,0.20653127220618664,1.0
chr7:36170883:G:A;chr7:36170904:C:G;var1;middle;OL31|K562|d269cafda16998a0,chr7:36170883:G:A;chr7:36170904:C:G;var1;middle;OL31,K562,K562_region_01950,100,121,21,CTCTGCAGCAAACAGAGGAAACCAATATCCCTGCCCTCATGGCATTGGCATCCAGTGGGAAGGGCCAGACAGAAATAAACAAGCAAGTCAGCATGGAGTGTAACCAGTGTTGCATCCTTACGAGAAAAATAAAGATGCGATGTTGGCAGAGGGGGTAGGAGGTTTGAAATTTTATTCAGGGTGGCTCTGAAGACCTACAG,ba79086f672448312eae112d809ad92de67e2141f419404c89c102489fb9ee35,0.0,CTCTGCAGCAAACAGAGGAAACCAATATCCCTGCCCTCATGGCATTGGCATCCAGTGGGAAGGGCCAGACAGAAATAAACAAGCAAGTCAGCATGGAGTATAACCAGTGTTGCATCCTTACGAGAAAAATAAAGATGCGATGTTGGCAGAGGGGGTAGGAGGTTTGAAATTTTATTCAGGGTGGCTCTGAAGACCTACAG,c245013ce5459f377faf6b0c40f149492c0c5a001ec793480bc717dc76236afa,-0.0368114123976227,CTCTGCAGCAAACAGAGGAAACCAATATCCCTGCCCTCATGGCATTGGCATCCAGTGGGAAGGGCCAGACAGAAATAAACAAGCAAGTCAGCATGGAGTGTAACCAGTGTTGCATCCTTAGGAGAAAAATAAAGATGCGATGTTGGCAGAGGGGGTAGGAGGTTTGAAATTTTATTCAGGGTGGCTCTGAAGACCTACAG,2ca97c985a53bab48ad77f6b47b26c14c530251e8b9a6efff3de7464c362c3e5,-0.0524210457537462,CTCTGCAGCAAACAGAGGAAACCAATATCCCTGCCCTCATGGCATTGGCATCCAGTGGGAAGGGCCAGACAGAAATAAACAAGCAAGTCAGCATGGAGTATAACCAGTGTTGCATCCTTAGGAGAAAAATAAAGATGCGATGTTGGCAGAGGGGGTAGGAGGTTTGAAATTTTATTCAGGGTGGCTCTGAAGACCTACAG,d269cafda16998a042e6f1503c19259509a5def8672a7ca795f283fdd89a7de6,-0.139664980862917,0.0504325227115481,0.242576207910147,-283.8388363285921,-273.07668175548315,-291.9116347094532,-282.0751065891236,0.9256264527793405,1.0,0.0504325227115481,0.0,1,0.18330692893031295,0.18216460459877223,0.1501433469024087,0.21251607112300847,1.0
chr7:38384542:A:C;chr7:38384577:G:A;var1;middle;OL41|K562|5fa8704d29dc9aab,chr7:38384542:A:C;chr7:38384577:G:A;var1;middle;OL41,K562,K562_region_01951,100,135,35,ACAGGGTGCAGCTGCTGCCAGGACAGTGTGATATTAGGAGGGAGATCAGGAGTTAAGCTGTCTTTCTCTTGTTCAGAATACAGTAAATTTGGTGGCAGGAAATGAGAGGGGGCGGCTCTATCTTGTGTACCAGAGGCAGCCACAAGGCAGATGTTCAGTGTGGTGTAGGGCAGATCTGAATCACTGTGCCTGCCCCAGGT,8b62413e4a1b00d2a940698c83c5ccc70a79eab6d7440380a9edd8cbc0127b81,0.0,ACAGGGTGCAGCTGCTGCCAGGACAGTGTGATATTAGGAGGGAGATCAGGAGTTAAGCTGTCTTTCTCTTGTTCAGAATACAGTAAATTTGGTGGCAGGCAATGAGAGGGGGCGGCTCTATCTTGTGTACCAGAGGCAGCCACAAGGCAGATGTTCAGTGTGGTGTAGGGCAGATCTGAATCACTGTGCCTGCCCCAGGT,da18659127f04fb725acd3007583d750876331b81c65e015f65e7caae9e55648,-0.75516551536459,ACAGGGTGCAGCTGCTGCCAGGACAGTGTGATATTAGGAGGGAGATCAGGAGTTAAGCTGTCTTTCTCTTGTTCAGAATACAGTAAATTTGGTGGCAGGAAATGAGAGGGGGCGGCTCTATCTTGTGTACCAGAAGCAGCCACAAGGCAGATGTTCAGTGTGGTGTAGGGCAGATCTGAATCACTGTGCCTGCCCCAGGT,0def20e54c3fa5f8f7b4200111a110036f841e428838c8d6d01d5529ea44e8c3,0.557782027017076,ACAGGGTGCAGCTGCTGCCAGGACAGTGTGATATTAGGAGGGAGATCAGGAGTTAAGCTGTCTTTCTCTTGTTCAGAATACAGTAAATTTGGTGGCAGGCAATGAGAGGGGGCGGCTCTATCTTGTGTACCAGAAGCAGCCACAAGGCAGATGTTCAGTGTGGTGTAGGGCAGATCTGAATCACTGTGCCTGCCCCAGGT,5fa8704d29dc9aab51db43d2fb8e2766369ea217d6e711f5456429f2d65c870d,-0.21946592053904,-0.022082432191526,0.142008968563062,-246.8409184068441,-249.28051257133484,-247.72922991216183,-251.1856559216976,-1.0168318450450329,-1.0,0.022082432191526,0.0,1,0.18133059441320493,0.18216460459877223,0.1501433469024087,0.17155274421928435,1.0
chr7:38384564:C:T;chr7:38384577:G:A;var1;middle;OL41|K562|9a4776b23a947b13,chr7:38384564:C:T;chr7:38384577:G:A;var1;middle;OL41,K562,K562_region_01951,100,113,13,ACAGTGTGATATTAGGAGGGAGATCAGGAGTTAAGCTGTCTTTCTCTTGTTCAGAATACAGTAAATTTGGTGGCAGGAAATGAGAGGGGGCGGCTCTATCTTGTGTACCAGAGGCAGCCACAAGGCAGATGTTCAGTGTGGTGTAGGGCAGATCTGAATCACTGTGCCTGCCCCAGGTGGCACAGTAATAGACCCCAGAA,b8f90ac24c2bcda653c04dd9462cbaaf87297106c5678bcc46be0cddd878979d,0.0,ACAGTGTGATATTAGGAGGGAGATCAGGAGTTAAGCTGTCTTTCTCTTGTTCAGAATACAGTAAATTTGGTGGCAGGAAATGAGAGGGGGCGGCTCTATTTTGTGTACCAGAGGCAGCCACAAGGCAGATGTTCAGTGTGGTGTAGGGCAGATCTGAATCACTGTGCCTGCCCCAGGTGGCACAGTAATAGACCCCAGAA,99023d31c037f93c9ac2c267983221980af67f01f6176fb9846487200af06024,-0.464448133197525,ACAGTGTGATATTAGGAGGGAGATCAGGAGTTAAGCTGTCTTTCTCTTGTTCAGAATACAGTAAATTTGGTGGCAGGAAATGAGAGGGGGCGGCTCTATCTTGTGTACCAGAAGCAGCCACAAGGCAGATGTTCAGTGTGGTGTAGGGCAGATCTGAATCACTGTGCCTGCCCCAGGTGGCACAGTAATAGACCCCAGAA,cf7d6242d84302d5c55fdd85e13b928bc998f19c851d73a76cf290dd3041c582,0.743516022065191,ACAGTGTGATATTAGGAGGGAGATCAGGAGTTAAGCTGTCTTTCTCTTGTTCAGAATACAGTAAATTTGGTGGCAGGAAATGAGAGGGGGCGGCTCTATTTTGTGTACCAGAAGCAGCCACAAGGCAGATGTTCAGTGTGGTGTAGGGCAGATCTGAATCACTGTGCCTGCCCCAGGTGGCACAGTAATAGACCCCAGAA,9a4776b23a947b13b06f02aec019021a15c026bedd8268f054dbc020238a223e,-0.798000773717799,1.0770686625854649,0.181644750001583,-297.1919610146433,-269.92870028316975,-314.23626404395327,-305.7418876737356,18.768884361255914,1.0,1.0770686625854649,0.0,1,0.2014613709287229,0.18216460459877223,0.1501433469024087,0.195688142092906,1.0
chr7:38398781:G:T;chr7:38398813:T:C;var1;middle;OL41|K562|203a0af9708bbb5f,chr7:38398781:G:T;chr7:38398813:T:C;var1;middle;OL41,K562,K562_region_01952,100,132,32,ACAGAAGACAGTAGGAGGAGCTGGTTTCCTGAGACACAGGCAGAGAGAAGTGACTGAAGATGTGTCTTAGGGGACTCCCAAGCCTTCCTCCCAGAAGGGGTGGTGCCTGGGAGGACCTGCAGAGGAGCTCCTGCATCTCCTCAGGCCCTTTCTTCGGCGCCCTCTTGTGGCAGCTGAGAGCAGGCCCAGGGCAGAAGGGA,63dac457fb0cc9987231f50ebf86dac2abfa71d5f930c9591f82c1ca3d70fa3e,0.0,ACAGAAGACAGTAGGAGGAGCTGGTTTCCTGAGACACAGGCAGAGAGAAGTGACTGAAGATGTGTCTTAGGGGACTCCCAAGCCTTCCTCCCAGAAGGGTTGGTGCCTGGGAGGACCTGCAGAGGAGCTCCTGCATCTCCTCAGGCCCTTTCTTCGGCGCCCTCTTGTGGCAGCTGAGAGCAGGCCCAGGGCAGAAGGGA,edd6405e233f4df4b370c0a2237ca6baf3db57bdd085f19fd6d733fa12a95bf1,-0.250299461742463,ACAGAAGACAGTAGGAGGAGCTGGTTTCCTGAGACACAGGCAGAGAGAAGTGACTGAAGATGTGTCTTAGGGGACTCCCAAGCCTTCCTCCCAGAAGGGGTGGTGCCTGGGAGGACCTGCAGAGGAGCTCCCGCATCTCCTCAGGCCCTTTCTTCGGCGCCCTCTTGTGGCAGCTGAGAGCAGGCCCAGGGCAGAAGGGA,07b8b20e6268ee0998826c194bbe3d67b5e261178e7c529c85528de77d7fd24c,0.272702664369457,ACAGAAGACAGTAGGAGGAGCTGGTTTCCTGAGACACAGGCAGAGAGAAGTGACTGAAGATGTGTCTTAGGGGACTCCCAAGCCTTCCTCCCAGAAGGGTTGGTGCCTGGGAGGACCTGCAGAGGAGCTCCCGCATCTCCTCAGGCCCTTTCTTCGGCGCCCTCTTGTGGCAGCTGAGAGCAGGCCCAGGGCAGAAGGGA,203a0af9708bbb5f55ed56c80b76b2d0b1cf731a97364746a8fc8c2703cd1080,-0.457354853743657,0.479758056370651,0.334335582466426,-373.0251499057049,-373.1349305293989,-385.3286826412659,-385.7178627653048,0.27939950034493677,1.0,0.479758056370651,0.0,4,0.17654561718064846,0.17620727786206916,0.145609630836647,0.3088434740815659,1.0
chr7:44111189:T:C;chr7:44111258:C:A;var1;middle;OL41|K562|69d4502503f7bb4a,chr7:44111189:T:C;chr7:44111258:C:A;var1;middle;OL41,K562,K562_region_01953,100,169,69,AATAAACATATACTTACCAAATGACCCAGTAATCCTGTGCCTATTTACCCAAGAGAAATGAAGACCCATGTGTTACACGAAAACCTGTACATGCATGTCTGTAGCAGTACGATTCATCATCTCCAAACCCTGGAAACAACCCAGACTTTTTTTCTTTTTAGGCAGACTCTTGCTCTGTCGCCCAGGCTGGAGTGCAGTGG,60aa52549709120f349afba454701f0ec3f61d232f5c9c76979358d99fa52fe4,0.0,AATAAACATATACTTACCAAATGACCCAGTAATCCTGTGCCTATTTACCCAAGAGAAATGAAGACCCATGTGTTACACGAAAACCTGTACATGCATGTCCGTAGCAGTACGATTCATCATCTCCAAACCCTGGAAACAACCCAGACTTTTTTTCTTTTTAGGCAGACTCTTGCTCTGTCGCCCAGGCTGGAGTGCAGTGG,678e046c05f2d9f1e50aee47d6453a7b31382e5f458489f006190f0445986764,0.713156503436267,AATAAACATATACTTACCAAATGACCCAGTAATCCTGTGCCTATTTACCCAAGAGAAATGAAGACCCATGTGTTACACGAAAACCTGTACATGCATGTCTGTAGCAGTACGATTCATCATCTCCAAACCCTGGAAACAACCCAGACTTTTTTTCTTTTTAGGCAGACTATTGCTCTGTCGCCCAGGCTGGAGTGCAGTGG,46a2c46f9b6eaed5a9208ee7088158f214b9e56ce43aa89beaf80bf208857e25,0.527623361748282,AATAAACATATACTTACCAAATGACCCAGTAATCCTGTGCCTATTTACCCAAGAGAAATGAAGACCCATGTGTTACACGAAAACCTGTACATGCATGTCCGTAGCAGTACGATTCATCATCTCCAAACCCTGGAAACAACCCAGACTTTTTTTCTTTTTAGGCAGACTATTGCTCTGTCGCCCAGGCTGGAGTGCAGTGG,69d4502503f7bb4a0e469f89421f0af9982a29c7db7185d6a2a33051f4dca265,0.531402421634065,0.7093774435504839,0.579307633949893,-195.34014188218865,-201.3342681005597,-197.60191338695583,-203.77406191825867,0.17802231293174486,1.0,0.7093774435504839,0.0,1,0.1825462866718055,0.18216460459877223,0.1501433469024087,0.264205344459865,1.0
chr7:44145024:A:G;chr7:44145099:G:A;var1;middle;OL41|K562|2b8741941a41a88d,chr7:44145024:A:G;chr7:44145099:G:A;var1;middle;OL41,K562,K562_region_01954,100,175,75,TACTCCAGGAGGTCTCACGTAGGTGAGAGAGTTTCAGGTGGTGGTGAGCACAGGGCTTCAGGTGGTGGTGAGCAATGGGTGGTCCTACATTAGTACAGGAAATTAGATGAGGTGATGCATCACTGAAGCATTTAACCCACGGCCTCTTGCATAATCAGTTGTCAGTAAATCTTAGCTGTTTTCATCGTGGCCCTCTGGAA,b14bebab6b60e5d791d8146f836d2b10bf59afe248ce801e2bbaca36cb0f6ce6,0.0,TACTCCAGGAGGTCTCACGTAGGTGAGAGAGTTTCAGGTGGTGGTGAGCACAGGGCTTCAGGTGGTGGTGAGCAATGGGTGGTCCTACATTAGTACAGGGAATTAGATGAGGTGATGCATCACTGAAGCATTTAACCCACGGCCTCTTGCATAATCAGTTGTCAGTAAATCTTAGCTGTTTTCATCGTGGCCCTCTGGAA,fbdd5fd8bcecd6c9e71a781c307b167dd023f2f139a36a9600cba8c47983aae6,0.0856450194062425,TACTCCAGGAGGTCTCACGTAGGTGAGAGAGTTTCAGGTGGTGGTGAGCACAGGGCTTCAGGTGGTGGTGAGCAATGGGTGGTCCTACATTAGTACAGGAAATTAGATGAGGTGATGCATCACTGAAGCATTTAACCCACGGCCTCTTGCATAATCAGTTGTCAGTAAATCTTAACTGTTTTCATCGTGGCCCTCTGGAA,51859f06c2a8d1c0c394ad9314b065921aeb5ed279d923005d7ea19f209e2bfe,-0.0202760026214345,TACTCCAGGAGGTCTCACGTAGGTGAGAGAGTTTCAGGTGGTGGTGAGCACAGGGCTTCAGGTGGTGGTGAGCAATGGGTGGTCCTACATTAGTACAGGGAATTAGATGAGGTGATGCATCACTGAAGCATTTAACCCACGGCCTCTTGCATAATCAGTTGTCAGTAAATCTTAACTGTTTTCATCGTGGCCCTCTGGAA,2b8741941a41a88d621e3cf7f12bee08ae3b6ef0697c1f99100b2b5723ff4e00,-0.148524515501839,0.213893532286647,0.250979495405318,-227.40192181617024,-225.75556762516496,-243.6804300355725,-236.47443349752567,-5.559642347041574,1.0,0.213893532286647,0.0,4,0.16930864262759426,0.17620727786206916,0.145609630836647,0.18323726306708144,1.0
chr7:44145099:G:A;chr7:44145178:C:G;var1;middle;OL41|K562|723a9ea5ac2941e0,chr7:44145099:G:A;chr7:44145178:C:G;var1;middle;OL41,K562,K562_region_01954,100,179,79,TGGGTGGTCCTACATTAGTACAGGAAATTAGATGAGGTGATGCATCACTGAAGCATTTAACCCACGGCCTCTTGCATAATCAGTTGTCAGTAAATCTTAGCTGTTTTCATCGTGGCCCTCTGGAAGGTGGCAGAGGGTCTTGTGATCCCTGTCTCCCAGGAGATTCCAAGGCACCATCCAACATTCCTGATGTCAGCAGC,3169e70f6403b6b7991e990a7f4eb494881d1d9be2aa8aabc312c12af18fffac,0.0,TGGGTGGTCCTACATTAGTACAGGAAATTAGATGAGGTGATGCATCACTGAAGCATTTAACCCACGGCCTCTTGCATAATCAGTTGTCAGTAAATCTTAACTGTTTTCATCGTGGCCCTCTGGAAGGTGGCAGAGGGTCTTGTGATCCCTGTCTCCCAGGAGATTCCAAGGCACCATCCAACATTCCTGATGTCAGCAGC,f48bc5302971cae64a4ec9d09f94edcf1666a965d9c0021976d0be0798ba76f5,-0.386899108597756,TGGGTGGTCCTACATTAGTACAGGAAATTAGATGAGGTGATGCATCACTGAAGCATTTAACCCACGGCCTCTTGCATAATCAGTTGTCAGTAAATCTTAGCTGTTTTCATCGTGGCCCTCTGGAAGGTGGCAGAGGGTCTTGTGATCCCTGTCTCCCAGGAGATTCCAAGGCACCATCGAACATTCCTGATGTCAGCAGC,4e92e13837d7ece8a869621f60fb0b065a80e5c5cb560cf6422d8de457a9361e,0.0492571833347215,TGGGTGGTCCTACATTAGTACAGGAAATTAGATGAGGTGATGCATCACTGAAGCATTTAACCCACGGCCTCTTGCATAATCAGTTGTCAGTAAATCTTAACTGTTTTCATCGTGGCCCTCTGGAAGGTGGCAGAGGGTCTTGTGATCCCTGTCTCCCAGGAGATTCCAAGGCACCATCGAACATTCCTGATGTCAGCAGC,723a9ea5ac2941e0c2cafb4f53a946b379617e946210de90d7b9dcd1e06b97f3,-0.167159883044624,0.1704820422184104,0.333006498171926,-283.07946357131004,-311.0830284059048,-269.7721321359277,-319.20173317566514,-21.426036205142736,-1.0,-0.1704820422184104,0.0,4,0.14964365450095365,0.17620727786206916,0.145609630836647,0.13150628915106133,1.0
chr7:44784864:T:G;chr7:44784866:G:A;var1;middle;OL30|K562|c5a7d6d5da09f1c0,chr7:44784864:T:G;chr7:44784866:G:A;var1;middle;OL30,K562,K562_region_01955,100,102,2,TGTCGCCCAGGCTGGAGTGCAGTGGCGTGATCTTCGCTGACTGCAAGCTCCACCTCCTGGGTTCACGCCATTCTCCTGCCTCAGCCTCCCAGGTAGCTGTGGCTACAGGGCCCGCCACCATGCCTGGCTAATGTTTTGTATTTTTAGTAGAGACAGGGTTTCACCATGTTAGCCAGGATGGTCTCGATCTCCTGACCTCG,9acc8185bbba3fc9e45e4aada440c63e5bdd35c394a3ba3569321402509ffea6,0.0,TGTCGCCCAGGCTGGAGTGCAGTGGCGTGATCTTCGCTGACTGCAAGCTCCACCTCCTGGGTTCACGCCATTCTCCTGCCTCAGCCTCCCAGGTAGCTGGGGCTACAGGGCCCGCCACCATGCCTGGCTAATGTTTTGTATTTTTAGTAGAGACAGGGTTTCACCATGTTAGCCAGGATGGTCTCGATCTCCTGACCTCG,756f04b7091ae2b5fab0aac7f3e540f02c97c2e0377c7c1086f8542a65790372,0.0936369040372577,TGTCGCCCAGGCTGGAGTGCAGTGGCGTGATCTTCGCTGACTGCAAGCTCCACCTCCTGGGTTCACGCCATTCTCCTGCCTCAGCCTCCCAGGTAGCTGTGACTACAGGGCCCGCCACCATGCCTGGCTAATGTTTTGTATTTTTAGTAGAGACAGGGTTTCACCATGTTAGCCAGGATGGTCTCGATCTCCTGACCTCG,c6499b68727bbb3c8b8bcbb5c3be017891e606f73df7578552403a9e86da009e,-0.111708896080616,TGTCGCCCAGGCTGGAGTGCAGTGGCGTGATCTTCGCTGACTGCAAGCTCCACCTCCTGGGTTCACGCCATTCTCCTGCCTCAGCCTCCCAGGTAGCTGGGACTACAGGGCCCGCCACCATGCCTGGCTAATGTTTTGTATTTTTAGTAGAGACAGGGTTTCACCATGTTAGCCAGGATGGTCTCGATCTCCTGACCTCG,c5a7d6d5da09f1c0a13bceb471e824efdb4ce6e52b28af600eef583054c7c796,0.308009695070935,0.3260816871142933,0.176498578018887,-61.83567374292761,-56.66766923596151,-58.517306110821664,-53.246148229110986,0.1031533747445792,-1.0,-0.3260816871142933,0.0,1,0.18247011202910443,0.18216460459877223,0.1501433469024087,0.1475984903370905,1.0
chr7:44808017:G:A;chr7:44808091:T:G;var1;middle;OL41|K562|bcfb7636dbd53995,chr7:44808017:G:A;chr7:44808091:T:G;var1;middle;OL41,K562,K562_region_01956,100,174,74,GTACAGCCCGGTCTCCCTGCGCGCTCTGCTCCTTCCCATGTGCAGACAGATCAGGGAGGAACCTCCAATGGGTGGGGGACAGTGAGCTTCGGCCTGGCCGAGGTGGGTGGGTGGGCTCTCAGATTCAGCTCTGTGTAAAGATTCTCTAGCGGGCTGCGCTCCCAAGTTCCCCTTCTCTGTGAAAGTGAAGAATTAGTACA,f24d3949902af3a3549f949b2f8e1491b092bf6b83964bd636ad338e63d0b9dd,0.0,GTACAGCCCGGTCTCCCTGCGCGCTCTGCTCCTTCCCATGTGCAGACAGATCAGGGAGGAACCTCCAATGGGTGGGGGACAGTGAGCTTCGGCCTGGCCAAGGTGGGTGGGTGGGCTCTCAGATTCAGCTCTGTGTAAAGATTCTCTAGCGGGCTGCGCTCCCAAGTTCCCCTTCTCTGTGAAAGTGAAGAATTAGTACA,66062480d039b0fbe134c8959f0af6d129298ba1a44c5d6407bcc660f71f108e,-0.181211583430436,GTACAGCCCGGTCTCCCTGCGCGCTCTGCTCCTTCCCATGTGCAGACAGATCAGGGAGGAACCTCCAATGGGTGGGGGACAGTGAGCTTCGGCCTGGCCGAGGTGGGTGGGTGGGCTCTCAGATTCAGCTCTGTGTAAAGATTCTCTAGCGGGCTGCGCTCCCAAGTTCCCCTGCTCTGTGAAAGTGAAGAATTAGTACA,7c446ddbe12736030f9fba0f8d23ed59c4ff4a85d4891525155576da13dd23fb,-0.0677222632459514,GTACAGCCCGGTCTCCCTGCGCGCTCTGCTCCTTCCCATGTGCAGACAGATCAGGGAGGAACCTCCAATGGGTGGGGGACAGTGAGCTTCGGCCTGGCCAAGGTGGGTGGGTGGGCTCTCAGATTCAGCTCTGTGTAAAGATTCTCTAGCGGGCTGCGCTCCCAAGTTCCCCTGCTCTGTGAAAGTGAAGAATTAGTACA,bcfb7636dbd5399514562bba242e19209e0463a7c673c888045fdd0998c3f54a,0.0040384289295218,0.2529722756059092,0.216102870513546,-269.01574324816465,-256.6487451046705,-262.3400009572506,-257.3626578003168,-7.389654986560345,-1.0,-0.2529722756059092,0.0,4,0.1670405042497382,0.17620727786206916,0.145609630836647,-0.0025789679156803524,1.0
chr7:44809273:A:G;chr7:44809276:G:C;var1;middle;OL41|K562|50229d9053be9971,chr7:44809273:A:G;chr7:44809276:G:C;var1;middle;OL41,K562,K562_region_01957,100,103,3,ATGCAGGCCCCAGGCCCTCCTTTCTTGGGTGTCAAATGACTGTGTCCTGGACATCTGATGCACCACCTGCCCTGCCTGTTGCAAACGTGATGCTCCCGGATGGAGTGGAGAAACTAGGAGACTGGGACAAGCAAAAGGCTGCAAACAACCCAGAAGCCCATCCTCAGAAGACTGGAGAAATGATTGAGGAATGCATGGGC,d0420c49fe1b668aecb86364b2b67c3853271fb2cb718b3d4e053279176d3b69,0.0,ATGCAGGCCCCAGGCCCTCCTTTCTTGGGTGTCAAATGACTGTGTCCTGGACATCTGATGCACCACCTGCCCTGCCTGTTGCAAACGTGATGCTCCCGGGTGGAGTGGAGAAACTAGGAGACTGGGACAAGCAAAAGGCTGCAAACAACCCAGAAGCCCATCCTCAGAAGACTGGAGAAATGATTGAGGAATGCATGGGC,69e66c5b5b3023a05accd6efba280eef31b8867bd346c6291458a11e18aa677a,0.0106521088692617,ATGCAGGCCCCAGGCCCTCCTTTCTTGGGTGTCAAATGACTGTGTCCTGGACATCTGATGCACCACCTGCCCTGCCTGTTGCAAACGTGATGCTCCCGGATGCAGTGGAGAAACTAGGAGACTGGGACAAGCAAAAGGCTGCAAACAACCCAGAAGCCCATCCTCAGAAGACTGGAGAAATGATTGAGGAATGCATGGGC,4a8a18ead615e6ce0af9a54482272ef9ad0034e1f6f3536a9f37cb00e50e73c5,-0.235954187262057,ATGCAGGCCCCAGGCCCTCCTTTCTTGGGTGTCAAATGACTGTGTCCTGGACATCTGATGCACCACCTGCCCTGCCTGTTGCAAACGTGATGCTCCCGGGTGCAGTGGAGAAACTAGGAGACTGGGACAAGCAAAAGGCTGCAAACAACCCAGAAGCCCATCCTCAGAAGACTGGAGAAATGATTGAGGAATGCATGGGC,50229d9053be9971e0a7e628d194f079eed6dcf4f5b6da9177bfb7eeaabe9738,-0.0893065562181866,0.1359955221746087,0.292830528486624,-253.48474803566933,-249.0850159972906,-248.14397010207176,-245.23852360993624,-1.4942855462431908,-1.0,-0.1359955221746087,0.0,3,0.1784632275794587,0.18106719778262317,0.1474303780702046,0.1924208092149397,1.0
chr7:46481614:T:C;chr7:46481634:T:C;var1;middle;OL28|K562|761ab0aa8a887594,chr7:46481614:T:C;chr7:46481634:T:C;var1;middle;OL28,K562,K562_region_01958,100,120,20,ACCCAGCAATCTCATTACTGGGTATATACCCAAAGGATTATATGTCATTCTACTATAAAGACACATGCACACATATGTTTATTGTGGCCCTATTCACAATAGCAAAGACTTGGAACCAATCCAAATGTCCACCAATGATAGGCTGGATAAAGAAAATGTGGCACATACACACCATGGAATACTATGCAGCCATCAAAAAG,bf699046ed1d2120c247561163882097d9503935c8d11534874321fc3052e934,0.0,ACCCAGCAATCTCATTACTGGGTATATACCCAAAGGATTATATGTCATTCTACTATAAAGACACATGCACACATATGTTTATTGTGGCCCTATTCACAACAGCAAAGACTTGGAACCAATCCAAATGTCCACCAATGATAGGCTGGATAAAGAAAATGTGGCACATACACACCATGGAATACTATGCAGCCATCAAAAAG,d26dd8f26c74e72e52d73ab955854ba2a86e2bc255f33a0f063a3d806c3097ad,-0.365983865869693,ACCCAGCAATCTCATTACTGGGTATATACCCAAAGGATTATATGTCATTCTACTATAAAGACACATGCACACATATGTTTATTGTGGCCCTATTCACAATAGCAAAGACTTGGAACCAACCCAAATGTCCACCAATGATAGGCTGGATAAAGAAAATGTGGCACATACACACCATGGAATACTATGCAGCCATCAAAAAG,e5964215999b80c3b78a80772fc64dcbd05509f205b0ba9980d192607310ab5c,-0.341849804055371,ACCCAGCAATCTCATTACTGGGTATATACCCAAAGGATTATATGTCATTCTACTATAAAGACACATGCACACATATGTTTATTGTGGCCCTATTCACAACAGCAAAGACTTGGAACCAACCCAAATGTCCACCAATGATAGGCTGGATAAAGAAAATGTGGCACATACACACCATGGAATACTATGCAGCCATCAAAAAG,761ab0aa8a8875945a9738cb3d6a6ed3d649db7891904359b0acd029db1d795d,-0.0829833779077845,0.6248502920172795,0.41946331354894,-67.91083333455026,-69.00229016598314,-65.84595763124526,-66.50576690025628,0.4316475624218583,-1.0,-0.6248502920172795,0.0,3,0.18234241395090925,0.18106719778262317,0.1474303780702046,0.31533684624131975,1.0
chr7:46753491:C:A;chr7:46753553:C:G;var1;middle;OL28|K562|69460faf4c3231ff,chr7:46753491:C:A;chr7:46753553:C:G;var1;middle;OL28,K562,K562_region_01959,100,162,62,CGCTTTTAAGCAAAGATTAAAAATGCTTTGAGGACAGAGAGAGAAAAAGAGCAAACCAAAGTATCTAAACACAGGACCAAGGAATTTCTTCTTAAAAAGCGGGGTCACTCAACCCTCAGTAGCCCTAATCCCAAGTTAAAGACTGGCTAATGCAGGTGAATCAACTCTAGCTTGTTTTAGCCTCTCAGTGCTCAGGGGCT,2b00dc2c08f62c3eb6ffaed8f1377f92923566fa90e4fe4089070889b7d389c1,0.0,CGCTTTTAAGCAAAGATTAAAAATGCTTTGAGGACAGAGAGAGAAAAAGAGCAAACCAAAGTATCTAAACACAGGACCAAGGAATTTCTTCTTAAAAAGAGGGGTCACTCAACCCTCAGTAGCCCTAATCCCAAGTTAAAGACTGGCTAATGCAGGTGAATCAACTCTAGCTTGTTTTAGCCTCTCAGTGCTCAGGGGCT,548971c9c7bb23dd83fb8bff62a25b1bab7515ae4895d4c53aa03c5f06a8eefe,-0.0543996049665988,CGCTTTTAAGCAAAGATTAAAAATGCTTTGAGGACAGAGAGAGAAAAAGAGCAAACCAAAGTATCTAAACACAGGACCAAGGAATTTCTTCTTAAAAAGCGGGGTCACTCAACCCTCAGTAGCCCTAATCCCAAGTTAAAGACTGGCTAATGCAGGTGAATGAACTCTAGCTTGTTTTAGCCTCTCAGTGCTCAGGGGCT,1e97c04fc8070cdb55f2f5a99b1b12ce4a068dc0fbcc8bd700660f382e0aaf68,-0.0883513952945052,CGCTTTTAAGCAAAGATTAAAAATGCTTTGAGGACAGAGAGAGAAAAAGAGCAAACCAAAGTATCTAAACACAGGACCAAGGAATTTCTTCTTAAAAAGAGGGGTCACTCAACCCTCAGTAGCCCTAATCCCAAGTTAAAGACTGGCTAATGCAGGTGAATGAACTCTAGCTTGTTTTAGCCTCTCAGTGCTCAGGGGCT,69460faf4c3231ffc06264024ab0bcafd24a5158a96638354c77ee809e0c88e4,0.0893507009025013,0.2321017011636053,0.152939374300037,-348.80654578935355,-341.65159287303686,-345.0990392998792,-333.96643572929315,3.9776506542693824,-1.0,-0.2321017011636053,0.0,1,0.1864121800356827,0.18216460459877223,0.1501433469024087,0.2570667461682754,1.0
chr7:46805836:T:C;chr7:46805838:G:C;var1;middle;OL32|K562|c542f212189810b6,chr7:46805836:T:C;chr7:46805838:G:C;var1;middle;OL32,K562,K562_region_01960,100,102,2,CAGACTCAAAGGAAAGGGGCAGACAAGACCATTACTTGACTAGAAGAAGATAGTAACCATTTAAAGGATTCAAACTGCCAAAGAAATCCAAGTCTTGGCTTGTGTACTTCTAAGGTGAGCACCCTCACAGCATCTCCTCAGCTCAATTTGCAGCAATAAGATTTACATTATTAAAGTAGAATCGGGAAGGACGTCCGGTA,926072f93847976bfef03fa861ad7e890e6b6c6cdfa7ce93bb6bb12984e36d53,0.0,CAGACTCAAAGGAAAGGGGCAGACAAGACCATTACTTGACTAGAAGAAGATAGTAACCATTTAAAGGATTCAAACTGCCAAAGAAATCCAAGTCTTGGCCTGTGTACTTCTAAGGTGAGCACCCTCACAGCATCTCCTCAGCTCAATTTGCAGCAATAAGATTTACATTATTAAAGTAGAATCGGGAAGGACGTCCGGTA,44ae6e4a396973e1d31607af6d91a8b20ef2685bea57875dc41047a87c6a37dd,0.250922311984389,CAGACTCAAAGGAAAGGGGCAGACAAGACCATTACTTGACTAGAAGAAGATAGTAACCATTTAAAGGATTCAAACTGCCAAAGAAATCCAAGTCTTGGCTTCTGTACTTCTAAGGTGAGCACCCTCACAGCATCTCCTCAGCTCAATTTGCAGCAATAAGATTTACATTATTAAAGTAGAATCGGGAAGGACGTCCGGTA,a6959a777ef79d1e375bbeba2cbae5c9e4d2b1b3138c287264a4dc004cf086a8,0.446095466512041,CAGACTCAAAGGAAAGGGGCAGACAAGACCATTACTTGACTAGAAGAAGATAGTAACCATTTAAAGGATTCAAACTGCCAAAGAAATCCAAGTCTTGGCCTCTGTACTTCTAAGGTGAGCACCCTCACAGCATCTCCTCAGCTCAATTTGCAGCAATAAGATTTACATTATTAAAGTAGAATCGGGAAGGACGTCCGGTA,c542f212189810b6b4d819ef6c3e3372521f2e46ca7aed57e05493f0fad16bed,0.0938998907092292,0.6031178877872008,0.293190986122521,-283.84346436709166,-283.1869764272124,-315.75542202591896,-309.124759785831,-5.974174300208688,1.0,0.6031178877872008,0.0,3,0.16943990100502584,0.18106719778262317,0.1474303780702046,0.1447042717246267,1.0
chr7:48128558:A:T;chr7:48128596:G:A;var1;middle;OL41|K562|acc1c3934c6d8ba0,chr7:48128558:A:T;chr7:48128596:G:A;var1;middle;OL41,K562,K562_region_01961,100,138,38,TTGGGTTAGTCCTAGAGCCGCTTCTAGCCCGGTTTCCTCCGCCCCAGGTTAGGACCACGTGGGTAAGAAGATTTCCTCTGTAGTAGGGGCTGTTTAATGAGTAACAGAACTGGCTGCTGGTTCTTTACAATTGCCCAGCTGCTCTGCAGAGGCGAGAAGCAATTGCGGGCTGAGCCTCCCGGGACCTTCGCGGGAGGGTG,52df5220445d1006649ddbcadf416726f5c5ad7893779d824d4cceaa598943fb,0.0,TTGGGTTAGTCCTAGAGCCGCTTCTAGCCCGGTTTCCTCCGCCCCAGGTTAGGACCACGTGGGTAAGAAGATTTCCTCTGTAGTAGGGGCTGTTTAATGTGTAACAGAACTGGCTGCTGGTTCTTTACAATTGCCCAGCTGCTCTGCAGAGGCGAGAAGCAATTGCGGGCTGAGCCTCCCGGGACCTTCGCGGGAGGGTG,947ca639f70dfbb2a6841aceef299e5dcc373df953f1fa3d2fafbcd144cc4b73,-0.245831238540532,TTGGGTTAGTCCTAGAGCCGCTTCTAGCCCGGTTTCCTCCGCCCCAGGTTAGGACCACGTGGGTAAGAAGATTTCCTCTGTAGTAGGGGCTGTTTAATGAGTAACAGAACTGGCTGCTGGTTCTTTACAATTGCCCAACTGCTCTGCAGAGGCGAGAAGCAATTGCGGGCTGAGCCTCCCGGGACCTTCGCGGGAGGGTG,6abb5b74d3cf246f6c6be2360011a5b1d279e2e37a7bd74df09ca8f03005a7e0,-0.48742933376715,TTGGGTTAGTCCTAGAGCCGCTTCTAGCCCGGTTTCCTCCGCCCCAGGTTAGGACCACGTGGGTAAGAAGATTTCCTCTGTAGTAGGGGCTGTTTAATGTGTAACAGAACTGGCTGCTGGTTCTTTACAATTGCCCAACTGCTCTGCAGAGGCGAGAAGCAATTGCGGGCTGAGCCTCCCGGGACCTTCGCGGGAGGGTG,acc1c3934c6d8ba068482680e6420274bfa0feeedc027f3b5d0dc0fb1a188ecd,-0.636734446267054,-0.0965261260406279,0.302089681684849,-329.81471627391875,-337.30146805988625,-311.0986620094627,-321.379672518,2.7942587225697935,1.0,-0.0965261260406279,0.0,2,0.17926313499102342,0.17490732828716207,0.146091925319964,0.06986850574558172,1.0
chr7:49815474:C:T;chr7:49815493:C:G;var1;middle;OL41|K562|c23a048543095291,chr7:49815474:C:T;chr7:49815493:C:G;var1;middle;OL41,K562,K562_region_01962,100,119,19,GGGACACCCCGCAGGCGGAAGCCCTGGCCGCAGCCGCCCAGGACGCGATTGGCCCGGAACTCGCGCCCACGCCCGAGCCACCCGAGGAGTACGTGTACCCGGACTACCGTGGCAAGGGCTGCGTGGACGAGAGCGGCTTCGTGTACGCGATCGGGGAGAAGTTCGCGCCGGGCCCCTCGGCCTGCCCGTGCCTGTGCACC,33f125b891c917ef48efb467c250378a1d38220605c0c2b8eec5ddddc91937e4,0.0,GGGACACCCCGCAGGCGGAAGCCCTGGCCGCAGCCGCCCAGGACGCGATTGGCCCGGAACTCGCGCCCACGCCCGAGCCACCCGAGGAGTACGTGTACCTGGACTACCGTGGCAAGGGCTGCGTGGACGAGAGCGGCTTCGTGTACGCGATCGGGGAGAAGTTCGCGCCGGGCCCCTCGGCCTGCCCGTGCCTGTGCACC,8b2819dc99356ab18991938e067f87d8a68a9c6ecdfcaa0bf200476d731c05b9,-0.0915586196873421,GGGACACCCCGCAGGCGGAAGCCCTGGCCGCAGCCGCCCAGGACGCGATTGGCCCGGAACTCGCGCCCACGCCCGAGCCACCCGAGGAGTACGTGTACCCGGACTACCGTGGCAAGGGGTGCGTGGACGAGAGCGGCTTCGTGTACGCGATCGGGGAGAAGTTCGCGCCGGGCCCCTCGGCCTGCCCGTGCCTGTGCACC,2800fe427ab44d8875088b23805561e00243442aeebe424e6888e6bf3ec0790e,-0.362981710469146,GGGACACCCCGCAGGCGGAAGCCCTGGCCGCAGCCGCCCAGGACGCGATTGGCCCGGAACTCGCGCCCACGCCCGAGCCACCCGAGGAGTACGTGTACCTGGACTACCGTGGCAAGGGGTGCGTGGACGAGAGCGGCTTCGTGTACGCGATCGGGGAGAAGTTCGCGCCGGGCCCCTCGGCCTGCCCGTGCCTGTGCACC,c23a04854309529165a705e5fcf36e8fc0a22e706fa3aa71b3ca408387d67602,-0.199217675808548,0.2553226543479401,0.292941458035368,-287.6926974968519,-283.54932395362994,-295.1052540963865,-293.4971958670649,-2.5353153139003552,-1.0,-0.2553226543479401,0.0,3,0.1763664006082618,0.18106719778262317,0.1474303780702046,0.09031672773410601,1.0
chr7:5026462:C:T;chr7:5026523:A:G;var1;middle;OL41|K562|ee55d4742aac5349,chr7:5026462:C:T;chr7:5026523:A:G;var1;middle;OL41,K562,K562_region_01914,100,161,61,ATCATCATCATGGTTATTCTTGTTTAGAAACAGGGTCTCTCTCTGTCACCCAGGCTGGAGTACAGTGGCCCAATCATGGCTTATTGCAACCTTGACCTTCTGGGCTCAAGCCATCCTCCTGCCTCAGCTTCCCATGTAGCTAGGACTGCAGGTGCACGCCACCACACCTAGATGATCTTTCTATTTTATTTTTTGTAGAA,adf0e7cb27f079ab88b79234812a92e9ac9932c7105eadb2aa1b57c9033a36a0,0.0,ATCATCATCATGGTTATTCTTGTTTAGAAACAGGGTCTCTCTCTGTCACCCAGGCTGGAGTACAGTGGCCCAATCATGGCTTATTGCAACCTTGACCTTTTGGGCTCAAGCCATCCTCCTGCCTCAGCTTCCCATGTAGCTAGGACTGCAGGTGCACGCCACCACACCTAGATGATCTTTCTATTTTATTTTTTGTAGAA,f8342521de005d099b15989ec1626a40b109dca4c9137081d9252f127e1ba1bd,0.0096620551302756,ATCATCATCATGGTTATTCTTGTTTAGAAACAGGGTCTCTCTCTGTCACCCAGGCTGGAGTACAGTGGCCCAATCATGGCTTATTGCAACCTTGACCTTCTGGGCTCAAGCCATCCTCCTGCCTCAGCTTCCCATGTAGCTAGGACTGCAGGTGCACGCCGCCACACCTAGATGATCTTTCTATTTTATTTTTTGTAGAA,b17d16c1326b7e9d64b02478f84bab184e839e220fc4de8632e34765d2d9666a,-0.472965968414234,ATCATCATCATGGTTATTCTTGTTTAGAAACAGGGTCTCTCTCTGTCACCCAGGCTGGAGTACAGTGGCCCAATCATGGCTTATTGCAACCTTGACCTTTTGGGCTCAAGCCATCCTCCTGCCTCAGCTTCCCATGTAGCTAGGACTGCAGGTGCACGCCGCCACACCTAGATGATCTTTCTATTTTATTTTTTGTAGAA,ee55d4742aac53498d5223cf152ba6a72772f0bda1aa5f567df96d5119b0a597,-0.429631546384301,0.0336723668996573,0.137711695502175,-110.65383465588091,-113.03221192769706,-116.49277122039348,-118.55372839793564,0.31742009427398443,-1.0,-0.0336723668996573,0.0,2,0.17565665769131822,0.17490732828716207,0.146091925319964,0.24550733046987705,1.0
chr7:50271827:G:A;chr7:50271829:A:G;var1;middle;OL28|K562|eaa586fca97b5deb,chr7:50271827:G:A;chr7:50271829:A:G;var1;middle;OL28,K562,K562_region_01963,100,102,2,TTCTAACTGGTGTGAGATGGTATCTTATTGTGGTTTTGATTTGCATTTCTCTGATGGCCAGTGATGATGAGCATTTTTTCATGTGTCTTTTGGCTGCATGAATATCTTCTTTTGAGAAGTGTCTGTTCATATCCTTCACCCATTTTTTGATGGGGTTGTTTGATTTTTTTCTTGTAAATTTGTTTAAGTTCTTTGTAGAT,e5957d826c8bed14d0245eeee04d8dfc3e0e55c1d9891d664a08b47f15d41544,0.0,TTCTAACTGGTGTGAGATGGTATCTTATTGTGGTTTTGATTTGCATTTCTCTGATGGCCAGTGATGATGAGCATTTTTTCATGTGTCTTTTGGCTGCATAAATATCTTCTTTTGAGAAGTGTCTGTTCATATCCTTCACCCATTTTTTGATGGGGTTGTTTGATTTTTTTCTTGTAAATTTGTTTAAGTTCTTTGTAGAT,99f38e5afaace1d275e9319112babf3e43fa5de5e73bf580d24563a58dfdd4c4,-0.0409442128385892,TTCTAACTGGTGTGAGATGGTATCTTATTGTGGTTTTGATTTGCATTTCTCTGATGGCCAGTGATGATGAGCATTTTTTCATGTGTCTTTTGGCTGCATGAGTATCTTCTTTTGAGAAGTGTCTGTTCATATCCTTCACCCATTTTTTGATGGGGTTGTTTGATTTTTTTCTTGTAAATTTGTTTAAGTTCTTTGTAGAT,cf2ea125044f1f4b581c551596725f09691146b80c2dcc5a75eb35d1d8f149ce,0.131230141327404,TTCTAACTGGTGTGAGATGGTATCTTATTGTGGTTTTGATTTGCATTTCTCTGATGGCCAGTGATGATGAGCATTTTTTCATGTGTCTTTTGGCTGCATAAGTATCTTCTTTTGAGAAGTGTCTGTTCATATCCTTCACCCATTTTTTGATGGGGTTGTTTGATTTTTTTCTTGTAAATTTGTTTAAGTTCTTTGTAGAT,eaa586fca97b5deba315125c0a9352489b08c6f3464bbe9767d5afe16a0d1702,0.189531766702499,0.0992458382136842,0.14391795974165,-61.32478167675436,-63.29056694731116,-64.87733367923647,-67.84011211525649,-0.9969931654632092,-1.0,-0.0992458382136842,0.0,0,0.18449552761889454,0.18565657667894103,0.15145376406925343,-0.023290277376522506,1.0
chr7:50271827:G:A;chr7:50271831:A:G;var1;middle;OL28|K562|c0199e491e6bc719,chr7:50271827:G:A;chr7:50271831:A:G;var1;middle;OL28,K562,K562_region_01963,100,104,4,TTCTAACTGGTGTGAGATGGTATCTTATTGTGGTTTTGATTTGCATTTCTCTGATGGCCAGTGATGATGAGCATTTTTTCATGTGTCTTTTGGCTGCATGAATATCTTCTTTTGAGAAGTGTCTGTTCATATCCTTCACCCATTTTTTGATGGGGTTGTTTGATTTTTTTCTTGTAAATTTGTTTAAGTTCTTTGTAGAT,e5957d826c8bed14d0245eeee04d8dfc3e0e55c1d9891d664a08b47f15d41544,0.0,TTCTAACTGGTGTGAGATGGTATCTTATTGTGGTTTTGATTTGCATTTCTCTGATGGCCAGTGATGATGAGCATTTTTTCATGTGTCTTTTGGCTGCATAAATATCTTCTTTTGAGAAGTGTCTGTTCATATCCTTCACCCATTTTTTGATGGGGTTGTTTGATTTTTTTCTTGTAAATTTGTTTAAGTTCTTTGTAGAT,99f38e5afaace1d275e9319112babf3e43fa5de5e73bf580d24563a58dfdd4c4,-0.0409751375201419,TTCTAACTGGTGTGAGATGGTATCTTATTGTGGTTTTGATTTGCATTTCTCTGATGGCCAGTGATGATGAGCATTTTTTCATGTGTCTTTTGGCTGCATGAATGTCTTCTTTTGAGAAGTGTCTGTTCATATCCTTCACCCATTTTTTGATGGGGTTGTTTGATTTTTTTCTTGTAAATTTGTTTAAGTTCTTTGTAGAT,2e377f1851f7322b234d2cf70601c3192c8b39989e951a91b0ce13b7e328a0bf,0.270310046881596,TTCTAACTGGTGTGAGATGGTATCTTATTGTGGTTTTGATTTGCATTTCTCTGATGGCCAGTGATGATGAGCATTTTTTCATGTGTCTTTTGGCTGCATAAATGTCTTCTTTTGAGAAGTGTCTGTTCATATCCTTCACCCATTTTTTGATGGGGTTGTTTGATTTTTTTCTTGTAAATTTGTTTAAGTTCTTTGTAGAT,c0199e491e6bc719bfc2dffe1354fa4fc84bbeb6cc9abf4e4c2f41acdfeb1826,0.0844905320675443,-0.1448443772939098,0.154460607982768,-61.32478167675436,-63.29056694731116,-57.60256287828088,-58.01487960992381,1.5534685389138687,-1.0,0.1448443772939098,0.0,0,0.18777131105504505,0.18565657667894103,0.15145376406925343,-0.004207037272931036,1.0
chr7:50271829:A:G;chr7:50271831:A:G;var1;middle;OL28|K562|85bc693000cb03e4,chr7:50271829:A:G;chr7:50271831:A:G;var1;middle;OL28,K562,K562_region_01963,100,102,2,CTAACTGGTGTGAGATGGTATCTTATTGTGGTTTTGATTTGCATTTCTCTGATGGCCAGTGATGATGAGCATTTTTTCATGTGTCTTTTGGCTGCATGAATATCTTCTTTTGAGAAGTGTCTGTTCATATCCTTCACCCATTTTTTGATGGGGTTGTTTGATTTTTTTCTTGTAAATTTGTTTAAGTTCTTTGTAGATTT,a90cd5c153dcb32d2626b6b7ea603149f59261df3bf15f94d5fd64557ed09737,0.0,CTAACTGGTGTGAGATGGTATCTTATTGTGGTTTTGATTTGCATTTCTCTGATGGCCAGTGATGATGAGCATTTTTTCATGTGTCTTTTGGCTGCATGAGTATCTTCTTTTGAGAAGTGTCTGTTCATATCCTTCACCCATTTTTTGATGGGGTTGTTTGATTTTTTTCTTGTAAATTTGTTTAAGTTCTTTGTAGATTT,bd1d6b5ca8ab81a21d29a0d745b7e635006fe32bf75a76e9a01f8ca19e8dbc0a,0.152067147749834,CTAACTGGTGTGAGATGGTATCTTATTGTGGTTTTGATTTGCATTTCTCTGATGGCCAGTGATGATGAGCATTTTTTCATGTGTCTTTTGGCTGCATGAATGTCTTCTTTTGAGAAGTGTCTGTTCATATCCTTCACCCATTTTTTGATGGGGTTGTTTGATTTTTTTCTTGTAAATTTGTTTAAGTTCTTTGTAGATTT,ab5c5f99882a9d79fdf2895a55c8a3c09ec50ddfd95afe2b65473cf4f94cd0a0,0.236678969136974,CTAACTGGTGTGAGATGGTATCTTATTGTGGTTTTGATTTGCATTTCTCTGATGGCCAGTGATGATGAGCATTTTTTCATGTGTCTTTTGGCTGCATGAGTGTCTTCTTTTGAGAAGTGTCTGTTCATATCCTTCACCCATTTTTTGATGGGGTTGTTTGATTTTTTTCTTGTAAATTTGTTTAAGTTCTTTGTAGATTT,85bc693000cb03e4fae76f3b9136dbaea54fe5f5297724431f7d3e5028b5132e,0.385059919356798,0.0036861975300099,0.0984343227598342,-66.60198161005974,-74.0070572476834,-62.34918322367594,-68.08482120744884,-1.669437653850764,1.0,0.0036861975300099,0.0,0,0.18363184771614977,0.18565657667894103,0.15145376406925343,0.024306009596294337,1.0
chr7:5037459:C:G;chr7:5037483:G:A;var1;middle;OL41|K562|230c1ee9199c3495,chr7:5037459:C:G;chr7:5037483:G:A;var1;middle;OL41,K562,K562_region_01915,100,124,24,AATTCGTGAAACAAATCTTCACCGAGAGCAGTTTATGTGCTAGGAACATCATTCTATCCTTGCAACCTGGAACAAGACCAGCTACCACCTTAGCTTCATCCCCTACTTGCACCAACCAGTCCCGGGTTAGATCTCAAATGCCGGAAGTCAGGGATGCCCAACTCTGGGCAGCCCCAGTCAGAACCTCTGGGATCTCAGTG,a69aa5359c3cb30da99b58569165d1b7563818e243663cd52c9e14e862b2be2f,0.0,AATTCGTGAAACAAATCTTCACCGAGAGCAGTTTATGTGCTAGGAACATCATTCTATCCTTGCAACCTGGAACAAGACCAGCTACCACCTTAGCTTCATGCCCTACTTGCACCAACCAGTCCCGGGTTAGATCTCAAATGCCGGAAGTCAGGGATGCCCAACTCTGGGCAGCCCCAGTCAGAACCTCTGGGATCTCAGTG,38a7a101ea2545a0fc5545ca37127450d9a0d73f977422bca2822df4c03c11c9,-0.043452262229391,AATTCGTGAAACAAATCTTCACCGAGAGCAGTTTATGTGCTAGGAACATCATTCTATCCTTGCAACCTGGAACAAGACCAGCTACCACCTTAGCTTCATCCCCTACTTGCACCAACCAGTCCCAGGTTAGATCTCAAATGCCGGAAGTCAGGGATGCCCAACTCTGGGCAGCCCCAGTCAGAACCTCTGGGATCTCAGTG,fde8222d58f5612f9fd821145280006ee848bcbfe524a37c649e48d25e787812,-0.246410280053731,AATTCGTGAAACAAATCTTCACCGAGAGCAGTTTATGTGCTAGGAACATCATTCTATCCTTGCAACCTGGAACAAGACCAGCTACCACCTTAGCTTCATGCCCTACTTGCACCAACCAGTCCCAGGTTAGATCTCAAATGCCGGAAGTCAGGGATGCCCAACTCTGGGCAGCCCCAGTCAGAACCTCTGGGATCTCAGTG,230c1ee9199c3495c28671a3f5698cda6a85c96db9d964be639ba5c6e1fcf344,-0.376453101522632,0.0865905592395099,0.39901508795351,-355.54152144957334,-360.8346736165695,-343.806981690228,-345.8529780590907,-3.2471557981334627,1.0,0.0865905592395099,0.0,4,0.17217476462948036,0.17620727786206916,0.145609630836647,0.3581300257628694,1.0
chr7:50470138:G:T;chr7:50470156:G:C;var1;middle;OL28|K562|ba57091d0048e4e7,chr7:50470138:G:T;chr7:50470156:G:C;var1;middle;OL28,K562,K562_region_01964,100,118,18,TGACTACTTATTTGTTAGGCGGGAGCTCTCCTGTGCATTGTAGGATAATTAGCAGTATCCCTGGTGGCTACCCAATAGACGCCAGTAGCACCCCGAATTGACAACCCAAACTCTCCAGACATCACCAACTGTCCCCTGCGAGGAGAAATCACTCCTGGGGGAGAACCACTGACCCAAATGAATTCTAAACCAATCAAATG,14716f3290f5e9b99512a2a2d4a716230f790b5eb7b48a24ba5969ea4ce8a203,0.0,TGACTACTTATTTGTTAGGCGGGAGCTCTCCTGTGCATTGTAGGATAATTAGCAGTATCCCTGGTGGCTACCCAATAGACGCCAGTAGCACCCCGAATTTACAACCCAAACTCTCCAGACATCACCAACTGTCCCCTGCGAGGAGAAATCACTCCTGGGGGAGAACCACTGACCCAAATGAATTCTAAACCAATCAAATG,137f14c44244b7294e54831475620e8bba423cc2bdb665ea75e9adba1fa5f8e5,-0.116849599067817,TGACTACTTATTTGTTAGGCGGGAGCTCTCCTGTGCATTGTAGGATAATTAGCAGTATCCCTGGTGGCTACCCAATAGACGCCAGTAGCACCCCGAATTGACAACCCAAACTCTCCACACATCACCAACTGTCCCCTGCGAGGAGAAATCACTCCTGGGGGAGAACCACTGACCCAAATGAATTCTAAACCAATCAAATG,b8a7e8ddd3c2ad85397430f231d431dd7315dcd8ef6c385bc4246bca97b95b64,0.0388946004981289,TGACTACTTATTTGTTAGGCGGGAGCTCTCCTGTGCATTGTAGGATAATTAGCAGTATCCCTGGTGGCTACCCAATAGACGCCAGTAGCACCCCGAATTTACAACCCAAACTCTCCACACATCACCAACTGTCCCCTGCGAGGAGAAATCACTCCTGGGGGAGAACCACTGACCCAAATGAATTCTAAACCAATCAAATG,ba57091d0048e4e7c6e478ae6d22cd1962297766de1f8d5a9b721cd66a9900c2,0.0302455412135192,0.1082005397832073,0.206828922903284,-308.17454273300245,-313.5370950498618,-314.25413063773885,-317.2095283390954,2.4071546155028045,-1.0,-0.1082005397832073,0.0,2,0.178699480113063,0.17490732828716207,0.146091925319964,0.2883243668007483,1.0
chr7:5331620:G:C;chr7:5331651:G:A;var1;middle;OL41|K562|7acf5a06c3af8bbb,chr7:5331620:G:C;chr7:5331651:G:A;var1;middle;OL41,K562,K562_region_01916,100,131,31,TCTCCTGCTGGTGGCATGTGACATGATGGGAACCGGGCTGGCTGGGTGCCAGGTGTGTGTCCACCTGCATGCCAGCGTGCACACCGGCTCACACCCACAGGAGCCTGTGTAGTGTGTCTGCAGTGTGTGCGCAGCGTGTAGCCACAGAGACTCTGAGGCAGCCCCTGGTTTCCCTGGTATAAACAGGGCTTCAAAGACTG,9c4126dab2e520a26eee090ca46d2353252e36ff139bdeaecac131fb55e7430d,0.0,TCTCCTGCTGGTGGCATGTGACATGATGGGAACCGGGCTGGCTGGGTGCCAGGTGTGTGTCCACCTGCATGCCAGCGTGCACACCGGCTCACACCCACACGAGCCTGTGTAGTGTGTCTGCAGTGTGTGCGCAGCGTGTAGCCACAGAGACTCTGAGGCAGCCCCTGGTTTCCCTGGTATAAACAGGGCTTCAAAGACTG,e10333c0a46770c678ca288c31b8c18850554af2f04e1a3e3f94a6b18ad81992,0.149460169065973,TCTCCTGCTGGTGGCATGTGACATGATGGGAACCGGGCTGGCTGGGTGCCAGGTGTGTGTCCACCTGCATGCCAGCGTGCACACCGGCTCACACCCACAGGAGCCTGTGTAGTGTGTCTGCAGTGTGTGCACAGCGTGTAGCCACAGAGACTCTGAGGCAGCCCCTGGTTTCCCTGGTATAAACAGGGCTTCAAAGACTG,15423ac6358d126804a383d113b01f611e94af69fae1a2d5d5deaff61c3b8e18,-0.10119624471692,TCTCCTGCTGGTGGCATGTGACATGATGGGAACCGGGCTGGCTGGGTGCCAGGTGTGTGTCCACCTGCATGCCAGCGTGCACACCGGCTCACACCCACACGAGCCTGTGTAGTGTGTCTGCAGTGTGTGCACAGCGTGTAGCCACAGAGACTCTGAGGCAGCCCCTGGTTTCCCTGGTATAAACAGGGCTTCAAAGACTG,7acf5a06c3af8bbb3cf2e1545628f0ffcbe3c40338c8cc787e9b148e4f1ef510,-0.249548821929199,0.297812746278252,0.345249259636556,-248.0575846309075,-217.7262458344921,-238.85737596114632,-214.45248198509216,5.926444820361269,1.0,0.297812746278252,0.0,0,0.19338791107882122,0.18565657667894103,0.15145376406925343,0.44203249746112094,1.0
chr7:5864980:C:G;chr7:5865048:G:A;var1;middle;OL41|K562|bd00dd21eed520c4,chr7:5864980:C:G;chr7:5865048:G:A;var1;middle;OL41,K562,K562_region_01917,100,168,68,CTTAAAATTGCTATATATCTTTTATTTTGGGGGGTTGAGTCTCTTGTCGCCCAGGCTGGAGTGCAGTGGCTGGATCTGGGCTCACGGCAACCTCTGTCTCCCGAGTAGGTGGGATCACAGGCGCCCACGACCACACCTGGCTAATTTTTGTATTTTTGGTAGAGACGGGTTTCCCCATGTCGGGCAGGCTGGTGTTAAAC,827d15da169096159889a0aff9cb7e4301c4ec4ebae2d0eb4b5c2439130a142a,0.0,CTTAAAATTGCTATATATCTTTTATTTTGGGGGGTTGAGTCTCTTGTCGCCCAGGCTGGAGTGCAGTGGCTGGATCTGGGCTCACGGCAACCTCTGTCTGCCGAGTAGGTGGGATCACAGGCGCCCACGACCACACCTGGCTAATTTTTGTATTTTTGGTAGAGACGGGTTTCCCCATGTCGGGCAGGCTGGTGTTAAAC,ae0aa38af8f566405ecd982d2163f061614a3f45626a6d14c64248caa5a3dcf3,0.0091713599493023,CTTAAAATTGCTATATATCTTTTATTTTGGGGGGTTGAGTCTCTTGTCGCCCAGGCTGGAGTGCAGTGGCTGGATCTGGGCTCACGGCAACCTCTGTCTCCCGAGTAGGTGGGATCACAGGCGCCCACGACCACACCTGGCTAATTTTTGTATTTTTGGTAGAGACGAGTTTCCCCATGTCGGGCAGGCTGGTGTTAAAC,1609176cec44d806978d05f572a344479480121d9b0b3fdbfb3c53f9c996aaa3,0.514446900913218,CTTAAAATTGCTATATATCTTTTATTTTGGGGGGTTGAGTCTCTTGTCGCCCAGGCTGGAGTGCAGTGGCTGGATCTGGGCTCACGGCAACCTCTGTCTGCCGAGTAGGTGGGATCACAGGCGCCCACGACCACACCTGGCTAATTTTTGTATTTTTGGTAGAGACGAGTTTCCCCATGTCGGGCAGGCTGGTGTTAAAC,bd00dd21eed520c426617b63e916ae70392e88c2ef6f6f1a077d19a7476ede42,0.437124004505348,0.0864942563571722,0.271879038783522,-125.49227404408155,-130.29972306080165,-128.37018864788115,-133.10162149649113,-0.07601616811007261,1.0,0.0864942563571722,0.0,0,0.18567841979399657,0.18565657667894103,0.15145376406925343,0.16180564950627935,1.0
chr7:64126500:G:A;chr7:64126536:G:C;var1;middle;OL41|K562|db170e95376662e8,chr7:64126500:G:A;chr7:64126536:G:C;var1;middle;OL41,K562,K562_region_01965,100,136,36,GCCTGAGGGAGCAGGGCAGCAAACGTTATCCAATCAGGACTGCTGGGCTGGGAACCGTCCAATCAGGCACGCAGCTGGAGCGGACAGGACGGCTTCCGGGATTTGGCGGGGCCTTTGTCTCTGGCTGCAGCCGGAGCTCCTGCTCTCCTCCTCACTGCTCAGTGTCCTCTGCTCCTAGAGGCCCAGCCTCTGTGTCCCTG,2043247b5c0ef9e8e3908f3d820cb6eb413ac00fc35041a99952f454c8018348,0.0,GCCTGAGGGAGCAGGGCAGCAAACGTTATCCAATCAGGACTGCTGGGCTGGGAACCGTCCAATCAGGCACGCAGCTGGAGCGGACAGGACGGCTTCCGGAATTTGGCGGGGCCTTTGTCTCTGGCTGCAGCCGGAGCTCCTGCTCTCCTCCTCACTGCTCAGTGTCCTCTGCTCCTAGAGGCCCAGCCTCTGTGTCCCTG,c5e499c2092dc4fac6b5ee99c97c65c7ecebde23f116265c5c76176095fd70b4,-0.199800041419638,GCCTGAGGGAGCAGGGCAGCAAACGTTATCCAATCAGGACTGCTGGGCTGGGAACCGTCCAATCAGGCACGCAGCTGGAGCGGACAGGACGGCTTCCGGGATTTGGCGGGGCCTTTGTCTCTGGCTGCAGCCGGACCTCCTGCTCTCCTCCTCACTGCTCAGTGTCCTCTGCTCCTAGAGGCCCAGCCTCTGTGTCCCTG,fa3a8c5e6c158aed7cdf6c3ad889fc7e2e62296e9598996f84c32555a809b52b,-0.152361051349252,GCCTGAGGGAGCAGGGCAGCAAACGTTATCCAATCAGGACTGCTGGGCTGGGAACCGTCCAATCAGGCACGCAGCTGGAGCGGACAGGACGGCTTCCGGAATTTGGCGGGGCCTTTGTCTCTGGCTGCAGCCGGACCTCCTGCTCTCCTCCTCACTGCTCAGTGTCCTCTGCTCCTAGAGGCCCAGCCTCTGTGTCCCTG,db170e95376662e8ab7746699948e1443e9925639f59c21eb3a29e3bb104c9cd,-0.519618476703165,0.1674573839342749,0.212220492091433,-287.4696151148528,-293.1552695627324,-274.82457141345367,-279.0662865201012,-1.4439393412321238,1.0,0.1674573839342749,0.0,1,0.1808960382180086,0.18216460459877223,0.1501433469024087,0.03912965525810244,1.0
chr7:64411148:G:T;chr7:64411166:G:A;var1;middle;OL41|K562|5f8c1e7fa8b2dc3e,chr7:64411148:G:T;chr7:64411166:G:A;var1;middle;OL41,K562,K562_region_01966,100,118,18,GGCTCTCAGCTCTGAAGGCTGTGAGTCCCCTGATTTCCCACTCCACATGCTATATTTCTGTGTGTGTGTCTTTAATTCCTCTAGTGCTGCTGGGTTAGGGTCTCCACGACCGAGCTGGGCTTGGCAAACGTAACTCTTTCTGGGTACTTCCTGTTGGAAAGGAGTGCTGTGGGCCGGGCGCGGTGGCTCACGACTGTAAT,d3657c47d00eb600e66b32b76f7f625622fe0b02ef00b9f4dedcc792744763fd,0.0,GGCTCTCAGCTCTGAAGGCTGTGAGTCCCCTGATTTCCCACTCCACATGCTATATTTCTGTGTGTGTGTCTTTAATTCCTCTAGTGCTGCTGGGTTAGGTTCTCCACGACCGAGCTGGGCTTGGCAAACGTAACTCTTTCTGGGTACTTCCTGTTGGAAAGGAGTGCTGTGGGCCGGGCGCGGTGGCTCACGACTGTAAT,c74c22c104ef5df474f904f7e9ea737b67cdca0de6322ad07c2cc2adcf4ddf85,0.653510293324866,GGCTCTCAGCTCTGAAGGCTGTGAGTCCCCTGATTTCCCACTCCACATGCTATATTTCTGTGTGTGTGTCTTTAATTCCTCTAGTGCTGCTGGGTTAGGGTCTCCACGACCGAGCTGAGCTTGGCAAACGTAACTCTTTCTGGGTACTTCCTGTTGGAAAGGAGTGCTGTGGGCCGGGCGCGGTGGCTCACGACTGTAAT,7f7471555baa06eaeb9c8ca3de07ea69092aa284df3eea131a416caab55f32f9,0.0092451544988152,GGCTCTCAGCTCTGAAGGCTGTGAGTCCCCTGATTTCCCACTCCACATGCTATATTTCTGTGTGTGTGTCTTTAATTCCTCTAGTGCTGCTGGGTTAGGTTCTCCACGACCGAGCTGAGCTTGGCAAACGTAACTCTTTCTGGGTACTTCCTGTTGGAAAGGAGTGCTGTGGGCCGGGCGCGGTGGCTCACGACTGTAAT,5f8c1e7fa8b2dc3e3680e88b5ac00118a79ef3a37489989ab5454024de95d5b7,0.400091459498648,0.2626639883250332,0.237365041033883,-224.33311812393367,-231.15250759478656,-224.23364196904004,-226.0638457527384,-4.98918568715456,1.0,0.2626639883250332,0.0,4,0.17001567306839688,0.17620727786206916,0.145609630836647,0.03448574242378355,1.0
chr7:64700289:G:A;chr7:64700373:C:T;var1;middle;OL41|K562|01803fac9407256a,chr7:64700289:G:A;chr7:64700373:C:T;var1;middle;OL41,K562,K562_region_01967,100,184,84,GGGGCGGGTGTCCTGGCGTCCTCAGTCTCCCAGAGGGTGGCGACCCCCGCGTCCCGCTCCGGCACCGGCGGGAAGAGAGCGCCTCCCGGAATCTGGTGGGCAAAGAGGGCGGCTCCTTACGTAGGCGGGCAGAGACAGAAGCTGGCGTGGCCGGGCTCCTGCTCCCCTATTCTCCGACCCCCGCCACCTAGCCCGCGCCA,5187165496f914ea915dcb5fe72f17e85b1b1a86027c09690a4f54754a1e5fb0,0.0,GGGGCGGGTGTCCTGGCGTCCTCAGTCTCCCAGAGGGTGGCGACCCCCGCGTCCCGCTCCGGCACCGGCGGGAAGAGAGCGCCTCCCGGAATCTGGTGGACAAAGAGGGCGGCTCCTTACGTAGGCGGGCAGAGACAGAAGCTGGCGTGGCCGGGCTCCTGCTCCCCTATTCTCCGACCCCCGCCACCTAGCCCGCGCCA,36e7fa3d9a7420a8dcec89096c864ec350e46999caf42d5e5277cb772254e057,1.3057867403271,GGGGCGGGTGTCCTGGCGTCCTCAGTCTCCCAGAGGGTGGCGACCCCCGCGTCCCGCTCCGGCACCGGCGGGAAGAGAGCGCCTCCCGGAATCTGGTGGGCAAAGAGGGCGGCTCCTTACGTAGGCGGGCAGAGACAGAAGCTGGCGTGGCCGGGCTCCTGCTCCCCTATTCTCCGACCCCCGTCACCTAGCCCGCGCCA,9702272af06e9aad8f1790a687421eec07c737b98397c45dee2e80fcdd0fb480,-0.182507126067704,GGGGCGGGTGTCCTGGCGTCCTCAGTCTCCCAGAGGGTGGCGACCCCCGCGTCCCGCTCCGGCACCGGCGGGAAGAGAGCGCCTCCCGGAATCTGGTGGACAAAGAGGGCGGCTCCTTACGTAGGCGGGCAGAGACAGAAGCTGGCGTGGCCGGGCTCCTGCTCCCCTATTCTCCGACCCCCGTCACCTAGCCCGCGCCA,01803fac9407256a0f2ee28682d95d910529728cbedc294542136bc5b932892f,1.13402372214629,0.0107441078868941,0.268379487976159,-324.78492882242426,-327.2758670137264,-329.6947295004502,-331.78418301418424,0.40148467756807804,-1.0,-0.0107441078868941,0.0,0,0.18629171634274927,0.18565657667894103,0.15145376406925343,0.07363947732150579,1.0
chr7:65509258:T:C;chr7:65509290:T:C;var1;middle;OL41|K562|9e2515f6a424d5b4,chr7:65509258:T:C;chr7:65509290:T:C;var1;middle;OL41,K562,K562_region_01968,100,132,32,ATCCCGGGGCCCTCCCGGACAGGGCCAGCCAGCCCCCTGCCCTCACTTCCGTACGAGGGTCGCCCAGTCCCCACGGCTCTCGGCTCTCAGAGGTCCAACTGTTAGGCTCCTCGCGTACCAAAAGGGACGCGTCCAGACTAGAGTCTGGACTTCCATGAGGTCCAGACTCGTCGCCTCTGGCTGCCAGCAGACAAGGAACT,4b89a628bdb602f7b52c712df0f8df15d2939263f2de933868a63701e916177b,0.0,ATCCCGGGGCCCTCCCGGACAGGGCCAGCCAGCCCCCTGCCCTCACTTCCGTACGAGGGTCGCCCAGTCCCCACGGCTCTCGGCTCTCAGAGGTCCAACCGTTAGGCTCCTCGCGTACCAAAAGGGACGCGTCCAGACTAGAGTCTGGACTTCCATGAGGTCCAGACTCGTCGCCTCTGGCTGCCAGCAGACAAGGAACT,3f6bfc7a22ce80493f6ce69e75c8b3495d762eae23947bd493648efe4a227446,0.0676796915652011,ATCCCGGGGCCCTCCCGGACAGGGCCAGCCAGCCCCCTGCCCTCACTTCCGTACGAGGGTCGCCCAGTCCCCACGGCTCTCGGCTCTCAGAGGTCCAACTGTTAGGCTCCTCGCGTACCAAAAGGGACGCGCCCAGACTAGAGTCTGGACTTCCATGAGGTCCAGACTCGTCGCCTCTGGCTGCCAGCAGACAAGGAACT,cc8c1d14a6fc0d9a8e6d4e61116525078b1a6a8624a16be166bb99c944883502,0.112428163619014,ATCCCGGGGCCCTCCCGGACAGGGCCAGCCAGCCCCCTGCCCTCACTTCCGTACGAGGGTCGCCCAGTCCCCACGGCTCTCGGCTCTCAGAGGTCCAACCGTTAGGCTCCTCGCGTACCAAAAGGGACGCGCCCAGACTAGAGTCTGGACTTCCATGAGGTCCAGACTCGTCGCCTCTGGCTGCCAGCAGACAAGGAACT,9e2515f6a424d5b4face5c317886efade7261dc030dfa50b1d10b2c31639c278,0.116163554689153,0.0639443004950621,0.307288628657762,-288.5203750487417,-270.0040598511696,-271.52540162205696,-268.94530756771564,15.936221143230796,1.0,0.0639443004950621,0.0,4,0.19595085913177243,0.17620727786206916,0.145609630836647,0.16169647416208355,1.0
chr7:66147101:G:A;chr7:66147110:C:A;var1;middle;OL41|K562|27dffd928a9d7c6b,chr7:66147101:G:A;chr7:66147110:C:A;var1;middle;OL41,K562,K562_region_01969,100,109,9,CCTTTGGATCCCGCTCGCACTTCCTCCCGTCATCAGCCAAAGGCCCCGGAAGTGATGTTTGCGCGCCGTGCGTTACGGGCGTGCGCTGGCGGTGCCGGGGGGGCGGGGCAAGCAGGGGGTGTGTGTGAGGCTGGAGCGGACTGGGGAACCCAGACCTGCCGAGCGACGTGGGCGAGCGGTGACCTGGACCACGGCGCAGA,451ecbcaa8556a3d90335e61bd4f6b6e6005f0216c0eb0c9680e2f9b05ac1b6f,0.0,CCTTTGGATCCCGCTCGCACTTCCTCCCGTCATCAGCCAAAGGCCCCGGAAGTGATGTTTGCGCGCCGTGCGTTACGGGCGTGCGCTGGCGGTGCCGGGAGGGCGGGGCAAGCAGGGGGTGTGTGTGAGGCTGGAGCGGACTGGGGAACCCAGACCTGCCGAGCGACGTGGGCGAGCGGTGACCTGGACCACGGCGCAGA,a34c9547e460a6d0f3cd521e38569bd9b58eada0ee0e3b4c8aa94be69da4efc5,0.374040937095137,CCTTTGGATCCCGCTCGCACTTCCTCCCGTCATCAGCCAAAGGCCCCGGAAGTGATGTTTGCGCGCCGTGCGTTACGGGCGTGCGCTGGCGGTGCCGGGGGGGCGGGGAAAGCAGGGGGTGTGTGTGAGGCTGGAGCGGACTGGGGAACCCAGACCTGCCGAGCGACGTGGGCGAGCGGTGACCTGGACCACGGCGCAGA,6e1c72711938ddea918c71e0cc7b3125e4aa3f5fcb4f7c6ffb98eceba44f4208,-0.0080205664860557,CCTTTGGATCCCGCTCGCACTTCCTCCCGTCATCAGCCAAAGGCCCCGGAAGTGATGTTTGCGCGCCGTGCGTTACGGGCGTGCGCTGGCGGTGCCGGGAGGGCGGGGAAAGCAGGGGGTGTGTGTGAGGCTGGAGCGGACTGGGGAACCCAGACCTGCCGAGCGACGTGGGCGAGCGGTGACCTGGACCACGGCGCAGA,27dffd928a9d7c6bc19a2a7a6a871543f7ac3e3222afd336d947986cf0c717c2,0.0578761344300052,-0.3081442361790761,0.243459666732311,-316.5282376036048,-312.7287898315117,-309.1437543160282,-309.1297723953612,-3.7854658514261246,-1.0,0.3081442361790761,0.0,1,0.17851367579097321,0.18216460459877223,0.1501433469024087,0.06532038850186207,1.0
chr7:66822214:G:A;chr7:66822267:C:T;var1;middle;OL41|K562|08583211ac9a1a4f,chr7:66822214:G:A;chr7:66822267:C:T;var1;middle;OL41,K562,K562_region_01970,100,153,53,CAGGCACCCACCACCACGCCCGGCTGATTCATTTTGTATTTTTTTAGTAGAGATGTGGTTTCACTGGGTTAGCCAGGATAGTCTCGATCTCCTGACCTTGTGGTCCGCCTGCCTCGGCCTTCCAAAGTGCTGGAATTACAGGTGTGAGCCACCGCGCCCGGCCAAGGGTCGATGTTGCACAGGTGAATACAGAGGCTTTC,68c1a1822dcb5e835eab9d6a42161aa4f2a071e1bdf0e194b2a10058e1f2d8b7,0.0,CAGGCACCCACCACCACGCCCGGCTGATTCATTTTGTATTTTTTTAGTAGAGATGTGGTTTCACTGGGTTAGCCAGGATAGTCTCGATCTCCTGACCTTATGGTCCGCCTGCCTCGGCCTTCCAAAGTGCTGGAATTACAGGTGTGAGCCACCGCGCCCGGCCAAGGGTCGATGTTGCACAGGTGAATACAGAGGCTTTC,33abe541d2fa85d7a80f2a70b828f951247f1f42ebe19d8a29fce41378708ee2,0.166550759788156,CAGGCACCCACCACCACGCCCGGCTGATTCATTTTGTATTTTTTTAGTAGAGATGTGGTTTCACTGGGTTAGCCAGGATAGTCTCGATCTCCTGACCTTGTGGTCCGCCTGCCTCGGCCTTCCAAAGTGCTGGAATTACAGGTGTGAGCCACTGCGCCCGGCCAAGGGTCGATGTTGCACAGGTGAATACAGAGGCTTTC,acb7f1ae47e7f349120fbfea3e65e07149eb5970cb3be7b735ff350f36506022,0.175498337628145,CAGGCACCCACCACCACGCCCGGCTGATTCATTTTGTATTTTTTTAGTAGAGATGTGGTTTCACTGGGTTAGCCAGGATAGTCTCGATCTCCTGACCTTATGGTCCGCCTGCCTCGGCCTTCCAAAGTGCTGGAATTACAGGTGTGAGCCACTGCGCCCGGCCAAGGGTCGATGTTGCACAGGTGAATACAGAGGCTTTC,08583211ac9a1a4f56a2e9278f01e51217c0f5896cee6b54e8face0bbb99eaa9,0.228904024427232,0.113145072989069,0.249995713068014,-118.4073822372593,-125.69023355469108,-118.9630512278527,-126.304257129319,0.0583545840345181,1.0,0.113145072989069,0.0,4,0.17627165160954428,0.17620727786206916,0.145609630836647,0.2117619739063822,1.0
chr7:6746736:A:G;chr7:6746738:T:C;var1;middle;OL41|K562|65106da42db1326b,chr7:6746736:A:G;chr7:6746738:T:C;var1;middle;OL41,K562,K562_region_01918,100,102,2,TGCACCGGAAGTCCGCCTCCCGGGACCCGCCGCCGGTCCCAGGACAAATACCGTGACTCTATTTCCCATGAGCCTACGCGCTCCCCAAATTTAGGAGCCATTTGAAATGTCTCTATCTGGTCTAGCGGTTAAGAGGCTCTATGCTAAGAGAATTGGCAACGCCGAACCCCAGACTCAAATTTCTCCTTAGTTTAAGGGAA,a409e40d27a0220f6feb25e1ed553a895b3c44f223f5d2acc90c75ed919eef50,0.0,TGCACCGGAAGTCCGCCTCCCGGGACCCGCCGCCGGTCCCAGGACAAATACCGTGACTCTATTTCCCATGAGCCTACGCGCTCCCCAAATTTAGGAGCCGTTTGAAATGTCTCTATCTGGTCTAGCGGTTAAGAGGCTCTATGCTAAGAGAATTGGCAACGCCGAACCCCAGACTCAAATTTCTCCTTAGTTTAAGGGAA,5313f6e64ae0fd011f01f5797883c21fb669665b25420808fdc6693bb40ab48b,-0.241596015536811,TGCACCGGAAGTCCGCCTCCCGGGACCCGCCGCCGGTCCCAGGACAAATACCGTGACTCTATTTCCCATGAGCCTACGCGCTCCCCAAATTTAGGAGCCATCTGAAATGTCTCTATCTGGTCTAGCGGTTAAGAGGCTCTATGCTAAGAGAATTGGCAACGCCGAACCCCAGACTCAAATTTCTCCTTAGTTTAAGGGAA,296533d3c7afe2c0c7025458cdd33a24438de943403240307742bc37b4060a24,-0.472464191316632,TGCACCGGAAGTCCGCCTCCCGGGACCCGCCGCCGGTCCCAGGACAAATACCGTGACTCTATTTCCCATGAGCCTACGCGCTCCCCAAATTTAGGAGCCGTCTGAAATGTCTCTATCTGGTCTAGCGGTTAAGAGGCTCTATGCTAAGAGAATTGGCAACGCCGAACCCCAGACTCAAATTTCTCCTTAGTTTAAGGGAA,65106da42db1326b95f3a0a0a4f7e144f6075c3d0c87ce5cdf1e377c5a9d28ae,-0.629407170449627,-0.0846530364038159,0.163419839543383,-392.39725526515394,-375.3475565561093,-411.3193245558068,-417.1660930670914,22.896467220329214,1.0,-0.0846530364038159,0.0,1,0.2056609382943372,0.18216460459877223,0.1501433469024087,0.2247700705782375,1.0
chr7:68597763:T:C;chr7:68597771:T:C;var1;middle;OL32|K562|f07629d914953b7c,chr7:68597763:T:C;chr7:68597771:T:C;var1;middle;OL32,K562,K562_region_01971,100,108,8,TGAAACTAAATCTTGCTTTGTCACCCAGGCTGGAGTGCAGTGGCATGATCTCGGCACTCTACAACCTCTGTTTCCCGGGTTCAAGCCATTCTCCTGCCTTAGCCTTCTGAGTAGCTGGGATTACAGGTGTGCACCACCACACCCAGCTAATTTTTGTATTTTTGGTAGAGACGGGGTTTCCCCATATTGGCCAGGCTGGT,d4a8b06719785cbe35e6f14edb3e5822f5b81932c543039617ae22cad620e0df,0.0,TGAAACTAAATCTTGCTTTGTCACCCAGGCTGGAGTGCAGTGGCATGATCTCGGCACTCTACAACCTCTGTTTCCCGGGTTCAAGCCATTCTCCTGCCTCAGCCTTCTGAGTAGCTGGGATTACAGGTGTGCACCACCACACCCAGCTAATTTTTGTATTTTTGGTAGAGACGGGGTTTCCCCATATTGGCCAGGCTGGT,e6404395d85497da88dc22a07b37577fd407635d3d59e3b3fdc7a004e5398bc8,0.0990804040290914,TGAAACTAAATCTTGCTTTGTCACCCAGGCTGGAGTGCAGTGGCATGATCTCGGCACTCTACAACCTCTGTTTCCCGGGTTCAAGCCATTCTCCTGCCTTAGCCTTCCGAGTAGCTGGGATTACAGGTGTGCACCACCACACCCAGCTAATTTTTGTATTTTTGGTAGAGACGGGGTTTCCCCATATTGGCCAGGCTGGT,56480ff05e90d0dc086f538a3c1b7729efc66fed160e670dbed50f2197fbb2bf,0.107844195158546,TGAAACTAAATCTTGCTTTGTCACCCAGGCTGGAGTGCAGTGGCATGATCTCGGCACTCTACAACCTCTGTTTCCCGGGTTCAAGCCATTCTCCTGCCTCAGCCTTCCGAGTAGCTGGGATTACAGGTGTGCACCACCACACCCAGCTAATTTTTGTATTTTTGGTAGAGACGGGGTTTCCCCATATTGGCCAGGCTGGT,f07629d914953b7cecd622723ae68f337b37370775e123c24ca0ee7e2c52d63a,0.0233139490437238,0.1836106501439136,0.21524053234218,-82.95582333533093,-80.09052946791053,-84.8349461145699,-81.89160916348919,-0.07804308366030455,1.0,0.1836106501439136,0.0,1,0.18228575552810547,0.18216460459877223,0.1501433469024087,0.12419886017275916,1.0
chr7:6894629:T:C;chr7:6894649:C:T;var1;middle;OL41|K562|259a59dc4c07f70d,chr7:6894629:T:C;chr7:6894649:C:T;var1;middle;OL41,K562,K562_region_01919,100,120,20,CCCGCCCCCAGTGGGGCTCCGCACTCCCCACACCCCGCGGTCCCCCTAGGTCAGGGCCTCTCACCACCGCGCCCAGAGGCCGGGCCAGCCGGGCGTGCATCCCAGGGGCGCTCCGTCCCCCGCGGCCTGGGACTCTCCAGTCAGGACAGTACAAAATCTCTTTATCGCTCATTTTCTGTAAAAAATCGTGGCTCTCGGCG,36fb03a0032e31df17b2f4cd459c21d19b03069945da396f66cce92d4581a079,0.0,CCCGCCCCCAGTGGGGCTCCGCACTCCCCACACCCCGCGGTCCCCCTAGGTCAGGGCCTCTCACCACCGCGCCCAGAGGCCGGGCCAGCCGGGCGTGCACCCCAGGGGCGCTCCGTCCCCCGCGGCCTGGGACTCTCCAGTCAGGACAGTACAAAATCTCTTTATCGCTCATTTTCTGTAAAAAATCGTGGCTCTCGGCG,158329b642601321a3a6a36e88a2458a70d762c7e1ee310302d93eb8ce66fab9,-0.128329783186848,CCCGCCCCCAGTGGGGCTCCGCACTCCCCACACCCCGCGGTCCCCCTAGGTCAGGGCCTCTCACCACCGCGCCCAGAGGCCGGGCCAGCCGGGCGTGCATCCCAGGGGCGCTCCGTCCCTCGCGGCCTGGGACTCTCCAGTCAGGACAGTACAAAATCTCTTTATCGCTCATTTTCTGTAAAAAATCGTGGCTCTCGGCG,52c7218dd04998130cda3989aa468e7b6171f5057760323ec91b00d2100929a2,-0.399342301332806,CCCGCCCCCAGTGGGGCTCCGCACTCCCCACACCCCGCGGTCCCCCTAGGTCAGGGCCTCTCACCACCGCGCCCAGAGGCCGGGCCAGCCGGGCGTGCACCCCAGGGGCGCTCCGTCCCTCGCGGCCTGGGACTCTCCAGTCAGGACAGTACAAAATCTCTTTATCGCTCATTTTCTGTAAAAAATCGTGGCTCTCGGCG,259a59dc4c07f70df3db85dbdd56920ce9a8af8c47a6fca8fbe6b24ff836389f,-0.139822731353376,0.3878493531662781,0.590353556079157,-288.0827974914573,-287.2683658238966,-287.73391614016145,-287.97813864587806,-1.0586541732773185,-1.0,-0.3878493531662781,0.0,2,0.17365298229965703,0.17490732828716207,0.146091925319964,0.29265626414003654,1.0
chr7:6894629:T:C;chr7:6894650:C:T;var1;middle;OL41|K562|b863a131cbe94d5d,chr7:6894629:T:C;chr7:6894650:C:T;var1;middle;OL41,K562,K562_region_01919,100,121,21,CCCGCCCCCAGTGGGGCTCCGCACTCCCCACACCCCGCGGTCCCCCTAGGTCAGGGCCTCTCACCACCGCGCCCAGAGGCCGGGCCAGCCGGGCGTGCATCCCAGGGGCGCTCCGTCCCCCGCGGCCTGGGACTCTCCAGTCAGGACAGTACAAAATCTCTTTATCGCTCATTTTCTGTAAAAAATCGTGGCTCTCGGCG,36fb03a0032e31df17b2f4cd459c21d19b03069945da396f66cce92d4581a079,0.0,CCCGCCCCCAGTGGGGCTCCGCACTCCCCACACCCCGCGGTCCCCCTAGGTCAGGGCCTCTCACCACCGCGCCCAGAGGCCGGGCCAGCCGGGCGTGCACCCCAGGGGCGCTCCGTCCCCCGCGGCCTGGGACTCTCCAGTCAGGACAGTACAAAATCTCTTTATCGCTCATTTTCTGTAAAAAATCGTGGCTCTCGGCG,158329b642601321a3a6a36e88a2458a70d762c7e1ee310302d93eb8ce66fab9,-0.128165227672339,CCCGCCCCCAGTGGGGCTCCGCACTCCCCACACCCCGCGGTCCCCCTAGGTCAGGGCCTCTCACCACCGCGCCCAGAGGCCGGGCCAGCCGGGCGTGCATCCCAGGGGCGCTCCGTCCCCTGCGGCCTGGGACTCTCCAGTCAGGACAGTACAAAATCTCTTTATCGCTCATTTTCTGTAAAAAATCGTGGCTCTCGGCG,51be2850318c621aa20860e263f2b4183db160eb9a542b03c4a8485fdb89ce52,0.119824660425907,CCCGCCCCCAGTGGGGCTCCGCACTCCCCACACCCCGCGGTCCCCCTAGGTCAGGGCCTCTCACCACCGCGCCCAGAGGCCGGGCCAGCCGGGCGTGCACCCCAGGGGCGCTCCGTCCCCTGCGGCCTGGGACTCTCCAGTCAGGACAGTACAAAATCTCTTTATCGCTCATTTTCTGTAAAAAATCGTGGCTCTCGGCG,b863a131cbe94d5d4df0c120a2ee5d06fb53a0c9f2ead7f901985c588f0d858e,-0.174940154952446,0.166599587706014,0.569708075601982,-288.0827974914573,-287.2683658238966,-290.0399344833568,-290.1250723544508,0.8995695386547595,1.0,0.166599587706014,0.0,2,0.1765043143501777,0.17490732828716207,0.146091925319964,0.24894531648037505,1.0
chr7:70144841:T:C;chr7:70144848:T:C;var1;middle;OL27|K562|77fff5b64093862b,chr7:70144841:T:C;chr7:70144848:T:C;var1;middle;OL27,K562,K562_region_01972,100,107,7,TCTGATTAAGGCAAAGCCCAACTTAGAATTTAGCAGTGTTCTGATCTGTGTGGGTTTGGGGGAAGGCATGTGTATTTTGTTCTTTCGTTCTGAAGTCCTTCCCTTGTGGATTTCAGACTAAAGTGGGTGTGATGACACATTTACCCTTTTGGTTTTGTTTTTAAAACACAAAGCTGACAAATGTGTTTAATGGCCCCGTA,9691a9d8bcf75ead002bc0543c5842ba0054a2ee4b9e76ac32e30a23468bfaf5,0.0,TCTGATTAAGGCAAAGCCCAACTTAGAATTTAGCAGTGTTCTGATCTGTGTGGGTTTGGGGGAAGGCATGTGTATTTTGTTCTTTCGTTCTGAAGTCCTCCCCTTGTGGATTTCAGACTAAAGTGGGTGTGATGACACATTTACCCTTTTGGTTTTGTTTTTAAAACACAAAGCTGACAAATGTGTTTAATGGCCCCGTA,249370f28a84f00ae250702983f49a6eb92cad816a5ae9eb4eb7595d493dc7cf,0.0766437507129069,TCTGATTAAGGCAAAGCCCAACTTAGAATTTAGCAGTGTTCTGATCTGTGTGGGTTTGGGGGAAGGCATGTGTATTTTGTTCTTTCGTTCTGAAGTCCTTCCCTTGCGGATTTCAGACTAAAGTGGGTGTGATGACACATTTACCCTTTTGGTTTTGTTTTTAAAACACAAAGCTGACAAATGTGTTTAATGGCCCCGTA,1593f158d5c6c387f565508f833bba4b43f9fafa3003615a851d604d88fc00db,-0.0179307748904405,TCTGATTAAGGCAAAGCCCAACTTAGAATTTAGCAGTGTTCTGATCTGTGTGGGTTTGGGGGAAGGCATGTGTATTTTGTTCTTTCGTTCTGAAGTCCTCCCCTTGCGGATTTCAGACTAAAGTGGGTGTGATGACACATTTACCCTTTTGGTTTTGTTTTTAAAACACAAAGCTGACAAATGTGTTTAATGGCCCCGTA,77fff5b64093862b9b2c299e9c3e911d0ebb562db964ed4de94a3613c420287d,0.015199644929432,-0.0435133308930344,0.104144261562318,-317.552010233514,-324.11293164500967,-327.8100904696621,-349.8960002507083,-15.524988369550556,-1.0,0.0435133308930344,0.0,1,0.1665694175317754,0.18216460459877223,0.1501433469024087,0.05943006629334899,1.0
chr7:7244181:C:T;chr7:7244254:G:A;var1;middle;OL31|K562|37b8cd18c4136769,chr7:7244181:C:T;chr7:7244254:G:A;var1;middle;OL31,K562,K562_region_01920,100,173,73,TTCTTTTTTTCTTAGTCTAGCTAGAGATTTATCAGTTTTGTTCCTTTTTGAAGAACCAACTTTTAGTTTCATTGATTTTTCCATGTTGCTTTCCTGTTTCCCATTTTGTTTATCTCTGTTCTTTATTGTTTTATTTCTTCTGCTAGCTTTGGGTTTAGTTTGTTCTTTTTCTGGTTTTTAAAGTTGTAAAAATAGGTTCT,2f13bf2563b88ffa9c0d69fa229a3a38d74104893f29858f143bdb54a4c75ba4,0.0,TTCTTTTTTTCTTAGTCTAGCTAGAGATTTATCAGTTTTGTTCCTTTTTGAAGAACCAACTTTTAGTTTCATTGATTTTTCCATGTTGCTTTCCTGTTTTCCATTTTGTTTATCTCTGTTCTTTATTGTTTTATTTCTTCTGCTAGCTTTGGGTTTAGTTTGTTCTTTTTCTGGTTTTTAAAGTTGTAAAAATAGGTTCT,8c5ad7aa0abaaee55b57846f574dfc7e4be7e4d7d1e54b88282bcbef4c87ab31,-0.0493496871199311,TTCTTTTTTTCTTAGTCTAGCTAGAGATTTATCAGTTTTGTTCCTTTTTGAAGAACCAACTTTTAGTTTCATTGATTTTTCCATGTTGCTTTCCTGTTTCCCATTTTGTTTATCTCTGTTCTTTATTGTTTTATTTCTTCTGCTAGCTTTGGGTTTAGTTTGTTCTTTTTCTAGTTTTTAAAGTTGTAAAAATAGGTTCT,18b1c6a290f5b0314a7e0da54a702f5f42f5dfa79c654967fe9d92ec24ae0572,-0.266436880297638,TTCTTTTTTTCTTAGTCTAGCTAGAGATTTATCAGTTTTGTTCCTTTTTGAAGAACCAACTTTTAGTTTCATTGATTTTTCCATGTTGCTTTCCTGTTTTCCATTTTGTTTATCTCTGTTCTTTATTGTTTTATTTCTTCTGCTAGCTTTGGGTTTAGTTTGTTCTTTTTCTAGTTTTTAAAGTTGTAAAAATAGGTTCT,37b8cd18c413676975324dcde047639cd8419a2c66baee4cb7eb1fc80db6558a,-0.111263874475673,0.2045226929418961,0.143523609528338,-217.42569702863693,-213.118868380785,-218.8261851966381,-216.3062494248152,-1.786892876029043,-1.0,-0.2045226929418961,0.0,4,0.17398463102267436,0.17620727786206916,0.145609630836647,-0.02178484606041592,1.0
chr7:7277215:C:G;chr7:7277263:G:T;var1;middle;OL41|K562|dbb87350ff528762,chr7:7277215:C:G;chr7:7277263:G:T;var1;middle;OL41,K562,K562_region_01921,100,148,48,AATGTGTTGCTTTCTGTTCTGGTATAAGCTCCTTATTTCTTTGCAAACCTGTAGTTTAAAGAGCACTGCTCTAGACCATCTTGGAATTCCCATGTCTACCATTGTTCTCTTCTGTTTTTGATTGGTGGATTTACATTTTGGAATGAGGTATGTGACTATCAGAAAGTAATCTCAACTCCTGTGCTTTGACCTTTTACCAC,398c79a94b21f4e1c7f82e75383e6662616dcbaa12cdef4e250ad29b783fcb8a,0.0,AATGTGTTGCTTTCTGTTCTGGTATAAGCTCCTTATTTCTTTGCAAACCTGTAGTTTAAAGAGCACTGCTCTAGACCATCTTGGAATTCCCATGTCTACGATTGTTCTCTTCTGTTTTTGATTGGTGGATTTACATTTTGGAATGAGGTATGTGACTATCAGAAAGTAATCTCAACTCCTGTGCTTTGACCTTTTACCAC,7a74425fb35a8c9c7bfb69de5362660e2312fc056be036527e2cd0f0b9efcab4,0.0229674931610826,AATGTGTTGCTTTCTGTTCTGGTATAAGCTCCTTATTTCTTTGCAAACCTGTAGTTTAAAGAGCACTGCTCTAGACCATCTTGGAATTCCCATGTCTACCATTGTTCTCTTCTGTTTTTGATTGGTGGATTTACATTTTGGAATGAGTTATGTGACTATCAGAAAGTAATCTCAACTCCTGTGCTTTGACCTTTTACCAC,d1733c45cf0c254970bc8316d5b447d76db6028ca973a1dd6eb618604e2ed08d,0.133541050471314,AATGTGTTGCTTTCTGTTCTGGTATAAGCTCCTTATTTCTTTGCAAACCTGTAGTTTAAAGAGCACTGCTCTAGACCATCTTGGAATTCCCATGTCTACGATTGTTCTCTTCTGTTTTTGATTGGTGGATTTACATTTTGGAATGAGTTATGTGACTATCAGAAAGTAATCTCAACTCCTGTGCTTTGACCTTTTACCAC,dbb87350ff528762f019b5711af63c2d5633cbdc1501ad5d74b347635008a3d3,-0.185689246463798,0.3421977900961946,0.231728525877841,-293.3505613412708,-307.70043941936456,-302.7720478698611,-311.6802957067266,-5.4416302412282676,1.0,0.3421977900961946,0.0,1,0.17682862811029088,0.18216460459877223,0.1501433469024087,0.2750953627625207,1.0
chr7:73020301:T:C;chr7:73020337:C:G;var1;middle;OL31|K562|448583dc67783b92,chr7:73020301:T:C;chr7:73020337:C:G;var1;middle;OL31,K562,K562_region_01973,100,136,36,CCTTCACCCCTCTCCCCTGCCCTTTCTCAGACCCTCACCATCCTCAGGCGGCAGCTGCAGGGGCGAAGGGCCGGACTGAGTCATGGTGAAGAGAGTGTCTGAGATGTCGGACAAAAAGCAATTGAGGTCCAGGAGCTGCCGCCCACCCGGCTCCTCCTCTGGGTCCCCCAGCAGCACGGGGACCACACTGGAGAAGAGCT,7844237e4fc5fd6f7a9497003dc74e5409aa25f56bd1fd59545631145ece737d,0.0,CCTTCACCCCTCTCCCCTGCCCTTTCTCAGACCCTCACCATCCTCAGGCGGCAGCTGCAGGGGCGAAGGGCCGGACTGAGTCATGGTGAAGAGAGTGTCCGAGATGTCGGACAAAAAGCAATTGAGGTCCAGGAGCTGCCGCCCACCCGGCTCCTCCTCTGGGTCCCCCAGCAGCACGGGGACCACACTGGAGAAGAGCT,6cef633e63aa9942e0c683e6c8a1210f0ac8bda54825432d50f9ad7394855570,-0.187709629857045,CCTTCACCCCTCTCCCCTGCCCTTTCTCAGACCCTCACCATCCTCAGGCGGCAGCTGCAGGGGCGAAGGGCCGGACTGAGTCATGGTGAAGAGAGTGTCTGAGATGTCGGACAAAAAGCAATTGAGGTCCAGGAGGTGCCGCCCACCCGGCTCCTCCTCTGGGTCCCCCAGCAGCACGGGGACCACACTGGAGAAGAGCT,f327bcb113bda4a43e321ce2a85e7d8d624be2cc4993e52daacd2a01b1ea2c15,0.312073788079658,CCTTCACCCCTCTCCCCTGCCCTTTCTCAGACCCTCACCATCCTCAGGCGGCAGCTGCAGGGGCGAAGGGCCGGACTGAGTCATGGTGAAGAGAGTGTCCGAGATGTCGGACAAAAAGCAATTGAGGTCCAGGAGGTGCCGCCCACCCGGCTCCTCCTCTGGGTCCCCCAGCAGCACGGGGACCACACTGGAGAAGAGCT,448583dc67783b920b91f01798afad13ab812952f1db2b3eb623587e8d6c4f34,0.450922799757131,0.3265586415345179,0.272475320514456,-254.556016266346,-254.82038286235183,-258.91108999354765,-258.38161078933626,0.793845800217241,-1.0,-0.3265586415345179,0.0,4,0.17718322774731277,0.17620727786206916,0.145609630836647,0.2594871375858645,1.0
chr7:73026848:T:G;chr7:73026886:C:T;var1;middle;OL31|K562|f6da0c5a80f0ee76,chr7:73026848:T:G;chr7:73026886:C:T;var1;middle;OL31,K562,K562_region_01974,100,138,38,TCACCTGAGGTCGGGAGTTCGAGACCAGCCTGACCAACATGGAGAAACCCTGTCTCTACCGAAAATACAAAAAATTAGCCGGGCGTGGTGGTGCGCACCTGTAGTCCCAGCTACTCAGGAGGGTGAGGCAGGAGAATCGCTTGAACCCCGGAGGAGGAGGCTGCAGTGAGTCGAGAGCACACCATTGCACTCCAGCCTGA,f2a0d98a1225966b4b93311441f1aac22d7877e63f626a031289df1096d46b40,0.0,TCACCTGAGGTCGGGAGTTCGAGACCAGCCTGACCAACATGGAGAAACCCTGTCTCTACCGAAAATACAAAAAATTAGCCGGGCGTGGTGGTGCGCACCGGTAGTCCCAGCTACTCAGGAGGGTGAGGCAGGAGAATCGCTTGAACCCCGGAGGAGGAGGCTGCAGTGAGTCGAGAGCACACCATTGCACTCCAGCCTGA,657fc245f5b32e2ff583c61ea9ad52d322261a49ab50982f9ea2520854334e04,0.155539154374683,TCACCTGAGGTCGGGAGTTCGAGACCAGCCTGACCAACATGGAGAAACCCTGTCTCTACCGAAAATACAAAAAATTAGCCGGGCGTGGTGGTGCGCACCTGTAGTCCCAGCTACTCAGGAGGGTGAGGCAGGAGAATTGCTTGAACCCCGGAGGAGGAGGCTGCAGTGAGTCGAGAGCACACCATTGCACTCCAGCCTGA,bb37e0528e3e361b4e6c679415ee035d6df51288ccb36fdd8b5bd6155f6318ef,0.0864849146372918,TCACCTGAGGTCGGGAGTTCGAGACCAGCCTGACCAACATGGAGAAACCCTGTCTCTACCGAAAATACAAAAAATTAGCCGGGCGTGGTGGTGCGCACCGGTAGTCCCAGCTACTCAGGAGGGTGAGGCAGGAGAATTGCTTGAACCCCGGAGGAGGAGGCTGCAGTGAGTCGAGAGCACACCATTGCACTCCAGCCTGA,f6da0c5a80f0ee763080ad778a8ee6606797d975f41cb35c762f2648d87efd0d,0.245236064200199,-0.0032119951882242,0.170140793760756,-70.73715965403244,-75.05653709033504,-71.24936968134716,-75.695404286962,0.1266571693122387,1.0,-0.0032119951882242,0.0,4,0.17635630660679932,0.17620727786206916,0.145609630836647,0.2946205531302275,1.0
chr7:75442723:G:A;chr7:75442730:T:G;var1;middle;OL28|K562|34242652390dd323,chr7:75442723:G:A;chr7:75442730:T:G;var1;middle;OL28,K562,K562_region_01975,100,107,7,ATCACTCCTGCCTTGAGGCATGTGCTCCTGCTGGACAGCTGGTAGCTGACCACTCGGTTCTCAGGAATTCTCTTGGAAACAAAGAACATGCAGCAGGGAGAGGGGATGACCACAGAGCCTAGAAGAGGAGAGAGAGAAGAGCCACGTCTTTTCCCAGCCTCCCCTTGGCTCTGGGCCTCAGAGCTGGAGCTTGAACCCTG,9da89c3339f17c2fc97a247be8c3d40feee95afd468a797a390d5d563120a5af,0.0,ATCACTCCTGCCTTGAGGCATGTGCTCCTGCTGGACAGCTGGTAGCTGACCACTCGGTTCTCAGGAATTCTCTTGGAAACAAAGAACATGCAGCAGGGAAAGGGGATGACCACAGAGCCTAGAAGAGGAGAGAGAGAAGAGCCACGTCTTTTCCCAGCCTCCCCTTGGCTCTGGGCCTCAGAGCTGGAGCTTGAACCCTG,16ce7549dc8aaf01acc70638f5d5be36541d4fdc9e7660617e616354c40f7112,0.198829374890519,ATCACTCCTGCCTTGAGGCATGTGCTCCTGCTGGACAGCTGGTAGCTGACCACTCGGTTCTCAGGAATTCTCTTGGAAACAAAGAACATGCAGCAGGGAGAGGGGAGGACCACAGAGCCTAGAAGAGGAGAGAGAGAAGAGCCACGTCTTTTCCCAGCCTCCCCTTGGCTCTGGGCCTCAGAGCTGGAGCTTGAACCCTG,cc58fee142862b9d518babcd365a69d60e69de8e6fc4492b37cea33fc36552f0,0.100246508047615,ATCACTCCTGCCTTGAGGCATGTGCTCCTGCTGGACAGCTGGTAGCTGACCACTCGGTTCTCAGGAATTCTCTTGGAAACAAAGAACATGCAGCAGGGAAAGGGGAGGACCACAGAGCCTAGAAGAGGAGAGAGAGAAGAGCCACGTCTTTTCCCAGCCTCCCCTTGGCTCTGGGCCTCAGAGCTGGAGCTTGAACCCTG,34242652390dd323a794f1ce963ea6ca96202493dd624b35a4f2ae9342ccf497,0.111978172740191,0.1870977101979429,0.160189234995646,-326.46403692895547,-332.965660658665,-320.7304722359404,-327.503673216328,0.27157725067809224,1.0,0.1870977101979429,0.0,2,0.17558990680456535,0.17490732828716207,0.146091925319964,0.1709862945664105,1.0
chr7:7592576:C:T;chr7:7592614:A:C;var1;middle;OL41|K562|2ee3cbe0298f7eb3,chr7:7592576:C:T;chr7:7592614:A:C;var1;middle;OL41,K562,K562_region_01922,100,138,38,AGGGGCTGGAGGGATGTATCTTGAGGGATGGATAGCATTTGATTTTTCTAAGTCTTGGAGAAGAGCATTCTGGGGGCCTGGGGGGAAGGAACAAAAGCACGTTATAAGGAAAGTGCTATGGAAAAGTAATTGGGAACAATTCAGTGGGACAGCTCTAGTATGAATTAAGAAATCAAGTGGGAAAAAATATGTTGGGCCAC,bd0490068e7106633dc833c9021263e3f09d7606efe099f56ee23b29e136faff,0.0,AGGGGCTGGAGGGATGTATCTTGAGGGATGGATAGCATTTGATTTTTCTAAGTCTTGGAGAAGAGCATTCTGGGGGCCTGGGGGGAAGGAACAAAAGCATGTTATAAGGAAAGTGCTATGGAAAAGTAATTGGGAACAATTCAGTGGGACAGCTCTAGTATGAATTAAGAAATCAAGTGGGAAAAAATATGTTGGGCCAC,dd363aa72640bb2c922bff79d40dd0c514d4144bdacea4c0356927cb6d7ab4e1,0.828726631447671,AGGGGCTGGAGGGATGTATCTTGAGGGATGGATAGCATTTGATTTTTCTAAGTCTTGGAGAAGAGCATTCTGGGGGCCTGGGGGGAAGGAACAAAAGCACGTTATAAGGAAAGTGCTATGGAAAAGTAATTGGGAACCATTCAGTGGGACAGCTCTAGTATGAATTAAGAAATCAAGTGGGAAAAAATATGTTGGGCCAC,6fccaae06f7f8600820cbc331eafcf5e306f5fca5a26419d67bfe1cf28573b24,-0.107974978194256,AGGGGCTGGAGGGATGTATCTTGAGGGATGGATAGCATTTGATTTTTCTAAGTCTTGGAGAAGAGCATTCTGGGGGCCTGGGGGGAAGGAACAAAAGCATGTTATAAGGAAAGTGCTATGGAAAAGTAATTGGGAACCATTCAGTGGGACAGCTCTAGTATGAATTAAGAAATCAAGTGGGAAAAAATATGTTGGGCCAC,2ee3cbe0298f7eb3b313b79265bfdfffdb49a39456e910864cd488f5a13581f4,-0.300678242203161,1.021429895456576,0.272661182108592,-276.466955668875,-272.52076418243814,-282.8344149183249,-286.2402298609959,7.35200642910786,1.0,1.021429895456576,0.0,0,0.19521888587727826,0.18565657667894103,0.15145376406925343,0.08183016838238183,1.0
chr7:7592576:C:T;chr7:7592633:A:C;var1;middle;OL41|K562|7f221e0ff07534a9,chr7:7592576:C:T;chr7:7592633:A:C;var1;middle;OL41,K562,K562_region_01922,100,157,57,AGGGGCTGGAGGGATGTATCTTGAGGGATGGATAGCATTTGATTTTTCTAAGTCTTGGAGAAGAGCATTCTGGGGGCCTGGGGGGAAGGAACAAAAGCACGTTATAAGGAAAGTGCTATGGAAAAGTAATTGGGAACAATTCAGTGGGACAGCTCTAGTATGAATTAAGAAATCAAGTGGGAAAAAATATGTTGGGCCAC,bd0490068e7106633dc833c9021263e3f09d7606efe099f56ee23b29e136faff,0.0,AGGGGCTGGAGGGATGTATCTTGAGGGATGGATAGCATTTGATTTTTCTAAGTCTTGGAGAAGAGCATTCTGGGGGCCTGGGGGGAAGGAACAAAAGCATGTTATAAGGAAAGTGCTATGGAAAAGTAATTGGGAACAATTCAGTGGGACAGCTCTAGTATGAATTAAGAAATCAAGTGGGAAAAAATATGTTGGGCCAC,dd363aa72640bb2c922bff79d40dd0c514d4144bdacea4c0356927cb6d7ab4e1,0.828848720596348,AGGGGCTGGAGGGATGTATCTTGAGGGATGGATAGCATTTGATTTTTCTAAGTCTTGGAGAAGAGCATTCTGGGGGCCTGGGGGGAAGGAACAAAAGCACGTTATAAGGAAAGTGCTATGGAAAAGTAATTGGGAACAATTCAGTGGGACAGCTCTCGTATGAATTAAGAAATCAAGTGGGAAAAAATATGTTGGGCCAC,0889131fb255a4064fd7bcd3311d8b1e4237a7b561e4642439c5357c6a01853d,0.22607687715725,AGGGGCTGGAGGGATGTATCTTGAGGGATGGATAGCATTTGATTTTTCTAAGTCTTGGAGAAGAGCATTCTGGGGGCCTGGGGGGAAGGAACAAAAGCATGTTATAAGGAAAGTGCTATGGAAAAGTAATTGGGAACAATTCAGTGGGACAGCTCTCGTATGAATTAAGAAATCAAGTGGGAAAAAATATGTTGGGCCAC,7f221e0ff07534a921932e5ee65f2aa448b0160dec23346fbd7504e7f9a1d773,-0.478471177419588,1.533396775173186,0.261828023239152,-276.466955668875,-272.52076418243814,-278.63310707127675,-275.26688424963504,0.5799686647951603,1.0,1.533396775173186,0.0,0,0.18652095910611763,0.18565657667894103,0.15145376406925343,0.14916485302465674,1.0
chr7:76143625:G:A;chr7:76143705:T:G;var1;middle;OL41|K562|872c852784ff81a5,chr7:76143625:G:A;chr7:76143705:T:G;var1;middle;OL41,K562,K562_region_01976,100,180,80,TTGCCCAGGCTGGTCTGGAACTGCTGGGCTCAAGCGATCCTCCCGTCTCGGCCTCCCAAAGTATTAGGATTACAGGTGTGAGCCACCTTGCCGAGCCCCGTGGTTTCGAGCTGGGCAGCGCCCCTCCCAGGGCCTGTGCAGGGAACTCCCACCCTGAGTATCTCGCACCTCAGGGGTCATTGATGGGGCCAGCAGCCCCT,8f15384376842987c0a264ee811157b7bba15b7ec7bf6f6b1a70c9d63945db79,0.0,TTGCCCAGGCTGGTCTGGAACTGCTGGGCTCAAGCGATCCTCCCGTCTCGGCCTCCCAAAGTATTAGGATTACAGGTGTGAGCCACCTTGCCGAGCCCCATGGTTTCGAGCTGGGCAGCGCCCCTCCCAGGGCCTGTGCAGGGAACTCCCACCCTGAGTATCTCGCACCTCAGGGGTCATTGATGGGGCCAGCAGCCCCT,b9304dae0c1a707718add9aaadc449e277aad65b491aeae7e85dcedfe6909c6d,-0.359167153046961,TTGCCCAGGCTGGTCTGGAACTGCTGGGCTCAAGCGATCCTCCCGTCTCGGCCTCCCAAAGTATTAGGATTACAGGTGTGAGCCACCTTGCCGAGCCCCGTGGTTTCGAGCTGGGCAGCGCCCCTCCCAGGGCCTGTGCAGGGAACTCCCACCCTGAGTATCTCGCACCTCAGGGGTCAGTGATGGGGCCAGCAGCCCCT,49ed9b3b99c418895fdb86a4079d507fb4755acb9042f63a7025372baf57d266,-0.0607467725709326,TTGCCCAGGCTGGTCTGGAACTGCTGGGCTCAAGCGATCCTCCCGTCTCGGCCTCCCAAAGTATTAGGATTACAGGTGTGAGCCACCTTGCCGAGCCCCATGGTTTCGAGCTGGGCAGCGCCCCTCCCAGGGCCTGTGCAGGGAACTCCCACCCTGAGTATCTCGCACCTCAGGGGTCAGTGATGGGGCCAGCAGCCCCT,872c852784ff81a51778fc529479b3f676776234e0deb55a5c54ae34a786468e,0.151650455364878,0.5715643809827716,0.349304603998499,-172.80768386367708,-171.9859244627878,-168.60191621538252,-167.60880352929237,0.17135328520086546,-1.0,-0.5715643809827716,0.0,1,0.1825395013371011,0.18216460459877223,0.1501433469024087,0.23004163657740773,1.0
chr7:76254795:A:G;chr7:76254810:C:T;var1;middle;OL41|K562|1ec9cd3e577dcb2d,chr7:76254795:A:G;chr7:76254810:C:T;var1;middle;OL41,K562,K562_region_01977,100,115,15,GGTTCTTTCATGAAAGCCAAAGAAGGAGGCCTATGAAGGCTCACAAACTGGAGGTGGCCTCTGTATCTTTACGGGAATGTCTACATCTCATCCCATAGGAGTCCAAGCGGGAAACTGGCTTAGTACTCTCCTGAGCCTGTTACCTTCTTTTATTTTCCTGGCCATCAAGGAATATTTGGTCTTCTTCCTCCACTGTCCTT,46b38f1ab82d28b37e351c2f15e5f4d269325ef1be15b35ec3925f25343d5944,0.0,GGTTCTTTCATGAAAGCCAAAGAAGGAGGCCTATGAAGGCTCACAAACTGGAGGTGGCCTCTGTATCTTTACGGGAATGTCTACATCTCATCCCATAGGGGTCCAAGCGGGAAACTGGCTTAGTACTCTCCTGAGCCTGTTACCTTCTTTTATTTTCCTGGCCATCAAGGAATATTTGGTCTTCTTCCTCCACTGTCCTT,5b7b62f5a21e43341ed49d03d4e51d80111ec8b91d56114a20f088f45ec36fbe,0.0161301375809374,GGTTCTTTCATGAAAGCCAAAGAAGGAGGCCTATGAAGGCTCACAAACTGGAGGTGGCCTCTGTATCTTTACGGGAATGTCTACATCTCATCCCATAGGAGTCCAAGCGGGAAATTGGCTTAGTACTCTCCTGAGCCTGTTACCTTCTTTTATTTTCCTGGCCATCAAGGAATATTTGGTCTTCTTCCTCCACTGTCCTT,4fb47440751dd38ff555dac69f080659ad796e21a34f17946ba990522aa7bda1,-0.180805580283478,GGTTCTTTCATGAAAGCCAAAGAAGGAGGCCTATGAAGGCTCACAAACTGGAGGTGGCCTCTGTATCTTTACGGGAATGTCTACATCTCATCCCATAGGGGTCCAAGCGGGAAATTGGCTTAGTACTCTCCTGAGCCTGTTACCTTCTTTTATTTTCCTGGCCATCAAGGAATATTTGGTCTTCTTCCTCCACTGTCCTT,1ec9cd3e577dcb2dc6c5904ea480357838d5668609ff7998147633d9b542ea27,-0.434842952228141,0.2701675095256004,0.292898805636233,-367.5511250447016,-364.0330106276088,-372.24188378592953,-363.0600302128587,-5.663739155977964,1.0,0.2701675095256004,0.0,1,0.17660264564504627,0.18216460459877223,0.1501433469024087,0.15700359154164112,1.0
chr7:76255019:T:C;chr7:76255032:A:G;var1;middle;OL41|K562|a36a015b771bf071,chr7:76255019:T:C;chr7:76255032:A:G;var1;middle;OL41,K562,K562_region_01978,100,113,13,CTCAGTACAGTCTCCTTTGCACATGGGTCTGGGGCATTACTTGATGGTGAGGACAGTGTTGAGCTGATTATCTGCTCTGGTCTATAATGAAAGACAGGATTCTAGCAGTAAGATATTTTAATTCCCATGCCATATCAGAAATGGAAATCAGAAGCTAACCAACAAGCCAAAGTATAATTTATACACTCACAACAGTTCCC,82f367e777d00cc5b4bdb1097812a1a0e5deb2cb2aeaa587d2c62f8b6e75d74e,0.0,CTCAGTACAGTCTCCTTTGCACATGGGTCTGGGGCATTACTTGATGGTGAGGACAGTGTTGAGCTGATTATCTGCTCTGGTCTATAATGAAAGACAGGACTCTAGCAGTAAGATATTTTAATTCCCATGCCATATCAGAAATGGAAATCAGAAGCTAACCAACAAGCCAAAGTATAATTTATACACTCACAACAGTTCCC,59792ffe2c3d7a65b3b305d955f588a68654b257384c8cc462c3fd2eab00e8fc,-0.249368507906278,CTCAGTACAGTCTCCTTTGCACATGGGTCTGGGGCATTACTTGATGGTGAGGACAGTGTTGAGCTGATTATCTGCTCTGGTCTATAATGAAAGACAGGATTCTAGCAGTAAGGTATTTTAATTCCCATGCCATATCAGAAATGGAAATCAGAAGCTAACCAACAAGCCAAAGTATAATTTATACACTCACAACAGTTCCC,4f325db0e52024632a27caf3c5d7b5e19d0b08798865bf52a30bfc6d3a918ed7,-0.0012406205918483,CTCAGTACAGTCTCCTTTGCACATGGGTCTGGGGCATTACTTGATGGTGAGGACAGTGTTGAGCTGATTATCTGCTCTGGTCTATAATGAAAGACAGGACTCTAGCAGTAAGGTATTTTAATTCCCATGCCATATCAGAAATGGAAATCAGAAGCTAACCAACAAGCCAAAGTATAATTTATACACTCACAACAGTTCCC,a36a015b771bf0711c2cb0ff1b7b6fe628253029623436c9998f1ada4f7215c9,0.0141043641547204,0.2647134926528466,0.357422776532364,-338.2353016510606,-355.4487654212862,-347.0955308005214,-366.2377365734428,-1.9287420026957989,-1.0,-0.2647134926528466,0.0,4,0.17380882160960778,0.17620727786206916,0.145609630836647,0.11778273559589247,1.0
chr7:76255933:C:T;chr7:76255998:T:C;var1;middle;OL41|K562|ce0706c80365b023,chr7:76255933:C:T;chr7:76255998:T:C;var1;middle;OL41,K562,K562_region_01979,100,165,65,TTTTGGCAACACATCTCACACCAAGCAAGAGTCAGAGGCCAGGAGACGGCTGGCACACACCAAGGTGTTAAGGAGGGCAAAACCACACACAATTCCCTTCGGATTTGATGAAAAAGCAAATCGGATTTAAAAGTCCTCGATTTCAAGCCAGCCGAGCCAAAGGATGATCTGGGAAAATCAGCGCATCTCACCGTGGGGAA,caa84dff7bc5006f35c4d29b76186280503dd2c6b6b20620b180e76c37dbf4c4,0.0,TTTTGGCAACACATCTCACACCAAGCAAGAGTCAGAGGCCAGGAGACGGCTGGCACACACCAAGGTGTTAAGGAGGGCAAAACCACACACAATTCCCTTTGGATTTGATGAAAAAGCAAATCGGATTTAAAAGTCCTCGATTTCAAGCCAGCCGAGCCAAAGGATGATCTGGGAAAATCAGCGCATCTCACCGTGGGGAA,a401c8c21c24a9dc1185c615a83b17208a50b383407f5f66808a65b4e6566de4,-0.379610937242905,TTTTGGCAACACATCTCACACCAAGCAAGAGTCAGAGGCCAGGAGACGGCTGGCACACACCAAGGTGTTAAGGAGGGCAAAACCACACACAATTCCCTTCGGATTTGATGAAAAAGCAAATCGGATTTAAAAGTCCTCGATTTCAAGCCAGCCGAGCCAAAGGACGATCTGGGAAAATCAGCGCATCTCACCGTGGGGAA,4f850489404578dd63612db5712078d223f8333c02bccc66169e81215a7ef09e,-0.192702100937538,TTTTGGCAACACATCTCACACCAAGCAAGAGTCAGAGGCCAGGAGACGGCTGGCACACACCAAGGTGTTAAGGAGGGCAAAACCACACACAATTCCCTTTGGATTTGATGAAAAAGCAAATCGGATTTAAAAGTCCTCGATTTCAAGCCAGCCGAGCCAAAGGACGATCTGGGAAAATCAGCGCATCTCACCGTGGGGAA,ce0706c80365b02324cb1a8313d344c9ad15db02bdaf9fe80898ed42e5f23072,-0.491616117056781,-0.080696921123662,0.355105756008597,-305.1522045680322,-294.7773248243612,-305.85208441643044,-295.22814026125707,-0.2490644115023315,1.0,-0.080696921123662,0.0,0,0.18545615863697293,0.18565657667894103,0.15145376406925343,0.23542202868598533,1.0
chr7:763465:T:G;chr7:763545:C:T;var1;middle;OL41|K562|ab5bc3776c683764,chr7:763465:T:G;chr7:763545:C:T;var1;middle;OL41,K562,K562_region_01900,100,180,80,CTGCCATGTTTTAGGACAGAGGCCCCCATGGCCTGGCCCCACCCATCTGCTCACTCCCTGCCTGCTCCCCTGTGACCAGGGTCAGCCTCCCTCCCTGTTTGCTACCTGAGGCTGCCGTAACAAAGCACACCAGGCTGGGCAGCTGAATGAAACAAATTTGATTTCTCAAGATCAGGGTACGGGCTGGCTCCTCTTGAGGT,24781bf002003dac1d8ffaf67d00fda4b70c1932cc020637af875acb1761a44c,0.0,CTGCCATGTTTTAGGACAGAGGCCCCCATGGCCTGGCCCCACCCATCTGCTCACTCCCTGCCTGCTCCCCTGTGACCAGGGTCAGCCTCCCTCCCTGTTGGCTACCTGAGGCTGCCGTAACAAAGCACACCAGGCTGGGCAGCTGAATGAAACAAATTTGATTTCTCAAGATCAGGGTACGGGCTGGCTCCTCTTGAGGT,dcd3124ccdff94cc78bd7dbaeb36dc65458906d0ddab85e81fd61229762292d7,-0.481491090388484,CTGCCATGTTTTAGGACAGAGGCCCCCATGGCCTGGCCCCACCCATCTGCTCACTCCCTGCCTGCTCCCCTGTGACCAGGGTCAGCCTCCCTCCCTGTTTGCTACCTGAGGCTGCCGTAACAAAGCACACCAGGCTGGGCAGCTGAATGAAACAAATTTGATTTCTCAAGATCAGGGTATGGGCTGGCTCCTCTTGAGGT,deb11fc4b70f43f125c74dd946d23c9c91c9d2e705f33416e86a0db3c17d5e99,0.0636982848269048,CTGCCATGTTTTAGGACAGAGGCCCCCATGGCCTGGCCCCACCCATCTGCTCACTCCCTGCCTGCTCCCCTGTGACCAGGGTCAGCCTCCCTCCCTGTTGGCTACCTGAGGCTGCCGTAACAAAGCACACCAGGCTGGGCAGCTGAATGAAACAAATTTGATTTCTCAAGATCAGGGTATGGGCTGGCTCCTCTTGAGGT,ab5bc3776c683764a6c80ae5f348ddaaa69ce759e22e89e8ee5a9e6e62547096,-0.29307235787779,0.1247204476837891,0.244248990506439,-311.7104753423482,-309.51024119509384,-311.3857825025916,-306.84615085925907,2.3393974960781634,-1.0,-0.1247204476837891,0.0,1,0.1847453559561537,0.18216460459877223,0.1501433469024087,0.1491858007865734,1.0
chr7:76604348:A:G;chr7:76604361:T:C;var1;middle;OL41|K562|9c072cfd54ece4fc,chr7:76604348:A:G;chr7:76604361:T:C;var1;middle;OL41,K562,K562_region_01980,100,113,13,CTGGAGTCTCCAGTACCCTCCTAGGGCCTGGGCCATGGCGCGCCCTCCATTGGGGAGGCTGCGTGCCTTCGTGGAAAGTTTTAGCTGAAGTCCTCGCCTATATTTCCCAGGCTGTTTTGCAGAGTTGTGAGAGTTGGTTCATCGGGCCATGAGGACATGTTGGGACATACCCCGTGTGCCGATGATGGAGGCGGCCGTGG,8819533c4468683eb019e76ae1140f72ae45160a9dbfc7a8ad4f8d339d06fb63,0.0,CTGGAGTCTCCAGTACCCTCCTAGGGCCTGGGCCATGGCGCGCCCTCCATTGGGGAGGCTGCGTGCCTTCGTGGAAAGTTTTAGCTGAAGTCCTCGCCTGTATTTCCCAGGCTGTTTTGCAGAGTTGTGAGAGTTGGTTCATCGGGCCATGAGGACATGTTGGGACATACCCCGTGTGCCGATGATGGAGGCGGCCGTGG,2987b7ffb49f15ee1b66ba7d726acd6df554b11da1856f83e4fec804ed33aac0,0.0265660839905015,CTGGAGTCTCCAGTACCCTCCTAGGGCCTGGGCCATGGCGCGCCCTCCATTGGGGAGGCTGCGTGCCTTCGTGGAAAGTTTTAGCTGAAGTCCTCGCCTATATTTCCCAGGCCGTTTTGCAGAGTTGTGAGAGTTGGTTCATCGGGCCATGAGGACATGTTGGGACATACCCCGTGTGCCGATGATGGAGGCGGCCGTGG,0d70ade4ed765ed66ed37b9f6183effe4980240d5ffe48a882f27208de14cb42,0.178374092354932,CTGGAGTCTCCAGTACCCTCCTAGGGCCTGGGCCATGGCGCGCCCTCCATTGGGGAGGCTGCGTGCCTTCGTGGAAAGTTTTAGCTGAAGTCCTCGCCTGTATTTCCCAGGCCGTTTTGCAGAGTTGTGAGAGTTGGTTCATCGGGCCATGAGGACATGTTGGGACATACCCCGTGTGCCGATGATGGAGGCGGCCGTGG,9c072cfd54ece4fc5eed7c510b812f9b6df9a676649a2f812062d6c567703a2a,0.366712950538399,-0.1617727741929654,0.264663639530136,-407.5341461605858,-420.1996236371342,-388.3065504488186,-411.5641139107756,10.592085985408573,1.0,-0.1617727741929654,0.0,3,0.20280742079932057,0.18106719778262317,0.1474303780702046,0.26646701574532694,1.0
chr7:77315176:C:T;chr7:77315217:C:A;var1;middle;OL41|K562|a32ae59cd140a509,chr7:77315176:C:T;chr7:77315217:C:A;var1;middle;OL41,K562,K562_region_01981,100,141,41,CAGTCTTTTTTTTTATTATACTTTAAGTTTTAGGGTACATGTGCAAAATGTGCAGGTTTGTTACATATGTATACATGTGCCATCTTGGTGTGCTGCACCCATTAACTTGTCATTTAGCATTAGGTATATCTCCCAATGCTCTCCCTCCCACCTCACCCCAACAACATAGTCTTAAACAACAGATTATTTGGAAACAGATC,3a31f50eba84f8443dd3f3b02db2fbac660524be33279ebafab2235c12426d58,0.0,CAGTCTTTTTTTTTATTATACTTTAAGTTTTAGGGTACATGTGCAAAATGTGCAGGTTTGTTACATATGTATACATGTGCCATCTTGGTGTGCTGCACCTATTAACTTGTCATTTAGCATTAGGTATATCTCCCAATGCTCTCCCTCCCACCTCACCCCAACAACATAGTCTTAAACAACAGATTATTTGGAAACAGATC,d865f9a94900b9ff9235083c595c9efc4f222e04bca3952f2d9bfd832f672aca,-0.103500700287485,CAGTCTTTTTTTTTATTATACTTTAAGTTTTAGGGTACATGTGCAAAATGTGCAGGTTTGTTACATATGTATACATGTGCCATCTTGGTGTGCTGCACCCATTAACTTGTCATTTAGCATTAGGTATATCTCCCAATGCTATCCCTCCCACCTCACCCCAACAACATAGTCTTAAACAACAGATTATTTGGAAACAGATC,ac0aacf401e0c5cd4d5fe11418a8986cb149cbd67ec26b6f3582d27ba8d7c562,-0.12146463284191,CAGTCTTTTTTTTTATTATACTTTAAGTTTTAGGGTACATGTGCAAAATGTGCAGGTTTGTTACATATGTATACATGTGCCATCTTGGTGTGCTGCACCTATTAACTTGTCATTTAGCATTAGGTATATCTCCCAATGCTATCCCTCCCACCTCACCCCAACAACATAGTCTTAAACAACAGATTATTTGGAAACAGATC,a32ae59cd140a509035da45f06d053fa17a46896f51e90b1e41a41375aa06e0d,-0.109051102032106,0.1159142310972889,0.214942472686901,-156.65918531036004,-145.00859632669017,-142.92482868768275,-129.890718344599,1.3835213594138622,-1.0,-0.1159142310972889,0.0,3,0.18425966426662332,0.18106719778262317,0.1474303780702046,0.12008713364843313,1.0
chr7:78122263:A:G;chr7:78122282:T:G;var1;middle;OL29|K562|6b16e8aea53434e1,chr7:78122263:A:G;chr7:78122282:T:G;var1;middle;OL29,K562,K562_region_01982,100,119,19,TTTGCACATAAACTTTTCTTATTCCAGCTGGACAATGCAACAGATATTTTTTAGGAACTTTGAATCATACTAATATACTACTTCATGTATTTTTAGGATAAAGCTAATGTGATGATCATGAAAAGTGAGAGGTCAAGTGAAAAAGCCAGTGGATATTTAAGTTCAGTCACTGTCATATTTAAAAACCTGGATGAAAACCA,fbc61062d9b1a2516f880b16b9dcc754cee4aea716c9e6531d1fbd33fa183338,0.0,TTTGCACATAAACTTTTCTTATTCCAGCTGGACAATGCAACAGATATTTTTTAGGAACTTTGAATCATACTAATATACTACTTCATGTATTTTTAGGATGAAGCTAATGTGATGATCATGAAAAGTGAGAGGTCAAGTGAAAAAGCCAGTGGATATTTAAGTTCAGTCACTGTCATATTTAAAAACCTGGATGAAAACCA,9dd00f111b38ba08f8f75ac55a86077310fe8aa3a93a5fe639c4bda8e39bcb6d,1.48324273427854,TTTGCACATAAACTTTTCTTATTCCAGCTGGACAATGCAACAGATATTTTTTAGGAACTTTGAATCATACTAATATACTACTTCATGTATTTTTAGGATAAAGCTAATGTGATGATCAGGAAAAGTGAGAGGTCAAGTGAAAAAGCCAGTGGATATTTAAGTTCAGTCACTGTCATATTTAAAAACCTGGATGAAAACCA,efcac8f0e6254e932cbcd6d458521f46ffcf038d182a58b19836932cae4e1235,-0.289118095857463,TTTGCACATAAACTTTTCTTATTCCAGCTGGACAATGCAACAGATATTTTTTAGGAACTTTGAATCATACTAATATACTACTTCATGTATTTTTAGGATGAAGCTAATGTGATGATCAGGAAAAGTGAGAGGTCAAGTGAAAAAGCCAGTGGATATTTAAGTTCAGTCACTGTCATATTTAAAAACCTGGATGAAAACCA,6b16e8aea53434e17181c4c9710897defcb601f24a577118ca87026b9296d35e,1.17138833091514,-0.0227363075059368,0.214761139039951,-301.62309683300555,-300.20300462283194,-299.4219898702577,-300.8548493287526,-2.8529516686685383,-1.0,0.0227363075059368,0.0,1,0.17946245289941398,0.18216460459877223,0.1501433469024087,0.1183748231488823,1.0
chr7:78769097:T:G;chr7:78769110:C:A;var1;middle;OL41|K562|11a1277ddc462698,chr7:78769097:T:G;chr7:78769110:C:A;var1;middle;OL41,K562,K562_region_01983,100,113,13,ATGAAGATACATGTCTACTTCTTTATTATAATTCTAGATCACTAAGCAACAGTCACATTATTACCTGGATTCAAAGGCTGTTTCCACAGCAATAACAGTTTAAACAAATGAACCAAAAAAACCATAATGTGGAGCCTAATGGTTAATCTCAATGACTACAAGATGCCTGCAGTCATAGTAAGCATGTTTCTTATTTACAA,59cce411710cf5369f53d5d1384b1c395abfe83b4d4763f6a8388345b1cc859e,0.0,ATGAAGATACATGTCTACTTCTTTATTATAATTCTAGATCACTAAGCAACAGTCACATTATTACCTGGATTCAAAGGCTGTTTCCACAGCAATAACAGTGTAAACAAATGAACCAAAAAAACCATAATGTGGAGCCTAATGGTTAATCTCAATGACTACAAGATGCCTGCAGTCATAGTAAGCATGTTTCTTATTTACAA,9ab4935218a37716618ecd99428aaa194ed7a4375471f64ff2df5f45339b1ae5,0.335687468236447,ATGAAGATACATGTCTACTTCTTTATTATAATTCTAGATCACTAAGCAACAGTCACATTATTACCTGGATTCAAAGGCTGTTTCCACAGCAATAACAGTTTAAACAAATGAAACAAAAAAACCATAATGTGGAGCCTAATGGTTAATCTCAATGACTACAAGATGCCTGCAGTCATAGTAAGCATGTTTCTTATTTACAA,d126ef9687ce60956eb49cfca908243abc4f03176df0559cecda883d98442d23,0.19913037737863,ATGAAGATACATGTCTACTTCTTTATTATAATTCTAGATCACTAAGCAACAGTCACATTATTACCTGGATTCAAAGGCTGTTTCCACAGCAATAACAGTGTAAACAAATGAAACAAAAAAACCATAATGTGGAGCCTAATGGTTAATCTCAATGACTACAAGATGCCTGCAGTCATAGTAAGCATGTTTCTTATTTACAA,11a1277ddc462698d797fc8cdd307e730f8bd18aa61c7501e14113901bf60afa,-0.212681815187964,0.7474996608030411,0.57904960385435,-271.6192520018667,-262.3609152883291,-280.98945635184646,-258.8347611576319,-12.896358480677009,1.0,0.7474996608030411,0.0,4,0.16021543361319635,0.17620727786206916,0.145609630836647,0.17073062229862612,1.0
chr7:92243672:G:A;chr7:92243719:C:T;var1;middle;OL28|K562|dfac67711558c5b3,chr7:92243672:G:A;chr7:92243719:C:T;var1;middle;OL28,K562,K562_region_01984,100,147,47,TTCTTTTTTTTAAAATCTATCTGAGGTACACTCCCTAAACCTATAGCAAGTAATAAAAAGCTTACAGGCTATTTTCCAAAAGAAATGATAAAGCATGATGTCATACAGAAGGTTAAAATAGACTTACAACAAGTAAATTCAGCATTCTGAAGACTAAATAGAATGCATGCACATCTCTTAAAATATACTAGAATTTTTTC,35200946221263878f5fc9b7d2b3395f0ecd85d9d5571f3d9fba09c409f31cf3,0.0,TTCTTTTTTTTAAAATCTATCTGAGGTACACTCCCTAAACCTATAGCAAGTAATAAAAAGCTTACAGGCTATTTTCCAAAAGAAATGATAAAGCATGATATCATACAGAAGGTTAAAATAGACTTACAACAAGTAAATTCAGCATTCTGAAGACTAAATAGAATGCATGCACATCTCTTAAAATATACTAGAATTTTTTC,3ea30ac45a141cb1690d48213a6281df6bf805f5a9dc2fd58fba59c61f2868f3,-0.64146198653917,TTCTTTTTTTTAAAATCTATCTGAGGTACACTCCCTAAACCTATAGCAAGTAATAAAAAGCTTACAGGCTATTTTCCAAAAGAAATGATAAAGCATGATGTCATACAGAAGGTTAAAATAGACTTACAACAAGTAAATTCAGCATTTTGAAGACTAAATAGAATGCATGCACATCTCTTAAAATATACTAGAATTTTTTC,b059dac2ab3a307b41691463e8d02ab4bb38f44532944103e381db0d70ecc221,-0.234448284829408,TTCTTTTTTTTAAAATCTATCTGAGGTACACTCCCTAAACCTATAGCAAGTAATAAAAAGCTTACAGGCTATTTTCCAAAAGAAATGATAAAGCATGATATCATACAGAAGGTTAAAATAGACTTACAACAAGTAAATTCAGCATTTTGAAGACTAAATAGAATGCATGCACATCTCTTAAAATATACTAGAATTTTTTC,dfac67711558c5b30c2387a61bc81abfd4036d0e8a6d810eea6abbe222e23aa9,-0.619448309815864,0.256461961552714,0.25143999122373,-365.7424785364419,-363.9786257939413,-338.84357815794647,-344.8686503507197,-7.788924935273826,-1.0,-0.256461961552714,0.0,2,0.16385316391556204,0.17490732828716207,0.146091925319964,0.2371097206781908,1.0
chr7:92408370:C:T;chr7:92408455:G:T;var1;middle;OL27|K562|d775a2cd20cef4f9,chr7:92408370:C:T;chr7:92408455:G:T;var1;middle;OL27,K562,K562_region_01985,100,185,85,AGTAATTTCCAAAAGAGAAAAAATTCTGACGGGGGCATAACTGGAGAATAAAGTGATCCTAAAATACTGCTGAAACAAAAAGTCATCTGCCCCCTGGACCGTTGTCTTAGAAGTTACCTAACAACCCTGGCAGTATGCCCTGTTGCTTCATCTCACTGAAACCGTTTTCAAGCACTCTTTGCATGACACAATTTAAAAAT,688c2d25924740276ea28844db6f6efea10606ccdcfc034c30da18eacfc7e026,0.0,AGTAATTTCCAAAAGAGAAAAAATTCTGACGGGGGCATAACTGGAGAATAAAGTGATCCTAAAATACTGCTGAAACAAAAAGTCATCTGCCCCCTGGACTGTTGTCTTAGAAGTTACCTAACAACCCTGGCAGTATGCCCTGTTGCTTCATCTCACTGAAACCGTTTTCAAGCACTCTTTGCATGACACAATTTAAAAAT,3e67f65754239d8124f595dcb1b88cf96500989e14c53ed7dbcb638d7a37be18,0.0796560557402617,AGTAATTTCCAAAAGAGAAAAAATTCTGACGGGGGCATAACTGGAGAATAAAGTGATCCTAAAATACTGCTGAAACAAAAAGTCATCTGCCCCCTGGACCGTTGTCTTAGAAGTTACCTAACAACCCTGGCAGTATGCCCTGTTGCTTCATCTCACTGAAACCGTTTTCAAGCACTCTTTGCATTACACAATTTAAAAAT,77cb7321628a619a29e500b0e4c2286da7ce4434d64daba461a22639c11ab2b3,-0.0511645522305047,AGTAATTTCCAAAAGAGAAAAAATTCTGACGGGGGCATAACTGGAGAATAAAGTGATCCTAAAATACTGCTGAAACAAAAAGTCATCTGCCCCCTGGACTGTTGTCTTAGAAGTTACCTAACAACCCTGGCAGTATGCCCTGTTGCTTCATCTCACTGAAACCGTTTTCAAGCACTCTTTGCATTACACAATTTAAAAAT,d775a2cd20cef4f9d72dcb0c46ee94174af51cf9c069bbbbe99e6360889b8065,0.189350917283639,0.160859413773882,0.198286194051569,-273.4301229566336,-268.04026808589697,-274.7549256235361,-268.30736127495766,1.0577094778417973,-1.0,-0.160859413773882,0.0,2,0.17673457888753563,0.17490732828716207,0.146091925319964,0.2208223646594204,1.0
chr7:92635973:A:C;chr7:92636040:C:T;var1;middle;OL27|K562|7576d4e5ce03bce8,chr7:92635973:A:C;chr7:92636040:C:T;var1;middle;OL27,K562,K562_region_01986,100,167,67,GGGAAGTGGGTGGAGATCTGTTAAAACTTTACAATAGACAAGGCGCAACAAGGAATCTAGATAACAGCCAACAGAACTAGTTATAAAAAGATTAGAAGCACTTGAAGTTGACCAAACAGCAGGAGCAGATAACACACATCTGCAAGTTCTAAAGCCATAAGCAAGGCGACTGGTGAAGCTAGGACGTGCATACAGAGCAC,856ece90cf6fc2c9fc6426748963d353693ed3f7022b2a4e37fc7b3bb195e2c5,0.0,GGGAAGTGGGTGGAGATCTGTTAAAACTTTACAATAGACAAGGCGCAACAAGGAATCTAGATAACAGCCAACAGAACTAGTTATAAAAAGATTAGAAGCCCTTGAAGTTGACCAAACAGCAGGAGCAGATAACACACATCTGCAAGTTCTAAAGCCATAAGCAAGGCGACTGGTGAAGCTAGGACGTGCATACAGAGCAC,8a987f9a238e760e715bcf163acdb673636f0e7b1d596375f82db37dc93b1e99,0.65556825879663,GGGAAGTGGGTGGAGATCTGTTAAAACTTTACAATAGACAAGGCGCAACAAGGAATCTAGATAACAGCCAACAGAACTAGTTATAAAAAGATTAGAAGCACTTGAAGTTGACCAAACAGCAGGAGCAGATAACACACATCTGCAAGTTCTAAAGCCATAAGCAAGGTGACTGGTGAAGCTAGGACGTGCATACAGAGCAC,a876ca03baef560acd0c47f5f4ff469cff09e7becd5f19c3af7c635fde7b7c07,-0.105312382108952,GGGAAGTGGGTGGAGATCTGTTAAAACTTTACAATAGACAAGGCGCAACAAGGAATCTAGATAACAGCCAACAGAACTAGTTATAAAAAGATTAGAAGCCCTTGAAGTTGACCAAACAGCAGGAGCAGATAACACACATCTGCAAGTTCTAAAGCCATAAGCAAGGTGACTGGTGAAGCTAGGACGTGCATACAGAGCAC,7576d4e5ce03bce83fb1bb916a8928bb942c227bac36a97391f30731256fe85c,0.452462811993412,-0.097793064694266,0.103400834244279,-288.7719052284956,-283.9843167066574,-291.7527135759592,-277.36721478402615,9.597910270094872,-1.0,0.097793064694266,0.0,1,0.19213045624593902,0.18216460459877223,0.1501433469024087,0.09113069264855178,1.0
chr7:95225731:T:C;chr7:95225813:T:C;var1;middle;OL41|K562|133609570baa2c91,chr7:95225731:T:C;chr7:95225813:T:C;var1;middle;OL41,K562,K562_region_01987,100,182,82,ACTGTGGCTGGCTTGAGGGGCGAAGGCTGCTCGGAGCAGAGCCTGGTTCCGAGGGGGCGCGGCGCGTCCGGGCGAGGACTGCAGGTGCGCTGGCTGGCTTGTGCGCCCCGGCCTGGGCTGGGGTTTGAGGGTGCCGCGGAGTGAAGAGTCTGGGCAGAGTCGGAGATGCAGTGGTTCGAGATTCAAGTTCAAGTCTTCCC,cb8153daab3a1c9424d6f814bf3cf9469160254694dc3820f19f4b5e5ff850dd,0.0,ACTGTGGCTGGCTTGAGGGGCGAAGGCTGCTCGGAGCAGAGCCTGGTTCCGAGGGGGCGCGGCGCGTCCGGGCGAGGACTGCAGGTGCGCTGGCTGGCTCGTGCGCCCCGGCCTGGGCTGGGGTTTGAGGGTGCCGCGGAGTGAAGAGTCTGGGCAGAGTCGGAGATGCAGTGGTTCGAGATTCAAGTTCAAGTCTTCCC,796f1b95f0d19f6e7ff218671feb41f17c06543cd1b9296d33492978c750d818,0.215682928743632,ACTGTGGCTGGCTTGAGGGGCGAAGGCTGCTCGGAGCAGAGCCTGGTTCCGAGGGGGCGCGGCGCGTCCGGGCGAGGACTGCAGGTGCGCTGGCTGGCTTGTGCGCCCCGGCCTGGGCTGGGGTTTGAGGGTGCCGCGGAGTGAAGAGTCTGGGCAGAGTCGGAGATGCAGTGGTTCGAGACTCAAGTTCAAGTCTTCCC,1439fdf4557ff794c20bacb03fe68787ea2c5dde93093903cc755c48c1bb9ec4,0.107824350313382,ACTGTGGCTGGCTTGAGGGGCGAAGGCTGCTCGGAGCAGAGCCTGGTTCCGAGGGGGCGCGGCGCGTCCGGGCGAGGACTGCAGGTGCGCTGGCTGGCTCGTGCGCCCCGGCCTGGGCTGGGGTTTGAGGGTGCCGCGGAGTGAAGAGTCTGGGCAGAGTCGGAGATGCAGTGGTTCGAGACTCAAGTTCAAGTCTTCCC,133609570baa2c9199b4509e3477fe59a662739f49af867d2289e15b1c1217a4,0.244315198403562,0.079192080653452,0.45837327515794,-324.236515567638,-321.528372682631,-328.6408184384927,-323.4966035746038,-2.436071978881955,1.0,0.079192080653452,0.0,4,0.173180031095064,0.17620727786206916,0.145609630836647,0.0932523804566312,1.0
chr7:95226249:A:G;chr7:95226255:C:A;var1;middle;OL41|K562|544faabd9dc942c5,chr7:95226249:A:G;chr7:95226255:C:A;var1;middle;OL41,K562,K562_region_01988,100,106,6,GCGTGGGCTGGGGTCCCGCCCAGGCTCGCCCTTGTTTACAACTCGGAGGCTGTCTCAATGTCAAGTACTCCTGGCCACAAACTGTTTCCAAGAGTTTGGACTCCGCGTGCTCATTGGTCCTTGCTCAGAGCAGGGCTTTTACAGTAGCCAACAAGCTGCGTTCAAAAGTATGGGCTTCTCTGCCACTGGACAGAGAGAAA,90c85c5cbcdf89abde15fbb39cc56311582e79cce69cf7b7f007358250bdf288,0.0,GCGTGGGCTGGGGTCCCGCCCAGGCTCGCCCTTGTTTACAACTCGGAGGCTGTCTCAATGTCAAGTACTCCTGGCCACAAACTGTTTCCAAGAGTTTGGGCTCCGCGTGCTCATTGGTCCTTGCTCAGAGCAGGGCTTTTACAGTAGCCAACAAGCTGCGTTCAAAAGTATGGGCTTCTCTGCCACTGGACAGAGAGAAA,9d32dceec5959dbefdd7735730506f49c65ef25da967890804c09a9013ff6920,0.0317133493096532,GCGTGGGCTGGGGTCCCGCCCAGGCTCGCCCTTGTTTACAACTCGGAGGCTGTCTCAATGTCAAGTACTCCTGGCCACAAACTGTTTCCAAGAGTTTGGACTCCGAGTGCTCATTGGTCCTTGCTCAGAGCAGGGCTTTTACAGTAGCCAACAAGCTGCGTTCAAAAGTATGGGCTTCTCTGCCACTGGACAGAGAGAAA,af69de97bd38c61dd3403814d1b92c9fe96333dd85b3fad51545704de34694f1,0.134963004773942,GCGTGGGCTGGGGTCCCGCCCAGGCTCGCCCTTGTTTACAACTCGGAGGCTGTCTCAATGTCAAGTACTCCTGGCCACAAACTGTTTCCAAGAGTTTGGGCTCCGAGTGCTCATTGGTCCTTGCTCAGAGCAGGGCTTTTACAGTAGCCAACAAGCTGCGTTCAAAAGTATGGGCTTCTCTGCCACTGGACAGAGAGAAA,544faabd9dc942c526785a1c3c38680e74284c1426dd7fc2ad31b66df01180aa,-0.179356231247558,0.3460325853311532,0.158158460025998,-448.7720633312129,-439.7553752169479,-422.0450685890392,-421.2918659044663,8.263485429692082,1.0,0.3460325853311532,0.0,2,0.1872267712735169,0.17490732828716207,0.146091925319964,-0.07143419672654142,1.0
chr7:95226249:A:G;chr7:95226257:T:C;var1;middle;OL41|K562|9ad09808c4d35afa,chr7:95226249:A:G;chr7:95226257:T:C;var1;middle;OL41,K562,K562_region_01988,100,108,8,GCGTGGGCTGGGGTCCCGCCCAGGCTCGCCCTTGTTTACAACTCGGAGGCTGTCTCAATGTCAAGTACTCCTGGCCACAAACTGTTTCCAAGAGTTTGGACTCCGCGTGCTCATTGGTCCTTGCTCAGAGCAGGGCTTTTACAGTAGCCAACAAGCTGCGTTCAAAAGTATGGGCTTCTCTGCCACTGGACAGAGAGAAA,90c85c5cbcdf89abde15fbb39cc56311582e79cce69cf7b7f007358250bdf288,0.0,GCGTGGGCTGGGGTCCCGCCCAGGCTCGCCCTTGTTTACAACTCGGAGGCTGTCTCAATGTCAAGTACTCCTGGCCACAAACTGTTTCCAAGAGTTTGGGCTCCGCGTGCTCATTGGTCCTTGCTCAGAGCAGGGCTTTTACAGTAGCCAACAAGCTGCGTTCAAAAGTATGGGCTTCTCTGCCACTGGACAGAGAGAAA,9d32dceec5959dbefdd7735730506f49c65ef25da967890804c09a9013ff6920,0.0317089399496723,GCGTGGGCTGGGGTCCCGCCCAGGCTCGCCCTTGTTTACAACTCGGAGGCTGTCTCAATGTCAAGTACTCCTGGCCACAAACTGTTTCCAAGAGTTTGGACTCCGCGCGCTCATTGGTCCTTGCTCAGAGCAGGGCTTTTACAGTAGCCAACAAGCTGCGTTCAAAAGTATGGGCTTCTCTGCCACTGGACAGAGAGAAA,d4f96b59bc5ffc2a62d724d349998d3ca5751e160c7ab706ccb4bf93ede19804,0.25964659131666,GCGTGGGCTGGGGTCCCGCCCAGGCTCGCCCTTGTTTACAACTCGGAGGCTGTCTCAATGTCAAGTACTCCTGGCCACAAACTGTTTCCAAGAGTTTGGGCTCCGCGCGCTCATTGGTCCTTGCTCAGAGCAGGGCTTTTACAGTAGCCAACAAGCTGCGTTCAAAAGTATGGGCTTCTCTGCCACTGGACAGAGAGAAA,9ad09808c4d35afacab75facb599dc31a531a277872c70fecad25d644bbe8e69,0.275493888995472,0.0158616422708602,0.155776757105937,-448.7720633312129,-439.7553752169479,-450.25348942470737,-438.2071487088688,-3.0296526015735594,1.0,0.0158616422708602,0.0,2,0.1707830492292511,0.17490732828716207,0.146091925319964,-0.008159996330100339,1.0
chr7:95226255:C:A;chr7:95226257:T:C;var1;middle;OL41|K562|068e1d2ef3003ace,chr7:95226255:C:A;chr7:95226257:T:C;var1;middle;OL41,K562,K562_region_01988,100,102,2,GCTGGGGTCCCGCCCAGGCTCGCCCTTGTTTACAACTCGGAGGCTGTCTCAATGTCAAGTACTCCTGGCCACAAACTGTTTCCAAGAGTTTGGACTCCGCGTGCTCATTGGTCCTTGCTCAGAGCAGGGCTTTTACAGTAGCCAACAAGCTGCGTTCAAAAGTATGGGCTTCTCTGCCACTGGACAGAGAGAAAGGAATA,12048308c920d996ed06e5d075210c5bd772dd94d7fe9a0480f89d17fc8dea5f,0.0,GCTGGGGTCCCGCCCAGGCTCGCCCTTGTTTACAACTCGGAGGCTGTCTCAATGTCAAGTACTCCTGGCCACAAACTGTTTCCAAGAGTTTGGACTCCGAGTGCTCATTGGTCCTTGCTCAGAGCAGGGCTTTTACAGTAGCCAACAAGCTGCGTTCAAAAGTATGGGCTTCTCTGCCACTGGACAGAGAGAAAGGAATA,e6b1e5a44ee792f1bc85203b64e386fb4a1fda6c1affc7be5fbb5209df38e80b,-0.09467122229512,GCTGGGGTCCCGCCCAGGCTCGCCCTTGTTTACAACTCGGAGGCTGTCTCAATGTCAAGTACTCCTGGCCACAAACTGTTTCCAAGAGTTTGGACTCCGCGCGCTCATTGGTCCTTGCTCAGAGCAGGGCTTTTACAGTAGCCAACAAGCTGCGTTCAAAAGTATGGGCTTCTCTGCCACTGGACAGAGAGAAAGGAATA,e26759ee36a3fe62c91e9cb8d27182d243e97a465505e3d51ab7307e65e9da79,0.194872776724947,GCTGGGGTCCCGCCCAGGCTCGCCCTTGTTTACAACTCGGAGGCTGTCTCAATGTCAAGTACTCCTGGCCACAAACTGTTTCCAAGAGTTTGGACTCCGAGCGCTCATTGGTCCTTGCTCAGAGCAGGGCTTTTACAGTAGCCAACAAGCTGCGTTCAAAAGTATGGGCTTCTCTGCCACTGGACAGAGAGAAAGGAATA,068e1d2ef3003ace266a3d87a0d8fb77fcbb3831bd19b13a1d7b84b04b76b171,0.0745471379154009,-0.0256544165144261,0.116469854262759,-430.8040058910847,-404.7793743587099,-433.848613101989,-413.2836551205255,-5.459673550911305,-1.0,0.0256544165144261,0.0,2,0.16724474225540334,0.17490732828716207,0.146091925319964,0.011023446890776556,1.0
chr7:95226709:G:C;chr7:95226733:A:G;var1;middle;OL41|K562|aad74a42e6529788,chr7:95226709:G:C;chr7:95226733:A:G;var1;middle;OL41,K562,K562_region_01989,100,124,24,TGATCAGAGAATTTGTTCACTCTGCCCTGTACGAAATGTCCTTACTCCAAATCTTTACCTAAGACATTCCATTCTACCCTCAAATGTCTGGCACAAGCTGTCTGCTGCAAAAGGTCTTCCTTGATTACTTCTCCTCACTTCTTCCAAATAAGGCCTTGGTCTTTCATGGTACTATTCTATAGCTATTTATGTTTTTATAT,6574d51ae16f699072bb5a0e26b03301485c0e55710da241fb926ebe7befd480,0.0,TGATCAGAGAATTTGTTCACTCTGCCCTGTACGAAATGTCCTTACTCCAAATCTTTACCTAAGACATTCCATTCTACCCTCAAATGTCTGGCACAAGCTCTCTGCTGCAAAAGGTCTTCCTTGATTACTTCTCCTCACTTCTTCCAAATAAGGCCTTGGTCTTTCATGGTACTATTCTATAGCTATTTATGTTTTTATAT,1bcfc8916f5714cd630a80a0d4ae565233ec4dbadf8689c05801b7ab1f544246,0.420089025926876,TGATCAGAGAATTTGTTCACTCTGCCCTGTACGAAATGTCCTTACTCCAAATCTTTACCTAAGACATTCCATTCTACCCTCAAATGTCTGGCACAAGCTGTCTGCTGCAAAAGGTCTTCCTTGGTTACTTCTCCTCACTTCTTCCAAATAAGGCCTTGGTCTTTCATGGTACTATTCTATAGCTATTTATGTTTTTATAT,f4ed1aae7fb22e2b539ad7161e1f47eb1f4e08c83124e0dc7e423d1255565bf8,0.451787301023666,TGATCAGAGAATTTGTTCACTCTGCCCTGTACGAAATGTCCTTACTCCAAATCTTTACCTAAGACATTCCATTCTACCCTCAAATGTCTGGCACAAGCTCTCTGCTGCAAAAGGTCTTCCTTGGTTACTTCTCCTCACTTCTTCCAAATAAGGCCTTGGTCTTTCATGGTACTATTCTATAGCTATTTATGTTTTTATAT,aad74a42e65297881b639dfbcdcc8a7030bf34e31199ce8d6ff76524a975c062,0.275065435702777,0.5968108912477651,0.499327314323403,-292.6649704296142,-346.73976705782115,-309.3937958702445,-347.4345086887479,-16.03408380970359,1.0,0.5968108912477651,0.0,4,0.15632650132701953,0.17620727786206916,0.145609630836647,0.24553509045822813,1.0
chr7:95722234:A:C;chr7:95722280:G:A;var1;middle;OL29|K562|2d601e5462e8a0c5,chr7:95722234:A:C;chr7:95722280:G:A;var1;middle;OL29,K562,K562_region_01990,100,146,46,CTTCCAAGAATCTTAGAAGATTTAAAACAATCTTTACAATCTTTGAGCAGGTGATTCAAAACACATTACCTGCCTGCCCTTCTGTCATGGAATGCTGGCATTTCTCAAAGGGGTGAGTCTTGATTGCCCCACACTAACAGGTGAAGGTTATGTGGTCTTTAGCAAATCATTTAGCTCCCTATACTGTCCTCTCCTACCTG,361b3a07fce1d87f0afa720793e031bfa28e52513b010879db5376ebdef0ad14,0.0,CTTCCAAGAATCTTAGAAGATTTAAAACAATCTTTACAATCTTTGAGCAGGTGATTCAAAACACATTACCTGCCTGCCCTTCTGTCATGGAATGCTGGCCTTTCTCAAAGGGGTGAGTCTTGATTGCCCCACACTAACAGGTGAAGGTTATGTGGTCTTTAGCAAATCATTTAGCTCCCTATACTGTCCTCTCCTACCTG,a00ee91033e980a1b290c8997f1c50666c53977611070f10f0ff0e30f6fb8f9d,0.154335501165429,CTTCCAAGAATCTTAGAAGATTTAAAACAATCTTTACAATCTTTGAGCAGGTGATTCAAAACACATTACCTGCCTGCCCTTCTGTCATGGAATGCTGGCATTTCTCAAAGGGGTGAGTCTTGATTGCCCCACACTAACAGGTGAAAGTTATGTGGTCTTTAGCAAATCATTTAGCTCCCTATACTGTCCTCTCCTACCTG,c93d5e7a76c38edb48ed987e6603fd29e252e971bb4982a1a4f66cfd5d27ab39,-0.0704204168292955,CTTCCAAGAATCTTAGAAGATTTAAAACAATCTTTACAATCTTTGAGCAGGTGATTCAAAACACATTACCTGCCTGCCCTTCTGTCATGGAATGCTGGCCTTTCTCAAAGGGGTGAGTCTTGATTGCCCCACACTAACAGGTGAAAGTTATGTGGTCTTTAGCAAATCATTTAGCTCCCTATACTGTCCTCTCCTACCTG,2d601e5462e8a0c50910ca882a0f98e07618bd212d8982907f7684f8dd18c0e4,-0.295669735693489,0.3795848200296224,0.328962374289472,-242.1549365222454,-241.9017286673188,-241.90878339111805,-241.65824450552464,0.0026689693331718445,1.0,0.3795848200296224,0.0,0,0.18577948207204037,0.18565657667894103,0.15145376406925343,0.0805344415211824,1.0
chr7:96581466:C:G;chr7:96581553:G:A;var1;middle;OL29|K562|2f3be8bc1359eabb,chr7:96581466:C:G;chr7:96581553:G:A;var1;middle;OL29,K562,K562_region_01991,100,187,87,TAATAGCTTCCTCCCCAGAAAAGAACAGCCTTGACCCTAATTTATAATTATTTTGTTTATTTCTCATATTTATATTTTATTTCTCATATATATTTTCCCCTGCTCAGGTTTATTGAGAACTCTATGAATTTAGCCTCATTGCAGCATTGCTCACCACTGTAATAATCCCCTAACAGTATTAGCATTGTGATTTTCATGAA,f4839683c76edfe9ff29be2f4c59db83da2bdc2bb70f9db6478db5a155521d6c,0.0,TAATAGCTTCCTCCCCAGAAAAGAACAGCCTTGACCCTAATTTATAATTATTTTGTTTATTTCTCATATTTATATTTTATTTCTCATATATATTTTCCCGTGCTCAGGTTTATTGAGAACTCTATGAATTTAGCCTCATTGCAGCATTGCTCACCACTGTAATAATCCCCTAACAGTATTAGCATTGTGATTTTCATGAA,c51101176d6c227954fe341eb26cd327dcc5ac20fe56f3a0b8d017d46895b766,-0.205268661457681,TAATAGCTTCCTCCCCAGAAAAGAACAGCCTTGACCCTAATTTATAATTATTTTGTTTATTTCTCATATTTATATTTTATTTCTCATATATATTTTCCCCTGCTCAGGTTTATTGAGAACTCTATGAATTTAGCCTCATTGCAGCATTGCTCACCACTGTAATAATCCCCTAACAGTATTAGCATTATGATTTTCATGAA,7d361c0688f008e6bf5b6c29ffacbd463d85d718fb3b56e92a6e71704523f25b,-0.028597695678045,TAATAGCTTCCTCCCCAGAAAAGAACAGCCTTGACCCTAATTTATAATTATTTTGTTTATTTCTCATATTTATATTTTATTTCTCATATATATTTTCCCGTGCTCAGGTTTATTGAGAACTCTATGAATTTAGCCTCATTGCAGCATTGCTCACCACTGTAATAATCCCCTAACAGTATTAGCATTATGATTTTCATGAA,2f3be8bc1359eabbb8e737d85a8bb9ad30bdc64c4977c58339493f14c560b03b,-0.0912597086897146,0.1426066484460114,0.180166448353667,-293.3437099591829,-294.6004214202985,-294.83185273455456,-291.0731817809865,5.0153824146837,-1.0,-0.1426066484460114,0.0,3,0.1915749058215962,0.18106719778262317,0.1474303780702046,0.2636439649332114,1.0
chr7:970035:C:T;chr7:970039:C:T;var1;middle;OL27|K562|3029f491d5e1032a,chr7:970035:C:T;chr7:970039:C:T;var1;middle;OL27,K562,K562_region_01901,100,104,4,TAACATACCAGCAACCCCTAGAAGATGAAAACAGCTAACATTGCAGCAGAAAGGCAGGCAAAGGTGTGAAGAGAGTTCACAGGCAAGAAAACACAGGGCCGGGCGCGGTGGCTCACACCTGTAATCCCAGCACTTTGGGAGGCCAAGGCGGGCGGATCACGAGGTCAGGAGTTTGAGACCAGCCTGGCCAACATAGCAAG,db9efaf626fa6f9aa00f760bf98f50dde9a83179534e79b0e710ece25b0b9188,0.0,TAACATACCAGCAACCCCTAGAAGATGAAAACAGCTAACATTGCAGCAGAAAGGCAGGCAAAGGTGTGAAGAGAGTTCACAGGCAAGAAAACACAGGGCTGGGCGCGGTGGCTCACACCTGTAATCCCAGCACTTTGGGAGGCCAAGGCGGGCGGATCACGAGGTCAGGAGTTTGAGACCAGCCTGGCCAACATAGCAAG,3c1fe5e0b35faf81c3f21097183fc9587102e790ec497f8bdb1eae5f3f1a1719,-1.174925008826,TAACATACCAGCAACCCCTAGAAGATGAAAACAGCTAACATTGCAGCAGAAAGGCAGGCAAAGGTGTGAAGAGAGTTCACAGGCAAGAAAACACAGGGCCGGGTGCGGTGGCTCACACCTGTAATCCCAGCACTTTGGGAGGCCAAGGCGGGCGGATCACGAGGTCAGGAGTTTGAGACCAGCCTGGCCAACATAGCAAG,1c48a473adf24efe84aa08d224b0d317f39cc5bc524e5d07984f6f2c4a780959,-0.253381348433908,TAACATACCAGCAACCCCTAGAAGATGAAAACAGCTAACATTGCAGCAGAAAGGCAGGCAAAGGTGTGAAGAGAGTTCACAGGCAAGAAAACACAGGGCTGGGTGCGGTGGCTCACACCTGTAATCCCAGCACTTTGGGAGGCCAAGGCGGGCGGATCACGAGGTCAGGAGTTTGAGACCAGCCTGGCCAACATAGCAAG,3029f491d5e1032a2a9e0eccbb02104678978d69b0cd8bd5e5ed7a11eb5dc35a,-1.31912258288734,-0.1091837743725678,0.178914081409148,-139.8744738260284,-140.07055130414665,-141.68167666066438,-140.56845996063203,-1.3092941781505942,1.0,-0.1091837743725678,0.0,2,0.17328803018786143,0.17490732828716207,0.146091925319964,0.1977381868713027,1.0
chr7:970035:C:T;chr7:970041:C:T;var1;middle;OL27|K562|26ac8893f47b89a4,chr7:970035:C:T;chr7:970041:C:T;var1;middle;OL27,K562,K562_region_01901,100,106,6,TAACATACCAGCAACCCCTAGAAGATGAAAACAGCTAACATTGCAGCAGAAAGGCAGGCAAAGGTGTGAAGAGAGTTCACAGGCAAGAAAACACAGGGCCGGGCGCGGTGGCTCACACCTGTAATCCCAGCACTTTGGGAGGCCAAGGCGGGCGGATCACGAGGTCAGGAGTTTGAGACCAGCCTGGCCAACATAGCAAG,db9efaf626fa6f9aa00f760bf98f50dde9a83179534e79b0e710ece25b0b9188,0.0,TAACATACCAGCAACCCCTAGAAGATGAAAACAGCTAACATTGCAGCAGAAAGGCAGGCAAAGGTGTGAAGAGAGTTCACAGGCAAGAAAACACAGGGCTGGGCGCGGTGGCTCACACCTGTAATCCCAGCACTTTGGGAGGCCAAGGCGGGCGGATCACGAGGTCAGGAGTTTGAGACCAGCCTGGCCAACATAGCAAG,3c1fe5e0b35faf81c3f21097183fc9587102e790ec497f8bdb1eae5f3f1a1719,-1.17498035801806,TAACATACCAGCAACCCCTAGAAGATGAAAACAGCTAACATTGCAGCAGAAAGGCAGGCAAAGGTGTGAAGAGAGTTCACAGGCAAGAAAACACAGGGCCGGGCGTGGTGGCTCACACCTGTAATCCCAGCACTTTGGGAGGCCAAGGCGGGCGGATCACGAGGTCAGGAGTTTGAGACCAGCCTGGCCAACATAGCAAG,c4e2fc31f3d3f2e61fe088038f368b02dda76839f9cc725854465421a4eab96e,-0.137873844827313,TAACATACCAGCAACCCCTAGAAGATGAAAACAGCTAACATTGCAGCAGAAAGGCAGGCAAAGGTGTGAAGAGAGTTCACAGGCAAGAAAACACAGGGCTGGGCGTGGTGGCTCACACCTGTAATCCCAGCACTTTGGGAGGCCAAGGCGGGCGGATCACGAGGTCAGGAGTTTGAGACCAGCCTGGCCAACATAGCAAG,26ac8893f47b89a408b972b19056f9014bbf6bec71b02ed6f7e80ae68b1cb43a,-1.47347002683056,0.1606158239851871,0.165293665858525,-139.8744738260284,-140.07055130414665,-141.05087078735232,-140.02319361828268,-1.2237546471878886,1.0,0.1606158239851871,0.0,2,0.17341258266096973,0.17490732828716207,0.146091925319964,0.2769156112809655,1.0
chr7:970039:C:T;chr7:970041:C:T;var1;middle;OL27|K562|74c57b996f48ac82,chr7:970039:C:T;chr7:970041:C:T;var1;middle;OL27,K562,K562_region_01901,100,102,2,ATACCAGCAACCCCTAGAAGATGAAAACAGCTAACATTGCAGCAGAAAGGCAGGCAAAGGTGTGAAGAGAGTTCACAGGCAAGAAAACACAGGGCCGGGCGCGGTGGCTCACACCTGTAATCCCAGCACTTTGGGAGGCCAAGGCGGGCGGATCACGAGGTCAGGAGTTTGAGACCAGCCTGGCCAACATAGCAAGACCC,7b2bccd9f0a5fef5cb6a39138f000c9bddd643edf4f85fe1437dc5a4008d3c29,0.0,ATACCAGCAACCCCTAGAAGATGAAAACAGCTAACATTGCAGCAGAAAGGCAGGCAAAGGTGTGAAGAGAGTTCACAGGCAAGAAAACACAGGGCCGGGTGCGGTGGCTCACACCTGTAATCCCAGCACTTTGGGAGGCCAAGGCGGGCGGATCACGAGGTCAGGAGTTTGAGACCAGCCTGGCCAACATAGCAAGACCC,300b276ae6f4ca4e5b6b0f5fcc3bd9078c5f18059b47db44b235ec86ef30c87f,-0.178005431036287,ATACCAGCAACCCCTAGAAGATGAAAACAGCTAACATTGCAGCAGAAAGGCAGGCAAAGGTGTGAAGAGAGTTCACAGGCAAGAAAACACAGGGCCGGGCGTGGTGGCTCACACCTGTAATCCCAGCACTTTGGGAGGCCAAGGCGGGCGGATCACGAGGTCAGGAGTTTGAGACCAGCCTGGCCAACATAGCAAGACCC,cbddc511b008812819e96e1d71533dbdce1ffbca287a8246595577c3b8eb6175,-0.0571092031553568,ATACCAGCAACCCCTAGAAGATGAAAACAGCTAACATTGCAGCAGAAAGGCAGGCAAAGGTGTGAAGAGAGTTCACAGGCAAGAAAACACAGGGCCGGGTGTGGTGGCTCACACCTGTAATCCCAGCACTTTGGGAGGCCAAGGCGGGCGGATCACGAGGTCAGGAGTTTGAGACCAGCCTGGCCAACATAGCAAGACCC,74c57b996f48ac828aea320f37faf49d2ea34cd5843fd4df0c420efa78518fc0,-0.529141379334034,0.2940267451423902,0.143588756109027,-134.88655132474378,-135.2901314003393,-135.35905195074156,-136.16737445816398,0.4047424318268895,1.0,0.2940267451423902,0.0,2,0.17578380607496502,0.17490732828716207,0.146091925319964,0.39749713197820546,1.0
chr7:97847459:T:G;chr7:97847522:G:A;var1;middle;OL41|K562|71972cf67ba5affb,chr7:97847459:T:G;chr7:97847522:G:A;var1;middle;OL41,K562,K562_region_01992,100,163,63,GAGAAAAGCAGTGAGGGTCAAAGGGGAAGACCTTCCCGGCCCCTCCTGCCCGTGCGGCCCGGCAGCCGGTGGCCAGGCCCCGCTCTAACCACTTCGGGGTTTGGGAAGCTGCTGGGGAGGCAGGAGGGTCCTGGCCCCTGAGTCAGGGCCACAGCCTCCTCCGCTTCTCCACACTCAGGAGCCTGGGCTGCAGCCAGCTC,73413d3eb4557d306156cf78187b8bf1247e8bf1ca544639895c1a4144b3d501,0.0,GAGAAAAGCAGTGAGGGTCAAAGGGGAAGACCTTCCCGGCCCCTCCTGCCCGTGCGGCCCGGCAGCCGGTGGCCAGGCCCCGCTCTAACCACTTCGGGGGTTGGGAAGCTGCTGGGGAGGCAGGAGGGTCCTGGCCCCTGAGTCAGGGCCACAGCCTCCTCCGCTTCTCCACACTCAGGAGCCTGGGCTGCAGCCAGCTC,d8deab13e04218baf10acc5d591b78271521207db1d6ec1ee03a822bbfcfb405,0.285200510324204,GAGAAAAGCAGTGAGGGTCAAAGGGGAAGACCTTCCCGGCCCCTCCTGCCCGTGCGGCCCGGCAGCCGGTGGCCAGGCCCCGCTCTAACCACTTCGGGGTTTGGGAAGCTGCTGGGGAGGCAGGAGGGTCCTGGCCCCTGAGTCAGGGCCACAGCCTCCTCCACTTCTCCACACTCAGGAGCCTGGGCTGCAGCCAGCTC,ae0b44af577631fb38bd7f660a9e8cc1314c1f49e82518931c9fd7591a0759d8,0.111864497118857,GAGAAAAGCAGTGAGGGTCAAAGGGGAAGACCTTCCCGGCCCCTCCTGCCCGTGCGGCCCGGCAGCCGGTGGCCAGGCCCCGCTCTAACCACTTCGGGGGTTGGGAAGCTGCTGGGGAGGCAGGAGGGTCCTGGCCCCTGAGTCAGGGCCACAGCCTCCTCCACTTCTCCACACTCAGGAGCCTGGGCTGCAGCCAGCTC,71972cf67ba5affbdff1635e5e5329d73313cdff371bbbf8d48613262158389b,0.0085623112676756,0.3885026961753854,0.33534827874965,-310.0840062510688,-314.04780916142045,-293.88676613924326,-299.80753945483593,1.9569704052410088,1.0,0.3885026961753854,0.0,1,0.1843562593867472,0.18216460459877223,0.1501433469024087,0.2691694361361152,1.0
chr7:97915635:T:G;chr7:97915637:A:G;var1;middle;OL41|K562|a14fc105686b9cbe,chr7:97915635:T:G;chr7:97915637:A:G;var1;middle;OL41,K562,K562_region_01993,100,102,2,ATGGCCTTCTCCCTGGGCAGCTCAGAGCCCTGCTGCCAGCCCCCTCTGTCCTTGGTGAGGCGGGAGCCCCGCGGCCTCTACTGTCCCAGGGCCCAGCTCTGAGTGGATGACAGTGGCATGACTGGCCACTTTCACTGCAGGACTGGAGTCGCCTTAAGGGAGTGCTCTTGGAATTAGTCAGTTCCCTAATTTCGCCAGTG,6d1ac4b3b78a36ed15e5adb0244579b28adabcd2c4d374f6f9335ba243b86a5d,0.0,ATGGCCTTCTCCCTGGGCAGCTCAGAGCCCTGCTGCCAGCCCCCTCTGTCCTTGGTGAGGCGGGAGCCCCGCGGCCTCTACTGTCCCAGGGCCCAGCTCGGAGTGGATGACAGTGGCATGACTGGCCACTTTCACTGCAGGACTGGAGTCGCCTTAAGGGAGTGCTCTTGGAATTAGTCAGTTCCCTAATTTCGCCAGTG,137ef1458b157b001e8e7c5c66c042b4693df31972d7b1ca3e082a44af9dfc63,0.151322335959685,ATGGCCTTCTCCCTGGGCAGCTCAGAGCCCTGCTGCCAGCCCCCTCTGTCCTTGGTGAGGCGGGAGCCCCGCGGCCTCTACTGTCCCAGGGCCCAGCTCTGGGTGGATGACAGTGGCATGACTGGCCACTTTCACTGCAGGACTGGAGTCGCCTTAAGGGAGTGCTCTTGGAATTAGTCAGTTCCCTAATTTCGCCAGTG,f8d7f068505f914a0de3f19cc992f4fd61b793a5f48c633afe09c1bad5a9a712,-0.251422716567967,ATGGCCTTCTCCCTGGGCAGCTCAGAGCCCTGCTGCCAGCCCCCTCTGTCCTTGGTGAGGCGGGAGCCCCGCGGCCTCTACTGTCCCAGGGCCCAGCTCGGGGTGGATGACAGTGGCATGACTGGCCACTTTCACTGCAGGACTGGAGTCGCCTTAAGGGAGTGCTCTTGGAATTAGTCAGTTCCCTAATTTCGCCAGTG,a14fc105686b9cbe55b3625c93e09a1ea5280a33e197e3c02f11070f4954fd28,-0.146822449522096,-0.046722068913814,0.21368536041744,-358.3943588689435,-361.9167731893249,-353.9241151935421,-365.6769429203123,-8.230413406388834,-1.0,0.046722068913814,0.0,1,0.17399120893057943,0.18216460459877223,0.1501433469024087,0.3879991734855275,1.0
chr8:10009949:C:G;chr8:10009952:G:T;var1;middle;OL41|K562|a8233863ab9f328d,chr8:10009949:C:G;chr8:10009952:G:T;var1;middle;OL41,K562,K562_region_02050,100,103,3,GGAGTTTGTTTTTATGACTCAGAGGGAATGTGTAATAAAGAGGTATTTTTAAGACCGAGAGCCAGTGTGTGTCAGCTTCTTTTTGCCCATTGTTTGTGTCCTGGGCAGGAAGATGACTCACTAGATCTGAATCACAAGGCAATTAAGAGCCCCAGGAAAGGCTGATTTCAGGATGGATATTTAGAAGCTTCAGCTAAATC,db1eb173f5c3a9c31adb0bed197eeaa3c7e93aab75892770cec028e068320717,0.0,GGAGTTTGTTTTTATGACTCAGAGGGAATGTGTAATAAAGAGGTATTTTTAAGACCGAGAGCCAGTGTGTGTCAGCTTCTTTTTGCCCATTGTTTGTGTGCTGGGCAGGAAGATGACTCACTAGATCTGAATCACAAGGCAATTAAGAGCCCCAGGAAAGGCTGATTTCAGGATGGATATTTAGAAGCTTCAGCTAAATC,0582c8ec4f9eac914fc88c9411fee45c99914e52a4c23f6ac801903aa71c55e1,0.180977297028927,GGAGTTTGTTTTTATGACTCAGAGGGAATGTGTAATAAAGAGGTATTTTTAAGACCGAGAGCCAGTGTGTGTCAGCTTCTTTTTGCCCATTGTTTGTGTCCTTGGCAGGAAGATGACTCACTAGATCTGAATCACAAGGCAATTAAGAGCCCCAGGAAAGGCTGATTTCAGGATGGATATTTAGAAGCTTCAGCTAAATC,0ff4321a5fb68921365db0e6acc52a6eb4028fd35f89c7a07420dfecec007801,-0.256657052671636,GGAGTTTGTTTTTATGACTCAGAGGGAATGTGTAATAAAGAGGTATTTTTAAGACCGAGAGCCAGTGTGTGTCAGCTTCTTTTTGCCCATTGTTTGTGTGCTTGGCAGGAAGATGACTCACTAGATCTGAATCACAAGGCAATTAAGAGCCCCAGGAAAGGCTGATTTCAGGATGGATATTTAGAAGCTTCAGCTAAATC,a8233863ab9f328d9922840e89a634dfa0f4deb36d13500f85b31a942a4e502f,-0.149960278600285,-0.0742805229575759,0.204219524957711,-332.78338532615453,-327.56105757830665,-361.06837751343846,-355.94766769418493,-0.10161792859435081,-1.0,0.0742805229575759,0.0,2,0.1750465044500359,0.17490732828716207,0.146091925319964,-0.047515384487567786,1.0
chr8:101484612:G:C;chr8:101484638:C:G;var1;middle;OL27|K562|df56960098310e4e,chr8:101484612:G:C;chr8:101484638:C:G;var1;middle;OL27,K562,K562_region_02098,100,126,26,GACTTAATGTCAAACAAATATTACCCACCACAAAAACCAGTTGGATCTGTTTGTGGTTACTTCAGCCCTGAGCAGTTCCTTCTTTAAAGGCTCTGACCTGATAAAGTAGCTTTTGGCCCCATCAGCCTGCTGGCTAGGTGAGATAAAGCGATCCCTGAACCATTTGCTCCTTTTTCTCAGACCTACACTCTGAAGCTGGA,4cdc2bcfa7aa60b06fc3bbcac7c77859e9d4f89822a825b8464d447748336752,0.0,GACTTAATGTCAAACAAATATTACCCACCACAAAAACCAGTTGGATCTGTTTGTGGTTACTTCAGCCCTGAGCAGTTCCTTCTTTAAAGGCTCTGACCTCATAAAGTAGCTTTTGGCCCCATCAGCCTGCTGGCTAGGTGAGATAAAGCGATCCCTGAACCATTTGCTCCTTTTTCTCAGACCTACACTCTGAAGCTGGA,d8efca046f4fbf906e58a51c72ec94b41658c118ae06618b244a286b0d58236b,-0.836281580458472,GACTTAATGTCAAACAAATATTACCCACCACAAAAACCAGTTGGATCTGTTTGTGGTTACTTCAGCCCTGAGCAGTTCCTTCTTTAAAGGCTCTGACCTGATAAAGTAGCTTTTGGCCCCATCAGGCTGCTGGCTAGGTGAGATAAAGCGATCCCTGAACCATTTGCTCCTTTTTCTCAGACCTACACTCTGAAGCTGGA,ecf1b60b6c65ad9f85406cfe64d7a91df45749cdfaeb0773de44745b660e26ba,-0.341393688229639,GACTTAATGTCAAACAAATATTACCCACCACAAAAACCAGTTGGATCTGTTTGTGGTTACTTCAGCCCTGAGCAGTTCCTTCTTTAAAGGCTCTGACCTCATAAAGTAGCTTTTGGCCCCATCAGGCTGCTGGCTAGGTGAGATAAAGCGATCCCTGAACCATTTGCTCCTTTTTCTCAGACCTACACTCTGAAGCTGGA,df56960098310e4ec9b702b264d091524bd67dd88131ffc2551a6c5d83227397,-1.2119342917789,0.0342590230907888,0.174378617013246,-368.19198072049767,-377.1814940562472,-371.1680009830743,-381.0711254728958,0.9136111540719867,1.0,0.0342590230907888,0.0,3,0.1833131779861983,0.18106719778262317,0.1474303780702046,0.23887921904517648,1.0
chr8:10278686:T:C;chr8:10278735:T:C;var1;middle;OL41|K562|6da28713b8560b18,chr8:10278686:T:C;chr8:10278735:T:C;var1;middle;OL41,K562,K562_region_02051,100,149,49,TGGGTAGGGAGAGTCTGACTCACATACAGGCTGATCCATGTCTAGAGCTCCTTTGGGTATTTTATAACCTACTGGGCTCCTGGGGCAGGGCGGCATCCTTGTCTAGCCACCTGTGGGAGTAGTCAGGAGCCAGGGTTCAGGGCTGGCCTCGGCTGCTGACCGGTGGCTGTGGTCATGCCTGTCCTCTCCCCCAGGCTTCC,0f5dc082b92ab594f9479a365c21a7e4abebda21f9bccbe5ba29ff388abac31a,0.0,TGGGTAGGGAGAGTCTGACTCACATACAGGCTGATCCATGTCTAGAGCTCCTTTGGGTATTTTATAACCTACTGGGCTCCTGGGGCAGGGCGGCATCCTCGTCTAGCCACCTGTGGGAGTAGTCAGGAGCCAGGGTTCAGGGCTGGCCTCGGCTGCTGACCGGTGGCTGTGGTCATGCCTGTCCTCTCCCCCAGGCTTCC,8e825b84ed584ec90cb3e3b43c5b3aba6495f7e2f6a0b685e6c7742c449211f4,-0.0062350102904754,TGGGTAGGGAGAGTCTGACTCACATACAGGCTGATCCATGTCTAGAGCTCCTTTGGGTATTTTATAACCTACTGGGCTCCTGGGGCAGGGCGGCATCCTTGTCTAGCCACCTGTGGGAGTAGTCAGGAGCCAGGGTTCAGGGCTGGCCCCGGCTGCTGACCGGTGGCTGTGGTCATGCCTGTCCTCTCCCCCAGGCTTCC,5881f39c9bab85d192b7af17c986ead3b5d3e4e584fc5117f511a31186f2d632,-0.199295129023604,TGGGTAGGGAGAGTCTGACTCACATACAGGCTGATCCATGTCTAGAGCTCCTTTGGGTATTTTATAACCTACTGGGCTCCTGGGGCAGGGCGGCATCCTCGTCTAGCCACCTGTGGGAGTAGTCAGGAGCCAGGGTTCAGGGCTGGCCCCGGCTGCTGACCGGTGGCTGTGGTCATGCCTGTCCTCTCCCCCAGGCTTCC,6da28713b8560b185cad51532f52fe530ab833fe2ff9b1d39cf2988e58992b66,-0.0356614730929329,0.1698686662211465,0.253578997000168,-357.25972115807235,-363.5226237103343,-355.73931887419894,-363.8056258712895,-1.8034044448286295,-1.0,-0.1698686662211465,0.0,4,0.17396416639742304,0.17620727786206916,0.145609630836647,0.10622045548656825,1.0
chr8:10292817:A:G;chr8:10292876:C:T;var1;middle;OL41|K562|77bafbdf8f171ff6,chr8:10292817:A:G;chr8:10292876:C:T;var1;middle;OL41,K562,K562_region_02052,100,159,59,AATGCCAAGAACTGTGATTGCTGCATTGCACAGTGAGAGGTATGTTTAGTTTTGTAAGAAGTTGCCAAACTGTCTTCCAAAGTGGCTGTGCCATTTTGCATTCTCACTAGCAATGAATGAGAATTCCAGTGGCTCCACATCTTCACCAGCATTTGGTGCTGTCGGTGTTCTGGATTTCGGTCATGTTAATAGGTGTGTAG,edf3e6f266343ec592762f2c07e05d01e6685fea40472ff60572062858d0a3cc,0.0,AATGCCAAGAACTGTGATTGCTGCATTGCACAGTGAGAGGTATGTTTAGTTTTGTAAGAAGTTGCCAAACTGTCTTCCAAAGTGGCTGTGCCATTTTGCGTTCTCACTAGCAATGAATGAGAATTCCAGTGGCTCCACATCTTCACCAGCATTTGGTGCTGTCGGTGTTCTGGATTTCGGTCATGTTAATAGGTGTGTAG,9a28ca647209b4f366b8c24a35be2ba00310d8f1ed3139186ab42528373f0d7e,-0.0424247957392001,AATGCCAAGAACTGTGATTGCTGCATTGCACAGTGAGAGGTATGTTTAGTTTTGTAAGAAGTTGCCAAACTGTCTTCCAAAGTGGCTGTGCCATTTTGCATTCTCACTAGCAATGAATGAGAATTCCAGTGGCTCCACATCTTCACCAGCATTTGGTGTTGTCGGTGTTCTGGATTTCGGTCATGTTAATAGGTGTGTAG,ce10958f3a0cd2e85a8c43e4026b899b3576101775f6ff59d1c946fcbe43a525,-0.161289342294929,AATGCCAAGAACTGTGATTGCTGCATTGCACAGTGAGAGGTATGTTTAGTTTTGTAAGAAGTTGCCAAACTGTCTTCCAAAGTGGCTGTGCCATTTTGCGTTCTCACTAGCAATGAATGAGAATTCCAGTGGCTCCACATCTTCACCAGCATTTGGTGTTGTCGGTGTTCTGGATTTCGGTCATGTTAATAGGTGTGTAG,77bafbdf8f171ff6c5a5ee05ad539bb4eaeaeade2da1c89424a761215b6be36a,-0.288585727800136,0.0848715897660069,0.28159270553352,-221.74951209826395,-230.1116785309277,-219.487908070907,-229.3905850322917,1.5405105287209722,1.0,0.0848715897660069,0.0,0,0.18775466793702353,0.18565657667894103,0.15145376406925343,0.14624345678837802,1.0
chr8:10295578:G:T;chr8:10295664:C:G;var1;middle;OL41|K562|2fd49e77c1a1e5e3,chr8:10295578:G:T;chr8:10295664:C:G;var1;middle;OL41,K562,K562_region_02053,100,186,86,TAACGTTGTGAACAGCTTGAACCTGACAAGTTCACTTGAAAGCATTGCACAGGAAGTGGATTTCTCAGCAGCCATTGGTGGGGCCTTGTGATCCCCTGAGAGTGAGCAGCTCTGGGAACAGAACTGACATGAGTGTCTGGGAGGGGACATGGGAAGGATCTGCATACAAATTGAAGATCCAATTCCTATAAATTTTCTAT,00fbf1d7bae96733def5b517096afe05c3690d45f38f76720accf9b9e279113e,0.0,TAACGTTGTGAACAGCTTGAACCTGACAAGTTCACTTGAAAGCATTGCACAGGAAGTGGATTTCTCAGCAGCCATTGGTGGGGCCTTGTGATCCCCTGATAGTGAGCAGCTCTGGGAACAGAACTGACATGAGTGTCTGGGAGGGGACATGGGAAGGATCTGCATACAAATTGAAGATCCAATTCCTATAAATTTTCTAT,d8fab4956bca87597543145ff015fc5a39f83488cbce4784025cbfa610edfb0b,0.938495563437158,TAACGTTGTGAACAGCTTGAACCTGACAAGTTCACTTGAAAGCATTGCACAGGAAGTGGATTTCTCAGCAGCCATTGGTGGGGCCTTGTGATCCCCTGAGAGTGAGCAGCTCTGGGAACAGAACTGACATGAGTGTCTGGGAGGGGACATGGGAAGGATCTGCATACAAATTGAAGATCCAATTCGTATAAATTTTCTAT,a00a2e4bfe71e062bb8f164a8f1ce8090c0318ea827daf3db225fab0efe59161,-0.0149439292708404,TAACGTTGTGAACAGCTTGAACCTGACAAGTTCACTTGAAAGCATTGCACAGGAAGTGGATTTCTCAGCAGCCATTGGTGGGGCCTTGTGATCCCCTGATAGTGAGCAGCTCTGGGAACAGAACTGACATGAGTGTCTGGGAGGGGACATGGGAAGGATCTGCATACAAATTGAAGATCCAATTCGTATAAATTTTCTAT,2fd49e77c1a1e5e38adc9c440ceb6daa6f71302520f7221b4b46b11a0f7544a1,0.71438176332088,-0.2091698708454376,0.212213079349955,-357.0440747735556,-368.2753372496227,-360.05917143810075,-372.2791479973821,-0.9887140832142904,-1.0,0.2091698708454376,0.0,2,0.17375482072557225,0.17490732828716207,0.146091925319964,0.18325823068188232,1.0
chr8:10335260:A:T;chr8:10335262:T:C;var1;middle;OL41|K562|e5011fde8dec13db,chr8:10335260:A:T;chr8:10335262:T:C;var1;middle;OL41,K562,K562_region_02054,100,102,2,GCTGGGGTGTCCTCCGCAAGACTTTCAGCTTCTCTGATCCTCATTTTTCTTATCTGAAATAGGCCTGTCTCACAGAGCTAATTCCCAAAACTTCTGTGTATTTGTGGCAGCCGTGTGTATGCTATTGAGAACTGGACGGGAGTGAAAGAGAGTGATGAAGACAACAGTCTATACAGCATCTCCTATTACCTGTTAGCTCA,9f21437f498182349d16c00c1b9fb805a715918902211485ac41172303f67bd3,0.0,GCTGGGGTGTCCTCCGCAAGACTTTCAGCTTCTCTGATCCTCATTTTTCTTATCTGAAATAGGCCTGTCTCACAGAGCTAATTCCCAAAACTTCTGTGTTTTTGTGGCAGCCGTGTGTATGCTATTGAGAACTGGACGGGAGTGAAAGAGAGTGATGAAGACAACAGTCTATACAGCATCTCCTATTACCTGTTAGCTCA,1cb38141af1b1b4e543d32868a810ccff6c41f33884b85e1f8cc66ad489b5ca3,0.316583305722522,GCTGGGGTGTCCTCCGCAAGACTTTCAGCTTCTCTGATCCTCATTTTTCTTATCTGAAATAGGCCTGTCTCACAGAGCTAATTCCCAAAACTTCTGTGTATCTGTGGCAGCCGTGTGTATGCTATTGAGAACTGGACGGGAGTGAAAGAGAGTGATGAAGACAACAGTCTATACAGCATCTCCTATTACCTGTTAGCTCA,a5df2563f0cbdd8678c23e15879f0a261384ba9449e2086347bfa14c52b2cc6a,0.270640480582134,GCTGGGGTGTCCTCCGCAAGACTTTCAGCTTCTCTGATCCTCATTTTTCTTATCTGAAATAGGCCTGTCTCACAGAGCTAATTCCCAAAACTTCTGTGTTTCTGTGGCAGCCGTGTGTATGCTATTGAGAACTGGACGGGAGTGAAAGAGAGTGATGAAGACAACAGTCTATACAGCATCTCCTATTACCTGTTAGCTCA,e5011fde8dec13db3d87b6438b05057522ca038c9cb5e9687c2ef9889bc98321,0.663323347166204,-0.0760995608615479,0.359326495451328,-336.26179810916074,-319.24297657539137,-339.51509834080935,-322.9113124278374,0.4150356207974255,1.0,-0.0760995608615479,0.0,3,0.18230895442042871,0.18106719778262317,0.1474303780702046,0.16765409662064432,1.0
chr8:10962929:G:C;chr8:10962957:G:C;var1;middle;OL41|K562|5130c1996a5ad187,chr8:10962929:G:C;chr8:10962957:G:C;var1;middle;OL41,K562,K562_region_02055,100,128,28,GGAACAATTTAAGGCTGAAAAAAATGGTGAAGTCCCCATCCTGTCCTTTTCTTTCCTATTTTGCCACAGGCTGGCACCTGCCCTCCGCTGGTCATTCAGGAACTGCGGGGGCTCCTGGTGCTCAAGCGCCCTTGATCTTGGCTTCAGGTCTGCAGGACACACCGACCGTCACCACTGCTGAGTCAAGAAGGGGGTCTCCC,65515b391061df54e3e2bc73ff71b820aa6e6b9dcef26355624f5e0f972dfac5,0.0,GGAACAATTTAAGGCTGAAAAAAATGGTGAAGTCCCCATCCTGTCCTTTTCTTTCCTATTTTGCCACAGGCTGGCACCTGCCCTCCGCTGGTCATTCAGCAACTGCGGGGGCTCCTGGTGCTCAAGCGCCCTTGATCTTGGCTTCAGGTCTGCAGGACACACCGACCGTCACCACTGCTGAGTCAAGAAGGGGGTCTCCC,63c3a079f21218af362d69a5b82530811d0381d77d53d12b7b67ce92876a587e,-0.150020628847823,GGAACAATTTAAGGCTGAAAAAAATGGTGAAGTCCCCATCCTGTCCTTTTCTTTCCTATTTTGCCACAGGCTGGCACCTGCCCTCCGCTGGTCATTCAGGAACTGCGGGGGCTCCTGGTGCTCAAGCCCCCTTGATCTTGGCTTCAGGTCTGCAGGACACACCGACCGTCACCACTGCTGAGTCAAGAAGGGGGTCTCCC,e3c785b8f669b920420fc2eadc1f54a074055fb604c969b3b50152c60a03a04e,-0.358302893071202,GGAACAATTTAAGGCTGAAAAAAATGGTGAAGTCCCCATCCTGTCCTTTTCTTTCCTATTTTGCCACAGGCTGGCACCTGCCCTCCGCTGGTCATTCAGCAACTGCGGGGGCTCCTGGTGCTCAAGCCCCCTTGATCTTGGCTTCAGGTCTGCAGGACACACCGACCGTCACCACTGCTGAGTCAAGAAGGGGGTCTCCC,5130c1996a5ad18726b960a4f9e1d363608030d580fa03343ad98c44ad035097,-0.491418541150338,-0.0169049807686869,0.415816214801318,-359.3249163245782,-361.1763616092503,-355.9654974567238,-359.4135241226759,1.5965813812799752,1.0,-0.0169049807686869,0.0,1,0.18398958522522788,0.18216460459877223,0.1501433469024087,0.1502477719197267,1.0
chr8:10964906:C:T;chr8:10964969:T:A;var1;middle;OL41|K562|7e9d39d753845b9b,chr8:10964906:C:T;chr8:10964969:T:A;var1;middle;OL41,K562,K562_region_02056,100,163,63,TCAAGAGATCCTCCTGCCTCAGCCTCTCAAACAGCTGAGACTACAAGTGCACACCACCATGCCCAGCTGATTTTTTTTATTTTTTGTAGAGACAGGGTCCTGCTATGTTAACTCCTGGCCTTGGGCAGTCCTCCTGCCTCGGCCTCCCAGAGTGCTAGGATTTTAGGCGTGAGCCACCACACCCAGCCCTGATCAATTTT,92f270b26bbfaba1b59b3fc990e07c03ef02ce3da4a95cd1fe43e61a4f0cec86,0.0,TCAAGAGATCCTCCTGCCTCAGCCTCTCAAACAGCTGAGACTACAAGTGCACACCACCATGCCCAGCTGATTTTTTTTATTTTTTGTAGAGACAGGGTCTTGCTATGTTAACTCCTGGCCTTGGGCAGTCCTCCTGCCTCGGCCTCCCAGAGTGCTAGGATTTTAGGCGTGAGCCACCACACCCAGCCCTGATCAATTTT,5209919afb2c8272c99a56c50fdb52982f044cc7cc03d306e80a3336c55c4ca4,-0.0451967281444247,TCAAGAGATCCTCCTGCCTCAGCCTCTCAAACAGCTGAGACTACAAGTGCACACCACCATGCCCAGCTGATTTTTTTTATTTTTTGTAGAGACAGGGTCCTGCTATGTTAACTCCTGGCCTTGGGCAGTCCTCCTGCCTCGGCCTCCCAGAGTGCTAGGATTATAGGCGTGAGCCACCACACCCAGCCCTGATCAATTTT,0618ec859fb54cab93ff1932a3938fa23d47e13429eac3e2bd7c558338e33aff,0.62631225981187,TCAAGAGATCCTCCTGCCTCAGCCTCTCAAACAGCTGAGACTACAAGTGCACACCACCATGCCCAGCTGATTTTTTTTATTTTTTGTAGAGACAGGGTCTTGCTATGTTAACTCCTGGCCTTGGGCAGTCCTCCTGCCTCGGCCTCCCAGAGTGCTAGGATTATAGGCGTGAGCCACCACACCCAGCCCTGATCAATTTT,7e9d39d753845b9b911c5a62b8329c0c7e2cad8c3dc2f8483cd1935edeae8550,0.361534934165716,-0.2195805975017293,0.226197618194383,-100.44131512288004,-96.46831647958606,-95.4206949621439,-91.5019354885444,-0.05423916969448328,-1.0,0.2195805975017293,0.0,1,0.18230997457922518,0.18216460459877223,0.1501433469024087,0.19811845364568334,1.0
chr8:11274481:G:C;chr8:11274554:C:T;var1;middle;OL41|K562|175a354ac52fa09b,chr8:11274481:G:C;chr8:11274554:C:T;var1;middle;OL41,K562,K562_region_02057,100,173,73,AGTTTACACCCTTTCCAAACATAAGAGAGACGAGATCTCTGGGAGGCCAAGGAAGCCACAGTTTGACGTCACCAGCCATGGGTCAGGGCACCTGGCCACGCTCAGCAGGGCACCAGCAGCTAATGTGGCAGCAGGCCGAGTCTCTGAATGAAGAAGCCACACCACATCTGAACTGTCGCTCCCCCTCTCCCCATACTCTG,2568b3093a8723b6f29949103ea748325f86e2c1ff366f6dfa587c70024820b3,0.0,AGTTTACACCCTTTCCAAACATAAGAGAGACGAGATCTCTGGGAGGCCAAGGAAGCCACAGTTTGACGTCACCAGCCATGGGTCAGGGCACCTGGCCACCCTCAGCAGGGCACCAGCAGCTAATGTGGCAGCAGGCCGAGTCTCTGAATGAAGAAGCCACACCACATCTGAACTGTCGCTCCCCCTCTCCCCATACTCTG,24ac48196ff6af8d2b5cd9000d19e83ae73a2e88d245c452d684a92caeb2c449,-0.172947609438316,AGTTTACACCCTTTCCAAACATAAGAGAGACGAGATCTCTGGGAGGCCAAGGAAGCCACAGTTTGACGTCACCAGCCATGGGTCAGGGCACCTGGCCACGCTCAGCAGGGCACCAGCAGCTAATGTGGCAGCAGGCCGAGTCTCTGAATGAAGAAGCCACACCACATCTGAATTGTCGCTCCCCCTCTCCCCATACTCTG,d65633098f3641749ad007bb5ee71dd8a7c2d07ead735c791f0393f2b2b71e49,0.125845401841616,AGTTTACACCCTTTCCAAACATAAGAGAGACGAGATCTCTGGGAGGCCAAGGAAGCCACAGTTTGACGTCACCAGCCATGGGTCAGGGCACCTGGCCACCCTCAGCAGGGCACCAGCAGCTAATGTGGCAGCAGGCCGAGTCTCTGAATGAAGAAGCCACACCACATCTGAATTGTCGCTCCCCCTCTCCCCATACTCTG,175a354ac52fa09b85f64afa9d212de1cb29a8ae84e5e20db7cd53948e8d326a,-0.0154370695098051,0.0316651380868949,0.3597184713441,-307.35538759455085,-303.46929694502614,-315.802299764473,-310.76885826326907,1.1473508516792208,-1.0,-0.0316651380868949,0.0,4,0.1776213659091332,0.17620727786206916,0.145609630836647,0.20354675780153336,1.0
chr8:11619334:C:T;chr8:11619397:G:A;var1;middle;OL41|K562|8fe31524474fb326,chr8:11619334:C:T;chr8:11619397:G:A;var1;middle;OL41,K562,K562_region_02058,100,163,63,CGGAAAGCTCTTTCTTTTGGAGTGGGTCTGGGTGTTCTGGTTTTGGTTTGCTTGTTTTATCATTTTGTGACATTGGCGCCTATTCTTCAGTTTGCATCCCTGCCTTGCTTGCTTGAAGCTGGAGCACAAATGTCCCGTCACCCTGTAACAACACAAGTATGCGTCATGCCTGCGAGGCTTAGCTTGGGAAGTGGAATCTC,eb09e11e24338309f993daa3fec04734d61c2290e4911b6976d459c421b4ae41,0.0,CGGAAAGCTCTTTCTTTTGGAGTGGGTCTGGGTGTTCTGGTTTTGGTTTGCTTGTTTTATCATTTTGTGACATTGGCGCCTATTCTTCAGTTTGCATCCTTGCCTTGCTTGCTTGAAGCTGGAGCACAAATGTCCCGTCACCCTGTAACAACACAAGTATGCGTCATGCCTGCGAGGCTTAGCTTGGGAAGTGGAATCTC,a8b64f83461e48edd9e759d77ee15856a2b33d81a6ef74ca873c5969a49d6233,-0.0803881382920823,CGGAAAGCTCTTTCTTTTGGAGTGGGTCTGGGTGTTCTGGTTTTGGTTTGCTTGTTTTATCATTTTGTGACATTGGCGCCTATTCTTCAGTTTGCATCCCTGCCTTGCTTGCTTGAAGCTGGAGCACAAATGTCCCGTCACCCTGTAACAACACAAGTATGCATCATGCCTGCGAGGCTTAGCTTGGGAAGTGGAATCTC,e98893ab440ec61987634f48e9719bf31a768f87617a714e86b5d471094c26eb,-0.963702728590622,CGGAAAGCTCTTTCTTTTGGAGTGGGTCTGGGTGTTCTGGTTTTGGTTTGCTTGTTTTATCATTTTGTGACATTGGCGCCTATTCTTCAGTTTGCATCCTTGCCTTGCTTGCTTGAAGCTGGAGCACAAATGTCCCGTCACCCTGTAACAACACAAGTATGCATCATGCCTGCGAGGCTTAGCTTGGGAAGTGGAATCTC,8fe31524474fb326a15626438f8cb1ac0cd066eddb989bae4a6f8a10503b8767,-0.949035357447371,0.0950555094353332,0.237662853278207,-380.9804754359648,-370.41194195486605,-380.974182211794,-371.1861134925857,-0.7804647618905278,-1.0,-0.0950555094353332,0.0,1,0.1815710837074511,0.18216460459877223,0.1501433469024087,0.18991437246247458,1.0
chr8:11628162:G:T;chr8:11628172:C:T;var1;middle;OL41|K562|ee084945cfc9068c,chr8:11628162:G:T;chr8:11628172:C:T;var1;middle;OL41,K562,K562_region_02059,100,110,10,TTTTAGAATCACTGAAATATAATAGCTACCCCCTGCCCGATATCTACTTAGTTCTTTTCGATTTTCATCATAACTTATAGAGAGGCTGGTGCAGGAACAGGTGGTTAGGCAGCTGCCCCGGGTGAGGCTGGGAGTCTCCTCTGCCCGAACAGCCCGGGTGTACACCACTCAGACTGCCTCATGTAGGCGGCTGTCAGTGG,eb00d53c86377e9eac80e0cd354b5e91cc14ccbdb0b4e567a875970ccfa63ad4,0.0,TTTTAGAATCACTGAAATATAATAGCTACCCCCTGCCCGATATCTACTTAGTTCTTTTCGATTTTCATCATAACTTATAGAGAGGCTGGTGCAGGAACATGTGGTTAGGCAGCTGCCCCGGGTGAGGCTGGGAGTCTCCTCTGCCCGAACAGCCCGGGTGTACACCACTCAGACTGCCTCATGTAGGCGGCTGTCAGTGG,9508804b7f05ee5f065310d488db7604407097817d7c0590f663f69e190ebd94,0.0590579268841931,TTTTAGAATCACTGAAATATAATAGCTACCCCCTGCCCGATATCTACTTAGTTCTTTTCGATTTTCATCATAACTTATAGAGAGGCTGGTGCAGGAACAGGTGGTTAGGTAGCTGCCCCGGGTGAGGCTGGGAGTCTCCTCTGCCCGAACAGCCCGGGTGTACACCACTCAGACTGCCTCATGTAGGCGGCTGTCAGTGG,0fe4d893110e500ffd82aeae750bcaab5184013c6a794e3cc57e2224508de644,-0.289301674973638,TTTTAGAATCACTGAAATATAATAGCTACCCCCTGCCCGATATCTACTTAGTTCTTTTCGATTTTCATCATAACTTATAGAGAGGCTGGTGCAGGAACATGTGGTTAGGTAGCTGCCCCGGGTGAGGCTGGGAGTCTCCTCTGCCCGAACAGCCCGGGTGTACACCACTCAGACTGCCTCATGTAGGCGGCTGTCAGTGG,ee084945cfc9068c70a70fde0d273dcca2f784c6d40e6ffccc8ea5b7243fe30a,0.161803095698763,0.3920468437882079,0.367027400143528,-397.2568189643789,-407.9513723831624,-397.9475701628253,-411.453807850834,-2.811684269225225,-1.0,-0.3920468437882079,0.0,4,0.1727144929711601,0.17620727786206916,0.145609630836647,0.12930063266694414,1.0
chr8:11644751:A:G;chr8:11644821:C:T;var1;middle;OL41|K562|b2f05aa1b250d10f,chr8:11644751:A:G;chr8:11644821:C:T;var1;middle;OL41,K562,K562_region_02060,100,170,70,GAGCAGGGAGCTGCGCCTTCCTGGGGTGCCCGGTGGTGTGTAGAGAAAAGCTGCTTGTTTACTCCTTAAGTCAATGTATTGGTGACTGTTGATTTGTTGAACAATTCAGGAATCAAGGGCTGTGGAGAAACTCCCTCATGTTGTTGGCAACAGGTGAATGAACCTAGAGCGGTGACATGAAAATAAAGCTCACTGTTACT,b018bcc697180985eab930cdde6232bee0768795cc3e39e1cece4a94e04edbb3,0.0,GAGCAGGGAGCTGCGCCTTCCTGGGGTGCCCGGTGGTGTGTAGAGAAAAGCTGCTTGTTTACTCCTTAAGTCAATGTATTGGTGACTGTTGATTTGTTGGACAATTCAGGAATCAAGGGCTGTGGAGAAACTCCCTCATGTTGTTGGCAACAGGTGAATGAACCTAGAGCGGTGACATGAAAATAAAGCTCACTGTTACT,236dd078e84bcad912c9ed9d628495efc94d2b08e27398c00fb7adefebdc2d8c,-0.0102393740499038,GAGCAGGGAGCTGCGCCTTCCTGGGGTGCCCGGTGGTGTGTAGAGAAAAGCTGCTTGTTTACTCCTTAAGTCAATGTATTGGTGACTGTTGATTTGTTGAACAATTCAGGAATCAAGGGCTGTGGAGAAACTCCCTCATGTTGTTGGCAACAGGTGAATGAACCTAGAGTGGTGACATGAAAATAAAGCTCACTGTTACT,006465553d1e91674068a789af79f3ce7e7d51a4b53f82029e1a27df004905e0,-0.390752603647506,GAGCAGGGAGCTGCGCCTTCCTGGGGTGCCCGGTGGTGTGTAGAGAAAAGCTGCTTGTTTACTCCTTAAGTCAATGTATTGGTGACTGTTGATTTGTTGGACAATTCAGGAATCAAGGGCTGTGGAGAAACTCCCTCATGTTGTTGGCAACAGGTGAATGAACCTAGAGTGGTGACATGAAAATAAAGCTCACTGTTACT,b2f05aa1b250d10f8c5d3dd8865ebcb5e3e0975f7fd74e8b112768ead3d40703,-0.161986628117699,0.2390053495797108,0.344442328520675,-366.2548481822014,-367.2513766498305,-358.421186350286,-361.283072339138,-1.8653575212229043,-1.0,-0.2390053495797108,0.0,0,0.18338021051052183,0.18565657667894103,0.15145376406925343,0.15099508390063113,1.0
chr8:11872239:C:A;chr8:11872314:T:C;var1;middle;OL41|K562|f911523f7483e7a7,chr8:11872239:C:A;chr8:11872314:T:C;var1;middle;OL41,K562,K562_region_02061,100,175,75,TCGTGGGAGAATCAGGAAGTCGAAGCCACACAGCCGAGAAGGGGCAGCTGGCGTCTCGGAGGCCGTCACGAGCTGTCACTCCGCGCCCGCCGGACTTGCCGCTCAATTACCAACTTCAACCCAGGGCCGGCCCCGGAGCCTCCCGCCGCCCCTACCCCGCGCCCCTGGCACCCCTGGACCTCCGCGCCCGCGTCACTTAC,f248822a847fa9fbd76828b05f497beda65d112c6e185d29800ad19f6ed6c54b,0.0,TCGTGGGAGAATCAGGAAGTCGAAGCCACACAGCCGAGAAGGGGCAGCTGGCGTCTCGGAGGCCGTCACGAGCTGTCACTCCGCGCCCGCCGGACTTGCAGCTCAATTACCAACTTCAACCCAGGGCCGGCCCCGGAGCCTCCCGCCGCCCCTACCCCGCGCCCCTGGCACCCCTGGACCTCCGCGCCCGCGTCACTTAC,92e8ba7bccad3eae38298cf303c9cc28168855c60d61ad30bc9fe29765f38b4e,0.146533784196095,TCGTGGGAGAATCAGGAAGTCGAAGCCACACAGCCGAGAAGGGGCAGCTGGCGTCTCGGAGGCCGTCACGAGCTGTCACTCCGCGCCCGCCGGACTTGCCGCTCAATTACCAACTTCAACCCAGGGCCGGCCCCGGAGCCTCCCGCCGCCCCTACCCCGCGCCCCTGGCACCCCCGGACCTCCGCGCCCGCGTCACTTAC,1cc4487a94473e65ea24df080c7bd7affc969643e338aac147095c830698fd75,0.281832108751915,TCGTGGGAGAATCAGGAAGTCGAAGCCACACAGCCGAGAAGGGGCAGCTGGCGTCTCGGAGGCCGTCACGAGCTGTCACTCCGCGCCCGCCGGACTTGCAGCTCAATTACCAACTTCAACCCAGGGCCGGCCCCGGAGCCTCCCGCCGCCCCTACCCCGCGCCCCTGGCACCCCCGGACCTCCGCGCCCGCGTCACTTAC,f911523f7483e7a7f7056a9aee701dfdf4e9c8a53388b5325d1ab8dfde530dce,0.0495058897312156,0.3788600032167943,0.297194991531948,-355.2478921655565,-356.6680017830804,-353.1841883705929,-353.4728054651059,-1.131492523010877,1.0,0.3788600032167943,0.0,4,0.17479694163815285,0.17620727786206916,0.145609630836647,0.09682723193123305,1.0
chr8:120711487:A:C;chr8:120711548:C:T;var1;middle;OL29|K562|1d429e0f7aa6bfa1,chr8:120711487:A:C;chr8:120711548:C:T;var1;middle;OL29,K562,K562_region_02099,100,161,61,AACACGGTGAAACCCCGTCTGTACGAAAAACACAACAAATTAGCCAAGTGTGGTGGCAGGCGCCTGTAGTCCCAGCTACTCGGGAGGCTGAGGCAGGAGAGTGGCATGAACCCAGGAGGTGGAGATTGCAGTGAGCCGAGATCGTGCCACTGCACACCAGCCTGGGTGACAGAGCTAGACTCTGTCTCAAAAAAAAAAAA,52cb37373a97ae401beb2e29c4a3d7dafbb34844880027cf6e0a0c35f7574699,0.0,AACACGGTGAAACCCCGTCTGTACGAAAAACACAACAAATTAGCCAAGTGTGGTGGCAGGCGCCTGTAGTCCCAGCTACTCGGGAGGCTGAGGCAGGAGCGTGGCATGAACCCAGGAGGTGGAGATTGCAGTGAGCCGAGATCGTGCCACTGCACACCAGCCTGGGTGACAGAGCTAGACTCTGTCTCAAAAAAAAAAAA,2ec988b288d7c00fc11811782e2746ec8be5afbfe51902e80021e64157d2314e,0.0522995912521821,AACACGGTGAAACCCCGTCTGTACGAAAAACACAACAAATTAGCCAAGTGTGGTGGCAGGCGCCTGTAGTCCCAGCTACTCGGGAGGCTGAGGCAGGAGAGTGGCATGAACCCAGGAGGTGGAGATTGCAGTGAGCCGAGATCGTGCCACTGCACACCAGTCTGGGTGACAGAGCTAGACTCTGTCTCAAAAAAAAAAAA,c5d22d12de3db79c00bab870788f1bc84d46ae3d62d352bfd7bb48970cbb0b7e,-0.0623571497734657,AACACGGTGAAACCCCGTCTGTACGAAAAACACAACAAATTAGCCAAGTGTGGTGGCAGGCGCCTGTAGTCCCAGCTACTCGGGAGGCTGAGGCAGGAGCGTGGCATGAACCCAGGAGGTGGAGATTGCAGTGAGCCGAGATCGTGCCACTGCACACCAGTCTGGGTGACAGAGCTAGACTCTGTCTCAAAAAAAAAAAA,1d429e0f7aa6bfa1c1e547f7cebf7ead8284f9808b6a1774f45f64e969b00f95,0.134934102684353,0.1449916612056365,0.156039498161431,-70.29337656497955,-75.34870343795046,-73.67418000008911,-78.74840445397422,-0.018897580914199352,-1.0,-0.1449916612056365,0.0,0,0.18575178224500355,0.18565657667894103,0.15145376406925343,0.13476351914179868,1.0
chr8:124610521:G:T;chr8:124610526:G:A;var1;middle;OL29|K562|47c21902ddaf0ea6,chr8:124610521:G:T;chr8:124610526:G:A;var1;middle;OL29,K562,K562_region_02100,100,105,5,ATCATCACTGGCCATCAGAGAAATGCAAATCAAAACCACAATGAGATAACATCTCACACCAGTTAGAATGGCGATCATTAAAAAGCCAGGAAACAACAGGTGCTGGAGAGGATGTGGAGAAATAGGAACACTTTTACACCGTTGGTGGGACTGTAAACTAGTTCAACCATTGTGGAAGACAGTGTGGCAATTCCTCAGGG,2fce1c61084da63da22c3f6e68f3f16426bc50674360470f2d28052d1ba063f1,0.0,ATCATCACTGGCCATCAGAGAAATGCAAATCAAAACCACAATGAGATAACATCTCACACCAGTTAGAATGGCGATCATTAAAAAGCCAGGAAACAACAGTTGCTGGAGAGGATGTGGAGAAATAGGAACACTTTTACACCGTTGGTGGGACTGTAAACTAGTTCAACCATTGTGGAAGACAGTGTGGCAATTCCTCAGGG,36de34d80444167ff3ddd16370ffdd855e670bacdc945aab1068e1386bb27c84,1.12993378603261,ATCATCACTGGCCATCAGAGAAATGCAAATCAAAACCACAATGAGATAACATCTCACACCAGTTAGAATGGCGATCATTAAAAAGCCAGGAAACAACAGGTGCTAGAGAGGATGTGGAGAAATAGGAACACTTTTACACCGTTGGTGGGACTGTAAACTAGTTCAACCATTGTGGAAGACAGTGTGGCAATTCCTCAGGG,fb8888d67ccdbbb90ad6a1e93f3e91137270d87a5bc6be62e6897945ba735249,0.138378151611886,ATCATCACTGGCCATCAGAGAAATGCAAATCAAAACCACAATGAGATAACATCTCACACCAGTTAGAATGGCGATCATTAAAAAGCCAGGAAACAACAGTTGCTAGAGAGGATGTGGAGAAATAGGAACACTTTTACACCGTTGGTGGGACTGTAAACTAGTTCAACCATTGTGGAAGACAGTGTGGCAATTCCTCAGGG,47c21902ddaf0ea615c8a246b747d22dff427f074dd29645e2fb658697f9fa38,0.840487995929066,0.42782394171543,0.159139985317036,-53.147873014444485,-56.09843549178913,-53.59139457833953,-56.44769982690923,-0.09425722877494991,1.0,0.42782394171543,0.0,3,0.1812831441925191,0.18106719778262317,0.1474303780702046,0.24434815830865503,1.0
chr8:124610521:G:T;chr8:124610561:C:T;var1;middle;OL29|K562|bf802bc85900782e,chr8:124610521:G:T;chr8:124610561:C:T;var1;middle;OL29,K562,K562_region_02100,100,140,40,ATCATCACTGGCCATCAGAGAAATGCAAATCAAAACCACAATGAGATAACATCTCACACCAGTTAGAATGGCGATCATTAAAAAGCCAGGAAACAACAGGTGCTGGAGAGGATGTGGAGAAATAGGAACACTTTTACACCGTTGGTGGGACTGTAAACTAGTTCAACCATTGTGGAAGACAGTGTGGCAATTCCTCAGGG,2fce1c61084da63da22c3f6e68f3f16426bc50674360470f2d28052d1ba063f1,0.0,ATCATCACTGGCCATCAGAGAAATGCAAATCAAAACCACAATGAGATAACATCTCACACCAGTTAGAATGGCGATCATTAAAAAGCCAGGAAACAACAGTTGCTGGAGAGGATGTGGAGAAATAGGAACACTTTTACACCGTTGGTGGGACTGTAAACTAGTTCAACCATTGTGGAAGACAGTGTGGCAATTCCTCAGGG,36de34d80444167ff3ddd16370ffdd855e670bacdc945aab1068e1386bb27c84,1.12979708426747,ATCATCACTGGCCATCAGAGAAATGCAAATCAAAACCACAATGAGATAACATCTCACACCAGTTAGAATGGCGATCATTAAAAAGCCAGGAAACAACAGGTGCTGGAGAGGATGTGGAGAAATAGGAACACTTTTACACTGTTGGTGGGACTGTAAACTAGTTCAACCATTGTGGAAGACAGTGTGGCAATTCCTCAGGG,4c877a493200bb3722d48982e43b7986505c2f34e3e117983898dad239c29f01,0.116290917414623,ATCATCACTGGCCATCAGAGAAATGCAAATCAAAACCACAATGAGATAACATCTCACACCAGTTAGAATGGCGATCATTAAAAAGCCAGGAAACAACAGTTGCTGGAGAGGATGTGGAGAAATAGGAACACTTTTACACTGTTGGTGGGACTGTAAACTAGTTCAACCATTGTGGAAGACAGTGTGGCAATTCCTCAGGG,bf802bc85900782efa6ee23c92908dda4883c4156f13ff6dd5c810adde77bf70,0.868328927730244,0.377759073951849,0.168356980391406,-53.147873014444485,-56.09843549178913,-48.46738491673023,-51.81465355725959,0.3967061631847173,1.0,0.377759073951849,0.0,3,0.18227203549430018,0.18106719778262317,0.1474303780702046,0.3208554573611012,1.0
chr8:124610526:G:A;chr8:124610561:C:T;var1;middle;OL29|K562|0b3390adad5b8612,chr8:124610526:G:A;chr8:124610561:C:T;var1;middle;OL29,K562,K562_region_02100,100,135,35,CACTGGCCATCAGAGAAATGCAAATCAAAACCACAATGAGATAACATCTCACACCAGTTAGAATGGCGATCATTAAAAAGCCAGGAAACAACAGGTGCTGGAGAGGATGTGGAGAAATAGGAACACTTTTACACCGTTGGTGGGACTGTAAACTAGTTCAACCATTGTGGAAGACAGTGTGGCAATTCCTCAGGGATCTA,8e5691039bc987f4c88821f98a0131d6937c69b4e64dad9bf8348b8cc94d8b50,0.0,CACTGGCCATCAGAGAAATGCAAATCAAAACCACAATGAGATAACATCTCACACCAGTTAGAATGGCGATCATTAAAAAGCCAGGAAACAACAGGTGCTAGAGAGGATGTGGAGAAATAGGAACACTTTTACACCGTTGGTGGGACTGTAAACTAGTTCAACCATTGTGGAAGACAGTGTGGCAATTCCTCAGGGATCTA,516cb23fa790ae15d7ef0c68f6fdef2e5264f8d95ea937d64b2df4f93b3399c2,-0.0593273769870785,CACTGGCCATCAGAGAAATGCAAATCAAAACCACAATGAGATAACATCTCACACCAGTTAGAATGGCGATCATTAAAAAGCCAGGAAACAACAGGTGCTGGAGAGGATGTGGAGAAATAGGAACACTTTTACACTGTTGGTGGGACTGTAAACTAGTTCAACCATTGTGGAAGACAGTGTGGCAATTCCTCAGGGATCTA,4307400712635c47122d2c1590faf0244414dc0daab09a831a077ed0a48eb0fe,-0.117595118538864,CACTGGCCATCAGAGAAATGCAAATCAAAACCACAATGAGATAACATCTCACACCAGTTAGAATGGCGATCATTAAAAAGCCAGGAAACAACAGGTGCTAGAGAGGATGTGGAGAAATAGGAACACTTTTACACTGTTGGTGGGACTGTAAACTAGTTCAACCATTGTGGAAGACAGTGTGGCAATTCCTCAGGGATCTA,0b3390adad5b8612832a4492472f09d2142e93d14343c15e7ba912786ab33ba3,-0.159525675609159,-0.0173968199167834,0.172199054917874,-44.03494032192975,-47.649707437027246,-40.12563453242183,-44.31126290932298,0.5708612618036568,1.0,-0.0173968199167834,0.0,3,0.1826228161533177,0.18106719778262317,0.1474303780702046,0.3022823364936277,1.0
chr8:125859817:C:A;chr8:125859850:G:A;var1;middle;OL27|K562|734fe320e69c3f4b,chr8:125859817:C:A;chr8:125859850:G:A;var1;middle;OL27,K562,K562_region_02101,100,133,33,CGGTGTGGTAATACTTGTTTGGTCCACTCATAATGGCATTTATTTTTTAAATCAGATCTACTGGGACTATAATGCTTCAAACCACGGGAGTAAGCCTTGCATGTGACCACTTCAGCTTCCACAGCAGGAAAAGGGAGGGAGATATTTTTAGAAGGGAGACCTCTCAGTGCCCCCTAAACCAGGCCGGAGGCACTGCCTGG,916e064f1f8ec3e53f6745f21c83b45cb63f005fe070066d1465d843873da18c,0.0,CGGTGTGGTAATACTTGTTTGGTCCACTCATAATGGCATTTATTTTTTAAATCAGATCTACTGGGACTATAATGCTTCAAACCACGGGAGTAAGCCTTGAATGTGACCACTTCAGCTTCCACAGCAGGAAAAGGGAGGGAGATATTTTTAGAAGGGAGACCTCTCAGTGCCCCCTAAACCAGGCCGGAGGCACTGCCTGG,abf14ea5ce9dc50a160ad1ffb49895f2ee1d4a14e9ee14f5ce18f45152b3c56d,0.0419469045165169,CGGTGTGGTAATACTTGTTTGGTCCACTCATAATGGCATTTATTTTTTAAATCAGATCTACTGGGACTATAATGCTTCAAACCACGGGAGTAAGCCTTGCATGTGACCACTTCAGCTTCCACAGCAGGAAAAAGGAGGGAGATATTTTTAGAAGGGAGACCTCTCAGTGCCCCCTAAACCAGGCCGGAGGCACTGCCTGG,e88ffd083b6ac8e388fff6c90a9a1c9fcd2a75afce5d2308b2985661b02afac9,0.0052716254276854,CGGTGTGGTAATACTTGTTTGGTCCACTCATAATGGCATTTATTTTTTAAATCAGATCTACTGGGACTATAATGCTTCAAACCACGGGAGTAAGCCTTGAATGTGACCACTTCAGCTTCCACAGCAGGAAAAAGGAGGGAGATATTTTTAGAAGGGAGACCTCTCAGTGCCCCCTAAACCAGGCCGGAGGCACTGCCTGG,734fe320e69c3f4b3ba0d0316139464d0ae5e28476037bdbe87762d607c003bc,0.170218012791727,-0.1229994828475246,0.152019461853741,-389.5965282721445,-403.17352367192507,-390.0938296560198,-401.6634973920882,-2.0073276637122035,1.0,-0.1229994828475246,0.0,0,0.1831978657058944,0.18565657667894103,0.15145376406925343,0.2628963698094351,1.0
chr8:126485294:T:A;chr8:126485337:A:G;var1;middle;OL30|K562|40a34c2a9e8721b1,chr8:126485294:T:A;chr8:126485337:A:G;var1;middle;OL30,K562,K562_region_02102,100,143,43,GGCACACACTACCAAGCCCGGCTAATTTTTGTATTTTTTTGTGAAGACGGGGTTTCGCTCTGTTGCCCAGACTGGTCTCAAACTCCTGGGTTCAAGTGATTTACCGACCTTGGCCTCCCAAAATGTTGGGATTACAGGCATGAGCCACCACTCCTAGCCAGGACTGTTATTTTTACATTGCAGATGAAGAAATTTTGGTC,140b04da76db50bf42fed1c85a26981b6cef80105d930251d25ea207c02b2bf3,0.0,GGCACACACTACCAAGCCCGGCTAATTTTTGTATTTTTTTGTGAAGACGGGGTTTCGCTCTGTTGCCCAGACTGGTCTCAAACTCCTGGGTTCAAGTGAATTACCGACCTTGGCCTCCCAAAATGTTGGGATTACAGGCATGAGCCACCACTCCTAGCCAGGACTGTTATTTTTACATTGCAGATGAAGAAATTTTGGTC,00cffe640f694020d989ef3bfad9161ca9f67e6efafb684f2b3f351be547fb47,0.205150616623456,GGCACACACTACCAAGCCCGGCTAATTTTTGTATTTTTTTGTGAAGACGGGGTTTCGCTCTGTTGCCCAGACTGGTCTCAAACTCCTGGGTTCAAGTGATTTACCGACCTTGGCCTCCCAAAATGTTGGGATTACAGGCATGGGCCACCACTCCTAGCCAGGACTGTTATTTTTACATTGCAGATGAAGAAATTTTGGTC,5fe651c4d01a1c8e25406f0ab96ee84f7730e55dbf66a57b96f7bfbebb4d89ef,-0.0694030771597499,GGCACACACTACCAAGCCCGGCTAATTTTTGTATTTTTTTGTGAAGACGGGGTTTCGCTCTGTTGCCCAGACTGGTCTCAAACTCCTGGGTTCAAGTGAATTACCGACCTTGGCCTCCCAAAATGTTGGGATTACAGGCATGGGCCACCACTCCTAGCCAGGACTGTTATTTTTACATTGCAGATGAAGAAATTTTGGTC,40a34c2a9e8721b16d5ff1d4edafeaa8ef79a981d1a9082c6689e7f8c6458e7b,-0.0136234987618515,-0.1493710382255576,0.133395295622977,-120.00095981359482,-125.61091007478537,-123.97699008043855,-129.5838107969612,0.0031295446678996086,-1.0,0.1493710382255576,0.0,0,0.18578007362965912,0.18565657667894103,0.15145376406925343,0.14987991479306662,1.0
chr8:126507308:T:C;chr8:126507389:C:A;var1;middle;OL27|K562|b260edd05d6c32d3,chr8:126507308:T:C;chr8:126507389:C:A;var1;middle;OL27,K562,K562_region_02103,100,181,81,TCATGCAACTCTGCCCTGGTCTGCTCTGGTCTTCCTCCCCTCTCTTCAAGGCTTCCTGGTCTGGGTCTGTGCCCGGCGGCCAGTTCTCCATCAGCAGGGTAGAGCTGTGTGTGGAGTAGGTTCCTCCCTGGGTAACAGGTAATGTGGACAGATAGAAGGCCAGGATCTGGATGCAAAGGGCAGAGTGACTGGTGGTGAGA,7ec67ddfc26afc3f2b4b7053c292e2926e708ffc9de060c0d381c4d156640fb0,0.0,TCATGCAACTCTGCCCTGGTCTGCTCTGGTCTTCCTCCCCTCTCTTCAAGGCTTCCTGGTCTGGGTCTGTGCCCGGCGGCCAGTTCTCCATCAGCAGGGCAGAGCTGTGTGTGGAGTAGGTTCCTCCCTGGGTAACAGGTAATGTGGACAGATAGAAGGCCAGGATCTGGATGCAAAGGGCAGAGTGACTGGTGGTGAGA,d9f97cf57d4366edf1993ae251735baefa0c6fd5e27291086feac0b6964cea20,-0.0757448751170933,TCATGCAACTCTGCCCTGGTCTGCTCTGGTCTTCCTCCCCTCTCTTCAAGGCTTCCTGGTCTGGGTCTGTGCCCGGCGGCCAGTTCTCCATCAGCAGGGTAGAGCTGTGTGTGGAGTAGGTTCCTCCCTGGGTAACAGGTAATGTGGACAGATAGAAGGCCAGGATCTGGATGCAAAGGGAAGAGTGACTGGTGGTGAGA,bffcc5baa8ed775e9a99cb4efbdf0c971d4cfe120b993c8f96faf219b693f96d,0.105194310624201,TCATGCAACTCTGCCCTGGTCTGCTCTGGTCTTCCTCCCCTCTCTTCAAGGCTTCCTGGTCTGGGTCTGTGCCCGGCGGCCAGTTCTCCATCAGCAGGGCAGAGCTGTGTGTGGAGTAGGTTCCTCCCTGGGTAACAGGTAATGTGGACAGATAGAAGGCCAGGATCTGGATGCAAAGGGAAGAGTGACTGGTGGTGAGA,b260edd05d6c32d3bb21ffafec5456cd52c79dabdc43907ffcde30a7f27135f1,0.148788068412199,0.1193386329050913,0.210894328058826,-243.40182138979435,-240.33303935825825,-243.62532944977283,-240.07610528171065,0.48044213652607937,-1.0,-0.1193386329050913,0.0,0,0.18639312838738858,0.18565657667894103,0.15145376406925343,0.1901142753751822,1.0
chr8:126591354:C:G;chr8:126591392:T:C;var1;middle;OL31|K562|969b1647f38d31cb,chr8:126591354:C:G;chr8:126591392:T:C;var1;middle;OL31,K562,K562_region_02104,100,138,38,GTGCATTTGCTAGAGGCAGGTCGTTAAGTTCAAGTGCTTGTAAACAATTCCCAGGGAGCGGGGACAGCCAATTCTGCAGACAGCTTAGGAATGGTTTTACCAACATGCACTTCATCTGGGGCAAGCTGCCTGTACTATGAGCACGCACACAGACACATATATACATGCACACACATATCCCACTGGAGAAGATAAAACAG,0530a35abdeef8d8063eb0bb98ad24c4b96edc2aecb9c05af991ae23a6969d13,0.0,GTGCATTTGCTAGAGGCAGGTCGTTAAGTTCAAGTGCTTGTAAACAATTCCCAGGGAGCGGGGACAGCCAATTCTGCAGACAGCTTAGGAATGGTTTTAGCAACATGCACTTCATCTGGGGCAAGCTGCCTGTACTATGAGCACGCACACAGACACATATATACATGCACACACATATCCCACTGGAGAAGATAAAACAG,98fe36ba2d8a1c4b3162a94c647f28935c723d726944e66d8245bf8f483bb485,0.205069111889438,GTGCATTTGCTAGAGGCAGGTCGTTAAGTTCAAGTGCTTGTAAACAATTCCCAGGGAGCGGGGACAGCCAATTCTGCAGACAGCTTAGGAATGGTTTTACCAACATGCACTTCATCTGGGGCAAGCTGCCTGTACTACGAGCACGCACACAGACACATATATACATGCACACACATATCCCACTGGAGAAGATAAAACAG,dfac29ff886fd8a0517d2d22cb98ea773b94a3318fd0c4e46b53d51bb8f80357,0.219022461913846,GTGCATTTGCTAGAGGCAGGTCGTTAAGTTCAAGTGCTTGTAAACAATTCCCAGGGAGCGGGGACAGCCAATTCTGCAGACAGCTTAGGAATGGTTTTAGCAACATGCACTTCATCTGGGGCAAGCTGCCTGTACTACGAGCACGCACACAGACACATATATACATGCACACACATATCCCACTGGAGAAGATAAAACAG,969b1647f38d31cb1c46f8e84de20a8d08ac3dd8e656da77f4cd3960bbed7b98,-0.0987568462544642,0.5228484200577482,0.19631086919083,-299.83653090149164,-307.9675098811276,-306.59453812614083,-313.1598817836493,-1.5656353221274912,1.0,0.5228484200577482,0.0,2,0.1729147767565835,0.17490732828716207,0.146091925319964,0.35896801239521686,1.0
chr8:129950323:T:A;chr8:129950390:G:A;var1;middle;OL30|K562|7ce1d5418102cf1d,chr8:129950323:T:A;chr8:129950390:G:A;var1;middle;OL30,K562,K562_region_02105,100,167,67,GAGGGAAGTTACTGAAAATGCCTTGGCCAAGATTCTGTACTTCAAACCATGTCACGTTTCTCTCTGGGGTTTTATGTATCGGCTCCTCCTACCCAGGACTTCCAGGAAGCCCCATGCTGCCCTCATTGTGGGCTTGCACTGGAGGAACATGAAGTACAAAACTGACGGAGCTGTGCGTTCCTCGGCCAGGACGTGTGGGA,df575686640a3d79200e4ce7564e94c4a3c2340a1193bee264ad533e3eed47b0,0.0,GAGGGAAGTTACTGAAAATGCCTTGGCCAAGATTCTGTACTTCAAACCATGTCACGTTTCTCTCTGGGGTTTTATGTATCGGCTCCTCCTACCCAGGACATCCAGGAAGCCCCATGCTGCCCTCATTGTGGGCTTGCACTGGAGGAACATGAAGTACAAAACTGACGGAGCTGTGCGTTCCTCGGCCAGGACGTGTGGGA,adb9e5d158bc737c1b65bcfa9bde10a48da633dbd67c064747e53f60c1c1edd4,-1.71041464460609,GAGGGAAGTTACTGAAAATGCCTTGGCCAAGATTCTGTACTTCAAACCATGTCACGTTTCTCTCTGGGGTTTTATGTATCGGCTCCTCCTACCCAGGACTTCCAGGAAGCCCCATGCTGCCCTCATTGTGGGCTTGCACTGGAGGAACATGAAGTACAAAACTGACAGAGCTGTGCGTTCCTCGGCCAGGACGTGTGGGA,51a7bdfb4f82cf99f02a66b2968f3011ac9fbf40c0b39e2818b6fe64902af361,0.0691554677444491,GAGGGAAGTTACTGAAAATGCCTTGGCCAAGATTCTGTACTTCAAACCATGTCACGTTTCTCTCTGGGGTTTTATGTATCGGCTCCTCCTACCCAGGACATCCAGGAAGCCCCATGCTGCCCTCATTGTGGGCTTGCACTGGAGGAACATGAAGTACAAAACTGACAGAGCTGTGCGTTCCTCGGCCAGGACGTGTGGGA,7ce1d5418102cf1d8be4606c470935fc482c09fc7ef1f3b5a01cab6acd4d9ce3,-1.81578947901206,0.1745303021504189,0.141913556333411,-424.57464213809,-425.46526928339154,-355.8704077433795,-369.645628713537,12.884593824855983,1.0,0.1745303021504189,0.0,4,0.19216863769447132,0.17620727786206916,0.145609630836647,0.1530180376325159,1.0
chr8:129950323:T:A;chr8:129950399:C:T;var1;middle;OL30|K562|0c53c1db972782d5,chr8:129950323:T:A;chr8:129950399:C:T;var1;middle;OL30,K562,K562_region_02105,100,176,76,GAGGGAAGTTACTGAAAATGCCTTGGCCAAGATTCTGTACTTCAAACCATGTCACGTTTCTCTCTGGGGTTTTATGTATCGGCTCCTCCTACCCAGGACTTCCAGGAAGCCCCATGCTGCCCTCATTGTGGGCTTGCACTGGAGGAACATGAAGTACAAAACTGACGGAGCTGTGCGTTCCTCGGCCAGGACGTGTGGGA,df575686640a3d79200e4ce7564e94c4a3c2340a1193bee264ad533e3eed47b0,0.0,GAGGGAAGTTACTGAAAATGCCTTGGCCAAGATTCTGTACTTCAAACCATGTCACGTTTCTCTCTGGGGTTTTATGTATCGGCTCCTCCTACCCAGGACATCCAGGAAGCCCCATGCTGCCCTCATTGTGGGCTTGCACTGGAGGAACATGAAGTACAAAACTGACGGAGCTGTGCGTTCCTCGGCCAGGACGTGTGGGA,adb9e5d158bc737c1b65bcfa9bde10a48da633dbd67c064747e53f60c1c1edd4,-1.70933403598042,GAGGGAAGTTACTGAAAATGCCTTGGCCAAGATTCTGTACTTCAAACCATGTCACGTTTCTCTCTGGGGTTTTATGTATCGGCTCCTCCTACCCAGGACTTCCAGGAAGCCCCATGCTGCCCTCATTGTGGGCTTGCACTGGAGGAACATGAAGTACAAAACTGACGGAGCTGTGTGTTCCTCGGCCAGGACGTGTGGGA,3db2265f8b2eb873f25c973555756998406199d829080d560aeccde3355bdb39,0.0889720905442945,GAGGGAAGTTACTGAAAATGCCTTGGCCAAGATTCTGTACTTCAAACCATGTCACGTTTCTCTCTGGGGTTTTATGTATCGGCTCCTCCTACCCAGGACATCCAGGAAGCCCCATGCTGCCCTCATTGTGGGCTTGCACTGGAGGAACATGAAGTACAAAACTGACGGAGCTGTGTGTTCCTCGGCCAGGACGTGTGGGA,0c53c1db972782d59921c2b61632a169929ddfcb157c11ae38ee26edbcc6eb7e,-1.79080099327037,0.1704390478342443,0.187805983425723,-424.57464213809,-425.46526928339154,-425.4715390698984,-432.4526765909977,6.090510375797749,1.0,0.1704390478342443,0.0,4,0.1837479737709599,0.17620727786206916,0.145609630836647,0.11534081512907098,1.0
chr8:129950390:G:A;chr8:129950399:C:T;var1;middle;OL30|K562|20ee15d7a1ea0216,chr8:129950390:G:A;chr8:129950399:C:T;var1;middle;OL30,K562,K562_region_02105,100,109,9,GGTTTTATGTATCGGCTCCTCCTACCCAGGACTTCCAGGAAGCCCCATGCTGCCCTCATTGTGGGCTTGCACTGGAGGAACATGAAGTACAAAACTGACGGAGCTGTGCGTTCCTCGGCCAGGACGTGTGGGACTCTAATGTGCACCTTCACATCTAAATGCTGAGGCAGTCGGTTCTTTGGTCACCACAGAAGAGCTAA,35a2c93f0e97c629b45b6c4fca0f8150640f6153af9313523d3b40c896d4a703,0.0,GGTTTTATGTATCGGCTCCTCCTACCCAGGACTTCCAGGAAGCCCCATGCTGCCCTCATTGTGGGCTTGCACTGGAGGAACATGAAGTACAAAACTGACAGAGCTGTGCGTTCCTCGGCCAGGACGTGTGGGACTCTAATGTGCACCTTCACATCTAAATGCTGAGGCAGTCGGTTCTTTGGTCACCACAGAAGAGCTAA,7ece0a85c4b086096671e67d1d87bc4571efcacc1713cf973aa72ee4539b9fa6,-0.0877602873280912,GGTTTTATGTATCGGCTCCTCCTACCCAGGACTTCCAGGAAGCCCCATGCTGCCCTCATTGTGGGCTTGCACTGGAGGAACATGAAGTACAAAACTGACGGAGCTGTGTGTTCCTCGGCCAGGACGTGTGGGACTCTAATGTGCACCTTCACATCTAAATGCTGAGGCAGTCGGTTCTTTGGTCACCACAGAAGAGCTAA,317a3c4d082289169a7dacef1bc48a85e0ff0c470748f1681bf919bf6f74a086,-0.0782323674556349,GGTTTTATGTATCGGCTCCTCCTACCCAGGACTTCCAGGAAGCCCCATGCTGCCCTCATTGTGGGCTTGCACTGGAGGAACATGAAGTACAAAACTGACAGAGCTGTGTGTTCCTCGGCCAGGACGTGTGGGACTCTAATGTGCACCTTCACATCTAAATGCTGAGGCAGTCGGTTCTTTGGTCACCACAGAAGAGCTAA,20ee15d7a1ea02161d95abb422edca181d8851d8a43d2127b8a42a79776ad846,-0.0542247113287693,0.1117679434549568,0.120100312217128,-367.0877845343202,-373.3996332325041,-370.618780631572,-370.4506170172244,6.480012312531585,-1.0,-0.1117679434549568,0.0,4,0.18423072687980596,0.17620727786206916,0.145609630836647,0.2168739678682243,1.0
chr8:13185415:T:A;chr8:13185417:C:G;var1;middle;OL31|K562|fd006e2bf768e9b7,chr8:13185415:T:A;chr8:13185417:C:G;var1;middle;OL31,K562,K562_region_02062,100,102,2,ATAATTAAATGAATGGCCATTAATTAAACACTGTGGAGAGTGTTACAAAGAAAAGTTCAGAGAGGGTAACTTCATTTAGCTATTCTGAGGAACTAACATTTCATTTGACACCTAAATATGAACAAGGCAAAGTATAGGTGGAAGAGCACTCCTCAGACTGGGAACTACATGTGCAAAAGTTCTAGGTAAGAATCTTGGCA,45c81dec7dadcffc1e89319921700d35788722063d046c8335dbee4df3b69f0d,0.0,ATAATTAAATGAATGGCCATTAATTAAACACTGTGGAGAGTGTTACAAAGAAAAGTTCAGAGAGGGTAACTTCATTTAGCTATTCTGAGGAACTAACATATCATTTGACACCTAAATATGAACAAGGCAAAGTATAGGTGGAAGAGCACTCCTCAGACTGGGAACTACATGTGCAAAAGTTCTAGGTAAGAATCTTGGCA,d9b3d08108eef8b1b5333d4e89cb2c62c22ad05bd9bc96fbca51fdae04ec35c3,-0.160678369000918,ATAATTAAATGAATGGCCATTAATTAAACACTGTGGAGAGTGTTACAAAGAAAAGTTCAGAGAGGGTAACTTCATTTAGCTATTCTGAGGAACTAACATTTGATTTGACACCTAAATATGAACAAGGCAAAGTATAGGTGGAAGAGCACTCCTCAGACTGGGAACTACATGTGCAAAAGTTCTAGGTAAGAATCTTGGCA,7dbe9b026aad2825eba051c9bc2979c9c2a218730cbfb99397c5db1820c20eb3,0.317805633362013,ATAATTAAATGAATGGCCATTAATTAAACACTGTGGAGAGTGTTACAAAGAAAAGTTCAGAGAGGGTAACTTCATTTAGCTATTCTGAGGAACTAACATATGATTTGACACCTAAATATGAACAAGGCAAAGTATAGGTGGAAGAGCACTCCTCAGACTGGGAACTACATGTGCAAAAGTTCTAGGTAAGAATCTTGGCA,fd006e2bf768e9b7852b94823a054c937a99ac235d4a0ed5609ee86a59d12c05,0.130372973092377,-0.026754291268718,0.289611475743976,-288.9358853455633,-277.96034962916747,-272.9010147182271,-277.64828212652355,-15.722803124692291,-1.0,0.026754291268718,0.0,1,0.1663681529131127,0.18216460459877223,0.1501433469024087,0.0735700103048862,1.0
chr8:134214204:C:T;chr8:134214224:G:T;var1;middle;OL32|K562|cab7214d7bdd9d5e,chr8:134214204:C:T;chr8:134214224:G:T;var1;middle;OL32,K562,K562_region_02106,100,120,20,AAGAAAAGAAAAAAACCCATACATGTGTGGGGAAAATGGAAGGAACAAGACCAACTAAGTGTTGATAATTATCAAAGCTGCCGATGCGTATGTAGGGTTCGTTATATTATTCTCTCAACGTGGGTGAATATTTAAATATGTCTCTAGCAAAGAACACAGTTTAAATTTGTGTACAGTATTCAGTGTTTTTTGTTGTGGTT,b1ff8781919ed7b032d86f89377fecb06ff0ec5223920d1331a701089e2c6729,0.0,AAGAAAAGAAAAAAACCCATACATGTGTGGGGAAAATGGAAGGAACAAGACCAACTAAGTGTTGATAATTATCAAAGCTGCCGATGCGTATGTAGGGTTTGTTATATTATTCTCTCAACGTGGGTGAATATTTAAATATGTCTCTAGCAAAGAACACAGTTTAAATTTGTGTACAGTATTCAGTGTTTTTTGTTGTGGTT,0d3bd56f1ae3ba167544e350efafbd922c4713b5e3db8df78539c1a1768cceff,-0.102432066031358,AAGAAAAGAAAAAAACCCATACATGTGTGGGGAAAATGGAAGGAACAAGACCAACTAAGTGTTGATAATTATCAAAGCTGCCGATGCGTATGTAGGGTTCGTTATATTATTCTCTCAACTTGGGTGAATATTTAAATATGTCTCTAGCAAAGAACACAGTTTAAATTTGTGTACAGTATTCAGTGTTTTTTGTTGTGGTT,c0d8a77e63393572f3b8404012d274d3f0d16af0b19689d27e6eefb0c09a4c47,-0.0509353510708238,AAGAAAAGAAAAAAACCCATACATGTGTGGGGAAAATGGAAGGAACAAGACCAACTAAGTGTTGATAATTATCAAAGCTGCCGATGCGTATGTAGGGTTTGTTATATTATTCTCTCAACTTGGGTGAATATTTAAATATGTCTCTAGCAAAGAACACAGTTTAAATTTGTGTACAGTATTCAGTGTTTTTTGTTGTGGTT,cab7214d7bdd9d5eeeaac04fb2b65805948cf9dec8017f13472341552c5f1dc4,-0.173054298857368,0.0196868817551862,0.278034721119696,-338.7294116341509,-336.98001857474446,-334.04450882878155,-330.7450535283424,-1.5500622410327196,1.0,0.0196868817551862,0.0,1,0.1807880645486812,0.18216460459877223,0.1501433469024087,0.14497894085561597,1.0
chr8:134502205:T:C;chr8:134502223:A:T;var1;middle;OL41|K562|47c8baac12b72e2e,chr8:134502205:T:C;chr8:134502223:A:T;var1;middle;OL41,K562,K562_region_02107,100,118,18,CTCCTGCCGGGCTTAAATATCAAAGAATCCTCATTGTTTGATAAGCCTGCAGACAAAAGCCCATGGAATATCTCTAACTAGATCTAGTGGCCTCTGGTCTGCCCCTCCTTCTCTCCAACTCACTCCCTCCCCAACTTATCTGTGCATGCCTGACCCATCCATAGCTAATACATTTCTTGTGTGTGGATGCCTGGCGAAAG,3b70e0fa65c3e0ccf9471f81f8c0585d3e42e39ce7825825cf38e3d5becb3dc5,0.0,CTCCTGCCGGGCTTAAATATCAAAGAATCCTCATTGTTTGATAAGCCTGCAGACAAAAGCCCATGGAATATCTCTAACTAGATCTAGTGGCCTCTGGTCCGCCCCTCCTTCTCTCCAACTCACTCCCTCCCCAACTTATCTGTGCATGCCTGACCCATCCATAGCTAATACATTTCTTGTGTGTGGATGCCTGGCGAAAG,bf499a0590c40dce61c696f4faf4926d1a1714bd62f06359cc85b3123c13d2f0,0.153552187383862,CTCCTGCCGGGCTTAAATATCAAAGAATCCTCATTGTTTGATAAGCCTGCAGACAAAAGCCCATGGAATATCTCTAACTAGATCTAGTGGCCTCTGGTCTGCCCCTCCTTCTCTCCATCTCACTCCCTCCCCAACTTATCTGTGCATGCCTGACCCATCCATAGCTAATACATTTCTTGTGTGTGGATGCCTGGCGAAAG,3bbdd4c235bdf96911a77bccc52c495438474b1aecc1215a19f2593bd8d2751c,-0.576595146537301,CTCCTGCCGGGCTTAAATATCAAAGAATCCTCATTGTTTGATAAGCCTGCAGACAAAAGCCCATGGAATATCTCTAACTAGATCTAGTGGCCTCTGGTCCGCCCCTCCTTCTCTCCATCTCACTCCCTCCCCAACTTATCTGTGCATGCCTGACCCATCCATAGCTAATACATTTCTTGTGTGTGGATGCCTGGCGAAAG,47c8baac12b72e2e8e5dc7c0e4e4c94d4b7fd749cb30fe631d9aaa522bfa7f74,-0.365432959311304,0.057609999842135,0.508068072684527,-260.273803755641,-265.07709462940693,-257.3488670438528,-262.09262873232365,0.05952918529510498,-1.0,-0.057609999842135,0.0,2,0.1752811476768961,0.17490732828716207,0.146091925319964,0.267319552036216,1.0
chr8:142137634:T:C;chr8:142137704:G:A;var1;middle;OL41|K562|da812c65168c2f78,chr8:142137634:T:C;chr8:142137704:G:A;var1;middle;OL41,K562,K562_region_02108,100,170,70,AAACCTGTGAGTCAGGCTGCAGTCACGGCCTCACCCGGCTCAGGGAAGGAGGGAGAAATTCCTCAGGGCTCCCTTTTCTGATGTTGCCTTGCTTTGTACTTACTGTTCCTTTTCCTGTTCAGCTGATGACAGATGTTTGACATTAAGCATTTTAGAGTTTTGTTTTTTAGAAAATAGAATCATAGATTATCAGAAGTGGA,fb712292f7820049584b8b2b958926106890e4d40283f8ad880b65637358f80c,0.0,AAACCTGTGAGTCAGGCTGCAGTCACGGCCTCACCCGGCTCAGGGAAGGAGGGAGAAATTCCTCAGGGCTCCCTTTTCTGATGTTGCCTTGCTTTGTACCTACTGTTCCTTTTCCTGTTCAGCTGATGACAGATGTTTGACATTAAGCATTTTAGAGTTTTGTTTTTTAGAAAATAGAATCATAGATTATCAGAAGTGGA,fbe05ae680e9b44028d8c85886dba6b828e5ab2f0d317a3262bdcc94a2704569,-0.0776453538880911,AAACCTGTGAGTCAGGCTGCAGTCACGGCCTCACCCGGCTCAGGGAAGGAGGGAGAAATTCCTCAGGGCTCCCTTTTCTGATGTTGCCTTGCTTTGTACTTACTGTTCCTTTTCCTGTTCAGCTGATGACAGATGTTTGACATTAAGCATTTTAGAGTTTTGTTTTTTAAAAAATAGAATCATAGATTATCAGAAGTGGA,1d13c3336732e1c9a456c67b34e64d3466fe60bc60baa0ec5a5da1092638023b,0.0819336532859734,AAACCTGTGAGTCAGGCTGCAGTCACGGCCTCACCCGGCTCAGGGAAGGAGGGAGAAATTCCTCAGGGCTCCCTTTTCTGATGTTGCCTTGCTTTGTACCTACTGTTCCTTTTCCTGTTCAGCTGATGACAGATGTTTGACATTAAGCATTTTAGAGTTTTGTTTTTTAAAAAATAGAATCATAGATTATCAGAAGTGGA,da812c65168c2f782b48722fac75d2b852d265ddee7f5fa80da22f3b8792d730,-0.272610093148383,0.2768983925462653,0.260240983583644,-296.9867881387472,-295.4820539043285,-299.1337147722952,-296.82191620673984,-0.8070643311366439,1.0,0.2768983925462653,0.0,3,0.1798474185255611,0.18106719778262317,0.1474303780702046,-0.021686378052707428,1.0
chr8:142139187:C:T;chr8:142139251:T:C;var1;middle;OL41|K562|664e67a19a3cbe5c,chr8:142139187:C:T;chr8:142139251:T:C;var1;middle;OL41,K562,K562_region_02109,100,164,64,TGCCCTGGAGCAGCGCCCTGCTCCCCTCCCCTCTTCTCTCCTCTCCCCGCCCGGGGCCCTTGGTGTGAGACATGTCTTTTGAGAGCTGCGAACTTGGTCCGCCGGCCGGGAATCTGGGGGTGCCGCCCCTCGGAGAGTCTCTGGGGCCTCTCTCTTCAGTCGCTCCCATCTTGGGCAGGTGCTTCTGAAGGTGGGGTGCA,182710462f7e3b83aa77cd61f316ff011704cd8eae134b78720ac84d22ace156,0.0,TGCCCTGGAGCAGCGCCCTGCTCCCCTCCCCTCTTCTCTCCTCTCCCCGCCCGGGGCCCTTGGTGTGAGACATGTCTTTTGAGAGCTGCGAACTTGGTCTGCCGGCCGGGAATCTGGGGGTGCCGCCCCTCGGAGAGTCTCTGGGGCCTCTCTCTTCAGTCGCTCCCATCTTGGGCAGGTGCTTCTGAAGGTGGGGTGCA,0962ab37b64bdce4db54f9b198d164309ead3fa77289f5a1b314819eb15f494d,-0.305237724758059,TGCCCTGGAGCAGCGCCCTGCTCCCCTCCCCTCTTCTCTCCTCTCCCCGCCCGGGGCCCTTGGTGTGAGACATGTCTTTTGAGAGCTGCGAACTTGGTCCGCCGGCCGGGAATCTGGGGGTGCCGCCCCTCGGAGAGTCTCTGGGGCCTCTCTCTTCAGTCGCCCCCATCTTGGGCAGGTGCTTCTGAAGGTGGGGTGCA,2e74c09f2bc13e0a8a4720f243aea7d4440cad18f758da8c02b8e5b7ab57527b,0.0504755143291593,TGCCCTGGAGCAGCGCCCTGCTCCCCTCCCCTCTTCTCTCCTCTCCCCGCCCGGGGCCCTTGGTGTGAGACATGTCTTTTGAGAGCTGCGAACTTGGTCTGCCGGCCGGGAATCTGGGGGTGCCGCCCCTCGGAGAGTCTCTGGGGCCTCTCTCTTCAGTCGCCCCCATCTTGGGCAGGTGCTTCTGAAGGTGGGGTGCA,664e67a19a3cbe5cf270f4e545809287d0503f6a428c21f2694b80bb404ecafe,-0.390518672285735,0.1357564618568353,0.236931549606482,-335.69878612691537,-314.87354995589703,-333.6023872727528,-309.2050089873373,-3.572142114397195,1.0,0.1357564618568353,0.0,0,0.1811880361721258,0.18565657667894103,0.15145376406925343,0.19567050731072988,1.0
chr8:142307749:C:T;chr8:142307753:A:G;var1;middle;OL27|K562|ac589848974c1176,chr8:142307749:C:T;chr8:142307753:A:G;var1;middle;OL27,K562,K562_region_02110,100,104,4,TATCTGAACTTTACAACCACAAACTGGCACCAGCCACGGGCCCTTATCAGCACACAGCCTGGCTGCTGCAGAGATGGCACGAACTGTCAGGAACCAACCCGGGACTGACAGCCCGGCCAGTGGCCATGCCACACACAGCCTGCACCTGTGGACTTTCCATTTGCAGAGATCTAGGAAATGGCAAAATGCTTTCTTCTTTT,fd18ba81877cb39f43d6b97369e04dac9b43b767fcbc14d6f74b8d1e91e7ef6b,0.0,TATCTGAACTTTACAACCACAAACTGGCACCAGCCACGGGCCCTTATCAGCACACAGCCTGGCTGCTGCAGAGATGGCACGAACTGTCAGGAACCAACCTGGGACTGACAGCCCGGCCAGTGGCCATGCCACACACAGCCTGCACCTGTGGACTTTCCATTTGCAGAGATCTAGGAAATGGCAAAATGCTTTCTTCTTTT,2105bf6a932c7af0311041a33e847ed8d88f6351345d95a3a3c97e44f7327b84,-0.823442423471684,TATCTGAACTTTACAACCACAAACTGGCACCAGCCACGGGCCCTTATCAGCACACAGCCTGGCTGCTGCAGAGATGGCACGAACTGTCAGGAACCAACCCGGGGCTGACAGCCCGGCCAGTGGCCATGCCACACACAGCCTGCACCTGTGGACTTTCCATTTGCAGAGATCTAGGAAATGGCAAAATGCTTTCTTCTTTT,7f28a6b6682e16e52e1f8d699cf85ca84ce1af6baadcc461277f408e44dad9ed,-1.07310421968155,TATCTGAACTTTACAACCACAAACTGGCACCAGCCACGGGCCCTTATCAGCACACAGCCTGGCTGCTGCAGAGATGGCACGAACTGTCAGGAACCAACCTGGGGCTGACAGCCCGGCCAGTGGCCATGCCACACACAGCCTGCACCTGTGGACTTTCCATTTGCAGAGATCTAGGAAATGGCAAAATGCTTTCTTCTTTT,ac589848974c1176df4d15684681ff042495e24478b72d17a9bb7d01f37bbc02,-1.33830530442065,-0.5582413387325837,0.221559836089783,-297.77112499647774,-296.78109983494505,-298.6647892235778,-294.32936232723296,-3.345401734812185,1.0,-0.5582413387325837,0.0,2,0.17032329296236415,0.17490732828716207,0.146091925319964,0.28816669239229187,1.0
chr8:142456943:T:C;chr8:142456983:G:C;var1;middle;OL41|K562|9be6d9b8e3899376,chr8:142456943:T:C;chr8:142456983:G:C;var1;middle;OL41,K562,K562_region_02111,100,140,40,ACGCACATCATAATACAAACAAATGAAAAGAGTTGGCCCCAGCGGTTTTTAGACTTGCTTATTGGATTTTTGGAAATATGACCTGGTGCAGAGGGAAGATGAAGGCAGGCAGCCCTACTGAGGCCAGAATACGGTGGGCGGGGGAGCGGGCAACTGGCCGTGATGTCAGCCTGAGCATGTGCTGAGGACCAATGAGATGC,c1825987fa9b965acc390fed4471c7e9f04bec25a6cc2ac0705a47d8872da67e,0.0,ACGCACATCATAATACAAACAAATGAAAAGAGTTGGCCCCAGCGGTTTTTAGACTTGCTTATTGGATTTTTGGAAATATGACCTGGTGCAGAGGGAAGACGAAGGCAGGCAGCCCTACTGAGGCCAGAATACGGTGGGCGGGGGAGCGGGCAACTGGCCGTGATGTCAGCCTGAGCATGTGCTGAGGACCAATGAGATGC,bcd77b802b38eb8f9047a6450097ee6165ae42efc0ea9208796a3226af567219,0.121264875694096,ACGCACATCATAATACAAACAAATGAAAAGAGTTGGCCCCAGCGGTTTTTAGACTTGCTTATTGGATTTTTGGAAATATGACCTGGTGCAGAGGGAAGATGAAGGCAGGCAGCCCTACTGAGGCCAGAATACGGTGGGCCGGGGAGCGGGCAACTGGCCGTGATGTCAGCCTGAGCATGTGCTGAGGACCAATGAGATGC,d00b2e73034a90c3a673166749636e7c71a55b51ffb6891bfaf6afd961f750bf,-1.18880645188706,ACGCACATCATAATACAAACAAATGAAAAGAGTTGGCCCCAGCGGTTTTTAGACTTGCTTATTGGATTTTTGGAAATATGACCTGGTGCAGAGGGAAGACGAAGGCAGGCAGCCCTACTGAGGCCAGAATACGGTGGGCCGGGGAGCGGGCAACTGGCCGTGATGTCAGCCTGAGCATGTGCTGAGGACCAATGAGATGC,9be6d9b8e38993761553fd2d043fb85f142e4c3f7ebf1203176bff88d6aa8cf1,-1.14522448815892,-0.0776829119659558,0.191654791542048,-373.9426863961853,-373.33688012487255,-358.84975175606087,-370.74026844557375,-12.496322960825637,-1.0,0.0776829119659558,0.0,3,0.1563030843196444,0.18106719778262317,0.1474303780702046,0.08139887171360359,1.0
chr8:143799457:G:A;chr8:143799496:G:A;var1;middle;OL41|K562|bf069410b4576b5d,chr8:143799457:G:A;chr8:143799496:G:A;var1;middle;OL41,K562,K562_region_02112,100,139,39,CAGGGCGGCTGCCACACTGGGATCTGGCCTCTGAAGAGGGATGGCAGCTGCTGCCAGGGTCTGAGCTGGAAGGGCCTACGGCCTGAAACCCAGACCCCCGAGATGAGGTGTCCCTAGCAGTGGTTTGAGGTCTCTAGCGGGGAGATCAAGCTGATTCTGCAGAGTCGGGAACCAGCAACCCAGTTTTAGCAGCTAGGTGG,a854cd0d09c8ee7f03c6cb506421c3a5857fd79f87ace7b14d38e884e0afa8d4,0.0,CAGGGCGGCTGCCACACTGGGATCTGGCCTCTGAAGAGGGATGGCAGCTGCTGCCAGGGTCTGAGCTGGAAGGGCCTACGGCCTGAAACCCAGACCCCCAAGATGAGGTGTCCCTAGCAGTGGTTTGAGGTCTCTAGCGGGGAGATCAAGCTGATTCTGCAGAGTCGGGAACCAGCAACCCAGTTTTAGCAGCTAGGTGG,929515ff433545726817efcebb39b59b509def204d65bb235af89b9afc5487a4,-0.0843069911812486,CAGGGCGGCTGCCACACTGGGATCTGGCCTCTGAAGAGGGATGGCAGCTGCTGCCAGGGTCTGAGCTGGAAGGGCCTACGGCCTGAAACCCAGACCCCCGAGATGAGGTGTCCCTAGCAGTGGTTTGAGGTCTCTAGCAGGGAGATCAAGCTGATTCTGCAGAGTCGGGAACCAGCAACCCAGTTTTAGCAGCTAGGTGG,1c206d570fab6baf95b9e390010707c048295179ec0df985c09ebec3497e97bc,-0.118398762589105,CAGGGCGGCTGCCACACTGGGATCTGGCCTCTGAAGAGGGATGGCAGCTGCTGCCAGGGTCTGAGCTGGAAGGGCCTACGGCCTGAAACCCAGACCCCCAAGATGAGGTGTCCCTAGCAGTGGTTTGAGGTCTCTAGCAGGGAGATCAAGCTGATTCTGCAGAGTCGGGAACCAGCAACCCAGTTTTAGCAGCTAGGTGG,bf069410b4576b5d3614dc9e738a14272825002c576f6f39544a48c84c3f5e65,0.0664321149511007,0.2691378687214543,0.15447783168268,-344.1412641000934,-335.970985688502,-337.8959721464198,-331.2021374737378,-1.4764437389094383,-1.0,-0.2691378687214543,0.0,1,0.1808629669478766,0.18216460459877223,0.1501433469024087,0.07325804822660185,1.0
chr8:144093864:C:T;chr8:144093928:C:T;var1;middle;OL41|K562|a1d9877831f892d2,chr8:144093864:C:T;chr8:144093928:C:T;var1;middle;OL41,K562,K562_region_02113,100,164,64,ATGGGACCACACAAATAAGGAGGCTTCTCTGAGTGAGGCTTGCTGGACTTCCGTCAGCGACTCCTTCAGAGATCCCCCCCACGTGTTCAAACACACACACGACACCACCACAAGTGTTTCCACTCAGAGGCACTCACCACGCAGAAGCCGGGTCCAGCTGTCACGGAATCCAAAACCAAGCGGGGGTGACAGAAAGGAAA,a9dade46054b39b64c6d8a19563ad3150f0690dc7b0c4cf5372b10da063087ae,0.0,ATGGGACCACACAAATAAGGAGGCTTCTCTGAGTGAGGCTTGCTGGACTTCCGTCAGCGACTCCTTCAGAGATCCCCCCCACGTGTTCAAACACACACATGACACCACCACAAGTGTTTCCACTCAGAGGCACTCACCACGCAGAAGCCGGGTCCAGCTGTCACGGAATCCAAAACCAAGCGGGGGTGACAGAAAGGAAA,bac95a9c7d952c2e1b6df7d54c5bc700bf5583aea1afd08ab976b4bb11f10ed9,0.558342143677779,ATGGGACCACACAAATAAGGAGGCTTCTCTGAGTGAGGCTTGCTGGACTTCCGTCAGCGACTCCTTCAGAGATCCCCCCCACGTGTTCAAACACACACACGACACCACCACAAGTGTTTCCACTCAGAGGCACTCACCACGCAGAAGCCGGGTCCAGCTGTCATGGAATCCAAAACCAAGCGGGGGTGACAGAAAGGAAA,9eff125861a1d713978b1be27c1e291f408828c6e1c29058804a0972a71ebf90,0.171441164817948,ATGGGACCACACAAATAAGGAGGCTTCTCTGAGTGAGGCTTGCTGGACTTCCGTCAGCGACTCCTTCAGAGATCCCCCCCACGTGTTCAAACACACACATGACACCACCACAAGTGTTTCCACTCAGAGGCACTCACCACGCAGAAGCCGGGTCCAGCTGTCATGGAATCCAAAACCAAGCGGGGGTGACAGAAAGGAAA,a1d9877831f892d225b299e4a15801eba264d6dc78872f3e63c71ca2893e5f45,0.198123035496574,0.5316602729991531,0.264768947041024,-303.2499652185943,-316.43050185672473,-293.17165854596533,-311.2483942696126,4.896199085516855,1.0,0.5316602729991531,0.0,3,0.19133484849866633,0.18106719778262317,0.1474303780702046,0.2460528198575803,1.0
chr8:144093928:C:T;chr8:144094016:A:G;var1;middle;OL41|K562|7c305fb329e0037c,chr8:144093928:C:T;chr8:144094016:A:G;var1;middle;OL41,K562,K562_region_02113,100,188,88,TTCAGAGATCCCCCCCACGTGTTCAAACACACACACGACACCACCACAAGTGTTTCCACTCAGAGGCACTCACCACGCAGAAGCCGGGTCCAGCTGTCACGGAATCCAAAACCAAGCGGGGGTGACAGAAAGGAAAATAAGATCTTGGGTCCCCAGACTCACTATGCCAAAGGAAAAAGTTAAGCTTAGAAACTGAGTCA,1830bd799ad421524c9e69f13a1f2ac671c9653c0ad6c7286f1edfb86f0dab3f,0.0,TTCAGAGATCCCCCCCACGTGTTCAAACACACACACGACACCACCACAAGTGTTTCCACTCAGAGGCACTCACCACGCAGAAGCCGGGTCCAGCTGTCATGGAATCCAAAACCAAGCGGGGGTGACAGAAAGGAAAATAAGATCTTGGGTCCCCAGACTCACTATGCCAAAGGAAAAAGTTAAGCTTAGAAACTGAGTCA,3e6074559621665f479a15ec9e8f5638e8496573797933f9838e4b5ba45e764c,0.354486556244899,TTCAGAGATCCCCCCCACGTGTTCAAACACACACACGACACCACCACAAGTGTTTCCACTCAGAGGCACTCACCACGCAGAAGCCGGGTCCAGCTGTCACGGAATCCAAAACCAAGCGGGGGTGACAGAAAGGAAAATAAGATCTTGGGTCCCCAGACTCACTATGCCAAAGGAAAAAGTTAAGCTTGGAAACTGAGTCA,17046f5a344ac8645bbac81b5d96a2145ed04e02a52721e9cc12555509013c98,0.0002883972517955,TTCAGAGATCCCCCCCACGTGTTCAAACACACACACGACACCACCACAAGTGTTTCCACTCAGAGGCACTCACCACGCAGAAGCCGGGTCCAGCTGTCATGGAATCCAAAACCAAGCGGGGGTGACAGAAAGGAAAATAAGATCTTGGGTCCCCAGACTCACTATGCCAAAGGAAAAAGTTAAGCTTGGAAACTGAGTCA,7c305fb329e0037ca16346f3b3d8e5172f731c94b8002ba26a9dc5578fbb7e84,0.16799840774374,0.1867765457529545,0.621037443845697,-347.781280797557,-343.75763565849047,-348.2347165554529,-345.907576803118,1.6965053867315874,1.0,0.1867765457529545,0.0,3,0.18489007212855274,0.18106719778262317,0.1474303780702046,0.17635012231313213,1.0
chr8:144097333:C:T;chr8:144097377:C:G;var1;middle;OL41|K562|786ca50e3a3ad983,chr8:144097333:C:T;chr8:144097377:C:G;var1;middle;OL41,K562,K562_region_02114,100,144,44,GAGGGAGTCCTGTGTGAGGGGGAGGGAGTCCTGTGTGAGGGGGGAGGGAGTCCTGTGTGAGGAGGAGGAGGGAGTGCTGTGTGAGAAGGAGTGCTGCTACGTAAGAAGGAGGTAGATGTGTGGGGGGAGAGTTGGCATTCGGCCCGGTCAGGACTCCATGGCCCTTGTTACAGTTGTGGGTAGAAATGGAATCTCTGTGA,c07aa428abb7687c0d87d2edfa492bc7b790b97287bf651542a30e4f0500efdc,0.0,GAGGGAGTCCTGTGTGAGGGGGAGGGAGTCCTGTGTGAGGGGGGAGGGAGTCCTGTGTGAGGAGGAGGAGGGAGTGCTGTGTGAGAAGGAGTGCTGCTATGTAAGAAGGAGGTAGATGTGTGGGGGGAGAGTTGGCATTCGGCCCGGTCAGGACTCCATGGCCCTTGTTACAGTTGTGGGTAGAAATGGAATCTCTGTGA,63b0d6b3b5a368120d115811ec941ef034d9037532840e8b5dfad04f9933caf6,-0.416637901040102,GAGGGAGTCCTGTGTGAGGGGGAGGGAGTCCTGTGTGAGGGGGGAGGGAGTCCTGTGTGAGGAGGAGGAGGGAGTGCTGTGTGAGAAGGAGTGCTGCTACGTAAGAAGGAGGTAGATGTGTGGGGGGAGAGTTGGCATTCGGCGCGGTCAGGACTCCATGGCCCTTGTTACAGTTGTGGGTAGAAATGGAATCTCTGTGA,17536ed0cdf1fcdb13796fb827c75eb48578c5e08d74ed65f50cbbe632d9631c,0.328406784539557,GAGGGAGTCCTGTGTGAGGGGGAGGGAGTCCTGTGTGAGGGGGGAGGGAGTCCTGTGTGAGGAGGAGGAGGGAGTGCTGTGTGAGAAGGAGTGCTGCTATGTAAGAAGGAGGTAGATGTGTGGGGGGAGAGTTGGCATTCGGCGCGGTCAGGACTCCATGGCCCTTGTTACAGTTGTGGGTAGAAATGGAATCTCTGTGA,786ca50e3a3ad98391090bb29fea45f16ca355fc8dc3915e2d64b29d38b6bac5,-0.153113690421105,-0.06488257392056,0.176064942322787,-214.05839242052755,-210.52102909696987,-225.04837342572864,-222.14685407001525,-0.6358439678442949,-1.0,0.06488257392056,0.0,1,0.18171822666927698,0.18216460459877223,0.1501433469024087,0.19789566426525992,1.0
chr8:144097377:C:G;chr8:144097453:A:G;var1;middle;OL41|K562|8695f71cdf9a965c,chr8:144097377:C:G;chr8:144097453:A:G;var1;middle;OL41,K562,K562_region_02114,100,176,76,AGGGAGTCCTGTGTGAGGAGGAGGAGGGAGTGCTGTGTGAGAAGGAGTGCTGCTACGTAAGAAGGAGGTAGATGTGTGGGGGGAGAGTTGGCATTCGGCCCGGTCAGGACTCCATGGCCCTTGTTACAGTTGTGGGTAGAAATGGAATCTCTGTGACATCTCCTGCTCCCCTTTCACCTGCCCCAAGGCAGGTCTCCAGT,5ceb2b717e3b63495df2c0570bec631e33d90e68c9289a33a9ff87ba74ae69ac,0.0,AGGGAGTCCTGTGTGAGGAGGAGGAGGGAGTGCTGTGTGAGAAGGAGTGCTGCTACGTAAGAAGGAGGTAGATGTGTGGGGGGAGAGTTGGCATTCGGCGCGGTCAGGACTCCATGGCCCTTGTTACAGTTGTGGGTAGAAATGGAATCTCTGTGACATCTCCTGCTCCCCTTTCACCTGCCCCAAGGCAGGTCTCCAGT,59a5c04e6e78ca39621417b9d757d40cb8936bd4c2f6f2d2d13d703dd8e4152e,-0.0474168545624438,AGGGAGTCCTGTGTGAGGAGGAGGAGGGAGTGCTGTGTGAGAAGGAGTGCTGCTACGTAAGAAGGAGGTAGATGTGTGGGGGGAGAGTTGGCATTCGGCCCGGTCAGGACTCCATGGCCCTTGTTACAGTTGTGGGTAGAAATGGAATCTCTGTGACATCTCCTGCTCCCCTTTCGCCTGCCCCAAGGCAGGTCTCCAGT,ace90285a5df8554f6640043d0f777201b641b4e2e33a860b92530481b54f299,0.17878758721738,AGGGAGTCCTGTGTGAGGAGGAGGAGGGAGTGCTGTGTGAGAAGGAGTGCTGCTACGTAAGAAGGAGGTAGATGTGTGGGGGGAGAGTTGGCATTCGGCGCGGTCAGGACTCCATGGCCCTTGTTACAGTTGTGGGTAGAAATGGAATCTCTGTGACATCTCCTGCTCCCCTTTCGCCTGCCCCAAGGCAGGTCTCCAGT,8695f71cdf9a965cb7b315682524e41c07e92c5e3eed1657ddb04679d632aa06,-0.117997035811544,0.2493677684664802,0.186609425715461,-283.3142257938161,-277.1650114390068,-301.4243874740787,-296.7836522036232,1.5084790843538372,1.0,0.2493677684664802,0.0,1,0.18389994643573795,0.18216460459877223,0.1501433469024087,-0.005699683465244992,1.0
chr8:144303000:T:C;chr8:144303071:G:A;var1;middle;OL41|K562|d52613e5fac05f36,chr8:144303000:T:C;chr8:144303071:G:A;var1;middle;OL41,K562,K562_region_02115,100,171,71,AGGGAGCCCAGGAACCCAGGGAAAGGGAACCCTGCCACGCCCCTCCCCGAAACCTCTCGCAGCTTCTAACTCCCTGGGCCTTGGCTCCGGACCACTGCTTCAGGAAACACAAACTCCACCTCCCCGTGAAGAGACCCAGCATCTGAGAAACAAGATGAAGGGAAGGGGGCGAAACCTCGGCTGGATGTCATCCTACCAAA,83c94fcd00d699abfb9c4eb251902b692c4cf78f9b81a7e6b0f902b9af641756,0.0,AGGGAGCCCAGGAACCCAGGGAAAGGGAACCCTGCCACGCCCCTCCCCGAAACCTCTCGCAGCTTCTAACTCCCTGGGCCTTGGCTCCGGACCACTGCTCCAGGAAACACAAACTCCACCTCCCCGTGAAGAGACCCAGCATCTGAGAAACAAGATGAAGGGAAGGGGGCGAAACCTCGGCTGGATGTCATCCTACCAAA,6038a7b85e8b80dd507bdb4d4032fd3ec0d3f6e39461606e64e8a1d4fedbc920,0.210926202362207,AGGGAGCCCAGGAACCCAGGGAAAGGGAACCCTGCCACGCCCCTCCCCGAAACCTCTCGCAGCTTCTAACTCCCTGGGCCTTGGCTCCGGACCACTGCTTCAGGAAACACAAACTCCACCTCCCCGTGAAGAGACCCAGCATCTGAGAAACAAGATGAAGGGAAGGGGGCAAAACCTCGGCTGGATGTCATCCTACCAAA,5b97b039f57684d207a5087cf1a2a7f809b44db023898ffe693a406cb7127d9c,-0.236832214097008,AGGGAGCCCAGGAACCCAGGGAAAGGGAACCCTGCCACGCCCCTCCCCGAAACCTCTCGCAGCTTCTAACTCCCTGGGCCTTGGCTCCGGACCACTGCTCCAGGAAACACAAACTCCACCTCCCCGTGAAGAGACCCAGCATCTGAGAAACAAGATGAAGGGAAGGGGGCAAAACCTCGGCTGGATGTCATCCTACCAAA,d52613e5fac05f36571d5fdb0a0f8ae6fdb8730cd1beeec4bc11bad7ae512df5,-0.24596722491269,0.220061213177889,0.350485907200063,-385.9161498853937,-374.5512843844481,-382.6099231070839,-372.422791115474,1.1777335093357237,1.0,0.220061213177889,0.0,3,0.1838451693810836,0.18106719778262317,0.1474303780702046,0.16891133379514228,1.0
chr8:144683934:C:T;chr8:144683975:A:G;var1;middle;OL41|K562|6387bcab3c339a7b,chr8:144683934:C:T;chr8:144683975:A:G;var1;middle;OL41,K562,K562_region_02116,100,141,41,CCCTTTTGTTGGCCCGGGTCCCAGGAGGCTGGTGTCGGTGAGGGCAGGCCCGCTCCTCTCATCGGGGTGGCTGTGGCCTGTCCCCCAGTCCCTCAATGGCCACTTTCTATAAACAAGGCAGCACTAATTTTTGCTATAAGATAAAAGAGGCCAGGCACGTTGGCTCACACCTGTCATCCCAGCACTTTGGGAGGCTGAGG,66ed17a8a13c946102ae46f59b595ff2673c6fd29b626aaf3c4e4792e189a6e1,0.0,CCCTTTTGTTGGCCCGGGTCCCAGGAGGCTGGTGTCGGTGAGGGCAGGCCCGCTCCTCTCATCGGGGTGGCTGTGGCCTGTCCCCCAGTCCCTCAATGGTCACTTTCTATAAACAAGGCAGCACTAATTTTTGCTATAAGATAAAAGAGGCCAGGCACGTTGGCTCACACCTGTCATCCCAGCACTTTGGGAGGCTGAGG,eea285634efacf2f4f039525805e37762af3846282d3f81d7df9acbe5ca11a58,-0.152449236042377,CCCTTTTGTTGGCCCGGGTCCCAGGAGGCTGGTGTCGGTGAGGGCAGGCCCGCTCCTCTCATCGGGGTGGCTGTGGCCTGTCCCCCAGTCCCTCAATGGCCACTTTCTATAAACAAGGCAGCACTAATTTTTGCTATAAGGTAAAAGAGGCCAGGCACGTTGGCTCACACCTGTCATCCCAGCACTTTGGGAGGCTGAGG,e6cda862d16b9a4ceee250615b4f0025cbc1c8b42b389cced13312d8861fb0f2,-0.200656747035251,CCCTTTTGTTGGCCCGGGTCCCAGGAGGCTGGTGTCGGTGAGGGCAGGCCCGCTCCTCTCATCGGGGTGGCTGTGGCCTGTCCCCCAGTCCCTCAATGGTCACTTTCTATAAACAAGGCAGCACTAATTTTTGCTATAAGGTAAAAGAGGCCAGGCACGTTGGCTCACACCTGTCATCCCAGCACTTTGGGAGGCTGAGG,6387bcab3c339a7bc9c4bc7847dc175c23b5bec418ab299f4d65d4ecd000282e,-0.0739852423455948,0.2791207407320332,0.392527344094238,-198.8719039233401,-200.5501661105081,-200.10723951924592,-201.7725043799728,0.01299732644110918,-1.0,-0.2791207407320332,0.0,2,0.1752133935282193,0.17490732828716207,0.146091925319964,0.27295414811912555,1.0
chr8:144766644:A:T;chr8:144766661:G:T;var1;middle;OL41|K562|440a28097323a341,chr8:144766644:A:T;chr8:144766661:G:T;var1;middle;OL41,K562,K562_region_02117,100,117,17,AGGCGGGCGGCCTGGACGGCCTGGAAGGCCAGCGCGCACCACCGAGACGTGGGCTCCTAGAGGGGCCGGAAGCTTTCGGATAACAACTTCCGCTCGGGAAGTTTGTAAAAGTCTGGGCTACCGGCGCGGCGTAGTGGATGCAGCATCCTAGTGGAGGACGCCCCTGTGGTGAGTGCGCCCGTGTCCCCCGCCGCCCCTCC,3e53af40da13b2da85286ef6917e253c78371ce03a192132e6e3f4f64085a85c,0.0,AGGCGGGCGGCCTGGACGGCCTGGAAGGCCAGCGCGCACCACCGAGACGTGGGCTCCTAGAGGGGCCGGAAGCTTTCGGATAACAACTTCCGCTCGGGATGTTTGTAAAAGTCTGGGCTACCGGCGCGGCGTAGTGGATGCAGCATCCTAGTGGAGGACGCCCCTGTGGTGAGTGCGCCCGTGTCCCCCGCCGCCCCTCC,181e8ca0747b7a63119cdfeae81ce830f7ab05a998dee878272ca3e28839a79a,0.0577572452267626,AGGCGGGCGGCCTGGACGGCCTGGAAGGCCAGCGCGCACCACCGAGACGTGGGCTCCTAGAGGGGCCGGAAGCTTTCGGATAACAACTTCCGCTCGGGAAGTTTGTAAAAGTCTGGTCTACCGGCGCGGCGTAGTGGATGCAGCATCCTAGTGGAGGACGCCCCTGTGGTGAGTGCGCCCGTGTCCCCCGCCGCCCCTCC,197493507fbd01e5732010a640e62ad06dc6b1744c4e2ee4fcccde5970cc11ae,-0.0489329052030676,AGGCGGGCGGCCTGGACGGCCTGGAAGGCCAGCGCGCACCACCGAGACGTGGGCTCCTAGAGGGGCCGGAAGCTTTCGGATAACAACTTCCGCTCGGGATGTTTGTAAAAGTCTGGTCTACCGGCGCGGCGTAGTGGATGCAGCATCCTAGTGGAGGACGCCCCTGTGGTGAGTGCGCCCGTGTCCCCCGCCGCCCCTCC,440a28097323a34166c493fd388a49e92c06d52becb965052d758a3c1b4c5040,-0.223069819677608,0.231894159701303,0.206748994693693,-434.4341889147181,-450.3106106668711,-417.8114496557973,-436.8504304205999,3.162559012649581,1.0,0.231894159701303,0.0,4,0.18011903771235505,0.17620727786206916,0.145609630836647,0.06664911943953855,1.0
chr8:144766644:A:T;chr8:144766686:A:T;var1;middle;OL41|K562|de20bfaa6fda77ac,chr8:144766644:A:T;chr8:144766686:A:T;var1;middle;OL41,K562,K562_region_02117,100,142,42,AGGCGGGCGGCCTGGACGGCCTGGAAGGCCAGCGCGCACCACCGAGACGTGGGCTCCTAGAGGGGCCGGAAGCTTTCGGATAACAACTTCCGCTCGGGAAGTTTGTAAAAGTCTGGGCTACCGGCGCGGCGTAGTGGATGCAGCATCCTAGTGGAGGACGCCCCTGTGGTGAGTGCGCCCGTGTCCCCCGCCGCCCCTCC,3e53af40da13b2da85286ef6917e253c78371ce03a192132e6e3f4f64085a85c,0.0,AGGCGGGCGGCCTGGACGGCCTGGAAGGCCAGCGCGCACCACCGAGACGTGGGCTCCTAGAGGGGCCGGAAGCTTTCGGATAACAACTTCCGCTCGGGATGTTTGTAAAAGTCTGGGCTACCGGCGCGGCGTAGTGGATGCAGCATCCTAGTGGAGGACGCCCCTGTGGTGAGTGCGCCCGTGTCCCCCGCCGCCCCTCC,181e8ca0747b7a63119cdfeae81ce830f7ab05a998dee878272ca3e28839a79a,0.0577259770137358,AGGCGGGCGGCCTGGACGGCCTGGAAGGCCAGCGCGCACCACCGAGACGTGGGCTCCTAGAGGGGCCGGAAGCTTTCGGATAACAACTTCCGCTCGGGAAGTTTGTAAAAGTCTGGGCTACCGGCGCGGCGTAGTGGATGCTGCATCCTAGTGGAGGACGCCCCTGTGGTGAGTGCGCCCGTGTCCCCCGCCGCCCCTCC,e1f26109b46e8eb0293f576a1d4bd88b2ca0a3ee077461addbbd713d3bf69b96,0.112667525745639,AGGCGGGCGGCCTGGACGGCCTGGAAGGCCAGCGCGCACCACCGAGACGTGGGCTCCTAGAGGGGCCGGAAGCTTTCGGATAACAACTTCCGCTCGGGATGTTTGTAAAAGTCTGGGCTACCGGCGCGGCGTAGTGGATGCTGCATCCTAGTGGAGGACGCCCCTGTGGTGAGTGCGCCCGTGTCCCCCGCCGCCCCTCC,de20bfaa6fda77ac407e5fcde831df04ece585ccc1f344220437c674825ff8b0,0.0164460077461244,0.1539474950132504,0.196795843538847,-434.4341889147181,-450.3106106668711,-443.07344779977575,-467.6393197346479,8.689450182719213,1.0,0.1539474950132504,0.0,4,0.18696912918296105,0.17620727786206916,0.145609630836647,0.055119955163915074,1.0
chr8:144766661:G:T;chr8:144766686:A:T;var1;middle;OL41|K562|2ce7fe9a6a4b7be4,chr8:144766661:G:T;chr8:144766686:A:T;var1;middle;OL41,K562,K562_region_02117,100,125,25,GGCCTGGAAGGCCAGCGCGCACCACCGAGACGTGGGCTCCTAGAGGGGCCGGAAGCTTTCGGATAACAACTTCCGCTCGGGAAGTTTGTAAAAGTCTGGGCTACCGGCGCGGCGTAGTGGATGCAGCATCCTAGTGGAGGACGCCCCTGTGGTGAGTGCGCCCGTGTCCCCCGCCGCCCCTCCGTCCCTGGGTCGTGGGC,3b0e1192e4dc8fcfb9d3d63ab3f07044b740086481bdb8ec9fd26c47faef49b5,0.0,GGCCTGGAAGGCCAGCGCGCACCACCGAGACGTGGGCTCCTAGAGGGGCCGGAAGCTTTCGGATAACAACTTCCGCTCGGGAAGTTTGTAAAAGTCTGGTCTACCGGCGCGGCGTAGTGGATGCAGCATCCTAGTGGAGGACGCCCCTGTGGTGAGTGCGCCCGTGTCCCCCGCCGCCCCTCCGTCCCTGGGTCGTGGGC,082c26477a04519b302cba75f2ad66853f16acd56878afcbeed8962ee766c2de,-0.273263401627204,GGCCTGGAAGGCCAGCGCGCACCACCGAGACGTGGGCTCCTAGAGGGGCCGGAAGCTTTCGGATAACAACTTCCGCTCGGGAAGTTTGTAAAAGTCTGGGCTACCGGCGCGGCGTAGTGGATGCTGCATCCTAGTGGAGGACGCCCCTGTGGTGAGTGCGCCCGTGTCCCCCGCCGCCCCTCCGTCCCTGGGTCGTGGGC,1dd0ab5a6f9daaf6414cc9e082cfc40ad8fdbf2ca15548ddfd7d959c46a6264b,0.0650548764126239,GGCCTGGAAGGCCAGCGCGCACCACCGAGACGTGGGCTCCTAGAGGGGCCGGAAGCTTTCGGATAACAACTTCCGCTCGGGAAGTTTGTAAAAGTCTGGTCTACCGGCGCGGCGTAGTGGATGCTGCATCCTAGTGGAGGACGCCCCTGTGGTGAGTGCGCCCGTGTCCCCCGCCGCCCCTCCGTCCCTGGGTCGTGGGC,2ce7fe9a6a4b7be48c38fea68877d00e4138c9f9323c9805aaf0dbc92ac4c889,0.006253915291071,0.214462440505651,0.249658794572813,-389.5660279262811,-362.184927623719,-418.1274827495217,-397.78741808142513,-7.041035634465516,-1.0,-0.214462440505651,0.0,4,0.1674725870204657,0.17620727786206916,0.145609630836647,0.13894594431917362,1.0
chr8:144957899:G:A;chr8:144957951:T:C;var1;middle;OL41|K562|a9b0f293a2b427c5,chr8:144957899:G:A;chr8:144957951:T:C;var1;middle;OL41,K562,K562_region_02118,100,152,52,AGCCCTGCGCAGCCTGCCGCCTCTCCCTGGGCCCAGTTCCTACCTGCAGGCACTGTACGGCCCCTCCTGGCCCTCGGGCTCCAGCCGCCCTGCCACAGCGCAGCCAGGAGAGTGTCCTGGCCACTTCGAAGCTGTGGGCTGCCAGGAAAAGTTGCTCCAGGACCCCCGAACTCCGGACCAAGACCGGGCAGCCGGCATTG,7d59a002e1c234028b76b613aa3a685067390cf433486c42046b55f5eac229d4,0.0,AGCCCTGCGCAGCCTGCCGCCTCTCCCTGGGCCCAGTTCCTACCTGCAGGCACTGTACGGCCCCTCCTGGCCCTCGGGCTCCAGCCGCCCTGCCACAGCACAGCCAGGAGAGTGTCCTGGCCACTTCGAAGCTGTGGGCTGCCAGGAAAAGTTGCTCCAGGACCCCCGAACTCCGGACCAAGACCGGGCAGCCGGCATTG,25b18175df71d10ea47b9a4cc3d8b22ecd3f18f9d0bbdd18fe4261d976c3b645,-0.717093559161822,AGCCCTGCGCAGCCTGCCGCCTCTCCCTGGGCCCAGTTCCTACCTGCAGGCACTGTACGGCCCCTCCTGGCCCTCGGGCTCCAGCCGCCCTGCCACAGCGCAGCCAGGAGAGTGTCCTGGCCACTTCGAAGCTGTGGGCTGCCAGGAAAAGCTGCTCCAGGACCCCCGAACTCCGGACCAAGACCGGGCAGCCGGCATTG,2539f5429ab7930fcf1e6ddcd235b4ae827e60e69b0e08e5f6ea56a19e61a3f5,-0.669889029135616,AGCCCTGCGCAGCCTGCCGCCTCTCCCTGGGCCCAGTTCCTACCTGCAGGCACTGTACGGCCCCTCCTGGCCCTCGGGCTCCAGCCGCCCTGCCACAGCACAGCCAGGAGAGTGTCCTGGCCACTTCGAAGCTGTGGGCTGCCAGGAAAAGCTGCTCCAGGACCCCCGAACTCCGGACCAAGACCGGGCAGCCGGCATTG,a9b0f293a2b427c59734d74a19066e78aca5449b1412f250e84e2407bf44056d,-0.295506599347739,1.091475988949699,0.50562709388653,-238.47039544768631,-275.20948187448084,-238.1649842727929,-257.1797446850687,17.724326014518738,-1.0,-1.091475988949699,0.0,3,0.21717307461894647,0.18106719778262317,0.1474303780702046,0.25145381864432786,1.0
chr8:145128890:A:G;chr8:145128896:T:A;var1;middle;OL41|K562|0f834efc2ca49dcd,chr8:145128890:A:G;chr8:145128896:T:A;var1;middle;OL41,K562,K562_region_02119,100,106,6,TACTGTGTGGCAATGAGCTCATGTTCCTGGGACTCACTGTCTCCCAAACCCTTGTCAGCCCAACGGAATAGTGGCACAGTCTGCTGAAGGCCCTGCCCCACTGCCTGCTGGATGTCAGCCCCTTCCAGGGAGGGGCACTTCTGCTGGGATACGGCCTGTGCTGCTGTAAGGAGTTGGCGCTCGAGAAACAGGCTCACCAG,e56933d931223679a79a3a348a87052849cd765660184b9f02d6eb43122b18ba,0.0,TACTGTGTGGCAATGAGCTCATGTTCCTGGGACTCACTGTCTCCCAAACCCTTGTCAGCCCAACGGAATAGTGGCACAGTCTGCTGAAGGCCCTGCCCCGCTGCCTGCTGGATGTCAGCCCCTTCCAGGGAGGGGCACTTCTGCTGGGATACGGCCTGTGCTGCTGTAAGGAGTTGGCGCTCGAGAAACAGGCTCACCAG,2a2d194177704b04ab04136393c23cb6ea0913b9b8a1a09850b99303d44b54a6,-0.186631788360014,TACTGTGTGGCAATGAGCTCATGTTCCTGGGACTCACTGTCTCCCAAACCCTTGTCAGCCCAACGGAATAGTGGCACAGTCTGCTGAAGGCCCTGCCCCACTGCCAGCTGGATGTCAGCCCCTTCCAGGGAGGGGCACTTCTGCTGGGATACGGCCTGTGCTGCTGTAAGGAGTTGGCGCTCGAGAAACAGGCTCACCAG,b4880fed861dffaa0325e739305a4a83bdbdbee5302a90a79a52a1d1afe712b3,-0.745954375499041,TACTGTGTGGCAATGAGCTCATGTTCCTGGGACTCACTGTCTCCCAAACCCTTGTCAGCCCAACGGAATAGTGGCACAGTCTGCTGAAGGCCCTGCCCCGCTGCCAGCTGGATGTCAGCCCCTTCCAGGGAGGGGCACTTCTGCTGGGATACGGCCTGTGCTGCTGTAAGGAGTTGGCGCTCGAGAAACAGGCTCACCAG,0f834efc2ca49dcde88c75e9c925ab2dd08b023972587503993768cdffdae814,-0.691013616844566,0.241572547014489,0.228315092465145,-269.68048434332013,-274.81422843784094,-259.9714281409979,-258.18248327076435,6.922688964754343,-1.0,-0.241572547014489,0.0,3,0.19541657485045505,0.18106719778262317,0.1474303780702046,0.09996869373889904,1.0
chr8:145162285:C:A;chr8:145162372:C:T;var1;middle;OL41|K562|7f09dc3f05e51bd5,chr8:145162285:C:A;chr8:145162372:C:T;var1;middle;OL41,K562,K562_region_02120,100,187,87,ACTCACCCCTCAGACTCCTGCTGCCCATGCTGTGGCCGGACTTGTCAGCAGGGGGCCTGGTGGGAGGAGCGACTGCCCTGCCCAAATGAACTGCCACAGCAGGGACAGCTGGACCGCAGAGTTTATTTTTGTATTTCTACTGGGCCTGCACACTCCAGCCCAAAGGGTCTGTGGCCGGAGGCCCCACGAGCAGGCCCCAG,16a1366ccee790df11f20e139a5855e5189dca2d308f20f940062ea0c5ac41d7,0.0,ACTCACCCCTCAGACTCCTGCTGCCCATGCTGTGGCCGGACTTGTCAGCAGGGGGCCTGGTGGGAGGAGCGACTGCCCTGCCCAAATGAACTGCCACAGAAGGGACAGCTGGACCGCAGAGTTTATTTTTGTATTTCTACTGGGCCTGCACACTCCAGCCCAAAGGGTCTGTGGCCGGAGGCCCCACGAGCAGGCCCCAG,28364f04bd3d1e7fca781dd388d3f9f49a6024940fc3b81b73fd24f5327f1528,-0.213114614076465,ACTCACCCCTCAGACTCCTGCTGCCCATGCTGTGGCCGGACTTGTCAGCAGGGGGCCTGGTGGGAGGAGCGACTGCCCTGCCCAAATGAACTGCCACAGCAGGGACAGCTGGACCGCAGAGTTTATTTTTGTATTTCTACTGGGCCTGCACACTCCAGCCCAAAGGGTCTGTGGCCGGAGGCCCCATGAGCAGGCCCCAG,ad4419fe6c2d44680ea4a84106a840ec4e1ff19b5d0033fc16450fc131d8cb6d,-0.132029353078585,ACTCACCCCTCAGACTCCTGCTGCCCATGCTGTGGCCGGACTTGTCAGCAGGGGGCCTGGTGGGAGGAGCGACTGCCCTGCCCAAATGAACTGCCACAGAAGGGACAGCTGGACCGCAGAGTTTATTTTTGTATTTCTACTGGGCCTGCACACTCCAGCCCAAAGGGTCTGTGGCCGGAGGCCCCATGAGCAGGCCCCAG,7f09dc3f05e51bd5c56a076af3c00eac0e5ca395e6b3ebc58d701091fc5d7fb1,0.0265159155670166,0.3716598827220666,0.245441034228435,-264.09658273495734,-248.50439091399312,-244.4813108555973,-243.3343004975468,-14.445181462913752,-1.0,-0.3716598827220666,0.0,4,0.15829580487913447,0.17620727786206916,0.145609630836647,0.29808108488062207,1.0
chr8:145545920:C:T;chr8:145545949:T:C;var1;middle;OL31|K562|817abf236b86a691,chr8:145545920:C:T;chr8:145545949:T:C;var1;middle;OL31,K562,K562_region_02121,100,129,29,TGGTCCTCAGCATACTGCACAGGTGGAAGAGGGCACCCAGCCCAATAGAGGGACTGCCATATAGCTAGGACAAGGACAGCAAGAGCTTGGCCAGGCCCCCACACGTCCTAGGAAGCAGTGCTGGCTCATATACACTAGCTGCAGGCCCGCCTCACCCCCCATCTGCCGTGCCACTGGGACACCACACACAGCATTGAGCA,efd376d09a8e8849f7c347dea47dd124db6c8fbc60023fbaf442e1fcaa337ebe,0.0,TGGTCCTCAGCATACTGCACAGGTGGAAGAGGGCACCCAGCCCAATAGAGGGACTGCCATATAGCTAGGACAAGGACAGCAAGAGCTTGGCCAGGCCCCTACACGTCCTAGGAAGCAGTGCTGGCTCATATACACTAGCTGCAGGCCCGCCTCACCCCCCATCTGCCGTGCCACTGGGACACCACACACAGCATTGAGCA,0b9d308e77d35337436e5801a22677689d81ff00ceb1ab39142c3fe2eb57ed07,-0.0254312749653126,TGGTCCTCAGCATACTGCACAGGTGGAAGAGGGCACCCAGCCCAATAGAGGGACTGCCATATAGCTAGGACAAGGACAGCAAGAGCTTGGCCAGGCCCCCACACGTCCTAGGAAGCAGTGCTGGCTCACATACACTAGCTGCAGGCCCGCCTCACCCCCCATCTGCCGTGCCACTGGGACACCACACACAGCATTGAGCA,f9efb36e2f6c4897b2a952ec0eb2f72fb81ebbaabffc4a8d65a0f131395e3265,0.12955690977014,TGGTCCTCAGCATACTGCACAGGTGGAAGAGGGCACCCAGCCCAATAGAGGGACTGCCATATAGCTAGGACAAGGACAGCAAGAGCTTGGCCAGGCCCCTACACGTCCTAGGAAGCAGTGCTGGCTCACATACACTAGCTGCAGGCCCGCCTCACCCCCCATCTGCCGTGCCACTGGGACACCACACACAGCATTGAGCA,817abf236b86a691278e0bd845675dbebcb9ec0759a36fce3a733b04d076aafc,-0.0545544001014345,0.1586800349062619,0.370526236861457,-253.75770261883736,-251.3965840190649,-251.81157591938967,-249.06625536084167,-0.38420195877554875,1.0,0.1586800349062619,0.0,0,0.18528258953840546,0.18565657667894103,0.15145376406925343,0.22057146893612073,1.0
chr8:145545949:T:C;chr8:145546036:A:G;var1;middle;OL31|K562|78544428cf4ffa15,chr8:145545949:T:C;chr8:145546036:A:G;var1;middle;OL31,K562,K562_region_02121,100,187,87,AGGGCACCCAGCCCAATAGAGGGACTGCCATATAGCTAGGACAAGGACAGCAAGAGCTTGGCCAGGCCCCCACACGTCCTAGGAAGCAGTGCTGGCTCATATACACTAGCTGCAGGCCCGCCTCACCCCCCATCTGCCGTGCCACTGGGACACCACACACAGCATTGAGCAAGTCCTCAACTTTGTAAGAGGAGAGGCCA,ec927b4ffc474298e4dfa67dd279576f2ffd047ae065443a90090301cef3f889,0.0,AGGGCACCCAGCCCAATAGAGGGACTGCCATATAGCTAGGACAAGGACAGCAAGAGCTTGGCCAGGCCCCCACACGTCCTAGGAAGCAGTGCTGGCTCACATACACTAGCTGCAGGCCCGCCTCACCCCCCATCTGCCGTGCCACTGGGACACCACACACAGCATTGAGCAAGTCCTCAACTTTGTAAGAGGAGAGGCCA,ff91fc1d4bfafcdc33e0182d66a5ad30d8ca7e8d02fd3d6fcab6847eb014ba98,-0.219906579890018,AGGGCACCCAGCCCAATAGAGGGACTGCCATATAGCTAGGACAAGGACAGCAAGAGCTTGGCCAGGCCCCCACACGTCCTAGGAAGCAGTGCTGGCTCATATACACTAGCTGCAGGCCCGCCTCACCCCCCATCTGCCGTGCCACTGGGACACCACACACAGCATTGAGCAAGTCCTCAACTTTGTGAGAGGAGAGGCCA,ef01254a3656fac47e4a29f46ad6c0d54cbf9b5c760b8f36898afe6ff04271a9,-0.26390953994949,AGGGCACCCAGCCCAATAGAGGGACTGCCATATAGCTAGGACAAGGACAGCAAGAGCTTGGCCAGGCCCCCACACGTCCTAGGAAGCAGTGCTGGCTCACATACACTAGCTGCAGGCCCGCCTCACCCCCCATCTGCCGTGCCACTGGGACACCACACACAGCATTGAGCAAGTCCTCAACTTTGTGAGAGGAGAGGCCA,78544428cf4ffa156014ade3b916c59b2fe056ea0373006eb3ecc92b9bd67b45,-0.103049472346903,0.380766647492605,0.355530253966008,-255.70103123784065,-251.2639028429985,-259.04003432393074,-254.71049559116364,-0.10758966207504272,-1.0,-0.380766647492605,0.0,0,0.18563786716449646,0.18565657667894103,0.15145376406925343,0.3563771575354001,1.0
chr8:145596535:C:A;chr8:145596624:C:T;var1;middle;OL41|K562|d58a53de4900ec7f,chr8:145596535:C:A;chr8:145596624:C:T;var1;middle;OL41,K562,K562_region_02122,100,189,89,GGGTTCAGTCCCAGTGGGAGGAGCAAGAGGACTGTAAGAAGATGAGGACGAGGAGCCATGTGGGAGGAGGAGGGGCCACTTGTGGGAGGAGGAGGGGCCCCTTGTGGGCGGAGGAGGGGTCACTGGTGGGAGGAGGAGGGGCCACTGGTGGGAGGAGGAGGGGCCACTGGTGGGAGGAGGAGGGGCCACTGGTGGGAGGA,356c9665ad42fd2dcf2b1382833514ed690a01e11de7b6d0223fb3695cb3ed58,0.0,GGGTTCAGTCCCAGTGGGAGGAGCAAGAGGACTGTAAGAAGATGAGGACGAGGAGCCATGTGGGAGGAGGAGGGGCCACTTGTGGGAGGAGGAGGGGCCACTTGTGGGCGGAGGAGGGGTCACTGGTGGGAGGAGGAGGGGCCACTGGTGGGAGGAGGAGGGGCCACTGGTGGGAGGAGGAGGGGCCACTGGTGGGAGGA,735225fff99890cb67bf91e5817eb2df21aba2be35648d0973bfd48096284aa3,-0.242779590922052,GGGTTCAGTCCCAGTGGGAGGAGCAAGAGGACTGTAAGAAGATGAGGACGAGGAGCCATGTGGGAGGAGGAGGGGCCACTTGTGGGAGGAGGAGGGGCCCCTTGTGGGCGGAGGAGGGGTCACTGGTGGGAGGAGGAGGGGCCACTGGTGGGAGGAGGAGGGGCCACTGGTGGGAGGAGGAGGGGCCATTGGTGGGAGGA,3b3129f12af0de679312809f9ff68e71f6a4d125663f4cb5138132bda3a7fe89,-0.171852845300885,GGGTTCAGTCCCAGTGGGAGGAGCAAGAGGACTGTAAGAAGATGAGGACGAGGAGCCATGTGGGAGGAGGAGGGGCCACTTGTGGGAGGAGGAGGGGCCACTTGTGGGCGGAGGAGGGGTCACTGGTGGGAGGAGGAGGGGCCACTGGTGGGAGGAGGAGGGGCCACTGGTGGGAGGAGGAGGGGCCATTGGTGGGAGGA,d58a53de4900ec7f6c0d498cb82970aba28e94e9aadcd46a35d559f7aec33f10,0.133738116263725,0.548370552486662,0.199258028145694,-105.16486954921857,-98.75141408806668,-110.15371130767744,-103.70301180437671,0.037244042148827816,-1.0,-0.548370552486662,0.0,0,0.18582388989460788,0.18565657667894103,0.15145376406925343,0.12745405453362096,1.0
chr8:146061978:G:A;chr8:146062030:C:T;var1;middle;OL41|K562|c7401c7834a7adf9,chr8:146061978:G:A;chr8:146062030:C:T;var1;middle;OL41,K562,K562_region_02123,100,152,52,GCCTGGGCGCGTGTTCTGTGGTATGTTCTTTGGCATGTCTGTGACTCAGTTTGTGGCTTGACCCAAGGCTGTTTCTTTGTTCCACATGTACTTGGAGAGGATATGCATTTTCTGTTGAATGTGGAGTCCTGCCTGCATCTGGGGGTTTCAGCTTATTGGCTATAGGCCTTTGGAATCTCTGCCTGCCTCTTTCCTTCCAG,4dc23c3969c2c12431449d8c384f2e072a5a7357c1dd2e723de3cd9958debfd9,0.0,GCCTGGGCGCGTGTTCTGTGGTATGTTCTTTGGCATGTCTGTGACTCAGTTTGTGGCTTGACCCAAGGCTGTTTCTTTGTTCCACATGTACTTGGAGAGAATATGCATTTTCTGTTGAATGTGGAGTCCTGCCTGCATCTGGGGGTTTCAGCTTATTGGCTATAGGCCTTTGGAATCTCTGCCTGCCTCTTTCCTTCCAG,f17fb8a72cdcecd388dc352fa86445ab4244c452a3689b12f82702fefafead24,-0.156587573186708,GCCTGGGCGCGTGTTCTGTGGTATGTTCTTTGGCATGTCTGTGACTCAGTTTGTGGCTTGACCCAAGGCTGTTTCTTTGTTCCACATGTACTTGGAGAGGATATGCATTTTCTGTTGAATGTGGAGTCCTGCCTGCATCTGGGGGTTTCAGTTTATTGGCTATAGGCCTTTGGAATCTCTGCCTGCCTCTTTCCTTCCAG,c66b27eeacb7cebc052ffa42f23e2dfa4e2f014cd547ba89d3a622042e3a11aa,-0.16167075020969,GCCTGGGCGCGTGTTCTGTGGTATGTTCTTTGGCATGTCTGTGACTCAGTTTGTGGCTTGACCCAAGGCTGTTTCTTTGTTCCACATGTACTTGGAGAGAATATGCATTTTCTGTTGAATGTGGAGTCCTGCCTGCATCTGGGGGTTTCAGTTTATTGGCTATAGGCCTTTGGAATCTCTGCCTGCCTCTTTCCTTCCAG,c7401c7834a7adf99f8649606c33916ff264d0461ceb1fad685dfb9ed2353764,0.0404924549795554,0.3587507783759533,0.177648436563914,-356.9402091051452,-356.6777935670689,-362.0498616897967,-362.08155719039496,-0.2941110386746004,-1.0,-0.3587507783759533,0.0,2,0.1747662189183411,0.17490732828716207,0.146091925319964,0.15773560355271113,1.0
chr8:17016207:A:G;chr8:17016224:A:C;var1;middle;OL41|K562|a98133a48db4fb84,chr8:17016207:A:G;chr8:17016224:A:C;var1;middle;OL41,K562,K562_region_02063,100,117,17,GGTATTATATCTGAATCGTATGTTTATATGTACTTTCTGTAAGTTTAAGACAAATCTAGAGTATCCATAAAATCCGCATCAGTATTTTAGTAAGTGACGATTTGACTAAGAGGAAGAATGCCTCTTTTTAAACTGCCTAAGTGGCGTGGCCTGTTATTGATACCTTATCTATCACTTCTTGTCCCTGCCTGCCTGGCGCA,0bc8f10437ef39b97c1c0754440199183f28ed16c8a6129eaaeb202c576b9be9,0.0,GGTATTATATCTGAATCGTATGTTTATATGTACTTTCTGTAAGTTTAAGACAAATCTAGAGTATCCATAAAATCCGCATCAGTATTTTAGTAAGTGACGGTTTGACTAAGAGGAAGAATGCCTCTTTTTAAACTGCCTAAGTGGCGTGGCCTGTTATTGATACCTTATCTATCACTTCTTGTCCCTGCCTGCCTGGCGCA,c76989e7420c329747f1edae6b111c778693651a3875b17f7c4d70823a53a9db,0.975731022905379,GGTATTATATCTGAATCGTATGTTTATATGTACTTTCTGTAAGTTTAAGACAAATCTAGAGTATCCATAAAATCCGCATCAGTATTTTAGTAAGTGACGATTTGACTAAGAGGAAGCATGCCTCTTTTTAAACTGCCTAAGTGGCGTGGCCTGTTATTGATACCTTATCTATCACTTCTTGTCCCTGCCTGCCTGGCGCA,3bfdbeff26122b496bbd082a867a1a6ce299cb39b7c8e0ec3ec024a874c8044b,0.706316577381646,GGTATTATATCTGAATCGTATGTTTATATGTACTTTCTGTAAGTTTAAGACAAATCTAGAGTATCCATAAAATCCGCATCAGTATTTTAGTAAGTGACGGTTTGACTAAGAGGAAGCATGCCTCTTTTTAAACTGCCTAAGTGGCGTGGCCTGTTATTGATACCTTATCTATCACTTCTTGTCCCTGCCTGCCTGGCGCA,a98133a48db4fb84bc4447894beae71278e1b47107b71805dc16cb3525fcdd94,1.72672189584357,-0.0446742955565448,0.224840666240357,-353.09817751776427,-355.87071602232754,-357.6935700471513,-359.44066900666803,-1.0254395450465381,1.0,-0.0446742955565448,0.0,0,0.18445899141884198,0.18565657667894103,0.15145376406925343,-0.003906910230656063,1.0
chr8:1709918:A:G;chr8:1709972:A:G;var1;middle;OL41|K562|6d5d81be9e45b913,chr8:1709918:A:G;chr8:1709972:A:G;var1;middle;OL41,K562,K562_region_02040,100,154,54,TGGTAGGTAGGGGGCCAGTAAGCTGGGAGCACTGAGGGGTCAGATCAGAGATGAAATCGTATGGATCAAAGCTGTCCTCTTGGCCTGAGCCGGTTGCTGAGTGCGGGCCACAAGATCAGATGAGCCAGTTTATCCATCTGGATGGTCCCAGCTAATTCAGCAAGTGCAAGGTCTGCAAAATATCTCAAGCACTGTTGTTA,c016258a4e85297e43b1205c4f4dd96af76e30243bd6fc5638d865391d5c9592,0.0,TGGTAGGTAGGGGGCCAGTAAGCTGGGAGCACTGAGGGGTCAGATCAGAGATGAAATCGTATGGATCAAAGCTGTCCTCTTGGCCTGAGCCGGTTGCTGGGTGCGGGCCACAAGATCAGATGAGCCAGTTTATCCATCTGGATGGTCCCAGCTAATTCAGCAAGTGCAAGGTCTGCAAAATATCTCAAGCACTGTTGTTA,9356e15b47fe0ff1e48ef8c634940dbc04196f31a423f055974c6d7ad2cc5a12,0.0578294395155758,TGGTAGGTAGGGGGCCAGTAAGCTGGGAGCACTGAGGGGTCAGATCAGAGATGAAATCGTATGGATCAAAGCTGTCCTCTTGGCCTGAGCCGGTTGCTGAGTGCGGGCCACAAGATCAGATGAGCCAGTTTATCCATCTGGATGGTCCCAGCTGATTCAGCAAGTGCAAGGTCTGCAAAATATCTCAAGCACTGTTGTTA,c21cdf55b8a0339cba6db30b77ef04c018dfcc0576b8ec0dcb6f5b4f127f6885,0.241351593845863,TGGTAGGTAGGGGGCCAGTAAGCTGGGAGCACTGAGGGGTCAGATCAGAGATGAAATCGTATGGATCAAAGCTGTCCTCTTGGCCTGAGCCGGTTGCTGGGTGCGGGCCACAAGATCAGATGAGCCAGTTTATCCATCTGGATGGTCCCAGCTGATTCAGCAAGTGCAAGGTCTGCAAAATATCTCAAGCACTGTTGTTA,6d5d81be9e45b913b118cad6a0fb52a9ed068e77a7f3521e9f224feb80b254c0,0.186561322088919,0.1126197112725198,0.187256935080487,-349.69807705655694,-348.3211290007457,-347.23929086886346,-348.2123606526293,2.350017839577049,1.0,0.1126197112725198,0.0,0,0.18879438973946977,0.18565657667894103,0.15145376406925343,-0.08285506147760782,1.0
chr8:17454313:A:T;chr8:17454353:C:A;var1;middle;OL41|K562|fa1e498fd6e44f1b,chr8:17454313:A:T;chr8:17454353:C:A;var1;middle;OL41,K562,K562_region_02064,100,140,40,GCCTTAGAAGAAAGTAATGACAGATGTGGGCTTCCAAAAACTTATGAAACATTGTGAAAAAATGTGAAAAACATCTAGTCATAGCTATATCAACCACAGATGTGCTATTTGCCCTCAAGGGGGCACGATGTATTTCACACCAGAGATTCAAGAAACGGACTCTTGACATCGTTCCCAGAACGTGGTGCCTTTGGATAGAG,cc02445cae1d103e09ca80f7f8b97633e51e1093602a3938b15bae59dc568eec,0.0,GCCTTAGAAGAAAGTAATGACAGATGTGGGCTTCCAAAAACTTATGAAACATTGTGAAAAAATGTGAAAAACATCTAGTCATAGCTATATCAACCACAGTTGTGCTATTTGCCCTCAAGGGGGCACGATGTATTTCACACCAGAGATTCAAGAAACGGACTCTTGACATCGTTCCCAGAACGTGGTGCCTTTGGATAGAG,f6f719d0af05bc1072fc6706137ce69a3edaacfaaf09dc71273b45ed95661fb0,0.104893417804134,GCCTTAGAAGAAAGTAATGACAGATGTGGGCTTCCAAAAACTTATGAAACATTGTGAAAAAATGTGAAAAACATCTAGTCATAGCTATATCAACCACAGATGTGCTATTTGCCCTCAAGGGGGCACGATGTATTTCACAACAGAGATTCAAGAAACGGACTCTTGACATCGTTCCCAGAACGTGGTGCCTTTGGATAGAG,0ab508f4fb200d7fcfc0e751dfe4a6ebfa5b768b7e47cf432a30d022db5c7543,-0.0419315666173091,GCCTTAGAAGAAAGTAATGACAGATGTGGGCTTCCAAAAACTTATGAAACATTGTGAAAAAATGTGAAAAACATCTAGTCATAGCTATATCAACCACAGTTGTGCTATTTGCCCTCAAGGGGGCACGATGTATTTCACAACAGAGATTCAAGAAACGGACTCTTGACATCGTTCCCAGAACGTGGTGCCTTTGGATAGAG,fa1e498fd6e44f1b865da61fe48d765c67290389fc7227c065ab216ca659c508,0.288072369708874,0.2251105185220491,0.233258077022652,-373.5255263643339,-373.6147324079648,-377.5753278071061,-385.6743732849136,-8.009839434176683,-1.0,-0.2251105185220491,0.0,0,0.17548830919726668,0.18565657667894103,0.15145376406925343,0.09672612654207922,1.0
chr8:17507915:G:T;chr8:17507964:A:G;var1;middle;OL41|K562|6598dd1ce06f07a1,chr8:17507915:G:T;chr8:17507964:A:G;var1;middle;OL41,K562,K562_region_02065,100,149,49,GAGAACAGGGAACAACAGTTCTCTCCTACCAAACAAACTGATCAGGAAAGAAAAAGCAGTGCATTATACGGCTCTCTGGAAAACAACAGGGATAACAATGTCCTGAGTGTTTGGATTTTTGTTATGATGGGGCTACGTTGACTGGGCCATACTTCTAGGGCAGACATAATACTATCATTTTCTATTGTGACACCCCAGTA,4d965d0dd76d20386ffd45418b8233ef64b45ec43d828a49dfbb4262cdb25f7d,0.0,GAGAACAGGGAACAACAGTTCTCTCCTACCAAACAAACTGATCAGGAAAGAAAAAGCAGTGCATTATACGGCTCTCTGGAAAACAACAGGGATAACAATTTCCTGAGTGTTTGGATTTTTGTTATGATGGGGCTACGTTGACTGGGCCATACTTCTAGGGCAGACATAATACTATCATTTTCTATTGTGACACCCCAGTA,a4661ffe79fa99ee0236631746a6ae4a94f78deb9046c7bd0a8649c6533fc471,-0.159006904474402,GAGAACAGGGAACAACAGTTCTCTCCTACCAAACAAACTGATCAGGAAAGAAAAAGCAGTGCATTATACGGCTCTCTGGAAAACAACAGGGATAACAATGTCCTGAGTGTTTGGATTTTTGTTATGATGGGGCTACGTTGACTGGGCCGTACTTCTAGGGCAGACATAATACTATCATTTTCTATTGTGACACCCCAGTA,22cfc5743b2da83fe03460a71ee42576a7747d6d081916a30e5d1a69575a1671,0.0083856456482221,GAGAACAGGGAACAACAGTTCTCTCCTACCAAACAAACTGATCAGGAAAGAAAAAGCAGTGCATTATACGGCTCTCTGGAAAACAACAGGGATAACAATTTCCTGAGTGTTTGGATTTTTGTTATGATGGGGCTACGTTGACTGGGCCGTACTTCTAGGGCAGACATAATACTATCATTTTCTATTGTGACACCCCAGTA,6598dd1ce06f07a1a8cc4dd98d4c54698cd9f7a66c956a950de3d4aa12c250d4,-0.153370721978814,-0.0027494631526341,0.251052447793179,-360.7643423080444,-362.2048347247765,-371.8747540838085,-374.3051562379114,-0.9899097373707946,-1.0,0.0027494631526341,0.0,1,0.1813579860389245,0.18216460459877223,0.1501433469024087,0.010554296852727435,1.0
chr8:17532573:T:C;chr8:17532619:C:T;var1;middle;OL41|K562|b10443209079466d,chr8:17532573:T:C;chr8:17532619:C:T;var1;middle;OL41,K562,K562_region_02066,100,146,46,TGCTAGGCTTAGTCAGATCAGTGCCAGGAATTCTGTGAACTGAAGGTCAAGCTGCCAAGATTCAAAAGAAATGTCGATAGTAAGTGTTTGCCCAGATACTAGACAGGGAGTGCCAACAGCTCCCAGCATGCAACTCCAGCCACAACGCAGACAGGACAACCACATTTTCCAGTGTTCCCCTTGTCCCATAAAATTTAACA,c420e9a307c3d4e4a1d77335458507b36c0698f44fcbc2f51f5d3aaf09d516b0,0.0,TGCTAGGCTTAGTCAGATCAGTGCCAGGAATTCTGTGAACTGAAGGTCAAGCTGCCAAGATTCAAAAGAAATGTCGATAGTAAGTGTTTGCCCAGATACCAGACAGGGAGTGCCAACAGCTCCCAGCATGCAACTCCAGCCACAACGCAGACAGGACAACCACATTTTCCAGTGTTCCCCTTGTCCCATAAAATTTAACA,d9708fdb894490580612330989a2874354d386db740021ef6f787c3cf9383b94,0.115437317318615,TGCTAGGCTTAGTCAGATCAGTGCCAGGAATTCTGTGAACTGAAGGTCAAGCTGCCAAGATTCAAAAGAAATGTCGATAGTAAGTGTTTGCCCAGATACTAGACAGGGAGTGCCAACAGCTCCCAGCATGCAACTCCAGCCACAATGCAGACAGGACAACCACATTTTCCAGTGTTCCCCTTGTCCCATAAAATTTAACA,83197d31e299954143ea8c5b08b61f5e7b25911c5d76735327a6d3a0f6a225d0,0.478186130541845,TGCTAGGCTTAGTCAGATCAGTGCCAGGAATTCTGTGAACTGAAGGTCAAGCTGCCAAGATTCAAAAGAAATGTCGATAGTAAGTGTTTGCCCAGATACCAGACAGGGAGTGCCAACAGCTCCCAGCATGCAACTCCAGCCACAATGCAGACAGGACAACCACATTTTCCAGTGTTCCCCTTGTCCCATAAAATTTAACA,b10443209079466d9d11b8172979c9c50dc6b9787bceb5a2266b578356babfce,0.420248176732822,0.1733752711276379,0.494037622408214,-309.72918367851526,-311.1814218489453,-307.7408674340695,-309.44981140550226,0.25670580100268126,1.0,0.1733752711276379,0.0,3,0.18199004880715552,0.18106719778262317,0.1474303780702046,-0.007853574367028104,1.0
chr8:1807756:T:C;chr8:1807831:A:G;var1;middle;OL41|K562|3667f233393fe4ab,chr8:1807756:T:C;chr8:1807831:A:G;var1;middle;OL41,K562,K562_region_02041,100,175,75,ACAGTGTTTCTTTGGCCATAGCATCAGCCTCTCGGTTGTTTGCATGGCGTTTCTTTGTGCACAGCACCCGCCTCTCAGCTTGCATGGTGTTTCTTTGTGTGTAGCACCAGACTCTTGGTGAGGGGAGCAGCTGCCCTCCTCCGGCAGCTTCTCCCTGACTTAGCTCATGGGATGAGCCTCCTGTAGTGACCAGGCTGCAT,6337f23b89397c11fafdbfd6629af6648cdab24b524137c2b3b0ac9224af28b1,0.0,ACAGTGTTTCTTTGGCCATAGCATCAGCCTCTCGGTTGTTTGCATGGCGTTTCTTTGTGCACAGCACCCGCCTCTCAGCTTGCATGGTGTTTCTTTGTGCGTAGCACCAGACTCTTGGTGAGGGGAGCAGCTGCCCTCCTCCGGCAGCTTCTCCCTGACTTAGCTCATGGGATGAGCCTCCTGTAGTGACCAGGCTGCAT,6da229f0149383bdb89fa390e555403afde694db054b021668109eed8254b5ea,0.0386148271788871,ACAGTGTTTCTTTGGCCATAGCATCAGCCTCTCGGTTGTTTGCATGGCGTTTCTTTGTGCACAGCACCCGCCTCTCAGCTTGCATGGTGTTTCTTTGTGTGTAGCACCAGACTCTTGGTGAGGGGAGCAGCTGCCCTCCTCCGGCAGCTTCTCCCTGACTTAGCTCATGGGATGGGCCTCCTGTAGTGACCAGGCTGCAT,1badc8530c3cb55452a4b6303e7056aee9cd21280e1145daed49556a7104e281,0.143635006679354,ACAGTGTTTCTTTGGCCATAGCATCAGCCTCTCGGTTGTTTGCATGGCGTTTCTTTGTGCACAGCACCCGCCTCTCAGCTTGCATGGTGTTTCTTTGTGCGTAGCACCAGACTCTTGGTGAGGGGAGCAGCTGCCCTCCTCCGGCAGCTTCTCCCTGACTTAGCTCATGGGATGGGCCTCCTGTAGTGACCAGGCTGCAT,3667f233393fe4ab4a147f2cefbcb35780098ec1dd7ef3179d0397a412ec8eca,0.320556651152987,-0.1383068172947459,0.284358537375116,-373.5414748529438,-367.9718016020488,-379.8055779188872,-371.9265907034278,-2.3093139645643532,1.0,-0.1383068172947459,0.0,4,0.17333713641268092,0.17620727786206916,0.145609630836647,0.4962168217869679,1.0
chr8:18272377:C:T;chr8:18272438:C:T;var1;middle;OL31|K562|2cf645c31cf9c8a3,chr8:18272377:C:T;chr8:18272438:C:T;var1;middle;OL31,K562,K562_region_02067,100,161,61,AGCAATAAAAACTTCTGACTTTTCCTCTCCAGGGAGCTACTTGGTAAATTCTTCACTCATGTGAGTTCCCTTGTCTGGCAAGTAAATAAGCTCAGTGCCCGCTTGCTTTTTCAATATTTGGATTTAGTCTTCCCTTTATAGAAAATAAGGACATGTTGTACTGTATTCTTGCACACTGAAGTCTGGGGGCTACGATTCAT,5c9ceb280c8a3786952ff65718474c4a8512078ed886d0c710044042d713a2dd,0.0,AGCAATAAAAACTTCTGACTTTTCCTCTCCAGGGAGCTACTTGGTAAATTCTTCACTCATGTGAGTTCCCTTGTCTGGCAAGTAAATAAGCTCAGTGCCTGCTTGCTTTTTCAATATTTGGATTTAGTCTTCCCTTTATAGAAAATAAGGACATGTTGTACTGTATTCTTGCACACTGAAGTCTGGGGGCTACGATTCAT,793660e4cd5ba0b3dd52141ddcf46569e404c0406022175a59f7d259b3af7bc6,-0.0196553876142495,AGCAATAAAAACTTCTGACTTTTCCTCTCCAGGGAGCTACTTGGTAAATTCTTCACTCATGTGAGTTCCCTTGTCTGGCAAGTAAATAAGCTCAGTGCCCGCTTGCTTTTTCAATATTTGGATTTAGTCTTCCCTTTATAGAAAATAAGGACATGTTGTATTGTATTCTTGCACACTGAAGTCTGGGGGCTACGATTCAT,824eb829c17f27d26824f31cab020fc44934fed5aef0a578e7faf56ffe383c01,-0.125040121521691,AGCAATAAAAACTTCTGACTTTTCCTCTCCAGGGAGCTACTTGGTAAATTCTTCACTCATGTGAGTTCCCTTGTCTGGCAAGTAAATAAGCTCAGTGCCTGCTTGCTTTTTCAATATTTGGATTTAGTCTTCCCTTTATAGAAAATAAGGACATGTTGTATTGTATTCTTGCACACTGAAGTCTGGGGGCTACGATTCAT,2cf645c31cf9c8a38a9f5b10f5bf58f27e9f92e2bad0aa03d6d600a4af3838a2,0.0485042216193903,0.1931997307553308,0.209593639229807,-417.2932713823393,-397.94844493689016,-414.460569514893,-392.72218122985214,2.3935618395917118,-1.0,-0.1931997307553308,0.0,0,0.1888503171481217,0.18565657667894103,0.15145376406925343,0.250455600404883,1.0
chr8:18272377:C:T;chr8:18272466:G:A;var1;middle;OL30|K562|eaeadb423ed01fbc,chr8:18272377:C:T;chr8:18272466:G:A;var1;middle;OL30,K562,K562_region_02067,100,189,89,AGCAATAAAAACTTCTGACTTTTCCTCTCCAGGGAGCTACTTGGTAAATTCTTCACTCATGTGAGTTCCCTTGTCTGGCAAGTAAATAAGCTCAGTGCCCGCTTGCTTTTTCAATATTTGGATTTAGTCTTCCCTTTATAGAAAATAAGGACATGTTGTACTGTATTCTTGCACACTGAAGTCTGGGGGCTACGATTCAT,5c9ceb280c8a3786952ff65718474c4a8512078ed886d0c710044042d713a2dd,0.0,AGCAATAAAAACTTCTGACTTTTCCTCTCCAGGGAGCTACTTGGTAAATTCTTCACTCATGTGAGTTCCCTTGTCTGGCAAGTAAATAAGCTCAGTGCCTGCTTGCTTTTTCAATATTTGGATTTAGTCTTCCCTTTATAGAAAATAAGGACATGTTGTACTGTATTCTTGCACACTGAAGTCTGGGGGCTACGATTCAT,793660e4cd5ba0b3dd52141ddcf46569e404c0406022175a59f7d259b3af7bc6,-0.144426113058775,AGCAATAAAAACTTCTGACTTTTCCTCTCCAGGGAGCTACTTGGTAAATTCTTCACTCATGTGAGTTCCCTTGTCTGGCAAGTAAATAAGCTCAGTGCCCGCTTGCTTTTTCAATATTTGGATTTAGTCTTCCCTTTATAGAAAATAAGGACATGTTGTACTGTATTCTTGCACACTGAAGTCTGGGGACTACGATTCAT,f24a7f218ee9fdb164062f56a08f86b80e12ed231700b10a2951a4a4084fe091,0.0211289843450882,AGCAATAAAAACTTCTGACTTTTCCTCTCCAGGGAGCTACTTGGTAAATTCTTCACTCATGTGAGTTCCCTTGTCTGGCAAGTAAATAAGCTCAGTGCCTGCTTGCTTTTTCAATATTTGGATTTAGTCTTCCCTTTATAGAAAATAAGGACATGTTGTACTGTATTCTTGCACACTGAAGTCTGGGGACTACGATTCAT,eaeadb423ed01fbc357b8fbe63c6ce8e16eb2e393d99bc9757e5306b118ec4d8,0.115017054046702,0.2383141827603888,0.141230049795621,-417.2932713823393,-397.94844493689016,-426.1372358058579,-407.4416788704693,-0.6492695100604919,-1.0,-0.2383141827603888,0.0,0,0.18494213984944521,0.18565657667894103,0.15145376406925343,0.3027506791988231,1.0
chr8:18272438:C:T;chr8:18272466:G:A;var1;middle;OL31|K562|e44160d404d78a9f,chr8:18272438:C:T;chr8:18272466:G:A;var1;middle;OL31,K562,K562_region_02067,100,128,28,TGAGTTCCCTTGTCTGGCAAGTAAATAAGCTCAGTGCCCGCTTGCTTTTTCAATATTTGGATTTAGTCTTCCCTTTATAGAAAATAAGGACATGTTGTACTGTATTCTTGCACACTGAAGTCTGGGGGCTACGATTCATTCAGCTCATTGTACAGGTCATCAGGCCTGCTAAAACGAACAGATGCCAATCTGAAACCTGA,a7bb1f1b72d388277977a4a603fbda07372c46236ef6b525b35b3a29a4a626aa,0.0,TGAGTTCCCTTGTCTGGCAAGTAAATAAGCTCAGTGCCCGCTTGCTTTTTCAATATTTGGATTTAGTCTTCCCTTTATAGAAAATAAGGACATGTTGTATTGTATTCTTGCACACTGAAGTCTGGGGGCTACGATTCATTCAGCTCATTGTACAGGTCATCAGGCCTGCTAAAACGAACAGATGCCAATCTGAAACCTGA,61736c861054ea8dc186504f956ca687d04586f3bd057c37ec3688744de4e93b,-0.0693863547026502,TGAGTTCCCTTGTCTGGCAAGTAAATAAGCTCAGTGCCCGCTTGCTTTTTCAATATTTGGATTTAGTCTTCCCTTTATAGAAAATAAGGACATGTTGTACTGTATTCTTGCACACTGAAGTCTGGGGACTACGATTCATTCAGCTCATTGTACAGGTCATCAGGCCTGCTAAAACGAACAGATGCCAATCTGAAACCTGA,c5b26caeef7c5fdcdcf8efc3e16845b06098098188e7c049dde4981d90e00524,0.214877937927575,TGAGTTCCCTTGTCTGGCAAGTAAATAAGCTCAGTGCCCGCTTGCTTTTTCAATATTTGGATTTAGTCTTCCCTTTATAGAAAATAAGGACATGTTGTATTGTATTCTTGCACACTGAAGTCTGGGGACTACGATTCATTCAGCTCATTGTACAGGTCATCAGGCCTGCTAAAACGAACAGATGCCAATCTGAAACCTGA,e44160d404d78a9f5f34b018c81a672b19fcda0735e484675bc929da5a24d507,0.147879485712979,0.0023879024880541,0.235224156811803,-371.9763392489404,-373.27780551835895,-370.5136103131808,-370.2225690917112,1.592507490888181,-1.0,-0.0023879024880541,0.0,0,0.18782145223223767,0.18565657667894103,0.15145376406925343,0.21178750065762544,1.0
chr8:18272466:G:A;chr8:18272535:C:T;var1;middle;OL30|K562|72a2dfa560782333,chr8:18272466:G:A;chr8:18272535:C:T;var1;middle;OL30,K562,K562_region_02067,100,169,69,GCTCAGTGCCCGCTTGCTTTTTCAATATTTGGATTTAGTCTTCCCTTTATAGAAAATAAGGACATGTTGTACTGTATTCTTGCACACTGAAGTCTGGGGGCTACGATTCATTCAGCTCATTGTACAGGTCATCAGGCCTGCTAAAACGAACAGATGCCAATCTGAAACCTGAATATTAGCGTGTATGAAATGCCGATTGA,4e61f894e24087bf9365122cc5519aa6464e6b2bf043ab58d2360e031089ca58,0.0,GCTCAGTGCCCGCTTGCTTTTTCAATATTTGGATTTAGTCTTCCCTTTATAGAAAATAAGGACATGTTGTACTGTATTCTTGCACACTGAAGTCTGGGGACTACGATTCATTCAGCTCATTGTACAGGTCATCAGGCCTGCTAAAACGAACAGATGCCAATCTGAAACCTGAATATTAGCGTGTATGAAATGCCGATTGA,ab9f49041cdc62e2056947268f195ca9dc7eba5252beb5fdbdaf5fff1c9afdcb,-0.121006158514849,GCTCAGTGCCCGCTTGCTTTTTCAATATTTGGATTTAGTCTTCCCTTTATAGAAAATAAGGACATGTTGTACTGTATTCTTGCACACTGAAGTCTGGGGGCTACGATTCATTCAGCTCATTGTACAGGTCATCAGGCCTGCTAAAACGAACAGATGCCAATCTGAAACTTGAATATTAGCGTGTATGAAATGCCGATTGA,8ab63a9c66c4b87ece4b5db143c30b5c50fe756aa98d874db38129346b4d026f,-0.0739558277596235,GCTCAGTGCCCGCTTGCTTTTTCAATATTTGGATTTAGTCTTCCCTTTATAGAAAATAAGGACATGTTGTACTGTATTCTTGCACACTGAAGTCTGGGGACTACGATTCATTCAGCTCATTGTACAGGTCATCAGGCCTGCTAAAACGAACAGATGCCAATCTGAAACTTGAATATTAGCGTGTATGAAATGCCGATTGA,72a2dfa560782333daaea9b74dc95fcfb3ff9bdbf2cdef8df13af2e42e742894,0.0104955154290107,0.2054575017034832,0.159921024128828,-302.45506492163986,-314.2493276381865,-296.05544637236744,-314.418633505702,-6.568924416787922,-1.0,-0.2054575017034832,0.0,0,0.17733900373573475,0.18565657667894103,0.15145376406925343,0.24617194601367856,1.0
chr8:182934:T:C;chr8:182949:C:A;var1;middle;OL41|K562|9eaf8c9eb036872d,chr8:182934:T:C;chr8:182949:C:A;var1;middle;OL41,K562,K562_region_02038,100,115,15,CCGCAAACCCCACGCTTCGGGGTGGCCGCCTCAGACAGGACCCTGAGTCCGAGACTGGGGTAGGGGACCTGCCCGATCCTGTAACAACCCTCGTGCTTCTGCACAATCGCCTCCCACTAGCGGTGACTGTTGGGTGTTTACCTTCCCGGTGTCCCACTGAGAAGCGGGCTCTTCCTTGGCAGGGGCTTCTTCATTGCCTC,8e02526a80d7f3aa9efe48047dccc4d5475a5179b2ca95b948d29eb60d4b6e7c,0.0,CCGCAAACCCCACGCTTCGGGGTGGCCGCCTCAGACAGGACCCTGAGTCCGAGACTGGGGTAGGGGACCTGCCCGATCCTGTAACAACCCTCGTGCTTCCGCACAATCGCCTCCCACTAGCGGTGACTGTTGGGTGTTTACCTTCCCGGTGTCCCACTGAGAAGCGGGCTCTTCCTTGGCAGGGGCTTCTTCATTGCCTC,fa8347a28d9c4ad4af1b787c0423d8b327c29d4baef1224aa66e8ee9d479f3f1,0.370625007053339,CCGCAAACCCCACGCTTCGGGGTGGCCGCCTCAGACAGGACCCTGAGTCCGAGACTGGGGTAGGGGACCTGCCCGATCCTGTAACAACCCTCGTGCTTCTGCACAATCGCCTCCAACTAGCGGTGACTGTTGGGTGTTTACCTTCCCGGTGTCCCACTGAGAAGCGGGCTCTTCCTTGGCAGGGGCTTCTTCATTGCCTC,92b81df51e4349bc6d456af7dcff1150763ec335cafba9955c50342dee12a1a9,-0.816519967209066,CCGCAAACCCCACGCTTCGGGGTGGCCGCCTCAGACAGGACCCTGAGTCCGAGACTGGGGTAGGGGACCTGCCCGATCCTGTAACAACCCTCGTGCTTCCGCACAATCGCCTCCAACTAGCGGTGACTGTTGGGTGTTTACCTTCCCGGTGTCCCACTGAGAAGCGGGCTCTTCCTTGGCAGGGGCTTCTTCATTGCCTC,9eaf8c9eb036872d164ecf81ef60942f7afaf37e10ec979070dadea33c3be21c,-0.548094275190194,-0.102199315034467,0.470489014801663,-391.5230346452445,-397.8687259629369,-384.6359981237911,-393.96846459945664,-2.9867751579731703,-1.0,0.102199315034467,0.0,3,0.1754570767763462,0.18106719778262317,0.1474303780702046,0.14871019583907147,1.0
chr8:19674725:G:C;chr8:19674770:T:G;var1;middle;OL41|K562|3e79b80f5e9d07dd,chr8:19674725:G:C;chr8:19674770:T:G;var1;middle;OL41,K562,K562_region_02068,100,145,45,CCCCGCCTCCGCCCCCGCCCCCGACAAACTGAGCAATACCCAGAGAGGATGGAAATGGCGAAGAGGCCTGGCGCCTGCCCGCTCCCGCGCATGCTCCCTGACTTCACCAAGGTCACGCTGCAGCCCGCAGGAATGAAAATCCACTTCTCCGCATTTTCGAGGTGACCTGGAAGCGGTTCAACTGCTCTGGCTTCTCAGAA,69e424765b45b18b6a3159cf0312547196875f39fe7ae511300ee973685add3a,0.0,CCCCGCCTCCGCCCCCGCCCCCGACAAACTGAGCAATACCCAGAGAGGATGGAAATGGCGAAGAGGCCTGGCGCCTGCCCGCTCCCGCGCATGCTCCCTCACTTCACCAAGGTCACGCTGCAGCCCGCAGGAATGAAAATCCACTTCTCCGCATTTTCGAGGTGACCTGGAAGCGGTTCAACTGCTCTGGCTTCTCAGAA,3c08cc3b3fb771e00a982fbf5496deb51665136eea70bb451d0944db800d0c03,-0.178376136086503,CCCCGCCTCCGCCCCCGCCCCCGACAAACTGAGCAATACCCAGAGAGGATGGAAATGGCGAAGAGGCCTGGCGCCTGCCCGCTCCCGCGCATGCTCCCTGACTTCACCAAGGTCACGCTGCAGCCCGCAGGAATGAAAATCCACGTCTCCGCATTTTCGAGGTGACCTGGAAGCGGTTCAACTGCTCTGGCTTCTCAGAA,53b0b0df6aef7f9acf23107a7913600ea7090ca5fd215a63b9695f7cf14b638b,-0.834821253611412,CCCCGCCTCCGCCCCCGCCCCCGACAAACTGAGCAATACCCAGAGAGGATGGAAATGGCGAAGAGGCCTGGCGCCTGCCCGCTCCCGCGCATGCTCCCTCACTTCACCAAGGTCACGCTGCAGCCCGCAGGAATGAAAATCCACGTCTCCGCATTTTCGAGGTGACCTGGAAGCGGTTCAACTGCTCTGGCTTCTCAGAA,3e79b80f5e9d07dd6963cce3577d26bc1825062cf4c4c5012d94ad976ac8475d,-0.875378961265473,-0.1378184284324419,0.199713228043209,-344.5130263767205,-340.8022080482915,-353.30719842016697,-350.90141761209816,1.3050375203602016,1.0,-0.1378184284324419,0.0,0,0.1874522291357959,0.18565657667894103,0.15145376406925343,0.1110272775357766,1.0
chr8:19820916:C:T;chr8:19820933:A:C;var1;middle;OL31|K562|02d05e2bbb5eba11,chr8:19820916:C:T;chr8:19820933:A:C;var1;middle;OL31,K562,K562_region_02069,100,117,17,CATGCCTGTAATCCCAGCTACTCGGCAGGCTGAGGCGGGAGAATTGCTTGAACCGGGGAGGCAGAGGTTGCAGTGAGATGAGATCGCGCCATTATATTCCAGCCTGGGCAACAGAGAAAGACTCCATCTCAAAAAAAAAAAAAACATGCCTATTAGGAAAAGTATATTAAAGACCCTATGTGTAACATCTTTAATGTTTT,b0604bd0c1981e20799f3df0b6ba46da5dba23408df72a93b38f35d9cbd63e3a,0.0,CATGCCTGTAATCCCAGCTACTCGGCAGGCTGAGGCGGGAGAATTGCTTGAACCGGGGAGGCAGAGGTTGCAGTGAGATGAGATCGCGCCATTATATTCTAGCCTGGGCAACAGAGAAAGACTCCATCTCAAAAAAAAAAAAAACATGCCTATTAGGAAAAGTATATTAAAGACCCTATGTGTAACATCTTTAATGTTTT,f07f77b448814a56b5b105fd198bf65f8a53fcee6192dce213d6980b150731ad,-0.25243582702601,CATGCCTGTAATCCCAGCTACTCGGCAGGCTGAGGCGGGAGAATTGCTTGAACCGGGGAGGCAGAGGTTGCAGTGAGATGAGATCGCGCCATTATATTCCAGCCTGGGCAACAGAGCAAGACTCCATCTCAAAAAAAAAAAAAACATGCCTATTAGGAAAAGTATATTAAAGACCCTATGTGTAACATCTTTAATGTTTT,38d46053da14a71af7d9b526199807cef7d1b0012ad0d87fff220e83f8f75823,0.201163430860596,CATGCCTGTAATCCCAGCTACTCGGCAGGCTGAGGCGGGAGAATTGCTTGAACCGGGGAGGCAGAGGTTGCAGTGAGATGAGATCGCGCCATTATATTCTAGCCTGGGCAACAGAGCAAGACTCCATCTCAAAAAAAAAAAAAACATGCCTATTAGGAAAAGTATATTAAAGACCCTATGTGTAACATCTTTAATGTTTT,02d05e2bbb5eba11a8333729c46ad215e4b724d4e01148af18297251b5a575c2,-0.650663706455548,0.599391310290134,0.493283021732757,-139.75052807526663,-142.48114861454815,-134.3683018560987,-135.12614239985123,-1.972779995528981,1.0,0.599391310290134,0.0,1,0.18035797465169806,0.18216460459877223,0.1501433469024087,0.20968142256235325,1.0
chr8:19940945:T:G;chr8:19941027:C:T;var1;middle;OL31|K562|9b58e1de58266195,chr8:19940945:T:G;chr8:19941027:C:T;var1;middle;OL31,K562,K562_region_02070,100,182,82,TGCAGCTTCCATCTTTATCCTTTTGAAATCTGAAAGCGCTAAACTCTGAAAAGGTTCTGGGTAGCCTCTGAGTATAAGAAATCTCACAGAGGGAGAAGTTCAACATTGCACAAACCAGGGAAAGGCCTCTAGAGATCTTGCAACTTCCACTTTTACCCTTTTGAAACCTGAGACCACCAAGCTGCAAAGAGGCCTGGGAT,5e84630b60325be06453a4c1c7892e488a7ba8403ebd45accd2b6745a6508992,0.0,TGCAGCTTCCATCTTTATCCTTTTGAAATCTGAAAGCGCTAAACTCTGAAAAGGTTCTGGGTAGCCTCTGAGTATAAGAAATCTCACAGAGGGAGAAGTGCAACATTGCACAAACCAGGGAAAGGCCTCTAGAGATCTTGCAACTTCCACTTTTACCCTTTTGAAACCTGAGACCACCAAGCTGCAAAGAGGCCTGGGAT,3d8702d7b771682e864c693eea9b4587015ae007c3449af26962cf9a93e1dc7d,0.0772231756752274,TGCAGCTTCCATCTTTATCCTTTTGAAATCTGAAAGCGCTAAACTCTGAAAAGGTTCTGGGTAGCCTCTGAGTATAAGAAATCTCACAGAGGGAGAAGTTCAACATTGCACAAACCAGGGAAAGGCCTCTAGAGATCTTGCAACTTCCACTTTTACCCTTTTGAAACCTGAGACCACCAAGTTGCAAAGAGGCCTGGGAT,800daa06b56676a684bda153b57cde75b1c778d71a87bef49b0da84e8870f6d4,-0.233645395469395,TGCAGCTTCCATCTTTATCCTTTTGAAATCTGAAAGCGCTAAACTCTGAAAAGGTTCTGGGTAGCCTCTGAGTATAAGAAATCTCACAGAGGGAGAAGTGCAACATTGCACAAACCAGGGAAAGGCCTCTAGAGATCTTGCAACTTCCACTTTTACCCTTTTGAAACCTGAGACCACCAAGTTGCAAAGAGGCCTGGGAT,9b58e1de58266195eae81f9acbc46d3f32129d3eadbf4e46fe39036f91fa913a,-0.0938489252981747,0.0625732944959928,0.266156430175763,-261.26325642317533,-278.4254069644958,-252.83924928307533,-257.9706083759665,12.030791448429284,-1.0,-0.0625732944959928,0.0,1,0.19460576655460823,0.18216460459877223,0.1501433469024087,0.1896742358466588,1.0
chr8:21952205:C:T;chr8:21952226:T:C;var1;middle;OL41|K562|398dfd6b81781171,chr8:21952205:C:T;chr8:21952226:T:C;var1;middle;OL41,K562,K562_region_02071,100,121,21,GGTGTCCTGGGAAAGGTAACCTGCCCAGTCGTTCAGAATTGGAGCCGAGTTCACGGAGACAGAGAACCAGACAGACAGAAGACCCAGAGCCCTGGGCCACTCCACTCCTGATGATTTAGCTGCCGGTCCCACTCTGACCTTTTGGAAAGAGGCTGTGTGAGGAAGGAGTAGCCTGGTTGGGGGTCTCACTGGCCTGACTC,4995f7f8abccc3b301b2af3593dc35a6998cf7d81c24566768374b1cb832de19,0.0,GGTGTCCTGGGAAAGGTAACCTGCCCAGTCGTTCAGAATTGGAGCCGAGTTCACGGAGACAGAGAACCAGACAGACAGAAGACCCAGAGCCCTGGGCCATTCCACTCCTGATGATTTAGCTGCCGGTCCCACTCTGACCTTTTGGAAAGAGGCTGTGTGAGGAAGGAGTAGCCTGGTTGGGGGTCTCACTGGCCTGACTC,2166e222e9598e1de8b18834a1998b4074cde307c05b166796b77496e99eac99,-0.321166140595891,GGTGTCCTGGGAAAGGTAACCTGCCCAGTCGTTCAGAATTGGAGCCGAGTTCACGGAGACAGAGAACCAGACAGACAGAAGACCCAGAGCCCTGGGCCACTCCACTCCTGATGATTTAGCCGCCGGTCCCACTCTGACCTTTTGGAAAGAGGCTGTGTGAGGAAGGAGTAGCCTGGTTGGGGGTCTCACTGGCCTGACTC,7de1c9b3a892a265f8d66d4cd1f2ed2cbbe9225d310c288546bfecb541825511,-0.176328063925581,GGTGTCCTGGGAAAGGTAACCTGCCCAGTCGTTCAGAATTGGAGCCGAGTTCACGGAGACAGAGAACCAGACAGACAGAAGACCCAGAGCCCTGGGCCATTCCACTCCTGATGATTTAGCCGCCGGTCCCACTCTGACCTTTTGGAAAGAGGCTGTGTGAGGAAGGAGTAGCCTGGTTGGGGGTCTCACTGGCCTGACTC,398dfd6b81781171b37f00cf38fa0b667c05e726ceb8686f4e5628ae63aed354,-0.227081779937389,0.270412424584083,0.286927284357228,-238.514396160841,-239.20397061109543,-241.78403213620183,-242.51798537373543,-0.04437878727912903,-1.0,-0.270412424584083,0.0,4,0.176144322706382,0.17620727786206916,0.145609630836647,0.1717041367282222,1.0
chr8:22228970:G:A;chr8:22228978:G:A;var1;middle;OL30|K562|7c833250702338c2,chr8:22228970:G:A;chr8:22228978:G:A;var1;middle;OL30,K562,K562_region_02072,100,108,8,AGTAGTTAATAAAAAAAATCAGATAAAAGTTGGATATCTAAAAAAAAAATACATGTCTTTTTTTTTTTTTTTTTTTTTTTTTTTTTTTTTTTTTGAGACGGAGTCTCGCTCTGTCGCCCAGGCTGGAGTGCAGTGGTGCGATCTCGGCTCACTGCAACCTCTGCCTCCTGGGTTCAAGCAATTCTCTGCCCCAGCCTCCC,2c143f5a48587c7f02557efd77b9647840207285ce1467d8c55969b1e992242d,0.0,AGTAGTTAATAAAAAAAATCAGATAAAAGTTGGATATCTAAAAAAAAAATACATGTCTTTTTTTTTTTTTTTTTTTTTTTTTTTTTTTTTTTTTGAGACAGAGTCTCGCTCTGTCGCCCAGGCTGGAGTGCAGTGGTGCGATCTCGGCTCACTGCAACCTCTGCCTCCTGGGTTCAAGCAATTCTCTGCCCCAGCCTCCC,2864a147769a76cd67a96f45732776c08e2028e5dc8b6c9e77a7774ea8ccf3e1,0.299973040923605,AGTAGTTAATAAAAAAAATCAGATAAAAGTTGGATATCTAAAAAAAAAATACATGTCTTTTTTTTTTTTTTTTTTTTTTTTTTTTTTTTTTTTTGAGACGGAGTCTCACTCTGTCGCCCAGGCTGGAGTGCAGTGGTGCGATCTCGGCTCACTGCAACCTCTGCCTCCTGGGTTCAAGCAATTCTCTGCCCCAGCCTCCC,baf5954272b56eb3c45c6a60de81ea4f3a31dbf9bd3316f5d82c2e04812a24c7,0.415814949235868,AGTAGTTAATAAAAAAAATCAGATAAAAGTTGGATATCTAAAAAAAAAATACATGTCTTTTTTTTTTTTTTTTTTTTTTTTTTTTTTTTTTTTTGAGACAGAGTCTCACTCTGTCGCCCAGGCTGGAGTGCAGTGGTGCGATCTCGGCTCACTGCAACCTCTGCCTCCTGGGTTCAAGCAATTCTCTGCCCCAGCCTCCC,7c833250702338c2a9e289f4e20d41cf9bc76789c86fcc90b81abd67c5441d6b,0.542510411495352,0.173277578664121,0.199351560155044,-105.76890114916024,-106.18042992369736,-106.7339003997622,-106.18226016440894,-0.9631690098903931,1.0,0.173277578664121,0.0,1,0.18138519312120333,0.18216460459877223,0.1501433469024087,0.2137895175505322,1.0
chr8:224321:C:T;chr8:224343:G:A;var1;middle;OL41|K562|45a3f26d5cc6f1f7,chr8:224321:C:T;chr8:224343:G:A;var1;middle;OL41,K562,K562_region_02039,100,122,22,GCTTACCGGGCTTAGGATGCAGCCTGCTTGAGTTCGGTTCCTTTTCAAAGTCAGGTGCTTCTCATCTATCAACTGGGGGTCCCAAGAGGCAACCTCACCCAGTTAAAAAAGGATTAAATGCGCTTTCTATGCAGACTTGAGGCTTTTCCCAGCATGCAATCTGTCAAGGGCCTGAGATAACAAGAGGGTGGAGCCCTGCA,3edc44e3a08f97dde2a121892a798466459a22448ff989346bf5480b07242aa6,0.0,GCTTACCGGGCTTAGGATGCAGCCTGCTTGAGTTCGGTTCCTTTTCAAAGTCAGGTGCTTCTCATCTATCAACTGGGGGTCCCAAGAGGCAACCTCACCTAGTTAAAAAAGGATTAAATGCGCTTTCTATGCAGACTTGAGGCTTTTCCCAGCATGCAATCTGTCAAGGGCCTGAGATAACAAGAGGGTGGAGCCCTGCA,a11c4898b22b9cecadc725f8001c5eec60ec5cc95a329cde704201d691a74335,-0.117071526202997,GCTTACCGGGCTTAGGATGCAGCCTGCTTGAGTTCGGTTCCTTTTCAAAGTCAGGTGCTTCTCATCTATCAACTGGGGGTCCCAAGAGGCAACCTCACCCAGTTAAAAAAGGATTAAATGCACTTTCTATGCAGACTTGAGGCTTTTCCCAGCATGCAATCTGTCAAGGGCCTGAGATAACAAGAGGGTGGAGCCCTGCA,d31d8e386f0b60a5c7bfe9af76d6d6647a1e11889b5aa17714298b4bbd1cf7a4,-0.0337799075017258,GCTTACCGGGCTTAGGATGCAGCCTGCTTGAGTTCGGTTCCTTTTCAAAGTCAGGTGCTTCTCATCTATCAACTGGGGGTCCCAAGAGGCAACCTCACCTAGTTAAAAAAGGATTAAATGCACTTTCTATGCAGACTTGAGGCTTTTCCCAGCATGCAATCTGTCAAGGGCCTGAGATAACAAGAGGGTGGAGCCCTGCA,45a3f26d5cc6f1f792581d0a3ddaed8dd674539503b7a9c9ee4aae7029e94de3,0.013284570912638,0.1641360046173608,0.14943038937292,-396.9409846737981,-419.2534656021744,-385.63915260508657,-403.8148603923619,4.136773141101003,-1.0,-0.1641360046173608,0.0,3,0.18980522384013088,0.18106719778262317,0.1474303780702046,0.22259441624868645,1.0
chr8:22477778:G:A;chr8:22477807:T:C;var1;middle;OL41|K562|93e495329d14f7de,chr8:22477778:G:A;chr8:22477807:T:C;var1;middle;OL41,K562,K562_region_02073,100,129,29,GAAGGGTCTCCCTTGGCCATCACGGGAATGGAGTCCATGCTAGAAAGAGCTCAGTGTTGGGCTGGGTTTGCCAGTAGAACACTGCGTTCCAGTCACCCCGGTCTTGCCAGAAGAAACCAGCACCTCTTTCCCGTGGCTCCTGTGTTCAGAATGTGGTATTGGCTCTGGCCCAGCCTTCTCCCCTGTTACCCATAATTCTT,01c4b72f588d75f4f6e56c31dbce7a53ffcd1806547731f04bfb83a92d81a74f,0.0,GAAGGGTCTCCCTTGGCCATCACGGGAATGGAGTCCATGCTAGAAAGAGCTCAGTGTTGGGCTGGGTTTGCCAGTAGAACACTGCGTTCCAGTCACCCCAGTCTTGCCAGAAGAAACCAGCACCTCTTTCCCGTGGCTCCTGTGTTCAGAATGTGGTATTGGCTCTGGCCCAGCCTTCTCCCCTGTTACCCATAATTCTT,5384eef8bb7ea47070cf5a2c54e7cd94c1e42b0c761a43079c03d367cfd6b65d,0.0554136778900246,GAAGGGTCTCCCTTGGCCATCACGGGAATGGAGTCCATGCTAGAAAGAGCTCAGTGTTGGGCTGGGTTTGCCAGTAGAACACTGCGTTCCAGTCACCCCGGTCTTGCCAGAAGAAACCAGCACCTCTTCCCCGTGGCTCCTGTGTTCAGAATGTGGTATTGGCTCTGGCCCAGCCTTCTCCCCTGTTACCCATAATTCTT,b256f9102df11f26a6024c51b32b60604f09fdb7c72a40116c1fbb4c2b98191b,-0.0543512415292337,GAAGGGTCTCCCTTGGCCATCACGGGAATGGAGTCCATGCTAGAAAGAGCTCAGTGTTGGGCTGGGTTTGCCAGTAGAACACTGCGTTCCAGTCACCCCAGTCTTGCCAGAAGAAACCAGCACCTCTTCCCCGTGGCTCCTGTGTTCAGAATGTGGTATTGGCTCTGGCCCAGCCTTCTCCCCTGTTACCCATAATTCTT,93e495329d14f7de643407fe158eb2532aa3a7ef79ded6d9b489af3958222a47,-0.0219978094951736,-0.0230602458559644,0.141852896674601,-266.41408657003194,-286.18676954321563,-260.4763434883207,-285.9995319880545,-5.750505526550114,-1.0,0.0230602458559644,0.0,0,0.17839017146739394,0.18565657667894103,0.15145376406925343,0.12878553197445405,1.0
chr8:22941873:C:G;chr8:22941887:G:A;var1;middle;OL41|K562|91fb070a35071561,chr8:22941873:C:G;chr8:22941887:G:A;var1;middle;OL41,K562,K562_region_02074,100,114,14,GTTTCTGGGCCTCACTTGGAGCCCTGGGCTGGGCTGGGCTGAGCAGCAGGGAGGCTGAGCAGCCTGTAGAGGGCAGCACACGCGCGGCTTCCCAGCCAGCCGCCCTGGAGGACGTGGAGGGGAGGCAGCCACAGTCCTGGAGAGGCCTGAGCCTGAACAACATGGCTTCCCCCAGCGTGAGACTCGCTTGTCCTCCCACC,4a3f0a26db1088853a97398937388f669a3058ae388a937732a1665fba24de90,0.0,GTTTCTGGGCCTCACTTGGAGCCCTGGGCTGGGCTGGGCTGAGCAGCAGGGAGGCTGAGCAGCCTGTAGAGGGCAGCACACGCGCGGCTTCCCAGCCAGGCGCCCTGGAGGACGTGGAGGGGAGGCAGCCACAGTCCTGGAGAGGCCTGAGCCTGAACAACATGGCTTCCCCCAGCGTGAGACTCGCTTGTCCTCCCACC,36bb2c7e1cc17c4e6dd3567c134abdb7ed024b615d7f6f1567bcd97b32e70c16,-0.0182732683325138,GTTTCTGGGCCTCACTTGGAGCCCTGGGCTGGGCTGGGCTGAGCAGCAGGGAGGCTGAGCAGCCTGTAGAGGGCAGCACACGCGCGGCTTCCCAGCCAGCCGCCCTGGAGGACATGGAGGGGAGGCAGCCACAGTCCTGGAGAGGCCTGAGCCTGAACAACATGGCTTCCCCCAGCGTGAGACTCGCTTGTCCTCCCACC,568153f383327a67fa0986027ed88b1429934067d8c8039aa8fb78a94d0a7b93,-1.00952280903654,GTTTCTGGGCCTCACTTGGAGCCCTGGGCTGGGCTGGGCTGAGCAGCAGGGAGGCTGAGCAGCCTGTAGAGGGCAGCACACGCGCGGCTTCCCAGCCAGGCGCCCTGGAGGACATGGAGGGGAGGCAGCCACAGTCCTGGAGAGGCCTGAGCCTGAACAACATGGCTTCCCCCAGCGTGAGACTCGCTTGTCCTCCCACC,91fb070a35071561e5c21c4933b123b3f1481a1e661e7d97b03abf38854ebc3a,-0.828752083647481,0.1990439937215727,0.181060345174778,-203.58575139380991,-203.78883649408817,-203.68429580703372,-203.8461750485003,0.04120585881167926,-1.0,-0.1990439937215727,0.0,2,0.17525446743206197,0.17490732828716207,0.146091925319964,0.046214210531317634,1.0
chr8:22941873:C:G;chr8:22941949:C:G;var1;middle;OL41|K562|a3df7a810689deff,chr8:22941873:C:G;chr8:22941949:C:G;var1;middle;OL41,K562,K562_region_02074,100,176,76,GTTTCTGGGCCTCACTTGGAGCCCTGGGCTGGGCTGGGCTGAGCAGCAGGGAGGCTGAGCAGCCTGTAGAGGGCAGCACACGCGCGGCTTCCCAGCCAGCCGCCCTGGAGGACGTGGAGGGGAGGCAGCCACAGTCCTGGAGAGGCCTGAGCCTGAACAACATGGCTTCCCCCAGCGTGAGACTCGCTTGTCCTCCCACC,4a3f0a26db1088853a97398937388f669a3058ae388a937732a1665fba24de90,0.0,GTTTCTGGGCCTCACTTGGAGCCCTGGGCTGGGCTGGGCTGAGCAGCAGGGAGGCTGAGCAGCCTGTAGAGGGCAGCACACGCGCGGCTTCCCAGCCAGGCGCCCTGGAGGACGTGGAGGGGAGGCAGCCACAGTCCTGGAGAGGCCTGAGCCTGAACAACATGGCTTCCCCCAGCGTGAGACTCGCTTGTCCTCCCACC,36bb2c7e1cc17c4e6dd3567c134abdb7ed024b615d7f6f1567bcd97b32e70c16,-0.0181309467679072,GTTTCTGGGCCTCACTTGGAGCCCTGGGCTGGGCTGGGCTGAGCAGCAGGGAGGCTGAGCAGCCTGTAGAGGGCAGCACACGCGCGGCTTCCCAGCCAGCCGCCCTGGAGGACGTGGAGGGGAGGCAGCCACAGTCCTGGAGAGGCCTGAGCCTGAACAACATGGCTTCCCCCAGGGTGAGACTCGCTTGTCCTCCCACC,f8eb8bd65243ed84ee2734bb244869dd5b89393d454b592afe1f6a1e7597abbe,0.0626147667678149,GTTTCTGGGCCTCACTTGGAGCCCTGGGCTGGGCTGGGCTGAGCAGCAGGGAGGCTGAGCAGCCTGTAGAGGGCAGCACACGCGCGGCTTCCCAGCCAGGCGCCCTGGAGGACGTGGAGGGGAGGCAGCCACAGTCCTGGAGAGGCCTGAGCCTGAACAACATGGCTTCCCCCAGGGTGAGACTCGCTTGTCCTCCCACC,a3df7a810689deffae6049e1b555fe3c168343f4eff19f99ca4b18ec1b707be6,-0.0653664058696519,0.1098502258695595,0.173629337291525,-203.58575139380991,-203.78883649408817,-202.2817034497857,-204.62076923251152,2.1359806824475527,1.0,0.1098502258695595,0.0,2,0.17830462894162902,0.17490732828716207,0.146091925319964,-0.005558489331240979,1.0
chr8:22942999:T:G;chr8:22943001:A:G;var1;middle;OL41|K562|b2c3a8fd9d11052d,chr8:22942999:T:G;chr8:22943001:A:G;var1;middle;OL41,K562,K562_region_02075,100,102,2,ACTGAATACACAACATATATGTAAGAGGGTAGAGGTAGAGGAATAGTCACTTATGCCTTTAGCTCAGTGAATCTGCATTTTTGCATAAACAATGGGGCGTAAGAAGCAGTCAGATATGCAGTCTCAGGTGAGCAGAGGGATGACTTTCTGTCCCACACCTGTGAAGATCAGCTATCAATGTACATTGCCAGGGTGAAACT,8e4be822dc43f31676a1c4addb1aa35a31a231d370092dd6d421ed59b6621fb1,0.0,ACTGAATACACAACATATATGTAAGAGGGTAGAGGTAGAGGAATAGTCACTTATGCCTTTAGCTCAGTGAATCTGCATTTTTGCATAAACAATGGGGCGGAAGAAGCAGTCAGATATGCAGTCTCAGGTGAGCAGAGGGATGACTTTCTGTCCCACACCTGTGAAGATCAGCTATCAATGTACATTGCCAGGGTGAAACT,5c5f2070bef7e17eab285526efcb9658dcf6ed9a93b6edf35543a2938cf5954b,0.0062417889676875,ACTGAATACACAACATATATGTAAGAGGGTAGAGGTAGAGGAATAGTCACTTATGCCTTTAGCTCAGTGAATCTGCATTTTTGCATAAACAATGGGGCGTAGGAAGCAGTCAGATATGCAGTCTCAGGTGAGCAGAGGGATGACTTTCTGTCCCACACCTGTGAAGATCAGCTATCAATGTACATTGCCAGGGTGAAACT,88df158a6f41a2c27f7e89bc6ccae656a2f76a175d6b5e32460e991e865475ae,0.284569673883563,ACTGAATACACAACATATATGTAAGAGGGTAGAGGTAGAGGAATAGTCACTTATGCCTTTAGCTCAGTGAATCTGCATTTTTGCATAAACAATGGGGCGGAGGAAGCAGTCAGATATGCAGTCTCAGGTGAGCAGAGGGATGACTTTCTGTCCCACACCTGTGAAGATCAGCTATCAATGTACATTGCCAGGGTGAAACT,b2c3a8fd9d11052d3cda5ca5c5b749e434ae02b47c6d8978790826fdf1fb3465,0.41499878199686,-0.1241873191456094,0.302335773214548,-267.0490491390228,-267.1693016588688,-266.6401376724243,-265.56524580717087,-1.195144385099411,1.0,-0.1241873191456094,0.0,3,0.17906575334228397,0.18106719778262317,0.1474303780702046,0.14457550972598232,1.0
chr8:22943928:G:A;chr8:22943951:G:A;var1;middle;OL41|K562|6f7ede617cd2f47f,chr8:22943928:G:A;chr8:22943951:G:A;var1;middle;OL41,K562,K562_region_02076,100,123,23,TAGGTGCACACTACCATGCCTGGCTAATTTTAGTATTTTTGGTAGATATGGGATTTCCCCATGTTGCCCAGGCTGGTCTCGAACTCCTGAGCTCAAGCGGTCTGCCCACCTCAGCCTCCCACGGTACTGGAATTACAGACGTGAACCACCGCATCTGGTTTCAACTGTTCACTTCTTAAGTGTTTCATTTCATGTATGAC,e7946f0387326e09e598d0ba324657edc6e015bd0432204f2cf81131ebbd6ccd,0.0,TAGGTGCACACTACCATGCCTGGCTAATTTTAGTATTTTTGGTAGATATGGGATTTCCCCATGTTGCCCAGGCTGGTCTCGAACTCCTGAGCTCAAGCGATCTGCCCACCTCAGCCTCCCACGGTACTGGAATTACAGACGTGAACCACCGCATCTGGTTTCAACTGTTCACTTCTTAAGTGTTTCATTTCATGTATGAC,2d3a433865f048d4922c5beffdc13ec8f6c53e7383833ac29ab0341eb7555408,-0.0992132906020058,TAGGTGCACACTACCATGCCTGGCTAATTTTAGTATTTTTGGTAGATATGGGATTTCCCCATGTTGCCCAGGCTGGTCTCGAACTCCTGAGCTCAAGCGGTCTGCCCACCTCAGCCTCCCACAGTACTGGAATTACAGACGTGAACCACCGCATCTGGTTTCAACTGTTCACTTCTTAAGTGTTTCATTTCATGTATGAC,0e7b3762f2be6bdf8f65f6ba07e43817dd2654188036b8afdaf8da9b5178cc8b,0.143222710098673,TAGGTGCACACTACCATGCCTGGCTAATTTTAGTATTTTTGGTAGATATGGGATTTCCCCATGTTGCCCAGGCTGGTCTCGAACTCCTGAGCTCAAGCGATCTGCCCACCTCAGCCTCCCACAGTACTGGAATTACAGACGTGAACCACCGCATCTGGTTTCAACTGTTCACTTCTTAAGTGTTTCATTTCATGTATGAC,6f7ede617cd2f47f0574aba645e08d43cd6d817f44c86d7a1f562c46c65b297d,-0.22355135567772,0.2675607751743872,0.397225866395001,-147.91023756423965,-144.0782847655937,-143.15359216276556,-139.4539537564851,0.1323143923654868,1.0,0.2675607751743872,0.0,4,0.17636331823308107,0.17620727786206916,0.145609630836647,0.18993054975815982,1.0
chr8:23088174:G:T;chr8:23088245:T:C;var1;middle;OL41|K562|de8c9f035070a7b0,chr8:23088174:G:T;chr8:23088245:T:C;var1;middle;OL41,K562,K562_region_02077,100,171,71,TGACTATGATGTGTCCAGGTAGGGTTTTCTTTACATTTATTTTTATGAGGGGTTTATGAACTTTTTGAATCTATAAGTTGATGTTTTTTCACTACATTTGAGACTATATCAACTTTTTTTTTCTTTCATCTTTTCCAGCCATTTCTTCTTGGTTCTGGTTCCGTGTGTACTGCATGATATTGTACCACGTGTCACGGAGA,e74c4f8aa282ee36d7d9597eeaf0dae430b7ba05ed39e8b600c89eb48f86bc8e,0.0,TGACTATGATGTGTCCAGGTAGGGTTTTCTTTACATTTATTTTTATGAGGGGTTTATGAACTTTTTGAATCTATAAGTTGATGTTTTTTCACTACATTTTAGACTATATCAACTTTTTTTTTCTTTCATCTTTTCCAGCCATTTCTTCTTGGTTCTGGTTCCGTGTGTACTGCATGATATTGTACCACGTGTCACGGAGA,2d68b5bc79085314e7493185026ec48d5f3ffd29642161d98b9c39183ad36185,-0.078089307154493,TGACTATGATGTGTCCAGGTAGGGTTTTCTTTACATTTATTTTTATGAGGGGTTTATGAACTTTTTGAATCTATAAGTTGATGTTTTTTCACTACATTTGAGACTATATCAACTTTTTTTTTCTTTCATCTTTTCCAGCCATTTCTTCTTGGTTCTGGTTCCGTGTGTACCGCATGATATTGTACCACGTGTCACGGAGA,6b80d7b165f46e21811c1962cddb1f9a42d08d13befec2eb1ce8536b2a46ce60,-0.218625222280985,TGACTATGATGTGTCCAGGTAGGGTTTTCTTTACATTTATTTTTATGAGGGGTTTATGAACTTTTTGAATCTATAAGTTGATGTTTTTTCACTACATTTTAGACTATATCAACTTTTTTTTTCTTTCATCTTTTCCAGCCATTTCTTCTTGGTTCTGGTTCCGTGTGTACCGCATGATATTGTACCACGTGTCACGGAGA,de8c9f035070a7b005318d08cd855fda1a5e1d82251d33eae685abbe1bca51c9,-0.0600009207525389,0.2367136086829391,0.13827935188389,-343.55391915678047,-342.314429115504,-350.96317215892486,-349.7794581199996,-0.05577600235119462,-1.0,-0.2367136086829391,0.0,2,0.17511325400104902,0.17490732828716207,0.146091925319964,0.024705218814994656,1.0
chr8:23315347:T:A;chr8:23315404:C:A;var1;middle;OL41|K562|882aeced81cf74fb,chr8:23315347:T:A;chr8:23315404:C:A;var1;middle;OL41,K562,K562_region_02078,100,157,57,GAGGGGCGCGTTGAGCGCTGGGGGGCGGAGCCTGATGCGGGATGATTGGCGTCCGAGCGCTGGGCTGTTCCGTGGACCCGCGCGGCCACGCCAGTGTGCTGTGCACGGGAAATGTGGACGTGGGAGCACGGAGGCACCCAGTACTGTGGCGTGGTGCTCGTCTGGTCGTCAGCGAGCCTCAGCGTACTTAGGACACCGCA,a677872b523997e6cfdc7e5a7e6eb4654bdc31cc4c0eae4b215f969d9f48a0e5,0.0,GAGGGGCGCGTTGAGCGCTGGGGGGCGGAGCCTGATGCGGGATGATTGGCGTCCGAGCGCTGGGCTGTTCCGTGGACCCGCGCGGCCACGCCAGTGTGCAGTGCACGGGAAATGTGGACGTGGGAGCACGGAGGCACCCAGTACTGTGGCGTGGTGCTCGTCTGGTCGTCAGCGAGCCTCAGCGTACTTAGGACACCGCA,120a9bac6ec5cf6dd8f998f2d207810ab5b7f61af0253a01e731196ae7eeef0e,-0.0569175163906685,GAGGGGCGCGTTGAGCGCTGGGGGGCGGAGCCTGATGCGGGATGATTGGCGTCCGAGCGCTGGGCTGTTCCGTGGACCCGCGCGGCCACGCCAGTGTGCTGTGCACGGGAAATGTGGACGTGGGAGCACGGAGGCACCCAGTACTGTGGCGTGGTGATCGTCTGGTCGTCAGCGAGCCTCAGCGTACTTAGGACACCGCA,43c95d4366918dd61559454659e10683919c9faf8b3ebc1ad925ad3391379e97,0.0124562840297701,GAGGGGCGCGTTGAGCGCTGGGGGGCGGAGCCTGATGCGGGATGATTGGCGTCCGAGCGCTGGGCTGTTCCGTGGACCCGCGCGGCCACGCCAGTGTGCAGTGCACGGGAAATGTGGACGTGGGAGCACGGAGGCACCCAGTACTGTGGCGTGGTGATCGTCTGGTCGTCAGCGAGCCTCAGCGTACTTAGGACACCGCA,882aeced81cf74fb82676238b364642855133082ea81eab0c7a3ffa5f983cef2,0.0462253064661957,0.0906865388270941,0.135360002595204,-307.6982654929161,-320.0099311117083,-305.5506138857454,-275.86882692575455,41.993452578783035,-1.0,-0.0906865388270941,0.0,1,0.22509097258587957,0.18216460459877223,0.1501433469024087,0.18371644267509976,1.0
chr8:23406169:C:G;chr8:23406241:C:T;var1;middle;OL30|K562|a2b0f72a994d1a19,chr8:23406169:C:G;chr8:23406241:C:T;var1;middle;OL30,K562,K562_region_02079,100,172,72,ACCTCCTGGGTTCAAGCGATGCTACTGCCTCAGCCTCCCAAGTAGCTGGGATTACAGGCATACACCACCACACCCGGCTGATTTTATAGTTTTAGTAGACACTGGGTTTCTCCATGTTGGTCAGGCTGGTCTCAAATTCCCGACCTCAGGTGATCTGCTCACCTCAGCCTCCTAAAGTGCTGGGATTACAGGCATGAGTC,cf20a744ede68d2dcf7f3452016d18745039f1ede5a3bde16f48059df5ab9be1,0.0,ACCTCCTGGGTTCAAGCGATGCTACTGCCTCAGCCTCCCAAGTAGCTGGGATTACAGGCATACACCACCACACCCGGCTGATTTTATAGTTTTAGTAGAGACTGGGTTTCTCCATGTTGGTCAGGCTGGTCTCAAATTCCCGACCTCAGGTGATCTGCTCACCTCAGCCTCCTAAAGTGCTGGGATTACAGGCATGAGTC,bc01944312514e865507f5a5c3448113acb3190385aad7498414e5d825f75152,-0.0931720054247461,ACCTCCTGGGTTCAAGCGATGCTACTGCCTCAGCCTCCCAAGTAGCTGGGATTACAGGCATACACCACCACACCCGGCTGATTTTATAGTTTTAGTAGACACTGGGTTTCTCCATGTTGGTCAGGCTGGTCTCAAATTCCCGACCTCAGGTGATCTGCTCACCTCAGCCTCTTAAAGTGCTGGGATTACAGGCATGAGTC,69d83db80596bc0b424712da4d9876ef3c8f458f355be4c72dddf5e6b7016cc5,-0.0005589842101584,ACCTCCTGGGTTCAAGCGATGCTACTGCCTCAGCCTCCCAAGTAGCTGGGATTACAGGCATACACCACCACACCCGGCTGATTTTATAGTTTTAGTAGAGACTGGGTTTCTCCATGTTGGTCAGGCTGGTCTCAAATTCCCGACCTCAGGTGATCTGCTCACCTCAGCCTCTTAAAGTGCTGGGATTACAGGCATGAGTC,a2b0f72a994d1a1937184391dba3c8873190d4fcce47234a4a75293ed86de305,-0.0806408806003093,0.0130901090345952,0.230318404702597,-78.12441766727716,-74.39222152577713,-80.92429625615478,-77.21979501610622,-0.027694901451468468,-1.0,-0.0130901090345952,0.0,1,0.18233698177604316,0.18216460459877223,0.1501433469024087,0.16582432087879134,1.0
chr8:27318391:C:T;chr8:27318425:C:A;var1;middle;OL41|K562|c1814112e2e7e2e1,chr8:27318391:C:T;chr8:27318425:C:A;var1;middle;OL41,K562,K562_region_02080,100,134,34,ACATATGGAGCCCCTGCAGGCCATGGCTCTCAGCTCTGCCAGACCTCCTGGGGGCCGGCTGGTGCAGAGCCATTTTGCAGCAAGGAAGGAGAGGAATGACGTCAAGGAGAAGCCTGGAGGCTCAAATGTGCTTCCAGATGGATGGAATAGCCCAGCCACCTGTATCCAACCATCCATCCCTCCCCGGTAGGGAAGATCTG,5acb1c03082d7e131c2a6b919dba7e3e77c649fff4b7b33b43b3a9ec3381a42c,0.0,ACATATGGAGCCCCTGCAGGCCATGGCTCTCAGCTCTGCCAGACCTCCTGGGGGCCGGCTGGTGCAGAGCCATTTTGCAGCAAGGAAGGAGAGGAATGATGTCAAGGAGAAGCCTGGAGGCTCAAATGTGCTTCCAGATGGATGGAATAGCCCAGCCACCTGTATCCAACCATCCATCCCTCCCCGGTAGGGAAGATCTG,57f03006ddbb15990b7164e830dbefe57e8c49913f96c81384cbc868a771cf3f,-0.453431092355933,ACATATGGAGCCCCTGCAGGCCATGGCTCTCAGCTCTGCCAGACCTCCTGGGGGCCGGCTGGTGCAGAGCCATTTTGCAGCAAGGAAGGAGAGGAATGACGTCAAGGAGAAGCCTGGAGGCTCAAATGTGCTTACAGATGGATGGAATAGCCCAGCCACCTGTATCCAACCATCCATCCCTCCCCGGTAGGGAAGATCTG,c1ff20cb4c46b65d043da277beedb2ce09ca15f69d1eaf22088a9ec9119bcfe8,-0.122891187182105,ACATATGGAGCCCCTGCAGGCCATGGCTCTCAGCTCTGCCAGACCTCCTGGGGGCCGGCTGGTGCAGAGCCATTTTGCAGCAAGGAAGGAGAGGAATGATGTCAAGGAGAAGCCTGGAGGCTCAAATGTGCTTACAGATGGATGGAATAGCCCAGCCACCTGTATCCAACCATCCATCCCTCCCCGGTAGGGAAGATCTG,c1814112e2e7e2e17b718a1c86e36902a5f517337194ce36c10c99dc07768bf2,-0.446634526503536,0.1296877530345019,0.308314106501581,-370.60028076008894,-365.654248214676,-393.4585951749468,-388.76359345263336,-0.2510308230994269,-1.0,-0.1296877530345019,0.0,4,0.17588819583425866,0.17620727786206916,0.145609630836647,0.15477282653481134,1.0
chr8:27560581:T:C;chr8:27560651:C:T;var1;middle;OL41|K562|69dfdb9c2ae1839c,chr8:27560581:T:C;chr8:27560651:C:T;var1;middle;OL41,K562,K562_region_02081,100,170,70,TTTTCACACTCGCAGCTCTCCCTCCTCAGGCCCTGCCAGGCCCGAAGCTGGGCCCAGAGGCCAGCTGGCACCCACATGAAAGGCCTTCCTGTCGAGAACTGGCATGGAACCCAGGGCCTCAAGGCTGCCCACACCACAGCCCTGGCCCAGGGTCCAGAGCACAGGGCCACGGAAACTTGGCCACAAGGCTCTGGGGAGAA,cbede50f2aa08eb81c2493df4ae1ea31bec02bdfa2d9c73e6a916a3ad175fa66,0.0,TTTTCACACTCGCAGCTCTCCCTCCTCAGGCCCTGCCAGGCCCGAAGCTGGGCCCAGAGGCCAGCTGGCACCCACATGAAAGGCCTTCCTGTCGAGAACCGGCATGGAACCCAGGGCCTCAAGGCTGCCCACACCACAGCCCTGGCCCAGGGTCCAGAGCACAGGGCCACGGAAACTTGGCCACAAGGCTCTGGGGAGAA,fa4184827f8eef0f39c0ecd2b99d3382317b63f5be1989290e18531cd72463a2,-0.29056203866083,TTTTCACACTCGCAGCTCTCCCTCCTCAGGCCCTGCCAGGCCCGAAGCTGGGCCCAGAGGCCAGCTGGCACCCACATGAAAGGCCTTCCTGTCGAGAACTGGCATGGAACCCAGGGCCTCAAGGCTGCCCACACCACAGCCCTGGCCCAGGGTCCAGAGCACAGGGCCATGGAAACTTGGCCACAAGGCTCTGGGGAGAA,5c19b6288002d5d2c2815835f0320fbd45c0ee2c7a903a8b6adc5faa6133ad98,-0.307773279351207,TTTTCACACTCGCAGCTCTCCCTCCTCAGGCCCTGCCAGGCCCGAAGCTGGGCCCAGAGGCCAGCTGGCACCCACATGAAAGGCCTTCCTGTCGAGAACCGGCATGGAACCCAGGGCCTCAAGGCTGCCCACACCACAGCCCTGGCCCAGGGTCCAGAGCACAGGGCCATGGAAACTTGGCCACAAGGCTCTGGGGAGAA,69dfdb9c2ae1839ce53b0a3e12c44d051e8edddae20280ac91adf64329f79901,-0.472782344329708,-0.1255529736823289,0.531846729492211,-293.6097364133457,-300.7705785660073,-290.9839904345572,-297.7066748284269,-0.438157758791931,1.0,-0.1255529736823289,0.0,0,0.1852132893345739,0.18565657667894103,0.15145376406925343,0.32701462388935765,1.0
chr8:27603227:C:T;chr8:27603266:C:T;var1;middle;OL41|K562|31ea618f380d6f65,chr8:27603227:C:T;chr8:27603266:C:T;var1;middle;OL41,K562,K562_region_02082,100,139,39,CACATTACAAAACAAGTCAGAAGCTTAGAGCCTATTGCTGGAATTTCACAGATGCTGCAGAACACAGCAAACGGCAGCTCTGGATGTGCCAAGCAAAGACTTGCAATGTCACCGCGTTCCATTCCCGGCACTGCAGCCCTGTGCCACGTTCTTCTGTCTTCTGCAGCATGTGACAGAAAGTTGTCTGTGTGGCACACGGT,6dea6ac7710f2ea84fc9f64799cfb0bc5f458479fe885c2db531ee930670fcd8,0.0,CACATTACAAAACAAGTCAGAAGCTTAGAGCCTATTGCTGGAATTTCACAGATGCTGCAGAACACAGCAAACGGCAGCTCTGGATGTGCCAAGCAAAGATTTGCAATGTCACCGCGTTCCATTCCCGGCACTGCAGCCCTGTGCCACGTTCTTCTGTCTTCTGCAGCATGTGACAGAAAGTTGTCTGTGTGGCACACGGT,6b0678f41e3a7ca753221b3c981eb65f96db12cc966a61559fc550de90b6717f,-0.232206012428833,CACATTACAAAACAAGTCAGAAGCTTAGAGCCTATTGCTGGAATTTCACAGATGCTGCAGAACACAGCAAACGGCAGCTCTGGATGTGCCAAGCAAAGACTTGCAATGTCACCGCGTTCCATTCCCGGCACTGCAGCCTTGTGCCACGTTCTTCTGTCTTCTGCAGCATGTGACAGAAAGTTGTCTGTGTGGCACACGGT,21feb88e962b74bc08528265cd91912a03e4af4605354e72ba9197024e7846a2,-0.208705588066478,CACATTACAAAACAAGTCAGAAGCTTAGAGCCTATTGCTGGAATTTCACAGATGCTGCAGAACACAGCAAACGGCAGCTCTGGATGTGCCAAGCAAAGATTTGCAATGTCACCGCGTTCCATTCCCGGCACTGCAGCCTTGTGCCACGTTCTTCTGTCTTCTGCAGCATGTGACAGAAAGTTGTCTGTGTGGCACACGGT,31ea618f380d6f657ddb0209dcd9e79915608225f631c7182b12af14c603ef67,-0.236461835341376,-0.2044497651539349,0.242048808668006,-292.52340910583735,-287.0134419631213,-296.77322976477444,-292.6747767138295,1.411514091771096,1.0,-0.2044497651539349,0.0,4,0.17794877281875365,0.17620727786206916,0.145609630836647,0.24608543505126962,1.0
chr8:27630117:C:T;chr8:27630131:C:A;var1;middle;OL41|K562|b7d39b87a8c1c509,chr8:27630117:C:T;chr8:27630131:C:A;var1;middle;OL41,K562,K562_region_02083,100,114,14,GCGCCCACTCACCGCTGCTGCTGGTGAAGTAGAACACCATGATCCCGGGAGCGGTGCGGTGACTCCACCGCGGAGCAGCAGCGCTCAACTCACGAAGCTCAGGATACCAGACTCGCGGCGGCCGCCTGGCCCCCGGAACTCCTCCGTGCACTTCCGGCGGACGTCGGGGCGCGTCATAACGCCGGCCGTGGGCGCCATTT,b0c243e00604db38ae1b755fbaf8a0a3cfb3c9efbc59d8aa758ed6dcca91c97e,0.0,GCGCCCACTCACCGCTGCTGCTGGTGAAGTAGAACACCATGATCCCGGGAGCGGTGCGGTGACTCCACCGCGGAGCAGCAGCGCTCAACTCACGAAGCTTAGGATACCAGACTCGCGGCGGCCGCCTGGCCCCCGGAACTCCTCCGTGCACTTCCGGCGGACGTCGGGGCGCGTCATAACGCCGGCCGTGGGCGCCATTT,a90a8cae82652a30ef5b7b926c089338e5a3583213309f42a6f7e8bb31fc3dae,-0.0234958505886178,GCGCCCACTCACCGCTGCTGCTGGTGAAGTAGAACACCATGATCCCGGGAGCGGTGCGGTGACTCCACCGCGGAGCAGCAGCGCTCAACTCACGAAGCTCAGGATACCAGACTAGCGGCGGCCGCCTGGCCCCCGGAACTCCTCCGTGCACTTCCGGCGGACGTCGGGGCGCGTCATAACGCCGGCCGTGGGCGCCATTT,fdec59d21074e9c7df4ddd2e91d162f2bbbe93f15300b6efa362baf9851e07ed,0.0844920826463578,GCGCCCACTCACCGCTGCTGCTGGTGAAGTAGAACACCATGATCCCGGGAGCGGTGCGGTGACTCCACCGCGGAGCAGCAGCGCTCAACTCACGAAGCTTAGGATACCAGACTAGCGGCGGCCGCCTGGCCCCCGGAACTCCTCCGTGCACTTCCGGCGGACGTCGGGGCGCGTCATAACGCCGGCCGTGGGCGCCATTT,b7d39b87a8c1c509633499442bf058e24a20f4dc531ac3ee76de6ee46e578ccb,0.143215547924595,0.082219315866855,0.234201735445746,-322.4437224341091,-329.35778151242994,-325.51261611282825,-328.1594414950814,4.267233696067706,-1.0,-0.082219315866855,0.0,0,0.1912568395521601,0.18565657667894103,0.15145376406925343,0.08152298227678442,1.0
chr8:27630117:C:T;chr8:27630152:G:A;var1;middle;OL41|K562|52c177f2066d3090,chr8:27630117:C:T;chr8:27630152:G:A;var1;middle;OL41,K562,K562_region_02083,100,135,35,GCGCCCACTCACCGCTGCTGCTGGTGAAGTAGAACACCATGATCCCGGGAGCGGTGCGGTGACTCCACCGCGGAGCAGCAGCGCTCAACTCACGAAGCTCAGGATACCAGACTCGCGGCGGCCGCCTGGCCCCCGGAACTCCTCCGTGCACTTCCGGCGGACGTCGGGGCGCGTCATAACGCCGGCCGTGGGCGCCATTT,b0c243e00604db38ae1b755fbaf8a0a3cfb3c9efbc59d8aa758ed6dcca91c97e,0.0,GCGCCCACTCACCGCTGCTGCTGGTGAAGTAGAACACCATGATCCCGGGAGCGGTGCGGTGACTCCACCGCGGAGCAGCAGCGCTCAACTCACGAAGCTTAGGATACCAGACTCGCGGCGGCCGCCTGGCCCCCGGAACTCCTCCGTGCACTTCCGGCGGACGTCGGGGCGCGTCATAACGCCGGCCGTGGGCGCCATTT,a90a8cae82652a30ef5b7b926c089338e5a3583213309f42a6f7e8bb31fc3dae,-0.0232062891074171,GCGCCCACTCACCGCTGCTGCTGGTGAAGTAGAACACCATGATCCCGGGAGCGGTGCGGTGACTCCACCGCGGAGCAGCAGCGCTCAACTCACGAAGCTCAGGATACCAGACTCGCGGCGGCCGCCTGGCCCCCAGAACTCCTCCGTGCACTTCCGGCGGACGTCGGGGCGCGTCATAACGCCGGCCGTGGGCGCCATTT,8fc5a7617b93e30c8d442c0a319974dd1bc19262f6c0d1d0e914bf707e14b2f7,-0.295711769918959,GCGCCCACTCACCGCTGCTGCTGGTGAAGTAGAACACCATGATCCCGGGAGCGGTGCGGTGACTCCACCGCGGAGCAGCAGCGCTCAACTCACGAAGCTTAGGATACCAGACTCGCGGCGGCCGCCTGGCCCCCAGAACTCCTCCGTGCACTTCCGGCGGACGTCGGGGCGCGTCATAACGCCGGCCGTGGGCGCCATTT,52c177f2066d30900db50a116df6aad9c832056a12e36b2713004118f33dc0b2,-0.193811749474764,0.1251063095516121,0.250275076277775,-322.4437224341091,-329.35778151242994,-323.5119570787065,-331.390655065421,-0.964638908393681,-1.0,-0.1251063095516121,0.0,0,0.18453708305147187,0.18565657667894103,0.15145376406925343,0.06432620292843418,1.0
chr8:27630131:C:A;chr8:27630152:G:A;var1;middle;OL41|K562|b78cb94d49c601e4,chr8:27630131:C:A;chr8:27630152:G:A;var1;middle;OL41,K562,K562_region_02083,100,121,21,CTGCTGCTGGTGAAGTAGAACACCATGATCCCGGGAGCGGTGCGGTGACTCCACCGCGGAGCAGCAGCGCTCAACTCACGAAGCTCAGGATACCAGACTCGCGGCGGCCGCCTGGCCCCCGGAACTCCTCCGTGCACTTCCGGCGGACGTCGGGGCGCGTCATAACGCCGGCCGTGGGCGCCATTTTTAATCCTGGCGAG,c73318e03dd05406160877b8be85f244069f639545cb3ce4d6172faae258cbe1,0.0,CTGCTGCTGGTGAAGTAGAACACCATGATCCCGGGAGCGGTGCGGTGACTCCACCGCGGAGCAGCAGCGCTCAACTCACGAAGCTCAGGATACCAGACTAGCGGCGGCCGCCTGGCCCCCGGAACTCCTCCGTGCACTTCCGGCGGACGTCGGGGCGCGTCATAACGCCGGCCGTGGGCGCCATTTTTAATCCTGGCGAG,a7ea903abfe198a830fa0919eeaf33e3420d79fc6b62cc4cc7aab11fb3cc2c02,-0.14715709598526,CTGCTGCTGGTGAAGTAGAACACCATGATCCCGGGAGCGGTGCGGTGACTCCACCGCGGAGCAGCAGCGCTCAACTCACGAAGCTCAGGATACCAGACTCGCGGCGGCCGCCTGGCCCCCAGAACTCCTCCGTGCACTTCCGGCGGACGTCGGGGCGCGTCATAACGCCGGCCGTGGGCGCCATTTTTAATCCTGGCGAG,d75ae4cd3d511a1bd97e12f89542a1788b97ab584697e1a9059a049fd2afff32,0.131052018742338,CTGCTGCTGGTGAAGTAGAACACCATGATCCCGGGAGCGGTGCGGTGACTCCACCGCGGAGCAGCAGCGCTCAACTCACGAAGCTCAGGATACCAGACTAGCGGCGGCCGCCTGGCCCCCAGAACTCCTCCGTGCACTTCCGGCGGACGTCGGGGCGCGTCATAACGCCGGCCGTGGGCGCCATTTTTAATCCTGGCGAG,b78cb94d49c601e47d1542314f875abfc58f821be417dc3a9dd4b1f42979d41a,0.209754926105324,0.225860003348246,0.249195580214406,-321.78623839560896,-324.9474920039065,-323.9227800238877,-325.82357954327017,1.2604540889151394,-1.0,-0.225860003348246,0.0,0,0.18739496669346875,0.18565657667894103,0.15145376406925343,0.022438884130973835,1.0
chr8:27758730:G:T;chr8:27758750:C:G;var1;middle;OL41|K562|2be18a2974487af1,chr8:27758730:G:T;chr8:27758750:C:G;var1;middle;OL41,K562,K562_region_02084,100,120,20,ATATTTTAATGTGGACTCAGATGGGTCCTGAGAAGCCTTCTGTGGCATGCCCTCCTCCAGGGAAAACCCCCAACTTCCACGTCCCTAGTGAGGGGTGTCGGTCATGTTTTCTCACCAGTCCCTTTTGCACAGTTACATCCCCATCTGCTGGAACTTCAGGTCTTTGCTGCTAACGGCACGGGCTTCAGAGGTGTTTGGGA,45e2dbe7aa407ea88f9a5a91b2f4b22fb63dbc7723050e3566ec8e6cad3a1292,0.0,ATATTTTAATGTGGACTCAGATGGGTCCTGAGAAGCCTTCTGTGGCATGCCCTCCTCCAGGGAAAACCCCCAACTTCCACGTCCCTAGTGAGGGGTGTCTGTCATGTTTTCTCACCAGTCCCTTTTGCACAGTTACATCCCCATCTGCTGGAACTTCAGGTCTTTGCTGCTAACGGCACGGGCTTCAGAGGTGTTTGGGA,7e541736a4d3db2d2f050a1c6853afc7b6481dab5ea1e0fc33c7311c54ff87e7,0.128073952917513,ATATTTTAATGTGGACTCAGATGGGTCCTGAGAAGCCTTCTGTGGCATGCCCTCCTCCAGGGAAAACCCCCAACTTCCACGTCCCTAGTGAGGGGTGTCGGTCATGTTTTCTCACCAGTGCCTTTTGCACAGTTACATCCCCATCTGCTGGAACTTCAGGTCTTTGCTGCTAACGGCACGGGCTTCAGAGGTGTTTGGGA,ebef1c2383c091ab264945b8479cab15e6594f483e4df382bb36a45b4cc85a8e,0.0786154978717573,ATATTTTAATGTGGACTCAGATGGGTCCTGAGAAGCCTTCTGTGGCATGCCCTCCTCCAGGGAAAACCCCCAACTTCCACGTCCCTAGTGAGGGGTGTCTGTCATGTTTTCTCACCAGTGCCTTTTGCACAGTTACATCCCCATCTGCTGGAACTTCAGGTCTTTGCTGCTAACGGCACGGGCTTCAGAGGTGTTTGGGA,2be18a2974487af1e07a4ed154dd18719be080e69b8f73c4cb8c3cc66e1eb60c,0.22850418227229,-0.0218147314830196,0.253332332327568,-346.3615194889717,-324.6880322340876,-347.16143355099484,-333.46113715320826,7.9731908570975065,1.0,-0.0218147314830196,0.0,4,0.18608138926802412,0.17620727786206916,0.145609630836647,0.1757438440493928,1.0
chr8:27935535:C:T;chr8:27935591:C:G;var1;middle;OL41|K562|195519cd6efdd1ac,chr8:27935535:C:T;chr8:27935591:C:G;var1;middle;OL41,K562,K562_region_02085,100,156,56,TGAGTTTAGAGCAGAAGCAGCTGTGGTCACTGAATTCTGGAATACGGGTAGTAGTTTTGGCTTCTTTCAGAATCACAAGAACTTTAGTTCATTTGACTTCATTTACTAAATCAACAGTACACAGTGTCCAGCAAGGGCCGTTAGCATGTAACTAGCTGGGGTTGGTTTGGGTTTAGCTGCATGCAATGAAGACAGAAAAC,59afaa64840b2ba32cb938aa2cd991beb9cd1328b087f5de5aa650d15a44319b,0.0,TGAGTTTAGAGCAGAAGCAGCTGTGGTCACTGAATTCTGGAATACGGGTAGTAGTTTTGGCTTCTTTCAGAATCACAAGAACTTTAGTTCATTTGACTTTATTTACTAAATCAACAGTACACAGTGTCCAGCAAGGGCCGTTAGCATGTAACTAGCTGGGGTTGGTTTGGGTTTAGCTGCATGCAATGAAGACAGAAAAC,810495d8cd492330fbe136e9680af6ce9e9ca379ea12b2cef02b3a4495ede371,0.121929410592416,TGAGTTTAGAGCAGAAGCAGCTGTGGTCACTGAATTCTGGAATACGGGTAGTAGTTTTGGCTTCTTTCAGAATCACAAGAACTTTAGTTCATTTGACTTCATTTACTAAATCAACAGTACACAGTGTCCAGCAAGGGCCGTTAGCATGTAACTAGGTGGGGTTGGTTTGGGTTTAGCTGCATGCAATGAAGACAGAAAAC,048bce93e5b76c2e829fa2d9a1210367bff1560525e07bd7c6e53e9137bb786b,0.0683688578918806,TGAGTTTAGAGCAGAAGCAGCTGTGGTCACTGAATTCTGGAATACGGGTAGTAGTTTTGGCTTCTTTCAGAATCACAAGAACTTTAGTTCATTTGACTTTATTTACTAAATCAACAGTACACAGTGTCCAGCAAGGGCCGTTAGCATGTAACTAGGTGGGGTTGGTTTGGGTTTAGCTGCATGCAATGAAGACAGAAAAC,195519cd6efdd1ac0daf7ded06b0199942415a511dfa1e2f3c52de162fa58ebf,-0.199385314215121,0.3896835826994176,0.304012172359124,-339.60993991955183,-337.4351952066645,-349.50951645337045,-349.7180020972155,2.3832303567323834,1.0,0.3896835826994176,0.0,4,0.17915312895561902,0.17620727786206916,0.145609630836647,0.127213979233253,1.0
chr8:28286071:T:C;chr8:28286124:C:G;var1;middle;OL41|K562|88bb051b1fd8a6e2,chr8:28286071:T:C;chr8:28286124:C:G;var1;middle;OL41,K562,K562_region_02086,100,153,53,CACAATAAGTACTTAAGCTGAAAGAGTTTCTAATGGGAGCCAAGTAAATTCAGCTCTCCACTGTGCAAAGCATCTTGTCATTTCTATAATAAAAGTCTTTCCATGTTCAGTCCACTTTGGCTCTGGAACCTGGATGAGTCATGCTTGGGGCCCAGGGTGCCTGTGAGGATGCTGCATGAGAATTTCAGCTGTGGTGGCAG,641e8422627b4bb5ccb300638f449a9c8fdc85357ec17a6cdc11788a050d49c0,0.0,CACAATAAGTACTTAAGCTGAAAGAGTTTCTAATGGGAGCCAAGTAAATTCAGCTCTCCACTGTGCAAAGCATCTTGTCATTTCTATAATAAAAGTCTTCCCATGTTCAGTCCACTTTGGCTCTGGAACCTGGATGAGTCATGCTTGGGGCCCAGGGTGCCTGTGAGGATGCTGCATGAGAATTTCAGCTGTGGTGGCAG,6d08bce48bc33686f9a36aa41c837f3e6c6f512005e7d14bba8ccbb28ec1e5d7,-0.0612381492469953,CACAATAAGTACTTAAGCTGAAAGAGTTTCTAATGGGAGCCAAGTAAATTCAGCTCTCCACTGTGCAAAGCATCTTGTCATTTCTATAATAAAAGTCTTTCCATGTTCAGTCCACTTTGGCTCTGGAACCTGGATGAGTCATGCTTGGGGCCGAGGGTGCCTGTGAGGATGCTGCATGAGAATTTCAGCTGTGGTGGCAG,b54f7a8381d50416efcaace66873a927db5c5340e77a5b8086c8befc416f9e2d,-0.603256100634237,CACAATAAGTACTTAAGCTGAAAGAGTTTCTAATGGGAGCCAAGTAAATTCAGCTCTCCACTGTGCAAAGCATCTTGTCATTTCTATAATAAAAGTCTTCCCATGTTCAGTCCACTTTGGCTCTGGAACCTGGATGAGTCATGCTTGGGGCCGAGGGTGCCTGTGAGGATGCTGCATGAGAATTTCAGCTGTGGTGGCAG,88bb051b1fd8a6e2d569f92849ed15ff8f2322ef692f7db595e70aea12607eba,-0.715977075036142,0.0514828251549097,0.226145510404885,-418.5713347289711,-440.8176206550561,-395.8920395751484,-426.8313905373216,8.693065036088285,1.0,0.0514828251549097,0.0,0,0.19694132600022318,0.18565657667894103,0.15145376406925343,0.31306147738105755,1.0
chr8:30182907:C:T;chr8:30182929:A:G;var1;middle;OL30|K562|3633966248236ee8,chr8:30182907:C:T;chr8:30182929:A:G;var1;middle;OL30,K562,K562_region_02087,100,122,22,CACTTGAGCCCAAGAGTTCAAGGCTGCCGTGAGCTATGATCATGGTACTACACTCCAGCCTAGACAACAGAGTGAGACCCTGTCTCCAAAAAAACAAAACGAAACAAAATCAATAAAGGAGAACAGCTTCAAATTACCTGTTTGTGTTCCATTATATTCATAAGCCATGCATTTTACTGGGACCTGGTTTCAAATTTGCA,de876f711b36aa1f01bbe3825499e9bd16efce05a913ad0290eca00afcb545f0,0.0,CACTTGAGCCCAAGAGTTCAAGGCTGCCGTGAGCTATGATCATGGTACTACACTCCAGCCTAGACAACAGAGTGAGACCCTGTCTCCAAAAAAACAAAATGAAACAAAATCAATAAAGGAGAACAGCTTCAAATTACCTGTTTGTGTTCCATTATATTCATAAGCCATGCATTTTACTGGGACCTGGTTTCAAATTTGCA,e558e819b3d09088cba1eb9f2cf43921a2f4a4aceccda29b6f1bf58172b5ecef,-0.181012435752268,CACTTGAGCCCAAGAGTTCAAGGCTGCCGTGAGCTATGATCATGGTACTACACTCCAGCCTAGACAACAGAGTGAGACCCTGTCTCCAAAAAAACAAAACGAAACAAAATCAATAAAGGAGGACAGCTTCAAATTACCTGTTTGTGTTCCATTATATTCATAAGCCATGCATTTTACTGGGACCTGGTTTCAAATTTGCA,27308e71971c9f99a852ee686ee49a2c3fa1dbca60929fa05e7e5e39e0445a1c,-0.157537181351773,CACTTGAGCCCAAGAGTTCAAGGCTGCCGTGAGCTATGATCATGGTACTACACTCCAGCCTAGACAACAGAGTGAGACCCTGTCTCCAAAAAAACAAAATGAAACAAAATCAATAAAGGAGGACAGCTTCAAATTACCTGTTTGTGTTCCATTATATTCATAAGCCATGCATTTTACTGGGACCTGGTTTCAAATTTGCA,3633966248236ee82ed8c8bf63e1ba413a96b6e2951396d82be0c574931c2c6b,-0.148919796654118,0.1896298204499229,0.368505712578584,-212.2645539236255,-212.26599581819028,-212.71839714073576,-213.18364554503933,-0.463806509738788,-1.0,-0.1896298204499229,0.0,0,0.18518034637629874,0.18565657667894103,0.15145376406925343,0.2320769051710012,1.0
chr8:30580577:G:A;chr8:30580584:G:A;var1;middle;OL41|K562|c8b8e2b5bf0f866c,chr8:30580577:G:A;chr8:30580584:G:A;var1;middle;OL41,K562,K562_region_02088,100,107,7,CAGCATAGTTCACTGTGACTTGGCAATCATGAACTTTTGTCACATGATCAACCCTTACTACCCAACTCTCATTGGTAAGTACTACTCGCCAAAACCACAGGAACCTGGTTATTCTTATCACAGAATCAGTACACTCAGCAGGAACCCAGGACCGCAAGTTCCCCAGGCCCTGGGGCAAAGGGAGCAGCAATTTAGAAACA,7cd16cdda4743cd16688ebfe4d96ad281b1efe690800e2c3d8ebd3197fc80fa7,0.0,CAGCATAGTTCACTGTGACTTGGCAATCATGAACTTTTGTCACATGATCAACCCTTACTACCCAACTCTCATTGGTAAGTACTACTCGCCAAAACCACAAGAACCTGGTTATTCTTATCACAGAATCAGTACACTCAGCAGGAACCCAGGACCGCAAGTTCCCCAGGCCCTGGGGCAAAGGGAGCAGCAATTTAGAAACA,f1d6257a5b1e5ff7942c8b439b10ca4277f39ac70fdaba98aa4be4d406a3307b,-0.18422019996743,CAGCATAGTTCACTGTGACTTGGCAATCATGAACTTTTGTCACATGATCAACCCTTACTACCCAACTCTCATTGGTAAGTACTACTCGCCAAAACCACAGGAACCTAGTTATTCTTATCACAGAATCAGTACACTCAGCAGGAACCCAGGACCGCAAGTTCCCCAGGCCCTGGGGCAAAGGGAGCAGCAATTTAGAAACA,fe4b9fce5e9b6e147c03642e8e790537ad6a60f1b72b56705bc0f86b10fe2f8e,0.147814206550716,CAGCATAGTTCACTGTGACTTGGCAATCATGAACTTTTGTCACATGATCAACCCTTACTACCCAACTCTCATTGGTAAGTACTACTCGCCAAAACCACAAGAACCTAGTTATTCTTATCACAGAATCAGTACACTCAGCAGGAACCCAGGACCGCAAGTTCCCCAGGCCCTGGGGCAAAGGGAGCAGCAATTTAGAAACA,c8b8e2b5bf0f866c4f7915c0274263d72225eddfb5cad111dd6e93aa827df06f,-0.0392938716449206,-0.0028878782282066,0.303307176017903,-263.827072173357,-265.3140469491482,-266.1739024817944,-267.3540533185005,0.3068239390850067,-1.0,0.0028878782282066,0.0,3,0.18209099602974427,0.18106719778262317,0.1474303780702046,0.24071805430235457,1.0
chr8:30843698:C:T;chr8:30843700:G:T;var1;middle;OL28|K562|02b6c25ac54a9e65,chr8:30843698:C:T;chr8:30843700:G:T;var1;middle;OL28,K562,K562_region_02089,100,102,2,TTTATGATTGCCATTCTAACTGGTGTGAGATGGTATCTCATTGTGGTTTTGATTTGCATTTCTCTGATGGCCAGTGATGATGAGCATTTTTTCATGTGTCTGTTGGCTGCATAAATGTCTTCTTTTGAGAAGTGTCCGTTCATGTCCTTTGCCCACTTTTTGATGGGGTTGTTTGTTTTTTTCTTGTAAATTTGTTGGAG,cde803d0c56a368cf9aa804340e8e5e47efcc15a1f3072ea303b0a093620524a,0.0,TTTATGATTGCCATTCTAACTGGTGTGAGATGGTATCTCATTGTGGTTTTGATTTGCATTTCTCTGATGGCCAGTGATGATGAGCATTTTTTCATGTGTTTGTTGGCTGCATAAATGTCTTCTTTTGAGAAGTGTCCGTTCATGTCCTTTGCCCACTTTTTGATGGGGTTGTTTGTTTTTTTCTTGTAAATTTGTTGGAG,d2ddcd1a18609ac495b3c67c5ceb2d0bbbc2bf8ed0782b5922005f42d85aa255,-0.248371109068791,TTTATGATTGCCATTCTAACTGGTGTGAGATGGTATCTCATTGTGGTTTTGATTTGCATTTCTCTGATGGCCAGTGATGATGAGCATTTTTTCATGTGTCTTTTGGCTGCATAAATGTCTTCTTTTGAGAAGTGTCCGTTCATGTCCTTTGCCCACTTTTTGATGGGGTTGTTTGTTTTTTTCTTGTAAATTTGTTGGAG,7264d4ffdef12896fa9da99e211f56edee18fd8042dabe816e56826d729e3703,-0.0248786635364686,TTTATGATTGCCATTCTAACTGGTGTGAGATGGTATCTCATTGTGGTTTTGATTTGCATTTCTCTGATGGCCAGTGATGATGAGCATTTTTTCATGTGTTTTTTGGCTGCATAAATGTCTTCTTTTGAGAAGTGTCCGTTCATGTCCTTTGCCCACTTTTTGATGGGGTTGTTTGTTTTTTTCTTGTAAATTTGTTGGAG,02b6c25ac54a9e6544323ee6ce1922c2b676ba73471d36ef036afce83f06f83d,-0.367577427230196,0.0943276546249363,0.113097019689236,-71.10941102774814,-73.15966916410252,-74.16856772033498,-73.79627380846068,-2.422552048228681,1.0,0.0943276546249363,0.0,4,0.17319678785013684,0.17620727786206916,0.145609630836647,0.04856990761994717,1.0
chr8:41630405:G:A;chr8:41630447:G:A;var1;middle;OL28|K562|384bd0491501db92,chr8:41630405:G:A;chr8:41630447:G:A;var1;middle;OL28,K562,K562_region_02090,100,142,42,CCATCTGTTCCATCCTCACCCACCCAAGGAGCCGCCCCTGCTCCTAGAGACTCTGGGCACCACTGATAAGGGTGGGTACCAGGAACTCCACCCTTTACCGAGAAAGGCAGGCTGGTTTATCGCCACTCAGACCCAGCCAGCGACCACCCTGGGGAGTGTGTCAGCCACCAGGAGCATCGCTGTTGGGGAAATGTTATTAA,b9438aa1836eba4cd0ce1368d9062fd5d5735f320d1202eb0f4082dd4de0c09d,0.0,CCATCTGTTCCATCCTCACCCACCCAAGGAGCCGCCCCTGCTCCTAGAGACTCTGGGCACCACTGATAAGGGTGGGTACCAGGAACTCCACCCTTTACCAAGAAAGGCAGGCTGGTTTATCGCCACTCAGACCCAGCCAGCGACCACCCTGGGGAGTGTGTCAGCCACCAGGAGCATCGCTGTTGGGGAAATGTTATTAA,08ec2c7ff8e0bdcdb4a1fd7d1c92f0b6734d4677aa0635d65094e1e52697fc65,-0.618461361287637,CCATCTGTTCCATCCTCACCCACCCAAGGAGCCGCCCCTGCTCCTAGAGACTCTGGGCACCACTGATAAGGGTGGGTACCAGGAACTCCACCCTTTACCGAGAAAGGCAGGCTGGTTTATCGCCACTCAGACCCAGCCAGCAACCACCCTGGGGAGTGTGTCAGCCACCAGGAGCATCGCTGTTGGGGAAATGTTATTAA,b66cae8c23f82e418ccc449672d46b1a9fa8a128db6bddf96f20615bd79865b1,0.782977802892709,CCATCTGTTCCATCCTCACCCACCCAAGGAGCCGCCCCTGCTCCTAGAGACTCTGGGCACCACTGATAAGGGTGGGTACCAGGAACTCCACCCTTTACCAAGAAAGGCAGGCTGGTTTATCGCCACTCAGACCCAGCCAGCAACCACCCTGGGGAGTGTGTCAGCCACCAGGAGCATCGCTGTTGGGGAAATGTTATTAA,384bd0491501db92e51a4035107d8bd943225c374e7ddfd3ae7ef986ff7eedbd,0.318455851457476,0.1539394098524039,0.312981204414355,-316.3815968642012,-319.18586581526324,-341.8318446620833,-335.09488455136307,9.541229061782303,-1.0,-0.1539394098524039,0.0,2,0.18908726930973607,0.17490732828716207,0.146091925319964,0.23053855447282315,1.0
chr8:54433888:C:T;chr8:54433922:A:C;var1;middle;OL41|K562|16f48b37103c08e1,chr8:54433888:C:T;chr8:54433922:A:C;var1;middle;OL41,K562,K562_region_02091,100,134,34,AGTAACCAGAGCAGGGCTGTTGTCCTCAGCAGCAGCTTGGTCTCATCTCAGGATTAGCCGGGTTGGATATCTGGGTCTTGCTGGCTGGTTTACCTGTCCCGAGCTGATGGTGTTAGCCGATGGTGGTGGATCCAAGACATAACACCTGCAACTTTAACAGCAGTGGGAGTGGACAAGATTACAGTATAGGGCCCATCCTA,acee6b6ce74b19a4244081359ced3fefdfc8a3d868cfc014e7fedda3447283aa,0.0,AGTAACCAGAGCAGGGCTGTTGTCCTCAGCAGCAGCTTGGTCTCATCTCAGGATTAGCCGGGTTGGATATCTGGGTCTTGCTGGCTGGTTTACCTGTCCTGAGCTGATGGTGTTAGCCGATGGTGGTGGATCCAAGACATAACACCTGCAACTTTAACAGCAGTGGGAGTGGACAAGATTACAGTATAGGGCCCATCCTA,49d70b96c182f244673ee5f8a8ab00ad145917e62341895b2313ef01141cb7c1,0.0008696383400343,AGTAACCAGAGCAGGGCTGTTGTCCTCAGCAGCAGCTTGGTCTCATCTCAGGATTAGCCGGGTTGGATATCTGGGTCTTGCTGGCTGGTTTACCTGTCCCGAGCTGATGGTGTTAGCCGATGGTGGTGGATCCCAGACATAACACCTGCAACTTTAACAGCAGTGGGAGTGGACAAGATTACAGTATAGGGCCCATCCTA,0a1310b169afff2e773d59d403039442cecbec83b3c2849e831770f074e1b04c,0.0058235311104557,AGTAACCAGAGCAGGGCTGTTGTCCTCAGCAGCAGCTTGGTCTCATCTCAGGATTAGCCGGGTTGGATATCTGGGTCTTGCTGGCTGGTTTACCTGTCCTGAGCTGATGGTGTTAGCCGATGGTGGTGGATCCCAGACATAACACCTGCAACTTTAACAGCAGTGGGAGTGGACAAGATTACAGTATAGGGCCCATCCTA,16f48b37103c08e1218c4a9a82692dd5fc6b793d9a70547613f5e6494946e182,0.0516311537386412,-0.0449379842881512,0.241422621947467,-256.7580545097589,-251.31271374225616,-254.14889793097973,-248.5918946415186,-0.11166252195840798,1.0,-0.0449379842881512,0.0,4,0.1760609304840902,0.17620727786206916,0.145609630836647,0.176200004500679,1.0
chr8:59406490:C:T;chr8:59406545:C:T;var1;middle;OL31|K562|cde02d42a46133fb,chr8:59406490:C:T;chr8:59406545:C:T;var1;middle;OL31,K562,K562_region_02092,100,155,55,TCTACTAAAAATACAAAAATTAGCCAGGGGTGGTGGCGTGCACCTGTAATCCTAGCTACTTGGGAGGCTGAGGCAGGAGAATGGCTTGAACCCAGGAGGCAGAGGTTGCAGTAAGCCAAGATCGCGCCATTGCACTCCAGCCTGGGCAACAGAACAAGACTTTGTCAAAAATAAATAAATAAATAAAAATAAAAATATCA,605496e5b5e2979c528b85a28846156da6a1cff24f83ee824dc15d2f266857fa,0.0,TCTACTAAAAATACAAAAATTAGCCAGGGGTGGTGGCGTGCACCTGTAATCCTAGCTACTTGGGAGGCTGAGGCAGGAGAATGGCTTGAACCCAGGAGGTAGAGGTTGCAGTAAGCCAAGATCGCGCCATTGCACTCCAGCCTGGGCAACAGAACAAGACTTTGTCAAAAATAAATAAATAAATAAAAATAAAAATATCA,8aacd3e24a1d92f3dc92f6ea066b0f0880055845cc3040abaa425f04707ef58f,0.403530389135184,TCTACTAAAAATACAAAAATTAGCCAGGGGTGGTGGCGTGCACCTGTAATCCTAGCTACTTGGGAGGCTGAGGCAGGAGAATGGCTTGAACCCAGGAGGCAGAGGTTGCAGTAAGCCAAGATCGCGCCATTGCACTCCAGCCTGGGCAACAGAATAAGACTTTGTCAAAAATAAATAAATAAATAAAAATAAAAATATCA,fc4e7798b83e4cf2d6adb7d17163291f117c81817f894306be1473dd69147e68,0.493183568559705,TCTACTAAAAATACAAAAATTAGCCAGGGGTGGTGGCGTGCACCTGTAATCCTAGCTACTTGGGAGGCTGAGGCAGGAGAATGGCTTGAACCCAGGAGGTAGAGGTTGCAGTAAGCCAAGATCGCGCCATTGCACTCCAGCCTGGGCAACAGAATAAGACTTTGTCAAAAATAAATAAATAAATAAAAATAAAAATATCA,cde02d42a46133fba52c7ccb6bc17a6e510153d9cfa2145280a2d9a2e5c4ccc4,0.430238908795654,0.466475048899235,0.552422442412993,-58.78863594075665,-63.109784099739045,-62.5274347322993,-66.7970664370805,-0.051516454201191664,1.0,0.466475048899235,0.0,0,0.18570988694242518,0.18565657667894103,0.15145376406925343,0.36602494907149485,1.0
chr8:6263912:A:T;chr8:6263939:C:T;var1;middle;OL41|K562|1a461cba047cbf5c,chr8:6263912:A:T;chr8:6263939:C:T;var1;middle;OL41,K562,K562_region_02042,100,127,27,AGGGAATGACTGTGCCCCCTCCCCTTCCTGATCCTCAGCTCAGGTGAGCCCAGATGAGGCGCCGGGTAGCTTCTAAGTCACTAATGGAAATAGAAGGCTAATTCAGGGGTTAGGGGCCGTCGTCCTCCTTACTCCCAGGAGAAGAGAAAAACCCACGGCCCAGCAGCCAGAGGCGCGGCGAGGCGGAATCGGGCCCCCTC,c0f293fc3d6d61a744637bbbff76cfbe68fc7e75bb8c321d5866884b6e7cf93a,0.0,AGGGAATGACTGTGCCCCCTCCCCTTCCTGATCCTCAGCTCAGGTGAGCCCAGATGAGGCGCCGGGTAGCTTCTAAGTCACTAATGGAAATAGAAGGCTTATTCAGGGGTTAGGGGCCGTCGTCCTCCTTACTCCCAGGAGAAGAGAAAAACCCACGGCCCAGCAGCCAGAGGCGCGGCGAGGCGGAATCGGGCCCCCTC,5ab231335d5b637aab195d68e8fcb3fbb03a52e60c04dc0b8a2bc941f190ab6f,-0.321780837440149,AGGGAATGACTGTGCCCCCTCCCCTTCCTGATCCTCAGCTCAGGTGAGCCCAGATGAGGCGCCGGGTAGCTTCTAAGTCACTAATGGAAATAGAAGGCTAATTCAGGGGTTAGGGGCCGTCGTCCTTCTTACTCCCAGGAGAAGAGAAAAACCCACGGCCCAGCAGCCAGAGGCGCGGCGAGGCGGAATCGGGCCCCCTC,eb9a5609f57e6c02c39e7f8ff501e73d86e717633f3cb2ff651a055448463df9,-0.366073281451743,AGGGAATGACTGTGCCCCCTCCCCTTCCTGATCCTCAGCTCAGGTGAGCCCAGATGAGGCGCCGGGTAGCTTCTAAGTCACTAATGGAAATAGAAGGCTTATTCAGGGGTTAGGGGCCGTCGTCCTTCTTACTCCCAGGAGAAGAGAAAAACCCACGGCCCAGCAGCCAGAGGCGCGGCGAGGCGGAATCGGGCCCCCTC,1a461cba047cbf5c051b3b3a30f59aab00a300c7cc3c6bd5a110625ac16dd372,0.164223075914802,0.8520771948066941,0.439798526489022,-303.9637004779652,-269.9315259223804,-306.0173954209313,-277.7682885071263,-5.78306764177978,-1.0,-0.8520771948066941,0.0,2,0.1667738543120986,0.17490732828716207,0.146091925319964,0.09222701536675337,1.0
chr8:6263912:A:T;chr8:6263947:C:G;var1;middle;OL41|K562|85e46387e554dcf7,chr8:6263912:A:T;chr8:6263947:C:G;var1;middle;OL41,K562,K562_region_02042,100,135,35,AGGGAATGACTGTGCCCCCTCCCCTTCCTGATCCTCAGCTCAGGTGAGCCCAGATGAGGCGCCGGGTAGCTTCTAAGTCACTAATGGAAATAGAAGGCTAATTCAGGGGTTAGGGGCCGTCGTCCTCCTTACTCCCAGGAGAAGAGAAAAACCCACGGCCCAGCAGCCAGAGGCGCGGCGAGGCGGAATCGGGCCCCCTC,c0f293fc3d6d61a744637bbbff76cfbe68fc7e75bb8c321d5866884b6e7cf93a,0.0,AGGGAATGACTGTGCCCCCTCCCCTTCCTGATCCTCAGCTCAGGTGAGCCCAGATGAGGCGCCGGGTAGCTTCTAAGTCACTAATGGAAATAGAAGGCTTATTCAGGGGTTAGGGGCCGTCGTCCTCCTTACTCCCAGGAGAAGAGAAAAACCCACGGCCCAGCAGCCAGAGGCGCGGCGAGGCGGAATCGGGCCCCCTC,5ab231335d5b637aab195d68e8fcb3fbb03a52e60c04dc0b8a2bc941f190ab6f,-0.321744240514944,AGGGAATGACTGTGCCCCCTCCCCTTCCTGATCCTCAGCTCAGGTGAGCCCAGATGAGGCGCCGGGTAGCTTCTAAGTCACTAATGGAAATAGAAGGCTAATTCAGGGGTTAGGGGCCGTCGTCCTCCTTACTCGCAGGAGAAGAGAAAAACCCACGGCCCAGCAGCCAGAGGCGCGGCGAGGCGGAATCGGGCCCCCTC,dfa034e5d46f6c4c5d309adbc90aabcc8f1e54b9f41430ee05609c9838258800,-0.242346416487897,AGGGAATGACTGTGCCCCCTCCCCTTCCTGATCCTCAGCTCAGGTGAGCCCAGATGAGGCGCCGGGTAGCTTCTAAGTCACTAATGGAAATAGAAGGCTTATTCAGGGGTTAGGGGCCGTCGTCCTCCTTACTCGCAGGAGAAGAGAAAAACCCACGGCCCAGCAGCCAGAGGCGCGGCGAGGCGGAATCGGGCCCCCTC,85e46387e554dcf7ad1c944fdfe3bc34da1b47087169cc359d1552e8432bc848,-0.455019328826622,-0.109071328176219,0.475627373312093,-303.9637004779652,-269.9315259223804,-320.32706285174936,-296.2004151903093,9.905526894144714,1.0,-0.109071328176219,0.0,2,0.18961771640779787,0.17490732828716207,0.146091925319964,0.1792673122984322,1.0
chr8:6263939:C:T;chr8:6263947:C:G;var1;middle;OL41|K562|41adf2b62e510b9b,chr8:6263939:C:T;chr8:6263947:C:G;var1;middle;OL41,K562,K562_region_02042,100,108,8,CTGATCCTCAGCTCAGGTGAGCCCAGATGAGGCGCCGGGTAGCTTCTAAGTCACTAATGGAAATAGAAGGCTAATTCAGGGGTTAGGGGCCGTCGTCCTCCTTACTCCCAGGAGAAGAGAAAAACCCACGGCCCAGCAGCCAGAGGCGCGGCGAGGCGGAATCGGGCCCCCTCCCCGGGGGCTCAGCTCCCTCCAGCCTC,11830eecb6c3565502c777abe99a558526a53c27bd50e78c8fa7f8d1a37f91bf,0.0,CTGATCCTCAGCTCAGGTGAGCCCAGATGAGGCGCCGGGTAGCTTCTAAGTCACTAATGGAAATAGAAGGCTAATTCAGGGGTTAGGGGCCGTCGTCCTTCTTACTCCCAGGAGAAGAGAAAAACCCACGGCCCAGCAGCCAGAGGCGCGGCGAGGCGGAATCGGGCCCCCTCCCCGGGGGCTCAGCTCCCTCCAGCCTC,8ac80ed8b8be67e31a5bd2f29f283e5c0c097f0ad267397111a8ddf478b3b9e9,-0.129527260303579,CTGATCCTCAGCTCAGGTGAGCCCAGATGAGGCGCCGGGTAGCTTCTAAGTCACTAATGGAAATAGAAGGCTAATTCAGGGGTTAGGGGCCGTCGTCCTCCTTACTCGCAGGAGAAGAGAAAAACCCACGGCCCAGCAGCCAGAGGCGCGGCGAGGCGGAATCGGGCCCCCTCCCCGGGGGCTCAGCTCCCTCCAGCCTC,64ad38c60ae88d658431d82819764a0c4a9f0148562c5a53c74231fd87a66717,-0.400488753171465,CTGATCCTCAGCTCAGGTGAGCCCAGATGAGGCGCCGGGTAGCTTCTAAGTCACTAATGGAAATAGAAGGCTAATTCAGGGGTTAGGGGCCGTCGTCCTTCTTACTCGCAGGAGAAGAGAAAAACCCACGGCCCAGCAGCCAGAGGCGCGGCGAGGCGGAATCGGGCCCCCTCCCCGGGGGCTCAGCTCCCTCCAGCCTC,41adf2b62e510b9bcc204045b9f1ac8be3efb8f089898e5cad857ab75aee49b5,-0.427603942693117,-0.1024120707819269,0.427105952298149,-344.84873206331395,-344.834279908333,-343.0521414724644,-342.5101755580399,-0.5275137594435364,1.0,-0.1024120707819269,0.0,2,0.1744263656858672,0.17490732828716207,0.146091925319964,0.19945905538480854,1.0
chr8:6473715:A:G;chr8:6473746:A:G;var1;middle;OL41|K562|a1f4ced807dc125e,chr8:6473715:A:G;chr8:6473746:A:G;var1;middle;OL41,K562,K562_region_02043,100,131,31,AAGGTGACTTGACTGTAAGGCCTGCGAGTATTTCCTGGACCACTCAGAGGAAGAATGCTGTGAATGAGAACTACAGCCCTGTAAGACACGTCCTGTATCATTGTTGAGATGGGAAAGTGCATCTTAAGACAGTTAGCAGGCCAAGGAGCGACTTTAAAGGGTGAGCTCTGCCTAGAGGGAAAAGCGAATGCACTAATTGA,4f2319e394a74fc1fc9623494409345caa268919b8d5e61787a00831300bd403,0.0,AAGGTGACTTGACTGTAAGGCCTGCGAGTATTTCCTGGACCACTCAGAGGAAGAATGCTGTGAATGAGAACTACAGCCCTGTAAGACACGTCCTGTATCGTTGTTGAGATGGGAAAGTGCATCTTAAGACAGTTAGCAGGCCAAGGAGCGACTTTAAAGGGTGAGCTCTGCCTAGAGGGAAAAGCGAATGCACTAATTGA,66e6d7b7a552a3b43aa447301bfc6a8a7e8f7f3ba546bcc9d4a501372d58ec87,-0.042315284066659,AAGGTGACTTGACTGTAAGGCCTGCGAGTATTTCCTGGACCACTCAGAGGAAGAATGCTGTGAATGAGAACTACAGCCCTGTAAGACACGTCCTGTATCATTGTTGAGATGGGAAAGTGCATCTTAAGACGGTTAGCAGGCCAAGGAGCGACTTTAAAGGGTGAGCTCTGCCTAGAGGGAAAAGCGAATGCACTAATTGA,68214b27615d4f644762231f601823d3f272a5a4cd535208ded896bcea0ee30c,-0.336831306016647,AAGGTGACTTGACTGTAAGGCCTGCGAGTATTTCCTGGACCACTCAGAGGAAGAATGCTGTGAATGAGAACTACAGCCCTGTAAGACACGTCCTGTATCGTTGTTGAGATGGGAAAGTGCATCTTAAGACGGTTAGCAGGCCAAGGAGCGACTTTAAAGGGTGAGCTCTGCCTAGAGGGAAAAGCGAATGCACTAATTGA,a1f4ced807dc125ec3921a5e7f9c60e2b26a98841a388ea5b45d425112d5a0ea,-0.215130105843648,0.164016484239658,0.200317364786433,-343.8692299006507,-350.01578726805747,-347.50057186279446,-362.35589195229113,-8.708762722089887,-1.0,-0.164016484239658,0.0,0,0.17459062023147798,0.18565657667894103,0.15145376406925343,0.12784554719163868,1.0
chr8:6488710:C:T;chr8:6488787:G:A;var1;middle;OL41|K562|a6d8e99cc7b16f06,chr8:6488710:C:T;chr8:6488787:G:A;var1;middle;OL41,K562,K562_region_02044,100,177,77,TCTTCAAGCCCGCAGGAAAGTTTTGTGGCACATGGTGGCAACCCAGTTCCCAGTTCCCAGTTCCCTTCCTCAAGCTGCAGGGAGCAGACCAGACATGATCTGTTCTAGTCTAGCTGATTCATACCTGAAGGATTGATCCTCATCTCCATCTCACATAACATGCAAGGTGGGCAAGAGAAAGAGGTGGGCACAGCTCATGA,9abaf4e6b65424a4edc6b7a08019d1606c6bede142b963d2b5cc66edc18e133a,0.0,TCTTCAAGCCCGCAGGAAAGTTTTGTGGCACATGGTGGCAACCCAGTTCCCAGTTCCCAGTTCCCTTCCTCAAGCTGCAGGGAGCAGACCAGACATGATTTGTTCTAGTCTAGCTGATTCATACCTGAAGGATTGATCCTCATCTCCATCTCACATAACATGCAAGGTGGGCAAGAGAAAGAGGTGGGCACAGCTCATGA,6a07b53a810259d339a1c24c21c8d008409520a0ff16ae08aff048a9aaf95a46,0.138619487653829,TCTTCAAGCCCGCAGGAAAGTTTTGTGGCACATGGTGGCAACCCAGTTCCCAGTTCCCAGTTCCCTTCCTCAAGCTGCAGGGAGCAGACCAGACATGATCTGTTCTAGTCTAGCTGATTCATACCTGAAGGATTGATCCTCATCTCCATCTCACATAACATGCAAGGTGGGCAAGAAAAAGAGGTGGGCACAGCTCATGA,56e4e01bd120a2c777609a2c70e251f2ad620fe47961df2ff77249fcff6a63db,0.376930387475456,TCTTCAAGCCCGCAGGAAAGTTTTGTGGCACATGGTGGCAACCCAGTTCCCAGTTCCCAGTTCCCTTCCTCAAGCTGCAGGGAGCAGACCAGACATGATTTGTTCTAGTCTAGCTGATTCATACCTGAAGGATTGATCCTCATCTCCATCTCACATAACATGCAAGGTGGGCAAGAAAAAGAGGTGGGCACAGCTCATGA,a6d8e99cc7b16f06b59dbc7be6f2ac433a27ef191bc5e27452631be53dba11eb,0.0843783821794034,0.4311714929498815,0.345751400089909,-280.3555513494648,-282.0538609754294,-282.2046999076847,-283.7939270602073,-0.10908247344201527,1.0,0.4311714929498815,0.0,2,0.17503563546921566,0.17490732828716207,0.146091925319964,0.3773515808785143,1.0
chr8:7085607:G:A;chr8:7085631:G:A;var1;middle;OL41|K562|8122fb75495dc626,chr8:7085607:G:A;chr8:7085631:G:A;var1;middle;OL41,K562,K562_region_02045,100,124,24,GGGACGTCCTCCTCCTCCTCCCTTCTGGGCCGGCCATCCCTGCCTCGGGGCTTGCCAGTGTCTTCGGAGCTGCTGGAAGGGCTGGCCATGGCTCCGGGGGCTCTGCCTGAACTTGGGGAAGAGGAAGGACACGGCGCGAGCGGCCTCTCGGCGGAGCTGGGGCGTCTGAGCGCGGGCTCGGTGGGTCCGCGTGGCGCGGA,f532288852aaa7e145c44ac15a48c50654b7e7a6647da3a3b124e8edeb1ed08c,0.0,GGGACGTCCTCCTCCTCCTCCCTTCTGGGCCGGCCATCCCTGCCTCGGGGCTTGCCAGTGTCTTCGGAGCTGCTGGAAGGGCTGGCCATGGCTCCGGGGACTCTGCCTGAACTTGGGGAAGAGGAAGGACACGGCGCGAGCGGCCTCTCGGCGGAGCTGGGGCGTCTGAGCGCGGGCTCGGTGGGTCCGCGTGGCGCGGA,45de4cda158855031cf622957b4ff393c6a752db340069673c257cb27e34739c,-0.510113824567158,GGGACGTCCTCCTCCTCCTCCCTTCTGGGCCGGCCATCCCTGCCTCGGGGCTTGCCAGTGTCTTCGGAGCTGCTGGAAGGGCTGGCCATGGCTCCGGGGGCTCTGCCTGAACTTGGGGAAGAGAAAGGACACGGCGCGAGCGGCCTCTCGGCGGAGCTGGGGCGTCTGAGCGCGGGCTCGGTGGGTCCGCGTGGCGCGGA,f2ff24016abdf9de777bdcd33f0aeb2528ec47a3226a913fcaa916b2b18141e8,-0.422982666688465,GGGACGTCCTCCTCCTCCTCCCTTCTGGGCCGGCCATCCCTGCCTCGGGGCTTGCCAGTGTCTTCGGAGCTGCTGGAAGGGCTGGCCATGGCTCCGGGGACTCTGCCTGAACTTGGGGAAGAGAAAGGACACGGCGCGAGCGGCCTCTCGGCGGAGCTGGGGCGTCTGAGCGCGGGCTCGGTGGGTCCGCGTGGCGCGGA,8122fb75495dc626b93a6e1a751d22c8791eb9b2446e3c7377a7d6996dd97331,-0.392652631860445,0.5404438593951779,0.553840849373551,-275.4896150737768,-275.70768173225224,-290.65300878102425,-294.07076244364725,-3.199687004147563,-1.0,-0.5404438593951779,0.0,3,0.17502823284179617,0.18106719778262317,0.1474303780702046,0.18654007581294013,1.0
chr8:71359660:G:A;chr8:71359664:G:A;var1;middle;OL30|K562|a33e865c5228f865,chr8:71359660:G:A;chr8:71359664:G:A;var1;middle;OL30,K562,K562_region_02093,100,104,4,AGACAGTTGTTTGGCTGCTTTGGGGCAAGCCATGACAAGCTCAGGCAATAATTTGAAAGAAACTTTTCCAAAAAGATCATGTAGCAAGCTCCCAATTTAGAAAGCAGTAGGGATCGTGTCCAGTCAAATAATGGCGGCCACACCCATTGTGTCCAGTCTGTTCGCCATCCAAGAGATGTGACTGACTCACTTAGAGTGAC,f36e411b824df6fae9a1be47069740146b86c828098f403a6caab13203aa5bd3,0.0,AGACAGTTGTTTGGCTGCTTTGGGGCAAGCCATGACAAGCTCAGGCAATAATTTGAAAGAAACTTTTCCAAAAAGATCATGTAGCAAGCTCCCAATTTAAAAAGCAGTAGGGATCGTGTCCAGTCAAATAATGGCGGCCACACCCATTGTGTCCAGTCTGTTCGCCATCCAAGAGATGTGACTGACTCACTTAGAGTGAC,5e4d953597413976c099db9a511a72c2b1cf0a7d6991b85627c33caa213c0d32,0.269915127548242,AGACAGTTGTTTGGCTGCTTTGGGGCAAGCCATGACAAGCTCAGGCAATAATTTGAAAGAAACTTTTCCAAAAAGATCATGTAGCAAGCTCCCAATTTAGAAAACAGTAGGGATCGTGTCCAGTCAAATAATGGCGGCCACACCCATTGTGTCCAGTCTGTTCGCCATCCAAGAGATGTGACTGACTCACTTAGAGTGAC,a4188a0ef83a2750f2a25893919e9f4172c1e3ad0f0afb33e055719b3f225efa,-0.19502763127988,AGACAGTTGTTTGGCTGCTTTGGGGCAAGCCATGACAAGCTCAGGCAATAATTTGAAAGAAACTTTTCCAAAAAGATCATGTAGCAAGCTCCCAATTTAAAAAACAGTAGGGATCGTGTCCAGTCAAATAATGGCGGCCACACCCATTGTGTCCAGTCTGTTCGCCATCCAAGAGATGTGACTGACTCACTTAGAGTGAC,a33e865c5228f8658c5a88bc326ca3ce9ede8f6dbaed928b85d597ce820c43f0,-0.173180003816178,-0.24806750008454,0.321905483393466,-352.2067508813925,-348.12685707444325,-344.8071744302288,-345.0778178595938,-4.350537236314267,-1.0,0.24806750008454,0.0,3,0.1727102070930742,0.18106719778262317,0.1474303780702046,0.17010606213919272,1.0
chr8:72088123:G:T;chr8:72088171:A:G;var1;middle;OL29|K562|33a32e28b8db1da3,chr8:72088123:G:T;chr8:72088171:A:G;var1;middle;OL29,K562,K562_region_02094,100,148,48,AGCAAGTAAAACTAAAAACCACAACAATAAATAAACTCATAACACCCTCAGTTTCTTCCTCTTTTTTTTTTTTACCATCTGATAGATGTCAGGACAGATGTTGTCCACAACACACTTGCCAACAACCATTTCAGTGCTTCCTGACATATGTTTAAGAAAGATGGCTGCTGTATAACGGATTTTACTTAAATGCCGATAAG,5adfe7f573623b7535907f410018bdf64fec354ed2584e4a30c5f70227a0bd94,0.0,AGCAAGTAAAACTAAAAACCACAACAATAAATAAACTCATAACACCCTCAGTTTCTTCCTCTTTTTTTTTTTTACCATCTGATAGATGTCAGGACAGATTTTGTCCACAACACACTTGCCAACAACCATTTCAGTGCTTCCTGACATATGTTTAAGAAAGATGGCTGCTGTATAACGGATTTTACTTAAATGCCGATAAG,17cbb10a87df63e0ba99e4d50401e01844ca802409186612c8f790c5bad4cc0c,-0.855626812703615,AGCAAGTAAAACTAAAAACCACAACAATAAATAAACTCATAACACCCTCAGTTTCTTCCTCTTTTTTTTTTTTACCATCTGATAGATGTCAGGACAGATGTTGTCCACAACACACTTGCCAACAACCATTTCAGTGCTTCCTGACATGTGTTTAAGAAAGATGGCTGCTGTATAACGGATTTTACTTAAATGCCGATAAG,8d2a5b0948527ed349a4d92ffed8249a1749e01b1d5b3a0ff0e3940c009fdc56,0.11587646617405,AGCAAGTAAAACTAAAAACCACAACAATAAATAAACTCATAACACCCTCAGTTTCTTCCTCTTTTTTTTTTTTACCATCTGATAGATGTCAGGACAGATTTTGTCCACAACACACTTGCCAACAACCATTTCAGTGCTTCCTGACATGTGTTTAAGAAAGATGGCTGCTGTATAACGGATTTTACTTAAATGCCGATAAG,33a32e28b8db1da30ad5cc7f3abac5198c47f0d889cb98fc6d29d167cf6d4e17,-0.372598192081189,0.3671521544483759,0.213124150949169,-283.97655195044354,-290.8423028229736,-270.0865389816463,-285.8549832720309,-8.90269341785455,-1.0,-0.3671521544483759,0.0,3,0.1635413205202766,0.18106719778262317,0.1474303780702046,0.24814095772756067,1.0
chr8:82066938:G:A;chr8:82066998:A:T;var1;middle;OL28|K562|b3e5fc1f61eeb067,chr8:82066938:G:A;chr8:82066998:A:T;var1;middle;OL28,K562,K562_region_02095,100,160,60,TTCCAGGCATGAGCCACCGCACCCGGCTAGTTTTTGTATTTTTAGTAGAGACAGGGTTTCACCATGTTGGCCAGGCTGGTCTCAAACTCCTGACCCCAGGTGATCCACCTGCCTTGGCCTCCCAAAGTGTTGGGATTAACAGGTGTTAGCCACTGCACCAGGCCTGGACCAATACTTTTATTCATTCTTTTACTCACTGA,a95d01a242c2b4bfb29f9bcb7b21b0ac3077904209dfff186487f59d06b44d7f,0.0,TTCCAGGCATGAGCCACCGCACCCGGCTAGTTTTTGTATTTTTAGTAGAGACAGGGTTTCACCATGTTGGCCAGGCTGGTCTCAAACTCCTGACCCCAGATGATCCACCTGCCTTGGCCTCCCAAAGTGTTGGGATTAACAGGTGTTAGCCACTGCACCAGGCCTGGACCAATACTTTTATTCATTCTTTTACTCACTGA,620ad5fe4434f624ad72a64645e96ab95c06d4af6520d1c9fbc0b1bc3f17a7a3,-0.242297152231318,TTCCAGGCATGAGCCACCGCACCCGGCTAGTTTTTGTATTTTTAGTAGAGACAGGGTTTCACCATGTTGGCCAGGCTGGTCTCAAACTCCTGACCCCAGGTGATCCACCTGCCTTGGCCTCCCAAAGTGTTGGGATTAACAGGTGTTAGCCACTGCACCTGGCCTGGACCAATACTTTTATTCATTCTTTTACTCACTGA,ca42f177621e0f19c4cea0941d1e32ca48226ef0d82d46d90d85c7a0a776e6d9,-0.0128127929308666,TTCCAGGCATGAGCCACCGCACCCGGCTAGTTTTTGTATTTTTAGTAGAGACAGGGTTTCACCATGTTGGCCAGGCTGGTCTCAAACTCCTGACCCCAGATGATCCACCTGCCTTGGCCTCCCAAAGTGTTGGGATTAACAGGTGTTAGCCACTGCACCTGGCCTGGACCAATACTTTTATTCATTCTTTTACTCACTGA,b3e5fc1f61eeb067c760ef042ca4d2b9d2d2321d4466c44b861cca73f8b51f34,-0.0666721041152264,0.1884378410469582,0.199764455865171,-93.15249055810273,-96.209417860955,-90.7067863191478,-93.81986402906476,-0.056150407064691876,-1.0,-0.1884378410469582,0.0,0,0.1857039351471059,0.18565657667894103,0.15145376406925343,0.3491575673973255,1.0
chr8:82066938:G:A;chr8:82067013:C:G;var1;middle;OL28|K562|595b709802aec73a,chr8:82066938:G:A;chr8:82067013:C:G;var1;middle;OL28,K562,K562_region_02095,100,175,75,TTCCAGGCATGAGCCACCGCACCCGGCTAGTTTTTGTATTTTTAGTAGAGACAGGGTTTCACCATGTTGGCCAGGCTGGTCTCAAACTCCTGACCCCAGGTGATCCACCTGCCTTGGCCTCCCAAAGTGTTGGGATTAACAGGTGTTAGCCACTGCACCAGGCCTGGACCAATACTTTTATTCATTCTTTTACTCACTGA,a95d01a242c2b4bfb29f9bcb7b21b0ac3077904209dfff186487f59d06b44d7f,0.0,TTCCAGGCATGAGCCACCGCACCCGGCTAGTTTTTGTATTTTTAGTAGAGACAGGGTTTCACCATGTTGGCCAGGCTGGTCTCAAACTCCTGACCCCAGATGATCCACCTGCCTTGGCCTCCCAAAGTGTTGGGATTAACAGGTGTTAGCCACTGCACCAGGCCTGGACCAATACTTTTATTCATTCTTTTACTCACTGA,620ad5fe4434f624ad72a64645e96ab95c06d4af6520d1c9fbc0b1bc3f17a7a3,-0.242183800154345,TTCCAGGCATGAGCCACCGCACCCGGCTAGTTTTTGTATTTTTAGTAGAGACAGGGTTTCACCATGTTGGCCAGGCTGGTCTCAAACTCCTGACCCCAGGTGATCCACCTGCCTTGGCCTCCCAAAGTGTTGGGATTAACAGGTGTTAGCCACTGCACCAGGCCTGGACCAATAGTTTTATTCATTCTTTTACTCACTGA,7c83008d22eba1df04054a396e70abda8d3e1a243cd9c338dbeb176910c7678a,0.101856298043661,TTCCAGGCATGAGCCACCGCACCCGGCTAGTTTTTGTATTTTTAGTAGAGACAGGGTTTCACCATGTTGGCCAGGCTGGTCTCAAACTCCTGACCCCAGATGATCCACCTGCCTTGGCCTCCCAAAGTGTTGGGATTAACAGGTGTTAGCCACTGCACCAGGCCTGGACCAATAGTTTTATTCATTCTTTTACTCACTGA,595b709802aec73a8ac01cdd714c8d67acc712541d1bc2948dfc8155cbb5ac54,0.0646705169326756,0.2049980190433596,0.180743280348307,-93.15249055810273,-96.209417860955,-93.04754513222724,-96.02280712639912,0.08166530868039956,-1.0,-0.2049980190433596,0.0,0,0.18588094405420072,0.18565657667894103,0.15145376406925343,0.24928907528221594,1.0
chr8:82066998:A:T;chr8:82067013:C:G;var1;middle;OL28|K562|1328cbedf4390bc8,chr8:82066998:A:T;chr8:82067013:C:G;var1;middle;OL28,K562,K562_region_02095,100,115,15,ACCATGTTGGCCAGGCTGGTCTCAAACTCCTGACCCCAGGTGATCCACCTGCCTTGGCCTCCCAAAGTGTTGGGATTAACAGGTGTTAGCCACTGCACCAGGCCTGGACCAATACTTTTATTCATTCTTTTACTCACTGAGTGCGTGCTCTGTGCTAGGTCTTGGAGATACAAAGATGACAATGTCTTGGCACTTGTACT,2ac7a58c4f20c834370bf3ededcc8aaa04f684e9c3d23c42efb424f99c12f0a1,0.0,ACCATGTTGGCCAGGCTGGTCTCAAACTCCTGACCCCAGGTGATCCACCTGCCTTGGCCTCCCAAAGTGTTGGGATTAACAGGTGTTAGCCACTGCACCTGGCCTGGACCAATACTTTTATTCATTCTTTTACTCACTGAGTGCGTGCTCTGTGCTAGGTCTTGGAGATACAAAGATGACAATGTCTTGGCACTTGTACT,4938f772ee4927b64be1c1c1b79493e8deedc244a4703a5560b82f632f056db7,-0.17468286963501,ACCATGTTGGCCAGGCTGGTCTCAAACTCCTGACCCCAGGTGATCCACCTGCCTTGGCCTCCCAAAGTGTTGGGATTAACAGGTGTTAGCCACTGCACCAGGCCTGGACCAATAGTTTTATTCATTCTTTTACTCACTGAGTGCGTGCTCTGTGCTAGGTCTTGGAGATACAAAGATGACAATGTCTTGGCACTTGTACT,809673d8d90d294c8cb411544648947786b55e58388da497ec9a9d4847d03dca,0.0495007420637017,ACCATGTTGGCCAGGCTGGTCTCAAACTCCTGACCCCAGGTGATCCACCTGCCTTGGCCTCCCAAAGTGTTGGGATTAACAGGTGTTAGCCACTGCACCTGGCCTGGACCAATAGTTTTATTCATTCTTTTACTCACTGAGTGCGTGCTCTGTGCTAGGTCTTGGAGATACAAAGATGACAATGTCTTGGCACTTGTACT,1328cbedf4390bc88d3341963a63a9a7d27c38caa5438d5079417141590d1c17,-0.0913815017809975,0.0338006257903108,0.168678893837862,-133.0362833328545,-131.65331311896443,-130.0367764122784,-130.7649753242731,-2.1111691258847713,-1.0,-0.0338006257903108,0.0,0,0.18306449293609875,0.18565657667894103,0.15145376406925343,0.1212816551621726,1.0
chr8:83064530:T:A;chr8:83064532:C:A;var1;middle;OL28|K562|1ef7f04b2c5b4150,chr8:83064530:T:A;chr8:83064532:C:A;var1;middle;OL28,K562,K562_region_02096,100,102,2,GATAGATTCTGGGTCTGTCACTGGGCTAGAGTGCAGTGGTGCCATCTCTTCTCACTGTAACCTTCACTTCCTGGGTTCAAGTGATTTTCCTGCCTCAGCTTCCTGGGTAGCTGGGACTACAGGTGCGTGCCATCAAGCCCAGCTAATTTTTGTATTTTTAGTAGAGACTGGGTTTCACCATGTTGACCAGGATGGTCTTG,10e1972c8e39e90d1e862d750b130c1bb417b6ea84608a010580e31b1cca9a71,0.0,GATAGATTCTGGGTCTGTCACTGGGCTAGAGTGCAGTGGTGCCATCTCTTCTCACTGTAACCTTCACTTCCTGGGTTCAAGTGATTTTCCTGCCTCAGCATCCTGGGTAGCTGGGACTACAGGTGCGTGCCATCAAGCCCAGCTAATTTTTGTATTTTTAGTAGAGACTGGGTTTCACCATGTTGACCAGGATGGTCTTG,efac45d07214df4a4239ded25fde0f9217d29dc4dafaacad5ee0b942dde0c6dd,-0.188374859012401,GATAGATTCTGGGTCTGTCACTGGGCTAGAGTGCAGTGGTGCCATCTCTTCTCACTGTAACCTTCACTTCCTGGGTTCAAGTGATTTTCCTGCCTCAGCTTACTGGGTAGCTGGGACTACAGGTGCGTGCCATCAAGCCCAGCTAATTTTTGTATTTTTAGTAGAGACTGGGTTTCACCATGTTGACCAGGATGGTCTTG,a2b0612b6ab5cc857225923a1147ec96f1d68ed548754b546775724e2e4eae51,0.167006620926637,GATAGATTCTGGGTCTGTCACTGGGCTAGAGTGCAGTGGTGCCATCTCTTCTCACTGTAACCTTCACTTCCTGGGTTCAAGTGATTTTCCTGCCTCAGCATACTGGGTAGCTGGGACTACAGGTGCGTGCCATCAAGCCCAGCTAATTTTTGTATTTTTAGTAGAGACTGGGTTTCACCATGTTGACCAGGATGGTCTTG,1ef7f04b2c5b4150eb7825a0170a46073634d52942e5c4bcf9d12a2ed064a777,0.105387977760163,0.126756215845927,0.13570597279559,-91.620682281442,-93.70224598003551,-96.5376370223239,-97.84737721737474,0.7718235035426773,-1.0,-0.126756215845927,0.0,3,0.183027591368938,0.18106719778262317,0.1474303780702046,0.20501040960973144,1.0
chr8:83064530:T:A;chr8:83064540:G:A;var1;middle;OL28|K562|20d6fca3546a78c6,chr8:83064530:T:A;chr8:83064540:G:A;var1;middle;OL28,K562,K562_region_02096,100,110,10,GATAGATTCTGGGTCTGTCACTGGGCTAGAGTGCAGTGGTGCCATCTCTTCTCACTGTAACCTTCACTTCCTGGGTTCAAGTGATTTTCCTGCCTCAGCTTCCTGGGTAGCTGGGACTACAGGTGCGTGCCATCAAGCCCAGCTAATTTTTGTATTTTTAGTAGAGACTGGGTTTCACCATGTTGACCAGGATGGTCTTG,10e1972c8e39e90d1e862d750b130c1bb417b6ea84608a010580e31b1cca9a71,0.0,GATAGATTCTGGGTCTGTCACTGGGCTAGAGTGCAGTGGTGCCATCTCTTCTCACTGTAACCTTCACTTCCTGGGTTCAAGTGATTTTCCTGCCTCAGCATCCTGGGTAGCTGGGACTACAGGTGCGTGCCATCAAGCCCAGCTAATTTTTGTATTTTTAGTAGAGACTGGGTTTCACCATGTTGACCAGGATGGTCTTG,efac45d07214df4a4239ded25fde0f9217d29dc4dafaacad5ee0b942dde0c6dd,-0.188345421126243,GATAGATTCTGGGTCTGTCACTGGGCTAGAGTGCAGTGGTGCCATCTCTTCTCACTGTAACCTTCACTTCCTGGGTTCAAGTGATTTTCCTGCCTCAGCTTCCTGGGTAACTGGGACTACAGGTGCGTGCCATCAAGCCCAGCTAATTTTTGTATTTTTAGTAGAGACTGGGTTTCACCATGTTGACCAGGATGGTCTTG,46c9df8d549f8ed9cf77cf7b421d20b38e03f482d75aa2b4703bded70ec64c86,0.110927717986578,GATAGATTCTGGGTCTGTCACTGGGCTAGAGTGCAGTGGTGCCATCTCTTCTCACTGTAACCTTCACTTCCTGGGTTCAAGTGATTTTCCTGCCTCAGCATCCTGGGTAACTGGGACTACAGGTGCGTGCCATCAAGCCCAGCTAATTTTTGTATTTTTAGTAGAGACTGGGTTTCACCATGTTGACCAGGATGGTCTTG,20d6fca3546a78c6a7b42a6e88f0bb3655c12b0c7603309676cbf1a283d4453e,-0.0044645248510137,0.0729531782886513,0.132466916504461,-91.620682281442,-93.70224598003551,-94.75830403296276,-96.76025560731068,0.0796121242455996,-1.0,-0.0729531782886513,0.0,3,0.1816333493069209,0.18106719778262317,0.1474303780702046,0.29787594974936915,1.0
chr8:83064532:C:A;chr8:83064540:G:A;var1;middle;OL28|K562|facb4f0bc0e36805,chr8:83064532:C:A;chr8:83064540:G:A;var1;middle;OL28,K562,K562_region_02096,100,108,8,TAGATTCTGGGTCTGTCACTGGGCTAGAGTGCAGTGGTGCCATCTCTTCTCACTGTAACCTTCACTTCCTGGGTTCAAGTGATTTTCCTGCCTCAGCTTCCTGGGTAGCTGGGACTACAGGTGCGTGCCATCAAGCCCAGCTAATTTTTGTATTTTTAGTAGAGACTGGGTTTCACCATGTTGACCAGGATGGTCTTGAT,674115b046132013c013edbd5cd38bec264a5d11e55ec8146375ed51ce503fee,0.0,TAGATTCTGGGTCTGTCACTGGGCTAGAGTGCAGTGGTGCCATCTCTTCTCACTGTAACCTTCACTTCCTGGGTTCAAGTGATTTTCCTGCCTCAGCTTACTGGGTAGCTGGGACTACAGGTGCGTGCCATCAAGCCCAGCTAATTTTTGTATTTTTAGTAGAGACTGGGTTTCACCATGTTGACCAGGATGGTCTTGAT,5b0c10fc6a56a1cf8f950e746ac882ebf0a4afc0e44877984328335ec55167e3,-0.0273996275229044,TAGATTCTGGGTCTGTCACTGGGCTAGAGTGCAGTGGTGCCATCTCTTCTCACTGTAACCTTCACTTCCTGGGTTCAAGTGATTTTCCTGCCTCAGCTTCCTGGGTAACTGGGACTACAGGTGCGTGCCATCAAGCCCAGCTAATTTTTGTATTTTTAGTAGAGACTGGGTTTCACCATGTTGACCAGGATGGTCTTGAT,a9dec27937e845d3ce03016dff62fb928059a6be53f9b6adf4be1be07ea74e70,0.0840356320370247,TAGATTCTGGGTCTGTCACTGGGCTAGAGTGCAGTGGTGCCATCTCTTCTCACTGTAACCTTCACTTCCTGGGTTCAAGTGATTTTCCTGCCTCAGCTTACTGGGTAACTGGGACTACAGGTGCGTGCCATCAAGCCCAGCTAATTTTTGTATTTTTAGTAGAGACTGGGTTTCACCATGTTGACCAGGATGGTCTTGAT,facb4f0bc0e36805b4aa5b02fc0d8d6f4f978b8b5bb3c07c65ca807fbda198e1,0.133069087705539,0.0764330831914186,0.14125543412475,-91.43584214150906,-96.5467873304151,-94.55004127603024,-99.43311014538632,0.22787631954996357,-1.0,-0.0764330831914186,0.0,3,0.18193198088618556,0.18106719778262317,0.1474303780702046,0.2387764694794752,1.0
chr8:8319963:G:C;chr8:8320029:G:A;var1;middle;OL41|K562|78adcd62fe3ec0ab,chr8:8319963:G:C;chr8:8320029:G:A;var1;middle;OL41,K562,K562_region_02046,100,166,66,TGGGTTGTAGTTGGTGGTGAGACTACGCTAACTTTGTTTTTTTTTGTTTGTTTGTTTTGCTCGCCAAGAAAGCCTCTCCTAATTCACCAGTTCCAGAAGGCTGCCTGCTTCCCTGGCCACAGGGGTAGGTATGTATTCAGGTGTGACCAATCATTCTGTCCTGACGTTAGTGATTGACCCAAGGGTCAAACTGGGTCTTG,d27fe87883565ea0bdbe05f4787ee35d16a8147d797f31c00568e65069d21351,0.0,TGGGTTGTAGTTGGTGGTGAGACTACGCTAACTTTGTTTTTTTTTGTTTGTTTGTTTTGCTCGCCAAGAAAGCCTCTCCTAATTCACCAGTTCCAGAAGCCTGCCTGCTTCCCTGGCCACAGGGGTAGGTATGTATTCAGGTGTGACCAATCATTCTGTCCTGACGTTAGTGATTGACCCAAGGGTCAAACTGGGTCTTG,1b75f8d35b4580179307d2a0d7cc4b1f659e5402f03be6bbfb2fa397987205f6,0.0068370483330641,TGGGTTGTAGTTGGTGGTGAGACTACGCTAACTTTGTTTTTTTTTGTTTGTTTGTTTTGCTCGCCAAGAAAGCCTCTCCTAATTCACCAGTTCCAGAAGGCTGCCTGCTTCCCTGGCCACAGGGGTAGGTATGTATTCAGGTGTGACCAATCATTCTGTCCTGACATTAGTGATTGACCCAAGGGTCAAACTGGGTCTTG,58099d42904d79944bb28f1460895147b6e8dab66d4a6fa6f6ed6b5d7d899d7f,-0.163206027762991,TGGGTTGTAGTTGGTGGTGAGACTACGCTAACTTTGTTTTTTTTTGTTTGTTTGTTTTGCTCGCCAAGAAAGCCTCTCCTAATTCACCAGTTCCAGAAGCCTGCCTGCTTCCCTGGCCACAGGGGTAGGTATGTATTCAGGTGTGACCAATCATTCTGTCCTGACATTAGTGATTGACCCAAGGGTCAAACTGGGTCTTG,78adcd62fe3ec0ab12d8e859a16ad675193c22611a75da39ce2354b988d32ede,-0.18286706594865,0.026498086518723,0.143132676742273,-252.04283942841,-251.72046077996487,-268.5520299738273,-260.3330971794203,-7.896554145961943,1.0,0.026498086518723,0.0,4,0.16641224769439328,0.17620727786206916,0.145609630836647,0.10417801536564765,1.0
chr8:9018590:T:G;chr8:9018599:A:G;var1;middle;OL31|K562|2c362f578b1c9c43,chr8:9018590:T:G;chr8:9018599:A:G;var1;middle;OL31,K562,K562_region_02047,100,109,9,TTCCTAATACCCCCTAGTTTTATTACCATAATACAGCAAGGAGACTGATTAGTACTCAAAAGAGTAGTTATTGTATCTTATCCACTATGGTAATTTAGTTTCTTGATGAGATTCTAAAGTTGTATGAAAATGCCAATTTTATGCCTCCCCATCTCTCTGTGTGTTTTAACTTTGGTTTTAACGTTCCTCTAATCTGGCAG,9aeec5d75c093249601c904484affb10baadbd7ebed306a6d5363e2e161e968e,0.0,TTCCTAATACCCCCTAGTTTTATTACCATAATACAGCAAGGAGACTGATTAGTACTCAAAAGAGTAGTTATTGTATCTTATCCACTATGGTAATTTAGTGTCTTGATGAGATTCTAAAGTTGTATGAAAATGCCAATTTTATGCCTCCCCATCTCTCTGTGTGTTTTAACTTTGGTTTTAACGTTCCTCTAATCTGGCAG,ff14d6ab7fe965af65027c6ba2b79eae17324d7aeac7110d5ca05ff52cfcfb78,0.100525711923692,TTCCTAATACCCCCTAGTTTTATTACCATAATACAGCAAGGAGACTGATTAGTACTCAAAAGAGTAGTTATTGTATCTTATCCACTATGGTAATTTAGTTTCTTGATGGGATTCTAAAGTTGTATGAAAATGCCAATTTTATGCCTCCCCATCTCTCTGTGTGTTTTAACTTTGGTTTTAACGTTCCTCTAATCTGGCAG,adda5da3e3c3d7055ed6d199a619c5184d7e9f1c2c043267a03f13145e029a1d,-0.263301838785695,TTCCTAATACCCCCTAGTTTTATTACCATAATACAGCAAGGAGACTGATTAGTACTCAAAAGAGTAGTTATTGTATCTTATCCACTATGGTAATTTAGTGTCTTGATGGGATTCTAAAGTTGTATGAAAATGCCAATTTTATGCCTCCCCATCTCTCTGTGTGTTTTAACTTTGGTTTTAACGTTCCTCTAATCTGGCAG,2c362f578b1c9c43d187c95bd089382f3451130a3847806af1f6155a3d7d2110,-0.138791894322165,0.023984232539838,0.241062812999428,-368.2554401755333,-368.892666160129,-379.90503887925297,-381.9007492577657,-1.3584843939170241,-1.0,-0.023984232539838,0.0,3,0.17873675627937088,0.18106719778262317,0.1474303780702046,0.27936892868280205,1.0
chr8:9018590:T:G;chr8:9018657:T:C;var1;middle;OL31|K562|858f1590c3f326e2,chr8:9018590:T:G;chr8:9018657:T:C;var1;middle;OL31,K562,K562_region_02047,100,167,67,TTCCTAATACCCCCTAGTTTTATTACCATAATACAGCAAGGAGACTGATTAGTACTCAAAAGAGTAGTTATTGTATCTTATCCACTATGGTAATTTAGTTTCTTGATGAGATTCTAAAGTTGTATGAAAATGCCAATTTTATGCCTCCCCATCTCTCTGTGTGTTTTAACTTTGGTTTTAACGTTCCTCTAATCTGGCAG,9aeec5d75c093249601c904484affb10baadbd7ebed306a6d5363e2e161e968e,0.0,TTCCTAATACCCCCTAGTTTTATTACCATAATACAGCAAGGAGACTGATTAGTACTCAAAAGAGTAGTTATTGTATCTTATCCACTATGGTAATTTAGTGTCTTGATGAGATTCTAAAGTTGTATGAAAATGCCAATTTTATGCCTCCCCATCTCTCTGTGTGTTTTAACTTTGGTTTTAACGTTCCTCTAATCTGGCAG,ff14d6ab7fe965af65027c6ba2b79eae17324d7aeac7110d5ca05ff52cfcfb78,0.100482219015175,TTCCTAATACCCCCTAGTTTTATTACCATAATACAGCAAGGAGACTGATTAGTACTCAAAAGAGTAGTTATTGTATCTTATCCACTATGGTAATTTAGTTTCTTGATGAGATTCTAAAGTTGTATGAAAATGCCAATTTTATGCCTCCCCATCTCTCTGTGTGTTTCAACTTTGGTTTTAACGTTCCTCTAATCTGGCAG,d558180a41858a011082ad4341e277841d8e61cf5b2088063e6d0f28e3c4b032,-0.872741006972546,TTCCTAATACCCCCTAGTTTTATTACCATAATACAGCAAGGAGACTGATTAGTACTCAAAAGAGTAGTTATTGTATCTTATCCACTATGGTAATTTAGTGTCTTGATGAGATTCTAAAGTTGTATGAAAATGCCAATTTTATGCCTCCCCATCTCTCTGTGTGTTTCAACTTTGGTTTTAACGTTCCTCTAATCTGGCAG,858f1590c3f326e2d3b790a912dc328c1db77a7bd069f40a532ea258c18f89f9,-1.00681159042815,0.234552802470779,0.276684012116379,-368.2554401755333,-368.892666160129,-372.97591731511056,-379.3073047520593,5.694161452353001,1.0,0.234552802470779,0.0,3,0.19294209265706122,0.18106719778262317,0.1474303780702046,0.15217647038985901,1.0
chr8:9018599:A:G;chr8:9018657:T:C;var1;middle;OL31|K562|bad106e47b7b68d6,chr8:9018599:A:G;chr8:9018657:T:C;var1;middle;OL31,K562,K562_region_02047,100,158,58,CCCCCTAGTTTTATTACCATAATACAGCAAGGAGACTGATTAGTACTCAAAAGAGTAGTTATTGTATCTTATCCACTATGGTAATTTAGTTTCTTGATGAGATTCTAAAGTTGTATGAAAATGCCAATTTTATGCCTCCCCATCTCTCTGTGTGTTTTAACTTTGGTTTTAACGTTCCTCTAATCTGGCAGTGGTAGTGT,c6561a3be111b97e69d56b27f43a39b565405034398b9e08ffc6b8293248b1d6,0.0,CCCCCTAGTTTTATTACCATAATACAGCAAGGAGACTGATTAGTACTCAAAAGAGTAGTTATTGTATCTTATCCACTATGGTAATTTAGTTTCTTGATGGGATTCTAAAGTTGTATGAAAATGCCAATTTTATGCCTCCCCATCTCTCTGTGTGTTTTAACTTTGGTTTTAACGTTCCTCTAATCTGGCAGTGGTAGTGT,42b94458c394eef376cbce33f3e82771a18e30f9047f1c25742ee030a6326921,-0.473005233033441,CCCCCTAGTTTTATTACCATAATACAGCAAGGAGACTGATTAGTACTCAAAAGAGTAGTTATTGTATCTTATCCACTATGGTAATTTAGTTTCTTGATGAGATTCTAAAGTTGTATGAAAATGCCAATTTTATGCCTCCCCATCTCTCTGTGTGTTTCAACTTTGGTTTTAACGTTCCTCTAATCTGGCAGTGGTAGTGT,05e38681c09d4df69bec70a1c48fff0cdc912292b439c0cd19305d1a380dc257,-0.524519107486443,CCCCCTAGTTTTATTACCATAATACAGCAAGGAGACTGATTAGTACTCAAAAGAGTAGTTATTGTATCTTATCCACTATGGTAATTTAGTTTCTTGATGGGATTCTAAAGTTGTATGAAAATGCCAATTTTATGCCTCCCCATCTCTCTGTGTGTTTCAACTTTGGTTTTAACGTTCCTCTAATCTGGCAGTGGTAGTGT,bad106e47b7b68d66c4a90a72de7323146c76b66834734dfc9e3ee9394e43835,-0.65220912266219,-0.345315217857694,0.22678277955912,-333.0320731541142,-340.51757029350847,-336.0302889896557,-345.49875800171867,1.9829718726687133,1.0,-0.345315217857694,0.0,3,0.18546706874547828,0.18106719778262317,0.1474303780702046,0.023945466453948627,1.0
chr8:9183339:C:T;chr8:9183358:A:G;var1;middle;OL31|K562|4f828f07b909a49d,chr8:9183339:C:T;chr8:9183358:A:G;var1;middle;OL31,K562,K562_region_02048,100,119,19,ACTGATGTCCATGTGTTAGCCACGGACATTGAAAGATTTTTGGTCTTTCAAACTCGAGGACTTGCCTAACCAAGCACAGAGCAAAGAACAGAAAGCTGACTTTGCTAGATGCTTGGGCATCAATATCACGTGGAACCAGCCTTTTCTTTGATACCTCTTGCGTTTCTTGCAGATCCCCTGCCTGCAGCACGTGCTGATCT,d628bebf28fa32651f7deb7001c9c8799a3e3a8604595ca1c76a211ec9623b75,0.0,ACTGATGTCCATGTGTTAGCCACGGACATTGAAAGATTTTTGGTCTTTCAAACTCGAGGACTTGCCTAACCAAGCACAGAGCAAAGAACAGAAAGCTGATTTTGCTAGATGCTTGGGCATCAATATCACGTGGAACCAGCCTTTTCTTTGATACCTCTTGCGTTTCTTGCAGATCCCCTGCCTGCAGCACGTGCTGATCT,64ae4c92dc7a80aaf0d15e9c2ea9d31ca7f05fc14faf377e1624d602268e2e32,0.481526956394344,ACTGATGTCCATGTGTTAGCCACGGACATTGAAAGATTTTTGGTCTTTCAAACTCGAGGACTTGCCTAACCAAGCACAGAGCAAAGAACAGAAAGCTGACTTTGCTAGATGCTTGGGCGTCAATATCACGTGGAACCAGCCTTTTCTTTGATACCTCTTGCGTTTCTTGCAGATCCCCTGCCTGCAGCACGTGCTGATCT,f13e19041207d7cc1dbe5ab6057b655b156d44b83e014715940e7a804d9ed583,-0.0958570124531849,ACTGATGTCCATGTGTTAGCCACGGACATTGAAAGATTTTTGGTCTTTCAAACTCGAGGACTTGCCTAACCAAGCACAGAGCAAAGAACAGAAAGCTGATTTTGCTAGATGCTTGGGCGTCAATATCACGTGGAACCAGCCTTTTCTTTGATACCTCTTGCGTTTCTTGCAGATCCCCTGCCTGCAGCACGTGCTGATCT,4f828f07b909a49d6581f82a21686250f8276138a252383890d7cd0fa1d0aa0e,-0.0446093904367998,-0.4302793343779589,0.305458564684638,-467.70516664837487,-485.2285699523054,-437.08784662466496,-476.46749688964337,-21.856246961047873,-1.0,0.4302793343779589,0.0,2,0.14337000567747205,0.17490732828716207,0.146091925319964,-0.0190138412955404,1.0
chr8:9183596:A:G;chr8:9183664:A:G;var1;middle;OL30|K562|486d084414a45eb8,chr8:9183596:A:G;chr8:9183664:A:G;var1;middle;OL30,K562,K562_region_02049,100,168,68,CTTGACACCATCTTCAGTAATTTCTCTGGTTCTTGGCAGCTCCATTTGGCTGCGTCCCTACCCTGCATAACCCTCCCAGCTAGTCTACTCCAGGGCAGCATCCAGCTGGTGACCTGAGAGGGCAGTGGCGCACCAGTCTCCATGAAGGTTGAGCTCCGATGGCCAACAGCCATTTCCACCTTGTGGTCTACAACTCTTCA,6165fb747e7f8c84435ada85529c503167a07a1cfa956d571dd5890494c3d197,0.0,CTTGACACCATCTTCAGTAATTTCTCTGGTTCTTGGCAGCTCCATTTGGCTGCGTCCCTACCCTGCATAACCCTCCCAGCTAGTCTACTCCAGGGCAGCGTCCAGCTGGTGACCTGAGAGGGCAGTGGCGCACCAGTCTCCATGAAGGTTGAGCTCCGATGGCCAACAGCCATTTCCACCTTGTGGTCTACAACTCTTCA,34e739c15de3db5cbcfc95b2477b97293b1be81f7639f744ee9da30a5583c086,-0.243817904413954,CTTGACACCATCTTCAGTAATTTCTCTGGTTCTTGGCAGCTCCATTTGGCTGCGTCCCTACCCTGCATAACCCTCCCAGCTAGTCTACTCCAGGGCAGCATCCAGCTGGTGACCTGAGAGGGCAGTGGCGCACCAGTCTCCATGAAGGTTGAGCTCCGATGGCCAACGGCCATTTCCACCTTGTGGTCTACAACTCTTCA,9505d5241a1db974cf9edd9e4d2bb5ec411e72fa10a56743f596fda442c79fc1,0.40645684743027,CTTGACACCATCTTCAGTAATTTCTCTGGTTCTTGGCAGCTCCATTTGGCTGCGTCCCTACCCTGCATAACCCTCCCAGCTAGTCTACTCCAGGGCAGCGTCCAGCTGGTGACCTGAGAGGGCAGTGGCGCACCAGTCTCCATGAAGGTTGAGCTCCGATGGCCAACGGCCATTTCCACCTTGTGGTCTACAACTCTTCA,486d084414a45eb83c0fe008e19fae8fabe6a73b0720bf434f2035587b63f0d1,0.0481413180822689,-0.114497624934047,0.345020769093788,-337.8452225290239,-335.5529831070453,-342.4961302294396,-338.87606107164174,1.3278297358192503,-1.0,0.114497624934047,0.0,3,0.1841474910108232,0.18106719778262317,0.1474303780702046,0.28462329767842526,1.0
chr8:92775372:T:G;chr8:92775386:G:C;var1;middle;OL33|K562|e114229503732332,chr8:92775372:T:G;chr8:92775386:G:C;var1;middle;OL33,K562,K562_region_02097,100,114,14,TAGATGTGAATACAGCAGGAAGGCTTACTCTGACTTACAACCTAGATCAGATCAATCCCCACTACTCCATGTTCTTCATCCCACCTAAAAATACAGCTTTGCTTATTTCTCTTGTTGTAGTAAGTAGCAACTGCTTTGTGGTGGTAACTAACTTTTGTTTAGTACTTCAGTTTTACAAAAGCCTGCCACATACTTCTGGG,82d496770fd059bcd4e77bd3379d72ae0cc1d9a20c6716b9a96647e4ba1bc306,0.0,TAGATGTGAATACAGCAGGAAGGCTTACTCTGACTTACAACCTAGATCAGATCAATCCCCACTACTCCATGTTCTTCATCCCACCTAAAAATACAGCTTGGCTTATTTCTCTTGTTGTAGTAAGTAGCAACTGCTTTGTGGTGGTAACTAACTTTTGTTTAGTACTTCAGTTTTACAAAAGCCTGCCACATACTTCTGGG,5adf65578dff514e68bd1c423b5d72bf2176ce84bf9cb2207b71d71201c8b219,0.159620360858529,TAGATGTGAATACAGCAGGAAGGCTTACTCTGACTTACAACCTAGATCAGATCAATCCCCACTACTCCATGTTCTTCATCCCACCTAAAAATACAGCTTTGCTTATTTCTCTTCTTGTAGTAAGTAGCAACTGCTTTGTGGTGGTAACTAACTTTTGTTTAGTACTTCAGTTTTACAAAAGCCTGCCACATACTTCTGGG,0113ebc3368615485821653ef46de4529d27caf05b060d2aca85df4ddab07a72,-0.0007354783393024,TAGATGTGAATACAGCAGGAAGGCTTACTCTGACTTACAACCTAGATCAGATCAATCCCCACTACTCCATGTTCTTCATCCCACCTAAAAATACAGCTTGGCTTATTTCTCTTCTTGTAGTAAGTAGCAACTGCTTTGTGGTGGTAACTAACTTTTGTTTAGTACTTCAGTTTTACAAAAGCCTGCCACATACTTCTGGG,e1142295037323320bf35bcb29c56e8874fcc931dc9bca626476df6c575139f2,0.0422689413481939,-0.1166159411710326,0.180163307296604,-371.3051484320313,-369.9613455682993,-364.7957128761336,-361.233161197044,2.2187488153576282,-1.0,0.1166159411710326,0.0,2,0.17842514603510012,0.17490732828716207,0.146091925319964,0.1157896439826348,1.0
chr9:100977392:C:T;chr9:100977457:T:C;var1;middle;OL41|K562|f9d4bc33ffe6c806,chr9:100977392:C:T;chr9:100977457:T:C;var1;middle;OL41,K562,K562_region_02179,100,165,65,AGTTCCAACCCCTGGCGCCACCCTCCTCCCCCTATCCAATCCTGTCCCTGACCTAGATAAAAAACCAGCTTCACTGCCTCTCAAAAATGCTGCTGTGTGCGCCAGCCGCTCTGCTGGCAAGTTTCTGCCTGCTTCTTCTCCACAGTCCCCATATCCTATCCTTATGTGGCAAGAAGTGAAAATCTTGTTTGTGGCACAGG,bb401c7e27c52688e1a45a18f164edbd17e93ec5ca731459c22014afa0fc8665,0.0,AGTTCCAACCCCTGGCGCCACCCTCCTCCCCCTATCCAATCCTGTCCCTGACCTAGATAAAAAACCAGCTTCACTGCCTCTCAAAAATGCTGCTGTGTGTGCCAGCCGCTCTGCTGGCAAGTTTCTGCCTGCTTCTTCTCCACAGTCCCCATATCCTATCCTTATGTGGCAAGAAGTGAAAATCTTGTTTGTGGCACAGG,ad7acc1fdd06070109053e72b8441da2de0f3df81ccbfbab3aaa38b2a7c673de,-1.52585691601587,AGTTCCAACCCCTGGCGCCACCCTCCTCCCCCTATCCAATCCTGTCCCTGACCTAGATAAAAAACCAGCTTCACTGCCTCTCAAAAATGCTGCTGTGTGCGCCAGCCGCTCTGCTGGCAAGTTTCTGCCTGCTTCTTCTCCACAGTCCCCATATCCTATCCTTACGTGGCAAGAAGTGAAAATCTTGTTTGTGGCACAGG,de171ccc811041b987aab560956fe1543375308e17a475e11bd03ce00e0cf58a,0.0677631173566899,AGTTCCAACCCCTGGCGCCACCCTCCTCCCCCTATCCAATCCTGTCCCTGACCTAGATAAAAAACCAGCTTCACTGCCTCTCAAAAATGCTGCTGTGTGTGCCAGCCGCTCTGCTGGCAAGTTTCTGCCTGCTTCTTCTCCACAGTCCCCATATCCTATCCTTACGTGGCAAGAAGTGAAAATCTTGTTTGTGGCACAGG,f9d4bc33ffe6c8066951694a7d346e747dfc2316e2b3d0af668e73674331fefc,-1.26840894313276,0.1896848555264199,0.353968006803914,-267.0097767114639,-272.3278076425195,-265.46481953561306,-269.6526147723198,1.130235694348812,-1.0,-0.1896848555264199,0.0,2,0.1768401829226463,0.17490732828716207,0.146091925319964,0.2428855367978209,1.0
chr9:106856633:C:T;chr9:106856691:T:G;var1;middle;OL41|K562|94884faf0d744e6f,chr9:106856633:C:T;chr9:106856691:T:G;var1;middle;OL41,K562,K562_region_02180,100,158,58,GCACCAGCACAGGAAATAAGCAATGGAGGTGGGGTCCTTTGCTCGCGCCGAAATTCAAAGGAATAAATAGTTCCGGCGCGGGTGTTGAGAGCGGTGTGGCAGGTGTTGTAGCCGCTATGGTGAAGTTCGCTTTGTAGCGGCCCCGGCTAGAGAGTTGTTCTGTTCCCTGCCTTTGTGACCCGGAGGAGCTTTTGGGGTGC,66f3c3ebb23cafd0b75561df404ddb8f3bc21ed7cbc10f29d61f5fffefd8448d,0.0,GCACCAGCACAGGAAATAAGCAATGGAGGTGGGGTCCTTTGCTCGCGCCGAAATTCAAAGGAATAAATAGTTCCGGCGCGGGTGTTGAGAGCGGTGTGGTAGGTGTTGTAGCCGCTATGGTGAAGTTCGCTTTGTAGCGGCCCCGGCTAGAGAGTTGTTCTGTTCCCTGCCTTTGTGACCCGGAGGAGCTTTTGGGGTGC,37a6be357f294314d0bd34242c53d9bae5a883a25d7eb4a1dbf35db676f296b7,0.0728837672050002,GCACCAGCACAGGAAATAAGCAATGGAGGTGGGGTCCTTTGCTCGCGCCGAAATTCAAAGGAATAAATAGTTCCGGCGCGGGTGTTGAGAGCGGTGTGGCAGGTGTTGTAGCCGCTATGGTGAAGTTCGCTTTGTAGCGGCCCCGGCTAGAGAGTTGGTCTGTTCCCTGCCTTTGTGACCCGGAGGAGCTTTTGGGGTGC,97dbc57a02ff1a86f454572c01fb2f62eb7f71e4164407216dc06ec740d8d241,-0.0223844179852089,GCACCAGCACAGGAAATAAGCAATGGAGGTGGGGTCCTTTGCTCGCGCCGAAATTCAAAGGAATAAATAGTTCCGGCGCGGGTGTTGAGAGCGGTGTGGTAGGTGTTGTAGCCGCTATGGTGAAGTTCGCTTTGTAGCGGCCCCGGCTAGAGAGTTGGTCTGTTCCCTGCCTTTGTGACCCGGAGGAGCTTTTGGGGTGC,94884faf0d744e6f348335f2939c056030f88bbe0f7094e85d6a7cb3d91f1725,0.327486467518349,0.2769871182985577,0.150543701289053,-351.7919686723035,-337.8819894553162,-370.8947474316228,-356.3252365086228,0.6595317060127286,-1.0,-0.2769871182985577,0.0,0,0.18662314895358836,0.18565657667894103,0.15145376406925343,0.20993614289030568,1.0
chr9:106856633:C:T;chr9:106856692:T:C;var1;middle;OL41|K562|99e7d410f9df9791,chr9:106856633:C:T;chr9:106856692:T:C;var1;middle;OL41,K562,K562_region_02180,100,159,59,GCACCAGCACAGGAAATAAGCAATGGAGGTGGGGTCCTTTGCTCGCGCCGAAATTCAAAGGAATAAATAGTTCCGGCGCGGGTGTTGAGAGCGGTGTGGCAGGTGTTGTAGCCGCTATGGTGAAGTTCGCTTTGTAGCGGCCCCGGCTAGAGAGTTGTTCTGTTCCCTGCCTTTGTGACCCGGAGGAGCTTTTGGGGTGC,66f3c3ebb23cafd0b75561df404ddb8f3bc21ed7cbc10f29d61f5fffefd8448d,0.0,GCACCAGCACAGGAAATAAGCAATGGAGGTGGGGTCCTTTGCTCGCGCCGAAATTCAAAGGAATAAATAGTTCCGGCGCGGGTGTTGAGAGCGGTGTGGTAGGTGTTGTAGCCGCTATGGTGAAGTTCGCTTTGTAGCGGCCCCGGCTAGAGAGTTGTTCTGTTCCCTGCCTTTGTGACCCGGAGGAGCTTTTGGGGTGC,37a6be357f294314d0bd34242c53d9bae5a883a25d7eb4a1dbf35db676f296b7,0.0728063635912719,GCACCAGCACAGGAAATAAGCAATGGAGGTGGGGTCCTTTGCTCGCGCCGAAATTCAAAGGAATAAATAGTTCCGGCGCGGGTGTTGAGAGCGGTGTGGCAGGTGTTGTAGCCGCTATGGTGAAGTTCGCTTTGTAGCGGCCCCGGCTAGAGAGTTGTCCTGTTCCCTGCCTTTGTGACCCGGAGGAGCTTTTGGGGTGC,ffa71ef40d3e1750b56af6b89685253def640eac14867e3ead193cb03e23ce2d,0.17940949915922,GCACCAGCACAGGAAATAAGCAATGGAGGTGGGGTCCTTTGCTCGCGCCGAAATTCAAAGGAATAAATAGTTCCGGCGCGGGTGTTGAGAGCGGTGTGGTAGGTGTTGTAGCCGCTATGGTGAAGTTCGCTTTGTAGCGGCCCCGGCTAGAGAGTTGTCCTGTTCCCTGCCTTTGTGACCCGGAGGAGCTTTTGGGGTGC,99e7d410f9df97912630ce031c5a1f9ba0726fb83bf649d13e024e74b7cab728,0.304968130247911,-0.052752267497419,0.159579520163767,-351.7919686723035,-337.8819894553162,-362.1690191748785,-348.3168082830962,0.057768325204961,1.0,-0.052752267497419,0.0,0,0.18585025104575112,0.18565657667894103,0.15145376406925343,0.22893035484412855,1.0
chr9:106856910:C:T;chr9:106856952:C:T;var1;middle;OL41|K562|da53955717998610,chr9:106856910:C:T;chr9:106856952:C:T;var1;middle;OL41,K562,K562_region_02181,100,142,42,GGAGGCGGGAGGCGGGAGGCGGGGCGCGGGGCGCGGGGGCTGTAGGGAGGGGGACCAGTGGCAGAGGGACCTTAGGTGATCCTTAGAAATAAAGGCTAGCTTCTGTTCGACCTTGGAGTAGGGCGAAGAGGTGTAGACAGGCCTGGAGAAGCGAGGTAAAAGCCTGAGTAAAAGCAAGAAGTTGGAGAATATGAGATACA,0419ed4af2a783b7ad6f31cc16c9b76b344cfd542947ac1dc4e47fd1add207fc,0.0,GGAGGCGGGAGGCGGGAGGCGGGGCGCGGGGCGCGGGGGCTGTAGGGAGGGGGACCAGTGGCAGAGGGACCTTAGGTGATCCTTAGAAATAAAGGCTAGTTTCTGTTCGACCTTGGAGTAGGGCGAAGAGGTGTAGACAGGCCTGGAGAAGCGAGGTAAAAGCCTGAGTAAAAGCAAGAAGTTGGAGAATATGAGATACA,030d6ba5f4fc878cf26e2164689f7226e45fb18eb612f9228d90c489b59dd5d2,0.124857301481541,GGAGGCGGGAGGCGGGAGGCGGGGCGCGGGGCGCGGGGGCTGTAGGGAGGGGGACCAGTGGCAGAGGGACCTTAGGTGATCCTTAGAAATAAAGGCTAGCTTCTGTTCGACCTTGGAGTAGGGCGAAGAGGTGTAGACAGGTCTGGAGAAGCGAGGTAAAAGCCTGAGTAAAAGCAAGAAGTTGGAGAATATGAGATACA,d83da1d21409edfb0661ab7bf16cf39876f8f242c1993e684cee4e6c09289911,-0.219026005746579,GGAGGCGGGAGGCGGGAGGCGGGGCGCGGGGCGCGGGGGCTGTAGGGAGGGGGACCAGTGGCAGAGGGACCTTAGGTGATCCTTAGAAATAAAGGCTAGTTTCTGTTCGACCTTGGAGTAGGGCGAAGAGGTGTAGACAGGTCTGGAGAAGCGAGGTAAAAGCCTGAGTAAAAGCAAGAAGTTGGAGAATATGAGATACA,da539557179986103920353fedae41bc7d1db8de994c19221c4269af60f877da,0.19030237223716,0.284471076502198,0.237423321659603,-269.07747274963185,-268.4431766839698,-273.1405971873319,-271.1032865436282,1.4030145780416206,-1.0,-0.284471076502198,0.0,4,0.1779382384252382,0.17620727786206916,0.145609630836647,0.27196610179878516,1.0
chr9:106856910:C:T;chr9:106856972:G:C;var1;middle;OL41|K562|8a9809d1a0796497,chr9:106856910:C:T;chr9:106856972:G:C;var1;middle;OL41,K562,K562_region_02181,100,162,62,GGAGGCGGGAGGCGGGAGGCGGGGCGCGGGGCGCGGGGGCTGTAGGGAGGGGGACCAGTGGCAGAGGGACCTTAGGTGATCCTTAGAAATAAAGGCTAGCTTCTGTTCGACCTTGGAGTAGGGCGAAGAGGTGTAGACAGGCCTGGAGAAGCGAGGTAAAAGCCTGAGTAAAAGCAAGAAGTTGGAGAATATGAGATACA,0419ed4af2a783b7ad6f31cc16c9b76b344cfd542947ac1dc4e47fd1add207fc,0.0,GGAGGCGGGAGGCGGGAGGCGGGGCGCGGGGCGCGGGGGCTGTAGGGAGGGGGACCAGTGGCAGAGGGACCTTAGGTGATCCTTAGAAATAAAGGCTAGTTTCTGTTCGACCTTGGAGTAGGGCGAAGAGGTGTAGACAGGCCTGGAGAAGCGAGGTAAAAGCCTGAGTAAAAGCAAGAAGTTGGAGAATATGAGATACA,030d6ba5f4fc878cf26e2164689f7226e45fb18eb612f9228d90c489b59dd5d2,0.124894867159779,GGAGGCGGGAGGCGGGAGGCGGGGCGCGGGGCGCGGGGGCTGTAGGGAGGGGGACCAGTGGCAGAGGGACCTTAGGTGATCCTTAGAAATAAAGGCTAGCTTCTGTTCGACCTTGGAGTAGGGCGAAGAGGTGTAGACAGGCCTGGAGAAGCGAGGTAAAACCCTGAGTAAAAGCAAGAAGTTGGAGAATATGAGATACA,9c87a926965c07b96fad9824cee7d9644a743eadbe04bf72d69f332d63687e44,-0.120063833913621,GGAGGCGGGAGGCGGGAGGCGGGGCGCGGGGCGCGGGGGCTGTAGGGAGGGGGACCAGTGGCAGAGGGACCTTAGGTGATCCTTAGAAATAAAGGCTAGTTTCTGTTCGACCTTGGAGTAGGGCGAAGAGGTGTAGACAGGCCTGGAGAAGCGAGGTAAAACCCTGAGTAAAAGCAAGAAGTTGGAGAATATGAGATACA,8a9809d1a0796497c610f43a55d58e7224bca3f785166522416d0f782a14547f,-0.0886659904197211,-0.0934970236658791,0.259653315090565,-269.07747274963185,-268.4431766839698,-272.85253074148204,-272.0721456606407,0.14608901517931372,-1.0,0.0934970236658791,0.0,4,0.17638039065650038,0.17620727786206916,0.145609630836647,0.2794403131076644,1.0
chr9:106856952:C:T;chr9:106856972:G:C;var1;middle;OL41|K562|4d87808b1829ffd3,chr9:106856952:C:T;chr9:106856972:G:C;var1;middle;OL41,K562,K562_region_02181,100,120,20,TAGGGAGGGGGACCAGTGGCAGAGGGACCTTAGGTGATCCTTAGAAATAAAGGCTAGCTTCTGTTCGACCTTGGAGTAGGGCGAAGAGGTGTAGACAGGCCTGGAGAAGCGAGGTAAAAGCCTGAGTAAAAGCAAGAAGTTGGAGAATATGAGATACATCTCATCTCTAGTAAATACTTAAATGACTTCCCCTCCTCCCG,b1c7e6af1d3443728c6c60b8000f1d5f7df22eccf5a572edb14532f3c7c9b2ee,0.0,TAGGGAGGGGGACCAGTGGCAGAGGGACCTTAGGTGATCCTTAGAAATAAAGGCTAGCTTCTGTTCGACCTTGGAGTAGGGCGAAGAGGTGTAGACAGGTCTGGAGAAGCGAGGTAAAAGCCTGAGTAAAAGCAAGAAGTTGGAGAATATGAGATACATCTCATCTCTAGTAAATACTTAAATGACTTCCCCTCCTCCCG,49749245acd822670662b7f95ca2a718a36ab697024daf445148f331005446ed,0.235187283926093,TAGGGAGGGGGACCAGTGGCAGAGGGACCTTAGGTGATCCTTAGAAATAAAGGCTAGCTTCTGTTCGACCTTGGAGTAGGGCGAAGAGGTGTAGACAGGCCTGGAGAAGCGAGGTAAAACCCTGAGTAAAAGCAAGAAGTTGGAGAATATGAGATACATCTCATCTCTAGTAAATACTTAAATGACTTCCCCTCCTCCCG,10085dda67537872e20e34675d5938bc4451639ad5b99f3789f4dc8415e67067,-0.102209007712781,TAGGGAGGGGGACCAGTGGCAGAGGGACCTTAGGTGATCCTTAGAAATAAAGGCTAGCTTCTGTTCGACCTTGGAGTAGGGCGAAGAGGTGTAGACAGGTCTGGAGAAGCGAGGTAAAACCCTGAGTAAAAGCAAGAAGTTGGAGAATATGAGATACATCTCATCTCTAGTAAATACTTAAATGACTTCCCCTCCTCCCG,4d87808b1829ffd312634b109f581d277a7db5980916de68a984b571e03b5bc1,0.109147796340259,-0.0238304798730529,0.374068503350052,-354.283396799583,-358.1912781785941,-364.0515498460736,-371.6265464405296,-3.6671152154448805,-1.0,0.0238304798730529,0.0,4,0.1716542621744828,0.17620727786206916,0.145609630836647,0.30291397652666396,1.0
chr9:107589567:C:T;chr9:107589580:A:T;var1;middle;OL31|K562|5597a7814b323085,chr9:107589567:C:T;chr9:107589580:A:T;var1;middle;OL31,K562,K562_region_02182,100,113,13,CATCAAATGTGCTGCCTCAACAATCCCAAGCACTCACTTGTATGATCTACAGAAAAAAGACAGGGTTTATTCCTACTCATGTTAGAGACAATGCAGAGGCGTAATGCTGTTCATCTTTCTGATGAGGCAACTGATCATTACCATCCTAAAGAAGATAAGTGACTTACCCAAAACTACGCAGAAAAATAATGGCAGAGTTA,9772b1a95533c5c24f16225e9b81441eb6d8b587dbff2d7f8ac1895067a8af0b,0.0,CATCAAATGTGCTGCCTCAACAATCCCAAGCACTCACTTGTATGATCTACAGAAAAAAGACAGGGTTTATTCCTACTCATGTTAGAGACAATGCAGAGGTGTAATGCTGTTCATCTTTCTGATGAGGCAACTGATCATTACCATCCTAAAGAAGATAAGTGACTTACCCAAAACTACGCAGAAAAATAATGGCAGAGTTA,1c66cb2e1509ca8f21caea19cce8f1a416bdc1145a26b97e0388439c23226639,0.547710387971155,CATCAAATGTGCTGCCTCAACAATCCCAAGCACTCACTTGTATGATCTACAGAAAAAAGACAGGGTTTATTCCTACTCATGTTAGAGACAATGCAGAGGCGTAATGCTGTTCTTCTTTCTGATGAGGCAACTGATCATTACCATCCTAAAGAAGATAAGTGACTTACCCAAAACTACGCAGAAAAATAATGGCAGAGTTA,93a06f30aa52ec1b34af34aa4eca20ceb9f8e9b7ee581eec7730837560ebc58e,0.332074996781052,CATCAAATGTGCTGCCTCAACAATCCCAAGCACTCACTTGTATGATCTACAGAAAAAAGACAGGGTTTATTCCTACTCATGTTAGAGACAATGCAGAGGTGTAATGCTGTTCTTCTTTCTGATGAGGCAACTGATCATTACCATCCTAAAGAAGATAAGTGACTTACCCAAAACTACGCAGAAAAATAATGGCAGAGTTA,5597a7814b323085bc5be5cd5259022f1df720008ae0bfeef8f7ebbabc911f50,-0.0913251159195244,0.9711105006717314,0.386781010839355,-246.0681668259204,-241.1289344578981,-259.9799495320767,-251.4590048454702,-3.581712318584266,1.0,0.9711105006717314,0.0,1,0.17872098275884432,0.18216460459877223,0.1501433469024087,0.07726074459273558,1.0
chr9:107589567:C:T;chr9:107589630:C:T;var1;middle;OL31|K562|4f693988ef4ab8fb,chr9:107589567:C:T;chr9:107589630:C:T;var1;middle;OL31,K562,K562_region_02182,100,163,63,CATCAAATGTGCTGCCTCAACAATCCCAAGCACTCACTTGTATGATCTACAGAAAAAAGACAGGGTTTATTCCTACTCATGTTAGAGACAATGCAGAGGCGTAATGCTGTTCATCTTTCTGATGAGGCAACTGATCATTACCATCCTAAAGAAGATAAGTGACTTACCCAAAACTACGCAGAAAAATAATGGCAGAGTTA,9772b1a95533c5c24f16225e9b81441eb6d8b587dbff2d7f8ac1895067a8af0b,0.0,CATCAAATGTGCTGCCTCAACAATCCCAAGCACTCACTTGTATGATCTACAGAAAAAAGACAGGGTTTATTCCTACTCATGTTAGAGACAATGCAGAGGTGTAATGCTGTTCATCTTTCTGATGAGGCAACTGATCATTACCATCCTAAAGAAGATAAGTGACTTACCCAAAACTACGCAGAAAAATAATGGCAGAGTTA,1c66cb2e1509ca8f21caea19cce8f1a416bdc1145a26b97e0388439c23226639,0.547665545573696,CATCAAATGTGCTGCCTCAACAATCCCAAGCACTCACTTGTATGATCTACAGAAAAAAGACAGGGTTTATTCCTACTCATGTTAGAGACAATGCAGAGGCGTAATGCTGTTCATCTTTCTGATGAGGCAACTGATCATTACCATCCTAAAGAAGATAAGTGATTTACCCAAAACTACGCAGAAAAATAATGGCAGAGTTA,e53ecae5146ad851afdd5013189b6234b9fb6ee4c9d190bb2c3620ec8bda7013,-0.0620328617420016,CATCAAATGTGCTGCCTCAACAATCCCAAGCACTCACTTGTATGATCTACAGAAAAAAGACAGGGTTTATTCCTACTCATGTTAGAGACAATGCAGAGGTGTAATGCTGTTCATCTTTCTGATGAGGCAACTGATCATTACCATCCTAAAGAAGATAAGTGATTTACCCAAAACTACGCAGAAAAATAATGGCAGAGTTA,4f693988ef4ab8fb3719724b74f823ca374e95e29735536689df411dff75d046,-0.0314401234336934,-0.5170728072653877,0.349274334188151,-246.0681668259204,-241.1289344578981,-255.06380015611649,-245.83715649694204,4.287411291152182,-1.0,0.5170728072653877,0.0,1,0.1867273428576586,0.18216460459877223,0.1501433469024087,0.05834117584128881,1.0
chr9:107589580:A:T;chr9:107589630:C:T;var1;middle;OL31|K562|01e4a36859707c8d,chr9:107589580:A:T;chr9:107589630:C:T;var1;middle;OL31,K562,K562_region_02182,100,150,50,GCCTCAACAATCCCAAGCACTCACTTGTATGATCTACAGAAAAAAGACAGGGTTTATTCCTACTCATGTTAGAGACAATGCAGAGGCGTAATGCTGTTCATCTTTCTGATGAGGCAACTGATCATTACCATCCTAAAGAAGATAAGTGACTTACCCAAAACTACGCAGAAAAATAATGGCAGAGTTATGAATACAACAGA,d90b1adc3d3104e6ec7877fef9786ddd1b99e7914d2d059dd8f8684f0729391e,0.0,GCCTCAACAATCCCAAGCACTCACTTGTATGATCTACAGAAAAAAGACAGGGTTTATTCCTACTCATGTTAGAGACAATGCAGAGGCGTAATGCTGTTCTTCTTTCTGATGAGGCAACTGATCATTACCATCCTAAAGAAGATAAGTGACTTACCCAAAACTACGCAGAAAAATAATGGCAGAGTTATGAATACAACAGA,3658cb1685957a34d5c19ad75b2e8aad047e321a804e82e87270984605b21373,0.208784205843602,GCCTCAACAATCCCAAGCACTCACTTGTATGATCTACAGAAAAAAGACAGGGTTTATTCCTACTCATGTTAGAGACAATGCAGAGGCGTAATGCTGTTCATCTTTCTGATGAGGCAACTGATCATTACCATCCTAAAGAAGATAAGTGATTTACCCAAAACTACGCAGAAAAATAATGGCAGAGTTATGAATACAACAGA,0b07a1de673736b5f96b8d8dcef82d4e2c1dc66dcbcca194840b18be7959dc62,-0.240752131035064,GCCTCAACAATCCCAAGCACTCACTTGTATGATCTACAGAAAAAAGACAGGGTTTATTCCTACTCATGTTAGAGACAATGCAGAGGCGTAATGCTGTTCTTCTTTCTGATGAGGCAACTGATCATTACCATCCTAAAGAAGATAAGTGATTTACCCAAAACTACGCAGAAAAATAATGGCAGAGTTATGAATACAACAGA,01e4a36859707c8d2bef55f67dfdc0daf664a91292635df6880577c6443c44ff,-0.0838341931673596,-0.0518662679758976,0.361260556295509,-281.24828384257853,-301.9207284869626,-300.85293170437217,-315.4471310004592,6.0782453482970595,-1.0,0.0518662679758976,0.0,1,0.1885494088271119,0.18216460459877223,0.1501433469024087,0.11737548667280537,1.0
chr9:107664301:C:T;chr9:107664373:C:T;var1;middle;OL31|K562|ff2b683fdaaafccd,chr9:107664301:C:T;chr9:107664373:C:T;var1;middle;OL31,K562,K562_region_02183,100,172,72,CATGGAAGCTCATTCTAAGTGTTTGCTTTTATTTTATTAATATAATATTATCTATTATACTTTACAATTATTATTAAAACAGATAGGATCCACAGATTCCAGTCCCTGTTCTCTCACTAGAGACCTCAGAATTCAGGTTCCCCATTTGTAACATGAGAGGCTGAACACAATCAGTTTTTCTCAAAGGAAGATCTGTATAC,371da66d3a1ea46635c21c3a0eed0663f06dddff7f2ee3f948716f75a4043c5c,0.0,CATGGAAGCTCATTCTAAGTGTTTGCTTTTATTTTATTAATATAATATTATCTATTATACTTTACAATTATTATTAAAACAGATAGGATCCACAGATTCTAGTCCCTGTTCTCTCACTAGAGACCTCAGAATTCAGGTTCCCCATTTGTAACATGAGAGGCTGAACACAATCAGTTTTTCTCAAAGGAAGATCTGTATAC,daef1806353c4c5e89d3f70a74f90e16f7d96ae875a219ccaac3f44ef9295397,-0.22591327690121,CATGGAAGCTCATTCTAAGTGTTTGCTTTTATTTTATTAATATAATATTATCTATTATACTTTACAATTATTATTAAAACAGATAGGATCCACAGATTCCAGTCCCTGTTCTCTCACTAGAGACCTCAGAATTCAGGTTCCCCATTTGTAACATGAGAGGCTGAACACAATTAGTTTTTCTCAAAGGAAGATCTGTATAC,6163f06c9f191fb79e5152ad378727af783b5da7453cadfa7ab78317dac6be9b,-0.353109696615154,CATGGAAGCTCATTCTAAGTGTTTGCTTTTATTTTATTAATATAATATTATCTATTATACTTTACAATTATTATTAAAACAGATAGGATCCACAGATTCTAGTCCCTGTTCTCTCACTAGAGACCTCAGAATTCAGGTTCCCCATTTGTAACATGAGAGGCTGAACACAATTAGTTTTTCTCAAAGGAAGATCTGTATAC,ff2b683fdaaafccd916e12d367a290b6ee14ad664ecf64c220930b644d862d01,-0.247099761093802,0.331923212422562,0.490501000114088,-302.3883590057958,-301.5481691083405,-280.6258219075389,-280.56412966828793,-0.7784976582042873,-1.0,-0.331923212422562,0.0,1,0.18157308511716896,0.18216460459877223,0.1501433469024087,0.28026407703870065,1.0
chr9:107690057:C:A;chr9:107690124:A:G;var1;middle;OL32|K562|035e2fbe966dd44c,chr9:107690057:C:A;chr9:107690124:A:G;var1;middle;OL32,K562,K562_region_02184,100,167,67,GTCTCCACGCCCAGAGATGCTCCCCGGTCTCCACCGTCGGGCAAGCCCCAAGCGCAGCAGCGCAGAGTCCTGGGGTCACCAGAGCTCGTACTAGGACATCGTCTCCCCATTTAACACCGCCTCCGGTCCCATCTGAGTTGCAAGTGGTGGGGATGTGGGGCTCCGGATCAAAGTCCCCGAAACCGAGCACTTCCCGAAGC,f1800ae0e77a8c1fc85277011ae9ff976f09f7654e503c6a2573c6e61e33f15d,0.0,GTCTCCACGCCCAGAGATGCTCCCCGGTCTCCACCGTCGGGCAAGCCCCAAGCGCAGCAGCGCAGAGTCCTGGGGTCACCAGAGCTCGTACTAGGACATAGTCTCCCCATTTAACACCGCCTCCGGTCCCATCTGAGTTGCAAGTGGTGGGGATGTGGGGCTCCGGATCAAAGTCCCCGAAACCGAGCACTTCCCGAAGC,2aff85e4904f598cf84ad055a6b71603aec41ba7cd37a421fa11bfcc700d9823,0.069076201527923,GTCTCCACGCCCAGAGATGCTCCCCGGTCTCCACCGTCGGGCAAGCCCCAAGCGCAGCAGCGCAGAGTCCTGGGGTCACCAGAGCTCGTACTAGGACATCGTCTCCCCATTTAACACCGCCTCCGGTCCCATCTGAGTTGCAAGTGGTGGGGATGTGGGGCTCCGGGTCAAAGTCCCCGAAACCGAGCACTTCCCGAAGC,07d6647cea7742b88f86acd552ddf4106295263bcf3ad437c55241573b36c28c,-0.452222873703325,GTCTCCACGCCCAGAGATGCTCCCCGGTCTCCACCGTCGGGCAAGCCCCAAGCGCAGCAGCGCAGAGTCCTGGGGTCACCAGAGCTCGTACTAGGACATAGTCTCCCCATTTAACACCGCCTCCGGTCCCATCTGAGTTGCAAGTGGTGGGGATGTGGGGCTCCGGGTCAAAGTCCCCGAAACCGAGCACTTCCCGAAGC,035e2fbe966dd44c2da96378b1893b88606a1ddb046a3f85136869a7933490ad,-0.644396419359738,0.261249747184336,0.569244603178858,-313.19541893992573,-312.30915694497526,-312.9070605514571,-309.331945437938,-2.688853118568659,1.0,0.261249747184336,0.0,1,0.17962941330681784,0.18216460459877223,0.1501433469024087,0.18913816058754923,1.0
chr9:107690450:G:A;chr9:107690535:G:C;var1;middle;OL41|K562|181dad8253b74c1e,chr9:107690450:G:A;chr9:107690535:G:C;var1;middle;OL41,K562,K562_region_02185,100,185,85,CCCCGCCCTGCCCTGCCGCAGCCCGGGAGAGAAGGGTCGGCTCGGCTCTGCGGGTCCCGGCCCCACTCACTCTCGCTCGCAATTACGGGGTTTTTGCCGGGACTAGTTCCTTTTATAGATTCGGCTGCACCGAGCGCAGAGGTTACTATCGGTCAAAGCCTGTGCTCTCCCTCCTCCCCGCCCCGTTCCCGGCCTCTGTT,257feb1beec81aace11a0d897fbfa7dd6a54dcf7ffa7d4a3efe62ea9c095dd40,0.0,CCCCGCCCTGCCCTGCCGCAGCCCGGGAGAGAAGGGTCGGCTCGGCTCTGCGGGTCCCGGCCCCACTCACTCTCGCTCGCAATTACGGGGTTTTTGCCGAGACTAGTTCCTTTTATAGATTCGGCTGCACCGAGCGCAGAGGTTACTATCGGTCAAAGCCTGTGCTCTCCCTCCTCCCCGCCCCGTTCCCGGCCTCTGTT,e9b422bd5d57a9b739391dc67a867c4794c6693372492b5829199bb3c783a87d,-0.218285747226379,CCCCGCCCTGCCCTGCCGCAGCCCGGGAGAGAAGGGTCGGCTCGGCTCTGCGGGTCCCGGCCCCACTCACTCTCGCTCGCAATTACGGGGTTTTTGCCGGGACTAGTTCCTTTTATAGATTCGGCTGCACCGAGCGCAGAGGTTACTATCGGTCAAAGCCTGTGCTCTCCCTCCTCCCCGCCCCCTTCCCGGCCTCTGTT,c6edb6fb5bc92486f00735e53a0a6bfd180f45d51099d3f9379f4a6a23ba5067,0.645816264286788,CCCCGCCCTGCCCTGCCGCAGCCCGGGAGAGAAGGGTCGGCTCGGCTCTGCGGGTCCCGGCCCCACTCACTCTCGCTCGCAATTACGGGGTTTTTGCCGAGACTAGTTCCTTTTATAGATTCGGCTGCACCGAGCGCAGAGGTTACTATCGGTCAAAGCCTGTGCTCTCCCTCCTCCCCGCCCCCTTCCCGGCCTCTGTT,181dad8253b74c1e20fc02a45cecbeb3e4c01f1c698f3ca8d007057feae2c766,0.295156323755538,-0.1323741933048709,0.156392551180222,-235.72938803955915,-236.9181539416313,-234.5792672000825,-235.7724427506328,-0.004409648478144845,-1.0,0.1323741933048709,0.0,1,0.18236067312079032,0.18216460459877223,0.1501433469024087,0.2061995340424999,1.0
chr9:109461021:G:T;chr9:109461098:C:G;var1;middle;OL31|K562|4ab4bae0b28c3cc8,chr9:109461021:G:T;chr9:109461098:C:G;var1;middle;OL31,K562,K562_region_02186,100,177,77,ATTAGGATAAATTGTCCTTACCTTATTGTTAAATTAGTTGTCAGCTTTATGTTGTCATTTAAGGAATCGTTGGGGAAAAATCAGGGTATTTGTTATTTTGCAACGTTTTTTCACTATAACAAAAAATATTTTTTAAAACCTAATTGTCTACCAAAAATCTACAGCAGCAAAAGAACCTAAATCGGCTAAGATTCCTGCTA,182899ea3ab00af0e1f464a4becfbb30bea6f43c73aa8a192a710b47f174dea0,0.0,ATTAGGATAAATTGTCCTTACCTTATTGTTAAATTAGTTGTCAGCTTTATGTTGTCATTTAAGGAATCGTTGGGGAAAAATCAGGGTATTTGTTATTTTTCAACGTTTTTTCACTATAACAAAAAATATTTTTTAAAACCTAATTGTCTACCAAAAATCTACAGCAGCAAAAGAACCTAAATCGGCTAAGATTCCTGCTA,21b8e95a98bf6b2f2edfae0a9c5c9aac89d71f8c63b6609c3df35afaf374db08,-0.138365423536887,ATTAGGATAAATTGTCCTTACCTTATTGTTAAATTAGTTGTCAGCTTTATGTTGTCATTTAAGGAATCGTTGGGGAAAAATCAGGGTATTTGTTATTTTGCAACGTTTTTTCACTATAACAAAAAATATTTTTTAAAACCTAATTGTCTACCAAAAATCTACAGCAGCAAAAGAACGTAAATCGGCTAAGATTCCTGCTA,a41ac5d35cd6fb505a3b1cfc7a863a487903485cf4c44c92d8304ff406b1aec1,-0.17589303152367,ATTAGGATAAATTGTCCTTACCTTATTGTTAAATTAGTTGTCAGCTTTATGTTGTCATTTAAGGAATCGTTGGGGAAAAATCAGGGTATTTGTTATTTTTCAACGTTTTTTCACTATAACAAAAAATATTTTTTAAAACCTAATTGTCTACCAAAAATCTACAGCAGCAAAAGAACGTAAATCGGCTAAGATTCCTGCTA,4ab4bae0b28c3cc889dbdc693aa364e33b4f32077944db13b32e180511715e67,-0.0196882589181147,0.2945701961424423,0.230949628249385,-283.0036293757148,-262.3998689055443,-270.2687560915947,-258.63265627622604,-8.967660654801875,-1.0,-0.2945701961424423,0.0,3,0.16341046445937654,0.18106719778262317,0.1474303780702046,0.1821564273162011,1.0
chr9:110172430:C:A;chr9:110172436:C:T;var1;middle;OL31|K562|26ce2420dbba06f6,chr9:110172430:C:A;chr9:110172436:C:T;var1;middle;OL31,K562,K562_region_02187,100,106,6,GACAGCCCAGTTGAAAATAGCACGCAGAGGGCATTGTGCTGTGGGGTCGTGATGCCTGCAGGCCCTCGCATTCCTTCAGAGGCTGAGCGCTGAAACTGGCGTCTACCAGCACCCCCTCACCTCCAGACAGACGCCTGGCTCTGTGTGAGGCAGTCCAGGGAGAGGCTGGCTGGGGTATTTCCACGTCTCACAGGAGCCTC,fe9fac0a902cd47723969258187e02172a4a5273cdfd61503452ddda45166b89,0.0,GACAGCCCAGTTGAAAATAGCACGCAGAGGGCATTGTGCTGTGGGGTCGTGATGCCTGCAGGCCCTCGCATTCCTTCAGAGGCTGAGCGCTGAAACTGGAGTCTACCAGCACCCCCTCACCTCCAGACAGACGCCTGGCTCTGTGTGAGGCAGTCCAGGGAGAGGCTGGCTGGGGTATTTCCACGTCTCACAGGAGCCTC,edb3aa5970d134821650156069b5fb4b913f63b4ecb6d12bb28eb3d12480c245,0.0401426165008604,GACAGCCCAGTTGAAAATAGCACGCAGAGGGCATTGTGCTGTGGGGTCGTGATGCCTGCAGGCCCTCGCATTCCTTCAGAGGCTGAGCGCTGAAACTGGCGTCTATCAGCACCCCCTCACCTCCAGACAGACGCCTGGCTCTGTGTGAGGCAGTCCAGGGAGAGGCTGGCTGGGGTATTTCCACGTCTCACAGGAGCCTC,20f9dfc1bbc86b01cc44155fe6e19f426986d9c9e4cda8f3300cc7856808449c,0.111142005892224,GACAGCCCAGTTGAAAATAGCACGCAGAGGGCATTGTGCTGTGGGGTCGTGATGCCTGCAGGCCCTCGCATTCCTTCAGAGGCTGAGCGCTGAAACTGGAGTCTATCAGCACCCCCTCACCTCCAGACAGACGCCTGGCTCTGTGTGAGGCAGTCCAGGGAGAGGCTGGCTGGGGTATTTCCACGTCTCACAGGAGCCTC,26ce2420dbba06f6aff4135714c9b1c844a7377b0595f891abd6f1a219a05f1d,-0.0573706542743103,0.2086552766673947,0.310929041537102,-318.78516858886,-311.9624961032532,-292.1725945044309,-285.83851939439774,0.48859737557364724,1.0,0.2086552766673947,0.0,1,0.18286227812301947,0.18216460459877223,0.1501433469024087,0.2996411230905843,1.0
chr9:110532846:T:A;chr9:110532879:A:G;var1;middle;OL31|K562|f09a108bece0a39a,chr9:110532846:T:A;chr9:110532879:A:G;var1;middle;OL31,K562,K562_region_02188,100,133,33,TATGTATTTTGGTAATAAACCAGGTGCTCAATAGATGTCATTCTCCCTCCTTCTCTTCCTCTTCAGAGCAGGATTAGGGTGAGAAGAGCTAAAAGAAGGTGTCCAAATCCACTTTTCATCAGCCACCTTAGGACAGAACTAATTCCCTGCCCAAAGGCTCCTGGCCAGAATGACAATCAGTCCAAAGCTGAAGAGTCTTC,f1241e5901fe8e3bdb26be2ded15667d37abeb138fac3053dca77fb7adc4d4d9,0.0,TATGTATTTTGGTAATAAACCAGGTGCTCAATAGATGTCATTCTCCCTCCTTCTCTTCCTCTTCAGAGCAGGATTAGGGTGAGAAGAGCTAAAAGAAGGAGTCCAAATCCACTTTTCATCAGCCACCTTAGGACAGAACTAATTCCCTGCCCAAAGGCTCCTGGCCAGAATGACAATCAGTCCAAAGCTGAAGAGTCTTC,3174ef5fd94272727ca1cf2b11b79f4dbf2bf0f22244bfb41677d4699a652d53,0.0926423417975502,TATGTATTTTGGTAATAAACCAGGTGCTCAATAGATGTCATTCTCCCTCCTTCTCTTCCTCTTCAGAGCAGGATTAGGGTGAGAAGAGCTAAAAGAAGGTGTCCAAATCCACTTTTCATCAGCCACCTTAGGGCAGAACTAATTCCCTGCCCAAAGGCTCCTGGCCAGAATGACAATCAGTCCAAAGCTGAAGAGTCTTC,91f6fb17dea9ac42370912f8bae3dc8836f1d9e6e24e442db5aeaad166f2097f,0.21009369412221,TATGTATTTTGGTAATAAACCAGGTGCTCAATAGATGTCATTCTCCCTCCTTCTCTTCCTCTTCAGAGCAGGATTAGGGTGAGAAGAGCTAAAAGAAGGAGTCCAAATCCACTTTTCATCAGCCACCTTAGGGCAGAACTAATTCCCTGCCCAAAGGCTCCTGGCCAGAATGACAATCAGTCCAAAGCTGAAGAGTCTTC,f09a108bece0a39a4faec1ca6512fd0bb6760527aafb8569ec624fbfdeaa6609,0.109559828848797,0.1931762070709631,0.264878631299754,-234.05356477200985,-235.32457672059536,-233.62651181221008,-235.7075880691409,0.8100643083453178,1.0,0.1931762070709631,0.0,2,0.17637398749818653,0.17490732828716207,0.146091925319964,0.3750750692498317,1.0
chr9:110957369:T:A;chr9:110957372:T:A;var1;middle;OL32|K562|773226f167b7a804,chr9:110957369:T:A;chr9:110957372:T:A;var1;middle;OL32,K562,K562_region_02189,100,103,3,GCTGTTTCCTCACTACTCCTCCTCTTTTCTTTAAAACTCCTAGTACTCACCTCCATCCCCATTCCAGGACTCAACCTACCTCTTATTTTATTATTATTTTTTTTTTTTTTGCCTTTTTGTGGCTCAGTTTTAACCACCAGACCGGAAACTACAGGAGGCAATTTGATTTATCTGATTTATCACAGTATCATCCATGTCTA,1afdcd9aa6ecaf5e5a3efc3f4269a835fe0520a56cbd1b63b4066c98b740d956,0.0,GCTGTTTCCTCACTACTCCTCCTCTTTTCTTTAAAACTCCTAGTACTCACCTCCATCCCCATTCCAGGACTCAACCTACCTCTTATTTTATTATTATTTATTTTTTTTTTGCCTTTTTGTGGCTCAGTTTTAACCACCAGACCGGAAACTACAGGAGGCAATTTGATTTATCTGATTTATCACAGTATCATCCATGTCTA,9e3c18108b2eea6a32ede43a3250d22a8e0905632fe49602417b4b03d95512af,-0.165250318389737,GCTGTTTCCTCACTACTCCTCCTCTTTTCTTTAAAACTCCTAGTACTCACCTCCATCCCCATTCCAGGACTCAACCTACCTCTTATTTTATTATTATTTTTTATTTTTTTGCCTTTTTGTGGCTCAGTTTTAACCACCAGACCGGAAACTACAGGAGGCAATTTGATTTATCTGATTTATCACAGTATCATCCATGTCTA,a5edf9f9da54e2c6f2d7988220f0ac381a640c9eee1b65abc12483996061777a,-0.0242022736325591,GCTGTTTCCTCACTACTCCTCCTCTTTTCTTTAAAACTCCTAGTACTCACCTCCATCCCCATTCCAGGACTCAACCTACCTCTTATTTTATTATTATTTATTATTTTTTTGCCTTTTTGTGGCTCAGTTTTAACCACCAGACCGGAAACTACAGGAGGCAATTTGATTTATCTGATTTATCACAGTATCATCCATGTCTA,773226f167b7a804aa8c5d3010e2359ba94c892d20962f23256191119bba1f21,-0.400733128289533,0.2112805362672369,0.301654129942693,-320.8109887846513,-330.86358445417136,-322.7530728210695,-324.2188099579653,-8.58685853262432,1.0,0.2112805362672369,0.0,2,0.16269130808343757,0.17490732828716207,0.146091925319964,-0.1564101989754469,1.0
chr9:111525039:A:C;chr9:111525109:G:A;var1;middle;OL29|K562|ecc53234c00f7bf5,chr9:111525039:A:C;chr9:111525109:G:A;var1;middle;OL29,K562,K562_region_02190,100,170,70,GCCTAAACCTTCAAACGCTCCAAGTCAAGGCAGAGTCAAAAGAGAGTTAACAAGCCTTCCAATTTGTCTTTTACAGGGGTTGACTTGTCAGGTCAAGGAAGATACAGGATCCTATGGGAACTCTACACAGCGAAAGTCAGCCTGTTATTTTGGCTTGTTGATAGAACTGGCAGGTTAAGAAATGACTGTGGCCAAAGAAG,bc629256ed4db3bcf4256a136722eff2a2f951dded3e438d55d0efd2bf34c58b,0.0,GCCTAAACCTTCAAACGCTCCAAGTCAAGGCAGAGTCAAAAGAGAGTTAACAAGCCTTCCAATTTGTCTTTTACAGGGGTTGACTTGTCAGGTCAAGGACGATACAGGATCCTATGGGAACTCTACACAGCGAAAGTCAGCCTGTTATTTTGGCTTGTTGATAGAACTGGCAGGTTAAGAAATGACTGTGGCCAAAGAAG,e49dded22be8fb2c7e0e960a73e24e94c1224ed2dd735f0a2be874877858af12,-0.135362324526802,GCCTAAACCTTCAAACGCTCCAAGTCAAGGCAGAGTCAAAAGAGAGTTAACAAGCCTTCCAATTTGTCTTTTACAGGGGTTGACTTGTCAGGTCAAGGAAGATACAGGATCCTATGGGAACTCTACACAGCGAAAGTCAGCCTGTTATTTTGGCTTGTTGATAGAACTGACAGGTTAAGAAATGACTGTGGCCAAAGAAG,4f87bb7c6cb2ddc84fdb769196ca32ac21b849c9b4bf2558d009664bd0b02c2c,-0.0869181775741989,GCCTAAACCTTCAAACGCTCCAAGTCAAGGCAGAGTCAAAAGAGAGTTAACAAGCCTTCCAATTTGTCTTTTACAGGGGTTGACTTGTCAGGTCAAGGACGATACAGGATCCTATGGGAACTCTACACAGCGAAAGTCAGCCTGTTATTTTGGCTTGTTGATAGAACTGACAGGTTAAGAAATGACTGTGGCCAAAGAAG,ecc53234c00f7bf5d1f8501dc9f2551a47d98d0d66c9dea9fa09d6e065b3187e,-0.277991777917632,0.0557112758166311,0.160050355687996,-351.526100772433,-305.1222293525934,-318.9556771405041,-290.4818188250065,17.930013104341924,1.0,0.0557112758166311,0.0,1,0.20060786986653495,0.18216460459877223,0.1501433469024087,-0.015476316280374686,1.0
chr9:112225774:T:C;chr9:112225832:C:G;var1;middle;OL30|K562|ebb3708979c0222d,chr9:112225774:T:C;chr9:112225832:C:G;var1;middle;OL30,K562,K562_region_02191,100,158,58,TATTAATTCTTCCACCCAACGCACGTAACCGGGAGGTCATAACTATCGCTGAATAACCTGTAACATAAAATATACCTGTTAGTGCTTTAATATGCGAATTGTCAGTTACTTGTGAGTGCAGATACCTGTCAGATCCCATCCTCTCGATACTGTCTGACGGACTCACAGATAATGAGAACTACATAGCAGATCATGTTTCC,570ad95931888ca92c254a764e824a27945c62fcc75854455efcb653ec37864b,0.0,TATTAATTCTTCCACCCAACGCACGTAACCGGGAGGTCATAACTATCGCTGAATAACCTGTAACATAAAATATACCTGTTAGTGCTTTAATATGCGAATCGTCAGTTACTTGTGAGTGCAGATACCTGTCAGATCCCATCCTCTCGATACTGTCTGACGGACTCACAGATAATGAGAACTACATAGCAGATCATGTTTCC,a9df15417bad51dcd7a82a87ed15166fe28f4983197c5c1f903d76a05076ad9d,-0.389471690418823,TATTAATTCTTCCACCCAACGCACGTAACCGGGAGGTCATAACTATCGCTGAATAACCTGTAACATAAAATATACCTGTTAGTGCTTTAATATGCGAATTGTCAGTTACTTGTGAGTGCAGATACCTGTCAGATCCCATCCTCTCGATACTGTCTGAGGGACTCACAGATAATGAGAACTACATAGCAGATCATGTTTCC,66e0a0af35e8c53b4464ec1396274ef5209ff98fd895284e57c34c46cd4885d7,-0.157279289165888,TATTAATTCTTCCACCCAACGCACGTAACCGGGAGGTCATAACTATCGCTGAATAACCTGTAACATAAAATATACCTGTTAGTGCTTTAATATGCGAATCGTCAGTTACTTGTGAGTGCAGATACCTGTCAGATCCCATCCTCTCGATACTGTCTGAGGGACTCACAGATAATGAGAACTACATAGCAGATCATGTTTCC,ebb3708979c0222d9589e6bbff11d1032f0d959407d75efd2f6231459032ff3f,-0.142594537337591,0.40415644224712,0.280293493849412,-283.7080108523369,-286.42576265335083,-283.51777340471745,-286.3994609117508,-0.16393570601940155,-1.0,-0.40415644224712,0.0,3,0.18114279882014142,0.18106719778262317,0.1474303780702046,0.0969707182841766,1.0
chr9:112244375:G:A;chr9:112244416:C:T;var1;middle;OL30|K562|7d44adb0ba556d8f,chr9:112244375:G:A;chr9:112244416:C:T;var1;middle;OL30,K562,K562_region_02192,100,141,41,TCCCCTGCTGATCAGGCCATAGAAAATGGAGCCTCTGCCCATAGGCGCTTAAGAAATGTGTGTGAAATGCACAAATGAATGAATGAACAACTAATGCGCGCAGGGATTACACCTGCACTTTTAGAAGGCTTGTGTCAGCGCTAACACAGCATACCATTCCAATGGGGCTGGAAGGCAGTCTGACTAAGTAATTCCATTTC,5eef3d05b65989e3fce43c62f9d3f4d8efefe12f660fb8c871e6d2d349f14561,0.0,TCCCCTGCTGATCAGGCCATAGAAAATGGAGCCTCTGCCCATAGGCGCTTAAGAAATGTGTGTGAAATGCACAAATGAATGAATGAACAACTAATGCGCACAGGGATTACACCTGCACTTTTAGAAGGCTTGTGTCAGCGCTAACACAGCATACCATTCCAATGGGGCTGGAAGGCAGTCTGACTAAGTAATTCCATTTC,5ffaa166fd6310443ece399483f2a8f6984688d56e999996f5b7727ee2f4a25c,0.011050588399169,TCCCCTGCTGATCAGGCCATAGAAAATGGAGCCTCTGCCCATAGGCGCTTAAGAAATGTGTGTGAAATGCACAAATGAATGAATGAACAACTAATGCGCGCAGGGATTACACCTGCACTTTTAGAAGGCTTGTGTCAGCGTTAACACAGCATACCATTCCAATGGGGCTGGAAGGCAGTCTGACTAAGTAATTCCATTTC,b26e6ed7163cda0f6186874dc07b6d56b979aca2a6dc808de336c835e9ba6291,0.177616416403818,TCCCCTGCTGATCAGGCCATAGAAAATGGAGCCTCTGCCCATAGGCGCTTAAGAAATGTGTGTGAAATGCACAAATGAATGAATGAACAACTAATGCGCACAGGGATTACACCTGCACTTTTAGAAGGCTTGTGTCAGCGTTAACACAGCATACCATTCCAATGGGGCTGGAAGGCAGTCTGACTAAGTAATTCCATTTC,7d44adb0ba556d8f0468b425072fc04c2edec5ee2e9e0ddaf726c53eb4e4ef14,0.0286077389375317,0.1600592658654553,0.151232709921781,-297.6171759800054,-294.58682414423674,-301.3338334904984,-297.28768480336294,-1.0157968513667583,1.0,0.1600592658654553,0.0,3,0.17942699252835892,0.18106719778262317,0.1474303780702046,0.3259555312875808,1.0
chr9:112745176:A:T;chr9:112745178:A:T;var1;middle;OL28|K562|49c4383791eee415,chr9:112745176:A:T;chr9:112745178:A:T;var1;middle;OL28,K562,K562_region_02193,100,102,2,ACTTTTTGTAGAGATGGGGTCTCACTATGGTTGCGTAGGTTGGTCTTGAACTCCTGATCTCAAGTGATCCTCTTGCTTTGGCCTCCCAAAGTGTTAAAAATATAGGTGTGAGCCACTGCACCTGGTCTTTAGTCTGGTTTTTGACAAGAAAGAGCCAGCCAGCTGTCTGCCCATGTCTTTGAGCTACATGAAGATTAGAT,2b4453d9952e34d9882cbf867b77a264d7de8de5f18501d082c409131c530b0e,0.0,ACTTTTTGTAGAGATGGGGTCTCACTATGGTTGCGTAGGTTGGTCTTGAACTCCTGATCTCAAGTGATCCTCTTGCTTTGGCCTCCCAAAGTGTTAAAATTATAGGTGTGAGCCACTGCACCTGGTCTTTAGTCTGGTTTTTGACAAGAAAGAGCCAGCCAGCTGTCTGCCCATGTCTTTGAGCTACATGAAGATTAGAT,c440c2138b5a9758198a780fab8a8203b6262ca8629fc0f7d378d6e725989994,-0.132511207316516,ACTTTTTGTAGAGATGGGGTCTCACTATGGTTGCGTAGGTTGGTCTTGAACTCCTGATCTCAAGTGATCCTCTTGCTTTGGCCTCCCAAAGTGTTAAAAATTTAGGTGTGAGCCACTGCACCTGGTCTTTAGTCTGGTTTTTGACAAGAAAGAGCCAGCCAGCTGTCTGCCCATGTCTTTGAGCTACATGAAGATTAGAT,ddf28a260386b2fc319b385e1df834af91eb1b89510b2a4b549f09591dfa9309,-0.0167052792085056,ACTTTTTGTAGAGATGGGGTCTCACTATGGTTGCGTAGGTTGGTCTTGAACTCCTGATCTCAAGTGATCCTCTTGCTTTGGCCTCCCAAAGTGTTAAAATTTTAGGTGTGAGCCACTGCACCTGGTCTTTAGTCTGGTTTTTGACAAGAAAGAGCCAGCCAGCTGTCTGCCCATGTCTTTGAGCTACATGAAGATTAGAT,49c4383791eee415c4838ee7d5d7c2ada90d2d6bc47472f09918f363f1cc903a,0.0721707692359702,0.2213872557609917,0.127568811365675,-151.21125713922083,-147.21730839461088,-155.97130642458797,-152.2151447944343,-0.23778711445629597,-1.0,-0.2213872557609917,0.0,2,0.17484823110589465,0.17490732828716207,0.146091925319964,0.04927526271916252,1.0
chr9:113912553:A:G;chr9:113912560:T:G;var1;middle;OL28|K562|a764dc8b150ccb7d,chr9:113912553:A:G;chr9:113912560:T:G;var1;middle;OL28,K562,K562_region_02194,100,107,7,AAATTAAAAATTACCTATAACCTCACCATTGTATGAATTTTGGAAAACTTATTAGCATCAGCAATACATGTTGTTTCGTAAACTATATTTTTGTTTCACAATATGTTGCAAATGTGGACATGTGAAAAACAGTTTGCGAAATGTGAAATATCTTACAAATGTTTCCAATTACTGTCACTTTTACTATCAGTTACTCTTAC,f0d648efd64cc126ce147806b045ec375e3f7b32da6f5160a76bd4b97a3dae2f,0.0,AAATTAAAAATTACCTATAACCTCACCATTGTATGAATTTTGGAAAACTTATTAGCATCAGCAATACATGTTGTTTCGTAAACTATATTTTTGTTTCACGATATGTTGCAAATGTGGACATGTGAAAAACAGTTTGCGAAATGTGAAATATCTTACAAATGTTTCCAATTACTGTCACTTTTACTATCAGTTACTCTTAC,57dff759d84a4bb8c40a2f76233b771dffe25db819188ae2751d24c8b66e96f4,0.0112355729210937,AAATTAAAAATTACCTATAACCTCACCATTGTATGAATTTTGGAAAACTTATTAGCATCAGCAATACATGTTGTTTCGTAAACTATATTTTTGTTTCACAATATGTGGCAAATGTGGACATGTGAAAAACAGTTTGCGAAATGTGAAATATCTTACAAATGTTTCCAATTACTGTCACTTTTACTATCAGTTACTCTTAC,c87bfc53dec82c6da7d06f19ff0ed11968eb472b442d0242488c5029df4ba8d4,0.0545239617058292,AAATTAAAAATTACCTATAACCTCACCATTGTATGAATTTTGGAAAACTTATTAGCATCAGCAATACATGTTGTTTCGTAAACTATATTTTTGTTTCACGATATGTGGCAAATGTGGACATGTGAAAAACAGTTTGCGAAATGTGAAATATCTTACAAATGTTTCCAATTACTGTCACTTTTACTATCAGTTACTCTTAC,a764dc8b150ccb7d2db962431e7816ad8474c258468afb1b9bc4c33a7db8116c,0.174793158513126,-0.109033623886203,0.182354338445174,-245.6360886245966,-248.3957600593567,-245.56419306993484,-248.1020704358816,-0.2217940688133524,1.0,-0.109033623886203,0.0,0,0.18549118434887654,0.18565657667894103,0.15145376406925343,0.41017285700768424,1.0
chr9:114249:A:T;chr9:114313:C:G;var1;middle;OL41|K562|0ac7ff7e7cf5a6c3,chr9:114249:A:T;chr9:114313:C:G;var1;middle;OL41,K562,K562_region_02124,100,164,64,AGGAGGACCCGGTGCCTGGACGACCCGGAGCAGGGGAAGCACTCGGCCGACGCTGTCGCTGTCATCGGCGTCATTGGCGGGCAGGACAGTGGGGCGGGTAAGGGGCCTCCCCGCGCCTCCCGGCCCTTCGCGCTCGGCGCCAGCTCTTTGGCTCCCTTCCCTGCGCAGCTCTAGGCTTAGCTCTCAGCCATTTCTCAAGA,aa8091cd5874067b0d7353acbabf2805657d68eda7a7bd13ee2627751d19a216,0.0,AGGAGGACCCGGTGCCTGGACGACCCGGAGCAGGGGAAGCACTCGGCCGACGCTGTCGCTGTCATCGGCGTCATTGGCGGGCAGGACAGTGGGGCGGGTTAGGGGCCTCCCCGCGCCTCCCGGCCCTTCGCGCTCGGCGCCAGCTCTTTGGCTCCCTTCCCTGCGCAGCTCTAGGCTTAGCTCTCAGCCATTTCTCAAGA,593dfbb8d22323fc1204bb27d6e40d5cc16715b48aca00cbf59a559bba001da8,0.488336970423043,AGGAGGACCCGGTGCCTGGACGACCCGGAGCAGGGGAAGCACTCGGCCGACGCTGTCGCTGTCATCGGCGTCATTGGCGGGCAGGACAGTGGGGCGGGTAAGGGGCCTCCCCGCGCCTCCCGGCCCTTCGCGCTCGGCGCCAGCTCTTTGGCTCCCTTCCCTGGGCAGCTCTAGGCTTAGCTCTCAGCCATTTCTCAAGA,583ecbdce0fc899652c4cb5659ef63d819b8f1cbd2829f92d68df830283fc9db,-0.159152675911641,AGGAGGACCCGGTGCCTGGACGACCCGGAGCAGGGGAAGCACTCGGCCGACGCTGTCGCTGTCATCGGCGTCATTGGCGGGCAGGACAGTGGGGCGGGTTAGGGGCCTCCCCGCGCCTCCCGGCCCTTCGCGCTCGGCGCCAGCTCTTTGGCTCCCTTCCCTGGGCAGCTCTAGGCTTAGCTCTCAGCCATTTCTCAAGA,0ac7ff7e7cf5a6c3ddc05588801a7d8eeb3b9e43c7c3cdf1e044699a56551d26,0.296955684640781,-0.032228609870621,0.175324733031787,-266.5364431994967,-303.79280333337374,-259.7934191408567,-292.64096341258846,4.408815862145275,-1.0,0.032228609870621,0.0,2,0.18161406072612563,0.17490732828716207,0.146091925319964,0.2896277945652407,1.0
chr9:114361659:G:C;chr9:114361707:G:C;var1;middle;OL41|K562|c980a1c87d37264f,chr9:114361659:G:C;chr9:114361707:G:C;var1;middle;OL41,K562,K562_region_02195,100,148,48,CCCAGTTGTGCAGTCCAGCAAGTTCCCTGGCCAGCCCCCTCCCGGGTGCAGGAAGCTACCGGGTGTCCCGGGTTGTAACCAAGCTTTCCTATTCCCTCCGGCGCGCGGCTCCAAGCTCTCCAAGGAACTGCGGGGGCGGGAGGCGTCGGGACGTCGGCTCCCAAGATCCTCCGAGTGCAAGACCCAGCGGTCATTTCGAC,c5255ef8c9f3cf5bb7d5d0476268dadc473ede632e0c2bfd1d91804178aa4c2a,0.0,CCCAGTTGTGCAGTCCAGCAAGTTCCCTGGCCAGCCCCCTCCCGGGTGCAGGAAGCTACCGGGTGTCCCGGGTTGTAACCAAGCTTTCCTATTCCCTCCCGCGCGCGGCTCCAAGCTCTCCAAGGAACTGCGGGGGCGGGAGGCGTCGGGACGTCGGCTCCCAAGATCCTCCGAGTGCAAGACCCAGCGGTCATTTCGAC,67b3095348c92929a1b97bb09d06f762deb4bd5628fc685600d565eb05c2f201,0.404217813915989,CCCAGTTGTGCAGTCCAGCAAGTTCCCTGGCCAGCCCCCTCCCGGGTGCAGGAAGCTACCGGGTGTCCCGGGTTGTAACCAAGCTTTCCTATTCCCTCCGGCGCGCGGCTCCAAGCTCTCCAAGGAACTGCGGGGGCGGGAGGCGTCCGGACGTCGGCTCCCAAGATCCTCCGAGTGCAAGACCCAGCGGTCATTTCGAC,b6834bda7415156532f60f6941edbe25e221c7f232a4445601c65f4d41f70651,0.117917492474979,CCCAGTTGTGCAGTCCAGCAAGTTCCCTGGCCAGCCCCCTCCCGGGTGCAGGAAGCTACCGGGTGTCCCGGGTTGTAACCAAGCTTTCCTATTCCCTCCCGCGCGCGGCTCCAAGCTCTCCAAGGAACTGCGGGGGCGGGAGGCGTCCGGACGTCGGCTCCCAAGATCCTCCGAGTGCAAGACCCAGCGGTCATTTCGAC,c980a1c87d37264f32cc6ca79e37e8b0cd6f6e8b29ff9eb0749ba59600acb3e2,0.197075877594996,0.3250594287959719,0.210100160432116,-388.2722819427727,-382.2116679063765,-389.2896038463805,-382.52164447610267,-0.7073453338816762,1.0,0.3250594287959719,0.0,2,0.1741645163737755,0.17490732828716207,0.146091925319964,0.24084401314783233,1.0
chr9:114393235:C:T;chr9:114393246:T:C;var1;middle;OL41|K562|b78cc6b4016d1e34,chr9:114393235:C:T;chr9:114393246:T:C;var1;middle;OL41,K562,K562_region_02196,100,111,11,GAACTTTCAGGGTCCCTACCTAGTACACAGGCAGCGCCTAGAATTGCTAAGTTCATCTTCCGTTTGGAAAGGCAGCATGGGGTTAGTGAGAGGAAGGCGCCCGGGGCTGGTGGCTGGCTTTAAAGGCCTACGTGCAAATCTTCTTGACGCTGATAACGGGATGCGAGAGAGCCAGGTAGGTTACCTATTGCAGCAGGTCA,e029b7607259da9d23c5150f77c1126f223a3af88eeae3979f9c6b60354fbf1f,0.0,GAACTTTCAGGGTCCCTACCTAGTACACAGGCAGCGCCTAGAATTGCTAAGTTCATCTTCCGTTTGGAAAGGCAGCATGGGGTTAGTGAGAGGAAGGCGTCCGGGGCTGGTGGCTGGCTTTAAAGGCCTACGTGCAAATCTTCTTGACGCTGATAACGGGATGCGAGAGAGCCAGGTAGGTTACCTATTGCAGCAGGTCA,ecd8cc70bfc085dc6ed4cf42c66fee058ad7d1a35cd0398e9d785de1bc6fa227,-0.0432018960685335,GAACTTTCAGGGTCCCTACCTAGTACACAGGCAGCGCCTAGAATTGCTAAGTTCATCTTCCGTTTGGAAAGGCAGCATGGGGTTAGTGAGAGGAAGGCGCCCGGGGCTGGCGGCTGGCTTTAAAGGCCTACGTGCAAATCTTCTTGACGCTGATAACGGGATGCGAGAGAGCCAGGTAGGTTACCTATTGCAGCAGGTCA,ab1808967476bf6978de4fcdd85dc8d78712496c6c548ca45ba9ae46da087fa4,0.209394567544254,GAACTTTCAGGGTCCCTACCTAGTACACAGGCAGCGCCTAGAATTGCTAAGTTCATCTTCCGTTTGGAAAGGCAGCATGGGGTTAGTGAGAGGAAGGCGTCCGGGGCTGGCGGCTGGCTTTAAAGGCCTACGTGCAAATCTTCTTGACGCTGATAACGGGATGCGAGAGAGCCAGGTAGGTTACCTATTGCAGCAGGTCA,b78cc6b4016d1e34792544b0115e1b3fdc61e7030fff18df2894ea4075a59365,0.165531727845556,-0.0006609436301645,0.143884798234117,-290.43321011960506,-323.9264213126153,-283.0515948086977,-304.5636179447174,11.981188056990504,-1.0,0.0006609436301645,0.0,3,0.20560532992731173,0.18106719778262317,0.1474303780702046,0.10613865814398611,1.0
chr9:114393246:T:C;chr9:114393328:G:A;var1;middle;OL41|K562|dd1598e69a027ede,chr9:114393246:T:C;chr9:114393328:G:A;var1;middle;OL41,K562,K562_region_02196,100,182,82,GTCCCTACCTAGTACACAGGCAGCGCCTAGAATTGCTAAGTTCATCTTCCGTTTGGAAAGGCAGCATGGGGTTAGTGAGAGGAAGGCGCCCGGGGCTGGTGGCTGGCTTTAAAGGCCTACGTGCAAATCTTCTTGACGCTGATAACGGGATGCGAGAGAGCCAGGTAGGTTACCTATTGCAGCAGGTCAAGTGATGATGT,c6a1158083fe4201d2d4d222919fd66418ae2d34392cedf576d1b552abed460e,0.0,GTCCCTACCTAGTACACAGGCAGCGCCTAGAATTGCTAAGTTCATCTTCCGTTTGGAAAGGCAGCATGGGGTTAGTGAGAGGAAGGCGCCCGGGGCTGGCGGCTGGCTTTAAAGGCCTACGTGCAAATCTTCTTGACGCTGATAACGGGATGCGAGAGAGCCAGGTAGGTTACCTATTGCAGCAGGTCAAGTGATGATGT,c9b8a19e08b7a3c45e7fd895ca0294ba9c9196e46e3758b77cb56f88a1a685d5,0.169687982363008,GTCCCTACCTAGTACACAGGCAGCGCCTAGAATTGCTAAGTTCATCTTCCGTTTGGAAAGGCAGCATGGGGTTAGTGAGAGGAAGGCGCCCGGGGCTGGTGGCTGGCTTTAAAGGCCTACGTGCAAATCTTCTTGACGCTGATAACGGGATGCGAGAGAGCCAGGTAGGTTACCTATTGCAACAGGTCAAGTGATGATGT,3ce63b899e2b30ec52a5a2ebc9cda411d94e1bc28c96e86a6931924abcb1518e,-0.238960256890122,GTCCCTACCTAGTACACAGGCAGCGCCTAGAATTGCTAAGTTCATCTTCCGTTTGGAAAGGCAGCATGGGGTTAGTGAGAGGAAGGCGCCCGGGGCTGGCGGCTGGCTTTAAAGGCCTACGTGCAAATCTTCTTGACGCTGATAACGGGATGCGAGAGAGCCAGGTAGGTTACCTATTGCAACAGGTCAAGTGATGATGT,dd1598e69a027edeceec13132d17951ce323bbef687102f8a733c7fef304575d,-0.413017670239513,0.343745395712399,0.19846120375995,-337.480858406052,-335.4085462773219,-345.40170845668763,-340.278524288442,-3.050872039515525,1.0,0.343745395712399,0.0,3,0.1753279737726059,0.18106719778262317,0.1474303780702046,-0.1051628098869194,1.0
chr9:114393328:G:A;chr9:114393397:G:C;var1;middle;OL41|K562|7f24feaa94dd1ff3,chr9:114393328:G:A;chr9:114393397:G:C;var1;middle;OL41,K562,K562_region_02196,100,169,69,AAGGCGCCCGGGGCTGGTGGCTGGCTTTAAAGGCCTACGTGCAAATCTTCTTGACGCTGATAACGGGATGCGAGAGAGCCAGGTAGGTTACCTATTGCAGCAGGTCAAGTGATGATGTCGAAAAGGATGCGTGTGCCGGACACTGTGGAAGGTAAAGCGCTCCGCACAGCCCGCCTAAGTGCGCCCGGGACAGAGCCATC,57b3183ee6944437ab2ec1c04264924cef2513b0c51cb149887fa11b68201f01,0.0,AAGGCGCCCGGGGCTGGTGGCTGGCTTTAAAGGCCTACGTGCAAATCTTCTTGACGCTGATAACGGGATGCGAGAGAGCCAGGTAGGTTACCTATTGCAACAGGTCAAGTGATGATGTCGAAAAGGATGCGTGTGCCGGACACTGTGGAAGGTAAAGCGCTCCGCACAGCCCGCCTAAGTGCGCCCGGGACAGAGCCATC,6b209d9c4315b512f740a568bbc9a51722f5d59add1e6b796c46e58bdeeb0c21,0.163154425651619,AAGGCGCCCGGGGCTGGTGGCTGGCTTTAAAGGCCTACGTGCAAATCTTCTTGACGCTGATAACGGGATGCGAGAGAGCCAGGTAGGTTACCTATTGCAGCAGGTCAAGTGATGATGTCGAAAAGGATGCGTGTGCCGGACACTGTGGAAGGTAAAGCGCTCCGCACACCCCGCCTAAGTGCGCCCGGGACAGAGCCATC,da80130fa908793ea397674caeb11c21d0fed4e1f7321b3c3ed439a48c8c8501,0.186456757300665,AAGGCGCCCGGGGCTGGTGGCTGGCTTTAAAGGCCTACGTGCAAATCTTCTTGACGCTGATAACGGGATGCGAGAGAGCCAGGTAGGTTACCTATTGCAACAGGTCAAGTGATGATGTCGAAAAGGATGCGTGTGCCGGACACTGTGGAAGGTAAAGCGCTCCGCACACCCCGCCTAAGTGCGCCCGGGACAGAGCCATC,7f24feaa94dd1ff355b769a7b0e74c5c681e75c4b8a7be28facfcac643e03bfd,0.0568832859808954,0.2927278969713885,0.273250289450071,-286.9665893614292,-285.81306982040405,-295.55632215738297,-291.900746434927,-2.5020561814308167,1.0,0.2927278969713885,0.0,3,0.1764333906676889,0.18106719778262317,0.1474303780702046,0.05386595301593494,1.0
chr9:114419664:A:G;chr9:114419696:C:A;var1;middle;OL41|K562|c8c4ec57964a6769,chr9:114419664:A:G;chr9:114419696:C:A;var1;middle;OL41,K562,K562_region_02197,100,132,32,TCACGAAGCACGACATAGTGGAATGACTCTGGCTTTATAACCGGATAGAACAAGGTTGACTGGGCAGGTTACTTTAACCTGTGAGCCTTGTTTTCTTTCATGTAAAGATACTATTTCAGACAGTTCTTAGACGATAACAAGGGTAAAATGCCTGGCATATATTAAGTGATCAGGAAATGTGAGTTATTTTGCCTTCAGAG,ae63ad8ece8068f106ca6384db2521965462717d1a1df3f7fa7ae18d09e99dcd,0.0,TCACGAAGCACGACATAGTGGAATGACTCTGGCTTTATAACCGGATAGAACAAGGTTGACTGGGCAGGTTACTTTAACCTGTGAGCCTTGTTTTCTTTCGTGTAAAGATACTATTTCAGACAGTTCTTAGACGATAACAAGGGTAAAATGCCTGGCATATATTAAGTGATCAGGAAATGTGAGTTATTTTGCCTTCAGAG,825b5fa65ee1e4c82b64810810908ebaa93a2b720447d6219821326ab5ce29a9,0.0930852325150873,TCACGAAGCACGACATAGTGGAATGACTCTGGCTTTATAACCGGATAGAACAAGGTTGACTGGGCAGGTTACTTTAACCTGTGAGCCTTGTTTTCTTTCATGTAAAGATACTATTTCAGACAGTTCTTAGAAGATAACAAGGGTAAAATGCCTGGCATATATTAAGTGATCAGGAAATGTGAGTTATTTTGCCTTCAGAG,64bb27edd4c0fc2c34ff42dcd18e462aa1fd30b79ac4654259f058c7f3f48379,0.100270299488664,TCACGAAGCACGACATAGTGGAATGACTCTGGCTTTATAACCGGATAGAACAAGGTTGACTGGGCAGGTTACTTTAACCTGTGAGCCTTGTTTTCTTTCGTGTAAAGATACTATTTCAGACAGTTCTTAGAAGATAACAAGGGTAAAATGCCTGGCATATATTAAGTGATCAGGAAATGTGAGTTATTTTGCCTTCAGAG,c8c4ec57964a67695d8bcd9548eb27b7e7576ab8b4e342bd0cf1c46ccbef36be,0.124071208066536,0.0692843239372153,0.153636492910311,-378.65901794470847,-388.5245927404612,-397.23516970314085,-408.687986895442,1.5872423965483904,1.0,0.0692843239372153,0.0,0,0.18781468980612537,0.18565657667894103,0.15145376406925343,0.11404639823414728,1.0
chr9:116056111:T:C;chr9:116056140:C:G;var1;middle;OL41|K562|9c1146b5cd28321c,chr9:116056111:T:C;chr9:116056140:C:G;var1;middle;OL41,K562,K562_region_02198,100,129,29,ACTGTGCCTGACCTAAACATACTGTTTTTAATCTGATTTCAATTATAACCAAATAGTTGCATTTCCTATGTAGTTGTTCAGCTTCTGAATTCTCAGGACTACCCTCTGTTGCTCACTTCACTATTGTTCAGGTATTAATGAATTCTATTTCATAGATTATGATGAAAAGAACTTTTTTTCTTCTTTGTAGTATGTGTAAA,4c48ff9063916ef00b797418b2e794e45df1c9a9c80166a6ea7bbefb21948559,0.0,ACTGTGCCTGACCTAAACATACTGTTTTTAATCTGATTTCAATTATAACCAAATAGTTGCATTTCCTATGTAGTTGTTCAGCTTCTGAATTCTCAGGACCACCCTCTGTTGCTCACTTCACTATTGTTCAGGTATTAATGAATTCTATTTCATAGATTATGATGAAAAGAACTTTTTTTCTTCTTTGTAGTATGTGTAAA,aa1d80b48cef183562c800734c9633858010795535e1d9f4f53ea215c7664463,0.153558612084602,ACTGTGCCTGACCTAAACATACTGTTTTTAATCTGATTTCAATTATAACCAAATAGTTGCATTTCCTATGTAGTTGTTCAGCTTCTGAATTCTCAGGACTACCCTCTGTTGCTCACTTCACTATTGTTGAGGTATTAATGAATTCTATTTCATAGATTATGATGAAAAGAACTTTTTTTCTTCTTTGTAGTATGTGTAAA,0436f8004043566d5150f9b18cdc138f6bb6136f3d18ff5cc149df6a13ea8db5,0.0862320431303531,ACTGTGCCTGACCTAAACATACTGTTTTTAATCTGATTTCAATTATAACCAAATAGTTGCATTTCCTATGTAGTTGTTCAGCTTCTGAATTCTCAGGACCACCCTCTGTTGCTCACTTCACTATTGTTGAGGTATTAATGAATTCTATTTCATAGATTATGATGAAAAGAACTTTTTTTCTTCTTTGTAGTATGTGTAAA,9c1146b5cd28321c3d9ed1a70fced85048dfa3bf3fd826a6e16dbb40606ac66f,0.0804283698130487,0.1593622854019064,0.285201584244386,-308.9453604174778,-313.3843211084604,-333.2969323433936,-349.68245613668114,11.946563102304935,1.0,0.1593622854019064,0.0,2,0.19258963014836758,0.17490732828716207,0.146091925319964,0.23822311072083552,1.0
chr9:117091002:C:T;chr9:117091067:G:A;var1;middle;OL30|K562|7b784586fa492225,chr9:117091002:C:T;chr9:117091067:G:A;var1;middle;OL30,K562,K562_region_02199,100,165,65,TAGACAATGCCCAGTGTTTAGCGTAAGAATCAGGGTCCAGCTGGTGCTCCCTAAACAGCAGCTGCTGTTCACTGTTGAAAGGCGCTCTGGAAGGCCAGGCGCGGTGGCTCATGCTTGTAATCCCAGCACTGTGGGAGGCCGAGGTGGGCGGATCACCTGAGGTAGGGAGTTCGAGACCAGCCTGACCAACGTGGAGAAAC,09a67ced4cf811bde97c0c517f5bfddaecae375083a3ccca15aa48046cc533f4,0.0,TAGACAATGCCCAGTGTTTAGCGTAAGAATCAGGGTCCAGCTGGTGCTCCCTAAACAGCAGCTGCTGTTCACTGTTGAAAGGCGCTCTGGAAGGCCAGGTGCGGTGGCTCATGCTTGTAATCCCAGCACTGTGGGAGGCCGAGGTGGGCGGATCACCTGAGGTAGGGAGTTCGAGACCAGCCTGACCAACGTGGAGAAAC,edd868e1525c13a0b1d96bd3c77db3cf2f720fef0f868bde1a7d007b13c43af2,-0.80122064165719,TAGACAATGCCCAGTGTTTAGCGTAAGAATCAGGGTCCAGCTGGTGCTCCCTAAACAGCAGCTGCTGTTCACTGTTGAAAGGCGCTCTGGAAGGCCAGGCGCGGTGGCTCATGCTTGTAATCCCAGCACTGTGGGAGGCCGAGGTGGGCGGATCACCTGAGGTAAGGAGTTCGAGACCAGCCTGACCAACGTGGAGAAAC,aa6853c14be3bcbdac9aa8fbc0ed83c343bb7d1119bea8487584d9c9c3f3f879,0.0203566760454987,TAGACAATGCCCAGTGTTTAGCGTAAGAATCAGGGTCCAGCTGGTGCTCCCTAAACAGCAGCTGCTGTTCACTGTTGAAAGGCGCTCTGGAAGGCCAGGTGCGGTGGCTCATGCTTGTAATCCCAGCACTGTGGGAGGCCGAGGTGGGCGGATCACCTGAGGTAAGGAGTTCGAGACCAGCCTGACCAACGTGGAGAAAC,7b784586fa4922254eccc0b49ebf49793d568bfeb67e5a2ca90d08571054ded9,-0.834447022155147,0.0535830565434557,0.170122147946652,-178.63914390653372,-178.80829750653356,-179.19620676198974,-179.2267348128371,-0.13862554915249348,1.0,0.0535830565434557,0.0,2,0.17499261836236982,0.17490732828716207,0.146091925319964,0.2810992420344882,1.0
chr9:119241635:T:C;chr9:119241662:C:G;var1;middle;OL33|K562|1696a114275a6ad3,chr9:119241635:T:C;chr9:119241662:C:G;var1;middle;OL33,K562,K562_region_02200,100,127,27,AATTCTGTGCTGATTTTTGGCATGAAGAAAGGAAATGAAGAGGGTAGGGTAGGAATGTAAATAAAGGGAAACATTGGGATTTCATCTAATATATAATTATAGTATCCATGGTGGTGGCCCTGGCTGCCTCTGTGATGTGCTTCCCAGGCTGTGCCCAGGAGAGGTGGTGTCCTGAGGGTGGTGGACAGGCCAGCAATGCT,48be4fdcb61d8ebb4d8c9b84b6c254508eb59888b6d0deeb8b44fa5b16ce67a5,0.0,AATTCTGTGCTGATTTTTGGCATGAAGAAAGGAAATGAAGAGGGTAGGGTAGGAATGTAAATAAAGGGAAACATTGGGATTTCATCTAATATATAATTACAGTATCCATGGTGGTGGCCCTGGCTGCCTCTGTGATGTGCTTCCCAGGCTGTGCCCAGGAGAGGTGGTGTCCTGAGGGTGGTGGACAGGCCAGCAATGCT,70a2be2955b1979d871f2c23143f682518f64a71da1d75f2b65dea37678ad66e,0.0207490819846446,AATTCTGTGCTGATTTTTGGCATGAAGAAAGGAAATGAAGAGGGTAGGGTAGGAATGTAAATAAAGGGAAACATTGGGATTTCATCTAATATATAATTATAGTATCCATGGTGGTGGCCCTGGCTGGCTCTGTGATGTGCTTCCCAGGCTGTGCCCAGGAGAGGTGGTGTCCTGAGGGTGGTGGACAGGCCAGCAATGCT,736e307471a9c19b8ea3d3d39236b4954588031903e32543650c62e4c08d8887,0.268947527548221,AATTCTGTGCTGATTTTTGGCATGAAGAAAGGAAATGAAGAGGGTAGGGTAGGAATGTAAATAAAGGGAAACATTGGGATTTCATCTAATATATAATTACAGTATCCATGGTGGTGGCCCTGGCTGGCTCTGTGATGTGCTTCCCAGGCTGTGCCCAGGAGAGGTGGTGTCCTGAGGGTGGTGGACAGGCCAGCAATGCT,1696a114275a6ad3646b2470e045440fe6cacc8ae47d0fdca18a84b2343cbc75,0.0158539468541393,0.2738426626787262,0.100767934380445,-285.5740719884634,-296.9498112699948,-302.8578323794063,-314.5635513914749,0.32997973053716123,1.0,0.2738426626787262,0.0,0,0.18619987621800452,0.18565657667894103,0.15145376406925343,0.32198370550334987,1.0
chr9:119245085:G:A;chr9:119245127:T:C;var1;middle;OL33|K562|65fee17cfc8f06a1,chr9:119245085:G:A;chr9:119245127:T:C;var1;middle;OL33,K562,K562_region_02201,100,142,42,TTCTTCTACTCTTCCAACTCTACCCACCCCGCTAAGATAGAGCCTCTGGCCTAAGCCTCTGTTCCCACCATGGATGTTGGCACTTGGCTACAGTCCCCAGGCTCCCTTGGCATTCCTTTCATAGAGCTGAAGCCAGGGAGGTGAGGGCGGGTCTGGGGCAAGCCTCTGAATGTGTGGGAATGCATCCCCCACCCCAGGAA,f8fba00ec31119461ad3a8c823afa89cf53ffadba4345df91e24c9d9914a1974,0.0,TTCTTCTACTCTTCCAACTCTACCCACCCCGCTAAGATAGAGCCTCTGGCCTAAGCCTCTGTTCCCACCATGGATGTTGGCACTTGGCTACAGTCCCCAAGCTCCCTTGGCATTCCTTTCATAGAGCTGAAGCCAGGGAGGTGAGGGCGGGTCTGGGGCAAGCCTCTGAATGTGTGGGAATGCATCCCCCACCCCAGGAA,ca6ff8cf51175f20e2c2372be84b6dfe528ab9fe8befeaf023b4ade469112fa6,-0.0135752176783388,TTCTTCTACTCTTCCAACTCTACCCACCCCGCTAAGATAGAGCCTCTGGCCTAAGCCTCTGTTCCCACCATGGATGTTGGCACTTGGCTACAGTCCCCAGGCTCCCTTGGCATTCCTTTCATAGAGCTGAAGCCAGGGAGGCGAGGGCGGGTCTGGGGCAAGCCTCTGAATGTGTGGGAATGCATCCCCCACCCCAGGAA,886ef91cc2d8f68df8e1c1f23436bc34e549cfe28c73f8b55b72c8b3b3d7a042,0.272466371544466,TTCTTCTACTCTTCCAACTCTACCCACCCCGCTAAGATAGAGCCTCTGGCCTAAGCCTCTGTTCCCACCATGGATGTTGGCACTTGGCTACAGTCCCCAAGCTCCCTTGGCATTCCTTTCATAGAGCTGAAGCCAGGGAGGCGAGGGCGGGTCTGGGGCAAGCCTCTGAATGTGTGGGAATGCATCCCCCACCCCAGGAA,65fee17cfc8f06a146c9e8e233c387b613c3a69c9541d9e18b4c1bef9d2143a5,-0.132522800922721,0.3914139547888482,0.214949600797312,-296.2842839870136,-299.6235983222723,-298.16303764632903,-305.2134384752717,3.711086493683979,1.0,0.3914139547888482,0.0,0,0.19054253053489337,0.18565657667894103,0.15145376406925343,0.34113793989562824,1.0
chr9:119711249:T:C;chr9:119711291:A:C;var1;middle;OL30|K562|3a00d9d382817eaf,chr9:119711249:T:C;chr9:119711291:A:C;var1;middle;OL30,K562,K562_region_02202,100,142,42,CAACCTCCACCTCCTGGTTTGAGCCATTCTCCTGCCTCAGCCTCCCGAGTAGCTGGGATTACATGCACACGCCACCACCATTGGCTAATTTTTTATTTTTAGTAGAGACTGGGTTTCACCATGTTGGTCAGGCTGCTCTCGAACTCTGGACCTGGTGATCTGCCCACCTCGGCCTCCCAAAGTGCTGAGATTACAGGCAT,ea97094c974580c1f1a75078e8ce092286f356b549a814eda75cfbc374c22051,0.0,CAACCTCCACCTCCTGGTTTGAGCCATTCTCCTGCCTCAGCCTCCCGAGTAGCTGGGATTACATGCACACGCCACCACCATTGGCTAATTTTTTATTTTCAGTAGAGACTGGGTTTCACCATGTTGGTCAGGCTGCTCTCGAACTCTGGACCTGGTGATCTGCCCACCTCGGCCTCCCAAAGTGCTGAGATTACAGGCAT,ff145aaa5dd84cdfd44f49a914966a4efc809349599a58efa30a82bdc8704c1f,-0.110824565731448,CAACCTCCACCTCCTGGTTTGAGCCATTCTCCTGCCTCAGCCTCCCGAGTAGCTGGGATTACATGCACACGCCACCACCATTGGCTAATTTTTTATTTTTAGTAGAGACTGGGTTTCACCATGTTGGTCAGGCTGCTCTCGCACTCTGGACCTGGTGATCTGCCCACCTCGGCCTCCCAAAGTGCTGAGATTACAGGCAT,08aaead066459205013b9a548d051afe969f329cb33027666889429be898828c,-0.165120376182351,CAACCTCCACCTCCTGGTTTGAGCCATTCTCCTGCCTCAGCCTCCCGAGTAGCTGGGATTACATGCACACGCCACCACCATTGGCTAATTTTTTATTTTCAGTAGAGACTGGGTTTCACCATGTTGGTCAGGCTGCTCTCGCACTCTGGACCTGGTGATCTGCCCACCTCGGCCTCCCAAAGTGCTGAGATTACAGGCAT,3a00d9d382817eaffcd56fb34d68cfa402fa47046b1bd3fc620314dfe5a895e6,0.0356134887112974,0.3115584306250964,0.212307739891676,-75.46679349476472,-78.63125423388556,-81.08558832295239,-84.14528166037053,0.10476740170270205,-1.0,-0.3115584306250964,0.0,4,0.17632917618107147,0.17620727786206916,0.145609630836647,0.2930793939053089,1.0
chr9:1202797:C:T;chr9:1202855:T:A;var1;middle;OL33|K562|26f109fa1892bee3,chr9:1202797:C:T;chr9:1202855:T:A;var1;middle;OL33,K562,K562_region_02125,100,158,58,TGTCTTCTTTGGTCCTTTGCCCATCTGGGCTTCTGCCCTGAACTCCAAGCTTTGCTTATACAACCTTCATAGAGAGTCAAGCAGAACCAGTTCTGTTGTCGTCCCTTGGTGTCCAGCACACAGACTCTTGCATTGAATGGAGCTACTGTACATAGACTTAGGCTGCAAAGAAGATGACAGGCAGCTTTTCTGAAATTGTG,cc710e5a1814d3c6b2ccb94bbd97eb2dccf0e0506a5bced65ac37628cc896ac9,0.0,TGTCTTCTTTGGTCCTTTGCCCATCTGGGCTTCTGCCCTGAACTCCAAGCTTTGCTTATACAACCTTCATAGAGAGTCAAGCAGAACCAGTTCTGTTGTTGTCCCTTGGTGTCCAGCACACAGACTCTTGCATTGAATGGAGCTACTGTACATAGACTTAGGCTGCAAAGAAGATGACAGGCAGCTTTTCTGAAATTGTG,83b62f3716b3a0d8ca06fbd99237d4575b92829bb6f0d8c92603fd478ef024c3,0.0481206075943607,TGTCTTCTTTGGTCCTTTGCCCATCTGGGCTTCTGCCCTGAACTCCAAGCTTTGCTTATACAACCTTCATAGAGAGTCAAGCAGAACCAGTTCTGTTGTCGTCCCTTGGTGTCCAGCACACAGACTCTTGCATTGAATGGAGCTACTGTACATAGACATAGGCTGCAAAGAAGATGACAGGCAGCTTTTCTGAAATTGTG,b5c0df81613cf205a86045b73138f04a721fc6852aed266aa7fce97d2f98f42d,0.0569122693653814,TGTCTTCTTTGGTCCTTTGCCCATCTGGGCTTCTGCCCTGAACTCCAAGCTTTGCTTATACAACCTTCATAGAGAGTCAAGCAGAACCAGTTCTGTTGTTGTCCCTTGGTGTCCAGCACACAGACTCTTGCATTGAATGGAGCTACTGTACATAGACATAGGCTGCAAAGAAGATGACAGGCAGCTTTTCTGAAATTGTG,26f109fa1892bee348b0937df1768cc35b77dc1299dc4dce76f683f33bb1ec6b,0.283585222816405,-0.1785523458566629,0.214822228631688,-269.7412747107446,-280.3356386460364,-269.1953153423965,-282.8392170742154,3.0495377965271473,1.0,-0.1785523458566629,0.0,2,0.17963484196248258,0.17490732828716207,0.146091925319964,0.12046026527640116,1.0
chr9:12759781:C:T;chr9:12759838:G:A;var1;middle;OL41|K562|4595b597238c3ccb,chr9:12759781:C:T;chr9:12759838:G:A;var1;middle;OL41,K562,K562_region_02142,100,157,57,CCCTTTGTTCTACTTCCCTGTGTTGTGGCAGTGAAATTGGACAGAATCTCTATGAGGCAATGTGTCACAAATGGCAGGAATACAATACTTAATACACCACCATCTCTCTCTGACTTATAGACACAAACACACACACACACACACAAAGAAACCCATGGTATAGTAGATAGTGTTTCATGTGACTGATACCAAACAAAACA,356e9009713d770fc9a99089675f7eaee8b59dab1a7e251a89bac8f9dcc5c478,0.0,CCCTTTGTTCTACTTCCCTGTGTTGTGGCAGTGAAATTGGACAGAATCTCTATGAGGCAATGTGTCACAAATGGCAGGAATACAATACTTAATACACCATCATCTCTCTCTGACTTATAGACACAAACACACACACACACACACAAAGAAACCCATGGTATAGTAGATAGTGTTTCATGTGACTGATACCAAACAAAACA,1fe548284a941ed73e96bfd3d9b0e2c8ffc8eacebb9a0bf837c2ad0bc9ecd8a1,-0.0874659620158007,CCCTTTGTTCTACTTCCCTGTGTTGTGGCAGTGAAATTGGACAGAATCTCTATGAGGCAATGTGTCACAAATGGCAGGAATACAATACTTAATACACCACCATCTCTCTCTGACTTATAGACACAAACACACACACACACACACAAAGAAACCCATAGTATAGTAGATAGTGTTTCATGTGACTGATACCAAACAAAACA,abbec5d7cbcf557ec7bd7f980b95ec50760365ef2ac7636c8e9a029622f24447,-0.388061265487902,CCCTTTGTTCTACTTCCCTGTGTTGTGGCAGTGAAATTGGACAGAATCTCTATGAGGCAATGTGTCACAAATGGCAGGAATACAATACTTAATACACCATCATCTCTCTCTGACTTATAGACACAAACACACACACACACACACAAAGAAACCCATAGTATAGTAGATAGTGTTTCATGTGACTGATACCAAACAAAACA,4595b597238c3ccbe1fd5c50d582be5d8620d6f230977497ad1d866b537365f1,-0.229602873938649,0.2459243535650536,0.301645701521896,-346.1336830116343,-326.40147421567235,-341.94459153182106,-323.2710835831822,-1.0587008473230526,-1.0,-0.2459243535650536,0.0,1,0.1812879952209898,0.18216460459877223,0.1501433469024087,0.41678266641521566,1.0
chr9:12760884:C:T;chr9:12760920:C:T;var1;middle;OL41|K562|353b6ed06facb47b,chr9:12760884:C:T;chr9:12760920:C:T;var1;middle;OL41,K562,K562_region_02143,100,136,36,CTCAGCTCACACTGAGGATTCTTGTAACTATAATGAAAAATCCTTGATAGATTATTTAATCTATTTAAGTATTGGTTTTCTAATACAAAATCAGAATTGCACAACTTGGGTGACTGGTAAAAAGAATGAGTAACTCGGTGGTGATACACTTAAGTTCACAATATTATTGCCTGTAAATTTCCTGTGAATACACAATCAAC,9649e4e88c1461b6bcd59625accc62415b278fe51fc883b7a1869d781ca7b685,0.0,CTCAGCTCACACTGAGGATTCTTGTAACTATAATGAAAAATCCTTGATAGATTATTTAATCTATTTAAGTATTGGTTTTCTAATACAAAATCAGAATTGTACAACTTGGGTGACTGGTAAAAAGAATGAGTAACTCGGTGGTGATACACTTAAGTTCACAATATTATTGCCTGTAAATTTCCTGTGAATACACAATCAAC,66850cb03865967d465c417fa1efbce32f1f91e26a5818a0c137d1daaaef7874,0.227820815777429,CTCAGCTCACACTGAGGATTCTTGTAACTATAATGAAAAATCCTTGATAGATTATTTAATCTATTTAAGTATTGGTTTTCTAATACAAAATCAGAATTGCACAACTTGGGTGACTGGTAAAAAGAATGAGTAACTTGGTGGTGATACACTTAAGTTCACAATATTATTGCCTGTAAATTTCCTGTGAATACACAATCAAC,c2dcad05ba9da9f7b6af4d5138390611ca4844f474c6de28ed9c9c9e2d2067c0,0.14534173707198,CTCAGCTCACACTGAGGATTCTTGTAACTATAATGAAAAATCCTTGATAGATTATTTAATCTATTTAAGTATTGGTTTTCTAATACAAAATCAGAATTGTACAACTTGGGTGACTGGTAAAAAGAATGAGTAACTTGGTGGTGATACACTTAAGTTCACAATATTATTGCCTGTAAATTTCCTGTGAATACACAATCAAC,353b6ed06facb47b5b03ce4a3e7a37cfb46d76fa4494f24052d04d5b40c6466f,0.147842596157927,0.225319956691482,0.356985404881145,-272.9956967830658,-272.3451374620199,-266.36871157586575,-264.54094587266445,-1.1772063821554184,1.0,0.225319956691482,0.0,4,0.17474028336373082,0.17620727786206916,0.145609630836647,0.1995736416321214,1.0
chr9:130628500:C:T;chr9:130628524:T:A;var1;middle;OL30|K562|3b1076eaca581f88,chr9:130628500:C:T;chr9:130628524:T:A;var1;middle;OL30,K562,K562_region_02203,100,124,24,AGTGGTTTGTGTGCACATGCGTGTGTGTAAAAGTGTGTGTGCATGCGTGTGTGGGAGTGCAAGTGTGTGGATCAGTGTGTATGTGTGAGTGCATGTGTGCGCGCGCTGGCGTGTGTGAGTGTGTGTGTGTGAATCTGGTTTGACAGATGCAGGACCCAGGACCTGGAGCCTGCGGTGTCCCTGCGTGCCCCATCAGTTTT,bee54d0fbae8d8d5256c91fa739071ef9e766a41f1b5c0958cb000a6c5e85ca0,0.0,AGTGGTTTGTGTGCACATGCGTGTGTGTAAAAGTGTGTGTGCATGCGTGTGTGGGAGTGCAAGTGTGTGGATCAGTGTGTATGTGTGAGTGCATGTGTGTGCGCGCTGGCGTGTGTGAGTGTGTGTGTGTGAATCTGGTTTGACAGATGCAGGACCCAGGACCTGGAGCCTGCGGTGTCCCTGCGTGCCCCATCAGTTTT,dfb94d84d42078dd3cfca49e1c4017200dc58947e978b45a811781c3e73e49e7,-0.100260776361202,AGTGGTTTGTGTGCACATGCGTGTGTGTAAAAGTGTGTGTGCATGCGTGTGTGGGAGTGCAAGTGTGTGGATCAGTGTGTATGTGTGAGTGCATGTGTGCGCGCGCTGGCGTGTGTGAGTGTGAGTGTGTGAATCTGGTTTGACAGATGCAGGACCCAGGACCTGGAGCCTGCGGTGTCCCTGCGTGCCCCATCAGTTTT,e2211b7b60bde6a04a4463caa7ef779ea391d8568e9920f188b2cc124539a8fb,-0.0745128455512865,AGTGGTTTGTGTGCACATGCGTGTGTGTAAAAGTGTGTGTGCATGCGTGTGTGGGAGTGCAAGTGTGTGGATCAGTGTGTATGTGTGAGTGCATGTGTGTGCGCGCTGGCGTGTGTGAGTGTGAGTGTGTGAATCTGGTTTGACAGATGCAGGACCCAGGACCTGGAGCCTGCGGTGTCCCTGCGTGCCCCATCAGTTTT,3b1076eaca581f88d76802efa7e36011c75120aedfeceebcd55499ecec3ee940,-0.0953492386620339,0.0794243832504545,0.120962916618548,-194.97121170163155,-195.2417561262846,-197.5670967325568,-197.7139861509204,0.12365500628948212,-1.0,-0.0794243832504545,0.0,4,0.17635258569196988,0.17620727786206916,0.145609630836647,0.006056424718756392,1.0
chr9:130733706:C:T;chr9:130733762:G:A;var1;middle;OL41|K562|6ed8019e98764552,chr9:130733706:C:T;chr9:130733762:G:A;var1;middle;OL41,K562,K562_region_02204,100,156,56,GCTTGGAGTCAGGCCCCAGCCCCCTCCTCCTTTCCATTCTGCTTGCTATGAGCATCCCTGCCCCATGCAGAGGAGCCCACCCCACCCAAACCATTGATGCCCCCAGCTGCCTCTCAATTGCAGCCTCTGAGCCCGTGGAGGCACCCAGCTGTCCCGTATGCAAGTGAGGGCTGCTCCTGACACAGACTGACACCTCGGGC,d214f252f24b807f395507ab211f63291bcb639a15a8a20d3d5db6e722190fcd,0.0,GCTTGGAGTCAGGCCCCAGCCCCCTCCTCCTTTCCATTCTGCTTGCTATGAGCATCCCTGCCCCATGCAGAGGAGCCCACCCCACCCAAACCATTGATGTCCCCAGCTGCCTCTCAATTGCAGCCTCTGAGCCCGTGGAGGCACCCAGCTGTCCCGTATGCAAGTGAGGGCTGCTCCTGACACAGACTGACACCTCGGGC,bdaa70b264a815c303689e9ce31ce9acfa4a6cb6f6b3b0ec3cbfe2b27d158588,0.282652429880152,GCTTGGAGTCAGGCCCCAGCCCCCTCCTCCTTTCCATTCTGCTTGCTATGAGCATCCCTGCCCCATGCAGAGGAGCCCACCCCACCCAAACCATTGATGCCCCCAGCTGCCTCTCAATTGCAGCCTCTGAGCCCGTGGAGGCACCCAGCTGTCCCATATGCAAGTGAGGGCTGCTCCTGACACAGACTGACACCTCGGGC,34a4233a40ecac8ab32568e09086e4d1ee2c18c6b447b5b340b903f4b4bc06ea,0.944891859722078,GCTTGGAGTCAGGCCCCAGCCCCCTCCTCCTTTCCATTCTGCTTGCTATGAGCATCCCTGCCCCATGCAGAGGAGCCCACCCCACCCAAACCATTGATGTCCCCAGCTGCCTCTCAATTGCAGCCTCTGAGCCCGTGGAGGCACCCAGCTGTCCCATATGCAAGTGAGGGCTGCTCCTGACACAGACTGACACCTCGGGC,6ed8019e9876455281b06a4970d7ca0eb25337cf72a0f4fbe8b9de0c486ffe95,0.203177644731985,1.0243666448702449,0.518458570221825,-296.4051992157474,-287.9032127908431,-299.44282976561226,-297.2471914428752,6.306348102167249,1.0,1.0243666448702449,0.0,2,0.1843770210865293,0.17490732828716207,0.146091925319964,0.2784137544495984,1.0
chr9:130908044:G:A;chr9:130908109:G:C;var1;middle;OL41|K562|8788a3e17af142d9,chr9:130908044:G:A;chr9:130908109:G:C;var1;middle;OL41,K562,K562_region_02205,100,165,65,CTGGGCCTCCTGGGGGCATCTTGACTGTAGACTCCTTCCAGGTGTGGTACCTGGCTCCTAGAAGCCTAGCCAGTCACCTCCTGCCCAGCCTTCAAACACGTCAGAGGGTTAACCATTCATGGCCACGCTGAACACTACTCACAAGATCCGGAAACCAGAATGGGGAGTCAGACTGGATTCCTGAGATGTAAGGACCGCCA,023fd4c94e4fbd6cf5b67c51653ea8eb0d449b5bc386cc5e7bf2e9d7976dbf88,0.0,CTGGGCCTCCTGGGGGCATCTTGACTGTAGACTCCTTCCAGGTGTGGTACCTGGCTCCTAGAAGCCTAGCCAGTCACCTCCTGCCCAGCCTTCAAACACATCAGAGGGTTAACCATTCATGGCCACGCTGAACACTACTCACAAGATCCGGAAACCAGAATGGGGAGTCAGACTGGATTCCTGAGATGTAAGGACCGCCA,c1516feaeb9856caf39366dd7f4fb250ccd2dd2cd9e283e55881b47ba1abdc6b,-0.446814700843332,CTGGGCCTCCTGGGGGCATCTTGACTGTAGACTCCTTCCAGGTGTGGTACCTGGCTCCTAGAAGCCTAGCCAGTCACCTCCTGCCCAGCCTTCAAACACGTCAGAGGGTTAACCATTCATGGCCACGCTGAACACTACTCACAAGATCCGGAAACCAGAATGGGCAGTCAGACTGGATTCCTGAGATGTAAGGACCGCCA,0e3884656d9c7e6f44c41b2bada0006486be63bf1055ca6b74ce9c986026ae2e,0.0430672207682124,CTGGGCCTCCTGGGGGCATCTTGACTGTAGACTCCTTCCAGGTGTGGTACCTGGCTCCTAGAAGCCTAGCCAGTCACCTCCTGCCCAGCCTTCAAACACATCAGAGGGTTAACCATTCATGGCCACGCTGAACACTACTCACAAGATCCGGAAACCAGAATGGGCAGTCAGACTGGATTCCTGAGATGTAAGGACCGCCA,8788a3e17af142d9834585664c0c9e4568cbc918a7066c72a13c77240c4e0c02,-0.639591879956394,0.2358443998812743,0.444176974847295,-268.81628972664475,-265.9686053618789,-271.74188442900777,-273.5483321584761,4.654132094234228,1.0,0.2358443998812743,0.0,2,0.18197126099431055,0.17490732828716207,0.146091925319964,0.232807911898211,1.0
chr9:130965235:G:A;chr9:130965264:C:T;var1;middle;OL41|K562|dd17f8f688e1bc21,chr9:130965235:G:A;chr9:130965264:C:T;var1;middle;OL41,K562,K562_region_02206,100,129,29,CAGGGCCTGGCTTCTAGCAGGTACCTAGTAAATATTTGTTGAATTCATGTTCCAACTTTCTCCTTCTAGAAACAAGGAAACTGAGGACCAAAGGCAGAAGAGGACATGTTGGAGATCAGAGTCAGGATCTAGGGATAGAAGCCAGCGAGATGAAGGGGAACTCATCTCGGAGTTCTGACCTCTGAGGTCAGGAGGCTGTG,27f8e9966788f9b96d6636449296a70a16099bfc4607aa31376a3c01b9e35a94,0.0,CAGGGCCTGGCTTCTAGCAGGTACCTAGTAAATATTTGTTGAATTCATGTTCCAACTTTCTCCTTCTAGAAACAAGGAAACTGAGGACCAAAGGCAGAAAAGGACATGTTGGAGATCAGAGTCAGGATCTAGGGATAGAAGCCAGCGAGATGAAGGGGAACTCATCTCGGAGTTCTGACCTCTGAGGTCAGGAGGCTGTG,3d7a7b321c97037b354514a82345618aadd2a883a6ba5ae8421da863679150c4,-0.304634806287913,CAGGGCCTGGCTTCTAGCAGGTACCTAGTAAATATTTGTTGAATTCATGTTCCAACTTTCTCCTTCTAGAAACAAGGAAACTGAGGACCAAAGGCAGAAGAGGACATGTTGGAGATCAGAGTCAGGATTTAGGGATAGAAGCCAGCGAGATGAAGGGGAACTCATCTCGGAGTTCTGACCTCTGAGGTCAGGAGGCTGTG,8840d72589853fad861f683f5f85fecd265fbd8c3444dac7130fb631186c32c3,-0.209683075126996,CAGGGCCTGGCTTCTAGCAGGTACCTAGTAAATATTTGTTGAATTCATGTTCCAACTTTCTCCTTCTAGAAACAAGGAAACTGAGGACCAAAGGCAGAAAAGGACATGTTGGAGATCAGAGTCAGGATTTAGGGATAGAAGCCAGCGAGATGAAGGGGAACTCATCTCGGAGTTCTGACCTCTGAGGTCAGGAGGCTGTG,dd17f8f688e1bc2150740668dc4d3e308d0413bb0501b45daf4b2815a553c971,-0.382821487042989,-0.1314963943719199,0.298060044366671,-262.2982635726221,-259.4672029931098,-262.0088627329096,-260.6829306706786,1.505128517281264,1.0,-0.1314963943719199,0.0,3,0.18450460362996238,0.18106719778262317,0.1474303780702046,0.21553912377711712,1.0
chr9:131564695:G:C;chr9:131564750:C:G;var1;middle;OL41|K562|44f9071956294642,chr9:131564695:G:C;chr9:131564750:C:G;var1;middle;OL41,K562,K562_region_02207,100,155,55,CAAAGTGCTGGGATTACAGGTATGAACCACCGTGCCCGGCCCTAAAGTTTTTGTTTTAAATTGAAATGTAACTTACGTGCAATTACGTGTACAATTAGAGAATGTTTTTCTTGTGTGTGTACCTGTGTAAGTGCCAGTCAGTCAAGATACAGAACATGTCCACATCCAGAAAGTTCCTGCATGCCCCTTCCTAGTTAGTA,3b422a0ddd41917e50a272de9980f9b85b84da44094b1ba13aba696e7500d067,0.0,CAAAGTGCTGGGATTACAGGTATGAACCACCGTGCCCGGCCCTAAAGTTTTTGTTTTAAATTGAAATGTAACTTACGTGCAATTACGTGTACAATTAGACAATGTTTTTCTTGTGTGTGTACCTGTGTAAGTGCCAGTCAGTCAAGATACAGAACATGTCCACATCCAGAAAGTTCCTGCATGCCCCTTCCTAGTTAGTA,184bb28f9267d786b54f4b63829f2a415fa553b2864f96ecf8d629ee77337a73,-0.0520389292405445,CAAAGTGCTGGGATTACAGGTATGAACCACCGTGCCCGGCCCTAAAGTTTTTGTTTTAAATTGAAATGTAACTTACGTGCAATTACGTGTACAATTAGAGAATGTTTTTCTTGTGTGTGTACCTGTGTAAGTGCCAGTCAGTCAAGATACAGAAGATGTCCACATCCAGAAAGTTCCTGCATGCCCCTTCCTAGTTAGTA,e51a25d570958d08591930e3995c5e43b6262b613136014cc99106d6a642beb6,-0.0349751725319274,CAAAGTGCTGGGATTACAGGTATGAACCACCGTGCCCGGCCCTAAAGTTTTTGTTTTAAATTGAAATGTAACTTACGTGCAATTACGTGTACAATTAGACAATGTTTTTCTTGTGTGTGTACCTGTGTAAGTGCCAGTCAGTCAAGATACAGAAGATGTCCACATCCAGAAAGTTCCTGCATGCCCCTTCCTAGTTAGTA,44f9071956294642ede6bbe6af2925037174b99c1a31f46d03619e7ba106bbc6,1.15476903352713,1.2417831352996018,0.28934320651976,-251.3437973242253,-246.2603561538272,-243.907921420876,-239.3590845069848,-0.5346042565068956,-1.0,-1.2417831352996018,0.0,2,0.17441604134886335,0.17490732828716207,0.146091925319964,0.05289214384936759,1.0
chr9:131588813:C:G;chr9:131588888:G:C;var1;middle;OL41|K562|c112cceb5c47d632,chr9:131588813:C:G;chr9:131588888:G:C;var1;middle;OL41,K562,K562_region_02208,100,175,75,TAGGAAAGAATGCTGACCTCAGGATGTTCCCAGGGGAAGCCGCCTCCTACCTGGTCTCCACTTTGACACACCCCTCCCTCATGCTTAGGGGAGTGACCCCCTTACTGTGGACACTCCAGGTACTGCAGGATCCGGGCCAGCTGTACGCACGCCTGCCCCTTCTTCCCAACTCCTGTGAATTCCCCCTCCACAGTCCTGGA,422c931ca11af6acbe81dd8943bb3c685044e19c339a093389c8a46c01a01424,0.0,TAGGAAAGAATGCTGACCTCAGGATGTTCCCAGGGGAAGCCGCCTCCTACCTGGTCTCCACTTTGACACACCCCTCCCTCATGCTTAGGGGAGTGACCCGCTTACTGTGGACACTCCAGGTACTGCAGGATCCGGGCCAGCTGTACGCACGCCTGCCCCTTCTTCCCAACTCCTGTGAATTCCCCCTCCACAGTCCTGGA,c6c01883a6104fd0e156315d6567678d08124e999241b73d32c2f87f7f67c100,1.27507916024018,TAGGAAAGAATGCTGACCTCAGGATGTTCCCAGGGGAAGCCGCCTCCTACCTGGTCTCCACTTTGACACACCCCTCCCTCATGCTTAGGGGAGTGACCCCCTTACTGTGGACACTCCAGGTACTGCAGGATCCGGGCCAGCTGTACGCACGCCTGCCCCTTCTTCCCAACTCCTCTGAATTCCCCCTCCACAGTCCTGGA,e56e684823913f0da6c46d7917985461d8f353d9bef6072e65a34a5b367904c1,0.0397267246174055,TAGGAAAGAATGCTGACCTCAGGATGTTCCCAGGGGAAGCCGCCTCCTACCTGGTCTCCACTTTGACACACCCCTCCCTCATGCTTAGGGGAGTGACCCGCTTACTGTGGACACTCCAGGTACTGCAGGATCCGGGCCAGCTGTACGCACGCCTGCCCCTTCTTCCCAACTCCTCTGAATTCCCCCTCCACAGTCCTGGA,c112cceb5c47d632476e50c9ea98eb98922dab630044f392822f12bc234e635e,0.967935736204738,0.3468701486528476,0.293485533780603,-312.14440659666434,-317.8583935080096,-312.8452060255222,-317.3561338316649,-1.2030591052025557,1.0,0.3468701486528476,0.0,2,0.17344271704337258,0.17490732828716207,0.146091925319964,0.2952896548395128,1.0
chr9:132045333:A:G;chr9:132045384:C:T;var1;middle;OL41|K562|0a239f6da3097a60,chr9:132045333:A:G;chr9:132045384:C:T;var1;middle;OL41,K562,K562_region_02209,100,151,51,CAGAACACACAGAAGCTGGGCCCACCCCTGCCCTCCCCACAAAGGGTCACGGGAGCCACCGCCTGACTTTGAAGCCCACTGACTTGCGGCTGACAAGAGAAAAGGTATTTGGAATTAAGTGAAGGGCGGGAGGCAGGGGCGGGCTAGGCCCTGGGGTCACATAGCTGCAGGCACCTTGACTGCAGCTGCCGTTGGCCCCA,c1b336c931c140b2ab5edeff5c4597968fb73673e6f3f9178d1286aac9d44e4b,0.0,CAGAACACACAGAAGCTGGGCCCACCCCTGCCCTCCCCACAAAGGGTCACGGGAGCCACCGCCTGACTTTGAAGCCCACTGACTTGCGGCTGACAAGAGGAAAGGTATTTGGAATTAAGTGAAGGGCGGGAGGCAGGGGCGGGCTAGGCCCTGGGGTCACATAGCTGCAGGCACCTTGACTGCAGCTGCCGTTGGCCCCA,a1cf454c8ed1e3a01025ee6f0138aad4c08243e329e6dff0fa3877ce57fde69e,0.0930297432669744,CAGAACACACAGAAGCTGGGCCCACCCCTGCCCTCCCCACAAAGGGTCACGGGAGCCACCGCCTGACTTTGAAGCCCACTGACTTGCGGCTGACAAGAGAAAAGGTATTTGGAATTAAGTGAAGGGCGGGAGGCAGGGGCGGGCTAGGCCTTGGGGTCACATAGCTGCAGGCACCTTGACTGCAGCTGCCGTTGGCCCCA,d853595e265f3eaf6b3c667cc3a67765ab8060a0cc22d8e595f15af3594f0fc9,0.0364228380347835,CAGAACACACAGAAGCTGGGCCCACCCCTGCCCTCCCCACAAAGGGTCACGGGAGCCACCGCCTGACTTTGAAGCCCACTGACTTGCGGCTGACAAGAGGAAAGGTATTTGGAATTAAGTGAAGGGCGGGAGGCAGGGGCGGGCTAGGCCTTGGGGTCACATAGCTGCAGGCACCTTGACTGCAGCTGCCGTTGGCCCCA,0a239f6da3097a6071cd4bec188cdbbaab76ccadf89ce7e1bf16177f873b348b,0.0852821955241785,0.0441703857775794,0.253739465914332,-266.9180756229907,-265.5440891990438,-268.4288780121133,-269.41035893559456,2.3554673474282026,1.0,0.0441703857775794,0.0,2,0.17862421927173677,0.17490732828716207,0.146091925319964,0.22404352980067746,1.0
chr9:132253919:G:A;chr9:132253981:C:G;var1;middle;OL41|K562|6edb5d94a38e81ca,chr9:132253919:G:A;chr9:132253981:C:G;var1;middle;OL41,K562,K562_region_02210,100,162,62,CGGACTAAGGATGGGGCATTTTACCCCATATGCAGAGATGAGAAACAGAGGCCCAAGGAGGGAAGGGACTGAACACAGGGTGGAACAGCCCTGGGCTGCGCCTGTGTTTCCATCCGCCTTCCTCCTGCCTGTGCTCGAGTCACGTGCTGGTGTGCAGGGAACAGGAAGACAGCCGCTGCCCTCACAGGCTCAGGGTCTAG,273b8c4f11979ed3df33acfe680dea790faeba60c59bf37aeffba0083df3dbc9,0.0,CGGACTAAGGATGGGGCATTTTACCCCATATGCAGAGATGAGAAACAGAGGCCCAAGGAGGGAAGGGACTGAACACAGGGTGGAACAGCCCTGGGCTGCACCTGTGTTTCCATCCGCCTTCCTCCTGCCTGTGCTCGAGTCACGTGCTGGTGTGCAGGGAACAGGAAGACAGCCGCTGCCCTCACAGGCTCAGGGTCTAG,6e42ab1310ea427a84467a2cc016d9866441a51bbeee5ae27d8f5e63f217c578,-0.979306557975777,CGGACTAAGGATGGGGCATTTTACCCCATATGCAGAGATGAGAAACAGAGGCCCAAGGAGGGAAGGGACTGAACACAGGGTGGAACAGCCCTGGGCTGCGCCTGTGTTTCCATCCGCCTTCCTCCTGCCTGTGCTCGAGTCACGTGCTGGTGTGCAGGGAAGAGGAAGACAGCCGCTGCCCTCACAGGCTCAGGGTCTAG,628bf2a79da158cda628f8e1395bfa928042b314f435b0de7da56e23bde03496,-0.592577974477337,CGGACTAAGGATGGGGCATTTTACCCCATATGCAGAGATGAGAAACAGAGGCCCAAGGAGGGAAGGGACTGAACACAGGGTGGAACAGCCCTGGGCTGCACCTGTGTTTCCATCCGCCTTCCTCCTGCCTGTGCTCGAGTCACGTGCTGGTGTGCAGGGAAGAGGAAGACAGCCGCTGCCCTCACAGGCTCAGGGTCTAG,6edb5d94a38e81cad6189be78af811f020eb34aba824b46fad30c78ab8b1cb7d,-1.5990669353445,0.027182402891386,0.185775757181172,-247.45016223751009,-242.4032739279792,-247.6518258303404,-241.86270979978144,-0.7422277210280868,1.0,0.027182402891386,0.0,0,0.18482274540128737,0.18565657667894103,0.15145376406925343,0.347073706805364,1.0
chr9:133050928:T:C;chr9:133050954:T:C;var1;middle;OL30|K562|df6bcdc0a3c4276d,chr9:133050928:T:C;chr9:133050954:T:C;var1;middle;OL30,K562,K562_region_02211,100,126,26,CTGGGAGAACTCCCCAGAAGTTGCAAAAGGCTCCAAACTATGCGTGTGTCATTAATCCTTTTACCTCTTCAGAGTGCATCCAGTGCAGCCCAAGAGGCGTCATGCATTCTCTTCCCCTTGTTTGCTGAGCTCCTGCCCCGGGCCAGGTGCAGCTCTGAGTGCTGGTGCAGAGTTGGCCATCAGTCACAGCTAGGGCTTAC,1830601c202e3f810e20ef1f6f9fc5b05cd5becb28130943457fa79d44925307,0.0,CTGGGAGAACTCCCCAGAAGTTGCAAAAGGCTCCAAACTATGCGTGTGTCATTAATCCTTTTACCTCTTCAGAGTGCATCCAGTGCAGCCCAAGAGGCGCCATGCATTCTCTTCCCCTTGTTTGCTGAGCTCCTGCCCCGGGCCAGGTGCAGCTCTGAGTGCTGGTGCAGAGTTGGCCATCAGTCACAGCTAGGGCTTAC,6a16ecf25450fac956c8db37149b0c919624565eea83bfe81d5936b7de25c9b5,0.0200812421819897,CTGGGAGAACTCCCCAGAAGTTGCAAAAGGCTCCAAACTATGCGTGTGTCATTAATCCTTTTACCTCTTCAGAGTGCATCCAGTGCAGCCCAAGAGGCGTCATGCATTCTCTTCCCCTTGTTTGCCGAGCTCCTGCCCCGGGCCAGGTGCAGCTCTGAGTGCTGGTGCAGAGTTGGCCATCAGTCACAGCTAGGGCTTAC,55d70fa638fa452d72b416a9601995c0be24d65d6d50346c851c4375825aa14f,-0.274564471129856,CTGGGAGAACTCCCCAGAAGTTGCAAAAGGCTCCAAACTATGCGTGTGTCATTAATCCTTTTACCTCTTCAGAGTGCATCCAGTGCAGCCCAAGAGGCGCCATGCATTCTCTTCCCCTTGTTTGCCGAGCTCCTGCCCCGGGCCAGGTGCAGCTCTGAGTGCTGGTGCAGAGTTGGCCATCAGTCACAGCTAGGGCTTAC,df6bcdc0a3c4276d7e42a258f7e9381b89efc6498cb4fe29ee65b29511c14bc0,-0.203819162044085,0.0506640669037812,0.243422008721237,-309.0903250062838,-302.8322993386537,-321.2971010748297,-314.5172449052334,0.5218305019661784,-1.0,-0.0506640669037812,0.0,0,0.1864462871239912,0.18565657667894103,0.15145376406925343,-0.0026363287960483595,1.0
chr9:133887895:G:A;chr9:133887901:C:T;var1;middle;OL41|K562|bc43f3d0218d92ef,chr9:133887895:G:A;chr9:133887901:C:T;var1;middle;OL41,K562,K562_region_02212,100,106,6,GTCGGAGCCATGGCAGTCCCTGTGTGTGACCAGCGTGGCTGCTGAGACAGCTCAGGGCTGAGGCTCCCTTGCGGGGATTGAGAAATGCTCGTCCCGGCCGCCCTGCCTCCTCAAAGACATCCTGACGCTGGTCTCTGTTTACGCACAAGGGGCGCCGGGGGCCCAGCGCAGCCCCAGATTTGGCCTCTTTTTGGTTTCCT,4182ca31eea261edcfd6ffd7f275c2d9d9b23a246767ed1cf32a1e12b5eb820d,0.0,GTCGGAGCCATGGCAGTCCCTGTGTGTGACCAGCGTGGCTGCTGAGACAGCTCAGGGCTGAGGCTCCCTTGCGGGGATTGAGAAATGCTCGTCCCGGCCACCCTGCCTCCTCAAAGACATCCTGACGCTGGTCTCTGTTTACGCACAAGGGGCGCCGGGGGCCCAGCGCAGCCCCAGATTTGGCCTCTTTTTGGTTTCCT,d0fee488d2cbf43031915cc49030370f9f62ebfe432ee0c0df91d6c64ade3ea9,-0.0873527088069906,GTCGGAGCCATGGCAGTCCCTGTGTGTGACCAGCGTGGCTGCTGAGACAGCTCAGGGCTGAGGCTCCCTTGCGGGGATTGAGAAATGCTCGTCCCGGCCGCCCTGTCTCCTCAAAGACATCCTGACGCTGGTCTCTGTTTACGCACAAGGGGCGCCGGGGGCCCAGCGCAGCCCCAGATTTGGCCTCTTTTTGGTTTCCT,71a29b1264eb9706534ed05c12d42cb362538c543495880e9d42af051a8dd9fc,0.329816057708848,GTCGGAGCCATGGCAGTCCCTGTGTGTGACCAGCGTGGCTGCTGAGACAGCTCAGGGCTGAGGCTCCCTTGCGGGGATTGAGAAATGCTCGTCCCGGCCACCCTGTCTCCTCAAAGACATCCTGACGCTGGTCTCTGTTTACGCACAAGGGGCGCCGGGGGCCCAGCGCAGCCCCAGATTTGGCCTCTTTTTGGTTTCCT,bc43f3d0218d92ef9ea108829107d117a2d0bf137935dd10fdf6387baababf1c,0.238785334739887,-0.0036780141619703,0.326833671300235,-290.4775794148445,-292.7740011075512,-290.3653358425945,-292.0591140650213,0.6026434702798724,-1.0,0.0036780141619703,0.0,2,0.17607196598761135,0.17490732828716207,0.146091925319964,0.02728968693800332,1.0
chr9:135860412:G:A;chr9:135860415:C:T;var1;middle;OL31|K562|99047bdfd54faf81,chr9:135860412:G:A;chr9:135860415:C:T;var1;middle;OL31,K562,K562_region_02213,100,103,3,CTAATCTCCCACCTCCCACCCTGCTCCTGGGCCAAGGCCTTATCACCCAGGCCCTCACTGCTGTTCTGAAGCAGCTGTGATCCCTCTCCCGCCTTCTCCGGACCCTATCACCCCTGCAGCCTTGCATGGCGGCTGGCCCAAGGGGTGGGGGGGTGGGACTCCTCTGACGCCTCAGGCATGGGCCTGGTGTCGGCCTGGGT,c034d439994270f423dc720f671e90e0f0e3dd6064256dfca6681606a1ca7d54,0.0,CTAATCTCCCACCTCCCACCCTGCTCCTGGGCCAAGGCCTTATCACCCAGGCCCTCACTGCTGTTCTGAAGCAGCTGTGATCCCTCTCCCGCCTTCTCCAGACCCTATCACCCCTGCAGCCTTGCATGGCGGCTGGCCCAAGGGGTGGGGGGGTGGGACTCCTCTGACGCCTCAGGCATGGGCCTGGTGTCGGCCTGGGT,df001b570b9faaf97a5eca132d46ec6e60e0babbe18debb0f66391d05944eee4,0.437650715805376,CTAATCTCCCACCTCCCACCCTGCTCCTGGGCCAAGGCCTTATCACCCAGGCCCTCACTGCTGTTCTGAAGCAGCTGTGATCCCTCTCCCGCCTTCTCCGGATCCTATCACCCCTGCAGCCTTGCATGGCGGCTGGCCCAAGGGGTGGGGGGGTGGGACTCCTCTGACGCCTCAGGCATGGGCCTGGTGTCGGCCTGGGT,f8684092e2a0f70c34c6f29254ce7b20f6762d0ff243adbb0c8e0d4c5b02f50b,-0.0402092558808429,CTAATCTCCCACCTCCCACCCTGCTCCTGGGCCAAGGCCTTATCACCCAGGCCCTCACTGCTGTTCTGAAGCAGCTGTGATCCCTCTCCCGCCTTCTCCAGATCCTATCACCCCTGCAGCCTTGCATGGCGGCTGGCCCAAGGGGTGGGGGGGTGGGACTCCTCTGACGCCTCAGGCATGGGCCTGGTGTCGGCCTGGGT,99047bdfd54faf8116efcfb29d6146b2443016591ddcd8b4d6f1a825d8a627fc,0.0712347850054697,-0.3262066749190634,0.232216558751478,-243.0605751276016,-238.1818440258503,-243.26993526518345,-239.0151848047972,-0.6239806413650513,-1.0,0.3262066749190634,0.0,1,0.18173029689062223,0.18216460459877223,0.1501433469024087,0.2020049781753244,1.0
chr9:135864436:C:G;chr9:135864513:C:T;var1;middle;OL31|K562|562311faea12fb66,chr9:135864436:C:G;chr9:135864513:C:T;var1;middle;OL31,K562,K562_region_02214,100,177,77,CTCTGTGTACCCAGCCTTGGCCAGAGCTGGGCATGGAAGAGACCATGGGACCCCAGGCCTGTCCCTGTCACCGCAGCCCCCAGTGGCCTCACATGCTGCCCCTGCTCCCAGGTCTTCTCCACCCCTCACGGGCTCGAAGTGCATGTGCGACGCTCCCATAGTGGGACCCGGCCCTTCGCCTGTGACATCTGCGGCAAAAC,1e5976565ae56b305ec7255fc410f6d5ba61b2f1c202749fccb7692aa4325224,0.0,CTCTGTGTACCCAGCCTTGGCCAGAGCTGGGCATGGAAGAGACCATGGGACCCCAGGCCTGTCCCTGTCACCGCAGCCCCCAGTGGCCTCACATGCTGCGCCTGCTCCCAGGTCTTCTCCACCCCTCACGGGCTCGAAGTGCATGTGCGACGCTCCCATAGTGGGACCCGGCCCTTCGCCTGTGACATCTGCGGCAAAAC,fafafbefeeac539b7c8b54c366231930a161c17dc917ed90033e378ad288235e,0.283859184064943,CTCTGTGTACCCAGCCTTGGCCAGAGCTGGGCATGGAAGAGACCATGGGACCCCAGGCCTGTCCCTGTCACCGCAGCCCCCAGTGGCCTCACATGCTGCCCCTGCTCCCAGGTCTTCTCCACCCCTCACGGGCTCGAAGTGCATGTGCGACGCTCCCATAGTGGGACCCGGCCCTTTGCCTGTGACATCTGCGGCAAAAC,2acc6427a47420a119242088764e504c98c8b459060d0460d69003e215a07bb9,-0.0995358310472684,CTCTGTGTACCCAGCCTTGGCCAGAGCTGGGCATGGAAGAGACCATGGGACCCCAGGCCTGTCCCTGTCACCGCAGCCCCCAGTGGCCTCACATGCTGCGCCTGCTCCCAGGTCTTCTCCACCCCTCACGGGCTCGAAGTGCATGTGCGACGCTCCCATAGTGGGACCCGGCCCTTTGCCTGTGACATCTGCGGCAAAAC,562311faea12fb66d033aab5c1fbb97fb1a2099ec88506348098137d2b5b64fa,0.528236892909613,0.3439135398919384,0.420450102573688,-240.83741114797888,-261.2868839365256,-229.6941682107863,-258.12939578230726,-7.985754782974226,-1.0,-0.3439135398919384,0.0,2,0.16356656374325917,0.17490732828716207,0.146091925319964,0.2753820727478869,1.0
chr9:135879138:C:T;chr9:135879209:G:T;var1;middle;OL28|K562|8a9b183f501bf3b8,chr9:135879138:C:T;chr9:135879209:G:T;var1;middle;OL28,K562,K562_region_02215,100,171,71,TTGGCAAGACCCAGGAGAGGAGACGCTGTGGGGGGTCTGGAGGCCCAAGGGGGTTACTAAGCCCAGCCCTGGGGTTAAGGGAAGTCTAATGAGGGAAGTCGACATTTGCAAGACAAAAAGAATTTGATCTGTTGGAAGTGCAGAGGGCTGCCCCAAGCCAAGAAAACAGCGGGGCACAAAGCCCTGGGGGAGACAAGAGG,924ba98515000be5f9d09114b0c06d8450b7318f4db29c03c95bce8d4cdcbc72,0.0,TTGGCAAGACCCAGGAGAGGAGACGCTGTGGGGGGTCTGGAGGCCCAAGGGGGTTACTAAGCCCAGCCCTGGGGTTAAGGGAAGTCTAATGAGGGAAGTTGACATTTGCAAGACAAAAAGAATTTGATCTGTTGGAAGTGCAGAGGGCTGCCCCAAGCCAAGAAAACAGCGGGGCACAAAGCCCTGGGGGAGACAAGAGG,7ed6921bebff69d73b3336a8dc48c8cde0c081c19adea920b44ace7146fd3574,-0.121053523008948,TTGGCAAGACCCAGGAGAGGAGACGCTGTGGGGGGTCTGGAGGCCCAAGGGGGTTACTAAGCCCAGCCCTGGGGTTAAGGGAAGTCTAATGAGGGAAGTCGACATTTGCAAGACAAAAAGAATTTGATCTGTTGGAAGTGCAGAGGGCTGCCCCAAGCCAAGAAAACAGCTGGGCACAAAGCCCTGGGGGAGACAAGAGG,612acbae768f08224c82698cf8147046501066b23c152c9e1e19113bf4173aab,-0.310611013501022,TTGGCAAGACCCAGGAGAGGAGACGCTGTGGGGGGTCTGGAGGCCCAAGGGGGTTACTAAGCCCAGCCCTGGGGTTAAGGGAAGTCTAATGAGGGAAGTTGACATTTGCAAGACAAAAAGAATTTGATCTGTTGGAAGTGCAGAGGGCTGCCCCAAGCCAAGAAAACAGCTGGGCACAAAGCCCTGGGGGAGACAAGAGG,8a9b183f501bf3b8935c935d5d2e8d57c350b63610ebfa678e3e106cc8145b24,-0.336038483375707,-0.0956260531342629,0.266103675946505,-236.0329168215394,-227.74253115057945,-227.00362128019333,-218.14177532494068,-0.5714602842926979,1.0,-0.0956260531342629,0.0,2,0.17436237599253038,0.17490732828716207,0.146091925319964,0.12550207915252592,1.0
chr9:13592687:C:T;chr9:13592698:G:A;var1;middle;OL31|K562|936496668b3c6ebc,chr9:13592687:C:T;chr9:13592698:G:A;var1;middle;OL31,K562,K562_region_02144,100,111,11,TCAAGTATGCTGTTTTGTCCCCTCGGAGACATTTGGCAGTGTCTGGAGACATTTTTGGTCGTCATAACTAGGGAGGTGGTGCTACTGGGATCTACTTGGCAGAGGCCAGGGATACTGCTAAACATTCTATAATGCATAGGACAGTCCCCAAACAAAGAAAGAAACTGCCTAATTGTCAATAGTGTTAAGATTGGAAACTC,1b07fe25f09cf99c4211c05cbff983b4705f64925b2af99fb1fcf56e94379111,0.0,TCAAGTATGCTGTTTTGTCCCCTCGGAGACATTTGGCAGTGTCTGGAGACATTTTTGGTCGTCATAACTAGGGAGGTGGTGCTACTGGGATCTACTTGGTAGAGGCCAGGGATACTGCTAAACATTCTATAATGCATAGGACAGTCCCCAAACAAAGAAAGAAACTGCCTAATTGTCAATAGTGTTAAGATTGGAAACTC,b3faa8cd5a7828e07d1f16a45b6215bf131a120577e147dfd5a926b98cfa6650,0.118511077338682,TCAAGTATGCTGTTTTGTCCCCTCGGAGACATTTGGCAGTGTCTGGAGACATTTTTGGTCGTCATAACTAGGGAGGTGGTGCTACTGGGATCTACTTGGCAGAGGCCAGGAATACTGCTAAACATTCTATAATGCATAGGACAGTCCCCAAACAAAGAAAGAAACTGCCTAATTGTCAATAGTGTTAAGATTGGAAACTC,30be3b9046933fbb5d3b35fa57652796b493b4fd122e7183756966f379826e69,-0.0456301869289575,TCAAGTATGCTGTTTTGTCCCCTCGGAGACATTTGGCAGTGTCTGGAGACATTTTTGGTCGTCATAACTAGGGAGGTGGTGCTACTGGGATCTACTTGGTAGAGGCCAGGAATACTGCTAAACATTCTATAATGCATAGGACAGTCCCCAAACAAAGAAAGAAACTGCCTAATTGTCAATAGTGTTAAGATTGGAAACTC,936496668b3c6ebc2b0371178cc6751c6a9826ef8bb380c0126dd93e3052b47f,0.283647603372663,0.2107667129629384,0.235264593329338,-147.4720667321235,-145.13975041732192,-148.98273623920977,-148.57509301044047,-1.9246730860322714,-1.0,-0.2107667129629384,0.0,3,0.17759634727542303,0.18106719778262317,0.1474303780702046,0.14426959503111564,1.0
chr9:13592687:C:T;chr9:13592701:A:G;var1;middle;OL31|K562|89a32ac33e7e773d,chr9:13592687:C:T;chr9:13592701:A:G;var1;middle;OL31,K562,K562_region_02144,100,114,14,TCAAGTATGCTGTTTTGTCCCCTCGGAGACATTTGGCAGTGTCTGGAGACATTTTTGGTCGTCATAACTAGGGAGGTGGTGCTACTGGGATCTACTTGGCAGAGGCCAGGGATACTGCTAAACATTCTATAATGCATAGGACAGTCCCCAAACAAAGAAAGAAACTGCCTAATTGTCAATAGTGTTAAGATTGGAAACTC,1b07fe25f09cf99c4211c05cbff983b4705f64925b2af99fb1fcf56e94379111,0.0,TCAAGTATGCTGTTTTGTCCCCTCGGAGACATTTGGCAGTGTCTGGAGACATTTTTGGTCGTCATAACTAGGGAGGTGGTGCTACTGGGATCTACTTGGTAGAGGCCAGGGATACTGCTAAACATTCTATAATGCATAGGACAGTCCCCAAACAAAGAAAGAAACTGCCTAATTGTCAATAGTGTTAAGATTGGAAACTC,b3faa8cd5a7828e07d1f16a45b6215bf131a120577e147dfd5a926b98cfa6650,0.1185723859747,TCAAGTATGCTGTTTTGTCCCCTCGGAGACATTTGGCAGTGTCTGGAGACATTTTTGGTCGTCATAACTAGGGAGGTGGTGCTACTGGGATCTACTTGGCAGAGGCCAGGGATGCTGCTAAACATTCTATAATGCATAGGACAGTCCCCAAACAAAGAAAGAAACTGCCTAATTGTCAATAGTGTTAAGATTGGAAACTC,84fc38ef90f7dccf277efca9cbd691b56a74e3fd7826fdfad216ea4d705a9cb4,-0.0387343975251195,TCAAGTATGCTGTTTTGTCCCCTCGGAGACATTTGGCAGTGTCTGGAGACATTTTTGGTCGTCATAACTAGGGAGGTGGTGCTACTGGGATCTACTTGGTAGAGGCCAGGGATGCTGCTAAACATTCTATAATGCATAGGACAGTCCCCAAACAAAGAAAGAAACTGCCTAATTGTCAATAGTGTTAAGATTGGAAACTC,89a32ac33e7e773d7681c5d1ad8e4c90e4316952719b32655e1fa4b4f48e75c0,-0.0144743373653739,-0.0943123258149544,0.240763175835654,-147.4720667321235,-145.13975041732192,-144.97380713187158,-142.72759368643165,-0.08610286936163902,-1.0,0.0943123258149544,0.0,3,0.18129956858429144,0.18106719778262317,0.1474303780702046,0.09331543896101469,1.0
chr9:13592698:G:A;chr9:13592701:A:G;var1;middle;OL31|K562|7c308e785350f086,chr9:13592698:G:A;chr9:13592701:A:G;var1;middle;OL31,K562,K562_region_02144,100,103,3,GTTTTGTCCCCTCGGAGACATTTGGCAGTGTCTGGAGACATTTTTGGTCGTCATAACTAGGGAGGTGGTGCTACTGGGATCTACTTGGCAGAGGCCAGGGATACTGCTAAACATTCTATAATGCATAGGACAGTCCCCAAACAAAGAAAGAAACTGCCTAATTGTCAATAGTGTTAAGATTGGAAACTCTGCCTTAAAGG,519489303b21b9cd0a303e393160b72378a4763877e19bec563be2b1a8a3cf90,0.0,GTTTTGTCCCCTCGGAGACATTTGGCAGTGTCTGGAGACATTTTTGGTCGTCATAACTAGGGAGGTGGTGCTACTGGGATCTACTTGGCAGAGGCCAGGAATACTGCTAAACATTCTATAATGCATAGGACAGTCCCCAAACAAAGAAAGAAACTGCCTAATTGTCAATAGTGTTAAGATTGGAAACTCTGCCTTAAAGG,cbedccba4f85819363a9c35bbf06db20702cc92e0d8cdd834b218cfb45ae8d1f,0.167547477749286,GTTTTGTCCCCTCGGAGACATTTGGCAGTGTCTGGAGACATTTTTGGTCGTCATAACTAGGGAGGTGGTGCTACTGGGATCTACTTGGCAGAGGCCAGGGATGCTGCTAAACATTCTATAATGCATAGGACAGTCCCCAAACAAAGAAAGAAACTGCCTAATTGTCAATAGTGTTAAGATTGGAAACTCTGCCTTAAAGG,eb0eae21b3048cd701b8943cb64d055d2f7d5516dc88660fddc354c5fce35124,-0.04322140167879,GTTTTGTCCCCTCGGAGACATTTGGCAGTGTCTGGAGACATTTTTGGTCGTCATAACTAGGGAGGTGGTGCTACTGGGATCTACTTGGCAGAGGCCAGGAATGCTGCTAAACATTCTATAATGCATAGGACAGTCCCCAAACAAAGAAAGAAACTGCCTAATTGTCAATAGTGTTAAGATTGGAAACTCTGCCTTAAAGG,7c308e785350f0860ac1f087b21adbbb01e55a89a5ae93443a05e3a7a1910e8e,0.198395467620254,0.074069391549758,0.23598172268012,-165.75075067207217,-202.748013056349,-151.9727585632354,-189.75498662609607,-0.7849656785838306,-1.0,-0.074069391549758,0.0,3,0.179891929309152,0.18106719778262317,0.1474303780702046,0.03118019343300027,1.0
chr9:136039330:G:A;chr9:136039398:C:G;var1;middle;OL41|K562|f7e2080e003d083b,chr9:136039330:G:A;chr9:136039398:C:G;var1;middle;OL41,K562,K562_region_02216,100,168,68,CGGGCGATCGGCGGCGCAGGTGGAGCCTGGAGCAGGGCAGGCAGCGGGGCCGCGGGCCAGACAGAAAAGAGGAAGACAGACAGGAAAGAGGACAGAAAAGAGAAGCCAGACGGGAAAGAGGGCGCCGCAGCCCCGCCCACCTACCGCAGGCCCCGCCCCTGCGGTCCCAGAGCCCCTTCCCTGCGGCCTGGGAGCAGGAT,8674789b26ffe6418e4b5b6baccfb65958c8c8ddee7301a9660902df073eb2a6,0.0,CGGGCGATCGGCGGCGCAGGTGGAGCCTGGAGCAGGGCAGGCAGCGGGGCCGCGGGCCAGACAGAAAAGAGGAAGACAGACAGGAAAGAGGACAGAAAAAAGAAGCCAGACGGGAAAGAGGGCGCCGCAGCCCCGCCCACCTACCGCAGGCCCCGCCCCTGCGGTCCCAGAGCCCCTTCCCTGCGGCCTGGGAGCAGGAT,f5c01fb30b6878dea437cf765d5e53ed3c8cce93df7d2519ff01a7f5967e9375,0.394668163175418,CGGGCGATCGGCGGCGCAGGTGGAGCCTGGAGCAGGGCAGGCAGCGGGGCCGCGGGCCAGACAGAAAAGAGGAAGACAGACAGGAAAGAGGACAGAAAAGAGAAGCCAGACGGGAAAGAGGGCGCCGCAGCCCCGCCCACCTACCGCAGGCCCCGCCCCTGCGGTCCGAGAGCCCCTTCCCTGCGGCCTGGGAGCAGGAT,8eb532fd65955bedc41a5a18ccf5bac8699d8bd494197c02718def21a855c177,0.487120878105492,CGGGCGATCGGCGGCGCAGGTGGAGCCTGGAGCAGGGCAGGCAGCGGGGCCGCGGGCCAGACAGAAAAGAGGAAGACAGACAGGAAAGAGGACAGAAAAAAGAAGCCAGACGGGAAAGAGGGCGCCGCAGCCCCGCCCACCTACCGCAGGCCCCGCCCCTGCGGTCCGAGAGCCCCTTCCCTGCGGCCTGGGAGCAGGAT,f7e2080e003d083b699c6b4f1ad97b13ded25440caac40529f20377c423e6b56,0.345414566199632,0.536374475081278,0.258356523548139,-225.3734009140171,-231.61757340165784,-233.0372936851345,-239.1564949413296,-0.1249712314456417,1.0,0.536374475081278,0.0,1,0.1822380089595454,0.18216460459877223,0.1501433469024087,0.2954242426622154,1.0
chr9:136127956:A:C;chr9:136128000:G:C;var1;middle;OL41|K562|f10d94fbbea73f85,chr9:136127956:A:C;chr9:136128000:G:C;var1;middle;OL41,K562,K562_region_02217,100,144,44,TGCCCTACCTGCGGGAAGAGTCACTCCAGTCCCTCTGGGCTGGTCCAGGTGCAACCACAGTAGGACACAGGTCAACTCCAGTGAAATGTGGAGGGAGGAAGGGTGTGCCTGCCTGCTCCTTCCCCTCCCTTGCAGGGAGGGGCGGTTGCCCTCAGCAACAGAATGCCCACGTGGGATACTGGAAGCTTCAGCTTACCCCA,b9e0ca65164204b17f5487ff47fe474a3a009e60164179c725abb0db7a0e2ee7,0.0,TGCCCTACCTGCGGGAAGAGTCACTCCAGTCCCTCTGGGCTGGTCCAGGTGCAACCACAGTAGGACACAGGTCAACTCCAGTGAAATGTGGAGGGAGGACGGGTGTGCCTGCCTGCTCCTTCCCCTCCCTTGCAGGGAGGGGCGGTTGCCCTCAGCAACAGAATGCCCACGTGGGATACTGGAAGCTTCAGCTTACCCCA,6522f08b7428344ad3a6a9fc0ae248fc3b084b431de879f58d85e766c35862e5,-0.696680452070131,TGCCCTACCTGCGGGAAGAGTCACTCCAGTCCCTCTGGGCTGGTCCAGGTGCAACCACAGTAGGACACAGGTCAACTCCAGTGAAATGTGGAGGGAGGAAGGGTGTGCCTGCCTGCTCCTTCCCCTCCCTTGCAGGGAGGGGCCGTTGCCCTCAGCAACAGAATGCCCACGTGGGATACTGGAAGCTTCAGCTTACCCCA,d19f03fc52fbd358f216293fe36413aa99dbd6e908c03600ee8eace7e912bf78,0.0167768435635513,TGCCCTACCTGCGGGAAGAGTCACTCCAGTCCCTCTGGGCTGGTCCAGGTGCAACCACAGTAGGACACAGGTCAACTCCAGTGAAATGTGGAGGGAGGACGGGTGTGCCTGCCTGCTCCTTCCCCTCCCTTGCAGGGAGGGGCCGTTGCCCTCAGCAACAGAATGCCCACGTGGGATACTGGAAGCTTCAGCTTACCCCA,f10d94fbbea73f85236dd523b5c8e77c66a6add6d022fdeb1e3f0c96a0b9a69b,-0.471546642251632,0.2083569662549477,0.230190289871275,-386.6329875891097,-394.1793242110871,-388.7778678800678,-386.5046165725216,9.81958792952355,-1.0,-0.2083569662549477,0.0,4,0.18836983469746763,0.17620727786206916,0.145609630836647,0.25220281827943153,1.0
chr9:136131415:C:T;chr9:136131461:G:A;var1;middle;OL41|K562|4e8451fabdbd711f,chr9:136131415:C:T;chr9:136131461:G:A;var1;middle;OL41,K562,K562_region_02218,100,146,46,CCCCCAGGTAGTAGAAATCGCCCTCGTCCTTGGGGATGTAGGCCTGGGACTGGGGCCGGCGCTCGTAGGTGAAGGCCTCCCGGCTGCTTCCGTAGAAGCCGGGGTGCAGGGTGCCGAACAGCGGAGTCAGGATCTCCACGCCCACGTGGTCGCGGAACTCCATGTCCACGTCCACGCACACCAGGTAATCCACCTCGCTG,e152fec5d098df9fe8eb36eff5e9ab513a6868d2d1612234e4801ffad3615865,0.0,CCCCCAGGTAGTAGAAATCGCCCTCGTCCTTGGGGATGTAGGCCTGGGACTGGGGCCGGCGCTCGTAGGTGAAGGCCTCCCGGCTGCTTCCGTAGAAGCTGGGGTGCAGGGTGCCGAACAGCGGAGTCAGGATCTCCACGCCCACGTGGTCGCGGAACTCCATGTCCACGTCCACGCACACCAGGTAATCCACCTCGCTG,43683871bfc69ecd5cba44a4a9db8b37cf0884bc0da5327254402dd6cca11045,-0.226153391184873,CCCCCAGGTAGTAGAAATCGCCCTCGTCCTTGGGGATGTAGGCCTGGGACTGGGGCCGGCGCTCGTAGGTGAAGGCCTCCCGGCTGCTTCCGTAGAAGCCGGGGTGCAGGGTGCCGAACAGCGGAGTCAGGATCTCCACGCCCACATGGTCGCGGAACTCCATGTCCACGTCCACGCACACCAGGTAATCCACCTCGCTG,c1bbc1d830c92e60ba9c54b290c876f3bcf3e462283771c770c32f1c9538571a,-0.286852596620034,CCCCCAGGTAGTAGAAATCGCCCTCGTCCTTGGGGATGTAGGCCTGGGACTGGGGCCGGCGCTCGTAGGTGAAGGCCTCCCGGCTGCTTCCGTAGAAGCTGGGGTGCAGGGTGCCGAACAGCGGAGTCAGGATCTCCACGCCCACATGGTCGCGGAACTCCATGTCCACGTCCACGCACACCAGGTAATCCACCTCGCTG,4e8451fabdbd711fa94682b4d6d622e8a4eadf1d93f48623a081a67975345ae3,-0.0734687999382177,0.4395371878666892,0.260119913745017,-211.7686257194728,-214.7039591129869,-211.05668289028108,-214.43340696394444,-0.441390680149226,-1.0,-0.4395371878666892,0.0,1,0.18191607119693934,0.18216460459877223,0.1501433469024087,0.16394013116427736,1.0
chr9:136137065:A:G;chr9:136137106:G:A;var1;middle;OL28|K562|3f0e0799f547e485,chr9:136137065:A:G;chr9:136137106:G:A;var1;middle;OL28,K562,K562_region_02219,100,141,41,AGGTGGGCAGGAGGGTGGTCCCTGGGATATTGCTCACGTATGGGCACCTGCTGGAGCTCCAGAGCCCCAGCTCCCTCACCCCCCGCCACCAGTGCCTTGATCAGTGCAGTCCCTGAGGCCACGTCAGGGAGTGTTTCCAGGCCGTGTCCAGAGATGCCCCAGTAGAGGTGACAGGTGACTTCACTCTTGGTTCTGGGACC,f661cd49b8dda4a62669d87e2158c916419280d457a54ffaef7896f0a1009670,0.0,AGGTGGGCAGGAGGGTGGTCCCTGGGATATTGCTCACGTATGGGCACCTGCTGGAGCTCCAGAGCCCCAGCTCCCTCACCCCCCGCCACCAGTGCCTTGGTCAGTGCAGTCCCTGAGGCCACGTCAGGGAGTGTTTCCAGGCCGTGTCCAGAGATGCCCCAGTAGAGGTGACAGGTGACTTCACTCTTGGTTCTGGGACC,f935c6ae44f77bbe6a3edfd12db876987da45cd90503d49268eb732f2d39cd9a,0.141929563751842,AGGTGGGCAGGAGGGTGGTCCCTGGGATATTGCTCACGTATGGGCACCTGCTGGAGCTCCAGAGCCCCAGCTCCCTCACCCCCCGCCACCAGTGCCTTGATCAGTGCAGTCCCTGAGGCCACGTCAGGGAGTGTTTCCAGACCGTGTCCAGAGATGCCCCAGTAGAGGTGACAGGTGACTTCACTCTTGGTTCTGGGACC,8ac9dc41613e84d90702e6f15d985afb45265b0f0300c10fdd4334ab8e46f865,0.417572004917891,AGGTGGGCAGGAGGGTGGTCCCTGGGATATTGCTCACGTATGGGCACCTGCTGGAGCTCCAGAGCCCCAGCTCCCTCACCCCCCGCCACCAGTGCCTTGGTCAGTGCAGTCCCTGAGGCCACGTCAGGGAGTGTTTCCAGACCGTGTCCAGAGATGCCCCAGTAGAGGTGACAGGTGACTTCACTCTTGGTTCTGGGACC,3f0e0799f547e485b22203dc2231fa387486cf24d8d7affd0d59711ef5d52a07,0.226683474129293,0.33281809454044,0.17040105987829,-287.69546952692326,-284.91385317681124,-294.6461813132046,-291.79520365106873,-0.06936131202382967,1.0,0.33281809454044,0.0,3,0.18133328918485098,0.18106719778262317,0.1474303780702046,0.11664984093695517,1.0
chr9:136196161:G:C;chr9:136196174:G:A;var1;middle;OL41|K562|c52ecc55042c14c5,chr9:136196161:G:C;chr9:136196174:G:A;var1;middle;OL41,K562,K562_region_02220,100,113,13,GCAGAGCCAGGTGTACAGGATGGAACATGAAGGCGGACTAGGAGCGTGACCACTGAAGCACAGCATCACAGGGAGACGGTTAGGCCTCCAGATAACTGCGGGCAGGCCTGCCGGATGTCAGGCCCTCCACAAGAGGTGGAAGAGCAGAGTCTTCTCTAAACTCCTCCAGGGAAAGGGACACTCCCTTTCCCGGTCTGCTA,c84cbfd54643350006aaede5b13d6688675da292ab808d0c098d9adfce94c19b,0.0,GCAGAGCCAGGTGTACAGGATGGAACATGAAGGCGGACTAGGAGCGTGACCACTGAAGCACAGCATCACAGGGAGACGGTTAGGCCTCCAGATAACTGCCGGCAGGCCTGCCGGATGTCAGGCCCTCCACAAGAGGTGGAAGAGCAGAGTCTTCTCTAAACTCCTCCAGGGAAAGGGACACTCCCTTTCCCGGTCTGCTA,f94304e3c43cb426d2c80c24ca33db6e3b54b470e93719368f2d8d8969905798,0.271239713847064,GCAGAGCCAGGTGTACAGGATGGAACATGAAGGCGGACTAGGAGCGTGACCACTGAAGCACAGCATCACAGGGAGACGGTTAGGCCTCCAGATAACTGCGGGCAGGCCTGCCAGATGTCAGGCCCTCCACAAGAGGTGGAAGAGCAGAGTCTTCTCTAAACTCCTCCAGGGAAAGGGACACTCCCTTTCCCGGTCTGCTA,075cc0e52cc1d1e328b98f47d2860f535813a3395325b761590256fa7077d0c9,-0.785713922075224,GCAGAGCCAGGTGTACAGGATGGAACATGAAGGCGGACTAGGAGCGTGACCACTGAAGCACAGCATCACAGGGAGACGGTTAGGCCTCCAGATAACTGCCGGCAGGCCTGCCAGATGTCAGGCCCTCCACAAGAGGTGGAAGAGCAGAGTCTTCTCTAAACTCCTCCAGGGAAAGGGACACTCCCTTTCCCGGTCTGCTA,c52ecc55042c14c51d766d50203450e87a04816f827d35b00fc8100cf2d6ff01,-0.427370230227508,0.0871039780006519,0.136109291575866,-382.6071494659409,-369.258691299241,-371.1034994935617,-360.35033173672855,-2.5952904098667204,-1.0,-0.0871039780006519,0.0,2,0.1714155156993492,0.17490732828716207,0.146091925319964,0.13625186220365623,1.0
chr9:137268044:T:C;chr9:137268063:A:G;var1;middle;OL29|K562|327c8c7834c11c7b,chr9:137268044:T:C;chr9:137268063:A:G;var1;middle;OL29,K562,K562_region_02221,100,119,19,AAAGTTGGGATCTTCCTTAGGAAGGAAGGCACCCTCCCACCGGCCCCGCTGGTTGGGGCGGAAGAAGGCGGCCCCTCTGCAGGCGCAGCCAGGCCTTCTTGTGGAGGCCCAGAGGGGCACCCTCAGCCGCGGGGCCTGCCCATGCCAGCTGTCGCACCTCGCAGTGCCCAGGGTTGTGGGGGTCTAGGAGCTTCGGTGCC,ddb4ec21b6edd200e055fe63759db986b8ecec09d1d6063487a8f2030db58042,0.0,AAAGTTGGGATCTTCCTTAGGAAGGAAGGCACCCTCCCACCGGCCCCGCTGGTTGGGGCGGAAGAAGGCGGCCCCTCTGCAGGCGCAGCCAGGCCTTCTCGTGGAGGCCCAGAGGGGCACCCTCAGCCGCGGGGCCTGCCCATGCCAGCTGTCGCACCTCGCAGTGCCCAGGGTTGTGGGGGTCTAGGAGCTTCGGTGCC,5634f2ecb5cbae92372a4ecef0894aa6a1c943f4580eb3dafd6ada0899332b3d,0.0352419416290164,AAAGTTGGGATCTTCCTTAGGAAGGAAGGCACCCTCCCACCGGCCCCGCTGGTTGGGGCGGAAGAAGGCGGCCCCTCTGCAGGCGCAGCCAGGCCTTCTTGTGGAGGCCCAGAGGGGCGCCCTCAGCCGCGGGGCCTGCCCATGCCAGCTGTCGCACCTCGCAGTGCCCAGGGTTGTGGGGGTCTAGGAGCTTCGGTGCC,846d8b9a09d206020c6c11eee7f456198f11f027729a04feb62729b787e7d8a9,0.527261970967514,AAAGTTGGGATCTTCCTTAGGAAGGAAGGCACCCTCCCACCGGCCCCGCTGGTTGGGGCGGAAGAAGGCGGCCCCTCTGCAGGCGCAGCCAGGCCTTCTCGTGGAGGCCCAGAGGGGCGCCCTCAGCCGCGGGGCCTGCCCATGCCAGCTGTCGCACCTCGCAGTGCCCAGGGTTGTGGGGGTCTAGGAGCTTCGGTGCC,327c8c7834c11c7b02baa77ab6eafb449efbbdb8e7907efff880a45dc0a35689,0.582332838309861,-0.0198289257133306,0.089769235886048,-320.7337671434507,-325.1714007896371,-318.21504085999914,-323.52867635758594,0.8760018514003605,1.0,-0.0198289257133306,0.0,3,0.1832374258774116,0.18106719778262317,0.1474303780702046,0.18988965967473856,1.0
chr9:138679863:A:G;chr9:138679895:T:C;var1;middle;OL41|K562|2bd8f4123f844a34,chr9:138679863:A:G;chr9:138679895:T:C;var1;middle;OL41,K562,K562_region_02222,100,132,32,CCTGCCCCCAGAGCTTGGCAAGGAAGGAGCAACTGCCTTTCTGGTGACCGACTCGCTTCTGGTGGCCGGCCTCCCGTGCAGCTGCCCCTGCACCCGCCCACTGTGCCGGCCGCCCGCACCTCGCTTGCTGATATTCTCTCTCTCTCTCTTTCTGTCTGTGCCTCTTTCTGTGTGTTCTGTAGAGGACGTAGCAAATTTAA,09654c2fa29c6b8721b3e8c77ee0aabac2d4c1e66b4942dd7bff4dccb2cfc768,0.0,CCTGCCCCCAGAGCTTGGCAAGGAAGGAGCAACTGCCTTTCTGGTGACCGACTCGCTTCTGGTGGCCGGCCTCCCGTGCAGCTGCCCCTGCACCCGCCCGCTGTGCCGGCCGCCCGCACCTCGCTTGCTGATATTCTCTCTCTCTCTCTTTCTGTCTGTGCCTCTTTCTGTGTGTTCTGTAGAGGACGTAGCAAATTTAA,ab19a2d949cf8bf902d11beb12d7488d369e0365c399853aa922a35a9a399e09,-0.363795287661558,CCTGCCCCCAGAGCTTGGCAAGGAAGGAGCAACTGCCTTTCTGGTGACCGACTCGCTTCTGGTGGCCGGCCTCCCGTGCAGCTGCCCCTGCACCCGCCCACTGTGCCGGCCGCCCGCACCTCGCTTGCTGACATTCTCTCTCTCTCTCTTTCTGTCTGTGCCTCTTTCTGTGTGTTCTGTAGAGGACGTAGCAAATTTAA,70b1dbddf13680f1492403c7329805140ecdacb09708822a2472603026062c75,-0.41018207965676,CCTGCCCCCAGAGCTTGGCAAGGAAGGAGCAACTGCCTTTCTGGTGACCGACTCGCTTCTGGTGGCCGGCCTCCCGTGCAGCTGCCCCTGCACCCGCCCGCTGTGCCGGCCGCCCGCACCTCGCTTGCTGACATTCTCTCTCTCTCTCTTTCTGTCTGTGCCTCTTTCTGTGTGTTCTGTAGAGGACGTAGCAAATTTAA,2bd8f4123f844a34f8a217a0ac19293b98fdd6d148617b7594fb75e627c43c3f,-0.490628055090399,-0.283349312227919,0.457798919088947,-275.4166771322489,-272.6999941887334,-284.78879218548536,-280.6469430765137,-1.4251661654561758,1.0,-0.283349312227919,0.0,4,0.17443295920185115,0.17620727786206916,0.145609630836647,0.31027149943774845,1.0
chr9:139239807:G:A;chr9:139239867:G:C;var1;middle;OL41|K562|ba39f984891cc4ca,chr9:139239807:G:A;chr9:139239867:G:C;var1;middle;OL41,K562,K562_region_02223,100,160,60,TGTGACGGTCAGCGTCGGGTGGCCATGGGGCGGTGCTGGGAGAAGTTTCCAAACGTTGCCCTCGCAGGCGGGAGAGACAGGAAGCCAAGCCAGTGGGCCGGGCCTGTCTGGGCAGCTCAGCCAAGGGCGCTGGACTCACACTCAACGCCTCAGCCGACTGTGCAGACAGAGGGTGCATTGAGCCAGGCGCAGCGGGCCTT,aba9135f842a012716959d4a5ffcbfc8ec9d5133c4eb7eb683c5920b6e602853,0.0,TGTGACGGTCAGCGTCGGGTGGCCATGGGGCGGTGCTGGGAGAAGTTTCCAAACGTTGCCCTCGCAGGCGGGAGAGACAGGAAGCCAAGCCAGTGGGCCAGGCCTGTCTGGGCAGCTCAGCCAAGGGCGCTGGACTCACACTCAACGCCTCAGCCGACTGTGCAGACAGAGGGTGCATTGAGCCAGGCGCAGCGGGCCTT,a726e87f9dc024eb10736e29e3e89cdffd37f464057bc74300fb5319fd9e6776,-1.7969770700003,TGTGACGGTCAGCGTCGGGTGGCCATGGGGCGGTGCTGGGAGAAGTTTCCAAACGTTGCCCTCGCAGGCGGGAGAGACAGGAAGCCAAGCCAGTGGGCCGGGCCTGTCTGGGCAGCTCAGCCAAGGGCGCTGGACTCACACTCAACGCCTCAGCCGACTCTGCAGACAGAGGGTGCATTGAGCCAGGCGCAGCGGGCCTT,95cf5e099c9fb0b44fd24dbd83a964cd9477c00e0ec35d19d26c38b713b447dc,-0.144135284159486,TGTGACGGTCAGCGTCGGGTGGCCATGGGGCGGTGCTGGGAGAAGTTTCCAAACGTTGCCCTCGCAGGCGGGAGAGACAGGAAGCCAAGCCAGTGGGCCAGGCCTGTCTGGGCAGCTCAGCCAAGGGCGCTGGACTCACACTCAACGCCTCAGCCGACTCTGCAGACAGAGGGTGCATTGAGCCAGGCGCAGCGGGCCTT,ba39f984891cc4ca9032a92890ab66a543e9ab9740dc870240337c7fb6a60770,-2.09484232479053,0.1537299706307437,0.289409087605459,-314.1764763426036,-314.29124203976244,-310.44775392860174,-311.7058483827859,1.1433287570253583,1.0,0.1537299706307437,0.0,1,0.18352842793434163,0.18216460459877223,0.1501433469024087,-0.011225918831737236,1.0
chr9:139428802:T:C;chr9:139428810:G:C;var1;middle;OL41|K562|f856ecb623282bdc,chr9:139428802:T:C;chr9:139428810:G:C;var1;middle;OL41,K562,K562_region_02224,100,108,8,TGGAAGAGTTTGTTCAGCAAATTGACAGTGTCAACAGAATGTCAAGGGGGCATTTACCCAGCTTTAAACAACCAATTCAAGCCCTTCAGAGATGCACAATGGACTCCGAGGCCAGGGGACTGCGTAGACAGGGTCGACATCTGATGACAAATTCTCATCTGCCAATTAGAGCAAGGTCGGGGCGTGTCACCAACCTCAGT,c02067ea3b2576823540f05c896db3ebcf8bedc52accdf19df7b7c2e84aa1760,0.0,TGGAAGAGTTTGTTCAGCAAATTGACAGTGTCAACAGAATGTCAAGGGGGCATTTACCCAGCTTTAAACAACCAATTCAAGCCCTTCAGAGATGCACAACGGACTCCGAGGCCAGGGGACTGCGTAGACAGGGTCGACATCTGATGACAAATTCTCATCTGCCAATTAGAGCAAGGTCGGGGCGTGTCACCAACCTCAGT,238424e0fc0bdf2fdc4fcc63a5eca74e1c975ab31a6a1411610dbe794f7d3e0c,-0.0871799341530122,TGGAAGAGTTTGTTCAGCAAATTGACAGTGTCAACAGAATGTCAAGGGGGCATTTACCCAGCTTTAAACAACCAATTCAAGCCCTTCAGAGATGCACAATGGACTCCCAGGCCAGGGGACTGCGTAGACAGGGTCGACATCTGATGACAAATTCTCATCTGCCAATTAGAGCAAGGTCGGGGCGTGTCACCAACCTCAGT,0541836b7b3574dfae57a0a01169d6a001a98b7c0eabc8cf2a1211c368526ed6,0.182912727539087,TGGAAGAGTTTGTTCAGCAAATTGACAGTGTCAACAGAATGTCAAGGGGGCATTTACCCAGCTTTAAACAACCAATTCAAGCCCTTCAGAGATGCACAACGGACTCCCAGGCCAGGGGACTGCGTAGACAGGGTCGACATCTGATGACAAATTCTCATCTGCCAATTAGAGCAAGGTCGGGGCGTGTCACCAACCTCAGT,f856ecb623282bdc936b43de11007bd9713236b14d7458dff4c8cb26b8c7573f,0.10753771621581,0.0118049228297352,0.116748638143994,-331.6272203428671,-354.9292710479349,-352.47209718450904,-370.5343086072244,5.239839282352477,-1.0,-0.0118049228297352,0.0,4,0.1826936423896841,0.17620727786206916,0.145609630836647,0.061912208594852636,1.0
chr9:139620267:G:A;chr9:139620333:C:T;var1;middle;OL41|K562|2716d78ef5c187b1,chr9:139620267:G:A;chr9:139620333:C:T;var1;middle;OL41,K562,K562_region_02225,100,166,66,CAGACACATCTCTGGGCAAGGCAGCTCCTGACCCCTACCCAGGGCCCTTCCTTTGTGCACAGGAGTTGCAGCCCCGCCCCCGCCCCCCTGGGATGACTAGTGCTGGACAAGGAACAGCCTGTTTATCCAGCTCGACTGTTCTTAATCAAACTTGCCTAAGGCCTCCCAGACAGACCTACAGAATCGTTTCCAGAACGAGG,123a2e1059b105a72981c3e82bd72a79fd97fdb6d23513c5c833ac4db90becbb,0.0,CAGACACATCTCTGGGCAAGGCAGCTCCTGACCCCTACCCAGGGCCCTTCCTTTGTGCACAGGAGTTGCAGCCCCGCCCCCGCCCCCCTGGGATGACTAATGCTGGACAAGGAACAGCCTGTTTATCCAGCTCGACTGTTCTTAATCAAACTTGCCTAAGGCCTCCCAGACAGACCTACAGAATCGTTTCCAGAACGAGG,215205c7d98da2e15c2d24aed5d484937e148cc9c5f6b156db64156aea667385,1.78509622854175,CAGACACATCTCTGGGCAAGGCAGCTCCTGACCCCTACCCAGGGCCCTTCCTTTGTGCACAGGAGTTGCAGCCCCGCCCCCGCCCCCCTGGGATGACTAGTGCTGGACAAGGAACAGCCTGTTTATCCAGCTCGACTGTTCTTAATCAAACTTGCCTAAGGCCTCTCAGACAGACCTACAGAATCGTTTCCAGAACGAGG,f9d0acc7cbe9fb5ccff8f8340ca64c489658e8165caad83ef081b3c9015266ef,-0.0314779495910039,CAGACACATCTCTGGGCAAGGCAGCTCCTGACCCCTACCCAGGGCCCTTCCTTTGTGCACAGGAGTTGCAGCCCCGCCCCCGCCCCCCTGGGATGACTAATGCTGGACAAGGAACAGCCTGTTTATCCAGCTCGACTGTTCTTAATCAAACTTGCCTAAGGCCTCTCAGACAGACCTACAGAATCGTTTCCAGAACGAGG,2716d78ef5c187b1aeb013ce79d37d1c94942c2ffd26a88d6d81247ece61d896,1.81969519432219,0.0660769153714437,0.202029491712286,-335.0510266725905,-359.4937704601325,-369.9774826471694,-368.0733463345096,26.34688010020176,-1.0,-0.0660769153714437,0.0,4,0.20885394767289098,0.17620727786206916,0.145609630836647,0.33733178551895626,1.0
chr9:139620917:C:T;chr9:139620966:C:T;var1;middle;OL41|K562|5914f7fab5ad17f7,chr9:139620917:C:T;chr9:139620966:C:T;var1;middle;OL41,K562,K562_region_02226,100,149,49,AAGTCCATCACAGGCGAAGTCACCTCCTTCCCGTGTTAAATAACAAGAATGCTTGGCAAAGAATCAAGAACACAAGCGGCTGCCGTTACTGCTATTAACCGAGACGCCAGCAAACCCTTCCCCAGTCCTGTCCTGCGTGATCCTGACACGGTGTACGGCATGATCCAGCGCGTACCTCACCTGACCTGACCGATCCTCAC,c95610bc1052d9080f39de49c7e83c28fbba0efe19f254edfbac5ac8d75da0e4,0.0,AAGTCCATCACAGGCGAAGTCACCTCCTTCCCGTGTTAAATAACAAGAATGCTTGGCAAAGAATCAAGAACACAAGCGGCTGCCGTTACTGCTATTAACTGAGACGCCAGCAAACCCTTCCCCAGTCCTGTCCTGCGTGATCCTGACACGGTGTACGGCATGATCCAGCGCGTACCTCACCTGACCTGACCGATCCTCAC,8cf40425d547825f17697cfe1791d81f901ffaf59d4144feb83a9028e0098f8e,0.314757722424213,AAGTCCATCACAGGCGAAGTCACCTCCTTCCCGTGTTAAATAACAAGAATGCTTGGCAAAGAATCAAGAACACAAGCGGCTGCCGTTACTGCTATTAACCGAGACGCCAGCAAACCCTTCCCCAGTCCTGTCCTGCGTGATCCTGACATGGTGTACGGCATGATCCAGCGCGTACCTCACCTGACCTGACCGATCCTCAC,f57e450e4185c3ef5b5f27b32184fa56443b6557d81c049a658d58274216a4b5,0.556173077782962,AAGTCCATCACAGGCGAAGTCACCTCCTTCCCGTGTTAAATAACAAGAATGCTTGGCAAAGAATCAAGAACACAAGCGGCTGCCGTTACTGCTATTAACTGAGACGCCAGCAAACCCTTCCCCAGTCCTGTCCTGCGTGATCCTGACATGGTGTACGGCATGATCCAGCGCGTACCTCACCTGACCTGACCGATCCTCAC,5914f7fab5ad17f7078630814e11bcd40a4d310629848a65f389a452b027c5c0,-0.0859906170237094,0.9569214172308844,0.379945215528787,-308.71903409063816,-311.006944430992,-313.09702558629215,-308.88349639670923,-6.501439529936761,1.0,0.9569214172308844,0.0,0,0.17742568054180408,0.18565657667894103,0.15145376406925343,0.12838052735867606,1.0
chr9:139638440:G:A;chr9:139638457:A:G;var1;middle;OL41|K562|cede5e0a5d146827,chr9:139638440:G:A;chr9:139638457:A:G;var1;middle;OL41,K562,K562_region_02227,100,117,17,AAGGGACTGGGTTGGGCACGCGTCTTCTTTGCAGCTGGCTCTATGGTTCTGTGGCTTGGCCCTTGGTGACGACCCCCGCCATCCTCCCCGCAATTCCCCGGCTGGCCCCCAGTCAAAAGCATCCTTGGTTTGCTGTGGAATCGCTTTATTCTGAGCTGGTGCTGGGCCCCGGGAGCCGCTGAGCGAGGTGGGTGGACACT,ec63a32f37c43c4cea080bfe3a20d05bcc4f1718b87459d5df143a92c9103669,0.0,AAGGGACTGGGTTGGGCACGCGTCTTCTTTGCAGCTGGCTCTATGGTTCTGTGGCTTGGCCCTTGGTGACGACCCCCGCCATCCTCCCCGCAATTCCCCAGCTGGCCCCCAGTCAAAAGCATCCTTGGTTTGCTGTGGAATCGCTTTATTCTGAGCTGGTGCTGGGCCCCGGGAGCCGCTGAGCGAGGTGGGTGGACACT,0cd2b625d00f9041473758ed1bca9a4704920a4567ee59bc2799bf7f9ae7c422,0.004116824491292,AAGGGACTGGGTTGGGCACGCGTCTTCTTTGCAGCTGGCTCTATGGTTCTGTGGCTTGGCCCTTGGTGACGACCCCCGCCATCCTCCCCGCAATTCCCCGGCTGGCCCCCAGTCAAGAGCATCCTTGGTTTGCTGTGGAATCGCTTTATTCTGAGCTGGTGCTGGGCCCCGGGAGCCGCTGAGCGAGGTGGGTGGACACT,8bb456e04f69751c3219d5a72dbcc94dd3a41802edea8196e46571d7fa847e18,-0.560853014882494,AAGGGACTGGGTTGGGCACGCGTCTTCTTTGCAGCTGGCTCTATGGTTCTGTGGCTTGGCCCTTGGTGACGACCCCCGCCATCCTCCCCGCAATTCCCCAGCTGGCCCCCAGTCAAGAGCATCCTTGGTTTGCTGTGGAATCGCTTTATTCTGAGCTGGTGCTGGGCCCCGGGAGCCGCTGAGCGAGGTGGGTGGACACT,cede5e0a5d14682720146b1cd5dc4019afaf968295198c6677daed341699527c,-0.169856421871519,0.3868797685196829,0.481501967249338,-255.7546079754829,-253.27986701577905,-254.4396047592163,-251.6556231230497,0.30924067646270714,-1.0,-0.3868797685196829,0.0,2,0.1756447477976642,0.17490732828716207,0.146091925319964,0.07285002425106561,1.0
chr9:139638440:G:A;chr9:139638487:T:A;var1;middle;OL41|K562|0768fe0beec8e6fe,chr9:139638440:G:A;chr9:139638487:T:A;var1;middle;OL41,K562,K562_region_02227,100,147,47,AAGGGACTGGGTTGGGCACGCGTCTTCTTTGCAGCTGGCTCTATGGTTCTGTGGCTTGGCCCTTGGTGACGACCCCCGCCATCCTCCCCGCAATTCCCCGGCTGGCCCCCAGTCAAAAGCATCCTTGGTTTGCTGTGGAATCGCTTTATTCTGAGCTGGTGCTGGGCCCCGGGAGCCGCTGAGCGAGGTGGGTGGACACT,ec63a32f37c43c4cea080bfe3a20d05bcc4f1718b87459d5df143a92c9103669,0.0,AAGGGACTGGGTTGGGCACGCGTCTTCTTTGCAGCTGGCTCTATGGTTCTGTGGCTTGGCCCTTGGTGACGACCCCCGCCATCCTCCCCGCAATTCCCCAGCTGGCCCCCAGTCAAAAGCATCCTTGGTTTGCTGTGGAATCGCTTTATTCTGAGCTGGTGCTGGGCCCCGGGAGCCGCTGAGCGAGGTGGGTGGACACT,0cd2b625d00f9041473758ed1bca9a4704920a4567ee59bc2799bf7f9ae7c422,0.0040908303028026,AAGGGACTGGGTTGGGCACGCGTCTTCTTTGCAGCTGGCTCTATGGTTCTGTGGCTTGGCCCTTGGTGACGACCCCCGCCATCCTCCCCGCAATTCCCCGGCTGGCCCCCAGTCAAAAGCATCCTTGGTTTGCTGTGGAATCGCTTAATTCTGAGCTGGTGCTGGGCCCCGGGAGCCGCTGAGCGAGGTGGGTGGACACT,40af0bd51c8e8c175bb2b973af4bc15610b3136bf3b2e7342a09f5cbee6f68dd,-0.268744469918145,AAGGGACTGGGTTGGGCACGCGTCTTCTTTGCAGCTGGCTCTATGGTTCTGTGGCTTGGCCCTTGGTGACGACCCCCGCCATCCTCCCCGCAATTCCCCAGCTGGCCCCCAGTCAAAAGCATCCTTGGTTTGCTGTGGAATCGCTTAATTCTGAGCTGGTGCTGGGCCCCGGGAGCCGCTGAGCGAGGTGGGTGGACACT,0768fe0beec8e6fe631e1bf70e30b86d14615d3da2ad71becc4315f91174d2d0,-0.357083017104097,0.0924293774887546,0.454565846607654,-255.7546079754829,-253.27986701577905,-258.08695551753044,-255.6491081267596,0.03689356893303852,1.0,0.0924293774887546,0.0,2,0.1752481883893422,0.17490732828716207,0.146091925319964,0.07826600861337654,1.0
chr9:139638457:A:G;chr9:139638487:T:A;var1;middle;OL41|K562|299f2fa6ec50864b,chr9:139638457:A:G;chr9:139638487:T:A;var1;middle;OL41,K562,K562_region_02227,100,130,30,ACGCGTCTTCTTTGCAGCTGGCTCTATGGTTCTGTGGCTTGGCCCTTGGTGACGACCCCCGCCATCCTCCCCGCAATTCCCCGGCTGGCCCCCAGTCAAAAGCATCCTTGGTTTGCTGTGGAATCGCTTTATTCTGAGCTGGTGCTGGGCCCCGGGAGCCGCTGAGCGAGGTGGGTGGACACTGGCCGAGGTCACAGGAC,f42a480415369ca64021fbfc1f05fa74c6e1325cda16aeeb947b4c7135f2c817,0.0,ACGCGTCTTCTTTGCAGCTGGCTCTATGGTTCTGTGGCTTGGCCCTTGGTGACGACCCCCGCCATCCTCCCCGCAATTCCCCGGCTGGCCCCCAGTCAAGAGCATCCTTGGTTTGCTGTGGAATCGCTTTATTCTGAGCTGGTGCTGGGCCCCGGGAGCCGCTGAGCGAGGTGGGTGGACACTGGCCGAGGTCACAGGAC,3ef9affba8b99a4b852f40a5f49a8cfe204e668ebd9157cc9e1e9aec2c8b7a3d,0.343183186954197,ACGCGTCTTCTTTGCAGCTGGCTCTATGGTTCTGTGGCTTGGCCCTTGGTGACGACCCCCGCCATCCTCCCCGCAATTCCCCGGCTGGCCCCCAGTCAAAAGCATCCTTGGTTTGCTGTGGAATCGCTTAATTCTGAGCTGGTGCTGGGCCCCGGGAGCCGCTGAGCGAGGTGGGTGGACACTGGCCGAGGTCACAGGAC,5c411aa6c7aa119e7c582ab9b6e0ece6f5f67248cc3bf9e2fcf4137aa6420dea,0.127693158170002,ACGCGTCTTCTTTGCAGCTGGCTCTATGGTTCTGTGGCTTGGCCCTTGGTGACGACCCCCGCCATCCTCCCCGCAATTCCCCGGCTGGCCCCCAGTCAAGAGCATCCTTGGTTTGCTGTGGAATCGCTTAATTCTGAGCTGGTGCTGGGCCCCGGGAGCCGCTGAGCGAGGTGGGTGGACACTGGCCGAGGTCACAGGAC,299f2fa6ec50864b1556ab3ca3da0543721eca662f0836165e2fed4bd8b338b3,0.224209828498934,0.2466665166252649,0.446245238636714,-255.89181741327047,-252.4527405574917,-256.1014110222459,-254.6840367615223,2.021702595055217,1.0,0.2466665166252649,0.0,2,0.1781382308067946,0.17490732828716207,0.146091925319964,0.1423359561282293,1.0
chr9:139651885:A:G;chr9:139651959:T:C;var1;middle;OL41|K562|b0bd05edf74b7947,chr9:139651885:A:G;chr9:139651959:T:C;var1;middle;OL41,K562,K562_region_02228,100,174,74,GCATGTGTCCCTCCAAGCGGTGCCTTCAGGCCATCAGACAGCAATGCCCACAGGGCAGCCCCTCCCCACTGGGCCATCTAGAGCTGCGGAACAGTCCCTAGGGCTTCTGCGACATGTCGGGAGGAACCACAGGCCCTGCCTGACCTCGGAGGCAGGACCCAGGAGCAGAGGCCTGGAAAAGAAAGCCCGCAGGGCGCGGC,c1f54341248802a27c34b1a02a230b667639f8ee921b2f54b7ccb464159c7c1a,0.0,GCATGTGTCCCTCCAAGCGGTGCCTTCAGGCCATCAGACAGCAATGCCCACAGGGCAGCCCCTCCCCACTGGGCCATCTAGAGCTGCGGAACAGTCCCTGGGGCTTCTGCGACATGTCGGGAGGAACCACAGGCCCTGCCTGACCTCGGAGGCAGGACCCAGGAGCAGAGGCCTGGAAAAGAAAGCCCGCAGGGCGCGGC,e5358b407fc92269d5616264b0b52201c107542e87ca50697e31968fb04d8989,-0.252223352669972,GCATGTGTCCCTCCAAGCGGTGCCTTCAGGCCATCAGACAGCAATGCCCACAGGGCAGCCCCTCCCCACTGGGCCATCTAGAGCTGCGGAACAGTCCCTAGGGCTTCTGCGACATGTCGGGAGGAACCACAGGCCCTGCCTGACCTCGGAGGCAGGACCCAGGAGCAGAGGCCCGGAAAAGAAAGCCCGCAGGGCGCGGC,ca777c0e16ca7a2883cb869e799fe3fb60364a7755ac53b5cced321d3e5b60ee,0.391257217508241,GCATGTGTCCCTCCAAGCGGTGCCTTCAGGCCATCAGACAGCAATGCCCACAGGGCAGCCCCTCCCCACTGGGCCATCTAGAGCTGCGGAACAGTCCCTGGGGCTTCTGCGACATGTCGGGAGGAACCACAGGCCCTGCCTGACCTCGGAGGCAGGACCCAGGAGCAGAGGCCCGGAAAAGAAAGCCCGCAGGGCGCGGC,b0bd05edf74b7947afd758ec1392ed7a95e5d240799888394fe331b79064ae7e,0.429854336617119,0.29082047177885,0.434322659297248,-243.8861768245697,-242.521348208189,-261.75580490380526,-281.91020537912846,-21.51922909170389,-1.0,-0.29082047177885,0.0,0,0.15813700578554213,0.18565657667894103,0.15145376406925343,0.2699155631306124,1.0
chr9:139654762:G:T;chr9:139654777:T:C;var1;middle;OL41|K562|57dfb4ffa5faf033,chr9:139654762:G:T;chr9:139654777:T:C;var1;middle;OL41,K562,K562_region_02229,100,115,15,TTCAAGATCATGGCGGGATGGGGCTACATGTTCTGCCCACAGAACCTTCTGGACAAGGGCGATTTGGTGTTGCCCCCCATGTTTCCCAACCCAGCGGGGGTGTGCAGGGAGACGTTGGTGCAGACTTGTGCAAAGCTGAACAGCCCCAGTGTCCCCAGGCAGGACGGCGAGTCTCCAGGGAGAGGGTCCTGGGAGTGGAG,c12943a64038392edf793c7e0af3e383fb78241f2f8d0544c07d8086c5f966db,0.0,TTCAAGATCATGGCGGGATGGGGCTACATGTTCTGCCCACAGAACCTTCTGGACAAGGGCGATTTGGTGTTGCCCCCCATGTTTCCCAACCCAGCGGGGTTGTGCAGGGAGACGTTGGTGCAGACTTGTGCAAAGCTGAACAGCCCCAGTGTCCCCAGGCAGGACGGCGAGTCTCCAGGGAGAGGGTCCTGGGAGTGGAG,b3f7881c019f20e092682349a37b3f288c5f6ba04a6f8669972645c238fb25f9,-0.0010453607115442,TTCAAGATCATGGCGGGATGGGGCTACATGTTCTGCCCACAGAACCTTCTGGACAAGGGCGATTTGGTGTTGCCCCCCATGTTTCCCAACCCAGCGGGGGTGTGCAGGGAGACGCTGGTGCAGACTTGTGCAAAGCTGAACAGCCCCAGTGTCCCCAGGCAGGACGGCGAGTCTCCAGGGAGAGGGTCCTGGGAGTGGAG,33f75a3787ea60e4d7294bec8f00939be1219e1b4ddf7ddf74a2a577c9ab2908,0.0506037156471845,TTCAAGATCATGGCGGGATGGGGCTACATGTTCTGCCCACAGAACCTTCTGGACAAGGGCGATTTGGTGTTGCCCCCCATGTTTCCCAACCCAGCGGGGTTGTGCAGGGAGACGCTGGTGCAGACTTGTGCAAAGCTGAACAGCCCCAGTGTCCCCAGGCAGGACGGCGAGTCTCCAGGGAGAGGGTCCTGGGAGTGGAG,57dfb4ffa5faf033b684753bfb8f8aff463eacaa7a091047c3eb1b909d6d524a,0.471659658273214,0.4221013033375737,0.38578383614704,-258.00262470543385,-256.67161468043923,-261.6202043052763,-265.87011540681124,-5.580921126529574,-1.0,-0.4221013033375737,0.0,4,0.1692822694674595,0.17620727786206916,0.145609630836647,0.173492697939167,1.0
chr9:139847500:G:A;chr9:139847570:T:C;var1;middle;OL41|K562|e74f87490f47ec14,chr9:139847500:G:A;chr9:139847570:T:C;var1;middle;OL41,K562,K562_region_02230,100,170,70,AGGGCGCTGCTGAACGCTTTCACCGCAACTTTTGAGCTAAGTGATGATGGCCGCTTTGAGGTGTGGAATGCGATGACTCGGTGAGTGGCTGTCCCTGCCGTTCCAAGCGGGTGAGGAGGATCCCGGGCCTGGGTCCCAGCCGCCAGTGGCTCAGGTGCGCCATGGGCCCTGTCCCAGCACAGGCAGCTTCATGACTCTGC,e300ae2d7db90c79d12a40ce8453a987f6847a192f355d531f00b49e93c1d9d1,0.0,AGGGCGCTGCTGAACGCTTTCACCGCAACTTTTGAGCTAAGTGATGATGGCCGCTTTGAGGTGTGGAATGCGATGACTCGGTGAGTGGCTGTCCCTGCCATTCCAAGCGGGTGAGGAGGATCCCGGGCCTGGGTCCCAGCCGCCAGTGGCTCAGGTGCGCCATGGGCCCTGTCCCAGCACAGGCAGCTTCATGACTCTGC,04cf5ce8673122b1134b8e33182b7871320c1cc5c172a4fa1649311e4fd23a69,-0.247128979873438,AGGGCGCTGCTGAACGCTTTCACCGCAACTTTTGAGCTAAGTGATGATGGCCGCTTTGAGGTGTGGAATGCGATGACTCGGTGAGTGGCTGTCCCTGCCGTTCCAAGCGGGTGAGGAGGATCCCGGGCCTGGGTCCCAGCCGCCAGTGGCTCAGGTGCGCCATGGGCCCCGTCCCAGCACAGGCAGCTTCATGACTCTGC,951667c346219596779bbd6fd4bd057ef6f0865f2f1ff8f8d15603c1795ed25e,0.0589033956863372,AGGGCGCTGCTGAACGCTTTCACCGCAACTTTTGAGCTAAGTGATGATGGCCGCTTTGAGGTGTGGAATGCGATGACTCGGTGAGTGGCTGTCCCTGCCATTCCAAGCGGGTGAGGAGGATCCCGGGCCTGGGTCCCAGCCGCCAGTGGCTCAGGTGCGCCATGGGCCCCGTCCCAGCACAGGCAGCTTCATGACTCTGC,e74f87490f47ec149084d95ba71a57f79597cdb12bb33088c57d869804372c75,-0.0979227883471063,0.0903027958399944,0.15877524151407,-337.6241449727677,-336.723619857803,-334.4499580254778,-333.41842278884724,0.13101012166589499,-1.0,-0.0903027958399944,0.0,3,0.18173687440351724,0.18106719778262317,0.1474303780702046,0.10835354277978343,1.0
chr9:139876141:A:C;chr9:139876154:A:G;var1;middle;OL41|K562|748f376c099a250e,chr9:139876141:A:C;chr9:139876154:A:G;var1;middle;OL41,K562,K562_region_02231,100,113,13,GCTGAAGCTGGGATCCCGGCCAGCCAGGTGACCCCCACGCTCTGGATGTCTCTGCTCTGTTCCTTCCCCGAGCCCCTGCCCCGGCTCCCCGCCAAAGCAACCCTGCCCACTCAGGCTTCATCCTGCACAATAAACTCCGGAAGCAAGTCAGTAGAGCTGGCTCCTGGCTGTCTGCGCTGTCATCACCCGTCCTGGGCCTG,470642293e75d0b08f8074e50ca8b44486cd606bb318d5a9d66515b4824dff1d,0.0,GCTGAAGCTGGGATCCCGGCCAGCCAGGTGACCCCCACGCTCTGGATGTCTCTGCTCTGTTCCTTCCCCGAGCCCCTGCCCCGGCTCCCCGCCAAAGCACCCCTGCCCACTCAGGCTTCATCCTGCACAATAAACTCCGGAAGCAAGTCAGTAGAGCTGGCTCCTGGCTGTCTGCGCTGTCATCACCCGTCCTGGGCCTG,75a7a704ebd31efe9338693b8e35057725bccad58153cbe4f83f15b654a6b118,-0.456535594677351,GCTGAAGCTGGGATCCCGGCCAGCCAGGTGACCCCCACGCTCTGGATGTCTCTGCTCTGTTCCTTCCCCGAGCCCCTGCCCCGGCTCCCCGCCAAAGCAACCCTGCCCACTCGGGCTTCATCCTGCACAATAAACTCCGGAAGCAAGTCAGTAGAGCTGGCTCCTGGCTGTCTGCGCTGTCATCACCCGTCCTGGGCCTG,23a7486e525e0e23b84fc38ac98da94f462f90af125fc58aca8db6ac32775f02,0.282826677753929,GCTGAAGCTGGGATCCCGGCCAGCCAGGTGACCCCCACGCTCTGGATGTCTCTGCTCTGTTCCTTCCCCGAGCCCCTGCCCCGGCTCCCCGCCAAAGCACCCCTGCCCACTCGGGCTTCATCCTGCACAATAAACTCCGGAAGCAAGTCAGTAGAGCTGGCTCCTGGCTGTCTGCGCTGTCATCACCCGTCCTGGGCCTG,748f376c099a250e17372e843eec37117208e6b985b7c98a110bc564073a7366,-0.569626285316373,0.395917368392951,0.389676175143285,-234.380673289299,-231.93184711039063,-235.1979788839817,-233.1296171247959,0.38046441972255707,1.0,0.395917368392951,0.0,4,0.17667087818559737,0.17620727786206916,0.145609630836647,0.28440471554237456,1.0
chr9:139929015:C:G;chr9:139929080:C:T;var1;middle;OL41|K562|a4b50202ec19f551,chr9:139929015:C:G;chr9:139929080:C:T;var1;middle;OL41,K562,K562_region_02232,100,165,65,GGGCTGGCACCAGAGTGGGCAGCTGCCTCCAGCCCCGCCTTTCCAGCCTCCCATGTTTTCGGTGATGACCACAGTGGCACCTGGGCCTTTAATCCCACCCCAGCGTTCCTCCTCTGGCAGGGGGCCCCCGGGGAGCCACACCTTGGCTTCAGCCTCACACCACCCCATCTCTTCTCCTTGAAACAGACACCCGGCGGCAG,5f599f95046b714b384e5335b31588ec1959e6bdb94ba246a6550b0becf197fa,0.0,GGGCTGGCACCAGAGTGGGCAGCTGCCTCCAGCCCCGCCTTTCCAGCCTCCCATGTTTTCGGTGATGACCACAGTGGCACCTGGGCCTTTAATCCCACCGCAGCGTTCCTCCTCTGGCAGGGGGCCCCCGGGGAGCCACACCTTGGCTTCAGCCTCACACCACCCCATCTCTTCTCCTTGAAACAGACACCCGGCGGCAG,3c2b1d70407909d717841d62150a0820c756a697ea4bac8ef6c5bb783a559187,-0.540233854942139,GGGCTGGCACCAGAGTGGGCAGCTGCCTCCAGCCCCGCCTTTCCAGCCTCCCATGTTTTCGGTGATGACCACAGTGGCACCTGGGCCTTTAATCCCACCCCAGCGTTCCTCCTCTGGCAGGGGGCCCCCGGGGAGCCACACCTTGGCTTCAGCCTCACACCACCTCATCTCTTCTCCTTGAAACAGACACCCGGCGGCAG,6aa38a8a8145faa8c4dd03bc3fb338200a4463d37056e570ea778c316ff8b34f,-0.772392221853569,GGGCTGGCACCAGAGTGGGCAGCTGCCTCCAGCCCCGCCTTTCCAGCCTCCCATGTTTTCGGTGATGACCACAGTGGCACCTGGGCCTTTAATCCCACCGCAGCGTTCCTCCTCTGGCAGGGGGCCCCCGGGGAGCCACACCTTGGCTTCAGCCTCACACCACCTCATCTCTTCTCCTTGAAACAGACACCCGGCGGCAG,a4b50202ec19f551257a64c1634b88a6abcc91c297f53df341a6894a143023fc,-1.38083768125595,0.0682116044602418,0.553575536239588,-292.9856402352452,-279.46012523397803,-299.1686283024028,-294.4348610332236,8.791747732088027,1.0,0.0682116044602418,0.0,1,0.1913102343384485,0.18216460459877223,0.1501433469024087,0.4780491020860063,1.0
chr9:139934020:G:A;chr9:139934107:G:A;var1;middle;OL41|K562|896706fa6f92e6ac,chr9:139934020:G:A;chr9:139934107:G:A;var1;middle;OL41,K562,K562_region_02233,100,187,87,GTCTGAAATGGACTTTAATTGGCTTTTGTCTCTAGAATTACCCACCCGTTCCTGCGCTCTACGGTTCTCCATGCCCCCTCCAGTTTGGGGGTCTAAACCGAACAGGAGAGGTGCAGGGGACCAGGAGGTGTCCTGGCACAAAGGTTCGGGGGTCTCCCTGGCAAGGGGTCCCAGGGCCTGGAGCCCGAGGCCCAGCCAAA,fff2fe533e5e908268a51667ba8894d6d23fdabfc4cca910cad30df5979393de,0.0,GTCTGAAATGGACTTTAATTGGCTTTTGTCTCTAGAATTACCCACCCGTTCCTGCGCTCTACGGTTCTCCATGCCCCCTCCAGTTTGGGGGTCTAAACCAAACAGGAGAGGTGCAGGGGACCAGGAGGTGTCCTGGCACAAAGGTTCGGGGGTCTCCCTGGCAAGGGGTCCCAGGGCCTGGAGCCCGAGGCCCAGCCAAA,737aa581437bc48c980637477f9db64b5eeef6b6dafd8c2e25879ec41b8bf1e9,-0.135976222734623,GTCTGAAATGGACTTTAATTGGCTTTTGTCTCTAGAATTACCCACCCGTTCCTGCGCTCTACGGTTCTCCATGCCCCCTCCAGTTTGGGGGTCTAAACCGAACAGGAGAGGTGCAGGGGACCAGGAGGTGTCCTGGCACAAAGGTTCGGGGGTCTCCCTGGCAAGGGGTCCCAGGGCCTGGAGCCCAAGGCCCAGCCAAA,0fbd4e90dfb3492bc6703d9f63ac35997942a4d0eb1cb6652fe7bd7d6e346f84,-0.460658476958081,GTCTGAAATGGACTTTAATTGGCTTTTGTCTCTAGAATTACCCACCCGTTCCTGCGCTCTACGGTTCTCCATGCCCCCTCCAGTTTGGGGGTCTAAACCAAACAGGAGAGGTGCAGGGGACCAGGAGGTGTCCTGGCACAAAGGTTCGGGGGTCTCCCTGGCAAGGGGTCCCAGGGCCTGGAGCCCAAGGCCCAGCCAAA,896706fa6f92e6ac603ccdbe3276f4593b5baa2f106e0b84ce99dcb043782e9e,-0.325089624062375,0.271545075630329,0.439825371263044,-313.1488088462502,-303.75742442999035,-320.28904102835804,-315.39966674987227,-4.50201013777405,-1.0,-0.271545075630329,0.0,4,0.17061948395824605,0.17620727786206916,0.145609630836647,0.18593401455526742,1.0
chr9:140144649:G:A;chr9:140144732:A:G;var1;middle;OL41|K562|2e4da2c3979ffbb7,chr9:140144649:G:A;chr9:140144732:A:G;var1;middle;OL41,K562,K562_region_02234,100,183,83,AACAACCCCCCTCCCTCAACATTTGGGCAGAGGCCTCCTTCTGTGACGGCTGTGGTGGTGTGGGCGCAGAGCCGGACACTGAGAGAGCATTTCCCCCACGCACCTTCTCAAGGAGAGGATGGATGTCCAGCAGCACCATTCACGGTGGCAACGTTTATTACAGGGCAGGGAGGACCTGGAGGAGCCTATCTGTCCAATGA,29b7180d7223591381c2118cff374e9d359efb0658930c60f1612ac1fd14efed,0.0,AACAACCCCCCTCCCTCAACATTTGGGCAGAGGCCTCCTTCTGTGACGGCTGTGGTGGTGTGGGCGCAGAGCCGGACACTGAGAGAGCATTTCCCCCACACACCTTCTCAAGGAGAGGATGGATGTCCAGCAGCACCATTCACGGTGGCAACGTTTATTACAGGGCAGGGAGGACCTGGAGGAGCCTATCTGTCCAATGA,605c5c736ef37ec51d3395663c7b5bb5f70e492040f79dbd08aded1691e5f976,0.0635345903564995,AACAACCCCCCTCCCTCAACATTTGGGCAGAGGCCTCCTTCTGTGACGGCTGTGGTGGTGTGGGCGCAGAGCCGGACACTGAGAGAGCATTTCCCCCACGCACCTTCTCAAGGAGAGGATGGATGTCCAGCAGCACCATTCACGGTGGCAACGTTTATTACAGGGCAGGGAGGACCTGGAGGGGCCTATCTGTCCAATGA,85ca5684af568abf4d8bc4828ffb24f3f8a7eaf796237eadfec463e59f8d3cb9,0.209306633048047,AACAACCCCCCTCCCTCAACATTTGGGCAGAGGCCTCCTTCTGTGACGGCTGTGGTGGTGTGGGCGCAGAGCCGGACACTGAGAGAGCATTTCCCCCACACACCTTCTCAAGGAGAGGATGGATGTCCAGCAGCACCATTCACGGTGGCAACGTTTATTACAGGGCAGGGAGGACCTGGAGGGGCCTATCTGTCCAATGA,2e4da2c3979ffbb77f0ed453e38866b20e8684c876b5bea30e7151b3bb610bfa,0.008734560989483,0.2641066624150635,0.278301238124029,-349.0201942541171,-339.8586637319532,-363.5580380773172,-358.4180403215578,4.021532766404562,1.0,0.2641066624150635,0.0,4,0.1811836595047898,0.17620727786206916,0.145609630836647,0.3444095554227985,1.0
chr9:140169246:G:A;chr9:140169249:G:A;var1;middle;OL41|K562|8cf5477adcd4b417,chr9:140169246:G:A;chr9:140169249:G:A;var1;middle;OL41,K562,K562_region_02235,100,103,3,ATAGGGAGTGGTGTTTGAGCTACTGACTGGGCCAGATCAGCCCAGGTGAGGGAGAGCAGCCGTGTGCTCTGGGCGGGCCTTCCTGGCCAGCTGGGGCGGGGGGGTGGCAGCTGGCAGCAGATTGGGTGCCCCACAGCCCAGGGAGGAGGGGCTGAGGAACAGTGCTTTGGAGGGAGAGCTGAGGAAGCAGGAGAGGCCTG,5d0857f8c569a66be633133953c9db556ad739dabc24a3f01a96ddf8d8a07b57,0.0,ATAGGGAGTGGTGTTTGAGCTACTGACTGGGCCAGATCAGCCCAGGTGAGGGAGAGCAGCCGTGTGCTCTGGGCGGGCCTTCCTGGCCAGCTGGGGCGGAGGGGTGGCAGCTGGCAGCAGATTGGGTGCCCCACAGCCCAGGGAGGAGGGGCTGAGGAACAGTGCTTTGGAGGGAGAGCTGAGGAAGCAGGAGAGGCCTG,0030d650dc0d0804c81f3357380ce50ef129f569af3ba96083a0aa39f1c8d3fa,-0.308377040029588,ATAGGGAGTGGTGTTTGAGCTACTGACTGGGCCAGATCAGCCCAGGTGAGGGAGAGCAGCCGTGTGCTCTGGGCGGGCCTTCCTGGCCAGCTGGGGCGGGGGAGTGGCAGCTGGCAGCAGATTGGGTGCCCCACAGCCCAGGGAGGAGGGGCTGAGGAACAGTGCTTTGGAGGGAGAGCTGAGGAAGCAGGAGAGGCCTG,c223f8ab85e3a6fe895f1f002782116f2c3d9d8888242dadc6878d954261b4c3,0.682214517232328,ATAGGGAGTGGTGTTTGAGCTACTGACTGGGCCAGATCAGCCCAGGTGAGGGAGAGCAGCCGTGTGCTCTGGGCGGGCCTTCCTGGCCAGCTGGGGCGGAGGAGTGGCAGCTGGCAGCAGATTGGGTGCCCCACAGCCCAGGGAGGAGGGGCTGAGGAACAGTGCTTTGGAGGGAGAGCTGAGGAAGCAGGAGAGGCCTG,8cf5477adcd4b41724c79ad428ca354771f700703ce2ef78d72f35e2b1f5ce3c,0.149508196889688,-0.2243292803130519,0.316539167123636,-232.4076335206628,-229.02863600850105,-259.24787592329085,-278.355638835812,-22.4867604246829,-1.0,0.2243292803130519,0.0,0,0.1568943197616391,0.18565657667894103,0.15145376406925343,0.09009812183222009,1.0
chr9:141098344:C:T;chr9:141098428:C:A;var1;middle;OL41|K562|d59bf97ffca5f072,chr9:141098344:C:T;chr9:141098428:C:A;var1;middle;OL41,K562,K562_region_02236,100,184,84,TTCTGGACACCGGCCTTCTCCAAGCTGGTGGCTAATAAGGTCCTATAAATGTTGTTAGCTGTTGACTGTGGACCACATAATTTCTCAGAGATTCTGCACCTCTTTGGAGCACTAGCTGGGCGCTGCCTGGAGGAACTTTCTGATGGTGGAAATGTCAACAGATGGTTTGATATTCAGGGGCACCCCATCCACCAGGCGAG,e8b95ad6698802f902a19087e528743b9254227d071b3ca717eaf5a3209f7924,0.0,TTCTGGACACCGGCCTTCTCCAAGCTGGTGGCTAATAAGGTCCTATAAATGTTGTTAGCTGTTGACTGTGGACCACATAATTTCTCAGAGATTCTGCACTTCTTTGGAGCACTAGCTGGGCGCTGCCTGGAGGAACTTTCTGATGGTGGAAATGTCAACAGATGGTTTGATATTCAGGGGCACCCCATCCACCAGGCGAG,e00a89c08b53decf6da1ad67842c15978162cc1052bfe2f3940ccd24ca1f9166,-0.0240746357283899,TTCTGGACACCGGCCTTCTCCAAGCTGGTGGCTAATAAGGTCCTATAAATGTTGTTAGCTGTTGACTGTGGACCACATAATTTCTCAGAGATTCTGCACCTCTTTGGAGCACTAGCTGGGCGCTGCCTGGAGGAACTTTCTGATGGTGGAAATGTCAACAGATGGTTTGATATTCAGGGGCACACCATCCACCAGGCGAG,af6f13744dc6d60b7f5af6d8bb9006bb1b8f06e41b51abcc6bb9bee5d8bf00a6,0.0700019560619082,TTCTGGACACCGGCCTTCTCCAAGCTGGTGGCTAATAAGGTCCTATAAATGTTGTTAGCTGTTGACTGTGGACCACATAATTTCTCAGAGATTCTGCACTTCTTTGGAGCACTAGCTGGGCGCTGCCTGGAGGAACTTTCTGATGGTGGAAATGTCAACAGATGGTTTGATATTCAGGGGCACACCATCCACCAGGCGAG,d59bf97ffca5f07286310fdda19e5df3d203a88083e637c9e465d99ddef07277,-0.0590510024377713,0.1049783227712896,0.279488283654198,-319.43238365789875,-317.5834569653962,-322.746684753336,-331.8362914021127,10.938533341279253,1.0,0.1049783227712896,0.0,1,0.19349445960857523,0.18216460459877223,0.1501433469024087,0.438279600703037,1.0
chr9:141108111:T:C;chr9:141108122:T:C;var1;middle;OL41|K562|b5929266fc6dc609,chr9:141108111:T:C;chr9:141108122:T:C;var1;middle;OL41,K562,K562_region_02237,100,111,11,AGAACTAGAAGCCAGGACTCCAGCAGCCTTCATTGTGTGAGAGATGCCAGCACTGTGGCCACAGCCTGACAGCTGTGCAGGCCACATAATGTGTGGGGCTGAGTGGAAAATGTGGGGTTTTTTTTGTTGTTGTTGTTCAAAATCATGAGCTTCCAGGGGTGGCAGCAGAGCTTTAAACTACTCTGGGGCCCTTCTGAGCA,de0761d100ab5d9ba5441188f36c731b0770d78610a95dcf23bb209565213a7f,0.0,AGAACTAGAAGCCAGGACTCCAGCAGCCTTCATTGTGTGAGAGATGCCAGCACTGTGGCCACAGCCTGACAGCTGTGCAGGCCACATAATGTGTGGGGCCGAGTGGAAAATGTGGGGTTTTTTTTGTTGTTGTTGTTCAAAATCATGAGCTTCCAGGGGTGGCAGCAGAGCTTTAAACTACTCTGGGGCCCTTCTGAGCA,e5029455d5dbde34ec7958ed7a512feb0c3a905c83813d7f5b3bd42e80ac0f13,-0.132813847778169,AGAACTAGAAGCCAGGACTCCAGCAGCCTTCATTGTGTGAGAGATGCCAGCACTGTGGCCACAGCCTGACAGCTGTGCAGGCCACATAATGTGTGGGGCTGAGTGGAAAACGTGGGGTTTTTTTTGTTGTTGTTGTTCAAAATCATGAGCTTCCAGGGGTGGCAGCAGAGCTTTAAACTACTCTGGGGCCCTTCTGAGCA,a8ab86ddfccc983bc6d82c1bfe3ff8f90b3e755537421515598db2a2ff243523,-0.182691130155082,AGAACTAGAAGCCAGGACTCCAGCAGCCTTCATTGTGTGAGAGATGCCAGCACTGTGGCCACAGCCTGACAGCTGTGCAGGCCACATAATGTGTGGGGCCGAGTGGAAAACGTGGGGTTTTTTTTGTTGTTGTTGTTCAAAATCATGAGCTTCCAGGGGTGGCAGCAGAGCTTTAAACTACTCTGGGGCCCTTCTGAGCA,b5929266fc6dc609e3c38651809d987cc83d85d08e14d69e01f72080a0025f25,0.0010204105712644,0.3165253885045154,0.152186981058918,-210.4015706283972,-211.9860599040985,-215.01939943712205,-215.05862526688725,1.545263445936115,-1.0,-0.3165253885045154,0.0,2,0.17744449688470573,0.17490732828716207,0.146091925319964,0.14014183074764033,1.0
chr9:14292104:T:C;chr9:14292138:G:A;var1;middle;OL30|K562|46ff4d5149bd7297,chr9:14292104:T:C;chr9:14292138:G:A;var1;middle;OL30,K562,K562_region_02145,100,134,34,CTTCCTATGAAAATGTATAAAAGAAAAAACCTAGTCTCTTGAATTAATTTATCTTAATTACAAATGATAATACAAGATGTTTAATCATTATTTTTCTTCTATTTTCCTTTAAAAATTGCTGCCATGTTTTCACGAAATAATAACCTTTCATTATTTTTTGATAATTTACGTTTATTTTTCCTCCTACAGCAGTAAAAGTA,18f85559d00cca871097f9ffb18cbf29e72abdc18b6eb5b7952130ffaaf5c9ff,0.0,CTTCCTATGAAAATGTATAAAAGAAAAAACCTAGTCTCTTGAATTAATTTATCTTAATTACAAATGATAATACAAGATGTTTAATCATTATTTTTCTTCCATTTTCCTTTAAAAATTGCTGCCATGTTTTCACGAAATAATAACCTTTCATTATTTTTTGATAATTTACGTTTATTTTTCCTCCTACAGCAGTAAAAGTA,d568ab1db21ead2647d9d0bd0832ffe485af6632f2a27e7b4cf66ff341ead9e0,0.111301357217747,CTTCCTATGAAAATGTATAAAAGAAAAAACCTAGTCTCTTGAATTAATTTATCTTAATTACAAATGATAATACAAGATGTTTAATCATTATTTTTCTTCTATTTTCCTTTAAAAATTGCTGCCATGTTTTCACAAAATAATAACCTTTCATTATTTTTTGATAATTTACGTTTATTTTTCCTCCTACAGCAGTAAAAGTA,070b42de9681af3b3adea38f758cbd8f863446e2c20cda7d36a77c662530719e,0.040687209383335,CTTCCTATGAAAATGTATAAAAGAAAAAACCTAGTCTCTTGAATTAATTTATCTTAATTACAAATGATAATACAAGATGTTTAATCATTATTTTTCTTCCATTTTCCTTTAAAAATTGCTGCCATGTTTTCACAAAATAATAACCTTTCATTATTTTTTGATAATTTACGTTTATTTTTCCTCCTACAGCAGTAAAAGTA,46ff4d5149bd72970b7832f72653e5431e90bdda0c84e262e58d72a8eaf861d7,0.0341440719577039,0.1178444946433781,0.210884379711916,-397.399021542049,-390.1068915891228,-379.8571860586526,-373.1886007202557,0.623544614529294,1.0,0.1178444946433781,0.0,1,0.1829995788242161,0.18216460459877223,0.1501433469024087,0.28525515185324773,1.0
chr9:14292138:G:A;chr9:14292207:G:A;var1;middle;OL30|K562|304d97e1cdb50011,chr9:14292138:G:A;chr9:14292207:G:A;var1;middle;OL30,K562,K562_region_02145,100,169,69,TCTCTTGAATTAATTTATCTTAATTACAAATGATAATACAAGATGTTTAATCATTATTTTTCTTCTATTTTCCTTTAAAAATTGCTGCCATGTTTTCACGAAATAATAACCTTTCATTATTTTTTGATAATTTACGTTTATTTTTCCTCCTACAGCAGTAAAAGTAACGCATCCAAAGAAGCACTGGGCCTCTCTTAGAC,763b891ea0c0ad2c44b68433fa81faa1bc9a009fb8d0e4ef52ce5c05878b1b28,0.0,TCTCTTGAATTAATTTATCTTAATTACAAATGATAATACAAGATGTTTAATCATTATTTTTCTTCTATTTTCCTTTAAAAATTGCTGCCATGTTTTCACAAAATAATAACCTTTCATTATTTTTTGATAATTTACGTTTATTTTTCCTCCTACAGCAGTAAAAGTAACGCATCCAAAGAAGCACTGGGCCTCTCTTAGAC,58eefd17ce3629c7cf7d861490d5c606eddf734fa77d4e0ba276c4d471cdc61f,0.13679691145659,TCTCTTGAATTAATTTATCTTAATTACAAATGATAATACAAGATGTTTAATCATTATTTTTCTTCTATTTTCCTTTAAAAATTGCTGCCATGTTTTCACGAAATAATAACCTTTCATTATTTTTTGATAATTTACGTTTATTTTTCCTCCTACAGCAGTAAAAGTAACACATCCAAAGAAGCACTGGGCCTCTCTTAGAC,d74f6b1e5319587c326fe883af940516e7783f75fdbfdb06f5de7210be42e1cd,0.0365668158771725,TCTCTTGAATTAATTTATCTTAATTACAAATGATAATACAAGATGTTTAATCATTATTTTTCTTCTATTTTCCTTTAAAAATTGCTGCCATGTTTTCACAAAATAATAACCTTTCATTATTTTTTGATAATTTACGTTTATTTTTCCTCCTACAGCAGTAAAAGTAACACATCCAAAGAAGCACTGGGCCTCTCTTAGAC,304d97e1cdb50011a3bcb74d080afc3624ed323af217ebc8e969a1787f7af60c,0.0259333492635579,0.1474303780702046,0.220259519732816,-316.8828081251122,-306.41843973100185,-310.78077487275004,-296.8440770832822,-3.4723293953575194,1.0,0.1474303780702046,0.0,1,0.1788322733059811,0.18216460459877223,0.1501433469024087,0.30058777996695774,1.0
chr9:1642998:C:G;chr9:1643007:G:C;var1;middle;OL31|K562|ef0d8670fe26db10,chr9:1642998:C:G;chr9:1643007:G:C;var1;middle;OL31,K562,K562_region_02126,100,109,9,TGGCTAATTTTTTTGTAGAGATTGGGTTTTGCCATGTTGTTCAGGGTGGTCTTAAACTCTTGAGCTCAAGTGATCTGCCTGCTTTGGCCTCTCAATATACTGGGATTAGAGGTGCAAGCCACCATGCCCAGCCTCTCTCATGTTTTCTTCTAAGGGTTTTACAGTTTTCAGTTTTATACTTGGGTCTTTGAGAACTTTTT,38cc157f359a9f438abe4689b4330a3efc4abc9d7840434b58e74e44ceada4fb,0.0,TGGCTAATTTTTTTGTAGAGATTGGGTTTTGCCATGTTGTTCAGGGTGGTCTTAAACTCTTGAGCTCAAGTGATCTGCCTGCTTTGGCCTCTCAATATAGTGGGATTAGAGGTGCAAGCCACCATGCCCAGCCTCTCTCATGTTTTCTTCTAAGGGTTTTACAGTTTTCAGTTTTATACTTGGGTCTTTGAGAACTTTTT,960cfe0a0fe5c763af4a5b500d615706d800eca04fcccd0f666527a5591dd726,0.0077363940048045,TGGCTAATTTTTTTGTAGAGATTGGGTTTTGCCATGTTGTTCAGGGTGGTCTTAAACTCTTGAGCTCAAGTGATCTGCCTGCTTTGGCCTCTCAATATACTGGGATTACAGGTGCAAGCCACCATGCCCAGCCTCTCTCATGTTTTCTTCTAAGGGTTTTACAGTTTTCAGTTTTATACTTGGGTCTTTGAGAACTTTTT,f77a870f8f298c4590347b92a390bbacafd8a9072f1928c33f4982abd050b783,-0.0304582617718789,TGGCTAATTTTTTTGTAGAGATTGGGTTTTGCCATGTTGTTCAGGGTGGTCTTAAACTCTTGAGCTCAAGTGATCTGCCTGCTTTGGCCTCTCAATATAGTGGGATTACAGGTGCAAGCCACCATGCCCAGCCTCTCTCATGTTTTCTTCTAAGGGTTTTACAGTTTTCAGTTTTATACTTGGGTCTTTGAGAACTTTTT,ef0d8670fe26db10b561555b6095f0aca944f6edae83ada3066d9a00d934e11f,-0.202121222972251,0.1793993552051765,0.23964939931617,-146.73523025866598,-147.96664265263826,-143.31562245637178,-145.05128071270883,0.504245862364769,1.0,0.1793993552051765,0.0,0,0.18642370161681102,0.18565657667894103,0.15145376406925343,0.0768138872797038,1.0
chr9:16686323:C:G;chr9:16686327:G:A;var1;middle;OL29|K562|247562b1abc38c8d,chr9:16686323:C:G;chr9:16686327:G:A;var1;middle;OL29,K562,K562_region_02146,100,104,4,GTATCTGTCCTAATAATAAAAAAACAAGGTTAAAACTTAATGAATGTTTCTCTATATCTAAAATTCTAAACTGAAAGCCACTAAGATCCCTTTTTAAAACTAAGCTATTATAATTAGTCAATATCATCCCTAAATACTGCCTACTGTCCCTTGCTTATTTCATTTCAGATTTTTTTAAGATTAAACAAGGTTTTAGATTC,d07b3925c4a75937404dda9e1fe1bd0922e99ec8194e48e839d9f5955f02897c,0.0,GTATCTGTCCTAATAATAAAAAAACAAGGTTAAAACTTAATGAATGTTTCTCTATATCTAAAATTCTAAACTGAAAGCCACTAAGATCCCTTTTTAAAAGTAAGCTATTATAATTAGTCAATATCATCCCTAAATACTGCCTACTGTCCCTTGCTTATTTCATTTCAGATTTTTTTAAGATTAAACAAGGTTTTAGATTC,d5b0941d8713cba84ef04e8a4a994a88f3b3deb2b21e90db96f0270979334d2e,-0.0527718784675947,GTATCTGTCCTAATAATAAAAAAACAAGGTTAAAACTTAATGAATGTTTCTCTATATCTAAAATTCTAAACTGAAAGCCACTAAGATCCCTTTTTAAAACTAAACTATTATAATTAGTCAATATCATCCCTAAATACTGCCTACTGTCCCTTGCTTATTTCATTTCAGATTTTTTTAAGATTAAACAAGGTTTTAGATTC,6ea9f8ba682f847773250c5da1610e19c514d15b395771d4291a9381e845c249,-0.166541772226986,GTATCTGTCCTAATAATAAAAAAACAAGGTTAAAACTTAATGAATGTTTCTCTATATCTAAAATTCTAAACTGAAAGCCACTAAGATCCCTTTTTAAAAGTAAACTATTATAATTAGTCAATATCATCCCTAAATACTGCCTACTGTCCCTTGCTTATTTCATTTCAGATTTTTTTAAGATTAAACAAGGTTTTAGATTC,247562b1abc38c8d437f009e76f9c30725f73779ab0f066eed9c177eee393efc,-0.0207320180045108,0.1985816326900699,0.178579452178254,-252.9875826537609,-253.59066294133663,-252.3581880927086,-251.3208181411028,1.6404502391815186,-1.0,-0.1985816326900699,0.0,4,0.17823251887099764,0.17620727786206916,0.145609630836647,0.3147176298847059,1.0
chr9:19389082:G:T;chr9:19389084:G:A;var1;middle;OL30|K562|f7f37219cd74e2c3,chr9:19389082:G:T;chr9:19389084:G:A;var1;middle;OL30,K562,K562_region_02147,100,102,2,CATTCTGGACATAGGAATGGGCAAAGATTTCACGACAAAGATGCCAAAAGGAATCACAACAAAAGCAAATATTGACAAATGGGATTTAATTAAACTAAAGAGCTTTTGCACAGTATAAGAAACTATCAACAGAGTAAACAACCTACAGAATGGGAGAAAATTCTTGCAAGCAATGCATCTGACAAAGGTCTAATATCCAG,3d5794eca8ce9ca0ec47b56c2ab0717dd76d5be85183fd17b5d7259519d0c98e,0.0,CATTCTGGACATAGGAATGGGCAAAGATTTCACGACAAAGATGCCAAAAGGAATCACAACAAAAGCAAATATTGACAAATGGGATTTAATTAAACTAAATAGCTTTTGCACAGTATAAGAAACTATCAACAGAGTAAACAACCTACAGAATGGGAGAAAATTCTTGCAAGCAATGCATCTGACAAAGGTCTAATATCCAG,cc84ea8528c1076414612cef7becb05ac4c50cfdae8db52b3f97f40ff64f15ae,0.0793194460604035,CATTCTGGACATAGGAATGGGCAAAGATTTCACGACAAAGATGCCAAAAGGAATCACAACAAAAGCAAATATTGACAAATGGGATTTAATTAAACTAAAGAACTTTTGCACAGTATAAGAAACTATCAACAGAGTAAACAACCTACAGAATGGGAGAAAATTCTTGCAAGCAATGCATCTGACAAAGGTCTAATATCCAG,605ef109ab9e2a4743ad7f17a9c3df524de787af6bf58b51e0a3bf5a2b852419,0.182057675290619,CATTCTGGACATAGGAATGGGCAAAGATTTCACGACAAAGATGCCAAAAGGAATCACAACAAAAGCAAATATTGACAAATGGGATTTAATTAAACTAAATAACTTTTGCACAGTATAAGAAACTATCAACAGAGTAAACAACCTACAGAATGGGAGAAAATTCTTGCAAGCAATGCATCTGACAAAGGTCTAATATCCAG,f7f37219cd74e2c36bd7bcb61378cbdfaef2cd3f0aeb10b1a84efbb1dbe6a86d,-0.260299247932948,0.5216763692839705,0.351812890164519,-205.3796706013381,-156.2994407452643,-209.9674725150689,-142.07093793991953,-18.81630471907556,1.0,0.5216763692839705,0.0,4,0.1528781852422303,0.17620727786206916,0.145609630836647,0.3601143967143095,1.0
chr9:22098574:A:G;chr9:22098619:A:G;var1;middle;OL33|K562|77f281998b9bd72e,chr9:22098574:A:G;chr9:22098619:A:G;var1;middle;OL33,K562,K562_region_02148,100,145,45,TAAAAATAAAATAAAATAAAAAATGAAAAACAAAGTCCACTTGTAACCACATGTCAGTAGCATGTTTGCTTTCAGGGTACATCAAATGCATTCTATAGCACAGGATGTTCCAGTCACTCTAACAAAAGATGTCCTGTTTGGAACACCAACTCTGTATCAGTTACTTCAGACACTTTCTCTCATTGAGTCCCTTCAGCAAG,e5ee036f214fd61f09c8c8343561a68af9fde227068a0eee3c52bbbb97f29ab5,0.0,TAAAAATAAAATAAAATAAAAAATGAAAAACAAAGTCCACTTGTAACCACATGTCAGTAGCATGTTTGCTTTCAGGGTACATCAAATGCATTCTATAGCGCAGGATGTTCCAGTCACTCTAACAAAAGATGTCCTGTTTGGAACACCAACTCTGTATCAGTTACTTCAGACACTTTCTCTCATTGAGTCCCTTCAGCAAG,c30bd4b552123fc0b971155efb6beef2cedb7e8ae7263c625da2a773c45571f4,0.0437704712174026,TAAAAATAAAATAAAATAAAAAATGAAAAACAAAGTCCACTTGTAACCACATGTCAGTAGCATGTTTGCTTTCAGGGTACATCAAATGCATTCTATAGCACAGGATGTTCCAGTCACTCTAACAAAAGATGTCCTGTTTGGAACGCCAACTCTGTATCAGTTACTTCAGACACTTTCTCTCATTGAGTCCCTTCAGCAAG,9b3c0a692514916c2ea3d379110ec748d87ab7f66e96d97d77bc00cffc582432,0.0196352175171883,TAAAAATAAAATAAAATAAAAAATGAAAAACAAAGTCCACTTGTAACCACATGTCAGTAGCATGTTTGCTTTCAGGGTACATCAAATGCATTCTATAGCGCAGGATGTTCCAGTCACTCTAACAAAAGATGTCCTGTTTGGAACGCCAACTCTGTATCAGTTACTTCAGACACTTTCTCTCATTGAGTCCCTTCAGCAAG,77f281998b9bd72e55de70af934d72997bd9ed426c61c2e89b020ed7ec0cfff2,0.1118507913038,-0.0484451025692091,0.199292336958826,-314.3370043267496,-327.7953021051362,-323.44887724285945,-335.17549601825885,-1.7316790029872209,1.0,-0.0484451025692091,0.0,0,0.18355190564911344,0.18565657667894103,0.15145376406925343,0.23630272859684556,1.0
chr9:22132698:T:C;chr9:22132729:A:G;var1;middle;OL31|K562|df4dddde9431b32f,chr9:22132698:T:C;chr9:22132729:A:G;var1;middle;OL31,K562,K562_region_02149,100,131,31,CAAGGTTGAAGAGAGGAACCCTGAAGCTCTAATATGCCTAAGATGCTCTCTGGTGTTATCTAAAATCAAAATATATCACCTAGAGCACTTATTTATTTATTTATTTATTTTTGAGATGGAGTCTAGCTCTATCACCCAGGCTGGAGTGCAATGGCATGATCTCGGCTCACTGCAACCTCCGCCTCCCAGGTTCAAGCCAT,d097015f40dab0515078f34874f898dee50ce762f86e8a432c50658ebe625b17,0.0,CAAGGTTGAAGAGAGGAACCCTGAAGCTCTAATATGCCTAAGATGCTCTCTGGTGTTATCTAAAATCAAAATATATCACCTAGAGCACTTATTTATTTACTTATTTATTTTTGAGATGGAGTCTAGCTCTATCACCCAGGCTGGAGTGCAATGGCATGATCTCGGCTCACTGCAACCTCCGCCTCCCAGGTTCAAGCCAT,06290d3b0c64b40f5b7791daa50447d5c1a9d66f7360142f9ff43d90dd5c0652,0.110049429539203,CAAGGTTGAAGAGAGGAACCCTGAAGCTCTAATATGCCTAAGATGCTCTCTGGTGTTATCTAAAATCAAAATATATCACCTAGAGCACTTATTTATTTATTTATTTATTTTTGAGATGGAGTCTAGCTCTGTCACCCAGGCTGGAGTGCAATGGCATGATCTCGGCTCACTGCAACCTCCGCCTCCCAGGTTCAAGCCAT,85a25cd891be0a1c96dd1bb557e31d80c51b1b1339aec343a10b87dcb513bffa,-0.121296552850824,CAAGGTTGAAGAGAGGAACCCTGAAGCTCTAATATGCCTAAGATGCTCTCTGGTGTTATCTAAAATCAAAATATATCACCTAGAGCACTTATTTATTTACTTATTTATTTTTGAGATGGAGTCTAGCTCTGTCACCCAGGCTGGAGTGCAATGGCATGATCTCGGCTCACTGCAACCTCCGCCTCCCAGGTTCAAGCCAT,df4dddde9431b32f4eb36d373055e0ee8c05be04b09000cd31ddc97733fba306,0.133645337794895,0.144892461106516,0.170833354349813,-152.1760778867174,-157.27646113326773,-148.49198095616885,-153.65334841888398,-0.060984216164797544,-1.0,-0.144892461106516,0.0,4,0.17612374174987766,0.17620727786206916,0.145609630836647,0.12645967137271757,1.0
chr9:22133251:G:A;chr9:22133284:G:A;var1;middle;OL31|K562|98557ceed38de1ed,chr9:22133251:G:A;chr9:22133284:G:A;var1;middle;OL31,K562,K562_region_02150,100,133,33,TACATAATGGGCCACATGATTTTTACCTTTTAGGCTGTAGTTCTACATCAGTATAAGATGGTTGTTTTTTTCTTCCAATACAAAATCTAAAGCGTTGTCGGCAGTGACATTTTTAAAAACACAATATGAGACGCAACAATAAATCAGTTATTAAAATAAGATAAAGTAGGTATATAAATATTTCACCTTGGAAATAAAGC,363b3883c86e2c331a2bc5cc31cbddfc3574e182b47a9eac732b438c127562a4,0.0,TACATAATGGGCCACATGATTTTTACCTTTTAGGCTGTAGTTCTACATCAGTATAAGATGGTTGTTTTTTTCTTCCAATACAAAATCTAAAGCGTTGTCAGCAGTGACATTTTTAAAAACACAATATGAGACGCAACAATAAATCAGTTATTAAAATAAGATAAAGTAGGTATATAAATATTTCACCTTGGAAATAAAGC,db05a6feb561becb3c724dbfd87ff24d8d9c2dd790ee750cf467c98556a43a42,0.0343018879542494,TACATAATGGGCCACATGATTTTTACCTTTTAGGCTGTAGTTCTACATCAGTATAAGATGGTTGTTTTTTTCTTCCAATACAAAATCTAAAGCGTTGTCGGCAGTGACATTTTTAAAAACACAATATGAGACACAACAATAAATCAGTTATTAAAATAAGATAAAGTAGGTATATAAATATTTCACCTTGGAAATAAAGC,283a2e0a4e6be18a5e9267ee0584fc5bb92a28724fa1212f2b6a91990e05c8cb,-0.0662304425632891,TACATAATGGGCCACATGATTTTTACCTTTTAGGCTGTAGTTCTACATCAGTATAAGATGGTTGTTTTTTTCTTCCAATACAAAATCTAAAGCGTTGTCAGCAGTGACATTTTTAAAAACACAATATGAGACACAACAATAAATCAGTTATTAAAATAAGATAAAGTAGGTATATAAATATTTCACCTTGGAAATAAAGC,98557ceed38de1edbdcf1b01ab364072e2702539df004a7405b9c0b5dcd2f5ea,-0.078394441838177,0.0464658872291373,0.430687179950645,-258.52071765065193,-254.96752665936947,-255.95713847875595,-249.30315789580345,-3.1007895916700363,1.0,0.0464658872291373,0.0,0,0.18179343588618052,0.18565657667894103,0.15145376406925343,0.28266952992075,1.0
chr9:22133984:T:C;chr9:22134068:G:A;var1;middle;OL31|K562|76edbdb4af64aa4e,chr9:22133984:T:C;chr9:22134068:G:A;var1;middle;OL31,K562,K562_region_02151,100,184,84,AAATGTACAATATTGACAAAGTTTCAGTTAAGCAGATGAAATTCTAAGAGTTAAGCTGGGATTTTCCAAAATAATCCTGTTAACAGACTTGAAAGCACTTATCAGTTCTGTCTAATGAAGACATTAGAACACCATAACCTTTCCGGCCCATTTTCTTTGTCAATAAGCGTTCTTGCCCTGTCAGCAGCTCACCTCCAGCT,de38fe9dc2c54632061ce6fe9436cfc1ede1315dea083bf5662393a0ccdf6c7b,0.0,AAATGTACAATATTGACAAAGTTTCAGTTAAGCAGATGAAATTCTAAGAGTTAAGCTGGGATTTTCCAAAATAATCCTGTTAACAGACTTGAAAGCACTCATCAGTTCTGTCTAATGAAGACATTAGAACACCATAACCTTTCCGGCCCATTTTCTTTGTCAATAAGCGTTCTTGCCCTGTCAGCAGCTCACCTCCAGCT,2b21e3e8c7abc1e9bb31d6aaf5d7a35229156daa612375024bad5e17429de764,0.186805279789571,AAATGTACAATATTGACAAAGTTTCAGTTAAGCAGATGAAATTCTAAGAGTTAAGCTGGGATTTTCCAAAATAATCCTGTTAACAGACTTGAAAGCACTTATCAGTTCTGTCTAATGAAGACATTAGAACACCATAACCTTTCCGGCCCATTTTCTTTGTCAATAAGCGTTCTTGCCCTGTCAACAGCTCACCTCCAGCT,199b873ce32b8b06cee87f4cf4ad5d2170466bd8763f7e975d08c3f99a900c6b,-0.0820412322586693,AAATGTACAATATTGACAAAGTTTCAGTTAAGCAGATGAAATTCTAAGAGTTAAGCTGGGATTTTCCAAAATAATCCTGTTAACAGACTTGAAAGCACTCATCAGTTCTGTCTAATGAAGACATTAGAACACCATAACCTTTCCGGCCCATTTTCTTTGTCAATAAGCGTTCTTGCCCTGTCAACAGCTCACCTCCAGCT,76edbdb4af64aa4e3ba9d4955e33711d64440f1f5383f230cc9ac3ebf04e9866,-0.1665738433112,0.2713378908421017,0.254984584698501,-342.9813237916678,-344.3311485070735,-367.557604579255,-370.0026748497039,1.0952455550432205,1.0,0.2713378908421017,0.0,4,0.17755678601474473,0.17620727786206916,0.145609630836647,0.2298458578541165,1.0
chr9:22134068:G:A;chr9:22134094:T:C;var1;middle;OL29|K562|fa5fd9ac767bab02,chr9:22134068:G:A;chr9:22134094:T:C;var1;middle;OL29,K562,K562_region_02151,100,126,26,AGACTTGAAAGCACTTATCAGTTCTGTCTAATGAAGACATTAGAACACCATAACCTTTCCGGCCCATTTTCTTTGTCAATAAGCGTTCTTGCCCTGTCAGCAGCTCACCTCCAGCTTTAGTTTTCTCATGACAGTAAGTCTATTACCCTCCTGATCTGTCTTCTGGCTCCTCCTACCCAGGATGGGGAAGGTTTTTGACT,9516972de36300e12cd74e6ba205e4a78af8991954d567937d5e1e83eeecb494,0.0,AGACTTGAAAGCACTTATCAGTTCTGTCTAATGAAGACATTAGAACACCATAACCTTTCCGGCCCATTTTCTTTGTCAATAAGCGTTCTTGCCCTGTCAACAGCTCACCTCCAGCTTTAGTTTTCTCATGACAGTAAGTCTATTACCCTCCTGATCTGTCTTCTGGCTCCTCCTACCCAGGATGGGGAAGGTTTTTGACT,ad8bdb7de79409c00ff4b18c01b15bb684ef3f1fb1e42165d05331e6b616eed3,0.256137215268436,AGACTTGAAAGCACTTATCAGTTCTGTCTAATGAAGACATTAGAACACCATAACCTTTCCGGCCCATTTTCTTTGTCAATAAGCGTTCTTGCCCTGTCAGCAGCTCACCTCCAGCTTTAGTTTTCCCATGACAGTAAGTCTATTACCCTCCTGATCTGTCTTCTGGCTCCTCCTACCCAGGATGGGGAAGGTTTTTGACT,a933b8b89bb1361a5166c56a9f68461cb742d28bee7a04185aa1b0325604d5d8,0.180172341974863,AGACTTGAAAGCACTTATCAGTTCTGTCTAATGAAGACATTAGAACACCATAACCTTTCCGGCCCATTTTCTTTGTCAATAAGCGTTCTTGCCCTGTCAACAGCTCACCTCCAGCTTTAGTTTTCCCATGACAGTAAGTCTATTACCCTCCTGATCTGTCTTCTGGCTCCTCCTACCCAGGATGGGGAAGGTTTTTGACT,fa5fd9ac767bab02aa7182a92f1d68db4e2866d83769687d42651d13e5f90387,0.147112633344863,0.289196923898436,0.193884941340808,-399.32865619426593,-401.4694127840921,-401.1957685812376,-403.5279258582741,0.19140068721026182,1.0,0.289196923898436,0.0,4,0.17643655045566178,0.17620727786206916,0.145609630836647,0.14830597436596124,1.0
chr9:22134094:T:C;chr9:22134172:C:T;var1;middle;OL31|K562|2f02acc4972e15a5,chr9:22134094:T:C;chr9:22134172:C:T;var1;middle;OL31,K562,K562_region_02151,100,178,78,TCTAATGAAGACATTAGAACACCATAACCTTTCCGGCCCATTTTCTTTGTCAATAAGCGTTCTTGCCCTGTCAGCAGCTCACCTCCAGCTTTAGTTTTCTCATGACAGTAAGTCTATTACCCTCCTGATCTGTCTTCTGGCTCCTCCTACCCAGGATGGGGAAGGTTTTTGACTTTACTGATATTCTCAGAACAAATTTT,2ccfeabd889b60ef7420998804a1ddf35267010d41481bc4376adf3196c2e3e9,0.0,TCTAATGAAGACATTAGAACACCATAACCTTTCCGGCCCATTTTCTTTGTCAATAAGCGTTCTTGCCCTGTCAGCAGCTCACCTCCAGCTTTAGTTTTCCCATGACAGTAAGTCTATTACCCTCCTGATCTGTCTTCTGGCTCCTCCTACCCAGGATGGGGAAGGTTTTTGACTTTACTGATATTCTCAGAACAAATTTT,b0ca40350dbda04434d6a677717259276ad1323a506272c8394cc44ad85c3913,-0.485532258513181,TCTAATGAAGACATTAGAACACCATAACCTTTCCGGCCCATTTTCTTTGTCAATAAGCGTTCTTGCCCTGTCAGCAGCTCACCTCCAGCTTTAGTTTTCTCATGACAGTAAGTCTATTACCCTCCTGATCTGTCTTCTGGCTCCTCCTACCCAGGATGGGGAAGGTTTTTGACTTTATTGATATTCTCAGAACAAATTTT,07fe32c77cffd909964c7446317bfaabed0968a61b082c26be7096fd5986a467,-0.626187408721873,TCTAATGAAGACATTAGAACACCATAACCTTTCCGGCCCATTTTCTTTGTCAATAAGCGTTCTTGCCCTGTCAGCAGCTCACCTCCAGCTTTAGTTTTCCCATGACAGTAAGTCTATTACCCTCCTGATCTGTCTTCTGGCTCCTCCTACCCAGGATGGGGAAGGTTTTTGACTTTATTGATATTCTCAGAACAAATTTT,2f02acc4972e15a593a12419ce533bb2230c71ea093db1952d84a8bbc31313a0,-0.352256726614487,0.7594629406205671,0.329485541195084,-330.32974511012435,-341.8483623489737,-337.59344661794603,-333.8897074237466,15.222356433048844,-1.0,-0.7594629406205671,0.0,4,0.19506608713031426,0.17620727786206916,0.145609630836647,0.1917630116298366,1.0
chr9:22180264:A:C;chr9:22180329:T:C;var1;middle;OL27|K562|2cde510446d38edd,chr9:22180264:A:C;chr9:22180329:T:C;var1;middle;OL27,K562,K562_region_02152,100,165,65,TTCAAAAAAATCAATGAATGCAGGAGCTGGTTTTTTAAAAAGATCAACAAAATTGATAGACTGCTAGCAAGACTAATAAAGAAGAAAAGAGAGAAGAATAAAATAGACTCAATAAAAAATGATAAAGGGGATATCACCACTGATCCCACAGAAATACAAACTACTATCAGAGAATACTATAAACACCTCTATGCAAATAA,cbc199e28fc8d203336d9653e12973745ceeb3924abe9f90ef82e1ec0ac26c87,0.0,TTCAAAAAAATCAATGAATGCAGGAGCTGGTTTTTTAAAAAGATCAACAAAATTGATAGACTGCTAGCAAGACTAATAAAGAAGAAAAGAGAGAAGAATCAAATAGACTCAATAAAAAATGATAAAGGGGATATCACCACTGATCCCACAGAAATACAAACTACTATCAGAGAATACTATAAACACCTCTATGCAAATAA,aa9dd5fde09119df0c3eee905b1d8e972928db84b591c7dcaa23917fa3fe84b8,-0.114118634758179,TTCAAAAAAATCAATGAATGCAGGAGCTGGTTTTTTAAAAAGATCAACAAAATTGATAGACTGCTAGCAAGACTAATAAAGAAGAAAAGAGAGAAGAATAAAATAGACTCAATAAAAAATGATAAAGGGGATATCACCACTGATCCCACAGAAATACAAACTACCATCAGAGAATACTATAAACACCTCTATGCAAATAA,3dc64a6867308fb37ab8e11854cf6f0b501ce22e6d2fd72aa72d7d917657717b,-0.0362518494720824,TTCAAAAAAATCAATGAATGCAGGAGCTGGTTTTTTAAAAAGATCAACAAAATTGATAGACTGCTAGCAAGACTAATAAAGAAGAAAAGAGAGAAGAATCAAATAGACTCAATAAAAAATGATAAAGGGGATATCACCACTGATCCCACAGAAATACAAACTACCATCAGAGAATACTATAAACACCTCTATGCAAATAA,2cde510446d38eddddd4a57a266332fd084dcd99d7b0240ceabe1a04c6c65051,-0.320785157710272,0.1704146734800106,0.160536718570088,-253.38422600459307,-277.68314835091587,-237.60823862161487,-275.151814652374,13.244653684436344,1.0,0.1704146734800106,0.0,1,0.19584079838963997,0.18216460459877223,0.1501433469024087,0.1507178112869273,1.0
chr9:22446683:G:T;chr9:22446695:G:T;var1;middle;OL41|K562|cd2367a8037e59ad,chr9:22446683:G:T;chr9:22446695:G:T;var1;middle;OL41,K562,K562_region_02153,100,112,12,TGCAAAGGCTAGTTTACAAAAATAGACGTCGAGAACTCCTAGGGAAGCAAGTAGAAACGGGCTTTTTTTGGGGGAGGAGACATTTGCAGCCCATTGGACGGATTCCCCGCCGCCCTCCTCCCAGAAGGTCCCCACTCCCCGCCCCGGGCCCTCCCCCGGCTTCCGCGCTGGGCCGGGAGCCTGGGTGGGCGGGGTAGCCT,98f076e6f716f5fdd8c6b29d525ea1ef80727b511dbf57ceb057c25d2c4ce4c1,0.0,TGCAAAGGCTAGTTTACAAAAATAGACGTCGAGAACTCCTAGGGAAGCAAGTAGAAACGGGCTTTTTTTGGGGGAGGAGACATTTGCAGCCCATTGGACTGATTCCCCGCCGCCCTCCTCCCAGAAGGTCCCCACTCCCCGCCCCGGGCCCTCCCCCGGCTTCCGCGCTGGGCCGGGAGCCTGGGTGGGCGGGGTAGCCT,c552fe3373abfd08e81f0018248f0f61347163b67df40543ea47d9449456fc6d,-0.203380423584483,TGCAAAGGCTAGTTTACAAAAATAGACGTCGAGAACTCCTAGGGAAGCAAGTAGAAACGGGCTTTTTTTGGGGGAGGAGACATTTGCAGCCCATTGGACGGATTCCCCGCCTCCCTCCTCCCAGAAGGTCCCCACTCCCCGCCCCGGGCCCTCCCCCGGCTTCCGCGCTGGGCCGGGAGCCTGGGTGGGCGGGGTAGCCT,b7f1187a503a3d35e2cc636b4eb97d0401657c3c62548ff631a0298d78b0bbfd,-0.0128218654159539,TGCAAAGGCTAGTTTACAAAAATAGACGTCGAGAACTCCTAGGGAAGCAAGTAGAAACGGGCTTTTTTTGGGGGAGGAGACATTTGCAGCCCATTGGACTGATTCCCCGCCTCCCTCCTCCCAGAAGGTCCCCACTCCCCGCCCCGGGCCCTCCCCCGGCTTCCGCGCTGGGCCGGGAGCCTGGGTGGGCGGGGTAGCCT,cd2367a8037e59ad457b86f55aefae245cd7aa06e86416ac105a996ec65741a5,0.0936308426047761,0.309833131605213,0.186559167058545,-322.3357603694312,-319.47580042202026,-321.0784611781128,-317.2620579139329,0.9564433167689117,-1.0,-0.309833131605213,0.0,4,0.17738475294963701,0.17620727786206916,0.145609630836647,0.13536757127513047,1.0
chr9:22446683:G:T;chr9:22446751:C:T;var1;middle;OL41|K562|1e7aaa32dcc9e767,chr9:22446683:G:T;chr9:22446751:C:T;var1;middle;OL41,K562,K562_region_02153,100,168,68,TGCAAAGGCTAGTTTACAAAAATAGACGTCGAGAACTCCTAGGGAAGCAAGTAGAAACGGGCTTTTTTTGGGGGAGGAGACATTTGCAGCCCATTGGACGGATTCCCCGCCGCCCTCCTCCCAGAAGGTCCCCACTCCCCGCCCCGGGCCCTCCCCCGGCTTCCGCGCTGGGCCGGGAGCCTGGGTGGGCGGGGTAGCCT,98f076e6f716f5fdd8c6b29d525ea1ef80727b511dbf57ceb057c25d2c4ce4c1,0.0,TGCAAAGGCTAGTTTACAAAAATAGACGTCGAGAACTCCTAGGGAAGCAAGTAGAAACGGGCTTTTTTTGGGGGAGGAGACATTTGCAGCCCATTGGACTGATTCCCCGCCGCCCTCCTCCCAGAAGGTCCCCACTCCCCGCCCCGGGCCCTCCCCCGGCTTCCGCGCTGGGCCGGGAGCCTGGGTGGGCGGGGTAGCCT,c552fe3373abfd08e81f0018248f0f61347163b67df40543ea47d9449456fc6d,-0.203476473272852,TGCAAAGGCTAGTTTACAAAAATAGACGTCGAGAACTCCTAGGGAAGCAAGTAGAAACGGGCTTTTTTTGGGGGAGGAGACATTTGCAGCCCATTGGACGGATTCCCCGCCGCCCTCCTCCCAGAAGGTCCCCACTCCCCGCCCCGGGCCCTCCCCCGGCTTCCGCGTTGGGCCGGGAGCCTGGGTGGGCGGGGTAGCCT,3804613de4be3a1feb49ff5d3c9ab1b7e62b1a2657157772cf8e4c895143f4ed,0.162422280752354,TGCAAAGGCTAGTTTACAAAAATAGACGTCGAGAACTCCTAGGGAAGCAAGTAGAAACGGGCTTTTTTTGGGGGAGGAGACATTTGCAGCCCATTGGACTGATTCCCCGCCGCCCTCCTCCCAGAAGGTCCCCACTCCCCGCCCCGGGCCCTCCCCCGGCTTCCGCGTTGGGCCGGGAGCCTGGGTGGGCGGGGTAGCCT,1e7aaa32dcc9e767f477aba3960ca30c6a0d8f81adac25cdaecab2677c39b204,0.235583857608888,0.276638050129386,0.195612366151077,-322.3357603694312,-319.47580042202026,-340.2686777901836,-335.72305049654096,1.6856673462316394,-1.0,-0.276638050129386,0.0,4,0.17828856146525152,0.17620727786206916,0.145609630836647,0.12814716501717802,1.0
chr9:22446695:G:T;chr9:22446751:C:T;var1;middle;OL41|K562|552a36e6b4917746,chr9:22446695:G:T;chr9:22446751:C:T;var1;middle;OL41,K562,K562_region_02153,100,156,56,TTTACAAAAATAGACGTCGAGAACTCCTAGGGAAGCAAGTAGAAACGGGCTTTTTTTGGGGGAGGAGACATTTGCAGCCCATTGGACGGATTCCCCGCCGCCCTCCTCCCAGAAGGTCCCCACTCCCCGCCCCGGGCCCTCCCCCGGCTTCCGCGCTGGGCCGGGAGCCTGGGTGGGCGGGGTAGCCTCTCTAGCCTTGC,b28625ccd2ac1394b2696d750b1a3599fb1064b5307a8fa9b38055738925b831,0.0,TTTACAAAAATAGACGTCGAGAACTCCTAGGGAAGCAAGTAGAAACGGGCTTTTTTTGGGGGAGGAGACATTTGCAGCCCATTGGACGGATTCCCCGCCTCCCTCCTCCCAGAAGGTCCCCACTCCCCGCCCCGGGCCCTCCCCCGGCTTCCGCGCTGGGCCGGGAGCCTGGGTGGGCGGGGTAGCCTCTCTAGCCTTGC,af148339e3ba18da431429e465f1639391a466ae8cf0cff74b037060610f1f1a,0.0309775028691517,TTTACAAAAATAGACGTCGAGAACTCCTAGGGAAGCAAGTAGAAACGGGCTTTTTTTGGGGGAGGAGACATTTGCAGCCCATTGGACGGATTCCCCGCCGCCCTCCTCCCAGAAGGTCCCCACTCCCCGCCCCGGGCCCTCCCCCGGCTTCCGCGTTGGGCCGGGAGCCTGGGTGGGCGGGGTAGCCTCTCTAGCCTTGC,b3cd0aaabaf32e0bb396e8ce6c4b740f523724a8dfef77699cd3229174ce456a,0.330397256763162,TTTACAAAAATAGACGTCGAGAACTCCTAGGGAAGCAAGTAGAAACGGGCTTTTTTTGGGGGAGGAGACATTTGCAGCCCATTGGACGGATTCCCCGCCTCCCTCCTCCCAGAAGGTCCCCACTCCCCGCCCCGGGCCCTCCCCCGGCTTCCGCGTTGGGCCGGGAGCCTGGGTGGGCGGGGTAGCCTCTCTAGCCTTGC,552a36e6b4917746115705151618bad33ab42ac06bfa559f6ad252d71db942e0,0.284675006289727,0.0766997533425867,0.199644486142787,-316.2569072567858,-317.96925536589697,-336.1633504931815,-339.97303576930426,2.097337167011574,1.0,0.0766997533425867,0.0,4,0.1787987897004847,0.17620727786206916,0.145609630836647,0.06461602920930098,1.0
chr9:22446751:C:T;chr9:22446828:A:G;var1;middle;OL41|K562|0bd2268bac715a18,chr9:22446751:C:T;chr9:22446828:A:G;var1;middle;OL41,K562,K562_region_02153,100,177,77,TGGGGGAGGAGACATTTGCAGCCCATTGGACGGATTCCCCGCCGCCCTCCTCCCAGAAGGTCCCCACTCCCCGCCCCGGGCCCTCCCCCGGCTTCCGCGCTGGGCCGGGAGCCTGGGTGGGCGGGGTAGCCTCTCTAGCCTTGCCTTCTTGGCTGGAGGCACAAAGGCATTAACTTAGCGCCCGGGGTCTCTGCCAGGCT,80556c614f8ab2c7971087a39705e9bec9fa618dd001b323b953ad105d6a29a2,0.0,TGGGGGAGGAGACATTTGCAGCCCATTGGACGGATTCCCCGCCGCCCTCCTCCCAGAAGGTCCCCACTCCCCGCCCCGGGCCCTCCCCCGGCTTCCGCGTTGGGCCGGGAGCCTGGGTGGGCGGGGTAGCCTCTCTAGCCTTGCCTTCTTGGCTGGAGGCACAAAGGCATTAACTTAGCGCCCGGGGTCTCTGCCAGGCT,dcbdc4524e2f08857d9feec0989a4e01962a3c01c0eb9afd39279ca5d789e521,0.176809469956892,TGGGGGAGGAGACATTTGCAGCCCATTGGACGGATTCCCCGCCGCCCTCCTCCCAGAAGGTCCCCACTCCCCGCCCCGGGCCCTCCCCCGGCTTCCGCGCTGGGCCGGGAGCCTGGGTGGGCGGGGTAGCCTCTCTAGCCTTGCCTTCTTGGCTGGAGGCACAAAGGCATTAACTTGGCGCCCGGGGTCTCTGCCAGGCT,c3873c0959b9bac46d60ae1c241da1120de3fa3d52a892d162520fcdf03b299a,-0.228978238194173,TGGGGGAGGAGACATTTGCAGCCCATTGGACGGATTCCCCGCCGCCCTCCTCCCAGAAGGTCCCCACTCCCCGCCCCGGGCCCTCCCCCGGCTTCCGCGTTGGGCCGGGAGCCTGGGTGGGCGGGGTAGCCTCTCTAGCCTTGCCTTCTTGGCTGGAGGCACAAAGGCATTAACTTGGCGCCCGGGGTCTCTGCCAGGCT,0bd2268bac715a18ebcf9b4354d212344aca75ce472369d68d4c88402e7c58d7,0.229572741842161,0.281741510079442,0.263399591989326,-298.6147968280129,-311.21448337100446,-295.4732308909297,-305.9575251471251,2.115392286796123,-1.0,-0.281741510079442,0.0,4,0.17882116742029702,0.17620727786206916,0.145609630836647,0.2744779739153023,1.0
chr9:23829684:C:T;chr9:23829728:T:G;var1;middle;OL41|K562|030970e8173fe381,chr9:23829684:C:T;chr9:23829728:T:G;var1;middle;OL41,K562,K562_region_02154,100,144,44,GAAATATGATAGTTTAATGTCTGCATGAGAAATACAGATATCATATATCTTGCTGATTACTCTTTTATTTATTCTTCCTAAAGTAGTATGTGGACTTGCCTTTCACCGAAAGGGGGGAAAAGTTGTGAAAATTGACACCAGTGTGAATTTATACCGTGGCAACCACGCAAGAGAAAGAGGCAGGAATTAGCACCATGGAC,0054108a408ba1d6e8fa104c565384390c33b000d42e3800bfe6dfc0fe307400,0.0,GAAATATGATAGTTTAATGTCTGCATGAGAAATACAGATATCATATATCTTGCTGATTACTCTTTTATTTATTCTTCCTAAAGTAGTATGTGGACTTGCTTTTCACCGAAAGGGGGGAAAAGTTGTGAAAATTGACACCAGTGTGAATTTATACCGTGGCAACCACGCAAGAGAAAGAGGCAGGAATTAGCACCATGGAC,830b18ea22b45db7fa661f8d7773c690c4d8947a3f3e22b8159a5f91838d9813,0.0429357057632231,GAAATATGATAGTTTAATGTCTGCATGAGAAATACAGATATCATATATCTTGCTGATTACTCTTTTATTTATTCTTCCTAAAGTAGTATGTGGACTTGCCTTTCACCGAAAGGGGGGAAAAGTTGTGAAAATTGACACCAGTGGGAATTTATACCGTGGCAACCACGCAAGAGAAAGAGGCAGGAATTAGCACCATGGAC,f3204a9f11be847ca425317b61806ffbf053696dc145e42735b14ab41c7b91cb,-0.0816820935180495,GAAATATGATAGTTTAATGTCTGCATGAGAAATACAGATATCATATATCTTGCTGATTACTCTTTTATTTATTCTTCCTAAAGTAGTATGTGGACTTGCTTTTCACCGAAAGGGGGGAAAAGTTGTGAAAATTGACACCAGTGGGAATTTATACCGTGGCAACCACGCAAGAGAAAGAGGCAGGAATTAGCACCATGGAC,030970e8173fe38114511f5256c91b95bbd60796b9eb4cdab6ab314349fd23e9,0.360945262219404,0.3996916499742304,0.337439333896147,-397.1980345011689,-393.3709736824967,-410.4140277637634,-407.2959836320952,-0.7090166870039525,-1.0,-0.3996916499742304,0.0,0,0.1848654012682494,0.18565657667894103,0.15145376406925343,0.24233299411356077,1.0
chr9:23829702:A:G;chr9:23829728:T:G;var1;middle;OL41|K562|8b08d64c41ff894d,chr9:23829702:A:G;chr9:23829728:T:G;var1;middle;OL41,K562,K562_region_02154,100,126,26,GTCTGCATGAGAAATACAGATATCATATATCTTGCTGATTACTCTTTTATTTATTCTTCCTAAAGTAGTATGTGGACTTGCCTTTCACCGAAAGGGGGGAAAAGTTGTGAAAATTGACACCAGTGTGAATTTATACCGTGGCAACCACGCAAGAGAAAGAGGCAGGAATTAGCACCATGGACAGAGACGAGCAGCCCTCA,8fecbadfec85c92227dc0eeab51f86968d906df7a4f82aa7ff41d38dc8d705f3,0.0,GTCTGCATGAGAAATACAGATATCATATATCTTGCTGATTACTCTTTTATTTATTCTTCCTAAAGTAGTATGTGGACTTGCCTTTCACCGAAAGGGGGGGAAAGTTGTGAAAATTGACACCAGTGTGAATTTATACCGTGGCAACCACGCAAGAGAAAGAGGCAGGAATTAGCACCATGGACAGAGACGAGCAGCCCTCA,c09ae6e7d964556df55843710192cddca3528d4718ccba5adc7034dd5b55da6e,0.05812029631769,GTCTGCATGAGAAATACAGATATCATATATCTTGCTGATTACTCTTTTATTTATTCTTCCTAAAGTAGTATGTGGACTTGCCTTTCACCGAAAGGGGGGAAAAGTTGTGAAAATTGACACCAGTGGGAATTTATACCGTGGCAACCACGCAAGAGAAAGAGGCAGGAATTAGCACCATGGACAGAGACGAGCAGCCCTCA,41b6e86951083e6cf6c61bb52582c4a25224371965e5afc407aea4560898c928,0.574257779709986,GTCTGCATGAGAAATACAGATATCATATATCTTGCTGATTACTCTTTTATTTATTCTTCCTAAAGTAGTATGTGGACTTGCCTTTCACCGAAAGGGGGGGAAAGTTGTGAAAATTGACACCAGTGGGAATTTATACCGTGGCAACCACGCAAGAGAAAGAGGCAGGAATTAGCACCATGGACAGAGACGAGCAGCCCTCA,8b08d64c41ff894d4005a49f74c1876c473cac7e6b64913ff5d1a610e62a147c,-0.0051384039932187,0.6375164800208948,0.309359254119528,-371.402686743997,-366.92732197232544,-377.4323619883508,-375.3084303317592,2.351433115079999,1.0,0.6375164800208948,0.0,0,0.18879620750291323,0.18565657667894103,0.15145376406925343,0.20238450704036287,1.0
chr9:2493058:C:T;chr9:2493123:T:C;var1;middle;OL41|K562|64293156dcd1958f,chr9:2493058:C:T;chr9:2493123:T:C;var1;middle;OL41,K562,K562_region_02127,100,165,65,GTTTTGTTATTTCATTCTATTTTTTTGTTGATTAACTTCCTATGTCACCTGTGTCCATGAACTACGTGAGTTCATTTTATGCATTTGCACATTTAATGTCTTTTAAAATCACTCACCTAGGGCCAAAAAGCTGATTCGCAGAGTATTCTAGACTAAACCGAGGGTGGGATCCTAAGTGATTCGCAGTCTAGTCTTCTTTC,58df2a360d0ebd3ad29fe446d1e1d691cb4fa776ef4de26a54c75f887feb070b,0.0,GTTTTGTTATTTCATTCTATTTTTTTGTTGATTAACTTCCTATGTCACCTGTGTCCATGAACTACGTGAGTTCATTTTATGCATTTGCACATTTAATGTTTTTTAAAATCACTCACCTAGGGCCAAAAAGCTGATTCGCAGAGTATTCTAGACTAAACCGAGGGTGGGATCCTAAGTGATTCGCAGTCTAGTCTTCTTTC,21083cb78c2ef4f8fb389187e9b264822e5cd5ebe8fb0452558c2e816f8c1994,-0.0220852626991791,GTTTTGTTATTTCATTCTATTTTTTTGTTGATTAACTTCCTATGTCACCTGTGTCCATGAACTACGTGAGTTCATTTTATGCATTTGCACATTTAATGTCTTTTAAAATCACTCACCTAGGGCCAAAAAGCTGATTCGCAGAGTATTCTAGACTAAACCGAGGGCGGGATCCTAAGTGATTCGCAGTCTAGTCTTCTTTC,326a186ffe091776c65d1d752581a0f979407460b05dd01140e288bdec1b8b00,0.338112878677752,GTTTTGTTATTTCATTCTATTTTTTTGTTGATTAACTTCCTATGTCACCTGTGTCCATGAACTACGTGAGTTCATTTTATGCATTTGCACATTTAATGTTTTTTAAAATCACTCACCTAGGGCCAAAAAGCTGATTCGCAGAGTATTCTAGACTAAACCGAGGGCGGGATCCTAAGTGATTCGCAGTCTAGTCTTCTTTC,64293156dcd1958fda39f4e7d9906fa7d6321fef3e8d2e3b86c7e4b359e2bae2,0.542490999632859,0.226463383654286,0.253937927668964,-386.4091429640539,-379.8799851958174,-389.7293963250704,-383.80359119409695,-0.6033526372630149,-1.0,-0.226463383654286,0.0,1,0.18175128464442447,0.18216460459877223,0.1501433469024087,0.017107343828296956,1.0
chr9:32432565:C:T;chr9:32432647:T:C;var1;middle;OL27|K562|bbfcb8e2de8c1968,chr9:32432565:C:T;chr9:32432647:T:C;var1;middle;OL27,K562,K562_region_02155,100,182,82,GGTGTGATGTTCACACGCTGCACTCTTCACAAGGTGCTCCTTGGGAGATGGTGTTAGGGAGCTTGGCAGGCATTATGTTAAATGCCTTCCTCCAAAGGCCGAGTTAATGGACCTGTGGACAGAATTCAAACCAATTTTAATGCATAGCAGCTGTCATTTGCTACCCAGTGTTTGTGTGACCTGGAAGGCCACTTCCCAAA,715657211dd1745ea3d40be4d05f537e0ef215ffea116ca467249efd798599e3,0.0,GGTGTGATGTTCACACGCTGCACTCTTCACAAGGTGCTCCTTGGGAGATGGTGTTAGGGAGCTTGGCAGGCATTATGTTAAATGCCTTCCTCCAAAGGCTGAGTTAATGGACCTGTGGACAGAATTCAAACCAATTTTAATGCATAGCAGCTGTCATTTGCTACCCAGTGTTTGTGTGACCTGGAAGGCCACTTCCCAAA,9772ceb74e71347ac42e96fe89d985c41de5668798c58547fa7901c72450c1a9,-0.0736165001383464,GGTGTGATGTTCACACGCTGCACTCTTCACAAGGTGCTCCTTGGGAGATGGTGTTAGGGAGCTTGGCAGGCATTATGTTAAATGCCTTCCTCCAAAGGCCGAGTTAATGGACCTGTGGACAGAATTCAAACCAATTTTAATGCATAGCAGCTGTCATTTGCTACCCAGTGTTTGTGTGACCCGGAAGGCCACTTCCCAAA,095baf0e4285fa5071087b7da3f94ed1225371806f9e48d789b34d7ce6493a63,0.94684794904477,GGTGTGATGTTCACACGCTGCACTCTTCACAAGGTGCTCCTTGGGAGATGGTGTTAGGGAGCTTGGCAGGCATTATGTTAAATGCCTTCCTCCAAAGGCTGAGTTAATGGACCTGTGGACAGAATTCAAACCAATTTTAATGCATAGCAGCTGTCATTTGCTACCCAGTGTTTGTGTGACCCGGAAGGCCACTTCCCAAA,bbfcb8e2de8c196840c75314201d59be65f67c9631ba432334aedf8a336a62bb,1.0512492714364,0.1780178225299763,0.140878093752149,-353.157044400461,-331.39833153784275,-369.4235548581928,-346.1267210431397,1.5381209524348378,-1.0,-0.1780178225299763,0.0,4,0.1781056907948212,0.17620727786206916,0.145609630836647,0.14280408715948145,1.0
chr9:33521992:C:T;chr9:33522045:G:A;var1;middle;OL41|K562|6bfdab94ff8ab2b8,chr9:33521992:C:T;chr9:33522045:G:A;var1;middle;OL41,K562,K562_region_02156,100,153,53,CCATTCATTTGTTGATGGACACGGGTTGTCTCTGCCTTTTGGCTATAACAAATAATGCTGCAATTAACTTCGGTGTAAAAATATCTGTTCCAGACCCTGCTGCCAATTTTTTGTGTGTGAATAATGCCTAGGAGTGGAATTTCTGGTTCTCCGTGTGATTCTGTGAGGAACCACCAAATTGTTTTCCACAGCAAGTGCAT,8c585d01d8a2cdbbcd7b879f239a95de5b919d42756727e1506d5f01b42b62d0,0.0,CCATTCATTTGTTGATGGACACGGGTTGTCTCTGCCTTTTGGCTATAACAAATAATGCTGCAATTAACTTCGGTGTAAAAATATCTGTTCCAGACCCTGTTGCCAATTTTTTGTGTGTGAATAATGCCTAGGAGTGGAATTTCTGGTTCTCCGTGTGATTCTGTGAGGAACCACCAAATTGTTTTCCACAGCAAGTGCAT,a9d1bf0ad7abb998bfddf6c6849485c10f426f92eb6608d3e0f7740f3cbedb9b,-0.16202879354236,CCATTCATTTGTTGATGGACACGGGTTGTCTCTGCCTTTTGGCTATAACAAATAATGCTGCAATTAACTTCGGTGTAAAAATATCTGTTCCAGACCCTGCTGCCAATTTTTTGTGTGTGAATAATGCCTAGGAGTGGAATTTCTGGTTCTCCATGTGATTCTGTGAGGAACCACCAAATTGTTTTCCACAGCAAGTGCAT,bd6c85ee1ebcea2904380acf83cfdab47a5b50003af185fd694ac68aa2c6025c,-0.30700136081746,CCATTCATTTGTTGATGGACACGGGTTGTCTCTGCCTTTTGGCTATAACAAATAATGCTGCAATTAACTTCGGTGTAAAAATATCTGTTCCAGACCCTGTTGCCAATTTTTTGTGTGTGAATAATGCCTAGGAGTGGAATTTCTGGTTCTCCATGTGATTCTGTGAGGAACCACCAAATTGTTTTCCACAGCAAGTGCAT,6bfdab94ff8ab2b806c862e9286a02ad2d6fb1fa040dbbacc0a70061eb751408,-0.232856445943848,0.236173708415972,0.205882186366347,-203.2846550364048,-244.04889628477395,-218.51516545191407,-252.0201382059604,7.259268494322782,-1.0,-0.236173708415972,0.0,4,0.18519654581128994,0.17620727786206916,0.145609630836647,0.2447578609147701,1.0
chr9:33524725:G:T;chr9:33524775:C:A;var1;middle;OL41|K562|8e865084fb02a2cb,chr9:33524725:G:T;chr9:33524775:C:A;var1;middle;OL41,K562,K562_region_02157,100,150,50,GCCGCAGAGGTGGAGCACTGCCTGACGCGCAGGTTCCGGGACTTGGACGTCCGCGACAGAAAAGACAGGTAGCGGGGGCTCAGCCCTCGGTGGGAGGGGGCCCCCAGGCCCGGTTTCCCCGCACCGCCTGAGGCGGGGTCGTCGGAGTTCGCCGGGACCCTGGGAGCCGCGGAGCCAAATGGAGCCTCAGCTGCTTTCCA,42e426d85bed480ba5bd567fe4b362de5bad2437aac0f1439787f9f3de349e08,0.0,GCCGCAGAGGTGGAGCACTGCCTGACGCGCAGGTTCCGGGACTTGGACGTCCGCGACAGAAAAGACAGGTAGCGGGGGCTCAGCCCTCGGTGGGAGGGGTCCCCCAGGCCCGGTTTCCCCGCACCGCCTGAGGCGGGGTCGTCGGAGTTCGCCGGGACCCTGGGAGCCGCGGAGCCAAATGGAGCCTCAGCTGCTTTCCA,e5666fd11e16923100ea9f03fc6d1126ead2599ee3c6fe9d4c5fff07fd09d56c,-0.0521424398905648,GCCGCAGAGGTGGAGCACTGCCTGACGCGCAGGTTCCGGGACTTGGACGTCCGCGACAGAAAAGACAGGTAGCGGGGGCTCAGCCCTCGGTGGGAGGGGGCCCCCAGGCCCGGTTTCCCCGCACCGCCTGAGGCGGGGTCGTCGGAGTTAGCCGGGACCCTGGGAGCCGCGGAGCCAAATGGAGCCTCAGCTGCTTTCCA,20a639d9b196aa008291e250eb08171a039ef58f4e108ea09a0e2e26d69b9baa,-0.145395042274001,GCCGCAGAGGTGGAGCACTGCCTGACGCGCAGGTTCCGGGACTTGGACGTCCGCGACAGAAAAGACAGGTAGCGGGGGCTCAGCCCTCGGTGGGAGGGGTCCCCCAGGCCCGGTTTCCCCGCACCGCCTGAGGCGGGGTCGTCGGAGTTAGCCGGGACCCTGGGAGCCGCGGAGCCAAATGGAGCCTCAGCTGCTTTCCA,8e865084fb02a2cba076814250394c44d84785b6c142ce2dfd7a873b88100fcc,-0.130623848515366,0.0669136336491998,0.312857390488158,-358.4616063060239,-355.2754104780033,-354.57238058233634,-351.76034124335274,-0.3741564890369773,-1.0,-0.0669136336491998,0.0,1,0.18198447794357261,0.18216460459877223,0.1501433469024087,0.1430155920668382,1.0
chr9:34336266:C:T;chr9:34336342:A:G;var1;middle;OL41|K562|2afbc4c3a6eedc1e,chr9:34336266:C:T;chr9:34336342:A:G;var1;middle;OL41,K562,K562_region_02158,100,176,76,AGGCAGGAGCAAGGTACCCCACATCTATAACTTTCTAATGCTTTTTGAGCATCTTTATAGGGAGGGCATGGGATCAGCTACCTGTTTCTGCCTCAACCACGGACCAATAATATGAGATCTTTGTTCACCAGTTCTACAGTGATGGGGTGCTTCCTTTTGGCTTCTGGAATGGGGTAAGTTCTTGACATAAATAGGGAGTC,b656b8610946abca050a1301d7a6b8b3f8a5792300a4a73950ad69af99a41cfb,0.0,AGGCAGGAGCAAGGTACCCCACATCTATAACTTTCTAATGCTTTTTGAGCATCTTTATAGGGAGGGCATGGGATCAGCTACCTGTTTCTGCCTCAACCATGGACCAATAATATGAGATCTTTGTTCACCAGTTCTACAGTGATGGGGTGCTTCCTTTTGGCTTCTGGAATGGGGTAAGTTCTTGACATAAATAGGGAGTC,0cbb8fee42eedfc9d3744f7742fbc6443914ccab6b6445e343b5f4f989ddaceb,-0.120185604336476,AGGCAGGAGCAAGGTACCCCACATCTATAACTTTCTAATGCTTTTTGAGCATCTTTATAGGGAGGGCATGGGATCAGCTACCTGTTTCTGCCTCAACCACGGACCAATAATATGAGATCTTTGTTCACCAGTTCTACAGTGATGGGGTGCTTCCTTTTGGCTTCTGGAATGGGGTGAGTTCTTGACATAAATAGGGAGTC,4a00802b32fa518465d9c26940bcf7b4aace7fe0d17ca4f7c87719f6bc8c4f0e,-0.182945958422274,AGGCAGGAGCAAGGTACCCCACATCTATAACTTTCTAATGCTTTTTGAGCATCTTTATAGGGAGGGCATGGGATCAGCTACCTGTTTCTGCCTCAACCATGGACCAATAATATGAGATCTTTGTTCACCAGTTCTACAGTGATGGGGTGCTTCCTTTTGGCTTCTGGAATGGGGTGAGTTCTTGACATAAATAGGGAGTC,2afbc4c3a6eedc1e702eb4695356bfc1957ca6a5a7770e40f3cb07afb9d224fa,0.0001714269098019,0.3033029896685519,0.222301922973347,-269.9665170907974,-262.6137434095144,-270.7620358765125,-262.4031731188297,1.0060890763998032,-1.0,-0.3033029896685519,0.0,0,0.18706826322119002,0.18565657667894103,0.15145376406925343,0.22975245923462528,1.0
chr9:35658062:G:T;chr9:35658072:A:G;var1;middle;OL41|K562|94ff640bd68088cd,chr9:35658062:G:T;chr9:35658072:A:G;var1;middle;OL41,K562,K562_region_02159,100,110,10,GAGGAACAGAGTCCTCAGTGTGTAGCCTAGGATACAGGCCTTCAGCACGAACCACGTCCTCAGCTTCACAGAGTAGTATTTTATAGCCCTAAAGAAATTGTGTTTTATGATTAGGGTGAGAAAGTTGGTGGCGTGAGATTAAAAAAACCGTTTTCGGGCATAACTTTCTAAGACTATAGGCTTTCAGAGGCATTGTGGCT,daaecc82795488e529c2b26545cbdd6565210d6b376e77b63cb890ec70c009a3,0.0,GAGGAACAGAGTCCTCAGTGTGTAGCCTAGGATACAGGCCTTCAGCACGAACCACGTCCTCAGCTTCACAGAGTAGTATTTTATAGCCCTAAAGAAATTTTGTTTTATGATTAGGGTGAGAAAGTTGGTGGCGTGAGATTAAAAAAACCGTTTTCGGGCATAACTTTCTAAGACTATAGGCTTTCAGAGGCATTGTGGCT,1aff851ccc492b64b21a948d744abb61b5db65544711f91a3a11043e9ff30349,-0.054756270330664,GAGGAACAGAGTCCTCAGTGTGTAGCCTAGGATACAGGCCTTCAGCACGAACCACGTCCTCAGCTTCACAGAGTAGTATTTTATAGCCCTAAAGAAATTGTGTTTTATGGTTAGGGTGAGAAAGTTGGTGGCGTGAGATTAAAAAAACCGTTTTCGGGCATAACTTTCTAAGACTATAGGCTTTCAGAGGCATTGTGGCT,ab63e900d4d10d1476096b2fc8533c392cb6a284a3d8a9fbeb0cd903104d7ca2,-0.347638521715146,GAGGAACAGAGTCCTCAGTGTGTAGCCTAGGATACAGGCCTTCAGCACGAACCACGTCCTCAGCTTCACAGAGTAGTATTTTATAGCCCTAAAGAAATTTTGTTTTATGGTTAGGGTGAGAAAGTTGGTGGCGTGAGATTAAAAAAACCGTTTTCGGGCATAACTTTCTAAGACTATAGGCTTTCAGAGGCATTGTGGCT,94ff640bd68088cd2864cf63eaa2f68520b7a067f291f140295162ca1a9efbeb,-0.0357043878024265,0.3666904042433834,0.26578772250484,-319.16158524760976,-325.6028532320633,-317.65986750414595,-322.09761540358886,2.0035200850106776,-1.0,-0.3666904042433834,0.0,4,0.17868251174721295,0.17620727786206916,0.145609630836647,0.22871288211822804,1.0
chr9:35686376:G:A;chr9:35686390:G:A;var1;middle;OL41|K562|1bbb5fadeea5277d,chr9:35686376:G:A;chr9:35686390:G:A;var1;middle;OL41,K562,K562_region_02160,100,114,14,GCTTGACAAGCTCCGCTCCCCTGCTGCAGGGCCTCTCCTGCACTGTGCACAGTTAGTCTCCCAAAGGTCACCTGCACACAAGTCCTCCTGTTCCCTGTGGGAGCACTTCAAGTGCTGGGGCCAGGTCTGATGCAGCTCTGATTCCTACACAGCAAAGCCTGGCCCAGGTAAGGGGATGGGAGGAGAATCAGGCCAACCAG,e05f6b1b64c628ca1da0f418bd5782998c5127963d22749024788346a79f9eb7,0.0,GCTTGACAAGCTCCGCTCCCCTGCTGCAGGGCCTCTCCTGCACTGTGCACAGTTAGTCTCCCAAAGGTCACCTGCACACAAGTCCTCCTGTTCCCTGTGAGAGCACTTCAAGTGCTGGGGCCAGGTCTGATGCAGCTCTGATTCCTACACAGCAAAGCCTGGCCCAGGTAAGGGGATGGGAGGAGAATCAGGCCAACCAG,cfa41c93aa58e9a424de90d3fc6151a320282930cfaab2c4cf146060fb61a489,-0.276992375811994,GCTTGACAAGCTCCGCTCCCCTGCTGCAGGGCCTCTCCTGCACTGTGCACAGTTAGTCTCCCAAAGGTCACCTGCACACAAGTCCTCCTGTTCCCTGTGGGAGCACTTCAAGTACTGGGGCCAGGTCTGATGCAGCTCTGATTCCTACACAGCAAAGCCTGGCCCAGGTAAGGGGATGGGAGGAGAATCAGGCCAACCAG,35b3a14765f291b411aa5856c119b0778c31ae470ad98ce0c2f920e997e6dfe1,0.464797259386241,GCTTGACAAGCTCCGCTCCCCTGCTGCAGGGCCTCTCCTGCACTGTGCACAGTTAGTCTCCCAAAGGTCACCTGCACACAAGTCCTCCTGTTCCCTGTGAGAGCACTTCAAGTACTGGGGCCAGGTCTGATGCAGCTCTGATTCCTACACAGCAAAGCCTGGCCCAGGTAAGGGGATGGGAGGAGAATCAGGCCAACCAG,1bbb5fadeea5277d07afcb83947e807d62e1275bd7f2a3dbdc6fac03dcb6a98f,0.18331099276894,-0.004493890805307,0.389989119214603,-238.89776927232745,-237.87841007113457,-239.9298475384712,-241.29707887768743,-2.386590540409088,-1.0,0.004493890805307,0.0,4,0.17324135894994774,0.17620727786206916,0.145609630836647,0.27961863471169146,1.0
chr9:37716237:C:A;chr9:37716242:G:A;var1;middle;OL41|K562|3a972de320117217,chr9:37716237:C:A;chr9:37716242:G:A;var1;middle;OL41,K562,K562_region_02161,100,105,5,CGCTAGTAAAGCCCAAGATTGGGTTAACATTTTCGCAGGCTCAATCACACTGTCGGCTTGGGTGAAACTGGTGACCAACTAAATACTGAGCTGGTTTTCCAAGGGATAGCTTCCAAGCCACGTCCCTTCAGTTCCATGCTTGTGCAATTGAATTGAATTCTGTGCAATTGATTTTTTGGATGCTCAACACCACACTTCAC,df938f9e71f01fd294bfbf554128f529ca57daa907e704a71430ffe811138ee8,0.0,CGCTAGTAAAGCCCAAGATTGGGTTAACATTTTCGCAGGCTCAATCACACTGTCGGCTTGGGTGAAACTGGTGACCAACTAAATACTGAGCTGGTTTTCAAAGGGATAGCTTCCAAGCCACGTCCCTTCAGTTCCATGCTTGTGCAATTGAATTGAATTCTGTGCAATTGATTTTTTGGATGCTCAACACCACACTTCAC,af5ffaf15cd87c333c16b340d2d961ecdfa1e6e3fe9929d5c91d390c76f31edf,-0.21327592662548,CGCTAGTAAAGCCCAAGATTGGGTTAACATTTTCGCAGGCTCAATCACACTGTCGGCTTGGGTGAAACTGGTGACCAACTAAATACTGAGCTGGTTTTCCAAGGAATAGCTTCCAAGCCACGTCCCTTCAGTTCCATGCTTGTGCAATTGAATTGAATTCTGTGCAATTGATTTTTTGGATGCTCAACACCACACTTCAC,8b7c4926abfbd04539832cfdd3ac1b7a60fedabcc7313835f4f506f977cdfcc7,0.249194014269224,CGCTAGTAAAGCCCAAGATTGGGTTAACATTTTCGCAGGCTCAATCACACTGTCGGCTTGGGTGAAACTGGTGACCAACTAAATACTGAGCTGGTTTTCAAAGGAATAGCTTCCAAGCCACGTCCCTTCAGTTCCATGCTTGTGCAATTGAATTGAATTCTGTGCAATTGATTTTTTGGATGCTCAACACCACACTTCAC,3a972de3201172170311fd06e8ab3d6f8c65bb5c3d1e471dcfcdab285dd615c2,-0.107114252012896,-0.1430323396566399,0.411385699968868,-357.16722372430377,-355.83986178203486,-343.6671305401251,-346.17940836027265,-3.839639762416482,-1.0,0.1430323396566399,0.0,4,0.17144043329830005,0.17620727786206916,0.145609630836647,0.23981437485591828,1.0
chr9:37806425:A:C;chr9:37806462:C:T;var1;middle;OL41|K562|cddd40358d217afb,chr9:37806425:A:C;chr9:37806462:C:T;var1;middle;OL41,K562,K562_region_02162,100,137,37,AGAGTTAAGAACTAGGACAGCAAGAGACTGTCAGCAAACATCTCACTGGAGAACTACAGGGCAGCAGCCATTCTAATTACTCCTCACCCGTGCCTGGCAACCTCCAACACACAAAAAAATCCATAGGCCCAGTGACCATCTGGCTTCCCTAAGAGTAGGGCTGCCTACCTTTCTCATATCACTCTCACATGGCCCCTTTG,f70257abc77c5d9f3b33a2ec679e55bff92368afbc3c3d25b7ac823202fe4526,0.0,AGAGTTAAGAACTAGGACAGCAAGAGACTGTCAGCAAACATCTCACTGGAGAACTACAGGGCAGCAGCCATTCTAATTACTCCTCACCCGTGCCTGGCACCCTCCAACACACAAAAAAATCCATAGGCCCAGTGACCATCTGGCTTCCCTAAGAGTAGGGCTGCCTACCTTTCTCATATCACTCTCACATGGCCCCTTTG,fd46850ab4af88c1e5dc8869dd99e38ce782f6e7f3263d1a77ab2bbfe709da19,1.16716971690218,AGAGTTAAGAACTAGGACAGCAAGAGACTGTCAGCAAACATCTCACTGGAGAACTACAGGGCAGCAGCCATTCTAATTACTCCTCACCCGTGCCTGGCAACCTCCAACACACAAAAAAATCCATAGGCCCAGTGACTATCTGGCTTCCCTAAGAGTAGGGCTGCCTACCTTTCTCATATCACTCTCACATGGCCCCTTTG,cc5b04aae3bd39317e9f8a3f58c829dd5fd32bd1e0bafe3989286877056853c7,0.352179876859935,AGAGTTAAGAACTAGGACAGCAAGAGACTGTCAGCAAACATCTCACTGGAGAACTACAGGGCAGCAGCCATTCTAATTACTCCTCACCCGTGCCTGGCACCCTCCAACACACAAAAAAATCCATAGGCCCAGTGACTATCTGGCTTCCCTAAGAGTAGGGCTGCCTACCTTTCTCATATCACTCTCACATGGCCCCTTTG,cddd40358d217afb00dcd6444b61df5c496e7056e06bf7dc0d11f74808eac8da,-0.0961416073904256,1.6154912011525406,0.386713896062689,-356.76312772743404,-346.015360461548,-358.1801768913865,-347.98465666919947,0.5522470436990261,1.0,1.6154912011525406,0.0,2,0.1759985847158669,0.17490732828716207,0.146091925319964,0.31096559380049693,1.0
chr9:38381288:G:A;chr9:38381308:G:T;var1;middle;OL41|K562|877f4cf5e49f6b34,chr9:38381288:G:A;chr9:38381308:G:T;var1;middle;OL41,K562,K562_region_02163,100,120,20,CCCCGTTCAGTGCACCGGTTTCTTCCTCCCATCATGGGACAGGTGGAATGTGATCTGAGATGCCAGCCTTGGTCAGCTGGAGGGTTGTTCAGCTGCCTCGTGACTCCTCCTCGGTAAGAGTGAAAGAGCCTTTCATTCCCTAAATAAACATGTCTATTAGAGGCATTGATCTGTCCCCAGCAGGCAGTAATTGCACCTCA,fc2551706c3b7e1cf4ee59026e9b67f48b273560dd4d7a653c8b78d96dd60dfe,0.0,CCCCGTTCAGTGCACCGGTTTCTTCCTCCCATCATGGGACAGGTGGAATGTGATCTGAGATGCCAGCCTTGGTCAGCTGGAGGGTTGTTCAGCTGCCTCATGACTCCTCCTCGGTAAGAGTGAAAGAGCCTTTCATTCCCTAAATAAACATGTCTATTAGAGGCATTGATCTGTCCCCAGCAGGCAGTAATTGCACCTCA,54fc9e7f24cd54be47739edb2c94dd9cccc6dee14def708768147dd2bca23d7d,-0.117227212374596,CCCCGTTCAGTGCACCGGTTTCTTCCTCCCATCATGGGACAGGTGGAATGTGATCTGAGATGCCAGCCTTGGTCAGCTGGAGGGTTGTTCAGCTGCCTCGTGACTCCTCCTCGGTAAGATTGAAAGAGCCTTTCATTCCCTAAATAAACATGTCTATTAGAGGCATTGATCTGTCCCCAGCAGGCAGTAATTGCACCTCA,e07b5cb6ed837fa5ee64ca11eddc1d994986fc97453c4019a260219676737362,-0.0007196682748493,CCCCGTTCAGTGCACCGGTTTCTTCCTCCCATCATGGGACAGGTGGAATGTGATCTGAGATGCCAGCCTTGGTCAGCTGGAGGGTTGTTCAGCTGCCTCATGACTCCTCCTCGGTAAGATTGAAAGAGCCTTTCATTCCCTAAATAAACATGTCTATTAGAGGCATTGATCTGTCCCCAGCAGGCAGTAATTGCACCTCA,877f4cf5e49f6b347499b2994186d0b1a2bb062dc9eede45659f7acc26b5ccbf,-0.145998475327041,0.0280515946775956,0.476119429747334,-410.36813770234585,-399.40247744042426,-412.2880132002756,-399.8793319324032,-1.4430210059508113,1.0,0.0280515946775956,0.0,4,0.17441082971045757,0.17620727786206916,0.145609630836647,0.34740755239128435,1.0
chr9:4662286:G:C;chr9:4662369:A:C;var1;middle;OL41|K562|15084f33e917e44e,chr9:4662286:G:C;chr9:4662369:A:C;var1;middle;OL41,K562,K562_region_02128,100,183,83,CTCCCCTCTGCTCTCCTCACATTGGAAATTCCAACTCCCTCCCACGTCTCCACCAGGTGTCACAATCGCGCTCTCGCCGGCTCCTCTCCCCGCCCCTCCGGGATGGTAGTGCGGAAGCGGAAGAGGCTGCAGGGCCGGGAAGCCTCTGTTTGGTCCGGCCAGGTCCCGGGATCCGGGCCGCCAGCTGCGATGCCAAGTCC,2d5e279e96e6d32e3e728b2056e45500b79a80aa6bb4bb02afb30e5c6668a454,0.0,CTCCCCTCTGCTCTCCTCACATTGGAAATTCCAACTCCCTCCCACGTCTCCACCAGGTGTCACAATCGCGCTCTCGCCGGCTCCTCTCCCCGCCCCTCCCGGATGGTAGTGCGGAAGCGGAAGAGGCTGCAGGGCCGGGAAGCCTCTGTTTGGTCCGGCCAGGTCCCGGGATCCGGGCCGCCAGCTGCGATGCCAAGTCC,43b24c1d1df8bdd8964a30b9de5b07d9ed0986a90f65d145b74f37494e813635,0.152395470264719,CTCCCCTCTGCTCTCCTCACATTGGAAATTCCAACTCCCTCCCACGTCTCCACCAGGTGTCACAATCGCGCTCTCGCCGGCTCCTCTCCCCGCCCCTCCGGGATGGTAGTGCGGAAGCGGAAGAGGCTGCAGGGCCGGGAAGCCTCTGTTTGGTCCGGCCAGGTCCCGGGATCCGGGCCGCCCGCTGCGATGCCAAGTCC,08f609380adbd72758d660605e95f1a77da8c4418da587e6861ae82f09940aa3,-0.122287554643855,CTCCCCTCTGCTCTCCTCACATTGGAAATTCCAACTCCCTCCCACGTCTCCACCAGGTGTCACAATCGCGCTCTCGCCGGCTCCTCTCCCCGCCCCTCCCGGATGGTAGTGCGGAAGCGGAAGAGGCTGCAGGGCCGGGAAGCCTCTGTTTGGTCCGGCCAGGTCCCGGGATCCGGGCCGCCCGCTGCGATGCCAAGTCC,15084f33e917e44ea24ea3d5cc189eb02ce259eb357f5cecbb080b4af22bf3c8,0.115262299338394,0.08515438371753,0.230957173263754,-321.8857893468812,-346.1856576981954,-286.9493845459074,-308.3554887622595,2.8937641349621117,-1.0,-0.08515438371753,0.0,2,0.17940802291666014,0.17490732828716207,0.146091925319964,0.2071061408844904,1.0
chr9:4664836:A:T;chr9:4664852:A:G;var1;middle;OL41|K562|ce6972c0bcb8e1c0,chr9:4664836:A:T;chr9:4664852:A:G;var1;middle;OL41,K562,K562_region_02129,100,116,16,GAACCTGGAGAACGGCTGTGATAAGTAGGTTTTGATTGAGTGAAAGCATGAGCTTGTTCAGAGTGAGGGGCATAGTGAAAAAGGAACAGCCATGCCTCAAAATCAAATCATTTGCATTCCCACAGCATCCTGAATACCGACTACCTCTTCACTTGCTAAAGCAGCTAAACTGTGAAGCTCTAAGTGGTTTGGGTTTGTTG,f431ac6fd34fe35936cf8327a3887f0631ff74bfe1504c209a4e2f1b5a712bb6,0.0,GAACCTGGAGAACGGCTGTGATAAGTAGGTTTTGATTGAGTGAAAGCATGAGCTTGTTCAGAGTGAGGGGCATAGTGAAAAAGGAACAGCCATGCCTCATAATCAAATCATTTGCATTCCCACAGCATCCTGAATACCGACTACCTCTTCACTTGCTAAAGCAGCTAAACTGTGAAGCTCTAAGTGGTTTGGGTTTGTTG,f22ef701e4c52e8b0e632ac38ec25bd6455c0b8f109324912ceb144ceb6de76e,0.484634878228943,GAACCTGGAGAACGGCTGTGATAAGTAGGTTTTGATTGAGTGAAAGCATGAGCTTGTTCAGAGTGAGGGGCATAGTGAAAAAGGAACAGCCATGCCTCAAAATCAAATCATTTGCGTTCCCACAGCATCCTGAATACCGACTACCTCTTCACTTGCTAAAGCAGCTAAACTGTGAAGCTCTAAGTGGTTTGGGTTTGTTG,058f36d55d7dc25a5651d4e18ba64dc8c256868ac22b187d8f13e4621590700d,-0.171755761240455,GAACCTGGAGAACGGCTGTGATAAGTAGGTTTTGATTGAGTGAAAGCATGAGCTTGTTCAGAGTGAGGGGCATAGTGAAAAAGGAACAGCCATGCCTCATAATCAAATCATTTGCGTTCCCACAGCATCCTGAATACCGACTACCTCTTCACTTGCTAAAGCAGCTAAACTGTGAAGCTCTAAGTGGTTTGGGTTTGTTG,ce6972c0bcb8e1c0463b42d0e3ab131c31af8134c815c6e4f9a061950836cb90,0.174501802890706,-0.138377314097782,0.219340236473841,-265.4390616118908,-267.0596739053726,-273.75870057940483,-274.72027811408043,0.6590347588062286,-1.0,0.138377314097782,0.0,2,0.17615407626304394,0.17490732828716207,0.146091925319964,0.0036967778714981914,1.0
chr9:4740456:A:C;chr9:4740540:G:A;var1;middle;OL41|K562|b9d605236a22b3b1,chr9:4740456:A:C;chr9:4740540:G:A;var1;middle;OL41,K562,K562_region_02130,100,184,84,AATAGCCTTCGTGTCTACGAAATCTAAGGATATCAAAATGAGATAATTTTATGACTGCAACAAGGGTAAATAATACTTGGCCTTGGGAATATGGGGGAAAGGTCAGAACTACAAGATCTCATAGAGCTTAACCACACCAAAAAAGAAAGAGAAAAGAAAGAAACAAAGAAAACAAAACAGAACGAGCAGACTCTAGCAGG,486b3da2f893eb597c2f02cd8fd4fc6af2599a0352655615ecce17c30a94756a,0.0,AATAGCCTTCGTGTCTACGAAATCTAAGGATATCAAAATGAGATAATTTTATGACTGCAACAAGGGTAAATAATACTTGGCCTTGGGAATATGGGGGAACGGTCAGAACTACAAGATCTCATAGAGCTTAACCACACCAAAAAAGAAAGAGAAAAGAAAGAAACAAAGAAAACAAAACAGAACGAGCAGACTCTAGCAGG,506a0f6c28287783e7eba7294df39342eacbc40ec4cc94bfa6eb1b56ece14f51,0.14627169650245,AATAGCCTTCGTGTCTACGAAATCTAAGGATATCAAAATGAGATAATTTTATGACTGCAACAAGGGTAAATAATACTTGGCCTTGGGAATATGGGGGAAAGGTCAGAACTACAAGATCTCATAGAGCTTAACCACACCAAAAAAGAAAGAGAAAAGAAAGAAACAAAGAAAACAAAACAGAACAAGCAGACTCTAGCAGG,55a79c6c0b4f6f2b3ace2b78d7fd297f530eea52b3534a7f5185452854f0e711,-0.50951379874229,AATAGCCTTCGTGTCTACGAAATCTAAGGATATCAAAATGAGATAATTTTATGACTGCAACAAGGGTAAATAATACTTGGCCTTGGGAATATGGGGGAACGGTCAGAACTACAAGATCTCATAGAGCTTAACCACACCAAAAAAGAAAGAGAAAAGAAAGAAACAAAGAAAACAAAACAGAACAAGCAGACTCTAGCAGG,b9d605236a22b3b1eeb4c3fd2980df6844f35fe130133cc20d49b7f4b7c1a8c5,0.0918756444937194,0.4551177467335594,0.546326685580988,-366.5885430939961,-377.7332709934562,-359.0519926464185,-370.280158679001,-0.0834381331223426,-1.0,-0.4551177467335594,0.0,3,0.18130493585715074,0.18106719778262317,0.1474303780702046,0.08156434626248077,1.0
chr9:4763484:G:A;chr9:4763491:G:A;var1;middle;OL27|K562|a92d101bed5f7f49,chr9:4763484:G:A;chr9:4763491:G:A;var1;middle;OL27,K562,K562_region_02131,100,107,7,GCTACTGGCAGACTATCAGGCCAGGCCAGAGCTGGAGGCTGAGCTGGTTTCCTCCGGGCAGGACAGAGCTTTCAGGCAGCGACCTCCTAGGAGGAAGGCGGGGGGAGGGTTTGCAGCCTTCCCTACTCTGGGCAGACAGAGGAATGTGGTGGACAGGAAAAAGGGGGAGGAGGCAGGACCTCTACTCTCAGCATAGACCC,5b4069c3ef8fe99763b1d2df41919fad569df819bef6651f710c2513b9430786,0.0,GCTACTGGCAGACTATCAGGCCAGGCCAGAGCTGGAGGCTGAGCTGGTTTCCTCCGGGCAGGACAGAGCTTTCAGGCAGCGACCTCCTAGGAGGAAGGCAGGGGGAGGGTTTGCAGCCTTCCCTACTCTGGGCAGACAGAGGAATGTGGTGGACAGGAAAAAGGGGGAGGAGGCAGGACCTCTACTCTCAGCATAGACCC,dbb5fb4a6db9ac3e076a7b2ae87dec7c8a41b223d4042a5e041f89380231a685,-0.115293486100593,GCTACTGGCAGACTATCAGGCCAGGCCAGAGCTGGAGGCTGAGCTGGTTTCCTCCGGGCAGGACAGAGCTTTCAGGCAGCGACCTCCTAGGAGGAAGGCGGGGGGAAGGTTTGCAGCCTTCCCTACTCTGGGCAGACAGAGGAATGTGGTGGACAGGAAAAAGGGGGAGGAGGCAGGACCTCTACTCTCAGCATAGACCC,ff3446fdddb8071739333d7cf4c7cf48be79668783f045f5e57a6ae4e5771afb,-0.161092490582457,GCTACTGGCAGACTATCAGGCCAGGCCAGAGCTGGAGGCTGAGCTGGTTTCCTCCGGGCAGGACAGAGCTTTCAGGCAGCGACCTCCTAGGAGGAAGGCAGGGGGAAGGTTTGCAGCCTTCCCTACTCTGGGCAGACAGAGGAATGTGGTGGACAGGAAAAAGGGGGAGGAGGCAGGACCTCTACTCTCAGCATAGACCC,a92d101bed5f7f4950f2262b941299809f0cf4da99ebdb69dcad0f887530177e,-0.543764350839877,0.2673783741568269,0.109655824925726,-283.8540925523266,-261.23755526542664,-281.1530180461705,-267.00933687901124,8.472856119740754,1.0,0.2673783741568269,0.0,1,0.19098578129798732,0.18216460459877223,0.1501433469024087,0.19963123833043234,1.0
chr9:4832888:T:C;chr9:4832941:A:G;var1;middle;OL32|K562|e0cf0835032d6822,chr9:4832888:T:C;chr9:4832941:A:G;var1;middle;OL32,K562,K562_region_02132,100,153,53,AGAGCGAGATTCCACTCAAAAAAAAAAAAAAAAAAAAAAAAAGTAGGGTTCTCCATTTGTTTTCTACAACAGTCCAGTCTCTCCATGCTTTTTGCATGATGCCTCTGATGCACACGATGACTTTAAGGTAGGTGTTGGTCTCCATGTCATGAATGAGGAAAGTGCGGCTCAGAGAAGCCCAGTGGCCTGTGAAATCACAG,39bf1de69cc902c6f24db258ad031834c1351749ebd9883755ce75282e376ab2,0.0,AGAGCGAGATTCCACTCAAAAAAAAAAAAAAAAAAAAAAAAAGTAGGGTTCTCCATTTGTTTTCTACAACAGTCCAGTCTCTCCATGCTTTTTGCATGACGCCTCTGATGCACACGATGACTTTAAGGTAGGTGTTGGTCTCCATGTCATGAATGAGGAAAGTGCGGCTCAGAGAAGCCCAGTGGCCTGTGAAATCACAG,ead126ed82027eacc736db4909bbe365a75dbbb4dfb342b42212bdd7a5d81d85,0.251629775652496,AGAGCGAGATTCCACTCAAAAAAAAAAAAAAAAAAAAAAAAAGTAGGGTTCTCCATTTGTTTTCTACAACAGTCCAGTCTCTCCATGCTTTTTGCATGATGCCTCTGATGCACACGATGACTTTAAGGTAGGTGTTGGTCTCCATGTCATGAGTGAGGAAAGTGCGGCTCAGAGAAGCCCAGTGGCCTGTGAAATCACAG,0c378badde25c30639d1da9be92c96ffa7ffe8d8a00772afaa11c32d202ee3cd,0.0704837143392898,AGAGCGAGATTCCACTCAAAAAAAAAAAAAAAAAAAAAAAAAGTAGGGTTCTCCATTTGTTTTCTACAACAGTCCAGTCTCTCCATGCTTTTTGCATGACGCCTCTGATGCACACGATGACTTTAAGGTAGGTGTTGGTCTCCATGTCATGAGTGAGGAAAGTGCGGCTCAGAGAAGCCCAGTGGCCTGTGAAATCACAG,e0cf0835032d6822d9be15df83748d1479b6651537c91c82b6799996e69ffeff,0.0344498082729824,0.2876636817188034,0.406011944149872,-238.7101777610369,-243.73569959029555,-241.51174060697667,-246.60749957105145,0.07023713481612504,1.0,0.2876636817188034,0.0,1,0.18243662173424616,0.18216460459877223,0.1501433469024087,0.1180814497664974,1.0
chr9:4844214:T:C;chr9:4844265:T:C;var1;middle;OL31|K562|2bfc1fa8325fbe44,chr9:4844214:T:C;chr9:4844265:T:C;var1;middle;OL31,K562,K562_region_02133,100,151,51,AGTGAAACAAGTATTTTGGCTAGTCTCCTGCCAGACACATAGAAAGTATTGTGTGAGCGTGTGTTGAGTTGTGTTAAAGGGGGCAGGTCTGTGTTGTGGTTGCATACGGATTGTACTGCTGGGAAGGCCGCCACACCTTTCCTGTTGATGTGTCTACTTAACAGTCATTGGGAAAGTAGAATTGAGCTGTCAAATCTTAA,563852e4c3f48515421436e5f82e9c08ed2e5a470c98085a459bdbc249d4c5d0,0.0,AGTGAAACAAGTATTTTGGCTAGTCTCCTGCCAGACACATAGAAAGTATTGTGTGAGCGTGTGTTGAGTTGTGTTAAAGGGGGCAGGTCTGTGTTGTGGCTGCATACGGATTGTACTGCTGGGAAGGCCGCCACACCTTTCCTGTTGATGTGTCTACTTAACAGTCATTGGGAAAGTAGAATTGAGCTGTCAAATCTTAA,c05e061218d3d7779524b2084815905db86611e7fedb44b8e84e6a15d74a5640,-0.150512379341907,AGTGAAACAAGTATTTTGGCTAGTCTCCTGCCAGACACATAGAAAGTATTGTGTGAGCGTGTGTTGAGTTGTGTTAAAGGGGGCAGGTCTGTGTTGTGGTTGCATACGGATTGTACTGCTGGGAAGGCCGCCACACCTTTCCTGTTGATGCGTCTACTTAACAGTCATTGGGAAAGTAGAATTGAGCTGTCAAATCTTAA,ca4e76dec8f8f1e906db5aa58f5d80f53e3de0c8618bc13b5005dd4c171d24bc,-0.0950105472896171,AGTGAAACAAGTATTTTGGCTAGTCTCCTGCCAGACACATAGAAAGTATTGTGTGAGCGTGTGTTGAGTTGTGTTAAAGGGGGCAGGTCTGTGTTGTGGCTGCATACGGATTGTACTGCTGGGAAGGCCGCCACACCTTTCCTGTTGATGCGTCTACTTAACAGTCATTGGGAAAGTAGAATTGAGCTGTCAAATCTTAA,2bfc1fa8325fbe4447fcbd85d56f6b42a56534134325e601480feb4ddb8f3d43,-0.0226425919661861,0.222880334665338,0.195672026156134,-339.4543459145352,-332.74668560223654,-346.5966521278024,-339.2150240838528,0.6739677316508619,-1.0,-0.222880334665338,0.0,4,0.17703464951232847,0.17620727786206916,0.145609630836647,0.026479445079387293,1.0
chr9:4844704:T:C;chr9:4844778:A:C;var1;middle;OL31|K562|4fd921832687a0ac,chr9:4844704:T:C;chr9:4844778:A:C;var1;middle;OL31,K562,K562_region_02134,100,174,74,AGGGCCAGGGAGCAGCAGTACTTCCAGAGGACCTTGGCAGGAACTGTGCCCGGCTGCTGCTGGAGGAAATCTACAGGGTATGTCCACAGCTTCCTCTGATAGAGGAGTGACCAGGAAGCAGTTTGTTTTCTCATTCTCATCTCTTGGCAGCTTTCGTCCTCTTCCAAGGGCTCAAGCCAAGGAGATAATCTGTTCCTGTG,f17268a7ce4d44eaefc4ea8ac236f71a168acf4a79d0c110a756166a69e15a99,0.0,AGGGCCAGGGAGCAGCAGTACTTCCAGAGGACCTTGGCAGGAACTGTGCCCGGCTGCTGCTGGAGGAAATCTACAGGGTATGTCCACAGCTTCCTCTGACAGAGGAGTGACCAGGAAGCAGTTTGTTTTCTCATTCTCATCTCTTGGCAGCTTTCGTCCTCTTCCAAGGGCTCAAGCCAAGGAGATAATCTGTTCCTGTG,5248cbc1a835dfead06849c107896fe8679b7baaa8642490e2ca2c777efee569,-0.0818084816808738,AGGGCCAGGGAGCAGCAGTACTTCCAGAGGACCTTGGCAGGAACTGTGCCCGGCTGCTGCTGGAGGAAATCTACAGGGTATGTCCACAGCTTCCTCTGATAGAGGAGTGACCAGGAAGCAGTTTGTTTTCTCATTCTCATCTCTTGGCAGCTTTCGTCCTCTTCCAAGGGCTCCAGCCAAGGAGATAATCTGTTCCTGTG,07ecb8897774bf99ccbd3acaf81708893c11a5bd35cfc7f48fb507325d6e489a,-0.0272542370450619,AGGGCCAGGGAGCAGCAGTACTTCCAGAGGACCTTGGCAGGAACTGTGCCCGGCTGCTGCTGGAGGAAATCTACAGGGTATGTCCACAGCTTCCTCTGACAGAGGAGTGACCAGGAAGCAGTTTGTTTTCTCATTCTCATCTCTTGGCAGCTTTCGTCCTCTTCCAAGGGCTCCAGCCAAGGAGATAATCTGTTCCTGTG,4fd921832687a0acfa266d60a9d481fc18e2fe3ed08314b518c100a0cd02b0a4,0.0860979707199614,0.1951606894458971,0.198773507419386,-335.56799966376275,-322.67017895076424,-340.370062650647,-325.8471125192009,1.6251294184476137,-1.0,-0.1951606894458971,0.0,2,0.17756078819799156,0.17490732828716207,0.146091925319964,0.23241848006013074,1.0
chr9:5038164:G:A;chr9:5038180:C:T;var1;middle;OL28|K562|a465427a012ec8f5,chr9:5038164:G:A;chr9:5038180:C:T;var1;middle;OL28,K562,K562_region_02135,100,116,16,CTAGTGATGCTGAGAATTTTTTGAAAAGGCCATTAATGATTTGTTCTTCTTTTGTTAAATATTTCTTCATGTACATTAAATAATTGTTTAATGGATACAGTGTTTTTAATGCCAACAAATTAGAGGATCAAGATGAAATGGACAAATTCCTAGAAAGACACAAGTTATAGGAACTGCTAAAAGAAAGAACAGAAAGTTTG,307813eae0231be055a662de2ef1ec47384075fbaa9611816ce8af2551f91935,0.0,CTAGTGATGCTGAGAATTTTTTGAAAAGGCCATTAATGATTTGTTCTTCTTTTGTTAAATATTTCTTCATGTACATTAAATAATTGTTTAATGGATACAATGTTTTTAATGCCAACAAATTAGAGGATCAAGATGAAATGGACAAATTCCTAGAAAGACACAAGTTATAGGAACTGCTAAAAGAAAGAACAGAAAGTTTG,990f41e2f884fd04b65d245e1ec943e57b756bb7225361584e02099b3a7f071d,-0.126074171965793,CTAGTGATGCTGAGAATTTTTTGAAAAGGCCATTAATGATTTGTTCTTCTTTTGTTAAATATTTCTTCATGTACATTAAATAATTGTTTAATGGATACAGTGTTTTTAATGCCAATAAATTAGAGGATCAAGATGAAATGGACAAATTCCTAGAAAGACACAAGTTATAGGAACTGCTAAAAGAAAGAACAGAAAGTTTG,be942d93011885f9dee90b53359d1555c5ee90077a66bafca40e9fb5f89e5487,-0.242136008730464,CTAGTGATGCTGAGAATTTTTTGAAAAGGCCATTAATGATTTGTTCTTCTTTTGTTAAATATTTCTTCATGTACATTAAATAATTGTTTAATGGATACAATGTTTTTAATGCCAATAAATTAGAGGATCAAGATGAAATGGACAAATTCCTAGAAAGACACAAGTTATAGGAACTGCTAAAAGAAAGAACAGAAAGTTTG,a465427a012ec8f539941e142bc6add7fc1cb3efb883d738284ff92ac73fd7ac,-0.0909770164392895,0.2772331642569675,0.187949966257858,-245.72673612833023,-245.2164224088192,-245.6769811362028,-245.00891613960263,0.15775127708914738,-1.0,-0.2772331642569675,0.0,4,0.17639484499590716,0.17620727786206916,0.145609630836647,0.16653198014928988,1.0
chr9:5040163:G:A;chr9:5040203:T:A;var1;middle;OL27|K562|16045e197c761d1a,chr9:5040163:G:A;chr9:5040203:T:A;var1;middle;OL27,K562,K562_region_02136,100,140,40,CAAAAGGACTGTAATCAAGACAATGTGATACTAAAGGATGAATATACAGATTAATGGAAAGGAATTGACAGTCTCAATATAATTTCTCACATTGATGGTGATTGATTTTTGATCAGGGTGCCAAGACAATTCATGGGCATAGAATAGTCTTTTAAACTAACAGTGCGGGGACAACTGGATATCCACATGTAAACTAATGA,279fe61d2118f65b9e031d775799e138dcb36433c693d992fb48f27700cbd0ff,0.0,CAAAAGGACTGTAATCAAGACAATGTGATACTAAAGGATGAATATACAGATTAATGGAAAGGAATTGACAGTCTCAATATAATTTCTCACATTGATGGTAATTGATTTTTGATCAGGGTGCCAAGACAATTCATGGGCATAGAATAGTCTTTTAAACTAACAGTGCGGGGACAACTGGATATCCACATGTAAACTAATGA,ee19b42ce71c09e91debb768cb5ce8fe8cfd5651658aa5745fa3a7c2bb9e0e38,-0.0001745562065798,CAAAAGGACTGTAATCAAGACAATGTGATACTAAAGGATGAATATACAGATTAATGGAAAGGAATTGACAGTCTCAATATAATTTCTCACATTGATGGTGATTGATTTTTGATCAGGGTGCCAAGACAATTCATGGGCAAAGAATAGTCTTTTAAACTAACAGTGCGGGGACAACTGGATATCCACATGTAAACTAATGA,ea89d3028b6a779e99308777d7b3cf33471b1c866b8b2c1f71fed9ba285bc9e4,-0.246323645364264,CAAAAGGACTGTAATCAAGACAATGTGATACTAAAGGATGAATATACAGATTAATGGAAAGGAATTGACAGTCTCAATATAATTTCTCACATTGATGGTAATTGATTTTTGATCAGGGTGCCAAGACAATTCATGGGCAAAGAATAGTCTTTTAAACTAACAGTGCGGGGACAACTGGATATCCACATGTAAACTAATGA,16045e197c761d1a58136081d947584588725be7f035a7f502dfdd4f59356be9,-0.155798886426381,0.0906993151444627,0.155738148320844,-234.5733593404293,-240.8035415969789,-256.28847174253315,-267.1276429342106,-4.608988935127854,-1.0,-0.0906993151444627,0.0,2,0.16848340783538193,0.17490732828716207,0.146091925319964,0.21193982131375944,1.0
chr9:5453172:A:G;chr9:5453198:A:C;var1;middle;OL41|K562|cd95e81d649a7750,chr9:5453172:A:G;chr9:5453198:A:C;var1;middle;OL41,K562,K562_region_02137,100,126,26,AAGATAGTCTGATAGATGCTGCAGCCCCATTTTAGCAAATGTGACCTCACAGGCCTGAATGCCATCGCTATTCCACATCTACAGGATAGACGGAAAGGAAAGAAATAAAAAAATAGGTACCTAACACTGGCAAGAGGATGATGACTCATGTTATTTCACTTAACCTTTTTATCTTTTAACATGAAGGACTCATACAGGTT,6ce36f3ca72212de2552aac2c293100149723fb76fbf365e220f8af949393f7d,0.0,AAGATAGTCTGATAGATGCTGCAGCCCCATTTTAGCAAATGTGACCTCACAGGCCTGAATGCCATCGCTATTCCACATCTACAGGATAGACGGAAAGGAGAGAAATAAAAAAATAGGTACCTAACACTGGCAAGAGGATGATGACTCATGTTATTTCACTTAACCTTTTTATCTTTTAACATGAAGGACTCATACAGGTT,15c9e1d7acf1b05d5dd4396df2f7836ac43998d1905a582ed758abc58a41ec8d,0.137407985738608,AAGATAGTCTGATAGATGCTGCAGCCCCATTTTAGCAAATGTGACCTCACAGGCCTGAATGCCATCGCTATTCCACATCTACAGGATAGACGGAAAGGAAAGAAATAAAAAAATAGGTACCTAACCCTGGCAAGAGGATGATGACTCATGTTATTTCACTTAACCTTTTTATCTTTTAACATGAAGGACTCATACAGGTT,d760b876cce8bf620e15147ff68fa55fbc855f6a612af3bc4d05cef6afe3a4c6,-0.619751617884493,AAGATAGTCTGATAGATGCTGCAGCCCCATTTTAGCAAATGTGACCTCACAGGCCTGAATGCCATCGCTATTCCACATCTACAGGATAGACGGAAAGGAGAGAAATAAAAAAATAGGTACCTAACCCTGGCAAGAGGATGATGACTCATGTTATTTCACTTAACCTTTTTATCTTTTAACATGAAGGACTCATACAGGTT,cd95e81d649a77500fcc78360358ed8b66f67320aa273d45771e9370db39f737,-0.0388995095791345,0.4434441225667504,0.280930727711893,-385.03162035904825,-398.2276570815593,-395.56507415906526,-412.9462804570794,-4.185169575503096,-1.0,-0.4434441225667504,0.0,3,0.1730432882230528,0.18106719778262317,0.1474303780702046,0.12841889145739876,1.0
chr9:5453172:A:G;chr9:5453260:A:G;var1;middle;OL41|K562|3954f1c5e77adc08,chr9:5453172:A:G;chr9:5453260:A:G;var1;middle;OL41,K562,K562_region_02137,100,188,88,AAGATAGTCTGATAGATGCTGCAGCCCCATTTTAGCAAATGTGACCTCACAGGCCTGAATGCCATCGCTATTCCACATCTACAGGATAGACGGAAAGGAAAGAAATAAAAAAATAGGTACCTAACACTGGCAAGAGGATGATGACTCATGTTATTTCACTTAACCTTTTTATCTTTTAACATGAAGGACTCATACAGGTT,6ce36f3ca72212de2552aac2c293100149723fb76fbf365e220f8af949393f7d,0.0,AAGATAGTCTGATAGATGCTGCAGCCCCATTTTAGCAAATGTGACCTCACAGGCCTGAATGCCATCGCTATTCCACATCTACAGGATAGACGGAAAGGAGAGAAATAAAAAAATAGGTACCTAACACTGGCAAGAGGATGATGACTCATGTTATTTCACTTAACCTTTTTATCTTTTAACATGAAGGACTCATACAGGTT,15c9e1d7acf1b05d5dd4396df2f7836ac43998d1905a582ed758abc58a41ec8d,0.137417590070504,AAGATAGTCTGATAGATGCTGCAGCCCCATTTTAGCAAATGTGACCTCACAGGCCTGAATGCCATCGCTATTCCACATCTACAGGATAGACGGAAAGGAAAGAAATAAAAAAATAGGTACCTAACACTGGCAAGAGGATGATGACTCATGTTATTTCACTTAACCTTTTTATCTTTTAACATGAAGGGCTCATACAGGTT,87d83ce28aca9834c0c611e212997cfe6b61ff5f5ddb35a09d2ce5ff93b04f3c,-0.40810723550697,AAGATAGTCTGATAGATGCTGCAGCCCCATTTTAGCAAATGTGACCTCACAGGCCTGAATGCCATCGCTATTCCACATCTACAGGATAGACGGAAAGGAGAGAAATAAAAAAATAGGTACCTAACACTGGCAAGAGGATGATGACTCATGTTATTTCACTTAACCTTTTTATCTTTTAACATGAAGGGCTCATACAGGTT,3954f1c5e77adc089fccbee359e93c2a518092abb6b248991c2ae62d470dcb73,-0.211013294894684,0.059676350541782,0.322700275536583,-385.03162035904825,-398.2276570815593,-392.66657123109326,-408.2823425466195,-2.419734593015164,-1.0,-0.059676350541782,0.0,3,0.17659920161014658,0.18106719778262317,0.1474303780702046,0.20140803803982363,1.0
chr9:5453198:A:C;chr9:5453260:A:G;var1;middle;OL41|K562|850dfe37db5e7ccd,chr9:5453198:A:C;chr9:5453260:A:G;var1;middle;OL41,K562,K562_region_02137,100,162,62,CCATTTTAGCAAATGTGACCTCACAGGCCTGAATGCCATCGCTATTCCACATCTACAGGATAGACGGAAAGGAAAGAAATAAAAAAATAGGTACCTAACACTGGCAAGAGGATGATGACTCATGTTATTTCACTTAACCTTTTTATCTTTTAACATGAAGGACTCATACAGGTTGATAAGAAACCAGTGACATAAACAGA,a27587609798001b6b9febe3d598f6bc960f1b9fc37b2c2fd6c77b678b2baf6b,0.0,CCATTTTAGCAAATGTGACCTCACAGGCCTGAATGCCATCGCTATTCCACATCTACAGGATAGACGGAAAGGAAAGAAATAAAAAAATAGGTACCTAACCCTGGCAAGAGGATGATGACTCATGTTATTTCACTTAACCTTTTTATCTTTTAACATGAAGGACTCATACAGGTTGATAAGAAACCAGTGACATAAACAGA,6ace46285a2ce5ce2398d98f0508064bad942f0b96d686790fd0ff749407083b,-0.473887520094669,CCATTTTAGCAAATGTGACCTCACAGGCCTGAATGCCATCGCTATTCCACATCTACAGGATAGACGGAAAGGAAAGAAATAAAAAAATAGGTACCTAACACTGGCAAGAGGATGATGACTCATGTTATTTCACTTAACCTTTTTATCTTTTAACATGAAGGGCTCATACAGGTTGATAAGAAACCAGTGACATAAACAGA,365e030f1cc5b0f9920f6abe462e99ac6c0b881785c3d9445dee1d5f8c12b0c9,-0.294974554738868,CCATTTTAGCAAATGTGACCTCACAGGCCTGAATGCCATCGCTATTCCACATCTACAGGATAGACGGAAAGGAAAGAAATAAAAAAATAGGTACCTAACCCTGGCAAGAGGATGATGACTCATGTTATTTCACTTAACCTTTTTATCTTTTAACATGAAGGGCTCATACAGGTTGATAAGAAACCAGTGACATAAACAGA,850dfe37db5e7ccda5e770676019c895a2d348190d25f35f0297a9f78022c477,-0.578027155588845,-0.1908349192446921,0.247396339374797,-314.5682762088254,-316.42676691152155,-320.95970795024186,-320.74026222527027,-2.077936427667737,1.0,-0.1908349192446921,0.0,3,0.17728764648854714,0.18106719778262317,0.1474303780702046,0.19076132199986517,1.0
chr9:5627446:G:A;chr9:5627487:G:T;var1;middle;OL41|K562|302904a10fdd6de1,chr9:5627446:G:A;chr9:5627487:G:T;var1;middle;OL41,K562,K562_region_02138,100,141,41,AAATTGGCAAGTTAAGAAACCTCTCTGGGCCTCTTTGTCTAATGGTGTAGCTCAGCTGGATCAGGGTTTCCTCCACGGTTTGTCTGACAAATACTGCCAGCTTACTATGCTTACTATGTTCCAGGCTGCTGTGTTGGACTGGGGGAGGGTAGACGCCAAGGAGACAATCTGATCGCAACAGGCTGGTGAGTGGTGAGGCA,d8c2b4c6a2d5eb45a6054e60a92af4d84ff1a85fbdfe4d9a461c4e63737780de,0.0,AAATTGGCAAGTTAAGAAACCTCTCTGGGCCTCTTTGTCTAATGGTGTAGCTCAGCTGGATCAGGGTTTCCTCCACGGTTTGTCTGACAAATACTGCCAACTTACTATGCTTACTATGTTCCAGGCTGCTGTGTTGGACTGGGGGAGGGTAGACGCCAAGGAGACAATCTGATCGCAACAGGCTGGTGAGTGGTGAGGCA,30c8f8fa167367b20a4887d6bae3f1b226ad5b66feb0ce6b57c9484f643aacd9,-0.225598994345719,AAATTGGCAAGTTAAGAAACCTCTCTGGGCCTCTTTGTCTAATGGTGTAGCTCAGCTGGATCAGGGTTTCCTCCACGGTTTGTCTGACAAATACTGCCAGCTTACTATGCTTACTATGTTCCAGGCTGCTGTGTTGGACTTGGGGAGGGTAGACGCCAAGGAGACAATCTGATCGCAACAGGCTGGTGAGTGGTGAGGCA,08b584f85ad6c506f79932659ffa14e7494bb82fc44a1abdb757550d55e11577,-0.693286165462683,AAATTGGCAAGTTAAGAAACCTCTCTGGGCCTCTTTGTCTAATGGTGTAGCTCAGCTGGATCAGGGTTTCCTCCACGGTTTGTCTGACAAATACTGCCAACTTACTATGCTTACTATGTTCCAGGCTGCTGTGTTGGACTTGGGGAGGGTAGACGCCAAGGAGACAATCTGATCGCAACAGGCTGGTGAGTGGTGAGGCA,302904a10fdd6de1aca970e61b23aa5099aaf944843574cadeb19c753d8d7f87,0.0490019655953614,0.9678871254037634,0.244680245930302,-269.42784763127565,-267.15074360743165,-238.81393701583147,-238.6557494625449,-2.118916470557423,-1.0,-0.9678871254037634,0.0,0,0.18305454233644486,0.18565657667894103,0.15145376406925343,0.0581254587580676,1.0
chr9:6665010:C:T;chr9:6665097:A:T;var1;middle;OL41|K562|11b57666f323e850,chr9:6665010:C:T;chr9:6665097:A:T;var1;middle;OL41,K562,K562_region_02139,100,187,87,AGGGAACAGGAACAAGTTTTCAGAATGGTCAGACTTTGCCCCCCTTGTGGCATTGGGCAAAACACTTAAGTGGGTCACCTCACTGAGGCCTTTCCCTTCCACATGGAGTTTCCTGGCTTTGCTGGCCATGGTGGTGTAATCCAGCACTGCCTGGACAGAGCTTTACACCAACAGGTATCAGAGTCAATTCCAAAGTTCAC,2d415c631a1a7caf4f6b5c1896ec2711d29e96f7a7b44157d1f538a8905a8c4a,0.0,AGGGAACAGGAACAAGTTTTCAGAATGGTCAGACTTTGCCCCCCTTGTGGCATTGGGCAAAACACTTAAGTGGGTCACCTCACTGAGGCCTTTCCCTTCTACATGGAGTTTCCTGGCTTTGCTGGCCATGGTGGTGTAATCCAGCACTGCCTGGACAGAGCTTTACACCAACAGGTATCAGAGTCAATTCCAAAGTTCAC,be0958ced78c3433cff85a452e288e8a39ab4f5b0c86fc3f84e5ace009e147fb,0.170587834491693,AGGGAACAGGAACAAGTTTTCAGAATGGTCAGACTTTGCCCCCCTTGTGGCATTGGGCAAAACACTTAAGTGGGTCACCTCACTGAGGCCTTTCCCTTCCACATGGAGTTTCCTGGCTTTGCTGGCCATGGTGGTGTAATCCAGCACTGCCTGGACAGAGCTTTACACCAACAGGTATCAGAGTCATTTCCAAAGTTCAC,99e98724906159a259523bcf47aa56f8ad21a1874a60a0abcab69504d6c0b292,-0.700540423118882,AGGGAACAGGAACAAGTTTTCAGAATGGTCAGACTTTGCCCCCCTTGTGGCATTGGGCAAAACACTTAAGTGGGTCACCTCACTGAGGCCTTTCCCTTCTACATGGAGTTTCCTGGCTTTGCTGGCCATGGTGGTGTAATCCAGCACTGCCTGGACAGAGCTTTACACCAACAGGTATCAGAGTCATTTCCAAAGTTCAC,11b57666f323e8500f707bef7f8118e89b5f74c821eec30ec61ec4a56c5709f0,-0.627977386974554,-0.098024798347365,0.324273922377538,-334.42326394235715,-330.0059489393607,-336.56738923315424,-334.7281027004356,-2.578028470277843,-1.0,0.098024798347365,0.0,1,0.1797421707225157,0.18216460459877223,0.1501433469024087,0.2455112972742768,1.0
chr9:77702301:C:G;chr9:77702372:C:T;var1;middle;OL41|K562|165e44be48e904e7,chr9:77702301:C:G;chr9:77702372:C:T;var1;middle;OL41,K562,K562_region_02164,100,171,71,CAATTAATTTACAATATTGACTGTTATTTTGAACTTATGCCATTGGCTTCCTTGTGTGCTCCAGTTCTTTCCTCCCACCGAAGATTCAATCCGATAGATCAGGGGTAGGAAAACTTTTTCTGTAAAGTGCCAGACAGGAAATGCTTTGGGCTTTGCCAGCTGCTACTCAACCCTGCTGGGTAATGCGAAAGCGGCCACAG,7fcdd1918955be113a6b473bcfcd68944b579ac32c51dbfd22bcfb7ef2a10fc8,0.0,CAATTAATTTACAATATTGACTGTTATTTTGAACTTATGCCATTGGCTTCCTTGTGTGCTCCAGTTCTTTCCTCCCACCGAAGATTCAATCCGATAGATGAGGGGTAGGAAAACTTTTTCTGTAAAGTGCCAGACAGGAAATGCTTTGGGCTTTGCCAGCTGCTACTCAACCCTGCTGGGTAATGCGAAAGCGGCCACAG,c834619f260ca2a187f7fd6c64c423adccac1ced34bf2ddc017f65d0f3b5e95e,-0.226202550077362,CAATTAATTTACAATATTGACTGTTATTTTGAACTTATGCCATTGGCTTCCTTGTGTGCTCCAGTTCTTTCCTCCCACCGAAGATTCAATCCGATAGATCAGGGGTAGGAAAACTTTTTCTGTAAAGTGCCAGACAGGAAATGCTTTGGGCTTTGCCAGCTGCTACTCAATCCTGCTGGGTAATGCGAAAGCGGCCACAG,935c110f832f54f6a3882ee6263f05713a562c483501fc00556b78c34ee01b7d,-0.0320649029275665,CAATTAATTTACAATATTGACTGTTATTTTGAACTTATGCCATTGGCTTCCTTGTGTGCTCCAGTTCTTTCCTCCCACCGAAGATTCAATCCGATAGATGAGGGGTAGGAAAACTTTTTCTGTAAAGTGCCAGACAGGAAATGCTTTGGGCTTTGCCAGCTGCTACTCAATCCTGCTGGGTAATGCGAAAGCGGCCACAG,165e44be48e904e7e953b2183384581f5e76c230dd7dfcbde7918cef25fda8c1,0.342591285871577,0.6008587388765054,0.228489849365484,-277.8714405023493,-289.82010124996305,-298.55790134635754,-309.38673710171133,1.1198249922599643,-1.0,-0.6008587388765054,0.0,1,0.18350451426698522,0.18216460459877223,0.1501433469024087,0.3462934990318877,1.0
chr9:78729176:A:T;chr9:78729213:T:C;var1;middle;OL31|K562|33dfc61c9f016665,chr9:78729176:A:T;chr9:78729213:T:C;var1;middle;OL31,K562,K562_region_02165,100,137,37,GTGAAGAGAATTAAAAGAAAACAAGGGAGGAGAGCTGAAAAGGTTTATAAGGTAAAAACAATGCACATTTCGACTTGAGGCCTAGCGGACAGAGAAGGGATGTACTGTCCTGAACTATTCCCTATAGTGAAATAATTGTAACCAGACCCAAAGAGCAGTTACCACGGGCCTTCTGCCAGGACTGTGCATGAAAATAGCTT,228fdc84cd99ea39d4b3e776b18dbd04936c0ba9accde49fd0d28dbf831a8a6b,0.0,GTGAAGAGAATTAAAAGAAAACAAGGGAGGAGAGCTGAAAAGGTTTATAAGGTAAAAACAATGCACATTTCGACTTGAGGCCTAGCGGACAGAGAAGGGTTGTACTGTCCTGAACTATTCCCTATAGTGAAATAATTGTAACCAGACCCAAAGAGCAGTTACCACGGGCCTTCTGCCAGGACTGTGCATGAAAATAGCTT,9c23be4f4fdd04d33f934fc9871cac5347a6e133dc8537145d2a637140b4790a,-0.0559884881797045,GTGAAGAGAATTAAAAGAAAACAAGGGAGGAGAGCTGAAAAGGTTTATAAGGTAAAAACAATGCACATTTCGACTTGAGGCCTAGCGGACAGAGAAGGGATGTACTGTCCTGAACTATTCCCTATAGTGAAATAATCGTAACCAGACCCAAAGAGCAGTTACCACGGGCCTTCTGCCAGGACTGTGCATGAAAATAGCTT,6391cf5ab303b5a6b9ebc038dabd95d5d7dceb5093864e0d9452922570403e1e,-0.247037228817601,GTGAAGAGAATTAAAAGAAAACAAGGGAGGAGAGCTGAAAAGGTTTATAAGGTAAAAACAATGCACATTTCGACTTGAGGCCTAGCGGACAGAGAAGGGTTGTACTGTCCTGAACTATTCCCTATAGTGAAATAATCGTAACCAGACCCAAAGAGCAGTTACCACGGGCCTTCTGCCAGGACTGTGCATGAAAATAGCTT,33dfc61c9f016665dc1fd9589ba14b155e1554cab8cdc5e6c2715dde6d1411b4,-0.0453169272881876,0.2577087897091179,0.2100015527767,-444.3043742170557,-416.2463746187277,-451.1383611834608,-420.31741245510057,2.7629491300322684,-1.0,-0.2577087897091179,0.0,2,0.17921754569285128,0.17490732828716207,0.146091925319964,0.2559662260768743,1.0
chr9:8356048:T:C;chr9:8356096:C:T;var1;middle;OL29|K562|e61e9d3e0a347302,chr9:8356048:T:C;chr9:8356096:C:T;var1;middle;OL29,K562,K562_region_02140,100,148,48,ACTCATAATAATGTACATATGTGTGTGTTTACATACATACACATAAATTTAAAAAAATCAAAATCTCTCATTCATAAGGATTTTTTGTCCTTAGCAATGTAAAGTTCAATGGAAAGGAGAGACCGCAAAGGGCTGCTTTCAAAAACGCAAAGTTTGCTTTTCATTTTTTTTAAGACCAAATACTTTACTATCTCCAGATA,8462f8513f8868d74a8f2b563f6aec7ca98955e2577ea7aa8c1512ef390d92d9,0.0,ACTCATAATAATGTACATATGTGTGTGTTTACATACATACACATAAATTTAAAAAAATCAAAATCTCTCATTCATAAGGATTTTTTGTCCTTAGCAATGCAAAGTTCAATGGAAAGGAGAGACCGCAAAGGGCTGCTTTCAAAAACGCAAAGTTTGCTTTTCATTTTTTTTAAGACCAAATACTTTACTATCTCCAGATA,acd2c7c7eaa3d53820e14183e6cccab7af303c1e555f3ec96e6a9c825dfd555a,-0.27727096951952,ACTCATAATAATGTACATATGTGTGTGTTTACATACATACACATAAATTTAAAAAAATCAAAATCTCTCATTCATAAGGATTTTTTGTCCTTAGCAATGTAAAGTTCAATGGAAAGGAGAGACCGCAAAGGGCTGCTTTCAAAAACGTAAAGTTTGCTTTTCATTTTTTTTAAGACCAAATACTTTACTATCTCCAGATA,a12ca24afdf366a9953bce3a139a994bf43aace16074e39f68f6fe9d8f151baf,-0.0574753415055666,ACTCATAATAATGTACATATGTGTGTGTTTACATACATACACATAAATTTAAAAAAATCAAAATCTCTCATTCATAAGGATTTTTTGTCCTTAGCAATGCAAAGTTCAATGGAAAGGAGAGACCGCAAAGGGCTGCTTTCAAAAACGTAAAGTTTGCTTTTCATTTTTTTTAAGACCAAATACTTTACTATCTCCAGATA,e61e9d3e0a347302d32e8ba4313f689350fe3a0907d4e5a8320f81502feb9e08,-0.277149899151099,0.0575964118739876,0.229581905185093,-240.32184393331409,-240.2207606397569,-239.90608720853925,-239.1253995448351,0.6796043701469898,-1.0,-0.0575964118739876,0.0,3,0.18284184493576958,0.18106719778262317,0.1474303780702046,0.31375490961480296,1.0
chr9:86595731:C:A;chr9:86595801:G:T;var1;middle;OL29|K562|3cd3f48573b21b29,chr9:86595731:C:A;chr9:86595801:G:T;var1;middle;OL29,K562,K562_region_02166,100,170,70,GGGGCGTTTTCCAGCCCCGAAGGAGTCCTTTGGGGTTGGAGGAGGGGCGCGAGCGCGCGGCAAATCGGGCGGGAAGAGGTAAAAAAGGAACTGGGAGCGCGCCGCGGCGGTTCCTGTCCTTACAGTTGCGCTGCCCAGGGACCGATGTTGCGCGAGGAAAATGCGGGACGCCCAGGTCGGTGCTCGGCCCAGACTTATGC,da7488c72a15a57bf60277bc4081fa226df1b69ccb1492f62f9012fb947c5305,0.0,GGGGCGTTTTCCAGCCCCGAAGGAGTCCTTTGGGGTTGGAGGAGGGGCGCGAGCGCGCGGCAAATCGGGCGGGAAGAGGTAAAAAAGGAACTGGGAGCGAGCCGCGGCGGTTCCTGTCCTTACAGTTGCGCTGCCCAGGGACCGATGTTGCGCGAGGAAAATGCGGGACGCCCAGGTCGGTGCTCGGCCCAGACTTATGC,37bcf972395a55325af270160cbad0d754097b8f415f0c54a40ca54540eabe99,-0.253654313040467,GGGGCGTTTTCCAGCCCCGAAGGAGTCCTTTGGGGTTGGAGGAGGGGCGCGAGCGCGCGGCAAATCGGGCGGGAAGAGGTAAAAAAGGAACTGGGAGCGCGCCGCGGCGGTTCCTGTCCTTACAGTTGCGCTGCCCAGGGACCGATGTTGCGCGAGGAAAATGCGGGACTCCCAGGTCGGTGCTCGGCCCAGACTTATGC,8b89752e3ac463904455e98101535bd5c97dc7a333955a9f0a6ef1b8e8a44293,0.0986637515607628,GGGGCGTTTTCCAGCCCCGAAGGAGTCCTTTGGGGTTGGAGGAGGGGCGCGAGCGCGCGGCAAATCGGGCGGGAAGAGGTAAAAAAGGAACTGGGAGCGAGCCGCGGCGGTTCCTGTCCTTACAGTTGCGCTGCCCAGGGACCGATGTTGCGCGAGGAAAATGCGGGACTCCCAGGTCGGTGCTCGGCCCAGACTTATGC,3cd3f48573b21b29d45be7d856f0d69b1f79514791390185edf8e6671458b4b2,-0.240254360954364,-0.0852637994746598,0.131846900112655,-298.1063933321275,-300.55400398373604,-309.89534621848725,-311.30266402149573,1.0402928486000746,-1.0,0.0852637994746598,0.0,0,0.187112194149553,0.18565657667894103,0.15145376406925343,0.29013147602512745,1.0
chr9:8858303:C:G;chr9:8858350:G:A;var1;middle;OL41|K562|186b105a5db0c58f,chr9:8858303:C:G;chr9:8858350:G:A;var1;middle;OL41,K562,K562_region_02141,100,147,47,CTCCTTCCTGCTGCCTCTTCTTTTAAAGCGGATTCTTTGGCCACAAATAGCAACTCGGCTGCCCCCCTCGGTGCCTCCCTCCCCTTCTCTTCTTCCCCCCAAAAGTGAAGCGCACGCGAGGTAACCAGAAACTGAGGCTCGTGGGGGGAGAGGGGTGCGAGGCGACGCCTGGGAAAGGGCCCGAGCAGAGTCGAGGGCCG,4c6255f1c709b7640c429c08d4dc6077cebcc00941f6a7bac43feb61ea7c0737,0.0,CTCCTTCCTGCTGCCTCTTCTTTTAAAGCGGATTCTTTGGCCACAAATAGCAACTCGGCTGCCCCCCTCGGTGCCTCCCTCCCCTTCTCTTCTTCCCCCGAAAAGTGAAGCGCACGCGAGGTAACCAGAAACTGAGGCTCGTGGGGGGAGAGGGGTGCGAGGCGACGCCTGGGAAAGGGCCCGAGCAGAGTCGAGGGCCG,25003fbc6de1e67e105558b63d27279ef8b1951842e6adb652fd6730154c7363,0.174671757380381,CTCCTTCCTGCTGCCTCTTCTTTTAAAGCGGATTCTTTGGCCACAAATAGCAACTCGGCTGCCCCCCTCGGTGCCTCCCTCCCCTTCTCTTCTTCCCCCCAAAAGTGAAGCGCACGCGAGGTAACCAGAAACTGAGGCTCGTGGGGAGAGAGGGGTGCGAGGCGACGCCTGGGAAAGGGCCCGAGCAGAGTCGAGGGCCG,c6205dc8145c501784aa7e4b1c0690437f6069a0b2e2abc46e009a1d0e3d1431,-0.0828272494255591,CTCCTTCCTGCTGCCTCTTCTTTTAAAGCGGATTCTTTGGCCACAAATAGCAACTCGGCTGCCCCCCTCGGTGCCTCCCTCCCCTTCTCTTCTTCCCCCGAAAAGTGAAGCGCACGCGAGGTAACCAGAAACTGAGGCTCGTGGGGAGAGAGGGGTGCGAGGCGACGCCTGGGAAAGGGCCCGAGCAGAGTCGAGGGCCG,186b105a5db0c58f39cd6bcb87e3261e6aea8c755a10c27cea38116fb49a907f,0.318443492795476,0.2265989848406541,0.446980846480483,-339.99000715697184,-358.8148055933416,-325.3737177448347,-344.6774826254696,-0.4789664442651542,-1.0,-0.2265989848406541,0.0,3,0.18050826850291873,0.18106719778262317,0.1474303780702046,0.20442445161755096,1.0
chr9:93195886:T:C;chr9:93195951:G:C;var1;middle;OL41|K562|03487a5b48234d92,chr9:93195886:T:C;chr9:93195951:G:C;var1;middle;OL41,K562,K562_region_02167,100,165,65,GTTCTCTCTGGCAAGTTCAAGTTCGAGAGAGAGTGTGTTTCCTCAGACTTAGAGCCAGGCCCTCAGGGAGCTGGGAGTGCACTACTGTGCTGGGAGGGGTTTTGAGGAATGCTGACGTTTTCCCCGAGGTCATTTGTCGAGCTTCACTGGCTTTCCCACTTTCTGAAGATTCCTCTTGTTAGTTTCTATTTATATAAGGA,2d69db533eabbae49006edea677ec9a5b21c7f30b83f8dcc8126f624b13ed2a0,0.0,GTTCTCTCTGGCAAGTTCAAGTTCGAGAGAGAGTGTGTTTCCTCAGACTTAGAGCCAGGCCCTCAGGGAGCTGGGAGTGCACTACTGTGCTGGGAGGGGCTTTGAGGAATGCTGACGTTTTCCCCGAGGTCATTTGTCGAGCTTCACTGGCTTTCCCACTTTCTGAAGATTCCTCTTGTTAGTTTCTATTTATATAAGGA,78b4b0aa1ed78f2a4489fa568748b17d9dd6e39047909e7e8e07cc3a22c97c04,0.952680358895692,GTTCTCTCTGGCAAGTTCAAGTTCGAGAGAGAGTGTGTTTCCTCAGACTTAGAGCCAGGCCCTCAGGGAGCTGGGAGTGCACTACTGTGCTGGGAGGGGTTTTGAGGAATGCTGACGTTTTCCCCGAGGTCATTTGTCGAGCTTCACTGGCTTTCCCACTTTCTCAAGATTCCTCTTGTTAGTTTCTATTTATATAAGGA,22995b9d7e3d5c3101f70bb7a66e43328a6fbed3d90aa67b5b3378410cd76179,-0.105631673365178,GTTCTCTCTGGCAAGTTCAAGTTCGAGAGAGAGTGTGTTTCCTCAGACTTAGAGCCAGGCCCTCAGGGAGCTGGGAGTGCACTACTGTGCTGGGAGGGGCTTTGAGGAATGCTGACGTTTTCCCCGAGGTCATTTGTCGAGCTTCACTGGCTTTCCCACTTTCTCAAGATTCCTCTTGTTAGTTTCTATTTATATAAGGA,03487a5b48234d9281aedc61680b54ec67cd56ec3984324c3dcbb0e76248cc5f,0.982111182680956,0.1350624971504419,0.136809530035158,-338.3995899874717,-302.9010909544304,-292.5831743478775,-266.5524868639186,-9.467811549082398,-1.0,-0.1350624971504419,0.0,2,0.16140856926482147,0.17490732828716207,0.146091925319964,-0.06361082796496248,1.0
chr9:93919341:C:T;chr9:93919368:T:A;var1;middle;OL41|K562|70b765b0ff720d3c,chr9:93919341:C:T;chr9:93919368:T:A;var1;middle;OL41,K562,K562_region_02168,100,127,27,TGCTGGCAGGAACAAGGCCTAGGCCAAGGGTTGAGGAAACTATCTATAAGGGCTAGATGGCCTCTCAGGCTCTGCTGTGAGCTCACCACTATTCGGCTCCACCCCTGAAGCACAAAGAGCCACAGATGGTGTGTGAACAAAGGGTGTGACTGCGTTCCAGTAATATTCACTTCACAAAAACAAGCGTTGGGCCGGATTTG,d5a1942803129b7dd4e129161cf0ff4c2e2b693175108ac8b81c022320ba1790,0.0,TGCTGGCAGGAACAAGGCCTAGGCCAAGGGTTGAGGAAACTATCTATAAGGGCTAGATGGCCTCTCAGGCTCTGCTGTGAGCTCACCACTATTCGGCTCTACCCCTGAAGCACAAAGAGCCACAGATGGTGTGTGAACAAAGGGTGTGACTGCGTTCCAGTAATATTCACTTCACAAAAACAAGCGTTGGGCCGGATTTG,2d600ba2bec5dd0de344774de6e7915a76575321ded45b2beb391780a2cd22ce,-2.77265919509581,TGCTGGCAGGAACAAGGCCTAGGCCAAGGGTTGAGGAAACTATCTATAAGGGCTAGATGGCCTCTCAGGCTCTGCTGTGAGCTCACCACTATTCGGCTCCACCCCTGAAGCACAAAGAGCCACAGAAGGTGTGTGAACAAAGGGTGTGACTGCGTTCCAGTAATATTCACTTCACAAAAACAAGCGTTGGGCCGGATTTG,c5b1fc1e8d988402610b5910d05e8f5ec93e55f73a4116c68c4070ad91cc4b0b,-0.260916464968448,TGCTGGCAGGAACAAGGCCTAGGCCAAGGGTTGAGGAAACTATCTATAAGGGCTAGATGGCCTCTCAGGCTCTGCTGTGAGCTCACCACTATTCGGCTCTACCCCTGAAGCACAAAGAGCCACAGAAGGTGTGTGAACAAAGGGTGTGACTGCGTTCCAGTAATATTCACTTCACAAAAACAAGCGTTGGGCCGGATTTG,70b765b0ff720d3c18fc053aeb61a8e7697ffaca57f09d53a0bda4453b91411c,-2.82871766450399,-0.204857995560268,0.242945688844943,-260.02697279304266,-260.26707942038774,-272.09002528712153,-275.2665516398847,2.936419725418091,1.0,-0.204857995560268,0.0,0,0.18954755752131447,0.18565657667894103,0.15145376406925343,0.03777327032878247,1.0
chr9:95644104:A:G;chr9:95644107:A:G;var1;middle;OL29|K562|a15ab18c5825bc2d,chr9:95644104:A:G;chr9:95644107:A:G;var1;middle;OL29,K562,K562_region_02169,100,103,3,TTGATTGAAAGTGAGATAGAAGGCTGGGCGCAGTGGCTCACGCCTGTAATCCCAGCACTTTGGGAGGCAGAGGCGGGCGGATCACGAGGTCAGGAGATCAAGACCATCCTGGCTAACACGGGGAAACCCCGTCTCTACTAAAAATACAAAAAGAAATTAGTCAGGCGTGGTGGCGGCGGACGCCTGTAGTCCCAGCTACT,b1e5c2ee3197ec3119caabc61f5b49badf9f74bd4b20619d0427cdc9388f4ce3,0.0,TTGATTGAAAGTGAGATAGAAGGCTGGGCGCAGTGGCTCACGCCTGTAATCCCAGCACTTTGGGAGGCAGAGGCGGGCGGATCACGAGGTCAGGAGATCGAGACCATCCTGGCTAACACGGGGAAACCCCGTCTCTACTAAAAATACAAAAAGAAATTAGTCAGGCGTGGTGGCGGCGGACGCCTGTAGTCCCAGCTACT,89e9ab2cf761d154c2aec7dcb0b0e5e735527be06b6bb3aef49819b8ceaab597,0.212058203290051,TTGATTGAAAGTGAGATAGAAGGCTGGGCGCAGTGGCTCACGCCTGTAATCCCAGCACTTTGGGAGGCAGAGGCGGGCGGATCACGAGGTCAGGAGATCAAGGCCATCCTGGCTAACACGGGGAAACCCCGTCTCTACTAAAAATACAAAAAGAAATTAGTCAGGCGTGGTGGCGGCGGACGCCTGTAGTCCCAGCTACT,fd9609079093a90c212a4a566be33a048802138aa3ecad04bae99616329e480e,0.140319572223572,TTGATTGAAAGTGAGATAGAAGGCTGGGCGCAGTGGCTCACGCCTGTAATCCCAGCACTTTGGGAGGCAGAGGCGGGCGGATCACGAGGTCAGGAGATCGAGGCCATCCTGGCTAACACGGGGAAACCCCGTCTCTACTAAAAATACAAAAAGAAATTAGTCAGGCGTGGTGGCGGCGGACGCCTGTAGTCCCAGCTACT,a15ab18c5825bc2df994f26848b9f5c34cf381497a961dea49c4738e7d0af3cb,-0.15356499015394,0.505942765667563,0.111822670195963,-77.83010566420853,-75.72336591221392,-81.74547433899716,-79.648338268511,0.0096036815084517,1.0,0.505942765667563,0.0,2,0.17520845210681496,0.17490732828716207,0.146091925319964,0.18132799054233673,1.0
chr9:95794382:T:C;chr9:95794386:G:A;var1;middle;OL41|K562|7a5e4a50dbf5d9e4,chr9:95794382:T:C;chr9:95794386:G:A;var1;middle;OL41,K562,K562_region_02170,100,104,4,CACTGAGGAGCACTCCTTGGCTAAATTCCCATGCTCCACCCATGCATCTGAATCACATTCCACTGTACAGACAGACCATGACAACTTCATCCATTCATCTGCCGATGGACACGGGTTGCTTCCAGCTTTTGGCTATTGTGAATAACGCTGCTATGGACATGAATGTACAAACATCCCTTCAGATCCTCCTTTCAGTTCTT,88902c11f5e8f60229119452c7c74953e8715d8a4a77311341636ae4a3f589f4,0.0,CACTGAGGAGCACTCCTTGGCTAAATTCCCATGCTCCACCCATGCATCTGAATCACATTCCACTGTACAGACAGACCATGACAACTTCATCCATTCATCCGCCGATGGACACGGGTTGCTTCCAGCTTTTGGCTATTGTGAATAACGCTGCTATGGACATGAATGTACAAACATCCCTTCAGATCCTCCTTTCAGTTCTT,33cbe615f32fe61b7f6f1d1b302132fafe8fc9296e772c0e3aaf5f4d944ed7ed,0.0820250853941173,CACTGAGGAGCACTCCTTGGCTAAATTCCCATGCTCCACCCATGCATCTGAATCACATTCCACTGTACAGACAGACCATGACAACTTCATCCATTCATCTGCCAATGGACACGGGTTGCTTCCAGCTTTTGGCTATTGTGAATAACGCTGCTATGGACATGAATGTACAAACATCCCTTCAGATCCTCCTTTCAGTTCTT,328a1832af91f78909784c629361ae833fd421023b42cdf143fb48655eb97fd7,-0.340693101621639,CACTGAGGAGCACTCCTTGGCTAAATTCCCATGCTCCACCCATGCATCTGAATCACATTCCACTGTACAGACAGACCATGACAACTTCATCCATTCATCCGCCAATGGACACGGGTTGCTTCCAGCTTTTGGCTATTGTGAATAACGCTGCTATGGACATGAATGTACAAACATCCCTTCAGATCCTCCTTTCAGTTCTT,7a5e4a50dbf5d9e46f86603b0a7fd90bfe42c25b34af66c26ec069641bf6907a,-0.391965949804103,0.1332979335765812,0.515854327597089,-264.40901009738445,-272.7005167072639,-278.11414349637926,-287.34806684125215,0.9424167349934578,1.0,0.1332979335765812,0.0,0,0.18698648320427705,0.18565657667894103,0.15145376406925343,0.27628660294859847,1.0
chr9:95794386:G:A;chr9:95794393:A:G;var1;middle;OL41|K562|142132bcea97dfc1,chr9:95794386:G:A;chr9:95794393:A:G;var1;middle;OL41,K562,K562_region_02170,100,107,7,GAGGAGCACTCCTTGGCTAAATTCCCATGCTCCACCCATGCATCTGAATCACATTCCACTGTACAGACAGACCATGACAACTTCATCCATTCATCTGCCGATGGACACGGGTTGCTTCCAGCTTTTGGCTATTGTGAATAACGCTGCTATGGACATGAATGTACAAACATCCCTTCAGATCCTCCTTTCAGTTCTTGTGG,f187aa55473fea05c54dc66b6f1e880640db2b526e61d84622edb4011e0cf72f,0.0,GAGGAGCACTCCTTGGCTAAATTCCCATGCTCCACCCATGCATCTGAATCACATTCCACTGTACAGACAGACCATGACAACTTCATCCATTCATCTGCCAATGGACACGGGTTGCTTCCAGCTTTTGGCTATTGTGAATAACGCTGCTATGGACATGAATGTACAAACATCCCTTCAGATCCTCCTTTCAGTTCTTGTGG,5ee1b747e0bc313c5d8fb3c3b7288ded15d6e380fc54ca3f89ad33279f68a53e,-0.0087277853034739,GAGGAGCACTCCTTGGCTAAATTCCCATGCTCCACCCATGCATCTGAATCACATTCCACTGTACAGACAGACCATGACAACTTCATCCATTCATCTGCCGATGGACGCGGGTTGCTTCCAGCTTTTGGCTATTGTGAATAACGCTGCTATGGACATGAATGTACAAACATCCCTTCAGATCCTCCTTTCAGTTCTTGTGG,9508f638514661573fc377e36fe90c1ae0790aa251e0b40a0e3a1f3dec86c8b3,-0.0476327401457156,GAGGAGCACTCCTTGGCTAAATTCCCATGCTCCACCCATGCATCTGAATCACATTCCACTGTACAGACAGACCATGACAACTTCATCCATTCATCTGCCAATGGACGCGGGTTGCTTCCAGCTTTTGGCTATTGTGAATAACGCTGCTATGGACATGAATGTACAAACATCCCTTCAGATCCTCCTTTCAGTTCTTGTGG,142132bcea97dfc14312ddc2a0921c51168339d8d339656f590a5ebb827fc54a,-0.0933999632062278,0.0370394377570383,0.403799777814882,-316.2657759524882,-356.3817008472979,-325.1964074652642,-359.75678737461567,-5.555544985458255,1.0,0.0370394377570383,0.0,0,0.1786405765254725,0.18565657667894103,0.15145376406925343,0.1619954037662886,1.0
chr9:95840256:A:G;chr9:95840344:A:G;var1;middle;OL30|K562|f9f8bf8d51739dde,chr9:95840256:A:G;chr9:95840344:A:G;var1;middle;OL30,K562,K562_region_02171,100,188,88,AAGGTGGCCGTGATCGCCTCCATTGTGAGCTGTGCCATCATCCTGCTCATGTCCATGGCCTTCCTCACCTGCTGCCTCCTCAAGTGCGTGAAGAAGAGCAAGCGGCGGCGCTCCAACAGGTACGGTGGCCTCATGATCTCAGGGTCCTCCCGGGAGGCGCCTCTTGGCACCATGGGAGGAGGAAAGGACAGAGTGTTTCA,0ce435d386afa4c43e6ccfe163b7f8432d8e8cfaf44bb369b2555cee8b544c73,0.0,AAGGTGGCCGTGATCGCCTCCATTGTGAGCTGTGCCATCATCCTGCTCATGTCCATGGCCTTCCTCACCTGCTGCCTCCTCAAGTGCGTGAAGAAGAGCGAGCGGCGGCGCTCCAACAGGTACGGTGGCCTCATGATCTCAGGGTCCTCCCGGGAGGCGCCTCTTGGCACCATGGGAGGAGGAAAGGACAGAGTGTTTCA,2db36aed62512c9efa51c0e0bbb729548a56f8751d1ef96e9e1cb1890526510c,0.471310008499259,AAGGTGGCCGTGATCGCCTCCATTGTGAGCTGTGCCATCATCCTGCTCATGTCCATGGCCTTCCTCACCTGCTGCCTCCTCAAGTGCGTGAAGAAGAGCAAGCGGCGGCGCTCCAACAGGTACGGTGGCCTCATGATCTCAGGGTCCTCCCGGGAGGCGCCTCTTGGCACCATGGGAGGAGGAAAGGGCAGAGTGTTTCA,bd826eaffdb6e9fff2bc08406cd3c6f5722331546c109980813ac00c0e3773e7,0.528010902226658,AAGGTGGCCGTGATCGCCTCCATTGTGAGCTGTGCCATCATCCTGCTCATGTCCATGGCCTTCCTCACCTGCTGCCTCCTCAAGTGCGTGAAGAAGAGCGAGCGGCGGCGCTCCAACAGGTACGGTGGCCTCATGATCTCAGGGTCCTCCCGGGAGGCGCCTCTTGGCACCATGGGAGGAGGAAAGGGCAGAGTGTTTCA,f9f8bf8d51739dde47f5d271c8d348fe350872790f7c07c2da6291512c5d9bbb,0.0682480068069378,0.9310729039189792,0.282782107612455,-251.07465678593144,-243.9038033615797,-239.1772235967219,-241.34060480818152,9.334234635811413,1.0,0.9310729039189792,0.0,1,0.19186218214299514,0.18216460459877223,0.1501433469024087,0.12209844289063455,1.0
chr9:95857936:C:A;chr9:95857959:C:G;var1;middle;OL41|K562|103dc1140106bd02,chr9:95857936:C:A;chr9:95857959:C:G;var1;middle;OL41,K562,K562_region_02172,100,123,23,CCAGGGAGGCGCGCGGCGGTCGTAGCTGAGGCCGCCTTGAGGGCGGGACTTGGACGCGGGCAGGGCTCGAGTGAGAGGCGGGGTTAAAGGCCGCTGCGACGGCGTTATAGACGCCGGCGGGACCGGGGCCCAGCGAGGGGAGGGACTCTGGGCCCCTCGCGGCGTCTTAACTGACGCTGGGAGGGGCGGGAGTCCGGTGG,d2c58c173315be4e5bcf5939878c1d5cca8e5aefb875616021234ce32eb3646a,0.0,CCAGGGAGGCGCGCGGCGGTCGTAGCTGAGGCCGCCTTGAGGGCGGGACTTGGACGCGGGCAGGGCTCGAGTGAGAGGCGGGGTTAAAGGCCGCTGCGAAGGCGTTATAGACGCCGGCGGGACCGGGGCCCAGCGAGGGGAGGGACTCTGGGCCCCTCGCGGCGTCTTAACTGACGCTGGGAGGGGCGGGAGTCCGGTGG,535da6641169b5c9ce76bb30c324e17cfc6c453f84f22fbabc520af7ddd84726,0.0363688763638101,CCAGGGAGGCGCGCGGCGGTCGTAGCTGAGGCCGCCTTGAGGGCGGGACTTGGACGCGGGCAGGGCTCGAGTGAGAGGCGGGGTTAAAGGCCGCTGCGACGGCGTTATAGACGCCGGCGGGAGCGGGGCCCAGCGAGGGGAGGGACTCTGGGCCCCTCGCGGCGTCTTAACTGACGCTGGGAGGGGCGGGAGTCCGGTGG,0a11860136691e20e68c6d2e0833d175c98e3a7d11d9f4f1812e71ad56d78b7d,-0.128621447757581,CCAGGGAGGCGCGCGGCGGTCGTAGCTGAGGCCGCCTTGAGGGCGGGACTTGGACGCGGGCAGGGCTCGAGTGAGAGGCGGGGTTAAAGGCCGCTGCGAAGGCGTTATAGACGCCGGCGGGAGCGGGGCCCAGCGAGGGGAGGGACTCTGGGCCCCTCGCGGCGTCTTAACTGACGCTGGGAGGGGCGGGAGTCCGGTGG,103dc1140106bd02e452047420a9fbbd675bc54d2ffad5f91ad714700db8251f,0.418051008434131,0.5103035798279019,0.18157064674861,-250.7154397815466,-251.4624752998352,-248.8587302044034,-249.2852838933468,0.3204818293452263,-1.0,-0.5103035798279019,0.0,4,0.17659653508418915,0.17620727786206916,0.145609630836647,0.0613180950715715,1.0
chr9:95857937:G:C;chr9:95857959:C:G;var1;middle;OL41|K562|aa6982495ebc28f3,chr9:95857937:G:C;chr9:95857959:C:G;var1;middle;OL41,K562,K562_region_02172,100,122,22,CAGGGAGGCGCGCGGCGGTCGTAGCTGAGGCCGCCTTGAGGGCGGGACTTGGACGCGGGCAGGGCTCGAGTGAGAGGCGGGGTTAAAGGCCGCTGCGACGGCGTTATAGACGCCGGCGGGACCGGGGCCCAGCGAGGGGAGGGACTCTGGGCCCCTCGCGGCGTCTTAACTGACGCTGGGAGGGGCGGGAGTCCGGTGGC,d0d60e47e0d37272510db5321cbe34bb79cb528fd8006e897770ac3a6c96003d,0.0,CAGGGAGGCGCGCGGCGGTCGTAGCTGAGGCCGCCTTGAGGGCGGGACTTGGACGCGGGCAGGGCTCGAGTGAGAGGCGGGGTTAAAGGCCGCTGCGACCGCGTTATAGACGCCGGCGGGACCGGGGCCCAGCGAGGGGAGGGACTCTGGGCCCCTCGCGGCGTCTTAACTGACGCTGGGAGGGGCGGGAGTCCGGTGGC,c6db10ec8b1ecde7f698218143fbdf65c9d7077f3a59f0d1a36ccf3b7ef8ff18,0.0872569837515464,CAGGGAGGCGCGCGGCGGTCGTAGCTGAGGCCGCCTTGAGGGCGGGACTTGGACGCGGGCAGGGCTCGAGTGAGAGGCGGGGTTAAAGGCCGCTGCGACGGCGTTATAGACGCCGGCGGGAGCGGGGCCCAGCGAGGGGAGGGACTCTGGGCCCCTCGCGGCGTCTTAACTGACGCTGGGAGGGGCGGGAGTCCGGTGGC,ac32bdbc897affbce3e5408535227d0ef436a5a277f079b2e0f93e08f77f45d7,-0.0605286578920136,CAGGGAGGCGCGCGGCGGTCGTAGCTGAGGCCGCCTTGAGGGCGGGACTTGGACGCGGGCAGGGCTCGAGTGAGAGGCGGGGTTAAAGGCCGCTGCGACCGCGTTATAGACGCCGGCGGGAGCGGGGCCCAGCGAGGGGAGGGACTCTGGGCCCCTCGCGGCGTCTTAACTGACGCTGGGAGGGGCGGGAGTCCGGTGGC,aa6982495ebc28f325c7978682bf3866fa064be1428429559f81884655d31165,0.328174203999097,0.3014458781395642,0.16762411343728,-250.21805875003332,-247.07986783981323,-247.7122600004077,-244.40879487246275,0.16527421772485695,-1.0,-0.3014458781395642,0.0,4,0.17640416901367714,0.17620727786206916,0.145609630836647,0.13516027267383457,1.0
chr9:95883785:T:C;chr9:95883865:G:C;var1;middle;OL41|K562|423beda66504e802,chr9:95883785:T:C;chr9:95883865:G:C;var1;middle;OL41,K562,K562_region_02173,100,180,80,GAACCGTGTGCTTCTGACGCCCCTGCAGGGCAGCTGGAAAGGGGACAGGGAAGCCAAGGCCGGTCCAGCCCCGGGAACAGGGAGATGGCATGTGGAGCCTGACAAAGAGCGTGGGCTTTATTGTTCATTCATGATTAGAAAAGTGGGTGCTGGGACCCCCGTGGAGGGGGTTGGGCTCTGCCCGGTCACTGCTGGTGCAG,52cd4ce54225224ba532af4fc9c190761426f0e499e8a2d4004e50423e26aaea,0.0,GAACCGTGTGCTTCTGACGCCCCTGCAGGGCAGCTGGAAAGGGGACAGGGAAGCCAAGGCCGGTCCAGCCCCGGGAACAGGGAGATGGCATGTGGAGCCCGACAAAGAGCGTGGGCTTTATTGTTCATTCATGATTAGAAAAGTGGGTGCTGGGACCCCCGTGGAGGGGGTTGGGCTCTGCCCGGTCACTGCTGGTGCAG,53489c33845f639397f9956892234dc7384d87ea36b3820047ebe60d74fe1a78,0.0412962992376144,GAACCGTGTGCTTCTGACGCCCCTGCAGGGCAGCTGGAAAGGGGACAGGGAAGCCAAGGCCGGTCCAGCCCCGGGAACAGGGAGATGGCATGTGGAGCCTGACAAAGAGCGTGGGCTTTATTGTTCATTCATGATTAGAAAAGTGGGTGCTGGGACCCCCGTGGAGGGGGTTGGGCTCTCCCCGGTCACTGCTGGTGCAG,32ec5ff3cc446e4655cecfc922a0a6cb761894b063b51d08d57fd45aacb00f96,-0.0046265191462611,GAACCGTGTGCTTCTGACGCCCCTGCAGGGCAGCTGGAAAGGGGACAGGGAAGCCAAGGCCGGTCCAGCCCCGGGAACAGGGAGATGGCATGTGGAGCCCGACAAAGAGCGTGGGCTTTATTGTTCATTCATGATTAGAAAAGTGGGTGCTGGGACCCCCGTGGAGGGGGTTGGGCTCTCCCCGGTCACTGCTGGTGCAG,423beda66504e8022c54a1a2b198da4d684e9d5edd2e02aee727b1019daa4892,-0.0650175129990471,0.1016872930904004,0.281589096174852,-364.8435780014843,-367.5872996193357,-364.7266037533991,-369.009972114116,1.5396467428655,1.0,0.1016872930904004,0.0,1,0.18393165765414765,0.18216460459877223,0.1501433469024087,0.19138588421032365,1.0
chr9:95894886:C:T;chr9:95894961:G:C;var1;middle;OL41|K562|5d195bef25332a73,chr9:95894886:C:T;chr9:95894961:G:C;var1;middle;OL41,K562,K562_region_02174,100,175,75,CCTTCCCTGCCCTCCAGGGCTCAGAGCCAATGTCCCCACCTCCACAGAAAGCCTTCCCTGACCACCATGCCCCGCCCCCCACGATGGGCTCCCAGCCCCCAGGGAACCCCCTGCTTTGCCCTGGCCTCTCCTGCCCTGTCTGGGCTGGGCTGCTCTCCAACCGCGGCTTGGTGGGGCGGGGCTGTGTCTCTCTCCCTCTG,68d5902d41c0d26863f689230a387b9c1d89fb3b08d20fa78040e6138affae82,0.0,CCTTCCCTGCCCTCCAGGGCTCAGAGCCAATGTCCCCACCTCCACAGAAAGCCTTCCCTGACCACCATGCCCCGCCCCCCACGATGGGCTCCCAGCCCCTAGGGAACCCCCTGCTTTGCCCTGGCCTCTCCTGCCCTGTCTGGGCTGGGCTGCTCTCCAACCGCGGCTTGGTGGGGCGGGGCTGTGTCTCTCTCCCTCTG,1fae0486ebe80356aa3e248c0864c17bc843ddf4199a3a5c6b9e5a6810a448ee,0.0932458908872227,CCTTCCCTGCCCTCCAGGGCTCAGAGCCAATGTCCCCACCTCCACAGAAAGCCTTCCCTGACCACCATGCCCCGCCCCCCACGATGGGCTCCCAGCCCCCAGGGAACCCCCTGCTTTGCCCTGGCCTCTCCTGCCCTGTCTGGGCTGGGCTGCTCTCCAACCGCGGCTTGGTGGCGCGGGGCTGTGTCTCTCTCCCTCTG,a7f3197fde41b39dbc6a133e1e44e5d22a087c30d4bed3866361b79b09acf6aa,-1.41307593745105,CCTTCCCTGCCCTCCAGGGCTCAGAGCCAATGTCCCCACCTCCACAGAAAGCCTTCCCTGACCACCATGCCCCGCCCCCCACGATGGGCTCCCAGCCCCTAGGGAACCCCCTGCTTTGCCCTGGCCTCTCCTGCCCTGTCTGGGCTGGGCTGCTCTCCAACCGCGGCTTGGTGGCGCGGGGCTGTGTCTCTCTCCCTCTG,5d195bef25332a73b801680802a89846cd55d413c2c559a6bdede3bc377bbeb4,-2.77877680285567,1.4589467562918428,0.5202819478949,-183.48089276999235,-187.3304545786232,-192.1343347132206,-196.4055284000933,0.4216318782418682,1.0,1.4589467562918428,0.0,1,0.18279414475615116,0.18216460459877223,0.1501433469024087,0.284115110839748,1.0
chr9:95894886:C:T;chr9:95894964:G:A;var1;middle;OL41|K562|06694f206886ffbc,chr9:95894886:C:T;chr9:95894964:G:A;var1;middle;OL41,K562,K562_region_02174,100,178,78,CCTTCCCTGCCCTCCAGGGCTCAGAGCCAATGTCCCCACCTCCACAGAAAGCCTTCCCTGACCACCATGCCCCGCCCCCCACGATGGGCTCCCAGCCCCCAGGGAACCCCCTGCTTTGCCCTGGCCTCTCCTGCCCTGTCTGGGCTGGGCTGCTCTCCAACCGCGGCTTGGTGGGGCGGGGCTGTGTCTCTCTCCCTCTG,68d5902d41c0d26863f689230a387b9c1d89fb3b08d20fa78040e6138affae82,0.0,CCTTCCCTGCCCTCCAGGGCTCAGAGCCAATGTCCCCACCTCCACAGAAAGCCTTCCCTGACCACCATGCCCCGCCCCCCACGATGGGCTCCCAGCCCCTAGGGAACCCCCTGCTTTGCCCTGGCCTCTCCTGCCCTGTCTGGGCTGGGCTGCTCTCCAACCGCGGCTTGGTGGGGCGGGGCTGTGTCTCTCTCCCTCTG,1fae0486ebe80356aa3e248c0864c17bc843ddf4199a3a5c6b9e5a6810a448ee,0.0932091532462778,CCTTCCCTGCCCTCCAGGGCTCAGAGCCAATGTCCCCACCTCCACAGAAAGCCTTCCCTGACCACCATGCCCCGCCCCCCACGATGGGCTCCCAGCCCCCAGGGAACCCCCTGCTTTGCCCTGGCCTCTCCTGCCCTGTCTGGGCTGGGCTGCTCTCCAACCGCGGCTTGGTGGGGCAGGGCTGTGTCTCTCTCCCTCTG,4b06aad064853708e6687af582e0734db14f1072e630ac85b182655d6448e3f1,-1.78569900239689,CCTTCCCTGCCCTCCAGGGCTCAGAGCCAATGTCCCCACCTCCACAGAAAGCCTTCCCTGACCACCATGCCCCGCCCCCCACGATGGGCTCCCAGCCCCTAGGGAACCCCCTGCTTTGCCCTGGCCTCTCCTGCCCTGTCTGGGCTGGGCTGCTCTCCAACCGCGGCTTGGTGGGGCAGGGCTGTGTCTCTCTCCCTCTG,06694f206886ffbc93f92af413649c0a86239260ff487d19843db1bcca682023,-2.60951978308975,0.917029933939138,0.499275714868296,-183.48089276999235,-187.3304545786232,-179.8304100278765,-183.85618434287608,0.1762125063687563,1.0,0.917029933939138,0.0,1,0.18254444530245217,0.18216460459877223,0.1501433469024087,0.3346362765965305,1.0
chr9:95894961:G:C;chr9:95894964:G:A;var1;middle;OL41|K562|1ba6fd51b1d40163,chr9:95894961:G:C;chr9:95894964:G:A;var1;middle;OL41,K562,K562_region_02174,100,103,3,CCCCCACGATGGGCTCCCAGCCCCCAGGGAACCCCCTGCTTTGCCCTGGCCTCTCCTGCCCTGTCTGGGCTGGGCTGCTCTCCAACCGCGGCTTGGTGGGGCGGGGCTGTGTCTCTCTCCCTCTGGTGCCCAGAGCCAAGACAGTGATCCGGGAACAAATCCAACCCAATCTCCTCTGGGCTTGAGATGCACCCATCTCA,30fc32bb8773dadaea82f6106c1bca98775d07ec2a25fc3dd96f78de80b2a103,0.0,CCCCCACGATGGGCTCCCAGCCCCCAGGGAACCCCCTGCTTTGCCCTGGCCTCTCCTGCCCTGTCTGGGCTGGGCTGCTCTCCAACCGCGGCTTGGTGGCGCGGGGCTGTGTCTCTCTCCCTCTGGTGCCCAGAGCCAAGACAGTGATCCGGGAACAAATCCAACCCAATCTCCTCTGGGCTTGAGATGCACCCATCTCA,fd15689987e14617d445e2b80366208c09e7335689748dc7a023e165119cd478,-0.595704306456272,CCCCCACGATGGGCTCCCAGCCCCCAGGGAACCCCCTGCTTTGCCCTGGCCTCTCCTGCCCTGTCTGGGCTGGGCTGCTCTCCAACCGCGGCTTGGTGGGGCAGGGCTGTGTCTCTCTCCCTCTGGTGCCCAGAGCCAAGACAGTGATCCGGGAACAAATCCAACCCAATCTCCTCTGGGCTTGAGATGCACCCATCTCA,2e71906264b51fafb553fbf228d57359ef431ddbcb48effe908e0d67de69831c,-1.13333313731025,CCCCCACGATGGGCTCCCAGCCCCCAGGGAACCCCCTGCTTTGCCCTGGCCTCTCCTGCCCTGTCTGGGCTGGGCTGCTCTCCAACCGCGGCTTGGTGGCGCAGGGCTGTGTCTCTCTCCCTCTGGTGCCCAGAGCCAAGACAGTGATCCGGGAACAAATCCAACCCAATCTCCTCTGGGCTTGAGATGCACCCATCTCA,1ba6fd51b1d401639869297699ca2fbfe3cf2c621120c0aa8545ad3b28a0fedb,-0.84758652184143,0.8814509219250921,0.584172797184416,-340.6271966361673,-351.36460095935035,-333.7567992727272,-351.43097173189744,-6.936768135987165,-1.0,-0.8814509219250921,0.0,1,0.1753074152057164,0.18216460459877223,0.1501433469024087,0.11199512410628357,1.0
chr9:95895755:C:T;chr9:95895796:C:T;var1;middle;OL41|K562|defb046a4cda3422,chr9:95895755:C:T;chr9:95895796:C:T;var1;middle;OL41,K562,K562_region_02175,100,141,41,TGTTCAAAGTAAACAAGTCACCAGAGGGCCATGCCAGGACCTTGCAACAAACACAAGGTGCTCAGTAAGTGCTGAGTCCTGGGATGAAGAATTCTGAAGCGGGACCACTACCAGGGCCTGCCCCCTGCCCACAGCCCTCCCAGGCCGGGCAGGGCAAGTTCTGGAGGGCCGGTGGCGGCATACACTGAAGGCTGTGTGAC,b36c52d48728cb8d52d0760c3ee0d625737a6a1a17e251aeb4ce8f2317bf8da6,0.0,TGTTCAAAGTAAACAAGTCACCAGAGGGCCATGCCAGGACCTTGCAACAAACACAAGGTGCTCAGTAAGTGCTGAGTCCTGGGATGAAGAATTCTGAAGTGGGACCACTACCAGGGCCTGCCCCCTGCCCACAGCCCTCCCAGGCCGGGCAGGGCAAGTTCTGGAGGGCCGGTGGCGGCATACACTGAAGGCTGTGTGAC,c9685e33da1fe4b03656193fe8d68aa2335d96fe172c78e7c2db7b5f181914f5,0.0593502928016202,TGTTCAAAGTAAACAAGTCACCAGAGGGCCATGCCAGGACCTTGCAACAAACACAAGGTGCTCAGTAAGTGCTGAGTCCTGGGATGAAGAATTCTGAAGCGGGACCACTACCAGGGCCTGCCCCCTGCCCACAGCCCTCCTAGGCCGGGCAGGGCAAGTTCTGGAGGGCCGGTGGCGGCATACACTGAAGGCTGTGTGAC,cc68ca2302a2ac03250c8fe2652c4ef204fbc7e7008394db52c0521e94535383,0.0801184351827778,TGTTCAAAGTAAACAAGTCACCAGAGGGCCATGCCAGGACCTTGCAACAAACACAAGGTGCTCAGTAAGTGCTGAGTCCTGGGATGAAGAATTCTGAAGTGGGACCACTACCAGGGCCTGCCCCCTGCCCACAGCCCTCCTAGGCCGGGCAGGGCAAGTTCTGGAGGGCCGGTGGCGGCATACACTGAAGGCTGTGTGAC,defb046a4cda3422050b7cee597fc47c75ba9f7bd27a4f92403bd66b004472ce,0.137237428640849,0.0022312993435489,0.396509907548164,-343.4486055923626,-334.08498829230666,-349.5583542063832,-340.2313940739259,0.036657167598605156,1.0,0.0022312993435489,0.0,2,0.17524784416988579,0.17490732828716207,0.146091925319964,0.3165983021543538,1.0
chr9:95899179:C:T;chr9:95899227:C:T;var1;middle;OL41|K562|20777c6c38260e0b,chr9:95899179:C:T;chr9:95899227:C:T;var1;middle;OL41,K562,K562_region_02176,100,148,48,ACAGAGGAGGGGTGTGGCTGGGAGGAACGGGCTGGCAGATGCCCCAGCAGAGCAGCCCTATGTGTGGGTGGGTGTGCACACACAAACACTGTATATGTACGAGGGCCCCAGGCCTCTGTGGAGGAGCCCACAGGGTATCTCAGGATGCCTCTCTGGTGCCCAGGGAGGCTTGGTGCATCCCTCTCCCCCATCAAAGACTC,cbcc47a4c8feff14d3c43046da07d1d536306d54efa7107da7c9e4daa07081c9,0.0,ACAGAGGAGGGGTGTGGCTGGGAGGAACGGGCTGGCAGATGCCCCAGCAGAGCAGCCCTATGTGTGGGTGGGTGTGCACACACAAACACTGTATATGTATGAGGGCCCCAGGCCTCTGTGGAGGAGCCCACAGGGTATCTCAGGATGCCTCTCTGGTGCCCAGGGAGGCTTGGTGCATCCCTCTCCCCCATCAAAGACTC,78f7bbdff8732bbea9e66a726fb7a49a3e20e7193cc0cc952bfd09433ebe6382,0.121574294175282,ACAGAGGAGGGGTGTGGCTGGGAGGAACGGGCTGGCAGATGCCCCAGCAGAGCAGCCCTATGTGTGGGTGGGTGTGCACACACAAACACTGTATATGTACGAGGGCCCCAGGCCTCTGTGGAGGAGCCCACAGGGTATCTCAGGATGTCTCTCTGGTGCCCAGGGAGGCTTGGTGCATCCCTCTCCCCCATCAAAGACTC,75457ab1899a9c249bd57e1ba37bd7c2c83b464442895c29787ae01d6f034f03,0.0187796548544585,ACAGAGGAGGGGTGTGGCTGGGAGGAACGGGCTGGCAGATGCCCCAGCAGAGCAGCCCTATGTGTGGGTGGGTGTGCACACACAAACACTGTATATGTATGAGGGCCCCAGGCCTCTGTGGAGGAGCCCACAGGGTATCTCAGGATGTCTCTCTGGTGCCCAGGGAGGCTTGGTGCATCCCTCTCCCCCATCAAAGACTC,20777c6c38260e0b4d687759056d7ccdbb8888507f457a4800a55e8f1d9bbbde,-0.218336792106182,0.3586907411359225,0.23180493483402,-343.23612058744766,-333.8136671993416,-347.7564648950938,-339.27294058538973,0.9389290784019977,1.0,0.3586907411359225,0.0,4,0.17736304560437552,0.17620727786206916,0.145609630836647,0.3182221502567025,1.0
chr9:95899179:C:T;chr9:95899230:C:T;var1;middle;OL41|K562|1c5b4f5379d8ee05,chr9:95899179:C:T;chr9:95899230:C:T;var1;middle;OL41,K562,K562_region_02176,100,151,51,ACAGAGGAGGGGTGTGGCTGGGAGGAACGGGCTGGCAGATGCCCCAGCAGAGCAGCCCTATGTGTGGGTGGGTGTGCACACACAAACACTGTATATGTACGAGGGCCCCAGGCCTCTGTGGAGGAGCCCACAGGGTATCTCAGGATGCCTCTCTGGTGCCCAGGGAGGCTTGGTGCATCCCTCTCCCCCATCAAAGACTC,cbcc47a4c8feff14d3c43046da07d1d536306d54efa7107da7c9e4daa07081c9,0.0,ACAGAGGAGGGGTGTGGCTGGGAGGAACGGGCTGGCAGATGCCCCAGCAGAGCAGCCCTATGTGTGGGTGGGTGTGCACACACAAACACTGTATATGTATGAGGGCCCCAGGCCTCTGTGGAGGAGCCCACAGGGTATCTCAGGATGCCTCTCTGGTGCCCAGGGAGGCTTGGTGCATCCCTCTCCCCCATCAAAGACTC,78f7bbdff8732bbea9e66a726fb7a49a3e20e7193cc0cc952bfd09433ebe6382,0.121574338138065,ACAGAGGAGGGGTGTGGCTGGGAGGAACGGGCTGGCAGATGCCCCAGCAGAGCAGCCCTATGTGTGGGTGGGTGTGCACACACAAACACTGTATATGTACGAGGGCCCCAGGCCTCTGTGGAGGAGCCCACAGGGTATCTCAGGATGCCTTTCTGGTGCCCAGGGAGGCTTGGTGCATCCCTCTCCCCCATCAAAGACTC,bb0133cb519562a944bc3a30c40cb8befc62d25ac8ff0b2c72ce5b9cf1950be8,0.130293987898619,ACAGAGGAGGGGTGTGGCTGGGAGGAACGGGCTGGCAGATGCCCCAGCAGAGCAGCCCTATGTGTGGGTGGGTGTGCACACACAAACACTGTATATGTATGAGGGCCCCAGGCCTCTGTGGAGGAGCCCACAGGGTATCTCAGGATGCCTTTCTGGTGCCCAGGGAGGCTTGGTGCATCCCTCTCCCCCATCAAAGACTC,1c5b4f5379d8ee0572a91142af6f6697642a933008e6e36cfabb140c3a237f2f,0.0563702580404427,0.1954980679962413,0.231909223640268,-343.23612058744766,-333.8136671993416,-337.0684651022312,-328.8195690243738,1.1735573102487251,1.0,0.1954980679962413,0.0,4,0.177653846490494,0.17620727786206916,0.145609630836647,0.3709098840513653,1.0
chr9:95899179:C:T;chr9:95899267:C:A;var1;middle;OL41|K562|86dc133423bb7f8a,chr9:95899179:C:T;chr9:95899267:C:A;var1;middle;OL41,K562,K562_region_02176,100,188,88,ACAGAGGAGGGGTGTGGCTGGGAGGAACGGGCTGGCAGATGCCCCAGCAGAGCAGCCCTATGTGTGGGTGGGTGTGCACACACAAACACTGTATATGTACGAGGGCCCCAGGCCTCTGTGGAGGAGCCCACAGGGTATCTCAGGATGCCTCTCTGGTGCCCAGGGAGGCTTGGTGCATCCCTCTCCCCCATCAAAGACTC,cbcc47a4c8feff14d3c43046da07d1d536306d54efa7107da7c9e4daa07081c9,0.0,ACAGAGGAGGGGTGTGGCTGGGAGGAACGGGCTGGCAGATGCCCCAGCAGAGCAGCCCTATGTGTGGGTGGGTGTGCACACACAAACACTGTATATGTATGAGGGCCCCAGGCCTCTGTGGAGGAGCCCACAGGGTATCTCAGGATGCCTCTCTGGTGCCCAGGGAGGCTTGGTGCATCCCTCTCCCCCATCAAAGACTC,78f7bbdff8732bbea9e66a726fb7a49a3e20e7193cc0cc952bfd09433ebe6382,0.121572983070818,ACAGAGGAGGGGTGTGGCTGGGAGGAACGGGCTGGCAGATGCCCCAGCAGAGCAGCCCTATGTGTGGGTGGGTGTGCACACACAAACACTGTATATGTACGAGGGCCCCAGGCCTCTGTGGAGGAGCCCACAGGGTATCTCAGGATGCCTCTCTGGTGCCCAGGGAGGCTTGGTGCATCCCTCTCCCACATCAAAGACTC,3febbcedbda4489104ab2879534a3bd649696971a5e709339d980f2ce8d9dd34,0.227214973308453,ACAGAGGAGGGGTGTGGCTGGGAGGAACGGGCTGGCAGATGCCCCAGCAGAGCAGCCCTATGTGTGGGTGGGTGTGCACACACAAACACTGTATATGTATGAGGGCCCCAGGCCTCTGTGGAGGAGCCCACAGGGTATCTCAGGATGCCTCTCTGGTGCCCAGGGAGGCTTGGTGCATCCCTCTCCCACATCAAAGACTC,86dc133423bb7f8a9764e8e0bd6bfc46387416c69014730e9700ee823f2bb13e,-0.0459009441427456,0.3946889005220166,0.233691904259249,-343.23612058744766,-333.8136671993416,-341.82603013305925,-334.4753979071975,2.071821162244305,1.0,0.3946889005220166,0.0,4,0.17876716487538108,0.17620727786206916,0.145609630836647,0.35270738569402893,1.0
chr9:95899227:C:T;chr9:95899230:C:T;var1;middle;OL41|K562|67f37ff95b3eedb3,chr9:95899227:C:T;chr9:95899230:C:T;var1;middle;OL41,K562,K562_region_02176,100,103,3,AGAGCAGCCCTATGTGTGGGTGGGTGTGCACACACAAACACTGTATATGTACGAGGGCCCCAGGCCTCTGTGGAGGAGCCCACAGGGTATCTCAGGATGCCTCTCTGGTGCCCAGGGAGGCTTGGTGCATCCCTCTCCCCCATCAAAGACTCTAGTGGATTCTTCTGGGGCTGGCGTTGTGTTGAGTTCAGATCTGCCCC,b8040a89d34363eefa1b68b2e1c8e86465cbcb6e99f897a6c39bbf05d688427e,0.0,AGAGCAGCCCTATGTGTGGGTGGGTGTGCACACACAAACACTGTATATGTACGAGGGCCCCAGGCCTCTGTGGAGGAGCCCACAGGGTATCTCAGGATGTCTCTCTGGTGCCCAGGGAGGCTTGGTGCATCCCTCTCCCCCATCAAAGACTCTAGTGGATTCTTCTGGGGCTGGCGTTGTGTTGAGTTCAGATCTGCCCC,ac12407f4322b4caadef550fc2d62548ef16989c44b4debb0f11e11631aae639,-0.296719743460917,AGAGCAGCCCTATGTGTGGGTGGGTGTGCACACACAAACACTGTATATGTACGAGGGCCCCAGGCCTCTGTGGAGGAGCCCACAGGGTATCTCAGGATGCCTTTCTGGTGCCCAGGGAGGCTTGGTGCATCCCTCTCCCCCATCAAAGACTCTAGTGGATTCTTCTGGGGCTGGCGTTGTGTTGAGTTCAGATCTGCCCC,cffb89cc16b73b03b726157e6b2395bf2a03b15e3355dbcdd24652e660e7dbd2,-0.386284721824376,AGAGCAGCCCTATGTGTGGGTGGGTGTGCACACACAAACACTGTATATGTACGAGGGCCCCAGGCCTCTGTGGAGGAGCCCACAGGGTATCTCAGGATGTCTTTCTGGTGCCCAGGGAGGCTTGGTGCATCCCTCTCCCCCATCAAAGACTCTAGTGGATTCTTCTGGGGCTGGCGTTGTGTTGAGTTCAGATCTGCCCC,67f37ff95b3eedb3ee47a745aedb176217a4cfc9cc16bce98429a07d0e9d0f71,-0.259899909569128,0.423104555716165,0.229710688971201,-287.08255683328025,-290.1064045493258,-290.5250854988117,-293.87118795420974,-0.32225473935250193,-1.0,-0.423104555716165,0.0,4,0.17579992010632858,0.17620727786206916,0.145609630836647,0.28214769655583277,1.0
chr9:95899227:C:T;chr9:95899267:C:A;var1;middle;OL41|K562|01915c3ea3e9a9da,chr9:95899227:C:T;chr9:95899267:C:A;var1;middle;OL41,K562,K562_region_02176,100,140,40,AGAGCAGCCCTATGTGTGGGTGGGTGTGCACACACAAACACTGTATATGTACGAGGGCCCCAGGCCTCTGTGGAGGAGCCCACAGGGTATCTCAGGATGCCTCTCTGGTGCCCAGGGAGGCTTGGTGCATCCCTCTCCCCCATCAAAGACTCTAGTGGATTCTTCTGGGGCTGGCGTTGTGTTGAGTTCAGATCTGCCCC,b8040a89d34363eefa1b68b2e1c8e86465cbcb6e99f897a6c39bbf05d688427e,0.0,AGAGCAGCCCTATGTGTGGGTGGGTGTGCACACACAAACACTGTATATGTACGAGGGCCCCAGGCCTCTGTGGAGGAGCCCACAGGGTATCTCAGGATGTCTCTCTGGTGCCCAGGGAGGCTTGGTGCATCCCTCTCCCCCATCAAAGACTCTAGTGGATTCTTCTGGGGCTGGCGTTGTGTTGAGTTCAGATCTGCCCC,ac12407f4322b4caadef550fc2d62548ef16989c44b4debb0f11e11631aae639,-0.296624211994536,AGAGCAGCCCTATGTGTGGGTGGGTGTGCACACACAAACACTGTATATGTACGAGGGCCCCAGGCCTCTGTGGAGGAGCCCACAGGGTATCTCAGGATGCCTCTCTGGTGCCCAGGGAGGCTTGGTGCATCCCTCTCCCACATCAAAGACTCTAGTGGATTCTTCTGGGGCTGGCGTTGTGTTGAGTTCAGATCTGCCCC,1adf8d5eb24a37da21d582fcacd275e8dfbee192682862328cf07a7a4a7692c9,-0.925119650976368,AGAGCAGCCCTATGTGTGGGTGGGTGTGCACACACAAACACTGTATATGTACGAGGGCCCCAGGCCTCTGTGGAGGAGCCCACAGGGTATCTCAGGATGTCTCTCTGGTGCCCAGGGAGGCTTGGTGCATCCCTCTCCCACATCAAAGACTCTAGTGGATTCTTCTGGGGCTGGCGTTGTGTTGAGTTCAGATCTGCCCC,01915c3ea3e9a9da9fb50e84ac01db323efc75feec8cd4da2b34b1e1785fe29d,-0.872705883379689,0.3490379795912148,0.209715747929926,-287.08255683328025,-290.1064045493258,-287.9317189388676,-291.3137619859772,-0.3581953310640529,-1.0,-0.3490379795912148,0.0,4,0.1757553749301787,0.17620727786206916,0.145609630836647,0.2639451981984962,1.0
chr9:95899230:C:T;chr9:95899267:C:A;var1;middle;OL41|K562|a0a84d8e3e9bc174,chr9:95899230:C:T;chr9:95899267:C:A;var1;middle;OL41,K562,K562_region_02176,100,137,37,GCAGCCCTATGTGTGGGTGGGTGTGCACACACAAACACTGTATATGTACGAGGGCCCCAGGCCTCTGTGGAGGAGCCCACAGGGTATCTCAGGATGCCTCTCTGGTGCCCAGGGAGGCTTGGTGCATCCCTCTCCCCCATCAAAGACTCTAGTGGATTCTTCTGGGGCTGGCGTTGTGTTGAGTTCAGATCTGCCCCTTC,6826fcaaf92747947fe1197f7a31a4fd769f62c4e69322f42fd29a7291f331e2,0.0,GCAGCCCTATGTGTGGGTGGGTGTGCACACACAAACACTGTATATGTACGAGGGCCCCAGGCCTCTGTGGAGGAGCCCACAGGGTATCTCAGGATGCCTTTCTGGTGCCCAGGGAGGCTTGGTGCATCCCTCTCCCCCATCAAAGACTCTAGTGGATTCTTCTGGGGCTGGCGTTGTGTTGAGTTCAGATCTGCCCCTTC,42c7a960dab7f3b85073f6005aec8d951f637d856c277f0a5e1db0e864ae75c8,0.127684085640505,GCAGCCCTATGTGTGGGTGGGTGTGCACACACAAACACTGTATATGTACGAGGGCCCCAGGCCTCTGTGGAGGAGCCCACAGGGTATCTCAGGATGCCTCTCTGGTGCCCAGGGAGGCTTGGTGCATCCCTCTCCCACATCAAAGACTCTAGTGGATTCTTCTGGGGCTGGCGTTGTGTTGAGTTCAGATCTGCCCCTTC,85f44c42d9139580e98718c9e1ced626e112fa0e464225aab54f6fb5e3ae4a4c,0.012053825738937,GCAGCCCTATGTGTGGGTGGGTGTGCACACACAAACACTGTATATGTACGAGGGCCCCAGGCCTCTGTGGAGGAGCCCACAGGGTATCTCAGGATGCCTTTCTGGTGCCCAGGGAGGCTTGGTGCATCCCTCTCCCACATCAAAGACTCTAGTGGATTCTTCTGGGGCTGGCGTTGTGTTGAGTTCAGATCTGCCCCTTC,a0a84d8e3e9bc174bde3541542024b8e537c0d3ed7242a1b7f3b628b2ca25cab,0.082789924074533,0.056947987304909,0.327956844261503,-278.53842539852485,-285.4264502529986,-279.06685907696374,-286.6797700054012,0.7248860739637166,1.0,0.056947987304909,0.0,4,0.17709775828209465,0.17620727786206916,0.145609630836647,0.295825795955636,1.0
chr9:95899884:G:A;chr9:95899933:G:C;var1;middle;OL41|K562|56d6ec9019a30a0e,chr9:95899884:G:A;chr9:95899933:G:C;var1;middle;OL41,K562,K562_region_02177,100,149,49,GGCGCAGCATGCCCGAGGTGACCCAGCTCTGCATGCCCACCTGCCCGCCTGCACATGCTCTTGCTAACATGAGCGGGAGGAGGACGGGGCTGGCAGTCGGCCCAGGGCAATGGCAACTCCCTGGAAGCCTGTGGTATTGCCAGCACCAGGCGTGGCCCATCCATTCCCCACCCACCTGAAGGAGCTGTTACCTGGCATCA,168752317736c9fde5c80f58e6227116d184147cb6230727088db7bf4c057118,0.0,GGCGCAGCATGCCCGAGGTGACCCAGCTCTGCATGCCCACCTGCCCGCCTGCACATGCTCTTGCTAACATGAGCGGGAGGAGGACGGGGCTGGCAGTCGACCCAGGGCAATGGCAACTCCCTGGAAGCCTGTGGTATTGCCAGCACCAGGCGTGGCCCATCCATTCCCCACCCACCTGAAGGAGCTGTTACCTGGCATCA,c86171237946def378fd233f0ae39a14207d06ce540c17160b5f9bb33e1aaf4d,-0.287788962114253,GGCGCAGCATGCCCGAGGTGACCCAGCTCTGCATGCCCACCTGCCCGCCTGCACATGCTCTTGCTAACATGAGCGGGAGGAGGACGGGGCTGGCAGTCGGCCCAGGGCAATGGCAACTCCCTGGAAGCCTGTGGTATTGCCAGCACCACGCGTGGCCCATCCATTCCCCACCCACCTGAAGGAGCTGTTACCTGGCATCA,24ac2a096f3f6a960ad90610f3a8157a362957ca07adfed266b3f148330e135c,-0.331330931474577,GGCGCAGCATGCCCGAGGTGACCCAGCTCTGCATGCCCACCTGCCCGCCTGCACATGCTCTTGCTAACATGAGCGGGAGGAGGACGGGGCTGGCAGTCGACCCAGGGCAATGGCAACTCCCTGGAAGCCTGTGGTATTGCCAGCACCACGCGTGGCCCATCCATTCCCCACCCACCTGAAGGAGCTGTTACCTGGCATCA,56d6ec9019a30a0ef18423d12fc0379f3dabbe408e7ece0d856d47658463a63a,-0.10309805893509,0.51602183465374,0.53795945364904,-295.5527262701653,-295.80877062061336,-278.2776532047428,-279.32954742759466,-0.7958498724037781,-1.0,-0.51602183465374,0.0,4,0.17521294093818363,0.17620727786206916,0.145609630836647,0.43315252951275207,1.0
chr9:98878881:A:G;chr9:98878961:C:T;var1;middle;OL31|K562|cd7666184d4f92f3,chr9:98878881:A:G;chr9:98878961:C:T;var1;middle;OL31,K562,K562_region_02178,100,180,80,TAGCTGGCAATGTTGCAATGCTGGAGACAAGTCCCAGCAGCCAGTTGTGCCTTGTTAGAGACTCATTGATTTTGGGTGGCCTGGATTCCATTGTCACCAATGATATGATCATATGGGCCATGTTCCAAATGCCTCTGGCTGTGTTCAGAGGATGAGAAGGGGGAGAGTTAAACAAACCCCCATGCAGAATCTGAAGGCTT,a6779d8c688719ea133ff03359ece3a056781492bf691706eb7a189ecb14a3d9,0.0,TAGCTGGCAATGTTGCAATGCTGGAGACAAGTCCCAGCAGCCAGTTGTGCCTTGTTAGAGACTCATTGATTTTGGGTGGCCTGGATTCCATTGTCACCAGTGATATGATCATATGGGCCATGTTCCAAATGCCTCTGGCTGTGTTCAGAGGATGAGAAGGGGGAGAGTTAAACAAACCCCCATGCAGAATCTGAAGGCTT,196edde72f5b338977c4878d35384f0a4752bd5231231167ed72da48f63a1486,0.009924643216461,TAGCTGGCAATGTTGCAATGCTGGAGACAAGTCCCAGCAGCCAGTTGTGCCTTGTTAGAGACTCATTGATTTTGGGTGGCCTGGATTCCATTGTCACCAATGATATGATCATATGGGCCATGTTCCAAATGCCTCTGGCTGTGTTCAGAGGATGAGAAGGGGGAGAGTTAAACAAACCCTCATGCAGAATCTGAAGGCTT,c92f5a216f4ea60aba0d624414c156b77f9041b9a328c22de5a9060cc383ad65,-0.0998705588069085,TAGCTGGCAATGTTGCAATGCTGGAGACAAGTCCCAGCAGCCAGTTGTGCCTTGTTAGAGACTCATTGATTTTGGGTGGCCTGGATTCCATTGTCACCAGTGATATGATCATATGGGCCATGTTCCAAATGCCTCTGGCTGTGTTCAGAGGATGAGAAGGGGGAGAGTTAAACAAACCCTCATGCAGAATCTGAAGGCTT,cd7666184d4f92f33b3e1def55b16c0b6ccdfe43585d06fae8b24abca30e5d99,0.0120090877681627,0.1019550033586102,0.178669720474147,-333.47209909860976,-342.0439819259336,-333.0446074975189,-340.647515875753,0.9689744490897283,-1.0,-0.1019550033586102,0.0,4,0.1774002841768652,0.17620727786206916,0.145609630836647,0.029184609691715352,1.0
chrX:10246914:A:C;chrX:10246961:T:A;var1;middle;OL41|K562|f8b132575fb78527,chrX:10246914:A:C;chrX:10246961:T:A;var1;middle;OL41,K562,K562_region_02243,100,147,47,TTAGTGGCATGAAACAACACAAATCCATTATCTTATAGTTTTGGAGGTCAGAAGTCTGAAAATGGGACTAAACAGGACTAAAAGCAAGGCGTCGGCAGAACTGGTTCCTTCTGGAGGCTGTAGAGGACAATCTCTTTATTGTCTTTTCCAGCTTCCTTGGCTCATGGCCCTCTTCTAGCCAGAAAAGGCATTGCTCCAAA,1cadcac7f1d4c0fbe7c05838845ca060b4c95758ea9c3e5ac80ad53c4c960a08,0.0,TTAGTGGCATGAAACAACACAAATCCATTATCTTATAGTTTTGGAGGTCAGAAGTCTGAAAATGGGACTAAACAGGACTAAAAGCAAGGCGTCGGCAGACCTGGTTCCTTCTGGAGGCTGTAGAGGACAATCTCTTTATTGTCTTTTCCAGCTTCCTTGGCTCATGGCCCTCTTCTAGCCAGAAAAGGCATTGCTCCAAA,518ae82fdaf5c15c27a562720289adc54104c253f0b949d21818f5527edc59f1,-0.0280164646930009,TTAGTGGCATGAAACAACACAAATCCATTATCTTATAGTTTTGGAGGTCAGAAGTCTGAAAATGGGACTAAACAGGACTAAAAGCAAGGCGTCGGCAGAACTGGTTCCTTCTGGAGGCTGTAGAGGACAATCTCTTTATTGTCTTTACCAGCTTCCTTGGCTCATGGCCCTCTTCTAGCCAGAAAAGGCATTGCTCCAAA,978e40df45783cd4ea8cfc3f5fa124004f3eac5eba6f5cc37b0e6b0a7daee462,-0.123549165640811,TTAGTGGCATGAAACAACACAAATCCATTATCTTATAGTTTTGGAGGTCAGAAGTCTGAAAATGGGACTAAACAGGACTAAAAGCAAGGCGTCGGCAGACCTGGTTCCTTCTGGAGGCTGTAGAGGACAATCTCTTTATTGTCTTTACCAGCTTCCTTGGCTCATGGCCCTCTTCTAGCCAGAAAAGGCATTGCTCCAAA,f8b132575fb7852797310cfa298e4648b9ee69e1d684e602334fa2422a556525,0.0938714484565289,0.2454370787903408,0.194033487060019,-271.5449629724026,-275.75712914951146,-256.66188049595803,-267.4548517682124,-6.580805095145479,-1.0,-0.2454370787903408,0.0,3,0.16821803410755498,0.18106719778262317,0.1474303780702046,0.12083754496041432,1.0
chrX:102565894:C:A;chrX:102565906:C:A;var1;middle;OL41|K562|4642c917176b1e5f,chrX:102565894:C:A;chrX:102565906:C:A;var1;middle;OL41,K562,K562_region_02247,100,112,12,CCCTCCGCTTCCTACTTTCGGGGCCGTACCTGGCCCGCACGTCCTCAGGGACACCGGGAACAGGTACCACTGCCGAGAAGGGAGCGAGCGACGGCGGTTCTGACGCCACAACGAGGTAAGACTCAGTGTTGGCCGATCACGTGTGGCTGTTGTCATCGCCAGAGGCTCCGCCCCCGTCCCACGCCCCCTCCTGCAGCCCG,1bc276af317fae3eb9e200d63aa37b3a11098ba07adb94d235108bcbf2e1dd13,0.0,CCCTCCGCTTCCTACTTTCGGGGCCGTACCTGGCCCGCACGTCCTCAGGGACACCGGGAACAGGTACCACTGCCGAGAAGGGAGCGAGCGACGGCGGTTATGACGCCACAACGAGGTAAGACTCAGTGTTGGCCGATCACGTGTGGCTGTTGTCATCGCCAGAGGCTCCGCCCCCGTCCCACGCCCCCTCCTGCAGCCCG,9e4977b936d56c9c16ca133843bf9de86c35493559d84eb6e040b631093bedaf,0.374414691704768,CCCTCCGCTTCCTACTTTCGGGGCCGTACCTGGCCCGCACGTCCTCAGGGACACCGGGAACAGGTACCACTGCCGAGAAGGGAGCGAGCGACGGCGGTTCTGACGCCACAAAGAGGTAAGACTCAGTGTTGGCCGATCACGTGTGGCTGTTGTCATCGCCAGAGGCTCCGCCCCCGTCCCACGCCCCCTCCTGCAGCCCG,39b6f149a3318efa89841bdd379a95bd78c763fe1c8706be6d9d345e011223cc,0.0680754566213647,CCCTCCGCTTCCTACTTTCGGGGCCGTACCTGGCCCGCACGTCCTCAGGGACACCGGGAACAGGTACCACTGCCGAGAAGGGAGCGAGCGACGGCGGTTATGACGCCACAAAGAGGTAAGACTCAGTGTTGGCCGATCACGTGTGGCTGTTGTCATCGCCAGAGGCTCCGCCCCCGTCCCACGCCCCCTCCTGCAGCCCG,4642c917176b1e5f57ca8cec3ff0dde3458bb6a8e421efe911b5ba10e4542687,0.423049436881755,0.0194407114443777,0.22258739435415,-423.6613914925838,-371.8369187999051,-391.1115697647911,-374.4389428014401,35.151845729327704,1.0,0.0194407114443777,0.0,3,0.2522753305912383,0.18106719778262317,0.1474303780702046,0.10806401218475732,1.0
chrX:135849573:G:A;chrX:135849582:C:G;var1;middle;OL41|K562|9618c1f7f42d1572,chrX:135849573:G:A;chrX:135849582:C:G;var1;middle;OL41,K562,K562_region_02248,100,109,9,CTGAGCGCGGCCGCCACCAGGGCGAAACTGGAGAGCTGGGCTAGGCTCGCCCCAGCGGGGAGGGGCGGCTGCAACTTTGCGCCTGGACGCGGGCGAGGAGGGGGCGCCCGTCTCCAAACTCTGTGCCGCGCCCGCAACCTCTCCAGCCCAGGGATTGTTTTTTAATCTAAAGGGAAGTCAGAGTCTTGTCCTCAAGTTCT,7953300f11a4fc2b5b766d6a930d34350169e3019c078485554f4037d058f7ea,0.0,CTGAGCGCGGCCGCCACCAGGGCGAAACTGGAGAGCTGGGCTAGGCTCGCCCCAGCGGGGAGGGGCGGCTGCAACTTTGCGCCTGGACGCGGGCGAGGAAGGGGCGCCCGTCTCCAAACTCTGTGCCGCGCCCGCAACCTCTCCAGCCCAGGGATTGTTTTTTAATCTAAAGGGAAGTCAGAGTCTTGTCCTCAAGTTCT,da8f1bbff26cafe364f737c7c18d7e7ab88161f2b1f23cf9f63d9e77df007078,-0.913534830215139,CTGAGCGCGGCCGCCACCAGGGCGAAACTGGAGAGCTGGGCTAGGCTCGCCCCAGCGGGGAGGGGCGGCTGCAACTTTGCGCCTGGACGCGGGCGAGGAGGGGGCGCCGGTCTCCAAACTCTGTGCCGCGCCCGCAACCTCTCCAGCCCAGGGATTGTTTTTTAATCTAAAGGGAAGTCAGAGTCTTGTCCTCAAGTTCT,4689988b599b9f8ee634df505a0778b1d4b9c534a5b704276ce7d7dba508cb6f,-0.651441790344098,CTGAGCGCGGCCGCCACCAGGGCGAAACTGGAGAGCTGGGCTAGGCTCGCCCCAGCGGGGAGGGGCGGCTGCAACTTTGCGCCTGGACGCGGGCGAGGAAGGGGCGCCGGTCTCCAAACTCTGTGCCGCGCCCGCAACCTCTCCAGCCCAGGGATTGTTTTTTAATCTAAAGGGAAGTCAGAGTCTTGTCCTCAAGTTCT,9618c1f7f42d1572691e869acf78b82213cac911a4a2c53c7aa10c49a23fe359,-1.12421212602314,-0.4407644945360971,0.220502751676267,-302.0966029092669,-308.80649682413787,-303.46594578493387,-308.4922636253759,-1.6835760744289132,1.0,-0.4407644945360971,0.0,1,0.18065222225144997,0.18216460459877223,0.1501433469024087,-0.01791028827362942,1.0
chrX:150068065:C:T;chrX:150068138:T:C;var1;middle;OL41|K562|bedfa6e23b724293,chrX:150068065:C:T;chrX:150068138:T:C;var1;middle;OL41,K562,K562_region_02249,100,173,73,CCCCCGCAAACGGAGTCCGTCTCCCAGACCCGAAGAAATCAGATTCCGATACGATACTGTGCCGACCAGCAAAATGCCCGCTGCAGCAGTTGATGGGAACGCTCCCTAGAAGAGCCCCAGCTGCAACCGGCTCTCGAAGACAAAGAGGAAGCGCTACTGCTCTCCGGAGTGGTAGCGTGAGCCTGTCCCTGCCATTATGC,9491ebe49ae1f95f95a507b3df3cd7f9cee5beb5b3bc3ae0d2160a39d9948ac2,0.0,CCCCCGCAAACGGAGTCCGTCTCCCAGACCCGAAGAAATCAGATTCCGATACGATACTGTGCCGACCAGCAAAATGCCCGCTGCAGCAGTTGATGGGAATGCTCCCTAGAAGAGCCCCAGCTGCAACCGGCTCTCGAAGACAAAGAGGAAGCGCTACTGCTCTCCGGAGTGGTAGCGTGAGCCTGTCCCTGCCATTATGC,60f3d2690ad26667946aaf9f288e6b7551bd6bcd4663d7af708f41d29418c60c,-0.381234096346002,CCCCCGCAAACGGAGTCCGTCTCCCAGACCCGAAGAAATCAGATTCCGATACGATACTGTGCCGACCAGCAAAATGCCCGCTGCAGCAGTTGATGGGAACGCTCCCTAGAAGAGCCCCAGCTGCAACCGGCTCTCGAAGACAAAGAGGAAGCGCTACTGCTCTCCGGAGTGGCAGCGTGAGCCTGTCCCTGCCATTATGC,81fc1e8d0fbeb072499a687d2a5cdb9418ba7e8382e0be0c5b1312aecac308a6,-0.209858545902466,CCCCCGCAAACGGAGTCCGTCTCCCAGACCCGAAGAAATCAGATTCCGATACGATACTGTGCCGACCAGCAAAATGCCCGCTGCAGCAGTTGATGGGAATGCTCCCTAGAAGAGCCCCAGCTGCAACCGGCTCTCGAAGACAAAGAGGAAGCGCTACTGCTCTCCGGAGTGGCAGCGTGAGCCTGTCCCTGCCATTATGC,bedfa6e23b724293d7caac128667e0d0bfa7b6ae6cd701e79acd29fdddcdbfe9,-0.400923146356056,-0.190169495892412,0.29102796825332,-501.1082143550738,-503.7576704472304,-486.48450871557,-487.6456325040199,-1.4883323037066134,1.0,-0.190169495892412,0.0,2,0.17302733620149388,0.17490732828716207,0.146091925319964,0.32038839919508033,1.0
chrX:1517858:G:A;chrX:1517862:G:A;var1;middle;OL41|K562|fc99bb48783377f4,chrX:1517858:G:A;chrX:1517862:G:A;var1;middle;OL41,K562,K562_region_02240,100,104,4,AGAGCACCTGTGGCGGGCATCTTCTCTAGAAGCCGCCTGTGAGCCCTACGGAGGCCCTGGGCTTCGTGCCGTAAGACAGACGGTGTCCTGCAGGTACGTGGGGGAACCCTGTAGGCAGGGACTTTGCCTGCTTTCTCAGAACAGGACAGAGGAGTTTGGCTGGGGCAGCCCGAGGTGACCGGGATGCTGTCGCCCCAGCT,6852304f06cc937cadecb734b432b628ff726ca1925f01d073391950034f82a9,0.0,AGAGCACCTGTGGCGGGCATCTTCTCTAGAAGCCGCCTGTGAGCCCTACGGAGGCCCTGGGCTTCGTGCCGTAAGACAGACGGTGTCCTGCAGGTACGTAGGGGAACCCTGTAGGCAGGGACTTTGCCTGCTTTCTCAGAACAGGACAGAGGAGTTTGGCTGGGGCAGCCCGAGGTGACCGGGATGCTGTCGCCCCAGCT,b2e02b72a90aa1647b74a61b5296a7ebba9be0f83809be9abe33e502ec2de7cf,0.27981317237408,AGAGCACCTGTGGCGGGCATCTTCTCTAGAAGCCGCCTGTGAGCCCTACGGAGGCCCTGGGCTTCGTGCCGTAAGACAGACGGTGTCCTGCAGGTACGTGGGGAAACCCTGTAGGCAGGGACTTTGCCTGCTTTCTCAGAACAGGACAGAGGAGTTTGGCTGGGGCAGCCCGAGGTGACCGGGATGCTGTCGCCCCAGCT,57a520bb5e49f5af8c82784b248f0ccdb22ada8a07d3d33f5f88680a1b4daec3,0.140693748626177,AGAGCACCTGTGGCGGGCATCTTCTCTAGAAGCCGCCTGTGAGCCCTACGGAGGCCCTGGGCTTCGTGCCGTAAGACAGACGGTGTCCTGCAGGTACGTAGGGAAACCCTGTAGGCAGGGACTTTGCCTGCTTTCTCAGAACAGGACAGAGGAGTTTGGCTGGGGCAGCCCGAGGTGACCGGGATGCTGTCGCCCCAGCT,fc99bb48783377f4c53f9f84f5a99cc9d08894cee9a0f69712df4389ec325ee7,-0.577830497510227,0.998337418510484,0.369979284460312,-329.5075898114592,-311.84025605372153,-309.1952510238625,-297.6841069953516,6.156189729226753,1.0,0.998337418510484,0.0,1,0.1886287125478757,0.18216460459877223,0.1501433469024087,0.15658871749929873,1.0
chrX:152583090:G:C;chrX:152583097:A:C;var1;middle;OL41|K562|7d84c4d575e8faf2,chrX:152583090:G:C;chrX:152583097:A:C;var1;middle;OL41,K562,K562_region_02250,100,107,7,CATGCAGCCCAAAGAACCCCACAGGCCTTCAGGGACCCTGCCCTGCACACACCCCAGTGTCAGCCTGGCCACTGTGGCCCTCACCCCACCCAACCCCATGCCCAGCAAACCTCATCCCCAGTCTCCCAGAGCAGAGGCGAGGCCGGCTGGAACACTGAATGAAGTTTATTGAAGAGAAACATGTACTGAAACCATTGAAG,a8e337569c459fd85c9a3cd2a9e16ef07a6c7dd7570c8fc81feb372973adb2ae,0.0,CATGCAGCCCAAAGAACCCCACAGGCCTTCAGGGACCCTGCCCTGCACACACCCCAGTGTCAGCCTGGCCACTGTGGCCCTCACCCCACCCAACCCCATCCCCAGCAAACCTCATCCCCAGTCTCCCAGAGCAGAGGCGAGGCCGGCTGGAACACTGAATGAAGTTTATTGAAGAGAAACATGTACTGAAACCATTGAAG,5ec9bebcfbec32a3788771c1860d48cb2f7cb4478b97d671a02452050ee5194d,0.159809301052723,CATGCAGCCCAAAGAACCCCACAGGCCTTCAGGGACCCTGCCCTGCACACACCCCAGTGTCAGCCTGGCCACTGTGGCCCTCACCCCACCCAACCCCATGCCCAGCCAACCTCATCCCCAGTCTCCCAGAGCAGAGGCGAGGCCGGCTGGAACACTGAATGAAGTTTATTGAAGAGAAACATGTACTGAAACCATTGAAG,0a0d163dcf5a121eca194c88fdb3db162b58ed425ac6d75b2310b0ff99f61334,0.122069194213308,CATGCAGCCCAAAGAACCCCACAGGCCTTCAGGGACCCTGCCCTGCACACACCCCAGTGTCAGCCTGGCCACTGTGGCCCTCACCCCACCCAACCCCATCCCCAGCCAACCTCATCCCCAGTCTCCCAGAGCAGAGGCGAGGCCGGCTGGAACACTGAATGAAGTTTATTGAAGAGAAACATGTACTGAAACCATTGAAG,7d84c4d575e8faf25b5a2237e6c34b39b9ee84c553e849abcd8daf60dd624957,0.0552776340935427,0.2266008611724883,0.421126222571265,-232.8192503144965,-223.625557249412,-240.9435748560354,-238.5965407926124,6.846659001661465,1.0,0.2266008611724883,0.0,1,0.1893312235143369,0.18216460459877223,0.1501433469024087,0.1747809781036457,1.0
chrX:1556904:G:A;chrX:1556953:G:A;var1;middle;OL41|K562|61c2236e301b78cd,chrX:1556904:G:A;chrX:1556953:G:A;var1;middle;OL41,K562,K562_region_02241,100,149,49,AGAAATGGGTCTTTGCCTAGGTAATTAAGATGCGGTTGGACAGAATTAGGATGCGCATTTTATGAGTGGTGTTGTTAAAAGAAGGGGAAAATTTCAGCCGGGCGCGGTGGCTCACGCCTGTCATCCCAGCACTGTGGGAGGCTAAGGTGGGCAGATCACTTGAGGTCGGGAGTTTGAGACCAGCCTGGCCAACATGGTGA,5763a5a98f6760571b3fd5426bc8335f6fa36cc2a369ea706594e838d679cb32,0.0,AGAAATGGGTCTTTGCCTAGGTAATTAAGATGCGGTTGGACAGAATTAGGATGCGCATTTTATGAGTGGTGTTGTTAAAAGAAGGGGAAAATTTCAGCCAGGCGCGGTGGCTCACGCCTGTCATCCCAGCACTGTGGGAGGCTAAGGTGGGCAGATCACTTGAGGTCGGGAGTTTGAGACCAGCCTGGCCAACATGGTGA,63cc65d6ef9c158a574427fe46e9d7e840f8d76dd887563a8ae0751e9527b137,-0.0958256961674838,AGAAATGGGTCTTTGCCTAGGTAATTAAGATGCGGTTGGACAGAATTAGGATGCGCATTTTATGAGTGGTGTTGTTAAAAGAAGGGGAAAATTTCAGCCGGGCGCGGTGGCTCACGCCTGTCATCCCAGCACTGTGGGAGGCTAAGGTAGGCAGATCACTTGAGGTCGGGAGTTTGAGACCAGCCTGGCCAACATGGTGA,9ca50a7851f27d5967d93985b941c4e1569b530143cdf8a66b820e3874ff557f,0.357520877311635,AGAAATGGGTCTTTGCCTAGGTAATTAAGATGCGGTTGGACAGAATTAGGATGCGCATTTTATGAGTGGTGTTGTTAAAAGAAGGGGAAAATTTCAGCCAGGCGCGGTGGCTCACGCCTGTCATCCCAGCACTGTGGGAGGCTAAGGTAGGCAGATCACTTGAGGTCGGGAGTTTGAGACCAGCCTGGCCAACATGGTGA,61c2236e301b78cd28d4ba68d604f602e7132629968cb954e50ce7d32d62d250,0.322716395353606,0.0610212142094548,0.262388879639073,-172.67439706763253,-174.66395788732916,-178.72506780875847,-180.731756192632,-0.017127564176888654,-1.0,-0.0610212142094548,0.0,2,0.1751695292518273,0.17490732828716207,0.146091925319964,0.030043984038485072,1.0
chrX:202365:T:C;chrX:202439:T:C;var1;middle;OL41|K562|02d5bfcb7998f4d4,chrX:202365:T:C;chrX:202439:T:C;var1;middle;OL41,K562,K562_region_02238,100,174,74,ATATGCACACGTGTACACAGGCACACATGCACATGCACACGCGTGTACACACATGCACACACGTAGACACACGTCCATGCACACAGGAACACAGGTACATGTTTAAACACAGGCACACACATGCACACTCACATATAGGCATACGGACACACATACACATGCACACAGATACGTATTGTCAACCTAAGGAAATAAACTTA,05dd74dbb1b6a4650d33bb2029d60e22acbccc632b0fa23853cb6c4d99310900,0.0,ATATGCACACGTGTACACAGGCACACATGCACATGCACACGCGTGTACACACATGCACACACGTAGACACACGTCCATGCACACAGGAACACAGGTACACGTTTAAACACAGGCACACACATGCACACTCACATATAGGCATACGGACACACATACACATGCACACAGATACGTATTGTCAACCTAAGGAAATAAACTTA,81ec1213e2900f5ff3bb8018152b663db8294364b22f4ce5eae5f6673616fb0b,-0.164511928691067,ATATGCACACGTGTACACAGGCACACATGCACATGCACACGCGTGTACACACATGCACACACGTAGACACACGTCCATGCACACAGGAACACAGGTACATGTTTAAACACAGGCACACACATGCACACTCACATATAGGCATACGGACACACATACACATGCACACAGATACGCATTGTCAACCTAAGGAAATAAACTTA,8879421c85766c0a84bab4e87a97b6e5eddf7f9019e9c11b44b9ed60beaf6a3f,-0.301399126542356,ATATGCACACGTGTACACAGGCACACATGCACATGCACACGCGTGTACACACATGCACACACGTAGACACACGTCCATGCACACAGGAACACAGGTACACGTTTAAACACAGGCACACACATGCACACTCACATATAGGCATACGGACACACATACACATGCACACAGATACGCATTGTCAACCTAAGGAAATAAACTTA,02d5bfcb7998f4d4b31ea21c955c534b53ca1e5883ce1ce8c97131b58568069f,0.107994234845021,0.573905290078444,0.372074458248242,-184.76159374788404,-184.74995754286647,-183.8105811625719,-183.8505459204316,-0.05160096287727356,-1.0,-0.573905290078444,0.0,0,0.18570977840046166,0.18565657667894103,0.15145376406925343,0.6548432838310068,1.0
chrX:202439:T:C;chrX:202458:T:G;var1;middle;OL41|K562|82c1b0bc39162efb,chrX:202439:T:C;chrX:202458:T:G;var1;middle;OL41,K562,K562_region_02238,100,119,19,CCATGCACACAGGAACACAGGTACATGTTTAAACACAGGCACACACATGCACACTCACATATAGGCATACGGACACACATACACATGCACACAGATACGTATTGTCAACCTAAGGAAATAAACTTAGACAAAATTAATATAAGTAGGGGGTTTCCTTGAGCCACATTTGAGGACTGCAGCCCAGGAAACCCTCCAACTCG,5832a8da8594d187c7d31359c7048187b756bdc1f14de6b0994dca7c31e10eb5,0.0,CCATGCACACAGGAACACAGGTACATGTTTAAACACAGGCACACACATGCACACTCACATATAGGCATACGGACACACATACACATGCACACAGATACGCATTGTCAACCTAAGGAAATAAACTTAGACAAAATTAATATAAGTAGGGGGTTTCCTTGAGCCACATTTGAGGACTGCAGCCCAGGAAACCCTCCAACTCG,f5e8492c802feaf52b684d00f9bda7551c386fe4ba163ca077235eddc158504e,-0.575485986929149,CCATGCACACAGGAACACAGGTACATGTTTAAACACAGGCACACACATGCACACTCACATATAGGCATACGGACACACATACACATGCACACAGATACGTATTGTCAACCTAAGGAAAGAAACTTAGACAAAATTAATATAAGTAGGGGGTTTCCTTGAGCCACATTTGAGGACTGCAGCCCAGGAAACCCTCCAACTCG,b31da24988cbb1ff4dc90e2986d12b1f3870b25ef7efce17d4189db69966b125,-0.0695714013450401,CCATGCACACAGGAACACAGGTACATGTTTAAACACAGGCACACACATGCACACTCACATATAGGCATACGGACACACATACACATGCACACAGATACGCATTGTCAACCTAAGGAAAGAAACTTAGACAAAATTAATATAAGTAGGGGGTTTCCTTGAGCCACATTTGAGGACTGCAGCCCAGGAAACCCTCCAACTCG,82c1b0bc39162efbfabf1bdc55177923cd7fad76146970d93387055c5786bddf,-0.0452450847622819,0.5998123035119072,0.395802011571811,-245.90490913018584,-247.6385199073702,-230.03135723620653,-236.60778748989105,-4.8428194765001535,-1.0,-0.5998123035119072,0.0,0,0.17955599290391097,0.18565657667894103,0.15145376406925343,0.4619106453257362,1.0
chrX:229542:G:A;chrX:229627:C:T;var1;middle;OL41|K562|cf09b65afcc888c6,chrX:229542:G:A;chrX:229627:C:T;var1;middle;OL41,K562,K562_region_02239,100,185,85,GTACCCCACCACGGAGATCACGGGGAACTCCCGCCTCGTCCGCTGCCGGCGGAGCAGGTGCCTCTTCTTGCGAAGCCTGTCCAAGGCCTTCCTGATCTTGGCCTCCTTCTCTCTCAGGAGACGCTGCTGCAGCTGCATGAAGGATTCTCCTAAAAGACACCCGAGATGGTGAGGCGGTGAGCCACGCCGGGAAAGGCACA,5b1f7d47d33ca0c42fe70cfb9e7039b1af9c6a4b2e54b31ec3b12e5d0d02ab98,0.0,GTACCCCACCACGGAGATCACGGGGAACTCCCGCCTCGTCCGCTGCCGGCGGAGCAGGTGCCTCTTCTTGCGAAGCCTGTCCAAGGCCTTCCTGATCTTAGCCTCCTTCTCTCTCAGGAGACGCTGCTGCAGCTGCATGAAGGATTCTCCTAAAAGACACCCGAGATGGTGAGGCGGTGAGCCACGCCGGGAAAGGCACA,11a6ac1ba9728954d81d42dc355a945ad8281b662a5bf88c98e5c159b117f53f,-0.364368361259574,GTACCCCACCACGGAGATCACGGGGAACTCCCGCCTCGTCCGCTGCCGGCGGAGCAGGTGCCTCTTCTTGCGAAGCCTGTCCAAGGCCTTCCTGATCTTGGCCTCCTTCTCTCTCAGGAGACGCTGCTGCAGCTGCATGAAGGATTCTCCTAAAAGACACCCGAGATGGTGAGGCGGTGAGCCATGCCGGGAAAGGCACA,0f126e3b7b9d4663ecf1faeba1614d6ec157abd8ef11f2c5cf3327437bba1d49,-0.330962529151437,GTACCCCACCACGGAGATCACGGGGAACTCCCGCCTCGTCCGCTGCCGGCGGAGCAGGTGCCTCTTCTTGCGAAGCCTGTCCAAGGCCTTCCTGATCTTAGCCTCCTTCTCTCTCAGGAGACGCTGCTGCAGCTGCATGAAGGATTCTCCTAAAAGACACCCGAGATGGTGAGGCGGTGAGCCATGCCGGGAAAGGCACA,cf09b65afcc888c6351a19ab04ef7ad6b1e2eee83db1c09c272f3a30b5adc5e8,-0.449947929452227,-0.2453829609587839,0.471941687038124,-266.0146414798219,-255.9177309088409,-276.1992379350122,-275.4229417073075,9.320614343276247,1.0,-0.2453829609587839,0.0,1,0.19184832431433518,0.18216460459877223,0.1501433469024087,0.14503481127292295,1.0
chrX:2609717:G:T;chrX:2609749:T:C;var1;middle;OL41|K562|33e8c344e114aa9b,chrX:2609717:G:T;chrX:2609749:T:C;var1;middle;OL41,K562,K562_region_02242,100,132,32,AGGCCCGGAGGAGGCGCCCACTTTCTCCCCAACGCTTTTCCTGGAGCCGTTCCAGAGAGAAAAGTCAGCGTTTGTTGTCGGAGTTGCAAACTCTTACATGTGGGGCGGCCTTGGGAGAGGTGCGTCCGATTTTTCCCAATCTAGGGGACCTTCTTACAGATCTCTCTCCCTTTGCATGAGCCCCTCACCCCACCCCGTTA,202f1076909c095cdb7931cac25d92ce4871d2964c08b1b3e229f537293a0efd,0.0,AGGCCCGGAGGAGGCGCCCACTTTCTCCCCAACGCTTTTCCTGGAGCCGTTCCAGAGAGAAAAGTCAGCGTTTGTTGTCGGAGTTGCAAACTCTTACATTTGGGGCGGCCTTGGGAGAGGTGCGTCCGATTTTTCCCAATCTAGGGGACCTTCTTACAGATCTCTCTCCCTTTGCATGAGCCCCTCACCCCACCCCGTTA,fb34bdc1d1e132755c15195894e08b1e3b330444cbf775682a6627c82ccfc97a,0.169639369901004,AGGCCCGGAGGAGGCGCCCACTTTCTCCCCAACGCTTTTCCTGGAGCCGTTCCAGAGAGAAAAGTCAGCGTTTGTTGTCGGAGTTGCAAACTCTTACATGTGGGGCGGCCTTGGGAGAGGTGCGTCCGATTCTTCCCAATCTAGGGGACCTTCTTACAGATCTCTCTCCCTTTGCATGAGCCCCTCACCCCACCCCGTTA,7bb512dd50777b9ef5e3680a717b92fbfd8054cdb66b516f42e9960a06481048,0.0241640071458117,AGGCCCGGAGGAGGCGCCCACTTTCTCCCCAACGCTTTTCCTGGAGCCGTTCCAGAGAGAAAAGTCAGCGTTTGTTGTCGGAGTTGCAAACTCTTACATTTGGGGCGGCCTTGGGAGAGGTGCGTCCGATTCTTCCCAATCTAGGGGACCTTCTTACAGATCTCTCTCCCTTTGCATGAGCCCCTCACCCCACCCCGTTA,33e8c344e114aa9b801c14357533bea70d39330de85872672278336bb9498257,-0.110661385221064,0.3044647622678797,0.217013729774715,-339.7649454260245,-299.1122765042819,-307.2763306493871,-272.21213575452566,5.588474026881158,1.0,0.3044647622678797,0.0,1,0.18805109595775044,0.18216460459877223,0.1501433469024087,0.13557831497289918,1.0
chrX:44203047:C:T;chrX:44203136:G:A;var1;middle;OL41|K562|2fb2db6a6ffb2b0c,chrX:44203047:C:T;chrX:44203136:G:A;var1;middle;OL41,K562,K562_region_02244,100,189,89,CGGAGGGAGGAGGGGCGGGGGGTTGGCGAGAAGGATCGTGGGGGGCGGGGGACACCTCCGCGGCGCGTACCTCCTCCCCAGCCCCAGTTCCCCTCCACCCGCTTCATCCCCGCACACACTCAGCCAGGTCCTGGTCTCCTGAGGAGTCTTCTCTCTGCACACGCAGTGTGCACACACAAAGATTGACTGTTCCCTGCCCC,3adfb3471ba2690e1399a41d62d8d14c69b54de128bf3ae05c550d4ed21c072f,0.0,CGGAGGGAGGAGGGGCGGGGGGTTGGCGAGAAGGATCGTGGGGGGCGGGGGACACCTCCGCGGCGCGTACCTCCTCCCCAGCCCCAGTTCCCCTCCACCTGCTTCATCCCCGCACACACTCAGCCAGGTCCTGGTCTCCTGAGGAGTCTTCTCTCTGCACACGCAGTGTGCACACACAAAGATTGACTGTTCCCTGCCCC,f8f1f9172078db6b9d4df1609d855fa18e2f11dadd153604a06b0b9aa305b4a0,-0.119639569987146,CGGAGGGAGGAGGGGCGGGGGGTTGGCGAGAAGGATCGTGGGGGGCGGGGGACACCTCCGCGGCGCGTACCTCCTCCCCAGCCCCAGTTCCCCTCCACCCGCTTCATCCCCGCACACACTCAGCCAGGTCCTGGTCTCCTGAGGAGTCTTCTCTCTGCACACGCAGTGTGCACACACAAAGATTGACTATTCCCTGCCCC,0c2a9840e71bd29fb20216c5e7d1e6f2e464cbc790cc75ac37da28f516d2a550,0.0219770087438765,CGGAGGGAGGAGGGGCGGGGGGTTGGCGAGAAGGATCGTGGGGGGCGGGGGACACCTCCGCGGCGCGTACCTCCTCCCCAGCCCCAGTTCCCCTCCACCTGCTTCATCCCCGCACACACTCAGCCAGGTCCTGGTCTCCTGAGGAGTCTTCTCTCTGCACACGCAGTGTGCACACACAAAGATTGACTATTCCCTGCCCC,2fb2db6a6ffb2b0c99c2f5294ec1785295aad8f1031d88135caf483569f90370,-0.279771760995634,0.1821091997523645,0.320402801013954,-235.4284245222807,-234.9953499063849,-236.47429666668177,-236.29564905911684,0.25442700833087883,1.0,0.1821091997523645,0.0,3,0.1819854588961996,0.18106719778262317,0.1474303780702046,0.2343500386487384,1.0
chrX:44203136:G:A;chrX:44203167:C:A;var1;middle;OL41|K562|4dbf022ec0b62d21,chrX:44203136:G:A;chrX:44203167:C:A;var1;middle;OL41,K562,K562_region_02244,100,131,31,CCCCTCCACCCGCTTCATCCCCGCACACACTCAGCCAGGTCCTGGTCTCCTGAGGAGTCTTCTCTCTGCACACGCAGTGTGCACACACAAAGATTGACTGTTCCCTGCCCCCGCCGCTTTCTGGTTTAACCCCCTTATAGAACTCAAAGCCTTTCTTGTACTTTCTTGCTTTTCCAATTCTTGTCGCCAACAGTTTTTTG,67fc50d7af0249cf860b2b3bf6507ab7556acefde6df1996fa49d7832b3dcc97,0.0,CCCCTCCACCCGCTTCATCCCCGCACACACTCAGCCAGGTCCTGGTCTCCTGAGGAGTCTTCTCTCTGCACACGCAGTGTGCACACACAAAGATTGACTATTCCCTGCCCCCGCCGCTTTCTGGTTTAACCCCCTTATAGAACTCAAAGCCTTTCTTGTACTTTCTTGCTTTTCCAATTCTTGTCGCCAACAGTTTTTTG,41986d91ccfac0924ebdc7963c664f89480029894ffc7539d8e86d36d70c0220,0.396039491924409,CCCCTCCACCCGCTTCATCCCCGCACACACTCAGCCAGGTCCTGGTCTCCTGAGGAGTCTTCTCTCTGCACACGCAGTGTGCACACACAAAGATTGACTGTTCCCTGCCCCCGCCGCTTTCTGGTTTAACACCCTTATAGAACTCAAAGCCTTTCTTGTACTTTCTTGCTTTTCCAATTCTTGTCGCCAACAGTTTTTTG,983ac941451a1470d9b3451b68e6dc91c99c6e8bc34fe162f11186fc57ebd1ea,0.381064121396113,CCCCTCCACCCGCTTCATCCCCGCACACACTCAGCCAGGTCCTGGTCTCCTGAGGAGTCTTCTCTCTGCACACGCAGTGTGCACACACAAAGATTGACTATTCCCTGCCCCCGCCGCTTTCTGGTTTAACACCCTTATAGAACTCAAAGCCTTTCTTGTACTTTCTTGCTTTTCCAATTCTTGTCGCCAACAGTTTTTTG,4dbf022ec0b62d2147ee464d542980216d459e1002436bd5537ca202c7a29582,0.198444814869044,0.578658798451478,0.560962219658324,-291.1728061977774,-311.9452887689695,-317.96160174533725,-355.1216422691941,16.387557952664793,1.0,0.578658798451478,0.0,3,0.21448057588988703,0.18106719778262317,0.1474303780702046,0.22063110243427445,1.0
chrX:53115858:T:C;chrX:53115909:T:C;var1;middle;OL41|K562|373e8f1864900034,chrX:53115858:T:C;chrX:53115909:T:C;var1;middle;OL41,K562,K562_region_02245,100,151,51,GTGGAAAACTGAAAAGGACACTTCACATCGAGGTGGGGGAGTGGCAAAACACAGTGCATTTCAGCACAGTCTGTACCCGGCCTTGGCCTTTGGCGCATTTCCAGGCTTGTGTTGGGAGCAGAGCATGAAGTGAACAGTGTGCTCTCTGAGTCCAGAAAAGGGTGCAGCCAGTTCTACCTCAAGAATCGGGGTGGGGGGGG,b973219b80f854ec26b765113449cc65f1f4c216bd1acfedd6e82ccf15252368,0.0,GTGGAAAACTGAAAAGGACACTTCACATCGAGGTGGGGGAGTGGCAAAACACAGTGCATTTCAGCACAGTCTGTACCCGGCCTTGGCCTTTGGCGCATTCCCAGGCTTGTGTTGGGAGCAGAGCATGAAGTGAACAGTGTGCTCTCTGAGTCCAGAAAAGGGTGCAGCCAGTTCTACCTCAAGAATCGGGGTGGGGGGGG,a08a4f0db9ddbc1446526ac3e4f7c19d95ec67c666fd4cfb373201df94ce4264,-0.0074870750625139,GTGGAAAACTGAAAAGGACACTTCACATCGAGGTGGGGGAGTGGCAAAACACAGTGCATTTCAGCACAGTCTGTACCCGGCCTTGGCCTTTGGCGCATTTCCAGGCTTGTGTTGGGAGCAGAGCATGAAGTGAACAGTGTGCTCTCTGAGCCCAGAAAAGGGTGCAGCCAGTTCTACCTCAAGAATCGGGGTGGGGGGGG,5af3e2eab91c5b6149d3bbc9901669222ed9ed2af783aca7a5d343b9f3c13ff9,0.0340110980724311,GTGGAAAACTGAAAAGGACACTTCACATCGAGGTGGGGGAGTGGCAAAACACAGTGCATTTCAGCACAGTCTGTACCCGGCCTTGGCCTTTGGCGCATTCCCAGGCTTGTGTTGGGAGCAGAGCATGAAGTGAACAGTGTGCTCTCTGAGCCCAGAAAAGGGTGCAGCCAGTTCTACCTCAAGAATCGGGGTGGGGGGGG,373e8f18649000346a5784c48d1566b92b7572c344eb6d7d53e97021cc10201c,-0.115573444686998,0.1420974676969152,0.414784920361419,-337.0620538857765,-339.43527775187977,-324.42761681298725,-327.91189740784466,1.1110567287541357,1.0,0.1420974676969152,0.0,2,0.1768122567980862,0.17490732828716207,0.146091925319964,0.13421887054728074,1.0
chrX:71034539:C:T;chrX:71034614:T:C;var1;middle;OL41|K562|9e2d54d354d83a4a,chrX:71034539:C:T;chrX:71034614:T:C;var1;middle;OL41,K562,K562_region_02246,100,175,75,ACGCCCCAGTTTCCACCGCAGGGAGAGTTACCTTCAGGTTCAGGGACCTCTCCTGACCTCTCCTCCCCGCAGACTCACCCCAGCCATGGAGAGGCCGGCCGTGGGAGAGCTGGACACGTCTTCCTTGAAGAAAATGCAGAGCATGGTGTGGGGAAAGAGGGGGGTCAGGCCCAGTTGCTCAGGAGTTGCCATTAGAGGGC,750d8cf54beecab80eab8c6140d4663bd6ec7fc49ebf886253c921b1596283b0,0.0,ACGCCCCAGTTTCCACCGCAGGGAGAGTTACCTTCAGGTTCAGGGACCTCTCCTGACCTCTCCTCCCCGCAGACTCACCCCAGCCATGGAGAGGCCGGCTGTGGGAGAGCTGGACACGTCTTCCTTGAAGAAAATGCAGAGCATGGTGTGGGGAAAGAGGGGGGTCAGGCCCAGTTGCTCAGGAGTTGCCATTAGAGGGC,9ed95cfbc7fa96e1b7a2b1b33bfcdf670bd99c750fb1831e89ff98f7bec10385,0.0644018151036144,ACGCCCCAGTTTCCACCGCAGGGAGAGTTACCTTCAGGTTCAGGGACCTCTCCTGACCTCTCCTCCCCGCAGACTCACCCCAGCCATGGAGAGGCCGGCCGTGGGAGAGCTGGACACGTCTTCCTTGAAGAAAATGCAGAGCATGGTGTGGGGAAAGAGGGGGGTCAGGCCCAGCTGCTCAGGAGTTGCCATTAGAGGGC,727a829b99e73c380adb1c4e4067d259276f9d7bed8e020081826fb45a299976,0.043232950738703,ACGCCCCAGTTTCCACCGCAGGGAGAGTTACCTTCAGGTTCAGGGACCTCTCCTGACCTCTCCTCCCCGCAGACTCACCCCAGCCATGGAGAGGCCGGCTGTGGGAGAGCTGGACACGTCTTCCTTGAAGAAAATGCAGAGCATGGTGTGGGGAAAGAGGGGGGTCAGGCCCAGCTGCTCAGGAGTTGCCATTAGAGGGC,9e2d54d354d83a4a9d82b453b5c33a140026fe1a695f40d98760b38edeeda3b4,0.0868019498912263,0.0208328159510911,0.238217407390246,-242.6510732322932,-244.40772542357445,-237.78207232058048,-239.3868031874299,-0.15192132443183937,1.0,0.0208328159510911,0.0,0,0.1855809280914666,0.18565657667894103,0.15145376406925343,0.14102065638936587,1.0
